2016.12.09 16:00:00.065,11.61531,11.61761,0.00,0.00
2016.12.09 16:00:00.166,11.61491,11.61732,0.00,0.00
2016.12.09 16:00:00.267,11.61441,11.61711,0.00,0.00
2016.12.09 16:00:00.422,11.61441,11.61691,0.00,0.00
2016.12.09 16:00:00.789,11.61441,11.61672,0.00,0.00
2016.12.09 16:00:01.005,11.61441,11.61682,0.00,0.00
2016.12.09 16:00:01.068,11.61441,11.61661,0.00,0.00
2016.12.09 16:00:01.204,11.61441,11.61682,0.00,0.00
2016.12.09 16:00:01.305,11.61441,11.61672,0.00,0.00
2016.12.09 16:00:01.594,11.61492,11.61768,0.00,0.00
2016.12.09 16:00:01.697,11.61532,11.61752,0.00,0.00
2016.12.09 16:00:01.971,11.61532,11.61782,0.00,0.00
2016.12.09 16:00:02.071,11.61459,11.61729,0.00,0.00
2016.12.09 16:00:02.172,11.61439,11.61708,0.00,0.00
2016.12.09 16:00:02.479,11.61432,11.61652,0.00,0.00
2016.12.09 16:00:02.582,11.61432,11.61702,0.00,0.00
2016.12.09 16:00:02.708,11.61441,11.61712,0.00,0.00
2016.12.09 16:00:02.808,11.61441,11.61721,0.00,0.00
2016.12.09 16:00:02.910,11.61441,11.61681,0.00,0.00
2016.12.09 16:00:03.073,11.61441,11.61692,0.00,0.00
2016.12.09 16:00:03.179,11.61441,11.61681,0.00,0.00
2016.12.09 16:00:03.279,11.61441,11.61721,0.00,0.00
2016.12.09 16:00:03.330,11.61481,11.61721,0.00,0.00
2016.12.09 16:00:03.665,11.61488,11.61729,0.00,0.00
2016.12.09 16:00:03.765,11.61481,11.61752,0.00,0.00
2016.12.09 16:00:03.816,11.61441,11.61701,0.00,0.00
2016.12.09 16:00:03.917,11.61441,11.61722,0.00,0.00
2016.12.09 16:00:04.079,11.61441,11.61692,0.00,0.00
2016.12.09 16:00:04.193,11.61441,11.61721,0.00,0.00
2016.12.09 16:00:04.296,11.61448,11.61729,0.00,0.00
2016.12.09 16:00:04.377,11.61441,11.61651,0.00,0.00
2016.12.09 16:00:04.677,11.61531,11.61761,0.00,0.00
2016.12.09 16:00:04.782,11.61531,11.61721,0.00,0.00
2016.12.09 16:00:04.902,11.61531,11.61742,0.00,0.00
2016.12.09 16:00:05.232,11.61492,11.61742,0.00,0.00
2016.12.09 16:00:05.283,11.61492,11.61752,0.00,0.00
2016.12.09 16:00:05.426,11.61492,11.61722,0.00,0.00
2016.12.09 16:00:05.892,11.61492,11.61742,0.00,0.00
2016.12.09 16:00:05.943,11.61531,11.61742,0.00,0.00
2016.12.09 16:00:05.993,11.61531,11.61751,0.00,0.00
2016.12.09 16:00:06.044,11.61542,11.61751,0.00,0.00
2016.12.09 16:00:06.095,11.61542,11.61782,0.00,0.00
2016.12.09 16:00:06.284,11.61532,11.61782,0.00,0.00
2016.12.09 16:00:06.385,11.61468,11.61731,0.00,0.00
2016.12.09 16:00:06.486,11.61452,11.61731,0.00,0.00
2016.12.09 16:00:06.537,11.61531,11.61732,0.00,0.00
2016.12.09 16:00:06.789,11.61532,11.61739,0.00,0.00
2016.12.09 16:00:07.087,11.61532,11.61742,0.00,0.00
2016.12.09 16:00:07.485,11.61532,11.61752,0.00,0.00
2016.12.09 16:00:07.536,11.61492,11.61752,0.00,0.00
2016.12.09 16:00:07.696,11.61492,11.61762,0.00,0.00
2016.12.09 16:00:07.785,11.61492,11.61732,0.00,0.00
2016.12.09 16:00:08.486,11.61492,11.61742,0.00,0.00
2016.12.09 16:00:08.826,11.61458,11.61729,0.00,0.00
2016.12.09 16:00:09.024,11.61451,11.61691,0.00,0.00
2016.12.09 16:00:09.289,11.61452,11.61721,0.00,0.00
2016.12.09 16:00:09.401,11.61452,11.61702,0.00,0.00
2016.12.09 16:00:09.790,11.61452,11.61692,0.00,0.00
2016.12.09 16:00:10.090,11.61452,11.61711,0.00,0.00
2016.12.09 16:00:10.214,11.61452,11.61682,0.00,0.00
2016.12.09 16:00:10.291,11.61468,11.61728,0.00,0.00
2016.12.09 16:00:10.391,11.61452,11.61691,0.00,0.00
2016.12.09 16:00:10.734,11.61491,11.61682,0.00,0.00
2016.12.09 16:00:10.835,11.61491,11.61772,0.00,0.00
2016.12.09 16:00:10.936,11.61491,11.61742,0.00,0.00
2016.12.09 16:00:11.139,11.61491,11.61752,0.00,0.00
2016.12.09 16:00:11.393,11.61491,11.61741,0.00,0.00
2016.12.09 16:00:11.612,11.61451,11.61722,0.00,0.00
2016.12.09 16:00:11.713,11.61459,11.61729,0.00,0.00
2016.12.09 16:00:12.042,11.61451,11.61672,0.00,0.00
2016.12.09 16:00:12.192,11.61451,11.61691,0.00,0.00
2016.12.09 16:00:12.243,11.61451,11.61682,0.00,0.00
2016.12.09 16:00:12.595,11.61451,11.61691,0.00,0.00
2016.12.09 16:00:12.896,11.61451,11.61681,0.00,0.00
2016.12.09 16:00:13.215,11.61392,11.61662,0.00,0.00
2016.12.09 16:00:13.316,11.61392,11.61651,0.00,0.00
2016.12.09 16:00:13.417,11.61392,11.61668,0.00,0.00
2016.12.09 16:00:13.523,11.61392,11.61622,0.00,0.00
2016.12.09 16:00:13.834,11.61392,11.61651,0.00,0.00
2016.12.09 16:00:13.998,11.61392,11.61612,0.00,0.00
2016.12.09 16:00:14.124,11.61392,11.61632,0.00,0.00
2016.12.09 16:00:14.226,11.61392,11.61652,0.00,0.00
2016.12.09 16:00:14.299,11.61392,11.61632,0.00,0.00
2016.12.09 16:00:15.218,11.61341,11.61612,0.00,0.00
2016.12.09 16:00:15.407,11.61341,11.61572,0.00,0.00
2016.12.09 16:00:15.718,11.61392,11.61601,0.00,0.00
2016.12.09 16:00:15.919,11.61392,11.61639,0.00,0.00
2016.12.09 16:00:15.970,11.61358,11.61628,0.00,0.00
2016.12.09 16:00:16.071,11.61348,11.61628,0.00,0.00
2016.12.09 16:00:16.121,11.61342,11.61572,0.00,0.00
2016.12.09 16:00:16.487,11.61342,11.61562,0.00,0.00
2016.12.09 16:00:16.874,11.61342,11.61582,0.00,0.00
2016.12.09 16:00:17.141,11.61342,11.61552,0.00,0.00
2016.12.09 16:00:17.343,11.61332,11.61552,0.00,0.00
2016.12.09 16:00:17.405,11.61332,11.61542,0.00,0.00
2016.12.09 16:00:18.231,11.61332,11.61562,0.00,0.00
2016.12.09 16:00:18.343,11.61332,11.61551,0.00,0.00
2016.12.09 16:00:18.545,11.61392,11.61639,0.00,0.00
2016.12.09 16:00:18.752,11.61358,11.61622,0.00,0.00
2016.12.09 16:00:18.809,11.61399,11.61629,0.00,0.00
2016.12.09 16:00:18.910,11.61348,11.61629,0.00,0.00
2016.12.09 16:00:19.009,11.61341,11.61572,0.00,0.00
2016.12.09 16:00:19.221,11.61341,11.61581,0.00,0.00
2016.12.09 16:00:19.310,11.61341,11.61612,0.00,0.00
2016.12.09 16:00:19.811,11.61341,11.61611,0.00,0.00
2016.12.09 16:00:20.235,11.61341,11.61562,0.00,0.00
2016.12.09 16:00:20.313,11.61341,11.61611,0.00,0.00
2016.12.09 16:00:20.456,11.61341,11.61622,0.00,0.00
2016.12.09 16:00:20.513,11.61341,11.61612,0.00,0.00
2016.12.09 16:00:20.613,11.61341,11.61622,0.00,0.00
2016.12.09 16:00:20.731,11.61341,11.61612,0.00,0.00
2016.12.09 16:00:21.069,11.61432,11.61612,0.00,0.00
2016.12.09 16:00:21.119,11.61432,11.61632,0.00,0.00
2016.12.09 16:00:21.233,11.61432,11.61682,0.00,0.00
2016.12.09 16:00:21.452,11.61432,11.61652,0.00,0.00
2016.12.09 16:00:21.916,11.61432,11.61662,0.00,0.00
2016.12.09 16:00:22.016,11.61432,11.61652,0.00,0.00
2016.12.09 16:00:22.134,11.61358,11.61629,0.00,0.00
2016.12.09 16:00:22.242,11.61341,11.61572,0.00,0.00
2016.12.09 16:00:22.520,11.61341,11.61582,0.00,0.00
2016.12.09 16:00:22.818,11.61341,11.61571,0.00,0.00
2016.12.09 16:00:23.070,11.61341,11.61601,0.00,0.00
2016.12.09 16:00:23.127,11.61358,11.61629,0.00,0.00
2016.12.09 16:00:23.227,11.61341,11.61612,0.00,0.00
2016.12.09 16:00:23.787,11.61341,11.61581,0.00,0.00
2016.12.09 16:00:24.020,11.61341,11.61591,0.00,0.00
2016.12.09 16:00:24.136,11.61341,11.61562,0.00,0.00
2016.12.09 16:00:24.247,11.61341,11.61592,0.00,0.00
2016.12.09 16:00:24.357,11.61341,11.61562,0.00,0.00
2016.12.09 16:00:24.536,11.61341,11.61602,0.00,0.00
2016.12.09 16:00:24.648,11.61341,11.61611,0.00,0.00
2016.12.09 16:00:24.867,11.61341,11.61592,0.00,0.00
2016.12.09 16:00:25.173,11.61381,11.61612,0.00,0.00
2016.12.09 16:00:25.223,11.61381,11.61641,0.00,0.00
2016.12.09 16:00:25.324,11.61381,11.61651,0.00,0.00
2016.12.09 16:00:25.387,11.61381,11.61632,0.00,0.00
2016.12.09 16:00:25.437,11.61369,11.61628,0.00,0.00
2016.12.09 16:00:25.556,11.61342,11.61612,0.00,0.00
2016.12.09 16:00:25.657,11.61342,11.61562,0.00,0.00
2016.12.09 16:00:25.724,11.61342,11.61572,0.00,0.00
2016.12.09 16:00:25.824,11.61342,11.61602,0.00,0.00
2016.12.09 16:00:26.050,11.61342,11.61591,0.00,0.00
2016.12.09 16:00:26.370,11.61342,11.61571,0.00,0.00
2016.12.09 16:00:26.690,11.61342,11.61561,0.00,0.00
2016.12.09 16:00:26.941,11.61399,11.61639,0.00,0.00
2016.12.09 16:00:27.051,11.61431,11.61639,0.00,0.00
2016.12.09 16:00:27.255,11.61431,11.61681,0.00,0.00
2016.12.09 16:00:27.327,11.61431,11.61662,0.00,0.00
2016.12.09 16:00:27.539,11.61398,11.61668,0.00,0.00
2016.12.09 16:00:27.590,11.61398,11.61629,0.00,0.00
2016.12.09 16:00:27.640,11.61341,11.61622,0.00,0.00
2016.12.09 16:00:27.742,11.61341,11.61562,0.00,0.00
2016.12.09 16:00:28.058,11.61382,11.61562,0.00,0.00
2016.12.09 16:00:28.159,11.61382,11.61592,0.00,0.00
2016.12.09 16:00:28.259,11.61381,11.61562,0.00,0.00
2016.12.09 16:00:28.365,11.61388,11.61639,0.00,0.00
2016.12.09 16:00:28.429,11.61381,11.61639,0.00,0.00
2016.12.09 16:00:28.532,11.61341,11.61612,0.00,0.00
2016.12.09 16:00:28.633,11.61341,11.61622,0.00,0.00
2016.12.09 16:00:28.754,11.61341,11.61562,0.00,0.00
2016.12.09 16:00:29.158,11.61341,11.61592,0.00,0.00
2016.12.09 16:00:29.259,11.61381,11.61611,0.00,0.00
2016.12.09 16:00:29.469,11.61381,11.61652,0.00,0.00
2016.12.09 16:00:29.632,11.61381,11.61621,0.00,0.00
2016.12.09 16:00:29.925,11.61381,11.61651,0.00,0.00
2016.12.09 16:00:29.976,11.61381,11.61662,0.00,0.00
2016.12.09 16:00:30.033,11.61381,11.61652,0.00,0.00
2016.12.09 16:00:30.342,11.61341,11.61582,0.00,0.00
2016.12.09 16:00:30.643,11.61432,11.61672,0.00,0.00
2016.12.09 16:00:30.734,11.61432,11.61688,0.00,0.00
2016.12.09 16:00:30.854,11.61432,11.61691,0.00,0.00
2016.12.09 16:00:31.292,11.61432,11.61672,0.00,0.00
2016.12.09 16:00:31.635,11.61432,11.61692,0.00,0.00
2016.12.09 16:00:31.921,11.61408,11.61628,0.00,0.00
2016.12.09 16:00:32.072,11.61368,11.61628,0.00,0.00
2016.12.09 16:00:32.136,11.61342,11.61592,0.00,0.00
2016.12.09 16:00:32.582,11.61342,11.61612,0.00,0.00
2016.12.09 16:00:32.633,11.61382,11.61612,0.00,0.00
2016.12.09 16:00:32.683,11.61382,11.61622,0.00,0.00
2016.12.09 16:00:32.738,11.61382,11.61631,0.00,0.00
2016.12.09 16:00:32.875,11.61378,11.61629,0.00,0.00
2016.12.09 16:00:32.986,11.61341,11.61612,0.00,0.00
2016.12.09 16:00:33.039,11.61341,11.61572,0.00,0.00
2016.12.09 16:00:33.265,11.61318,11.61602,0.00,0.00
2016.12.09 16:00:33.339,11.61311,11.61562,0.00,0.00
2016.12.09 16:00:34.141,11.61311,11.61572,0.00,0.00
2016.12.09 16:00:34.242,11.61311,11.61561,0.00,0.00
2016.12.09 16:00:34.563,11.61311,11.61572,0.00,0.00
2016.12.09 16:00:34.948,11.61311,11.61592,0.00,0.00
2016.12.09 16:00:35.076,11.61328,11.61612,0.00,0.00
2016.12.09 16:00:35.244,11.61349,11.61631,0.00,0.00
2016.12.09 16:00:35.634,11.61311,11.61591,0.00,0.00
2016.12.09 16:00:35.959,11.61392,11.61602,0.00,0.00
2016.12.09 16:00:36.045,11.61398,11.61641,0.00,0.00
2016.12.09 16:00:36.216,11.61398,11.61682,0.00,0.00
2016.12.09 16:00:37.021,11.61398,11.61639,0.00,0.00
2016.12.09 16:00:37.071,11.61388,11.61639,0.00,0.00
2016.12.09 16:00:37.299,11.61311,11.61571,0.00,0.00
2016.12.09 16:00:37.459,11.61319,11.61571,0.00,0.00
2016.12.09 16:00:37.648,11.61338,11.61622,0.00,0.00
2016.12.09 16:00:37.748,11.61319,11.61581,0.00,0.00
2016.12.09 16:00:38.288,11.61319,11.61602,0.00,0.00
2016.12.09 16:00:38.350,11.61319,11.61581,0.00,0.00
2016.12.09 16:00:38.451,11.61338,11.61622,0.00,0.00
2016.12.09 16:00:39.036,11.61349,11.61631,0.00,0.00
2016.12.09 16:00:39.447,11.61359,11.61639,0.00,0.00
2016.12.09 16:00:39.770,11.61319,11.61602,0.00,0.00
2016.12.09 16:00:39.854,11.61319,11.61591,0.00,0.00
2016.12.09 16:00:40.765,11.61379,11.61639,0.00,0.00
2016.12.09 16:00:40.858,11.61319,11.61601,0.00,0.00
2016.12.09 16:00:40.958,11.61319,11.61592,0.00,0.00
2016.12.09 16:00:41.591,11.61338,11.61622,0.00,0.00
2016.12.09 16:00:42.139,11.61368,11.61622,0.00,0.00
2016.12.09 16:00:42.331,11.61388,11.61672,0.00,0.00
2016.12.09 16:00:42.461,11.61368,11.61642,0.00,0.00
2016.12.09 16:00:43.164,11.61368,11.61652,0.00,0.00
2016.12.09 16:00:43.265,11.61368,11.61641,0.00,0.00
2016.12.09 16:00:43.490,11.61359,11.61641,0.00,0.00
2016.12.09 16:00:43.540,11.61359,11.61639,0.00,0.00
2016.12.09 16:00:43.591,11.61348,11.61632,0.00,0.00
2016.12.09 16:00:43.662,11.61318,11.61592,0.00,0.00
2016.12.09 16:00:44.163,11.61329,11.61611,0.00,0.00
2016.12.09 16:00:44.264,11.61318,11.61581,0.00,0.00
2016.12.09 16:00:44.463,11.61319,11.61601,0.00,0.00
2016.12.09 16:00:44.564,11.61318,11.61582,0.00,0.00
2016.12.09 16:00:44.872,11.61319,11.61601,0.00,0.00
2016.12.09 16:00:44.996,11.61348,11.61632,0.00,0.00
2016.12.09 16:00:45.065,11.61329,11.61611,0.00,0.00
2016.12.09 16:00:45.370,11.61339,11.61621,0.00,0.00
2016.12.09 16:00:45.703,11.61358,11.61639,0.00,0.00
2016.12.09 16:00:45.883,11.61338,11.61622,0.00,0.00
2016.12.09 16:00:45.996,11.61349,11.61631,0.00,0.00
2016.12.09 16:00:46.339,11.61319,11.61601,0.00,0.00
2016.12.09 16:00:47.271,11.61318,11.61592,0.00,0.00
2016.12.09 16:00:47.600,11.61418,11.61682,0.00,0.00
2016.12.09 16:00:47.920,11.61418,11.61672,0.00,0.00
2016.12.09 16:00:48.070,11.61418,11.61691,0.00,0.00
2016.12.09 16:00:48.170,11.61418,11.61662,0.00,0.00
2016.12.09 16:00:48.591,11.61378,11.61658,0.00,0.00
2016.12.09 16:00:48.686,11.61388,11.61658,0.00,0.00
2016.12.09 16:00:48.787,11.61318,11.61592,0.00,0.00
2016.12.09 16:00:48.838,11.61368,11.61592,0.00,0.00
2016.12.09 16:00:48.888,11.61368,11.61602,0.00,0.00
2016.12.09 16:00:48.972,11.61388,11.61638,0.00,0.00
2016.12.09 16:00:49.072,11.61368,11.61638,0.00,0.00
2016.12.09 16:00:49.325,11.61359,11.61638,0.00,0.00
2016.12.09 16:00:49.476,11.61368,11.61638,0.00,0.00
2016.12.09 16:00:49.577,11.61319,11.61592,0.00,0.00
2016.12.09 16:00:49.693,11.61319,11.61581,0.00,0.00
2016.12.09 16:00:49.992,11.61319,11.61601,0.00,0.00
2016.12.09 16:00:50.476,11.61319,11.61582,0.00,0.00
2016.12.09 16:00:50.805,11.61319,11.61592,0.00,0.00
2016.12.09 16:00:50.855,11.61418,11.61592,0.00,0.00
2016.12.09 16:00:51.027,11.61319,11.61581,0.00,0.00
2016.12.09 16:00:51.078,11.61338,11.61622,0.00,0.00
2016.12.09 16:00:51.195,11.61319,11.61581,0.00,0.00
2016.12.09 16:00:51.495,11.61328,11.61612,0.00,0.00
2016.12.09 16:00:51.978,11.61319,11.61601,0.00,0.00
2016.12.09 16:00:52.267,11.61328,11.61612,0.00,0.00
2016.12.09 16:00:52.337,11.61299,11.61581,0.00,0.00
2016.12.09 16:00:52.780,11.61318,11.61582,0.00,0.00
2016.12.09 16:00:52.918,11.61319,11.61601,0.00,0.00
2016.12.09 16:00:53.080,11.61339,11.61621,0.00,0.00
2016.12.09 16:00:53.433,11.61318,11.61571,0.00,0.00
2016.12.09 16:00:53.704,11.61279,11.61561,0.00,0.00
2016.12.09 16:00:53.754,11.61279,11.61559,0.00,0.00
2016.12.09 16:00:53.805,11.61228,11.61512,0.00,0.00
2016.12.09 16:00:54.021,11.61219,11.61502,0.00,0.00
2016.12.09 16:00:54.187,11.61268,11.61552,0.00,0.00
2016.12.09 16:00:54.294,11.61278,11.61559,0.00,0.00
2016.12.09 16:00:54.391,11.61278,11.61562,0.00,0.00
2016.12.09 16:00:54.442,11.61292,11.61562,0.00,0.00
2016.12.09 16:00:54.492,11.61289,11.61571,0.00,0.00
2016.12.09 16:00:54.593,11.61319,11.61589,0.00,0.00
2016.12.09 16:00:54.708,11.61299,11.61581,0.00,0.00
2016.12.09 16:00:54.910,11.61289,11.61571,0.00,0.00
2016.12.09 16:00:54.984,11.61269,11.61552,0.00,0.00
2016.12.09 16:00:55.034,11.61268,11.61539,0.00,0.00
2016.12.09 16:00:55.281,11.61219,11.61501,0.00,0.00
2016.12.09 16:00:55.391,11.61223,11.61512,0.00,0.00
2016.12.09 16:00:55.897,11.61243,11.61532,0.00,0.00
2016.12.09 16:00:56.200,11.61219,11.61501,0.00,0.00
2016.12.09 16:00:56.495,11.61313,11.61602,0.00,0.00
2016.12.09 16:00:56.688,11.61313,11.61571,0.00,0.00
2016.12.09 16:00:56.863,11.61269,11.61552,0.00,0.00
2016.12.09 16:00:56.972,11.61314,11.61552,0.00,0.00
2016.12.09 16:00:57.022,11.61318,11.61602,0.00,0.00
2016.12.09 16:00:57.302,11.61318,11.61592,0.00,0.00
2016.12.09 16:00:57.503,11.61218,11.61502,0.00,0.00
2016.12.09 16:00:57.562,11.61246,11.61502,0.00,0.00
2016.12.09 16:00:57.912,11.61293,11.61538,0.00,0.00
2016.12.09 16:00:58.014,11.61268,11.61538,0.00,0.00
2016.12.09 16:00:58.115,11.61284,11.61538,0.00,0.00
2016.12.09 16:00:58.680,11.61284,11.61538,0.00,0.00
2016.12.09 16:00:58.836,11.61293,11.61582,0.00,0.00
2016.12.09 16:00:59.118,11.61313,11.61582,0.00,0.00
2016.12.09 16:00:59.320,11.61318,11.61589,0.00,0.00
2016.12.09 16:00:59.613,11.61318,11.61581,0.00,0.00
2016.12.09 16:01:00.193,11.61318,11.61589,0.00,0.00
2016.12.09 16:01:00.244,11.61318,11.61602,0.00,0.00
2016.12.09 16:01:00.294,11.61318,11.61581,0.00,0.00
2016.12.09 16:01:00.393,11.61318,11.61601,0.00,0.00
2016.12.09 16:01:00.794,11.61318,11.61592,0.00,0.00
2016.12.09 16:01:01.119,11.61318,11.61571,0.00,0.00
2016.12.09 16:01:01.195,11.61318,11.61601,0.00,0.00
2016.12.09 16:01:02.127,11.61318,11.61572,0.00,0.00
2016.12.09 16:01:02.197,11.61328,11.61612,0.00,0.00
2016.12.09 16:01:02.298,11.61318,11.61591,0.00,0.00
2016.12.09 16:01:02.398,11.61329,11.61611,0.00,0.00
2016.12.09 16:01:02.503,11.61318,11.61571,0.00,0.00
2016.12.09 16:01:02.698,11.61318,11.61592,0.00,0.00
2016.12.09 16:01:02.798,11.61319,11.61601,0.00,0.00
2016.12.09 16:01:03.034,11.61318,11.61591,0.00,0.00
2016.12.09 16:01:03.099,11.61328,11.61612,0.00,0.00
2016.12.09 16:01:03.399,11.61318,11.61592,0.00,0.00
2016.12.09 16:01:04.636,11.61318,11.61562,0.00,0.00
2016.12.09 16:01:04.701,11.61318,11.61581,0.00,0.00
2016.12.09 16:01:06.673,11.61318,11.61562,0.00,0.00
2016.12.09 16:01:06.724,11.61318,11.61602,0.00,0.00
2016.12.09 16:01:07.753,11.61318,11.61581,0.00,0.00
2016.12.09 16:01:09.015,11.61318,11.61592,0.00,0.00
2016.12.09 16:01:09.123,11.61329,11.61611,0.00,0.00
2016.12.09 16:01:09.771,11.61368,11.61611,0.00,0.00
2016.12.09 16:01:09.928,11.61418,11.61682,0.00,0.00
2016.12.09 16:01:10.134,11.61418,11.61662,0.00,0.00
2016.12.09 16:01:10.235,11.61418,11.61689,0.00,0.00
2016.12.09 16:01:10.731,11.61428,11.61689,0.00,0.00
2016.12.09 16:01:11.075,11.61518,11.61772,0.00,0.00
2016.12.09 16:01:11.403,11.61518,11.61742,0.00,0.00
2016.12.09 16:01:11.554,11.61518,11.61762,0.00,0.00
2016.12.09 16:01:12.165,11.61518,11.61782,0.00,0.00
2016.12.09 16:01:12.373,11.61518,11.61761,0.00,0.00
2016.12.09 16:01:13.378,11.61518,11.61782,0.00,0.00
2016.12.09 16:01:13.543,11.61619,11.61781,0.00,0.00
2016.12.09 16:01:13.644,11.61538,11.61822,0.00,0.00
2016.12.09 16:01:13.758,11.61518,11.61792,0.00,0.00
2016.12.09 16:01:14.457,11.61518,11.61772,0.00,0.00
2016.12.09 16:01:14.787,11.61518,11.61762,0.00,0.00
2016.12.09 16:01:14.839,11.61518,11.61802,0.00,0.00
2016.12.09 16:01:14.889,11.61569,11.61802,0.00,0.00
2016.12.09 16:01:14.940,11.61569,11.61812,0.00,0.00
2016.12.09 16:01:15.100,11.61569,11.61841,0.00,0.00
2016.12.09 16:01:15.217,11.61559,11.61841,0.00,0.00
2016.12.09 16:01:15.318,11.61528,11.61812,0.00,0.00
2016.12.09 16:01:15.368,11.61519,11.61762,0.00,0.00
2016.12.09 16:01:15.715,11.61618,11.61771,0.00,0.00
2016.12.09 16:01:15.766,11.61618,11.61872,0.00,0.00
2016.12.09 16:01:15.843,11.61618,11.61841,0.00,0.00
2016.12.09 16:01:16.094,11.61559,11.61841,0.00,0.00
2016.12.09 16:01:16.145,11.61538,11.61822,0.00,0.00
2016.12.09 16:01:16.274,11.61518,11.61762,0.00,0.00
2016.12.09 16:01:16.623,11.61618,11.61792,0.00,0.00
2016.12.09 16:01:16.674,11.61618,11.61852,0.00,0.00
2016.12.09 16:01:16.884,11.61618,11.61821,0.00,0.00
2016.12.09 16:01:17.496,11.61618,11.61832,0.00,0.00
2016.12.09 16:01:17.671,11.61618,11.61811,0.00,0.00
2016.12.09 16:01:18.348,11.61618,11.61831,0.00,0.00
2016.12.09 16:01:18.453,11.61618,11.61822,0.00,0.00
2016.12.09 16:01:18.639,11.61618,11.61851,0.00,0.00
2016.12.09 16:01:18.783,11.61569,11.61851,0.00,0.00
2016.12.09 16:01:18.884,11.61568,11.61822,0.00,0.00
2016.12.09 16:01:19.356,11.61568,11.61811,0.00,0.00
2016.12.09 16:01:19.692,11.61618,11.61822,0.00,0.00
2016.12.09 16:01:19.793,11.61618,11.61871,0.00,0.00
2016.12.09 16:01:20.160,11.61591,11.61871,0.00,0.00
2016.12.09 16:01:20.261,11.61591,11.61842,0.00,0.00
2016.12.09 16:01:20.477,11.61618,11.61872,0.00,0.00
2016.12.09 16:01:20.886,11.61618,11.61852,0.00,0.00
2016.12.09 16:01:20.954,11.61618,11.61872,0.00,0.00
2016.12.09 16:01:21.093,11.61618,11.61841,0.00,0.00
2016.12.09 16:01:21.456,11.61618,11.61872,0.00,0.00
2016.12.09 16:01:21.573,11.61618,11.61852,0.00,0.00
2016.12.09 16:01:21.656,11.61618,11.61872,0.00,0.00
2016.12.09 16:01:22.359,11.61618,11.61841,0.00,0.00
2016.12.09 16:01:23.079,11.61618,11.61831,0.00,0.00
2016.12.09 16:01:23.180,11.61618,11.61861,0.00,0.00
2016.12.09 16:01:23.328,11.61651,11.61882,0.00,0.00
2016.12.09 16:01:23.381,11.61668,11.61931,0.00,0.00
2016.12.09 16:01:23.485,11.61669,11.61941,0.00,0.00
2016.12.09 16:01:23.564,11.61669,11.61901,0.00,0.00
2016.12.09 16:01:23.982,11.61669,11.61922,0.00,0.00
2016.12.09 16:01:24.066,11.61669,11.61911,0.00,0.00
2016.12.09 16:01:24.292,11.61669,11.61921,0.00,0.00
2016.12.09 16:01:24.476,11.61718,11.61942,0.00,0.00
2016.12.09 16:01:24.577,11.61718,11.61961,0.00,0.00
2016.12.09 16:01:24.896,11.61718,11.61932,0.00,0.00
2016.12.09 16:01:24.997,11.61718,11.61941,0.00,0.00
2016.12.09 16:01:25.069,11.61718,11.61962,0.00,0.00
2016.12.09 16:01:25.476,11.61718,11.61952,0.00,0.00
2016.12.09 16:01:25.582,11.61718,11.61982,0.00,0.00
2016.12.09 16:01:25.671,11.61718,11.61952,0.00,0.00
2016.12.09 16:01:26.174,11.61718,11.61961,0.00,0.00
2016.12.09 16:01:26.775,11.61679,11.61958,0.00,0.00
2016.12.09 16:01:26.826,11.61692,11.61961,0.00,0.00
2016.12.09 16:01:26.876,11.61699,11.61981,0.00,0.00
2016.12.09 16:01:26.944,11.61718,11.61981,0.00,0.00
2016.12.09 16:01:27.096,11.61668,11.61952,0.00,0.00
2016.12.09 16:01:27.175,11.61668,11.61932,0.00,0.00
2016.12.09 16:01:27.648,11.61718,11.61932,0.00,0.00
2016.12.09 16:01:27.699,11.61718,11.61962,0.00,0.00
2016.12.09 16:01:27.800,11.61669,11.61951,0.00,0.00
2016.12.09 16:01:27.902,11.61669,11.61921,0.00,0.00
2016.12.09 16:01:28.234,11.61699,11.61981,0.00,0.00
2016.12.09 16:01:28.352,11.61688,11.61972,0.00,0.00
2016.12.09 16:01:28.403,11.61668,11.61932,0.00,0.00
2016.12.09 16:01:28.579,11.61668,11.61942,0.00,0.00
2016.12.09 16:01:28.779,11.61668,11.61932,0.00,0.00
2016.12.09 16:01:28.998,11.61678,11.61962,0.00,0.00
2016.12.09 16:01:29.522,11.61669,11.61942,0.00,0.00
2016.12.09 16:01:29.837,11.61669,11.61932,0.00,0.00
2016.12.09 16:01:29.888,11.61669,11.61942,0.00,0.00
2016.12.09 16:01:30.209,11.61679,11.61961,0.00,0.00
2016.12.09 16:01:30.286,11.61652,11.61882,0.00,0.00
2016.12.09 16:01:30.448,11.61618,11.61882,0.00,0.00
2016.12.09 16:01:30.581,11.61669,11.61901,0.00,0.00
2016.12.09 16:01:30.787,11.61679,11.61961,0.00,0.00
2016.12.09 16:01:30.888,11.61669,11.61942,0.00,0.00
2016.12.09 16:01:31.002,11.61678,11.61962,0.00,0.00
2016.12.09 16:01:31.397,11.61669,11.61932,0.00,0.00
2016.12.09 16:01:31.692,11.61669,11.61952,0.00,0.00
2016.12.09 16:01:31.867,11.61718,11.61952,0.00,0.00
2016.12.09 16:01:32.397,11.61718,11.61951,0.00,0.00
2016.12.09 16:01:32.796,11.61718,11.61941,0.00,0.00
2016.12.09 16:01:33.098,11.61818,11.62042,0.00,0.00
2016.12.09 16:01:33.199,11.61769,11.62051,0.00,0.00
2016.12.09 16:01:33.300,11.61769,11.62011,0.00,0.00
2016.12.09 16:01:33.617,11.61819,11.62062,0.00,0.00
2016.12.09 16:01:33.754,11.61778,11.62062,0.00,0.00
2016.12.09 16:01:33.807,11.61769,11.62012,0.00,0.00
2016.12.09 16:01:34.111,11.61819,11.62071,0.00,0.00
2016.12.09 16:01:34.535,11.61819,11.62052,0.00,0.00
2016.12.09 16:01:34.585,11.61769,11.62052,0.00,0.00
2016.12.09 16:01:34.636,11.61799,11.62081,0.00,0.00
2016.12.09 16:01:34.953,11.61769,11.62051,0.00,0.00
2016.12.09 16:01:35.279,11.61768,11.62031,0.00,0.00
2016.12.09 16:01:35.429,11.61769,11.62051,0.00,0.00
2016.12.09 16:01:35.530,11.61768,11.62032,0.00,0.00
2016.12.09 16:01:36.489,11.61819,11.62032,0.00,0.00
2016.12.09 16:01:36.540,11.61819,11.62052,0.00,0.00
2016.12.09 16:01:36.641,11.61789,11.62071,0.00,0.00
2016.12.09 16:01:36.756,11.61769,11.62051,0.00,0.00
2016.12.09 16:01:37.158,11.61819,11.62081,0.00,0.00
2016.12.09 16:01:37.474,11.61819,11.62051,0.00,0.00
2016.12.09 16:01:37.631,11.61819,11.62071,0.00,0.00
2016.12.09 16:01:37.739,11.61819,11.62081,0.00,0.00
2016.12.09 16:01:38.011,11.61819,11.62072,0.00,0.00
2016.12.09 16:01:39.012,11.61819,11.62082,0.00,0.00
2016.12.09 16:01:39.457,11.61819,11.62052,0.00,0.00
2016.12.09 16:01:39.814,11.61819,11.62081,0.00,0.00
2016.12.09 16:01:39.915,11.61819,11.62071,0.00,0.00
2016.12.09 16:01:40.029,11.61819,11.62081,0.00,0.00
2016.12.09 16:01:40.115,11.61819,11.62051,0.00,0.00
2016.12.09 16:01:40.315,11.61819,11.62071,0.00,0.00
2016.12.09 16:01:40.562,11.61819,11.62082,0.00,0.00
2016.12.09 16:01:40.663,11.61819,11.62052,0.00,0.00
2016.12.09 16:01:41.238,11.61819,11.62061,0.00,0.00
2016.12.09 16:01:41.969,11.61819,11.62042,0.00,0.00
2016.12.09 16:01:42.220,11.61819,11.62061,0.00,0.00
2016.12.09 16:01:42.321,11.61819,11.62072,0.00,0.00
2016.12.09 16:01:42.395,11.61791,11.62072,0.00,0.00
2016.12.09 16:01:42.495,11.61758,11.62042,0.00,0.00
2016.12.09 16:01:42.546,11.61769,11.62032,0.00,0.00
2016.12.09 16:01:42.886,11.61818,11.62002,0.00,0.00
2016.12.09 16:01:42.937,11.61818,11.62021,0.00,0.00
2016.12.09 16:01:43.021,11.61818,11.62062,0.00,0.00
2016.12.09 16:01:43.322,11.61818,11.62072,0.00,0.00
2016.12.09 16:01:44.167,11.61818,11.62042,0.00,0.00
2016.12.09 16:01:44.456,11.61818,11.62071,0.00,0.00
2016.12.09 16:01:45.327,11.61818,11.62081,0.00,0.00
2016.12.09 16:01:46.129,11.61818,11.62071,0.00,0.00
2016.12.09 16:01:46.698,11.61919,11.62071,0.00,0.00
2016.12.09 16:01:46.849,11.61869,11.62051,0.00,0.00
2016.12.09 16:01:46.900,11.61892,11.62051,0.00,0.00
2016.12.09 16:01:46.950,11.61892,11.62132,0.00,0.00
2016.12.09 16:01:47.001,11.61919,11.62132,0.00,0.00
2016.12.09 16:01:47.269,11.61869,11.62132,0.00,0.00
2016.12.09 16:01:47.482,11.61869,11.62092,0.00,0.00
2016.12.09 16:01:47.533,11.61869,11.62101,0.00,0.00
2016.12.09 16:01:47.732,11.61869,11.62121,0.00,0.00
2016.12.09 16:01:49.557,11.61839,11.62121,0.00,0.00
2016.12.09 16:01:49.658,11.61818,11.62091,0.00,0.00
2016.12.09 16:01:50.215,11.61818,11.62052,0.00,0.00
2016.12.09 16:01:50.345,11.61818,11.62062,0.00,0.00
2016.12.09 16:01:51.054,11.61818,11.62052,0.00,0.00
2016.12.09 16:01:51.341,11.61818,11.62061,0.00,0.00
2016.12.09 16:01:51.442,11.61818,11.62051,0.00,0.00
2016.12.09 16:01:51.643,11.61818,11.62062,0.00,0.00
2016.12.09 16:01:51.743,11.61818,11.62042,0.00,0.00
2016.12.09 16:01:52.366,11.61818,11.62082,0.00,0.00
2016.12.09 16:01:52.573,11.61818,11.62061,0.00,0.00
2016.12.09 16:01:52.687,11.61818,11.62082,0.00,0.00
2016.12.09 16:01:53.051,11.61818,11.62052,0.00,0.00
2016.12.09 16:01:53.347,11.61818,11.62061,0.00,0.00
2016.12.09 16:01:53.466,11.61818,11.62042,0.00,0.00
2016.12.09 16:01:53.748,11.61818,11.62062,0.00,0.00
2016.12.09 16:01:53.989,11.61818,11.62042,0.00,0.00
2016.12.09 16:01:54.459,11.61818,11.62061,0.00,0.00
2016.12.09 16:01:54.562,11.61818,11.62072,0.00,0.00
2016.12.09 16:01:55.588,11.61818,11.62082,0.00,0.00
2016.12.09 16:01:55.995,11.61818,11.62062,0.00,0.00
2016.12.09 16:01:56.054,11.61818,11.62081,0.00,0.00
2016.12.09 16:01:56.555,11.61818,11.62062,0.00,0.00
2016.12.09 16:01:56.656,11.61818,11.62081,0.00,0.00
2016.12.09 16:01:57.085,11.61818,11.62062,0.00,0.00
2016.12.09 16:01:57.157,11.61818,11.62082,0.00,0.00
2016.12.09 16:01:57.278,11.61918,11.62082,0.00,0.00
2016.12.09 16:01:57.588,11.61918,11.62132,0.00,0.00
2016.12.09 16:01:57.758,11.61918,11.62112,0.00,0.00
2016.12.09 16:01:57.809,11.61868,11.62112,0.00,0.00
2016.12.09 16:01:57.960,11.61849,11.62131,0.00,0.00
2016.12.09 16:01:58.082,11.61819,11.62102,0.00,0.00
2016.12.09 16:01:58.132,11.61892,11.62102,0.00,0.00
2016.12.09 16:01:58.478,11.61918,11.62082,0.00,0.00
2016.12.09 16:01:58.561,11.61918,11.62101,0.00,0.00
2016.12.09 16:01:59.508,11.61918,11.62122,0.00,0.00
2016.12.09 16:01:59.612,11.61918,11.62132,0.00,0.00
2016.12.09 16:01:59.964,11.61918,11.62126,0.00,0.00
2016.12.09 16:02:00.099,11.61918,11.62141,0.00,0.00
2016.12.09 16:02:00.377,11.61918,11.62126,0.00,0.00
2016.12.09 16:02:00.585,11.61918,11.62182,0.00,0.00
2016.12.09 16:02:00.815,11.61918,11.62147,0.00,0.00
2016.12.09 16:02:01.108,11.61918,11.62162,0.00,0.00
2016.12.09 16:02:01.217,11.61918,11.62171,0.00,0.00
2016.12.09 16:02:01.317,11.61918,11.62147,0.00,0.00
2016.12.09 16:02:01.769,11.61918,11.62152,0.00,0.00
2016.12.09 16:02:02.760,11.61968,11.62152,0.00,0.00
2016.12.09 16:02:02.878,11.61968,11.62231,0.00,0.00
2016.12.09 16:02:03.099,11.62019,11.62231,0.00,0.00
2016.12.09 16:02:03.635,11.62019,11.62232,0.00,0.00
2016.12.09 16:02:04.176,11.62019,11.62222,0.00,0.00
2016.12.09 16:02:04.276,11.62019,11.62242,0.00,0.00
2016.12.09 16:02:04.377,11.62019,11.62251,0.00,0.00
2016.12.09 16:02:04.492,11.62019,11.62241,0.00,0.00
2016.12.09 16:02:04.846,11.62069,11.62251,0.00,0.00
2016.12.09 16:02:04.896,11.62019,11.62271,0.00,0.00
2016.12.09 16:02:05.085,11.62019,11.62232,0.00,0.00
2016.12.09 16:02:06.008,11.61969,11.62232,0.00,0.00
2016.12.09 16:02:06.109,11.61979,11.62249,0.00,0.00
2016.12.09 16:02:06.210,11.61941,11.62141,0.00,0.00
2016.12.09 16:02:06.310,11.61968,11.62202,0.00,0.00
2016.12.09 16:02:06.411,11.61969,11.62221,0.00,0.00
2016.12.09 16:02:06.562,11.61968,11.62201,0.00,0.00
2016.12.09 16:02:06.731,11.61942,11.62212,0.00,0.00
2016.12.09 16:02:06.785,11.61948,11.62232,0.00,0.00
2016.12.09 16:02:06.886,11.61942,11.62221,0.00,0.00
2016.12.09 16:02:07.327,11.61949,11.62231,0.00,0.00
2016.12.09 16:02:07.428,11.61942,11.62201,0.00,0.00
2016.12.09 16:02:07.660,11.61942,11.62211,0.00,0.00
2016.12.09 16:02:07.711,11.61948,11.62232,0.00,0.00
2016.12.09 16:02:08.002,11.61942,11.62201,0.00,0.00
2016.12.09 16:02:08.053,11.61942,11.62211,0.00,0.00
2016.12.09 16:02:08.491,11.61949,11.62231,0.00,0.00
2016.12.09 16:02:08.947,11.61992,11.62231,0.00,0.00
2016.12.09 16:02:08.997,11.61992,11.62241,0.00,0.00
2016.12.09 16:02:09.101,11.61992,11.62221,0.00,0.00
2016.12.09 16:02:09.152,11.61939,11.62221,0.00,0.00
2016.12.09 16:02:09.314,11.61978,11.62249,0.00,0.00
2016.12.09 16:02:09.377,11.61958,11.62232,0.00,0.00
2016.12.09 16:02:09.428,11.61942,11.62172,0.00,0.00
2016.12.09 16:02:09.528,11.61942,11.62201,0.00,0.00
2016.12.09 16:02:09.595,11.61948,11.62232,0.00,0.00
2016.12.09 16:02:09.707,11.61942,11.62211,0.00,0.00
2016.12.09 16:02:10.040,11.61991,11.62201,0.00,0.00
2016.12.09 16:02:10.096,11.61991,11.62251,0.00,0.00
2016.12.09 16:02:10.640,11.61991,11.62231,0.00,0.00
2016.12.09 16:02:10.741,11.61991,11.62252,0.00,0.00
2016.12.09 16:02:10.899,11.61968,11.62249,0.00,0.00
2016.12.09 16:02:11.000,11.61901,11.62161,0.00,0.00
2016.12.09 16:02:11.130,11.61901,11.62171,0.00,0.00
2016.12.09 16:02:11.199,11.61909,11.62191,0.00,0.00
2016.12.09 16:02:11.508,11.61901,11.62182,0.00,0.00
2016.12.09 16:02:12.017,11.61901,11.62161,0.00,0.00
2016.12.09 16:02:12.450,11.61992,11.62201,0.00,0.00
2016.12.09 16:02:12.502,11.61992,11.62252,0.00,0.00
2016.12.09 16:02:12.614,11.61941,11.62221,0.00,0.00
2016.12.09 16:02:12.715,11.61958,11.62242,0.00,0.00
2016.12.09 16:02:12.830,11.61941,11.62211,0.00,0.00
2016.12.09 16:02:13.041,11.61941,11.62222,0.00,0.00
2016.12.09 16:02:13.409,11.61948,11.62232,0.00,0.00
2016.12.09 16:02:13.522,11.61941,11.62221,0.00,0.00
2016.12.09 16:02:13.951,11.61991,11.62231,0.00,0.00
2016.12.09 16:02:14.005,11.61991,11.62262,0.00,0.00
2016.12.09 16:02:14.312,11.61991,11.62251,0.00,0.00
2016.12.09 16:02:14.413,11.61991,11.62271,0.00,0.00
2016.12.09 16:02:14.938,11.61991,11.62251,0.00,0.00
2016.12.09 16:02:15.008,11.61991,11.62272,0.00,0.00
2016.12.09 16:02:15.109,11.61991,11.62242,0.00,0.00
2016.12.09 16:02:15.642,11.61991,11.62231,0.00,0.00
2016.12.09 16:02:16.310,11.61991,11.62252,0.00,0.00
2016.12.09 16:02:16.739,11.61991,11.62272,0.00,0.00
2016.12.09 16:02:16.812,11.62009,11.62291,0.00,0.00
2016.12.09 16:02:17.685,11.62091,11.62291,0.00,0.00
2016.12.09 16:02:17.987,11.62192,11.62389,0.00,0.00
2016.12.09 16:02:18.090,11.62192,11.62461,0.00,0.00
2016.12.09 16:02:18.141,11.62192,11.62442,0.00,0.00
2016.12.09 16:02:18.360,11.62192,11.62462,0.00,0.00
2016.12.09 16:02:18.419,11.62192,11.62472,0.00,0.00
2016.12.09 16:02:18.819,11.62192,11.62442,0.00,0.00
2016.12.09 16:02:19.050,11.62192,11.62471,0.00,0.00
2016.12.09 16:02:19.120,11.62192,11.62442,0.00,0.00
2016.12.09 16:02:19.243,11.62198,11.62482,0.00,0.00
2016.12.09 16:02:19.349,11.62192,11.62452,0.00,0.00
2016.12.09 16:02:19.421,11.62199,11.62481,0.00,0.00
2016.12.09 16:02:19.622,11.62192,11.62462,0.00,0.00
2016.12.09 16:02:19.923,11.62198,11.62482,0.00,0.00
2016.12.09 16:02:20.024,11.62192,11.62442,0.00,0.00
2016.12.09 16:02:20.130,11.62192,11.62472,0.00,0.00
2016.12.09 16:02:20.287,11.62192,11.62441,0.00,0.00
2016.12.09 16:02:20.340,11.62192,11.62462,0.00,0.00
2016.12.09 16:02:20.465,11.62192,11.62472,0.00,0.00
2016.12.09 16:02:20.524,11.62192,11.62441,0.00,0.00
2016.12.09 16:02:20.630,11.62192,11.62471,0.00,0.00
2016.12.09 16:02:20.725,11.62192,11.62441,0.00,0.00
2016.12.09 16:02:21.060,11.62202,11.62452,0.00,0.00
2016.12.09 16:02:21.165,11.62209,11.62491,0.00,0.00
2016.12.09 16:02:21.226,11.62202,11.62482,0.00,0.00
2016.12.09 16:02:21.560,11.62202,11.62452,0.00,0.00
2016.12.09 16:02:21.661,11.62202,11.62481,0.00,0.00
2016.12.09 16:02:22.357,11.62202,11.62461,0.00,0.00
2016.12.09 16:02:22.712,11.62202,11.62452,0.00,0.00
2016.12.09 16:02:23.162,11.62202,11.62462,0.00,0.00
2016.12.09 16:02:23.358,11.62202,11.62452,0.00,0.00
2016.12.09 16:02:23.944,11.62191,11.62452,0.00,0.00
2016.12.09 16:02:24.045,11.62158,11.62442,0.00,0.00
2016.12.09 16:02:24.149,11.62101,11.62382,0.00,0.00
2016.12.09 16:02:24.475,11.62181,11.62392,0.00,0.00
2016.12.09 16:02:24.676,11.62102,11.62372,0.00,0.00
2016.12.09 16:02:24.777,11.62179,11.62422,0.00,0.00
2016.12.09 16:02:24.837,11.62168,11.62422,0.00,0.00
2016.12.09 16:02:24.942,11.62102,11.62372,0.00,0.00
2016.12.09 16:02:25.056,11.62102,11.62361,0.00,0.00
2016.12.09 16:02:25.336,11.62102,11.62382,0.00,0.00
2016.12.09 16:02:25.839,11.62102,11.62372,0.00,0.00
2016.12.09 16:02:26.207,11.62102,11.62352,0.00,0.00
2016.12.09 16:02:26.258,11.62102,11.62371,0.00,0.00
2016.12.09 16:02:26.568,11.62102,11.62351,0.00,0.00
2016.12.09 16:02:26.740,11.62102,11.62381,0.00,0.00
2016.12.09 16:02:27.068,11.62102,11.62371,0.00,0.00
2016.12.09 16:02:27.142,11.62109,11.62391,0.00,0.00
2016.12.09 16:02:28.092,11.62102,11.62372,0.00,0.00
2016.12.09 16:02:28.146,11.62118,11.62402,0.00,0.00
2016.12.09 16:02:28.296,11.62102,11.62362,0.00,0.00
2016.12.09 16:02:28.447,11.62109,11.62391,0.00,0.00
2016.12.09 16:02:28.597,11.62102,11.62371,0.00,0.00
2016.12.09 16:02:28.940,11.62102,11.62362,0.00,0.00
2016.12.09 16:02:29.459,11.62108,11.62392,0.00,0.00
2016.12.09 16:02:29.688,11.62102,11.62372,0.00,0.00
2016.12.09 16:02:30.082,11.62181,11.62372,0.00,0.00
2016.12.09 16:02:30.132,11.62148,11.62372,0.00,0.00
2016.12.09 16:02:30.183,11.62148,11.62391,0.00,0.00
2016.12.09 16:02:30.283,11.62128,11.62412,0.00,0.00
2016.12.09 16:02:30.384,11.62118,11.62402,0.00,0.00
2016.12.09 16:02:30.789,11.62102,11.62371,0.00,0.00
2016.12.09 16:02:30.852,11.62102,11.62381,0.00,0.00
2016.12.09 16:02:31.190,11.62102,11.62371,0.00,0.00
2016.12.09 16:02:31.253,11.62102,11.62381,0.00,0.00
2016.12.09 16:02:31.677,11.62121,11.62381,0.00,0.00
2016.12.09 16:02:32.355,11.62121,11.62371,0.00,0.00
2016.12.09 16:02:33.157,11.62121,11.62392,0.00,0.00
2016.12.09 16:02:33.296,11.62131,11.62411,0.00,0.00
2016.12.09 16:02:33.400,11.62138,11.62422,0.00,0.00
2016.12.09 16:02:33.458,11.62131,11.62412,0.00,0.00
2016.12.09 16:02:34.208,11.62131,11.62392,0.00,0.00
2016.12.09 16:02:34.460,11.62131,11.62412,0.00,0.00
2016.12.09 16:02:34.510,11.62171,11.62412,0.00,0.00
2016.12.09 16:02:34.561,11.62131,11.62412,0.00,0.00
2016.12.09 16:02:34.662,11.62138,11.62421,0.00,0.00
2016.12.09 16:02:34.761,11.62131,11.62392,0.00,0.00
2016.12.09 16:02:35.173,11.62131,11.62401,0.00,0.00
2016.12.09 16:02:35.276,11.62178,11.62421,0.00,0.00
2016.12.09 16:02:35.506,11.62131,11.62401,0.00,0.00
2016.12.09 16:02:35.563,11.62131,11.62391,0.00,0.00
2016.12.09 16:02:35.907,11.62131,11.62412,0.00,0.00
2016.12.09 16:02:36.007,11.62131,11.62382,0.00,0.00
2016.12.09 16:02:36.112,11.62138,11.62421,0.00,0.00
2016.12.09 16:02:36.996,11.62131,11.62411,0.00,0.00
2016.12.09 16:02:37.309,11.62148,11.62421,0.00,0.00
2016.12.09 16:02:37.610,11.62131,11.62382,0.00,0.00
2016.12.09 16:02:37.816,11.62131,11.62412,0.00,0.00
2016.12.09 16:02:38.070,11.62131,11.62401,0.00,0.00
2016.12.09 16:02:38.433,11.62131,11.62382,0.00,0.00
2016.12.09 16:02:38.689,11.62131,11.62402,0.00,0.00
2016.12.09 16:02:38.769,11.62139,11.62421,0.00,0.00
2016.12.09 16:02:38.875,11.62158,11.62421,0.00,0.00
2016.12.09 16:02:39.204,11.62131,11.62381,0.00,0.00
2016.12.09 16:02:39.389,11.62131,11.62412,0.00,0.00
2016.12.09 16:02:39.518,11.62171,11.62381,0.00,0.00
2016.12.09 16:02:39.671,11.62178,11.62462,0.00,0.00
2016.12.09 16:02:39.771,11.62188,11.62469,0.00,0.00
2016.12.09 16:02:40.087,11.62171,11.62452,0.00,0.00
2016.12.09 16:02:40.449,11.62211,11.62471,0.00,0.00
2016.12.09 16:02:40.600,11.62132,11.62412,0.00,0.00
2016.12.09 16:02:40.737,11.62211,11.62412,0.00,0.00
2016.12.09 16:02:40.929,11.62171,11.62442,0.00,0.00
2016.12.09 16:02:40.980,11.62198,11.62471,0.00,0.00
2016.12.09 16:02:41.082,11.62171,11.62431,0.00,0.00
2016.12.09 16:02:41.306,11.62188,11.62471,0.00,0.00
2016.12.09 16:02:41.357,11.62188,11.62422,0.00,0.00
2016.12.09 16:02:41.508,11.62171,11.62412,0.00,0.00
2016.12.09 16:02:41.675,11.62171,11.62438,0.00,0.00
2016.12.09 16:02:41.775,11.62189,11.62438,0.00,0.00
2016.12.09 16:02:41.885,11.62171,11.62438,0.00,0.00
2016.12.09 16:02:41.935,11.62211,11.62438,0.00,0.00
2016.12.09 16:02:42.237,11.62219,11.62501,0.00,0.00
2016.12.09 16:02:42.902,11.62211,11.62482,0.00,0.00
2016.12.09 16:02:43.078,11.62218,11.62502,0.00,0.00
2016.12.09 16:02:43.616,11.62211,11.62471,0.00,0.00
2016.12.09 16:02:43.679,11.62219,11.62501,0.00,0.00
2016.12.09 16:02:43.782,11.62211,11.62482,0.00,0.00
2016.12.09 16:02:43.880,11.62218,11.62502,0.00,0.00
2016.12.09 16:02:44.380,11.62211,11.62481,0.00,0.00
2016.12.09 16:02:44.480,11.62218,11.62502,0.00,0.00
2016.12.09 16:02:44.876,11.62218,11.62338,0.00,0.00
2016.12.09 16:02:45.004,11.62189,11.62421,0.00,0.00
2016.12.09 16:02:45.105,11.62068,11.62352,0.00,0.00
2016.12.09 16:02:45.383,11.62058,11.62342,0.00,0.00
2016.12.09 16:02:45.724,11.62108,11.62392,0.00,0.00
2016.12.09 16:02:46.641,11.62108,11.62321,0.00,0.00
2016.12.09 16:02:46.692,11.62068,11.62321,0.00,0.00
2016.12.09 16:02:46.788,11.62008,11.62292,0.00,0.00
2016.12.09 16:02:46.889,11.62018,11.62302,0.00,0.00
2016.12.09 16:02:47.489,11.62039,11.62321,0.00,0.00
2016.12.09 16:02:47.998,11.62039,11.62319,0.00,0.00
2016.12.09 16:02:48.405,11.62048,11.62319,0.00,0.00
2016.12.09 16:02:48.507,11.62038,11.62319,0.00,0.00
2016.12.09 16:02:48.608,11.62011,11.62292,0.00,0.00
2016.12.09 16:02:49.130,11.62029,11.62311,0.00,0.00
2016.12.09 16:02:49.231,11.62011,11.62292,0.00,0.00
2016.12.09 16:02:50.330,11.62028,11.62312,0.00,0.00
2016.12.09 16:02:51.527,11.62039,11.62319,0.00,0.00
2016.12.09 16:02:51.961,11.62062,11.62321,0.00,0.00
2016.12.09 16:02:52.289,11.62101,11.62352,0.00,0.00
2016.12.09 16:02:52.397,11.62108,11.62389,0.00,0.00
2016.12.09 16:02:52.621,11.62068,11.62352,0.00,0.00
2016.12.09 16:02:52.724,11.62052,11.62331,0.00,0.00
2016.12.09 16:02:53.445,11.62101,11.62351,0.00,0.00
2016.12.09 16:02:53.546,11.62101,11.62381,0.00,0.00
2016.12.09 16:02:54.103,11.62101,11.62361,0.00,0.00
2016.12.09 16:02:54.403,11.62101,11.62382,0.00,0.00
2016.12.09 16:02:54.504,11.62101,11.62361,0.00,0.00
2016.12.09 16:02:54.721,11.62101,11.62382,0.00,0.00
2016.12.09 16:02:55.055,11.62111,11.62382,0.00,0.00
2016.12.09 16:02:55.406,11.62111,11.62371,0.00,0.00
2016.12.09 16:02:55.525,11.62111,11.62391,0.00,0.00
2016.12.09 16:02:55.708,11.62111,11.62361,0.00,0.00
2016.12.09 16:02:55.838,11.62111,11.62392,0.00,0.00
2016.12.09 16:02:55.908,11.62111,11.62361,0.00,0.00
2016.12.09 16:02:56.009,11.62111,11.62381,0.00,0.00
2016.12.09 16:02:56.410,11.62111,11.62362,0.00,0.00
2016.12.09 16:02:56.734,11.62111,11.62391,0.00,0.00
2016.12.09 16:02:57.061,11.62111,11.62371,0.00,0.00
2016.12.09 16:02:57.366,11.62111,11.62361,0.00,0.00
2016.12.09 16:02:57.515,11.62111,11.62392,0.00,0.00
2016.12.09 16:02:57.829,11.62111,11.62362,0.00,0.00
2016.12.09 16:02:57.947,11.62111,11.62391,0.00,0.00
2016.12.09 16:02:58.186,11.62202,11.62391,0.00,0.00
2016.12.09 16:02:58.237,11.62202,11.62402,0.00,0.00
2016.12.09 16:02:58.338,11.62202,11.62482,0.00,0.00
2016.12.09 16:02:58.419,11.62202,11.62441,0.00,0.00
2016.12.09 16:02:58.822,11.62202,11.62461,0.00,0.00
2016.12.09 16:02:58.962,11.62202,11.62482,0.00,0.00
2016.12.09 16:02:59.064,11.62202,11.62442,0.00,0.00
2016.12.09 16:02:59.748,11.62202,11.62451,0.00,0.00
2016.12.09 16:03:00.070,11.62202,11.62482,0.00,0.00
2016.12.09 16:03:00.126,11.62202,11.62462,0.00,0.00
2016.12.09 16:03:00.731,11.62159,11.62419,0.00,0.00
2016.12.09 16:03:00.867,11.62118,11.62402,0.00,0.00
2016.12.09 16:03:00.968,11.62111,11.62381,0.00,0.00
2016.12.09 16:03:01.072,11.62148,11.62419,0.00,0.00
2016.12.09 16:03:01.273,11.62119,11.62401,0.00,0.00
2016.12.09 16:03:01.377,11.62158,11.62442,0.00,0.00
2016.12.09 16:03:01.558,11.62178,11.62459,0.00,0.00
2016.12.09 16:03:01.733,11.62169,11.62451,0.00,0.00
2016.12.09 16:03:01.836,11.62178,11.62459,0.00,0.00
2016.12.09 16:03:02.611,11.62201,11.62452,0.00,0.00
2016.12.09 16:03:02.662,11.62201,11.62462,0.00,0.00
2016.12.09 16:03:02.738,11.62201,11.62482,0.00,0.00
2016.12.09 16:03:02.842,11.62201,11.62462,0.00,0.00
2016.12.09 16:03:02.981,11.62201,11.62482,0.00,0.00
2016.12.09 16:03:03.641,11.62201,11.62472,0.00,0.00
2016.12.09 16:03:04.592,11.62201,11.62452,0.00,0.00
2016.12.09 16:03:05.953,11.62162,11.62441,0.00,0.00
2016.12.09 16:03:06.054,11.62162,11.62432,0.00,0.00
2016.12.09 16:03:06.366,11.62201,11.62471,0.00,0.00
2016.12.09 16:03:06.553,11.62201,11.62482,0.00,0.00
2016.12.09 16:03:06.604,11.62201,11.62472,0.00,0.00
2016.12.09 16:03:07.272,11.62201,11.62442,0.00,0.00
2016.12.09 16:03:07.579,11.62211,11.62482,0.00,0.00
2016.12.09 16:03:07.657,11.62211,11.62491,0.00,0.00
2016.12.09 16:03:07.857,11.62211,11.62482,0.00,0.00
2016.12.09 16:03:08.297,11.62211,11.62461,0.00,0.00
2016.12.09 16:03:08.459,11.62211,11.62491,0.00,0.00
2016.12.09 16:03:09.663,11.62211,11.62472,0.00,0.00
2016.12.09 16:03:09.762,11.62211,11.62491,0.00,0.00
2016.12.09 16:03:09.955,11.62302,11.62491,0.00,0.00
2016.12.09 16:03:10.106,11.62302,11.62571,0.00,0.00
2016.12.09 16:03:10.164,11.62302,11.62562,0.00,0.00
2016.12.09 16:03:10.365,11.62302,11.62572,0.00,0.00
2016.12.09 16:03:10.597,11.62302,11.62542,0.00,0.00
2016.12.09 16:03:10.868,11.62302,11.62552,0.00,0.00
2016.12.09 16:03:11.115,11.62302,11.62571,0.00,0.00
2016.12.09 16:03:11.375,11.62302,11.62582,0.00,0.00
2016.12.09 16:03:11.675,11.62302,11.62552,0.00,0.00
2016.12.09 16:03:12.193,11.62302,11.62572,0.00,0.00
2016.12.09 16:03:12.243,11.62311,11.62572,0.00,0.00
2016.12.09 16:03:12.641,11.62302,11.62571,0.00,0.00
2016.12.09 16:03:12.691,11.62302,11.62542,0.00,0.00
2016.12.09 16:03:12.798,11.62302,11.62571,0.00,0.00
2016.12.09 16:03:12.878,11.62302,11.62542,0.00,0.00
2016.12.09 16:03:13.306,11.62302,11.62572,0.00,0.00
2016.12.09 16:03:13.611,11.62302,11.62582,0.00,0.00
2016.12.09 16:03:13.662,11.62312,11.62592,0.00,0.00
2016.12.09 16:03:13.713,11.62318,11.62602,0.00,0.00
2016.12.09 16:03:13.882,11.62312,11.62581,0.00,0.00
2016.12.09 16:03:15.377,11.62318,11.62602,0.00,0.00
2016.12.09 16:03:15.737,11.62312,11.62581,0.00,0.00
2016.12.09 16:03:16.136,11.62361,11.62581,0.00,0.00
2016.12.09 16:03:16.237,11.62361,11.62602,0.00,0.00
2016.12.09 16:03:16.577,11.62382,11.62602,0.00,0.00
2016.12.09 16:03:16.728,11.62458,11.62742,0.00,0.00
2016.12.09 16:03:16.839,11.62478,11.62762,0.00,0.00
2016.12.09 16:03:17.193,11.62488,11.62772,0.00,0.00
2016.12.09 16:03:17.547,11.62479,11.62761,0.00,0.00
2016.12.09 16:03:17.927,11.62449,11.62731,0.00,0.00
2016.12.09 16:03:18.294,11.62468,11.62752,0.00,0.00
2016.12.09 16:03:18.513,11.62449,11.62732,0.00,0.00
2016.12.09 16:03:18.823,11.62459,11.62741,0.00,0.00
2016.12.09 16:03:19.159,11.62449,11.62731,0.00,0.00
2016.12.09 16:03:19.210,11.62458,11.62742,0.00,0.00
2016.12.09 16:03:19.299,11.62449,11.62721,0.00,0.00
2016.12.09 16:03:19.531,11.62481,11.62762,0.00,0.00
2016.12.09 16:03:19.582,11.62549,11.62762,0.00,0.00
2016.12.09 16:03:19.632,11.62549,11.62792,0.00,0.00
2016.12.09 16:03:19.683,11.62508,11.62792,0.00,0.00
2016.12.09 16:03:19.792,11.62511,11.62792,0.00,0.00
2016.12.09 16:03:20.104,11.62511,11.62772,0.00,0.00
2016.12.09 16:03:20.456,11.62511,11.62762,0.00,0.00
2016.12.09 16:03:20.778,11.62511,11.62741,0.00,0.00
2016.12.09 16:03:20.828,11.62511,11.62772,0.00,0.00
2016.12.09 16:03:21.012,11.62511,11.62742,0.00,0.00
2016.12.09 16:03:21.116,11.62511,11.62781,0.00,0.00
2016.12.09 16:03:21.217,11.62511,11.62741,0.00,0.00
2016.12.09 16:03:21.812,11.62511,11.62772,0.00,0.00
2016.12.09 16:03:21.944,11.62511,11.62741,0.00,0.00
2016.12.09 16:03:22.422,11.62601,11.62792,0.00,0.00
2016.12.09 16:03:22.529,11.62601,11.62832,0.00,0.00
2016.12.09 16:03:22.631,11.62601,11.62842,0.00,0.00
2016.12.09 16:03:22.682,11.62558,11.62808,0.00,0.00
2016.12.09 16:03:22.785,11.62528,11.62808,0.00,0.00
2016.12.09 16:03:22.835,11.62512,11.62752,0.00,0.00
2016.12.09 16:03:23.400,11.62512,11.62751,0.00,0.00
2016.12.09 16:03:23.556,11.62512,11.62771,0.00,0.00
2016.12.09 16:03:23.617,11.62512,11.62751,0.00,0.00
2016.12.09 16:03:23.832,11.62512,11.62772,0.00,0.00
2016.12.09 16:03:24.319,11.62512,11.62782,0.00,0.00
2016.12.09 16:03:24.620,11.62512,11.62762,0.00,0.00
2016.12.09 16:03:24.859,11.62512,11.62782,0.00,0.00
2016.12.09 16:03:24.921,11.62512,11.62792,0.00,0.00
2016.12.09 16:03:25.266,11.62601,11.62792,0.00,0.00
2016.12.09 16:03:25.366,11.62601,11.62802,0.00,0.00
2016.12.09 16:03:25.467,11.62601,11.62842,0.00,0.00
2016.12.09 16:03:25.622,11.62601,11.62812,0.00,0.00
2016.12.09 16:03:25.673,11.62592,11.62812,0.00,0.00
2016.12.09 16:03:25.723,11.62592,11.62802,0.00,0.00
2016.12.09 16:03:25.824,11.62592,11.62811,0.00,0.00
2016.12.09 16:03:25.944,11.62592,11.62852,0.00,0.00
2016.12.09 16:03:26.441,11.62592,11.62831,0.00,0.00
2016.12.09 16:03:27.134,11.62592,11.62852,0.00,0.00
2016.12.09 16:03:27.570,11.62592,11.62842,0.00,0.00
2016.12.09 16:03:27.627,11.62592,11.62861,0.00,0.00
2016.12.09 16:03:27.846,11.62592,11.62841,0.00,0.00
2016.12.09 16:03:28.158,11.62592,11.62871,0.00,0.00
2016.12.09 16:03:28.630,11.62592,11.62861,0.00,0.00
2016.12.09 16:03:28.957,11.62592,11.62871,0.00,0.00
2016.12.09 16:03:29.031,11.62599,11.62881,0.00,0.00
2016.12.09 16:03:29.232,11.62592,11.62871,0.00,0.00
2016.12.09 16:03:29.448,11.62619,11.62901,0.00,0.00
2016.12.09 16:03:29.550,11.62628,11.62909,0.00,0.00
2016.12.09 16:03:30.059,11.62601,11.62861,0.00,0.00
2016.12.09 16:03:30.234,11.62601,11.62882,0.00,0.00
2016.12.09 16:03:30.363,11.62609,11.62891,0.00,0.00
2016.12.09 16:03:30.967,11.62601,11.62872,0.00,0.00
2016.12.09 16:03:31.337,11.62618,11.62902,0.00,0.00
2016.12.09 16:03:31.672,11.62609,11.62891,0.00,0.00
2016.12.09 16:03:32.449,11.62619,11.62901,0.00,0.00
2016.12.09 16:03:32.766,11.62652,11.62912,0.00,0.00
2016.12.09 16:03:32.867,11.62651,11.62922,0.00,0.00
2016.12.09 16:03:32.968,11.62669,11.62949,0.00,0.00
2016.12.09 16:03:33.108,11.62651,11.62901,0.00,0.00
2016.12.09 16:03:33.242,11.62651,11.62921,0.00,0.00
2016.12.09 16:03:33.745,11.62658,11.62899,0.00,0.00
2016.12.09 16:03:33.846,11.62601,11.62862,0.00,0.00
2016.12.09 16:03:33.896,11.62691,11.62862,0.00,0.00
2016.12.09 16:03:33.947,11.62691,11.62952,0.00,0.00
2016.12.09 16:03:34.044,11.62691,11.62971,0.00,0.00
2016.12.09 16:03:34.244,11.62691,11.62941,0.00,0.00
2016.12.09 16:03:34.345,11.62691,11.62972,0.00,0.00
2016.12.09 16:03:34.395,11.62702,11.62972,0.00,0.00
2016.12.09 16:03:34.951,11.62702,11.62962,0.00,0.00
2016.12.09 16:03:35.280,11.62702,11.62972,0.00,0.00
2016.12.09 16:03:35.347,11.62702,11.62962,0.00,0.00
2016.12.09 16:03:35.462,11.62702,11.62972,0.00,0.00
2016.12.09 16:03:35.548,11.62702,11.62962,0.00,0.00
2016.12.09 16:03:35.855,11.62702,11.62982,0.00,0.00
2016.12.09 16:03:36.049,11.62702,11.62962,0.00,0.00
2016.12.09 16:03:36.351,11.62749,11.62952,0.00,0.00
2016.12.09 16:03:36.402,11.62712,11.62952,0.00,0.00
2016.12.09 16:03:36.453,11.62712,11.62992,0.00,0.00
2016.12.09 16:03:36.550,11.62712,11.62981,0.00,0.00
2016.12.09 16:03:37.006,11.62712,11.62952,0.00,0.00
2016.12.09 16:03:37.163,11.62712,11.62982,0.00,0.00
2016.12.09 16:03:37.352,11.62712,11.62952,0.00,0.00
2016.12.09 16:03:37.453,11.62712,11.62972,0.00,0.00
2016.12.09 16:03:37.784,11.62712,11.62952,0.00,0.00
2016.12.09 16:03:38.074,11.62712,11.62992,0.00,0.00
2016.12.09 16:03:38.257,11.62712,11.62942,0.00,0.00
2016.12.09 16:03:38.494,11.62712,11.62982,0.00,0.00
2016.12.09 16:03:38.655,11.62712,11.62952,0.00,0.00
2016.12.09 16:03:38.764,11.62712,11.62982,0.00,0.00
2016.12.09 16:03:38.817,11.62698,11.62982,0.00,0.00
2016.12.09 16:03:38.868,11.62691,11.62961,0.00,0.00
2016.12.09 16:03:39.209,11.62691,11.62942,0.00,0.00
2016.12.09 16:03:39.457,11.62691,11.62952,0.00,0.00
2016.12.09 16:03:39.560,11.62691,11.62931,0.00,0.00
2016.12.09 16:03:39.669,11.62691,11.62972,0.00,0.00
2016.12.09 16:03:40.159,11.62691,11.62962,0.00,0.00
2016.12.09 16:03:40.294,11.62691,11.62972,0.00,0.00
2016.12.09 16:03:40.561,11.62691,11.62952,0.00,0.00
2016.12.09 16:03:41.074,11.62691,11.62972,0.00,0.00
2016.12.09 16:03:41.263,11.62691,11.62951,0.00,0.00
2016.12.09 16:03:41.563,11.62691,11.62962,0.00,0.00
2016.12.09 16:03:41.993,11.62691,11.62951,0.00,0.00
2016.12.09 16:03:42.265,11.62698,11.62982,0.00,0.00
2016.12.09 16:03:42.656,11.62691,11.62941,0.00,0.00
2016.12.09 16:03:42.707,11.62691,11.62961,0.00,0.00
2016.12.09 16:03:42.766,11.62699,11.62981,0.00,0.00
2016.12.09 16:03:42.999,11.62691,11.62952,0.00,0.00
2016.12.09 16:03:43.100,11.62698,11.62982,0.00,0.00
2016.12.09 16:03:43.201,11.62728,11.63009,0.00,0.00
2016.12.09 16:03:43.302,11.62718,11.63002,0.00,0.00
2016.12.09 16:03:43.403,11.62711,11.62972,0.00,0.00
2016.12.09 16:03:43.707,11.62711,11.62962,0.00,0.00
2016.12.09 16:03:44.375,11.62711,11.62971,0.00,0.00
2016.12.09 16:03:45.071,11.62711,11.62951,0.00,0.00
2016.12.09 16:03:45.171,11.62711,11.62991,0.00,0.00
2016.12.09 16:03:45.480,11.62711,11.62981,0.00,0.00
2016.12.09 16:03:46.210,11.62711,11.62971,0.00,0.00
2016.12.09 16:03:46.274,11.62711,11.62991,0.00,0.00
2016.12.09 16:03:46.679,11.62711,11.62982,0.00,0.00
2016.12.09 16:03:46.780,11.62718,11.63002,0.00,0.00
2016.12.09 16:03:46.975,11.62711,11.62982,0.00,0.00
2016.12.09 16:03:47.276,11.62711,11.62952,0.00,0.00
2016.12.09 16:03:47.489,11.62711,11.62982,0.00,0.00
2016.12.09 16:03:48.025,11.62711,11.62952,0.00,0.00
2016.12.09 16:03:48.131,11.62711,11.62981,0.00,0.00
2016.12.09 16:03:48.278,11.62711,11.62952,0.00,0.00
2016.12.09 16:03:48.387,11.62711,11.62972,0.00,0.00
2016.12.09 16:03:48.498,11.62711,11.62992,0.00,0.00
2016.12.09 16:03:48.876,11.63239,11.63478,0.00,0.00
2016.12.09 16:03:48.927,11.63239,11.63559,0.00,0.00
2016.12.09 16:03:48.977,11.63151,11.63412,0.00,0.00
2016.12.09 16:03:49.081,11.63088,11.63372,0.00,0.00
2016.12.09 16:03:49.250,11.63079,11.63361,0.00,0.00
2016.12.09 16:03:49.562,11.63052,11.63321,0.00,0.00
2016.12.09 16:03:49.707,11.63058,11.63342,0.00,0.00
2016.12.09 16:03:49.918,11.63052,11.63331,0.00,0.00
2016.12.09 16:03:50.133,11.63048,11.63332,0.00,0.00
2016.12.09 16:03:50.183,11.63059,11.63341,0.00,0.00
2016.12.09 16:03:50.494,11.63061,11.63232,0.00,0.00
2016.12.09 16:03:50.643,11.63061,11.63242,0.00,0.00
2016.12.09 16:03:50.694,11.63061,11.63332,0.00,0.00
2016.12.09 16:03:50.830,11.63061,11.63341,0.00,0.00
2016.12.09 16:03:51.185,11.63061,11.63331,0.00,0.00
2016.12.09 16:03:51.497,11.63068,11.63352,0.00,0.00
2016.12.09 16:03:51.585,11.63061,11.63342,0.00,0.00
2016.12.09 16:03:51.913,11.63121,11.63331,0.00,0.00
2016.12.09 16:03:52.018,11.63032,11.63312,0.00,0.00
2016.12.09 16:03:52.119,11.63032,11.63291,0.00,0.00
2016.12.09 16:03:52.522,11.63032,11.63242,0.00,0.00
2016.12.09 16:03:52.719,11.63032,11.63252,0.00,0.00
2016.12.09 16:03:52.790,11.63032,11.63261,0.00,0.00
2016.12.09 16:03:52.894,11.63032,11.63241,0.00,0.00
2016.12.09 16:03:53.311,11.63032,11.63252,0.00,0.00
2016.12.09 16:03:53.999,11.63032,11.63262,0.00,0.00
2016.12.09 16:03:54.402,11.63031,11.63282,0.00,0.00
2016.12.09 16:03:54.523,11.63031,11.63272,0.00,0.00
2016.12.09 16:03:54.835,11.63031,11.63242,0.00,0.00
2016.12.09 16:03:54.937,11.63031,11.63252,0.00,0.00
2016.12.09 16:03:55.199,11.63031,11.63242,0.00,0.00
2016.12.09 16:03:55.917,11.63031,11.63272,0.00,0.00
2016.12.09 16:03:56.097,11.63031,11.63262,0.00,0.00
2016.12.09 16:03:56.204,11.63031,11.63272,0.00,0.00
2016.12.09 16:03:56.324,11.63031,11.63242,0.00,0.00
2016.12.09 16:03:56.509,11.63031,11.63252,0.00,0.00
2016.12.09 16:03:56.624,11.63031,11.63241,0.00,0.00
2016.12.09 16:03:56.799,11.63031,11.63251,0.00,0.00
2016.12.09 16:03:56.900,11.63031,11.63272,0.00,0.00
2016.12.09 16:03:57.366,11.63031,11.63262,0.00,0.00
2016.12.09 16:03:57.681,11.63022,11.63241,0.00,0.00
2016.12.09 16:03:57.732,11.63022,11.63251,0.00,0.00
2016.12.09 16:03:57.803,11.63022,11.63271,0.00,0.00
2016.12.09 16:03:58.034,11.63022,11.63251,0.00,0.00
2016.12.09 16:03:58.103,11.63022,11.63271,0.00,0.00
2016.12.09 16:03:58.518,11.63022,11.63261,0.00,0.00
2016.12.09 16:03:59.955,11.63101,11.63271,0.00,0.00
2016.12.09 16:04:00.109,11.63121,11.63292,0.00,0.00
2016.12.09 16:04:00.218,11.63112,11.63371,0.00,0.00
2016.12.09 16:04:00.319,11.63112,11.63361,0.00,0.00
2016.12.09 16:04:00.733,11.63112,11.63322,0.00,0.00
2016.12.09 16:04:00.843,11.63112,11.63332,0.00,0.00
2016.12.09 16:04:00.948,11.63191,11.63361,0.00,0.00
2016.12.09 16:04:00.999,11.63151,11.63361,0.00,0.00
2016.12.09 16:04:01.049,11.63151,11.63341,0.00,0.00
2016.12.09 16:04:01.111,11.63151,11.63421,0.00,0.00
2016.12.09 16:04:01.179,11.63151,11.63412,0.00,0.00
2016.12.09 16:04:01.230,11.63119,11.63401,0.00,0.00
2016.12.09 16:04:01.344,11.63101,11.63362,0.00,0.00
2016.12.09 16:04:01.673,11.63101,11.63332,0.00,0.00
2016.12.09 16:04:01.723,11.63101,11.63362,0.00,0.00
2016.12.09 16:04:01.812,11.63101,11.63332,0.00,0.00
2016.12.09 16:04:01.932,11.63101,11.63372,0.00,0.00
2016.12.09 16:04:02.113,11.63101,11.63332,0.00,0.00
2016.12.09 16:04:02.435,11.63101,11.63362,0.00,0.00
2016.12.09 16:04:02.538,11.63101,11.63332,0.00,0.00
2016.12.09 16:04:02.639,11.63101,11.63372,0.00,0.00
2016.12.09 16:04:02.816,11.63101,11.63352,0.00,0.00
2016.12.09 16:04:03.162,11.63101,11.63342,0.00,0.00
2016.12.09 16:04:03.762,11.63101,11.63351,0.00,0.00
2016.12.09 16:04:03.818,11.63101,11.63331,0.00,0.00
2016.12.09 16:04:04.245,11.63101,11.63352,0.00,0.00
2016.12.09 16:04:05.139,11.63101,11.63332,0.00,0.00
2016.12.09 16:04:05.424,11.63101,11.63341,0.00,0.00
2016.12.09 16:04:05.625,11.63101,11.63332,0.00,0.00
2016.12.09 16:04:06.240,11.63101,11.63342,0.00,0.00
2016.12.09 16:04:07.011,11.63092,11.63342,0.00,0.00
2016.12.09 16:04:07.129,11.63092,11.63331,0.00,0.00
2016.12.09 16:04:07.544,11.63092,11.63321,0.00,0.00
2016.12.09 16:04:08.140,11.63092,11.63322,0.00,0.00
2016.12.09 16:04:08.492,11.63081,11.63322,0.00,0.00
2016.12.09 16:04:08.543,11.63059,11.63298,0.00,0.00
2016.12.09 16:04:08.644,11.63018,11.63298,0.00,0.00
2016.12.09 16:04:08.767,11.62992,11.63221,0.00,0.00
2016.12.09 16:04:09.035,11.62992,11.63241,0.00,0.00
2016.12.09 16:04:09.147,11.62992,11.63261,0.00,0.00
2016.12.09 16:04:09.437,11.62992,11.63241,0.00,0.00
2016.12.09 16:04:09.567,11.62992,11.63261,0.00,0.00
2016.12.09 16:04:09.737,11.62992,11.63232,0.00,0.00
2016.12.09 16:04:09.854,11.62992,11.63262,0.00,0.00
2016.12.09 16:04:09.938,11.62992,11.63231,0.00,0.00
2016.12.09 16:04:10.038,11.62992,11.63262,0.00,0.00
2016.12.09 16:04:10.142,11.62992,11.63271,0.00,0.00
2016.12.09 16:04:10.243,11.62992,11.63261,0.00,0.00
2016.12.09 16:04:10.371,11.62992,11.63272,0.00,0.00
2016.12.09 16:04:10.475,11.63008,11.63292,0.00,0.00
2016.12.09 16:04:10.854,11.62992,11.63251,0.00,0.00
2016.12.09 16:04:11.167,11.62992,11.63241,0.00,0.00
2016.12.09 16:04:11.387,11.63038,11.63308,0.00,0.00
2016.12.09 16:04:11.441,11.63028,11.63308,0.00,0.00
2016.12.09 16:04:11.542,11.63012,11.63271,0.00,0.00
2016.12.09 16:04:11.875,11.63102,11.63282,0.00,0.00
2016.12.09 16:04:11.925,11.63111,11.63362,0.00,0.00
2016.12.09 16:04:12.089,11.63111,11.63321,0.00,0.00
2016.12.09 16:04:12.143,11.63111,11.63372,0.00,0.00
2016.12.09 16:04:12.389,11.63111,11.63361,0.00,0.00
2016.12.09 16:04:12.597,11.63111,11.63371,0.00,0.00
2016.12.09 16:04:13.159,11.63151,11.63371,0.00,0.00
2016.12.09 16:04:13.260,11.63151,11.63422,0.00,0.00
2016.12.09 16:04:13.311,11.63138,11.63409,0.00,0.00
2016.12.09 16:04:13.448,11.63128,11.63409,0.00,0.00
2016.12.09 16:04:13.572,11.63111,11.63361,0.00,0.00
2016.12.09 16:04:13.946,11.63111,11.63372,0.00,0.00
2016.12.09 16:04:14.264,11.63111,11.63391,0.00,0.00
2016.12.09 16:04:14.347,11.63111,11.63352,0.00,0.00
2016.12.09 16:04:14.458,11.63111,11.63361,0.00,0.00
2016.12.09 16:04:14.562,11.63111,11.63352,0.00,0.00
2016.12.09 16:04:14.647,11.63111,11.63381,0.00,0.00
2016.12.09 16:04:14.996,11.63101,11.63381,0.00,0.00
2016.12.09 16:04:15.048,11.63101,11.63362,0.00,0.00
2016.12.09 16:04:15.348,11.63101,11.63382,0.00,0.00
2016.12.09 16:04:15.649,11.63101,11.63372,0.00,0.00
2016.12.09 16:04:16.288,11.63202,11.63372,0.00,0.00
2016.12.09 16:04:16.489,11.63251,11.63502,0.00,0.00
2016.12.09 16:04:16.590,11.63301,11.63512,0.00,0.00
2016.12.09 16:04:16.752,11.63301,11.63542,0.00,0.00
2016.12.09 16:04:16.802,11.63311,11.63542,0.00,0.00
2016.12.09 16:04:16.853,11.63311,11.63562,0.00,0.00
2016.12.09 16:04:17.157,11.63311,11.63552,0.00,0.00
2016.12.09 16:04:17.260,11.63311,11.63562,0.00,0.00
2016.12.09 16:04:17.453,11.63311,11.63522,0.00,0.00
2016.12.09 16:04:17.646,11.63311,11.63551,0.00,0.00
2016.12.09 16:04:17.697,11.63312,11.63532,0.00,0.00
2016.12.09 16:04:17.799,11.63312,11.63561,0.00,0.00
2016.12.09 16:04:17.900,11.63312,11.63571,0.00,0.00
2016.12.09 16:04:17.955,11.63312,11.63562,0.00,0.00
2016.12.09 16:04:18.088,11.63312,11.63582,0.00,0.00
2016.12.09 16:04:18.266,11.63312,11.63561,0.00,0.00
2016.12.09 16:04:18.802,11.63312,11.63532,0.00,0.00
2016.12.09 16:04:18.856,11.63312,11.63552,0.00,0.00
2016.12.09 16:04:19.061,11.63339,11.63541,0.00,0.00
2016.12.09 16:04:19.112,11.63312,11.63541,0.00,0.00
2016.12.09 16:04:19.213,11.63351,11.63541,0.00,0.00
2016.12.09 16:04:19.263,11.63351,11.63612,0.00,0.00
2016.12.09 16:04:19.591,11.63401,11.63612,0.00,0.00
2016.12.09 16:04:19.641,11.63362,11.63612,0.00,0.00
2016.12.09 16:04:19.692,11.63362,11.63622,0.00,0.00
2016.12.09 16:04:19.793,11.63362,11.63612,0.00,0.00
2016.12.09 16:04:19.843,11.63352,11.63612,0.00,0.00
2016.12.09 16:04:19.894,11.63352,11.63622,0.00,0.00
2016.12.09 16:04:20.005,11.63352,11.63612,0.00,0.00
2016.12.09 16:04:20.413,11.63361,11.63611,0.00,0.00
2016.12.09 16:04:20.515,11.63329,11.63611,0.00,0.00
2016.12.09 16:04:20.616,11.63351,11.63611,0.00,0.00
2016.12.09 16:04:20.767,11.63311,11.63581,0.00,0.00
2016.12.09 16:04:20.868,11.63311,11.63572,0.00,0.00
2016.12.09 16:04:21.182,11.63401,11.63591,0.00,0.00
2016.12.09 16:04:21.233,11.63339,11.63591,0.00,0.00
2016.12.09 16:04:21.284,11.63348,11.63612,0.00,0.00
2016.12.09 16:04:21.334,11.63401,11.63612,0.00,0.00
2016.12.09 16:04:21.597,11.63406,11.63661,0.00,0.00
2016.12.09 16:04:21.762,11.63406,11.63631,0.00,0.00
2016.12.09 16:04:21.863,11.63406,11.63661,0.00,0.00
2016.12.09 16:04:21.998,11.63406,11.63632,0.00,0.00
2016.12.09 16:04:22.318,11.63401,11.63632,0.00,0.00
2016.12.09 16:04:22.369,11.63401,11.63642,0.00,0.00
2016.12.09 16:04:22.484,11.63401,11.63621,0.00,0.00
2016.12.09 16:04:22.679,11.63351,11.63612,0.00,0.00
2016.12.09 16:04:22.779,11.63351,11.63601,0.00,0.00
2016.12.09 16:04:22.898,11.63301,11.63571,0.00,0.00
2016.12.09 16:04:22.999,11.63301,11.63582,0.00,0.00
2016.12.09 16:04:23.065,11.63301,11.63552,0.00,0.00
2016.12.09 16:04:23.486,11.63301,11.63541,0.00,0.00
2016.12.09 16:04:23.788,11.63301,11.63572,0.00,0.00
2016.12.09 16:04:23.867,11.63301,11.63542,0.00,0.00
2016.12.09 16:04:24.261,11.63336,11.63542,0.00,0.00
2016.12.09 16:04:24.311,11.63336,11.63571,0.00,0.00
2016.12.09 16:04:24.362,11.63356,11.63571,0.00,0.00
2016.12.09 16:04:24.412,11.63356,11.63582,0.00,0.00
2016.12.09 16:04:24.513,11.63356,11.63612,0.00,0.00
2016.12.09 16:04:24.570,11.63356,11.63592,0.00,0.00
2016.12.09 16:04:24.884,11.63406,11.63601,0.00,0.00
2016.12.09 16:04:24.990,11.63406,11.63621,0.00,0.00
2016.12.09 16:04:25.071,11.63406,11.63642,0.00,0.00
2016.12.09 16:04:25.382,11.63411,11.63611,0.00,0.00
2016.12.09 16:04:25.718,11.63411,11.63592,0.00,0.00
2016.12.09 16:04:25.820,11.63411,11.63611,0.00,0.00
2016.12.09 16:04:25.871,11.63329,11.63611,0.00,0.00
2016.12.09 16:04:25.921,11.63358,11.63612,0.00,0.00
2016.12.09 16:04:25.974,11.63329,11.63611,0.00,0.00
2016.12.09 16:04:26.075,11.63321,11.63552,0.00,0.00
2016.12.09 16:04:26.285,11.63321,11.63571,0.00,0.00
2016.12.09 16:04:26.336,11.63312,11.63571,0.00,0.00
2016.12.09 16:04:26.386,11.63312,11.63542,0.00,0.00
2016.12.09 16:04:26.743,11.63312,11.63522,0.00,0.00
2016.12.09 16:04:27.378,11.63312,11.63542,0.00,0.00
2016.12.09 16:04:27.429,11.63352,11.63542,0.00,0.00
2016.12.09 16:04:27.679,11.63402,11.63642,0.00,0.00
2016.12.09 16:04:27.730,11.63358,11.63618,0.00,0.00
2016.12.09 16:04:27.780,11.63368,11.63618,0.00,0.00
2016.12.09 16:04:27.903,11.63358,11.63612,0.00,0.00
2016.12.09 16:04:28.004,11.63322,11.63561,0.00,0.00
2016.12.09 16:04:28.080,11.63322,11.63592,0.00,0.00
2016.12.09 16:04:28.207,11.63322,11.63571,0.00,0.00
2016.12.09 16:04:28.519,11.63322,11.63551,0.00,0.00
2016.12.09 16:04:28.938,11.63322,11.63562,0.00,0.00
2016.12.09 16:04:28.992,11.63322,11.63551,0.00,0.00
2016.12.09 16:04:29.484,11.63322,11.63561,0.00,0.00
2016.12.09 16:04:29.596,11.63311,11.63542,0.00,0.00
2016.12.09 16:04:29.885,11.63311,11.63572,0.00,0.00
2016.12.09 16:04:29.994,11.63311,11.63581,0.00,0.00
2016.12.09 16:04:30.186,11.63311,11.63591,0.00,0.00
2016.12.09 16:04:30.286,11.63311,11.63552,0.00,0.00
2016.12.09 16:04:30.587,11.63311,11.63562,0.00,0.00
2016.12.09 16:04:31.014,11.63311,11.63551,0.00,0.00
2016.12.09 16:04:31.395,11.63311,11.63571,0.00,0.00
2016.12.09 16:04:31.617,11.63311,11.63552,0.00,0.00
2016.12.09 16:04:31.718,11.63311,11.63562,0.00,0.00
2016.12.09 16:04:32.004,11.63356,11.63562,0.00,0.00
2016.12.09 16:04:32.105,11.63356,11.63592,0.00,0.00
2016.12.09 16:04:32.206,11.63356,11.63632,0.00,0.00
2016.12.09 16:04:32.353,11.63348,11.63632,0.00,0.00
2016.12.09 16:04:32.583,11.63377,11.63632,0.00,0.00
2016.12.09 16:04:32.734,11.63377,11.63651,0.00,0.00
2016.12.09 16:04:32.892,11.63379,11.63661,0.00,0.00
2016.12.09 16:04:33.113,11.63379,11.63641,0.00,0.00
2016.12.09 16:04:33.433,11.63382,11.63611,0.00,0.00
2016.12.09 16:04:33.493,11.63382,11.63632,0.00,0.00
2016.12.09 16:04:33.544,11.63348,11.63612,0.00,0.00
2016.12.09 16:04:33.695,11.63301,11.63562,0.00,0.00
2016.12.09 16:04:33.840,11.63309,11.63591,0.00,0.00
2016.12.09 16:04:34.596,11.63298,11.63582,0.00,0.00
2016.12.09 16:04:34.706,11.63281,11.63542,0.00,0.00
2016.12.09 16:04:35.016,11.63281,11.63521,0.00,0.00
2016.12.09 16:04:35.117,11.63288,11.63541,0.00,0.00
2016.12.09 16:04:35.247,11.63288,11.63572,0.00,0.00
2016.12.09 16:04:35.348,11.63298,11.63582,0.00,0.00
2016.12.09 16:04:35.686,11.63281,11.63541,0.00,0.00
2016.12.09 16:04:35.919,11.63281,11.63552,0.00,0.00
2016.12.09 16:04:36.105,11.63281,11.63562,0.00,0.00
2016.12.09 16:04:36.156,11.63572,11.63697,0.00,0.00
2016.12.09 16:04:36.332,11.63681,11.63781,0.00,0.00
2016.12.09 16:04:36.383,11.63591,11.63762,0.00,0.00
2016.12.09 16:04:36.500,11.63591,11.63822,0.00,0.00
2016.12.09 16:04:36.600,11.63591,11.63802,0.00,0.00
2016.12.09 16:04:36.704,11.63591,11.63842,0.00,0.00
2016.12.09 16:04:37.218,11.63591,11.63811,0.00,0.00
2016.12.09 16:04:37.602,11.63591,11.63842,0.00,0.00
2016.12.09 16:04:37.803,11.63591,11.63812,0.00,0.00
2016.12.09 16:04:38.130,11.63591,11.63792,0.00,0.00
2016.12.09 16:04:38.348,11.63591,11.63812,0.00,0.00
2016.12.09 16:04:38.449,11.63591,11.63782,0.00,0.00
2016.12.09 16:04:38.504,11.63591,11.63822,0.00,0.00
2016.12.09 16:04:38.604,11.63591,11.63812,0.00,0.00
2016.12.09 16:04:38.954,11.63591,11.63821,0.00,0.00
2016.12.09 16:04:39.072,11.63581,11.63821,0.00,0.00
2016.12.09 16:04:39.123,11.63581,11.63792,0.00,0.00
2016.12.09 16:04:39.407,11.63581,11.63821,0.00,0.00
2016.12.09 16:04:39.807,11.63581,11.63802,0.00,0.00
2016.12.09 16:04:40.013,11.63498,11.63782,0.00,0.00
2016.12.09 16:04:40.064,11.63531,11.63782,0.00,0.00
2016.12.09 16:04:40.392,11.63531,11.63752,0.00,0.00
2016.12.09 16:04:40.443,11.63531,11.63772,0.00,0.00
2016.12.09 16:04:40.627,11.63531,11.63751,0.00,0.00
2016.12.09 16:04:40.728,11.63531,11.63762,0.00,0.00
2016.12.09 16:04:41.110,11.63531,11.63752,0.00,0.00
2016.12.09 16:04:42.021,11.63531,11.63761,0.00,0.00
2016.12.09 16:04:42.112,11.63531,11.63752,0.00,0.00
2016.12.09 16:04:42.559,11.63531,11.63761,0.00,0.00
2016.12.09 16:04:42.756,11.63531,11.63751,0.00,0.00
2016.12.09 16:04:43.018,11.63531,11.63761,0.00,0.00
2016.12.09 16:04:43.467,11.63481,11.63752,0.00,0.00
2016.12.09 16:04:43.670,11.63481,11.63732,0.00,0.00
2016.12.09 16:04:43.720,11.63481,11.63752,0.00,0.00
2016.12.09 16:04:43.824,11.63572,11.63761,0.00,0.00
2016.12.09 16:04:43.925,11.63572,11.63781,0.00,0.00
2016.12.09 16:04:44.026,11.63572,11.63812,0.00,0.00
2016.12.09 16:04:44.146,11.63572,11.63782,0.00,0.00
2016.12.09 16:04:44.422,11.63572,11.63812,0.00,0.00
2016.12.09 16:04:44.545,11.63572,11.63782,0.00,0.00
2016.12.09 16:04:44.843,11.63572,11.63801,0.00,0.00
2016.12.09 16:04:44.894,11.63531,11.63801,0.00,0.00
2016.12.09 16:04:44.944,11.63572,11.63762,0.00,0.00
2016.12.09 16:04:45.100,11.63572,11.63792,0.00,0.00
2016.12.09 16:04:45.151,11.63572,11.63832,0.00,0.00
2016.12.09 16:04:45.364,11.63572,11.63781,0.00,0.00
2016.12.09 16:04:45.420,11.63572,11.63801,0.00,0.00
2016.12.09 16:04:45.520,11.63572,11.63832,0.00,0.00
2016.12.09 16:04:45.657,11.63572,11.63791,0.00,0.00
2016.12.09 16:04:45.862,11.63572,11.63831,0.00,0.00
2016.12.09 16:04:46.046,11.63572,11.63841,0.00,0.00
2016.12.09 16:04:46.241,11.63572,11.63801,0.00,0.00
2016.12.09 16:04:46.441,11.63572,11.63822,0.00,0.00
2016.12.09 16:04:46.558,11.63572,11.63812,0.00,0.00
2016.12.09 16:04:46.922,11.63572,11.63821,0.00,0.00
2016.12.09 16:04:47.224,11.63572,11.63811,0.00,0.00
2016.12.09 16:04:47.583,11.63572,11.63781,0.00,0.00
2016.12.09 16:04:47.633,11.63572,11.63792,0.00,0.00
2016.12.09 16:04:47.737,11.63572,11.63832,0.00,0.00
2016.12.09 16:04:47.850,11.63572,11.63851,0.00,0.00
2016.12.09 16:04:48.078,11.63572,11.63842,0.00,0.00
2016.12.09 16:04:48.557,11.63572,11.63821,0.00,0.00
2016.12.09 16:04:48.764,11.63572,11.63842,0.00,0.00
2016.12.09 16:04:48.826,11.63578,11.63851,0.00,0.00
2016.12.09 16:04:49.226,11.63572,11.63851,0.00,0.00
2016.12.09 16:04:49.327,11.63572,11.63832,0.00,0.00
2016.12.09 16:04:49.662,11.63621,11.63841,0.00,0.00
2016.12.09 16:04:49.859,11.63588,11.63872,0.00,0.00
2016.12.09 16:04:49.910,11.63588,11.63852,0.00,0.00
2016.12.09 16:04:49.960,11.63582,11.63852,0.00,0.00
2016.12.09 16:04:50.063,11.63582,11.63811,0.00,0.00
2016.12.09 16:04:50.230,11.63582,11.63842,0.00,0.00
2016.12.09 16:04:50.467,11.63582,11.63811,0.00,0.00
2016.12.09 16:04:50.530,11.63582,11.63842,0.00,0.00
2016.12.09 16:04:50.636,11.63582,11.63832,0.00,0.00
2016.12.09 16:04:50.941,11.63582,11.63812,0.00,0.00
2016.12.09 16:04:51.408,11.63582,11.63801,0.00,0.00
2016.12.09 16:04:51.849,11.63582,11.63812,0.00,0.00
2016.12.09 16:04:52.033,11.63582,11.63791,0.00,0.00
2016.12.09 16:04:52.234,11.63582,11.63821,0.00,0.00
2016.12.09 16:04:52.553,11.63561,11.63791,0.00,0.00
2016.12.09 16:04:52.857,11.63561,11.63762,0.00,0.00
2016.12.09 16:04:52.984,11.63561,11.63771,0.00,0.00
2016.12.09 16:04:53.085,11.63561,11.63792,0.00,0.00
2016.12.09 16:04:53.137,11.63561,11.63802,0.00,0.00
2016.12.09 16:04:53.319,11.63518,11.63752,0.00,0.00
2016.12.09 16:04:53.370,11.63489,11.63752,0.00,0.00
2016.12.09 16:04:53.470,11.63471,11.63681,0.00,0.00
2016.12.09 16:04:53.646,11.63471,11.63712,0.00,0.00
2016.12.09 16:04:53.826,11.63471,11.63702,0.00,0.00
2016.12.09 16:04:54.171,11.63471,11.63722,0.00,0.00
2016.12.09 16:04:54.740,11.63471,11.63712,0.00,0.00
2016.12.09 16:04:55.441,11.63471,11.63722,0.00,0.00
2016.12.09 16:04:55.549,11.63471,11.63731,0.00,0.00
2016.12.09 16:04:55.599,11.63481,11.63731,0.00,0.00
2016.12.09 16:04:55.918,11.63582,11.63811,0.00,0.00
2016.12.09 16:04:56.289,11.63582,11.63821,0.00,0.00
2016.12.09 16:04:56.484,11.63582,11.63791,0.00,0.00
2016.12.09 16:04:56.822,11.63508,11.63752,0.00,0.00
2016.12.09 16:04:56.873,11.63518,11.63752,0.00,0.00
2016.12.09 16:04:57.170,11.63501,11.63742,0.00,0.00
2016.12.09 16:04:57.272,11.63501,11.63731,0.00,0.00
2016.12.09 16:04:57.389,11.63501,11.63752,0.00,0.00
2016.12.09 16:04:57.445,11.63501,11.63721,0.00,0.00
2016.12.09 16:04:57.769,11.63501,11.63752,0.00,0.00
2016.12.09 16:04:57.874,11.63501,11.63722,0.00,0.00
2016.12.09 16:04:58.203,11.63501,11.63712,0.00,0.00
2016.12.09 16:04:58.389,11.63501,11.63752,0.00,0.00
2016.12.09 16:04:58.562,11.63501,11.63742,0.00,0.00
2016.12.09 16:04:58.963,11.63501,11.63722,0.00,0.00
2016.12.09 16:04:59.014,11.63492,11.63722,0.00,0.00
2016.12.09 16:04:59.217,11.63492,11.63752,0.00,0.00
2016.12.09 16:04:59.268,11.63492,11.63711,0.00,0.00
2016.12.09 16:04:59.749,11.63492,11.63742,0.00,0.00
2016.12.09 16:04:59.849,11.63492,11.63711,0.00,0.00
2016.12.09 16:04:59.957,11.63492,11.63741,0.00,0.00
2016.12.09 16:05:00.485,11.63492,11.63721,0.00,0.00
2016.12.09 16:05:00.968,11.63492,11.63741,0.00,0.00
2016.12.09 16:05:01.069,11.63492,11.63711,0.00,0.00
2016.12.09 16:05:01.358,11.63492,11.63742,0.00,0.00
2016.12.09 16:05:01.553,11.63492,11.63712,0.00,0.00
2016.12.09 16:05:01.751,11.63492,11.63741,0.00,0.00
2016.12.09 16:05:02.190,11.63492,11.63722,0.00,0.00
2016.12.09 16:05:02.252,11.63492,11.63742,0.00,0.00
2016.12.09 16:05:02.762,11.63572,11.63731,0.00,0.00
2016.12.09 16:05:02.865,11.63572,11.63821,0.00,0.00
2016.12.09 16:05:02.953,11.63572,11.63842,0.00,0.00
2016.12.09 16:05:03.301,11.63572,11.63832,0.00,0.00
2016.12.09 16:05:03.654,11.63572,11.63842,0.00,0.00
2016.12.09 16:05:03.790,11.63572,11.63792,0.00,0.00
2016.12.09 16:05:04.255,11.63572,11.63802,0.00,0.00
2016.12.09 16:05:04.968,11.63572,11.63822,0.00,0.00
2016.12.09 16:05:05.069,11.63579,11.63851,0.00,0.00
2016.12.09 16:05:05.178,11.63572,11.63851,0.00,0.00
2016.12.09 16:05:05.257,11.63572,11.63832,0.00,0.00
2016.12.09 16:05:05.595,11.63572,11.63812,0.00,0.00
2016.12.09 16:05:05.902,11.63572,11.63832,0.00,0.00
2016.12.09 16:05:06.892,11.63681,11.63832,0.00,0.00
2016.12.09 16:05:07.094,11.63681,11.63911,0.00,0.00
2016.12.09 16:05:07.160,11.63681,11.63951,0.00,0.00
2016.12.09 16:05:07.261,11.63681,11.63912,0.00,0.00
2016.12.09 16:05:07.607,11.63681,11.63892,0.00,0.00
2016.12.09 16:05:07.708,11.63681,11.63902,0.00,0.00
2016.12.09 16:05:07.810,11.63681,11.63942,0.00,0.00
2016.12.09 16:05:07.956,11.63681,11.63932,0.00,0.00
2016.12.09 16:05:08.007,11.63682,11.63941,0.00,0.00
2016.12.09 16:05:08.168,11.63682,11.63932,0.00,0.00
2016.12.09 16:05:09.112,11.63682,11.63902,0.00,0.00
2016.12.09 16:05:09.165,11.63682,11.63912,0.00,0.00
2016.12.09 16:05:09.275,11.63682,11.63922,0.00,0.00
2016.12.09 16:05:09.375,11.63682,11.63892,0.00,0.00
2016.12.09 16:05:09.594,11.63682,11.63901,0.00,0.00
2016.12.09 16:05:09.747,11.63682,11.63892,0.00,0.00
2016.12.09 16:05:09.798,11.63682,11.63922,0.00,0.00
2016.12.09 16:05:10.206,11.63682,11.63901,0.00,0.00
2016.12.09 16:05:10.256,11.63638,11.63901,0.00,0.00
2016.12.09 16:05:10.307,11.63629,11.63901,0.00,0.00
2016.12.09 16:05:10.357,11.63629,11.63852,0.00,0.00
2016.12.09 16:05:10.408,11.63582,11.63821,0.00,0.00
2016.12.09 16:05:10.617,11.63671,11.63852,0.00,0.00
2016.12.09 16:05:10.768,11.63671,11.63892,0.00,0.00
2016.12.09 16:05:10.993,11.63621,11.63891,0.00,0.00
2016.12.09 16:05:11.094,11.63589,11.63852,0.00,0.00
2016.12.09 16:05:11.419,11.63582,11.63822,0.00,0.00
2016.12.09 16:05:11.722,11.63571,11.63782,0.00,0.00
2016.12.09 16:05:11.874,11.63571,11.63811,0.00,0.00
2016.12.09 16:05:12.071,11.63571,11.63772,0.00,0.00
2016.12.09 16:05:13.072,11.63571,11.63792,0.00,0.00
2016.12.09 16:05:13.244,11.63571,11.63772,0.00,0.00
2016.12.09 16:05:13.295,11.63571,11.63811,0.00,0.00
2016.12.09 16:05:13.398,11.63571,11.63831,0.00,0.00
2016.12.09 16:05:13.512,11.63571,11.63812,0.00,0.00
2016.12.09 16:05:13.829,11.63571,11.63772,0.00,0.00
2016.12.09 16:05:13.880,11.63571,11.63792,0.00,0.00
2016.12.09 16:05:13.981,11.63571,11.63782,0.00,0.00
2016.12.09 16:05:14.082,11.63571,11.63801,0.00,0.00
2016.12.09 16:05:14.253,11.63571,11.63782,0.00,0.00
2016.12.09 16:05:14.417,11.63592,11.63811,0.00,0.00
2016.12.09 16:05:14.476,11.63592,11.63842,0.00,0.00
2016.12.09 16:05:14.713,11.63591,11.63832,0.00,0.00
2016.12.09 16:05:14.814,11.63591,11.63842,0.00,0.00
2016.12.09 16:05:15.022,11.63591,11.63812,0.00,0.00
2016.12.09 16:05:15.277,11.63591,11.63821,0.00,0.00
2016.12.09 16:05:15.379,11.63591,11.63801,0.00,0.00
2016.12.09 16:05:15.719,11.63591,11.63791,0.00,0.00
2016.12.09 16:05:15.907,11.63591,11.63831,0.00,0.00
2016.12.09 16:05:16.025,11.63591,11.63802,0.00,0.00
2016.12.09 16:05:16.078,11.63591,11.63842,0.00,0.00
2016.12.09 16:05:16.305,11.63591,11.63831,0.00,0.00
2016.12.09 16:05:16.625,11.63591,11.63792,0.00,0.00
2016.12.09 16:05:16.929,11.63591,11.63821,0.00,0.00
2016.12.09 16:05:16.980,11.63591,11.63812,0.00,0.00
2016.12.09 16:05:17.081,11.63591,11.63822,0.00,0.00
2016.12.09 16:05:17.194,11.63591,11.63802,0.00,0.00
2016.12.09 16:05:17.280,11.63591,11.63832,0.00,0.00
2016.12.09 16:05:17.822,11.63681,11.63841,0.00,0.00
2016.12.09 16:05:17.881,11.63681,11.63902,0.00,0.00
2016.12.09 16:05:18.325,11.63681,11.63891,0.00,0.00
2016.12.09 16:05:18.653,11.63701,11.63901,0.00,0.00
2016.12.09 16:05:18.703,11.63701,11.63921,0.00,0.00
2016.12.09 16:05:18.912,11.63701,11.63891,0.00,0.00
2016.12.09 16:05:19.083,11.63701,11.63902,0.00,0.00
2016.12.09 16:05:19.385,11.63701,11.63922,0.00,0.00
2016.12.09 16:05:19.684,11.63701,11.63892,0.00,0.00
2016.12.09 16:05:20.084,11.63701,11.63912,0.00,0.00
2016.12.09 16:05:20.326,11.63701,11.63932,0.00,0.00
2016.12.09 16:05:20.629,11.63701,11.63901,0.00,0.00
2016.12.09 16:05:20.833,11.63701,11.63911,0.00,0.00
2016.12.09 16:05:20.888,11.63701,11.63931,0.00,0.00
2016.12.09 16:05:21.006,11.63701,11.63902,0.00,0.00
2016.12.09 16:05:21.534,11.63782,11.63902,0.00,0.00
2016.12.09 16:05:21.695,11.63692,11.63911,0.00,0.00
2016.12.09 16:05:21.796,11.63692,11.63881,0.00,0.00
2016.12.09 16:05:22.108,11.63692,11.63921,0.00,0.00
2016.12.09 16:05:22.215,11.63692,11.63931,0.00,0.00
2016.12.09 16:05:22.320,11.63731,11.63931,0.00,0.00
2016.12.09 16:05:22.421,11.63731,11.63951,0.00,0.00
2016.12.09 16:05:22.609,11.63731,11.63912,0.00,0.00
2016.12.09 16:05:22.834,11.63731,11.63932,0.00,0.00
2016.12.09 16:05:22.935,11.63731,11.63941,0.00,0.00
2016.12.09 16:05:22.986,11.63692,11.63941,0.00,0.00
2016.12.09 16:05:23.037,11.63692,11.63911,0.00,0.00
2016.12.09 16:05:23.340,11.63692,11.63882,0.00,0.00
2016.12.09 16:05:23.724,11.63692,11.63852,0.00,0.00
2016.12.09 16:05:24.104,11.63692,11.63871,0.00,0.00
2016.12.09 16:05:24.298,11.63692,11.63862,0.00,0.00
2016.12.09 16:05:24.521,11.63692,11.63871,0.00,0.00
2016.12.09 16:05:24.643,11.63692,11.63901,0.00,0.00
2016.12.09 16:05:24.794,11.63771,11.63901,0.00,0.00
2016.12.09 16:05:24.845,11.63771,11.63931,0.00,0.00
2016.12.09 16:05:24.899,11.63771,11.63922,0.00,0.00
2016.12.09 16:05:24.950,11.63731,11.63922,0.00,0.00
2016.12.09 16:05:25.000,11.63771,11.63951,0.00,0.00
2016.12.09 16:05:25.051,11.63732,11.63951,0.00,0.00
2016.12.09 16:05:25.248,11.63732,11.63911,0.00,0.00
2016.12.09 16:05:25.300,11.63732,11.63922,0.00,0.00
2016.12.09 16:05:25.422,11.63732,11.63912,0.00,0.00
2016.12.09 16:05:25.530,11.63732,11.63942,0.00,0.00
2016.12.09 16:05:25.923,11.63772,11.63901,0.00,0.00
2016.12.09 16:05:26.024,11.63772,11.63941,0.00,0.00
2016.12.09 16:05:26.125,11.63691,11.63961,0.00,0.00
2016.12.09 16:05:26.226,11.63691,11.63951,0.00,0.00
2016.12.09 16:05:26.551,11.63731,11.63951,0.00,0.00
2016.12.09 16:05:26.747,11.63691,11.63951,0.00,0.00
2016.12.09 16:05:26.798,11.63731,11.63951,0.00,0.00
2016.12.09 16:05:27.101,11.63731,11.63941,0.00,0.00
2016.12.09 16:05:27.151,11.63731,11.63961,0.00,0.00
2016.12.09 16:05:27.448,11.63731,11.63941,0.00,0.00
2016.12.09 16:05:27.766,11.63771,11.63941,0.00,0.00
2016.12.09 16:05:27.817,11.63771,11.63962,0.00,0.00
2016.12.09 16:05:27.929,11.63771,11.63982,0.00,0.00
2016.12.09 16:05:28.108,11.63771,11.63992,0.00,0.00
2016.12.09 16:05:28.210,11.63731,11.63992,0.00,0.00
2016.12.09 16:05:28.360,11.63731,11.63951,0.00,0.00
2016.12.09 16:05:28.412,11.63691,11.63922,0.00,0.00
2016.12.09 16:05:28.509,11.63691,11.63901,0.00,0.00
2016.12.09 16:05:28.709,11.63691,11.63911,0.00,0.00
2016.12.09 16:05:29.438,11.63732,11.63922,0.00,0.00
2016.12.09 16:05:29.488,11.63692,11.63922,0.00,0.00
2016.12.09 16:05:29.539,11.63692,11.63931,0.00,0.00
2016.12.09 16:05:29.759,11.63692,11.63892,0.00,0.00
2016.12.09 16:05:30.147,11.63731,11.63892,0.00,0.00
2016.12.09 16:05:30.248,11.63731,11.63932,0.00,0.00
2016.12.09 16:05:30.449,11.63731,11.63951,0.00,0.00
2016.12.09 16:05:30.550,11.63731,11.63921,0.00,0.00
2016.12.09 16:05:30.744,11.63731,11.63942,0.00,0.00
2016.12.09 16:05:30.794,11.63761,11.63942,0.00,0.00
2016.12.09 16:05:30.895,11.63682,11.63922,0.00,0.00
2016.12.09 16:05:30.998,11.63762,11.63922,0.00,0.00
2016.12.09 16:05:31.049,11.63762,11.63952,0.00,0.00
2016.12.09 16:05:31.150,11.63762,11.63932,0.00,0.00
2016.12.09 16:05:31.252,11.63762,11.63942,0.00,0.00
2016.12.09 16:05:31.315,11.63762,11.63972,0.00,0.00
2016.12.09 16:05:31.434,11.63762,11.63951,0.00,0.00
2016.12.09 16:05:31.547,11.63762,11.63982,0.00,0.00
2016.12.09 16:05:31.816,11.63762,11.63961,0.00,0.00
2016.12.09 16:05:31.937,11.63762,11.63981,0.00,0.00
2016.12.09 16:05:32.556,11.63762,11.63952,0.00,0.00
2016.12.09 16:05:32.619,11.63762,11.63991,0.00,0.00
2016.12.09 16:05:32.725,11.63762,11.64002,0.00,0.00
2016.12.09 16:05:32.836,11.63762,11.64011,0.00,0.00
2016.12.09 16:05:32.948,11.63762,11.63982,0.00,0.00
2016.12.09 16:05:33.061,11.63762,11.64021,0.00,0.00
2016.12.09 16:05:33.121,11.63762,11.63992,0.00,0.00
2016.12.09 16:05:33.237,11.63762,11.64031,0.00,0.00
2016.12.09 16:05:33.460,11.63762,11.64021,0.00,0.00
2016.12.09 16:05:33.795,11.63852,11.64082,0.00,0.00
2016.12.09 16:05:33.846,11.63852,11.64091,0.00,0.00
2016.12.09 16:05:33.896,11.63872,11.64091,0.00,0.00
2016.12.09 16:05:34.049,11.63872,11.64102,0.00,0.00
2016.12.09 16:05:34.159,11.63872,11.64122,0.00,0.00
2016.12.09 16:05:34.324,11.63872,11.64082,0.00,0.00
2016.12.09 16:05:34.425,11.63872,11.64122,0.00,0.00
2016.12.09 16:05:34.526,11.63872,11.64101,0.00,0.00
2016.12.09 16:05:34.835,11.63872,11.64132,0.00,0.00
2016.12.09 16:05:35.158,11.63872,11.64101,0.00,0.00
2016.12.09 16:05:35.227,11.63872,11.64132,0.00,0.00
2016.12.09 16:05:35.434,11.63872,11.64102,0.00,0.00
2016.12.09 16:05:35.663,11.63872,11.64112,0.00,0.00
2016.12.09 16:05:35.729,11.63872,11.64132,0.00,0.00
2016.12.09 16:05:35.972,11.63872,11.64112,0.00,0.00
2016.12.09 16:05:36.350,11.63872,11.64072,0.00,0.00
2016.12.09 16:05:36.745,11.63872,11.64092,0.00,0.00
2016.12.09 16:05:36.850,11.63872,11.64111,0.00,0.00
2016.12.09 16:05:37.032,11.63872,11.64091,0.00,0.00
2016.12.09 16:05:37.276,11.63872,11.64112,0.00,0.00
2016.12.09 16:05:37.333,11.63872,11.64072,0.00,0.00
2016.12.09 16:05:37.683,11.63872,11.64101,0.00,0.00
2016.12.09 16:05:37.734,11.63872,11.64071,0.00,0.00
2016.12.09 16:05:38.231,11.63872,11.64101,0.00,0.00
2016.12.09 16:05:38.535,11.63872,11.64082,0.00,0.00
2016.12.09 16:05:38.936,11.63872,11.64101,0.00,0.00
2016.12.09 16:05:39.359,11.63872,11.64082,0.00,0.00
2016.12.09 16:05:39.638,11.63872,11.64112,0.00,0.00
2016.12.09 16:05:39.938,11.63872,11.64092,0.00,0.00
2016.12.09 16:05:40.047,11.63872,11.64112,0.00,0.00
2016.12.09 16:05:40.266,11.63872,11.64102,0.00,0.00
2016.12.09 16:05:40.340,11.63872,11.64121,0.00,0.00
2016.12.09 16:05:40.572,11.63798,11.64082,0.00,0.00
2016.12.09 16:05:40.677,11.63782,11.64062,0.00,0.00
2016.12.09 16:05:41.004,11.63782,11.64031,0.00,0.00
2016.12.09 16:05:41.345,11.63782,11.64022,0.00,0.00
2016.12.09 16:05:41.974,11.63782,11.64001,0.00,0.00
2016.12.09 16:05:42.044,11.63782,11.64041,0.00,0.00
2016.12.09 16:05:42.671,11.63782,11.64012,0.00,0.00
2016.12.09 16:05:42.780,11.63782,11.64041,0.00,0.00
2016.12.09 16:05:42.947,11.63782,11.64032,0.00,0.00
2016.12.09 16:05:43.146,11.63782,11.64042,0.00,0.00
2016.12.09 16:05:43.301,11.63861,11.64042,0.00,0.00
2016.12.09 16:05:43.452,11.63861,11.64081,0.00,0.00
2016.12.09 16:05:43.781,11.63861,11.64092,0.00,0.00
2016.12.09 16:05:44.148,11.63861,11.64112,0.00,0.00
2016.12.09 16:05:44.550,11.63861,11.64101,0.00,0.00
2016.12.09 16:05:44.687,11.63861,11.64122,0.00,0.00
2016.12.09 16:05:44.952,11.63861,11.64132,0.00,0.00
2016.12.09 16:05:45.152,11.63861,11.64122,0.00,0.00
2016.12.09 16:05:45.657,11.63861,11.64082,0.00,0.00
2016.12.09 16:05:45.963,11.63861,11.64102,0.00,0.00
2016.12.09 16:05:46.153,11.63861,11.64112,0.00,0.00
2016.12.09 16:05:46.253,11.63861,11.64102,0.00,0.00
2016.12.09 16:05:46.802,11.63861,11.64091,0.00,0.00
2016.12.09 16:05:47.394,11.63861,11.64101,0.00,0.00
2016.12.09 16:05:47.495,11.63861,11.64082,0.00,0.00
2016.12.09 16:05:47.912,11.63861,11.64072,0.00,0.00
2016.12.09 16:05:48.208,11.63788,11.64072,0.00,0.00
2016.12.09 16:05:48.259,11.63808,11.64092,0.00,0.00
2016.12.09 16:05:48.721,11.63782,11.64032,0.00,0.00
2016.12.09 16:05:49.050,11.63782,11.64012,0.00,0.00
2016.12.09 16:05:49.260,11.63782,11.64041,0.00,0.00
2016.12.09 16:05:49.461,11.63782,11.64022,0.00,0.00
2016.12.09 16:05:49.661,11.63782,11.64042,0.00,0.00
2016.12.09 16:05:49.762,11.63782,11.64022,0.00,0.00
2016.12.09 16:05:50.091,11.63771,11.64022,0.00,0.00
2016.12.09 16:05:50.162,11.63771,11.64012,0.00,0.00
2016.12.09 16:05:50.267,11.63771,11.64022,0.00,0.00
2016.12.09 16:05:50.362,11.63771,11.64001,0.00,0.00
2016.12.09 16:05:50.563,11.63771,11.64022,0.00,0.00
2016.12.09 16:05:50.696,11.63771,11.64042,0.00,0.00
2016.12.09 16:05:50.802,11.63771,11.64022,0.00,0.00
2016.12.09 16:05:51.150,11.63771,11.63992,0.00,0.00
2016.12.09 16:05:51.264,11.63771,11.64012,0.00,0.00
2016.12.09 16:05:52.093,11.63771,11.63991,0.00,0.00
2016.12.09 16:05:52.692,11.63771,11.64012,0.00,0.00
2016.12.09 16:05:52.813,11.63771,11.64052,0.00,0.00
2016.12.09 16:05:52.868,11.63771,11.64042,0.00,0.00
2016.12.09 16:05:53.270,11.63771,11.64002,0.00,0.00
2016.12.09 16:05:53.770,11.63771,11.63992,0.00,0.00
2016.12.09 16:05:54.071,11.63771,11.64021,0.00,0.00
2016.12.09 16:05:54.383,11.63771,11.64031,0.00,0.00
2016.12.09 16:05:54.572,11.63771,11.64001,0.00,0.00
2016.12.09 16:05:54.872,11.63771,11.64021,0.00,0.00
2016.12.09 16:05:55.373,11.63771,11.64011,0.00,0.00
2016.12.09 16:05:56.075,11.63771,11.64032,0.00,0.00
2016.12.09 16:05:56.405,11.63771,11.64012,0.00,0.00
2016.12.09 16:05:56.825,11.63771,11.63992,0.00,0.00
2016.12.09 16:05:57.024,11.63771,11.64012,0.00,0.00
2016.12.09 16:05:57.077,11.63771,11.63992,0.00,0.00
2016.12.09 16:05:57.320,11.63771,11.64001,0.00,0.00
2016.12.09 16:05:57.377,11.63771,11.63981,0.00,0.00
2016.12.09 16:05:57.578,11.63771,11.64011,0.00,0.00
2016.12.09 16:05:57.890,11.63771,11.63982,0.00,0.00
2016.12.09 16:05:58.003,11.63771,11.64001,0.00,0.00
2016.12.09 16:05:58.125,11.63771,11.64011,0.00,0.00
2016.12.09 16:05:58.178,11.63771,11.63982,0.00,0.00
2016.12.09 16:05:58.289,11.63698,11.63951,0.00,0.00
2016.12.09 16:05:58.340,11.63711,11.63951,0.00,0.00
2016.12.09 16:05:58.390,11.63711,11.63962,0.00,0.00
2016.12.09 16:05:58.479,11.63711,11.63942,0.00,0.00
2016.12.09 16:05:58.626,11.63711,11.63972,0.00,0.00
2016.12.09 16:05:58.679,11.63711,11.63942,0.00,0.00
2016.12.09 16:05:58.880,11.63711,11.63961,0.00,0.00
2016.12.09 16:05:58.981,11.63699,11.63952,0.00,0.00
2016.12.09 16:05:59.081,11.63688,11.63952,0.00,0.00
2016.12.09 16:05:59.180,11.63662,11.63932,0.00,0.00
2016.12.09 16:05:59.381,11.63662,11.63942,0.00,0.00
2016.12.09 16:05:59.484,11.63662,11.63931,0.00,0.00
2016.12.09 16:05:59.585,11.63662,11.63941,0.00,0.00
2016.12.09 16:05:59.686,11.63662,11.63921,0.00,0.00
2016.12.09 16:06:00.031,11.63678,11.63942,0.00,0.00
2016.12.09 16:06:00.479,11.63678,11.63962,0.00,0.00
2016.12.09 16:06:00.530,11.63742,11.63942,0.00,0.00
2016.12.09 16:06:00.584,11.63742,11.63961,0.00,0.00
2016.12.09 16:06:00.634,11.63761,11.63961,0.00,0.00
2016.12.09 16:06:00.688,11.63761,11.64001,0.00,0.00
2016.12.09 16:06:00.783,11.63761,11.63991,0.00,0.00
2016.12.09 16:06:00.833,11.63721,11.63991,0.00,0.00
2016.12.09 16:06:00.884,11.63721,11.63971,0.00,0.00
2016.12.09 16:06:01.228,11.63721,11.63981,0.00,0.00
2016.12.09 16:06:01.385,11.63721,11.63961,0.00,0.00
2016.12.09 16:06:01.486,11.63721,11.63981,0.00,0.00
2016.12.09 16:06:01.667,11.63761,11.63981,0.00,0.00
2016.12.09 16:06:01.768,11.63681,11.63941,0.00,0.00
2016.12.09 16:06:01.818,11.63718,11.63941,0.00,0.00
2016.12.09 16:06:01.919,11.63698,11.63941,0.00,0.00
2016.12.09 16:06:02.020,11.63638,11.63909,0.00,0.00
2016.12.09 16:06:02.071,11.63638,11.63842,0.00,0.00
2016.12.09 16:06:02.121,11.63608,11.63842,0.00,0.00
2016.12.09 16:06:02.187,11.63571,11.63842,0.00,0.00
2016.12.09 16:06:02.245,11.63568,11.63842,0.00,0.00
2016.12.09 16:06:02.414,11.63598,11.63842,0.00,0.00
2016.12.09 16:06:02.488,11.63568,11.63842,0.00,0.00
2016.12.09 16:06:02.606,11.63598,11.63842,0.00,0.00
2016.12.09 16:06:02.688,11.63568,11.63842,0.00,0.00
2016.12.09 16:06:02.791,11.63579,11.63842,0.00,0.00
2016.12.09 16:06:02.993,11.63569,11.63842,0.00,0.00
2016.12.09 16:06:03.129,11.63598,11.63842,0.00,0.00
2016.12.09 16:06:03.780,11.63599,11.63842,0.00,0.00
2016.12.09 16:06:03.891,11.63588,11.63842,0.00,0.00
2016.12.09 16:06:03.992,11.63568,11.63842,0.00,0.00
2016.12.09 16:06:04.097,11.63558,11.63842,0.00,0.00
2016.12.09 16:06:04.361,11.63588,11.63842,0.00,0.00
2016.12.09 16:06:04.415,11.63551,11.63832,0.00,0.00
2016.12.09 16:06:04.593,11.63569,11.63842,0.00,0.00
2016.12.09 16:06:05.025,11.63551,11.63821,0.00,0.00
2016.12.09 16:06:05.205,11.63569,11.63842,0.00,0.00
2016.12.09 16:06:05.311,11.63551,11.63831,0.00,0.00
2016.12.09 16:06:05.401,11.63568,11.63842,0.00,0.00
2016.12.09 16:06:05.640,11.63559,11.63841,0.00,0.00
2016.12.09 16:06:05.696,11.63551,11.63821,0.00,0.00
2016.12.09 16:06:05.799,11.63558,11.63842,0.00,0.00
2016.12.09 16:06:05.944,11.63551,11.63782,0.00,0.00
2016.12.09 16:06:06.097,11.63551,11.63822,0.00,0.00
2016.12.09 16:06:06.297,11.63551,11.63802,0.00,0.00
2016.12.09 16:06:06.625,11.63478,11.63741,0.00,0.00
2016.12.09 16:06:06.698,11.63461,11.63711,0.00,0.00
2016.12.09 16:06:06.899,11.63461,11.63741,0.00,0.00
2016.12.09 16:06:07.139,11.63461,11.63711,0.00,0.00
2016.12.09 16:06:07.501,11.63461,11.63732,0.00,0.00
2016.12.09 16:06:07.902,11.63461,11.63711,0.00,0.00
2016.12.09 16:06:08.405,11.63461,11.63712,0.00,0.00
2016.12.09 16:06:08.739,11.63461,11.63701,0.00,0.00
2016.12.09 16:06:08.868,11.63442,11.63701,0.00,0.00
2016.12.09 16:06:08.919,11.63442,11.63712,0.00,0.00
2016.12.09 16:06:09.005,11.63442,11.63702,0.00,0.00
2016.12.09 16:06:09.120,11.63449,11.63731,0.00,0.00
2016.12.09 16:06:09.647,11.63442,11.63721,0.00,0.00
2016.12.09 16:06:10.060,11.63442,11.63702,0.00,0.00
2016.12.09 16:06:10.111,11.63442,11.63712,0.00,0.00
2016.12.09 16:06:10.207,11.63449,11.63731,0.00,0.00
2016.12.09 16:06:10.456,11.63442,11.63712,0.00,0.00
2016.12.09 16:06:10.910,11.63442,11.63691,0.00,0.00
2016.12.09 16:06:11.210,11.63442,11.63721,0.00,0.00
2016.12.09 16:06:11.511,11.63442,11.63712,0.00,0.00
2016.12.09 16:06:11.612,11.63449,11.63731,0.00,0.00
2016.12.09 16:06:12.744,11.63431,11.63711,0.00,0.00
2016.12.09 16:06:13.071,11.63431,11.63692,0.00,0.00
2016.12.09 16:06:13.416,11.63431,11.63702,0.00,0.00
2016.12.09 16:06:13.616,11.63431,11.63691,0.00,0.00
2016.12.09 16:06:13.956,11.63339,11.63621,0.00,0.00
2016.12.09 16:06:14.018,11.63332,11.63602,0.00,0.00
2016.12.09 16:06:14.222,11.63359,11.63641,0.00,0.00
2016.12.09 16:06:14.328,11.63432,11.63641,0.00,0.00
2016.12.09 16:06:14.429,11.63451,11.63682,0.00,0.00
2016.12.09 16:06:14.530,11.63451,11.63712,0.00,0.00
2016.12.09 16:06:14.739,11.63451,11.63681,0.00,0.00
2016.12.09 16:06:14.920,11.63451,11.63712,0.00,0.00
2016.12.09 16:06:15.667,11.63451,11.63722,0.00,0.00
2016.12.09 16:06:15.769,11.63451,11.63712,0.00,0.00
2016.12.09 16:06:16.223,11.63451,11.63682,0.00,0.00
2016.12.09 16:06:16.624,11.63451,11.63701,0.00,0.00
2016.12.09 16:06:16.825,11.63451,11.63711,0.00,0.00
2016.12.09 16:06:17.553,11.63451,11.63732,0.00,0.00
2016.12.09 16:06:17.826,11.63451,11.63711,0.00,0.00
2016.12.09 16:06:18.231,11.63451,11.63672,0.00,0.00
2016.12.09 16:06:18.535,11.63451,11.63691,0.00,0.00
2016.12.09 16:06:19.829,11.63451,11.63712,0.00,0.00
2016.12.09 16:06:20.410,11.63431,11.63712,0.00,0.00
2016.12.09 16:06:20.549,11.63431,11.63672,0.00,0.00
2016.12.09 16:06:21.656,11.63431,11.63682,0.00,0.00
2016.12.09 16:06:22.372,11.63431,11.63671,0.00,0.00
2016.12.09 16:06:22.422,11.63389,11.63641,0.00,0.00
2016.12.09 16:06:22.541,11.63419,11.63641,0.00,0.00
2016.12.09 16:06:22.637,11.63351,11.63621,0.00,0.00
2016.12.09 16:06:22.938,11.63369,11.63641,0.00,0.00
2016.12.09 16:06:23.039,11.63351,11.63631,0.00,0.00
2016.12.09 16:06:23.449,11.63369,11.63641,0.00,0.00
2016.12.09 16:06:23.840,11.63351,11.63632,0.00,0.00
2016.12.09 16:06:23.942,11.63351,11.63612,0.00,0.00
2016.12.09 16:06:24.187,11.63351,11.63631,0.00,0.00
2016.12.09 16:06:24.243,11.63369,11.63641,0.00,0.00
2016.12.09 16:06:24.544,11.63398,11.63641,0.00,0.00
2016.12.09 16:06:24.682,11.63379,11.63641,0.00,0.00
2016.12.09 16:06:24.788,11.63351,11.63622,0.00,0.00
2016.12.09 16:06:24.993,11.63351,11.63601,0.00,0.00
2016.12.09 16:06:25.046,11.63351,11.63612,0.00,0.00
2016.12.09 16:06:25.153,11.63358,11.63641,0.00,0.00
2016.12.09 16:06:25.247,11.63351,11.63602,0.00,0.00
2016.12.09 16:06:25.297,11.63321,11.63602,0.00,0.00
2016.12.09 16:06:25.748,11.63328,11.63612,0.00,0.00
2016.12.09 16:06:26.549,11.63348,11.63632,0.00,0.00
2016.12.09 16:06:26.977,11.63359,11.63641,0.00,0.00
2016.12.09 16:06:27.309,11.63339,11.63621,0.00,0.00
2016.12.09 16:06:27.635,11.63321,11.63591,0.00,0.00
2016.12.09 16:06:28.189,11.63339,11.63621,0.00,0.00
2016.12.09 16:06:28.252,11.63349,11.63631,0.00,0.00
2016.12.09 16:06:28.602,11.63348,11.63541,0.00,0.00
2016.12.09 16:06:28.703,11.63358,11.63591,0.00,0.00
2016.12.09 16:06:28.754,11.63279,11.63561,0.00,0.00
2016.12.09 16:06:28.857,11.63288,11.63569,0.00,0.00
2016.12.09 16:06:29.124,11.63258,11.63541,0.00,0.00
2016.12.09 16:06:29.355,11.63289,11.63541,0.00,0.00
2016.12.09 16:06:29.665,11.63269,11.63541,0.00,0.00
2016.12.09 16:06:29.757,11.63269,11.63551,0.00,0.00
2016.12.09 16:06:29.808,11.63312,11.63542,0.00,0.00
2016.12.09 16:06:29.859,11.63312,11.63572,0.00,0.00
2016.12.09 16:06:29.982,11.63338,11.63622,0.00,0.00
2016.12.09 16:06:30.159,11.63349,11.63631,0.00,0.00
2016.12.09 16:06:30.485,11.63312,11.63572,0.00,0.00
2016.12.09 16:06:30.536,11.63301,11.63572,0.00,0.00
2016.12.09 16:06:30.803,11.63288,11.63549,0.00,0.00
2016.12.09 16:06:31.005,11.63269,11.63542,0.00,0.00
2016.12.09 16:06:31.061,11.63248,11.63532,0.00,0.00
2016.12.09 16:06:31.167,11.63288,11.63542,0.00,0.00
2016.12.09 16:06:31.362,11.63269,11.63542,0.00,0.00
2016.12.09 16:06:32.063,11.63248,11.63532,0.00,0.00
2016.12.09 16:06:32.163,11.63218,11.63502,0.00,0.00
2016.12.09 16:06:32.465,11.63249,11.63509,0.00,0.00
2016.12.09 16:06:32.586,11.63229,11.63509,0.00,0.00
2016.12.09 16:06:32.688,11.63238,11.63509,0.00,0.00
2016.12.09 16:06:32.796,11.63229,11.63509,0.00,0.00
2016.12.09 16:06:32.901,11.63209,11.63491,0.00,0.00
2016.12.09 16:06:33.002,11.63199,11.63481,0.00,0.00
2016.12.09 16:06:33.398,11.63218,11.63502,0.00,0.00
2016.12.09 16:06:33.516,11.63239,11.63509,0.00,0.00
2016.12.09 16:06:33.860,11.63248,11.63509,0.00,0.00
2016.12.09 16:06:34.014,11.63218,11.63502,0.00,0.00
2016.12.09 16:06:34.208,11.63199,11.63481,0.00,0.00
2016.12.09 16:06:34.918,11.63191,11.63472,0.00,0.00
2016.12.09 16:06:35.255,11.63218,11.63458,0.00,0.00
2016.12.09 16:06:35.306,11.63189,11.63458,0.00,0.00
2016.12.09 16:06:35.371,11.63169,11.63451,0.00,0.00
2016.12.09 16:06:35.471,11.63198,11.63458,0.00,0.00
2016.12.09 16:06:35.773,11.63198,11.63449,0.00,0.00
2016.12.09 16:06:35.872,11.63189,11.63449,0.00,0.00
2016.12.09 16:06:36.150,11.63189,11.63441,0.00,0.00
2016.12.09 16:06:36.301,11.63168,11.63439,0.00,0.00
2016.12.09 16:06:36.473,11.63158,11.63438,0.00,0.00
2016.12.09 16:06:36.600,11.63198,11.63441,0.00,0.00
2016.12.09 16:06:36.701,11.63182,11.63441,0.00,0.00
2016.12.09 16:06:36.774,11.63209,11.63441,0.00,0.00
2016.12.09 16:06:37.075,11.63182,11.63441,0.00,0.00
2016.12.09 16:06:37.176,11.63179,11.63441,0.00,0.00
2016.12.09 16:06:37.322,11.63179,11.63459,0.00,0.00
2016.12.09 16:06:37.495,11.63168,11.63452,0.00,0.00
2016.12.09 16:06:37.596,11.63158,11.63442,0.00,0.00
2016.12.09 16:06:37.941,11.63178,11.63459,0.00,0.00
2016.12.09 16:06:38.279,11.63189,11.63459,0.00,0.00
2016.12.09 16:06:38.423,11.63168,11.63452,0.00,0.00
2016.12.09 16:06:38.479,11.63178,11.63459,0.00,0.00
2016.12.09 16:06:39.322,11.63158,11.63442,0.00,0.00
2016.12.09 16:06:39.616,11.63178,11.63459,0.00,0.00
2016.12.09 16:06:39.803,11.63158,11.63441,0.00,0.00
2016.12.09 16:06:39.904,11.63148,11.63432,0.00,0.00
2016.12.09 16:06:40.016,11.63159,11.63441,0.00,0.00
2016.12.09 16:06:40.345,11.63169,11.63451,0.00,0.00
2016.12.09 16:06:40.483,11.63148,11.63432,0.00,0.00
2016.12.09 16:06:40.783,11.63168,11.63452,0.00,0.00
2016.12.09 16:06:41.172,11.63181,11.63452,0.00,0.00
2016.12.09 16:06:41.284,11.63181,11.63461,0.00,0.00
2016.12.09 16:06:41.391,11.63199,11.63481,0.00,0.00
2016.12.09 16:06:41.785,11.63189,11.63471,0.00,0.00
2016.12.09 16:06:42.113,11.63199,11.63481,0.00,0.00
2016.12.09 16:06:42.414,11.63181,11.63461,0.00,0.00
2016.12.09 16:06:42.890,11.63181,11.63452,0.00,0.00
2016.12.09 16:06:43.280,11.63168,11.63419,0.00,0.00
2016.12.09 16:06:43.400,11.63149,11.63419,0.00,0.00
2016.12.09 16:06:43.488,11.63139,11.63419,0.00,0.00
2016.12.09 16:06:43.610,11.63118,11.63402,0.00,0.00
2016.12.09 16:06:43.689,11.63148,11.63419,0.00,0.00
2016.12.09 16:06:43.890,11.63138,11.63419,0.00,0.00
2016.12.09 16:06:43.991,11.63119,11.63401,0.00,0.00
2016.12.09 16:06:44.390,11.63149,11.63419,0.00,0.00
2016.12.09 16:06:44.721,11.63158,11.63419,0.00,0.00
2016.12.09 16:06:45.114,11.63139,11.63419,0.00,0.00
2016.12.09 16:06:45.192,11.63149,11.63419,0.00,0.00
2016.12.09 16:06:45.793,11.63118,11.63402,0.00,0.00
2016.12.09 16:06:46.093,11.63138,11.63419,0.00,0.00
2016.12.09 16:06:46.724,11.63119,11.63401,0.00,0.00
2016.12.09 16:06:47.241,11.63202,11.63401,0.00,0.00
2016.12.09 16:06:47.341,11.63202,11.63451,0.00,0.00
2016.12.09 16:06:47.392,11.63221,11.63451,0.00,0.00
2016.12.09 16:06:47.442,11.63228,11.63512,0.00,0.00
2016.12.09 16:06:47.596,11.63221,11.63482,0.00,0.00
2016.12.09 16:06:47.831,11.63228,11.63512,0.00,0.00
2016.12.09 16:06:48.926,11.63221,11.63502,0.00,0.00
2016.12.09 16:06:49.599,11.63238,11.63522,0.00,0.00
2016.12.09 16:06:50.557,11.63221,11.63502,0.00,0.00
2016.12.09 16:06:50.930,11.63248,11.63532,0.00,0.00
2016.12.09 16:06:51.416,11.63238,11.63522,0.00,0.00
2016.12.09 16:06:51.760,11.63221,11.63502,0.00,0.00
2016.12.09 16:06:51.930,11.63228,11.63512,0.00,0.00
2016.12.09 16:06:52.219,11.63221,11.63482,0.00,0.00
2016.12.09 16:06:52.544,11.63221,11.63492,0.00,0.00
2016.12.09 16:06:52.607,11.63221,11.63502,0.00,0.00
2016.12.09 16:06:52.741,11.63228,11.63512,0.00,0.00
2016.12.09 16:06:52.807,11.63221,11.63502,0.00,0.00
2016.12.09 16:06:53.306,11.63221,11.63491,0.00,0.00
2016.12.09 16:06:53.509,11.63228,11.63512,0.00,0.00
2016.12.09 16:06:53.709,11.63221,11.63482,0.00,0.00
2016.12.09 16:06:54.410,11.63221,11.63492,0.00,0.00
2016.12.09 16:06:54.511,11.63229,11.63511,0.00,0.00
2016.12.09 16:06:54.611,11.63221,11.63471,0.00,0.00
2016.12.09 16:06:54.743,11.63221,11.63491,0.00,0.00
2016.12.09 16:06:55.513,11.63221,11.63501,0.00,0.00
2016.12.09 16:06:55.626,11.63238,11.63522,0.00,0.00
2016.12.09 16:06:55.814,11.63221,11.63502,0.00,0.00
2016.12.09 16:06:56.158,11.63058,11.63339,0.00,0.00
2016.12.09 16:06:56.436,11.63088,11.63372,0.00,0.00
2016.12.09 16:06:56.616,11.63088,11.63338,0.00,0.00
2016.12.09 16:06:56.767,11.63078,11.63338,0.00,0.00
2016.12.09 16:06:56.874,11.63039,11.63321,0.00,0.00
2016.12.09 16:06:56.925,11.63061,11.63312,0.00,0.00
2016.12.09 16:06:57.026,11.63088,11.63372,0.00,0.00
2016.12.09 16:06:57.218,11.63078,11.63362,0.00,0.00
2016.12.09 16:06:57.541,11.63101,11.63342,0.00,0.00
2016.12.09 16:06:57.592,11.63069,11.63342,0.00,0.00
2016.12.09 16:06:57.692,11.63068,11.63352,0.00,0.00
2016.12.09 16:06:57.743,11.63062,11.63341,0.00,0.00
2016.12.09 16:06:57.819,11.63088,11.63372,0.00,0.00
2016.12.09 16:06:57.936,11.63062,11.63342,0.00,0.00
2016.12.09 16:06:58.020,11.63088,11.63372,0.00,0.00
2016.12.09 16:06:58.258,11.63078,11.63362,0.00,0.00
2016.12.09 16:06:58.594,11.63101,11.63382,0.00,0.00
2016.12.09 16:06:59.468,11.63101,11.63352,0.00,0.00
2016.12.09 16:06:59.644,11.63101,11.63371,0.00,0.00
2016.12.09 16:06:59.695,11.63089,11.63338,0.00,0.00
2016.12.09 16:06:59.854,11.63039,11.63321,0.00,0.00
2016.12.09 16:07:00.025,11.63029,11.63311,0.00,0.00
2016.12.09 16:07:00.324,11.63048,11.63332,0.00,0.00
2016.12.09 16:07:00.444,11.63031,11.63311,0.00,0.00
2016.12.09 16:07:00.545,11.63079,11.63361,0.00,0.00
2016.12.09 16:07:00.595,11.63079,11.63359,0.00,0.00
2016.12.09 16:07:00.746,11.63049,11.63331,0.00,0.00
2016.12.09 16:07:00.826,11.63041,11.63321,0.00,0.00
2016.12.09 16:07:00.927,11.63048,11.63332,0.00,0.00
2016.12.09 16:07:01.238,11.63041,11.63322,0.00,0.00
2016.12.09 16:07:01.409,11.63058,11.63342,0.00,0.00
2016.12.09 16:07:01.828,11.63041,11.63321,0.00,0.00
2016.12.09 16:07:02.229,11.63068,11.63342,0.00,0.00
2016.12.09 16:07:02.329,11.63059,11.63341,0.00,0.00
2016.12.09 16:07:02.578,11.63041,11.63322,0.00,0.00
2016.12.09 16:07:02.880,11.63059,11.63341,0.00,0.00
2016.12.09 16:07:02.932,11.63068,11.63342,0.00,0.00
2016.12.09 16:07:03.267,11.63099,11.63381,0.00,0.00
2016.12.09 16:07:03.406,11.63099,11.63342,0.00,0.00
2016.12.09 16:07:03.557,11.63068,11.63342,0.00,0.00
2016.12.09 16:07:03.658,11.63092,11.63332,0.00,0.00
2016.12.09 16:07:03.809,11.63078,11.63359,0.00,0.00
2016.12.09 16:07:03.859,11.63088,11.63359,0.00,0.00
2016.12.09 16:07:03.960,11.63059,11.63341,0.00,0.00
2016.12.09 16:07:04.034,11.63041,11.63312,0.00,0.00
2016.12.09 16:07:04.139,11.63058,11.63342,0.00,0.00
2016.12.09 16:07:04.240,11.63081,11.63342,0.00,0.00
2016.12.09 16:07:04.441,11.63102,11.63382,0.00,0.00
2016.12.09 16:07:04.492,11.63142,11.63382,0.00,0.00
2016.12.09 16:07:04.737,11.63142,11.63402,0.00,0.00
2016.12.09 16:07:04.993,11.63142,11.63391,0.00,0.00
2016.12.09 16:07:05.289,11.63102,11.63361,0.00,0.00
2016.12.09 16:07:05.390,11.63102,11.63371,0.00,0.00
2016.12.09 16:07:05.440,11.63102,11.63351,0.00,0.00
2016.12.09 16:07:05.554,11.63069,11.63342,0.00,0.00
2016.12.09 16:07:05.655,11.63061,11.63342,0.00,0.00
2016.12.09 16:07:05.757,11.63061,11.63322,0.00,0.00
2016.12.09 16:07:06.041,11.63061,11.63341,0.00,0.00
2016.12.09 16:07:06.342,11.63061,11.63312,0.00,0.00
2016.12.09 16:07:06.861,11.63061,11.63332,0.00,0.00
2016.12.09 16:07:06.962,11.63079,11.63342,0.00,0.00
2016.12.09 16:07:07.241,11.63079,11.63361,0.00,0.00
2016.12.09 16:07:07.292,11.63101,11.63331,0.00,0.00
2016.12.09 16:07:07.344,11.63101,11.63342,0.00,0.00
2016.12.09 16:07:07.444,11.63101,11.63381,0.00,0.00
2016.12.09 16:07:08.045,11.63101,11.63372,0.00,0.00
2016.12.09 16:07:08.437,11.63141,11.63412,0.00,0.00
2016.12.09 16:07:09.494,11.63141,11.63401,0.00,0.00
2016.12.09 16:07:09.651,11.63108,11.63379,0.00,0.00
2016.12.09 16:07:09.752,11.63061,11.63341,0.00,0.00
2016.12.09 16:07:09.859,11.63101,11.63332,0.00,0.00
2016.12.09 16:07:09.959,11.63101,11.63372,0.00,0.00
2016.12.09 16:07:10.118,11.63108,11.63392,0.00,0.00
2016.12.09 16:07:10.351,11.63101,11.63381,0.00,0.00
2016.12.09 16:07:10.700,11.63109,11.63342,0.00,0.00
2016.12.09 16:07:10.751,11.63109,11.63391,0.00,0.00
2016.12.09 16:07:10.801,11.63101,11.63362,0.00,0.00
2016.12.09 16:07:10.852,11.63078,11.63342,0.00,0.00
2016.12.09 16:07:10.902,11.63098,11.63342,0.00,0.00
2016.12.09 16:07:11.053,11.63062,11.63332,0.00,0.00
2016.12.09 16:07:11.254,11.63062,11.63342,0.00,0.00
2016.12.09 16:07:11.454,11.63062,11.63331,0.00,0.00
2016.12.09 16:07:12.295,11.63062,11.63342,0.00,0.00
2016.12.09 16:07:12.357,11.63062,11.63312,0.00,0.00
2016.12.09 16:07:12.481,11.63062,11.63332,0.00,0.00
2016.12.09 16:07:13.149,11.63052,11.63332,0.00,0.00
2016.12.09 16:07:13.259,11.63058,11.63342,0.00,0.00
2016.12.09 16:07:13.409,11.63028,11.63278,0.00,0.00
2016.12.09 16:07:13.460,11.63018,11.63278,0.00,0.00
2016.12.09 16:07:13.561,11.63009,11.63241,0.00,0.00
2016.12.09 16:07:13.958,11.63018,11.63291,0.00,0.00
2016.12.09 16:07:14.009,11.63039,11.63292,0.00,0.00
2016.12.09 16:07:14.152,11.63001,11.63262,0.00,0.00
2016.12.09 16:07:14.253,11.63001,11.63242,0.00,0.00
2016.12.09 16:07:14.412,11.62998,11.63242,0.00,0.00
2016.12.09 16:07:14.464,11.62961,11.63222,0.00,0.00
2016.12.09 16:07:14.566,11.62938,11.63218,0.00,0.00
2016.12.09 16:07:14.666,11.62949,11.63142,0.00,0.00
2016.12.09 16:07:14.717,11.62949,11.63191,0.00,0.00
2016.12.09 16:07:14.823,11.62902,11.63182,0.00,0.00
2016.12.09 16:07:14.873,11.62928,11.63191,0.00,0.00
2016.12.09 16:07:15.000,11.62918,11.63191,0.00,0.00
2016.12.09 16:07:15.065,11.62902,11.63172,0.00,0.00
2016.12.09 16:07:15.266,11.62949,11.63231,0.00,0.00
2016.12.09 16:07:15.512,11.62941,11.63212,0.00,0.00
2016.12.09 16:07:15.615,11.62948,11.63232,0.00,0.00
2016.12.09 16:07:15.799,11.62959,11.63241,0.00,0.00
2016.12.09 16:07:16.101,11.62941,11.63191,0.00,0.00
2016.12.09 16:07:16.152,11.62909,11.63191,0.00,0.00
2016.12.09 16:07:16.202,11.62929,11.63191,0.00,0.00
2016.12.09 16:07:16.309,11.62908,11.63191,0.00,0.00
2016.12.09 16:07:16.411,11.62901,11.63171,0.00,0.00
2016.12.09 16:07:16.468,11.62918,11.63191,0.00,0.00
2016.12.09 16:07:16.569,11.62942,11.63202,0.00,0.00
2016.12.09 16:07:16.798,11.62948,11.63232,0.00,0.00
2016.12.09 16:07:17.069,11.62942,11.63222,0.00,0.00
2016.12.09 16:07:17.120,11.62938,11.63222,0.00,0.00
2016.12.09 16:07:17.171,11.62931,11.63212,0.00,0.00
2016.12.09 16:07:17.551,11.62899,11.63141,0.00,0.00
2016.12.09 16:07:17.602,11.62868,11.63141,0.00,0.00
2016.12.09 16:07:17.653,11.62892,11.63152,0.00,0.00
2016.12.09 16:07:17.804,11.62918,11.63192,0.00,0.00
2016.12.09 16:07:17.992,11.62892,11.63172,0.00,0.00
2016.12.09 16:07:18.216,11.62931,11.63181,0.00,0.00
2016.12.09 16:07:18.271,11.62931,11.63202,0.00,0.00
2016.12.09 16:07:18.371,11.62949,11.63231,0.00,0.00
2016.12.09 16:07:18.602,11.62958,11.63241,0.00,0.00
2016.12.09 16:07:18.871,11.62958,11.63141,0.00,0.00
2016.12.09 16:07:18.921,11.62929,11.63141,0.00,0.00
2016.12.09 16:07:18.972,11.62929,11.63191,0.00,0.00
2016.12.09 16:07:19.022,11.62921,11.63182,0.00,0.00
2016.12.09 16:07:19.231,11.62949,11.63231,0.00,0.00
2016.12.09 16:07:19.399,11.62958,11.63239,0.00,0.00
2016.12.09 16:07:19.582,11.62948,11.63232,0.00,0.00
2016.12.09 16:07:19.676,11.62958,11.63239,0.00,0.00
2016.12.09 16:07:19.878,11.62958,11.63242,0.00,0.00
2016.12.09 16:07:20.237,11.63031,11.63242,0.00,0.00
2016.12.09 16:07:20.378,11.63031,11.63251,0.00,0.00
2016.12.09 16:07:20.478,11.63039,11.63321,0.00,0.00
2016.12.09 16:07:20.683,11.63031,11.63292,0.00,0.00
2016.12.09 16:07:20.733,11.63039,11.63321,0.00,0.00
2016.12.09 16:07:20.784,11.63031,11.63292,0.00,0.00
2016.12.09 16:07:20.885,11.63048,11.63332,0.00,0.00
2016.12.09 16:07:20.986,11.63068,11.63342,0.00,0.00
2016.12.09 16:07:21.369,11.63068,11.63352,0.00,0.00
2016.12.09 16:07:21.420,11.63131,11.63352,0.00,0.00
2016.12.09 16:07:21.480,11.63131,11.63362,0.00,0.00
2016.12.09 16:07:21.582,11.63131,11.63401,0.00,0.00
2016.12.09 16:07:21.683,11.63131,11.63412,0.00,0.00
2016.12.09 16:07:21.810,11.63131,11.63382,0.00,0.00
2016.12.09 16:07:22.227,11.63131,11.63402,0.00,0.00
2016.12.09 16:07:22.284,11.63131,11.63411,0.00,0.00
2016.12.09 16:07:22.429,11.63138,11.63422,0.00,0.00
2016.12.09 16:07:23.013,11.63131,11.63392,0.00,0.00
2016.12.09 16:07:23.420,11.63138,11.63422,0.00,0.00
2016.12.09 16:07:23.795,11.63131,11.63401,0.00,0.00
2016.12.09 16:07:24.032,11.63131,11.63412,0.00,0.00
2016.12.09 16:07:24.087,11.63148,11.63432,0.00,0.00
2016.12.09 16:07:24.332,11.63131,11.63412,0.00,0.00
2016.12.09 16:07:24.655,11.63131,11.63391,0.00,0.00
2016.12.09 16:07:24.990,11.63138,11.63422,0.00,0.00
2016.12.09 16:07:25.590,11.63131,11.63412,0.00,0.00
2016.12.09 16:07:26.391,11.63131,11.63392,0.00,0.00
2016.12.09 16:07:26.712,11.63131,11.63401,0.00,0.00
2016.12.09 16:07:26.818,11.63131,11.63392,0.00,0.00
2016.12.09 16:07:26.993,11.63131,11.63412,0.00,0.00
2016.12.09 16:07:27.132,11.63138,11.63422,0.00,0.00
2016.12.09 16:07:27.537,11.63131,11.63392,0.00,0.00
2016.12.09 16:07:27.852,11.63131,11.63381,0.00,0.00
2016.12.09 16:07:28.394,11.63131,11.63412,0.00,0.00
2016.12.09 16:07:29.905,11.63131,11.63381,0.00,0.00
2016.12.09 16:07:30.397,11.63131,11.63401,0.00,0.00
2016.12.09 16:07:30.635,11.63141,11.63382,0.00,0.00
2016.12.09 16:07:30.742,11.63141,11.63401,0.00,0.00
2016.12.09 16:07:30.799,11.63148,11.63432,0.00,0.00
2016.12.09 16:07:31.011,11.63141,11.63402,0.00,0.00
2016.12.09 16:07:31.205,11.63141,11.63412,0.00,0.00
2016.12.09 16:07:31.534,11.63141,11.63391,0.00,0.00
2016.12.09 16:07:31.636,11.63141,11.63412,0.00,0.00
2016.12.09 16:07:33.403,11.63149,11.63431,0.00,0.00
2016.12.09 16:07:33.512,11.63141,11.63411,0.00,0.00
2016.12.09 16:07:33.804,11.63188,11.63472,0.00,0.00
2016.12.09 16:07:34.004,11.63181,11.63441,0.00,0.00
2016.12.09 16:07:34.567,11.63232,11.63441,0.00,0.00
2016.12.09 16:07:34.618,11.63232,11.63452,0.00,0.00
2016.12.09 16:07:34.719,11.63232,11.63472,0.00,0.00
2016.12.09 16:07:34.805,11.63232,11.63482,0.00,0.00
2016.12.09 16:07:35.050,11.63232,11.63502,0.00,0.00
2016.12.09 16:07:35.507,11.63232,11.63512,0.00,0.00
2016.12.09 16:07:35.717,11.63232,11.63472,0.00,0.00
2016.12.09 16:07:35.827,11.63232,11.63512,0.00,0.00
2016.12.09 16:07:35.936,11.63239,11.63521,0.00,0.00
2016.12.09 16:07:36.108,11.63232,11.63502,0.00,0.00
2016.12.09 16:07:36.694,11.63231,11.63492,0.00,0.00
2016.12.09 16:07:37.002,11.63231,11.63482,0.00,0.00
2016.12.09 16:07:37.052,11.63231,11.63511,0.00,0.00
2016.12.09 16:07:37.111,11.63238,11.63522,0.00,0.00
2016.12.09 16:07:37.211,11.63248,11.63532,0.00,0.00
2016.12.09 16:07:37.541,11.63238,11.63522,0.00,0.00
2016.12.09 16:07:38.050,11.63239,11.63521,0.00,0.00
2016.12.09 16:07:38.432,11.63231,11.63512,0.00,0.00
2016.12.09 16:07:38.613,11.63238,11.63522,0.00,0.00
2016.12.09 16:07:38.726,11.63231,11.63491,0.00,0.00
2016.12.09 16:07:39.114,11.63238,11.63522,0.00,0.00
2016.12.09 16:07:39.419,11.63322,11.63501,0.00,0.00
2016.12.09 16:07:39.520,11.63322,11.63592,0.00,0.00
2016.12.09 16:07:39.621,11.63328,11.63612,0.00,0.00
2016.12.09 16:07:39.732,11.63322,11.63582,0.00,0.00
2016.12.09 16:07:40.043,11.63328,11.63612,0.00,0.00
2016.12.09 16:07:40.418,11.63322,11.63581,0.00,0.00
2016.12.09 16:07:40.529,11.63341,11.63612,0.00,0.00
2016.12.09 16:07:40.630,11.63341,11.63572,0.00,0.00
2016.12.09 16:07:40.745,11.63341,11.63621,0.00,0.00
2016.12.09 16:07:41.319,11.63341,11.63612,0.00,0.00
2016.12.09 16:07:41.650,11.63341,11.63592,0.00,0.00
2016.12.09 16:07:42.047,11.63341,11.63581,0.00,0.00
2016.12.09 16:07:42.121,11.63341,11.63612,0.00,0.00
2016.12.09 16:07:42.233,11.63341,11.63592,0.00,0.00
2016.12.09 16:07:42.499,11.63289,11.63571,0.00,0.00
2016.12.09 16:07:42.599,11.63298,11.63582,0.00,0.00
2016.12.09 16:07:42.650,11.63282,11.63521,0.00,0.00
2016.12.09 16:07:42.823,11.63282,11.63562,0.00,0.00
2016.12.09 16:07:43.453,11.63282,11.63541,0.00,0.00
2016.12.09 16:07:43.624,11.63282,11.63561,0.00,0.00
2016.12.09 16:07:43.752,11.63282,11.63541,0.00,0.00
2016.12.09 16:07:44.437,11.63282,11.63561,0.00,0.00
2016.12.09 16:07:44.611,11.63282,11.63532,0.00,0.00
2016.12.09 16:07:44.837,11.63278,11.63542,0.00,0.00
2016.12.09 16:07:44.938,11.63242,11.63511,0.00,0.00
2016.12.09 16:07:45.329,11.63242,11.63522,0.00,0.00
2016.12.09 16:07:45.460,11.63242,11.63511,0.00,0.00
2016.12.09 16:07:45.560,11.63259,11.63541,0.00,0.00
2016.12.09 16:07:45.631,11.63242,11.63521,0.00,0.00
2016.12.09 16:07:46.131,11.63242,11.63512,0.00,0.00
2016.12.09 16:07:46.432,11.63258,11.63542,0.00,0.00
2016.12.09 16:07:46.863,11.63242,11.63522,0.00,0.00
2016.12.09 16:07:47.234,11.63258,11.63542,0.00,0.00
2016.12.09 16:07:47.285,11.63281,11.63542,0.00,0.00
2016.12.09 16:07:47.386,11.63241,11.63521,0.00,0.00
2016.12.09 16:07:47.436,11.63289,11.63542,0.00,0.00
2016.12.09 16:07:47.537,11.63241,11.63522,0.00,0.00
2016.12.09 16:07:47.678,11.63241,11.63512,0.00,0.00
2016.12.09 16:07:47.736,11.63248,11.63532,0.00,0.00
2016.12.09 16:07:48.141,11.63259,11.63541,0.00,0.00
2016.12.09 16:07:48.449,11.63241,11.63511,0.00,0.00
2016.12.09 16:07:49.166,11.63291,11.63511,0.00,0.00
2016.12.09 16:07:49.238,11.63291,11.63532,0.00,0.00
2016.12.09 16:07:49.356,11.63331,11.63572,0.00,0.00
2016.12.09 16:07:49.440,11.63331,11.63602,0.00,0.00
2016.12.09 16:07:49.649,11.63309,11.63541,0.00,0.00
2016.12.09 16:07:49.764,11.63241,11.63522,0.00,0.00
2016.12.09 16:07:49.941,11.63268,11.63541,0.00,0.00
2016.12.09 16:07:50.242,11.63249,11.63531,0.00,0.00
2016.12.09 16:07:50.486,11.63269,11.63541,0.00,0.00
2016.12.09 16:07:51.067,11.63231,11.63512,0.00,0.00
2016.12.09 16:07:51.167,11.63231,11.63482,0.00,0.00
2016.12.09 16:07:51.465,11.63231,11.63492,0.00,0.00
2016.12.09 16:07:51.680,11.63231,11.63471,0.00,0.00
2016.12.09 16:07:51.972,11.63231,11.63492,0.00,0.00
2016.12.09 16:07:52.570,11.63231,11.63472,0.00,0.00
2016.12.09 16:07:52.681,11.63231,11.63512,0.00,0.00
2016.12.09 16:07:53.183,11.63231,11.63501,0.00,0.00
2016.12.09 16:07:53.396,11.63149,11.63431,0.00,0.00
2016.12.09 16:07:53.451,11.63142,11.63411,0.00,0.00
2016.12.09 16:07:54.170,11.63142,11.63401,0.00,0.00
2016.12.09 16:07:54.513,11.63321,11.63421,0.00,0.00
2016.12.09 16:07:54.564,11.63321,11.63462,0.00,0.00
2016.12.09 16:07:54.615,11.63351,11.63462,0.00,0.00
2016.12.09 16:07:54.665,11.63351,11.63611,0.00,0.00
2016.12.09 16:07:54.897,11.63351,11.63572,0.00,0.00
2016.12.09 16:07:55.484,11.63351,11.63562,0.00,0.00
2016.12.09 16:07:55.584,11.63342,11.63562,0.00,0.00
2016.12.09 16:07:55.635,11.63301,11.63562,0.00,0.00
2016.12.09 16:07:55.686,11.63309,11.63591,0.00,0.00
2016.12.09 16:07:55.787,11.63301,11.63541,0.00,0.00
2016.12.09 16:07:55.971,11.63301,11.63572,0.00,0.00
2016.12.09 16:07:56.056,11.63301,11.63542,0.00,0.00
2016.12.09 16:07:56.156,11.63301,11.63571,0.00,0.00
2016.12.09 16:07:56.371,11.63301,11.63561,0.00,0.00
2016.12.09 16:07:56.691,11.63301,11.63572,0.00,0.00
2016.12.09 16:07:57.596,11.63301,11.63562,0.00,0.00
2016.12.09 16:07:57.700,11.63278,11.63541,0.00,0.00
2016.12.09 16:07:57.759,11.63261,11.63541,0.00,0.00
2016.12.09 16:07:57.867,11.63261,11.63512,0.00,0.00
2016.12.09 16:07:58.198,11.63261,11.63531,0.00,0.00
2016.12.09 16:07:58.260,11.63261,11.63511,0.00,0.00
2016.12.09 16:07:58.759,11.63342,11.63511,0.00,0.00
2016.12.09 16:07:58.810,11.63342,11.63572,0.00,0.00
2016.12.09 16:07:58.860,11.63351,11.63572,0.00,0.00
2016.12.09 16:07:58.962,11.63351,11.63592,0.00,0.00
2016.12.09 16:07:59.187,11.63351,11.63621,0.00,0.00
2016.12.09 16:07:59.402,11.63351,11.63592,0.00,0.00
2016.12.09 16:07:59.725,11.63351,11.63582,0.00,0.00
2016.12.09 16:07:59.776,11.63351,11.63591,0.00,0.00
2016.12.09 16:07:59.877,11.63351,11.63562,0.00,0.00
2016.12.09 16:08:00.064,11.63351,11.63602,0.00,0.00
2016.12.09 16:08:00.264,11.63351,11.63581,0.00,0.00
2016.12.09 16:08:00.865,11.63351,11.63572,0.00,0.00
2016.12.09 16:08:01.479,11.63341,11.63572,0.00,0.00
2016.12.09 16:08:01.579,11.63341,11.63581,0.00,0.00
2016.12.09 16:08:01.695,11.63341,11.63611,0.00,0.00
2016.12.09 16:08:01.968,11.63341,11.63592,0.00,0.00
2016.12.09 16:08:02.412,11.63341,11.63612,0.00,0.00
2016.12.09 16:08:02.469,11.63348,11.63632,0.00,0.00
2016.12.09 16:08:03.211,11.63341,11.63612,0.00,0.00
2016.12.09 16:08:04.173,11.63341,11.63601,0.00,0.00
2016.12.09 16:08:04.517,11.63341,11.63592,0.00,0.00
2016.12.09 16:08:05.045,11.63341,11.63571,0.00,0.00
2016.12.09 16:08:05.096,11.63341,11.63601,0.00,0.00
2016.12.09 16:08:05.197,11.63341,11.63562,0.00,0.00
2016.12.09 16:08:05.494,11.63341,11.63572,0.00,0.00
2016.12.09 16:08:05.574,11.63341,11.63592,0.00,0.00
2016.12.09 16:08:05.697,11.63341,11.63602,0.00,0.00
2016.12.09 16:08:07.389,11.63341,11.63612,0.00,0.00
2016.12.09 16:08:07.490,11.63341,11.63622,0.00,0.00
2016.12.09 16:08:08.514,11.63341,11.63612,0.00,0.00
2016.12.09 16:08:08.684,11.63341,11.63622,0.00,0.00
2016.12.09 16:08:08.792,11.63349,11.63631,0.00,0.00
2016.12.09 16:08:09.888,11.63431,11.63642,0.00,0.00
2016.12.09 16:08:09.989,11.63431,11.63671,0.00,0.00
2016.12.09 16:08:10.210,11.63431,11.63641,0.00,0.00
2016.12.09 16:08:10.406,11.63431,11.63662,0.00,0.00
2016.12.09 16:08:10.481,11.63439,11.63721,0.00,0.00
2016.12.09 16:08:11.006,11.63431,11.63711,0.00,0.00
2016.12.09 16:08:11.342,11.63431,11.63691,0.00,0.00
2016.12.09 16:08:11.820,11.63431,11.63711,0.00,0.00
2016.12.09 16:08:11.984,11.63431,11.63692,0.00,0.00
2016.12.09 16:08:12.612,11.63431,11.63701,0.00,0.00
2016.12.09 16:08:12.684,11.63431,11.63711,0.00,0.00
2016.12.09 16:08:13.407,11.63431,11.63702,0.00,0.00
2016.12.09 16:08:13.517,11.63431,11.63711,0.00,0.00
2016.12.09 16:08:13.586,11.63431,11.63692,0.00,0.00
2016.12.09 16:08:14.024,11.63431,11.63682,0.00,0.00
2016.12.09 16:08:14.135,11.63431,11.63702,0.00,0.00
2016.12.09 16:08:14.396,11.63431,11.63712,0.00,0.00
2016.12.09 16:08:14.707,11.63431,11.63681,0.00,0.00
2016.12.09 16:08:14.813,11.63431,11.63702,0.00,0.00
2016.12.09 16:08:14.888,11.63439,11.63721,0.00,0.00
2016.12.09 16:08:15.236,11.63449,11.63731,0.00,0.00
2016.12.09 16:08:15.540,11.63421,11.63642,0.00,0.00
2016.12.09 16:08:15.756,11.63369,11.63642,0.00,0.00
2016.12.09 16:08:15.807,11.63348,11.63632,0.00,0.00
2016.12.09 16:08:15.908,11.63341,11.63612,0.00,0.00
2016.12.09 16:08:15.990,11.63358,11.63641,0.00,0.00
2016.12.09 16:08:16.091,11.63341,11.63601,0.00,0.00
2016.12.09 16:08:16.191,11.63348,11.63632,0.00,0.00
2016.12.09 16:08:16.304,11.63341,11.63601,0.00,0.00
2016.12.09 16:08:16.391,11.63349,11.63631,0.00,0.00
2016.12.09 16:08:16.492,11.63341,11.63601,0.00,0.00
2016.12.09 16:08:17.193,11.63341,11.63622,0.00,0.00
2016.12.09 16:08:19.697,11.63341,11.63602,0.00,0.00
2016.12.09 16:08:19.935,11.63349,11.63631,0.00,0.00
2016.12.09 16:08:20.214,11.63341,11.63611,0.00,0.00
2016.12.09 16:08:21.072,11.63381,11.63611,0.00,0.00
2016.12.09 16:08:21.255,11.63381,11.63661,0.00,0.00
2016.12.09 16:08:21.305,11.63381,11.63631,0.00,0.00
2016.12.09 16:08:21.431,11.63342,11.63621,0.00,0.00
2016.12.09 16:08:21.534,11.63342,11.63602,0.00,0.00
2016.12.09 16:08:21.715,11.63342,11.63621,0.00,0.00
2016.12.09 16:08:21.817,11.63342,11.63602,0.00,0.00
2016.12.09 16:08:22.201,11.63342,11.63611,0.00,0.00
2016.12.09 16:08:22.324,11.63342,11.63581,0.00,0.00
2016.12.09 16:08:22.607,11.63342,11.63591,0.00,0.00
2016.12.09 16:08:22.729,11.63342,11.63601,0.00,0.00
2016.12.09 16:08:23.025,11.63258,11.63542,0.00,0.00
2016.12.09 16:08:23.076,11.63282,11.63542,0.00,0.00
2016.12.09 16:08:23.251,11.63259,11.63541,0.00,0.00
2016.12.09 16:08:23.352,11.63288,11.63542,0.00,0.00
2016.12.09 16:08:23.691,11.63321,11.63571,0.00,0.00
2016.12.09 16:08:24.020,11.63321,11.63541,0.00,0.00
2016.12.09 16:08:24.220,11.63321,11.63561,0.00,0.00
2016.12.09 16:08:24.326,11.63258,11.63542,0.00,0.00
2016.12.09 16:08:24.426,11.63241,11.63512,0.00,0.00
2016.12.09 16:08:24.606,11.63268,11.63541,0.00,0.00
2016.12.09 16:08:25.006,11.63249,11.63531,0.00,0.00
2016.12.09 16:08:25.107,11.63241,11.63511,0.00,0.00
2016.12.09 16:08:26.108,11.63241,11.63521,0.00,0.00
2016.12.09 16:08:26.409,11.63249,11.63531,0.00,0.00
2016.12.09 16:08:26.509,11.63241,11.63522,0.00,0.00
2016.12.09 16:08:26.729,11.63348,11.63632,0.00,0.00
2016.12.09 16:08:26.910,11.63321,11.63592,0.00,0.00
2016.12.09 16:08:27.341,11.63348,11.63632,0.00,0.00
2016.12.09 16:08:27.411,11.63328,11.63612,0.00,0.00
2016.12.09 16:08:28.026,11.63349,11.63631,0.00,0.00
2016.12.09 16:08:28.338,11.63321,11.63591,0.00,0.00
2016.12.09 16:08:28.463,11.63289,11.63571,0.00,0.00
2016.12.09 16:08:28.514,11.63281,11.63542,0.00,0.00
2016.12.09 16:08:28.675,11.63281,11.63552,0.00,0.00
2016.12.09 16:08:28.726,11.63298,11.63582,0.00,0.00
2016.12.09 16:08:28.952,11.63322,11.63562,0.00,0.00
2016.12.09 16:08:29.053,11.63322,11.63602,0.00,0.00
2016.12.09 16:08:29.231,11.63328,11.63612,0.00,0.00
2016.12.09 16:08:29.351,11.63338,11.63622,0.00,0.00
2016.12.09 16:08:29.665,11.63322,11.63602,0.00,0.00
2016.12.09 16:08:29.716,11.63338,11.63622,0.00,0.00
2016.12.09 16:08:29.815,11.63348,11.63632,0.00,0.00
2016.12.09 16:08:30.342,11.63328,11.63612,0.00,0.00
2016.12.09 16:08:30.652,11.63441,11.63721,0.00,0.00
2016.12.09 16:08:30.967,11.63441,11.63712,0.00,0.00
2016.12.09 16:08:32.419,11.63459,11.63741,0.00,0.00
2016.12.09 16:08:33.721,11.63441,11.63721,0.00,0.00
2016.12.09 16:08:34.029,11.63451,11.63721,0.00,0.00
2016.12.09 16:08:34.422,11.63481,11.63711,0.00,0.00
2016.12.09 16:08:34.964,11.63481,11.63721,0.00,0.00
2016.12.09 16:08:35.023,11.63481,11.63691,0.00,0.00
2016.12.09 16:08:35.624,11.63481,11.63701,0.00,0.00
2016.12.09 16:08:35.825,11.63481,11.63721,0.00,0.00
2016.12.09 16:08:35.955,11.63481,11.63732,0.00,0.00
2016.12.09 16:08:36.249,11.63481,11.63712,0.00,0.00
2016.12.09 16:08:36.663,11.63481,11.63692,0.00,0.00
2016.12.09 16:08:36.727,11.63481,11.63711,0.00,0.00
2016.12.09 16:08:36.827,11.63481,11.63702,0.00,0.00
2016.12.09 16:08:36.934,11.63481,11.63712,0.00,0.00
2016.12.09 16:08:37.361,11.63481,11.63722,0.00,0.00
2016.12.09 16:08:37.428,11.63481,11.63742,0.00,0.00
2016.12.09 16:08:37.628,11.63481,11.63711,0.00,0.00
2016.12.09 16:08:37.831,11.63481,11.63732,0.00,0.00
2016.12.09 16:08:37.935,11.63481,11.63712,0.00,0.00
2016.12.09 16:08:39.133,11.63481,11.63702,0.00,0.00
2016.12.09 16:08:39.483,11.63481,11.63692,0.00,0.00
2016.12.09 16:08:39.534,11.63481,11.63711,0.00,0.00
2016.12.09 16:08:39.635,11.63481,11.63722,0.00,0.00
2016.12.09 16:08:40.053,11.63481,11.63692,0.00,0.00
2016.12.09 16:08:40.438,11.63481,11.63672,0.00,0.00
2016.12.09 16:08:40.489,11.63388,11.63672,0.00,0.00
2016.12.09 16:08:40.539,11.63381,11.63661,0.00,0.00
2016.12.09 16:08:40.856,11.63381,11.63612,0.00,0.00
2016.12.09 16:08:41.491,11.63381,11.63632,0.00,0.00
2016.12.09 16:08:41.541,11.63381,11.63602,0.00,0.00
2016.12.09 16:08:41.685,11.63381,11.63642,0.00,0.00
2016.12.09 16:08:42.039,11.63381,11.63612,0.00,0.00
2016.12.09 16:08:42.395,11.63381,11.63602,0.00,0.00
2016.12.09 16:08:42.705,11.63381,11.63592,0.00,0.00
2016.12.09 16:08:43.292,11.63381,11.63632,0.00,0.00
2016.12.09 16:08:43.343,11.63381,11.63602,0.00,0.00
2016.12.09 16:08:43.442,11.63381,11.63632,0.00,0.00
2016.12.09 16:08:44.344,11.63381,11.63601,0.00,0.00
2016.12.09 16:08:45.145,11.63381,11.63642,0.00,0.00
2016.12.09 16:08:45.668,11.63382,11.63651,0.00,0.00
2016.12.09 16:08:45.769,11.63382,11.63632,0.00,0.00
2016.12.09 16:08:46.102,11.63382,11.63611,0.00,0.00
2016.12.09 16:08:46.152,11.63382,11.63621,0.00,0.00
2016.12.09 16:08:46.287,11.63422,11.63612,0.00,0.00
2016.12.09 16:08:46.388,11.63422,11.63652,0.00,0.00
2016.12.09 16:08:46.448,11.63422,11.63671,0.00,0.00
2016.12.09 16:08:47.363,11.63422,11.63642,0.00,0.00
2016.12.09 16:08:47.668,11.63422,11.63662,0.00,0.00
2016.12.09 16:08:47.769,11.63381,11.63641,0.00,0.00
2016.12.09 16:08:47.850,11.63381,11.63612,0.00,0.00
2016.12.09 16:08:48.165,11.63421,11.63652,0.00,0.00
2016.12.09 16:08:48.290,11.63421,11.63662,0.00,0.00
2016.12.09 16:08:48.672,11.63421,11.63651,0.00,0.00
2016.12.09 16:08:49.577,11.63471,11.63651,0.00,0.00
2016.12.09 16:08:49.678,11.63471,11.63661,0.00,0.00
2016.12.09 16:08:49.781,11.63471,11.63711,0.00,0.00
2016.12.09 16:08:50.053,11.63471,11.63692,0.00,0.00
2016.12.09 16:08:50.154,11.63471,11.63712,0.00,0.00
2016.12.09 16:08:50.254,11.63471,11.63692,0.00,0.00
2016.12.09 16:08:51.199,11.63471,11.63712,0.00,0.00
2016.12.09 16:08:51.255,11.63471,11.63721,0.00,0.00
2016.12.09 16:08:51.672,11.63471,11.63732,0.00,0.00
2016.12.09 16:08:51.862,11.63471,11.63712,0.00,0.00
2016.12.09 16:08:51.956,11.63471,11.63731,0.00,0.00
2016.12.09 16:08:52.492,11.63471,11.63692,0.00,0.00
2016.12.09 16:08:52.758,11.63471,11.63732,0.00,0.00
2016.12.09 16:08:52.958,11.63471,11.63701,0.00,0.00
2016.12.09 16:08:53.299,11.63471,11.63732,0.00,0.00
2016.12.09 16:08:54.162,11.63471,11.63702,0.00,0.00
2016.12.09 16:08:54.382,11.63471,11.63741,0.00,0.00
2016.12.09 16:08:54.561,11.63471,11.63692,0.00,0.00
2016.12.09 16:08:55.162,11.63471,11.63711,0.00,0.00
2016.12.09 16:08:55.263,11.63471,11.63722,0.00,0.00
2016.12.09 16:08:55.675,11.63471,11.63692,0.00,0.00
2016.12.09 16:08:57.481,11.63481,11.63692,0.00,0.00
2016.12.09 16:08:57.711,11.63481,11.63762,0.00,0.00
2016.12.09 16:08:57.812,11.63508,11.63792,0.00,0.00
2016.12.09 16:08:57.914,11.63482,11.63752,0.00,0.00
2016.12.09 16:08:58.319,11.63482,11.63732,0.00,0.00
2016.12.09 16:08:58.370,11.63482,11.63742,0.00,0.00
2016.12.09 16:08:58.579,11.63482,11.63732,0.00,0.00
2016.12.09 16:08:59.148,11.63562,11.63732,0.00,0.00
2016.12.09 16:08:59.199,11.63561,11.63751,0.00,0.00
2016.12.09 16:08:59.300,11.63561,11.63772,0.00,0.00
2016.12.09 16:08:59.401,11.63561,11.63792,0.00,0.00
2016.12.09 16:08:59.502,11.63561,11.63809,0.00,0.00
2016.12.09 16:08:59.602,11.63561,11.63751,0.00,0.00
2016.12.09 16:08:59.703,11.63561,11.63822,0.00,0.00
2016.12.09 16:08:59.774,11.63561,11.63811,0.00,0.00
2016.12.09 16:09:00.002,11.63509,11.63778,0.00,0.00
2016.12.09 16:09:00.103,11.63488,11.63772,0.00,0.00
2016.12.09 16:09:00.173,11.63482,11.63732,0.00,0.00
2016.12.09 16:09:00.667,11.63471,11.63732,0.00,0.00
2016.12.09 16:09:00.718,11.63561,11.63771,0.00,0.00
2016.12.09 16:09:00.818,11.63561,11.63808,0.00,0.00
2016.12.09 16:09:00.873,11.63561,11.63792,0.00,0.00
2016.12.09 16:09:01.174,11.63561,11.63821,0.00,0.00
2016.12.09 16:09:01.378,11.63561,11.63811,0.00,0.00
2016.12.09 16:09:01.738,11.63561,11.63781,0.00,0.00
2016.12.09 16:09:01.788,11.63561,11.63811,0.00,0.00
2016.12.09 16:09:01.899,11.63561,11.63821,0.00,0.00
2016.12.09 16:09:01.976,11.63561,11.63832,0.00,0.00
2016.12.09 16:09:02.505,11.63561,11.63811,0.00,0.00
2016.12.09 16:09:03.905,11.63561,11.63802,0.00,0.00
2016.12.09 16:09:04.095,11.63561,11.63822,0.00,0.00
2016.12.09 16:09:06.228,11.63561,11.63832,0.00,0.00
2016.12.09 16:09:06.733,11.63561,11.63822,0.00,0.00
2016.12.09 16:09:06.971,11.63528,11.63802,0.00,0.00
2016.12.09 16:09:07.021,11.63528,11.63779,0.00,0.00
2016.12.09 16:09:07.122,11.63508,11.63779,0.00,0.00
2016.12.09 16:09:07.186,11.63471,11.63722,0.00,0.00
2016.12.09 16:09:07.613,11.63471,11.63732,0.00,0.00
2016.12.09 16:09:07.717,11.63471,11.63722,0.00,0.00
2016.12.09 16:09:08.587,11.63471,11.63731,0.00,0.00
2016.12.09 16:09:08.915,11.63478,11.63731,0.00,0.00
2016.12.09 16:09:09.031,11.63479,11.63761,0.00,0.00
2016.12.09 16:09:09.219,11.63472,11.63732,0.00,0.00
2016.12.09 16:09:10.040,11.63472,11.63741,0.00,0.00
2016.12.09 16:09:10.590,11.63472,11.63721,0.00,0.00
2016.12.09 16:09:11.191,11.63472,11.63742,0.00,0.00
2016.12.09 16:09:11.356,11.63479,11.63742,0.00,0.00
2016.12.09 16:09:11.406,11.63479,11.63751,0.00,0.00
2016.12.09 16:09:11.519,11.63471,11.63742,0.00,0.00
2016.12.09 16:09:12.103,11.63471,11.63732,0.00,0.00
2016.12.09 16:09:12.439,11.63471,11.63712,0.00,0.00
2016.12.09 16:09:12.594,11.63471,11.63732,0.00,0.00
2016.12.09 16:09:12.719,11.63471,11.63712,0.00,0.00
2016.12.09 16:09:13.350,11.63471,11.63731,0.00,0.00
2016.12.09 16:09:15.298,11.63471,11.63711,0.00,0.00
2016.12.09 16:09:15.919,11.63471,11.63722,0.00,0.00
2016.12.09 16:09:15.999,11.63471,11.63732,0.00,0.00
2016.12.09 16:09:16.200,11.63471,11.63711,0.00,0.00
2016.12.09 16:09:16.500,11.63471,11.63731,0.00,0.00
2016.12.09 16:09:16.635,11.63471,11.63672,0.00,0.00
2016.12.09 16:09:16.736,11.63471,11.63682,0.00,0.00
2016.12.09 16:09:16.801,11.63471,11.63722,0.00,0.00
2016.12.09 16:09:16.928,11.63471,11.63732,0.00,0.00
2016.12.09 16:09:18.240,11.63471,11.63702,0.00,0.00
2016.12.09 16:09:18.303,11.63471,11.63732,0.00,0.00
2016.12.09 16:09:18.411,11.63471,11.63722,0.00,0.00
2016.12.09 16:09:19.427,11.63471,11.63742,0.00,0.00
2016.12.09 16:09:19.530,11.63438,11.63691,0.00,0.00
2016.12.09 16:09:19.631,11.63419,11.63679,0.00,0.00
2016.12.09 16:09:19.681,11.63419,11.63642,0.00,0.00
2016.12.09 16:09:19.732,11.63371,11.63642,0.00,0.00
2016.12.09 16:09:20.107,11.63371,11.63632,0.00,0.00
2016.12.09 16:09:20.353,11.63371,11.63642,0.00,0.00
2016.12.09 16:09:20.454,11.63378,11.63642,0.00,0.00
2016.12.09 16:09:21.111,11.63371,11.63642,0.00,0.00
2016.12.09 16:09:21.843,11.63461,11.63651,0.00,0.00
2016.12.09 16:09:21.944,11.63461,11.63672,0.00,0.00
2016.12.09 16:09:22.051,11.63461,11.63702,0.00,0.00
2016.12.09 16:09:22.152,11.63461,11.63721,0.00,0.00
2016.12.09 16:09:22.209,11.63461,11.63671,0.00,0.00
2016.12.09 16:09:22.325,11.63389,11.63671,0.00,0.00
2016.12.09 16:09:22.426,11.63372,11.63642,0.00,0.00
2016.12.09 16:09:22.874,11.63378,11.63642,0.00,0.00
2016.12.09 16:09:24.030,11.63372,11.63632,0.00,0.00
2016.12.09 16:09:24.131,11.63372,11.63641,0.00,0.00
2016.12.09 16:09:24.249,11.63372,11.63631,0.00,0.00
2016.12.09 16:09:24.559,11.63379,11.63642,0.00,0.00
2016.12.09 16:09:24.614,11.63372,11.63631,0.00,0.00
2016.12.09 16:09:24.961,11.63462,11.63641,0.00,0.00
2016.12.09 16:09:25.115,11.63462,11.63708,0.00,0.00
2016.12.09 16:09:25.218,11.63462,11.63681,0.00,0.00
2016.12.09 16:09:25.268,11.63422,11.63681,0.00,0.00
2016.12.09 16:09:25.319,11.63422,11.63672,0.00,0.00
2016.12.09 16:09:25.507,11.63378,11.63662,0.00,0.00
2016.12.09 16:09:25.557,11.63378,11.63642,0.00,0.00
2016.12.09 16:09:25.658,11.63371,11.63642,0.00,0.00
2016.12.09 16:09:25.759,11.63371,11.63632,0.00,0.00
2016.12.09 16:09:26.085,11.63462,11.63712,0.00,0.00
2016.12.09 16:09:26.420,11.63462,11.63681,0.00,0.00
2016.12.09 16:09:27.139,11.63462,11.63712,0.00,0.00
2016.12.09 16:09:29.058,11.63462,11.63722,0.00,0.00
2016.12.09 16:09:29.438,11.63462,11.63731,0.00,0.00
2016.12.09 16:09:29.560,11.63462,11.63692,0.00,0.00
2016.12.09 16:09:29.623,11.63462,11.63712,0.00,0.00
2016.12.09 16:09:29.816,11.63472,11.63712,0.00,0.00
2016.12.09 16:09:29.866,11.63472,11.63721,0.00,0.00
2016.12.09 16:09:29.924,11.63478,11.63742,0.00,0.00
2016.12.09 16:09:30.024,11.63472,11.63742,0.00,0.00
2016.12.09 16:09:30.127,11.63472,11.63722,0.00,0.00
2016.12.09 16:09:30.324,11.63472,11.63732,0.00,0.00
2016.12.09 16:09:30.529,11.63472,11.63742,0.00,0.00
2016.12.09 16:09:30.625,11.63472,11.63712,0.00,0.00
2016.12.09 16:09:30.734,11.63472,11.63742,0.00,0.00
2016.12.09 16:09:31.026,11.63472,11.63731,0.00,0.00
2016.12.09 16:09:32.192,11.63472,11.63711,0.00,0.00
2016.12.09 16:09:32.243,11.63472,11.63721,0.00,0.00
2016.12.09 16:09:32.344,11.63509,11.63779,0.00,0.00
2016.12.09 16:09:32.395,11.63509,11.63741,0.00,0.00
2016.12.09 16:09:32.528,11.63489,11.63741,0.00,0.00
2016.12.09 16:09:32.652,11.63471,11.63741,0.00,0.00
2016.12.09 16:09:33.757,11.63471,11.63742,0.00,0.00
2016.12.09 16:09:33.878,11.63498,11.63742,0.00,0.00
2016.12.09 16:09:34.051,11.63471,11.63742,0.00,0.00
2016.12.09 16:09:34.262,11.63512,11.63742,0.00,0.00
2016.12.09 16:09:34.463,11.63562,11.63801,0.00,0.00
2016.12.09 16:09:34.514,11.63519,11.63769,0.00,0.00
2016.12.09 16:09:34.565,11.63538,11.63769,0.00,0.00
2016.12.09 16:09:34.665,11.63471,11.63742,0.00,0.00
2016.12.09 16:09:35.050,11.63512,11.63751,0.00,0.00
2016.12.09 16:09:35.229,11.63512,11.63772,0.00,0.00
2016.12.09 16:09:35.280,11.63512,11.63782,0.00,0.00
2016.12.09 16:09:35.334,11.63512,11.63762,0.00,0.00
2016.12.09 16:09:35.435,11.63471,11.63742,0.00,0.00
2016.12.09 16:09:35.537,11.63471,11.63731,0.00,0.00
2016.12.09 16:09:36.235,11.63471,11.63742,0.00,0.00
2016.12.09 16:09:36.364,11.63471,11.63732,0.00,0.00
2016.12.09 16:09:36.436,11.63471,11.63742,0.00,0.00
2016.12.09 16:09:36.545,11.63471,11.63732,0.00,0.00
2016.12.09 16:09:37.009,11.63471,11.63701,0.00,0.00
2016.12.09 16:09:37.182,11.63471,11.63711,0.00,0.00
2016.12.09 16:09:37.237,11.63471,11.63722,0.00,0.00
2016.12.09 16:09:37.749,11.63471,11.63741,0.00,0.00
2016.12.09 16:09:38.247,11.63471,11.63702,0.00,0.00
2016.12.09 16:09:38.658,11.63471,11.63692,0.00,0.00
2016.12.09 16:09:38.779,11.63471,11.63732,0.00,0.00
2016.12.09 16:09:38.840,11.63471,11.63741,0.00,0.00
2016.12.09 16:09:38.962,11.63471,11.63732,0.00,0.00
2016.12.09 16:09:39.284,11.63471,11.63711,0.00,0.00
2016.12.09 16:09:39.385,11.63471,11.63732,0.00,0.00
2016.12.09 16:09:39.441,11.63471,11.63702,0.00,0.00
2016.12.09 16:09:40.678,11.63471,11.63712,0.00,0.00
2016.12.09 16:09:40.743,11.63471,11.63721,0.00,0.00
2016.12.09 16:09:41.144,11.63471,11.63702,0.00,0.00
2016.12.09 16:09:41.254,11.63471,11.63732,0.00,0.00
2016.12.09 16:09:41.354,11.63471,11.63722,0.00,0.00
2016.12.09 16:09:43.142,11.63438,11.63678,0.00,0.00
2016.12.09 16:09:43.193,11.63428,11.63678,0.00,0.00
2016.12.09 16:09:43.294,11.63382,11.63642,0.00,0.00
2016.12.09 16:09:43.395,11.63382,11.63631,0.00,0.00
2016.12.09 16:09:43.549,11.63382,11.63641,0.00,0.00
2016.12.09 16:09:44.969,11.63382,11.63621,0.00,0.00
2016.12.09 16:09:46.181,11.63382,11.63641,0.00,0.00
2016.12.09 16:09:46.685,11.63378,11.63579,0.00,0.00
2016.12.09 16:09:46.786,11.63271,11.63531,0.00,0.00
2016.12.09 16:09:46.887,11.63229,11.63511,0.00,0.00
2016.12.09 16:09:47.005,11.63181,11.63442,0.00,0.00
2016.12.09 16:09:47.345,11.63181,11.63422,0.00,0.00
2016.12.09 16:09:47.458,11.63181,11.63431,0.00,0.00
2016.12.09 16:09:47.581,11.63181,11.63422,0.00,0.00
2016.12.09 16:09:47.878,11.63181,11.63441,0.00,0.00
2016.12.09 16:09:47.979,11.63181,11.63451,0.00,0.00
2016.12.09 16:09:48.080,11.63189,11.63442,0.00,0.00
2016.12.09 16:09:48.386,11.63181,11.63442,0.00,0.00
2016.12.09 16:09:48.507,11.63188,11.63442,0.00,0.00
2016.12.09 16:09:48.610,11.63181,11.63442,0.00,0.00
2016.12.09 16:09:49.322,11.63181,11.63462,0.00,0.00
2016.12.09 16:09:49.422,11.63188,11.63472,0.00,0.00
2016.12.09 16:09:49.473,11.63198,11.63442,0.00,0.00
2016.12.09 16:09:49.706,11.63181,11.63451,0.00,0.00
2016.12.09 16:09:49.853,11.63181,11.63442,0.00,0.00
2016.12.09 16:09:50.116,11.63181,11.63461,0.00,0.00
2016.12.09 16:09:50.166,11.63271,11.63492,0.00,0.00
2016.12.09 16:09:50.217,11.63271,11.63502,0.00,0.00
2016.12.09 16:09:50.318,11.63271,11.63541,0.00,0.00
2016.12.09 16:09:50.368,11.63248,11.63489,0.00,0.00
2016.12.09 16:09:50.469,11.63181,11.63432,0.00,0.00
2016.12.09 16:09:50.579,11.63181,11.63422,0.00,0.00
2016.12.09 16:09:50.936,11.63181,11.63411,0.00,0.00
2016.12.09 16:09:50.987,11.63181,11.63421,0.00,0.00
2016.12.09 16:09:51.037,11.63222,11.63421,0.00,0.00
2016.12.09 16:09:51.138,11.63181,11.63401,0.00,0.00
2016.12.09 16:09:51.189,11.63188,11.63441,0.00,0.00
2016.12.09 16:09:51.391,11.63221,11.63442,0.00,0.00
2016.12.09 16:09:51.469,11.63221,11.63472,0.00,0.00
2016.12.09 16:09:51.811,11.63181,11.63442,0.00,0.00
2016.12.09 16:09:51.912,11.63181,11.63402,0.00,0.00
2016.12.09 16:09:52.170,11.63181,11.63422,0.00,0.00
2016.12.09 16:09:52.271,11.63181,11.63401,0.00,0.00
2016.12.09 16:09:52.611,11.63262,11.63511,0.00,0.00
2016.12.09 16:09:52.712,11.63262,11.63481,0.00,0.00
2016.12.09 16:09:52.872,11.63262,11.63511,0.00,0.00
2016.12.09 16:09:52.981,11.63262,11.63521,0.00,0.00
2016.12.09 16:09:53.082,11.63262,11.63511,0.00,0.00
2016.12.09 16:09:53.406,11.63281,11.63522,0.00,0.00
2016.12.09 16:09:53.796,11.63282,11.63542,0.00,0.00
2016.12.09 16:09:53.899,11.63282,11.63532,0.00,0.00
2016.12.09 16:09:54.239,11.63371,11.63501,0.00,0.00
2016.12.09 16:09:54.289,11.63371,11.63612,0.00,0.00
2016.12.09 16:09:54.476,11.63371,11.63592,0.00,0.00
2016.12.09 16:09:54.833,11.63281,11.63522,0.00,0.00
2016.12.09 16:09:55.021,11.63281,11.63542,0.00,0.00
2016.12.09 16:09:55.328,11.63322,11.63552,0.00,0.00
2016.12.09 16:09:55.379,11.63322,11.63582,0.00,0.00
2016.12.09 16:09:55.488,11.63322,11.63572,0.00,0.00
2016.12.09 16:09:55.966,11.63361,11.63572,0.00,0.00
2016.12.09 16:09:56.017,11.63361,11.63582,0.00,0.00
2016.12.09 16:09:56.124,11.63361,11.63612,0.00,0.00
2016.12.09 16:09:56.286,11.63361,11.63602,0.00,0.00
2016.12.09 16:09:56.887,11.63361,11.63592,0.00,0.00
2016.12.09 16:09:57.080,11.63361,11.63602,0.00,0.00
2016.12.09 16:09:58.292,11.63361,11.63611,0.00,0.00
2016.12.09 16:09:58.909,11.63361,11.63582,0.00,0.00
2016.12.09 16:09:59.262,11.63361,11.63572,0.00,0.00
2016.12.09 16:09:59.721,11.63321,11.63561,0.00,0.00
2016.12.09 16:09:59.822,11.63321,11.63552,0.00,0.00
2016.12.09 16:09:59.984,11.63321,11.63572,0.00,0.00
2016.12.09 16:10:00.731,11.63321,11.63561,0.00,0.00
2016.12.09 16:10:00.834,11.63322,11.63592,0.00,0.00
2016.12.09 16:10:00.885,11.63322,11.63552,0.00,0.00
2016.12.09 16:10:01.233,11.63281,11.63541,0.00,0.00
2016.12.09 16:10:01.334,11.63281,11.63521,0.00,0.00
2016.12.09 16:10:01.669,11.63281,11.63512,0.00,0.00
2016.12.09 16:10:01.889,11.63281,11.63521,0.00,0.00
2016.12.09 16:10:02.313,11.63281,11.63501,0.00,0.00
2016.12.09 16:10:02.704,11.63281,11.63492,0.00,0.00
2016.12.09 16:10:03.631,11.63272,11.63492,0.00,0.00
2016.12.09 16:10:03.732,11.63272,11.63522,0.00,0.00
2016.12.09 16:10:05.032,11.63272,11.63482,0.00,0.00
2016.12.09 16:10:05.303,11.63272,11.63512,0.00,0.00
2016.12.09 16:10:05.403,11.63272,11.63531,0.00,0.00
2016.12.09 16:10:05.495,11.63272,11.63541,0.00,0.00
2016.12.09 16:10:05.606,11.63272,11.63512,0.00,0.00
2016.12.09 16:10:05.963,11.63272,11.63492,0.00,0.00
2016.12.09 16:10:06.013,11.63272,11.63522,0.00,0.00
2016.12.09 16:10:06.064,11.63238,11.63489,0.00,0.00
2016.12.09 16:10:06.115,11.63181,11.63462,0.00,0.00
2016.12.09 16:10:06.216,11.63181,11.63431,0.00,0.00
2016.12.09 16:10:06.444,11.63181,11.63451,0.00,0.00
2016.12.09 16:10:06.643,11.63181,11.63442,0.00,0.00
2016.12.09 16:10:07.603,11.63181,11.63451,0.00,0.00
2016.12.09 16:10:07.704,11.63188,11.63451,0.00,0.00
2016.12.09 16:10:08.206,11.63181,11.63451,0.00,0.00
2016.12.09 16:10:09.209,11.63181,11.63442,0.00,0.00
2016.12.09 16:10:09.609,11.63181,11.63451,0.00,0.00
2016.12.09 16:10:09.710,11.63271,11.63462,0.00,0.00
2016.12.09 16:10:09.761,11.63271,11.63472,0.00,0.00
2016.12.09 16:10:09.862,11.63271,11.63531,0.00,0.00
2016.12.09 16:10:09.912,11.63271,11.63512,0.00,0.00
2016.12.09 16:10:10.037,11.63271,11.63522,0.00,0.00
2016.12.09 16:10:10.111,11.63271,11.63501,0.00,0.00
2016.12.09 16:10:10.324,11.63271,11.63522,0.00,0.00
2016.12.09 16:10:10.748,11.63271,11.63541,0.00,0.00
2016.12.09 16:10:10.851,11.63271,11.63522,0.00,0.00
2016.12.09 16:10:11.153,11.63181,11.63432,0.00,0.00
2016.12.09 16:10:11.213,11.63181,11.63441,0.00,0.00
2016.12.09 16:10:12.068,11.63231,11.63461,0.00,0.00
2016.12.09 16:10:12.119,11.63231,11.63482,0.00,0.00
2016.12.09 16:10:12.220,11.63198,11.63441,0.00,0.00
2016.12.09 16:10:12.321,11.63182,11.63431,0.00,0.00
2016.12.09 16:10:13.016,11.63182,11.63441,0.00,0.00
2016.12.09 16:10:13.807,11.63182,11.63432,0.00,0.00
2016.12.09 16:10:14.559,11.63182,11.63422,0.00,0.00
2016.12.09 16:10:15.444,11.63182,11.63441,0.00,0.00
2016.12.09 16:10:15.886,11.63271,11.63491,0.00,0.00
2016.12.09 16:10:15.937,11.63271,11.63522,0.00,0.00
2016.12.09 16:10:16.038,11.63271,11.63492,0.00,0.00
2016.12.09 16:10:16.226,11.63271,11.63502,0.00,0.00
2016.12.09 16:10:16.336,11.63271,11.63491,0.00,0.00
2016.12.09 16:10:16.436,11.63282,11.63521,0.00,0.00
2016.12.09 16:10:16.667,11.63282,11.63542,0.00,0.00
2016.12.09 16:10:16.725,11.63282,11.63531,0.00,0.00
2016.12.09 16:10:17.244,11.63282,11.63512,0.00,0.00
2016.12.09 16:10:17.827,11.63282,11.63501,0.00,0.00
2016.12.09 16:10:18.168,11.63282,11.63522,0.00,0.00
2016.12.09 16:10:18.228,11.63282,11.63501,0.00,0.00
2016.12.09 16:10:18.329,11.63282,11.63541,0.00,0.00
2016.12.09 16:10:18.649,11.63322,11.63531,0.00,0.00
2016.12.09 16:10:18.750,11.63322,11.63582,0.00,0.00
2016.12.09 16:10:18.801,11.63298,11.63579,0.00,0.00
2016.12.09 16:10:18.851,11.63281,11.63561,0.00,0.00
2016.12.09 16:10:19.231,11.63281,11.63542,0.00,0.00
2016.12.09 16:10:19.588,11.63281,11.63511,0.00,0.00
2016.12.09 16:10:19.639,11.63281,11.63531,0.00,0.00
2016.12.09 16:10:19.732,11.63281,11.63542,0.00,0.00
2016.12.09 16:10:20.033,11.63281,11.63531,0.00,0.00
2016.12.09 16:10:20.358,11.63281,11.63522,0.00,0.00
2016.12.09 16:10:20.751,11.63281,11.63542,0.00,0.00
2016.12.09 16:10:21.174,11.63281,11.63532,0.00,0.00
2016.12.09 16:10:21.562,11.63281,11.63521,0.00,0.00
2016.12.09 16:10:21.822,11.63262,11.63511,0.00,0.00
2016.12.09 16:10:21.872,11.63262,11.63501,0.00,0.00
2016.12.09 16:10:22.452,11.63262,11.63522,0.00,0.00
2016.12.09 16:10:23.266,11.63262,11.63531,0.00,0.00
2016.12.09 16:10:23.316,11.63282,11.63531,0.00,0.00
2016.12.09 16:10:23.367,11.63282,11.63542,0.00,0.00
2016.12.09 16:10:23.566,11.63282,11.63512,0.00,0.00
2016.12.09 16:10:23.617,11.63228,11.63488,0.00,0.00
2016.12.09 16:10:23.721,11.63218,11.63442,0.00,0.00
2016.12.09 16:10:23.772,11.63182,11.63432,0.00,0.00
2016.12.09 16:10:23.843,11.63182,11.63442,0.00,0.00
2016.12.09 16:10:23.980,11.63208,11.63442,0.00,0.00
2016.12.09 16:10:24.243,11.63188,11.63442,0.00,0.00
2016.12.09 16:10:24.876,11.63182,11.63442,0.00,0.00
2016.12.09 16:10:25.347,11.63182,11.63431,0.00,0.00
2016.12.09 16:10:25.547,11.63182,11.63441,0.00,0.00
2016.12.09 16:10:25.764,11.63182,11.63431,0.00,0.00
2016.12.09 16:10:26.452,11.63182,11.63441,0.00,0.00
2016.12.09 16:10:27.162,11.63182,11.63442,0.00,0.00
2016.12.09 16:10:27.489,11.63182,11.63411,0.00,0.00
2016.12.09 16:10:27.691,11.63221,11.63451,0.00,0.00
2016.12.09 16:10:27.742,11.63261,11.63451,0.00,0.00
2016.12.09 16:10:27.792,11.63261,11.63462,0.00,0.00
2016.12.09 16:10:27.895,11.63261,11.63492,0.00,0.00
2016.12.09 16:10:27.996,11.63261,11.63521,0.00,0.00
2016.12.09 16:10:28.046,11.63239,11.63478,0.00,0.00
2016.12.09 16:10:28.290,11.63182,11.63441,0.00,0.00
2016.12.09 16:10:28.403,11.63221,11.63442,0.00,0.00
2016.12.09 16:10:28.454,11.63221,11.63452,0.00,0.00
2016.12.09 16:10:28.553,11.63221,11.63472,0.00,0.00
2016.12.09 16:10:28.654,11.63221,11.63492,0.00,0.00
2016.12.09 16:10:28.854,11.63221,11.63452,0.00,0.00
2016.12.09 16:10:29.155,11.63262,11.63542,0.00,0.00
2016.12.09 16:10:29.255,11.63269,11.63542,0.00,0.00
2016.12.09 16:10:29.593,11.63262,11.63541,0.00,0.00
2016.12.09 16:10:29.656,11.63268,11.63542,0.00,0.00
2016.12.09 16:10:30.075,11.63288,11.63542,0.00,0.00
2016.12.09 16:10:30.457,11.63281,11.63542,0.00,0.00
2016.12.09 16:10:31.618,11.63321,11.63542,0.00,0.00
2016.12.09 16:10:31.777,11.63321,11.63571,0.00,0.00
2016.12.09 16:10:31.860,11.63321,11.63591,0.00,0.00
2016.12.09 16:10:32.180,11.63321,11.63581,0.00,0.00
2016.12.09 16:10:32.861,11.63321,11.63591,0.00,0.00
2016.12.09 16:10:34.163,11.63321,11.63582,0.00,0.00
2016.12.09 16:10:34.474,11.63298,11.63541,0.00,0.00
2016.12.09 16:10:34.588,11.63251,11.63531,0.00,0.00
2016.12.09 16:10:34.639,11.63291,11.63531,0.00,0.00
2016.12.09 16:10:34.865,11.63339,11.63609,0.00,0.00
2016.12.09 16:10:34.966,11.63339,11.63621,0.00,0.00
2016.12.09 16:10:35.265,11.63332,11.63612,0.00,0.00
2016.12.09 16:10:35.578,11.63339,11.63621,0.00,0.00
2016.12.09 16:10:35.909,11.63332,11.63611,0.00,0.00
2016.12.09 16:10:36.505,11.63332,11.63601,0.00,0.00
2016.12.09 16:10:36.606,11.63332,11.63611,0.00,0.00
2016.12.09 16:10:36.668,11.63339,11.63621,0.00,0.00
2016.12.09 16:10:37.771,11.63348,11.63632,0.00,0.00
2016.12.09 16:10:37.930,11.63368,11.63632,0.00,0.00
2016.12.09 16:10:38.285,11.63431,11.63692,0.00,0.00
2016.12.09 16:10:38.386,11.63438,11.63722,0.00,0.00
2016.12.09 16:10:38.499,11.63431,11.63712,0.00,0.00
2016.12.09 16:10:38.812,11.63439,11.63692,0.00,0.00
2016.12.09 16:10:38.873,11.63381,11.63651,0.00,0.00
2016.12.09 16:10:39.024,11.63369,11.63642,0.00,0.00
2016.12.09 16:10:39.075,11.63389,11.63642,0.00,0.00
2016.12.09 16:10:39.174,11.63341,11.63602,0.00,0.00
2016.12.09 16:10:39.295,11.63341,11.63592,0.00,0.00
2016.12.09 16:10:39.615,11.63341,11.63582,0.00,0.00
2016.12.09 16:10:39.675,11.63341,11.63591,0.00,0.00
2016.12.09 16:10:39.776,11.63341,11.63612,0.00,0.00
2016.12.09 16:10:39.899,11.63341,11.63581,0.00,0.00
2016.12.09 16:10:40.000,11.63341,11.63592,0.00,0.00
2016.12.09 16:10:40.176,11.63341,11.63612,0.00,0.00
2016.12.09 16:10:40.320,11.63341,11.63572,0.00,0.00
2016.12.09 16:10:40.420,11.63382,11.63621,0.00,0.00
2016.12.09 16:10:40.471,11.63342,11.63621,0.00,0.00
2016.12.09 16:10:40.572,11.63369,11.63642,0.00,0.00
2016.12.09 16:10:40.622,11.63358,11.63642,0.00,0.00
2016.12.09 16:10:40.677,11.63349,11.63631,0.00,0.00
2016.12.09 16:10:41.212,11.63342,11.63601,0.00,0.00
2016.12.09 16:10:41.391,11.63348,11.63632,0.00,0.00
2016.12.09 16:10:41.479,11.63342,11.63592,0.00,0.00
2016.12.09 16:10:41.589,11.63331,11.63592,0.00,0.00
2016.12.09 16:10:41.640,11.63381,11.63592,0.00,0.00
2016.12.09 16:10:41.690,11.63381,11.63622,0.00,0.00
2016.12.09 16:10:41.779,11.63381,11.63651,0.00,0.00
2016.12.09 16:10:41.908,11.63421,11.63672,0.00,0.00
2016.12.09 16:10:42.009,11.63421,11.63682,0.00,0.00
2016.12.09 16:10:42.111,11.63421,11.63692,0.00,0.00
2016.12.09 16:10:42.225,11.63438,11.63692,0.00,0.00
2016.12.09 16:10:42.276,11.63438,11.63722,0.00,0.00
2016.12.09 16:10:42.326,11.63408,11.63692,0.00,0.00
2016.12.09 16:10:42.682,11.63388,11.63672,0.00,0.00
2016.12.09 16:10:43.083,11.63381,11.63662,0.00,0.00
2016.12.09 16:10:43.415,11.63422,11.63692,0.00,0.00
2016.12.09 16:10:43.629,11.63428,11.63712,0.00,0.00
2016.12.09 16:10:44.006,11.63422,11.63671,0.00,0.00
2016.12.09 16:10:44.108,11.63438,11.63722,0.00,0.00
2016.12.09 16:10:44.185,11.63422,11.63672,0.00,0.00
2016.12.09 16:10:44.404,11.63378,11.63641,0.00,0.00
2016.12.09 16:10:44.485,11.63341,11.63612,0.00,0.00
2016.12.09 16:10:44.591,11.63382,11.63612,0.00,0.00
2016.12.09 16:10:44.786,11.63382,11.63662,0.00,0.00
2016.12.09 16:10:44.837,11.63421,11.63662,0.00,0.00
2016.12.09 16:10:44.888,11.63421,11.63682,0.00,0.00
2016.12.09 16:10:45.123,11.63421,11.63702,0.00,0.00
2016.12.09 16:10:45.187,11.63421,11.63672,0.00,0.00
2016.12.09 16:10:45.590,11.63421,11.63681,0.00,0.00
2016.12.09 16:10:45.905,11.63399,11.63681,0.00,0.00
2016.12.09 16:10:46.006,11.63378,11.63662,0.00,0.00
2016.12.09 16:10:46.057,11.63378,11.63641,0.00,0.00
2016.12.09 16:10:46.107,11.63341,11.63612,0.00,0.00
2016.12.09 16:10:46.523,11.63331,11.63592,0.00,0.00
2016.12.09 16:10:46.633,11.63331,11.63602,0.00,0.00
2016.12.09 16:10:46.690,11.63331,11.63572,0.00,0.00
2016.12.09 16:10:46.804,11.63331,11.63612,0.00,0.00
2016.12.09 16:10:47.045,11.63339,11.63621,0.00,0.00
2016.12.09 16:10:47.191,11.63358,11.63641,0.00,0.00
2016.12.09 16:10:47.391,11.63339,11.63621,0.00,0.00
2016.12.09 16:10:47.492,11.63318,11.63602,0.00,0.00
2016.12.09 16:10:47.635,11.63312,11.63592,0.00,0.00
2016.12.09 16:10:47.792,11.63339,11.63621,0.00,0.00
2016.12.09 16:10:48.296,11.63328,11.63612,0.00,0.00
2016.12.09 16:10:49.024,11.63312,11.63591,0.00,0.00
2016.12.09 16:10:49.495,11.63338,11.63622,0.00,0.00
2016.12.09 16:10:49.602,11.63359,11.63641,0.00,0.00
2016.12.09 16:10:50.196,11.63339,11.63621,0.00,0.00
2016.12.09 16:10:50.557,11.63378,11.63641,0.00,0.00
2016.12.09 16:10:50.948,11.63401,11.63662,0.00,0.00
2016.12.09 16:10:51.099,11.63408,11.63692,0.00,0.00
2016.12.09 16:10:51.160,11.63411,11.63692,0.00,0.00
2016.12.09 16:10:51.211,11.63429,11.63711,0.00,0.00
2016.12.09 16:10:51.312,11.63411,11.63692,0.00,0.00
2016.12.09 16:10:52.140,11.63428,11.63712,0.00,0.00
2016.12.09 16:10:52.200,11.63419,11.63701,0.00,0.00
2016.12.09 16:10:52.538,11.63411,11.63672,0.00,0.00
2016.12.09 16:10:52.646,11.63411,11.63692,0.00,0.00
2016.12.09 16:10:52.701,11.63438,11.63722,0.00,0.00
2016.12.09 16:10:52.825,11.63411,11.63691,0.00,0.00
2016.12.09 16:10:52.925,11.63438,11.63722,0.00,0.00
2016.12.09 16:10:53.101,11.63418,11.63702,0.00,0.00
2016.12.09 16:10:53.726,11.63438,11.63722,0.00,0.00
2016.12.09 16:10:54.504,11.63419,11.63701,0.00,0.00
2016.12.09 16:10:54.604,11.63438,11.63722,0.00,0.00
2016.12.09 16:10:55.228,11.63429,11.63711,0.00,0.00
2016.12.09 16:10:55.305,11.63458,11.63741,0.00,0.00
2016.12.09 16:10:55.405,11.63418,11.63702,0.00,0.00
2016.12.09 16:10:55.514,11.63448,11.63732,0.00,0.00
2016.12.09 16:10:55.906,11.63429,11.63711,0.00,0.00
2016.12.09 16:10:56.340,11.63419,11.63701,0.00,0.00
2016.12.09 16:10:56.687,11.63459,11.63741,0.00,0.00
2016.12.09 16:10:57.160,11.63439,11.63721,0.00,0.00
2016.12.09 16:11:01.212,11.63439,11.63691,0.00,0.00
2016.12.09 16:11:01.419,11.63368,11.63641,0.00,0.00
2016.12.09 16:11:01.613,11.63338,11.63622,0.00,0.00
2016.12.09 16:11:01.663,11.63331,11.63601,0.00,0.00
2016.12.09 16:11:02.000,11.63331,11.63592,0.00,0.00
2016.12.09 16:11:02.447,11.63322,11.63581,0.00,0.00
2016.12.09 16:11:02.960,11.63298,11.63582,0.00,0.00
2016.12.09 16:11:03.061,11.63338,11.63592,0.00,0.00
2016.12.09 16:11:03.166,11.63329,11.63592,0.00,0.00
2016.12.09 16:11:03.219,11.63288,11.63572,0.00,0.00
2016.12.09 16:11:03.732,11.63319,11.63592,0.00,0.00
2016.12.09 16:11:03.879,11.63321,11.63601,0.00,0.00
2016.12.09 16:11:03.929,11.63321,11.63581,0.00,0.00
2016.12.09 16:11:04.017,11.63328,11.63612,0.00,0.00
2016.12.09 16:11:04.446,11.63318,11.63579,0.00,0.00
2016.12.09 16:11:04.620,11.63259,11.63541,0.00,0.00
2016.12.09 16:11:04.753,11.63231,11.63502,0.00,0.00
2016.12.09 16:11:05.042,11.63238,11.63522,0.00,0.00
2016.12.09 16:11:05.120,11.63231,11.63492,0.00,0.00
2016.12.09 16:11:05.227,11.63232,11.63512,0.00,0.00
2016.12.09 16:11:05.351,11.63289,11.63542,0.00,0.00
2016.12.09 16:11:05.421,11.63279,11.63542,0.00,0.00
2016.12.09 16:11:05.472,11.63322,11.63561,0.00,0.00
2016.12.09 16:11:05.623,11.63329,11.63611,0.00,0.00
2016.12.09 16:11:06.022,11.63322,11.63602,0.00,0.00
2016.12.09 16:11:06.357,11.63299,11.63542,0.00,0.00
2016.12.09 16:11:06.423,11.63258,11.63542,0.00,0.00
2016.12.09 16:11:09.128,11.63249,11.63531,0.00,0.00
2016.12.09 16:11:09.228,11.63258,11.63542,0.00,0.00
2016.12.09 16:11:09.488,11.63269,11.63542,0.00,0.00
2016.12.09 16:11:09.803,11.63369,11.63641,0.00,0.00
2016.12.09 16:11:09.853,11.63338,11.63622,0.00,0.00
2016.12.09 16:11:10.332,11.63349,11.63631,0.00,0.00
2016.12.09 16:11:10.442,11.63358,11.63641,0.00,0.00
2016.12.09 16:11:10.543,11.63332,11.63582,0.00,0.00
2016.12.09 16:11:10.970,11.63332,11.63602,0.00,0.00
2016.12.09 16:11:11.451,11.63298,11.63578,0.00,0.00
2016.12.09 16:11:11.501,11.63298,11.63518,0.00,0.00
2016.12.09 16:11:11.609,11.63218,11.63502,0.00,0.00
2016.12.09 16:11:11.660,11.63158,11.63429,0.00,0.00
2016.12.09 16:11:11.772,11.63148,11.63429,0.00,0.00
2016.12.09 16:11:11.975,11.63129,11.63411,0.00,0.00
2016.12.09 16:11:12.038,11.63149,11.63429,0.00,0.00
2016.12.09 16:11:12.370,11.63158,11.63429,0.00,0.00
2016.12.09 16:11:12.539,11.63129,11.63411,0.00,0.00
2016.12.09 16:11:12.849,11.63159,11.63429,0.00,0.00
2016.12.09 16:11:13.174,11.63168,11.63429,0.00,0.00
2016.12.09 16:11:13.850,11.63178,11.63429,0.00,0.00
2016.12.09 16:11:13.900,11.63178,11.63441,0.00,0.00
2016.12.09 16:11:13.951,11.63168,11.63428,0.00,0.00
2016.12.09 16:11:14.154,11.63138,11.63422,0.00,0.00
2016.12.09 16:11:14.244,11.63128,11.63412,0.00,0.00
2016.12.09 16:11:14.971,11.63149,11.63428,0.00,0.00
2016.12.09 16:11:15.348,11.63128,11.63412,0.00,0.00
2016.12.09 16:11:15.648,11.63138,11.63422,0.00,0.00
2016.12.09 16:11:15.958,11.62989,11.63242,0.00,0.00
2016.12.09 16:11:16.059,11.62969,11.63242,0.00,0.00
2016.12.09 16:11:16.193,11.62959,11.63241,0.00,0.00
2016.12.09 16:11:16.364,11.62969,11.63242,0.00,0.00
2016.12.09 16:11:16.450,11.62958,11.63242,0.00,0.00
2016.12.09 16:11:16.551,11.62988,11.63242,0.00,0.00
2016.12.09 16:11:16.988,11.62978,11.63242,0.00,0.00
2016.12.09 16:11:17.052,11.62958,11.63242,0.00,0.00
2016.12.09 16:11:17.257,11.62978,11.63242,0.00,0.00
2016.12.09 16:11:17.353,11.62958,11.63242,0.00,0.00
2016.12.09 16:11:17.685,11.62988,11.63242,0.00,0.00
2016.12.09 16:11:17.838,11.62948,11.63232,0.00,0.00
2016.12.09 16:11:17.889,11.62988,11.63242,0.00,0.00
2016.12.09 16:11:18.059,11.62958,11.63242,0.00,0.00
2016.12.09 16:11:18.255,11.62989,11.63242,0.00,0.00
2016.12.09 16:11:18.356,11.62958,11.63242,0.00,0.00
2016.12.09 16:11:18.485,11.62948,11.63232,0.00,0.00
2016.12.09 16:11:18.816,11.62988,11.63242,0.00,0.00
2016.12.09 16:11:19.269,11.62978,11.63242,0.00,0.00
2016.12.09 16:11:19.458,11.62989,11.63242,0.00,0.00
2016.12.09 16:11:19.628,11.62958,11.63242,0.00,0.00
2016.12.09 16:11:19.678,11.62948,11.63232,0.00,0.00
2016.12.09 16:11:20.004,11.62898,11.63141,0.00,0.00
2016.12.09 16:11:20.155,11.62928,11.63192,0.00,0.00
2016.12.09 16:11:20.206,11.62891,11.63162,0.00,0.00
2016.12.09 16:11:20.307,11.62891,11.63172,0.00,0.00
2016.12.09 16:11:20.362,11.62958,11.63239,0.00,0.00
2016.12.09 16:11:20.413,11.62958,11.63242,0.00,0.00
2016.12.09 16:11:20.573,11.62948,11.63232,0.00,0.00
2016.12.09 16:11:21.199,11.62978,11.63242,0.00,0.00
2016.12.09 16:11:21.308,11.62959,11.63241,0.00,0.00
2016.12.09 16:11:21.367,11.62989,11.63242,0.00,0.00
2016.12.09 16:11:21.567,11.62968,11.63242,0.00,0.00
2016.12.09 16:11:21.667,11.62988,11.63242,0.00,0.00
2016.12.09 16:11:22.069,11.62948,11.63232,0.00,0.00
2016.12.09 16:11:22.189,11.62938,11.63222,0.00,0.00
2016.12.09 16:11:22.518,11.62968,11.63242,0.00,0.00
2016.12.09 16:11:22.946,11.62968,11.63221,0.00,0.00
2016.12.09 16:11:23.198,11.62978,11.63241,0.00,0.00
2016.12.09 16:11:23.273,11.62959,11.63241,0.00,0.00
2016.12.09 16:11:23.689,11.62968,11.63241,0.00,0.00
2016.12.09 16:11:23.994,11.62979,11.63241,0.00,0.00
2016.12.09 16:11:24.455,11.62988,11.63241,0.00,0.00
2016.12.09 16:11:24.505,11.62968,11.63241,0.00,0.00
2016.12.09 16:11:24.579,11.62948,11.63232,0.00,0.00
2016.12.09 16:11:24.879,11.62959,11.63241,0.00,0.00
2016.12.09 16:11:25.070,11.62988,11.63272,0.00,0.00
2016.12.09 16:11:25.121,11.62969,11.63251,0.00,0.00
2016.12.09 16:11:25.445,11.62939,11.63221,0.00,0.00
2016.12.09 16:11:25.776,11.62969,11.63242,0.00,0.00
2016.12.09 16:11:25.983,11.62948,11.63232,0.00,0.00
2016.12.09 16:11:26.083,11.62939,11.63221,0.00,0.00
2016.12.09 16:11:26.401,11.62939,11.63141,0.00,0.00
2016.12.09 16:11:26.606,11.62838,11.63122,0.00,0.00
2016.12.09 16:11:26.886,11.62848,11.63132,0.00,0.00
2016.12.09 16:11:27.254,11.62898,11.63142,0.00,0.00
2016.12.09 16:11:27.589,11.62878,11.63142,0.00,0.00
2016.12.09 16:11:27.690,11.62868,11.63142,0.00,0.00
2016.12.09 16:11:27.806,11.62898,11.63142,0.00,0.00
2016.12.09 16:11:27.991,11.62868,11.63142,0.00,0.00
2016.12.09 16:11:28.215,11.62899,11.63142,0.00,0.00
2016.12.09 16:11:28.292,11.62849,11.63131,0.00,0.00
2016.12.09 16:11:28.493,11.62868,11.63142,0.00,0.00
2016.12.09 16:11:29.005,11.62849,11.63131,0.00,0.00
2016.12.09 16:11:29.127,11.62889,11.63142,0.00,0.00
2016.12.09 16:11:29.295,11.62868,11.63142,0.00,0.00
2016.12.09 16:11:29.496,11.62849,11.63131,0.00,0.00
2016.12.09 16:11:29.810,11.62879,11.63142,0.00,0.00
2016.12.09 16:11:30.478,11.62869,11.63142,0.00,0.00
2016.12.09 16:11:30.529,11.62848,11.63132,0.00,0.00
2016.12.09 16:11:30.800,11.62869,11.63142,0.00,0.00
2016.12.09 16:11:30.901,11.62849,11.63131,0.00,0.00
2016.12.09 16:11:31.006,11.62879,11.63142,0.00,0.00
2016.12.09 16:11:32.548,11.62828,11.63112,0.00,0.00
2016.12.09 16:11:32.605,11.62838,11.63122,0.00,0.00
2016.12.09 16:11:32.953,11.62848,11.63132,0.00,0.00
2016.12.09 16:11:33.528,11.62868,11.63142,0.00,0.00
2016.12.09 16:11:33.709,11.62838,11.63122,0.00,0.00
2016.12.09 16:11:33.910,11.62869,11.63142,0.00,0.00
2016.12.09 16:11:34.187,11.62849,11.63131,0.00,0.00
2016.12.09 16:11:35.314,11.62828,11.63112,0.00,0.00
2016.12.09 16:11:35.431,11.62838,11.63122,0.00,0.00
2016.12.09 16:11:35.816,11.62878,11.63142,0.00,0.00
2016.12.09 16:11:36.160,11.62901,11.63152,0.00,0.00
2016.12.09 16:11:36.261,11.62948,11.63232,0.00,0.00
2016.12.09 16:11:37.167,11.62968,11.63252,0.00,0.00
2016.12.09 16:11:37.490,11.62922,11.63202,0.00,0.00
2016.12.09 16:11:37.541,11.62928,11.63212,0.00,0.00
2016.12.09 16:11:37.776,11.62922,11.63202,0.00,0.00
2016.12.09 16:11:37.827,11.62939,11.63221,0.00,0.00
2016.12.09 16:11:37.972,11.62959,11.63241,0.00,0.00
2016.12.09 16:11:38.449,11.62969,11.63242,0.00,0.00
2016.12.09 16:11:38.550,11.62928,11.63212,0.00,0.00
2016.12.09 16:11:38.781,11.62932,11.63212,0.00,0.00
2016.12.09 16:11:38.832,11.62958,11.63242,0.00,0.00
2016.12.09 16:11:38.963,11.62978,11.63242,0.00,0.00
2016.12.09 16:11:39.430,11.62938,11.63222,0.00,0.00
2016.12.09 16:11:39.566,11.62931,11.63212,0.00,0.00
2016.12.09 16:11:40.031,11.62959,11.63241,0.00,0.00
2016.12.09 16:11:40.132,11.62939,11.63221,0.00,0.00
2016.12.09 16:11:40.833,11.62948,11.63232,0.00,0.00
2016.12.09 16:11:40.934,11.62968,11.63242,0.00,0.00
2016.12.09 16:11:41.264,11.63028,11.63312,0.00,0.00
2016.12.09 16:11:41.466,11.63049,11.63331,0.00,0.00
2016.12.09 16:11:41.787,11.63021,11.63302,0.00,0.00
2016.12.09 16:11:42.462,11.63021,11.63301,0.00,0.00
2016.12.09 16:11:42.675,11.63029,11.63311,0.00,0.00
2016.12.09 16:11:43.153,11.63021,11.63302,0.00,0.00
2016.12.09 16:11:43.340,11.63029,11.63311,0.00,0.00
2016.12.09 16:11:43.441,11.63039,11.63321,0.00,0.00
2016.12.09 16:11:43.564,11.63028,11.63312,0.00,0.00
2016.12.09 16:11:43.641,11.63038,11.63322,0.00,0.00
2016.12.09 16:11:43.945,11.63028,11.63312,0.00,0.00
2016.12.09 16:11:44.432,11.63021,11.63281,0.00,0.00
2016.12.09 16:11:44.892,11.63021,11.63292,0.00,0.00
2016.12.09 16:11:45.084,11.63029,11.63311,0.00,0.00
2016.12.09 16:11:45.144,11.63021,11.63282,0.00,0.00
2016.12.09 16:11:45.245,11.63021,11.63291,0.00,0.00
2016.12.09 16:11:45.345,11.63038,11.63322,0.00,0.00
2016.12.09 16:11:45.746,11.63021,11.63272,0.00,0.00
2016.12.09 16:11:45.876,11.63048,11.63332,0.00,0.00
2016.12.09 16:11:45.947,11.63021,11.63282,0.00,0.00
2016.12.09 16:11:46.075,11.63049,11.63331,0.00,0.00
2016.12.09 16:11:46.147,11.63059,11.63341,0.00,0.00
2016.12.09 16:11:46.347,11.63038,11.63322,0.00,0.00
2016.12.09 16:11:46.789,11.63059,11.63341,0.00,0.00
2016.12.09 16:11:47.749,11.63038,11.63322,0.00,0.00
2016.12.09 16:11:48.193,11.63048,11.63332,0.00,0.00
2016.12.09 16:11:48.504,11.63068,11.63342,0.00,0.00
2016.12.09 16:11:48.555,11.63049,11.63331,0.00,0.00
2016.12.09 16:11:50.857,11.63029,11.63311,0.00,0.00
2016.12.09 16:11:51.404,11.63059,11.63341,0.00,0.00
2016.12.09 16:11:54.913,11.63058,11.63342,0.00,0.00
2016.12.09 16:11:55.572,11.63068,11.63342,0.00,0.00
2016.12.09 16:11:56.067,11.63038,11.63322,0.00,0.00
2016.12.09 16:11:56.167,11.63021,11.63291,0.00,0.00
2016.12.09 16:11:56.601,11.63028,11.63312,0.00,0.00
2016.12.09 16:11:57.273,11.63122,11.63291,0.00,0.00
2016.12.09 16:11:57.380,11.63138,11.63388,0.00,0.00
2016.12.09 16:11:57.430,11.63138,11.63341,0.00,0.00
2016.12.09 16:11:57.481,11.63079,11.63341,0.00,0.00
2016.12.09 16:11:57.588,11.63048,11.63332,0.00,0.00
2016.12.09 16:11:57.639,11.63048,11.63291,0.00,0.00
2016.12.09 16:11:57.810,11.63021,11.63302,0.00,0.00
2016.12.09 16:11:57.919,11.63021,11.63292,0.00,0.00
2016.12.09 16:11:57.971,11.63038,11.63322,0.00,0.00
2016.12.09 16:11:58.579,11.63021,11.63301,0.00,0.00
2016.12.09 16:11:58.815,11.63039,11.63321,0.00,0.00
2016.12.09 16:12:00.175,11.63029,11.63311,0.00,0.00
2016.12.09 16:12:00.476,11.63058,11.63342,0.00,0.00
2016.12.09 16:12:00.577,11.63038,11.63322,0.00,0.00
2016.12.09 16:12:00.910,11.62999,11.63281,0.00,0.00
2016.12.09 16:12:01.246,11.63029,11.63292,0.00,0.00
2016.12.09 16:12:01.297,11.63019,11.63292,0.00,0.00
2016.12.09 16:12:01.514,11.63028,11.63292,0.00,0.00
2016.12.09 16:12:01.878,11.62968,11.63241,0.00,0.00
2016.12.09 16:12:01.979,11.62999,11.63241,0.00,0.00
2016.12.09 16:12:02.093,11.62978,11.63241,0.00,0.00
2016.12.09 16:12:02.196,11.62959,11.63241,0.00,0.00
2016.12.09 16:12:02.780,11.62968,11.63241,0.00,0.00
2016.12.09 16:12:03.097,11.62988,11.63241,0.00,0.00
2016.12.09 16:12:03.306,11.62968,11.63241,0.00,0.00
2016.12.09 16:12:03.531,11.62958,11.63241,0.00,0.00
2016.12.09 16:12:03.882,11.62989,11.63241,0.00,0.00
2016.12.09 16:12:04.196,11.62999,11.63241,0.00,0.00
2016.12.09 16:12:04.297,11.62948,11.63232,0.00,0.00
2016.12.09 16:12:04.383,11.62942,11.63221,0.00,0.00
2016.12.09 16:12:04.883,11.62948,11.63232,0.00,0.00
2016.12.09 16:12:05.485,11.62942,11.63212,0.00,0.00
2016.12.09 16:12:05.810,11.62969,11.63241,0.00,0.00
2016.12.09 16:12:05.934,11.62979,11.63241,0.00,0.00
2016.12.09 16:12:06.487,11.62968,11.63241,0.00,0.00
2016.12.09 16:12:06.629,11.62948,11.63232,0.00,0.00
2016.12.09 16:12:06.811,11.62979,11.63241,0.00,0.00
2016.12.09 16:12:07.213,11.62988,11.63241,0.00,0.00
2016.12.09 16:12:07.588,11.62969,11.63241,0.00,0.00
2016.12.09 16:12:08.039,11.62949,11.63231,0.00,0.00
2016.12.09 16:12:08.392,11.62978,11.63241,0.00,0.00
2016.12.09 16:12:08.733,11.62999,11.63241,0.00,0.00
2016.12.09 16:12:09.093,11.62978,11.63241,0.00,0.00
2016.12.09 16:12:09.193,11.62999,11.63241,0.00,0.00
2016.12.09 16:12:09.730,11.62979,11.63241,0.00,0.00
2016.12.09 16:12:11.498,11.62959,11.63241,0.00,0.00
2016.12.09 16:12:11.598,11.62948,11.63232,0.00,0.00
2016.12.09 16:12:12.701,11.62979,11.63241,0.00,0.00
2016.12.09 16:12:12.802,11.62948,11.63232,0.00,0.00
2016.12.09 16:12:12.902,11.62968,11.63241,0.00,0.00
2016.12.09 16:12:13.205,11.62989,11.63241,0.00,0.00
2016.12.09 16:12:13.342,11.62959,11.63241,0.00,0.00
2016.12.09 16:12:13.403,11.62998,11.63241,0.00,0.00
2016.12.09 16:12:13.603,11.62979,11.63241,0.00,0.00
2016.12.09 16:12:13.819,11.62968,11.63241,0.00,0.00
2016.12.09 16:12:13.954,11.62942,11.63222,0.00,0.00
2016.12.09 16:12:14.005,11.62948,11.63232,0.00,0.00
2016.12.09 16:12:15.132,11.62958,11.63241,0.00,0.00
2016.12.09 16:12:15.509,11.62988,11.63241,0.00,0.00
2016.12.09 16:12:16.056,11.63021,11.63272,0.00,0.00
2016.12.09 16:12:16.212,11.63088,11.63341,0.00,0.00
2016.12.09 16:12:16.313,11.63068,11.63341,0.00,0.00
2016.12.09 16:12:16.413,11.63042,11.63322,0.00,0.00
2016.12.09 16:12:16.747,11.63068,11.63341,0.00,0.00
2016.12.09 16:12:17.113,11.63048,11.63332,0.00,0.00
2016.12.09 16:12:17.224,11.63042,11.63312,0.00,0.00
2016.12.09 16:12:17.525,11.63042,11.63322,0.00,0.00
2016.12.09 16:12:17.634,11.63058,11.63341,0.00,0.00
2016.12.09 16:12:17.963,11.63081,11.63342,0.00,0.00
2016.12.09 16:12:18.017,11.63081,11.63351,0.00,0.00
2016.12.09 16:12:18.068,11.63132,11.63351,0.00,0.00
2016.12.09 16:12:18.274,11.63132,11.63402,0.00,0.00
2016.12.09 16:12:18.325,11.63118,11.63382,0.00,0.00
2016.12.09 16:12:18.426,11.63058,11.63332,0.00,0.00
2016.12.09 16:12:18.519,11.63041,11.63312,0.00,0.00
2016.12.09 16:12:18.831,11.63058,11.63332,0.00,0.00
2016.12.09 16:12:19.425,11.63048,11.63332,0.00,0.00
2016.12.09 16:12:20.862,11.63041,11.63312,0.00,0.00
2016.12.09 16:12:21.267,11.63041,11.63322,0.00,0.00
2016.12.09 16:12:22.127,11.63041,11.63302,0.00,0.00
2016.12.09 16:12:22.437,11.63041,11.63322,0.00,0.00
2016.12.09 16:12:22.730,11.63048,11.63332,0.00,0.00
2016.12.09 16:12:22.858,11.63069,11.63332,0.00,0.00
2016.12.09 16:12:23.743,11.63048,11.63332,0.00,0.00
2016.12.09 16:12:23.832,11.63041,11.63312,0.00,0.00
2016.12.09 16:12:24.133,11.63041,11.63322,0.00,0.00
2016.12.09 16:12:24.236,11.63041,11.63302,0.00,0.00
2016.12.09 16:12:25.535,11.63041,11.63321,0.00,0.00
2016.12.09 16:12:25.635,11.63041,11.63291,0.00,0.00
2016.12.09 16:12:25.872,11.63041,11.63312,0.00,0.00
2016.12.09 16:12:26.865,11.63041,11.63292,0.00,0.00
2016.12.09 16:12:27.066,11.63032,11.63292,0.00,0.00
2016.12.09 16:12:27.139,11.63038,11.63322,0.00,0.00
2016.12.09 16:12:27.240,11.63038,11.63281,0.00,0.00
2016.12.09 16:12:27.341,11.62941,11.63221,0.00,0.00
2016.12.09 16:12:27.540,11.62988,11.63232,0.00,0.00
2016.12.09 16:12:27.863,11.62948,11.63232,0.00,0.00
2016.12.09 16:12:27.942,11.62941,11.63211,0.00,0.00
2016.12.09 16:12:28.143,11.62949,11.63231,0.00,0.00
2016.12.09 16:12:28.244,11.62968,11.63232,0.00,0.00
2016.12.09 16:12:28.539,11.62978,11.63262,0.00,0.00
2016.12.09 16:12:28.589,11.62988,11.63272,0.00,0.00
2016.12.09 16:12:28.970,11.62941,11.63212,0.00,0.00
2016.12.09 16:12:29.257,11.63048,11.63331,0.00,0.00
2016.12.09 16:12:29.346,11.63032,11.63312,0.00,0.00
2016.12.09 16:12:29.672,11.63032,11.63291,0.00,0.00
2016.12.09 16:12:30.549,11.63032,11.63312,0.00,0.00
2016.12.09 16:12:30.850,11.63032,11.63271,0.00,0.00
2016.12.09 16:12:32.488,11.63032,11.63292,0.00,0.00
2016.12.09 16:12:33.192,11.63032,11.63301,0.00,0.00
2016.12.09 16:12:33.254,11.63032,11.63281,0.00,0.00
2016.12.09 16:12:33.499,11.63032,11.63302,0.00,0.00
2016.12.09 16:12:33.598,11.63048,11.63331,0.00,0.00
2016.12.09 16:12:33.656,11.63052,11.63331,0.00,0.00
2016.12.09 16:12:34.023,11.63052,11.63322,0.00,0.00
2016.12.09 16:12:34.357,11.63052,11.63292,0.00,0.00
2016.12.09 16:12:35.396,11.63052,11.63282,0.00,0.00
2016.12.09 16:12:35.692,11.63152,11.63402,0.00,0.00
2016.12.09 16:12:35.793,11.63152,11.63422,0.00,0.00
2016.12.09 16:12:36.204,11.63152,11.63412,0.00,0.00
2016.12.09 16:12:36.360,11.63152,11.63431,0.00,0.00
2016.12.09 16:12:36.861,11.63152,11.63412,0.00,0.00
2016.12.09 16:12:37.162,11.63152,11.63422,0.00,0.00
2016.12.09 16:12:37.762,11.63152,11.63412,0.00,0.00
2016.12.09 16:12:38.143,11.63192,11.63412,0.00,0.00
2016.12.09 16:12:38.193,11.63152,11.63421,0.00,0.00
2016.12.09 16:12:38.300,11.63168,11.63431,0.00,0.00
2016.12.09 16:12:38.409,11.63159,11.63431,0.00,0.00
2016.12.09 16:12:38.464,11.63152,11.63401,0.00,0.00
2016.12.09 16:12:38.616,11.63141,11.63391,0.00,0.00
2016.12.09 16:12:38.666,11.63141,11.63371,0.00,0.00
2016.12.09 16:12:38.882,11.63141,11.63412,0.00,0.00
2016.12.09 16:12:39.170,11.63141,11.63392,0.00,0.00
2016.12.09 16:12:39.271,11.63141,11.63412,0.00,0.00
2016.12.09 16:12:39.367,11.63141,11.63402,0.00,0.00
2016.12.09 16:12:40.503,11.63141,11.63411,0.00,0.00
2016.12.09 16:12:41.597,11.63141,11.63421,0.00,0.00
2016.12.09 16:12:41.801,11.63141,11.63392,0.00,0.00
2016.12.09 16:12:41.902,11.63141,11.63411,0.00,0.00
2016.12.09 16:12:41.972,11.63141,11.63372,0.00,0.00
2016.12.09 16:12:42.188,11.63141,11.63391,0.00,0.00
2016.12.09 16:12:42.811,11.63088,11.63359,0.00,0.00
2016.12.09 16:12:42.912,11.63061,11.63311,0.00,0.00
2016.12.09 16:12:43.586,11.63061,11.63302,0.00,0.00
2016.12.09 16:12:43.674,11.63068,11.63331,0.00,0.00
2016.12.09 16:12:44.006,11.63061,11.63291,0.00,0.00
2016.12.09 16:12:44.315,11.63068,11.63331,0.00,0.00
2016.12.09 16:12:44.366,11.63101,11.63352,0.00,0.00
2016.12.09 16:12:44.417,11.63101,11.63362,0.00,0.00
2016.12.09 16:12:44.477,11.63101,11.63382,0.00,0.00
2016.12.09 16:12:44.578,11.63118,11.63382,0.00,0.00
2016.12.09 16:12:45.359,11.63142,11.63402,0.00,0.00
2016.12.09 16:12:45.409,11.63142,11.63422,0.00,0.00
2016.12.09 16:12:46.322,11.63142,11.63412,0.00,0.00
2016.12.09 16:12:46.381,11.63148,11.63432,0.00,0.00
2016.12.09 16:12:46.540,11.63152,11.63432,0.00,0.00
2016.12.09 16:12:46.855,11.63152,11.63402,0.00,0.00
2016.12.09 16:12:46.906,11.63168,11.63432,0.00,0.00
2016.12.09 16:12:46.956,11.63192,11.63452,0.00,0.00
2016.12.09 16:12:47.007,11.63192,11.63462,0.00,0.00
2016.12.09 16:12:47.108,11.63192,11.63472,0.00,0.00
2016.12.09 16:12:47.685,11.63192,11.63442,0.00,0.00
2016.12.09 16:12:47.790,11.63199,11.63481,0.00,0.00
2016.12.09 16:12:47.986,11.63192,11.63471,0.00,0.00
2016.12.09 16:12:48.301,11.63192,11.63452,0.00,0.00
2016.12.09 16:12:49.189,11.63241,11.63472,0.00,0.00
2016.12.09 16:12:49.290,11.63241,11.63511,0.00,0.00
2016.12.09 16:12:49.352,11.63251,11.63511,0.00,0.00
2016.12.09 16:12:49.403,11.63251,11.63522,0.00,0.00
2016.12.09 16:12:49.560,11.63259,11.63532,0.00,0.00
2016.12.09 16:12:50.492,11.63251,11.63502,0.00,0.00
2016.12.09 16:12:51.024,11.63251,11.63511,0.00,0.00
2016.12.09 16:12:51.394,11.63251,11.63502,0.00,0.00
2016.12.09 16:12:51.895,11.63251,11.63521,0.00,0.00
2016.12.09 16:12:52.001,11.63251,11.63532,0.00,0.00
2016.12.09 16:12:52.107,11.63251,11.63501,0.00,0.00
2016.12.09 16:12:52.395,11.63251,11.63532,0.00,0.00
2016.12.09 16:12:52.530,11.63331,11.63532,0.00,0.00
2016.12.09 16:12:52.631,11.63331,11.63542,0.00,0.00
2016.12.09 16:12:52.744,11.63331,11.63592,0.00,0.00
2016.12.09 16:12:53.034,11.63331,11.63572,0.00,0.00
2016.12.09 16:12:53.217,11.63331,11.63592,0.00,0.00
2016.12.09 16:12:53.321,11.63331,11.63562,0.00,0.00
2016.12.09 16:12:53.707,11.63331,11.63582,0.00,0.00
2016.12.09 16:12:54.120,11.63269,11.63551,0.00,0.00
2016.12.09 16:12:54.221,11.63251,11.63512,0.00,0.00
2016.12.09 16:12:54.400,11.63259,11.63531,0.00,0.00
2016.12.09 16:12:54.511,11.63251,11.63531,0.00,0.00
2016.12.09 16:12:54.622,11.63331,11.63501,0.00,0.00
2016.12.09 16:12:54.848,11.63331,11.63592,0.00,0.00
2016.12.09 16:12:55.302,11.63331,11.63571,0.00,0.00
2016.12.09 16:12:56.951,11.63331,11.63601,0.00,0.00
2016.12.09 16:12:57.054,11.63331,11.63592,0.00,0.00
2016.12.09 16:12:57.218,11.63331,11.63601,0.00,0.00
2016.12.09 16:12:58.033,11.63342,11.63611,0.00,0.00
2016.12.09 16:12:58.109,11.63342,11.63622,0.00,0.00
2016.12.09 16:12:58.210,11.63348,11.63631,0.00,0.00
2016.12.09 16:12:58.410,11.63342,11.63612,0.00,0.00
2016.12.09 16:12:58.746,11.63342,11.63592,0.00,0.00
2016.12.09 16:12:58.854,11.63342,11.63622,0.00,0.00
2016.12.09 16:12:59.133,11.63342,11.63601,0.00,0.00
2016.12.09 16:12:59.211,11.63342,11.63621,0.00,0.00
2016.12.09 16:12:59.512,11.63342,11.63612,0.00,0.00
2016.12.09 16:13:00.157,11.63342,11.63592,0.00,0.00
2016.12.09 16:13:00.258,11.63342,11.63622,0.00,0.00
2016.12.09 16:13:00.432,11.63342,11.63612,0.00,0.00
2016.12.09 16:13:01.129,11.63342,11.63621,0.00,0.00
2016.12.09 16:13:01.245,11.63342,11.63612,0.00,0.00
2016.12.09 16:13:01.730,11.63342,11.63592,0.00,0.00
2016.12.09 16:13:02.018,11.63342,11.63612,0.00,0.00
2016.12.09 16:13:02.443,11.63342,11.63581,0.00,0.00
2016.12.09 16:13:02.560,11.63349,11.63631,0.00,0.00
2016.12.09 16:13:03.230,11.63432,11.63611,0.00,0.00
2016.12.09 16:13:03.331,11.63432,11.63692,0.00,0.00
2016.12.09 16:13:03.432,11.63432,11.63702,0.00,0.00
2016.12.09 16:13:03.541,11.63439,11.63721,0.00,0.00
2016.12.09 16:13:03.823,11.63432,11.63692,0.00,0.00
2016.12.09 16:13:03.924,11.63448,11.63732,0.00,0.00
2016.12.09 16:13:04.243,11.63439,11.63721,0.00,0.00
2016.12.09 16:13:04.573,11.63458,11.63732,0.00,0.00
2016.12.09 16:13:04.893,11.63432,11.63702,0.00,0.00
2016.12.09 16:13:04.944,11.63448,11.63732,0.00,0.00
2016.12.09 16:13:05.027,11.63432,11.63701,0.00,0.00
2016.12.09 16:13:05.128,11.63432,11.63712,0.00,0.00
2016.12.09 16:13:05.564,11.63448,11.63732,0.00,0.00
2016.12.09 16:13:05.952,11.63432,11.63711,0.00,0.00
2016.12.09 16:13:06.276,11.63458,11.63732,0.00,0.00
2016.12.09 16:13:06.447,11.63449,11.63731,0.00,0.00
2016.12.09 16:13:06.936,11.63458,11.63732,0.00,0.00
2016.12.09 16:13:07.267,11.63532,11.63781,0.00,0.00
2016.12.09 16:13:07.409,11.63532,11.63802,0.00,0.00
2016.12.09 16:13:07.460,11.63532,11.63812,0.00,0.00
2016.12.09 16:13:07.541,11.63532,11.63732,0.00,0.00
2016.12.09 16:13:07.592,11.63528,11.63732,0.00,0.00
2016.12.09 16:13:07.693,11.63518,11.63732,0.00,0.00
2016.12.09 16:13:07.800,11.63452,11.63712,0.00,0.00
2016.12.09 16:13:07.851,11.63452,11.63702,0.00,0.00
2016.12.09 16:13:07.952,11.63452,11.63731,0.00,0.00
2016.12.09 16:13:08.037,11.63478,11.63732,0.00,0.00
2016.12.09 16:13:08.450,11.63452,11.63732,0.00,0.00
2016.12.09 16:13:08.582,11.63452,11.63722,0.00,0.00
2016.12.09 16:13:08.892,11.63469,11.63732,0.00,0.00
2016.12.09 16:13:09.247,11.63459,11.63732,0.00,0.00
2016.12.09 16:13:10.124,11.63481,11.63741,0.00,0.00
2016.12.09 16:13:10.343,11.63441,11.63721,0.00,0.00
2016.12.09 16:13:12.776,11.63448,11.63732,0.00,0.00
2016.12.09 16:13:12.971,11.63441,11.63712,0.00,0.00
2016.12.09 16:13:13.784,11.63449,11.63731,0.00,0.00
2016.12.09 16:13:13.885,11.63441,11.63702,0.00,0.00
2016.12.09 16:13:14.553,11.63448,11.63732,0.00,0.00
2016.12.09 16:13:14.654,11.63441,11.63692,0.00,0.00
2016.12.09 16:13:14.790,11.63432,11.63692,0.00,0.00
2016.12.09 16:13:14.891,11.63432,11.63702,0.00,0.00
2016.12.09 16:13:14.984,11.63432,11.63681,0.00,0.00
2016.12.09 16:13:15.055,11.63432,11.63692,0.00,0.00
2016.12.09 16:13:15.159,11.63389,11.63649,0.00,0.00
2016.12.09 16:13:15.262,11.63368,11.63649,0.00,0.00
2016.12.09 16:13:15.312,11.63368,11.63632,0.00,0.00
2016.12.09 16:13:15.363,11.63358,11.63632,0.00,0.00
2016.12.09 16:13:15.504,11.63388,11.63632,0.00,0.00
2016.12.09 16:13:15.605,11.63358,11.63632,0.00,0.00
2016.12.09 16:13:15.657,11.63388,11.63632,0.00,0.00
2016.12.09 16:13:15.758,11.63431,11.63681,0.00,0.00
2016.12.09 16:13:15.859,11.63428,11.63689,0.00,0.00
2016.12.09 16:13:15.910,11.63431,11.63712,0.00,0.00
2016.12.09 16:13:15.960,11.63431,11.63702,0.00,0.00
2016.12.09 16:13:16.265,11.63392,11.63651,0.00,0.00
2016.12.09 16:13:16.359,11.63398,11.63681,0.00,0.00
2016.12.09 16:13:16.859,11.63392,11.63671,0.00,0.00
2016.12.09 16:13:17.004,11.63398,11.63681,0.00,0.00
2016.12.09 16:13:17.120,11.63431,11.63682,0.00,0.00
2016.12.09 16:13:17.170,11.63431,11.63692,0.00,0.00
2016.12.09 16:13:17.294,11.63438,11.63722,0.00,0.00
2016.12.09 16:13:17.361,11.63431,11.63711,0.00,0.00
2016.12.09 16:13:17.672,11.63431,11.63702,0.00,0.00
2016.12.09 16:13:17.976,11.63431,11.63711,0.00,0.00
2016.12.09 16:13:18.591,11.63431,11.63691,0.00,0.00
2016.12.09 16:13:18.663,11.63431,11.63711,0.00,0.00
2016.12.09 16:13:18.987,11.63429,11.63648,0.00,0.00
2016.12.09 16:13:19.166,11.63352,11.63621,0.00,0.00
2016.12.09 16:13:19.217,11.63431,11.63621,0.00,0.00
2016.12.09 16:13:19.267,11.63431,11.63662,0.00,0.00
2016.12.09 16:13:19.377,11.63449,11.63731,0.00,0.00
2016.12.09 16:13:19.488,11.63439,11.63721,0.00,0.00
2016.12.09 16:13:19.847,11.63431,11.63691,0.00,0.00
2016.12.09 16:13:20.214,11.63458,11.63732,0.00,0.00
2016.12.09 16:13:20.265,11.63458,11.63681,0.00,0.00
2016.12.09 16:13:20.316,11.63398,11.63681,0.00,0.00
2016.12.09 16:13:20.366,11.63398,11.63649,0.00,0.00
2016.12.09 16:13:20.417,11.63369,11.63631,0.00,0.00
2016.12.09 16:13:20.469,11.63358,11.63631,0.00,0.00
2016.12.09 16:13:20.670,11.63368,11.63631,0.00,0.00
2016.12.09 16:13:20.910,11.63351,11.63631,0.00,0.00
2016.12.09 16:13:21.079,11.63351,11.63611,0.00,0.00
2016.12.09 16:13:21.473,11.63351,11.63592,0.00,0.00
2016.12.09 16:13:21.873,11.63351,11.63611,0.00,0.00
2016.12.09 16:13:22.194,11.63351,11.63591,0.00,0.00
2016.12.09 16:13:22.594,11.63351,11.63601,0.00,0.00
2016.12.09 16:13:22.902,11.63351,11.63631,0.00,0.00
2016.12.09 16:13:23.376,11.63351,11.63601,0.00,0.00
2016.12.09 16:13:23.678,11.63351,11.63592,0.00,0.00
2016.12.09 16:13:24.280,11.63351,11.63612,0.00,0.00
2016.12.09 16:13:24.380,11.63351,11.63592,0.00,0.00
2016.12.09 16:13:25.288,11.63351,11.63612,0.00,0.00
2016.12.09 16:13:25.388,11.63351,11.63621,0.00,0.00
2016.12.09 16:13:25.594,11.63351,11.63611,0.00,0.00
2016.12.09 16:13:25.683,11.63368,11.63631,0.00,0.00
2016.12.09 16:13:26.014,11.63351,11.63631,0.00,0.00
2016.12.09 16:13:26.485,11.63351,11.63602,0.00,0.00
2016.12.09 16:13:26.685,11.63359,11.63631,0.00,0.00
2016.12.09 16:13:26.985,11.63369,11.63631,0.00,0.00
2016.12.09 16:13:27.258,11.63358,11.63631,0.00,0.00
2016.12.09 16:13:27.309,11.63351,11.63611,0.00,0.00
2016.12.09 16:13:27.410,11.63318,11.63602,0.00,0.00
2016.12.09 16:13:27.460,11.63332,11.63602,0.00,0.00
2016.12.09 16:13:27.689,11.63332,11.63611,0.00,0.00
2016.12.09 16:13:27.889,11.63332,11.63601,0.00,0.00
2016.12.09 16:13:28.196,11.63332,11.63591,0.00,0.00
2016.12.09 16:13:28.537,11.63332,11.63581,0.00,0.00
2016.12.09 16:13:29.537,11.63332,11.63572,0.00,0.00
2016.12.09 16:13:29.757,11.63268,11.63548,0.00,0.00
2016.12.09 16:13:29.808,11.63258,11.63542,0.00,0.00
2016.12.09 16:13:29.908,11.63252,11.63512,0.00,0.00
2016.12.09 16:13:30.094,11.63258,11.63532,0.00,0.00
2016.12.09 16:13:30.195,11.63252,11.63501,0.00,0.00
2016.12.09 16:13:30.402,11.63252,11.63512,0.00,0.00
2016.12.09 16:13:30.596,11.63252,11.63502,0.00,0.00
2016.12.09 16:13:30.739,11.63258,11.63532,0.00,0.00
2016.12.09 16:13:30.840,11.63252,11.63522,0.00,0.00
2016.12.09 16:13:30.896,11.63259,11.63532,0.00,0.00
2016.12.09 16:13:31.197,11.63252,11.63522,0.00,0.00
2016.12.09 16:13:31.598,11.63252,11.63501,0.00,0.00
2016.12.09 16:13:31.899,11.63252,11.63531,0.00,0.00
2016.12.09 16:13:31.999,11.63252,11.63502,0.00,0.00
2016.12.09 16:13:33.603,11.63252,11.63522,0.00,0.00
2016.12.09 16:13:34.711,11.63242,11.63501,0.00,0.00
2016.12.09 16:13:34.912,11.63151,11.63431,0.00,0.00
2016.12.09 16:13:35.010,11.63151,11.63402,0.00,0.00
2016.12.09 16:13:35.407,11.63192,11.63402,0.00,0.00
2016.12.09 16:13:35.457,11.63152,11.63431,0.00,0.00
2016.12.09 16:13:35.508,11.63178,11.63448,0.00,0.00
2016.12.09 16:13:35.855,11.63152,11.63392,0.00,0.00
2016.12.09 16:13:36.245,11.63152,11.63382,0.00,0.00
2016.12.09 16:13:36.943,11.63152,11.63392,0.00,0.00
2016.12.09 16:13:37.012,11.63152,11.63382,0.00,0.00
2016.12.09 16:13:37.113,11.63152,11.63392,0.00,0.00
2016.12.09 16:13:38.626,11.63089,11.63358,0.00,0.00
2016.12.09 16:13:38.728,11.63052,11.63311,0.00,0.00
2016.12.09 16:13:38.953,11.63052,11.63332,0.00,0.00
2016.12.09 16:13:39.446,11.63052,11.63322,0.00,0.00
2016.12.09 16:13:39.518,11.63058,11.63332,0.00,0.00
2016.12.09 16:13:39.640,11.63079,11.63332,0.00,0.00
2016.12.09 16:13:40.521,11.63052,11.63331,0.00,0.00
2016.12.09 16:13:40.621,11.63052,11.63322,0.00,0.00
2016.12.09 16:13:40.923,11.63052,11.63332,0.00,0.00
2016.12.09 16:13:41.066,11.63068,11.63332,0.00,0.00
2016.12.09 16:13:41.524,11.63052,11.63332,0.00,0.00
2016.12.09 16:13:42.021,11.63091,11.63332,0.00,0.00
2016.12.09 16:13:42.273,11.63148,11.63431,0.00,0.00
2016.12.09 16:13:42.382,11.63152,11.63431,0.00,0.00
2016.12.09 16:13:42.688,11.63168,11.63452,0.00,0.00
2016.12.09 16:13:42.739,11.63198,11.63432,0.00,0.00
2016.12.09 16:13:43.038,11.63151,11.63432,0.00,0.00
2016.12.09 16:13:43.164,11.63151,11.63421,0.00,0.00
2016.12.09 16:13:43.329,11.63151,11.63432,0.00,0.00
2016.12.09 16:13:43.468,11.63151,11.63422,0.00,0.00
2016.12.09 16:13:43.670,11.63151,11.63432,0.00,0.00
2016.12.09 16:13:43.730,11.63151,11.63422,0.00,0.00
2016.12.09 16:13:43.930,11.63151,11.63431,0.00,0.00
2016.12.09 16:13:44.063,11.63159,11.63432,0.00,0.00
2016.12.09 16:13:44.372,11.63232,11.63481,0.00,0.00
2016.12.09 16:13:44.473,11.63238,11.63522,0.00,0.00
2016.12.09 16:13:45.548,11.63232,11.63512,0.00,0.00
2016.12.09 16:13:45.996,11.63151,11.63422,0.00,0.00
2016.12.09 16:13:46.938,11.63151,11.63412,0.00,0.00
2016.12.09 16:13:47.084,11.63169,11.63431,0.00,0.00
2016.12.09 16:13:47.139,11.63151,11.63412,0.00,0.00
2016.12.09 16:13:47.472,11.63238,11.63522,0.00,0.00
2016.12.09 16:13:47.540,11.63231,11.63512,0.00,0.00
2016.12.09 16:13:47.871,11.63178,11.63458,0.00,0.00
2016.12.09 16:13:48.287,11.63152,11.63411,0.00,0.00
2016.12.09 16:13:48.338,11.63152,11.63422,0.00,0.00
2016.12.09 16:13:48.388,11.63152,11.63401,0.00,0.00
2016.12.09 16:13:48.943,11.63152,11.63421,0.00,0.00
2016.12.09 16:13:49.043,11.63152,11.63401,0.00,0.00
2016.12.09 16:13:49.143,11.63152,11.63412,0.00,0.00
2016.12.09 16:13:49.277,11.63152,11.63432,0.00,0.00
2016.12.09 16:13:49.344,11.63169,11.63432,0.00,0.00
2016.12.09 16:13:49.544,11.63152,11.63431,0.00,0.00
2016.12.09 16:13:49.665,11.63152,11.63412,0.00,0.00
2016.12.09 16:13:50.155,11.63158,11.63432,0.00,0.00
2016.12.09 16:13:50.245,11.63152,11.63431,0.00,0.00
2016.12.09 16:13:50.345,11.63158,11.63432,0.00,0.00
2016.12.09 16:13:50.760,11.63142,11.63382,0.00,0.00
2016.12.09 16:13:50.865,11.63142,11.63402,0.00,0.00
2016.12.09 16:13:51.270,11.63152,11.63402,0.00,0.00
2016.12.09 16:13:51.370,11.63151,11.63431,0.00,0.00
2016.12.09 16:13:51.471,11.63158,11.63432,0.00,0.00
2016.12.09 16:13:51.848,11.63151,11.63432,0.00,0.00
2016.12.09 16:13:52.684,11.63168,11.63432,0.00,0.00
2016.12.09 16:13:53.077,11.63151,11.63431,0.00,0.00
2016.12.09 16:13:53.152,11.63169,11.63432,0.00,0.00
2016.12.09 16:13:53.252,11.63169,11.63448,0.00,0.00
2016.12.09 16:13:53.303,11.63208,11.63431,0.00,0.00
2016.12.09 16:13:53.404,11.63188,11.63431,0.00,0.00
2016.12.09 16:13:53.455,11.63152,11.63422,0.00,0.00
2016.12.09 16:13:53.530,11.63141,11.63422,0.00,0.00
2016.12.09 16:13:53.581,11.63141,11.63412,0.00,0.00
2016.12.09 16:13:53.884,11.63148,11.63431,0.00,0.00
2016.12.09 16:13:53.955,11.63141,11.63391,0.00,0.00
2016.12.09 16:13:54.398,11.63141,11.63421,0.00,0.00
2016.12.09 16:13:54.458,11.63148,11.63431,0.00,0.00
2016.12.09 16:13:54.891,11.63141,11.63382,0.00,0.00
2016.12.09 16:13:54.941,11.63119,11.63382,0.00,0.00
2016.12.09 16:13:54.992,11.63108,11.63382,0.00,0.00
2016.12.09 16:13:55.093,11.63102,11.63362,0.00,0.00
2016.12.09 16:13:55.159,11.63102,11.63382,0.00,0.00
2016.12.09 16:13:55.324,11.63131,11.63382,0.00,0.00
2016.12.09 16:13:55.508,11.63138,11.63422,0.00,0.00
2016.12.09 16:13:55.662,11.63131,11.63401,0.00,0.00
2016.12.09 16:13:55.997,11.63131,11.63392,0.00,0.00
2016.12.09 16:13:56.173,11.63138,11.63422,0.00,0.00
2016.12.09 16:13:56.264,11.63149,11.63431,0.00,0.00
2016.12.09 16:13:56.666,11.63152,11.63432,0.00,0.00
2016.12.09 16:13:56.968,11.63152,11.63391,0.00,0.00
2016.12.09 16:13:57.168,11.63152,11.63421,0.00,0.00
2016.12.09 16:13:57.297,11.63159,11.63432,0.00,0.00
2016.12.09 16:13:57.409,11.63152,11.63421,0.00,0.00
2016.12.09 16:13:57.772,11.63152,11.63392,0.00,0.00
2016.12.09 16:13:58.092,11.63092,11.63348,0.00,0.00
2016.12.09 16:13:58.143,11.63091,11.63371,0.00,0.00
2016.12.09 16:13:58.193,11.63052,11.63332,0.00,0.00
2016.12.09 16:13:58.508,11.63119,11.63349,0.00,0.00
2016.12.09 16:13:58.609,11.63051,11.63332,0.00,0.00
2016.12.09 16:13:58.923,11.63078,11.63332,0.00,0.00
2016.12.09 16:13:58.978,11.63051,11.63321,0.00,0.00
2016.12.09 16:13:59.028,11.63131,11.63321,0.00,0.00
2016.12.09 16:13:59.180,11.63139,11.63421,0.00,0.00
2016.12.09 16:13:59.231,11.63139,11.63382,0.00,0.00
2016.12.09 16:13:59.281,11.63101,11.63372,0.00,0.00
2016.12.09 16:13:59.490,11.63101,11.63382,0.00,0.00
2016.12.09 16:13:59.619,11.63092,11.63332,0.00,0.00
2016.12.09 16:13:59.730,11.63092,11.63361,0.00,0.00
2016.12.09 16:13:59.832,11.63079,11.63331,0.00,0.00
2016.12.09 16:13:59.882,11.63068,11.63331,0.00,0.00
2016.12.09 16:14:00.020,11.63052,11.63331,0.00,0.00
2016.12.09 16:14:00.081,11.63058,11.63331,0.00,0.00
2016.12.09 16:14:00.274,11.63078,11.63358,0.00,0.00
2016.12.09 16:14:00.324,11.63141,11.63371,0.00,0.00
2016.12.09 16:14:00.375,11.63089,11.63348,0.00,0.00
2016.12.09 16:14:00.426,11.63108,11.63348,0.00,0.00
2016.12.09 16:14:00.526,11.63078,11.63332,0.00,0.00
2016.12.09 16:14:00.584,11.63052,11.63331,0.00,0.00
2016.12.09 16:14:01.219,11.63069,11.63332,0.00,0.00
2016.12.09 16:14:01.520,11.63048,11.63282,0.00,0.00
2016.12.09 16:14:01.635,11.63001,11.63281,0.00,0.00
2016.12.09 16:14:01.686,11.63009,11.63282,0.00,0.00
2016.12.09 16:14:02.035,11.63059,11.63332,0.00,0.00
2016.12.09 16:14:02.403,11.63048,11.63332,0.00,0.00
2016.12.09 16:14:02.504,11.63042,11.63311,0.00,0.00
2016.12.09 16:14:02.692,11.63042,11.63322,0.00,0.00
2016.12.09 16:14:02.793,11.63042,11.63312,0.00,0.00
2016.12.09 16:14:03.122,11.63042,11.63282,0.00,0.00
2016.12.09 16:14:03.324,11.62968,11.63232,0.00,0.00
2016.12.09 16:14:03.390,11.62962,11.63232,0.00,0.00
2016.12.09 16:14:04.111,11.62978,11.63232,0.00,0.00
2016.12.09 16:14:04.440,11.62998,11.63232,0.00,0.00
2016.12.09 16:14:04.493,11.62979,11.63232,0.00,0.00
2016.12.09 16:14:04.671,11.63041,11.63259,0.00,0.00
2016.12.09 16:14:04.721,11.63041,11.63291,0.00,0.00
2016.12.09 16:14:04.822,11.63048,11.63308,0.00,0.00
2016.12.09 16:14:05.200,11.63048,11.63331,0.00,0.00
2016.12.09 16:14:05.498,11.63041,11.63321,0.00,0.00
2016.12.09 16:14:05.799,11.63041,11.63301,0.00,0.00
2016.12.09 16:14:05.899,11.63069,11.63331,0.00,0.00
2016.12.09 16:14:06.000,11.63078,11.63331,0.00,0.00
2016.12.09 16:14:06.263,11.63088,11.63359,0.00,0.00
2016.12.09 16:14:06.314,11.63119,11.63381,0.00,0.00
2016.12.09 16:14:06.616,11.63068,11.63332,0.00,0.00
2016.12.09 16:14:06.903,11.63078,11.63332,0.00,0.00
2016.12.09 16:14:07.004,11.63069,11.63332,0.00,0.00
2016.12.09 16:14:07.105,11.63078,11.63332,0.00,0.00
2016.12.09 16:14:07.414,11.63109,11.63332,0.00,0.00
2016.12.09 16:14:07.645,11.63099,11.63332,0.00,0.00
2016.12.09 16:14:07.696,11.63101,11.63381,0.00,0.00
2016.12.09 16:14:07.747,11.63118,11.63381,0.00,0.00
2016.12.09 16:14:07.847,11.63141,11.63421,0.00,0.00
2016.12.09 16:14:07.977,11.63139,11.63382,0.00,0.00
2016.12.09 16:14:08.028,11.63108,11.63382,0.00,0.00
2016.12.09 16:14:08.134,11.63102,11.63361,0.00,0.00
2016.12.09 16:14:08.310,11.63102,11.63371,0.00,0.00
2016.12.09 16:14:08.617,11.63102,11.63331,0.00,0.00
2016.12.09 16:14:08.668,11.63089,11.63331,0.00,0.00
2016.12.09 16:14:08.813,11.63062,11.63322,0.00,0.00
2016.12.09 16:14:09.314,11.63062,11.63312,0.00,0.00
2016.12.09 16:14:09.579,11.63042,11.63312,0.00,0.00
2016.12.09 16:14:09.630,11.63058,11.63282,0.00,0.00
2016.12.09 16:14:09.680,11.63058,11.63331,0.00,0.00
2016.12.09 16:14:09.731,11.63042,11.63301,0.00,0.00
2016.12.09 16:14:09.816,11.63049,11.63331,0.00,0.00
2016.12.09 16:14:10.116,11.63042,11.63302,0.00,0.00
2016.12.09 16:14:10.217,11.63049,11.63331,0.00,0.00
2016.12.09 16:14:10.370,11.63101,11.63331,0.00,0.00
2016.12.09 16:14:10.421,11.63101,11.63342,0.00,0.00
2016.12.09 16:14:10.586,11.63108,11.63382,0.00,0.00
2016.12.09 16:14:10.686,11.63098,11.63331,0.00,0.00
2016.12.09 16:14:10.737,11.63068,11.63331,0.00,0.00
2016.12.09 16:14:10.819,11.63051,11.63322,0.00,0.00
2016.12.09 16:14:11.052,11.63068,11.63331,0.00,0.00
2016.12.09 16:14:11.320,11.63051,11.63322,0.00,0.00
2016.12.09 16:14:11.739,11.63051,11.63331,0.00,0.00
2016.12.09 16:14:12.244,11.63051,11.63321,0.00,0.00
2016.12.09 16:14:12.546,11.63138,11.63422,0.00,0.00
2016.12.09 16:14:12.625,11.63132,11.63411,0.00,0.00
2016.12.09 16:14:13.052,11.63129,11.63358,0.00,0.00
2016.12.09 16:14:13.153,11.63098,11.63359,0.00,0.00
2016.12.09 16:14:13.203,11.63098,11.63332,0.00,0.00
2016.12.09 16:14:13.257,11.63061,11.63322,0.00,0.00
2016.12.09 16:14:13.358,11.63068,11.63332,0.00,0.00
2016.12.09 16:14:13.686,11.63141,11.63352,0.00,0.00
2016.12.09 16:14:13.953,11.63141,11.63381,0.00,0.00
2016.12.09 16:14:14.004,11.63138,11.63381,0.00,0.00
2016.12.09 16:14:14.129,11.63101,11.63352,0.00,0.00
2016.12.09 16:14:14.180,11.63068,11.63341,0.00,0.00
2016.12.09 16:14:14.230,11.63092,11.63341,0.00,0.00
2016.12.09 16:14:14.331,11.63092,11.63362,0.00,0.00
2016.12.09 16:14:14.430,11.63108,11.63391,0.00,0.00
2016.12.09 16:14:14.677,11.63092,11.63372,0.00,0.00
2016.12.09 16:14:15.032,11.63141,11.63411,0.00,0.00
2016.12.09 16:14:15.334,11.63102,11.63372,0.00,0.00
2016.12.09 16:14:15.454,11.63108,11.63391,0.00,0.00
2016.12.09 16:14:15.734,11.63102,11.63382,0.00,0.00
2016.12.09 16:14:18.442,11.63102,11.63362,0.00,0.00
2016.12.09 16:14:18.685,11.63102,11.63381,0.00,0.00
2016.12.09 16:14:19.003,11.63099,11.63341,0.00,0.00
2016.12.09 16:14:19.053,11.63079,11.63341,0.00,0.00
2016.12.09 16:14:19.143,11.63059,11.63341,0.00,0.00
2016.12.09 16:14:19.288,11.63051,11.63332,0.00,0.00
2016.12.09 16:14:19.662,11.63051,11.63322,0.00,0.00
2016.12.09 16:14:20.667,11.63059,11.63341,0.00,0.00
2016.12.09 16:14:20.747,11.63079,11.63341,0.00,0.00
2016.12.09 16:14:21.245,11.63068,11.63341,0.00,0.00
2016.12.09 16:14:21.483,11.63078,11.63341,0.00,0.00
2016.12.09 16:14:21.657,11.63069,11.63341,0.00,0.00
2016.12.09 16:14:21.988,11.63058,11.63341,0.00,0.00
2016.12.09 16:14:22.372,11.63069,11.63341,0.00,0.00
2016.12.09 16:14:24.767,11.63051,11.63331,0.00,0.00
2016.12.09 16:14:24.859,11.63051,11.63312,0.00,0.00
2016.12.09 16:14:25.675,11.63051,11.63331,0.00,0.00
2016.12.09 16:14:25.799,11.63069,11.63341,0.00,0.00
2016.12.09 16:14:26.062,11.63058,11.63341,0.00,0.00
2016.12.09 16:14:26.764,11.63069,11.63341,0.00,0.00
2016.12.09 16:14:28.170,11.63048,11.63332,0.00,0.00
2016.12.09 16:14:28.271,11.63041,11.63311,0.00,0.00
2016.12.09 16:14:28.589,11.63068,11.63339,0.00,0.00
2016.12.09 16:14:28.640,11.63068,11.63341,0.00,0.00
2016.12.09 16:14:28.690,11.63079,11.63341,0.00,0.00
2016.12.09 16:14:29.070,11.63129,11.63392,0.00,0.00
2016.12.09 16:14:29.723,11.63129,11.63342,0.00,0.00
2016.12.09 16:14:29.875,11.63049,11.63331,0.00,0.00
2016.12.09 16:14:30.290,11.63078,11.63342,0.00,0.00
2016.12.09 16:14:30.398,11.63059,11.63341,0.00,0.00
2016.12.09 16:14:30.674,11.63048,11.63332,0.00,0.00
2016.12.09 16:14:30.886,11.63042,11.63322,0.00,0.00
2016.12.09 16:14:30.975,11.63048,11.63332,0.00,0.00
2016.12.09 16:14:31.276,11.63068,11.63342,0.00,0.00
2016.12.09 16:14:31.577,11.63041,11.63311,0.00,0.00
2016.12.09 16:14:32.377,11.63049,11.63331,0.00,0.00
2016.12.09 16:14:32.523,11.63068,11.63342,0.00,0.00
2016.12.09 16:14:33.818,11.63058,11.63342,0.00,0.00
2016.12.09 16:14:34.222,11.63069,11.63342,0.00,0.00
2016.12.09 16:14:34.281,11.63031,11.63311,0.00,0.00
2016.12.09 16:14:34.682,11.63039,11.63321,0.00,0.00
2016.12.09 16:14:34.782,11.63031,11.63302,0.00,0.00
2016.12.09 16:14:35.499,11.63018,11.63288,0.00,0.00
2016.12.09 16:14:35.827,11.62958,11.63242,0.00,0.00
2016.12.09 16:14:36.097,11.62978,11.63242,0.00,0.00
2016.12.09 16:14:36.198,11.62958,11.63242,0.00,0.00
2016.12.09 16:14:36.305,11.62942,11.63221,0.00,0.00
2016.12.09 16:14:36.356,11.62939,11.63221,0.00,0.00
2016.12.09 16:14:36.486,11.62958,11.63242,0.00,0.00
2016.12.09 16:14:36.585,11.62938,11.63222,0.00,0.00
2016.12.09 16:14:36.925,11.62959,11.63241,0.00,0.00
2016.12.09 16:14:37.086,11.62948,11.63232,0.00,0.00
2016.12.09 16:14:37.496,11.62978,11.63242,0.00,0.00
2016.12.09 16:14:38.589,11.62959,11.63241,0.00,0.00
2016.12.09 16:14:39.190,11.62939,11.63221,0.00,0.00
2016.12.09 16:14:39.574,11.62931,11.63211,0.00,0.00
2016.12.09 16:14:39.700,11.62949,11.63231,0.00,0.00
2016.12.09 16:14:39.991,11.62969,11.63242,0.00,0.00
2016.12.09 16:14:40.540,11.62948,11.63232,0.00,0.00
2016.12.09 16:14:40.593,11.62969,11.63242,0.00,0.00
2016.12.09 16:14:41.519,11.62948,11.63232,0.00,0.00
2016.12.09 16:14:41.596,11.62931,11.63202,0.00,0.00
2016.12.09 16:14:41.924,11.62918,11.63191,0.00,0.00
2016.12.09 16:14:42.025,11.62908,11.63192,0.00,0.00
2016.12.09 16:14:42.126,11.62899,11.63181,0.00,0.00
2016.12.09 16:14:43.114,11.62899,11.63142,0.00,0.00
2016.12.09 16:14:43.325,11.62859,11.63141,0.00,0.00
2016.12.09 16:14:43.801,11.62849,11.63131,0.00,0.00
2016.12.09 16:14:43.902,11.62838,11.63122,0.00,0.00
2016.12.09 16:14:44.005,11.62869,11.63142,0.00,0.00
2016.12.09 16:14:44.470,11.62878,11.63142,0.00,0.00
2016.12.09 16:14:44.521,11.62868,11.63142,0.00,0.00
2016.12.09 16:14:44.653,11.62888,11.63142,0.00,0.00
2016.12.09 16:14:44.849,11.62849,11.63131,0.00,0.00
2016.12.09 16:14:45.311,11.62858,11.63142,0.00,0.00
2016.12.09 16:14:45.406,11.62848,11.63132,0.00,0.00
2016.12.09 16:14:45.906,11.62848,11.63041,0.00,0.00
2016.12.09 16:14:46.007,11.62848,11.63089,0.00,0.00
2016.12.09 16:14:46.057,11.62868,11.63089,0.00,0.00
2016.12.09 16:14:46.158,11.62789,11.63042,0.00,0.00
2016.12.09 16:14:46.309,11.62791,11.63071,0.00,0.00
2016.12.09 16:14:46.410,11.62809,11.63089,0.00,0.00
2016.12.09 16:14:46.612,11.62748,11.63032,0.00,0.00
2016.12.09 16:14:47.229,11.62769,11.63042,0.00,0.00
2016.12.09 16:14:47.686,11.62778,11.63042,0.00,0.00
2016.12.09 16:14:47.820,11.62768,11.63042,0.00,0.00
2016.12.09 16:14:47.957,11.62741,11.63021,0.00,0.00
2016.12.09 16:14:48.014,11.62769,11.63042,0.00,0.00
2016.12.09 16:14:48.314,11.62749,11.63031,0.00,0.00
2016.12.09 16:14:48.515,11.62741,11.63011,0.00,0.00
2016.12.09 16:14:48.872,11.62729,11.63011,0.00,0.00
2016.12.09 16:14:48.923,11.62729,11.62992,0.00,0.00
2016.12.09 16:14:49.025,11.62722,11.63002,0.00,0.00
2016.12.09 16:14:49.135,11.62739,11.63021,0.00,0.00
2016.12.09 16:14:49.246,11.62758,11.63042,0.00,0.00
2016.12.09 16:14:49.466,11.62738,11.63022,0.00,0.00
2016.12.09 16:14:49.872,11.62739,11.62992,0.00,0.00
2016.12.09 16:14:49.923,11.62729,11.62992,0.00,0.00
2016.12.09 16:14:50.024,11.62722,11.62981,0.00,0.00
2016.12.09 16:14:50.131,11.62758,11.63042,0.00,0.00
2016.12.09 16:14:50.262,11.62768,11.62989,0.00,0.00
2016.12.09 16:14:50.313,11.62768,11.62991,0.00,0.00
2016.12.09 16:14:50.413,11.62738,11.62992,0.00,0.00
2016.12.09 16:14:50.464,11.62699,11.62981,0.00,0.00
2016.12.09 16:14:50.514,11.62721,11.62981,0.00,0.00
2016.12.09 16:14:50.630,11.62728,11.63012,0.00,0.00
2016.12.09 16:14:50.730,11.62749,11.63031,0.00,0.00
2016.12.09 16:14:51.076,11.62708,11.62942,0.00,0.00
2016.12.09 16:14:51.126,11.62668,11.62942,0.00,0.00
2016.12.09 16:14:51.327,11.62698,11.62942,0.00,0.00
2016.12.09 16:14:51.434,11.62678,11.62942,0.00,0.00
2016.12.09 16:14:51.528,11.62659,11.62941,0.00,0.00
2016.12.09 16:14:51.675,11.62648,11.62932,0.00,0.00
2016.12.09 16:14:51.728,11.62698,11.62942,0.00,0.00
2016.12.09 16:14:52.029,11.62688,11.62942,0.00,0.00
2016.12.09 16:14:52.130,11.62688,11.62972,0.00,0.00
2016.12.09 16:14:52.234,11.62731,11.62942,0.00,0.00
2016.12.09 16:14:52.285,11.62668,11.62942,0.00,0.00
2016.12.09 16:14:52.456,11.62749,11.62942,0.00,0.00
2016.12.09 16:14:52.565,11.62669,11.62942,0.00,0.00
2016.12.09 16:14:52.872,11.62688,11.62942,0.00,0.00
2016.12.09 16:14:53.163,11.62678,11.62942,0.00,0.00
2016.12.09 16:14:53.281,11.62731,11.62952,0.00,0.00
2016.12.09 16:14:53.382,11.62731,11.62982,0.00,0.00
2016.12.09 16:14:53.483,11.62778,11.63042,0.00,0.00
2016.12.09 16:14:53.661,11.62769,11.63042,0.00,0.00
2016.12.09 16:14:53.764,11.62798,11.63042,0.00,0.00
2016.12.09 16:14:54.008,11.62778,11.63042,0.00,0.00
2016.12.09 16:14:54.059,11.62748,11.63032,0.00,0.00
2016.12.09 16:14:54.372,11.62768,11.63042,0.00,0.00
2016.12.09 16:14:54.540,11.62738,11.63022,0.00,0.00
2016.12.09 16:14:54.645,11.62778,11.63042,0.00,0.00
2016.12.09 16:14:54.766,11.62758,11.63042,0.00,0.00
2016.12.09 16:14:54.866,11.62788,11.63042,0.00,0.00
2016.12.09 16:14:55.041,11.62768,11.63042,0.00,0.00
2016.12.09 16:14:55.150,11.62799,11.63042,0.00,0.00
2016.12.09 16:14:55.253,11.62768,11.63042,0.00,0.00
2016.12.09 16:14:55.480,11.62758,11.63042,0.00,0.00
2016.12.09 16:14:55.544,11.62748,11.63032,0.00,0.00
2016.12.09 16:14:55.869,11.62742,11.63022,0.00,0.00
2016.12.09 16:14:56.282,11.62742,11.63011,0.00,0.00
2016.12.09 16:14:56.479,11.62758,11.63042,0.00,0.00
2016.12.09 16:14:56.546,11.62742,11.63002,0.00,0.00
2016.12.09 16:14:56.786,11.62718,11.62992,0.00,0.00
2016.12.09 16:14:56.937,11.62718,11.62942,0.00,0.00
2016.12.09 16:14:56.988,11.62699,11.62942,0.00,0.00
2016.12.09 16:14:57.090,11.62669,11.62942,0.00,0.00
2016.12.09 16:14:57.191,11.62699,11.62981,0.00,0.00
2016.12.09 16:14:57.249,11.62668,11.62952,0.00,0.00
2016.12.09 16:14:57.300,11.62668,11.62941,0.00,0.00
2016.12.09 16:14:57.896,11.62732,11.62941,0.00,0.00
2016.12.09 16:14:57.947,11.62732,11.62952,0.00,0.00
2016.12.09 16:14:57.998,11.62732,11.62982,0.00,0.00
2016.12.09 16:14:58.099,11.62749,11.63031,0.00,0.00
2016.12.09 16:14:58.199,11.62769,11.63042,0.00,0.00
2016.12.09 16:14:58.767,11.62798,11.63042,0.00,0.00
2016.12.09 16:14:59.056,11.62778,11.63042,0.00,0.00
2016.12.09 16:14:59.481,11.62769,11.63042,0.00,0.00
2016.12.09 16:14:59.860,11.62788,11.63042,0.00,0.00
2016.12.09 16:14:59.960,11.62749,11.63031,0.00,0.00
2016.12.09 16:15:00.073,11.62759,11.63041,0.00,0.00
2016.12.09 16:15:00.174,11.62748,11.63032,0.00,0.00
2016.12.09 16:15:00.241,11.62748,11.62991,0.00,0.00
2016.12.09 16:15:00.393,11.62718,11.62991,0.00,0.00
2016.12.09 16:15:00.443,11.62732,11.62991,0.00,0.00
2016.12.09 16:15:00.700,11.62758,11.63042,0.00,0.00
2016.12.09 16:15:00.801,11.62769,11.63042,0.00,0.00
2016.12.09 16:15:00.865,11.62738,11.63022,0.00,0.00
2016.12.09 16:15:00.965,11.62732,11.63002,0.00,0.00
2016.12.09 16:15:01.218,11.62718,11.62991,0.00,0.00
2016.12.09 16:15:01.373,11.62691,11.62971,0.00,0.00
2016.12.09 16:15:01.570,11.62708,11.62992,0.00,0.00
2016.12.09 16:15:01.773,11.62731,11.62992,0.00,0.00
2016.12.09 16:15:01.875,11.62731,11.63012,0.00,0.00
2016.12.09 16:15:01.926,11.62728,11.62942,0.00,0.00
2016.12.09 16:15:02.094,11.62678,11.62942,0.00,0.00
2016.12.09 16:15:02.204,11.62668,11.62942,0.00,0.00
2016.12.09 16:15:02.316,11.62699,11.62942,0.00,0.00
2016.12.09 16:15:02.369,11.62688,11.62942,0.00,0.00
2016.12.09 16:15:02.570,11.62698,11.62942,0.00,0.00
2016.12.09 16:15:02.689,11.62659,11.62941,0.00,0.00
2016.12.09 16:15:03.772,11.62649,11.62931,0.00,0.00
2016.12.09 16:15:04.913,11.62669,11.62942,0.00,0.00
2016.12.09 16:15:05.174,11.62658,11.62942,0.00,0.00
2016.12.09 16:15:05.496,11.62668,11.62942,0.00,0.00
2016.12.09 16:15:06.612,11.62649,11.62931,0.00,0.00
2016.12.09 16:15:06.713,11.62638,11.62922,0.00,0.00
2016.12.09 16:15:06.777,11.62631,11.62912,0.00,0.00
2016.12.09 16:15:06.924,11.62638,11.62922,0.00,0.00
2016.12.09 16:15:06.978,11.62679,11.62942,0.00,0.00
2016.12.09 16:15:07.781,11.62688,11.62942,0.00,0.00
2016.12.09 16:15:08.483,11.62659,11.62941,0.00,0.00
2016.12.09 16:15:09.021,11.62689,11.62942,0.00,0.00
2016.12.09 16:15:09.285,11.62679,11.62942,0.00,0.00
2016.12.09 16:15:09.385,11.62688,11.62942,0.00,0.00
2016.12.09 16:15:09.586,11.62659,11.62941,0.00,0.00
2016.12.09 16:15:10.387,11.62679,11.62942,0.00,0.00
2016.12.09 16:15:11.000,11.62668,11.62942,0.00,0.00
2016.12.09 16:15:11.089,11.62698,11.62942,0.00,0.00
2016.12.09 16:15:11.386,11.62731,11.62982,0.00,0.00
2016.12.09 16:15:11.490,11.62731,11.62992,0.00,0.00
2016.12.09 16:15:11.592,11.62798,11.63041,0.00,0.00
2016.12.09 16:15:11.842,11.62789,11.63041,0.00,0.00
2016.12.09 16:15:11.894,11.62738,11.63022,0.00,0.00
2016.12.09 16:15:12.094,11.62749,11.63031,0.00,0.00
2016.12.09 16:15:12.483,11.62731,11.63012,0.00,0.00
2016.12.09 16:15:12.533,11.62749,11.63031,0.00,0.00
2016.12.09 16:15:13.037,11.62758,11.63041,0.00,0.00
2016.12.09 16:15:13.143,11.62778,11.63041,0.00,0.00
2016.12.09 16:15:13.540,11.62758,11.63041,0.00,0.00
2016.12.09 16:15:14.803,11.62768,11.63041,0.00,0.00
2016.12.09 16:15:15.152,11.62759,11.63041,0.00,0.00
2016.12.09 16:15:15.751,11.62731,11.63012,0.00,0.00
2016.12.09 16:15:16.309,11.62748,11.63032,0.00,0.00
2016.12.09 16:15:16.412,11.62731,11.63011,0.00,0.00
2016.12.09 16:15:16.789,11.62768,11.63041,0.00,0.00
2016.12.09 16:15:17.046,11.62748,11.63032,0.00,0.00
2016.12.09 16:15:17.850,11.62738,11.63022,0.00,0.00
2016.12.09 16:15:18.213,11.62748,11.63032,0.00,0.00
2016.12.09 16:15:19.413,11.62731,11.63011,0.00,0.00
2016.12.09 16:15:20.014,11.62731,11.63002,0.00,0.00
2016.12.09 16:15:20.817,11.62738,11.63022,0.00,0.00
2016.12.09 16:15:21.418,11.62749,11.63031,0.00,0.00
2016.12.09 16:15:22.421,11.62731,11.63001,0.00,0.00
2016.12.09 16:15:23.425,11.62749,11.63031,0.00,0.00
2016.12.09 16:15:23.541,11.62731,11.63002,0.00,0.00
2016.12.09 16:15:23.756,11.62738,11.63022,0.00,0.00
2016.12.09 16:15:23.870,11.62749,11.63031,0.00,0.00
2016.12.09 16:15:24.271,11.62749,11.62942,0.00,0.00
2016.12.09 16:15:24.327,11.62719,11.62942,0.00,0.00
2016.12.09 16:15:24.428,11.62668,11.62942,0.00,0.00
2016.12.09 16:15:24.531,11.62659,11.62941,0.00,0.00
2016.12.09 16:15:24.628,11.62688,11.62942,0.00,0.00
2016.12.09 16:15:24.728,11.62658,11.62942,0.00,0.00
2016.12.09 16:15:25.191,11.62658,11.62889,0.00,0.00
2016.12.09 16:15:25.342,11.62579,11.62842,0.00,0.00
2016.12.09 16:15:25.430,11.62568,11.62842,0.00,0.00
2016.12.09 16:15:25.531,11.62599,11.62842,0.00,0.00
2016.12.09 16:15:25.740,11.62578,11.62842,0.00,0.00
2016.12.09 16:15:25.919,11.62569,11.62842,0.00,0.00
2016.12.09 16:15:26.181,11.62588,11.62842,0.00,0.00
2016.12.09 16:15:26.793,11.62608,11.62842,0.00,0.00
2016.12.09 16:15:27.135,11.62589,11.62842,0.00,0.00
2016.12.09 16:15:27.233,11.62608,11.62842,0.00,0.00
2016.12.09 16:15:27.559,11.62578,11.62842,0.00,0.00
2016.12.09 16:15:27.669,11.62558,11.62842,0.00,0.00
2016.12.09 16:15:27.734,11.62578,11.62842,0.00,0.00
2016.12.09 16:15:28.074,11.62589,11.62788,0.00,0.00
2016.12.09 16:15:28.236,11.62488,11.62742,0.00,0.00
2016.12.09 16:15:28.337,11.62439,11.62721,0.00,0.00
2016.12.09 16:15:28.455,11.62469,11.62742,0.00,0.00
2016.12.09 16:15:28.678,11.62459,11.62741,0.00,0.00
2016.12.09 16:15:28.736,11.62438,11.62722,0.00,0.00
2016.12.09 16:15:28.837,11.62459,11.62741,0.00,0.00
2016.12.09 16:15:29.162,11.62418,11.62679,0.00,0.00
2016.12.09 16:15:29.354,11.62378,11.62641,0.00,0.00
2016.12.09 16:15:29.455,11.62358,11.62641,0.00,0.00
2016.12.09 16:15:29.557,11.62408,11.62641,0.00,0.00
2016.12.09 16:15:29.761,11.62369,11.62641,0.00,0.00
2016.12.09 16:15:30.063,11.62409,11.62641,0.00,0.00
2016.12.09 16:15:30.539,11.62388,11.62641,0.00,0.00
2016.12.09 16:15:31.863,11.62378,11.62641,0.00,0.00
2016.12.09 16:15:32.042,11.62368,11.62641,0.00,0.00
2016.12.09 16:15:32.765,11.62378,11.62641,0.00,0.00
2016.12.09 16:15:33.107,11.62398,11.62641,0.00,0.00
2016.12.09 16:15:33.160,11.62378,11.62641,0.00,0.00
2016.12.09 16:15:33.344,11.62388,11.62641,0.00,0.00
2016.12.09 16:15:33.478,11.62378,11.62641,0.00,0.00
2016.12.09 16:15:33.581,11.62369,11.62641,0.00,0.00
2016.12.09 16:15:33.776,11.62399,11.62641,0.00,0.00
2016.12.09 16:15:33.845,11.62369,11.62641,0.00,0.00
2016.12.09 16:15:34.146,11.62388,11.62641,0.00,0.00
2016.12.09 16:15:34.650,11.62399,11.62641,0.00,0.00
2016.12.09 16:15:35.023,11.62409,11.62641,0.00,0.00
2016.12.09 16:15:35.451,11.62399,11.62641,0.00,0.00
2016.12.09 16:15:35.556,11.62388,11.62641,0.00,0.00
2016.12.09 16:15:35.662,11.62358,11.62641,0.00,0.00
2016.12.09 16:15:35.952,11.62378,11.62641,0.00,0.00
2016.12.09 16:15:36.082,11.62349,11.62631,0.00,0.00
2016.12.09 16:15:36.186,11.62378,11.62641,0.00,0.00
2016.12.09 16:15:36.253,11.62348,11.62632,0.00,0.00
2016.12.09 16:15:36.890,11.62349,11.62578,0.00,0.00
2016.12.09 16:15:36.941,11.62349,11.62609,0.00,0.00
2016.12.09 16:15:36.991,11.62349,11.62592,0.00,0.00
2016.12.09 16:15:37.042,11.62349,11.62609,0.00,0.00
2016.12.09 16:15:37.157,11.62329,11.62609,0.00,0.00
2016.12.09 16:15:37.258,11.62359,11.62609,0.00,0.00
2016.12.09 16:15:37.607,11.62359,11.62641,0.00,0.00
2016.12.09 16:15:37.658,11.62328,11.62612,0.00,0.00
2016.12.09 16:15:37.759,11.62369,11.62641,0.00,0.00
2016.12.09 16:15:37.992,11.62348,11.62632,0.00,0.00
2016.12.09 16:15:38.102,11.62368,11.62641,0.00,0.00
2016.12.09 16:15:38.762,11.62348,11.62632,0.00,0.00
2016.12.09 16:15:38.867,11.62368,11.62641,0.00,0.00
2016.12.09 16:15:38.979,11.62348,11.62632,0.00,0.00
2016.12.09 16:15:39.063,11.62368,11.62641,0.00,0.00
2016.12.09 16:15:40.112,11.62368,11.62591,0.00,0.00
2016.12.09 16:15:40.213,11.62339,11.62589,0.00,0.00
2016.12.09 16:15:40.263,11.62339,11.62541,0.00,0.00
2016.12.09 16:15:40.314,11.62318,11.62541,0.00,0.00
2016.12.09 16:15:40.416,11.62321,11.62542,0.00,0.00
2016.12.09 16:15:40.702,11.62359,11.62592,0.00,0.00
2016.12.09 16:15:40.803,11.62348,11.62592,0.00,0.00
2016.12.09 16:15:40.868,11.62309,11.62591,0.00,0.00
2016.12.09 16:15:40.919,11.62309,11.62588,0.00,0.00
2016.12.09 16:15:41.162,11.62298,11.62582,0.00,0.00
2016.12.09 16:15:41.270,11.62329,11.62592,0.00,0.00
2016.12.09 16:15:41.370,11.62288,11.62572,0.00,0.00
2016.12.09 16:15:41.570,11.62308,11.62592,0.00,0.00
2016.12.09 16:15:42.341,11.62321,11.62592,0.00,0.00
2016.12.09 16:15:42.573,11.62348,11.62632,0.00,0.00
2016.12.09 16:15:42.773,11.62368,11.62641,0.00,0.00
2016.12.09 16:15:43.810,11.62372,11.62641,0.00,0.00
2016.12.09 16:15:44.091,11.62428,11.62712,0.00,0.00
2016.12.09 16:15:44.192,11.62421,11.62701,0.00,0.00
2016.12.09 16:15:44.303,11.62438,11.62722,0.00,0.00
2016.12.09 16:15:44.476,11.62429,11.62711,0.00,0.00
2016.12.09 16:15:45.817,11.62438,11.62722,0.00,0.00
2016.12.09 16:15:45.879,11.62458,11.62742,0.00,0.00
2016.12.09 16:15:46.203,11.62429,11.62711,0.00,0.00
2016.12.09 16:15:46.380,11.62438,11.62722,0.00,0.00
2016.12.09 16:15:46.508,11.62429,11.62711,0.00,0.00
2016.12.09 16:15:46.688,11.62438,11.62722,0.00,0.00
2016.12.09 16:15:46.816,11.62428,11.62712,0.00,0.00
2016.12.09 16:15:47.143,11.62409,11.62691,0.00,0.00
2016.12.09 16:15:47.448,11.62399,11.62681,0.00,0.00
2016.12.09 16:15:49.289,11.62379,11.62661,0.00,0.00
2016.12.09 16:15:49.810,11.62379,11.62641,0.00,0.00
2016.12.09 16:15:49.995,11.62369,11.62641,0.00,0.00
2016.12.09 16:15:50.138,11.62349,11.62631,0.00,0.00
2016.12.09 16:15:50.392,11.62358,11.62641,0.00,0.00
2016.12.09 16:15:50.843,11.62349,11.62591,0.00,0.00
2016.12.09 16:15:50.894,11.62329,11.62591,0.00,0.00
2016.12.09 16:15:50.994,11.62311,11.62582,0.00,0.00
2016.12.09 16:15:51.129,11.62319,11.62601,0.00,0.00
2016.12.09 16:15:51.394,11.62328,11.62612,0.00,0.00
2016.12.09 16:15:52.139,11.62318,11.62602,0.00,0.00
2016.12.09 16:15:52.465,11.62321,11.62592,0.00,0.00
2016.12.09 16:15:52.628,11.62289,11.62571,0.00,0.00
2016.12.09 16:15:52.698,11.62308,11.62592,0.00,0.00
2016.12.09 16:15:52.800,11.62278,11.62562,0.00,0.00
2016.12.09 16:15:53.136,11.62298,11.62582,0.00,0.00
2016.12.09 16:15:53.609,11.62349,11.62631,0.00,0.00
2016.12.09 16:15:53.710,11.62358,11.62641,0.00,0.00
2016.12.09 16:15:53.863,11.62368,11.62641,0.00,0.00
2016.12.09 16:15:53.913,11.62338,11.62622,0.00,0.00
2016.12.09 16:15:54.813,11.62359,11.62641,0.00,0.00
2016.12.09 16:15:55.013,11.62298,11.62582,0.00,0.00
2016.12.09 16:15:55.114,11.62308,11.62592,0.00,0.00
2016.12.09 16:15:55.917,11.62319,11.62592,0.00,0.00
2016.12.09 16:15:56.135,11.62311,11.62591,0.00,0.00
2016.12.09 16:15:56.236,11.62348,11.62632,0.00,0.00
2016.12.09 16:15:56.317,11.62358,11.62641,0.00,0.00
2016.12.09 16:15:59.618,11.62358,11.62592,0.00,0.00
2016.12.09 16:15:59.668,11.62328,11.62592,0.00,0.00
2016.12.09 16:15:59.724,11.62288,11.62572,0.00,0.00
2016.12.09 16:15:59.853,11.62279,11.62542,0.00,0.00
2016.12.09 16:15:59.962,11.62269,11.62542,0.00,0.00
2016.12.09 16:16:00.026,11.62258,11.62542,0.00,0.00
2016.12.09 16:16:00.259,11.62248,11.62532,0.00,0.00
2016.12.09 16:16:00.628,11.62278,11.62542,0.00,0.00
2016.12.09 16:16:00.936,11.62338,11.62622,0.00,0.00
2016.12.09 16:16:01.037,11.62349,11.62631,0.00,0.00
2016.12.09 16:16:01.768,11.62329,11.62611,0.00,0.00
2016.12.09 16:16:02.031,11.62288,11.62572,0.00,0.00
2016.12.09 16:16:02.284,11.62312,11.62572,0.00,0.00
2016.12.09 16:16:02.335,11.62319,11.62601,0.00,0.00
2016.12.09 16:16:02.436,11.62359,11.62641,0.00,0.00
2016.12.09 16:16:02.572,11.62348,11.62632,0.00,0.00
2016.12.09 16:16:02.633,11.62358,11.62641,0.00,0.00
2016.12.09 16:16:03.027,11.62329,11.62611,0.00,0.00
2016.12.09 16:16:03.335,11.62378,11.62641,0.00,0.00
2016.12.09 16:16:03.444,11.62318,11.62602,0.00,0.00
2016.12.09 16:16:03.635,11.62328,11.62612,0.00,0.00
2016.12.09 16:16:03.997,11.62358,11.62641,0.00,0.00
2016.12.09 16:16:05.178,11.62368,11.62641,0.00,0.00
2016.12.09 16:16:05.442,11.62339,11.62621,0.00,0.00
2016.12.09 16:16:06.141,11.62348,11.62632,0.00,0.00
2016.12.09 16:16:06.568,11.62358,11.62641,0.00,0.00
2016.12.09 16:16:06.880,11.62329,11.62611,0.00,0.00
2016.12.09 16:16:07.001,11.62308,11.62592,0.00,0.00
2016.12.09 16:16:07.052,11.62319,11.62601,0.00,0.00
2016.12.09 16:16:07.144,11.62348,11.62632,0.00,0.00
2016.12.09 16:16:07.345,11.62358,11.62642,0.00,0.00
2016.12.09 16:16:07.646,11.62328,11.62612,0.00,0.00
2016.12.09 16:16:08.489,11.62318,11.62602,0.00,0.00
2016.12.09 16:16:08.816,11.62338,11.62622,0.00,0.00
2016.12.09 16:16:09.147,11.62349,11.62631,0.00,0.00
2016.12.09 16:16:09.197,11.62358,11.62642,0.00,0.00
2016.12.09 16:16:09.364,11.62339,11.62621,0.00,0.00
2016.12.09 16:16:09.567,11.62328,11.62612,0.00,0.00
2016.12.09 16:16:09.950,11.62312,11.62591,0.00,0.00
2016.12.09 16:16:10.085,11.62338,11.62622,0.00,0.00
2016.12.09 16:16:10.188,11.62358,11.62642,0.00,0.00
2016.12.09 16:16:10.671,11.62339,11.62621,0.00,0.00
2016.12.09 16:16:11.002,11.62321,11.62571,0.00,0.00
2016.12.09 16:16:11.052,11.62321,11.62592,0.00,0.00
2016.12.09 16:16:11.397,11.62329,11.62611,0.00,0.00
2016.12.09 16:16:11.453,11.62349,11.62631,0.00,0.00
2016.12.09 16:16:11.554,11.62358,11.62641,0.00,0.00
2016.12.09 16:16:11.763,11.62329,11.62611,0.00,0.00
2016.12.09 16:16:12.130,11.62359,11.62641,0.00,0.00
2016.12.09 16:16:12.255,11.62328,11.62612,0.00,0.00
2016.12.09 16:16:12.357,11.62321,11.62602,0.00,0.00
2016.12.09 16:16:13.232,11.62328,11.62612,0.00,0.00
2016.12.09 16:16:13.604,11.62318,11.62578,0.00,0.00
2016.12.09 16:16:13.705,11.62268,11.62541,0.00,0.00
2016.12.09 16:16:13.882,11.62278,11.62541,0.00,0.00
2016.12.09 16:16:14.067,11.62269,11.62541,0.00,0.00
2016.12.09 16:16:14.460,11.62278,11.62541,0.00,0.00
2016.12.09 16:16:14.872,11.62299,11.62541,0.00,0.00
2016.12.09 16:16:15.071,11.62249,11.62531,0.00,0.00
2016.12.09 16:16:15.261,11.62249,11.62478,0.00,0.00
2016.12.09 16:16:15.312,11.62239,11.62478,0.00,0.00
2016.12.09 16:16:15.362,11.62239,11.62452,0.00,0.00
2016.12.09 16:16:15.413,11.62158,11.62442,0.00,0.00
2016.12.09 16:16:15.464,11.62132,11.62412,0.00,0.00
2016.12.09 16:16:15.565,11.62189,11.62471,0.00,0.00
2016.12.09 16:16:15.615,11.62211,11.62471,0.00,0.00
2016.12.09 16:16:15.666,11.62229,11.62511,0.00,0.00
2016.12.09 16:16:15.785,11.62249,11.62531,0.00,0.00
2016.12.09 16:16:15.974,11.62228,11.62512,0.00,0.00
2016.12.09 16:16:16.113,11.62258,11.62542,0.00,0.00
2016.12.09 16:16:16.567,11.62268,11.62552,0.00,0.00
2016.12.09 16:16:16.902,11.62359,11.62641,0.00,0.00
2016.12.09 16:16:17.266,11.62329,11.62611,0.00,0.00
2016.12.09 16:16:17.611,11.62312,11.62582,0.00,0.00
2016.12.09 16:16:17.712,11.62358,11.62642,0.00,0.00
2016.12.09 16:16:17.773,11.62338,11.62622,0.00,0.00
2016.12.09 16:16:18.075,11.62318,11.62602,0.00,0.00
2016.12.09 16:16:18.608,11.62308,11.62592,0.00,0.00
2016.12.09 16:16:19.111,11.62309,11.62591,0.00,0.00
2016.12.09 16:16:19.279,11.62248,11.62532,0.00,0.00
2016.12.09 16:16:19.411,11.62258,11.62542,0.00,0.00
2016.12.09 16:16:19.765,11.62248,11.62532,0.00,0.00
2016.12.09 16:16:20.101,11.62278,11.62552,0.00,0.00
2016.12.09 16:16:20.583,11.62258,11.62542,0.00,0.00
2016.12.09 16:16:20.709,11.62248,11.62532,0.00,0.00
2016.12.09 16:16:21.095,11.62258,11.62542,0.00,0.00
2016.12.09 16:16:21.414,11.62172,11.62441,0.00,0.00
2016.12.09 16:16:21.604,11.62218,11.62502,0.00,0.00
2016.12.09 16:16:21.685,11.62248,11.62532,0.00,0.00
2016.12.09 16:16:22.013,11.62228,11.62512,0.00,0.00
2016.12.09 16:16:22.337,11.62211,11.62492,0.00,0.00
2016.12.09 16:16:22.588,11.62229,11.62511,0.00,0.00
2016.12.09 16:16:22.688,11.62248,11.62532,0.00,0.00
2016.12.09 16:16:22.936,11.62211,11.62492,0.00,0.00
2016.12.09 16:16:22.988,11.62228,11.62512,0.00,0.00
2016.12.09 16:16:23.114,11.62248,11.62532,0.00,0.00
2016.12.09 16:16:23.444,11.62188,11.62451,0.00,0.00
2016.12.09 16:16:23.634,11.62158,11.62442,0.00,0.00
2016.12.09 16:16:24.267,11.62212,11.62442,0.00,0.00
2016.12.09 16:16:24.420,11.62188,11.62472,0.00,0.00
2016.12.09 16:16:24.521,11.62219,11.62452,0.00,0.00
2016.12.09 16:16:24.628,11.62198,11.62452,0.00,0.00
2016.12.09 16:16:24.730,11.62158,11.62442,0.00,0.00
2016.12.09 16:16:24.834,11.62178,11.62452,0.00,0.00
2016.12.09 16:16:25.136,11.62121,11.62401,0.00,0.00
2016.12.09 16:16:25.244,11.62119,11.62401,0.00,0.00
2016.12.09 16:16:25.295,11.62158,11.62402,0.00,0.00
2016.12.09 16:16:25.401,11.62148,11.62402,0.00,0.00
2016.12.09 16:16:25.511,11.62098,11.62382,0.00,0.00
2016.12.09 16:16:25.915,11.62079,11.62361,0.00,0.00
2016.12.09 16:16:26.016,11.62098,11.62382,0.00,0.00
2016.12.09 16:16:26.095,11.62129,11.62401,0.00,0.00
2016.12.09 16:16:26.196,11.62099,11.62381,0.00,0.00
2016.12.09 16:16:26.295,11.62118,11.62401,0.00,0.00
2016.12.09 16:16:26.530,11.62128,11.62412,0.00,0.00
2016.12.09 16:16:26.632,11.62158,11.62442,0.00,0.00
2016.12.09 16:16:26.960,11.62128,11.62412,0.00,0.00
2016.12.09 16:16:27.288,11.62168,11.62379,0.00,0.00
2016.12.09 16:16:27.398,11.62079,11.62351,0.00,0.00
2016.12.09 16:16:27.501,11.62069,11.62351,0.00,0.00
2016.12.09 16:16:27.651,11.62078,11.62351,0.00,0.00
2016.12.09 16:16:27.702,11.62048,11.62332,0.00,0.00
2016.12.09 16:16:27.815,11.62078,11.62351,0.00,0.00
2016.12.09 16:16:28.035,11.62058,11.62342,0.00,0.00
2016.12.09 16:16:28.100,11.62038,11.62322,0.00,0.00
2016.12.09 16:16:28.439,11.62048,11.62332,0.00,0.00
2016.12.09 16:16:28.772,11.62069,11.62351,0.00,0.00
2016.12.09 16:16:29.085,11.62088,11.62351,0.00,0.00
2016.12.09 16:16:29.249,11.62038,11.62322,0.00,0.00
2016.12.09 16:16:29.302,11.62059,11.62341,0.00,0.00
2016.12.09 16:16:29.693,11.62078,11.62351,0.00,0.00
2016.12.09 16:16:29.917,11.62068,11.62351,0.00,0.00
2016.12.09 16:16:30.003,11.62049,11.62331,0.00,0.00
2016.12.09 16:16:30.313,11.62038,11.62322,0.00,0.00
2016.12.09 16:16:30.604,11.62069,11.62351,0.00,0.00
2016.12.09 16:16:30.807,11.62058,11.62342,0.00,0.00
2016.12.09 16:16:30.918,11.62068,11.62351,0.00,0.00
2016.12.09 16:16:31.371,11.62088,11.62329,0.00,0.00
2016.12.09 16:16:31.422,11.62078,11.62329,0.00,0.00
2016.12.09 16:16:31.626,11.62101,11.62351,0.00,0.00
2016.12.09 16:16:31.677,11.62078,11.62348,0.00,0.00
2016.12.09 16:16:31.727,11.62099,11.62348,0.00,0.00
2016.12.09 16:16:31.778,11.62101,11.62351,0.00,0.00
2016.12.09 16:16:31.829,11.62119,11.62389,0.00,0.00
2016.12.09 16:16:31.930,11.62128,11.62389,0.00,0.00
2016.12.09 16:16:32.138,11.62068,11.62349,0.00,0.00
2016.12.09 16:16:32.239,11.62061,11.62342,0.00,0.00
2016.12.09 16:16:32.564,11.62058,11.62328,0.00,0.00
2016.12.09 16:16:32.746,11.62052,11.62328,0.00,0.00
2016.12.09 16:16:32.810,11.62052,11.62312,0.00,0.00
2016.12.09 16:16:32.911,11.62052,11.62321,0.00,0.00
2016.12.09 16:16:33.245,11.62068,11.62328,0.00,0.00
2016.12.09 16:16:33.350,11.62059,11.62328,0.00,0.00
2016.12.09 16:16:33.460,11.62068,11.62328,0.00,0.00
2016.12.09 16:16:33.520,11.62052,11.62322,0.00,0.00
2016.12.09 16:16:33.715,11.62069,11.62328,0.00,0.00
2016.12.09 16:16:33.812,11.62052,11.62321,0.00,0.00
2016.12.09 16:16:34.019,11.62069,11.62328,0.00,0.00
2016.12.09 16:16:34.478,11.62099,11.62328,0.00,0.00
2016.12.09 16:16:34.614,11.62089,11.62328,0.00,0.00
2016.12.09 16:16:34.714,11.62052,11.62321,0.00,0.00
2016.12.09 16:16:34.924,11.62058,11.62328,0.00,0.00
2016.12.09 16:16:35.115,11.62052,11.62322,0.00,0.00
2016.12.09 16:16:35.315,11.62052,11.62328,0.00,0.00
2016.12.09 16:16:36.318,11.62069,11.62328,0.00,0.00
2016.12.09 16:16:36.419,11.62052,11.62312,0.00,0.00
2016.12.09 16:16:36.821,11.62052,11.62328,0.00,0.00
2016.12.09 16:16:36.922,11.62052,11.62311,0.00,0.00
2016.12.09 16:16:37.173,11.62052,11.62328,0.00,0.00
2016.12.09 16:16:37.565,11.62052,11.62321,0.00,0.00
2016.12.09 16:16:38.013,11.62052,11.62302,0.00,0.00
2016.12.09 16:16:38.352,11.62018,11.62239,0.00,0.00
2016.12.09 16:16:38.453,11.61998,11.62228,0.00,0.00
2016.12.09 16:16:38.555,11.61952,11.62212,0.00,0.00
2016.12.09 16:16:38.975,11.61969,11.62228,0.00,0.00
2016.12.09 16:16:39.297,11.61952,11.62211,0.00,0.00
2016.12.09 16:16:39.348,11.61952,11.62228,0.00,0.00
2016.12.09 16:16:39.456,11.61958,11.62228,0.00,0.00
2016.12.09 16:16:39.758,11.61941,11.62219,0.00,0.00
2016.12.09 16:16:39.937,11.61941,11.62202,0.00,0.00
2016.12.09 16:16:40.354,11.61948,11.62228,0.00,0.00
2016.12.09 16:16:40.430,11.61978,11.62228,0.00,0.00
2016.12.09 16:16:40.558,11.61969,11.62228,0.00,0.00
2016.12.09 16:16:40.661,11.61959,11.62228,0.00,0.00
2016.12.09 16:16:40.764,11.61948,11.62228,0.00,0.00
2016.12.09 16:16:40.867,11.61968,11.62228,0.00,0.00
2016.12.09 16:16:41.074,11.61959,11.62228,0.00,0.00
2016.12.09 16:16:41.176,11.61942,11.62212,0.00,0.00
2016.12.09 16:16:41.279,11.61949,11.62228,0.00,0.00
2016.12.09 16:16:41.332,11.61978,11.62228,0.00,0.00
2016.12.09 16:16:41.554,11.61978,11.62238,0.00,0.00
2016.12.09 16:16:41.665,11.61959,11.62238,0.00,0.00
2016.12.09 16:16:41.733,11.61952,11.62221,0.00,0.00
2016.12.09 16:16:42.035,11.62041,11.62302,0.00,0.00
2016.12.09 16:16:42.369,11.62041,11.62321,0.00,0.00
2016.12.09 16:16:42.434,11.62041,11.62281,0.00,0.00
2016.12.09 16:16:42.543,11.62041,11.62321,0.00,0.00
2016.12.09 16:16:42.935,11.62041,11.62302,0.00,0.00
2016.12.09 16:16:43.074,11.62048,11.62329,0.00,0.00
2016.12.09 16:16:43.285,11.62041,11.62292,0.00,0.00
2016.12.09 16:16:43.454,11.62041,11.62311,0.00,0.00
2016.12.09 16:16:43.554,11.62048,11.62329,0.00,0.00
2016.12.09 16:16:43.838,11.62058,11.62329,0.00,0.00
2016.12.09 16:16:44.151,11.62142,11.62422,0.00,0.00
2016.12.09 16:16:44.201,11.62241,11.62422,0.00,0.00
2016.12.09 16:16:44.252,11.62241,11.62462,0.00,0.00
2016.12.09 16:16:44.353,11.62252,11.62509,0.00,0.00
2016.12.09 16:16:44.459,11.62259,11.62509,0.00,0.00
2016.12.09 16:16:44.688,11.62269,11.62538,0.00,0.00
2016.12.09 16:16:44.739,11.62269,11.62449,0.00,0.00
2016.12.09 16:16:44.789,11.62209,11.62449,0.00,0.00
2016.12.09 16:16:44.890,11.62198,11.62449,0.00,0.00
2016.12.09 16:16:44.941,11.62179,11.62449,0.00,0.00
2016.12.09 16:16:45.417,11.62179,11.62439,0.00,0.00
2016.12.09 16:16:45.650,11.62141,11.62421,0.00,0.00
2016.12.09 16:16:45.706,11.62141,11.62402,0.00,0.00
2016.12.09 16:16:46.057,11.62148,11.62429,0.00,0.00
2016.12.09 16:16:46.174,11.62141,11.62422,0.00,0.00
2016.12.09 16:16:46.535,11.62141,11.62402,0.00,0.00
2016.12.09 16:16:46.916,11.62141,11.62391,0.00,0.00
2016.12.09 16:16:47.164,11.62141,11.62422,0.00,0.00
2016.12.09 16:16:47.244,11.62148,11.62429,0.00,0.00
2016.12.09 16:16:47.683,11.62151,11.62429,0.00,0.00
2016.12.09 16:16:47.733,11.62152,11.62432,0.00,0.00
2016.12.09 16:16:47.784,11.62152,11.62422,0.00,0.00
2016.12.09 16:16:48.098,11.62088,11.62348,0.00,0.00
2016.12.09 16:16:48.358,11.62142,11.62412,0.00,0.00
2016.12.09 16:16:48.486,11.62142,11.62402,0.00,0.00
2016.12.09 16:16:48.646,11.62142,11.62412,0.00,0.00
2016.12.09 16:16:48.754,11.62142,11.62422,0.00,0.00
2016.12.09 16:16:49.251,11.62142,11.62392,0.00,0.00
2016.12.09 16:16:49.553,11.62142,11.62412,0.00,0.00
2016.12.09 16:16:49.604,11.62201,11.62412,0.00,0.00
2016.12.09 16:16:49.654,11.62201,11.62432,0.00,0.00
2016.12.09 16:16:49.755,11.62209,11.62479,0.00,0.00
2016.12.09 16:16:49.980,11.62201,11.62462,0.00,0.00
2016.12.09 16:16:50.311,11.62178,11.62439,0.00,0.00
2016.12.09 16:16:50.467,11.62161,11.62431,0.00,0.00
2016.12.09 16:16:50.618,11.62161,11.62439,0.00,0.00
2016.12.09 16:16:50.668,11.62161,11.62422,0.00,0.00
2016.12.09 16:16:50.951,11.62161,11.62439,0.00,0.00
2016.12.09 16:16:51.254,11.62168,11.62439,0.00,0.00
2016.12.09 16:16:51.737,11.62161,11.62392,0.00,0.00
2016.12.09 16:16:52.161,11.62161,11.62412,0.00,0.00
2016.12.09 16:16:52.254,11.62161,11.62439,0.00,0.00
2016.12.09 16:16:52.454,11.62161,11.62422,0.00,0.00
2016.12.09 16:16:52.561,11.62161,11.62439,0.00,0.00
2016.12.09 16:16:52.855,11.62161,11.62422,0.00,0.00
2016.12.09 16:16:53.271,11.62161,11.62401,0.00,0.00
2016.12.09 16:16:53.880,11.62161,11.62402,0.00,0.00
2016.12.09 16:16:53.984,11.62161,11.62412,0.00,0.00
2016.12.09 16:16:54.091,11.62161,11.62432,0.00,0.00
2016.12.09 16:16:54.431,11.62178,11.62432,0.00,0.00
2016.12.09 16:16:54.582,11.62201,11.62481,0.00,0.00
2016.12.09 16:16:54.640,11.62251,11.62481,0.00,0.00
2016.12.09 16:16:54.860,11.62251,11.62511,0.00,0.00
2016.12.09 16:16:55.409,11.62301,11.62501,0.00,0.00
2016.12.09 16:16:55.509,11.62262,11.62532,0.00,0.00
2016.12.09 16:16:55.610,11.62268,11.62538,0.00,0.00
2016.12.09 16:16:55.941,11.62262,11.62491,0.00,0.00
2016.12.09 16:16:55.991,11.62262,11.62502,0.00,0.00
2016.12.09 16:16:56.092,11.62262,11.62532,0.00,0.00
2016.12.09 16:16:56.477,11.62262,11.62511,0.00,0.00
2016.12.09 16:16:56.811,11.62262,11.62491,0.00,0.00
2016.12.09 16:16:56.863,11.62262,11.62512,0.00,0.00
2016.12.09 16:16:57.069,11.62262,11.62492,0.00,0.00
2016.12.09 16:16:57.393,11.62262,11.62512,0.00,0.00
2016.12.09 16:16:57.464,11.62262,11.62482,0.00,0.00
2016.12.09 16:16:57.678,11.62262,11.62538,0.00,0.00
2016.12.09 16:16:57.917,11.62262,11.62502,0.00,0.00
2016.12.09 16:16:58.197,11.62262,11.62532,0.00,0.00
2016.12.09 16:16:58.267,11.62262,11.62501,0.00,0.00
2016.12.09 16:16:58.491,11.62262,11.62511,0.00,0.00
2016.12.09 16:16:58.568,11.62262,11.62532,0.00,0.00
2016.12.09 16:16:58.668,11.62262,11.62481,0.00,0.00
2016.12.09 16:16:58.768,11.62262,11.62512,0.00,0.00
2016.12.09 16:16:58.868,11.62262,11.62492,0.00,0.00
2016.12.09 16:17:00.170,11.62262,11.62512,0.00,0.00
2016.12.09 16:17:00.221,11.62242,11.62512,0.00,0.00
2016.12.09 16:17:00.271,11.62242,11.62481,0.00,0.00
2016.12.09 16:17:00.538,11.62201,11.62481,0.00,0.00
2016.12.09 16:17:00.589,11.62201,11.62462,0.00,0.00
2016.12.09 16:17:01.062,11.62201,11.62452,0.00,0.00
2016.12.09 16:17:01.113,11.62162,11.62432,0.00,0.00
2016.12.09 16:17:01.164,11.62201,11.62432,0.00,0.00
2016.12.09 16:17:01.215,11.62201,11.62452,0.00,0.00
2016.12.09 16:17:01.272,11.62201,11.62462,0.00,0.00
2016.12.09 16:17:01.388,11.62201,11.62431,0.00,0.00
2016.12.09 16:17:01.549,11.62161,11.62431,0.00,0.00
2016.12.09 16:17:01.600,11.62168,11.62439,0.00,0.00
2016.12.09 16:17:01.712,11.62161,11.62412,0.00,0.00
2016.12.09 16:17:01.762,11.62151,11.62412,0.00,0.00
2016.12.09 16:17:01.831,11.62151,11.62402,0.00,0.00
2016.12.09 16:17:01.982,11.62062,11.62342,0.00,0.00
2016.12.09 16:17:02.103,11.62141,11.62312,0.00,0.00
2016.12.09 16:17:02.206,11.62141,11.62331,0.00,0.00
2016.12.09 16:17:02.275,11.62141,11.62401,0.00,0.00
2016.12.09 16:17:02.326,11.62141,11.62412,0.00,0.00
2016.12.09 16:17:02.880,11.62141,11.62401,0.00,0.00
2016.12.09 16:17:02.982,11.62141,11.62422,0.00,0.00
2016.12.09 16:17:03.208,11.62141,11.62401,0.00,0.00
2016.12.09 16:17:03.641,11.62141,11.62372,0.00,0.00
2016.12.09 16:17:03.902,11.62141,11.62382,0.00,0.00
2016.12.09 16:17:04.006,11.62141,11.62402,0.00,0.00
2016.12.09 16:17:04.413,11.62141,11.62371,0.00,0.00
2016.12.09 16:17:04.680,11.62141,11.62422,0.00,0.00
2016.12.09 16:17:05.222,11.62141,11.62392,0.00,0.00
2016.12.09 16:17:05.521,11.62052,11.62332,0.00,0.00
2016.12.09 16:17:05.627,11.62052,11.62311,0.00,0.00
2016.12.09 16:17:05.785,11.62052,11.62332,0.00,0.00
2016.12.09 16:17:05.982,11.62052,11.62312,0.00,0.00
2016.12.09 16:17:06.115,11.62052,11.62332,0.00,0.00
2016.12.09 16:17:06.290,11.62059,11.62338,0.00,0.00
2016.12.09 16:17:06.604,11.62101,11.62331,0.00,0.00
2016.12.09 16:17:06.757,11.62141,11.62422,0.00,0.00
2016.12.09 16:17:06.807,11.62129,11.62379,0.00,0.00
2016.12.09 16:17:06.908,11.62109,11.62379,0.00,0.00
2016.12.09 16:17:07.039,11.62101,11.62361,0.00,0.00
2016.12.09 16:17:07.223,11.62101,11.62372,0.00,0.00
2016.12.09 16:17:07.406,11.62141,11.62372,0.00,0.00
2016.12.09 16:17:07.507,11.62141,11.62391,0.00,0.00
2016.12.09 16:17:07.586,11.62141,11.62412,0.00,0.00
2016.12.09 16:17:07.811,11.62141,11.62382,0.00,0.00
2016.12.09 16:17:08.231,11.62141,11.62392,0.00,0.00
2016.12.09 16:17:08.287,11.62141,11.62412,0.00,0.00
2016.12.09 16:17:08.714,11.62141,11.62392,0.00,0.00
2016.12.09 16:17:08.899,11.62141,11.62422,0.00,0.00
2016.12.09 16:17:09.236,11.62141,11.62396,0.00,0.00
2016.12.09 16:17:09.289,11.62141,11.62421,0.00,0.00
2016.12.09 16:17:09.416,11.62141,11.62416,0.00,0.00
2016.12.09 16:17:09.635,11.62261,11.62539,0.00,0.00
2016.12.09 16:17:09.691,11.62269,11.62539,0.00,0.00
2016.12.09 16:17:10.026,11.62261,11.62506,0.00,0.00
2016.12.09 16:17:10.310,11.62261,11.62512,0.00,0.00
2016.12.09 16:17:10.410,11.62269,11.62539,0.00,0.00
2016.12.09 16:17:10.592,11.62261,11.62526,0.00,0.00
2016.12.09 16:17:10.736,11.62261,11.62539,0.00,0.00
2016.12.09 16:17:10.942,11.62312,11.62572,0.00,0.00
2016.12.09 16:17:10.993,11.62312,11.62588,0.00,0.00
2016.12.09 16:17:11.144,11.62309,11.62553,0.00,0.00
2016.12.09 16:17:11.195,11.62279,11.62552,0.00,0.00
2016.12.09 16:17:11.295,11.62262,11.62537,0.00,0.00
2016.12.09 16:17:11.507,11.62262,11.62526,0.00,0.00
2016.12.09 16:17:12.434,11.62252,11.62526,0.00,0.00
2016.12.09 16:17:12.495,11.62258,11.62538,0.00,0.00
2016.12.09 16:17:12.896,11.62252,11.62507,0.00,0.00
2016.12.09 16:17:13.136,11.62252,11.62521,0.00,0.00
2016.12.09 16:17:13.196,11.62252,11.62506,0.00,0.00
2016.12.09 16:17:13.296,11.62258,11.62538,0.00,0.00
2016.12.09 16:17:13.627,11.62278,11.62538,0.00,0.00
2016.12.09 16:17:14.870,11.62278,11.62548,0.00,0.00
2016.12.09 16:17:14.920,11.62341,11.62551,0.00,0.00
2016.12.09 16:17:15.127,11.62341,11.62601,0.00,0.00
2016.12.09 16:17:15.200,11.62341,11.62611,0.00,0.00
2016.12.09 16:17:15.300,11.62341,11.62581,0.00,0.00
2016.12.09 16:17:15.731,11.62341,11.62602,0.00,0.00
2016.12.09 16:17:15.800,11.62341,11.62612,0.00,0.00
2016.12.09 16:17:16.202,11.62341,11.62601,0.00,0.00
2016.12.09 16:17:16.531,11.62318,11.62548,0.00,0.00
2016.12.09 16:17:16.710,11.62262,11.62532,0.00,0.00
2016.12.09 16:17:16.811,11.62278,11.62548,0.00,0.00
2016.12.09 16:17:17.003,11.62268,11.62548,0.00,0.00
2016.12.09 16:17:17.104,11.62262,11.62531,0.00,0.00
2016.12.09 16:17:17.257,11.62251,11.62531,0.00,0.00
2016.12.09 16:17:17.307,11.62251,11.62502,0.00,0.00
2016.12.09 16:17:17.523,11.62251,11.62531,0.00,0.00
2016.12.09 16:17:17.604,11.62269,11.62539,0.00,0.00
2016.12.09 16:17:17.906,11.62251,11.62511,0.00,0.00
2016.12.09 16:17:18.044,11.62268,11.62539,0.00,0.00
2016.12.09 16:17:19.006,11.62251,11.62532,0.00,0.00
2016.12.09 16:17:19.107,11.62258,11.62539,0.00,0.00
2016.12.09 16:17:20.645,11.62251,11.62531,0.00,0.00
2016.12.09 16:17:21.147,11.62251,11.62502,0.00,0.00
2016.12.09 16:17:21.519,11.62261,11.62502,0.00,0.00
2016.12.09 16:17:21.620,11.62261,11.62532,0.00,0.00
2016.12.09 16:17:21.720,11.62279,11.62539,0.00,0.00
2016.12.09 16:17:21.838,11.62268,11.62539,0.00,0.00
2016.12.09 16:17:21.914,11.62261,11.62522,0.00,0.00
2016.12.09 16:17:22.114,11.62268,11.62539,0.00,0.00
2016.12.09 16:17:22.615,11.62261,11.62512,0.00,0.00
2016.12.09 16:17:22.917,11.62261,11.62531,0.00,0.00
2016.12.09 16:17:23.919,11.62261,11.62539,0.00,0.00
2016.12.09 16:17:24.357,11.62261,11.62532,0.00,0.00
2016.12.09 16:17:24.420,11.62261,11.62539,0.00,0.00
2016.12.09 16:17:24.921,11.62261,11.62532,0.00,0.00
2016.12.09 16:17:25.296,11.62261,11.62512,0.00,0.00
2016.12.09 16:17:25.958,11.62261,11.62531,0.00,0.00
2016.12.09 16:17:27.964,11.62251,11.62492,0.00,0.00
2016.12.09 16:17:28.129,11.62158,11.62439,0.00,0.00
2016.12.09 16:17:28.229,11.62151,11.62422,0.00,0.00
2016.12.09 16:17:28.573,11.62169,11.62439,0.00,0.00
2016.12.09 16:17:28.673,11.62151,11.62431,0.00,0.00
2016.12.09 16:17:28.796,11.62168,11.62439,0.00,0.00
2016.12.09 16:17:29.366,11.62159,11.62439,0.00,0.00
2016.12.09 16:17:29.476,11.62151,11.62432,0.00,0.00
2016.12.09 16:17:29.526,11.62148,11.62429,0.00,0.00
2016.12.09 16:17:29.856,11.62141,11.62402,0.00,0.00
2016.12.09 16:17:30.182,11.62141,11.62392,0.00,0.00
2016.12.09 16:17:30.405,11.62141,11.62402,0.00,0.00
2016.12.09 16:17:30.660,11.62141,11.62391,0.00,0.00
2016.12.09 16:17:30.884,11.62141,11.62402,0.00,0.00
2016.12.09 16:17:30.985,11.62158,11.62429,0.00,0.00
2016.12.09 16:17:31.287,11.62141,11.62422,0.00,0.00
2016.12.09 16:17:31.391,11.62138,11.62339,0.00,0.00
2016.12.09 16:17:31.442,11.62118,11.62339,0.00,0.00
2016.12.09 16:17:31.542,11.62058,11.62338,0.00,0.00
2016.12.09 16:17:31.643,11.62052,11.62331,0.00,0.00
2016.12.09 16:17:31.973,11.62088,11.62338,0.00,0.00
2016.12.09 16:17:32.156,11.62098,11.62378,0.00,0.00
2016.12.09 16:17:32.278,11.62108,11.62378,0.00,0.00
2016.12.09 16:17:32.642,11.62092,11.62352,0.00,0.00
2016.12.09 16:17:32.988,11.62141,11.62352,0.00,0.00
2016.12.09 16:17:33.091,11.62148,11.62419,0.00,0.00
2016.12.09 16:17:33.151,11.62159,11.62419,0.00,0.00
2016.12.09 16:17:33.640,11.62141,11.62419,0.00,0.00
2016.12.09 16:17:33.691,11.62168,11.62419,0.00,0.00
2016.12.09 16:17:33.982,11.62079,11.62339,0.00,0.00
2016.12.09 16:17:34.046,11.62051,11.62332,0.00,0.00
2016.12.09 16:17:34.096,11.62048,11.62329,0.00,0.00
2016.12.09 16:17:34.484,11.62068,11.62329,0.00,0.00
2016.12.09 16:17:34.547,11.62041,11.62322,0.00,0.00
2016.12.09 16:17:34.847,11.62049,11.62329,0.00,0.00
2016.12.09 16:17:36.287,11.62068,11.62329,0.00,0.00
2016.12.09 16:17:36.559,11.62048,11.62329,0.00,0.00
2016.12.09 16:17:36.676,11.62069,11.62329,0.00,0.00
2016.12.09 16:17:37.453,11.62048,11.62329,0.00,0.00
2016.12.09 16:17:37.504,11.62048,11.62291,0.00,0.00
2016.12.09 16:17:37.555,11.62029,11.62289,0.00,0.00
2016.12.09 16:17:37.656,11.62001,11.62272,0.00,0.00
2016.12.09 16:17:37.778,11.62001,11.62261,0.00,0.00
2016.12.09 16:17:38.083,11.62009,11.62289,0.00,0.00
2016.12.09 16:17:38.188,11.62001,11.62262,0.00,0.00
2016.12.09 16:17:38.254,11.62001,11.62281,0.00,0.00
2016.12.09 16:17:38.605,11.62001,11.62262,0.00,0.00
2016.12.09 16:17:39.157,11.62008,11.62289,0.00,0.00
2016.12.09 16:17:39.557,11.62001,11.62281,0.00,0.00
2016.12.09 16:17:41.269,11.62019,11.62239,0.00,0.00
2016.12.09 16:17:41.370,11.61978,11.62239,0.00,0.00
2016.12.09 16:17:41.488,11.61958,11.62239,0.00,0.00
2016.12.09 16:17:41.560,11.61951,11.62222,0.00,0.00
2016.12.09 16:17:41.661,11.61951,11.62231,0.00,0.00
2016.12.09 16:17:41.982,11.61959,11.62239,0.00,0.00
2016.12.09 16:17:42.472,11.61959,11.62228,0.00,0.00
2016.12.09 16:17:42.612,11.61949,11.62228,0.00,0.00
2016.12.09 16:17:42.662,11.61942,11.62221,0.00,0.00
2016.12.09 16:17:42.970,11.61942,11.62212,0.00,0.00
2016.12.09 16:17:43.275,11.61979,11.62228,0.00,0.00
2016.12.09 16:17:43.797,11.61978,11.62228,0.00,0.00
2016.12.09 16:17:43.864,11.61948,11.62228,0.00,0.00
2016.12.09 16:17:43.965,11.61959,11.62228,0.00,0.00
2016.12.09 16:17:44.493,11.61948,11.62228,0.00,0.00
2016.12.09 16:17:44.607,11.61959,11.62228,0.00,0.00
2016.12.09 16:17:44.947,11.61989,11.62228,0.00,0.00
2016.12.09 16:17:44.997,11.61942,11.62222,0.00,0.00
2016.12.09 16:17:45.066,11.61942,11.62212,0.00,0.00
2016.12.09 16:17:45.166,11.61942,11.62222,0.00,0.00
2016.12.09 16:17:45.269,11.61969,11.62228,0.00,0.00
2016.12.09 16:17:45.589,11.61941,11.62211,0.00,0.00
2016.12.09 16:17:45.690,11.61941,11.62202,0.00,0.00
2016.12.09 16:17:45.767,11.61959,11.62229,0.00,0.00
2016.12.09 16:17:45.868,11.61968,11.62229,0.00,0.00
2016.12.09 16:17:46.698,11.61941,11.62216,0.00,0.00
2016.12.09 16:17:46.803,11.61979,11.62239,0.00,0.00
2016.12.09 16:17:47.093,11.61958,11.62239,0.00,0.00
2016.12.09 16:17:47.200,11.61978,11.62239,0.00,0.00
2016.12.09 16:17:47.707,11.61968,11.62239,0.00,0.00
2016.12.09 16:17:48.182,11.61958,11.62239,0.00,0.00
2016.12.09 16:17:48.283,11.62041,11.62252,0.00,0.00
2016.12.09 16:17:48.383,11.62041,11.62272,0.00,0.00
2016.12.09 16:17:48.494,11.62041,11.62321,0.00,0.00
2016.12.09 16:17:48.601,11.62051,11.62316,0.00,0.00
2016.12.09 16:17:48.697,11.62051,11.62332,0.00,0.00
2016.12.09 16:17:48.775,11.62059,11.62339,0.00,0.00
2016.12.09 16:17:49.086,11.62051,11.62336,0.00,0.00
2016.12.09 16:17:49.400,11.62051,11.62327,0.00,0.00
2016.12.09 16:17:49.502,11.62059,11.62339,0.00,0.00
2016.12.09 16:17:49.603,11.62079,11.62339,0.00,0.00
2016.12.09 16:17:50.278,11.62059,11.62339,0.00,0.00
2016.12.09 16:17:50.398,11.62079,11.62339,0.00,0.00
2016.12.09 16:17:50.479,11.62068,11.62339,0.00,0.00
2016.12.09 16:17:50.580,11.62051,11.62326,0.00,0.00
2016.12.09 16:17:50.880,11.62051,11.62332,0.00,0.00
2016.12.09 16:17:51.227,11.62051,11.62297,0.00,0.00
2016.12.09 16:17:51.281,11.62079,11.62339,0.00,0.00
2016.12.09 16:17:51.931,11.62059,11.62339,0.00,0.00
2016.12.09 16:17:51.983,11.62051,11.62316,0.00,0.00
2016.12.09 16:17:52.358,11.62051,11.62296,0.00,0.00
2016.12.09 16:17:52.409,11.62059,11.62339,0.00,0.00
2016.12.09 16:17:52.528,11.62051,11.62316,0.00,0.00
2016.12.09 16:17:52.584,11.62051,11.62322,0.00,0.00
2016.12.09 16:17:52.694,11.62069,11.62339,0.00,0.00
2016.12.09 16:17:53.010,11.62051,11.62336,0.00,0.00
2016.12.09 16:17:53.128,11.62051,11.62307,0.00,0.00
2016.12.09 16:17:53.385,11.62058,11.62339,0.00,0.00
2016.12.09 16:17:53.922,11.62008,11.62248,0.00,0.00
2016.12.09 16:17:53.973,11.62008,11.62288,0.00,0.00
2016.12.09 16:17:54.024,11.62002,11.62231,0.00,0.00
2016.12.09 16:17:54.125,11.62002,11.62262,0.00,0.00
2016.12.09 16:17:54.189,11.62019,11.62288,0.00,0.00
2016.12.09 16:17:54.290,11.62002,11.62262,0.00,0.00
2016.12.09 16:17:54.899,11.62002,11.62271,0.00,0.00
2016.12.09 16:17:56.727,11.62002,11.62257,0.00,0.00
2016.12.09 16:17:57.071,11.62042,11.62256,0.00,0.00
2016.12.09 16:17:57.122,11.62042,11.62272,0.00,0.00
2016.12.09 16:17:57.195,11.62042,11.62312,0.00,0.00
2016.12.09 16:17:57.313,11.62042,11.62277,0.00,0.00
2016.12.09 16:17:57.467,11.62001,11.62277,0.00,0.00
2016.12.09 16:17:57.518,11.62019,11.62253,0.00,0.00
2016.12.09 16:17:57.619,11.61962,11.62226,0.00,0.00
2016.12.09 16:17:57.720,11.61962,11.62201,0.00,0.00
2016.12.09 16:17:58.525,11.62041,11.62221,0.00,0.00
2016.12.09 16:17:58.575,11.61961,11.62221,0.00,0.00
2016.12.09 16:17:58.626,11.61968,11.62242,0.00,0.00
2016.12.09 16:17:58.800,11.61961,11.62212,0.00,0.00
2016.12.09 16:17:58.899,11.61961,11.62232,0.00,0.00
2016.12.09 16:17:59.112,11.61979,11.62248,0.00,0.00
2016.12.09 16:17:59.319,11.61968,11.62241,0.00,0.00
2016.12.09 16:17:59.435,11.62002,11.62201,0.00,0.00
2016.12.09 16:17:59.537,11.62002,11.62282,0.00,0.00
2016.12.09 16:17:59.702,11.62002,11.62262,0.00,0.00
2016.12.09 16:18:00.179,11.61961,11.62241,0.00,0.00
2016.12.09 16:18:00.230,11.61961,11.62212,0.00,0.00
2016.12.09 16:18:00.535,11.61951,11.62212,0.00,0.00
2016.12.09 16:18:00.636,11.61938,11.62149,0.00,0.00
2016.12.09 16:18:00.737,11.61861,11.62142,0.00,0.00
2016.12.09 16:18:00.905,11.61888,11.62142,0.00,0.00
2016.12.09 16:18:01.106,11.61868,11.62142,0.00,0.00
2016.12.09 16:18:01.207,11.61861,11.62141,0.00,0.00
2016.12.09 16:18:01.314,11.61861,11.62121,0.00,0.00
2016.12.09 16:18:01.645,11.61869,11.62142,0.00,0.00
2016.12.09 16:18:01.782,11.61869,11.62129,0.00,0.00
2016.12.09 16:18:01.833,11.61851,11.62112,0.00,0.00
2016.12.09 16:18:01.935,11.61851,11.62101,0.00,0.00
2016.12.09 16:18:02.248,11.61851,11.62092,0.00,0.00
2016.12.09 16:18:02.440,11.61851,11.62111,0.00,0.00
2016.12.09 16:18:02.510,11.61851,11.62091,0.00,0.00
2016.12.09 16:18:02.848,11.61851,11.62081,0.00,0.00
2016.12.09 16:18:03.011,11.61851,11.62092,0.00,0.00
2016.12.09 16:18:03.152,11.61851,11.62121,0.00,0.00
2016.12.09 16:18:03.412,11.61851,11.62092,0.00,0.00
2016.12.09 16:18:03.713,11.61851,11.62081,0.00,0.00
2016.12.09 16:18:04.058,11.61809,11.62042,0.00,0.00
2016.12.09 16:18:04.230,11.61841,11.62042,0.00,0.00
2016.12.09 16:18:04.280,11.61841,11.62052,0.00,0.00
2016.12.09 16:18:04.331,11.61841,11.62072,0.00,0.00
2016.12.09 16:18:04.415,11.61841,11.62101,0.00,0.00
2016.12.09 16:18:04.488,11.61841,11.62091,0.00,0.00
2016.12.09 16:18:04.538,11.61801,11.62071,0.00,0.00
2016.12.09 16:18:04.639,11.61801,11.62041,0.00,0.00
2016.12.09 16:18:04.755,11.61752,11.62032,0.00,0.00
2016.12.09 16:18:04.864,11.61752,11.62021,0.00,0.00
2016.12.09 16:18:05.394,11.61752,11.62022,0.00,0.00
2016.12.09 16:18:05.526,11.61742,11.62022,0.00,0.00
2016.12.09 16:18:05.627,11.61742,11.61991,0.00,0.00
2016.12.09 16:18:05.764,11.61742,11.62022,0.00,0.00
2016.12.09 16:18:05.820,11.61759,11.62028,0.00,0.00
2016.12.09 16:18:06.125,11.61742,11.62021,0.00,0.00
2016.12.09 16:18:06.571,11.61742,11.62012,0.00,0.00
2016.12.09 16:18:06.959,11.61758,11.62028,0.00,0.00
2016.12.09 16:18:07.023,11.61742,11.62022,0.00,0.00
2016.12.09 16:18:07.462,11.61742,11.62012,0.00,0.00
2016.12.09 16:18:07.724,11.61742,11.62021,0.00,0.00
2016.12.09 16:18:07.830,11.61742,11.62001,0.00,0.00
2016.12.09 16:18:07.953,11.61742,11.62021,0.00,0.00
2016.12.09 16:18:08.025,11.61742,11.62002,0.00,0.00
2016.12.09 16:18:08.268,11.61742,11.62012,0.00,0.00
2016.12.09 16:18:08.472,11.61751,11.62012,0.00,0.00
2016.12.09 16:18:08.525,11.61751,11.62031,0.00,0.00
2016.12.09 16:18:08.633,11.61759,11.62039,0.00,0.00
2016.12.09 16:18:08.939,11.61769,11.62039,0.00,0.00
2016.12.09 16:18:09.045,11.61751,11.62031,0.00,0.00
2016.12.09 16:18:09.127,11.61751,11.62002,0.00,0.00
2016.12.09 16:18:09.428,11.61751,11.61992,0.00,0.00
2016.12.09 16:18:09.529,11.61768,11.62039,0.00,0.00
2016.12.09 16:18:09.751,11.61758,11.62039,0.00,0.00
2016.12.09 16:18:09.829,11.61751,11.62022,0.00,0.00
2016.12.09 16:18:10.129,11.61758,11.62039,0.00,0.00
2016.12.09 16:18:10.260,11.61768,11.62039,0.00,0.00
2016.12.09 16:18:10.452,11.61759,11.62039,0.00,0.00
2016.12.09 16:18:10.502,11.61852,11.62041,0.00,0.00
2016.12.09 16:18:10.553,11.61852,11.62052,0.00,0.00
2016.12.09 16:18:10.654,11.61861,11.62139,0.00,0.00
2016.12.09 16:18:10.757,11.61902,11.62158,0.00,0.00
2016.12.09 16:18:10.958,11.61941,11.62202,0.00,0.00
2016.12.09 16:18:11.033,11.61941,11.62172,0.00,0.00
2016.12.09 16:18:11.233,11.61941,11.62192,0.00,0.00
2016.12.09 16:18:11.648,11.61941,11.62172,0.00,0.00
2016.12.09 16:18:11.835,11.61941,11.62202,0.00,0.00
2016.12.09 16:18:12.169,11.61952,11.62211,0.00,0.00
2016.12.09 16:18:12.272,11.61952,11.62231,0.00,0.00
2016.12.09 16:18:12.639,11.61952,11.62222,0.00,0.00
2016.12.09 16:18:13.040,11.61952,11.62212,0.00,0.00
2016.12.09 16:18:13.382,11.62111,11.62291,0.00,0.00
2016.12.09 16:18:13.433,11.62152,11.62341,0.00,0.00
2016.12.09 16:18:13.540,11.62152,11.62359,0.00,0.00
2016.12.09 16:18:13.591,11.62152,11.62362,0.00,0.00
2016.12.09 16:18:13.740,11.62152,11.62402,0.00,0.00
2016.12.09 16:18:13.877,11.62152,11.62411,0.00,0.00
2016.12.09 16:18:14.043,11.62152,11.62421,0.00,0.00
2016.12.09 16:18:14.155,11.62152,11.62382,0.00,0.00
2016.12.09 16:18:14.261,11.62088,11.62349,0.00,0.00
2016.12.09 16:18:14.372,11.62079,11.62349,0.00,0.00
2016.12.09 16:18:14.422,11.62079,11.62342,0.00,0.00
2016.12.09 16:18:14.772,11.62151,11.62401,0.00,0.00
2016.12.09 16:18:15.112,11.62068,11.62349,0.00,0.00
2016.12.09 16:18:15.162,11.62061,11.62312,0.00,0.00
2016.12.09 16:18:15.263,11.62061,11.62322,0.00,0.00
2016.12.09 16:18:15.378,11.62061,11.62332,0.00,0.00
2016.12.09 16:18:15.946,11.62061,11.62302,0.00,0.00
2016.12.09 16:18:16.131,11.62061,11.62342,0.00,0.00
2016.12.09 16:18:16.751,11.62102,11.62361,0.00,0.00
2016.12.09 16:18:17.087,11.62061,11.62341,0.00,0.00
2016.12.09 16:18:17.192,11.62061,11.62302,0.00,0.00
2016.12.09 16:18:17.250,11.62061,11.62312,0.00,0.00
2016.12.09 16:18:17.480,11.62151,11.62341,0.00,0.00
2016.12.09 16:18:17.550,11.62151,11.62372,0.00,0.00
2016.12.09 16:18:17.711,11.62151,11.62391,0.00,0.00
2016.12.09 16:18:18.096,11.62161,11.62391,0.00,0.00
2016.12.09 16:18:18.151,11.62161,11.62401,0.00,0.00
2016.12.09 16:18:18.252,11.62161,11.62421,0.00,0.00
2016.12.09 16:18:18.552,11.62161,11.62402,0.00,0.00
2016.12.09 16:18:19.024,11.62161,11.62362,0.00,0.00
2016.12.09 16:18:19.074,11.62161,11.62382,0.00,0.00
2016.12.09 16:18:19.153,11.62161,11.62402,0.00,0.00
2016.12.09 16:18:19.267,11.62161,11.62412,0.00,0.00
2016.12.09 16:18:19.454,11.62161,11.62382,0.00,0.00
2016.12.09 16:18:19.577,11.62161,11.62411,0.00,0.00
2016.12.09 16:18:19.881,11.62161,11.62382,0.00,0.00
2016.12.09 16:18:19.932,11.62098,11.62349,0.00,0.00
2016.12.09 16:18:20.033,11.62068,11.62342,0.00,0.00
2016.12.09 16:18:20.083,11.62061,11.62292,0.00,0.00
2016.12.09 16:18:20.828,11.62111,11.62292,0.00,0.00
2016.12.09 16:18:20.879,11.62062,11.62292,0.00,0.00
2016.12.09 16:18:20.956,11.62062,11.62332,0.00,0.00
2016.12.09 16:18:21.057,11.62069,11.62342,0.00,0.00
2016.12.09 16:18:21.169,11.62062,11.62332,0.00,0.00
2016.12.09 16:18:21.574,11.62062,11.62291,0.00,0.00
2016.12.09 16:18:22.158,11.62062,11.62322,0.00,0.00
2016.12.09 16:18:22.448,11.62052,11.62322,0.00,0.00
2016.12.09 16:18:22.558,11.62052,11.62281,0.00,0.00
2016.12.09 16:18:22.869,11.62052,11.62271,0.00,0.00
2016.12.09 16:18:22.987,11.62052,11.62312,0.00,0.00
2016.12.09 16:18:23.088,11.62052,11.62331,0.00,0.00
2016.12.09 16:18:23.219,11.62049,11.62242,0.00,0.00
2016.12.09 16:18:23.270,11.62008,11.62242,0.00,0.00
2016.12.09 16:18:23.370,11.62001,11.62241,0.00,0.00
2016.12.09 16:18:23.561,11.62001,11.62272,0.00,0.00
2016.12.09 16:18:23.843,11.62051,11.62272,0.00,0.00
2016.12.09 16:18:24.063,11.62051,11.62312,0.00,0.00
2016.12.09 16:18:24.376,11.62051,11.62322,0.00,0.00
2016.12.09 16:18:24.968,11.62051,11.62302,0.00,0.00
2016.12.09 16:18:25.343,11.62051,11.62272,0.00,0.00
2016.12.09 16:18:25.515,11.62051,11.62282,0.00,0.00
2016.12.09 16:18:25.568,11.62051,11.62272,0.00,0.00
2016.12.09 16:18:26.008,11.62002,11.62282,0.00,0.00
2016.12.09 16:18:26.109,11.62018,11.62288,0.00,0.00
2016.12.09 16:18:26.568,11.62002,11.62252,0.00,0.00
2016.12.09 16:18:26.619,11.62002,11.62262,0.00,0.00
2016.12.09 16:18:26.720,11.61969,11.62241,0.00,0.00
2016.12.09 16:18:26.818,11.61961,11.62241,0.00,0.00
2016.12.09 16:18:26.920,11.62002,11.62221,0.00,0.00
2016.12.09 16:18:27.021,11.62002,11.62232,0.00,0.00
2016.12.09 16:18:27.072,11.62002,11.62282,0.00,0.00
2016.12.09 16:18:27.290,11.62002,11.62242,0.00,0.00
2016.12.09 16:18:27.341,11.61998,11.62242,0.00,0.00
2016.12.09 16:18:27.442,11.61979,11.62242,0.00,0.00
2016.12.09 16:18:27.492,11.61962,11.62211,0.00,0.00
2016.12.09 16:18:27.712,11.61962,11.62242,0.00,0.00
2016.12.09 16:18:27.774,11.61962,11.62202,0.00,0.00
2016.12.09 16:18:27.975,11.61962,11.62211,0.00,0.00
2016.12.09 16:18:28.332,11.61952,11.62211,0.00,0.00
2016.12.09 16:18:28.382,11.61952,11.62182,0.00,0.00
2016.12.09 16:18:28.618,11.61952,11.62221,0.00,0.00
2016.12.09 16:18:29.176,11.61952,11.62212,0.00,0.00
2016.12.09 16:18:29.795,11.61952,11.62201,0.00,0.00
2016.12.09 16:18:29.877,11.61952,11.62211,0.00,0.00
2016.12.09 16:18:30.078,11.61952,11.62201,0.00,0.00
2016.12.09 16:18:30.380,11.61952,11.62181,0.00,0.00
2016.12.09 16:18:30.679,11.61952,11.62212,0.00,0.00
2016.12.09 16:18:30.825,11.61952,11.62182,0.00,0.00
2016.12.09 16:18:31.094,11.61972,11.62212,0.00,0.00
2016.12.09 16:18:31.221,11.61972,11.62222,0.00,0.00
2016.12.09 16:18:31.381,11.61972,11.62231,0.00,0.00
2016.12.09 16:18:31.944,11.61972,11.62232,0.00,0.00
2016.12.09 16:18:32.072,11.61951,11.62232,0.00,0.00
2016.12.09 16:18:32.122,11.61951,11.62202,0.00,0.00
2016.12.09 16:18:32.775,11.61952,11.62202,0.00,0.00
2016.12.09 16:18:32.825,11.61958,11.62242,0.00,0.00
2016.12.09 16:18:33.396,11.61958,11.62241,0.00,0.00
2016.12.09 16:18:33.484,11.61952,11.62222,0.00,0.00
2016.12.09 16:18:33.585,11.61952,11.62232,0.00,0.00
2016.12.09 16:18:33.686,11.62041,11.62201,0.00,0.00
2016.12.09 16:18:33.803,11.62041,11.62282,0.00,0.00
2016.12.09 16:18:33.885,11.62041,11.62302,0.00,0.00
2016.12.09 16:18:34.075,11.62041,11.62292,0.00,0.00
2016.12.09 16:18:34.125,11.62012,11.62281,0.00,0.00
2016.12.09 16:18:34.227,11.62012,11.62232,0.00,0.00
2016.12.09 16:18:34.486,11.62012,11.62252,0.00,0.00
2016.12.09 16:18:34.834,11.61968,11.62241,0.00,0.00
2016.12.09 16:18:34.935,11.61961,11.62232,0.00,0.00
2016.12.09 16:18:35.245,11.61961,11.62211,0.00,0.00
2016.12.09 16:18:35.688,11.61961,11.62201,0.00,0.00
2016.12.09 16:18:36.189,11.61961,11.62212,0.00,0.00
2016.12.09 16:18:36.533,11.62002,11.62231,0.00,0.00
2016.12.09 16:18:36.634,11.62002,11.62241,0.00,0.00
2016.12.09 16:18:36.690,11.62002,11.62262,0.00,0.00
2016.12.09 16:18:37.091,11.62002,11.62242,0.00,0.00
2016.12.09 16:18:38.165,11.61991,11.62242,0.00,0.00
2016.12.09 16:18:38.219,11.61998,11.62282,0.00,0.00
2016.12.09 16:18:38.320,11.61991,11.62261,0.00,0.00
2016.12.09 16:18:38.500,11.61952,11.62232,0.00,0.00
2016.12.09 16:18:38.601,11.61952,11.62202,0.00,0.00
2016.12.09 16:18:38.693,11.61952,11.62222,0.00,0.00
2016.12.09 16:18:39.025,11.61952,11.62231,0.00,0.00
2016.12.09 16:18:39.094,11.61959,11.62241,0.00,0.00
2016.12.09 16:18:39.257,11.62001,11.62241,0.00,0.00
2016.12.09 16:18:39.410,11.62001,11.62271,0.00,0.00
2016.12.09 16:18:39.695,11.62001,11.62242,0.00,0.00
2016.12.09 16:18:39.834,11.61961,11.62242,0.00,0.00
2016.12.09 16:18:39.935,11.61961,11.62222,0.00,0.00
2016.12.09 16:18:40.279,11.61961,11.62191,0.00,0.00
2016.12.09 16:18:40.396,11.61961,11.62221,0.00,0.00
2016.12.09 16:18:40.535,11.61961,11.62231,0.00,0.00
2016.12.09 16:18:40.586,11.62041,11.62231,0.00,0.00
2016.12.09 16:18:40.636,11.61968,11.62211,0.00,0.00
2016.12.09 16:18:40.737,11.61962,11.62241,0.00,0.00
2016.12.09 16:18:40.907,11.61962,11.62211,0.00,0.00
2016.12.09 16:18:41.317,11.61962,11.62192,0.00,0.00
2016.12.09 16:18:41.498,11.61991,11.62252,0.00,0.00
2016.12.09 16:18:41.827,11.61991,11.62221,0.00,0.00
2016.12.09 16:18:41.928,11.61991,11.62242,0.00,0.00
2016.12.09 16:18:42.401,11.61951,11.62222,0.00,0.00
2016.12.09 16:18:42.526,11.61951,11.62181,0.00,0.00
2016.12.09 16:18:42.741,11.61951,11.62201,0.00,0.00
2016.12.09 16:18:42.792,11.62042,11.62201,0.00,0.00
2016.12.09 16:18:42.893,11.62001,11.62201,0.00,0.00
2016.12.09 16:18:42.998,11.62001,11.62241,0.00,0.00
2016.12.09 16:18:43.099,11.62001,11.62271,0.00,0.00
2016.12.09 16:18:43.149,11.62001,11.62252,0.00,0.00
2016.12.09 16:18:43.458,11.62001,11.62232,0.00,0.00
2016.12.09 16:18:43.793,11.61952,11.62212,0.00,0.00
2016.12.09 16:18:43.844,11.61952,11.62231,0.00,0.00
2016.12.09 16:18:43.904,11.61952,11.62182,0.00,0.00
2016.12.09 16:18:44.232,11.62031,11.62282,0.00,0.00
2016.12.09 16:18:44.422,11.62031,11.62292,0.00,0.00
2016.12.09 16:18:44.624,11.62031,11.62262,0.00,0.00
2016.12.09 16:18:44.705,11.62031,11.62301,0.00,0.00
2016.12.09 16:18:46.057,11.62052,11.62301,0.00,0.00
2016.12.09 16:18:46.359,11.62052,11.62291,0.00,0.00
2016.12.09 16:18:46.782,11.62052,11.62261,0.00,0.00
2016.12.09 16:18:47.247,11.62052,11.62251,0.00,0.00
2016.12.09 16:18:47.581,11.61969,11.62251,0.00,0.00
2016.12.09 16:18:47.631,11.61961,11.62242,0.00,0.00
2016.12.09 16:18:47.935,11.61961,11.62211,0.00,0.00
2016.12.09 16:18:47.986,11.61951,11.62211,0.00,0.00
2016.12.09 16:18:48.037,11.61958,11.62242,0.00,0.00
2016.12.09 16:18:48.138,11.61968,11.62242,0.00,0.00
2016.12.09 16:18:48.535,11.61951,11.62211,0.00,0.00
2016.12.09 16:18:48.642,11.61951,11.62231,0.00,0.00
2016.12.09 16:18:48.795,11.61909,11.62168,0.00,0.00
2016.12.09 16:18:48.846,11.61898,11.62168,0.00,0.00
2016.12.09 16:18:48.947,11.61852,11.62122,0.00,0.00
2016.12.09 16:18:49.114,11.61868,11.62141,0.00,0.00
2016.12.09 16:18:49.230,11.61859,11.62141,0.00,0.00
2016.12.09 16:18:49.355,11.61852,11.62122,0.00,0.00
2016.12.09 16:18:49.731,11.61852,11.62131,0.00,0.00
2016.12.09 16:18:49.950,11.61868,11.62142,0.00,0.00
2016.12.09 16:18:50.320,11.61852,11.62131,0.00,0.00
2016.12.09 16:18:50.516,11.61852,11.62121,0.00,0.00
2016.12.09 16:18:50.817,11.61852,11.62131,0.00,0.00
2016.12.09 16:18:51.318,11.61868,11.62142,0.00,0.00
2016.12.09 16:18:51.781,11.61869,11.62152,0.00,0.00
2016.12.09 16:18:51.832,11.61951,11.62131,0.00,0.00
2016.12.09 16:18:51.932,11.61951,11.62212,0.00,0.00
2016.12.09 16:18:52.019,11.61951,11.62221,0.00,0.00
2016.12.09 16:18:52.365,11.61951,11.62192,0.00,0.00
2016.12.09 16:18:52.852,11.61918,11.62178,0.00,0.00
2016.12.09 16:18:52.953,11.61862,11.62122,0.00,0.00
2016.12.09 16:18:53.403,11.61862,11.62111,0.00,0.00
2016.12.09 16:18:54.062,11.61862,11.62122,0.00,0.00
2016.12.09 16:18:54.122,11.61862,11.62132,0.00,0.00
2016.12.09 16:18:54.231,11.61862,11.62122,0.00,0.00
2016.12.09 16:18:54.322,11.61862,11.62132,0.00,0.00
2016.12.09 16:18:54.750,11.61862,11.62112,0.00,0.00
2016.12.09 16:18:55.036,11.61852,11.62112,0.00,0.00
2016.12.09 16:18:55.137,11.61908,11.62141,0.00,0.00
2016.12.09 16:18:55.238,11.61878,11.62141,0.00,0.00
2016.12.09 16:18:55.342,11.61852,11.62122,0.00,0.00
2016.12.09 16:18:55.462,11.61901,11.62152,0.00,0.00
2016.12.09 16:18:55.563,11.61901,11.62171,0.00,0.00
2016.12.09 16:18:55.917,11.61888,11.62168,0.00,0.00
2016.12.09 16:18:55.967,11.61869,11.62142,0.00,0.00
2016.12.09 16:18:56.319,11.61852,11.62112,0.00,0.00
2016.12.09 16:18:56.671,11.61941,11.62122,0.00,0.00
2016.12.09 16:18:56.772,11.61941,11.62222,0.00,0.00
2016.12.09 16:18:56.827,11.61941,11.62211,0.00,0.00
2016.12.09 16:18:56.928,11.61941,11.62222,0.00,0.00
2016.12.09 16:18:57.061,11.61949,11.62231,0.00,0.00
2016.12.09 16:18:57.245,11.61941,11.62212,0.00,0.00
2016.12.09 16:18:57.428,11.61941,11.62221,0.00,0.00
2016.12.09 16:18:57.560,11.61958,11.62242,0.00,0.00
2016.12.09 16:18:57.629,11.61949,11.62231,0.00,0.00
2016.12.09 16:18:58.069,11.61941,11.62222,0.00,0.00
2016.12.09 16:18:59.562,11.61941,11.62211,0.00,0.00
2016.12.09 16:19:00.150,11.61941,11.62192,0.00,0.00
2016.12.09 16:19:00.769,11.61948,11.62232,0.00,0.00
2016.12.09 16:19:01.469,11.61941,11.62222,0.00,0.00
2016.12.09 16:19:01.799,11.62051,11.62322,0.00,0.00
2016.12.09 16:19:02.130,11.62051,11.62292,0.00,0.00
2016.12.09 16:19:02.252,11.62051,11.62322,0.00,0.00
2016.12.09 16:19:02.369,11.62051,11.62331,0.00,0.00
2016.12.09 16:19:02.556,11.62058,11.62342,0.00,0.00
2016.12.09 16:19:03.205,11.62102,11.62342,0.00,0.00
2016.12.09 16:19:03.256,11.62061,11.62321,0.00,0.00
2016.12.09 16:19:03.365,11.62061,11.62342,0.00,0.00
2016.12.09 16:19:03.484,11.62061,11.62331,0.00,0.00
2016.12.09 16:19:03.824,11.62061,11.62302,0.00,0.00
2016.12.09 16:19:04.039,11.62061,11.62311,0.00,0.00
2016.12.09 16:19:04.440,11.62061,11.62292,0.00,0.00
2016.12.09 16:19:04.746,11.62061,11.62311,0.00,0.00
2016.12.09 16:19:04.797,11.62029,11.62269,0.00,0.00
2016.12.09 16:19:04.848,11.61951,11.62221,0.00,0.00
2016.12.09 16:19:05.342,11.61959,11.62241,0.00,0.00
2016.12.09 16:19:05.472,11.61988,11.62242,0.00,0.00
2016.12.09 16:19:05.765,11.61968,11.62242,0.00,0.00
2016.12.09 16:19:05.842,11.61959,11.62241,0.00,0.00
2016.12.09 16:19:05.952,11.61951,11.62192,0.00,0.00
2016.12.09 16:19:06.003,11.61941,11.62192,0.00,0.00
2016.12.09 16:19:06.053,11.61941,11.62182,0.00,0.00
2016.12.09 16:19:06.544,11.61941,11.62191,0.00,0.00
2016.12.09 16:19:07.149,11.61941,11.62221,0.00,0.00
2016.12.09 16:19:07.528,11.61939,11.62142,0.00,0.00
2016.12.09 16:19:07.579,11.61898,11.62142,0.00,0.00
2016.12.09 16:19:07.646,11.61861,11.62121,0.00,0.00
2016.12.09 16:19:07.927,11.61861,11.62142,0.00,0.00
2016.12.09 16:19:07.978,11.61861,11.62131,0.00,0.00
2016.12.09 16:19:08.373,11.61861,11.62122,0.00,0.00
2016.12.09 16:19:08.474,11.61869,11.62142,0.00,0.00
2016.12.09 16:19:08.780,11.61861,11.62142,0.00,0.00
2016.12.09 16:19:08.848,11.61868,11.62142,0.00,0.00
2016.12.09 16:19:09.149,11.61861,11.62141,0.00,0.00
2016.12.09 16:19:09.760,11.61861,11.62122,0.00,0.00
2016.12.09 16:19:10.351,11.61861,11.62132,0.00,0.00
2016.12.09 16:19:10.583,11.61861,11.62142,0.00,0.00
2016.12.09 16:19:10.652,11.61861,11.62121,0.00,0.00
2016.12.09 16:19:10.974,11.61861,11.62141,0.00,0.00
2016.12.09 16:19:11.090,11.61878,11.62142,0.00,0.00
2016.12.09 16:19:11.792,11.61861,11.62132,0.00,0.00
2016.12.09 16:19:12.054,11.61861,11.62142,0.00,0.00
2016.12.09 16:19:12.779,11.61861,11.62132,0.00,0.00
2016.12.09 16:19:13.460,11.61861,11.62142,0.00,0.00
2016.12.09 16:19:14.174,11.61878,11.62142,0.00,0.00
2016.12.09 16:19:14.482,11.61861,11.62121,0.00,0.00
2016.12.09 16:19:14.885,11.61868,11.62142,0.00,0.00
2016.12.09 16:19:14.959,11.61879,11.62142,0.00,0.00
2016.12.09 16:19:15.660,11.61861,11.62142,0.00,0.00
2016.12.09 16:19:16.170,11.61878,11.62142,0.00,0.00
2016.12.09 16:19:16.562,11.61852,11.62122,0.00,0.00
2016.12.09 16:19:16.689,11.61869,11.62142,0.00,0.00
2016.12.09 16:19:16.863,11.61858,11.62142,0.00,0.00
2016.12.09 16:19:17.063,11.61869,11.62142,0.00,0.00
2016.12.09 16:19:17.509,11.61852,11.62131,0.00,0.00
2016.12.09 16:19:17.564,11.61852,11.62121,0.00,0.00
2016.12.09 16:19:17.664,11.61852,11.62132,0.00,0.00
2016.12.09 16:19:18.155,11.61941,11.62132,0.00,0.00
2016.12.09 16:19:18.206,11.61901,11.62152,0.00,0.00
2016.12.09 16:19:18.307,11.61918,11.62192,0.00,0.00
2016.12.09 16:19:18.415,11.61901,11.62171,0.00,0.00
2016.12.09 16:19:18.566,11.61869,11.62142,0.00,0.00
2016.12.09 16:19:18.679,11.61862,11.62132,0.00,0.00
2016.12.09 16:19:19.491,11.61869,11.62142,0.00,0.00
2016.12.09 16:19:20.670,11.61862,11.62142,0.00,0.00
2016.12.09 16:19:20.868,11.61862,11.62122,0.00,0.00
2016.12.09 16:19:21.092,11.61901,11.62172,0.00,0.00
2016.12.09 16:19:21.372,11.61901,11.62141,0.00,0.00
2016.12.09 16:19:21.490,11.61901,11.62162,0.00,0.00
2016.12.09 16:19:21.572,11.61901,11.62181,0.00,0.00
2016.12.09 16:19:21.623,11.61941,11.62181,0.00,0.00
2016.12.09 16:19:21.673,11.61941,11.62201,0.00,0.00
2016.12.09 16:19:21.790,11.61941,11.62211,0.00,0.00
2016.12.09 16:19:22.073,11.61941,11.62192,0.00,0.00
2016.12.09 16:19:22.379,11.61941,11.62182,0.00,0.00
2016.12.09 16:19:22.885,11.61941,11.62211,0.00,0.00
2016.12.09 16:19:22.975,11.61941,11.62191,0.00,0.00
2016.12.09 16:19:23.133,11.61909,11.62191,0.00,0.00
2016.12.09 16:19:23.183,11.61902,11.62172,0.00,0.00
2016.12.09 16:19:23.506,11.61902,11.62162,0.00,0.00
2016.12.09 16:19:23.840,11.61942,11.62161,0.00,0.00
2016.12.09 16:19:23.891,11.61942,11.62182,0.00,0.00
2016.12.09 16:19:23.992,11.61852,11.62122,0.00,0.00
2016.12.09 16:19:24.048,11.61902,11.62122,0.00,0.00
2016.12.09 16:19:24.272,11.61851,11.62122,0.00,0.00
2016.12.09 16:19:24.479,11.61868,11.62142,0.00,0.00
2016.12.09 16:19:25.911,11.61851,11.62122,0.00,0.00
2016.12.09 16:19:26.055,11.61851,11.62131,0.00,0.00
2016.12.09 16:19:26.620,11.61869,11.62142,0.00,0.00
2016.12.09 16:19:27.363,11.61901,11.62151,0.00,0.00
2016.12.09 16:19:27.413,11.61901,11.62161,0.00,0.00
2016.12.09 16:19:27.484,11.61901,11.62182,0.00,0.00
2016.12.09 16:19:27.626,11.61901,11.62152,0.00,0.00
2016.12.09 16:19:28.106,11.61859,11.62141,0.00,0.00
2016.12.09 16:19:28.206,11.61852,11.62111,0.00,0.00
2016.12.09 16:19:28.487,11.61901,11.62161,0.00,0.00
2016.12.09 16:19:28.744,11.61901,11.62142,0.00,0.00
2016.12.09 16:19:28.794,11.61869,11.62142,0.00,0.00
2016.12.09 16:19:28.897,11.61851,11.62112,0.00,0.00
2016.12.09 16:19:29.227,11.61902,11.62112,0.00,0.00
2016.12.09 16:19:29.289,11.61902,11.62172,0.00,0.00
2016.12.09 16:19:29.451,11.61902,11.62131,0.00,0.00
2016.12.09 16:19:29.502,11.61851,11.62102,0.00,0.00
2016.12.09 16:19:29.590,11.61851,11.62111,0.00,0.00
2016.12.09 16:19:29.790,11.61868,11.62142,0.00,0.00
2016.12.09 16:19:29.939,11.61851,11.62131,0.00,0.00
2016.12.09 16:19:30.136,11.61901,11.62131,0.00,0.00
2016.12.09 16:19:30.237,11.61901,11.62152,0.00,0.00
2016.12.09 16:19:30.338,11.61901,11.62162,0.00,0.00
2016.12.09 16:19:31.144,11.61859,11.62141,0.00,0.00
2016.12.09 16:19:31.322,11.61851,11.62111,0.00,0.00
2016.12.09 16:19:31.525,11.61858,11.62141,0.00,0.00
2016.12.09 16:19:31.696,11.61851,11.62122,0.00,0.00
2016.12.09 16:19:32.060,11.61851,11.62101,0.00,0.00
2016.12.09 16:19:32.891,11.61901,11.62101,0.00,0.00
2016.12.09 16:19:33.051,11.61859,11.62141,0.00,0.00
2016.12.09 16:19:33.102,11.61898,11.62141,0.00,0.00
2016.12.09 16:19:33.234,11.61868,11.62141,0.00,0.00
2016.12.09 16:19:33.335,11.61852,11.62122,0.00,0.00
2016.12.09 16:19:36.137,11.61852,11.62112,0.00,0.00
2016.12.09 16:19:36.407,11.61852,11.62131,0.00,0.00
2016.12.09 16:19:36.519,11.61852,11.62111,0.00,0.00
2016.12.09 16:19:36.808,11.61868,11.62141,0.00,0.00
2016.12.09 16:19:37.777,11.61902,11.62152,0.00,0.00
2016.12.09 16:19:37.928,11.61902,11.62172,0.00,0.00
2016.12.09 16:19:38.060,11.61902,11.62151,0.00,0.00
2016.12.09 16:19:38.233,11.61902,11.62172,0.00,0.00
2016.12.09 16:19:38.346,11.61902,11.62152,0.00,0.00
2016.12.09 16:19:38.857,11.61868,11.62142,0.00,0.00
2016.12.09 16:19:38.958,11.61889,11.62142,0.00,0.00
2016.12.09 16:19:39.014,11.61851,11.62112,0.00,0.00
2016.12.09 16:19:39.415,11.61851,11.62132,0.00,0.00
2016.12.09 16:19:39.524,11.61868,11.62142,0.00,0.00
2016.12.09 16:19:40.765,11.61901,11.62152,0.00,0.00
2016.12.09 16:19:40.919,11.61901,11.62172,0.00,0.00
2016.12.09 16:19:41.019,11.61901,11.62161,0.00,0.00
2016.12.09 16:19:41.324,11.61901,11.62152,0.00,0.00
2016.12.09 16:19:41.921,11.61901,11.62132,0.00,0.00
2016.12.09 16:19:43.055,11.61852,11.62132,0.00,0.00
2016.12.09 16:19:43.271,11.61852,11.62091,0.00,0.00
2016.12.09 16:19:44.026,11.61852,11.62102,0.00,0.00
2016.12.09 16:19:44.726,11.61852,11.62092,0.00,0.00
2016.12.09 16:19:45.571,11.61852,11.62102,0.00,0.00
2016.12.09 16:19:45.758,11.61852,11.62122,0.00,0.00
2016.12.09 16:19:45.941,11.61852,11.62132,0.00,0.00
2016.12.09 16:19:46.169,11.61852,11.62101,0.00,0.00
2016.12.09 16:19:46.271,11.61808,11.62078,0.00,0.00
2016.12.09 16:19:46.372,11.61762,11.62011,0.00,0.00
2016.12.09 16:19:46.631,11.61701,11.61982,0.00,0.00
2016.12.09 16:19:46.732,11.61742,11.61962,0.00,0.00
2016.12.09 16:19:46.833,11.61742,11.61991,0.00,0.00
2016.12.09 16:19:46.934,11.61742,11.62022,0.00,0.00
2016.12.09 16:19:47.054,11.61718,11.61978,0.00,0.00
2016.12.09 16:19:47.155,11.61662,11.61941,0.00,0.00
2016.12.09 16:19:47.432,11.61679,11.61941,0.00,0.00
2016.12.09 16:19:47.535,11.61662,11.61941,0.00,0.00
2016.12.09 16:19:48.033,11.61668,11.61941,0.00,0.00
2016.12.09 16:19:48.336,11.61738,11.61991,0.00,0.00
2016.12.09 16:19:48.436,11.61719,11.61991,0.00,0.00
2016.12.09 16:19:48.581,11.61752,11.61962,0.00,0.00
2016.12.09 16:19:48.632,11.61678,11.61962,0.00,0.00
2016.12.09 16:19:48.683,11.61699,11.61979,0.00,0.00
2016.12.09 16:19:49.169,11.61661,11.61941,0.00,0.00
2016.12.09 16:19:49.503,11.61661,11.61911,0.00,0.00
2016.12.09 16:19:49.655,11.61701,11.61981,0.00,0.00
2016.12.09 16:19:50.036,11.61701,11.61971,0.00,0.00
2016.12.09 16:19:50.337,11.61741,11.62022,0.00,0.00
2016.12.09 16:19:50.437,11.61748,11.62032,0.00,0.00
2016.12.09 16:19:50.849,11.61741,11.62022,0.00,0.00
2016.12.09 16:19:51.238,11.61741,11.61992,0.00,0.00
2016.12.09 16:19:51.874,11.61741,11.62012,0.00,0.00
2016.12.09 16:19:52.941,11.61741,11.62022,0.00,0.00
2016.12.09 16:19:53.148,11.61749,11.62031,0.00,0.00
2016.12.09 16:19:53.198,11.61741,11.62002,0.00,0.00
2016.12.09 16:19:53.459,11.61749,11.62031,0.00,0.00
2016.12.09 16:19:54.544,11.61741,11.62012,0.00,0.00
2016.12.09 16:19:54.961,11.61758,11.62041,0.00,0.00
2016.12.09 16:19:55.045,11.61741,11.62021,0.00,0.00
2016.12.09 16:19:55.155,11.61748,11.62032,0.00,0.00
2016.12.09 16:19:55.274,11.61768,11.62041,0.00,0.00
2016.12.09 16:19:55.375,11.61741,11.62021,0.00,0.00
2016.12.09 16:19:55.446,11.61778,11.62041,0.00,0.00
2016.12.09 16:19:55.670,11.61749,11.62031,0.00,0.00
2016.12.09 16:19:56.449,11.61769,11.62041,0.00,0.00
2016.12.09 16:19:56.764,11.61778,11.62041,0.00,0.00
2016.12.09 16:19:57.249,11.61748,11.62032,0.00,0.00
2016.12.09 16:19:57.350,11.61741,11.62011,0.00,0.00
2016.12.09 16:19:57.855,11.61741,11.62002,0.00,0.00
2016.12.09 16:19:58.151,11.61741,11.62021,0.00,0.00
2016.12.09 16:19:58.265,11.61741,11.61991,0.00,0.00
2016.12.09 16:19:58.475,11.61688,11.61941,0.00,0.00
2016.12.09 16:19:58.576,11.61662,11.61922,0.00,0.00
2016.12.09 16:19:58.677,11.61668,11.61941,0.00,0.00
2016.12.09 16:19:58.753,11.61662,11.61941,0.00,0.00
2016.12.09 16:19:58.852,11.61662,11.61901,0.00,0.00
2016.12.09 16:19:59.153,11.61662,11.61941,0.00,0.00
2016.12.09 16:19:59.263,11.61668,11.61941,0.00,0.00
2016.12.09 16:20:00.155,11.61662,11.61941,0.00,0.00
2016.12.09 16:20:00.291,11.61662,11.61932,0.00,0.00
2016.12.09 16:20:00.655,11.61662,11.61911,0.00,0.00
2016.12.09 16:20:01.282,11.61662,11.61932,0.00,0.00
2016.12.09 16:20:02.179,11.61662,11.61912,0.00,0.00
2016.12.09 16:20:02.318,11.61651,11.61912,0.00,0.00
2016.12.09 16:20:02.369,11.61651,11.61902,0.00,0.00
2016.12.09 16:20:02.748,11.61651,11.61892,0.00,0.00
2016.12.09 16:20:02.798,11.61651,11.61912,0.00,0.00
2016.12.09 16:20:03.194,11.61651,11.61892,0.00,0.00
2016.12.09 16:20:03.555,11.61651,11.61872,0.00,0.00
2016.12.09 16:20:03.660,11.61651,11.61892,0.00,0.00
2016.12.09 16:20:03.761,11.61579,11.61861,0.00,0.00
2016.12.09 16:20:03.862,11.61561,11.61812,0.00,0.00
2016.12.09 16:20:03.912,11.61552,11.61812,0.00,0.00
2016.12.09 16:20:03.963,11.61552,11.61781,0.00,0.00
2016.12.09 16:20:04.193,11.61552,11.61831,0.00,0.00
2016.12.09 16:20:04.508,11.61552,11.61811,0.00,0.00
2016.12.09 16:20:04.561,11.61559,11.61841,0.00,0.00
2016.12.09 16:20:05.871,11.61552,11.61832,0.00,0.00
2016.12.09 16:20:06.265,11.61552,11.61821,0.00,0.00
2016.12.09 16:20:06.579,11.61552,11.61781,0.00,0.00
2016.12.09 16:20:06.992,11.61552,11.61802,0.00,0.00
2016.12.09 16:20:07.167,11.61552,11.61792,0.00,0.00
2016.12.09 16:20:07.491,11.61552,11.61802,0.00,0.00
2016.12.09 16:20:07.593,11.61552,11.61822,0.00,0.00
2016.12.09 16:20:07.969,11.61558,11.61842,0.00,0.00
2016.12.09 16:20:08.269,11.61552,11.61821,0.00,0.00
2016.12.09 16:20:08.617,11.61552,11.61811,0.00,0.00
2016.12.09 16:20:08.718,11.61552,11.61832,0.00,0.00
2016.12.09 16:20:09.191,11.61552,11.61811,0.00,0.00
2016.12.09 16:20:09.510,11.61552,11.61792,0.00,0.00
2016.12.09 16:20:09.571,11.61552,11.61821,0.00,0.00
2016.12.09 16:20:09.687,11.61552,11.61832,0.00,0.00
2016.12.09 16:20:09.789,11.61591,11.61851,0.00,0.00
2016.12.09 16:20:09.889,11.61591,11.61872,0.00,0.00
2016.12.09 16:20:10.098,11.61632,11.61892,0.00,0.00
2016.12.09 16:20:10.199,11.61638,11.61922,0.00,0.00
2016.12.09 16:20:10.322,11.61632,11.61892,0.00,0.00
2016.12.09 16:20:10.374,11.61632,11.61902,0.00,0.00
2016.12.09 16:20:10.474,11.61632,11.61912,0.00,0.00
2016.12.09 16:20:10.607,11.61659,11.61941,0.00,0.00
2016.12.09 16:20:10.708,11.61652,11.61921,0.00,0.00
2016.12.09 16:20:10.819,11.61668,11.61941,0.00,0.00
2016.12.09 16:20:10.927,11.61692,11.61952,0.00,0.00
2016.12.09 16:20:11.078,11.61692,11.61972,0.00,0.00
2016.12.09 16:20:11.235,11.61692,11.61942,0.00,0.00
2016.12.09 16:20:11.285,11.61692,11.61961,0.00,0.00
2016.12.09 16:20:11.386,11.61692,11.61942,0.00,0.00
2016.12.09 16:20:11.595,11.61651,11.61931,0.00,0.00
2016.12.09 16:20:11.696,11.61651,11.61921,0.00,0.00
2016.12.09 16:20:11.878,11.61651,11.61932,0.00,0.00
2016.12.09 16:20:12.611,11.61731,11.61932,0.00,0.00
2016.12.09 16:20:12.784,11.61731,11.61991,0.00,0.00
2016.12.09 16:20:12.837,11.61731,11.62009,0.00,0.00
2016.12.09 16:20:12.888,11.61739,11.62009,0.00,0.00
2016.12.09 16:20:12.989,11.61769,11.62042,0.00,0.00
2016.12.09 16:20:13.244,11.61759,11.62041,0.00,0.00
2016.12.09 16:20:13.467,11.61738,11.62022,0.00,0.00
2016.12.09 16:20:13.518,11.61731,11.62001,0.00,0.00
2016.12.09 16:20:13.630,11.61738,11.62022,0.00,0.00
2016.12.09 16:20:13.681,11.61758,11.62042,0.00,0.00
2016.12.09 16:20:14.112,11.61739,11.62021,0.00,0.00
2016.12.09 16:20:14.214,11.61758,11.62042,0.00,0.00
2016.12.09 16:20:14.379,11.61782,11.62042,0.00,0.00
2016.12.09 16:20:14.429,11.61782,11.62052,0.00,0.00
2016.12.09 16:20:14.906,11.61782,11.62042,0.00,0.00
2016.12.09 16:20:15.209,11.61832,11.62062,0.00,0.00
2016.12.09 16:20:15.311,11.61832,11.62082,0.00,0.00
2016.12.09 16:20:15.384,11.61838,11.62122,0.00,0.00
2016.12.09 16:20:15.490,11.61849,11.62131,0.00,0.00
2016.12.09 16:20:15.893,11.61842,11.62101,0.00,0.00
2016.12.09 16:20:15.993,11.61849,11.62131,0.00,0.00
2016.12.09 16:20:16.224,11.61842,11.62102,0.00,0.00
2016.12.09 16:20:16.605,11.61842,11.62071,0.00,0.00
2016.12.09 16:20:16.687,11.61842,11.62112,0.00,0.00
2016.12.09 16:20:16.738,11.61828,11.62092,0.00,0.00
2016.12.09 16:20:16.990,11.61782,11.62062,0.00,0.00
2016.12.09 16:20:17.188,11.61782,11.62022,0.00,0.00
2016.12.09 16:20:17.609,11.61742,11.62022,0.00,0.00
2016.12.09 16:20:17.710,11.61759,11.62041,0.00,0.00
2016.12.09 16:20:17.789,11.61742,11.62002,0.00,0.00
2016.12.09 16:20:18.090,11.61742,11.62012,0.00,0.00
2016.12.09 16:20:18.244,11.61731,11.62012,0.00,0.00
2016.12.09 16:20:18.294,11.61731,11.62001,0.00,0.00
2016.12.09 16:20:18.345,11.61719,11.61991,0.00,0.00
2016.12.09 16:20:18.396,11.61688,11.61959,0.00,0.00
2016.12.09 16:20:18.496,11.61641,11.61922,0.00,0.00
2016.12.09 16:20:18.599,11.61641,11.61912,0.00,0.00
2016.12.09 16:20:18.693,11.61648,11.61932,0.00,0.00
2016.12.09 16:20:18.794,11.61641,11.61912,0.00,0.00
2016.12.09 16:20:19.094,11.61658,11.61942,0.00,0.00
2016.12.09 16:20:19.210,11.61641,11.61891,0.00,0.00
2016.12.09 16:20:19.260,11.61631,11.61891,0.00,0.00
2016.12.09 16:20:19.311,11.61631,11.61862,0.00,0.00
2016.12.09 16:20:19.696,11.61631,11.61881,0.00,0.00
2016.12.09 16:20:19.800,11.61631,11.61901,0.00,0.00
2016.12.09 16:20:20.098,11.61631,11.61872,0.00,0.00
2016.12.09 16:20:20.220,11.61631,11.61901,0.00,0.00
2016.12.09 16:20:20.333,11.61631,11.61912,0.00,0.00
2016.12.09 16:20:20.584,11.61628,11.61892,0.00,0.00
2016.12.09 16:20:20.635,11.61598,11.61882,0.00,0.00
2016.12.09 16:20:20.741,11.61591,11.61831,0.00,0.00
2016.12.09 16:20:20.925,11.61559,11.61841,0.00,0.00
2016.12.09 16:20:21.026,11.61541,11.61811,0.00,0.00
2016.12.09 16:20:21.101,11.61541,11.61822,0.00,0.00
2016.12.09 16:20:21.163,11.61582,11.61822,0.00,0.00
2016.12.09 16:20:21.213,11.61541,11.61782,0.00,0.00
2016.12.09 16:20:21.314,11.61579,11.61842,0.00,0.00
2016.12.09 16:20:21.504,11.61548,11.61832,0.00,0.00
2016.12.09 16:20:21.691,11.61581,11.61832,0.00,0.00
2016.12.09 16:20:21.742,11.61581,11.61841,0.00,0.00
2016.12.09 16:20:21.804,11.61588,11.61872,0.00,0.00
2016.12.09 16:20:21.855,11.61631,11.61872,0.00,0.00
2016.12.09 16:20:21.905,11.61631,11.61892,0.00,0.00
2016.12.09 16:20:22.170,11.61608,11.61891,0.00,0.00
2016.12.09 16:20:22.220,11.61579,11.61859,0.00,0.00
2016.12.09 16:20:22.321,11.61548,11.61832,0.00,0.00
2016.12.09 16:20:22.406,11.61541,11.61822,0.00,0.00
2016.12.09 16:20:22.808,11.61558,11.61841,0.00,0.00
2016.12.09 16:20:22.918,11.61541,11.61822,0.00,0.00
2016.12.09 16:20:23.258,11.61632,11.61852,0.00,0.00
2016.12.09 16:20:23.308,11.61632,11.61892,0.00,0.00
2016.12.09 16:20:23.424,11.61632,11.61862,0.00,0.00
2016.12.09 16:20:23.745,11.61632,11.61871,0.00,0.00
2016.12.09 16:20:23.809,11.61632,11.61891,0.00,0.00
2016.12.09 16:20:24.109,11.61632,11.61912,0.00,0.00
2016.12.09 16:20:24.451,11.61732,11.61912,0.00,0.00
2016.12.09 16:20:24.656,11.61742,11.61972,0.00,0.00
2016.12.09 16:20:24.711,11.61748,11.62032,0.00,0.00
2016.12.09 16:20:24.827,11.61742,11.62012,0.00,0.00
2016.12.09 16:20:24.911,11.61742,11.62022,0.00,0.00
2016.12.09 16:20:25.012,11.61742,11.62012,0.00,0.00
2016.12.09 16:20:25.152,11.61748,11.62032,0.00,0.00
2016.12.09 16:20:25.444,11.61742,11.62001,0.00,0.00
2016.12.09 16:20:25.913,11.61742,11.61992,0.00,0.00
2016.12.09 16:20:26.123,11.61742,11.62001,0.00,0.00
2016.12.09 16:20:26.233,11.61742,11.61992,0.00,0.00
2016.12.09 16:20:26.628,11.61742,11.62002,0.00,0.00
2016.12.09 16:20:27.063,11.61749,11.62031,0.00,0.00
2016.12.09 16:20:28.122,11.61742,11.62012,0.00,0.00
2016.12.09 16:20:28.467,11.61742,11.61981,0.00,0.00
2016.12.09 16:20:28.518,11.61742,11.62002,0.00,0.00
2016.12.09 16:20:28.620,11.61742,11.62021,0.00,0.00
2016.12.09 16:20:28.774,11.61742,11.62002,0.00,0.00
2016.12.09 16:20:29.119,11.61742,11.61982,0.00,0.00
2016.12.09 16:20:30.364,11.61742,11.61992,0.00,0.00
2016.12.09 16:20:30.767,11.61742,11.61972,0.00,0.00
2016.12.09 16:20:30.867,11.61741,11.61991,0.00,0.00
2016.12.09 16:20:30.968,11.61748,11.62032,0.00,0.00
2016.12.09 16:20:31.021,11.61741,11.62022,0.00,0.00
2016.12.09 16:20:31.340,11.61741,11.61982,0.00,0.00
2016.12.09 16:20:32.252,11.61832,11.61982,0.00,0.00
2016.12.09 16:20:32.385,11.61832,11.61992,0.00,0.00
2016.12.09 16:20:32.436,11.61832,11.62082,0.00,0.00
2016.12.09 16:20:32.537,11.61832,11.62072,0.00,0.00
2016.12.09 16:20:32.624,11.61832,11.62082,0.00,0.00
2016.12.09 16:20:32.724,11.61832,11.62061,0.00,0.00
2016.12.09 16:20:33.043,11.61832,11.62051,0.00,0.00
2016.12.09 16:20:33.243,11.61832,11.62082,0.00,0.00
2016.12.09 16:20:34.126,11.61832,11.62061,0.00,0.00
2016.12.09 16:20:34.627,11.61832,11.62082,0.00,0.00
2016.12.09 16:20:34.741,11.61839,11.62121,0.00,0.00
2016.12.09 16:20:34.945,11.61832,11.62101,0.00,0.00
2016.12.09 16:20:35.455,11.61871,11.62101,0.00,0.00
2016.12.09 16:20:35.505,11.61871,11.62112,0.00,0.00
2016.12.09 16:20:35.556,11.61871,11.62131,0.00,0.00
2016.12.09 16:20:35.660,11.61889,11.62171,0.00,0.00
2016.12.09 16:20:35.930,11.61871,11.62132,0.00,0.00
2016.12.09 16:20:36.141,11.61871,11.62142,0.00,0.00
2016.12.09 16:20:36.192,11.61912,11.62142,0.00,0.00
2016.12.09 16:20:36.242,11.61912,11.62152,0.00,0.00
2016.12.09 16:20:36.347,11.61928,11.62212,0.00,0.00
2016.12.09 16:20:36.478,11.61938,11.62142,0.00,0.00
2016.12.09 16:20:36.579,11.61928,11.62142,0.00,0.00
2016.12.09 16:20:36.735,11.61821,11.62092,0.00,0.00
2016.12.09 16:20:36.786,11.61821,11.62061,0.00,0.00
2016.12.09 16:20:36.837,11.61821,11.62102,0.00,0.00
2016.12.09 16:20:36.933,11.61821,11.62072,0.00,0.00
2016.12.09 16:20:37.033,11.61821,11.62102,0.00,0.00
2016.12.09 16:20:37.534,11.61829,11.62111,0.00,0.00
2016.12.09 16:20:37.658,11.61848,11.62132,0.00,0.00
2016.12.09 16:20:37.862,11.61828,11.62112,0.00,0.00
2016.12.09 16:20:38.234,11.61821,11.62082,0.00,0.00
2016.12.09 16:20:38.385,11.61749,11.62031,0.00,0.00
2016.12.09 16:20:38.436,11.61739,11.62021,0.00,0.00
2016.12.09 16:20:39.336,11.61748,11.62032,0.00,0.00
2016.12.09 16:20:39.585,11.61731,11.62011,0.00,0.00
2016.12.09 16:20:41.471,11.61729,11.62011,0.00,0.00
2016.12.09 16:20:41.574,11.61721,11.61991,0.00,0.00
2016.12.09 16:20:41.968,11.61721,11.61981,0.00,0.00
2016.12.09 16:20:42.140,11.61721,11.62001,0.00,0.00
2016.12.09 16:20:42.246,11.61738,11.62022,0.00,0.00
2016.12.09 16:20:42.440,11.61721,11.61981,0.00,0.00
2016.12.09 16:20:42.546,11.61721,11.62001,0.00,0.00
2016.12.09 16:20:42.647,11.61749,11.62031,0.00,0.00
2016.12.09 16:20:42.749,11.61758,11.62042,0.00,0.00
2016.12.09 16:20:42.852,11.61738,11.62022,0.00,0.00
2016.12.09 16:20:43.239,11.61721,11.62001,0.00,0.00
2016.12.09 16:20:43.542,11.61748,11.62032,0.00,0.00
2016.12.09 16:20:43.643,11.61758,11.62042,0.00,0.00
2016.12.09 16:20:44.130,11.61738,11.62022,0.00,0.00
2016.12.09 16:20:44.782,11.61748,11.62032,0.00,0.00
2016.12.09 16:20:45.218,11.61729,11.62011,0.00,0.00
2016.12.09 16:20:45.528,11.61788,11.62072,0.00,0.00
2016.12.09 16:20:45.579,11.61771,11.62041,0.00,0.00
2016.12.09 16:20:45.848,11.61789,11.62071,0.00,0.00
2016.12.09 16:20:46.073,11.61789,11.62041,0.00,0.00
2016.12.09 16:20:46.174,11.61769,11.62041,0.00,0.00
2016.12.09 16:20:46.274,11.61732,11.61992,0.00,0.00
2016.12.09 16:20:46.960,11.61749,11.62031,0.00,0.00
2016.12.09 16:20:47.351,11.61739,11.62021,0.00,0.00
2016.12.09 16:20:48.163,11.61732,11.62012,0.00,0.00
2016.12.09 16:20:48.501,11.61732,11.62002,0.00,0.00
2016.12.09 16:20:50.054,11.61748,11.62032,0.00,0.00
2016.12.09 16:20:50.357,11.61732,11.62011,0.00,0.00
2016.12.09 16:20:50.862,11.61732,11.61992,0.00,0.00
2016.12.09 16:20:51.156,11.61732,11.62011,0.00,0.00
2016.12.09 16:20:51.569,11.61721,11.61991,0.00,0.00
2016.12.09 16:20:51.880,11.61721,11.61972,0.00,0.00
2016.12.09 16:20:52.177,11.61721,11.62002,0.00,0.00
2016.12.09 16:20:52.278,11.61728,11.62012,0.00,0.00
2016.12.09 16:20:53.549,11.61728,11.61942,0.00,0.00
2016.12.09 16:20:53.599,11.61688,11.61942,0.00,0.00
2016.12.09 16:20:53.700,11.61648,11.61932,0.00,0.00
2016.12.09 16:20:53.910,11.61679,11.61941,0.00,0.00
2016.12.09 16:20:53.964,11.61659,11.61941,0.00,0.00
2016.12.09 16:20:54.371,11.61649,11.61842,0.00,0.00
2016.12.09 16:20:54.471,11.61558,11.61842,0.00,0.00
2016.12.09 16:20:54.573,11.61538,11.61822,0.00,0.00
2016.12.09 16:20:55.468,11.61558,11.61842,0.00,0.00
2016.12.09 16:20:55.769,11.61568,11.61842,0.00,0.00
2016.12.09 16:20:56.199,11.61558,11.61842,0.00,0.00
2016.12.09 16:20:56.299,11.61538,11.61822,0.00,0.00
2016.12.09 16:20:56.612,11.61549,11.61831,0.00,0.00
2016.12.09 16:20:56.997,11.61569,11.61842,0.00,0.00
2016.12.09 16:20:57.172,11.61548,11.61832,0.00,0.00
2016.12.09 16:20:57.491,11.61571,11.61822,0.00,0.00
2016.12.09 16:20:57.692,11.61599,11.61881,0.00,0.00
2016.12.09 16:20:57.819,11.61571,11.61841,0.00,0.00
2016.12.09 16:20:58.181,11.61621,11.61841,0.00,0.00
2016.12.09 16:20:58.282,11.61621,11.61882,0.00,0.00
2016.12.09 16:20:58.375,11.61639,11.61921,0.00,0.00
2016.12.09 16:20:58.676,11.61621,11.61892,0.00,0.00
2016.12.09 16:20:59.722,11.61622,11.61892,0.00,0.00
2016.12.09 16:20:59.823,11.61648,11.61932,0.00,0.00
2016.12.09 16:20:59.924,11.61678,11.61942,0.00,0.00
2016.12.09 16:21:00.379,11.61648,11.61932,0.00,0.00
2016.12.09 16:21:01.218,11.61658,11.61942,0.00,0.00
2016.12.09 16:21:01.984,11.61642,11.61901,0.00,0.00
2016.12.09 16:21:02.085,11.61681,11.61951,0.00,0.00
2016.12.09 16:21:02.186,11.61728,11.61991,0.00,0.00
2016.12.09 16:21:02.287,11.61708,11.61991,0.00,0.00
2016.12.09 16:21:02.408,11.61688,11.61972,0.00,0.00
2016.12.09 16:21:02.485,11.61681,11.61961,0.00,0.00
2016.12.09 16:21:02.764,11.61658,11.61941,0.00,0.00
2016.12.09 16:21:03.023,11.61678,11.61962,0.00,0.00
2016.12.09 16:21:03.126,11.61708,11.61942,0.00,0.00
2016.12.09 16:21:03.233,11.61681,11.61961,0.00,0.00
2016.12.09 16:21:03.284,11.61721,11.61961,0.00,0.00
2016.12.09 16:21:03.435,11.61768,11.62042,0.00,0.00
2016.12.09 16:21:03.487,11.61721,11.62002,0.00,0.00
2016.12.09 16:21:03.988,11.61738,11.62022,0.00,0.00
2016.12.09 16:21:04.130,11.61759,11.62041,0.00,0.00
2016.12.09 16:21:04.496,11.61739,11.62021,0.00,0.00
2016.12.09 16:21:04.851,11.61768,11.62042,0.00,0.00
2016.12.09 16:21:05.091,11.61729,11.62011,0.00,0.00
2016.12.09 16:21:05.201,11.61721,11.62002,0.00,0.00
2016.12.09 16:21:05.566,11.61748,11.62032,0.00,0.00
2016.12.09 16:21:05.914,11.61738,11.62022,0.00,0.00
2016.12.09 16:21:06.240,11.61721,11.62002,0.00,0.00
2016.12.09 16:21:06.740,11.61721,11.61992,0.00,0.00
2016.12.09 16:21:07.353,11.61728,11.62012,0.00,0.00
2016.12.09 16:21:08.827,11.61739,11.62021,0.00,0.00
2016.12.09 16:21:09.822,11.61721,11.62001,0.00,0.00
2016.12.09 16:21:10.335,11.61729,11.62011,0.00,0.00
2016.12.09 16:21:10.801,11.61749,11.62031,0.00,0.00
2016.12.09 16:21:11.124,11.61738,11.62022,0.00,0.00
2016.12.09 16:21:11.242,11.61748,11.62032,0.00,0.00
2016.12.09 16:21:11.783,11.61749,11.62031,0.00,0.00
2016.12.09 16:21:11.833,11.61738,11.62022,0.00,0.00
2016.12.09 16:21:11.884,11.61821,11.62022,0.00,0.00
2016.12.09 16:21:11.935,11.61821,11.62051,0.00,0.00
2016.12.09 16:21:12.041,11.61821,11.62101,0.00,0.00
2016.12.09 16:21:12.534,11.61839,11.62121,0.00,0.00
2016.12.09 16:21:13.046,11.61821,11.62101,0.00,0.00
2016.12.09 16:21:13.354,11.61821,11.62081,0.00,0.00
2016.12.09 16:21:13.647,11.61829,11.62111,0.00,0.00
2016.12.09 16:21:13.908,11.61838,11.62122,0.00,0.00
2016.12.09 16:21:14.108,11.61829,11.62111,0.00,0.00
2016.12.09 16:21:14.492,11.61822,11.62072,0.00,0.00
2016.12.09 16:21:14.918,11.61828,11.62112,0.00,0.00
2016.12.09 16:21:15.278,11.61828,11.62092,0.00,0.00
2016.12.09 16:21:15.329,11.61809,11.62089,0.00,0.00
2016.12.09 16:21:15.399,11.61809,11.62042,0.00,0.00
2016.12.09 16:21:15.449,11.61739,11.62021,0.00,0.00
2016.12.09 16:21:15.687,11.61739,11.61941,0.00,0.00
2016.12.09 16:21:15.737,11.61728,11.61941,0.00,0.00
2016.12.09 16:21:15.788,11.61728,11.61991,0.00,0.00
2016.12.09 16:21:15.839,11.61688,11.61972,0.00,0.00
2016.12.09 16:21:15.889,11.61721,11.61972,0.00,0.00
2016.12.09 16:21:16.050,11.61721,11.61982,0.00,0.00
2016.12.09 16:21:16.113,11.61738,11.62022,0.00,0.00
2016.12.09 16:21:16.413,11.61721,11.62002,0.00,0.00
2016.12.09 16:21:16.711,11.61698,11.61982,0.00,0.00
2016.12.09 16:21:16.762,11.61718,11.61991,0.00,0.00
2016.12.09 16:21:17.015,11.61729,11.62011,0.00,0.00
2016.12.09 16:21:17.262,11.61739,11.62021,0.00,0.00
2016.12.09 16:21:17.606,11.61698,11.61982,0.00,0.00
2016.12.09 16:21:17.657,11.61728,11.61992,0.00,0.00
2016.12.09 16:21:17.716,11.61681,11.61961,0.00,0.00
2016.12.09 16:21:17.852,11.61681,11.61942,0.00,0.00
2016.12.09 16:21:18.056,11.61658,11.61941,0.00,0.00
2016.12.09 16:21:18.197,11.61639,11.61921,0.00,0.00
2016.12.09 16:21:18.512,11.61669,11.61941,0.00,0.00
2016.12.09 16:21:18.563,11.61648,11.61932,0.00,0.00
2016.12.09 16:21:18.747,11.61638,11.61841,0.00,0.00
2016.12.09 16:21:18.848,11.61499,11.61781,0.00,0.00
2016.12.09 16:21:18.949,11.61509,11.61791,0.00,0.00
2016.12.09 16:21:19.226,11.61548,11.61832,0.00,0.00
2016.12.09 16:21:19.472,11.61509,11.61791,0.00,0.00
2016.12.09 16:21:19.525,11.61528,11.61812,0.00,0.00
2016.12.09 16:21:19.742,11.61519,11.61801,0.00,0.00
2016.12.09 16:21:19.846,11.61498,11.61782,0.00,0.00
2016.12.09 16:21:20.021,11.61508,11.61792,0.00,0.00
2016.12.09 16:21:20.362,11.61498,11.61782,0.00,0.00
2016.12.09 16:21:20.751,11.61489,11.61771,0.00,0.00
2016.12.09 16:21:20.965,11.61478,11.61762,0.00,0.00
2016.12.09 16:21:21.158,11.61469,11.61741,0.00,0.00
2016.12.09 16:21:21.259,11.61438,11.61722,0.00,0.00
2016.12.09 16:21:21.325,11.61429,11.61711,0.00,0.00
2016.12.09 16:21:21.431,11.61438,11.61722,0.00,0.00
2016.12.09 16:21:21.548,11.61468,11.61741,0.00,0.00
2016.12.09 16:21:21.676,11.61478,11.61762,0.00,0.00
2016.12.09 16:21:21.726,11.61528,11.61791,0.00,0.00
2016.12.09 16:21:21.777,11.61528,11.61812,0.00,0.00
2016.12.09 16:21:22.260,11.61521,11.61802,0.00,0.00
2016.12.09 16:21:22.560,11.61528,11.61812,0.00,0.00
2016.12.09 16:21:22.834,11.61521,11.61801,0.00,0.00
2016.12.09 16:21:23.044,11.61528,11.61812,0.00,0.00
2016.12.09 16:21:23.269,11.61521,11.61791,0.00,0.00
2016.12.09 16:21:23.374,11.61558,11.61842,0.00,0.00
2016.12.09 16:21:23.493,11.61581,11.61842,0.00,0.00
2016.12.09 16:21:23.729,11.61638,11.61922,0.00,0.00
2016.12.09 16:21:23.979,11.61622,11.61891,0.00,0.00
2016.12.09 16:21:24.030,11.61638,11.61922,0.00,0.00
2016.12.09 16:21:24.177,11.61649,11.61931,0.00,0.00
2016.12.09 16:21:24.278,11.61628,11.61912,0.00,0.00
2016.12.09 16:21:24.331,11.61622,11.61872,0.00,0.00
2016.12.09 16:21:24.498,11.61622,11.61882,0.00,0.00
2016.12.09 16:21:24.549,11.61638,11.61922,0.00,0.00
2016.12.09 16:21:24.770,11.61648,11.61932,0.00,0.00
2016.12.09 16:21:25.133,11.61638,11.61922,0.00,0.00
2016.12.09 16:21:25.473,11.61668,11.61942,0.00,0.00
2016.12.09 16:21:26.033,11.61628,11.61912,0.00,0.00
2016.12.09 16:21:26.264,11.61638,11.61922,0.00,0.00
2016.12.09 16:21:26.736,11.61622,11.61902,0.00,0.00
2016.12.09 16:21:26.836,11.61628,11.61912,0.00,0.00
2016.12.09 16:21:27.338,11.61622,11.61892,0.00,0.00
2016.12.09 16:21:27.743,11.61638,11.61922,0.00,0.00
2016.12.09 16:21:27.981,11.61659,11.61941,0.00,0.00
2016.12.09 16:21:28.040,11.61648,11.61932,0.00,0.00
2016.12.09 16:21:28.150,11.61658,11.61942,0.00,0.00
2016.12.09 16:21:28.484,11.61648,11.61932,0.00,0.00
2016.12.09 16:21:29.187,11.61628,11.61912,0.00,0.00
2016.12.09 16:21:29.662,11.61639,11.61921,0.00,0.00
2016.12.09 16:21:29.952,11.61628,11.61912,0.00,0.00
2016.12.09 16:21:30.003,11.61721,11.61912,0.00,0.00
2016.12.09 16:21:30.053,11.61721,11.61941,0.00,0.00
2016.12.09 16:21:30.154,11.61721,11.61991,0.00,0.00
2016.12.09 16:21:30.246,11.61728,11.62012,0.00,0.00
2016.12.09 16:21:30.382,11.61721,11.61981,0.00,0.00
2016.12.09 16:21:30.892,11.61721,11.62002,0.00,0.00
2016.12.09 16:21:31.779,11.61728,11.62012,0.00,0.00
2016.12.09 16:21:32.185,11.61721,11.62002,0.00,0.00
2016.12.09 16:21:32.551,11.61721,11.61992,0.00,0.00
2016.12.09 16:21:32.856,11.61721,11.62002,0.00,0.00
2016.12.09 16:21:32.957,11.61758,11.62041,0.00,0.00
2016.12.09 16:21:33.054,11.61769,11.62041,0.00,0.00
2016.12.09 16:21:33.152,11.61759,11.62041,0.00,0.00
2016.12.09 16:21:33.341,11.61738,11.62022,0.00,0.00
2016.12.09 16:21:33.391,11.61729,11.62011,0.00,0.00
2016.12.09 16:21:33.492,11.61798,11.62082,0.00,0.00
2016.12.09 16:21:33.593,11.61798,11.62079,0.00,0.00
2016.12.09 16:21:33.929,11.61731,11.62002,0.00,0.00
2016.12.09 16:21:33.980,11.61768,11.62041,0.00,0.00
2016.12.09 16:21:34.056,11.61758,11.62041,0.00,0.00
2016.12.09 16:21:34.256,11.61749,11.62031,0.00,0.00
2016.12.09 16:21:34.460,11.61738,11.62022,0.00,0.00
2016.12.09 16:21:34.575,11.61731,11.62011,0.00,0.00
2016.12.09 16:21:35.159,11.61738,11.62022,0.00,0.00
2016.12.09 16:21:35.264,11.61731,11.62002,0.00,0.00
2016.12.09 16:21:35.660,11.61738,11.62022,0.00,0.00
2016.12.09 16:21:36.061,11.61731,11.62001,0.00,0.00
2016.12.09 16:21:36.208,11.61738,11.62022,0.00,0.00
2016.12.09 16:21:36.466,11.61821,11.62081,0.00,0.00
2016.12.09 16:21:36.567,11.61828,11.62112,0.00,0.00
2016.12.09 16:21:36.909,11.61821,11.62101,0.00,0.00
2016.12.09 16:21:36.963,11.61839,11.62121,0.00,0.00
2016.12.09 16:21:37.163,11.61821,11.62102,0.00,0.00
2016.12.09 16:21:37.689,11.61821,11.62082,0.00,0.00
2016.12.09 16:21:38.967,11.61821,11.62102,0.00,0.00
2016.12.09 16:21:39.283,11.61828,11.62112,0.00,0.00
2016.12.09 16:21:39.469,11.61821,11.62102,0.00,0.00
2016.12.09 16:21:39.815,11.61921,11.62182,0.00,0.00
2016.12.09 16:21:39.870,11.61921,11.62191,0.00,0.00
2016.12.09 16:21:40.004,11.61918,11.62142,0.00,0.00
2016.12.09 16:21:40.106,11.61831,11.62112,0.00,0.00
2016.12.09 16:21:40.277,11.61858,11.62142,0.00,0.00
2016.12.09 16:21:40.571,11.61848,11.62132,0.00,0.00
2016.12.09 16:21:41.172,11.61838,11.62122,0.00,0.00
2016.12.09 16:21:41.523,11.61912,11.62122,0.00,0.00
2016.12.09 16:21:41.574,11.61912,11.62141,0.00,0.00
2016.12.09 16:21:41.675,11.61912,11.62181,0.00,0.00
2016.12.09 16:21:41.776,11.61918,11.62202,0.00,0.00
2016.12.09 16:21:42.014,11.61912,11.62192,0.00,0.00
2016.12.09 16:21:42.348,11.61912,11.62162,0.00,0.00
2016.12.09 16:21:42.399,11.61912,11.62171,0.00,0.00
2016.12.09 16:21:42.505,11.61912,11.62192,0.00,0.00
2016.12.09 16:21:42.612,11.61929,11.62211,0.00,0.00
2016.12.09 16:21:42.722,11.61918,11.62202,0.00,0.00
2016.12.09 16:21:42.776,11.61912,11.62161,0.00,0.00
2016.12.09 16:21:43.076,11.61912,11.62192,0.00,0.00
2016.12.09 16:21:43.176,11.61912,11.62172,0.00,0.00
2016.12.09 16:21:43.611,11.61912,11.62191,0.00,0.00
2016.12.09 16:21:43.718,11.61912,11.62152,0.00,0.00
2016.12.09 16:21:43.878,11.61912,11.62192,0.00,0.00
2016.12.09 16:21:44.078,11.61912,11.62171,0.00,0.00
2016.12.09 16:21:44.888,11.61912,11.62182,0.00,0.00
2016.12.09 16:21:44.990,11.61938,11.62222,0.00,0.00
2016.12.09 16:21:45.094,11.61918,11.62202,0.00,0.00
2016.12.09 16:21:45.408,11.61912,11.62191,0.00,0.00
2016.12.09 16:21:45.806,11.61912,11.62151,0.00,0.00
2016.12.09 16:21:45.880,11.61912,11.62181,0.00,0.00
2016.12.09 16:21:45.992,11.61912,11.62171,0.00,0.00
2016.12.09 16:21:46.116,11.61912,11.62182,0.00,0.00
2016.12.09 16:21:46.930,11.61912,11.62162,0.00,0.00
2016.12.09 16:21:47.240,11.61912,11.62151,0.00,0.00
2016.12.09 16:21:47.291,11.61882,11.62132,0.00,0.00
2016.12.09 16:21:47.397,11.61882,11.62122,0.00,0.00
2016.12.09 16:21:47.804,11.61882,11.62142,0.00,0.00
2016.12.09 16:21:47.914,11.61921,11.62142,0.00,0.00
2016.12.09 16:21:48.084,11.61921,11.62191,0.00,0.00
2016.12.09 16:21:48.186,11.61921,11.62182,0.00,0.00
2016.12.09 16:21:48.409,11.61921,11.62202,0.00,0.00
2016.12.09 16:21:49.420,11.61929,11.62211,0.00,0.00
2016.12.09 16:21:49.520,11.61938,11.62222,0.00,0.00
2016.12.09 16:21:49.836,11.61921,11.62192,0.00,0.00
2016.12.09 16:21:50.268,11.61921,11.62161,0.00,0.00
2016.12.09 16:21:50.318,11.61921,11.62171,0.00,0.00
2016.12.09 16:21:50.369,11.61932,11.62171,0.00,0.00
2016.12.09 16:21:50.420,11.61932,11.62182,0.00,0.00
2016.12.09 16:21:50.520,11.61932,11.62211,0.00,0.00
2016.12.09 16:21:50.589,11.61932,11.62182,0.00,0.00
2016.12.09 16:21:50.938,11.61932,11.62172,0.00,0.00
2016.12.09 16:21:51.590,11.61932,11.62202,0.00,0.00
2016.12.09 16:21:52.038,11.61932,11.62182,0.00,0.00
2016.12.09 16:21:52.292,11.61932,11.62201,0.00,0.00
2016.12.09 16:21:52.392,11.61932,11.62212,0.00,0.00
2016.12.09 16:21:52.738,11.61932,11.62191,0.00,0.00
2016.12.09 16:21:53.067,11.61932,11.62171,0.00,0.00
2016.12.09 16:21:53.118,11.61932,11.62192,0.00,0.00
2016.12.09 16:21:53.225,11.61938,11.62222,0.00,0.00
2016.12.09 16:21:53.326,11.61948,11.62232,0.00,0.00
2016.12.09 16:21:53.680,11.61932,11.62211,0.00,0.00
2016.12.09 16:21:55.498,11.61932,11.62212,0.00,0.00
2016.12.09 16:21:56.240,11.61948,11.62232,0.00,0.00
2016.12.09 16:21:56.604,11.61932,11.62212,0.00,0.00
2016.12.09 16:21:56.994,11.61928,11.62179,0.00,0.00
2016.12.09 16:21:57.044,11.61919,11.62179,0.00,0.00
2016.12.09 16:21:57.095,11.61919,11.62142,0.00,0.00
2016.12.09 16:21:57.146,11.61839,11.62121,0.00,0.00
2016.12.09 16:21:57.203,11.61831,11.62092,0.00,0.00
2016.12.09 16:21:57.403,11.61838,11.62122,0.00,0.00
2016.12.09 16:21:57.514,11.61828,11.62079,0.00,0.00
2016.12.09 16:21:57.614,11.61759,11.62041,0.00,0.00
2016.12.09 16:21:57.715,11.61731,11.62012,0.00,0.00
2016.12.09 16:21:57.925,11.61778,11.62062,0.00,0.00
2016.12.09 16:21:58.026,11.61809,11.62091,0.00,0.00
2016.12.09 16:21:58.348,11.61772,11.62052,0.00,0.00
2016.12.09 16:21:58.606,11.61779,11.62061,0.00,0.00
2016.12.09 16:21:58.839,11.61789,11.62071,0.00,0.00
2016.12.09 16:21:59.040,11.61768,11.62052,0.00,0.00
2016.12.09 16:21:59.141,11.61732,11.62011,0.00,0.00
2016.12.09 16:21:59.533,11.61732,11.61982,0.00,0.00
2016.12.09 16:21:59.584,11.61739,11.62021,0.00,0.00
2016.12.09 16:21:59.718,11.61732,11.61982,0.00,0.00
2016.12.09 16:21:59.827,11.61732,11.61992,0.00,0.00
2016.12.09 16:22:00.456,11.61732,11.62011,0.00,0.00
2016.12.09 16:22:00.511,11.61732,11.61961,0.00,0.00
2016.12.09 16:22:00.712,11.61732,11.61981,0.00,0.00
2016.12.09 16:22:00.823,11.61732,11.62001,0.00,0.00
2016.12.09 16:22:01.610,11.61771,11.62001,0.00,0.00
2016.12.09 16:22:01.863,11.61831,11.62091,0.00,0.00
2016.12.09 16:22:01.915,11.61838,11.62122,0.00,0.00
2016.12.09 16:22:02.136,11.61831,11.62082,0.00,0.00
2016.12.09 16:22:02.417,11.61831,11.62101,0.00,0.00
2016.12.09 16:22:04.867,11.61831,11.62111,0.00,0.00
2016.12.09 16:22:04.917,11.61872,11.62111,0.00,0.00
2016.12.09 16:22:04.968,11.61872,11.62132,0.00,0.00
2016.12.09 16:22:05.069,11.61879,11.62142,0.00,0.00
2016.12.09 16:22:05.169,11.61858,11.62142,0.00,0.00
2016.12.09 16:22:05.222,11.61839,11.62121,0.00,0.00
2016.12.09 16:22:05.606,11.61872,11.62152,0.00,0.00
2016.12.09 16:22:05.764,11.61858,11.62142,0.00,0.00
2016.12.09 16:22:05.889,11.61848,11.62132,0.00,0.00
2016.12.09 16:22:06.193,11.61839,11.62121,0.00,0.00
2016.12.09 16:22:06.524,11.61832,11.62112,0.00,0.00
2016.12.09 16:22:06.951,11.61838,11.62122,0.00,0.00
2016.12.09 16:22:07.052,11.61849,11.62131,0.00,0.00
2016.12.09 16:22:07.457,11.61832,11.62111,0.00,0.00
2016.12.09 16:22:07.665,11.61838,11.62122,0.00,0.00
2016.12.09 16:22:07.787,11.61912,11.62122,0.00,0.00
2016.12.09 16:22:07.890,11.61912,11.62141,0.00,0.00
2016.12.09 16:22:07.941,11.61918,11.62202,0.00,0.00
2016.12.09 16:22:08.044,11.62012,11.62211,0.00,0.00
2016.12.09 16:22:08.145,11.62022,11.62302,0.00,0.00
2016.12.09 16:22:08.431,11.62022,11.62261,0.00,0.00
2016.12.09 16:22:08.531,11.62049,11.62331,0.00,0.00
2016.12.09 16:22:08.733,11.62022,11.62292,0.00,0.00
2016.12.09 16:22:08.940,11.62039,11.62321,0.00,0.00
2016.12.09 16:22:09.534,11.62048,11.62332,0.00,0.00
2016.12.09 16:22:09.646,11.62022,11.62301,0.00,0.00
2016.12.09 16:22:09.998,11.62022,11.62292,0.00,0.00
2016.12.09 16:22:10.380,11.62022,11.62301,0.00,0.00
2016.12.09 16:22:10.503,11.62028,11.62301,0.00,0.00
2016.12.09 16:22:10.673,11.62029,11.62311,0.00,0.00
2016.12.09 16:22:10.774,11.62048,11.62332,0.00,0.00
2016.12.09 16:22:10.837,11.62029,11.62311,0.00,0.00
2016.12.09 16:22:11.153,11.62028,11.62301,0.00,0.00
2016.12.09 16:22:11.518,11.62112,11.62301,0.00,0.00
2016.12.09 16:22:11.569,11.62129,11.62331,0.00,0.00
2016.12.09 16:22:11.672,11.62129,11.62402,0.00,0.00
2016.12.09 16:22:11.740,11.62139,11.62421,0.00,0.00
2016.12.09 16:22:11.847,11.62149,11.62431,0.00,0.00
2016.12.09 16:22:12.173,11.62129,11.62382,0.00,0.00
2016.12.09 16:22:12.274,11.62138,11.62422,0.00,0.00
2016.12.09 16:22:12.375,11.62129,11.62412,0.00,0.00
2016.12.09 16:22:12.705,11.62228,11.62462,0.00,0.00
2016.12.09 16:22:12.805,11.62178,11.62462,0.00,0.00
2016.12.09 16:22:12.855,11.62131,11.62381,0.00,0.00
2016.12.09 16:22:13.093,11.62111,11.62371,0.00,0.00
2016.12.09 16:22:13.144,11.62111,11.62361,0.00,0.00
2016.12.09 16:22:13.489,11.62129,11.62372,0.00,0.00
2016.12.09 16:22:13.944,11.62129,11.62362,0.00,0.00
2016.12.09 16:22:14.253,11.62129,11.62351,0.00,0.00
2016.12.09 16:22:14.595,11.62129,11.62362,0.00,0.00
2016.12.09 16:22:14.646,11.62129,11.62402,0.00,0.00
2016.12.09 16:22:15.079,11.62129,11.62352,0.00,0.00
2016.12.09 16:22:15.129,11.62111,11.62352,0.00,0.00
2016.12.09 16:22:15.180,11.62098,11.62378,0.00,0.00
2016.12.09 16:22:15.281,11.62088,11.62372,0.00,0.00
2016.12.09 16:22:15.381,11.62072,11.62302,0.00,0.00
2016.12.09 16:22:15.583,11.62128,11.62362,0.00,0.00
2016.12.09 16:22:15.749,11.62128,11.62381,0.00,0.00
2016.12.09 16:22:15.800,11.62099,11.62381,0.00,0.00
2016.12.09 16:22:15.901,11.62088,11.62372,0.00,0.00
2016.12.09 16:22:15.952,11.62079,11.62321,0.00,0.00
2016.12.09 16:22:16.266,11.62128,11.62381,0.00,0.00
2016.12.09 16:22:16.378,11.62128,11.62392,0.00,0.00
2016.12.09 16:22:16.479,11.62108,11.62369,0.00,0.00
2016.12.09 16:22:16.580,11.62068,11.62352,0.00,0.00
2016.12.09 16:22:16.695,11.62028,11.62281,0.00,0.00
2016.12.09 16:22:16.884,11.62028,11.62312,0.00,0.00
2016.12.09 16:22:17.374,11.61999,11.62281,0.00,0.00
2016.12.09 16:22:17.709,11.62029,11.62282,0.00,0.00
2016.12.09 16:22:17.761,11.62029,11.62301,0.00,0.00
2016.12.09 16:22:18.069,11.62019,11.62301,0.00,0.00
2016.12.09 16:22:18.170,11.61988,11.62272,0.00,0.00
2016.12.09 16:22:18.281,11.61978,11.62252,0.00,0.00
2016.12.09 16:22:18.468,11.61998,11.62282,0.00,0.00
2016.12.09 16:22:18.519,11.61998,11.62279,0.00,0.00
2016.12.09 16:22:18.569,11.61968,11.62252,0.00,0.00
2016.12.09 16:22:18.670,11.61979,11.62261,0.00,0.00
2016.12.09 16:22:19.028,11.61931,11.62201,0.00,0.00
2016.12.09 16:22:19.164,11.61939,11.62221,0.00,0.00
2016.12.09 16:22:19.886,11.61931,11.62202,0.00,0.00
2016.12.09 16:22:20.201,11.61949,11.62231,0.00,0.00
2016.12.09 16:22:20.261,11.61931,11.62211,0.00,0.00
2016.12.09 16:22:20.562,11.61948,11.62232,0.00,0.00
2016.12.09 16:22:20.982,11.61928,11.62212,0.00,0.00
2016.12.09 16:22:21.340,11.61879,11.62161,0.00,0.00
2016.12.09 16:22:21.465,11.61888,11.62172,0.00,0.00
2016.12.09 16:22:21.542,11.61928,11.62172,0.00,0.00
2016.12.09 16:22:21.693,11.61928,11.62192,0.00,0.00
2016.12.09 16:22:21.766,11.61929,11.62211,0.00,0.00
2016.12.09 16:22:21.867,11.61928,11.62202,0.00,0.00
2016.12.09 16:22:22.211,11.61928,11.62191,0.00,0.00
2016.12.09 16:22:22.262,11.61909,11.62179,0.00,0.00
2016.12.09 16:22:22.413,11.61888,11.62172,0.00,0.00
2016.12.09 16:22:22.514,11.61869,11.62151,0.00,0.00
2016.12.09 16:22:22.856,11.61831,11.62101,0.00,0.00
2016.12.09 16:22:23.082,11.61838,11.62122,0.00,0.00
2016.12.09 16:22:23.186,11.61849,11.62131,0.00,0.00
2016.12.09 16:22:23.508,11.61789,11.62071,0.00,0.00
2016.12.09 16:22:23.823,11.61839,11.62121,0.00,0.00
2016.12.09 16:22:23.874,11.61829,11.62112,0.00,0.00
2016.12.09 16:22:23.991,11.61829,11.62082,0.00,0.00
2016.12.09 16:22:24.194,11.61829,11.62091,0.00,0.00
2016.12.09 16:22:24.245,11.61809,11.62079,0.00,0.00
2016.12.09 16:22:24.346,11.61789,11.62071,0.00,0.00
2016.12.09 16:22:24.396,11.61731,11.62012,0.00,0.00
2016.12.09 16:22:25.349,11.61728,11.62012,0.00,0.00
2016.12.09 16:22:25.400,11.61718,11.62002,0.00,0.00
2016.12.09 16:22:25.715,11.61631,11.61911,0.00,0.00
2016.12.09 16:22:25.778,11.61638,11.61922,0.00,0.00
2016.12.09 16:22:25.879,11.61679,11.61961,0.00,0.00
2016.12.09 16:22:26.290,11.61669,11.61951,0.00,0.00
2016.12.09 16:22:26.899,11.61689,11.61971,0.00,0.00
2016.12.09 16:22:27.230,11.61669,11.61951,0.00,0.00
2016.12.09 16:22:27.331,11.61678,11.61962,0.00,0.00
2016.12.09 16:22:27.381,11.61689,11.61971,0.00,0.00
2016.12.09 16:22:27.732,11.61698,11.61982,0.00,0.00
2016.12.09 16:22:27.782,11.61669,11.61951,0.00,0.00
2016.12.09 16:22:27.901,11.61658,11.61942,0.00,0.00
2016.12.09 16:22:28.083,11.61679,11.61961,0.00,0.00
2016.12.09 16:22:28.192,11.61698,11.61982,0.00,0.00
2016.12.09 16:22:28.242,11.61721,11.61982,0.00,0.00
2016.12.09 16:22:28.293,11.61738,11.62022,0.00,0.00
2016.12.09 16:22:29.529,11.61748,11.62032,0.00,0.00
2016.12.09 16:22:29.914,11.61502,11.61771,0.00,0.00
2016.12.09 16:22:29.968,11.61489,11.61768,0.00,0.00
2016.12.09 16:22:30.019,11.61509,11.61768,0.00,0.00
2016.12.09 16:22:30.087,11.61498,11.61768,0.00,0.00
2016.12.09 16:22:30.188,11.61452,11.61732,0.00,0.00
2016.12.09 16:22:30.388,11.61468,11.61752,0.00,0.00
2016.12.09 16:22:30.488,11.61452,11.61732,0.00,0.00
2016.12.09 16:22:30.792,11.61468,11.61719,0.00,0.00
2016.12.09 16:22:30.893,11.61429,11.61711,0.00,0.00
2016.12.09 16:22:31.052,11.61409,11.61691,0.00,0.00
2016.12.09 16:22:31.357,11.61459,11.61741,0.00,0.00
2016.12.09 16:22:31.676,11.61419,11.61679,0.00,0.00
2016.12.09 16:22:31.727,11.61378,11.61662,0.00,0.00
2016.12.09 16:22:31.829,11.61368,11.61652,0.00,0.00
2016.12.09 16:22:32.145,11.61388,11.61559,0.00,0.00
2016.12.09 16:22:32.195,11.61278,11.61559,0.00,0.00
2016.12.09 16:22:32.372,11.61258,11.61542,0.00,0.00
2016.12.09 16:22:32.489,11.61258,11.61509,0.00,0.00
2016.12.09 16:22:32.694,11.61218,11.61502,0.00,0.00
2016.12.09 16:22:32.796,11.61208,11.61492,0.00,0.00
2016.12.09 16:22:33.111,11.61189,11.61468,0.00,0.00
2016.12.09 16:22:33.344,11.61158,11.61442,0.00,0.00
2016.12.09 16:22:33.403,11.61189,11.61468,0.00,0.00
2016.12.09 16:22:33.528,11.61168,11.61452,0.00,0.00
2016.12.09 16:22:33.810,11.61152,11.61412,0.00,0.00
2016.12.09 16:22:34.023,11.61149,11.61429,0.00,0.00
2016.12.09 16:22:34.074,11.61151,11.61431,0.00,0.00
2016.12.09 16:22:34.380,11.61152,11.61392,0.00,0.00
2016.12.09 16:22:34.430,11.61152,11.61411,0.00,0.00
2016.12.09 16:22:34.497,11.61158,11.61442,0.00,0.00
2016.12.09 16:22:34.935,11.61168,11.61452,0.00,0.00
2016.12.09 16:22:35.348,11.61152,11.61421,0.00,0.00
2016.12.09 16:22:35.399,11.61169,11.61451,0.00,0.00
2016.12.09 16:22:35.596,11.61152,11.61421,0.00,0.00
2016.12.09 16:22:35.647,11.61158,11.61442,0.00,0.00
2016.12.09 16:22:35.699,11.61152,11.61431,0.00,0.00
2016.12.09 16:22:36.046,11.61242,11.61422,0.00,0.00
2016.12.09 16:22:36.147,11.61242,11.61471,0.00,0.00
2016.12.09 16:22:36.200,11.61259,11.61541,0.00,0.00
2016.12.09 16:22:36.301,11.61268,11.61552,0.00,0.00
2016.12.09 16:22:36.501,11.61248,11.61532,0.00,0.00
2016.12.09 16:22:36.803,11.61228,11.61512,0.00,0.00
2016.12.09 16:22:37.149,11.61171,11.61442,0.00,0.00
2016.12.09 16:22:37.531,11.61189,11.61471,0.00,0.00
2016.12.09 16:22:37.644,11.61171,11.61432,0.00,0.00
2016.12.09 16:22:38.023,11.61161,11.61432,0.00,0.00
2016.12.09 16:22:38.156,11.61179,11.61422,0.00,0.00
2016.12.09 16:22:38.206,11.61188,11.61472,0.00,0.00
2016.12.09 16:22:38.307,11.61199,11.61478,0.00,0.00
2016.12.09 16:22:38.405,11.61162,11.61442,0.00,0.00
2016.12.09 16:22:38.985,11.61201,11.61442,0.00,0.00
2016.12.09 16:22:39.035,11.61179,11.61461,0.00,0.00
2016.12.09 16:22:39.136,11.61198,11.61479,0.00,0.00
2016.12.09 16:22:39.340,11.61188,11.61472,0.00,0.00
2016.12.09 16:22:39.406,11.61161,11.61441,0.00,0.00
2016.12.09 16:22:39.836,11.61161,11.61431,0.00,0.00
2016.12.09 16:22:40.114,11.61161,11.61441,0.00,0.00
2016.12.09 16:22:40.216,11.61161,11.61422,0.00,0.00
2016.12.09 16:22:40.529,11.61169,11.61451,0.00,0.00
2016.12.09 16:22:40.636,11.61161,11.61441,0.00,0.00
2016.12.09 16:22:40.709,11.61178,11.61462,0.00,0.00
2016.12.09 16:22:41.610,11.61161,11.61442,0.00,0.00
2016.12.09 16:22:41.710,11.61168,11.61452,0.00,0.00
2016.12.09 16:22:42.351,11.61161,11.61442,0.00,0.00
2016.12.09 16:22:43.152,11.61179,11.61461,0.00,0.00
2016.12.09 16:22:43.534,11.61168,11.61452,0.00,0.00
2016.12.09 16:22:43.613,11.61161,11.61432,0.00,0.00
2016.12.09 16:22:44.132,11.61169,11.61451,0.00,0.00
2016.12.09 16:22:44.232,11.61161,11.61422,0.00,0.00
2016.12.09 16:22:44.314,11.61161,11.61442,0.00,0.00
2016.12.09 16:22:44.543,11.61168,11.61452,0.00,0.00
2016.12.09 16:22:44.815,11.61161,11.61422,0.00,0.00
2016.12.09 16:22:45.124,11.61138,11.61422,0.00,0.00
2016.12.09 16:22:45.174,11.61152,11.61422,0.00,0.00
2016.12.09 16:22:45.275,11.61189,11.61468,0.00,0.00
2016.12.09 16:22:45.325,11.61152,11.61411,0.00,0.00
2016.12.09 16:22:45.418,11.61158,11.61442,0.00,0.00
2016.12.09 16:22:45.934,11.61152,11.61412,0.00,0.00
2016.12.09 16:22:46.020,11.61152,11.61432,0.00,0.00
2016.12.09 16:22:46.141,11.61161,11.61432,0.00,0.00
2016.12.09 16:22:46.242,11.61168,11.61452,0.00,0.00
2016.12.09 16:22:46.320,11.61188,11.61472,0.00,0.00
2016.12.09 16:22:46.804,11.61178,11.61462,0.00,0.00
2016.12.09 16:22:47.149,11.61241,11.61451,0.00,0.00
2016.12.09 16:22:47.269,11.61259,11.61541,0.00,0.00
2016.12.09 16:22:48.533,11.61241,11.61522,0.00,0.00
2016.12.09 16:22:48.767,11.61259,11.61541,0.00,0.00
2016.12.09 16:22:49.327,11.61248,11.61532,0.00,0.00
2016.12.09 16:22:50.029,11.61241,11.61512,0.00,0.00
2016.12.09 16:22:50.273,11.61241,11.61521,0.00,0.00
2016.12.09 16:22:50.629,11.61239,11.61479,0.00,0.00
2016.12.09 16:22:50.679,11.61208,11.61469,0.00,0.00
2016.12.09 16:22:50.732,11.61198,11.61469,0.00,0.00
2016.12.09 16:22:50.875,11.61129,11.61392,0.00,0.00
2016.12.09 16:22:51.178,11.61151,11.61412,0.00,0.00
2016.12.09 16:22:51.334,11.61151,11.61431,0.00,0.00
2016.12.09 16:22:51.557,11.61159,11.61441,0.00,0.00
2016.12.09 16:22:51.634,11.61168,11.61452,0.00,0.00
2016.12.09 16:22:51.685,11.61229,11.61452,0.00,0.00
2016.12.09 16:22:51.785,11.61161,11.61432,0.00,0.00
2016.12.09 16:22:51.836,11.61179,11.61461,0.00,0.00
2016.12.09 16:22:51.944,11.61161,11.61441,0.00,0.00
2016.12.09 16:22:52.253,11.61178,11.61462,0.00,0.00
2016.12.09 16:22:52.353,11.61199,11.61479,0.00,0.00
2016.12.09 16:22:52.454,11.61179,11.61461,0.00,0.00
2016.12.09 16:22:52.537,11.61161,11.61431,0.00,0.00
2016.12.09 16:22:52.838,11.61161,11.61442,0.00,0.00
2016.12.09 16:22:53.140,11.61241,11.61432,0.00,0.00
2016.12.09 16:22:53.246,11.61241,11.61502,0.00,0.00
2016.12.09 16:22:53.339,11.61241,11.61512,0.00,0.00
2016.12.09 16:22:53.585,11.61241,11.61502,0.00,0.00
2016.12.09 16:22:53.639,11.61241,11.61512,0.00,0.00
2016.12.09 16:22:53.859,11.61241,11.61491,0.00,0.00
2016.12.09 16:22:54.150,11.61241,11.61511,0.00,0.00
2016.12.09 16:22:54.385,11.61241,11.61501,0.00,0.00
2016.12.09 16:22:54.486,11.61241,11.61522,0.00,0.00
2016.12.09 16:22:54.541,11.61241,11.61511,0.00,0.00
2016.12.09 16:22:54.855,11.61241,11.61502,0.00,0.00
2016.12.09 16:22:54.975,11.61241,11.61512,0.00,0.00
2016.12.09 16:22:55.251,11.61241,11.61481,0.00,0.00
2016.12.09 16:22:55.452,11.61241,11.61512,0.00,0.00
2016.12.09 16:22:55.653,11.61241,11.61481,0.00,0.00
2016.12.09 16:22:55.763,11.61241,11.61501,0.00,0.00
2016.12.09 16:22:55.843,11.61241,11.61511,0.00,0.00
2016.12.09 16:22:56.256,11.61241,11.61482,0.00,0.00
2016.12.09 16:22:56.595,11.61262,11.61491,0.00,0.00
2016.12.09 16:22:56.646,11.61269,11.61551,0.00,0.00
2016.12.09 16:22:56.747,11.61262,11.61531,0.00,0.00
2016.12.09 16:22:57.096,11.61262,11.61502,0.00,0.00
2016.12.09 16:22:57.380,11.61262,11.61522,0.00,0.00
2016.12.09 16:22:57.668,11.61262,11.61501,0.00,0.00
2016.12.09 16:22:57.769,11.61262,11.61542,0.00,0.00
2016.12.09 16:22:58.175,11.61262,11.61522,0.00,0.00
2016.12.09 16:22:58.526,11.61262,11.61512,0.00,0.00
2016.12.09 16:22:58.913,11.61262,11.61521,0.00,0.00
2016.12.09 16:22:58.964,11.61262,11.61491,0.00,0.00
2016.12.09 16:22:59.169,11.61262,11.61522,0.00,0.00
2016.12.09 16:22:59.279,11.61262,11.61531,0.00,0.00
2016.12.09 16:22:59.599,11.61262,11.61511,0.00,0.00
2016.12.09 16:22:59.651,11.61262,11.61531,0.00,0.00
2016.12.09 16:22:59.763,11.61262,11.61521,0.00,0.00
2016.12.09 16:23:00.094,11.61262,11.61501,0.00,0.00
2016.12.09 16:23:00.151,11.61262,11.61532,0.00,0.00
2016.12.09 16:23:00.590,11.61262,11.61521,0.00,0.00
2016.12.09 16:23:00.903,11.61262,11.61501,0.00,0.00
2016.12.09 16:23:00.953,11.61262,11.61522,0.00,0.00
2016.12.09 16:23:01.074,11.61248,11.61532,0.00,0.00
2016.12.09 16:23:01.175,11.61242,11.61522,0.00,0.00
2016.12.09 16:23:01.531,11.61242,11.61511,0.00,0.00
2016.12.09 16:23:01.582,11.61242,11.61521,0.00,0.00
2016.12.09 16:23:01.655,11.61242,11.61511,0.00,0.00
2016.12.09 16:23:01.791,11.61261,11.61541,0.00,0.00
2016.12.09 16:23:02.156,11.61261,11.61511,0.00,0.00
2016.12.09 16:23:02.511,11.61261,11.61482,0.00,0.00
2016.12.09 16:23:02.782,11.61261,11.61492,0.00,0.00
2016.12.09 16:23:03.113,11.61252,11.61492,0.00,0.00
2016.12.09 16:23:03.164,11.61252,11.61512,0.00,0.00
2016.12.09 16:23:03.271,11.61228,11.61462,0.00,0.00
2016.12.09 16:23:03.479,11.61161,11.61412,0.00,0.00
2016.12.09 16:23:03.577,11.61152,11.61412,0.00,0.00
2016.12.09 16:23:03.681,11.61152,11.61401,0.00,0.00
2016.12.09 16:23:03.960,11.61159,11.61441,0.00,0.00
2016.12.09 16:23:04.062,11.61141,11.61391,0.00,0.00
2016.12.09 16:23:04.163,11.61141,11.61421,0.00,0.00
2016.12.09 16:23:04.268,11.61141,11.61411,0.00,0.00
2016.12.09 16:23:04.372,11.61148,11.61432,0.00,0.00
2016.12.09 16:23:04.862,11.61141,11.61401,0.00,0.00
2016.12.09 16:23:05.078,11.61141,11.61412,0.00,0.00
2016.12.09 16:23:05.383,11.61149,11.61429,0.00,0.00
2016.12.09 16:23:05.484,11.61102,11.61382,0.00,0.00
2016.12.09 16:23:05.800,11.61152,11.61432,0.00,0.00
2016.12.09 16:23:05.863,11.61159,11.61441,0.00,0.00
2016.12.09 16:23:06.003,11.61152,11.61402,0.00,0.00
2016.12.09 16:23:06.165,11.61152,11.61431,0.00,0.00
2016.12.09 16:23:06.506,11.61152,11.61421,0.00,0.00
2016.12.09 16:23:06.565,11.61152,11.61431,0.00,0.00
2016.12.09 16:23:06.768,11.61118,11.61379,0.00,0.00
2016.12.09 16:23:07.070,11.61052,11.61331,0.00,0.00
2016.12.09 16:23:07.171,11.61078,11.61362,0.00,0.00
2016.12.09 16:23:07.293,11.61052,11.61322,0.00,0.00
2016.12.09 16:23:07.394,11.61101,11.61372,0.00,0.00
2016.12.09 16:23:07.495,11.61088,11.61372,0.00,0.00
2016.12.09 16:23:07.545,11.61102,11.61372,0.00,0.00
2016.12.09 16:23:07.696,11.61148,11.61419,0.00,0.00
2016.12.09 16:23:07.857,11.61152,11.61422,0.00,0.00
2016.12.09 16:23:07.907,11.61159,11.61441,0.00,0.00
2016.12.09 16:23:07.968,11.61152,11.61432,0.00,0.00
2016.12.09 16:23:08.183,11.61159,11.61441,0.00,0.00
2016.12.09 16:23:08.292,11.61168,11.61452,0.00,0.00
2016.12.09 16:23:08.416,11.61152,11.61392,0.00,0.00
2016.12.09 16:23:08.517,11.61161,11.61412,0.00,0.00
2016.12.09 16:23:08.569,11.61178,11.61462,0.00,0.00
2016.12.09 16:23:08.735,11.61252,11.61462,0.00,0.00
2016.12.09 16:23:08.794,11.61252,11.61472,0.00,0.00
2016.12.09 16:23:08.885,11.61252,11.61522,0.00,0.00
2016.12.09 16:23:09.271,11.61252,11.61502,0.00,0.00
2016.12.09 16:23:09.425,11.61252,11.61522,0.00,0.00
2016.12.09 16:23:09.480,11.61252,11.61532,0.00,0.00
2016.12.09 16:23:09.580,11.61258,11.61542,0.00,0.00
2016.12.09 16:23:09.702,11.61268,11.61552,0.00,0.00
2016.12.09 16:23:10.023,11.61228,11.61512,0.00,0.00
2016.12.09 16:23:10.373,11.61212,11.61472,0.00,0.00
2016.12.09 16:23:10.476,11.61168,11.61452,0.00,0.00
2016.12.09 16:23:10.577,11.61162,11.61431,0.00,0.00
2016.12.09 16:23:10.974,11.61162,11.61442,0.00,0.00
2016.12.09 16:23:11.084,11.61178,11.61462,0.00,0.00
2016.12.09 16:23:11.201,11.61162,11.61441,0.00,0.00
2016.12.09 16:23:11.526,11.61162,11.61431,0.00,0.00
2016.12.09 16:23:11.576,11.61169,11.61451,0.00,0.00
2016.12.09 16:23:11.677,11.61162,11.61431,0.00,0.00
2016.12.09 16:23:12.399,11.61178,11.61462,0.00,0.00
2016.12.09 16:23:12.512,11.61162,11.61441,0.00,0.00
2016.12.09 16:23:12.799,11.61241,11.61521,0.00,0.00
2016.12.09 16:23:12.900,11.61241,11.61492,0.00,0.00
2016.12.09 16:23:13.080,11.61249,11.61531,0.00,0.00
2016.12.09 16:23:13.181,11.61208,11.61478,0.00,0.00
2016.12.09 16:23:13.382,11.61069,11.61342,0.00,0.00
2016.12.09 16:23:13.483,11.61062,11.61302,0.00,0.00
2016.12.09 16:23:13.587,11.61062,11.61332,0.00,0.00
2016.12.09 16:23:13.706,11.61062,11.61322,0.00,0.00
2016.12.09 16:23:13.812,11.61062,11.61341,0.00,0.00
2016.12.09 16:23:14.501,11.61062,11.61312,0.00,0.00
2016.12.09 16:23:14.603,11.61062,11.61331,0.00,0.00
2016.12.09 16:23:14.683,11.61062,11.61341,0.00,0.00
2016.12.09 16:23:14.817,11.61062,11.61322,0.00,0.00
2016.12.09 16:23:14.993,11.61062,11.61342,0.00,0.00
2016.12.09 16:23:15.043,11.61142,11.61342,0.00,0.00
2016.12.09 16:23:15.094,11.61142,11.61352,0.00,0.00
2016.12.09 16:23:15.195,11.61142,11.61411,0.00,0.00
2016.12.09 16:23:15.896,11.61142,11.61391,0.00,0.00
2016.12.09 16:23:16.321,11.61142,11.61412,0.00,0.00
2016.12.09 16:23:16.371,11.61202,11.61412,0.00,0.00
2016.12.09 16:23:16.422,11.61202,11.61431,0.00,0.00
2016.12.09 16:23:16.523,11.61202,11.61441,0.00,0.00
2016.12.09 16:23:16.630,11.61188,11.61472,0.00,0.00
2016.12.09 16:23:16.681,11.61188,11.61468,0.00,0.00
2016.12.09 16:23:16.731,11.61159,11.61441,0.00,0.00
2016.12.09 16:23:16.832,11.61152,11.61361,0.00,0.00
2016.12.09 16:23:16.887,11.61152,11.61372,0.00,0.00
2016.12.09 16:23:16.988,11.61152,11.61412,0.00,0.00
2016.12.09 16:23:17.288,11.61152,11.61401,0.00,0.00
2016.12.09 16:23:18.006,11.61141,11.61391,0.00,0.00
2016.12.09 16:23:18.107,11.61141,11.61352,0.00,0.00
2016.12.09 16:23:18.189,11.61141,11.61382,0.00,0.00
2016.12.09 16:23:18.510,11.61141,11.61401,0.00,0.00
2016.12.09 16:23:18.590,11.61141,11.61422,0.00,0.00
2016.12.09 16:23:19.439,11.61141,11.61402,0.00,0.00
2016.12.09 16:23:19.596,11.61079,11.61361,0.00,0.00
2016.12.09 16:23:19.697,11.61061,11.61311,0.00,0.00
2016.12.09 16:23:19.912,11.61069,11.61351,0.00,0.00
2016.12.09 16:23:20.143,11.61061,11.61331,0.00,0.00
2016.12.09 16:23:20.509,11.61061,11.61321,0.00,0.00
2016.12.09 16:23:20.857,11.61142,11.61321,0.00,0.00
2016.12.09 16:23:20.907,11.61142,11.61362,0.00,0.00
2016.12.09 16:23:20.958,11.61078,11.61362,0.00,0.00
2016.12.09 16:23:21.009,11.61108,11.61378,0.00,0.00
2016.12.09 16:23:21.201,11.61078,11.61362,0.00,0.00
2016.12.09 16:23:21.434,11.61062,11.61322,0.00,0.00
2016.12.09 16:23:21.501,11.61069,11.61351,0.00,0.00
2016.12.09 16:23:21.606,11.61062,11.61321,0.00,0.00
2016.12.09 16:23:21.916,11.61062,11.61331,0.00,0.00
2016.12.09 16:23:22.303,11.61062,11.61342,0.00,0.00
2016.12.09 16:23:22.448,11.61062,11.61311,0.00,0.00
2016.12.09 16:23:22.504,11.61062,11.61341,0.00,0.00
2016.12.09 16:23:22.622,11.61062,11.61301,0.00,0.00
2016.12.09 16:23:22.825,11.61062,11.61332,0.00,0.00
2016.12.09 16:23:23.640,11.61062,11.61302,0.00,0.00
2016.12.09 16:23:24.045,11.61062,11.61282,0.00,0.00
2016.12.09 16:23:24.147,11.61062,11.61311,0.00,0.00
2016.12.09 16:23:24.206,11.61062,11.61332,0.00,0.00
2016.12.09 16:23:24.332,11.61062,11.61321,0.00,0.00
2016.12.09 16:23:24.437,11.61062,11.61342,0.00,0.00
2016.12.09 16:23:24.622,11.61062,11.61312,0.00,0.00
2016.12.09 16:23:24.908,11.61062,11.61342,0.00,0.00
2016.12.09 16:23:25.129,11.61062,11.61301,0.00,0.00
2016.12.09 16:23:25.509,11.61062,11.61292,0.00,0.00
2016.12.09 16:23:25.911,11.61,11.61268,0.00,0.00
2016.12.09 16:23:26.012,11.61,11.61212,0.00,0.00
2016.12.09 16:23:26.256,11.61,11.61241,0.00,0.00
2016.12.09 16:23:26.310,11.61,11.61232,0.00,0.00
2016.12.09 16:23:26.445,11.61,11.61241,0.00,0.00
2016.12.09 16:23:26.548,11.61,11.61212,0.00,0.00
2016.12.09 16:23:26.829,11.61,11.61222,0.00,0.00
2016.12.09 16:23:27.030,11.61,11.61242,0.00,0.00
2016.12.09 16:23:27.199,11.61,11.61202,0.00,0.00
2016.12.09 16:23:27.312,11.61,11.61222,0.00,0.00
2016.12.09 16:23:27.420,11.61,11.61202,0.00,0.00
2016.12.09 16:23:27.612,11.61,11.61232,0.00,0.00
2016.12.09 16:23:28.130,11.61,11.61201,0.00,0.00
2016.12.09 16:23:28.236,11.61,11.61222,0.00,0.00
2016.12.09 16:23:28.337,11.61,11.61241,0.00,0.00
2016.12.09 16:23:28.437,11.61,11.61252,0.00,0.00
2016.12.09 16:23:28.493,11.61041,11.61252,0.00,0.00
2016.12.09 16:23:28.544,11.61041,11.61262,0.00,0.00
2016.12.09 16:23:28.645,11.61041,11.61211,0.00,0.00
2016.12.09 16:23:28.765,11.61041,11.61302,0.00,0.00
2016.12.09 16:23:28.816,11.61041,11.61321,0.00,0.00
2016.12.09 16:23:29.125,11.61049,11.61331,0.00,0.00
2016.12.09 16:23:29.235,11.61058,11.61342,0.00,0.00
2016.12.09 16:23:29.453,11.61051,11.61322,0.00,0.00
2016.12.09 16:23:29.933,11.61051,11.61331,0.00,0.00
2016.12.09 16:23:30.444,11.61029,11.61311,0.00,0.00
2016.12.09 16:23:30.544,11.61048,11.61328,0.00,0.00
2016.12.09 16:23:30.863,11.61012,11.61282,0.00,0.00
2016.12.09 16:23:30.913,11.61,11.61279,0.00,0.00
2016.12.09 16:23:31.019,11.61,11.61262,0.00,0.00
2016.12.09 16:23:31.381,11.61,11.61232,0.00,0.00
2016.12.09 16:23:31.432,11.61,11.61242,0.00,0.00
2016.12.09 16:23:31.533,11.61,11.61222,0.00,0.00
2016.12.09 16:23:31.720,11.61,11.61262,0.00,0.00
2016.12.09 16:23:31.926,11.61,11.61272,0.00,0.00
2016.12.09 16:23:32.036,11.61,11.61221,0.00,0.00
2016.12.09 16:23:32.138,11.61,11.61232,0.00,0.00
2016.12.09 16:23:32.311,11.61,11.61261,0.00,0.00
2016.12.09 16:23:32.362,11.61,11.61212,0.00,0.00
2016.12.09 16:23:32.466,11.61,11.61251,0.00,0.00
2016.12.09 16:23:32.570,11.61,11.61261,0.00,0.00
2016.12.09 16:23:32.966,11.61,11.61242,0.00,0.00
2016.12.09 16:23:33.261,11.61,11.61261,0.00,0.00
2016.12.09 16:23:33.323,11.61,11.61211,0.00,0.00
2016.12.09 16:23:33.823,11.61,11.61222,0.00,0.00
2016.12.09 16:23:33.948,11.61,11.61212,0.00,0.00
2016.12.09 16:23:34.052,11.61,11.61222,0.00,0.00
2016.12.09 16:23:34.153,11.61,11.61201,0.00,0.00
2016.12.09 16:23:34.524,11.61,11.61231,0.00,0.00
2016.12.09 16:23:34.624,11.61,11.61201,0.00,0.00
2016.12.09 16:23:34.824,11.61,11.61222,0.00,0.00
2016.12.09 16:23:35.125,11.61,11.61202,0.00,0.00
2016.12.09 16:23:35.525,11.61,11.61221,0.00,0.00
2016.12.09 16:23:35.960,11.61,11.61212,0.00,0.00
2016.12.09 16:23:36.436,11.61,11.61178,0.00,0.00
2016.12.09 16:23:36.828,11.61,11.61141,0.00,0.00
2016.12.09 16:23:37.204,11.61,11.61111,0.00,0.00
2016.12.09 16:23:37.255,11.61,11.61121,0.00,0.00
2016.12.09 16:23:37.359,11.61,11.61112,0.00,0.00
2016.12.09 16:23:37.409,11.60852,11.61112,0.00,0.00
2016.12.09 16:23:37.460,11.60852,11.61122,0.00,0.00
2016.12.09 16:23:37.510,11.60868,11.61122,0.00,0.00
2016.12.09 16:23:37.561,11.60868,11.61131,0.00,0.00
2016.12.09 16:23:37.663,11.60909,11.61178,0.00,0.00
2016.12.09 16:23:37.764,11.60879,11.61161,0.00,0.00
2016.12.09 16:23:37.935,11.60862,11.61131,0.00,0.00
2016.12.09 16:23:38.135,11.60869,11.61151,0.00,0.00
2016.12.09 16:23:38.240,11.60851,11.61092,0.00,0.00
2016.12.09 16:23:38.391,11.60851,11.61121,0.00,0.00
2016.12.09 16:23:38.442,11.60851,11.61101,0.00,0.00
2016.12.09 16:23:38.531,11.60851,11.61122,0.00,0.00
2016.12.09 16:23:38.865,11.60858,11.61142,0.00,0.00
2016.12.09 16:23:39.031,11.60868,11.61152,0.00,0.00
2016.12.09 16:23:39.548,11.60868,11.61091,0.00,0.00
2016.12.09 16:23:39.649,11.60851,11.61091,0.00,0.00
2016.12.09 16:23:39.750,11.60851,11.61112,0.00,0.00
2016.12.09 16:23:39.962,11.60868,11.61152,0.00,0.00
2016.12.09 16:23:40.133,11.60878,11.61162,0.00,0.00
2016.12.09 16:23:40.446,11.60859,11.61141,0.00,0.00
2016.12.09 16:23:40.779,11.60851,11.61122,0.00,0.00
2016.12.09 16:23:40.834,11.60858,11.61142,0.00,0.00
2016.12.09 16:23:40.935,11.60878,11.61162,0.00,0.00
2016.12.09 16:23:41.640,11.60851,11.61122,0.00,0.00
2016.12.09 16:23:41.767,11.60888,11.61169,0.00,0.00
2016.12.09 16:23:41.836,11.60878,11.61162,0.00,0.00
2016.12.09 16:23:42.029,11.60859,11.61141,0.00,0.00
2016.12.09 16:23:42.278,11.60868,11.61152,0.00,0.00
2016.12.09 16:23:42.638,11.60878,11.61162,0.00,0.00
2016.12.09 16:23:42.970,11.60952,11.61182,0.00,0.00
2016.12.09 16:23:43.083,11.60952,11.61191,0.00,0.00
2016.12.09 16:23:43.186,11.60958,11.61242,0.00,0.00
2016.12.09 16:23:43.239,11.60978,11.61262,0.00,0.00
2016.12.09 16:23:43.655,11.61059,11.61341,0.00,0.00
2016.12.09 16:23:43.990,11.61052,11.61302,0.00,0.00
2016.12.09 16:23:44.141,11.61052,11.61322,0.00,0.00
2016.12.09 16:23:44.260,11.61052,11.61331,0.00,0.00
2016.12.09 16:23:44.364,11.61059,11.61341,0.00,0.00
2016.12.09 16:23:44.441,11.61068,11.61352,0.00,0.00
2016.12.09 16:23:44.766,11.61052,11.61312,0.00,0.00
2016.12.09 16:23:44.960,11.61059,11.61341,0.00,0.00
2016.12.09 16:23:45.067,11.61052,11.61322,0.00,0.00
2016.12.09 16:23:45.404,11.61078,11.61362,0.00,0.00
2016.12.09 16:23:45.454,11.61061,11.61311,0.00,0.00
2016.12.09 16:23:45.782,11.61061,11.61302,0.00,0.00
2016.12.09 16:23:45.888,11.61061,11.61342,0.00,0.00
2016.12.09 16:23:46.286,11.61058,11.61342,0.00,0.00
2016.12.09 16:23:46.337,11.61058,11.61318,0.00,0.00
2016.12.09 16:23:46.387,11.61058,11.61342,0.00,0.00
2016.12.09 16:23:46.491,11.61042,11.61311,0.00,0.00
2016.12.09 16:23:47.031,11.61042,11.61312,0.00,0.00
2016.12.09 16:23:47.081,11.61058,11.61342,0.00,0.00
2016.12.09 16:23:47.854,11.61042,11.61312,0.00,0.00
2016.12.09 16:23:48.180,11.61042,11.61322,0.00,0.00
2016.12.09 16:23:48.396,11.61059,11.61341,0.00,0.00
2016.12.09 16:23:48.448,11.61049,11.61331,0.00,0.00
2016.12.09 16:23:48.763,11.61051,11.61272,0.00,0.00
2016.12.09 16:23:48.864,11.61051,11.61292,0.00,0.00
2016.12.09 16:23:49.018,11.61008,11.61292,0.00,0.00
2016.12.09 16:23:49.069,11.61039,11.61292,0.00,0.00
2016.12.09 16:23:49.119,11.61039,11.61318,0.00,0.00
2016.12.09 16:23:49.170,11.61018,11.61302,0.00,0.00
2016.12.09 16:23:49.291,11.61002,11.61261,0.00,0.00
2016.12.09 16:23:49.399,11.61008,11.61292,0.00,0.00
2016.12.09 16:23:49.553,11.61002,11.61272,0.00,0.00
2016.12.09 16:23:49.663,11.61008,11.61292,0.00,0.00
2016.12.09 16:23:49.974,11.61002,11.61262,0.00,0.00
2016.12.09 16:23:50.358,11.61002,11.61271,0.00,0.00
2016.12.09 16:23:50.459,11.61002,11.61262,0.00,0.00
2016.12.09 16:23:50.952,11.61002,11.61271,0.00,0.00
2016.12.09 16:23:51.429,11.60989,11.61271,0.00,0.00
2016.12.09 16:23:51.480,11.60978,11.61262,0.00,0.00
2016.12.09 16:23:51.582,11.60962,11.61222,0.00,0.00
2016.12.09 16:23:51.880,11.60968,11.61252,0.00,0.00
2016.12.09 16:23:51.931,11.61041,11.61252,0.00,0.00
2016.12.09 16:23:51.981,11.61041,11.61272,0.00,0.00
2016.12.09 16:23:52.082,11.61041,11.61322,0.00,0.00
2016.12.09 16:23:52.187,11.61041,11.61312,0.00,0.00
2016.12.09 16:23:52.652,11.61041,11.61292,0.00,0.00
2016.12.09 16:23:52.989,11.61141,11.61282,0.00,0.00
2016.12.09 16:23:53.201,11.61142,11.61401,0.00,0.00
2016.12.09 16:23:53.301,11.61142,11.61392,0.00,0.00
2016.12.09 16:23:53.472,11.61142,11.61411,0.00,0.00
2016.12.09 16:23:53.757,11.61142,11.61392,0.00,0.00
2016.12.09 16:23:53.957,11.61142,11.61401,0.00,0.00
2016.12.09 16:23:54.008,11.61119,11.61379,0.00,0.00
2016.12.09 16:23:54.058,11.61128,11.61379,0.00,0.00
2016.12.09 16:23:54.159,11.61069,11.61351,0.00,0.00
2016.12.09 16:23:54.210,11.61142,11.61351,0.00,0.00
2016.12.09 16:23:54.390,11.61142,11.61371,0.00,0.00
2016.12.09 16:23:54.499,11.61142,11.61411,0.00,0.00
2016.12.09 16:23:54.773,11.61142,11.61382,0.00,0.00
2016.12.09 16:23:55.279,11.61101,11.61382,0.00,0.00
2016.12.09 16:23:55.380,11.61101,11.61372,0.00,0.00
2016.12.09 16:23:55.693,11.61141,11.61391,0.00,0.00
2016.12.09 16:23:55.794,11.61141,11.61411,0.00,0.00
2016.12.09 16:23:55.970,11.61102,11.61381,0.00,0.00
2016.12.09 16:23:56.177,11.61102,11.61362,0.00,0.00
2016.12.09 16:23:56.396,11.61109,11.61391,0.00,0.00
2016.12.09 16:23:56.447,11.61141,11.61391,0.00,0.00
2016.12.09 16:23:56.497,11.61141,11.61412,0.00,0.00
2016.12.09 16:23:56.786,11.61141,11.61401,0.00,0.00
2016.12.09 16:23:56.890,11.61141,11.61412,0.00,0.00
2016.12.09 16:23:57.346,11.61201,11.61412,0.00,0.00
2016.12.09 16:23:57.609,11.61242,11.61492,0.00,0.00
2016.12.09 16:23:57.908,11.61219,11.61501,0.00,0.00
2016.12.09 16:23:57.966,11.61202,11.61472,0.00,0.00
2016.12.09 16:23:58.272,11.61178,11.61462,0.00,0.00
2016.12.09 16:23:58.373,11.61168,11.61452,0.00,0.00
2016.12.09 16:23:58.705,11.61162,11.61412,0.00,0.00
2016.12.09 16:23:59.041,11.61162,11.61402,0.00,0.00
2016.12.09 16:23:59.092,11.61162,11.61432,0.00,0.00
2016.12.09 16:23:59.248,11.61162,11.61422,0.00,0.00
2016.12.09 16:23:59.747,11.61242,11.61421,0.00,0.00
2016.12.09 16:23:59.798,11.61242,11.61432,0.00,0.00
2016.12.09 16:23:59.899,11.61202,11.61482,0.00,0.00
2016.12.09 16:24:00.075,11.61202,11.61452,0.00,0.00
2016.12.09 16:24:00.280,11.61221,11.61492,0.00,0.00
2016.12.09 16:24:00.497,11.61221,11.61452,0.00,0.00
2016.12.09 16:24:00.571,11.61221,11.61472,0.00,0.00
2016.12.09 16:24:01.604,11.61221,11.61461,0.00,0.00
2016.12.09 16:24:01.850,11.61181,11.61461,0.00,0.00
2016.12.09 16:24:01.901,11.61181,11.61452,0.00,0.00
2016.12.09 16:24:02.239,11.61162,11.61402,0.00,0.00
2016.12.09 16:24:02.532,11.61162,11.61432,0.00,0.00
2016.12.09 16:24:02.707,11.61162,11.61441,0.00,0.00
2016.12.09 16:24:02.775,11.61162,11.61432,0.00,0.00
2016.12.09 16:24:02.917,11.61162,11.61442,0.00,0.00
2016.12.09 16:24:03.097,11.61162,11.61412,0.00,0.00
2016.12.09 16:24:03.400,11.61162,11.61442,0.00,0.00
2016.12.09 16:24:03.715,11.61162,11.61412,0.00,0.00
2016.12.09 16:24:04.177,11.61262,11.61412,0.00,0.00
2016.12.09 16:24:04.228,11.61171,11.61452,0.00,0.00
2016.12.09 16:24:04.329,11.61179,11.61461,0.00,0.00
2016.12.09 16:24:04.379,11.61171,11.61452,0.00,0.00
2016.12.09 16:24:04.725,11.61171,11.61412,0.00,0.00
2016.12.09 16:24:05.079,11.61171,11.61442,0.00,0.00
2016.12.09 16:24:05.881,11.61129,11.61328,0.00,0.00
2016.12.09 16:24:05.981,11.61028,11.61289,0.00,0.00
2016.12.09 16:24:06.032,11.61028,11.61312,0.00,0.00
2016.12.09 16:24:06.083,11.61021,11.61261,0.00,0.00
2016.12.09 16:24:06.192,11.61039,11.61321,0.00,0.00
2016.12.09 16:24:06.303,11.61021,11.61272,0.00,0.00
2016.12.09 16:24:06.521,11.60988,11.61272,0.00,0.00
2016.12.09 16:24:06.622,11.60971,11.61251,0.00,0.00
2016.12.09 16:24:07.083,11.60971,11.61241,0.00,0.00
2016.12.09 16:24:07.383,11.60971,11.61252,0.00,0.00
2016.12.09 16:24:07.613,11.61061,11.61271,0.00,0.00
2016.12.09 16:24:07.684,11.61061,11.61341,0.00,0.00
2016.12.09 16:24:08.225,11.61061,11.61342,0.00,0.00
2016.12.09 16:24:09.193,11.61069,11.61351,0.00,0.00
2016.12.09 16:24:09.527,11.61061,11.61341,0.00,0.00
2016.12.09 16:24:09.883,11.61061,11.61321,0.00,0.00
2016.12.09 16:24:10.242,11.61039,11.61288,0.00,0.00
2016.12.09 16:24:10.292,11.61018,11.61288,0.00,0.00
2016.12.09 16:24:10.393,11.60972,11.61241,0.00,0.00
2016.12.09 16:24:10.631,11.60998,11.61282,0.00,0.00
2016.12.09 16:24:10.688,11.60978,11.61262,0.00,0.00
2016.12.09 16:24:11.103,11.60972,11.61241,0.00,0.00
2016.12.09 16:24:11.204,11.60988,11.61272,0.00,0.00
2016.12.09 16:24:11.254,11.61011,11.61272,0.00,0.00
2016.12.09 16:24:11.305,11.61011,11.61291,0.00,0.00
2016.12.09 16:24:11.390,11.61028,11.61312,0.00,0.00
2016.12.09 16:24:12.311,11.61011,11.61281,0.00,0.00
2016.12.09 16:24:12.391,11.61011,11.61292,0.00,0.00
2016.12.09 16:24:12.573,11.61051,11.61281,0.00,0.00
2016.12.09 16:24:12.718,11.61068,11.61352,0.00,0.00
2016.12.09 16:24:13.039,11.61051,11.61312,0.00,0.00
2016.12.09 16:24:13.393,11.61058,11.61342,0.00,0.00
2016.12.09 16:24:14.295,11.61051,11.61332,0.00,0.00
2016.12.09 16:24:14.395,11.61068,11.61352,0.00,0.00
2016.12.09 16:24:14.565,11.61051,11.61312,0.00,0.00
2016.12.09 16:24:14.719,11.61058,11.61342,0.00,0.00
2016.12.09 16:24:15.396,11.61069,11.61351,0.00,0.00
2016.12.09 16:24:15.708,11.61051,11.61321,0.00,0.00
2016.12.09 16:24:15.823,11.61069,11.61351,0.00,0.00
2016.12.09 16:24:16.498,11.61058,11.61342,0.00,0.00
2016.12.09 16:24:16.605,11.61051,11.61321,0.00,0.00
2016.12.09 16:24:16.936,11.61069,11.61351,0.00,0.00
2016.12.09 16:24:17.328,11.61051,11.61332,0.00,0.00
2016.12.09 16:24:17.600,11.61058,11.61342,0.00,0.00
2016.12.09 16:24:17.734,11.61051,11.61301,0.00,0.00
2016.12.09 16:24:18.202,11.61019,11.61301,0.00,0.00
2016.12.09 16:24:18.303,11.60998,11.61282,0.00,0.00
2016.12.09 16:24:18.354,11.61011,11.61282,0.00,0.00
2016.12.09 16:24:18.405,11.61011,11.61291,0.00,0.00
2016.12.09 16:24:18.603,11.61011,11.61282,0.00,0.00
2016.12.09 16:24:18.803,11.61028,11.61312,0.00,0.00
2016.12.09 16:24:18.917,11.61011,11.61282,0.00,0.00
2016.12.09 16:24:19.028,11.61038,11.61322,0.00,0.00
2016.12.09 16:24:19.246,11.61028,11.61312,0.00,0.00
2016.12.09 16:24:19.630,11.61038,11.61322,0.00,0.00
2016.12.09 16:24:19.978,11.61011,11.61281,0.00,0.00
2016.12.09 16:24:20.474,11.61172,11.61281,0.00,0.00
2016.12.09 16:24:20.637,11.61172,11.61311,0.00,0.00
2016.12.09 16:24:20.687,11.61192,11.61311,0.00,0.00
2016.12.09 16:24:20.738,11.61192,11.61421,0.00,0.00
2016.12.09 16:24:20.807,11.61192,11.61471,0.00,0.00
2016.12.09 16:24:20.862,11.61208,11.61471,0.00,0.00
2016.12.09 16:24:21.256,11.61282,11.61522,0.00,0.00
2016.12.09 16:24:21.310,11.61282,11.61532,0.00,0.00
2016.12.09 16:24:21.955,11.61282,11.61522,0.00,0.00
2016.12.09 16:24:22.512,11.61282,11.61502,0.00,0.00
2016.12.09 16:24:22.614,11.61282,11.61511,0.00,0.00
2016.12.09 16:24:22.716,11.61282,11.61502,0.00,0.00
2016.12.09 16:24:22.811,11.61282,11.61541,0.00,0.00
2016.12.09 16:24:23.264,11.61282,11.61552,0.00,0.00
2016.12.09 16:24:24.012,11.61282,11.61531,0.00,0.00
2016.12.09 16:24:24.413,11.61282,11.61512,0.00,0.00
2016.12.09 16:24:25.815,11.61282,11.61542,0.00,0.00
2016.12.09 16:24:26.538,11.61282,11.61532,0.00,0.00
2016.12.09 16:24:26.616,11.61282,11.61542,0.00,0.00
2016.12.09 16:24:26.816,11.61282,11.61511,0.00,0.00
2016.12.09 16:24:27.116,11.61282,11.61531,0.00,0.00
2016.12.09 16:24:27.307,11.61282,11.61542,0.00,0.00
2016.12.09 16:24:27.917,11.61282,11.61531,0.00,0.00
2016.12.09 16:24:28.918,11.61282,11.61552,0.00,0.00
2016.12.09 16:24:29.118,11.61282,11.61532,0.00,0.00
2016.12.09 16:24:29.451,11.61311,11.61511,0.00,0.00
2016.12.09 16:24:29.552,11.61311,11.61542,0.00,0.00
2016.12.09 16:24:30.049,11.61311,11.61532,0.00,0.00
2016.12.09 16:24:30.420,11.61311,11.61552,0.00,0.00
2016.12.09 16:24:30.721,11.61311,11.61532,0.00,0.00
2016.12.09 16:24:31.022,11.61311,11.61512,0.00,0.00
2016.12.09 16:24:31.168,11.61311,11.61522,0.00,0.00
2016.12.09 16:24:31.222,11.61311,11.61532,0.00,0.00
2016.12.09 16:24:31.354,11.61311,11.61512,0.00,0.00
2016.12.09 16:24:31.675,11.61311,11.61501,0.00,0.00
2016.12.09 16:24:31.726,11.61311,11.61532,0.00,0.00
2016.12.09 16:24:31.855,11.61311,11.61542,0.00,0.00
2016.12.09 16:24:33.048,11.61311,11.61532,0.00,0.00
2016.12.09 16:24:33.852,11.61311,11.61512,0.00,0.00
2016.12.09 16:24:34.035,11.61311,11.61532,0.00,0.00
2016.12.09 16:24:34.227,11.61311,11.61552,0.00,0.00
2016.12.09 16:24:34.327,11.61311,11.61542,0.00,0.00
2016.12.09 16:24:34.628,11.61311,11.61502,0.00,0.00
2016.12.09 16:24:34.974,11.61311,11.61512,0.00,0.00
2016.12.09 16:24:35.028,11.61311,11.61502,0.00,0.00
2016.12.09 16:24:35.429,11.61311,11.61512,0.00,0.00
2016.12.09 16:24:35.629,11.61311,11.61521,0.00,0.00
2016.12.09 16:24:35.930,11.61311,11.61512,0.00,0.00
2016.12.09 16:24:36.490,11.61311,11.61492,0.00,0.00
2016.12.09 16:24:36.839,11.61311,11.61512,0.00,0.00
2016.12.09 16:24:36.967,11.61311,11.61502,0.00,0.00
2016.12.09 16:24:37.081,11.61311,11.61512,0.00,0.00
2016.12.09 16:24:37.249,11.61311,11.61531,0.00,0.00
2016.12.09 16:24:37.458,11.61311,11.61492,0.00,0.00
2016.12.09 16:24:37.737,11.61311,11.61511,0.00,0.00
2016.12.09 16:24:37.855,11.61311,11.61481,0.00,0.00
2016.12.09 16:24:37.934,11.61311,11.61501,0.00,0.00
2016.12.09 16:24:38.034,11.61311,11.61521,0.00,0.00
2016.12.09 16:24:38.462,11.61311,11.61501,0.00,0.00
2016.12.09 16:24:38.650,11.61311,11.61512,0.00,0.00
2016.12.09 16:24:38.779,11.61311,11.61532,0.00,0.00
2016.12.09 16:24:40.024,11.61311,11.61521,0.00,0.00
2016.12.09 16:24:40.363,11.61311,11.61532,0.00,0.00
2016.12.09 16:24:40.468,11.61311,11.61492,0.00,0.00
2016.12.09 16:24:40.852,11.61311,11.61532,0.00,0.00
2016.12.09 16:24:40.953,11.61311,11.61521,0.00,0.00
2016.12.09 16:24:41.440,11.61311,11.61502,0.00,0.00
2016.12.09 16:24:41.818,11.61311,11.61492,0.00,0.00
2016.12.09 16:24:41.987,11.61311,11.61512,0.00,0.00
2016.12.09 16:24:42.041,11.61311,11.61522,0.00,0.00
2016.12.09 16:24:42.342,11.61311,11.61511,0.00,0.00
2016.12.09 16:24:42.980,11.61311,11.61502,0.00,0.00
2016.12.09 16:24:43.184,11.61311,11.61531,0.00,0.00
2016.12.09 16:24:43.549,11.61311,11.61522,0.00,0.00
2016.12.09 16:24:43.693,11.61311,11.61532,0.00,0.00
2016.12.09 16:24:43.744,11.61311,11.61521,0.00,0.00
2016.12.09 16:24:43.964,11.61311,11.61532,0.00,0.00
2016.12.09 16:24:44.548,11.61311,11.61511,0.00,0.00
2016.12.09 16:24:44.893,11.61311,11.61521,0.00,0.00
2016.12.09 16:24:44.948,11.61311,11.61502,0.00,0.00
2016.12.09 16:24:45.279,11.61311,11.61491,0.00,0.00
2016.12.09 16:24:45.349,11.61311,11.61532,0.00,0.00
2016.12.09 16:24:45.716,11.61311,11.61492,0.00,0.00
2016.12.09 16:24:45.767,11.61311,11.61532,0.00,0.00
2016.12.09 16:24:46.051,11.61311,11.61522,0.00,0.00
2016.12.09 16:24:46.286,11.61311,11.61531,0.00,0.00
2016.12.09 16:24:46.459,11.61311,11.61521,0.00,0.00
2016.12.09 16:24:47.054,11.61311,11.61502,0.00,0.00
2016.12.09 16:24:47.182,11.61311,11.61531,0.00,0.00
2016.12.09 16:24:47.403,11.61361,11.61531,0.00,0.00
2016.12.09 16:24:47.454,11.61311,11.61531,0.00,0.00
2016.12.09 16:24:47.504,11.61311,11.61511,0.00,0.00
2016.12.09 16:24:47.555,11.61362,11.61571,0.00,0.00
2016.12.09 16:24:47.755,11.61362,11.61542,0.00,0.00
2016.12.09 16:24:47.897,11.61311,11.61542,0.00,0.00
2016.12.09 16:24:47.948,11.61352,11.61542,0.00,0.00
2016.12.09 16:24:47.998,11.61352,11.61571,0.00,0.00
2016.12.09 16:24:48.056,11.61352,11.61542,0.00,0.00
2016.12.09 16:24:48.257,11.61401,11.61612,0.00,0.00
2016.12.09 16:24:48.481,11.61401,11.61581,0.00,0.00
2016.12.09 16:24:48.558,11.61401,11.61632,0.00,0.00
2016.12.09 16:24:48.887,11.61451,11.61632,0.00,0.00
2016.12.09 16:24:49.009,11.61451,11.61652,0.00,0.00
2016.12.09 16:24:49.060,11.61451,11.61632,0.00,0.00
2016.12.09 16:24:49.407,11.61491,11.61662,0.00,0.00
2016.12.09 16:24:49.508,11.61491,11.61682,0.00,0.00
2016.12.09 16:24:49.762,11.61491,11.61702,0.00,0.00
2016.12.09 16:24:49.863,11.61491,11.61682,0.00,0.00
2016.12.09 16:24:50.163,11.61491,11.61701,0.00,0.00
2016.12.09 16:24:50.384,11.61491,11.61682,0.00,0.00
2016.12.09 16:24:50.782,11.61491,11.61701,0.00,0.00
2016.12.09 16:24:50.883,11.61491,11.61722,0.00,0.00
2016.12.09 16:24:51.066,11.61491,11.61711,0.00,0.00
2016.12.09 16:24:51.472,11.61491,11.61701,0.00,0.00
2016.12.09 16:24:52.102,11.61491,11.61681,0.00,0.00
2016.12.09 16:24:52.169,11.61491,11.61721,0.00,0.00
2016.12.09 16:24:52.779,11.61491,11.61711,0.00,0.00
2016.12.09 16:24:53.125,11.61491,11.61682,0.00,0.00
2016.12.09 16:24:54.374,11.61491,11.61692,0.00,0.00
2016.12.09 16:24:54.877,11.61491,11.61702,0.00,0.00
2016.12.09 16:24:55.003,11.61491,11.61721,0.00,0.00
2016.12.09 16:24:55.694,11.61491,11.61691,0.00,0.00
2016.12.09 16:24:55.795,11.61491,11.61702,0.00,0.00
2016.12.09 16:24:55.881,11.61491,11.61722,0.00,0.00
2016.12.09 16:24:56.786,11.61491,11.61742,0.00,0.00
2016.12.09 16:24:57.584,11.61491,11.61712,0.00,0.00
2016.12.09 16:24:57.999,11.61491,11.61742,0.00,0.00
2016.12.09 16:24:58.100,11.61491,11.61721,0.00,0.00
2016.12.09 16:24:59.596,11.61491,11.61741,0.00,0.00
2016.12.09 16:25:00.592,11.61491,11.61722,0.00,0.00
2016.12.09 16:25:00.995,11.61491,11.61701,0.00,0.00
2016.12.09 16:25:01.093,11.61491,11.61722,0.00,0.00
2016.12.09 16:25:01.494,11.61491,11.61742,0.00,0.00
2016.12.09 16:25:01.597,11.61491,11.61681,0.00,0.00
2016.12.09 16:25:02.028,11.61491,11.61702,0.00,0.00
2016.12.09 16:25:02.096,11.61491,11.61732,0.00,0.00
2016.12.09 16:25:02.797,11.61491,11.61721,0.00,0.00
2016.12.09 16:25:03.198,11.61491,11.61742,0.00,0.00
2016.12.09 16:25:03.501,11.61491,11.61711,0.00,0.00
2016.12.09 16:25:03.647,11.61491,11.61741,0.00,0.00
2016.12.09 16:25:04.010,11.61491,11.61721,0.00,0.00
2016.12.09 16:25:04.134,11.61491,11.61742,0.00,0.00
2016.12.09 16:25:04.858,11.61591,11.61742,0.00,0.00
2016.12.09 16:25:04.909,11.61591,11.61752,0.00,0.00
2016.12.09 16:25:05.010,11.61591,11.61821,0.00,0.00
2016.12.09 16:25:05.431,11.61591,11.61791,0.00,0.00
2016.12.09 16:25:05.552,11.61591,11.61832,0.00,0.00
2016.12.09 16:25:05.708,11.61591,11.61821,0.00,0.00
2016.12.09 16:25:05.824,11.61591,11.61842,0.00,0.00
2016.12.09 16:25:05.905,11.61591,11.61852,0.00,0.00
2016.12.09 16:25:06.151,11.61591,11.61842,0.00,0.00
2016.12.09 16:25:06.469,11.61681,11.61922,0.00,0.00
2016.12.09 16:25:06.797,11.61681,11.61882,0.00,0.00
2016.12.09 16:25:07.130,11.61681,11.61901,0.00,0.00
2016.12.09 16:25:07.211,11.61681,11.61912,0.00,0.00
2016.12.09 16:25:07.358,11.61681,11.61872,0.00,0.00
2016.12.09 16:25:07.513,11.61681,11.61881,0.00,0.00
2016.12.09 16:25:07.614,11.61681,11.61891,0.00,0.00
2016.12.09 16:25:07.714,11.61681,11.61952,0.00,0.00
2016.12.09 16:25:07.914,11.61681,11.61932,0.00,0.00
2016.12.09 16:25:08.237,11.61802,11.62061,0.00,0.00
2016.12.09 16:25:08.449,11.61801,11.62022,0.00,0.00
2016.12.09 16:25:08.515,11.61801,11.62051,0.00,0.00
2016.12.09 16:25:08.629,11.61801,11.62012,0.00,0.00
2016.12.09 16:25:09.247,11.61801,11.62032,0.00,0.00
2016.12.09 16:25:09.348,11.61801,11.62052,0.00,0.00
2016.12.09 16:25:09.886,11.61891,11.62042,0.00,0.00
2016.12.09 16:25:09.937,11.61832,11.62092,0.00,0.00
2016.12.09 16:25:10.038,11.61832,11.62111,0.00,0.00
2016.12.09 16:25:10.164,11.61832,11.62082,0.00,0.00
2016.12.09 16:25:10.219,11.61832,11.62112,0.00,0.00
2016.12.09 16:25:10.327,11.61849,11.62131,0.00,0.00
2016.12.09 16:25:10.428,11.61758,11.62032,0.00,0.00
2016.12.09 16:25:10.484,11.61748,11.62032,0.00,0.00
2016.12.09 16:25:10.534,11.61738,11.62022,0.00,0.00
2016.12.09 16:25:10.851,11.61748,11.62032,0.00,0.00
2016.12.09 16:25:11.261,11.61809,11.62091,0.00,0.00
2016.12.09 16:25:11.471,11.61848,11.62132,0.00,0.00
2016.12.09 16:25:11.522,11.61838,11.62122,0.00,0.00
2016.12.09 16:25:11.825,11.61848,11.62132,0.00,0.00
2016.12.09 16:25:12.143,11.61758,11.62042,0.00,0.00
2016.12.09 16:25:12.564,11.61738,11.62022,0.00,0.00
2016.12.09 16:25:12.918,11.61731,11.62011,0.00,0.00
2016.12.09 16:25:13.263,11.61802,11.62031,0.00,0.00
2016.12.09 16:25:13.578,11.61802,11.62021,0.00,0.00
2016.12.09 16:25:13.628,11.61802,11.62052,0.00,0.00
2016.12.09 16:25:13.732,11.61802,11.62012,0.00,0.00
2016.12.09 16:25:13.966,11.61802,11.62022,0.00,0.00
2016.12.09 16:25:14.027,11.61802,11.62002,0.00,0.00
2016.12.09 16:25:14.170,11.61802,11.62012,0.00,0.00
2016.12.09 16:25:14.221,11.61728,11.61988,0.00,0.00
2016.12.09 16:25:14.373,11.61712,11.61932,0.00,0.00
2016.12.09 16:25:14.752,11.61712,11.61921,0.00,0.00
2016.12.09 16:25:15.090,11.61712,11.61901,0.00,0.00
2016.12.09 16:25:15.394,11.61712,11.61892,0.00,0.00
2016.12.09 16:25:15.531,11.61712,11.61902,0.00,0.00
2016.12.09 16:25:15.632,11.61712,11.61961,0.00,0.00
2016.12.09 16:25:15.938,11.61712,11.61932,0.00,0.00
2016.12.09 16:25:16.064,11.61712,11.61961,0.00,0.00
2016.12.09 16:25:16.414,11.61701,11.61961,0.00,0.00
2016.12.09 16:25:16.464,11.61701,11.61942,0.00,0.00
2016.12.09 16:25:16.878,11.61701,11.61932,0.00,0.00
2016.12.09 16:25:17.260,11.61701,11.61912,0.00,0.00
2016.12.09 16:25:18.166,11.61701,11.61942,0.00,0.00
2016.12.09 16:25:18.267,11.61701,11.61961,0.00,0.00
2016.12.09 16:25:18.338,11.61701,11.61942,0.00,0.00
2016.12.09 16:25:18.648,11.61701,11.61932,0.00,0.00
2016.12.09 16:25:18.738,11.61701,11.61942,0.00,0.00
2016.12.09 16:25:18.860,11.61701,11.61931,0.00,0.00
2016.12.09 16:25:19.941,11.61701,11.61941,0.00,0.00
2016.12.09 16:25:20.042,11.61701,11.61921,0.00,0.00
2016.12.09 16:25:20.559,11.61701,11.61932,0.00,0.00
2016.12.09 16:25:20.641,11.61701,11.61951,0.00,0.00
2016.12.09 16:25:21.050,11.61751,11.61971,0.00,0.00
2016.12.09 16:25:21.172,11.61751,11.61992,0.00,0.00
2016.12.09 16:25:21.243,11.61751,11.61962,0.00,0.00
2016.12.09 16:25:21.344,11.61751,11.61971,0.00,0.00
2016.12.09 16:25:21.443,11.61751,11.61992,0.00,0.00
2016.12.09 16:25:21.644,11.61751,11.61982,0.00,0.00
2016.12.09 16:25:21.744,11.61751,11.61991,0.00,0.00
2016.12.09 16:25:22.801,11.61792,11.61991,0.00,0.00
2016.12.09 16:25:22.852,11.61792,11.62001,0.00,0.00
2016.12.09 16:25:22.953,11.61792,11.62011,0.00,0.00
2016.12.09 16:25:24.470,11.61792,11.62002,0.00,0.00
2016.12.09 16:25:25.099,11.61792,11.62021,0.00,0.00
2016.12.09 16:25:25.259,11.61792,11.62031,0.00,0.00
2016.12.09 16:25:25.453,11.61792,11.62021,0.00,0.00
2016.12.09 16:25:26.561,11.61792,11.62002,0.00,0.00
2016.12.09 16:25:27.359,11.61792,11.62021,0.00,0.00
2016.12.09 16:25:27.462,11.61792,11.62012,0.00,0.00
2016.12.09 16:25:27.809,11.61852,11.62111,0.00,0.00
2016.12.09 16:25:27.910,11.61852,11.62102,0.00,0.00
2016.12.09 16:25:28.242,11.61892,11.62102,0.00,0.00
2016.12.09 16:25:28.292,11.61892,11.62122,0.00,0.00
2016.12.09 16:25:28.343,11.61901,11.62122,0.00,0.00
2016.12.09 16:25:28.393,11.61901,11.62132,0.00,0.00
2016.12.09 16:25:28.461,11.61901,11.62141,0.00,0.00
2016.12.09 16:25:29.282,11.61901,11.62111,0.00,0.00
2016.12.09 16:25:29.564,11.61901,11.62132,0.00,0.00
2016.12.09 16:25:29.801,11.61901,11.62142,0.00,0.00
2016.12.09 16:25:30.196,11.61901,11.62112,0.00,0.00
2016.12.09 16:25:30.306,11.61901,11.62152,0.00,0.00
2016.12.09 16:25:30.367,11.61901,11.62091,0.00,0.00
2016.12.09 16:25:30.479,11.61901,11.62111,0.00,0.00
2016.12.09 16:25:30.583,11.61891,11.62132,0.00,0.00
2016.12.09 16:25:30.768,11.61891,11.62091,0.00,0.00
2016.12.09 16:25:30.968,11.61891,11.62122,0.00,0.00
2016.12.09 16:25:31.068,11.61891,11.62102,0.00,0.00
2016.12.09 16:25:31.268,11.61891,11.62112,0.00,0.00
2016.12.09 16:25:31.517,11.61891,11.62101,0.00,0.00
2016.12.09 16:25:31.569,11.61891,11.62111,0.00,0.00
2016.12.09 16:25:31.999,11.61891,11.62082,0.00,0.00
2016.12.09 16:25:32.071,11.61891,11.62112,0.00,0.00
2016.12.09 16:25:32.275,11.61891,11.62141,0.00,0.00
2016.12.09 16:25:32.589,11.61859,11.62141,0.00,0.00
2016.12.09 16:25:32.640,11.61859,11.62132,0.00,0.00
2016.12.09 16:25:32.952,11.61852,11.62081,0.00,0.00
2016.12.09 16:25:33.003,11.61852,11.62111,0.00,0.00
2016.12.09 16:25:33.189,11.61852,11.62082,0.00,0.00
2016.12.09 16:25:33.875,11.61852,11.62092,0.00,0.00
2016.12.09 16:25:33.975,11.61852,11.62112,0.00,0.00
2016.12.09 16:25:34.158,11.61891,11.62112,0.00,0.00
2016.12.09 16:25:34.209,11.61891,11.62121,0.00,0.00
2016.12.09 16:25:34.325,11.61891,11.62141,0.00,0.00
2016.12.09 16:25:34.563,11.61901,11.62141,0.00,0.00
2016.12.09 16:25:34.613,11.61901,11.62162,0.00,0.00
2016.12.09 16:25:34.714,11.61901,11.62181,0.00,0.00
2016.12.09 16:25:34.818,11.61901,11.62162,0.00,0.00
2016.12.09 16:25:35.182,11.61901,11.62141,0.00,0.00
2016.12.09 16:25:35.396,11.61901,11.62162,0.00,0.00
2016.12.09 16:25:35.579,11.61901,11.62131,0.00,0.00
2016.12.09 16:25:35.784,11.61901,11.62151,0.00,0.00
2016.12.09 16:25:35.901,11.61901,11.62131,0.00,0.00
2016.12.09 16:25:36.080,11.61941,11.62191,0.00,0.00
2016.12.09 16:25:36.481,11.61941,11.62182,0.00,0.00
2016.12.09 16:25:36.892,11.61901,11.62161,0.00,0.00
2016.12.09 16:25:36.992,11.61901,11.62132,0.00,0.00
2016.12.09 16:25:37.387,11.61901,11.62161,0.00,0.00
2016.12.09 16:25:37.918,11.61901,11.62132,0.00,0.00
2016.12.09 16:25:38.420,11.61901,11.62141,0.00,0.00
2016.12.09 16:25:38.531,11.61901,11.62112,0.00,0.00
2016.12.09 16:25:38.888,11.61901,11.62102,0.00,0.00
2016.12.09 16:25:39.489,11.61901,11.62112,0.00,0.00
2016.12.09 16:25:39.592,11.61901,11.62092,0.00,0.00
2016.12.09 16:25:40.099,11.61901,11.62112,0.00,0.00
2016.12.09 16:25:40.219,11.61901,11.62132,0.00,0.00
2016.12.09 16:25:40.440,11.61901,11.62111,0.00,0.00
2016.12.09 16:25:40.492,11.61901,11.62131,0.00,0.00
2016.12.09 16:25:40.692,11.61901,11.62122,0.00,0.00
2016.12.09 16:25:40.895,11.61901,11.62142,0.00,0.00
2016.12.09 16:25:41.545,11.61901,11.62131,0.00,0.00
2016.12.09 16:25:41.596,11.61901,11.62151,0.00,0.00
2016.12.09 16:25:41.827,11.61901,11.62142,0.00,0.00
2016.12.09 16:25:41.898,11.61901,11.62161,0.00,0.00
2016.12.09 16:25:42.134,11.61901,11.62131,0.00,0.00
2016.12.09 16:25:42.198,11.61901,11.62162,0.00,0.00
2016.12.09 16:25:42.411,11.61901,11.62152,0.00,0.00
2016.12.09 16:25:42.799,11.61901,11.62172,0.00,0.00
2016.12.09 16:25:43.199,11.61901,11.62142,0.00,0.00
2016.12.09 16:25:43.401,11.61901,11.62161,0.00,0.00
2016.12.09 16:25:43.510,11.61901,11.62152,0.00,0.00
2016.12.09 16:25:43.901,11.61901,11.62122,0.00,0.00
2016.12.09 16:25:44.210,11.61901,11.62141,0.00,0.00
2016.12.09 16:25:44.538,11.61901,11.62122,0.00,0.00
2016.12.09 16:25:44.601,11.61901,11.62161,0.00,0.00
2016.12.09 16:25:44.722,11.61901,11.62132,0.00,0.00
2016.12.09 16:25:45.110,11.61901,11.62141,0.00,0.00
2016.12.09 16:25:45.311,11.61901,11.62122,0.00,0.00
2016.12.09 16:25:45.503,11.61901,11.62142,0.00,0.00
2016.12.09 16:25:45.685,11.61982,11.62142,0.00,0.00
2016.12.09 16:25:45.735,11.61982,11.62161,0.00,0.00
2016.12.09 16:25:45.805,11.61982,11.62202,0.00,0.00
2016.12.09 16:25:45.855,11.62001,11.62202,0.00,0.00
2016.12.09 16:25:45.906,11.62001,11.62211,0.00,0.00
2016.12.09 16:25:46.039,11.62001,11.62222,0.00,0.00
2016.12.09 16:25:46.106,11.62001,11.62242,0.00,0.00
2016.12.09 16:25:46.217,11.62041,11.62242,0.00,0.00
2016.12.09 16:25:46.448,11.62082,11.62312,0.00,0.00
2016.12.09 16:25:46.707,11.62082,11.62301,0.00,0.00
2016.12.09 16:25:46.931,11.62082,11.62322,0.00,0.00
2016.12.09 16:25:47.032,11.62082,11.62331,0.00,0.00
2016.12.09 16:25:47.209,11.62082,11.62301,0.00,0.00
2016.12.09 16:25:47.410,11.62082,11.62342,0.00,0.00
2016.12.09 16:25:47.960,11.62058,11.62271,0.00,0.00
2016.12.09 16:25:48.127,11.61991,11.62232,0.00,0.00
2016.12.09 16:25:48.213,11.61991,11.62222,0.00,0.00
2016.12.09 16:25:48.630,11.61991,11.62201,0.00,0.00
2016.12.09 16:25:49.146,11.61991,11.62222,0.00,0.00
2016.12.09 16:25:49.247,11.61991,11.62192,0.00,0.00
2016.12.09 16:25:49.348,11.61991,11.62222,0.00,0.00
2016.12.09 16:25:49.616,11.61991,11.62212,0.00,0.00
2016.12.09 16:25:49.928,11.61991,11.62191,0.00,0.00
2016.12.09 16:25:50.332,11.61991,11.62202,0.00,0.00
2016.12.09 16:25:50.444,11.61991,11.62222,0.00,0.00
2016.12.09 16:25:50.518,11.61991,11.62202,0.00,0.00
2016.12.09 16:25:51.128,11.61991,11.62222,0.00,0.00
2016.12.09 16:25:52.824,11.61991,11.62231,0.00,0.00
2016.12.09 16:25:53.673,11.61991,11.62221,0.00,0.00
2016.12.09 16:25:53.725,11.61991,11.62251,0.00,0.00
2016.12.09 16:25:53.838,11.61991,11.62262,0.00,0.00
2016.12.09 16:25:54.255,11.61991,11.62232,0.00,0.00
2016.12.09 16:25:54.556,11.62031,11.62281,0.00,0.00
2016.12.09 16:25:54.657,11.62031,11.62292,0.00,0.00
2016.12.09 16:25:54.794,11.62008,11.62279,0.00,0.00
2016.12.09 16:25:54.844,11.61991,11.62261,0.00,0.00
2016.12.09 16:25:55.174,11.62042,11.62251,0.00,0.00
2016.12.09 16:25:55.233,11.62042,11.62302,0.00,0.00
2016.12.09 16:25:55.655,11.62081,11.62272,0.00,0.00
2016.12.09 16:25:55.829,11.62081,11.62322,0.00,0.00
2016.12.09 16:25:56.064,11.62081,11.62302,0.00,0.00
2016.12.09 16:25:56.180,11.62042,11.62292,0.00,0.00
2016.12.09 16:25:56.231,11.62042,11.62282,0.00,0.00
2016.12.09 16:25:56.575,11.62042,11.62302,0.00,0.00
2016.12.09 16:25:56.735,11.62042,11.62261,0.00,0.00
2016.12.09 16:25:57.113,11.61991,11.62261,0.00,0.00
2016.12.09 16:25:57.267,11.61991,11.62232,0.00,0.00
2016.12.09 16:25:57.633,11.61991,11.62262,0.00,0.00
2016.12.09 16:25:58.083,11.61991,11.62222,0.00,0.00
2016.12.09 16:25:58.197,11.61982,11.62222,0.00,0.00
2016.12.09 16:25:58.541,11.61982,11.62242,0.00,0.00
2016.12.09 16:25:58.635,11.61982,11.62231,0.00,0.00
2016.12.09 16:25:59.374,11.61982,11.62222,0.00,0.00
2016.12.09 16:25:59.983,11.61938,11.62172,0.00,0.00
2016.12.09 16:26:00.037,11.61918,11.62172,0.00,0.00
2016.12.09 16:26:00.138,11.61901,11.62152,0.00,0.00
2016.12.09 16:26:00.338,11.61901,11.62172,0.00,0.00
2016.12.09 16:26:00.639,11.61901,11.62152,0.00,0.00
2016.12.09 16:26:00.780,11.61901,11.62161,0.00,0.00
2016.12.09 16:26:00.839,11.61901,11.62172,0.00,0.00
2016.12.09 16:26:00.889,11.61981,11.62182,0.00,0.00
2016.12.09 16:26:01.041,11.61981,11.62232,0.00,0.00
2016.12.09 16:26:01.375,11.61981,11.62222,0.00,0.00
2016.12.09 16:26:01.540,11.61981,11.62232,0.00,0.00
2016.12.09 16:26:01.666,11.61981,11.62222,0.00,0.00
2016.12.09 16:26:02.091,11.61981,11.62201,0.00,0.00
2016.12.09 16:26:02.542,11.61981,11.62212,0.00,0.00
2016.12.09 16:26:02.750,11.62032,11.62212,0.00,0.00
2016.12.09 16:26:02.851,11.61999,11.62232,0.00,0.00
2016.12.09 16:26:02.952,11.62018,11.62269,0.00,0.00
2016.12.09 16:26:03.212,11.61972,11.62231,0.00,0.00
2016.12.09 16:26:03.262,11.61972,11.62212,0.00,0.00
2016.12.09 16:26:03.572,11.61972,11.62201,0.00,0.00
2016.12.09 16:26:03.686,11.61972,11.62231,0.00,0.00
2016.12.09 16:26:04.529,11.61949,11.62219,0.00,0.00
2016.12.09 16:26:04.662,11.61931,11.62182,0.00,0.00
2016.12.09 16:26:04.713,11.61898,11.62172,0.00,0.00
2016.12.09 16:26:04.763,11.61891,11.62152,0.00,0.00
2016.12.09 16:26:05.067,11.61899,11.62172,0.00,0.00
2016.12.09 16:26:05.147,11.61891,11.62151,0.00,0.00
2016.12.09 16:26:05.322,11.61882,11.62151,0.00,0.00
2016.12.09 16:26:05.372,11.61909,11.62168,0.00,0.00
2016.12.09 16:26:05.648,11.61882,11.62151,0.00,0.00
2016.12.09 16:26:05.749,11.61899,11.62169,0.00,0.00
2016.12.09 16:26:05.874,11.61918,11.62169,0.00,0.00
2016.12.09 16:26:05.993,11.61881,11.62151,0.00,0.00
2016.12.09 16:26:06.149,11.61881,11.62161,0.00,0.00
2016.12.09 16:26:06.274,11.61898,11.62169,0.00,0.00
2016.12.09 16:26:06.508,11.61889,11.62169,0.00,0.00
2016.12.09 16:26:06.786,11.61881,11.62141,0.00,0.00
2016.12.09 16:26:07.300,11.61888,11.62169,0.00,0.00
2016.12.09 16:26:07.477,11.61881,11.62162,0.00,0.00
2016.12.09 16:26:07.804,11.61942,11.62142,0.00,0.00
2016.12.09 16:26:07.855,11.61942,11.62171,0.00,0.00
2016.12.09 16:26:07.956,11.61942,11.62202,0.00,0.00
2016.12.09 16:26:08.148,11.61942,11.62212,0.00,0.00
2016.12.09 16:26:09.066,11.61942,11.62192,0.00,0.00
2016.12.09 16:26:09.645,11.61942,11.62172,0.00,0.00
2016.12.09 16:26:09.696,11.61892,11.62171,0.00,0.00
2016.12.09 16:26:09.855,11.61892,11.62141,0.00,0.00
2016.12.09 16:26:10.069,11.61892,11.62171,0.00,0.00
2016.12.09 16:26:10.282,11.61892,11.62162,0.00,0.00
2016.12.09 16:26:10.780,11.61892,11.62171,0.00,0.00
2016.12.09 16:26:10.857,11.61892,11.62142,0.00,0.00
2016.12.09 16:26:11.299,11.61932,11.62142,0.00,0.00
2016.12.09 16:26:11.407,11.61932,11.62152,0.00,0.00
2016.12.09 16:26:11.458,11.61938,11.62218,0.00,0.00
2016.12.09 16:26:11.589,11.61932,11.62212,0.00,0.00
2016.12.09 16:26:12.105,11.61981,11.62212,0.00,0.00
2016.12.09 16:26:12.311,11.61981,11.62231,0.00,0.00
2016.12.09 16:26:13.009,11.61949,11.62168,0.00,0.00
2016.12.09 16:26:13.062,11.61918,11.62168,0.00,0.00
2016.12.09 16:26:13.162,11.61882,11.62152,0.00,0.00
2016.12.09 16:26:13.275,11.61882,11.62141,0.00,0.00
2016.12.09 16:26:13.563,11.61882,11.62152,0.00,0.00
2016.12.09 16:26:13.791,11.61882,11.62141,0.00,0.00
2016.12.09 16:26:13.893,11.61899,11.62168,0.00,0.00
2016.12.09 16:26:14.188,11.61882,11.62141,0.00,0.00
2016.12.09 16:26:14.516,11.61871,11.62122,0.00,0.00
2016.12.09 16:26:14.566,11.61888,11.62159,0.00,0.00
2016.12.09 16:26:14.865,11.61871,11.62141,0.00,0.00
2016.12.09 16:26:14.970,11.61871,11.62151,0.00,0.00
2016.12.09 16:26:15.065,11.61871,11.62142,0.00,0.00
2016.12.09 16:26:16.067,11.61871,11.62151,0.00,0.00
2016.12.09 16:26:16.743,11.61882,11.62122,0.00,0.00
2016.12.09 16:26:16.844,11.61882,11.62131,0.00,0.00
2016.12.09 16:26:16.894,11.61882,11.62122,0.00,0.00
2016.12.09 16:26:16.995,11.61889,11.62159,0.00,0.00
2016.12.09 16:26:17.099,11.61882,11.62159,0.00,0.00
2016.12.09 16:26:17.200,11.61882,11.62132,0.00,0.00
2016.12.09 16:26:17.469,11.61882,11.62152,0.00,0.00
2016.12.09 16:26:17.579,11.61882,11.62122,0.00,0.00
2016.12.09 16:26:17.680,11.61882,11.62142,0.00,0.00
2016.12.09 16:26:17.771,11.61882,11.62122,0.00,0.00
2016.12.09 16:26:17.961,11.61838,11.62118,0.00,0.00
2016.12.09 16:26:18.011,11.61832,11.62112,0.00,0.00
2016.12.09 16:26:18.394,11.61831,11.62092,0.00,0.00
2016.12.09 16:26:18.824,11.61882,11.62111,0.00,0.00
2016.12.09 16:26:18.875,11.61882,11.62122,0.00,0.00
2016.12.09 16:26:18.976,11.61869,11.62079,0.00,0.00
2016.12.09 16:26:19.077,11.61782,11.62062,0.00,0.00
2016.12.09 16:26:19.128,11.61778,11.61968,0.00,0.00
2016.12.09 16:26:19.178,11.61759,11.61968,0.00,0.00
2016.12.09 16:26:19.279,11.61692,11.61968,0.00,0.00
2016.12.09 16:26:19.384,11.61692,11.61962,0.00,0.00
2016.12.09 16:26:19.739,11.61708,11.61968,0.00,0.00
2016.12.09 16:26:19.789,11.61692,11.61968,0.00,0.00
2016.12.09 16:26:19.875,11.61692,11.61962,0.00,0.00
2016.12.09 16:26:20.226,11.61708,11.61968,0.00,0.00
2016.12.09 16:26:20.536,11.61771,11.61992,0.00,0.00
2016.12.09 16:26:20.587,11.61771,11.62001,0.00,0.00
2016.12.09 16:26:20.688,11.61771,11.62051,0.00,0.00
2016.12.09 16:26:21.101,11.61778,11.62059,0.00,0.00
2016.12.09 16:26:21.278,11.61771,11.62021,0.00,0.00
2016.12.09 16:26:21.555,11.61771,11.62041,0.00,0.00
2016.12.09 16:26:22.683,11.61771,11.62022,0.00,0.00
2016.12.09 16:26:23.016,11.61771,11.62031,0.00,0.00
2016.12.09 16:26:23.083,11.61771,11.62052,0.00,0.00
2016.12.09 16:26:23.685,11.61771,11.62022,0.00,0.00
2016.12.09 16:26:23.785,11.61771,11.62032,0.00,0.00
2016.12.09 16:26:23.910,11.61771,11.62052,0.00,0.00
2016.12.09 16:26:24.286,11.61771,11.62022,0.00,0.00
2016.12.09 16:26:24.620,11.61771,11.62031,0.00,0.00
2016.12.09 16:26:25.609,11.61771,11.62022,0.00,0.00
2016.12.09 16:26:25.890,11.61771,11.62052,0.00,0.00
2016.12.09 16:26:26.197,11.61778,11.62059,0.00,0.00
2016.12.09 16:26:26.791,11.61771,11.62052,0.00,0.00
2016.12.09 16:26:27.258,11.61779,11.62059,0.00,0.00
2016.12.09 16:26:27.605,11.61818,11.62069,0.00,0.00
2016.12.09 16:26:27.793,11.61798,11.62069,0.00,0.00
2016.12.09 16:26:27.852,11.61798,11.62072,0.00,0.00
2016.12.09 16:26:28.107,11.61809,11.62072,0.00,0.00
2016.12.09 16:26:28.410,11.61829,11.62072,0.00,0.00
2016.12.09 16:26:28.628,11.61809,11.62072,0.00,0.00
2016.12.09 16:26:30.025,11.61818,11.62072,0.00,0.00
2016.12.09 16:26:30.497,11.61851,11.62102,0.00,0.00
2016.12.09 16:26:30.547,11.61851,11.62122,0.00,0.00
2016.12.09 16:26:30.648,11.61908,11.62172,0.00,0.00
2016.12.09 16:26:31.021,11.61899,11.62172,0.00,0.00
2016.12.09 16:26:31.141,11.61868,11.62152,0.00,0.00
2016.12.09 16:26:31.714,11.61888,11.62172,0.00,0.00
2016.12.09 16:26:32.170,11.61918,11.62172,0.00,0.00
2016.12.09 16:26:32.447,11.61898,11.62172,0.00,0.00
2016.12.09 16:26:32.502,11.61919,11.62172,0.00,0.00
2016.12.09 16:26:32.941,11.61909,11.62172,0.00,0.00
2016.12.09 16:26:33.004,11.61919,11.62172,0.00,0.00
2016.12.09 16:26:33.307,11.61928,11.62172,0.00,0.00
2016.12.09 16:26:34.097,11.61951,11.62212,0.00,0.00
2016.12.09 16:26:34.147,11.61951,11.62182,0.00,0.00
2016.12.09 16:26:34.249,11.62008,11.62259,0.00,0.00
2016.12.09 16:26:34.306,11.61978,11.62259,0.00,0.00
2016.12.09 16:26:34.422,11.62008,11.62259,0.00,0.00
2016.12.09 16:26:34.541,11.61979,11.62259,0.00,0.00
2016.12.09 16:26:34.846,11.61999,11.62259,0.00,0.00
2016.12.09 16:26:35.186,11.62062,11.62311,0.00,0.00
2016.12.09 16:26:35.583,11.62158,11.62442,0.00,0.00
2016.12.09 16:26:35.634,11.62168,11.62452,0.00,0.00
2016.12.09 16:26:35.957,11.62198,11.62421,0.00,0.00
2016.12.09 16:26:36.012,11.62168,11.62421,0.00,0.00
2016.12.09 16:26:36.113,11.62151,11.62391,0.00,0.00
2016.12.09 16:26:36.312,11.62151,11.62412,0.00,0.00
2016.12.09 16:26:36.417,11.62159,11.62441,0.00,0.00
2016.12.09 16:26:36.562,11.62168,11.62452,0.00,0.00
2016.12.09 16:26:37.114,11.62151,11.62422,0.00,0.00
2016.12.09 16:26:37.415,11.62168,11.62452,0.00,0.00
2016.12.09 16:26:37.515,11.62151,11.62422,0.00,0.00
2016.12.09 16:26:37.839,11.62138,11.62421,0.00,0.00
2016.12.09 16:26:37.950,11.62148,11.62421,0.00,0.00
2016.12.09 16:26:38.252,11.62152,11.62422,0.00,0.00
2016.12.09 16:26:38.460,11.62168,11.62452,0.00,0.00
2016.12.09 16:26:38.517,11.62159,11.62441,0.00,0.00
2016.12.09 16:26:38.918,11.62152,11.62431,0.00,0.00
2016.12.09 16:26:39.150,11.62118,11.62399,0.00,0.00
2016.12.09 16:26:39.201,11.62118,11.62371,0.00,0.00
2016.12.09 16:26:39.251,11.62108,11.62371,0.00,0.00
2016.12.09 16:26:39.362,11.62071,11.62342,0.00,0.00
2016.12.09 16:26:39.418,11.62071,11.62351,0.00,0.00
2016.12.09 16:26:39.730,11.62088,11.62371,0.00,0.00
2016.12.09 16:26:40.025,11.62078,11.62362,0.00,0.00
2016.12.09 16:26:40.120,11.62071,11.62351,0.00,0.00
2016.12.09 16:26:41.059,11.62071,11.62332,0.00,0.00
2016.12.09 16:26:41.244,11.62071,11.62352,0.00,0.00
2016.12.09 16:26:41.370,11.62088,11.62371,0.00,0.00
2016.12.09 16:26:41.522,11.62071,11.62352,0.00,0.00
2016.12.09 16:26:41.823,11.62111,11.62352,0.00,0.00
2016.12.09 16:26:41.924,11.62151,11.62401,0.00,0.00
2016.12.09 16:26:42.151,11.62151,11.62421,0.00,0.00
2016.12.09 16:26:42.524,11.62151,11.62412,0.00,0.00
2016.12.09 16:26:42.734,11.62151,11.62421,0.00,0.00
2016.12.09 16:26:43.025,11.62151,11.62402,0.00,0.00
2016.12.09 16:26:43.432,11.62151,11.62392,0.00,0.00
2016.12.09 16:26:43.673,11.62151,11.62421,0.00,0.00
2016.12.09 16:26:43.927,11.62151,11.62432,0.00,0.00
2016.12.09 16:26:44.528,11.62151,11.62412,0.00,0.00
2016.12.09 16:26:44.839,11.62151,11.62422,0.00,0.00
2016.12.09 16:26:44.929,11.62151,11.62402,0.00,0.00
2016.12.09 16:26:45.080,11.62109,11.62371,0.00,0.00
2016.12.09 16:26:45.131,11.62119,11.62371,0.00,0.00
2016.12.09 16:26:45.232,11.62062,11.62342,0.00,0.00
2016.12.09 16:26:45.442,11.62069,11.62351,0.00,0.00
2016.12.09 16:26:45.499,11.62069,11.62322,0.00,0.00
2016.12.09 16:26:45.549,11.62048,11.62322,0.00,0.00
2016.12.09 16:26:45.659,11.62038,11.62322,0.00,0.00
2016.12.09 16:26:45.816,11.62012,11.62291,0.00,0.00
2016.12.09 16:26:45.887,11.62018,11.62302,0.00,0.00
2016.12.09 16:26:46.063,11.62039,11.62321,0.00,0.00
2016.12.09 16:26:46.396,11.62048,11.62332,0.00,0.00
2016.12.09 16:26:46.446,11.62078,11.62348,0.00,0.00
2016.12.09 16:26:46.497,11.62078,11.62359,0.00,0.00
2016.12.09 16:26:46.598,11.62058,11.62342,0.00,0.00
2016.12.09 16:26:46.648,11.62088,11.62359,0.00,0.00
2016.12.09 16:26:46.733,11.62051,11.62332,0.00,0.00
2016.12.09 16:26:46.833,11.62058,11.62342,0.00,0.00
2016.12.09 16:26:46.961,11.62078,11.62359,0.00,0.00
2016.12.09 16:26:47.033,11.62058,11.62342,0.00,0.00
2016.12.09 16:26:47.138,11.62051,11.62331,0.00,0.00
2016.12.09 16:26:47.440,11.62058,11.62342,0.00,0.00
2016.12.09 16:26:47.638,11.62058,11.62322,0.00,0.00
2016.12.09 16:26:47.739,11.62018,11.62302,0.00,0.00
2016.12.09 16:26:47.790,11.62052,11.62302,0.00,0.00
2016.12.09 16:26:47.941,11.62052,11.62321,0.00,0.00
2016.12.09 16:26:48.050,11.62079,11.62361,0.00,0.00
2016.12.09 16:26:48.379,11.62058,11.62342,0.00,0.00
2016.12.09 16:26:48.663,11.62098,11.62371,0.00,0.00
2016.12.09 16:26:48.967,11.62028,11.62312,0.00,0.00
2016.12.09 16:26:49.238,11.62038,11.62322,0.00,0.00
2016.12.09 16:26:49.909,11.62052,11.62322,0.00,0.00
2016.12.09 16:26:49.960,11.62058,11.62342,0.00,0.00
2016.12.09 16:26:50.061,11.62089,11.62358,0.00,0.00
2016.12.09 16:26:50.381,11.62078,11.62358,0.00,0.00
2016.12.09 16:26:50.440,11.62069,11.62351,0.00,0.00
2016.12.09 16:26:50.540,11.62078,11.62358,0.00,0.00
2016.12.09 16:26:50.698,11.62078,11.62362,0.00,0.00
2016.12.09 16:26:50.748,11.62098,11.62372,0.00,0.00
2016.12.09 16:26:50.841,11.62079,11.62361,0.00,0.00
2016.12.09 16:26:50.941,11.62068,11.62352,0.00,0.00
2016.12.09 16:26:51.242,11.62078,11.62362,0.00,0.00
2016.12.09 16:26:51.593,11.62068,11.62352,0.00,0.00
2016.12.09 16:26:51.964,11.62052,11.62321,0.00,0.00
2016.12.09 16:26:52.268,11.62048,11.62272,0.00,0.00
2016.12.09 16:26:52.369,11.61968,11.62221,0.00,0.00
2016.12.09 16:26:52.420,11.61968,11.62199,0.00,0.00
2016.12.09 16:26:52.471,11.61949,11.62199,0.00,0.00
2016.12.09 16:26:52.521,11.61949,11.62171,0.00,0.00
2016.12.09 16:26:52.572,11.61929,11.62171,0.00,0.00
2016.12.09 16:26:52.675,11.61879,11.62161,0.00,0.00
2016.12.09 16:26:52.790,11.61908,11.62171,0.00,0.00
2016.12.09 16:26:52.855,11.61879,11.62161,0.00,0.00
2016.12.09 16:26:52.982,11.61909,11.62171,0.00,0.00
2016.12.09 16:26:53.173,11.61889,11.62171,0.00,0.00
2016.12.09 16:26:53.280,11.61919,11.62171,0.00,0.00
2016.12.09 16:26:53.554,11.61869,11.62151,0.00,0.00
2016.12.09 16:26:53.961,11.61888,11.62171,0.00,0.00
2016.12.09 16:26:54.083,11.61869,11.62151,0.00,0.00
2016.12.09 16:26:54.459,11.61899,11.62171,0.00,0.00
2016.12.09 16:26:54.587,11.61888,11.62171,0.00,0.00
2016.12.09 16:26:54.688,11.61898,11.62171,0.00,0.00
2016.12.09 16:26:55.049,11.61869,11.62151,0.00,0.00
2016.12.09 16:26:55.150,11.61861,11.62141,0.00,0.00
2016.12.09 16:26:55.201,11.61859,11.62141,0.00,0.00
2016.12.09 16:26:56.273,11.61851,11.62122,0.00,0.00
2016.12.09 16:26:56.352,11.61851,11.62132,0.00,0.00
2016.12.09 16:26:56.803,11.61898,11.62171,0.00,0.00
2016.12.09 16:26:57.084,11.61888,11.62171,0.00,0.00
2016.12.09 16:26:57.154,11.61879,11.62161,0.00,0.00
2016.12.09 16:26:57.479,11.61888,11.62171,0.00,0.00
2016.12.09 16:26:57.555,11.61908,11.62171,0.00,0.00
2016.12.09 16:26:57.873,11.61918,11.62171,0.00,0.00
2016.12.09 16:26:58.156,11.61909,11.62171,0.00,0.00
2016.12.09 16:26:58.287,11.61918,11.62171,0.00,0.00
2016.12.09 16:26:58.399,11.61888,11.62171,0.00,0.00
2016.12.09 16:26:58.657,11.61909,11.62171,0.00,0.00
2016.12.09 16:26:59.002,11.61928,11.62172,0.00,0.00
2016.12.09 16:26:59.058,11.61919,11.62172,0.00,0.00
2016.12.09 16:26:59.109,11.61951,11.62172,0.00,0.00
2016.12.09 16:26:59.159,11.61951,11.62222,0.00,0.00
2016.12.09 16:26:59.269,11.61979,11.62261,0.00,0.00
2016.12.09 16:26:59.853,11.62051,11.62261,0.00,0.00
2016.12.09 16:27:00.006,11.62089,11.62371,0.00,0.00
2016.12.09 16:27:00.059,11.62118,11.62371,0.00,0.00
2016.12.09 16:27:00.204,11.62068,11.62352,0.00,0.00
2016.12.09 16:27:00.379,11.62089,11.62371,0.00,0.00
2016.12.09 16:27:00.461,11.62068,11.62352,0.00,0.00
2016.12.09 16:27:00.597,11.62108,11.62371,0.00,0.00
2016.12.09 16:27:00.824,11.62078,11.62362,0.00,0.00
2016.12.09 16:27:00.875,11.62108,11.62371,0.00,0.00
2016.12.09 16:27:01.098,11.62078,11.62362,0.00,0.00
2016.12.09 16:27:01.304,11.62098,11.62371,0.00,0.00
2016.12.09 16:27:01.661,11.62108,11.62371,0.00,0.00
2016.12.09 16:27:02.163,11.62098,11.62372,0.00,0.00
2016.12.09 16:27:02.393,11.62119,11.62372,0.00,0.00
2016.12.09 16:27:02.464,11.62061,11.62342,0.00,0.00
2016.12.09 16:27:02.691,11.62088,11.62372,0.00,0.00
2016.12.09 16:27:02.765,11.62118,11.62372,0.00,0.00
2016.12.09 16:27:02.965,11.62089,11.62371,0.00,0.00
2016.12.09 16:27:03.166,11.62118,11.62372,0.00,0.00
2016.12.09 16:27:03.510,11.62099,11.62372,0.00,0.00
2016.12.09 16:27:04.066,11.62089,11.62371,0.00,0.00
2016.12.09 16:27:04.367,11.62098,11.62372,0.00,0.00
2016.12.09 16:27:04.692,11.62109,11.62372,0.00,0.00
2016.12.09 16:27:04.996,11.62161,11.62402,0.00,0.00
2016.12.09 16:27:05.112,11.62178,11.62462,0.00,0.00
2016.12.09 16:27:05.269,11.62188,11.62471,0.00,0.00
2016.12.09 16:27:05.670,11.62161,11.62442,0.00,0.00
2016.12.09 16:27:05.970,11.62168,11.62452,0.00,0.00
2016.12.09 16:27:06.398,11.62189,11.62471,0.00,0.00
2016.12.09 16:27:06.809,11.62161,11.62431,0.00,0.00
2016.12.09 16:27:06.910,11.62161,11.62441,0.00,0.00
2016.12.09 16:27:07.173,11.62161,11.62432,0.00,0.00
2016.12.09 16:27:07.315,11.62168,11.62452,0.00,0.00
2016.12.09 16:27:07.373,11.62178,11.62462,0.00,0.00
2016.12.09 16:27:07.775,11.62189,11.62471,0.00,0.00
2016.12.09 16:27:08.124,11.62172,11.62442,0.00,0.00
2016.12.09 16:27:08.175,11.62172,11.62451,0.00,0.00
2016.12.09 16:27:08.275,11.62178,11.62462,0.00,0.00
2016.12.09 16:27:08.521,11.62172,11.62452,0.00,0.00
2016.12.09 16:27:08.827,11.62172,11.62442,0.00,0.00
2016.12.09 16:27:09.035,11.62139,11.62418,0.00,0.00
2016.12.09 16:27:09.086,11.62082,11.62361,0.00,0.00
2016.12.09 16:27:09.434,11.62109,11.62372,0.00,0.00
2016.12.09 16:27:09.689,11.62099,11.62372,0.00,0.00
2016.12.09 16:27:09.777,11.62082,11.62361,0.00,0.00
2016.12.09 16:27:10.277,11.62098,11.62372,0.00,0.00
2016.12.09 16:27:11.816,11.62161,11.62382,0.00,0.00
2016.12.09 16:27:11.879,11.62161,11.62422,0.00,0.00
2016.12.09 16:27:11.930,11.62161,11.62441,0.00,0.00
2016.12.09 16:27:12.106,11.62168,11.62452,0.00,0.00
2016.12.09 16:27:12.330,11.62161,11.62442,0.00,0.00
2016.12.09 16:27:12.380,11.62169,11.62451,0.00,0.00
2016.12.09 16:27:12.486,11.62161,11.62411,0.00,0.00
2016.12.09 16:27:12.708,11.62159,11.62419,0.00,0.00
2016.12.09 16:27:12.815,11.62081,11.62361,0.00,0.00
2016.12.09 16:27:13.284,11.62108,11.62392,0.00,0.00
2016.12.09 16:27:13.334,11.62108,11.62371,0.00,0.00
2016.12.09 16:27:13.385,11.62081,11.62361,0.00,0.00
2016.12.09 16:27:13.913,11.62088,11.62371,0.00,0.00
2016.12.09 16:27:13.982,11.62108,11.62371,0.00,0.00
2016.12.09 16:27:14.282,11.62088,11.62371,0.00,0.00
2016.12.09 16:27:15.021,11.62081,11.62361,0.00,0.00
2016.12.09 16:27:15.184,11.62089,11.62371,0.00,0.00
2016.12.09 16:27:15.284,11.62081,11.62362,0.00,0.00
2016.12.09 16:27:15.717,11.62081,11.62351,0.00,0.00
2016.12.09 16:27:15.818,11.62081,11.62362,0.00,0.00
2016.12.09 16:27:16.116,11.62121,11.62362,0.00,0.00
2016.12.09 16:27:16.223,11.62098,11.62382,0.00,0.00
2016.12.09 16:27:16.274,11.62161,11.62372,0.00,0.00
2016.12.09 16:27:16.376,11.62161,11.62412,0.00,0.00
2016.12.09 16:27:16.478,11.62161,11.62422,0.00,0.00
2016.12.09 16:27:16.529,11.62161,11.62442,0.00,0.00
2016.12.09 16:27:16.633,11.62161,11.62392,0.00,0.00
2016.12.09 16:27:16.687,11.62161,11.62401,0.00,0.00
2016.12.09 16:27:16.987,11.62161,11.62431,0.00,0.00
2016.12.09 16:27:17.106,11.62118,11.62402,0.00,0.00
2016.12.09 16:27:17.209,11.62082,11.62361,0.00,0.00
2016.12.09 16:27:17.725,11.62109,11.62372,0.00,0.00
2016.12.09 16:27:17.929,11.62088,11.62372,0.00,0.00
2016.12.09 16:27:18.237,11.62109,11.62372,0.00,0.00
2016.12.09 16:27:18.489,11.62089,11.62371,0.00,0.00
2016.12.09 16:27:18.890,11.62082,11.62362,0.00,0.00
2016.12.09 16:27:19.193,11.62082,11.62352,0.00,0.00
2016.12.09 16:27:19.339,11.62082,11.62362,0.00,0.00
2016.12.09 16:27:19.440,11.62108,11.62372,0.00,0.00
2016.12.09 16:27:19.491,11.62098,11.62372,0.00,0.00
2016.12.09 16:27:20.260,11.62098,11.62382,0.00,0.00
2016.12.09 16:27:20.311,11.62121,11.62401,0.00,0.00
2016.12.09 16:27:20.361,11.62119,11.62401,0.00,0.00
2016.12.09 16:27:20.412,11.62128,11.62371,0.00,0.00
2016.12.09 16:27:20.517,11.62108,11.62371,0.00,0.00
2016.12.09 16:27:20.643,11.62081,11.62342,0.00,0.00
2016.12.09 16:27:20.694,11.62058,11.62322,0.00,0.00
2016.12.09 16:27:20.804,11.62022,11.62291,0.00,0.00
2016.12.09 16:27:21.512,11.62028,11.62312,0.00,0.00
2016.12.09 16:27:21.714,11.62009,11.62272,0.00,0.00
2016.12.09 16:27:22.031,11.61982,11.62232,0.00,0.00
2016.12.09 16:27:22.296,11.61982,11.62241,0.00,0.00
2016.12.09 16:27:23.635,11.61939,11.62221,0.00,0.00
2016.12.09 16:27:23.736,11.61922,11.62191,0.00,0.00
2016.12.09 16:27:23.930,11.61938,11.62221,0.00,0.00
2016.12.09 16:27:24.052,11.61938,11.62172,0.00,0.00
2016.12.09 16:27:24.103,11.61922,11.62172,0.00,0.00
2016.12.09 16:27:24.204,11.61922,11.62191,0.00,0.00
2016.12.09 16:27:24.299,11.61938,11.62221,0.00,0.00
2016.12.09 16:27:24.599,11.61949,11.62221,0.00,0.00
2016.12.09 16:27:24.800,11.61929,11.62211,0.00,0.00
2016.12.09 16:27:25.908,11.61971,11.62202,0.00,0.00
2016.12.09 16:27:26.009,11.61998,11.62272,0.00,0.00
2016.12.09 16:27:26.504,11.61978,11.62262,0.00,0.00
2016.12.09 16:27:26.603,11.61971,11.62242,0.00,0.00
2016.12.09 16:27:27.036,11.61971,11.62221,0.00,0.00
2016.12.09 16:27:27.087,11.61948,11.62221,0.00,0.00
2016.12.09 16:27:27.188,11.61939,11.62171,0.00,0.00
2016.12.09 16:27:27.238,11.61918,11.62171,0.00,0.00
2016.12.09 16:27:27.349,11.61899,11.62171,0.00,0.00
2016.12.09 16:27:27.450,11.61888,11.62171,0.00,0.00
2016.12.09 16:27:27.505,11.61908,11.62171,0.00,0.00
2016.12.09 16:27:27.810,11.61929,11.62171,0.00,0.00
2016.12.09 16:27:28.051,11.61918,11.62171,0.00,0.00
2016.12.09 16:27:28.106,11.61898,11.62171,0.00,0.00
2016.12.09 16:27:28.409,11.61909,11.62171,0.00,0.00
2016.12.09 16:27:28.525,11.61898,11.62171,0.00,0.00
2016.12.09 16:27:29.531,11.61929,11.62171,0.00,0.00
2016.12.09 16:27:29.716,11.61909,11.62171,0.00,0.00
2016.12.09 16:27:30.278,11.61909,11.62191,0.00,0.00
2016.12.09 16:27:30.329,11.61939,11.62219,0.00,0.00
2016.12.09 16:27:30.636,11.61938,11.62172,0.00,0.00
2016.12.09 16:27:30.737,11.61899,11.62172,0.00,0.00
2016.12.09 16:27:30.910,11.61918,11.62172,0.00,0.00
2016.12.09 16:27:31.635,11.61909,11.62172,0.00,0.00
2016.12.09 16:27:31.736,11.61898,11.62172,0.00,0.00
2016.12.09 16:27:32.040,11.61908,11.62172,0.00,0.00
2016.12.09 16:27:32.814,11.61928,11.62172,0.00,0.00
2016.12.09 16:27:33.031,11.61919,11.62172,0.00,0.00
2016.12.09 16:27:33.132,11.61919,11.62201,0.00,0.00
2016.12.09 16:27:33.226,11.61908,11.62172,0.00,0.00
2016.12.09 16:27:33.521,11.61899,11.62172,0.00,0.00
2016.12.09 16:27:33.724,11.61919,11.62172,0.00,0.00
2016.12.09 16:27:33.816,11.61888,11.62172,0.00,0.00
2016.12.09 16:27:33.917,11.61898,11.62172,0.00,0.00
2016.12.09 16:27:34.020,11.61882,11.62162,0.00,0.00
2016.12.09 16:27:34.116,11.61909,11.62172,0.00,0.00
2016.12.09 16:27:34.362,11.61899,11.62172,0.00,0.00
2016.12.09 16:27:36.147,11.61889,11.62171,0.00,0.00
2016.12.09 16:27:36.220,11.61882,11.62162,0.00,0.00
2016.12.09 16:27:36.520,11.61888,11.62172,0.00,0.00
2016.12.09 16:27:39.358,11.61888,11.62099,0.00,0.00
2016.12.09 16:27:39.559,11.61761,11.62022,0.00,0.00
2016.12.09 16:27:39.624,11.61761,11.62011,0.00,0.00
2016.12.09 16:27:39.725,11.61768,11.62052,0.00,0.00
2016.12.09 16:27:39.925,11.61761,11.62022,0.00,0.00
2016.12.09 16:27:40.026,11.61768,11.62052,0.00,0.00
2016.12.09 16:27:40.226,11.61761,11.62041,0.00,0.00
2016.12.09 16:27:40.601,11.61759,11.61999,0.00,0.00
2016.12.09 16:27:40.843,11.61688,11.61971,0.00,0.00
2016.12.09 16:27:40.897,11.61688,11.61909,0.00,0.00
2016.12.09 16:27:40.948,11.61679,11.61909,0.00,0.00
2016.12.09 16:27:40.998,11.61679,11.61872,0.00,0.00
2016.12.09 16:27:41.049,11.61598,11.61872,0.00,0.00
2016.12.09 16:27:41.127,11.61609,11.61872,0.00,0.00
2016.12.09 16:27:41.357,11.61599,11.61872,0.00,0.00
2016.12.09 16:27:41.735,11.61618,11.61872,0.00,0.00
2016.12.09 16:27:42.046,11.61608,11.61872,0.00,0.00
2016.12.09 16:27:42.149,11.61578,11.61862,0.00,0.00
2016.12.09 16:27:42.718,11.61578,11.61822,0.00,0.00
2016.12.09 16:27:42.872,11.61568,11.61852,0.00,0.00
2016.12.09 16:27:42.932,11.61562,11.61832,0.00,0.00
2016.12.09 16:27:43.032,11.61588,11.61872,0.00,0.00
2016.12.09 16:27:43.137,11.61638,11.61872,0.00,0.00
2016.12.09 16:27:43.469,11.61649,11.61872,0.00,0.00
2016.12.09 16:27:44.044,11.61619,11.61872,0.00,0.00
2016.12.09 16:27:44.094,11.61651,11.61901,0.00,0.00
2016.12.09 16:27:44.145,11.61651,11.61922,0.00,0.00
2016.12.09 16:27:44.196,11.61651,11.61932,0.00,0.00
2016.12.09 16:27:44.246,11.61668,11.61899,0.00,0.00
2016.12.09 16:27:44.536,11.61619,11.61872,0.00,0.00
2016.12.09 16:27:44.744,11.61628,11.61872,0.00,0.00
2016.12.09 16:27:45.160,11.61619,11.61872,0.00,0.00
2016.12.09 16:27:45.265,11.61648,11.61872,0.00,0.00
2016.12.09 16:27:46.074,11.61648,11.61899,0.00,0.00
2016.12.09 16:27:46.125,11.61651,11.61921,0.00,0.00
2016.12.09 16:27:46.175,11.61668,11.61921,0.00,0.00
2016.12.09 16:27:46.276,11.61699,11.61971,0.00,0.00
2016.12.09 16:27:46.340,11.61748,11.61971,0.00,0.00
2016.12.09 16:27:46.543,11.61738,11.61971,0.00,0.00
2016.12.09 16:27:47.141,11.61739,11.61971,0.00,0.00
2016.12.09 16:27:47.192,11.61761,11.62022,0.00,0.00
2016.12.09 16:27:47.292,11.61761,11.62072,0.00,0.00
2016.12.09 16:27:47.415,11.61788,11.62072,0.00,0.00
2016.12.09 16:27:47.642,11.61779,11.62072,0.00,0.00
2016.12.09 16:27:48.143,11.61799,11.62072,0.00,0.00
2016.12.09 16:27:48.863,11.61798,11.62072,0.00,0.00
2016.12.09 16:27:49.145,11.61769,11.62072,0.00,0.00
2016.12.09 16:27:49.288,11.61761,11.62072,0.00,0.00
2016.12.09 16:27:49.341,11.61761,11.62021,0.00,0.00
2016.12.09 16:27:49.546,11.61689,11.61971,0.00,0.00
2016.12.09 16:27:49.662,11.61698,11.61971,0.00,0.00
2016.12.09 16:27:49.996,11.61708,11.61971,0.00,0.00
2016.12.09 16:27:50.247,11.61688,11.61971,0.00,0.00
2016.12.09 16:27:50.669,11.61709,11.61971,0.00,0.00
2016.12.09 16:27:50.886,11.61688,11.61971,0.00,0.00
2016.12.09 16:27:51.148,11.61698,11.61971,0.00,0.00
2016.12.09 16:27:51.450,11.61738,11.61971,0.00,0.00
2016.12.09 16:27:51.573,11.61738,11.62008,0.00,0.00
2016.12.09 16:27:51.674,11.61759,11.62009,0.00,0.00
2016.12.09 16:27:51.996,11.61698,11.61972,0.00,0.00
2016.12.09 16:27:52.161,11.61698,11.61982,0.00,0.00
2016.12.09 16:27:52.211,11.61752,11.61982,0.00,0.00
2016.12.09 16:27:52.262,11.61752,11.62021,0.00,0.00
2016.12.09 16:27:52.363,11.61778,11.62062,0.00,0.00
2016.12.09 16:27:52.457,11.61788,11.62022,0.00,0.00
2016.12.09 16:27:52.658,11.61738,11.62022,0.00,0.00
2016.12.09 16:27:52.772,11.61728,11.62012,0.00,0.00
2016.12.09 16:27:53.108,11.61748,11.62022,0.00,0.00
2016.12.09 16:27:53.298,11.61761,11.62042,0.00,0.00
2016.12.09 16:27:53.353,11.61779,11.62061,0.00,0.00
2016.12.09 16:27:53.555,11.61761,11.62031,0.00,0.00
2016.12.09 16:27:53.786,11.61768,11.62052,0.00,0.00
2016.12.09 16:27:54.109,11.61789,11.62071,0.00,0.00
2016.12.09 16:27:54.456,11.61761,11.62032,0.00,0.00
2016.12.09 16:27:54.631,11.61748,11.62031,0.00,0.00
2016.12.09 16:27:54.681,11.61758,11.62031,0.00,0.00
2016.12.09 16:27:55.004,11.61779,11.62061,0.00,0.00
2016.12.09 16:27:55.059,11.61762,11.62032,0.00,0.00
2016.12.09 16:27:55.175,11.61768,11.62052,0.00,0.00
2016.12.09 16:27:55.279,11.61762,11.62032,0.00,0.00
2016.12.09 16:27:55.393,11.61799,11.62081,0.00,0.00
2016.12.09 16:27:55.460,11.61762,11.62041,0.00,0.00
2016.12.09 16:27:55.611,11.61759,11.62041,0.00,0.00
2016.12.09 16:27:55.718,11.61751,11.62021,0.00,0.00
2016.12.09 16:27:55.769,11.61788,11.62072,0.00,0.00
2016.12.09 16:27:55.906,11.61818,11.62082,0.00,0.00
2016.12.09 16:27:56.171,11.61799,11.62081,0.00,0.00
2016.12.09 16:27:56.222,11.61821,11.62081,0.00,0.00
2016.12.09 16:27:56.272,11.61839,11.62121,0.00,0.00
2016.12.09 16:27:56.447,11.61839,11.62081,0.00,0.00
2016.12.09 16:27:56.598,11.61808,11.62081,0.00,0.00
2016.12.09 16:27:56.664,11.61771,11.62052,0.00,0.00
2016.12.09 16:27:56.992,11.61808,11.62081,0.00,0.00
2016.12.09 16:27:57.184,11.61788,11.62072,0.00,0.00
2016.12.09 16:27:57.304,11.61771,11.62052,0.00,0.00
2016.12.09 16:27:57.567,11.61798,11.62081,0.00,0.00
2016.12.09 16:27:57.692,11.61778,11.62062,0.00,0.00
2016.12.09 16:27:58.211,11.61798,11.62081,0.00,0.00
2016.12.09 16:27:58.546,11.61819,11.62101,0.00,0.00
2016.12.09 16:27:58.870,11.61771,11.62052,0.00,0.00
2016.12.09 16:27:59.471,11.61779,11.62061,0.00,0.00
2016.12.09 16:28:00.004,11.61799,11.62081,0.00,0.00
2016.12.09 16:28:00.274,11.61788,11.62072,0.00,0.00
2016.12.09 16:28:00.375,11.61818,11.62082,0.00,0.00
2016.12.09 16:28:00.478,11.61789,11.62071,0.00,0.00
2016.12.09 16:28:01.324,11.61798,11.62082,0.00,0.00
2016.12.09 16:28:01.577,11.61779,11.62061,0.00,0.00
2016.12.09 16:28:01.897,11.61771,11.62052,0.00,0.00
2016.12.09 16:28:01.998,11.61789,11.62071,0.00,0.00
2016.12.09 16:28:02.315,11.61778,11.62062,0.00,0.00
2016.12.09 16:28:02.379,11.61771,11.62052,0.00,0.00
2016.12.09 16:28:02.579,11.61779,11.62061,0.00,0.00
2016.12.09 16:28:02.762,11.61798,11.62081,0.00,0.00
2016.12.09 16:28:02.813,11.61809,11.62081,0.00,0.00
2016.12.09 16:28:02.881,11.61799,11.62081,0.00,0.00
2016.12.09 16:28:02.982,11.61808,11.62081,0.00,0.00
2016.12.09 16:28:03.293,11.61822,11.62101,0.00,0.00
2016.12.09 16:28:03.344,11.61861,11.62101,0.00,0.00
2016.12.09 16:28:03.395,11.61869,11.62151,0.00,0.00
2016.12.09 16:28:03.582,11.61879,11.62161,0.00,0.00
2016.12.09 16:28:03.958,11.61889,11.62171,0.00,0.00
2016.12.09 16:28:04.314,11.61869,11.62151,0.00,0.00
2016.12.09 16:28:04.584,11.61888,11.62172,0.00,0.00
2016.12.09 16:28:04.685,11.61899,11.62181,0.00,0.00
2016.12.09 16:28:04.936,11.61848,11.62131,0.00,0.00
2016.12.09 16:28:04.987,11.61839,11.62121,0.00,0.00
2016.12.09 16:28:05.309,11.61868,11.62152,0.00,0.00
2016.12.09 16:28:05.387,11.61899,11.62181,0.00,0.00
2016.12.09 16:28:05.717,11.61919,11.62182,0.00,0.00
2016.12.09 16:28:05.932,11.61909,11.62182,0.00,0.00
2016.12.09 16:28:05.990,11.61919,11.62182,0.00,0.00
2016.12.09 16:28:06.291,11.61908,11.62182,0.00,0.00
2016.12.09 16:28:07.037,11.61928,11.62182,0.00,0.00
2016.12.09 16:28:07.094,11.61888,11.62172,0.00,0.00
2016.12.09 16:28:07.220,11.61929,11.62182,0.00,0.00
2016.12.09 16:28:07.596,11.61938,11.62182,0.00,0.00
2016.12.09 16:28:07.703,11.61918,11.62182,0.00,0.00
2016.12.09 16:28:07.838,11.61928,11.62182,0.00,0.00
2016.12.09 16:28:08.177,11.62008,11.62232,0.00,0.00
2016.12.09 16:28:08.244,11.62008,11.62281,0.00,0.00
2016.12.09 16:28:08.447,11.61998,11.62281,0.00,0.00
2016.12.09 16:28:08.497,11.62022,11.62282,0.00,0.00
2016.12.09 16:28:08.551,11.62022,11.62302,0.00,0.00
2016.12.09 16:28:08.652,11.62029,11.62282,0.00,0.00
2016.12.09 16:28:08.821,11.62019,11.62282,0.00,0.00
2016.12.09 16:28:08.949,11.61988,11.62272,0.00,0.00
2016.12.09 16:28:09.426,11.62018,11.62282,0.00,0.00
2016.12.09 16:28:09.501,11.61999,11.62281,0.00,0.00
2016.12.09 16:28:09.737,11.61979,11.62261,0.00,0.00
2016.12.09 16:28:09.926,11.62008,11.62292,0.00,0.00
2016.12.09 16:28:09.977,11.62008,11.62282,0.00,0.00
2016.12.09 16:28:10.202,11.61988,11.62272,0.00,0.00
2016.12.09 16:28:10.436,11.62008,11.62282,0.00,0.00
2016.12.09 16:28:10.502,11.61989,11.62271,0.00,0.00
2016.12.09 16:28:10.553,11.62011,11.62271,0.00,0.00
2016.12.09 16:28:10.730,11.62048,11.62331,0.00,0.00
2016.12.09 16:28:11.103,11.62018,11.62302,0.00,0.00
2016.12.09 16:28:11.203,11.62039,11.62321,0.00,0.00
2016.12.09 16:28:11.506,11.62049,11.62282,0.00,0.00
2016.12.09 16:28:11.607,11.62011,11.62272,0.00,0.00
2016.12.09 16:28:11.708,11.62051,11.62281,0.00,0.00
2016.12.09 16:28:11.809,11.62069,11.62351,0.00,0.00
2016.12.09 16:28:11.917,11.62098,11.62382,0.00,0.00
2016.12.09 16:28:12.042,11.62118,11.62382,0.00,0.00
2016.12.09 16:28:12.494,11.62129,11.62382,0.00,0.00
2016.12.09 16:28:12.606,11.62098,11.62382,0.00,0.00
2016.12.09 16:28:12.806,11.62128,11.62382,0.00,0.00
2016.12.09 16:28:13.730,11.62098,11.62382,0.00,0.00
2016.12.09 16:28:13.911,11.62118,11.62399,0.00,0.00
2016.12.09 16:28:14.237,11.62088,11.62372,0.00,0.00
2016.12.09 16:28:14.376,11.62098,11.62381,0.00,0.00
2016.12.09 16:28:14.705,11.62118,11.62381,0.00,0.00
2016.12.09 16:28:14.813,11.62099,11.62381,0.00,0.00
2016.12.09 16:28:14.941,11.62119,11.62398,0.00,0.00
2016.12.09 16:28:15.259,11.62129,11.62381,0.00,0.00
2016.12.09 16:28:15.415,11.62108,11.62381,0.00,0.00
2016.12.09 16:28:15.511,11.62118,11.62381,0.00,0.00
2016.12.09 16:28:15.611,11.62089,11.62371,0.00,0.00
2016.12.09 16:28:16.108,11.62112,11.62371,0.00,0.00
2016.12.09 16:28:16.159,11.62089,11.62371,0.00,0.00
2016.12.09 16:28:16.263,11.62108,11.62382,0.00,0.00
2016.12.09 16:28:16.621,11.62058,11.62342,0.00,0.00
2016.12.09 16:28:17.035,11.62088,11.62372,0.00,0.00
2016.12.09 16:28:17.365,11.62062,11.62342,0.00,0.00
2016.12.09 16:28:17.515,11.62089,11.62371,0.00,0.00
2016.12.09 16:28:17.617,11.62062,11.62341,0.00,0.00
2016.12.09 16:28:18.316,11.62078,11.62362,0.00,0.00
2016.12.09 16:28:20.319,11.62062,11.62341,0.00,0.00
2016.12.09 16:28:20.820,11.62069,11.62351,0.00,0.00
2016.12.09 16:28:20.920,11.62089,11.62371,0.00,0.00
2016.12.09 16:28:21.220,11.62068,11.62352,0.00,0.00
2016.12.09 16:28:22.431,11.62088,11.62372,0.00,0.00
2016.12.09 16:28:22.756,11.62062,11.62342,0.00,0.00
2016.12.09 16:28:22.823,11.62068,11.62352,0.00,0.00
2016.12.09 16:28:23.330,11.62088,11.62372,0.00,0.00
2016.12.09 16:28:23.713,11.62119,11.62382,0.00,0.00
2016.12.09 16:28:23.864,11.62109,11.62382,0.00,0.00
2016.12.09 16:28:23.966,11.62129,11.62382,0.00,0.00
2016.12.09 16:28:24.361,11.62108,11.62382,0.00,0.00
2016.12.09 16:28:24.464,11.62109,11.62388,0.00,0.00
2016.12.09 16:28:24.514,11.62151,11.62392,0.00,0.00
2016.12.09 16:28:24.667,11.62199,11.62481,0.00,0.00
2016.12.09 16:28:25.027,11.62171,11.62452,0.00,0.00
2016.12.09 16:28:25.128,11.62189,11.62471,0.00,0.00
2016.12.09 16:28:25.650,11.62251,11.62462,0.00,0.00
2016.12.09 16:28:25.751,11.62251,11.62502,0.00,0.00
2016.12.09 16:28:25.862,11.62268,11.62552,0.00,0.00
2016.12.09 16:28:25.913,11.62282,11.62552,0.00,0.00
2016.12.09 16:28:26.129,11.62288,11.62572,0.00,0.00
2016.12.09 16:28:26.552,11.62282,11.62541,0.00,0.00
2016.12.09 16:28:26.732,11.62289,11.62571,0.00,0.00
2016.12.09 16:28:27.044,11.62308,11.62582,0.00,0.00
2016.12.09 16:28:27.365,11.62371,11.62601,0.00,0.00
2016.12.09 16:28:27.466,11.62378,11.62662,0.00,0.00
2016.12.09 16:28:27.567,11.62389,11.62671,0.00,0.00
2016.12.09 16:28:27.906,11.62398,11.62679,0.00,0.00
2016.12.09 16:28:28.175,11.62388,11.62672,0.00,0.00
2016.12.09 16:28:28.357,11.62371,11.62652,0.00,0.00
2016.12.09 16:28:28.698,11.62371,11.62641,0.00,0.00
2016.12.09 16:28:28.974,11.62388,11.62672,0.00,0.00
2016.12.09 16:28:29.135,11.62378,11.62662,0.00,0.00
2016.12.09 16:28:29.448,11.62348,11.62582,0.00,0.00
2016.12.09 16:28:29.750,11.62372,11.62641,0.00,0.00
2016.12.09 16:28:29.837,11.62372,11.62651,0.00,0.00
2016.12.09 16:28:30.249,11.62378,11.62662,0.00,0.00
2016.12.09 16:28:30.364,11.62372,11.62632,0.00,0.00
2016.12.09 16:28:30.437,11.62372,11.62651,0.00,0.00
2016.12.09 16:28:30.488,11.62381,11.62651,0.00,0.00
2016.12.09 16:28:30.541,11.62381,11.62662,0.00,0.00
2016.12.09 16:28:30.838,11.62381,11.62641,0.00,0.00
2016.12.09 16:28:30.979,11.62388,11.62672,0.00,0.00
2016.12.09 16:28:31.268,11.62398,11.62679,0.00,0.00
2016.12.09 16:28:31.580,11.62409,11.62679,0.00,0.00
2016.12.09 16:28:31.685,11.62381,11.62652,0.00,0.00
2016.12.09 16:28:31.981,11.62398,11.62662,0.00,0.00
2016.12.09 16:28:32.289,11.62382,11.62662,0.00,0.00
2016.12.09 16:28:32.390,11.62382,11.62642,0.00,0.00
2016.12.09 16:28:32.770,11.62399,11.62679,0.00,0.00
2016.12.09 16:28:33.183,11.62399,11.62641,0.00,0.00
2016.12.09 16:28:33.242,11.62399,11.62661,0.00,0.00
2016.12.09 16:28:33.343,11.62398,11.62679,0.00,0.00
2016.12.09 16:28:33.542,11.62381,11.62652,0.00,0.00
2016.12.09 16:28:33.854,11.62381,11.62632,0.00,0.00
2016.12.09 16:28:34.199,11.62388,11.62672,0.00,0.00
2016.12.09 16:28:35.045,11.62381,11.62661,0.00,0.00
2016.12.09 16:28:35.838,11.62379,11.62628,0.00,0.00
2016.12.09 16:28:35.889,11.62358,11.62628,0.00,0.00
2016.12.09 16:28:36.015,11.62328,11.62589,0.00,0.00
2016.12.09 16:28:36.066,11.62298,11.62582,0.00,0.00
2016.12.09 16:28:36.117,11.62331,11.62582,0.00,0.00
2016.12.09 16:28:36.167,11.62319,11.62589,0.00,0.00
2016.12.09 16:28:36.268,11.62298,11.62582,0.00,0.00
2016.12.09 16:28:36.447,11.62308,11.62589,0.00,0.00
2016.12.09 16:28:36.778,11.62271,11.62541,0.00,0.00
2016.12.09 16:28:36.849,11.62271,11.62551,0.00,0.00
2016.12.09 16:28:36.974,11.62278,11.62562,0.00,0.00
2016.12.09 16:28:37.279,11.62271,11.62552,0.00,0.00
2016.12.09 16:28:37.617,11.62271,11.62541,0.00,0.00
2016.12.09 16:28:37.895,11.62199,11.62481,0.00,0.00
2016.12.09 16:28:38.150,11.62238,11.62488,0.00,0.00
2016.12.09 16:28:38.265,11.62208,11.62478,0.00,0.00
2016.12.09 16:28:38.366,11.62239,11.62478,0.00,0.00
2016.12.09 16:28:38.551,11.62198,11.62478,0.00,0.00
2016.12.09 16:28:39.198,11.62219,11.62478,0.00,0.00
2016.12.09 16:28:39.459,11.62188,11.62472,0.00,0.00
2016.12.09 16:28:39.868,11.62248,11.62478,0.00,0.00
2016.12.09 16:28:40.078,11.62239,11.62478,0.00,0.00
2016.12.09 16:28:40.191,11.62208,11.62478,0.00,0.00
2016.12.09 16:28:40.303,11.62198,11.62478,0.00,0.00
2016.12.09 16:28:40.984,11.62208,11.62478,0.00,0.00
2016.12.09 16:28:41.313,11.62219,11.62478,0.00,0.00
2016.12.09 16:28:41.476,11.62209,11.62478,0.00,0.00
2016.12.09 16:28:41.556,11.62229,11.62478,0.00,0.00
2016.12.09 16:28:41.870,11.62221,11.62501,0.00,0.00
2016.12.09 16:28:41.971,11.62249,11.62529,0.00,0.00
2016.12.09 16:28:42.172,11.62238,11.62522,0.00,0.00
2016.12.09 16:28:42.388,11.62268,11.62529,0.00,0.00
2016.12.09 16:28:42.558,11.62248,11.62529,0.00,0.00
2016.12.09 16:28:42.791,11.62238,11.62522,0.00,0.00
2016.12.09 16:28:43.090,11.62258,11.62529,0.00,0.00
2016.12.09 16:28:43.660,11.62239,11.62479,0.00,0.00
2016.12.09 16:28:43.761,11.62198,11.62479,0.00,0.00
2016.12.09 16:28:44.369,11.62188,11.62472,0.00,0.00
2016.12.09 16:28:44.561,11.62198,11.62479,0.00,0.00
2016.12.09 16:28:44.979,11.62268,11.62529,0.00,0.00
2016.12.09 16:28:45.486,11.62249,11.62529,0.00,0.00
2016.12.09 16:28:45.537,11.62249,11.62478,0.00,0.00
2016.12.09 16:28:45.587,11.62188,11.62472,0.00,0.00
2016.12.09 16:28:46.117,11.62198,11.62478,0.00,0.00
2016.12.09 16:28:46.610,11.62182,11.62461,0.00,0.00
2016.12.09 16:28:46.856,11.62221,11.62502,0.00,0.00
2016.12.09 16:28:46.910,11.62269,11.62529,0.00,0.00
2016.12.09 16:28:47.215,11.62288,11.62529,0.00,0.00
2016.12.09 16:28:47.270,11.62259,11.62529,0.00,0.00
2016.12.09 16:28:47.513,11.62249,11.62529,0.00,0.00
2016.12.09 16:28:47.571,11.62269,11.62529,0.00,0.00
2016.12.09 16:28:47.672,11.62228,11.62512,0.00,0.00
2016.12.09 16:28:47.782,11.62258,11.62529,0.00,0.00
2016.12.09 16:28:47.872,11.62249,11.62529,0.00,0.00
2016.12.09 16:28:48.916,11.62228,11.62512,0.00,0.00
2016.12.09 16:28:49.017,11.62272,11.62512,0.00,0.00
2016.12.09 16:28:49.074,11.62272,11.62532,0.00,0.00
2016.12.09 16:28:49.175,11.62298,11.62568,0.00,0.00
2016.12.09 16:28:49.966,11.62278,11.62562,0.00,0.00
2016.12.09 16:28:50.577,11.62299,11.62568,0.00,0.00
2016.12.09 16:28:50.909,11.62318,11.62568,0.00,0.00
2016.12.09 16:28:51.178,11.62309,11.62568,0.00,0.00
2016.12.09 16:28:51.379,11.62289,11.62568,0.00,0.00
2016.12.09 16:28:51.618,11.62298,11.62568,0.00,0.00
2016.12.09 16:28:51.980,11.62309,11.62568,0.00,0.00
2016.12.09 16:28:52.280,11.62272,11.62568,0.00,0.00
2016.12.09 16:28:52.331,11.62308,11.62578,0.00,0.00
2016.12.09 16:28:52.627,11.62328,11.62612,0.00,0.00
2016.12.09 16:28:52.728,11.62369,11.62618,0.00,0.00
2016.12.09 16:28:53.116,11.62372,11.62621,0.00,0.00
2016.12.09 16:28:53.282,11.62372,11.62642,0.00,0.00
2016.12.09 16:28:53.383,11.62389,11.62668,0.00,0.00
2016.12.09 16:28:53.490,11.62372,11.62642,0.00,0.00
2016.12.09 16:28:53.582,11.62388,11.62668,0.00,0.00
2016.12.09 16:28:53.830,11.62372,11.62651,0.00,0.00
2016.12.09 16:28:54.180,11.62389,11.62668,0.00,0.00
2016.12.09 16:28:54.584,11.62372,11.62652,0.00,0.00
2016.12.09 16:28:54.688,11.62372,11.62642,0.00,0.00
2016.12.09 16:28:54.785,11.62389,11.62668,0.00,0.00
2016.12.09 16:28:54.885,11.62372,11.62652,0.00,0.00
2016.12.09 16:28:55.386,11.62372,11.62641,0.00,0.00
2016.12.09 16:28:55.486,11.62372,11.62652,0.00,0.00
2016.12.09 16:28:55.586,11.62388,11.62668,0.00,0.00
2016.12.09 16:28:55.888,11.62338,11.62578,0.00,0.00
2016.12.09 16:28:55.989,11.62328,11.62578,0.00,0.00
2016.12.09 16:28:56.087,11.62289,11.62571,0.00,0.00
2016.12.09 16:28:56.337,11.62299,11.62578,0.00,0.00
2016.12.09 16:28:56.438,11.62329,11.62611,0.00,0.00
2016.12.09 16:28:56.489,11.62339,11.62621,0.00,0.00
2016.12.09 16:28:56.799,11.62321,11.62582,0.00,0.00
2016.12.09 16:28:56.899,11.62329,11.62611,0.00,0.00
2016.12.09 16:28:57.007,11.62368,11.62629,0.00,0.00
2016.12.09 16:28:57.108,11.62338,11.62622,0.00,0.00
2016.12.09 16:28:57.330,11.62338,11.62579,0.00,0.00
2016.12.09 16:28:57.591,11.62288,11.62572,0.00,0.00
2016.12.09 16:28:57.791,11.62298,11.62579,0.00,0.00
2016.12.09 16:28:58.105,11.62281,11.62562,0.00,0.00
2016.12.09 16:28:58.438,11.62308,11.62579,0.00,0.00
2016.12.09 16:28:58.492,11.62281,11.62561,0.00,0.00
2016.12.09 16:28:58.872,11.62308,11.62561,0.00,0.00
2016.12.09 16:28:58.922,11.62309,11.62578,0.00,0.00
2016.12.09 16:28:58.994,11.62348,11.62578,0.00,0.00
2016.12.09 16:28:59.099,11.62328,11.62578,0.00,0.00
2016.12.09 16:28:59.194,11.62288,11.62572,0.00,0.00
2016.12.09 16:28:59.495,11.62308,11.62578,0.00,0.00
2016.12.09 16:28:59.595,11.62288,11.62572,0.00,0.00
2016.12.09 16:28:59.925,11.62309,11.62578,0.00,0.00
2016.12.09 16:28:59.996,11.62282,11.62561,0.00,0.00
2016.12.09 16:29:00.301,11.62299,11.62578,0.00,0.00
2016.12.09 16:29:00.647,11.62319,11.62578,0.00,0.00
2016.12.09 16:29:01.600,11.62298,11.62578,0.00,0.00
2016.12.09 16:29:01.705,11.62319,11.62578,0.00,0.00
2016.12.09 16:29:02.299,11.62308,11.62578,0.00,0.00
2016.12.09 16:29:02.401,11.62282,11.62562,0.00,0.00
2016.12.09 16:29:02.600,11.62308,11.62578,0.00,0.00
2016.12.09 16:29:02.883,11.62282,11.62562,0.00,0.00
2016.12.09 16:29:02.933,11.62319,11.62578,0.00,0.00
2016.12.09 16:29:03.001,11.62308,11.62578,0.00,0.00
2016.12.09 16:29:03.102,11.62282,11.62561,0.00,0.00
2016.12.09 16:29:03.402,11.62299,11.62578,0.00,0.00
2016.12.09 16:29:03.703,11.62362,11.62572,0.00,0.00
2016.12.09 16:29:03.804,11.62378,11.62662,0.00,0.00
2016.12.09 16:29:04.348,11.62362,11.62621,0.00,0.00
2016.12.09 16:29:04.404,11.62369,11.62651,0.00,0.00
2016.12.09 16:29:04.454,11.62369,11.62629,0.00,0.00
2016.12.09 16:29:04.505,11.62339,11.62621,0.00,0.00
2016.12.09 16:29:04.606,11.62328,11.62612,0.00,0.00
2016.12.09 16:29:04.761,11.62372,11.62612,0.00,0.00
2016.12.09 16:29:04.812,11.62372,11.62632,0.00,0.00
2016.12.09 16:29:04.917,11.62389,11.62658,0.00,0.00
2016.12.09 16:29:05.305,11.62379,11.62658,0.00,0.00
2016.12.09 16:29:05.432,11.62372,11.62642,0.00,0.00
2016.12.09 16:29:05.706,11.62378,11.62658,0.00,0.00
2016.12.09 16:29:05.937,11.62378,11.62629,0.00,0.00
2016.12.09 16:29:06.006,11.62359,11.62629,0.00,0.00
2016.12.09 16:29:06.130,11.62338,11.62588,0.00,0.00
2016.12.09 16:29:06.240,11.62328,11.62588,0.00,0.00
2016.12.09 16:29:06.307,11.62298,11.62582,0.00,0.00
2016.12.09 16:29:06.512,11.62339,11.62588,0.00,0.00
2016.12.09 16:29:06.577,11.62339,11.62609,0.00,0.00
2016.12.09 16:29:06.627,11.62358,11.62609,0.00,0.00
2016.12.09 16:29:06.808,11.62338,11.62609,0.00,0.00
2016.12.09 16:29:07.008,11.62368,11.62609,0.00,0.00
2016.12.09 16:29:07.254,11.62368,11.62628,0.00,0.00
2016.12.09 16:29:07.305,11.62372,11.62652,0.00,0.00
2016.12.09 16:29:07.406,11.62378,11.62662,0.00,0.00
2016.12.09 16:29:07.456,11.62398,11.62629,0.00,0.00
2016.12.09 16:29:07.558,11.62388,11.62629,0.00,0.00
2016.12.09 16:29:07.609,11.62339,11.62621,0.00,0.00
2016.12.09 16:29:07.810,11.62368,11.62629,0.00,0.00
2016.12.09 16:29:08.010,11.62358,11.62629,0.00,0.00
2016.12.09 16:29:08.252,11.62338,11.62622,0.00,0.00
2016.12.09 16:29:09.176,11.62338,11.62589,0.00,0.00
2016.12.09 16:29:09.227,11.62328,11.62589,0.00,0.00
2016.12.09 16:29:09.313,11.62308,11.62589,0.00,0.00
2016.12.09 16:29:09.749,11.62318,11.62589,0.00,0.00
2016.12.09 16:29:10.265,11.62309,11.62589,0.00,0.00
2016.12.09 16:29:10.464,11.62298,11.62582,0.00,0.00
2016.12.09 16:29:11.316,11.62318,11.62589,0.00,0.00
2016.12.09 16:29:11.416,11.62299,11.62581,0.00,0.00
2016.12.09 16:29:11.517,11.62328,11.62589,0.00,0.00
2016.12.09 16:29:11.830,11.62309,11.62589,0.00,0.00
2016.12.09 16:29:11.931,11.62328,11.62612,0.00,0.00
2016.12.09 16:29:12.036,11.62369,11.62628,0.00,0.00
2016.12.09 16:29:12.267,11.62338,11.62622,0.00,0.00
2016.12.09 16:29:12.542,11.62348,11.62628,0.00,0.00
2016.12.09 16:29:12.863,11.62369,11.62628,0.00,0.00
2016.12.09 16:29:13.049,11.62348,11.62628,0.00,0.00
2016.12.09 16:29:14.333,11.62358,11.62628,0.00,0.00
2016.12.09 16:29:14.434,11.62371,11.62651,0.00,0.00
2016.12.09 16:29:14.538,11.62389,11.62669,0.00,0.00
2016.12.09 16:29:15.555,11.62388,11.62669,0.00,0.00
2016.12.09 16:29:16.029,11.62371,11.62651,0.00,0.00
2016.12.09 16:29:16.429,11.62348,11.62588,0.00,0.00
2016.12.09 16:29:16.530,11.62298,11.62582,0.00,0.00
2016.12.09 16:29:16.953,11.62308,11.62588,0.00,0.00
2016.12.09 16:29:17.302,11.62279,11.62561,0.00,0.00
2016.12.09 16:29:17.768,11.62288,11.62572,0.00,0.00
2016.12.09 16:29:18.126,11.62288,11.62538,0.00,0.00
2016.12.09 16:29:18.177,11.62279,11.62538,0.00,0.00
2016.12.09 16:29:18.232,11.62239,11.62521,0.00,0.00
2016.12.09 16:29:18.733,11.62278,11.62538,0.00,0.00
2016.12.09 16:29:18.933,11.62248,11.62532,0.00,0.00
2016.12.09 16:29:19.298,11.62248,11.62429,0.00,0.00
2016.12.09 16:29:19.449,11.62148,11.62432,0.00,0.00
2016.12.09 16:29:19.500,11.62148,11.62428,0.00,0.00
2016.12.09 16:29:19.820,11.62158,11.62429,0.00,0.00
2016.12.09 16:29:19.871,11.62172,11.62451,0.00,0.00
2016.12.09 16:29:19.938,11.62198,11.62478,0.00,0.00
2016.12.09 16:29:20.239,11.62219,11.62478,0.00,0.00
2016.12.09 16:29:20.646,11.62188,11.62472,0.00,0.00
2016.12.09 16:29:20.739,11.62208,11.62478,0.00,0.00
2016.12.09 16:29:21.286,11.62189,11.62471,0.00,0.00
2016.12.09 16:29:22.442,11.62208,11.62478,0.00,0.00
2016.12.09 16:29:22.742,11.62189,11.62471,0.00,0.00
2016.12.09 16:29:23.169,11.62208,11.62478,0.00,0.00
2016.12.09 16:29:23.243,11.62178,11.62462,0.00,0.00
2016.12.09 16:29:23.544,11.62219,11.62478,0.00,0.00
2016.12.09 16:29:23.790,11.62209,11.62478,0.00,0.00
2016.12.09 16:29:23.844,11.62189,11.62471,0.00,0.00
2016.12.09 16:29:24.490,11.62218,11.62478,0.00,0.00
2016.12.09 16:29:24.547,11.62179,11.62461,0.00,0.00
2016.12.09 16:29:24.669,11.62219,11.62478,0.00,0.00
2016.12.09 16:29:25.151,11.62209,11.62478,0.00,0.00
2016.12.09 16:29:25.259,11.62228,11.62478,0.00,0.00
2016.12.09 16:29:25.471,11.62198,11.62478,0.00,0.00
2016.12.09 16:29:25.548,11.62189,11.62471,0.00,0.00
2016.12.09 16:29:25.663,11.62218,11.62478,0.00,0.00
2016.12.09 16:29:25.973,11.62228,11.62478,0.00,0.00
2016.12.09 16:29:26.271,11.62208,11.62478,0.00,0.00
2016.12.09 16:29:26.393,11.62198,11.62478,0.00,0.00
2016.12.09 16:29:26.580,11.62208,11.62478,0.00,0.00
2016.12.09 16:29:26.651,11.62188,11.62472,0.00,0.00
2016.12.09 16:29:27.297,11.62179,11.62461,0.00,0.00
2016.12.09 16:29:27.653,11.62188,11.62472,0.00,0.00
2016.12.09 16:29:27.778,11.62198,11.62478,0.00,0.00
2016.12.09 16:29:28.391,11.62189,11.62471,0.00,0.00
2016.12.09 16:29:28.494,11.62208,11.62478,0.00,0.00
2016.12.09 16:29:28.555,11.62198,11.62478,0.00,0.00
2016.12.09 16:29:28.656,11.62218,11.62478,0.00,0.00
2016.12.09 16:29:29.559,11.62271,11.62461,0.00,0.00
2016.12.09 16:29:29.660,11.62289,11.62531,0.00,0.00
2016.12.09 16:29:29.711,11.62289,11.62559,0.00,0.00
2016.12.09 16:29:29.761,11.62298,11.62559,0.00,0.00
2016.12.09 16:29:29.862,11.62288,11.62559,0.00,0.00
2016.12.09 16:29:29.977,11.62271,11.62552,0.00,0.00
2016.12.09 16:29:30.087,11.62288,11.62559,0.00,0.00
2016.12.09 16:29:30.425,11.62281,11.62552,0.00,0.00
2016.12.09 16:29:30.736,11.62288,11.62559,0.00,0.00
2016.12.09 16:29:30.893,11.62288,11.62572,0.00,0.00
2016.12.09 16:29:31.062,11.62308,11.62579,0.00,0.00
2016.12.09 16:29:31.375,11.62281,11.62562,0.00,0.00
2016.12.09 16:29:31.476,11.62308,11.62579,0.00,0.00
2016.12.09 16:29:32.312,11.62288,11.62572,0.00,0.00
2016.12.09 16:29:32.366,11.62308,11.62579,0.00,0.00
2016.12.09 16:29:32.705,11.62372,11.62642,0.00,0.00
2016.12.09 16:29:32.806,11.62372,11.62652,0.00,0.00
2016.12.09 16:29:32.867,11.62372,11.62641,0.00,0.00
2016.12.09 16:29:32.968,11.62379,11.62661,0.00,0.00
2016.12.09 16:29:33.185,11.62372,11.62622,0.00,0.00
2016.12.09 16:29:33.269,11.62372,11.62641,0.00,0.00
2016.12.09 16:29:33.375,11.62372,11.62631,0.00,0.00
2016.12.09 16:29:33.722,11.62372,11.62621,0.00,0.00
2016.12.09 16:29:34.063,11.62339,11.62582,0.00,0.00
2016.12.09 16:29:34.113,11.62321,11.62582,0.00,0.00
2016.12.09 16:29:34.220,11.62298,11.62582,0.00,0.00
2016.12.09 16:29:34.271,11.62281,11.62561,0.00,0.00
2016.12.09 16:29:34.713,11.62281,11.62551,0.00,0.00
2016.12.09 16:29:34.771,11.62281,11.62562,0.00,0.00
2016.12.09 16:29:35.398,11.62281,11.62542,0.00,0.00
2016.12.09 16:29:35.673,11.62281,11.62562,0.00,0.00
2016.12.09 16:29:35.774,11.62298,11.62581,0.00,0.00
2016.12.09 16:29:35.916,11.62308,11.62581,0.00,0.00
2016.12.09 16:29:36.182,11.62289,11.62571,0.00,0.00
2016.12.09 16:29:36.374,11.62281,11.62552,0.00,0.00
2016.12.09 16:29:36.475,11.62288,11.62572,0.00,0.00
2016.12.09 16:29:36.707,11.62281,11.62552,0.00,0.00
2016.12.09 16:29:37.052,11.62281,11.62541,0.00,0.00
2016.12.09 16:29:38.150,11.62281,11.62532,0.00,0.00
2016.12.09 16:29:39.272,11.62248,11.62528,0.00,0.00
2016.12.09 16:29:39.323,11.62278,11.62531,0.00,0.00
2016.12.09 16:29:39.605,11.62279,11.62559,0.00,0.00
2016.12.09 16:29:39.779,11.62272,11.62542,0.00,0.00
2016.12.09 16:29:40.029,11.62279,11.62559,0.00,0.00
2016.12.09 16:29:40.080,11.62289,11.62559,0.00,0.00
2016.12.09 16:29:40.305,11.62272,11.62552,0.00,0.00
2016.12.09 16:29:40.883,11.62272,11.62532,0.00,0.00
2016.12.09 16:29:41.282,11.62272,11.62541,0.00,0.00
2016.12.09 16:29:41.783,11.62279,11.62561,0.00,0.00
2016.12.09 16:29:41.934,11.62272,11.62532,0.00,0.00
2016.12.09 16:29:42.685,11.62272,11.62541,0.00,0.00
2016.12.09 16:29:43.518,11.62272,11.62531,0.00,0.00
2016.12.09 16:29:44.171,11.62249,11.62528,0.00,0.00
2016.12.09 16:29:44.271,11.62238,11.62479,0.00,0.00
2016.12.09 16:29:44.322,11.62198,11.62479,0.00,0.00
2016.12.09 16:29:44.388,11.62181,11.62452,0.00,0.00
2016.12.09 16:29:44.790,11.62181,11.62441,0.00,0.00
2016.12.09 16:29:44.989,11.62181,11.62452,0.00,0.00
2016.12.09 16:29:45.107,11.62181,11.62432,0.00,0.00
2016.12.09 16:29:45.963,11.62171,11.62432,0.00,0.00
2016.12.09 16:29:46.064,11.62171,11.62451,0.00,0.00
2016.12.09 16:29:46.114,11.62171,11.62421,0.00,0.00
2016.12.09 16:29:46.193,11.62171,11.62431,0.00,0.00
2016.12.09 16:29:46.293,11.62179,11.62461,0.00,0.00
2016.12.09 16:29:46.393,11.62171,11.62442,0.00,0.00
2016.12.09 16:29:46.614,11.62138,11.62422,0.00,0.00
2016.12.09 16:29:46.716,11.62132,11.62401,0.00,0.00
2016.12.09 16:29:47.008,11.62132,11.62412,0.00,0.00
2016.12.09 16:29:47.214,11.62132,11.62401,0.00,0.00
2016.12.09 16:29:47.365,11.62149,11.62428,0.00,0.00
2016.12.09 16:29:47.416,11.62178,11.62428,0.00,0.00
2016.12.09 16:29:47.533,11.62138,11.62422,0.00,0.00
2016.12.09 16:29:47.597,11.62132,11.62391,0.00,0.00
2016.12.09 16:29:47.697,11.62132,11.62412,0.00,0.00
2016.12.09 16:29:47.917,11.62132,11.62392,0.00,0.00
2016.12.09 16:29:48.591,11.62108,11.62388,0.00,0.00
2016.12.09 16:29:48.642,11.62098,11.62382,0.00,0.00
2016.12.09 16:29:48.700,11.62082,11.62352,0.00,0.00
2016.12.09 16:29:49.026,11.62071,11.62331,0.00,0.00
2016.12.09 16:29:49.342,11.62088,11.62372,0.00,0.00
2016.12.09 16:29:49.602,11.62071,11.62351,0.00,0.00
2016.12.09 16:29:49.801,11.62078,11.62362,0.00,0.00
2016.12.09 16:29:50.302,11.62071,11.62352,0.00,0.00
2016.12.09 16:29:50.406,11.62088,11.62372,0.00,0.00
2016.12.09 16:29:50.502,11.62071,11.62351,0.00,0.00
2016.12.09 16:29:50.855,11.62071,11.62331,0.00,0.00
2016.12.09 16:29:51.147,11.62071,11.62352,0.00,0.00
2016.12.09 16:29:51.451,11.62071,11.62332,0.00,0.00
2016.12.09 16:29:51.755,11.62071,11.62321,0.00,0.00
2016.12.09 16:29:51.805,11.62071,11.62342,0.00,0.00
2016.12.09 16:29:52.543,11.62071,11.62321,0.00,0.00
2016.12.09 16:29:53.609,11.62071,11.62352,0.00,0.00
2016.12.09 16:29:53.709,11.62071,11.62342,0.00,0.00
2016.12.09 16:29:54.110,11.62071,11.62322,0.00,0.00
2016.12.09 16:29:54.313,11.62071,11.62352,0.00,0.00
2016.12.09 16:29:54.711,11.62071,11.62341,0.00,0.00
2016.12.09 16:29:55.099,11.62071,11.62321,0.00,0.00
2016.12.09 16:29:55.212,11.62078,11.62362,0.00,0.00
2016.12.09 16:29:56.114,11.62071,11.62342,0.00,0.00
2016.12.09 16:29:56.918,11.62078,11.62362,0.00,0.00
2016.12.09 16:29:57.015,11.62071,11.62341,0.00,0.00
2016.12.09 16:29:57.115,11.62078,11.62362,0.00,0.00
2016.12.09 16:29:57.316,11.62071,11.62341,0.00,0.00
2016.12.09 16:29:58.016,11.62079,11.62361,0.00,0.00
2016.12.09 16:29:58.163,11.62071,11.62342,0.00,0.00
2016.12.09 16:29:59.255,11.62071,11.62332,0.00,0.00
2016.12.09 16:30:00.197,11.62078,11.62362,0.00,0.00
2016.12.09 16:30:00.256,11.62088,11.62372,0.00,0.00
2016.12.09 16:30:00.611,11.62079,11.62361,0.00,0.00
2016.12.09 16:30:01.241,11.62071,11.62352,0.00,0.00
2016.12.09 16:30:01.625,11.62071,11.62331,0.00,0.00
2016.12.09 16:30:01.708,11.62089,11.62371,0.00,0.00
2016.12.09 16:30:01.825,11.62098,11.62379,0.00,0.00
2016.12.09 16:30:02.027,11.62129,11.62411,0.00,0.00
2016.12.09 16:30:02.226,11.62121,11.62391,0.00,0.00
2016.12.09 16:30:02.614,11.62081,11.62341,0.00,0.00
2016.12.09 16:30:02.928,11.62081,11.62351,0.00,0.00
2016.12.09 16:30:03.296,11.62081,11.62332,0.00,0.00
2016.12.09 16:30:03.670,11.62081,11.62352,0.00,0.00
2016.12.09 16:30:03.932,11.62072,11.62352,0.00,0.00
2016.12.09 16:30:04.033,11.62072,11.62331,0.00,0.00
2016.12.09 16:30:04.232,11.62072,11.62352,0.00,0.00
2016.12.09 16:30:04.333,11.62072,11.62321,0.00,0.00
2016.12.09 16:30:04.434,11.62008,11.62288,0.00,0.00
2016.12.09 16:30:04.484,11.62008,11.62282,0.00,0.00
2016.12.09 16:30:04.535,11.61999,11.62281,0.00,0.00
2016.12.09 16:30:04.644,11.61982,11.62252,0.00,0.00
2016.12.09 16:30:04.975,11.61989,11.62271,0.00,0.00
2016.12.09 16:30:05.532,11.61982,11.62252,0.00,0.00
2016.12.09 16:30:05.636,11.61982,11.62262,0.00,0.00
2016.12.09 16:30:05.758,11.61998,11.62282,0.00,0.00
2016.12.09 16:30:05.966,11.61982,11.62261,0.00,0.00
2016.12.09 16:30:06.335,11.61982,11.62252,0.00,0.00
2016.12.09 16:30:06.551,11.61999,11.62281,0.00,0.00
2016.12.09 16:30:06.652,11.61989,11.62271,0.00,0.00
2016.12.09 16:30:06.953,11.61982,11.62252,0.00,0.00
2016.12.09 16:30:07.037,11.61982,11.62262,0.00,0.00
2016.12.09 16:30:07.138,11.61982,11.62251,0.00,0.00
2016.12.09 16:30:08.276,11.61969,11.62232,0.00,0.00
2016.12.09 16:30:08.478,11.61918,11.62182,0.00,0.00
2016.12.09 16:30:08.554,11.61881,11.62161,0.00,0.00
2016.12.09 16:30:08.654,11.61889,11.62171,0.00,0.00
2016.12.09 16:30:08.742,11.61908,11.62182,0.00,0.00
2016.12.09 16:30:08.892,11.61881,11.62162,0.00,0.00
2016.12.09 16:30:09.073,11.61878,11.62129,0.00,0.00
2016.12.09 16:30:09.174,11.61872,11.62128,0.00,0.00
2016.12.09 16:30:09.225,11.61858,11.62082,0.00,0.00
2016.12.09 16:30:09.276,11.61798,11.62082,0.00,0.00
2016.12.09 16:30:09.343,11.61791,11.62072,0.00,0.00
2016.12.09 16:30:09.693,11.61871,11.62092,0.00,0.00
2016.12.09 16:30:09.845,11.61879,11.62158,0.00,0.00
2016.12.09 16:30:10.240,11.61879,11.62132,0.00,0.00
2016.12.09 16:30:10.542,11.61871,11.62102,0.00,0.00
2016.12.09 16:30:10.647,11.61879,11.62161,0.00,0.00
2016.12.09 16:30:11.091,11.61871,11.62151,0.00,0.00
2016.12.09 16:30:11.527,11.61871,11.62131,0.00,0.00
2016.12.09 16:30:11.841,11.61849,11.62089,0.00,0.00
2016.12.09 16:30:11.992,11.61839,11.62081,0.00,0.00
2016.12.09 16:30:12.050,11.61791,11.62072,0.00,0.00
2016.12.09 16:30:12.170,11.61818,11.62081,0.00,0.00
2016.12.09 16:30:12.567,11.61799,11.62081,0.00,0.00
2016.12.09 16:30:12.722,11.61872,11.62081,0.00,0.00
2016.12.09 16:30:12.777,11.61799,11.62081,0.00,0.00
2016.12.09 16:30:12.828,11.61872,11.62081,0.00,0.00
2016.12.09 16:30:12.878,11.61831,11.62102,0.00,0.00
2016.12.09 16:30:12.979,11.61872,11.62102,0.00,0.00
2016.12.09 16:30:13.080,11.61872,11.62132,0.00,0.00
2016.12.09 16:30:13.248,11.61872,11.62122,0.00,0.00
2016.12.09 16:30:13.298,11.61872,11.62152,0.00,0.00
2016.12.09 16:30:13.494,11.61872,11.62131,0.00,0.00
2016.12.09 16:30:13.545,11.61868,11.62129,0.00,0.00
2016.12.09 16:30:13.596,11.61849,11.62081,0.00,0.00
2016.12.09 16:30:13.696,11.61808,11.62081,0.00,0.00
2016.12.09 16:30:13.755,11.61798,11.62081,0.00,0.00
2016.12.09 16:30:13.901,11.61791,11.62061,0.00,0.00
2016.12.09 16:30:14.002,11.61798,11.62081,0.00,0.00
2016.12.09 16:30:15.177,11.61791,11.62052,0.00,0.00
2016.12.09 16:30:15.257,11.61798,11.62081,0.00,0.00
2016.12.09 16:30:15.909,11.61831,11.62091,0.00,0.00
2016.12.09 16:30:15.959,11.61839,11.62121,0.00,0.00
2016.12.09 16:30:16.010,11.61871,11.62121,0.00,0.00
2016.12.09 16:30:16.061,11.61871,11.62142,0.00,0.00
2016.12.09 16:30:16.190,11.61879,11.62159,0.00,0.00
2016.12.09 16:30:16.261,11.61888,11.62159,0.00,0.00
2016.12.09 16:30:16.574,11.61848,11.62131,0.00,0.00
2016.12.09 16:30:16.675,11.61842,11.62121,0.00,0.00
2016.12.09 16:30:16.964,11.61791,11.62072,0.00,0.00
2016.12.09 16:30:17.064,11.61791,11.62061,0.00,0.00
2016.12.09 16:30:17.391,11.61791,11.62052,0.00,0.00
2016.12.09 16:30:17.665,11.61791,11.62071,0.00,0.00
2016.12.09 16:30:18.289,11.61871,11.62071,0.00,0.00
2016.12.09 16:30:18.390,11.61871,11.62092,0.00,0.00
2016.12.09 16:30:18.505,11.61879,11.62161,0.00,0.00
2016.12.09 16:30:18.999,11.61871,11.62142,0.00,0.00
2016.12.09 16:30:19.110,11.61879,11.62161,0.00,0.00
2016.12.09 16:30:19.211,11.61871,11.62132,0.00,0.00
2016.12.09 16:30:19.268,11.61879,11.62161,0.00,0.00
2016.12.09 16:30:19.415,11.61881,11.62112,0.00,0.00
2016.12.09 16:30:19.516,11.61881,11.62162,0.00,0.00
2016.12.09 16:30:19.844,11.61878,11.62132,0.00,0.00
2016.12.09 16:30:19.970,11.61848,11.62132,0.00,0.00
2016.12.09 16:30:20.111,11.61842,11.62111,0.00,0.00
2016.12.09 16:30:20.452,11.61872,11.62121,0.00,0.00
2016.12.09 16:30:20.503,11.61872,11.62142,0.00,0.00
2016.12.09 16:30:20.571,11.61878,11.62159,0.00,0.00
2016.12.09 16:30:21.095,11.61888,11.62159,0.00,0.00
2016.12.09 16:30:21.202,11.61888,11.62172,0.00,0.00
2016.12.09 16:30:21.573,11.61872,11.62132,0.00,0.00
2016.12.09 16:30:21.824,11.61848,11.62131,0.00,0.00
2016.12.09 16:30:21.974,11.61841,11.62122,0.00,0.00
2016.12.09 16:30:22.275,11.61881,11.62122,0.00,0.00
2016.12.09 16:30:22.384,11.61881,11.62162,0.00,0.00
2016.12.09 16:30:22.814,11.61881,11.62151,0.00,0.00
2016.12.09 16:30:23.118,11.61881,11.62162,0.00,0.00
2016.12.09 16:30:23.594,11.61881,11.62151,0.00,0.00
2016.12.09 16:30:23.943,11.61849,11.62082,0.00,0.00
2016.12.09 16:30:23.994,11.61792,11.62072,0.00,0.00
2016.12.09 16:30:24.208,11.61882,11.62112,0.00,0.00
2016.12.09 16:30:24.309,11.61882,11.62132,0.00,0.00
2016.12.09 16:30:24.425,11.61882,11.62159,0.00,0.00
2016.12.09 16:30:24.584,11.61878,11.62158,0.00,0.00
2016.12.09 16:30:24.680,11.61869,11.62151,0.00,0.00
2016.12.09 16:30:25.181,11.61849,11.62131,0.00,0.00
2016.12.09 16:30:25.624,11.61889,11.62158,0.00,0.00
2016.12.09 16:30:25.808,11.61858,11.62142,0.00,0.00
2016.12.09 16:30:25.999,11.61901,11.62142,0.00,0.00
2016.12.09 16:30:26.100,11.61901,11.62171,0.00,0.00
2016.12.09 16:30:26.183,11.61939,11.62209,0.00,0.00
2016.12.09 16:30:26.485,11.61918,11.62202,0.00,0.00
2016.12.09 16:30:26.536,11.61942,11.62202,0.00,0.00
2016.12.09 16:30:26.586,11.61942,11.62221,0.00,0.00
2016.12.09 16:30:26.693,11.61958,11.62242,0.00,0.00
2016.12.09 16:30:27.889,11.61968,11.62252,0.00,0.00
2016.12.09 16:30:28.229,11.61979,11.62258,0.00,0.00
2016.12.09 16:30:28.289,11.61969,11.62251,0.00,0.00
2016.12.09 16:30:28.490,11.61979,11.62258,0.00,0.00
2016.12.09 16:30:28.590,11.61949,11.62231,0.00,0.00
2016.12.09 16:30:28.791,11.61959,11.62241,0.00,0.00
2016.12.09 16:30:30.571,11.61959,11.62219,0.00,0.00
2016.12.09 16:30:30.795,11.61868,11.62152,0.00,0.00
2016.12.09 16:30:31.224,11.61888,11.62172,0.00,0.00
2016.12.09 16:30:31.579,11.61918,11.62179,0.00,0.00
2016.12.09 16:30:31.883,11.61898,11.62179,0.00,0.00
2016.12.09 16:30:33.048,11.61918,11.62179,0.00,0.00
2016.12.09 16:30:33.250,11.61868,11.62152,0.00,0.00
2016.12.09 16:30:33.899,11.61941,11.62152,0.00,0.00
2016.12.09 16:30:34.053,11.61941,11.62202,0.00,0.00
2016.12.09 16:30:34.104,11.61958,11.62242,0.00,0.00
2016.12.09 16:30:34.809,11.61949,11.62231,0.00,0.00
2016.12.09 16:30:35.508,11.61959,11.62241,0.00,0.00
2016.12.09 16:30:36.025,11.61948,11.62232,0.00,0.00
2016.12.09 16:30:36.249,11.61941,11.62212,0.00,0.00
2016.12.09 16:30:36.310,11.61979,11.62259,0.00,0.00
2016.12.09 16:30:36.611,11.61941,11.62222,0.00,0.00
2016.12.09 16:30:37.816,11.61969,11.62251,0.00,0.00
2016.12.09 16:30:37.914,11.61959,11.62241,0.00,0.00
2016.12.09 16:30:38.719,11.61941,11.62222,0.00,0.00
2016.12.09 16:30:39.036,11.61969,11.62251,0.00,0.00
2016.12.09 16:30:39.116,11.61941,11.62222,0.00,0.00
2016.12.09 16:30:39.257,11.61958,11.62242,0.00,0.00
2016.12.09 16:30:39.358,11.61969,11.62251,0.00,0.00
2016.12.09 16:30:40.251,11.61959,11.62241,0.00,0.00
2016.12.09 16:30:40.719,11.61941,11.62221,0.00,0.00
2016.12.09 16:30:40.937,11.61948,11.62232,0.00,0.00
2016.12.09 16:30:41.252,11.61968,11.62252,0.00,0.00
2016.12.09 16:30:42.422,11.61948,11.62232,0.00,0.00
2016.12.09 16:30:42.818,11.61941,11.62222,0.00,0.00
2016.12.09 16:30:43.423,11.61948,11.62232,0.00,0.00
2016.12.09 16:30:43.524,11.61941,11.62222,0.00,0.00
2016.12.09 16:30:43.636,11.61948,11.62232,0.00,0.00
2016.12.09 16:30:43.724,11.61969,11.62251,0.00,0.00
2016.12.09 16:30:45.226,11.61948,11.62232,0.00,0.00
2016.12.09 16:30:45.532,11.61941,11.62222,0.00,0.00
2016.12.09 16:30:46.127,11.61959,11.62241,0.00,0.00
2016.12.09 16:30:46.369,11.61979,11.62259,0.00,0.00
2016.12.09 16:30:46.554,11.61958,11.62242,0.00,0.00
2016.12.09 16:30:46.655,11.61941,11.62222,0.00,0.00
2016.12.09 16:30:48.334,11.61968,11.62252,0.00,0.00
2016.12.09 16:30:49.636,11.61949,11.62231,0.00,0.00
2016.12.09 16:30:49.937,11.61969,11.62251,0.00,0.00
2016.12.09 16:30:50.289,11.61941,11.62222,0.00,0.00
2016.12.09 16:30:50.340,11.61949,11.62231,0.00,0.00
2016.12.09 16:30:50.568,11.61968,11.62252,0.00,0.00
2016.12.09 16:30:50.638,11.61949,11.62231,0.00,0.00
2016.12.09 16:30:50.838,11.61968,11.62252,0.00,0.00
2016.12.09 16:30:51.139,11.61948,11.62232,0.00,0.00
2016.12.09 16:30:51.510,11.61969,11.62251,0.00,0.00
2016.12.09 16:30:52.942,11.61958,11.62242,0.00,0.00
2016.12.09 16:30:53.260,11.61968,11.62252,0.00,0.00
2016.12.09 16:30:57.047,11.61949,11.62231,0.00,0.00
2016.12.09 16:30:57.170,11.61968,11.62252,0.00,0.00
2016.12.09 16:30:57.548,11.61941,11.62221,0.00,0.00
2016.12.09 16:30:57.790,11.61968,11.62252,0.00,0.00
2016.12.09 16:30:57.921,11.62042,11.62252,0.00,0.00
2016.12.09 16:30:58.080,11.62058,11.62342,0.00,0.00
2016.12.09 16:30:58.495,11.62042,11.62311,0.00,0.00
2016.12.09 16:30:58.550,11.62049,11.62331,0.00,0.00
2016.12.09 16:30:58.650,11.62068,11.62352,0.00,0.00
2016.12.09 16:30:58.874,11.62092,11.62352,0.00,0.00
2016.12.09 16:30:59.095,11.62158,11.62442,0.00,0.00
2016.12.09 16:30:59.352,11.62141,11.62402,0.00,0.00
2016.12.09 16:31:00.273,11.62141,11.62422,0.00,0.00
2016.12.09 16:31:00.353,11.62149,11.62431,0.00,0.00
2016.12.09 16:31:00.596,11.62141,11.62421,0.00,0.00
2016.12.09 16:31:00.899,11.62148,11.62432,0.00,0.00
2016.12.09 16:31:00.955,11.62141,11.62401,0.00,0.00
2016.12.09 16:31:01.160,11.62141,11.62411,0.00,0.00
2016.12.09 16:31:01.656,11.62151,11.62411,0.00,0.00
2016.12.09 16:31:01.758,11.62151,11.62431,0.00,0.00
2016.12.09 16:31:01.956,11.62151,11.62401,0.00,0.00
2016.12.09 16:31:02.558,11.62151,11.62422,0.00,0.00
2016.12.09 16:31:02.658,11.62151,11.62401,0.00,0.00
2016.12.09 16:31:03.264,11.62159,11.62441,0.00,0.00
2016.12.09 16:31:03.660,11.62168,11.62452,0.00,0.00
2016.12.09 16:31:04.761,11.62151,11.62431,0.00,0.00
2016.12.09 16:31:05.361,11.62151,11.62422,0.00,0.00
2016.12.09 16:31:05.883,11.62158,11.62442,0.00,0.00
2016.12.09 16:31:05.999,11.62169,11.62451,0.00,0.00
2016.12.09 16:31:06.112,11.62158,11.62442,0.00,0.00
2016.12.09 16:31:06.163,11.62151,11.62411,0.00,0.00
2016.12.09 16:31:07.264,11.62151,11.62432,0.00,0.00
2016.12.09 16:31:07.509,11.62151,11.62421,0.00,0.00
2016.12.09 16:31:08.504,11.62151,11.62401,0.00,0.00
2016.12.09 16:31:08.566,11.62151,11.62432,0.00,0.00
2016.12.09 16:31:08.666,11.62151,11.62401,0.00,0.00
2016.12.09 16:31:08.766,11.62158,11.62442,0.00,0.00
2016.12.09 16:31:09.086,11.62151,11.62432,0.00,0.00
2016.12.09 16:31:09.204,11.62169,11.62451,0.00,0.00
2016.12.09 16:31:09.579,11.62151,11.62412,0.00,0.00
2016.12.09 16:31:09.700,11.62168,11.62452,0.00,0.00
2016.12.09 16:31:09.801,11.62178,11.62462,0.00,0.00
2016.12.09 16:31:10.111,11.62152,11.62412,0.00,0.00
2016.12.09 16:31:10.413,11.62178,11.62462,0.00,0.00
2016.12.09 16:31:10.464,11.62232,11.62462,0.00,0.00
2016.12.09 16:31:10.615,11.62238,11.62508,0.00,0.00
2016.12.09 16:31:11.159,11.62238,11.62522,0.00,0.00
2016.12.09 16:31:12.908,11.62232,11.62511,0.00,0.00
2016.12.09 16:31:13.173,11.62238,11.62522,0.00,0.00
2016.12.09 16:31:13.774,11.62232,11.62511,0.00,0.00
2016.12.09 16:31:13.974,11.62238,11.62522,0.00,0.00
2016.12.09 16:31:14.699,11.62318,11.62522,0.00,0.00
2016.12.09 16:31:14.800,11.62318,11.62532,0.00,0.00
2016.12.09 16:31:14.942,11.62298,11.62569,0.00,0.00
2016.12.09 16:31:14.993,11.62251,11.62531,0.00,0.00
2016.12.09 16:31:15.118,11.62251,11.62502,0.00,0.00
2016.12.09 16:31:15.219,11.62251,11.62531,0.00,0.00
2016.12.09 16:31:15.376,11.62251,11.62521,0.00,0.00
2016.12.09 16:31:15.677,11.62251,11.62512,0.00,0.00
2016.12.09 16:31:15.902,11.62251,11.62522,0.00,0.00
2016.12.09 16:31:15.977,11.62251,11.62501,0.00,0.00
2016.12.09 16:31:16.186,11.62251,11.62512,0.00,0.00
2016.12.09 16:31:16.421,11.62242,11.62512,0.00,0.00
2016.12.09 16:31:16.525,11.62242,11.62492,0.00,0.00
2016.12.09 16:31:16.806,11.62249,11.62531,0.00,0.00
2016.12.09 16:31:17.880,11.62242,11.62501,0.00,0.00
2016.12.09 16:31:18.415,11.62242,11.62521,0.00,0.00
2016.12.09 16:31:19.983,11.62242,11.62502,0.00,0.00
2016.12.09 16:31:21.340,11.62218,11.62491,0.00,0.00
2016.12.09 16:31:21.391,11.62208,11.62491,0.00,0.00
2016.12.09 16:31:21.491,11.62191,11.62452,0.00,0.00
2016.12.09 16:31:21.592,11.62198,11.62482,0.00,0.00
2016.12.09 16:31:21.776,11.62191,11.62451,0.00,0.00
2016.12.09 16:31:21.986,11.62191,11.62462,0.00,0.00
2016.12.09 16:31:22.702,11.62191,11.62452,0.00,0.00
2016.12.09 16:31:23.037,11.62199,11.62481,0.00,0.00
2016.12.09 16:31:23.088,11.62199,11.62469,0.00,0.00
2016.12.09 16:31:23.201,11.62169,11.62451,0.00,0.00
2016.12.09 16:31:23.319,11.62151,11.62401,0.00,0.00
2016.12.09 16:31:23.390,11.62151,11.62432,0.00,0.00
2016.12.09 16:31:23.651,11.62151,11.62402,0.00,0.00
2016.12.09 16:31:23.981,11.62149,11.62368,0.00,0.00
2016.12.09 16:31:24.032,11.62052,11.62331,0.00,0.00
2016.12.09 16:31:24.132,11.62052,11.62312,0.00,0.00
2016.12.09 16:31:24.487,11.62052,11.62302,0.00,0.00
2016.12.09 16:31:24.538,11.62058,11.62342,0.00,0.00
2016.12.09 16:31:25.194,11.62052,11.62331,0.00,0.00
2016.12.09 16:31:25.495,11.62052,11.62312,0.00,0.00
2016.12.09 16:31:25.795,11.62069,11.62351,0.00,0.00
2016.12.09 16:31:25.995,11.62052,11.62332,0.00,0.00
2016.12.09 16:31:28.055,11.62092,11.62332,0.00,0.00
2016.12.09 16:31:28.105,11.62092,11.62361,0.00,0.00
2016.12.09 16:31:28.209,11.62108,11.62369,0.00,0.00
2016.12.09 16:31:28.310,11.62079,11.62361,0.00,0.00
2016.12.09 16:31:28.416,11.62051,11.62332,0.00,0.00
2016.12.09 16:31:29.209,11.62068,11.62352,0.00,0.00
2016.12.09 16:31:29.310,11.62051,11.62332,0.00,0.00
2016.12.09 16:31:29.619,11.62158,11.62408,0.00,0.00
2016.12.09 16:31:30.036,11.62168,11.62408,0.00,0.00
2016.12.09 16:31:30.150,11.62139,11.62421,0.00,0.00
2016.12.09 16:31:30.203,11.62131,11.62412,0.00,0.00
2016.12.09 16:31:30.304,11.62149,11.62431,0.00,0.00
2016.12.09 16:31:30.834,11.62131,11.62412,0.00,0.00
2016.12.09 16:31:31.067,11.62128,11.62412,0.00,0.00
2016.12.09 16:31:31.118,11.62119,11.62401,0.00,0.00
2016.12.09 16:31:31.320,11.62068,11.62352,0.00,0.00
2016.12.09 16:31:31.968,11.62141,11.62352,0.00,0.00
2016.12.09 16:31:32.019,11.62141,11.62391,0.00,0.00
2016.12.09 16:31:32.127,11.62168,11.62452,0.00,0.00
2016.12.09 16:31:32.298,11.62168,11.62368,0.00,0.00
2016.12.09 16:31:32.348,11.62139,11.62368,0.00,0.00
2016.12.09 16:31:32.449,11.62068,11.62352,0.00,0.00
2016.12.09 16:31:32.656,11.62058,11.62342,0.00,0.00
2016.12.09 16:31:33.009,11.62069,11.62351,0.00,0.00
2016.12.09 16:31:33.354,11.62128,11.62409,0.00,0.00
2016.12.09 16:31:33.619,11.62109,11.62391,0.00,0.00
2016.12.09 16:31:34.125,11.62089,11.62368,0.00,0.00
2016.12.09 16:31:34.226,11.62079,11.62361,0.00,0.00
2016.12.09 16:31:34.436,11.62068,11.62352,0.00,0.00
2016.12.09 16:31:34.931,11.62099,11.62368,0.00,0.00
2016.12.09 16:31:35.012,11.62059,11.62341,0.00,0.00
2016.12.09 16:31:35.231,11.62098,11.62382,0.00,0.00
2016.12.09 16:31:35.331,11.62139,11.62409,0.00,0.00
2016.12.09 16:31:35.713,11.62118,11.62402,0.00,0.00
2016.12.09 16:31:35.813,11.62108,11.62392,0.00,0.00
2016.12.09 16:31:36.247,11.62118,11.62392,0.00,0.00
2016.12.09 16:31:36.414,11.62109,11.62391,0.00,0.00
2016.12.09 16:31:36.550,11.62118,11.62402,0.00,0.00
2016.12.09 16:31:36.651,11.62138,11.62408,0.00,0.00
2016.12.09 16:31:38.269,11.62138,11.62422,0.00,0.00
2016.12.09 16:31:38.320,11.62169,11.62448,0.00,0.00
2016.12.09 16:31:38.878,11.62178,11.62448,0.00,0.00
2016.12.09 16:31:39.056,11.62168,11.62448,0.00,0.00
2016.12.09 16:31:39.122,11.62149,11.62431,0.00,0.00
2016.12.09 16:31:39.723,11.62158,11.62442,0.00,0.00
2016.12.09 16:31:39.850,11.62179,11.62448,0.00,0.00
2016.12.09 16:31:40.190,11.62199,11.62448,0.00,0.00
2016.12.09 16:31:40.324,11.62179,11.62448,0.00,0.00
2016.12.09 16:31:40.450,11.62198,11.62448,0.00,0.00
2016.12.09 16:31:41.958,11.62179,11.62448,0.00,0.00
2016.12.09 16:31:42.168,11.62199,11.62448,0.00,0.00
2016.12.09 16:31:43.220,11.62232,11.62481,0.00,0.00
2016.12.09 16:31:43.271,11.62232,11.62491,0.00,0.00
2016.12.09 16:31:43.372,11.62259,11.62541,0.00,0.00
2016.12.09 16:31:43.430,11.62269,11.62548,0.00,0.00
2016.12.09 16:31:43.730,11.62248,11.62532,0.00,0.00
2016.12.09 16:31:43.948,11.62279,11.62548,0.00,0.00
2016.12.09 16:31:44.415,11.62289,11.62548,0.00,0.00
2016.12.09 16:31:44.716,11.62289,11.62569,0.00,0.00
2016.12.09 16:31:44.963,11.62269,11.62551,0.00,0.00
2016.12.09 16:31:45.031,11.62258,11.62542,0.00,0.00
2016.12.09 16:31:45.338,11.62288,11.62569,0.00,0.00
2016.12.09 16:31:45.668,11.62268,11.62552,0.00,0.00
2016.12.09 16:31:47.739,11.62289,11.62568,0.00,0.00
2016.12.09 16:31:47.941,11.62368,11.62648,0.00,0.00
2016.12.09 16:31:48.164,11.62338,11.62622,0.00,0.00
2016.12.09 16:31:48.241,11.62369,11.62648,0.00,0.00
2016.12.09 16:31:48.638,11.62359,11.62641,0.00,0.00
2016.12.09 16:31:48.742,11.62369,11.62648,0.00,0.00
2016.12.09 16:31:49.540,11.62368,11.62648,0.00,0.00
2016.12.09 16:31:49.873,11.62332,11.62612,0.00,0.00
2016.12.09 16:31:50.063,11.62358,11.62642,0.00,0.00
2016.12.09 16:31:50.582,11.62348,11.62632,0.00,0.00
2016.12.09 16:31:50.906,11.62369,11.62648,0.00,0.00
2016.12.09 16:31:51.743,11.62358,11.62642,0.00,0.00
2016.12.09 16:31:51.937,11.62338,11.62622,0.00,0.00
2016.12.09 16:31:52.267,11.62369,11.62648,0.00,0.00
2016.12.09 16:31:52.375,11.62338,11.62622,0.00,0.00
2016.12.09 16:31:52.492,11.62378,11.62648,0.00,0.00
2016.12.09 16:31:52.545,11.62338,11.62622,0.00,0.00
2016.12.09 16:31:52.977,11.62349,11.62631,0.00,0.00
2016.12.09 16:31:54.290,11.62368,11.62648,0.00,0.00
2016.12.09 16:31:54.747,11.62332,11.62612,0.00,0.00
2016.12.09 16:31:55.048,11.62399,11.62648,0.00,0.00
2016.12.09 16:31:56.009,11.62378,11.62648,0.00,0.00
2016.12.09 16:31:56.278,11.62368,11.62648,0.00,0.00
2016.12.09 16:31:56.776,11.62389,11.62648,0.00,0.00
2016.12.09 16:31:57.188,11.62399,11.62648,0.00,0.00
2016.12.09 16:31:58.459,11.62378,11.62648,0.00,0.00
2016.12.09 16:31:58.553,11.62388,11.62648,0.00,0.00
2016.12.09 16:31:58.654,11.62358,11.62642,0.00,0.00
2016.12.09 16:31:58.780,11.62348,11.62632,0.00,0.00
2016.12.09 16:31:59.248,11.62358,11.62642,0.00,0.00
2016.12.09 16:31:59.578,11.62349,11.62631,0.00,0.00
2016.12.09 16:32:00.884,11.62358,11.62642,0.00,0.00
2016.12.09 16:32:00.985,11.62349,11.62631,0.00,0.00
2016.12.09 16:32:01.331,11.62339,11.62559,0.00,0.00
2016.12.09 16:32:01.499,11.62328,11.62559,0.00,0.00
2016.12.09 16:32:01.558,11.62259,11.62541,0.00,0.00
2016.12.09 16:32:01.659,11.62299,11.62559,0.00,0.00
2016.12.09 16:32:02.072,11.62278,11.62559,0.00,0.00
2016.12.09 16:32:02.159,11.62258,11.62542,0.00,0.00
2016.12.09 16:32:02.801,11.62249,11.62531,0.00,0.00
2016.12.09 16:32:03.200,11.62278,11.62549,0.00,0.00
2016.12.09 16:32:03.546,11.62258,11.62508,0.00,0.00
2016.12.09 16:32:03.596,11.62209,11.62491,0.00,0.00
2016.12.09 16:32:03.662,11.62229,11.62508,0.00,0.00
2016.12.09 16:32:04.612,11.62232,11.62491,0.00,0.00
2016.12.09 16:32:04.784,11.62198,11.62459,0.00,0.00
2016.12.09 16:32:04.910,11.62168,11.62452,0.00,0.00
2016.12.09 16:32:06.619,11.62179,11.62459,0.00,0.00
2016.12.09 16:32:06.926,11.62208,11.62459,0.00,0.00
2016.12.09 16:32:07.374,11.62188,11.62459,0.00,0.00
2016.12.09 16:32:08.377,11.62178,11.62459,0.00,0.00
2016.12.09 16:32:09.078,11.62189,11.62459,0.00,0.00
2016.12.09 16:32:09.828,11.62209,11.62459,0.00,0.00
2016.12.09 16:32:09.882,11.62189,11.62459,0.00,0.00
2016.12.09 16:32:10.019,11.62159,11.62441,0.00,0.00
2016.12.09 16:32:10.331,11.62188,11.62459,0.00,0.00
2016.12.09 16:32:10.383,11.62178,11.62459,0.00,0.00
2016.12.09 16:32:10.522,11.62188,11.62459,0.00,0.00
2016.12.09 16:32:10.849,11.62178,11.62442,0.00,0.00
2016.12.09 16:32:11.085,11.62098,11.62369,0.00,0.00
2016.12.09 16:32:11.186,11.62088,11.62369,0.00,0.00
2016.12.09 16:32:11.518,11.62109,11.62369,0.00,0.00
2016.12.09 16:32:12.814,11.62119,11.62369,0.00,0.00
2016.12.09 16:32:12.990,11.62089,11.62369,0.00,0.00
2016.12.09 16:32:13.259,11.62109,11.62369,0.00,0.00
2016.12.09 16:32:13.309,11.62088,11.62369,0.00,0.00
2016.12.09 16:32:13.413,11.62131,11.62372,0.00,0.00
2016.12.09 16:32:13.514,11.62169,11.62449,0.00,0.00
2016.12.09 16:32:13.564,11.62169,11.62409,0.00,0.00
2016.12.09 16:32:13.715,11.62119,11.62368,0.00,0.00
2016.12.09 16:32:13.884,11.62099,11.62368,0.00,0.00
2016.12.09 16:32:13.935,11.62089,11.62368,0.00,0.00
2016.12.09 16:32:14.896,11.62119,11.62368,0.00,0.00
2016.12.09 16:32:14.997,11.62088,11.62368,0.00,0.00
2016.12.09 16:32:15.657,11.62088,11.62309,0.00,0.00
2016.12.09 16:32:15.862,11.62019,11.62269,0.00,0.00
2016.12.09 16:32:15.946,11.61999,11.62269,0.00,0.00
2016.12.09 16:32:16.000,11.61989,11.62269,0.00,0.00
2016.12.09 16:32:16.125,11.61991,11.62271,0.00,0.00
2016.12.09 16:32:16.226,11.62018,11.62302,0.00,0.00
2016.12.09 16:32:16.326,11.62058,11.62309,0.00,0.00
2016.12.09 16:32:16.551,11.62048,11.62332,0.00,0.00
2016.12.09 16:32:16.601,11.62032,11.62282,0.00,0.00
2016.12.09 16:32:16.711,11.62032,11.62292,0.00,0.00
2016.12.09 16:32:16.801,11.62078,11.62348,0.00,0.00
2016.12.09 16:32:16.913,11.62088,11.62348,0.00,0.00
2016.12.09 16:32:17.107,11.62058,11.62342,0.00,0.00
2016.12.09 16:32:17.318,11.62069,11.62348,0.00,0.00
2016.12.09 16:32:17.657,11.62089,11.62348,0.00,0.00
2016.12.09 16:32:17.853,11.62059,11.62341,0.00,0.00
2016.12.09 16:32:18.204,11.62068,11.62348,0.00,0.00
2016.12.09 16:32:18.556,11.62099,11.62348,0.00,0.00
2016.12.09 16:32:19.305,11.62069,11.62348,0.00,0.00
2016.12.09 16:32:20.130,11.62079,11.62348,0.00,0.00
2016.12.09 16:32:20.207,11.62058,11.62342,0.00,0.00
2016.12.09 16:32:21.709,11.62128,11.62348,0.00,0.00
2016.12.09 16:32:22.152,11.62118,11.62348,0.00,0.00
2016.12.09 16:32:22.203,11.62141,11.62402,0.00,0.00
2016.12.09 16:32:22.304,11.62129,11.62368,0.00,0.00
2016.12.09 16:32:22.512,11.62098,11.62368,0.00,0.00
2016.12.09 16:32:23.062,11.62108,11.62368,0.00,0.00
2016.12.09 16:32:23.367,11.62118,11.62368,0.00,0.00
2016.12.09 16:32:23.417,11.62142,11.62402,0.00,0.00
2016.12.09 16:32:23.518,11.62142,11.62392,0.00,0.00
2016.12.09 16:32:23.624,11.62178,11.62458,0.00,0.00
2016.12.09 16:32:23.866,11.62188,11.62458,0.00,0.00
2016.12.09 16:32:24.164,11.62168,11.62452,0.00,0.00
2016.12.09 16:32:24.265,11.62198,11.62458,0.00,0.00
2016.12.09 16:32:24.549,11.62169,11.62451,0.00,0.00
2016.12.09 16:32:24.720,11.62189,11.62458,0.00,0.00
2016.12.09 16:32:25.540,11.62168,11.62452,0.00,0.00
2016.12.09 16:32:25.660,11.62198,11.62458,0.00,0.00
2016.12.09 16:32:26.011,11.62198,11.62479,0.00,0.00
2016.12.09 16:32:26.224,11.62188,11.62472,0.00,0.00
2016.12.09 16:32:26.324,11.62169,11.62451,0.00,0.00
2016.12.09 16:32:26.650,11.62198,11.62479,0.00,0.00
2016.12.09 16:32:26.957,11.62178,11.62462,0.00,0.00
2016.12.09 16:32:27.528,11.62161,11.62441,0.00,0.00
2016.12.09 16:32:27.841,11.62189,11.62442,0.00,0.00
2016.12.09 16:32:27.892,11.62189,11.62458,0.00,0.00
2016.12.09 16:32:27.943,11.62161,11.62402,0.00,0.00
2016.12.09 16:32:28.029,11.62161,11.62442,0.00,0.00
2016.12.09 16:32:28.143,11.62188,11.62458,0.00,0.00
2016.12.09 16:32:29.032,11.62169,11.62451,0.00,0.00
2016.12.09 16:32:29.132,11.62188,11.62458,0.00,0.00
2016.12.09 16:32:29.183,11.62188,11.62472,0.00,0.00
2016.12.09 16:32:29.333,11.62161,11.62441,0.00,0.00
2016.12.09 16:32:29.734,11.62168,11.62452,0.00,0.00
2016.12.09 16:32:29.862,11.62161,11.62431,0.00,0.00
2016.12.09 16:32:29.913,11.62149,11.62429,0.00,0.00
2016.12.09 16:32:30.070,11.62152,11.62421,0.00,0.00
2016.12.09 16:32:30.281,11.62189,11.62468,0.00,0.00
2016.12.09 16:32:30.869,11.62188,11.62468,0.00,0.00
2016.12.09 16:32:31.080,11.62178,11.62462,0.00,0.00
2016.12.09 16:32:31.137,11.62158,11.62442,0.00,0.00
2016.12.09 16:32:31.530,11.62198,11.62468,0.00,0.00
2016.12.09 16:32:31.839,11.62179,11.62461,0.00,0.00
2016.12.09 16:32:32.378,11.62159,11.62441,0.00,0.00
2016.12.09 16:32:32.851,11.62189,11.62468,0.00,0.00
2016.12.09 16:32:33.643,11.62179,11.62461,0.00,0.00
2016.12.09 16:32:33.743,11.62199,11.62468,0.00,0.00
2016.12.09 16:32:33.897,11.62219,11.62501,0.00,0.00
2016.12.09 16:32:33.947,11.62228,11.62501,0.00,0.00
2016.12.09 16:32:34.048,11.62239,11.62521,0.00,0.00
2016.12.09 16:32:34.291,11.62211,11.62491,0.00,0.00
2016.12.09 16:32:34.344,11.62228,11.62512,0.00,0.00
2016.12.09 16:32:34.445,11.62211,11.62492,0.00,0.00
2016.12.09 16:32:35.548,11.62211,11.62482,0.00,0.00
2016.12.09 16:32:35.801,11.62211,11.62491,0.00,0.00
2016.12.09 16:32:35.852,11.62229,11.62511,0.00,0.00
2016.12.09 16:32:36.279,11.62211,11.62492,0.00,0.00
2016.12.09 16:32:37.051,11.62229,11.62511,0.00,0.00
2016.12.09 16:32:37.678,11.62251,11.62511,0.00,0.00
2016.12.09 16:32:37.904,11.62259,11.62541,0.00,0.00
2016.12.09 16:32:38.166,11.62261,11.62541,0.00,0.00
2016.12.09 16:32:38.408,11.62279,11.62561,0.00,0.00
2016.12.09 16:32:38.760,11.62288,11.62572,0.00,0.00
2016.12.09 16:32:38.861,11.62261,11.62542,0.00,0.00
2016.12.09 16:32:38.987,11.62279,11.62561,0.00,0.00
2016.12.09 16:32:39.177,11.62268,11.62552,0.00,0.00
2016.12.09 16:32:39.581,11.62261,11.62531,0.00,0.00
2016.12.09 16:32:39.658,11.62278,11.62562,0.00,0.00
2016.12.09 16:32:40.059,11.62268,11.62552,0.00,0.00
2016.12.09 16:32:40.436,11.62301,11.62552,0.00,0.00
2016.12.09 16:32:40.487,11.62268,11.62552,0.00,0.00
2016.12.09 16:32:40.588,11.62288,11.62572,0.00,0.00
2016.12.09 16:32:40.899,11.62261,11.62522,0.00,0.00
2016.12.09 16:32:40.961,11.62261,11.62531,0.00,0.00
2016.12.09 16:32:41.162,11.62269,11.62551,0.00,0.00
2016.12.09 16:32:41.410,11.62341,11.62551,0.00,0.00
2016.12.09 16:32:41.512,11.62341,11.62561,0.00,0.00
2016.12.09 16:32:41.663,11.62349,11.62631,0.00,0.00
2016.12.09 16:32:42.113,11.62341,11.62592,0.00,0.00
2016.12.09 16:32:42.164,11.62359,11.62641,0.00,0.00
2016.12.09 16:32:42.565,11.62368,11.62652,0.00,0.00
2016.12.09 16:32:42.665,11.62348,11.62632,0.00,0.00
2016.12.09 16:32:43.567,11.62368,11.62652,0.00,0.00
2016.12.09 16:32:44.029,11.62358,11.62642,0.00,0.00
2016.12.09 16:32:44.577,11.62341,11.62612,0.00,0.00
2016.12.09 16:32:44.699,11.62341,11.62622,0.00,0.00
2016.12.09 16:32:44.970,11.62341,11.62602,0.00,0.00
2016.12.09 16:32:45.420,11.62341,11.62581,0.00,0.00
2016.12.09 16:32:47.209,11.62341,11.62572,0.00,0.00
2016.12.09 16:32:47.274,11.62341,11.62601,0.00,0.00
2016.12.09 16:32:47.675,11.62341,11.62582,0.00,0.00
2016.12.09 16:32:47.825,11.62341,11.62601,0.00,0.00
2016.12.09 16:32:47.877,11.62341,11.62571,0.00,0.00
2016.12.09 16:32:48.098,11.62308,11.62562,0.00,0.00
2016.12.09 16:32:48.199,11.62261,11.62512,0.00,0.00
2016.12.09 16:32:48.545,11.62261,11.62492,0.00,0.00
2016.12.09 16:32:48.828,11.62261,11.62501,0.00,0.00
2016.12.09 16:32:49.083,11.62261,11.62492,0.00,0.00
2016.12.09 16:32:50.686,11.62261,11.62471,0.00,0.00
2016.12.09 16:32:51.187,11.62261,11.62491,0.00,0.00
2016.12.09 16:32:53.012,11.62261,11.62472,0.00,0.00
2016.12.09 16:32:53.496,11.62251,11.62472,0.00,0.00
2016.12.09 16:32:53.547,11.62211,11.62472,0.00,0.00
2016.12.09 16:32:53.648,11.62252,11.62502,0.00,0.00
2016.12.09 16:32:54.189,11.62252,11.62501,0.00,0.00
2016.12.09 16:32:54.530,11.62252,11.62462,0.00,0.00
2016.12.09 16:32:54.996,11.62252,11.62501,0.00,0.00
2016.12.09 16:32:55.698,11.62252,11.62472,0.00,0.00
2016.12.09 16:32:56.118,11.62252,11.62501,0.00,0.00
2016.12.09 16:32:56.215,11.62252,11.62481,0.00,0.00
2016.12.09 16:32:56.732,11.62252,11.62462,0.00,0.00
2016.12.09 16:32:57.032,11.62161,11.62479,0.00,0.00
2016.12.09 16:32:57.133,11.62161,11.62381,0.00,0.00
2016.12.09 16:32:57.435,11.62251,11.62502,0.00,0.00
2016.12.09 16:32:57.849,11.62251,11.62482,0.00,0.00
2016.12.09 16:32:58.423,11.62251,11.62502,0.00,0.00
2016.12.09 16:32:59.230,11.62252,11.62462,0.00,0.00
2016.12.09 16:32:59.841,11.62252,11.62481,0.00,0.00
2016.12.09 16:32:59.942,11.62252,11.62501,0.00,0.00
2016.12.09 16:33:01.120,11.62252,11.62482,0.00,0.00
2016.12.09 16:33:01.458,11.62252,11.62462,0.00,0.00
2016.12.09 16:33:01.916,11.62252,11.62481,0.00,0.00
2016.12.09 16:33:02.146,11.62252,11.62492,0.00,0.00
2016.12.09 16:33:02.217,11.62252,11.62461,0.00,0.00
2016.12.09 16:33:02.920,11.62252,11.62492,0.00,0.00
2016.12.09 16:33:03.130,11.62252,11.62471,0.00,0.00
2016.12.09 16:33:06.531,11.62252,11.62492,0.00,0.00
2016.12.09 16:33:06.869,11.62252,11.62482,0.00,0.00
2016.12.09 16:33:07.439,11.62252,11.62501,0.00,0.00
2016.12.09 16:33:07.840,11.62252,11.62511,0.00,0.00
2016.12.09 16:33:08.066,11.62252,11.62482,0.00,0.00
2016.12.09 16:33:08.186,11.62252,11.62522,0.00,0.00
2016.12.09 16:33:08.937,11.62252,11.62502,0.00,0.00
2016.12.09 16:33:09.246,11.62252,11.62482,0.00,0.00
2016.12.09 16:33:09.339,11.62252,11.62522,0.00,0.00
2016.12.09 16:33:09.587,11.62252,11.62501,0.00,0.00
2016.12.09 16:33:10.562,11.62252,11.62481,0.00,0.00
2016.12.09 16:33:10.888,11.62252,11.62512,0.00,0.00
2016.12.09 16:33:11.595,11.62252,11.62482,0.00,0.00
2016.12.09 16:33:11.646,11.62252,11.62501,0.00,0.00
2016.12.09 16:33:13.849,11.62252,11.62532,0.00,0.00
2016.12.09 16:33:14.258,11.62252,11.62502,0.00,0.00
2016.12.09 16:33:14.650,11.62252,11.62531,0.00,0.00
2016.12.09 16:33:15.730,11.62301,11.62531,0.00,0.00
2016.12.09 16:33:15.893,11.62342,11.62592,0.00,0.00
2016.12.09 16:33:16.415,11.62311,11.62592,0.00,0.00
2016.12.09 16:33:16.466,11.62311,11.62562,0.00,0.00
2016.12.09 16:33:16.516,11.62261,11.62562,0.00,0.00
2016.12.09 16:33:16.567,11.62261,11.62532,0.00,0.00
2016.12.09 16:33:16.898,11.62302,11.62561,0.00,0.00
2016.12.09 16:33:17.224,11.62302,11.62542,0.00,0.00
2016.12.09 16:33:17.546,11.62341,11.62542,0.00,0.00
2016.12.09 16:33:17.596,11.62341,11.62561,0.00,0.00
2016.12.09 16:33:17.705,11.62341,11.62591,0.00,0.00
2016.12.09 16:33:18.057,11.62341,11.62552,0.00,0.00
2016.12.09 16:33:18.160,11.62341,11.62601,0.00,0.00
2016.12.09 16:33:18.298,11.62341,11.62612,0.00,0.00
2016.12.09 16:33:18.359,11.62341,11.62632,0.00,0.00
2016.12.09 16:33:18.590,11.62341,11.62611,0.00,0.00
2016.12.09 16:33:18.920,11.62341,11.62601,0.00,0.00
2016.12.09 16:33:18.971,11.62341,11.62611,0.00,0.00
2016.12.09 16:33:19.369,11.62341,11.62582,0.00,0.00
2016.12.09 16:33:19.580,11.62341,11.62612,0.00,0.00
2016.12.09 16:33:20.118,11.62402,11.62612,0.00,0.00
2016.12.09 16:33:20.168,11.62361,11.62632,0.00,0.00
2016.12.09 16:33:20.269,11.62361,11.62581,0.00,0.00
2016.12.09 16:33:20.624,11.62361,11.62622,0.00,0.00
2016.12.09 16:33:21.107,11.62361,11.62592,0.00,0.00
2016.12.09 16:33:21.464,11.62361,11.62572,0.00,0.00
2016.12.09 16:33:21.892,11.62361,11.62582,0.00,0.00
2016.12.09 16:33:22.007,11.62361,11.62592,0.00,0.00
2016.12.09 16:33:24.041,11.62441,11.62592,0.00,0.00
2016.12.09 16:33:24.179,11.62452,11.62622,0.00,0.00
2016.12.09 16:33:24.269,11.62452,11.62702,0.00,0.00
2016.12.09 16:33:24.390,11.62552,11.62702,0.00,0.00
2016.12.09 16:33:24.592,11.62552,11.62711,0.00,0.00
2016.12.09 16:33:24.711,11.62552,11.62802,0.00,0.00
2016.12.09 16:33:24.769,11.62552,11.62762,0.00,0.00
2016.12.09 16:33:24.999,11.62552,11.62791,0.00,0.00
2016.12.09 16:33:25.102,11.62552,11.62812,0.00,0.00
2016.12.09 16:33:25.372,11.62552,11.62771,0.00,0.00
2016.12.09 16:33:25.773,11.62552,11.62782,0.00,0.00
2016.12.09 16:33:25.974,11.62552,11.62801,0.00,0.00
2016.12.09 16:33:26.487,11.62652,11.62801,0.00,0.00
2016.12.09 16:33:26.588,11.62652,11.62821,0.00,0.00
2016.12.09 16:33:26.676,11.62652,11.62872,0.00,0.00
2016.12.09 16:33:27.177,11.62652,11.62892,0.00,0.00
2016.12.09 16:33:27.408,11.62652,11.62862,0.00,0.00
2016.12.09 16:33:28.001,11.62702,11.62862,0.00,0.00
2016.12.09 16:33:28.102,11.62701,11.62891,0.00,0.00
2016.12.09 16:33:28.153,11.62658,11.62891,0.00,0.00
2016.12.09 16:33:28.203,11.62742,11.62922,0.00,0.00
2016.12.09 16:33:28.379,11.62742,11.62941,0.00,0.00
2016.12.09 16:33:28.781,11.62742,11.62952,0.00,0.00
2016.12.09 16:33:28.981,11.62742,11.62922,0.00,0.00
2016.12.09 16:33:29.227,11.62742,11.62942,0.00,0.00
2016.12.09 16:33:29.727,11.62742,11.62952,0.00,0.00
2016.12.09 16:33:29.887,11.62742,11.62942,0.00,0.00
2016.12.09 16:33:30.285,11.62742,11.62911,0.00,0.00
2016.12.09 16:33:30.696,11.62742,11.62931,0.00,0.00
2016.12.09 16:33:30.800,11.62742,11.62912,0.00,0.00
2016.12.09 16:33:30.901,11.62742,11.62932,0.00,0.00
2016.12.09 16:33:31.537,11.62708,11.62932,0.00,0.00
2016.12.09 16:33:31.588,11.62662,11.62932,0.00,0.00
2016.12.09 16:33:31.638,11.62662,11.62911,0.00,0.00
2016.12.09 16:33:31.960,11.62658,11.62842,0.00,0.00
2016.12.09 16:33:32.034,11.62658,11.62861,0.00,0.00
2016.12.09 16:33:32.085,11.62651,11.62861,0.00,0.00
2016.12.09 16:33:32.136,11.62651,11.62901,0.00,0.00
2016.12.09 16:33:32.457,11.62701,11.62901,0.00,0.00
2016.12.09 16:33:32.508,11.62701,11.62912,0.00,0.00
2016.12.09 16:33:33.218,11.62741,11.62892,0.00,0.00
2016.12.09 16:33:33.319,11.62741,11.62922,0.00,0.00
2016.12.09 16:33:33.394,11.62741,11.62952,0.00,0.00
2016.12.09 16:33:33.499,11.62741,11.62912,0.00,0.00
2016.12.09 16:33:33.656,11.62741,11.62961,0.00,0.00
2016.12.09 16:33:34.133,11.62741,11.62931,0.00,0.00
2016.12.09 16:33:34.334,11.62709,11.62901,0.00,0.00
2016.12.09 16:33:34.435,11.62662,11.62881,0.00,0.00
2016.12.09 16:33:34.536,11.62662,11.62831,0.00,0.00
2016.12.09 16:33:34.899,11.62662,11.62881,0.00,0.00
2016.12.09 16:33:35.063,11.62642,11.62881,0.00,0.00
2016.12.09 16:33:35.114,11.62642,11.62842,0.00,0.00
2016.12.09 16:33:35.453,11.62642,11.62822,0.00,0.00
2016.12.09 16:33:36.552,11.62642,11.62832,0.00,0.00
2016.12.09 16:33:36.652,11.62642,11.62872,0.00,0.00
2016.12.09 16:33:36.703,11.62642,11.62852,0.00,0.00
2016.12.09 16:33:37.221,11.62642,11.62891,0.00,0.00
2016.12.09 16:33:37.405,11.62651,11.62891,0.00,0.00
2016.12.09 16:33:37.506,11.62659,11.62911,0.00,0.00
2016.12.09 16:33:37.608,11.62651,11.62892,0.00,0.00
2016.12.09 16:33:37.812,11.62661,11.62932,0.00,0.00
2016.12.09 16:33:37.913,11.62651,11.62902,0.00,0.00
2016.12.09 16:33:38.180,11.62561,11.62851,0.00,0.00
2016.12.09 16:33:38.231,11.62561,11.62831,0.00,0.00
2016.12.09 16:33:38.597,11.62561,11.62782,0.00,0.00
2016.12.09 16:33:39.211,11.62561,11.62802,0.00,0.00
2016.12.09 16:33:39.917,11.62641,11.62832,0.00,0.00
2016.12.09 16:33:40.020,11.62641,11.62892,0.00,0.00
2016.12.09 16:33:40.121,11.62602,11.62851,0.00,0.00
2016.12.09 16:33:40.464,11.62602,11.62832,0.00,0.00
2016.12.09 16:33:40.802,11.62602,11.62851,0.00,0.00
2016.12.09 16:33:40.852,11.62642,11.62831,0.00,0.00
2016.12.09 16:33:40.953,11.62642,11.62901,0.00,0.00
2016.12.09 16:33:41.250,11.62602,11.62872,0.00,0.00
2016.12.09 16:33:41.301,11.62642,11.62872,0.00,0.00
2016.12.09 16:33:41.516,11.62642,11.62882,0.00,0.00
2016.12.09 16:33:42.032,11.62642,11.62901,0.00,0.00
2016.12.09 16:33:42.185,11.62642,11.62921,0.00,0.00
2016.12.09 16:33:42.518,11.62642,11.62902,0.00,0.00
2016.12.09 16:33:43.062,11.62642,11.62882,0.00,0.00
2016.12.09 16:33:43.548,11.62642,11.62921,0.00,0.00
2016.12.09 16:33:44.578,11.62642,11.62902,0.00,0.00
2016.12.09 16:33:45.044,11.62642,11.62881,0.00,0.00
2016.12.09 16:33:45.254,11.62659,11.62922,0.00,0.00
2016.12.09 16:33:45.355,11.62651,11.62931,0.00,0.00
2016.12.09 16:33:45.455,11.62651,11.62911,0.00,0.00
2016.12.09 16:33:45.765,11.62651,11.62862,0.00,0.00
2016.12.09 16:33:46.827,11.62651,11.62881,0.00,0.00
2016.12.09 16:33:47.528,11.62651,11.62891,0.00,0.00
2016.12.09 16:33:47.829,11.62651,11.62881,0.00,0.00
2016.12.09 16:33:48.339,11.62692,11.62891,0.00,0.00
2016.12.09 16:33:48.457,11.62692,11.62932,0.00,0.00
2016.12.09 16:33:49.056,11.62651,11.62932,0.00,0.00
2016.12.09 16:33:49.157,11.62651,11.62922,0.00,0.00
2016.12.09 16:33:49.609,11.62651,11.62882,0.00,0.00
2016.12.09 16:33:49.916,11.62741,11.62902,0.00,0.00
2016.12.09 16:33:49.967,11.62741,11.62952,0.00,0.00
2016.12.09 16:33:50.067,11.62741,11.62961,0.00,0.00
2016.12.09 16:33:50.377,11.62741,11.62942,0.00,0.00
2016.12.09 16:33:51.157,11.62741,11.62972,0.00,0.00
2016.12.09 16:33:51.236,11.62741,11.62981,0.00,0.00
2016.12.09 16:33:51.947,11.62741,11.62962,0.00,0.00
2016.12.09 16:33:52.293,11.62852,11.63001,0.00,0.00
2016.12.09 16:33:52.344,11.62852,11.63052,0.00,0.00
2016.12.09 16:33:52.503,11.62852,11.63072,0.00,0.00
2016.12.09 16:33:52.687,11.62852,11.63041,0.00,0.00
2016.12.09 16:33:53.172,11.62852,11.63051,0.00,0.00
2016.12.09 16:33:53.239,11.62852,11.63071,0.00,0.00
2016.12.09 16:33:54.577,11.62809,11.63052,0.00,0.00
2016.12.09 16:33:54.628,11.62761,11.63052,0.00,0.00
2016.12.09 16:33:54.757,11.62761,11.62962,0.00,0.00
2016.12.09 16:33:55.543,11.62761,11.62952,0.00,0.00
2016.12.09 16:33:56.175,11.62761,11.62992,0.00,0.00
2016.12.09 16:33:56.301,11.62841,11.62992,0.00,0.00
2016.12.09 16:33:56.352,11.62841,11.63012,0.00,0.00
2016.12.09 16:33:56.503,11.62841,11.63052,0.00,0.00
2016.12.09 16:33:56.660,11.62758,11.63022,0.00,0.00
2016.12.09 16:33:56.762,11.62751,11.62971,0.00,0.00
2016.12.09 16:33:56.978,11.62751,11.63002,0.00,0.00
2016.12.09 16:33:57.447,11.62751,11.62971,0.00,0.00
2016.12.09 16:33:57.870,11.62751,11.62991,0.00,0.00
2016.12.09 16:33:58.048,11.62751,11.62981,0.00,0.00
2016.12.09 16:33:58.450,11.62751,11.62961,0.00,0.00
2016.12.09 16:33:58.850,11.62751,11.63002,0.00,0.00
2016.12.09 16:33:59.161,11.62751,11.62972,0.00,0.00
2016.12.09 16:34:00.150,11.62751,11.62981,0.00,0.00
2016.12.09 16:34:00.295,11.62751,11.62952,0.00,0.00
2016.12.09 16:34:00.400,11.62742,11.62952,0.00,0.00
2016.12.09 16:34:00.451,11.62742,11.62991,0.00,0.00
2016.12.09 16:34:00.609,11.62692,11.62991,0.00,0.00
2016.12.09 16:34:00.659,11.62692,11.62951,0.00,0.00
2016.12.09 16:34:00.983,11.62692,11.62931,0.00,0.00
2016.12.09 16:34:01.258,11.62709,11.62951,0.00,0.00
2016.12.09 16:34:01.358,11.62709,11.62962,0.00,0.00
2016.12.09 16:34:01.459,11.62651,11.62891,0.00,0.00
2016.12.09 16:34:01.585,11.62651,11.62902,0.00,0.00
2016.12.09 16:34:01.653,11.62651,11.62881,0.00,0.00
2016.12.09 16:34:01.853,11.62651,11.62901,0.00,0.00
2016.12.09 16:34:02.060,11.62651,11.62921,0.00,0.00
2016.12.09 16:34:02.354,11.62651,11.62902,0.00,0.00
2016.12.09 16:34:03.087,11.62651,11.62922,0.00,0.00
2016.12.09 16:34:04.185,11.62651,11.62902,0.00,0.00
2016.12.09 16:34:05.038,11.62631,11.62902,0.00,0.00
2016.12.09 16:34:05.089,11.62631,11.62881,0.00,0.00
2016.12.09 16:34:05.459,11.62631,11.62852,0.00,0.00
2016.12.09 16:34:05.620,11.62558,11.62852,0.00,0.00
2016.12.09 16:34:05.671,11.62558,11.62869,0.00,0.00
2016.12.09 16:34:05.772,11.62551,11.62802,0.00,0.00
2016.12.09 16:34:06.061,11.62551,11.62821,0.00,0.00
2016.12.09 16:34:07.063,11.62551,11.62791,0.00,0.00
2016.12.09 16:34:07.377,11.62551,11.62782,0.00,0.00
2016.12.09 16:34:07.676,11.62551,11.62792,0.00,0.00
2016.12.09 16:34:08.273,11.62502,11.62792,0.00,0.00
2016.12.09 16:34:08.343,11.62502,11.62762,0.00,0.00
2016.12.09 16:34:08.584,11.62502,11.62782,0.00,0.00
2016.12.09 16:34:08.685,11.62502,11.62742,0.00,0.00
2016.12.09 16:34:08.998,11.62652,11.62892,0.00,0.00
2016.12.09 16:34:09.110,11.62652,11.62932,0.00,0.00
2016.12.09 16:34:09.210,11.62652,11.62911,0.00,0.00
2016.12.09 16:34:09.512,11.62741,11.62931,0.00,0.00
2016.12.09 16:34:09.613,11.62741,11.63011,0.00,0.00
2016.12.09 16:34:09.960,11.62751,11.63011,0.00,0.00
2016.12.09 16:34:10.470,11.62751,11.62992,0.00,0.00
2016.12.09 16:34:10.607,11.62751,11.63011,0.00,0.00
2016.12.09 16:34:10.795,11.62751,11.62981,0.00,0.00
2016.12.09 16:34:10.870,11.62751,11.63002,0.00,0.00
2016.12.09 16:34:11.023,11.62791,11.63002,0.00,0.00
2016.12.09 16:34:11.073,11.62791,11.63022,0.00,0.00
2016.12.09 16:34:11.174,11.62791,11.63061,0.00,0.00
2016.12.09 16:34:11.394,11.62752,11.63031,0.00,0.00
2016.12.09 16:34:11.495,11.62752,11.63001,0.00,0.00
2016.12.09 16:34:11.804,11.62841,11.63041,0.00,0.00
2016.12.09 16:34:11.905,11.62841,11.63092,0.00,0.00
2016.12.09 16:34:12.389,11.62841,11.63072,0.00,0.00
2016.12.09 16:34:12.975,11.62841,11.63102,0.00,0.00
2016.12.09 16:34:13.077,11.62841,11.63121,0.00,0.00
2016.12.09 16:34:13.306,11.62791,11.63082,0.00,0.00
2016.12.09 16:34:13.407,11.62791,11.63062,0.00,0.00
2016.12.09 16:34:13.597,11.62791,11.63072,0.00,0.00
2016.12.09 16:34:13.976,11.62791,11.63051,0.00,0.00
2016.12.09 16:34:14.581,11.62791,11.63041,0.00,0.00
2016.12.09 16:34:14.910,11.62791,11.63052,0.00,0.00
2016.12.09 16:34:15.151,11.62768,11.63052,0.00,0.00
2016.12.09 16:34:15.216,11.62751,11.63069,0.00,0.00
2016.12.09 16:34:15.278,11.62751,11.63002,0.00,0.00
2016.12.09 16:34:15.378,11.62751,11.63031,0.00,0.00
2016.12.09 16:34:15.428,11.62791,11.63031,0.00,0.00
2016.12.09 16:34:15.479,11.62791,11.63052,0.00,0.00
2016.12.09 16:34:15.580,11.62791,11.63072,0.00,0.00
2016.12.09 16:34:15.713,11.62791,11.63041,0.00,0.00
2016.12.09 16:34:15.779,11.62791,11.63072,0.00,0.00
2016.12.09 16:34:15.979,11.62791,11.63052,0.00,0.00
2016.12.09 16:34:16.425,11.62741,11.63052,0.00,0.00
2016.12.09 16:34:16.476,11.62719,11.63009,0.00,0.00
2016.12.09 16:34:16.526,11.62691,11.63009,0.00,0.00
2016.12.09 16:34:16.627,11.62691,11.62982,0.00,0.00
2016.12.09 16:34:16.780,11.62691,11.62992,0.00,0.00
2016.12.09 16:34:16.902,11.62691,11.62971,0.00,0.00
2016.12.09 16:34:17.281,11.62732,11.63002,0.00,0.00
2016.12.09 16:34:17.896,11.62821,11.62981,0.00,0.00
2016.12.09 16:34:17.946,11.62782,11.62981,0.00,0.00
2016.12.09 16:34:17.997,11.62782,11.62962,0.00,0.00
2016.12.09 16:34:18.098,11.62822,11.63072,0.00,0.00
2016.12.09 16:34:18.199,11.62822,11.63031,0.00,0.00
2016.12.09 16:34:18.282,11.62822,11.63071,0.00,0.00
2016.12.09 16:34:18.399,11.62781,11.63031,0.00,0.00
2016.12.09 16:34:18.525,11.62781,11.63051,0.00,0.00
2016.12.09 16:34:18.583,11.62781,11.63072,0.00,0.00
2016.12.09 16:34:19.007,11.62781,11.63052,0.00,0.00
2016.12.09 16:34:19.119,11.62781,11.63072,0.00,0.00
2016.12.09 16:34:19.841,11.62742,11.63058,0.00,0.00
2016.12.09 16:34:19.891,11.62742,11.63022,0.00,0.00
2016.12.09 16:34:20.240,11.62742,11.62981,0.00,0.00
2016.12.09 16:34:20.512,11.62742,11.63001,0.00,0.00
2016.12.09 16:34:20.613,11.62742,11.63021,0.00,0.00
2016.12.09 16:34:20.735,11.62742,11.63001,0.00,0.00
2016.12.09 16:34:21.039,11.62742,11.62972,0.00,0.00
2016.12.09 16:34:21.223,11.62742,11.63001,0.00,0.00
2016.12.09 16:34:21.282,11.62781,11.63001,0.00,0.00
2016.12.09 16:34:21.332,11.62781,11.63012,0.00,0.00
2016.12.09 16:34:21.419,11.62781,11.63031,0.00,0.00
2016.12.09 16:34:21.908,11.62731,11.63031,0.00,0.00
2016.12.09 16:34:22.009,11.62731,11.62991,0.00,0.00
2016.12.09 16:34:22.340,11.62749,11.62972,0.00,0.00
2016.12.09 16:34:22.441,11.62782,11.63022,0.00,0.00
2016.12.09 16:34:22.542,11.62782,11.63032,0.00,0.00
2016.12.09 16:34:22.592,11.62782,11.63002,0.00,0.00
2016.12.09 16:34:22.915,11.62741,11.63042,0.00,0.00
2016.12.09 16:34:22.965,11.62741,11.63031,0.00,0.00
2016.12.09 16:34:23.449,11.62741,11.62982,0.00,0.00
2016.12.09 16:34:23.789,11.62721,11.62962,0.00,0.00
2016.12.09 16:34:23.991,11.62622,11.62962,0.00,0.00
2016.12.09 16:34:24.042,11.62622,11.62951,0.00,0.00
2016.12.09 16:34:24.360,11.62622,11.62872,0.00,0.00
2016.12.09 16:34:24.410,11.62622,11.62892,0.00,0.00
2016.12.09 16:34:24.793,11.62622,11.62902,0.00,0.00
2016.12.09 16:34:24.968,11.62622,11.62861,0.00,0.00
2016.12.09 16:34:25.120,11.62622,11.62872,0.00,0.00
2016.12.09 16:34:25.221,11.62622,11.62911,0.00,0.00
2016.12.09 16:34:25.518,11.62622,11.62892,0.00,0.00
2016.12.09 16:34:25.995,11.62622,11.62912,0.00,0.00
2016.12.09 16:34:26.343,11.62622,11.62892,0.00,0.00
2016.12.09 16:34:26.396,11.62622,11.62911,0.00,0.00
2016.12.09 16:34:26.497,11.62622,11.62872,0.00,0.00
2016.12.09 16:34:27.090,11.62622,11.62871,0.00,0.00
2016.12.09 16:34:27.140,11.62622,11.62902,0.00,0.00
2016.12.09 16:34:27.816,11.62622,11.62881,0.00,0.00
2016.12.09 16:34:27.927,11.62622,11.62902,0.00,0.00
2016.12.09 16:34:27.998,11.62622,11.62931,0.00,0.00
2016.12.09 16:34:28.098,11.62622,11.62921,0.00,0.00
2016.12.09 16:34:28.433,11.62638,11.62922,0.00,0.00
2016.12.09 16:34:28.763,11.62628,11.62912,0.00,0.00
2016.12.09 16:34:29.433,11.62622,11.62882,0.00,0.00
2016.12.09 16:34:29.950,11.62622,11.62901,0.00,0.00
2016.12.09 16:34:30.000,11.62622,11.62882,0.00,0.00
2016.12.09 16:34:30.324,11.62611,11.62832,0.00,0.00
2016.12.09 16:34:30.375,11.62611,11.62872,0.00,0.00
2016.12.09 16:34:30.425,11.62611,11.62852,0.00,0.00
2016.12.09 16:34:30.501,11.62611,11.62892,0.00,0.00
2016.12.09 16:34:30.623,11.62579,11.62861,0.00,0.00
2016.12.09 16:34:30.724,11.62571,11.62832,0.00,0.00
2016.12.09 16:34:30.774,11.62548,11.62832,0.00,0.00
2016.12.09 16:34:30.854,11.62521,11.62801,0.00,0.00
2016.12.09 16:34:32.187,11.62539,11.62821,0.00,0.00
2016.12.09 16:34:32.607,11.62548,11.62832,0.00,0.00
2016.12.09 16:34:32.849,11.62539,11.62821,0.00,0.00
2016.12.09 16:34:32.908,11.62548,11.62832,0.00,0.00
2016.12.09 16:34:33.751,11.62539,11.62821,0.00,0.00
2016.12.09 16:34:34.559,11.62521,11.62802,0.00,0.00
2016.12.09 16:34:35.323,11.62529,11.62811,0.00,0.00
2016.12.09 16:34:35.424,11.62521,11.62801,0.00,0.00
2016.12.09 16:34:36.015,11.62539,11.62821,0.00,0.00
2016.12.09 16:34:36.355,11.62558,11.62832,0.00,0.00
2016.12.09 16:34:37.140,11.62611,11.62852,0.00,0.00
2016.12.09 16:34:37.240,11.62619,11.62901,0.00,0.00
2016.12.09 16:34:37.418,11.62611,11.62892,0.00,0.00
2016.12.09 16:34:37.518,11.62628,11.62912,0.00,0.00
2016.12.09 16:34:37.819,11.62611,11.62892,0.00,0.00
2016.12.09 16:34:38.264,11.62611,11.62872,0.00,0.00
2016.12.09 16:34:38.464,11.62611,11.62892,0.00,0.00
2016.12.09 16:34:38.920,11.62611,11.62872,0.00,0.00
2016.12.09 16:34:42.537,11.62619,11.62901,0.00,0.00
2016.12.09 16:34:43.155,11.62611,11.62861,0.00,0.00
2016.12.09 16:34:43.789,11.62611,11.62852,0.00,0.00
2016.12.09 16:34:43.840,11.62572,11.62842,0.00,0.00
2016.12.09 16:34:43.891,11.62558,11.62831,0.00,0.00
2016.12.09 16:34:43.991,11.62539,11.62821,0.00,0.00
2016.12.09 16:34:44.042,11.62559,11.62831,0.00,0.00
2016.12.09 16:34:44.129,11.62539,11.62821,0.00,0.00
2016.12.09 16:34:45.148,11.62558,11.62831,0.00,0.00
2016.12.09 16:34:45.774,11.62549,11.62831,0.00,0.00
2016.12.09 16:34:45.868,11.62558,11.62831,0.00,0.00
2016.12.09 16:34:47.039,11.62548,11.62831,0.00,0.00
2016.12.09 16:34:47.437,11.62558,11.62831,0.00,0.00
2016.12.09 16:34:47.738,11.62539,11.62821,0.00,0.00
2016.12.09 16:34:48.283,11.62558,11.62831,0.00,0.00
2016.12.09 16:34:49.108,11.62558,11.62842,0.00,0.00
2016.12.09 16:34:49.159,11.62561,11.62821,0.00,0.00
2016.12.09 16:34:49.209,11.62539,11.62821,0.00,0.00
2016.12.09 16:34:49.260,11.62589,11.62832,0.00,0.00
2016.12.09 16:34:49.374,11.62569,11.62832,0.00,0.00
2016.12.09 16:34:49.443,11.62538,11.62822,0.00,0.00
2016.12.09 16:34:50.094,11.62559,11.62832,0.00,0.00
2016.12.09 16:34:50.147,11.62538,11.62822,0.00,0.00
2016.12.09 16:34:50.247,11.62529,11.62811,0.00,0.00
2016.12.09 16:34:50.410,11.62538,11.62822,0.00,0.00
2016.12.09 16:34:50.750,11.62558,11.62832,0.00,0.00
2016.12.09 16:34:51.137,11.62558,11.62842,0.00,0.00
2016.12.09 16:34:51.187,11.62548,11.62832,0.00,0.00
2016.12.09 16:34:51.814,11.62548,11.62831,0.00,0.00
2016.12.09 16:34:51.979,11.62538,11.62822,0.00,0.00
2016.12.09 16:34:52.789,11.62579,11.62831,0.00,0.00
2016.12.09 16:34:52.854,11.62558,11.62831,0.00,0.00
2016.12.09 16:34:52.970,11.62538,11.62822,0.00,0.00
2016.12.09 16:34:53.259,11.62558,11.62831,0.00,0.00
2016.12.09 16:34:53.355,11.62539,11.62821,0.00,0.00
2016.12.09 16:34:53.501,11.62611,11.62862,0.00,0.00
2016.12.09 16:34:53.607,11.62629,11.62911,0.00,0.00
2016.12.09 16:34:53.659,11.62638,11.62922,0.00,0.00
2016.12.09 16:34:54.065,11.62629,11.62911,0.00,0.00
2016.12.09 16:34:54.427,11.62611,11.62891,0.00,0.00
2016.12.09 16:34:54.560,11.62629,11.62911,0.00,0.00
2016.12.09 16:34:55.069,11.62638,11.62922,0.00,0.00
2016.12.09 16:34:55.179,11.62611,11.62891,0.00,0.00
2016.12.09 16:34:55.280,11.62638,11.62922,0.00,0.00
2016.12.09 16:34:55.402,11.62611,11.62891,0.00,0.00
2016.12.09 16:34:55.463,11.62639,11.62921,0.00,0.00
2016.12.09 16:34:55.799,11.62611,11.62891,0.00,0.00
2016.12.09 16:34:56.195,11.62611,11.62882,0.00,0.00
2016.12.09 16:34:56.372,11.62618,11.62902,0.00,0.00
2016.12.09 16:34:56.545,11.62611,11.62872,0.00,0.00
2016.12.09 16:34:56.967,11.62611,11.62892,0.00,0.00
2016.12.09 16:34:57.068,11.62619,11.62901,0.00,0.00
2016.12.09 16:34:57.189,11.62629,11.62911,0.00,0.00
2016.12.09 16:34:57.368,11.62638,11.62922,0.00,0.00
2016.12.09 16:34:58.070,11.62628,11.62912,0.00,0.00
2016.12.09 16:34:58.451,11.62619,11.62901,0.00,0.00
2016.12.09 16:34:59.492,11.62639,11.62921,0.00,0.00
2016.12.09 16:34:59.841,11.62619,11.62901,0.00,0.00
2016.12.09 16:35:00.181,11.62611,11.62881,0.00,0.00
2016.12.09 16:35:00.231,11.62599,11.62878,0.00,0.00
2016.12.09 16:35:00.282,11.62588,11.62872,0.00,0.00
2016.12.09 16:35:00.383,11.62558,11.62832,0.00,0.00
2016.12.09 16:35:00.753,11.62578,11.62832,0.00,0.00
2016.12.09 16:35:00.991,11.62568,11.62832,0.00,0.00
2016.12.09 16:35:01.216,11.62578,11.62832,0.00,0.00
2016.12.09 16:35:01.317,11.62538,11.62822,0.00,0.00
2016.12.09 16:35:01.612,11.62532,11.62812,0.00,0.00
2016.12.09 16:35:02.315,11.62568,11.62832,0.00,0.00
2016.12.09 16:35:02.521,11.62548,11.62832,0.00,0.00
2016.12.09 16:35:02.622,11.62532,11.62812,0.00,0.00
2016.12.09 16:35:03.135,11.62559,11.62832,0.00,0.00
2016.12.09 16:35:03.241,11.62548,11.62832,0.00,0.00
2016.12.09 16:35:04.603,11.62532,11.62812,0.00,0.00
2016.12.09 16:35:04.704,11.62548,11.62832,0.00,0.00
2016.12.09 16:35:04.805,11.62578,11.62862,0.00,0.00
2016.12.09 16:35:05.121,11.62571,11.62841,0.00,0.00
2016.12.09 16:35:05.794,11.62571,11.62832,0.00,0.00
2016.12.09 16:35:06.915,11.62548,11.62831,0.00,0.00
2016.12.09 16:35:07.016,11.62568,11.62831,0.00,0.00
2016.12.09 16:35:07.329,11.62522,11.62782,0.00,0.00
2016.12.09 16:35:07.398,11.62538,11.62822,0.00,0.00
2016.12.09 16:35:07.731,11.62528,11.62812,0.00,0.00
2016.12.09 16:35:08.101,11.62522,11.62792,0.00,0.00
2016.12.09 16:35:09.102,11.62522,11.62801,0.00,0.00
2016.12.09 16:35:09.225,11.62522,11.62792,0.00,0.00
2016.12.09 16:35:09.450,11.62539,11.62821,0.00,0.00
2016.12.09 16:35:09.504,11.62522,11.62801,0.00,0.00
2016.12.09 16:35:10.110,11.62522,11.62792,0.00,0.00
2016.12.09 16:35:10.216,11.62522,11.62801,0.00,0.00
2016.12.09 16:35:10.327,11.62522,11.62792,0.00,0.00
2016.12.09 16:35:10.856,11.62522,11.62781,0.00,0.00
2016.12.09 16:35:11.010,11.62522,11.62791,0.00,0.00
2016.12.09 16:35:11.237,11.62529,11.62811,0.00,0.00
2016.12.09 16:35:11.370,11.62529,11.62782,0.00,0.00
2016.12.09 16:35:11.420,11.62488,11.62772,0.00,0.00
2016.12.09 16:35:11.471,11.62511,11.62772,0.00,0.00
2016.12.09 16:35:11.732,11.62519,11.62801,0.00,0.00
2016.12.09 16:35:12.437,11.62511,11.62792,0.00,0.00
2016.12.09 16:35:12.949,11.62511,11.62791,0.00,0.00
2016.12.09 16:35:13.060,11.62518,11.62802,0.00,0.00
2016.12.09 16:35:13.412,11.62511,11.62771,0.00,0.00
2016.12.09 16:35:14.013,11.62529,11.62811,0.00,0.00
2016.12.09 16:35:14.543,11.62511,11.62792,0.00,0.00
2016.12.09 16:35:14.614,11.62519,11.62801,0.00,0.00
2016.12.09 16:35:15.045,11.62511,11.62791,0.00,0.00
2016.12.09 16:35:15.158,11.62529,11.62811,0.00,0.00
2016.12.09 16:35:15.315,11.62511,11.62772,0.00,0.00
2016.12.09 16:35:15.863,11.62511,11.62791,0.00,0.00
2016.12.09 16:35:16.120,11.62511,11.62772,0.00,0.00
2016.12.09 16:35:16.221,11.62481,11.62761,0.00,0.00
2016.12.09 16:35:16.322,11.62481,11.62742,0.00,0.00
2016.12.09 16:35:16.612,11.62528,11.62812,0.00,0.00
2016.12.09 16:35:16.662,11.62521,11.62801,0.00,0.00
2016.12.09 16:35:16.990,11.62521,11.62791,0.00,0.00
2016.12.09 16:35:17.043,11.62489,11.62771,0.00,0.00
2016.12.09 16:35:17.143,11.62431,11.62712,0.00,0.00
2016.12.09 16:35:17.464,11.62458,11.62732,0.00,0.00
2016.12.09 16:35:17.518,11.62439,11.62721,0.00,0.00
2016.12.09 16:35:17.711,11.62471,11.62721,0.00,0.00
2016.12.09 16:35:17.761,11.62471,11.62752,0.00,0.00
2016.12.09 16:35:17.812,11.62468,11.62732,0.00,0.00
2016.12.09 16:35:18.030,11.62449,11.62731,0.00,0.00
2016.12.09 16:35:18.220,11.62431,11.62702,0.00,0.00
2016.12.09 16:35:18.657,11.62448,11.62732,0.00,0.00
2016.12.09 16:35:18.829,11.62458,11.62732,0.00,0.00
2016.12.09 16:35:19.421,11.62438,11.62722,0.00,0.00
2016.12.09 16:35:19.542,11.62431,11.62702,0.00,0.00
2016.12.09 16:35:21.246,11.62431,11.62712,0.00,0.00
2016.12.09 16:35:21.530,11.62431,11.62692,0.00,0.00
2016.12.09 16:35:22.060,11.62431,11.62702,0.00,0.00
2016.12.09 16:35:22.452,11.62431,11.62682,0.00,0.00
2016.12.09 16:35:23.228,11.62431,11.62702,0.00,0.00
2016.12.09 16:35:23.327,11.62431,11.62712,0.00,0.00
2016.12.09 16:35:23.560,11.62431,11.62701,0.00,0.00
2016.12.09 16:35:23.968,11.62431,11.62682,0.00,0.00
2016.12.09 16:35:24.029,11.62431,11.62711,0.00,0.00
2016.12.09 16:35:24.656,11.62431,11.62692,0.00,0.00
2016.12.09 16:35:25.100,11.62431,11.62681,0.00,0.00
2016.12.09 16:35:25.231,11.62431,11.62692,0.00,0.00
2016.12.09 16:35:25.368,11.62422,11.62681,0.00,0.00
2016.12.09 16:35:25.674,11.62422,11.62662,0.00,0.00
2016.12.09 16:35:25.869,11.62422,11.62681,0.00,0.00
2016.12.09 16:35:26.040,11.62422,11.62691,0.00,0.00
2016.12.09 16:35:27.519,11.62422,11.62681,0.00,0.00
2016.12.09 16:35:27.835,11.62422,11.62692,0.00,0.00
2016.12.09 16:35:28.084,11.62422,11.62671,0.00,0.00
2016.12.09 16:35:28.636,11.62422,11.62691,0.00,0.00
2016.12.09 16:35:28.880,11.62428,11.62712,0.00,0.00
2016.12.09 16:35:29.137,11.62422,11.62701,0.00,0.00
2016.12.09 16:35:29.238,11.62428,11.62712,0.00,0.00
2016.12.09 16:35:29.642,11.62422,11.62701,0.00,0.00
2016.12.09 16:35:30.150,11.62422,11.62702,0.00,0.00
2016.12.09 16:35:30.481,11.62422,11.62682,0.00,0.00
2016.12.09 16:35:30.941,11.62422,11.62691,0.00,0.00
2016.12.09 16:35:31.041,11.62422,11.62672,0.00,0.00
2016.12.09 16:35:31.589,11.62422,11.62691,0.00,0.00
2016.12.09 16:35:31.642,11.62429,11.62711,0.00,0.00
2016.12.09 16:35:31.892,11.62422,11.62691,0.00,0.00
2016.12.09 16:35:31.942,11.62429,11.62711,0.00,0.00
2016.12.09 16:35:33.044,11.62422,11.62702,0.00,0.00
2016.12.09 16:35:33.473,11.62422,11.62691,0.00,0.00
2016.12.09 16:35:33.556,11.62428,11.62712,0.00,0.00
2016.12.09 16:35:33.890,11.62512,11.62712,0.00,0.00
2016.12.09 16:35:34.093,11.62512,11.62792,0.00,0.00
2016.12.09 16:35:35.293,11.62519,11.62801,0.00,0.00
2016.12.09 16:35:35.588,11.62528,11.62812,0.00,0.00
2016.12.09 16:35:36.150,11.62518,11.62802,0.00,0.00
2016.12.09 16:35:36.529,11.62538,11.62822,0.00,0.00
2016.12.09 16:35:36.952,11.62512,11.62782,0.00,0.00
2016.12.09 16:35:37.251,11.62528,11.62812,0.00,0.00
2016.12.09 16:35:37.852,11.62518,11.62802,0.00,0.00
2016.12.09 16:35:38.169,11.62529,11.62811,0.00,0.00
2016.12.09 16:35:39.364,11.62518,11.62802,0.00,0.00
2016.12.09 16:35:39.742,11.62512,11.62782,0.00,0.00
2016.12.09 16:35:39.793,11.62518,11.62802,0.00,0.00
2016.12.09 16:35:40.159,11.62528,11.62812,0.00,0.00
2016.12.09 16:35:41.156,11.62519,11.62801,0.00,0.00
2016.12.09 16:35:42.764,11.62529,11.62811,0.00,0.00
2016.12.09 16:35:43.123,11.62622,11.62811,0.00,0.00
2016.12.09 16:35:43.198,11.62622,11.62822,0.00,0.00
2016.12.09 16:35:43.299,11.62622,11.62881,0.00,0.00
2016.12.09 16:35:43.502,11.62622,11.62892,0.00,0.00
2016.12.09 16:35:43.978,11.62622,11.62882,0.00,0.00
2016.12.09 16:35:44.079,11.62622,11.62902,0.00,0.00
2016.12.09 16:35:44.189,11.62622,11.62862,0.00,0.00
2016.12.09 16:35:44.562,11.62622,11.62882,0.00,0.00
2016.12.09 16:35:44.766,11.62632,11.62901,0.00,0.00
2016.12.09 16:35:44.818,11.62619,11.62901,0.00,0.00
2016.12.09 16:35:44.868,11.62722,11.62932,0.00,0.00
2016.12.09 16:35:45.096,11.62722,11.62981,0.00,0.00
2016.12.09 16:35:45.263,11.62722,11.62942,0.00,0.00
2016.12.09 16:35:45.711,11.62722,11.62952,0.00,0.00
2016.12.09 16:35:45.764,11.62722,11.62991,0.00,0.00
2016.12.09 16:35:46.086,11.62722,11.63002,0.00,0.00
2016.12.09 16:35:46.166,11.62729,11.63011,0.00,0.00
2016.12.09 16:35:46.364,11.62722,11.63002,0.00,0.00
2016.12.09 16:35:47.566,11.62722,11.62981,0.00,0.00
2016.12.09 16:35:48.113,11.62722,11.63002,0.00,0.00
2016.12.09 16:35:49.580,11.62722,11.62982,0.00,0.00
2016.12.09 16:35:50.069,11.62722,11.62991,0.00,0.00
2016.12.09 16:35:50.170,11.62722,11.62982,0.00,0.00
2016.12.09 16:35:50.718,11.62722,11.62992,0.00,0.00
2016.12.09 16:35:50.819,11.62722,11.62972,0.00,0.00
2016.12.09 16:35:52.929,11.62688,11.62972,0.00,0.00
2016.12.09 16:35:52.980,11.62678,11.62962,0.00,0.00
2016.12.09 16:35:53.370,11.62631,11.62902,0.00,0.00
2016.12.09 16:35:53.729,11.62631,11.62871,0.00,0.00
2016.12.09 16:35:53.780,11.62631,11.62902,0.00,0.00
2016.12.09 16:35:53.875,11.62631,11.62912,0.00,0.00
2016.12.09 16:35:54.302,11.62631,11.62892,0.00,0.00
2016.12.09 16:35:56.594,11.62648,11.62892,0.00,0.00
2016.12.09 16:35:56.796,11.62722,11.62981,0.00,0.00
2016.12.09 16:35:57.209,11.62722,11.62952,0.00,0.00
2016.12.09 16:35:57.581,11.62722,11.62972,0.00,0.00
2016.12.09 16:35:57.994,11.62722,11.62981,0.00,0.00
2016.12.09 16:35:58.623,11.62722,11.62971,0.00,0.00
2016.12.09 16:35:58.984,11.62722,11.62982,0.00,0.00
2016.12.09 16:35:59.085,11.62722,11.63001,0.00,0.00
2016.12.09 16:35:59.391,11.62822,11.63001,0.00,0.00
2016.12.09 16:35:59.498,11.62822,11.63012,0.00,0.00
2016.12.09 16:35:59.599,11.62822,11.63022,0.00,0.00
2016.12.09 16:35:59.814,11.62822,11.63092,0.00,0.00
2016.12.09 16:35:59.886,11.62822,11.63062,0.00,0.00
2016.12.09 16:36:00.201,11.62822,11.63092,0.00,0.00
2016.12.09 16:36:00.422,11.62822,11.63102,0.00,0.00
2016.12.09 16:36:00.587,11.62822,11.63062,0.00,0.00
2016.12.09 16:36:00.808,11.62822,11.63092,0.00,0.00
2016.12.09 16:36:01.167,11.62822,11.63081,0.00,0.00
2016.12.09 16:36:01.506,11.62822,11.63072,0.00,0.00
2016.12.09 16:36:01.618,11.62822,11.63082,0.00,0.00
2016.12.09 16:36:01.738,11.62822,11.63072,0.00,0.00
2016.12.09 16:36:01.790,11.62822,11.63082,0.00,0.00
2016.12.09 16:36:01.907,11.62822,11.63102,0.00,0.00
2016.12.09 16:36:02.203,11.62822,11.63082,0.00,0.00
2016.12.09 16:36:02.620,11.62822,11.63092,0.00,0.00
2016.12.09 16:36:02.929,11.62911,11.63141,0.00,0.00
2016.12.09 16:36:03.030,11.62911,11.63152,0.00,0.00
2016.12.09 16:36:03.131,11.62889,11.63171,0.00,0.00
2016.12.09 16:36:03.231,11.62849,11.63131,0.00,0.00
2016.12.09 16:36:03.555,11.62821,11.63081,0.00,0.00
2016.12.09 16:36:03.605,11.62829,11.63111,0.00,0.00
2016.12.09 16:36:04.113,11.62821,11.63102,0.00,0.00
2016.12.09 16:36:04.595,11.62821,11.63082,0.00,0.00
2016.12.09 16:36:04.895,11.62821,11.63101,0.00,0.00
2016.12.09 16:36:05.107,11.62828,11.63112,0.00,0.00
2016.12.09 16:36:05.228,11.62849,11.63131,0.00,0.00
2016.12.09 16:36:06.047,11.62821,11.63101,0.00,0.00
2016.12.09 16:36:06.481,11.62821,11.63082,0.00,0.00
2016.12.09 16:36:06.591,11.62828,11.63112,0.00,0.00
2016.12.09 16:36:06.646,11.62838,11.63122,0.00,0.00
2016.12.09 16:36:07.049,11.62821,11.63092,0.00,0.00
2016.12.09 16:36:07.828,11.62821,11.63102,0.00,0.00
2016.12.09 16:36:09.052,11.62818,11.63102,0.00,0.00
2016.12.09 16:36:09.103,11.62811,11.63032,0.00,0.00
2016.12.09 16:36:09.153,11.62811,11.63082,0.00,0.00
2016.12.09 16:36:09.204,11.62811,11.63031,0.00,0.00
2016.12.09 16:36:09.313,11.62811,11.63072,0.00,0.00
2016.12.09 16:36:09.425,11.62819,11.63101,0.00,0.00
2016.12.09 16:36:09.740,11.62811,11.63091,0.00,0.00
2016.12.09 16:36:09.804,11.62828,11.63112,0.00,0.00
2016.12.09 16:36:09.905,11.62811,11.63072,0.00,0.00
2016.12.09 16:36:10.505,11.62811,11.63081,0.00,0.00
2016.12.09 16:36:10.807,11.62811,11.63071,0.00,0.00
2016.12.09 16:36:10.943,11.62811,11.63082,0.00,0.00
2016.12.09 16:36:11.006,11.62839,11.63121,0.00,0.00
2016.12.09 16:36:11.411,11.62808,11.63092,0.00,0.00
2016.12.09 16:36:11.499,11.62808,11.63082,0.00,0.00
2016.12.09 16:36:11.549,11.62799,11.63081,0.00,0.00
2016.12.09 16:36:11.650,11.62772,11.63052,0.00,0.00
2016.12.09 16:36:11.851,11.62788,11.63072,0.00,0.00
2016.12.09 16:36:11.957,11.62778,11.63062,0.00,0.00
2016.12.09 16:36:12.308,11.62839,11.63109,0.00,0.00
2016.12.09 16:36:12.377,11.62839,11.63121,0.00,0.00
2016.12.09 16:36:12.428,11.62848,11.63132,0.00,0.00
2016.12.09 16:36:12.509,11.62819,11.63101,0.00,0.00
2016.12.09 16:36:12.738,11.62848,11.63132,0.00,0.00
2016.12.09 16:36:13.013,11.62839,11.63121,0.00,0.00
2016.12.09 16:36:13.510,11.62819,11.63101,0.00,0.00
2016.12.09 16:36:14.111,11.62839,11.63121,0.00,0.00
2016.12.09 16:36:15.113,11.62819,11.63101,0.00,0.00
2016.12.09 16:36:15.543,11.62812,11.63082,0.00,0.00
2016.12.09 16:36:15.748,11.62828,11.63112,0.00,0.00
2016.12.09 16:36:16.315,11.62818,11.63102,0.00,0.00
2016.12.09 16:36:16.630,11.62779,11.63061,0.00,0.00
2016.12.09 16:36:16.977,11.62808,11.63082,0.00,0.00
2016.12.09 16:36:17.306,11.62788,11.63032,0.00,0.00
2016.12.09 16:36:17.357,11.62739,11.63021,0.00,0.00
2016.12.09 16:36:19.140,11.62748,11.63032,0.00,0.00
2016.12.09 16:36:19.250,11.62768,11.63032,0.00,0.00
2016.12.09 16:36:19.419,11.62749,11.63031,0.00,0.00
2016.12.09 16:36:19.540,11.62769,11.63032,0.00,0.00
2016.12.09 16:36:19.913,11.62771,11.63051,0.00,0.00
2016.12.09 16:36:19.963,11.62811,11.63042,0.00,0.00
2016.12.09 16:36:20.064,11.62818,11.63102,0.00,0.00
2016.12.09 16:36:20.120,11.62828,11.63112,0.00,0.00
2016.12.09 16:36:20.599,11.62811,11.63092,0.00,0.00
2016.12.09 16:36:21.122,11.62828,11.63112,0.00,0.00
2016.12.09 16:36:21.522,11.62811,11.63081,0.00,0.00
2016.12.09 16:36:22.324,11.62811,11.63091,0.00,0.00
2016.12.09 16:36:23.034,11.62818,11.63102,0.00,0.00
2016.12.09 16:36:23.566,11.62811,11.63092,0.00,0.00
2016.12.09 16:36:25.128,11.62811,11.63071,0.00,0.00
2016.12.09 16:36:25.334,11.62811,11.63081,0.00,0.00
2016.12.09 16:36:25.429,11.62818,11.63102,0.00,0.00
2016.12.09 16:36:25.630,11.62841,11.63102,0.00,0.00
2016.12.09 16:36:27.539,11.62818,11.63079,0.00,0.00
2016.12.09 16:36:27.882,11.62801,11.63072,0.00,0.00
2016.12.09 16:36:28.251,11.62801,11.63061,0.00,0.00
2016.12.09 16:36:29.372,11.62801,11.63079,0.00,0.00
2016.12.09 16:36:29.768,11.62842,11.63082,0.00,0.00
2016.12.09 16:36:29.869,11.62842,11.63102,0.00,0.00
2016.12.09 16:36:29.938,11.62842,11.63111,0.00,0.00
2016.12.09 16:36:30.267,11.62842,11.63118,0.00,0.00
2016.12.09 16:36:30.640,11.62842,11.63112,0.00,0.00
2016.12.09 16:36:31.589,11.62842,11.63092,0.00,0.00
2016.12.09 16:36:31.642,11.62849,11.63118,0.00,0.00
2016.12.09 16:36:31.744,11.62852,11.63131,0.00,0.00
2016.12.09 16:36:32.362,11.62852,11.63102,0.00,0.00
2016.12.09 16:36:32.443,11.62852,11.63122,0.00,0.00
2016.12.09 16:36:32.544,11.62852,11.63091,0.00,0.00
2016.12.09 16:36:33.662,11.62852,11.63121,0.00,0.00
2016.12.09 16:36:34.253,11.62852,11.63092,0.00,0.00
2016.12.09 16:36:34.546,11.62842,11.63102,0.00,0.00
2016.12.09 16:36:36.149,11.62842,11.63081,0.00,0.00
2016.12.09 16:36:36.492,11.62842,11.63062,0.00,0.00
2016.12.09 16:36:37.875,11.62842,11.63092,0.00,0.00
2016.12.09 16:36:37.951,11.62842,11.63102,0.00,0.00
2016.12.09 16:36:38.284,11.62842,11.63121,0.00,0.00
2016.12.09 16:36:38.585,11.62842,11.63092,0.00,0.00
2016.12.09 16:36:39.755,11.62842,11.63112,0.00,0.00
2016.12.09 16:36:39.806,11.62851,11.63112,0.00,0.00
2016.12.09 16:36:41.802,11.62851,11.63091,0.00,0.00
2016.12.09 16:36:41.960,11.62851,11.63122,0.00,0.00
2016.12.09 16:36:43.556,11.62838,11.63049,0.00,0.00
2016.12.09 16:36:43.606,11.62808,11.63049,0.00,0.00
2016.12.09 16:36:43.707,11.62761,11.63021,0.00,0.00
2016.12.09 16:36:43.871,11.62761,11.63031,0.00,0.00
2016.12.09 16:36:43.963,11.62778,11.63031,0.00,0.00
2016.12.09 16:36:44.064,11.62761,11.63031,0.00,0.00
2016.12.09 16:36:45.024,11.62751,11.63031,0.00,0.00
2016.12.09 16:36:45.074,11.62751,11.63021,0.00,0.00
2016.12.09 16:36:45.474,11.62751,11.62991,0.00,0.00
2016.12.09 16:36:46.090,11.62751,11.63002,0.00,0.00
2016.12.09 16:36:46.169,11.62751,11.62992,0.00,0.00
2016.12.09 16:36:46.573,11.62751,11.63002,0.00,0.00
2016.12.09 16:36:48.609,11.62751,11.62992,0.00,0.00
2016.12.09 16:36:49.065,11.62751,11.62971,0.00,0.00
2016.12.09 16:36:49.676,11.62751,11.62992,0.00,0.00
2016.12.09 16:36:51.080,11.62751,11.62972,0.00,0.00
2016.12.09 16:36:53.002,11.62751,11.63001,0.00,0.00
2016.12.09 16:36:53.294,11.62751,11.62982,0.00,0.00
2016.12.09 16:36:53.399,11.62768,11.63031,0.00,0.00
2016.12.09 16:36:53.505,11.62751,11.63031,0.00,0.00
2016.12.09 16:36:53.585,11.62751,11.63001,0.00,0.00
2016.12.09 16:36:54.525,11.62751,11.63011,0.00,0.00
2016.12.09 16:36:54.587,11.62751,11.63001,0.00,0.00
2016.12.09 16:36:54.957,11.62751,11.62982,0.00,0.00
2016.12.09 16:36:55.391,11.62751,11.63001,0.00,0.00
2016.12.09 16:36:55.799,11.62751,11.62971,0.00,0.00
2016.12.09 16:36:56.106,11.62678,11.62949,0.00,0.00
2016.12.09 16:36:56.207,11.62661,11.62931,0.00,0.00
2016.12.09 16:36:56.991,11.62669,11.62931,0.00,0.00
2016.12.09 16:36:57.091,11.62661,11.62931,0.00,0.00
2016.12.09 16:36:57.931,11.62668,11.62931,0.00,0.00
2016.12.09 16:37:00.040,11.62661,11.62912,0.00,0.00
2016.12.09 16:37:00.229,11.62668,11.62931,0.00,0.00
2016.12.09 16:37:00.280,11.62701,11.62952,0.00,0.00
2016.12.09 16:37:00.431,11.62701,11.62982,0.00,0.00
2016.12.09 16:37:00.482,11.62698,11.62939,0.00,0.00
2016.12.09 16:37:00.532,11.62688,11.62931,0.00,0.00
2016.12.09 16:37:00.599,11.62651,11.62921,0.00,0.00
2016.12.09 16:37:01.103,11.62658,11.62931,0.00,0.00
2016.12.09 16:37:01.204,11.62651,11.62921,0.00,0.00
2016.12.09 16:37:01.732,11.62658,11.62931,0.00,0.00
2016.12.09 16:37:01.811,11.62702,11.62911,0.00,0.00
2016.12.09 16:37:01.912,11.62702,11.62981,0.00,0.00
2016.12.09 16:37:02.089,11.62752,11.62981,0.00,0.00
2016.12.09 16:37:02.202,11.62752,11.63008,0.00,0.00
2016.12.09 16:37:02.319,11.62752,11.63022,0.00,0.00
2016.12.09 16:37:02.639,11.62752,11.63002,0.00,0.00
2016.12.09 16:37:02.751,11.62752,11.63011,0.00,0.00
2016.12.09 16:37:03.010,11.62752,11.63001,0.00,0.00
2016.12.09 16:37:03.126,11.62752,11.63012,0.00,0.00
2016.12.09 16:37:03.305,11.62752,11.62981,0.00,0.00
2016.12.09 16:37:06.212,11.62752,11.63011,0.00,0.00
2016.12.09 16:37:06.313,11.62752,11.62992,0.00,0.00
2016.12.09 16:37:06.451,11.62752,11.63012,0.00,0.00
2016.12.09 16:37:07.015,11.62752,11.62981,0.00,0.00
2016.12.09 16:37:07.236,11.62752,11.63002,0.00,0.00
2016.12.09 16:37:07.515,11.62752,11.62981,0.00,0.00
2016.12.09 16:37:08.016,11.62752,11.63012,0.00,0.00
2016.12.09 16:37:08.151,11.62752,11.63022,0.00,0.00
2016.12.09 16:37:08.550,11.62752,11.63012,0.00,0.00
2016.12.09 16:37:09.091,11.62752,11.63002,0.00,0.00
2016.12.09 16:37:09.270,11.62752,11.63012,0.00,0.00
2016.12.09 16:37:09.320,11.62752,11.62992,0.00,0.00
2016.12.09 16:37:09.720,11.62752,11.63001,0.00,0.00
2016.12.09 16:37:11.862,11.62752,11.63022,0.00,0.00
2016.12.09 16:37:12.024,11.62752,11.63002,0.00,0.00
2016.12.09 16:37:12.131,11.62752,11.63028,0.00,0.00
2016.12.09 16:37:12.626,11.62752,11.62992,0.00,0.00
2016.12.09 16:37:12.729,11.62752,11.63001,0.00,0.00
2016.12.09 16:37:15.080,11.62752,11.62992,0.00,0.00
2016.12.09 16:37:15.331,11.62752,11.63022,0.00,0.00
2016.12.09 16:37:16.033,11.62752,11.62981,0.00,0.00
2016.12.09 16:37:16.420,11.62699,11.62948,0.00,0.00
2016.12.09 16:37:16.471,11.62728,11.62948,0.00,0.00
2016.12.09 16:37:16.572,11.62662,11.62902,0.00,0.00
2016.12.09 16:37:16.814,11.62662,11.62882,0.00,0.00
2016.12.09 16:37:16.864,11.62642,11.62882,0.00,0.00
2016.12.09 16:37:16.965,11.62642,11.62892,0.00,0.00
2016.12.09 16:37:17.075,11.62642,11.62872,0.00,0.00
2016.12.09 16:37:17.208,11.62642,11.62881,0.00,0.00
2016.12.09 16:37:17.436,11.62642,11.62892,0.00,0.00
2016.12.09 16:37:17.546,11.62642,11.62872,0.00,0.00
2016.12.09 16:37:17.897,11.62601,11.62872,0.00,0.00
2016.12.09 16:37:17.947,11.62601,11.62861,0.00,0.00
2016.12.09 16:37:18.174,11.62601,11.62881,0.00,0.00
2016.12.09 16:37:18.237,11.62601,11.62862,0.00,0.00
2016.12.09 16:37:18.437,11.62601,11.62881,0.00,0.00
2016.12.09 16:37:18.675,11.62601,11.62862,0.00,0.00
2016.12.09 16:37:19.010,11.62601,11.62852,0.00,0.00
2016.12.09 16:37:19.349,11.62601,11.62832,0.00,0.00
2016.12.09 16:37:19.399,11.62601,11.62861,0.00,0.00
2016.12.09 16:37:19.450,11.62601,11.62832,0.00,0.00
2016.12.09 16:37:19.539,11.62601,11.62852,0.00,0.00
2016.12.09 16:37:19.639,11.62601,11.62872,0.00,0.00
2016.12.09 16:37:20.448,11.62601,11.62842,0.00,0.00
2016.12.09 16:37:20.589,11.62601,11.62872,0.00,0.00
2016.12.09 16:37:21.850,11.62618,11.62889,0.00,0.00
2016.12.09 16:37:21.963,11.62601,11.62881,0.00,0.00
2016.12.09 16:37:22.229,11.62642,11.62882,0.00,0.00
2016.12.09 16:37:22.380,11.62642,11.62922,0.00,0.00
2016.12.09 16:37:22.859,11.62642,11.62911,0.00,0.00
2016.12.09 16:37:23.149,11.62642,11.62921,0.00,0.00
2016.12.09 16:37:23.246,11.62642,11.62862,0.00,0.00
2016.12.09 16:37:23.350,11.62618,11.62881,0.00,0.00
2016.12.09 16:37:23.471,11.62601,11.62851,0.00,0.00
2016.12.09 16:37:23.681,11.62601,11.62881,0.00,0.00
2016.12.09 16:37:23.791,11.62641,11.62882,0.00,0.00
2016.12.09 16:37:23.948,11.62641,11.62922,0.00,0.00
2016.12.09 16:37:25.254,11.62641,11.62892,0.00,0.00
2016.12.09 16:37:25.355,11.62641,11.62902,0.00,0.00
2016.12.09 16:37:25.474,11.62641,11.62891,0.00,0.00
2016.12.09 16:37:25.552,11.62641,11.62912,0.00,0.00
2016.12.09 16:37:26.194,11.62641,11.62921,0.00,0.00
2016.12.09 16:37:26.302,11.62641,11.62892,0.00,0.00
2016.12.09 16:37:26.981,11.62641,11.62902,0.00,0.00
2016.12.09 16:37:27.155,11.62641,11.62922,0.00,0.00
2016.12.09 16:37:27.575,11.62641,11.62911,0.00,0.00
2016.12.09 16:37:28.358,11.62641,11.62892,0.00,0.00
2016.12.09 16:37:29.200,11.62641,11.62922,0.00,0.00
2016.12.09 16:37:29.387,11.62641,11.62891,0.00,0.00
2016.12.09 16:37:29.760,11.62642,11.62872,0.00,0.00
2016.12.09 16:37:29.811,11.62642,11.62901,0.00,0.00
2016.12.09 16:37:30.092,11.62642,11.62882,0.00,0.00
2016.12.09 16:37:30.467,11.62642,11.62892,0.00,0.00
2016.12.09 16:37:30.612,11.62608,11.62882,0.00,0.00
2016.12.09 16:37:30.713,11.62601,11.62862,0.00,0.00
2016.12.09 16:37:31.142,11.62641,11.62891,0.00,0.00
2016.12.09 16:37:31.293,11.62641,11.62902,0.00,0.00
2016.12.09 16:37:31.394,11.62641,11.62912,0.00,0.00
2016.12.09 16:37:32.367,11.62641,11.62902,0.00,0.00
2016.12.09 16:37:33.669,11.62641,11.62922,0.00,0.00
2016.12.09 16:37:33.794,11.62741,11.62931,0.00,0.00
2016.12.09 16:37:33.895,11.62772,11.63031,0.00,0.00
2016.12.09 16:37:34.001,11.62772,11.63022,0.00,0.00
2016.12.09 16:37:34.445,11.62772,11.62992,0.00,0.00
2016.12.09 16:37:34.596,11.62772,11.63031,0.00,0.00
2016.12.09 16:37:34.972,11.62772,11.63022,0.00,0.00
2016.12.09 16:37:35.177,11.62772,11.63031,0.00,0.00
2016.12.09 16:37:35.228,11.62862,11.63031,0.00,0.00
2016.12.09 16:37:35.279,11.62862,11.63082,0.00,0.00
2016.12.09 16:37:35.390,11.62862,11.63102,0.00,0.00
2016.12.09 16:37:35.473,11.62862,11.63082,0.00,0.00
2016.12.09 16:37:36.374,11.62862,11.63102,0.00,0.00
2016.12.09 16:37:36.775,11.62862,11.63061,0.00,0.00
2016.12.09 16:37:36.928,11.62781,11.63031,0.00,0.00
2016.12.09 16:37:36.979,11.62818,11.63031,0.00,0.00
2016.12.09 16:37:37.176,11.62781,11.63031,0.00,0.00
2016.12.09 16:37:37.281,11.62781,11.63022,0.00,0.00
2016.12.09 16:37:37.501,11.62781,11.63031,0.00,0.00
2016.12.09 16:37:37.897,11.62781,11.63001,0.00,0.00
2016.12.09 16:37:38.024,11.62781,11.63022,0.00,0.00
2016.12.09 16:37:38.077,11.62781,11.62991,0.00,0.00
2016.12.09 16:37:38.444,11.62771,11.62981,0.00,0.00
2016.12.09 16:37:38.560,11.62771,11.62991,0.00,0.00
2016.12.09 16:37:38.657,11.62771,11.63011,0.00,0.00
2016.12.09 16:37:38.707,11.62771,11.62971,0.00,0.00
2016.12.09 16:37:38.778,11.62771,11.62981,0.00,0.00
2016.12.09 16:37:38.893,11.62771,11.63012,0.00,0.00
2016.12.09 16:37:39.019,11.62771,11.63022,0.00,0.00
2016.12.09 16:37:39.121,11.62771,11.63032,0.00,0.00
2016.12.09 16:37:39.980,11.62771,11.63022,0.00,0.00
2016.12.09 16:37:40.381,11.62771,11.63002,0.00,0.00
2016.12.09 16:37:40.481,11.62771,11.63032,0.00,0.00
2016.12.09 16:37:40.710,11.62771,11.63021,0.00,0.00
2016.12.09 16:37:41.028,11.62861,11.63131,0.00,0.00
2016.12.09 16:37:41.282,11.62861,11.63111,0.00,0.00
2016.12.09 16:37:41.382,11.62861,11.63131,0.00,0.00
2016.12.09 16:37:41.583,11.62861,11.63102,0.00,0.00
2016.12.09 16:37:41.902,11.62861,11.63122,0.00,0.00
2016.12.09 16:37:41.984,11.62861,11.63102,0.00,0.00
2016.12.09 16:37:42.184,11.62861,11.63122,0.00,0.00
2016.12.09 16:37:42.285,11.62861,11.63131,0.00,0.00
2016.12.09 16:37:42.899,11.62861,11.63121,0.00,0.00
2016.12.09 16:37:43.226,11.62871,11.63121,0.00,0.00
2016.12.09 16:37:43.327,11.62871,11.63132,0.00,0.00
2016.12.09 16:37:43.385,11.62871,11.63122,0.00,0.00
2016.12.09 16:37:43.487,11.62871,11.63132,0.00,0.00
2016.12.09 16:37:43.615,11.62871,11.63102,0.00,0.00
2016.12.09 16:37:43.686,11.62871,11.63121,0.00,0.00
2016.12.09 16:37:43.910,11.62911,11.63142,0.00,0.00
2016.12.09 16:37:44.011,11.62911,11.63171,0.00,0.00
2016.12.09 16:37:44.065,11.62911,11.63132,0.00,0.00
2016.12.09 16:37:44.387,11.62911,11.63141,0.00,0.00
2016.12.09 16:37:44.622,11.62911,11.63132,0.00,0.00
2016.12.09 16:37:44.673,11.62872,11.63132,0.00,0.00
2016.12.09 16:37:44.831,11.62872,11.63121,0.00,0.00
2016.12.09 16:37:45.089,11.62872,11.63132,0.00,0.00
2016.12.09 16:37:45.312,11.62872,11.63111,0.00,0.00
2016.12.09 16:37:45.537,11.62872,11.63122,0.00,0.00
2016.12.09 16:37:45.590,11.62872,11.63132,0.00,0.00
2016.12.09 16:37:45.991,11.62872,11.63122,0.00,0.00
2016.12.09 16:37:46.291,11.62871,11.63132,0.00,0.00
2016.12.09 16:37:46.527,11.62871,11.63102,0.00,0.00
2016.12.09 16:37:46.692,11.62871,11.63121,0.00,0.00
2016.12.09 16:37:46.800,11.62871,11.63101,0.00,0.00
2016.12.09 16:37:48.196,11.62871,11.63122,0.00,0.00
2016.12.09 16:37:48.838,11.62871,11.63102,0.00,0.00
2016.12.09 16:37:49.098,11.62871,11.63122,0.00,0.00
2016.12.09 16:37:49.437,11.62871,11.63092,0.00,0.00
2016.12.09 16:37:49.778,11.62871,11.63072,0.00,0.00
2016.12.09 16:37:50.029,11.62871,11.63092,0.00,0.00
2016.12.09 16:37:50.100,11.62871,11.63122,0.00,0.00
2016.12.09 16:37:50.400,11.62871,11.63112,0.00,0.00
2016.12.09 16:37:50.602,11.62871,11.63132,0.00,0.00
2016.12.09 16:37:50.702,11.62871,11.63092,0.00,0.00
2016.12.09 16:37:51.147,11.62871,11.63112,0.00,0.00
2016.12.09 16:37:51.202,11.62871,11.63101,0.00,0.00
2016.12.09 16:37:51.873,11.62871,11.63082,0.00,0.00
2016.12.09 16:37:52.005,11.62871,11.63122,0.00,0.00
2016.12.09 16:37:52.310,11.62871,11.63092,0.00,0.00
2016.12.09 16:37:52.406,11.62871,11.63132,0.00,0.00
2016.12.09 16:37:53.127,11.62871,11.63112,0.00,0.00
2016.12.09 16:37:53.245,11.62871,11.63132,0.00,0.00
2016.12.09 16:37:53.442,11.62871,11.63122,0.00,0.00
2016.12.09 16:37:54.711,11.62871,11.63111,0.00,0.00
2016.12.09 16:37:55.214,11.62871,11.63091,0.00,0.00
2016.12.09 16:37:55.612,11.62871,11.63071,0.00,0.00
2016.12.09 16:37:56.314,11.62871,11.63092,0.00,0.00
2016.12.09 16:37:57.017,11.62871,11.63072,0.00,0.00
2016.12.09 16:37:57.118,11.62871,11.63111,0.00,0.00
2016.12.09 16:37:57.238,11.62871,11.63082,0.00,0.00
2016.12.09 16:37:57.318,11.62871,11.63112,0.00,0.00
2016.12.09 16:37:57.518,11.62871,11.63081,0.00,0.00
2016.12.09 16:37:57.947,11.62871,11.63102,0.00,0.00
2016.12.09 16:37:58.019,11.62871,11.63111,0.00,0.00
2016.12.09 16:37:58.227,11.62871,11.63101,0.00,0.00
2016.12.09 16:37:58.361,11.62871,11.63112,0.00,0.00
2016.12.09 16:37:58.420,11.62871,11.63102,0.00,0.00
2016.12.09 16:38:00.825,11.62871,11.63082,0.00,0.00
2016.12.09 16:38:01.228,11.62871,11.63092,0.00,0.00
2016.12.09 16:38:02.579,11.62871,11.63101,0.00,0.00
2016.12.09 16:38:02.633,11.62871,11.63082,0.00,0.00
2016.12.09 16:38:03.080,11.62871,11.63112,0.00,0.00
2016.12.09 16:38:03.380,11.62871,11.63082,0.00,0.00
2016.12.09 16:38:03.434,11.62871,11.63092,0.00,0.00
2016.12.09 16:38:04.720,11.62808,11.63059,0.00,0.00
2016.12.09 16:38:04.771,11.62799,11.63059,0.00,0.00
2016.12.09 16:38:04.821,11.62799,11.63032,0.00,0.00
2016.12.09 16:38:04.872,11.62781,11.63021,0.00,0.00
2016.12.09 16:38:05.137,11.62781,11.63032,0.00,0.00
2016.12.09 16:38:05.247,11.62781,11.63022,0.00,0.00
2016.12.09 16:38:06.184,11.62781,11.63032,0.00,0.00
2016.12.09 16:38:08.461,11.62781,11.63021,0.00,0.00
2016.12.09 16:38:09.370,11.62781,11.63012,0.00,0.00
2016.12.09 16:38:09.694,11.62781,11.63001,0.00,0.00
2016.12.09 16:38:09.747,11.62781,11.63032,0.00,0.00
2016.12.09 16:38:10.383,11.62781,11.63011,0.00,0.00
2016.12.09 16:38:10.484,11.62781,11.63031,0.00,0.00
2016.12.09 16:38:10.697,11.62781,11.63022,0.00,0.00
2016.12.09 16:38:10.798,11.62781,11.63032,0.00,0.00
2016.12.09 16:38:13.103,11.62781,11.63012,0.00,0.00
2016.12.09 16:38:13.355,11.62781,11.63032,0.00,0.00
2016.12.09 16:38:13.812,11.62771,11.63032,0.00,0.00
2016.12.09 16:38:13.863,11.62749,11.62932,0.00,0.00
2016.12.09 16:38:13.964,11.62661,11.62872,0.00,0.00
2016.12.09 16:38:14.068,11.62661,11.62882,0.00,0.00
2016.12.09 16:38:14.186,11.62661,11.62922,0.00,0.00
2016.12.09 16:38:14.350,11.62671,11.62921,0.00,0.00
2016.12.09 16:38:14.400,11.62671,11.62932,0.00,0.00
2016.12.09 16:38:14.859,11.62671,11.62921,0.00,0.00
2016.12.09 16:38:15.254,11.62671,11.62882,0.00,0.00
2016.12.09 16:38:15.304,11.62671,11.62921,0.00,0.00
2016.12.09 16:38:15.405,11.62671,11.62932,0.00,0.00
2016.12.09 16:38:15.945,11.62659,11.62908,0.00,0.00
2016.12.09 16:38:16.015,11.62662,11.62921,0.00,0.00
2016.12.09 16:38:16.066,11.62622,11.62882,0.00,0.00
2016.12.09 16:38:16.166,11.62662,11.62851,0.00,0.00
2016.12.09 16:38:16.267,11.62662,11.62862,0.00,0.00
2016.12.09 16:38:16.318,11.62578,11.62859,0.00,0.00
2016.12.09 16:38:16.368,11.62662,11.62881,0.00,0.00
2016.12.09 16:38:16.578,11.62662,11.62892,0.00,0.00
2016.12.09 16:38:16.691,11.62662,11.62902,0.00,0.00
2016.12.09 16:38:16.860,11.62662,11.62912,0.00,0.00
2016.12.09 16:38:16.968,11.62662,11.62921,0.00,0.00
2016.12.09 16:38:17.562,11.62639,11.62882,0.00,0.00
2016.12.09 16:38:17.612,11.62622,11.62882,0.00,0.00
2016.12.09 16:38:17.713,11.62622,11.62842,0.00,0.00
2016.12.09 16:38:17.965,11.62622,11.62862,0.00,0.00
2016.12.09 16:38:18.016,11.62622,11.62832,0.00,0.00
2016.12.09 16:38:18.167,11.62621,11.62842,0.00,0.00
2016.12.09 16:38:18.366,11.62621,11.62861,0.00,0.00
2016.12.09 16:38:18.710,11.62621,11.62842,0.00,0.00
2016.12.09 16:38:19.005,11.62579,11.62831,0.00,0.00
2016.12.09 16:38:19.068,11.62571,11.62831,0.00,0.00
2016.12.09 16:38:19.768,11.62571,11.62822,0.00,0.00
2016.12.09 16:38:19.875,11.62571,11.62831,0.00,0.00
2016.12.09 16:38:20.068,11.62578,11.62831,0.00,0.00
2016.12.09 16:38:20.369,11.62571,11.62831,0.00,0.00
2016.12.09 16:38:20.500,11.62571,11.62822,0.00,0.00
2016.12.09 16:38:20.773,11.62571,11.62831,0.00,0.00
2016.12.09 16:38:21.494,11.62571,11.62731,0.00,0.00
2016.12.09 16:38:21.545,11.62558,11.62731,0.00,0.00
2016.12.09 16:38:21.703,11.62538,11.62732,0.00,0.00
2016.12.09 16:38:21.805,11.62481,11.62732,0.00,0.00
2016.12.09 16:38:22.324,11.62481,11.62731,0.00,0.00
2016.12.09 16:38:23.202,11.62481,11.62732,0.00,0.00
2016.12.09 16:38:23.922,11.62481,11.62731,0.00,0.00
2016.12.09 16:38:24.876,11.62481,11.62732,0.00,0.00
2016.12.09 16:38:24.927,11.62461,11.62732,0.00,0.00
2016.12.09 16:38:24.977,11.62461,11.62721,0.00,0.00
2016.12.09 16:38:25.328,11.62471,11.62701,0.00,0.00
2016.12.09 16:38:25.378,11.62471,11.62732,0.00,0.00
2016.12.09 16:38:25.429,11.62461,11.62681,0.00,0.00
2016.12.09 16:38:25.480,11.62448,11.62681,0.00,0.00
2016.12.09 16:38:25.530,11.62448,11.62659,0.00,0.00
2016.12.09 16:38:25.581,11.62419,11.62631,0.00,0.00
2016.12.09 16:38:25.688,11.62371,11.62622,0.00,0.00
2016.12.09 16:38:25.790,11.62371,11.62602,0.00,0.00
2016.12.09 16:38:26.104,11.62371,11.62631,0.00,0.00
2016.12.09 16:38:26.179,11.62371,11.62602,0.00,0.00
2016.12.09 16:38:26.381,11.62371,11.62622,0.00,0.00
2016.12.09 16:38:26.684,11.62371,11.62612,0.00,0.00
2016.12.09 16:38:26.816,11.62371,11.62622,0.00,0.00
2016.12.09 16:38:27.088,11.62371,11.62631,0.00,0.00
2016.12.09 16:38:27.520,11.62371,11.62641,0.00,0.00
2016.12.09 16:38:27.671,11.62371,11.62632,0.00,0.00
2016.12.09 16:38:27.974,11.62371,11.62622,0.00,0.00
2016.12.09 16:38:28.216,11.62371,11.62631,0.00,0.00
2016.12.09 16:38:28.407,11.62371,11.62612,0.00,0.00
2016.12.09 16:38:29.485,11.62371,11.62632,0.00,0.00
2016.12.09 16:38:29.585,11.62371,11.62612,0.00,0.00
2016.12.09 16:38:29.728,11.62371,11.62632,0.00,0.00
2016.12.09 16:38:30.186,11.62371,11.62602,0.00,0.00
2016.12.09 16:38:30.286,11.62371,11.62632,0.00,0.00
2016.12.09 16:38:31.088,11.62371,11.62612,0.00,0.00
2016.12.09 16:38:31.819,11.62371,11.62622,0.00,0.00
2016.12.09 16:38:31.889,11.62371,11.62632,0.00,0.00
2016.12.09 16:38:32.990,11.62371,11.62622,0.00,0.00
2016.12.09 16:38:34.203,11.62371,11.62612,0.00,0.00
2016.12.09 16:38:34.493,11.62371,11.62621,0.00,0.00
2016.12.09 16:38:34.593,11.62371,11.62632,0.00,0.00
2016.12.09 16:38:35.494,11.62371,11.62611,0.00,0.00
2016.12.09 16:38:35.995,11.62371,11.62631,0.00,0.00
2016.12.09 16:38:36.095,11.62371,11.62622,0.00,0.00
2016.12.09 16:38:36.481,11.62371,11.62602,0.00,0.00
2016.12.09 16:38:36.531,11.62371,11.62621,0.00,0.00
2016.12.09 16:38:36.638,11.62422,11.62621,0.00,0.00
2016.12.09 16:38:36.696,11.62422,11.62632,0.00,0.00
2016.12.09 16:38:36.839,11.62422,11.62672,0.00,0.00
2016.12.09 16:38:37.138,11.62422,11.62642,0.00,0.00
2016.12.09 16:38:37.197,11.62422,11.62662,0.00,0.00
2016.12.09 16:38:37.342,11.62422,11.62681,0.00,0.00
2016.12.09 16:38:37.392,11.62461,11.62682,0.00,0.00
2016.12.09 16:38:37.598,11.62461,11.62722,0.00,0.00
2016.12.09 16:38:37.649,11.62438,11.62682,0.00,0.00
2016.12.09 16:38:37.800,11.62422,11.62682,0.00,0.00
2016.12.09 16:38:37.913,11.62422,11.62652,0.00,0.00
2016.12.09 16:38:38.227,11.62422,11.62661,0.00,0.00
2016.12.09 16:38:38.300,11.62422,11.62651,0.00,0.00
2016.12.09 16:38:38.600,11.62422,11.62661,0.00,0.00
2016.12.09 16:38:39.023,11.62382,11.62631,0.00,0.00
2016.12.09 16:38:39.124,11.62382,11.62611,0.00,0.00
2016.12.09 16:38:39.201,11.62382,11.62632,0.00,0.00
2016.12.09 16:38:40.130,11.62421,11.62632,0.00,0.00
2016.12.09 16:38:40.332,11.62462,11.62702,0.00,0.00
2016.12.09 16:38:40.442,11.62462,11.62712,0.00,0.00
2016.12.09 16:38:40.492,11.62471,11.62712,0.00,0.00
2016.12.09 16:38:40.696,11.62471,11.62721,0.00,0.00
2016.12.09 16:38:40.805,11.62471,11.62701,0.00,0.00
2016.12.09 16:38:41.249,11.62471,11.62691,0.00,0.00
2016.12.09 16:38:41.550,11.62471,11.62702,0.00,0.00
2016.12.09 16:38:41.606,11.62471,11.62721,0.00,0.00
2016.12.09 16:38:41.807,11.62471,11.62692,0.00,0.00
2016.12.09 16:38:41.907,11.62471,11.62702,0.00,0.00
2016.12.09 16:38:43.291,11.62522,11.62702,0.00,0.00
2016.12.09 16:38:43.342,11.62482,11.62702,0.00,0.00
2016.12.09 16:38:43.443,11.62482,11.62692,0.00,0.00
2016.12.09 16:38:43.510,11.62482,11.62731,0.00,0.00
2016.12.09 16:38:43.730,11.62482,11.62692,0.00,0.00
2016.12.09 16:38:44.068,11.62522,11.62692,0.00,0.00
2016.12.09 16:38:44.118,11.62522,11.62711,0.00,0.00
2016.12.09 16:38:44.223,11.62522,11.62762,0.00,0.00
2016.12.09 16:38:44.333,11.62482,11.62732,0.00,0.00
2016.12.09 16:38:44.463,11.62482,11.62721,0.00,0.00
2016.12.09 16:38:44.625,11.62481,11.62741,0.00,0.00
2016.12.09 16:38:44.729,11.62481,11.62732,0.00,0.00
2016.12.09 16:38:45.116,11.62481,11.62721,0.00,0.00
2016.12.09 16:38:45.424,11.62481,11.62702,0.00,0.00
2016.12.09 16:38:45.753,11.62481,11.62691,0.00,0.00
2016.12.09 16:38:46.014,11.62481,11.62702,0.00,0.00
2016.12.09 16:38:46.114,11.62481,11.62721,0.00,0.00
2016.12.09 16:38:46.448,11.62481,11.62712,0.00,0.00
2016.12.09 16:38:46.515,11.62481,11.62732,0.00,0.00
2016.12.09 16:38:46.957,11.62522,11.62732,0.00,0.00
2016.12.09 16:38:47.007,11.62481,11.62732,0.00,0.00
2016.12.09 16:38:47.058,11.62481,11.62722,0.00,0.00
2016.12.09 16:38:47.159,11.62481,11.62732,0.00,0.00
2016.12.09 16:38:47.525,11.62522,11.62722,0.00,0.00
2016.12.09 16:38:47.626,11.62522,11.62762,0.00,0.00
2016.12.09 16:38:47.945,11.62522,11.62742,0.00,0.00
2016.12.09 16:38:48.227,11.62561,11.62802,0.00,0.00
2016.12.09 16:38:49.136,11.62561,11.62791,0.00,0.00
2016.12.09 16:38:49.560,11.62561,11.62801,0.00,0.00
2016.12.09 16:38:49.620,11.62561,11.62821,0.00,0.00
2016.12.09 16:38:50.126,11.62561,11.62802,0.00,0.00
2016.12.09 16:38:50.626,11.62561,11.62821,0.00,0.00
2016.12.09 16:38:51.169,11.62561,11.62802,0.00,0.00
2016.12.09 16:38:51.438,11.62561,11.62832,0.00,0.00
2016.12.09 16:38:51.600,11.62571,11.62832,0.00,0.00
2016.12.09 16:38:51.930,11.62571,11.62802,0.00,0.00
2016.12.09 16:38:52.226,11.62571,11.62822,0.00,0.00
2016.12.09 16:38:53.226,11.62571,11.62791,0.00,0.00
2016.12.09 16:38:53.326,11.62571,11.62821,0.00,0.00
2016.12.09 16:38:54.260,11.62571,11.62812,0.00,0.00
2016.12.09 16:38:54.698,11.62571,11.62802,0.00,0.00
2016.12.09 16:38:55.629,11.62571,11.62812,0.00,0.00
2016.12.09 16:38:55.930,11.62571,11.62831,0.00,0.00
2016.12.09 16:38:56.451,11.62571,11.62802,0.00,0.00
2016.12.09 16:38:56.623,11.62571,11.62812,0.00,0.00
2016.12.09 16:38:56.848,11.62571,11.62832,0.00,0.00
2016.12.09 16:38:57.547,11.62571,11.62822,0.00,0.00
2016.12.09 16:39:01.838,11.62571,11.62811,0.00,0.00
2016.12.09 16:39:02.346,11.62571,11.62812,0.00,0.00
2016.12.09 16:39:05.049,11.62571,11.62832,0.00,0.00
2016.12.09 16:39:06.569,11.62571,11.62822,0.00,0.00
2016.12.09 16:39:06.945,11.62571,11.62801,0.00,0.00
2016.12.09 16:39:07.354,11.62571,11.62811,0.00,0.00
2016.12.09 16:39:08.596,11.62571,11.62822,0.00,0.00
2016.12.09 16:39:09.898,11.62571,11.62802,0.00,0.00
2016.12.09 16:39:10.300,11.62571,11.62831,0.00,0.00
2016.12.09 16:39:10.442,11.62571,11.62791,0.00,0.00
2016.12.09 16:39:10.745,11.62571,11.62781,0.00,0.00
2016.12.09 16:39:10.852,11.62571,11.62792,0.00,0.00
2016.12.09 16:39:10.984,11.62571,11.62812,0.00,0.00
2016.12.09 16:39:11.223,11.62528,11.62769,0.00,0.00
2016.12.09 16:39:11.379,11.62481,11.62731,0.00,0.00
2016.12.09 16:39:11.496,11.62481,11.62722,0.00,0.00
2016.12.09 16:39:11.553,11.62481,11.62731,0.00,0.00
2016.12.09 16:39:12.054,11.62481,11.62721,0.00,0.00
2016.12.09 16:39:12.643,11.62481,11.62722,0.00,0.00
2016.12.09 16:39:13.312,11.62481,11.62711,0.00,0.00
2016.12.09 16:39:13.556,11.62471,11.62711,0.00,0.00
2016.12.09 16:39:13.657,11.62471,11.62692,0.00,0.00
2016.12.09 16:39:13.971,11.62471,11.62702,0.00,0.00
2016.12.09 16:39:14.859,11.62471,11.62721,0.00,0.00
2016.12.09 16:39:15.459,11.62471,11.62701,0.00,0.00
2016.12.09 16:39:15.790,11.62419,11.62658,0.00,0.00
2016.12.09 16:39:15.891,11.62409,11.62632,0.00,0.00
2016.12.09 16:39:15.960,11.62382,11.62622,0.00,0.00
2016.12.09 16:39:16.089,11.62382,11.62602,0.00,0.00
2016.12.09 16:39:16.161,11.62382,11.62631,0.00,0.00
2016.12.09 16:39:16.427,11.62361,11.62581,0.00,0.00
2016.12.09 16:39:16.528,11.62361,11.62622,0.00,0.00
2016.12.09 16:39:16.578,11.62361,11.62592,0.00,0.00
2016.12.09 16:39:16.794,11.62361,11.62621,0.00,0.00
2016.12.09 16:39:16.962,11.62361,11.62582,0.00,0.00
2016.12.09 16:39:17.063,11.62361,11.62612,0.00,0.00
2016.12.09 16:39:17.162,11.62361,11.62621,0.00,0.00
2016.12.09 16:39:17.475,11.62361,11.62602,0.00,0.00
2016.12.09 16:39:17.992,11.62361,11.62621,0.00,0.00
2016.12.09 16:39:18.064,11.62361,11.62591,0.00,0.00
2016.12.09 16:39:18.336,11.62309,11.62591,0.00,0.00
2016.12.09 16:39:18.387,11.62321,11.62601,0.00,0.00
2016.12.09 16:39:18.703,11.62321,11.62582,0.00,0.00
2016.12.09 16:39:19.021,11.62298,11.62531,0.00,0.00
2016.12.09 16:39:19.072,11.62271,11.62531,0.00,0.00
2016.12.09 16:39:19.172,11.62299,11.62532,0.00,0.00
2016.12.09 16:39:19.390,11.62271,11.62532,0.00,0.00
2016.12.09 16:39:19.590,11.62361,11.62532,0.00,0.00
2016.12.09 16:39:19.641,11.62272,11.62532,0.00,0.00
2016.12.09 16:39:19.692,11.62289,11.62531,0.00,0.00
2016.12.09 16:39:19.867,11.62278,11.62531,0.00,0.00
2016.12.09 16:39:19.985,11.62272,11.62521,0.00,0.00
2016.12.09 16:39:20.329,11.62272,11.62512,0.00,0.00
2016.12.09 16:39:20.759,11.62272,11.62501,0.00,0.00
2016.12.09 16:39:21.470,11.62272,11.62521,0.00,0.00
2016.12.09 16:39:21.583,11.62272,11.62531,0.00,0.00
2016.12.09 16:39:21.871,11.62272,11.62522,0.00,0.00
2016.12.09 16:39:21.971,11.62272,11.62531,0.00,0.00
2016.12.09 16:39:22.319,11.62272,11.62522,0.00,0.00
2016.12.09 16:39:24.403,11.62272,11.62502,0.00,0.00
2016.12.09 16:39:24.799,11.62272,11.62522,0.00,0.00
2016.12.09 16:39:24.902,11.62272,11.62512,0.00,0.00
2016.12.09 16:39:25.304,11.62272,11.62492,0.00,0.00
2016.12.09 16:39:25.477,11.62272,11.62522,0.00,0.00
2016.12.09 16:39:26.278,11.62272,11.62512,0.00,0.00
2016.12.09 16:39:26.379,11.62272,11.62531,0.00,0.00
2016.12.09 16:39:27.699,11.62272,11.62502,0.00,0.00
2016.12.09 16:39:28.049,11.62272,11.62482,0.00,0.00
2016.12.09 16:39:28.898,11.62272,11.62502,0.00,0.00
2016.12.09 16:39:29.324,11.62272,11.62512,0.00,0.00
2016.12.09 16:39:29.651,11.62228,11.62469,0.00,0.00
2016.12.09 16:39:29.752,11.62219,11.62469,0.00,0.00
2016.12.09 16:39:29.802,11.62261,11.62431,0.00,0.00
2016.12.09 16:39:29.885,11.62261,11.62472,0.00,0.00
2016.12.09 16:39:29.986,11.62261,11.62511,0.00,0.00
2016.12.09 16:39:30.214,11.62261,11.62481,0.00,0.00
2016.12.09 16:39:30.265,11.62229,11.62468,0.00,0.00
2016.12.09 16:39:30.366,11.62198,11.62432,0.00,0.00
2016.12.09 16:39:30.518,11.62172,11.62432,0.00,0.00
2016.12.09 16:39:30.636,11.62172,11.62392,0.00,0.00
2016.12.09 16:39:31.087,11.62172,11.62401,0.00,0.00
2016.12.09 16:39:31.137,11.62271,11.62401,0.00,0.00
2016.12.09 16:39:31.188,11.62271,11.62432,0.00,0.00
2016.12.09 16:39:31.239,11.62271,11.62472,0.00,0.00
2016.12.09 16:39:31.344,11.62271,11.62509,0.00,0.00
2016.12.09 16:39:31.701,11.62271,11.62482,0.00,0.00
2016.12.09 16:39:32.293,11.62271,11.62491,0.00,0.00
2016.12.09 16:39:32.389,11.62271,11.62512,0.00,0.00
2016.12.09 16:39:33.205,11.62271,11.62492,0.00,0.00
2016.12.09 16:39:33.561,11.62271,11.62482,0.00,0.00
2016.12.09 16:39:34.192,11.62271,11.62472,0.00,0.00
2016.12.09 16:39:34.834,11.62271,11.62502,0.00,0.00
2016.12.09 16:39:35.014,11.62271,11.62482,0.00,0.00
2016.12.09 16:39:35.223,11.62271,11.62502,0.00,0.00
2016.12.09 16:39:35.630,11.62271,11.62482,0.00,0.00
2016.12.09 16:39:36.095,11.62271,11.62472,0.00,0.00
2016.12.09 16:39:36.595,11.62271,11.62492,0.00,0.00
2016.12.09 16:39:36.828,11.62271,11.62512,0.00,0.00
2016.12.09 16:39:38.209,11.62271,11.62492,0.00,0.00
2016.12.09 16:39:38.599,11.62271,11.62511,0.00,0.00
2016.12.09 16:39:40.802,11.62271,11.62492,0.00,0.00
2016.12.09 16:39:42.901,11.62321,11.62492,0.00,0.00
2016.12.09 16:39:43.005,11.62372,11.62572,0.00,0.00
2016.12.09 16:39:43.106,11.62372,11.62602,0.00,0.00
2016.12.09 16:39:43.253,11.62372,11.62562,0.00,0.00
2016.12.09 16:39:43.343,11.62372,11.62581,0.00,0.00
2016.12.09 16:39:43.455,11.62372,11.62562,0.00,0.00
2016.12.09 16:39:43.539,11.62372,11.62581,0.00,0.00
2016.12.09 16:39:43.607,11.62372,11.62602,0.00,0.00
2016.12.09 16:39:43.710,11.62372,11.62582,0.00,0.00
2016.12.09 16:39:44.708,11.62372,11.62602,0.00,0.00
2016.12.09 16:39:45.109,11.62372,11.62582,0.00,0.00
2016.12.09 16:39:45.434,11.62372,11.62561,0.00,0.00
2016.12.09 16:39:46.010,11.62372,11.62582,0.00,0.00
2016.12.09 16:39:46.812,11.62372,11.62562,0.00,0.00
2016.12.09 16:39:47.212,11.62372,11.62582,0.00,0.00
2016.12.09 16:39:50.449,11.62372,11.62561,0.00,0.00
2016.12.09 16:39:50.517,11.62372,11.62581,0.00,0.00
2016.12.09 16:39:50.639,11.62372,11.62592,0.00,0.00
2016.12.09 16:39:50.740,11.62372,11.62611,0.00,0.00
2016.12.09 16:39:51.041,11.62372,11.62582,0.00,0.00
2016.12.09 16:39:51.633,11.62372,11.62592,0.00,0.00
2016.12.09 16:39:52.722,11.62372,11.62582,0.00,0.00
2016.12.09 16:39:55.323,11.62372,11.62592,0.00,0.00
2016.12.09 16:39:55.624,11.62372,11.62612,0.00,0.00
2016.12.09 16:39:55.741,11.62372,11.62592,0.00,0.00
2016.12.09 16:39:56.117,11.62372,11.62581,0.00,0.00
2016.12.09 16:39:56.167,11.62372,11.62602,0.00,0.00
2016.12.09 16:39:56.302,11.62372,11.62622,0.00,0.00
2016.12.09 16:39:56.540,11.62372,11.62601,0.00,0.00
2016.12.09 16:39:57.011,11.62372,11.62591,0.00,0.00
2016.12.09 16:39:58.571,11.62372,11.62611,0.00,0.00
2016.12.09 16:39:59.158,11.62372,11.62582,0.00,0.00
2016.12.09 16:39:59.460,11.62372,11.62602,0.00,0.00
2016.12.09 16:39:59.530,11.62372,11.62612,0.00,0.00
2016.12.09 16:40:00.278,11.62372,11.62632,0.00,0.00
2016.12.09 16:40:00.474,11.62372,11.62612,0.00,0.00
2016.12.09 16:40:00.833,11.62372,11.62591,0.00,0.00
2016.12.09 16:40:01.352,11.62372,11.62632,0.00,0.00
2016.12.09 16:40:02.182,11.62372,11.62592,0.00,0.00
2016.12.09 16:40:02.462,11.62328,11.62582,0.00,0.00
2016.12.09 16:40:02.513,11.62371,11.62582,0.00,0.00
2016.12.09 16:40:02.738,11.62371,11.62621,0.00,0.00
2016.12.09 16:40:03.064,11.62371,11.62581,0.00,0.00
2016.12.09 16:40:03.274,11.62371,11.62621,0.00,0.00
2016.12.09 16:40:03.539,11.62371,11.62592,0.00,0.00
2016.12.09 16:40:05.142,11.62371,11.62611,0.00,0.00
2016.12.09 16:40:05.342,11.62371,11.62592,0.00,0.00
2016.12.09 16:40:05.697,11.62371,11.62582,0.00,0.00
2016.12.09 16:40:06.902,11.62298,11.62569,0.00,0.00
2016.12.09 16:40:06.970,11.62281,11.62562,0.00,0.00
2016.12.09 16:40:07.020,11.62281,11.62532,0.00,0.00
2016.12.09 16:40:07.856,11.62362,11.62571,0.00,0.00
2016.12.09 16:40:07.957,11.62362,11.62621,0.00,0.00
2016.12.09 16:40:08.447,11.62362,11.62602,0.00,0.00
2016.12.09 16:40:10.150,11.62362,11.62612,0.00,0.00
2016.12.09 16:40:10.592,11.62362,11.62601,0.00,0.00
2016.12.09 16:40:10.896,11.62362,11.62611,0.00,0.00
2016.12.09 16:40:10.953,11.62362,11.62602,0.00,0.00
2016.12.09 16:40:11.386,11.62362,11.62611,0.00,0.00
2016.12.09 16:40:12.756,11.62362,11.62601,0.00,0.00
2016.12.09 16:40:12.984,11.62322,11.62582,0.00,0.00
2016.12.09 16:40:13.035,11.62319,11.62568,0.00,0.00
2016.12.09 16:40:13.355,11.62371,11.62612,0.00,0.00
2016.12.09 16:40:13.903,11.62371,11.62611,0.00,0.00
2016.12.09 16:40:14.210,11.62471,11.62702,0.00,0.00
2016.12.09 16:40:14.563,11.62471,11.62672,0.00,0.00
2016.12.09 16:40:15.262,11.62471,11.62702,0.00,0.00
2016.12.09 16:40:15.378,11.62471,11.62692,0.00,0.00
2016.12.09 16:40:15.484,11.62471,11.62702,0.00,0.00
2016.12.09 16:40:15.761,11.62471,11.62671,0.00,0.00
2016.12.09 16:40:15.901,11.62471,11.62701,0.00,0.00
2016.12.09 16:40:16.389,11.62471,11.62672,0.00,0.00
2016.12.09 16:40:16.440,11.62432,11.62672,0.00,0.00
2016.12.09 16:40:16.490,11.62432,11.62632,0.00,0.00
2016.12.09 16:40:16.963,11.62432,11.62652,0.00,0.00
2016.12.09 16:40:17.270,11.62432,11.62672,0.00,0.00
2016.12.09 16:40:17.400,11.62432,11.62632,0.00,0.00
2016.12.09 16:40:17.451,11.62382,11.62631,0.00,0.00
2016.12.09 16:40:17.501,11.62382,11.62622,0.00,0.00
2016.12.09 16:40:17.664,11.62382,11.62631,0.00,0.00
2016.12.09 16:40:18.115,11.62461,11.62632,0.00,0.00
2016.12.09 16:40:18.322,11.62461,11.62702,0.00,0.00
2016.12.09 16:40:19.598,11.62461,11.62691,0.00,0.00
2016.12.09 16:40:19.870,11.62461,11.62702,0.00,0.00
2016.12.09 16:40:21.617,11.62461,11.62691,0.00,0.00
2016.12.09 16:40:22.783,11.62461,11.62701,0.00,0.00
2016.12.09 16:40:22.876,11.62461,11.62662,0.00,0.00
2016.12.09 16:40:23.678,11.62461,11.62692,0.00,0.00
2016.12.09 16:40:24.997,11.62521,11.62692,0.00,0.00
2016.12.09 16:40:25.317,11.62561,11.62792,0.00,0.00
2016.12.09 16:40:25.424,11.62561,11.62772,0.00,0.00
2016.12.09 16:40:25.514,11.62561,11.62781,0.00,0.00
2016.12.09 16:40:25.885,11.62561,11.62802,0.00,0.00
2016.12.09 16:40:26.186,11.62561,11.62771,0.00,0.00
2016.12.09 16:40:26.317,11.62561,11.62782,0.00,0.00
2016.12.09 16:40:26.425,11.62561,11.62802,0.00,0.00
2016.12.09 16:40:26.584,11.62561,11.62792,0.00,0.00
2016.12.09 16:40:26.785,11.62561,11.62801,0.00,0.00
2016.12.09 16:40:26.885,11.62561,11.62792,0.00,0.00
2016.12.09 16:40:27.190,11.62551,11.62761,0.00,0.00
2016.12.09 16:40:27.486,11.62551,11.62781,0.00,0.00
2016.12.09 16:40:28.130,11.62551,11.62772,0.00,0.00
2016.12.09 16:40:28.493,11.62499,11.62778,0.00,0.00
2016.12.09 16:40:28.623,11.62462,11.62701,0.00,0.00
2016.12.09 16:40:28.790,11.62462,11.62731,0.00,0.00
2016.12.09 16:40:28.989,11.62462,11.62712,0.00,0.00
2016.12.09 16:40:29.331,11.62541,11.62802,0.00,0.00
2016.12.09 16:40:29.606,11.62541,11.62792,0.00,0.00
2016.12.09 16:40:29.725,11.62541,11.62801,0.00,0.00
2016.12.09 16:40:29.908,11.62541,11.62791,0.00,0.00
2016.12.09 16:40:30.141,11.62509,11.62781,0.00,0.00
2016.12.09 16:40:30.241,11.62502,11.62772,0.00,0.00
2016.12.09 16:40:30.586,11.62552,11.62732,0.00,0.00
2016.12.09 16:40:30.636,11.62552,11.62762,0.00,0.00
2016.12.09 16:40:30.742,11.62552,11.62802,0.00,0.00
2016.12.09 16:40:31.310,11.62552,11.62781,0.00,0.00
2016.12.09 16:40:31.688,11.62552,11.62731,0.00,0.00
2016.12.09 16:40:31.793,11.62552,11.62781,0.00,0.00
2016.12.09 16:40:31.844,11.62552,11.62771,0.00,0.00
2016.12.09 16:40:32.094,11.62552,11.62792,0.00,0.00
2016.12.09 16:40:32.195,11.62552,11.62802,0.00,0.00
2016.12.09 16:40:32.334,11.62552,11.62791,0.00,0.00
2016.12.09 16:40:32.512,11.62552,11.62801,0.00,0.00
2016.12.09 16:40:33.821,11.62552,11.62772,0.00,0.00
2016.12.09 16:40:34.097,11.62552,11.62802,0.00,0.00
2016.12.09 16:40:35.630,11.62552,11.62792,0.00,0.00
2016.12.09 16:40:37.203,11.62552,11.62802,0.00,0.00
2016.12.09 16:40:38.333,11.62552,11.62791,0.00,0.00
2016.12.09 16:40:38.404,11.62552,11.62801,0.00,0.00
2016.12.09 16:40:38.511,11.62552,11.62792,0.00,0.00
2016.12.09 16:40:40.819,11.62552,11.62772,0.00,0.00
2016.12.09 16:40:41.142,11.62462,11.62732,0.00,0.00
2016.12.09 16:40:41.243,11.62462,11.62721,0.00,0.00
2016.12.09 16:40:41.625,11.62462,11.62681,0.00,0.00
2016.12.09 16:40:41.810,11.62462,11.62692,0.00,0.00
2016.12.09 16:40:41.941,11.62462,11.62681,0.00,0.00
2016.12.09 16:40:42.034,11.62462,11.62711,0.00,0.00
2016.12.09 16:40:42.412,11.62462,11.62692,0.00,0.00
2016.12.09 16:40:42.913,11.62462,11.62712,0.00,0.00
2016.12.09 16:40:43.188,11.62501,11.62712,0.00,0.00
2016.12.09 16:40:43.415,11.62501,11.62741,0.00,0.00
2016.12.09 16:40:43.533,11.62552,11.62752,0.00,0.00
2016.12.09 16:40:43.715,11.62552,11.62782,0.00,0.00
2016.12.09 16:40:44.316,11.62552,11.62772,0.00,0.00
2016.12.09 16:40:44.571,11.62488,11.62772,0.00,0.00
2016.12.09 16:40:44.748,11.62469,11.62751,0.00,0.00
2016.12.09 16:40:45.257,11.62461,11.62722,0.00,0.00
2016.12.09 16:40:45.589,11.62461,11.62692,0.00,0.00
2016.12.09 16:40:45.819,11.62461,11.62702,0.00,0.00
2016.12.09 16:40:46.032,11.62461,11.62692,0.00,0.00
2016.12.09 16:40:46.220,11.62461,11.62731,0.00,0.00
2016.12.09 16:40:46.420,11.62461,11.62712,0.00,0.00
2016.12.09 16:40:47.034,11.62461,11.62721,0.00,0.00
2016.12.09 16:40:48.824,11.62461,11.62712,0.00,0.00
2016.12.09 16:40:50.126,11.62461,11.62692,0.00,0.00
2016.12.09 16:40:50.427,11.62461,11.62701,0.00,0.00
2016.12.09 16:40:51.335,11.62461,11.62692,0.00,0.00
2016.12.09 16:40:51.667,11.62452,11.62692,0.00,0.00
2016.12.09 16:40:51.729,11.62452,11.62701,0.00,0.00
2016.12.09 16:40:51.829,11.62452,11.62672,0.00,0.00
2016.12.09 16:40:52.129,11.62452,11.62701,0.00,0.00
2016.12.09 16:40:52.431,11.62452,11.62682,0.00,0.00
2016.12.09 16:40:52.758,11.62452,11.62691,0.00,0.00
2016.12.09 16:40:53.302,11.62409,11.62679,0.00,0.00
2016.12.09 16:40:53.458,11.62428,11.62632,0.00,0.00
2016.12.09 16:40:53.559,11.62351,11.62601,0.00,0.00
2016.12.09 16:40:53.737,11.62351,11.62591,0.00,0.00
2016.12.09 16:40:54.234,11.62351,11.62602,0.00,0.00
2016.12.09 16:40:54.549,11.62351,11.62612,0.00,0.00
2016.12.09 16:40:54.735,11.62351,11.62591,0.00,0.00
2016.12.09 16:40:55.266,11.62351,11.62582,0.00,0.00
2016.12.09 16:40:55.337,11.62351,11.62592,0.00,0.00
2016.12.09 16:40:55.580,11.62351,11.62581,0.00,0.00
2016.12.09 16:40:56.038,11.62351,11.62572,0.00,0.00
2016.12.09 16:40:56.248,11.62362,11.62602,0.00,0.00
2016.12.09 16:40:56.364,11.62362,11.62631,0.00,0.00
2016.12.09 16:40:56.439,11.62362,11.62582,0.00,0.00
2016.12.09 16:40:57.744,11.62362,11.62592,0.00,0.00
2016.12.09 16:40:57.843,11.62362,11.62612,0.00,0.00
2016.12.09 16:40:57.944,11.62362,11.62621,0.00,0.00
2016.12.09 16:40:58.253,11.62362,11.62612,0.00,0.00
2016.12.09 16:40:58.344,11.62362,11.62621,0.00,0.00
2016.12.09 16:40:58.460,11.62362,11.62592,0.00,0.00
2016.12.09 16:40:59.125,11.62362,11.62611,0.00,0.00
2016.12.09 16:40:59.291,11.62362,11.62602,0.00,0.00
2016.12.09 16:40:59.899,11.62351,11.62602,0.00,0.00
2016.12.09 16:41:00.073,11.62358,11.62632,0.00,0.00
2016.12.09 16:41:00.250,11.62351,11.62632,0.00,0.00
2016.12.09 16:41:00.751,11.62351,11.62592,0.00,0.00
2016.12.09 16:41:01.054,11.62351,11.62632,0.00,0.00
2016.12.09 16:41:01.284,11.62351,11.62601,0.00,0.00
2016.12.09 16:41:01.352,11.62351,11.62622,0.00,0.00
2016.12.09 16:41:02.155,11.62351,11.62601,0.00,0.00
2016.12.09 16:41:02.605,11.62351,11.62632,0.00,0.00
2016.12.09 16:41:05.332,11.62352,11.62632,0.00,0.00
2016.12.09 16:41:05.383,11.62352,11.62621,0.00,0.00
2016.12.09 16:41:05.712,11.62352,11.62612,0.00,0.00
2016.12.09 16:41:06.264,11.62352,11.62622,0.00,0.00
2016.12.09 16:41:06.372,11.62369,11.62631,0.00,0.00
2016.12.09 16:41:06.804,11.62358,11.62631,0.00,0.00
2016.12.09 16:41:07.299,11.62352,11.62631,0.00,0.00
2016.12.09 16:41:07.413,11.62352,11.62591,0.00,0.00
2016.12.09 16:41:07.568,11.62352,11.62612,0.00,0.00
2016.12.09 16:41:07.969,11.62352,11.62601,0.00,0.00
2016.12.09 16:41:08.094,11.62352,11.62622,0.00,0.00
2016.12.09 16:41:08.218,11.62352,11.62582,0.00,0.00
2016.12.09 16:41:08.270,11.62352,11.62622,0.00,0.00
2016.12.09 16:41:08.875,11.62352,11.62582,0.00,0.00
2016.12.09 16:41:09.013,11.62352,11.62611,0.00,0.00
2016.12.09 16:41:09.073,11.62352,11.62581,0.00,0.00
2016.12.09 16:41:09.617,11.62352,11.62612,0.00,0.00
2016.12.09 16:41:09.919,11.62352,11.62581,0.00,0.00
2016.12.09 16:41:10.290,11.62352,11.62572,0.00,0.00
2016.12.09 16:41:10.377,11.62352,11.62592,0.00,0.00
2016.12.09 16:41:11.223,11.62352,11.62572,0.00,0.00
2016.12.09 16:41:11.279,11.62359,11.62631,0.00,0.00
2016.12.09 16:41:11.982,11.62368,11.62631,0.00,0.00
2016.12.09 16:41:12.107,11.62359,11.62631,0.00,0.00
2016.12.09 16:41:12.384,11.62352,11.62612,0.00,0.00
2016.12.09 16:41:12.685,11.62352,11.62581,0.00,0.00
2016.12.09 16:41:12.885,11.62352,11.62601,0.00,0.00
2016.12.09 16:41:12.986,11.62352,11.62592,0.00,0.00
2016.12.09 16:41:13.288,11.62352,11.62581,0.00,0.00
2016.12.09 16:41:13.387,11.62352,11.62592,0.00,0.00
2016.12.09 16:41:13.587,11.62352,11.62582,0.00,0.00
2016.12.09 16:41:14.790,11.62352,11.62592,0.00,0.00
2016.12.09 16:41:14.892,11.62352,11.62572,0.00,0.00
2016.12.09 16:41:15.993,11.62352,11.62562,0.00,0.00
2016.12.09 16:41:16.213,11.62352,11.62591,0.00,0.00
2016.12.09 16:41:16.468,11.62309,11.62582,0.00,0.00
2016.12.09 16:41:16.519,11.62279,11.62532,0.00,0.00
2016.12.09 16:41:16.822,11.62262,11.62492,0.00,0.00
2016.12.09 16:41:16.895,11.62262,11.62501,0.00,0.00
2016.12.09 16:41:17.095,11.62262,11.62492,0.00,0.00
2016.12.09 16:41:17.532,11.62262,11.62502,0.00,0.00
2016.12.09 16:41:17.697,11.62262,11.62512,0.00,0.00
2016.12.09 16:41:18.233,11.62262,11.62501,0.00,0.00
2016.12.09 16:41:18.513,11.62262,11.62512,0.00,0.00
2016.12.09 16:41:18.706,11.62262,11.62491,0.00,0.00
2016.12.09 16:41:19.324,11.62262,11.62501,0.00,0.00
2016.12.09 16:41:20.249,11.62262,11.62522,0.00,0.00
2016.12.09 16:41:20.301,11.62262,11.62492,0.00,0.00
2016.12.09 16:41:20.431,11.62262,11.62512,0.00,0.00
2016.12.09 16:41:20.743,11.62262,11.62492,0.00,0.00
2016.12.09 16:41:23.143,11.62208,11.62468,0.00,0.00
2016.12.09 16:41:23.228,11.62218,11.62468,0.00,0.00
2016.12.09 16:41:23.542,11.62152,11.62422,0.00,0.00
2016.12.09 16:41:23.610,11.62152,11.62391,0.00,0.00
2016.12.09 16:41:23.710,11.62152,11.62412,0.00,0.00
2016.12.09 16:41:24.011,11.62152,11.62391,0.00,0.00
2016.12.09 16:41:24.431,11.62152,11.62412,0.00,0.00
2016.12.09 16:41:24.535,11.62152,11.62382,0.00,0.00
2016.12.09 16:41:24.692,11.62151,11.62391,0.00,0.00
2016.12.09 16:41:24.743,11.62151,11.62382,0.00,0.00
2016.12.09 16:41:25.016,11.62151,11.62412,0.00,0.00
2016.12.09 16:41:25.618,11.62151,11.62382,0.00,0.00
2016.12.09 16:41:25.718,11.62151,11.62431,0.00,0.00
2016.12.09 16:41:26.226,11.62151,11.62411,0.00,0.00
2016.12.09 16:41:26.553,11.62242,11.62411,0.00,0.00
2016.12.09 16:41:26.869,11.62351,11.62572,0.00,0.00
2016.12.09 16:41:26.923,11.62351,11.62601,0.00,0.00
2016.12.09 16:41:27.267,11.62351,11.62611,0.00,0.00
2016.12.09 16:41:27.435,11.62329,11.62582,0.00,0.00
2016.12.09 16:41:27.536,11.62318,11.62582,0.00,0.00
2016.12.09 16:41:27.587,11.62318,11.62532,0.00,0.00
2016.12.09 16:41:27.637,11.62272,11.62512,0.00,0.00
2016.12.09 16:41:27.754,11.62272,11.62502,0.00,0.00
2016.12.09 16:41:28.028,11.62272,11.62521,0.00,0.00
2016.12.09 16:41:28.129,11.62252,11.62501,0.00,0.00
2016.12.09 16:41:28.240,11.62212,11.62482,0.00,0.00
2016.12.09 16:41:28.430,11.62212,11.62472,0.00,0.00
2016.12.09 16:41:28.776,11.62212,11.62462,0.00,0.00
2016.12.09 16:41:29.559,11.62212,11.62481,0.00,0.00
2016.12.09 16:41:29.633,11.62212,11.62461,0.00,0.00
2016.12.09 16:41:29.834,11.62212,11.62471,0.00,0.00
2016.12.09 16:41:29.934,11.62212,11.62452,0.00,0.00
2016.12.09 16:41:30.134,11.62251,11.62502,0.00,0.00
2016.12.09 16:41:30.235,11.62251,11.62512,0.00,0.00
2016.12.09 16:41:30.359,11.62251,11.62522,0.00,0.00
2016.12.09 16:41:30.436,11.62251,11.62511,0.00,0.00
2016.12.09 16:41:30.881,11.62251,11.62522,0.00,0.00
2016.12.09 16:41:31.440,11.62251,11.62491,0.00,0.00
2016.12.09 16:41:31.772,11.62251,11.62482,0.00,0.00
2016.12.09 16:41:31.941,11.62251,11.62502,0.00,0.00
2016.12.09 16:41:32.079,11.62251,11.62532,0.00,0.00
2016.12.09 16:41:32.378,11.62251,11.62522,0.00,0.00
2016.12.09 16:41:32.681,11.62251,11.62472,0.00,0.00
2016.12.09 16:41:32.744,11.62251,11.62502,0.00,0.00
2016.12.09 16:41:32.844,11.62251,11.62531,0.00,0.00
2016.12.09 16:41:33.044,11.62251,11.62502,0.00,0.00
2016.12.09 16:41:33.354,11.62211,11.62491,0.00,0.00
2016.12.09 16:41:33.405,11.62209,11.62478,0.00,0.00
2016.12.09 16:41:33.455,11.62198,11.62478,0.00,0.00
2016.12.09 16:41:33.506,11.62198,11.62431,0.00,0.00
2016.12.09 16:41:33.556,11.62162,11.62431,0.00,0.00
2016.12.09 16:41:33.652,11.62162,11.62402,0.00,0.00
2016.12.09 16:41:33.756,11.62162,11.62431,0.00,0.00
2016.12.09 16:41:34.067,11.62242,11.62432,0.00,0.00
2016.12.09 16:41:34.118,11.62201,11.62432,0.00,0.00
2016.12.09 16:41:34.169,11.62201,11.62412,0.00,0.00
2016.12.09 16:41:34.269,11.62251,11.62481,0.00,0.00
2016.12.09 16:41:34.370,11.62251,11.62511,0.00,0.00
2016.12.09 16:41:34.471,11.62251,11.62491,0.00,0.00
2016.12.09 16:41:34.550,11.62251,11.62522,0.00,0.00
2016.12.09 16:41:35.264,11.62251,11.62481,0.00,0.00
2016.12.09 16:41:35.315,11.62238,11.62481,0.00,0.00
2016.12.09 16:41:35.366,11.62208,11.62481,0.00,0.00
2016.12.09 16:41:35.554,11.62201,11.62441,0.00,0.00
2016.12.09 16:41:35.663,11.62201,11.62462,0.00,0.00
2016.12.09 16:41:35.863,11.62168,11.62432,0.00,0.00
2016.12.09 16:41:35.954,11.62161,11.62412,0.00,0.00
2016.12.09 16:41:36.870,11.62161,11.62432,0.00,0.00
2016.12.09 16:41:37.045,11.62159,11.62432,0.00,0.00
2016.12.09 16:41:37.142,11.62152,11.62411,0.00,0.00
2016.12.09 16:41:37.457,11.62152,11.62392,0.00,0.00
2016.12.09 16:41:37.884,11.62152,11.62382,0.00,0.00
2016.12.09 16:41:38.180,11.62152,11.62402,0.00,0.00
2016.12.09 16:41:38.466,11.62099,11.62278,0.00,0.00
2016.12.09 16:41:38.570,11.61938,11.62202,0.00,0.00
2016.12.09 16:41:38.671,11.61889,11.62079,0.00,0.00
2016.12.09 16:41:38.778,11.61788,11.62052,0.00,0.00
2016.12.09 16:41:38.884,11.61768,11.62052,0.00,0.00
2016.12.09 16:41:38.934,11.61768,11.61951,0.00,0.00
2016.12.09 16:41:38.985,11.61751,11.61951,0.00,0.00
2016.12.09 16:41:39.088,11.61751,11.62032,0.00,0.00
2016.12.09 16:41:39.188,11.61811,11.62062,0.00,0.00
2016.12.09 16:41:39.514,11.61859,11.62078,0.00,0.00
2016.12.09 16:41:39.565,11.61818,11.62078,0.00,0.00
2016.12.09 16:41:39.665,11.61802,11.62051,0.00,0.00
2016.12.09 16:41:39.783,11.61808,11.62092,0.00,0.00
2016.12.09 16:41:39.887,11.61829,11.62102,0.00,0.00
2016.12.09 16:41:39.963,11.61808,11.62092,0.00,0.00
2016.12.09 16:41:40.013,11.61808,11.62051,0.00,0.00
2016.12.09 16:41:40.064,11.61768,11.62051,0.00,0.00
2016.12.09 16:41:40.165,11.61758,11.62042,0.00,0.00
2016.12.09 16:41:40.585,11.61778,11.62051,0.00,0.00
2016.12.09 16:41:40.664,11.61759,11.62041,0.00,0.00
2016.12.09 16:41:40.865,11.61769,11.62051,0.00,0.00
2016.12.09 16:41:41.193,11.61789,11.62069,0.00,0.00
2016.12.09 16:41:41.499,11.61868,11.62152,0.00,0.00
2016.12.09 16:41:41.896,11.61878,11.62152,0.00,0.00
2016.12.09 16:41:42.202,11.61858,11.62101,0.00,0.00
2016.12.09 16:41:42.252,11.61858,11.62142,0.00,0.00
2016.12.09 16:41:42.303,11.61852,11.62111,0.00,0.00
2016.12.09 16:41:42.491,11.61858,11.62142,0.00,0.00
2016.12.09 16:41:42.571,11.61858,11.62102,0.00,0.00
2016.12.09 16:41:42.672,11.61852,11.62102,0.00,0.00
2016.12.09 16:41:42.868,11.61868,11.62151,0.00,0.00
2016.12.09 16:41:43.707,11.61858,11.62142,0.00,0.00
2016.12.09 16:41:43.882,11.61879,11.62151,0.00,0.00
2016.12.09 16:41:44.003,11.61852,11.62131,0.00,0.00
2016.12.09 16:41:44.172,11.61852,11.62122,0.00,0.00
2016.12.09 16:41:44.396,11.61852,11.62131,0.00,0.00
2016.12.09 16:41:44.573,11.61869,11.62151,0.00,0.00
2016.12.09 16:41:44.802,11.61879,11.62151,0.00,0.00
2016.12.09 16:41:44.973,11.61852,11.62132,0.00,0.00
2016.12.09 16:41:45.274,11.61879,11.62151,0.00,0.00
2016.12.09 16:41:45.989,11.61852,11.62122,0.00,0.00
2016.12.09 16:41:46.175,11.61858,11.62142,0.00,0.00
2016.12.09 16:41:46.676,11.61852,11.62121,0.00,0.00
2016.12.09 16:41:46.998,11.61852,11.62112,0.00,0.00
2016.12.09 16:41:47.105,11.61852,11.62132,0.00,0.00
2016.12.09 16:41:47.177,11.61858,11.62142,0.00,0.00
2016.12.09 16:41:47.302,11.61852,11.62111,0.00,0.00
2016.12.09 16:41:48.183,11.61852,11.62102,0.00,0.00
2016.12.09 16:41:48.483,11.61858,11.62142,0.00,0.00
2016.12.09 16:41:49.260,11.61858,11.62102,0.00,0.00
2016.12.09 16:41:49.480,11.61789,11.62051,0.00,0.00
2016.12.09 16:41:49.580,11.61778,11.62051,0.00,0.00
2016.12.09 16:41:50.081,11.61779,11.62051,0.00,0.00
2016.12.09 16:41:50.182,11.61758,11.62042,0.00,0.00
2016.12.09 16:41:50.423,11.61768,11.62051,0.00,0.00
2016.12.09 16:41:50.757,11.61798,11.62051,0.00,0.00
2016.12.09 16:41:50.807,11.61759,11.62041,0.00,0.00
2016.12.09 16:41:51.183,11.61788,11.62051,0.00,0.00
2016.12.09 16:41:51.299,11.61778,11.62051,0.00,0.00
2016.12.09 16:41:51.912,11.61788,11.62051,0.00,0.00
2016.12.09 16:41:52.217,11.61798,11.62051,0.00,0.00
2016.12.09 16:41:52.606,11.61818,11.62051,0.00,0.00
2016.12.09 16:41:52.786,11.61799,11.62051,0.00,0.00
2016.12.09 16:41:52.886,11.61778,11.62051,0.00,0.00
2016.12.09 16:41:53.007,11.61798,11.62051,0.00,0.00
2016.12.09 16:41:53.332,11.61808,11.62051,0.00,0.00
2016.12.09 16:41:53.587,11.61798,11.62051,0.00,0.00
2016.12.09 16:41:54.187,11.61779,11.62051,0.00,0.00
2016.12.09 16:41:54.417,11.61851,11.62051,0.00,0.00
2016.12.09 16:41:54.467,11.61779,11.62051,0.00,0.00
2016.12.09 16:41:54.518,11.61851,11.62101,0.00,0.00
2016.12.09 16:41:54.619,11.61888,11.62152,0.00,0.00
2016.12.09 16:41:54.669,11.61888,11.62102,0.00,0.00
2016.12.09 16:41:54.720,11.61848,11.62102,0.00,0.00
2016.12.09 16:41:54.770,11.61848,11.62079,0.00,0.00
2016.12.09 16:41:55.034,11.61789,11.62051,0.00,0.00
2016.12.09 16:41:55.135,11.61798,11.62051,0.00,0.00
2016.12.09 16:41:55.371,11.61829,11.62102,0.00,0.00
2016.12.09 16:41:55.550,11.61839,11.62052,0.00,0.00
2016.12.09 16:41:55.651,11.61848,11.62101,0.00,0.00
2016.12.09 16:41:55.772,11.61818,11.62101,0.00,0.00
2016.12.09 16:41:55.882,11.61802,11.62072,0.00,0.00
2016.12.09 16:41:55.933,11.61808,11.62092,0.00,0.00
2016.12.09 16:41:56.018,11.61839,11.62101,0.00,0.00
2016.12.09 16:41:56.355,11.61852,11.62102,0.00,0.00
2016.12.09 16:41:56.406,11.61868,11.62151,0.00,0.00
2016.12.09 16:41:56.817,11.61852,11.62132,0.00,0.00
2016.12.09 16:41:57.128,11.61852,11.62111,0.00,0.00
2016.12.09 16:41:57.186,11.61829,11.62102,0.00,0.00
2016.12.09 16:41:57.311,11.61811,11.62091,0.00,0.00
2016.12.09 16:41:57.741,11.61852,11.62091,0.00,0.00
2016.12.09 16:41:57.842,11.61852,11.62102,0.00,0.00
2016.12.09 16:41:57.894,11.61852,11.62122,0.00,0.00
2016.12.09 16:41:57.994,11.61868,11.62151,0.00,0.00
2016.12.09 16:41:58.395,11.61852,11.62132,0.00,0.00
2016.12.09 16:41:58.896,11.61852,11.62111,0.00,0.00
2016.12.09 16:41:59.096,11.61869,11.62151,0.00,0.00
2016.12.09 16:41:59.197,11.61878,11.62161,0.00,0.00
2016.12.09 16:41:59.337,11.61898,11.62161,0.00,0.00
2016.12.09 16:41:59.450,11.61869,11.62151,0.00,0.00
2016.12.09 16:41:59.501,11.61852,11.62132,0.00,0.00
2016.12.09 16:42:00.119,11.61852,11.62101,0.00,0.00
2016.12.09 16:42:00.326,11.61852,11.62112,0.00,0.00
2016.12.09 16:42:00.398,11.61858,11.62142,0.00,0.00
2016.12.09 16:42:00.725,11.61829,11.62089,0.00,0.00
2016.12.09 16:42:00.826,11.61819,11.62101,0.00,0.00
2016.12.09 16:42:00.930,11.61812,11.62051,0.00,0.00
2016.12.09 16:42:01.000,11.61812,11.62062,0.00,0.00
2016.12.09 16:42:01.135,11.61812,11.62092,0.00,0.00
2016.12.09 16:42:01.200,11.61812,11.62061,0.00,0.00
2016.12.09 16:42:01.407,11.61852,11.62102,0.00,0.00
2016.12.09 16:42:01.508,11.61852,11.62121,0.00,0.00
2016.12.09 16:42:01.930,11.61852,11.62112,0.00,0.00
2016.12.09 16:42:02.032,11.61852,11.62132,0.00,0.00
2016.12.09 16:42:02.443,11.61852,11.62112,0.00,0.00
2016.12.09 16:42:02.502,11.61852,11.62132,0.00,0.00
2016.12.09 16:42:02.602,11.61879,11.62161,0.00,0.00
2016.12.09 16:42:02.932,11.61852,11.62122,0.00,0.00
2016.12.09 16:42:03.504,11.61852,11.62132,0.00,0.00
2016.12.09 16:42:03.704,11.61852,11.62121,0.00,0.00
2016.12.09 16:42:05.548,11.61858,11.62142,0.00,0.00
2016.12.09 16:42:06.409,11.61852,11.62132,0.00,0.00
2016.12.09 16:42:07.679,11.61861,11.62132,0.00,0.00
2016.12.09 16:42:07.730,11.61861,11.62141,0.00,0.00
2016.12.09 16:42:07.842,11.61878,11.62161,0.00,0.00
2016.12.09 16:42:07.911,11.61888,11.62161,0.00,0.00
2016.12.09 16:42:08.302,11.61888,11.62172,0.00,0.00
2016.12.09 16:42:08.352,11.62061,11.62172,0.00,0.00
2016.12.09 16:42:08.453,11.62061,11.62282,0.00,0.00
2016.12.09 16:42:08.504,11.62112,11.62282,0.00,0.00
2016.12.09 16:42:08.596,11.62079,11.62361,0.00,0.00
2016.12.09 16:42:08.647,11.62128,11.62412,0.00,0.00
2016.12.09 16:42:08.748,11.62108,11.62392,0.00,0.00
2016.12.09 16:42:09.114,11.62152,11.62422,0.00,0.00
2016.12.09 16:42:09.428,11.62251,11.62432,0.00,0.00
2016.12.09 16:42:09.529,11.62251,11.62511,0.00,0.00
2016.12.09 16:42:09.715,11.62251,11.62471,0.00,0.00
2016.12.09 16:42:10.362,11.62251,11.62502,0.00,0.00
2016.12.09 16:42:10.417,11.62251,11.62512,0.00,0.00
2016.12.09 16:42:10.568,11.62251,11.62522,0.00,0.00
2016.12.09 16:42:10.750,11.62259,11.62541,0.00,0.00
2016.12.09 16:42:11.543,11.62251,11.62522,0.00,0.00
2016.12.09 16:42:11.940,11.62251,11.62532,0.00,0.00
2016.12.09 16:42:12.558,11.62251,11.62521,0.00,0.00
2016.12.09 16:42:12.989,11.62251,11.62501,0.00,0.00
2016.12.09 16:42:13.189,11.62251,11.62521,0.00,0.00
2016.12.09 16:42:13.240,11.62251,11.62501,0.00,0.00
2016.12.09 16:42:13.472,11.62251,11.62512,0.00,0.00
2016.12.09 16:42:13.573,11.62258,11.62542,0.00,0.00
2016.12.09 16:42:13.624,11.62251,11.62522,0.00,0.00
2016.12.09 16:42:13.723,11.62258,11.62542,0.00,0.00
2016.12.09 16:42:13.917,11.62251,11.62532,0.00,0.00
2016.12.09 16:42:14.252,11.62251,11.62511,0.00,0.00
2016.12.09 16:42:15.126,11.62251,11.62481,0.00,0.00
2016.12.09 16:42:15.441,11.62251,11.62492,0.00,0.00
2016.12.09 16:42:15.550,11.62251,11.62512,0.00,0.00
2016.12.09 16:42:15.837,11.62251,11.62532,0.00,0.00
2016.12.09 16:42:15.956,11.62251,11.62512,0.00,0.00
2016.12.09 16:42:16.303,11.62251,11.62502,0.00,0.00
2016.12.09 16:42:16.404,11.62212,11.62482,0.00,0.00
2016.12.09 16:42:16.455,11.62238,11.62511,0.00,0.00
2016.12.09 16:42:16.528,11.62212,11.62482,0.00,0.00
2016.12.09 16:42:16.837,11.62212,11.62452,0.00,0.00
2016.12.09 16:42:17.147,11.62212,11.62442,0.00,0.00
2016.12.09 16:42:17.478,11.62212,11.62452,0.00,0.00
2016.12.09 16:42:17.530,11.62212,11.62431,0.00,0.00
2016.12.09 16:42:17.770,11.62211,11.62441,0.00,0.00
2016.12.09 16:42:17.831,11.62211,11.62432,0.00,0.00
2016.12.09 16:42:18.051,11.62251,11.62502,0.00,0.00
2016.12.09 16:42:18.450,11.62251,11.62472,0.00,0.00
2016.12.09 16:42:18.763,11.62251,11.62492,0.00,0.00
2016.12.09 16:42:19.561,11.62251,11.62501,0.00,0.00
2016.12.09 16:42:19.634,11.62251,11.62472,0.00,0.00
2016.12.09 16:42:19.740,11.62188,11.62472,0.00,0.00
2016.12.09 16:42:19.829,11.62211,11.62472,0.00,0.00
2016.12.09 16:42:20.135,11.62211,11.62462,0.00,0.00
2016.12.09 16:42:20.819,11.62178,11.62462,0.00,0.00
2016.12.09 16:42:20.877,11.62162,11.62432,0.00,0.00
2016.12.09 16:42:21.187,11.62162,11.62422,0.00,0.00
2016.12.09 16:42:21.503,11.62162,11.62392,0.00,0.00
2016.12.09 16:42:21.685,11.62151,11.62401,0.00,0.00
2016.12.09 16:42:21.786,11.62151,11.62382,0.00,0.00
2016.12.09 16:42:22.082,11.62151,11.62392,0.00,0.00
2016.12.09 16:42:23.642,11.62151,11.62411,0.00,0.00
2016.12.09 16:42:24.482,11.62151,11.62402,0.00,0.00
2016.12.09 16:42:24.970,11.62151,11.62381,0.00,0.00
2016.12.09 16:42:25.421,11.62111,11.62381,0.00,0.00
2016.12.09 16:42:25.472,11.62111,11.62352,0.00,0.00
2016.12.09 16:42:25.648,11.62111,11.62381,0.00,0.00
2016.12.09 16:42:25.865,11.62151,11.62381,0.00,0.00
2016.12.09 16:42:25.972,11.62151,11.62392,0.00,0.00
2016.12.09 16:42:26.082,11.62151,11.62412,0.00,0.00
2016.12.09 16:42:26.481,11.62151,11.62382,0.00,0.00
2016.12.09 16:42:26.593,11.62131,11.62382,0.00,0.00
2016.12.09 16:42:26.947,11.62131,11.62402,0.00,0.00
2016.12.09 16:42:27.475,11.62131,11.62411,0.00,0.00
2016.12.09 16:42:27.547,11.62149,11.62431,0.00,0.00
2016.12.09 16:42:27.660,11.62169,11.62451,0.00,0.00
2016.12.09 16:42:27.847,11.62158,11.62442,0.00,0.00
2016.12.09 16:42:28.471,11.62148,11.62432,0.00,0.00
2016.12.09 16:42:28.776,11.62232,11.62502,0.00,0.00
2016.12.09 16:42:29.196,11.62232,11.62512,0.00,0.00
2016.12.09 16:42:29.699,11.62228,11.62498,0.00,0.00
2016.12.09 16:42:30.004,11.62152,11.62422,0.00,0.00
2016.12.09 16:42:30.054,11.62168,11.62452,0.00,0.00
2016.12.09 16:42:30.252,11.62152,11.62431,0.00,0.00
2016.12.09 16:42:30.360,11.62169,11.62451,0.00,0.00
2016.12.09 16:42:30.822,11.62181,11.62451,0.00,0.00
2016.12.09 16:42:30.991,11.62229,11.62511,0.00,0.00
2016.12.09 16:42:31.155,11.62249,11.62531,0.00,0.00
2016.12.09 16:42:31.253,11.62258,11.62542,0.00,0.00
2016.12.09 16:42:32.602,11.62238,11.62522,0.00,0.00
2016.12.09 16:42:32.919,11.62228,11.62512,0.00,0.00
2016.12.09 16:42:33.257,11.62258,11.62542,0.00,0.00
2016.12.09 16:42:33.611,11.62268,11.62552,0.00,0.00
2016.12.09 16:42:34.901,11.62241,11.62521,0.00,0.00
2016.12.09 16:42:35.499,11.62268,11.62552,0.00,0.00
2016.12.09 16:42:35.560,11.62241,11.62521,0.00,0.00
2016.12.09 16:42:35.661,11.62248,11.62532,0.00,0.00
2016.12.09 16:42:35.790,11.62241,11.62511,0.00,0.00
2016.12.09 16:42:35.988,11.62258,11.62542,0.00,0.00
2016.12.09 16:42:36.060,11.62248,11.62532,0.00,0.00
2016.12.09 16:42:36.426,11.62259,11.62541,0.00,0.00
2016.12.09 16:42:36.822,11.62241,11.62521,0.00,0.00
2016.12.09 16:42:38.791,11.62259,11.62541,0.00,0.00
2016.12.09 16:42:39.091,11.62241,11.62511,0.00,0.00
2016.12.09 16:42:40.368,11.62249,11.62531,0.00,0.00
2016.12.09 16:42:41.100,11.62241,11.62512,0.00,0.00
2016.12.09 16:42:41.201,11.62269,11.62551,0.00,0.00
2016.12.09 16:42:41.471,11.62241,11.62521,0.00,0.00
2016.12.09 16:42:41.776,11.62241,11.62512,0.00,0.00
2016.12.09 16:42:42.114,11.62248,11.62532,0.00,0.00
2016.12.09 16:42:42.381,11.62258,11.62542,0.00,0.00
2016.12.09 16:42:42.857,11.62248,11.62532,0.00,0.00
2016.12.09 16:42:43.174,11.62269,11.62551,0.00,0.00
2016.12.09 16:42:44.476,11.62241,11.62522,0.00,0.00
2016.12.09 16:42:44.577,11.62259,11.62541,0.00,0.00
2016.12.09 16:42:44.678,11.62268,11.62552,0.00,0.00
2016.12.09 16:42:44.779,11.62298,11.62562,0.00,0.00
2016.12.09 16:42:44.885,11.62278,11.62562,0.00,0.00
2016.12.09 16:42:45.114,11.62258,11.62542,0.00,0.00
2016.12.09 16:42:45.485,11.62241,11.62522,0.00,0.00
2016.12.09 16:42:45.586,11.62268,11.62552,0.00,0.00
2016.12.09 16:42:45.693,11.62248,11.62532,0.00,0.00
2016.12.09 16:42:46.092,11.62241,11.62511,0.00,0.00
2016.12.09 16:42:46.320,11.62258,11.62542,0.00,0.00
2016.12.09 16:42:46.380,11.62241,11.62512,0.00,0.00
2016.12.09 16:42:46.881,11.62258,11.62542,0.00,0.00
2016.12.09 16:42:46.999,11.62241,11.62502,0.00,0.00
2016.12.09 16:42:47.314,11.62241,11.62522,0.00,0.00
2016.12.09 16:42:47.417,11.62249,11.62531,0.00,0.00
2016.12.09 16:42:47.482,11.62241,11.62521,0.00,0.00
2016.12.09 16:42:50.318,11.62259,11.62541,0.00,0.00
2016.12.09 16:42:50.386,11.62241,11.62522,0.00,0.00
2016.12.09 16:42:51.094,11.62241,11.62512,0.00,0.00
2016.12.09 16:42:51.199,11.62259,11.62541,0.00,0.00
2016.12.09 16:42:51.637,11.62241,11.62522,0.00,0.00
2016.12.09 16:42:52.188,11.62241,11.62512,0.00,0.00
2016.12.09 16:42:52.586,11.62228,11.62489,0.00,0.00
2016.12.09 16:42:52.691,11.62219,11.62489,0.00,0.00
2016.12.09 16:42:52.741,11.62219,11.62461,0.00,0.00
2016.12.09 16:42:52.792,11.62158,11.62442,0.00,0.00
2016.12.09 16:42:52.891,11.62199,11.62461,0.00,0.00
2016.12.09 16:42:52.992,11.62179,11.62461,0.00,0.00
2016.12.09 16:42:53.091,11.62149,11.62431,0.00,0.00
2016.12.09 16:42:53.413,11.62121,11.62401,0.00,0.00
2016.12.09 16:42:53.515,11.62148,11.62432,0.00,0.00
2016.12.09 16:42:53.729,11.62129,11.62411,0.00,0.00
2016.12.09 16:42:53.794,11.62148,11.62432,0.00,0.00
2016.12.09 16:42:54.796,11.62159,11.62441,0.00,0.00
2016.12.09 16:42:55.222,11.62138,11.62422,0.00,0.00
2016.12.09 16:42:55.298,11.62129,11.62411,0.00,0.00
2016.12.09 16:42:56.110,11.62138,11.62422,0.00,0.00
2016.12.09 16:42:56.199,11.62159,11.62441,0.00,0.00
2016.12.09 16:42:56.417,11.62128,11.62412,0.00,0.00
2016.12.09 16:42:58.009,11.62139,11.62421,0.00,0.00
2016.12.09 16:42:58.143,11.62158,11.62442,0.00,0.00
2016.12.09 16:42:58.244,11.62168,11.62452,0.00,0.00
2016.12.09 16:42:58.690,11.62149,11.62431,0.00,0.00
2016.12.09 16:43:00.121,11.62169,11.62451,0.00,0.00
2016.12.09 16:43:00.551,11.62148,11.62432,0.00,0.00
2016.12.09 16:43:00.608,11.62179,11.62461,0.00,0.00
2016.12.09 16:43:00.914,11.62238,11.62522,0.00,0.00
2016.12.09 16:43:01.123,11.62221,11.62491,0.00,0.00
2016.12.09 16:43:01.224,11.62249,11.62531,0.00,0.00
2016.12.09 16:43:01.339,11.62238,11.62522,0.00,0.00
2016.12.09 16:43:01.440,11.62228,11.62512,0.00,0.00
2016.12.09 16:43:01.769,11.62249,11.62531,0.00,0.00
2016.12.09 16:43:02.152,11.62269,11.62551,0.00,0.00
2016.12.09 16:43:02.482,11.62279,11.62561,0.00,0.00
2016.12.09 16:43:02.813,11.62259,11.62541,0.00,0.00
2016.12.09 16:43:03.014,11.62238,11.62522,0.00,0.00
2016.12.09 16:43:03.140,11.62231,11.62512,0.00,0.00
2016.12.09 16:43:03.471,11.62231,11.62492,0.00,0.00
2016.12.09 16:43:04.328,11.62243,11.62532,0.00,0.00
2016.12.09 16:43:04.419,11.62231,11.62481,0.00,0.00
2016.12.09 16:43:05.855,11.62199,11.62481,0.00,0.00
2016.12.09 16:43:05.960,11.62189,11.62471,0.00,0.00
2016.12.09 16:43:06.357,11.62181,11.62461,0.00,0.00
2016.12.09 16:43:06.469,11.62149,11.62431,0.00,0.00
2016.12.09 16:43:06.570,11.62139,11.62421,0.00,0.00
2016.12.09 16:43:07.003,11.62131,11.62402,0.00,0.00
2016.12.09 16:43:07.054,11.62118,11.62402,0.00,0.00
2016.12.09 16:43:07.154,11.62108,11.62392,0.00,0.00
2016.12.09 16:43:07.480,11.62134,11.62421,0.00,0.00
2016.12.09 16:43:07.830,11.62122,11.62392,0.00,0.00
2016.12.09 16:43:08.241,11.62123,11.62412,0.00,0.00
2016.12.09 16:43:08.380,11.62122,11.62391,0.00,0.00
2016.12.09 16:43:09.760,11.62148,11.62432,0.00,0.00
2016.12.09 16:43:09.934,11.62128,11.62412,0.00,0.00
2016.12.09 16:43:10.270,11.62158,11.62442,0.00,0.00
2016.12.09 16:43:10.773,11.62149,11.62431,0.00,0.00
2016.12.09 16:43:11.543,11.62128,11.62412,0.00,0.00
2016.12.09 16:43:11.638,11.62148,11.62432,0.00,0.00
2016.12.09 16:43:11.969,11.62129,11.62411,0.00,0.00
2016.12.09 16:43:12.240,11.62148,11.62432,0.00,0.00
2016.12.09 16:43:12.340,11.62169,11.62451,0.00,0.00
2016.12.09 16:43:12.788,11.62158,11.62442,0.00,0.00
2016.12.09 16:43:12.889,11.62178,11.62462,0.00,0.00
2016.12.09 16:43:13.363,11.62221,11.62462,0.00,0.00
2016.12.09 16:43:13.719,11.62238,11.62522,0.00,0.00
2016.12.09 16:43:13.814,11.62221,11.62492,0.00,0.00
2016.12.09 16:43:13.865,11.62238,11.62522,0.00,0.00
2016.12.09 16:43:15.045,11.62229,11.62511,0.00,0.00
2016.12.09 16:43:15.368,11.62248,11.62532,0.00,0.00
2016.12.09 16:43:15.483,11.62259,11.62541,0.00,0.00
2016.12.09 16:43:15.546,11.62248,11.62532,0.00,0.00
2016.12.09 16:43:15.746,11.62221,11.62502,0.00,0.00
2016.12.09 16:43:16.280,11.62238,11.62522,0.00,0.00
2016.12.09 16:43:16.581,11.62219,11.62501,0.00,0.00
2016.12.09 16:43:16.890,11.62182,11.62461,0.00,0.00
2016.12.09 16:43:17.148,11.62198,11.62482,0.00,0.00
2016.12.09 16:43:17.497,11.62232,11.62461,0.00,0.00
2016.12.09 16:43:17.549,11.62232,11.62491,0.00,0.00
2016.12.09 16:43:17.649,11.62249,11.62531,0.00,0.00
2016.12.09 16:43:18.049,11.62232,11.62512,0.00,0.00
2016.12.09 16:43:18.473,11.62232,11.62502,0.00,0.00
2016.12.09 16:43:18.986,11.62248,11.62532,0.00,0.00
2016.12.09 16:43:21.254,11.62232,11.62512,0.00,0.00
2016.12.09 16:43:22.792,11.62248,11.62532,0.00,0.00
2016.12.09 16:43:22.904,11.62259,11.62541,0.00,0.00
2016.12.09 16:43:23.158,11.62278,11.62562,0.00,0.00
2016.12.09 16:43:23.259,11.62249,11.62531,0.00,0.00
2016.12.09 16:43:23.576,11.62281,11.62561,0.00,0.00
2016.12.09 16:43:23.902,11.62329,11.62611,0.00,0.00
2016.12.09 16:43:23.959,11.62321,11.62581,0.00,0.00
2016.12.09 16:43:24.187,11.62321,11.62602,0.00,0.00
2016.12.09 16:43:24.660,11.62321,11.62582,0.00,0.00
2016.12.09 16:43:24.973,11.62329,11.62611,0.00,0.00
2016.12.09 16:43:25.510,11.62321,11.62582,0.00,0.00
2016.12.09 16:43:25.991,11.62321,11.62602,0.00,0.00
2016.12.09 16:43:26.662,11.62321,11.62582,0.00,0.00
2016.12.09 16:43:27.204,11.62358,11.62642,0.00,0.00
2016.12.09 16:43:27.576,11.62329,11.62611,0.00,0.00
2016.12.09 16:43:27.907,11.62338,11.62622,0.00,0.00
2016.12.09 16:43:27.966,11.62321,11.62602,0.00,0.00
2016.12.09 16:43:28.214,11.62338,11.62622,0.00,0.00
2016.12.09 16:43:28.267,11.62321,11.62601,0.00,0.00
2016.12.09 16:43:28.878,11.62381,11.62601,0.00,0.00
2016.12.09 16:43:29.075,11.62421,11.62702,0.00,0.00
2016.12.09 16:43:29.202,11.62429,11.62711,0.00,0.00
2016.12.09 16:43:29.671,11.62421,11.62701,0.00,0.00
2016.12.09 16:43:29.771,11.62428,11.62712,0.00,0.00
2016.12.09 16:43:29.886,11.62421,11.62682,0.00,0.00
2016.12.09 16:43:30.217,11.62421,11.62692,0.00,0.00
2016.12.09 16:43:30.372,11.62429,11.62711,0.00,0.00
2016.12.09 16:43:30.613,11.62439,11.62721,0.00,0.00
2016.12.09 16:43:31.420,11.62429,11.62711,0.00,0.00
2016.12.09 16:43:31.574,11.62438,11.62722,0.00,0.00
2016.12.09 16:43:31.889,11.62421,11.62692,0.00,0.00
2016.12.09 16:43:31.997,11.62421,11.62702,0.00,0.00
2016.12.09 16:43:32.075,11.62421,11.62691,0.00,0.00
2016.12.09 16:43:32.198,11.62439,11.62721,0.00,0.00
2016.12.09 16:43:32.619,11.62428,11.62712,0.00,0.00
2016.12.09 16:43:32.676,11.62421,11.62691,0.00,0.00
2016.12.09 16:43:33.277,11.62429,11.62711,0.00,0.00
2016.12.09 16:43:33.377,11.62438,11.62722,0.00,0.00
2016.12.09 16:43:33.577,11.62428,11.62712,0.00,0.00
2016.12.09 16:43:34.623,11.62439,11.62721,0.00,0.00
2016.12.09 16:43:34.806,11.62458,11.62742,0.00,0.00
2016.12.09 16:43:34.932,11.62428,11.62712,0.00,0.00
2016.12.09 16:43:35.271,11.62448,11.62732,0.00,0.00
2016.12.09 16:43:35.795,11.62429,11.62711,0.00,0.00
2016.12.09 16:43:36.132,11.62509,11.62791,0.00,0.00
2016.12.09 16:43:36.382,11.62448,11.62732,0.00,0.00
2016.12.09 16:43:37.147,11.62482,11.62732,0.00,0.00
2016.12.09 16:43:37.197,11.62482,11.62762,0.00,0.00
2016.12.09 16:43:37.248,11.62521,11.62762,0.00,0.00
2016.12.09 16:43:37.298,11.62521,11.62782,0.00,0.00
2016.12.09 16:43:37.431,11.62528,11.62812,0.00,0.00
2016.12.09 16:43:37.716,11.62521,11.62792,0.00,0.00
2016.12.09 16:43:37.784,11.62528,11.62812,0.00,0.00
2016.12.09 16:43:38.020,11.62521,11.62791,0.00,0.00
2016.12.09 16:43:38.085,11.62539,11.62821,0.00,0.00
2016.12.09 16:43:38.285,11.62528,11.62812,0.00,0.00
2016.12.09 16:43:38.492,11.62521,11.62801,0.00,0.00
2016.12.09 16:43:38.790,11.62528,11.62812,0.00,0.00
2016.12.09 16:43:38.910,11.62521,11.62782,0.00,0.00
2016.12.09 16:43:39.229,11.62521,11.62802,0.00,0.00
2016.12.09 16:43:39.288,11.62529,11.62811,0.00,0.00
2016.12.09 16:43:39.427,11.62521,11.62791,0.00,0.00
2016.12.09 16:43:40.438,11.62528,11.62812,0.00,0.00
2016.12.09 16:43:40.489,11.62521,11.62801,0.00,0.00
2016.12.09 16:43:41.092,11.62538,11.62822,0.00,0.00
2016.12.09 16:43:41.223,11.62521,11.62802,0.00,0.00
2016.12.09 16:43:41.393,11.62539,11.62821,0.00,0.00
2016.12.09 16:43:41.693,11.62529,11.62811,0.00,0.00
2016.12.09 16:43:42.996,11.62521,11.62791,0.00,0.00
2016.12.09 16:43:43.096,11.62548,11.62832,0.00,0.00
2016.12.09 16:43:43.196,11.62529,11.62811,0.00,0.00
2016.12.09 16:43:43.297,11.62548,11.62832,0.00,0.00
2016.12.09 16:43:43.496,11.62531,11.62811,0.00,0.00
2016.12.09 16:43:43.602,11.62559,11.62841,0.00,0.00
2016.12.09 16:43:43.997,11.62538,11.62822,0.00,0.00
2016.12.09 16:43:44.604,11.62548,11.62832,0.00,0.00
2016.12.09 16:43:44.910,11.62532,11.62801,0.00,0.00
2016.12.09 16:43:45.013,11.62568,11.62842,0.00,0.00
2016.12.09 16:43:45.220,11.62532,11.62802,0.00,0.00
2016.12.09 16:43:46.207,11.62612,11.62802,0.00,0.00
2016.12.09 16:43:46.310,11.62612,11.62832,0.00,0.00
2016.12.09 16:43:46.400,11.62612,11.62891,0.00,0.00
2016.12.09 16:43:46.710,11.62612,11.62882,0.00,0.00
2016.12.09 16:43:46.801,11.62612,11.62891,0.00,0.00
2016.12.09 16:43:47.233,11.62612,11.62881,0.00,0.00
2016.12.09 16:43:47.403,11.62618,11.62902,0.00,0.00
2016.12.09 16:43:47.622,11.62628,11.62912,0.00,0.00
2016.12.09 16:43:47.939,11.62619,11.62901,0.00,0.00
2016.12.09 16:43:48.040,11.62638,11.62922,0.00,0.00
2016.12.09 16:43:48.551,11.62619,11.62901,0.00,0.00
2016.12.09 16:43:48.920,11.62612,11.62891,0.00,0.00
2016.12.09 16:43:49.710,11.62612,11.62871,0.00,0.00
2016.12.09 16:43:50.345,11.62619,11.62901,0.00,0.00
2016.12.09 16:43:50.698,11.62631,11.62901,0.00,0.00
2016.12.09 16:43:50.950,11.62739,11.63021,0.00,0.00
2016.12.09 16:43:51.043,11.62748,11.63032,0.00,0.00
2016.12.09 16:43:51.217,11.62728,11.63001,0.00,0.00
2016.12.09 16:43:51.360,11.62748,11.63032,0.00,0.00
2016.12.09 16:43:51.418,11.62729,11.63011,0.00,0.00
2016.12.09 16:43:51.755,11.62728,11.63001,0.00,0.00
2016.12.09 16:43:51.855,11.62749,11.63031,0.00,0.00
2016.12.09 16:43:52.837,11.62728,11.63012,0.00,0.00
2016.12.09 16:43:53.145,11.62749,11.63031,0.00,0.00
2016.12.09 16:43:53.457,11.62728,11.63001,0.00,0.00
2016.12.09 16:43:54.129,11.62729,11.63011,0.00,0.00
2016.12.09 16:43:55.267,11.62728,11.63002,0.00,0.00
2016.12.09 16:43:55.575,11.62728,11.62992,0.00,0.00
2016.12.09 16:43:55.932,11.62728,11.63002,0.00,0.00
2016.12.09 16:43:56.162,11.62728,11.62982,0.00,0.00
2016.12.09 16:43:57.565,11.62728,11.63001,0.00,0.00
2016.12.09 16:43:58.338,11.62728,11.63012,0.00,0.00
2016.12.09 16:43:58.438,11.62748,11.63032,0.00,0.00
2016.12.09 16:43:58.785,11.62728,11.63002,0.00,0.00
2016.12.09 16:43:59.141,11.62728,11.63012,0.00,0.00
2016.12.09 16:43:59.274,11.62728,11.63001,0.00,0.00
2016.12.09 16:43:59.581,11.62829,11.63092,0.00,0.00
2016.12.09 16:43:59.920,11.62829,11.63042,0.00,0.00
2016.12.09 16:44:00.043,11.62829,11.63072,0.00,0.00
2016.12.09 16:44:00.178,11.62798,11.63082,0.00,0.00
2016.12.09 16:44:00.279,11.62768,11.63052,0.00,0.00
2016.12.09 16:44:00.644,11.62731,11.63002,0.00,0.00
2016.12.09 16:44:00.775,11.62731,11.63012,0.00,0.00
2016.12.09 16:44:01.578,11.62731,11.63002,0.00,0.00
2016.12.09 16:44:01.752,11.62738,11.63022,0.00,0.00
2016.12.09 16:44:02.378,11.62822,11.63032,0.00,0.00
2016.12.09 16:44:02.478,11.62829,11.63042,0.00,0.00
2016.12.09 16:44:02.581,11.62829,11.63111,0.00,0.00
2016.12.09 16:44:02.752,11.62829,11.63072,0.00,0.00
2016.12.09 16:44:02.968,11.62829,11.63082,0.00,0.00
2016.12.09 16:44:03.054,11.62829,11.63101,0.00,0.00
2016.12.09 16:44:03.455,11.62829,11.63111,0.00,0.00
2016.12.09 16:44:03.555,11.62829,11.63092,0.00,0.00
2016.12.09 16:44:03.655,11.62829,11.63112,0.00,0.00
2016.12.09 16:44:03.857,11.62829,11.63091,0.00,0.00
2016.12.09 16:44:04.230,11.62829,11.63072,0.00,0.00
2016.12.09 16:44:04.358,11.62829,11.63091,0.00,0.00
2016.12.09 16:44:04.459,11.62829,11.63072,0.00,0.00
2016.12.09 16:44:04.620,11.62779,11.63042,0.00,0.00
2016.12.09 16:44:04.773,11.62748,11.63032,0.00,0.00
2016.12.09 16:44:04.874,11.62741,11.63001,0.00,0.00
2016.12.09 16:44:04.989,11.62749,11.63031,0.00,0.00
2016.12.09 16:44:05.060,11.62741,11.63021,0.00,0.00
2016.12.09 16:44:05.435,11.62741,11.63002,0.00,0.00
2016.12.09 16:44:05.802,11.62749,11.63031,0.00,0.00
2016.12.09 16:44:06.264,11.62741,11.63022,0.00,0.00
2016.12.09 16:44:06.575,11.62741,11.63002,0.00,0.00
2016.12.09 16:44:06.703,11.62741,11.63012,0.00,0.00
2016.12.09 16:44:07.267,11.62748,11.63032,0.00,0.00
2016.12.09 16:44:07.388,11.62741,11.62992,0.00,0.00
2016.12.09 16:44:07.589,11.62741,11.63012,0.00,0.00
2016.12.09 16:44:07.713,11.62748,11.63032,0.00,0.00
2016.12.09 16:44:07.871,11.62741,11.63002,0.00,0.00
2016.12.09 16:44:08.185,11.62741,11.63012,0.00,0.00
2016.12.09 16:44:09.303,11.62741,11.63001,0.00,0.00
2016.12.09 16:44:09.420,11.62749,11.63031,0.00,0.00
2016.12.09 16:44:09.474,11.62741,11.63012,0.00,0.00
2016.12.09 16:44:09.820,11.62778,11.63042,0.00,0.00
2016.12.09 16:44:09.871,11.62758,11.63042,0.00,0.00
2016.12.09 16:44:10.177,11.62732,11.63002,0.00,0.00
2016.12.09 16:44:11.079,11.62739,11.63021,0.00,0.00
2016.12.09 16:44:11.191,11.62759,11.63041,0.00,0.00
2016.12.09 16:44:12.265,11.62738,11.63022,0.00,0.00
2016.12.09 16:44:12.889,11.62758,11.63042,0.00,0.00
2016.12.09 16:44:13.291,11.62732,11.63001,0.00,0.00
2016.12.09 16:44:13.611,11.62732,11.63011,0.00,0.00
2016.12.09 16:44:13.684,11.62748,11.63032,0.00,0.00
2016.12.09 16:44:13.885,11.62732,11.63002,0.00,0.00
2016.12.09 16:44:14.118,11.62732,11.63012,0.00,0.00
2016.12.09 16:44:14.185,11.62732,11.63002,0.00,0.00
2016.12.09 16:44:14.406,11.62732,11.63012,0.00,0.00
2016.12.09 16:44:14.686,11.62732,11.63002,0.00,0.00
2016.12.09 16:44:14.995,11.62729,11.62962,0.00,0.00
2016.12.09 16:44:15.095,11.62729,11.62992,0.00,0.00
2016.12.09 16:44:15.636,11.62729,11.62982,0.00,0.00
2016.12.09 16:44:15.689,11.62729,11.63012,0.00,0.00
2016.12.09 16:44:15.790,11.62729,11.62982,0.00,0.00
2016.12.09 16:44:16.136,11.62781,11.63012,0.00,0.00
2016.12.09 16:44:16.187,11.62731,11.63012,0.00,0.00
2016.12.09 16:44:16.237,11.62808,11.63079,0.00,0.00
2016.12.09 16:44:16.291,11.62769,11.63051,0.00,0.00
2016.12.09 16:44:16.411,11.62758,11.63042,0.00,0.00
2016.12.09 16:44:16.513,11.62738,11.63022,0.00,0.00
2016.12.09 16:44:17.239,11.62769,11.63051,0.00,0.00
2016.12.09 16:44:17.293,11.62748,11.63032,0.00,0.00
2016.12.09 16:44:17.394,11.62729,11.63011,0.00,0.00
2016.12.09 16:44:17.746,11.62759,11.63041,0.00,0.00
2016.12.09 16:44:18.096,11.62729,11.63011,0.00,0.00
2016.12.09 16:44:18.721,11.62729,11.62988,0.00,0.00
2016.12.09 16:44:18.822,11.62679,11.62961,0.00,0.00
2016.12.09 16:44:18.923,11.62668,11.62952,0.00,0.00
2016.12.09 16:44:18.996,11.62649,11.62931,0.00,0.00
2016.12.09 16:44:19.742,11.62658,11.62942,0.00,0.00
2016.12.09 16:44:19.899,11.62678,11.62962,0.00,0.00
2016.12.09 16:44:21.512,11.62648,11.62932,0.00,0.00
2016.12.09 16:44:21.970,11.62658,11.62942,0.00,0.00
2016.12.09 16:44:22.281,11.62648,11.62932,0.00,0.00
2016.12.09 16:44:23.012,11.62658,11.62942,0.00,0.00
2016.12.09 16:44:23.400,11.62678,11.62962,0.00,0.00
2016.12.09 16:44:23.708,11.62668,11.62952,0.00,0.00
2016.12.09 16:44:24.059,11.62688,11.62972,0.00,0.00
2016.12.09 16:44:24.421,11.62658,11.62942,0.00,0.00
2016.12.09 16:44:25.934,11.62668,11.62952,0.00,0.00
2016.12.09 16:44:26.262,11.62659,11.62941,0.00,0.00
2016.12.09 16:44:26.592,11.62678,11.62949,0.00,0.00
2016.12.09 16:44:26.948,11.62658,11.62942,0.00,0.00
2016.12.09 16:44:28.117,11.62649,11.62931,0.00,0.00
2016.12.09 16:44:28.517,11.62659,11.62941,0.00,0.00
2016.12.09 16:44:28.902,11.62679,11.62949,0.00,0.00
2016.12.09 16:44:30.022,11.62659,11.62941,0.00,0.00
2016.12.09 16:44:33.240,11.62641,11.62921,0.00,0.00
2016.12.09 16:44:33.641,11.62658,11.62942,0.00,0.00
2016.12.09 16:44:33.692,11.62678,11.62942,0.00,0.00
2016.12.09 16:44:33.843,11.62768,11.63039,0.00,0.00
2016.12.09 16:44:34.256,11.62738,11.63022,0.00,0.00
2016.12.09 16:44:34.361,11.62748,11.63032,0.00,0.00
2016.12.09 16:44:35.551,11.62759,11.63039,0.00,0.00
2016.12.09 16:44:35.763,11.62748,11.63032,0.00,0.00
2016.12.09 16:44:35.834,11.62731,11.63012,0.00,0.00
2016.12.09 16:44:35.973,11.62749,11.63031,0.00,0.00
2016.12.09 16:44:36.050,11.62758,11.63039,0.00,0.00
2016.12.09 16:44:36.654,11.62731,11.63002,0.00,0.00
2016.12.09 16:44:37.137,11.62768,11.63039,0.00,0.00
2016.12.09 16:44:38.570,11.62748,11.63032,0.00,0.00
2016.12.09 16:44:39.557,11.62768,11.63039,0.00,0.00
2016.12.09 16:44:39.862,11.62731,11.63012,0.00,0.00
2016.12.09 16:44:40.343,11.62748,11.63032,0.00,0.00
2016.12.09 16:44:40.519,11.62781,11.63032,0.00,0.00
2016.12.09 16:44:40.570,11.62781,11.63052,0.00,0.00
2016.12.09 16:44:40.762,11.62781,11.63032,0.00,0.00
2016.12.09 16:44:41.069,11.62781,11.63012,0.00,0.00
2016.12.09 16:44:41.187,11.62781,11.63032,0.00,0.00
2016.12.09 16:44:41.745,11.62781,11.63012,0.00,0.00
2016.12.09 16:44:42.145,11.62781,11.63032,0.00,0.00
2016.12.09 16:44:42.445,11.62781,11.63012,0.00,0.00
2016.12.09 16:44:42.937,11.62728,11.62998,0.00,0.00
2016.12.09 16:44:43.092,11.62692,11.62942,0.00,0.00
2016.12.09 16:44:43.447,11.62692,11.62952,0.00,0.00
2016.12.09 16:44:43.556,11.62692,11.62931,0.00,0.00
2016.12.09 16:44:44.465,11.62692,11.62942,0.00,0.00
2016.12.09 16:44:44.564,11.62692,11.62932,0.00,0.00
2016.12.09 16:44:45.291,11.62692,11.62941,0.00,0.00
2016.12.09 16:44:45.350,11.62692,11.62932,0.00,0.00
2016.12.09 16:44:45.850,11.62692,11.62942,0.00,0.00
2016.12.09 16:44:46.051,11.62692,11.62962,0.00,0.00
2016.12.09 16:44:46.451,11.62692,11.62941,0.00,0.00
2016.12.09 16:44:46.937,11.62692,11.62932,0.00,0.00
2016.12.09 16:44:47.782,11.62682,11.62932,0.00,0.00
2016.12.09 16:44:47.853,11.62682,11.62941,0.00,0.00
2016.12.09 16:44:47.953,11.62682,11.62962,0.00,0.00
2016.12.09 16:44:48.004,11.62731,11.62962,0.00,0.00
2016.12.09 16:44:48.155,11.62731,11.63012,0.00,0.00
2016.12.09 16:44:48.304,11.62738,11.62989,0.00,0.00
2016.12.09 16:44:48.355,11.62708,11.62989,0.00,0.00
2016.12.09 16:44:48.406,11.62771,11.62992,0.00,0.00
2016.12.09 16:44:48.557,11.62771,11.63031,0.00,0.00
2016.12.09 16:44:48.693,11.62771,11.63042,0.00,0.00
2016.12.09 16:44:48.851,11.62771,11.63032,0.00,0.00
2016.12.09 16:44:48.903,11.62771,11.63041,0.00,0.00
2016.12.09 16:44:49.057,11.62779,11.63059,0.00,0.00
2016.12.09 16:44:49.355,11.62779,11.63061,0.00,0.00
2016.12.09 16:44:49.464,11.62771,11.63042,0.00,0.00
2016.12.09 16:44:49.915,11.62771,11.63022,0.00,0.00
2016.12.09 16:44:50.059,11.62778,11.63062,0.00,0.00
2016.12.09 16:44:50.158,11.62771,11.63041,0.00,0.00
2016.12.09 16:44:50.259,11.62778,11.63062,0.00,0.00
2016.12.09 16:44:50.484,11.62771,11.63042,0.00,0.00
2016.12.09 16:44:50.954,11.62771,11.63021,0.00,0.00
2016.12.09 16:44:51.061,11.62771,11.63042,0.00,0.00
2016.12.09 16:44:51.111,11.62871,11.63042,0.00,0.00
2016.12.09 16:44:51.263,11.62882,11.63132,0.00,0.00
2016.12.09 16:44:51.364,11.62882,11.63158,0.00,0.00
2016.12.09 16:44:51.474,11.62882,11.63122,0.00,0.00
2016.12.09 16:44:51.795,11.62992,11.63142,0.00,0.00
2016.12.09 16:44:51.863,11.62992,11.63242,0.00,0.00
2016.12.09 16:44:51.913,11.63071,11.63242,0.00,0.00
2016.12.09 16:44:52.063,11.63071,11.63259,0.00,0.00
2016.12.09 16:44:52.218,11.63071,11.63352,0.00,0.00
2016.12.09 16:44:52.464,11.63071,11.63322,0.00,0.00
2016.12.09 16:44:53.007,11.63071,11.63352,0.00,0.00
2016.12.09 16:44:53.065,11.63071,11.63312,0.00,0.00
2016.12.09 16:44:53.184,11.63032,11.63312,0.00,0.00
2016.12.09 16:44:53.294,11.63038,11.63322,0.00,0.00
2016.12.09 16:44:53.414,11.63032,11.63281,0.00,0.00
2016.12.09 16:44:53.577,11.63032,11.63302,0.00,0.00
2016.12.09 16:44:53.666,11.63032,11.63271,0.00,0.00
2016.12.09 16:44:53.717,11.62992,11.63271,0.00,0.00
2016.12.09 16:44:53.767,11.62992,11.63261,0.00,0.00
2016.12.09 16:44:54.118,11.62992,11.63241,0.00,0.00
2016.12.09 16:44:54.403,11.63012,11.63262,0.00,0.00
2016.12.09 16:44:54.504,11.63051,11.63271,0.00,0.00
2016.12.09 16:44:54.714,11.63051,11.63281,0.00,0.00
2016.12.09 16:44:54.815,11.63051,11.63291,0.00,0.00
2016.12.09 16:44:55.103,11.63051,11.63261,0.00,0.00
2016.12.09 16:44:55.427,11.63051,11.63232,0.00,0.00
2016.12.09 16:44:55.728,11.63051,11.63222,0.00,0.00
2016.12.09 16:44:56.270,11.63051,11.63232,0.00,0.00
2016.12.09 16:44:56.501,11.63051,11.63222,0.00,0.00
2016.12.09 16:44:56.604,11.63051,11.63232,0.00,0.00
2016.12.09 16:44:56.806,11.63051,11.63252,0.00,0.00
2016.12.09 16:44:56.971,11.63051,11.63261,0.00,0.00
2016.12.09 16:44:57.119,11.63051,11.63272,0.00,0.00
2016.12.09 16:44:58.519,11.63051,11.63242,0.00,0.00
2016.12.09 16:44:59.221,11.63051,11.63232,0.00,0.00
2016.12.09 16:44:59.272,11.63041,11.63232,0.00,0.00
2016.12.09 16:44:59.575,11.63041,11.63262,0.00,0.00
2016.12.09 16:44:59.675,11.63041,11.63252,0.00,0.00
2016.12.09 16:45:00.203,11.63041,11.63251,0.00,0.00
2016.12.09 16:45:00.527,11.63041,11.63232,0.00,0.00
2016.12.09 16:45:00.767,11.62991,11.63232,0.00,0.00
2016.12.09 16:45:00.818,11.62991,11.63241,0.00,0.00
2016.12.09 16:45:00.881,11.62991,11.63192,0.00,0.00
2016.12.09 16:45:01.202,11.63032,11.63231,0.00,0.00
2016.12.09 16:45:01.395,11.63032,11.63262,0.00,0.00
2016.12.09 16:45:01.496,11.62981,11.63242,0.00,0.00
2016.12.09 16:45:01.597,11.62981,11.63212,0.00,0.00
2016.12.09 16:45:01.680,11.62981,11.63221,0.00,0.00
2016.12.09 16:45:01.882,11.62981,11.63241,0.00,0.00
2016.12.09 16:45:02.481,11.62981,11.63221,0.00,0.00
2016.12.09 16:45:03.493,11.62981,11.63242,0.00,0.00
2016.12.09 16:45:03.598,11.63031,11.63242,0.00,0.00
2016.12.09 16:45:03.725,11.63031,11.63272,0.00,0.00
2016.12.09 16:45:04.619,11.63031,11.63232,0.00,0.00
2016.12.09 16:45:05.121,11.63031,11.63231,0.00,0.00
2016.12.09 16:45:05.877,11.62949,11.63231,0.00,0.00
2016.12.09 16:45:05.928,11.62979,11.63239,0.00,0.00
2016.12.09 16:45:06.238,11.63031,11.63201,0.00,0.00
2016.12.09 16:45:06.288,11.63031,11.63252,0.00,0.00
2016.12.09 16:45:07.511,11.63031,11.63241,0.00,0.00
2016.12.09 16:45:07.627,11.63031,11.63262,0.00,0.00
2016.12.09 16:45:07.823,11.63031,11.63232,0.00,0.00
2016.12.09 16:45:08.148,11.63031,11.63221,0.00,0.00
2016.12.09 16:45:08.425,11.63031,11.63262,0.00,0.00
2016.12.09 16:45:08.536,11.63031,11.63222,0.00,0.00
2016.12.09 16:45:08.702,11.63031,11.63242,0.00,0.00
2016.12.09 16:45:08.805,11.63031,11.63261,0.00,0.00
2016.12.09 16:45:08.896,11.63031,11.63272,0.00,0.00
2016.12.09 16:45:10.399,11.63031,11.63252,0.00,0.00
2016.12.09 16:45:11.100,11.63031,11.63271,0.00,0.00
2016.12.09 16:45:11.731,11.63031,11.63251,0.00,0.00
2016.12.09 16:45:12.051,11.63031,11.63231,0.00,0.00
2016.12.09 16:45:12.297,11.63031,11.63252,0.00,0.00
2016.12.09 16:45:13.150,11.63031,11.63242,0.00,0.00
2016.12.09 16:45:13.484,11.63031,11.63221,0.00,0.00
2016.12.09 16:45:13.904,11.63031,11.63242,0.00,0.00
2016.12.09 16:45:15.907,11.63031,11.63251,0.00,0.00
2016.12.09 16:45:16.008,11.62948,11.63212,0.00,0.00
2016.12.09 16:45:16.058,11.63022,11.63212,0.00,0.00
2016.12.09 16:45:16.109,11.62931,11.63151,0.00,0.00
2016.12.09 16:45:16.210,11.62932,11.63211,0.00,0.00
2016.12.09 16:45:16.322,11.62932,11.63152,0.00,0.00
2016.12.09 16:45:16.611,11.62932,11.63172,0.00,0.00
2016.12.09 16:45:16.819,11.62932,11.63152,0.00,0.00
2016.12.09 16:45:17.734,11.62932,11.63141,0.00,0.00
2016.12.09 16:45:17.961,11.62932,11.63172,0.00,0.00
2016.12.09 16:45:18.131,11.62932,11.63152,0.00,0.00
2016.12.09 16:45:18.464,11.62932,11.63132,0.00,0.00
2016.12.09 16:45:18.714,11.62932,11.63142,0.00,0.00
2016.12.09 16:45:18.938,11.62932,11.63152,0.00,0.00
2016.12.09 16:45:19.015,11.62932,11.63171,0.00,0.00
2016.12.09 16:45:19.449,11.62932,11.63152,0.00,0.00
2016.12.09 16:45:19.672,11.62849,11.63112,0.00,0.00
2016.12.09 16:45:19.722,11.62868,11.63112,0.00,0.00
2016.12.09 16:45:19.917,11.62831,11.63081,0.00,0.00
2016.12.09 16:45:20.449,11.62831,11.63061,0.00,0.00
2016.12.09 16:45:20.519,11.62831,11.63071,0.00,0.00
2016.12.09 16:45:20.719,11.62831,11.63041,0.00,0.00
2016.12.09 16:45:21.220,11.62831,11.63062,0.00,0.00
2016.12.09 16:45:21.437,11.62831,11.63042,0.00,0.00
2016.12.09 16:45:21.536,11.62822,11.63042,0.00,0.00
2016.12.09 16:45:21.920,11.62822,11.63061,0.00,0.00
2016.12.09 16:45:22.028,11.62779,11.63029,0.00,0.00
2016.12.09 16:45:22.128,11.62788,11.63029,0.00,0.00
2016.12.09 16:45:22.437,11.62731,11.62981,0.00,0.00
2016.12.09 16:45:22.539,11.62731,11.62952,0.00,0.00
2016.12.09 16:45:22.643,11.62731,11.62971,0.00,0.00
2016.12.09 16:45:22.749,11.62731,11.62952,0.00,0.00
2016.12.09 16:45:23.023,11.62731,11.62982,0.00,0.00
2016.12.09 16:45:23.124,11.62731,11.62972,0.00,0.00
2016.12.09 16:45:23.223,11.62731,11.62982,0.00,0.00
2016.12.09 16:45:23.328,11.62731,11.62971,0.00,0.00
2016.12.09 16:45:23.572,11.62731,11.62982,0.00,0.00
2016.12.09 16:45:23.637,11.62731,11.62951,0.00,0.00
2016.12.09 16:45:24.146,11.62722,11.62951,0.00,0.00
2016.12.09 16:45:24.426,11.62722,11.62981,0.00,0.00
2016.12.09 16:45:24.574,11.62722,11.62942,0.00,0.00
2016.12.09 16:45:24.626,11.62722,11.62982,0.00,0.00
2016.12.09 16:45:25.127,11.62722,11.62952,0.00,0.00
2016.12.09 16:45:25.628,11.62722,11.62972,0.00,0.00
2016.12.09 16:45:25.828,11.62722,11.62982,0.00,0.00
2016.12.09 16:45:26.129,11.62722,11.62952,0.00,0.00
2016.12.09 16:45:26.429,11.62722,11.62982,0.00,0.00
2016.12.09 16:45:27.208,11.62731,11.62982,0.00,0.00
2016.12.09 16:45:27.544,11.62731,11.62951,0.00,0.00
2016.12.09 16:45:28.432,11.62731,11.62981,0.00,0.00
2016.12.09 16:45:28.967,11.62731,11.63001,0.00,0.00
2016.12.09 16:45:29.068,11.62739,11.63012,0.00,0.00
2016.12.09 16:45:29.214,11.62731,11.63002,0.00,0.00
2016.12.09 16:45:29.519,11.62731,11.62961,0.00,0.00
2016.12.09 16:45:30.385,11.62731,11.62972,0.00,0.00
2016.12.09 16:45:30.964,11.62731,11.62991,0.00,0.00
2016.12.09 16:45:31.064,11.62731,11.62971,0.00,0.00
2016.12.09 16:45:31.637,11.62731,11.62952,0.00,0.00
2016.12.09 16:45:32.139,11.62731,11.62972,0.00,0.00
2016.12.09 16:45:32.239,11.62731,11.62991,0.00,0.00
2016.12.09 16:45:32.554,11.62731,11.62962,0.00,0.00
2016.12.09 16:45:32.661,11.62731,11.63002,0.00,0.00
2016.12.09 16:45:32.942,11.62731,11.62982,0.00,0.00
2016.12.09 16:45:33.356,11.62731,11.63001,0.00,0.00
2016.12.09 16:45:33.543,11.62731,11.62992,0.00,0.00
2016.12.09 16:45:33.967,11.62731,11.62971,0.00,0.00
2016.12.09 16:45:34.244,11.62731,11.63001,0.00,0.00
2016.12.09 16:45:34.679,11.62731,11.62981,0.00,0.00
2016.12.09 16:45:37.051,11.62731,11.62962,0.00,0.00
2016.12.09 16:45:37.854,11.62731,11.62981,0.00,0.00
2016.12.09 16:45:37.979,11.62731,11.62992,0.00,0.00
2016.12.09 16:45:38.957,11.62731,11.62971,0.00,0.00
2016.12.09 16:45:39.058,11.62731,11.63002,0.00,0.00
2016.12.09 16:45:39.158,11.62731,11.62992,0.00,0.00
2016.12.09 16:45:39.578,11.62731,11.62962,0.00,0.00
2016.12.09 16:45:39.911,11.62731,11.62952,0.00,0.00
2016.12.09 16:45:40.862,11.62731,11.62981,0.00,0.00
2016.12.09 16:45:41.207,11.62731,11.62971,0.00,0.00
2016.12.09 16:45:41.716,11.62731,11.62972,0.00,0.00
2016.12.09 16:45:42.688,11.62731,11.62952,0.00,0.00
2016.12.09 16:45:42.790,11.62731,11.62991,0.00,0.00
2016.12.09 16:45:44.370,11.62731,11.62972,0.00,0.00
2016.12.09 16:45:44.688,11.62731,11.62991,0.00,0.00
2016.12.09 16:45:44.972,11.62731,11.62961,0.00,0.00
2016.12.09 16:45:46.203,11.62731,11.62981,0.00,0.00
2016.12.09 16:45:46.403,11.62731,11.62962,0.00,0.00
2016.12.09 16:45:47.206,11.62731,11.63001,0.00,0.00
2016.12.09 16:45:47.277,11.62731,11.62992,0.00,0.00
2016.12.09 16:45:48.162,11.62811,11.62992,0.00,0.00
2016.12.09 16:45:48.313,11.62811,11.63072,0.00,0.00
2016.12.09 16:45:48.526,11.62811,11.63032,0.00,0.00
2016.12.09 16:45:48.590,11.62811,11.63071,0.00,0.00
2016.12.09 16:45:48.681,11.62811,11.63042,0.00,0.00
2016.12.09 16:45:48.781,11.62811,11.63072,0.00,0.00
2016.12.09 16:45:49.384,11.62811,11.63052,0.00,0.00
2016.12.09 16:45:49.894,11.62811,11.63072,0.00,0.00
2016.12.09 16:45:50.340,11.62811,11.63012,0.00,0.00
2016.12.09 16:45:50.391,11.62769,11.63012,0.00,0.00
2016.12.09 16:45:50.496,11.62758,11.63012,0.00,0.00
2016.12.09 16:45:50.597,11.62721,11.62962,0.00,0.00
2016.12.09 16:45:50.801,11.62721,11.62982,0.00,0.00
2016.12.09 16:45:50.937,11.62721,11.62972,0.00,0.00
2016.12.09 16:45:51.039,11.62668,11.62928,0.00,0.00
2016.12.09 16:45:51.090,11.62632,11.62911,0.00,0.00
2016.12.09 16:45:51.299,11.62632,11.62882,0.00,0.00
2016.12.09 16:45:51.766,11.62632,11.62872,0.00,0.00
2016.12.09 16:45:52.033,11.62632,11.62882,0.00,0.00
2016.12.09 16:45:52.093,11.62632,11.62912,0.00,0.00
2016.12.09 16:45:53.195,11.62632,11.62892,0.00,0.00
2016.12.09 16:45:53.519,11.62712,11.62952,0.00,0.00
2016.12.09 16:45:53.620,11.62712,11.62982,0.00,0.00
2016.12.09 16:45:54.224,11.62712,11.62951,0.00,0.00
2016.12.09 16:45:54.389,11.62669,11.62929,0.00,0.00
2016.12.09 16:45:54.440,11.62678,11.62929,0.00,0.00
2016.12.09 16:45:54.701,11.62621,11.62901,0.00,0.00
2016.12.09 16:45:54.801,11.62621,11.62861,0.00,0.00
2016.12.09 16:45:54.902,11.62621,11.62882,0.00,0.00
2016.12.09 16:45:55.318,11.62621,11.62862,0.00,0.00
2016.12.09 16:45:56.008,11.62621,11.62881,0.00,0.00
2016.12.09 16:45:57.478,11.62712,11.62881,0.00,0.00
2016.12.09 16:45:57.528,11.62712,11.62901,0.00,0.00
2016.12.09 16:45:57.629,11.62712,11.62962,0.00,0.00
2016.12.09 16:45:58.311,11.62712,11.62941,0.00,0.00
2016.12.09 16:45:58.361,11.62659,11.62911,0.00,0.00
2016.12.09 16:45:58.412,11.62678,11.62911,0.00,0.00
2016.12.09 16:45:58.529,11.62632,11.62872,0.00,0.00
2016.12.09 16:45:58.848,11.62632,11.62891,0.00,0.00
2016.12.09 16:45:59.154,11.62632,11.62882,0.00,0.00
2016.12.09 16:45:59.490,11.62632,11.62862,0.00,0.00
2016.12.09 16:46:00.421,11.62632,11.62881,0.00,0.00
2016.12.09 16:46:00.568,11.62632,11.62861,0.00,0.00
2016.12.09 16:46:00.946,11.62632,11.62882,0.00,0.00
2016.12.09 16:46:01.371,11.62711,11.62882,0.00,0.00
2016.12.09 16:46:01.423,11.62711,11.62892,0.00,0.00
2016.12.09 16:46:01.533,11.62711,11.62972,0.00,0.00
2016.12.09 16:46:02.327,11.62711,11.62942,0.00,0.00
2016.12.09 16:46:02.377,11.62658,11.62912,0.00,0.00
2016.12.09 16:46:02.428,11.62638,11.62912,0.00,0.00
2016.12.09 16:46:02.528,11.62711,11.62892,0.00,0.00
2016.12.09 16:46:02.629,11.62711,11.62902,0.00,0.00
2016.12.09 16:46:02.751,11.62711,11.62972,0.00,0.00
2016.12.09 16:46:03.571,11.62711,11.62962,0.00,0.00
2016.12.09 16:46:03.632,11.62711,11.62971,0.00,0.00
2016.12.09 16:46:04.007,11.62721,11.62971,0.00,0.00
2016.12.09 16:46:04.312,11.62811,11.63061,0.00,0.00
2016.12.09 16:46:04.628,11.62811,11.63032,0.00,0.00
2016.12.09 16:46:04.862,11.62811,11.63052,0.00,0.00
2016.12.09 16:46:04.939,11.62811,11.63032,0.00,0.00
2016.12.09 16:46:05.879,11.62811,11.63062,0.00,0.00
2016.12.09 16:46:06.345,11.62811,11.63071,0.00,0.00
2016.12.09 16:46:06.749,11.62811,11.63051,0.00,0.00
2016.12.09 16:46:07.097,11.62811,11.63041,0.00,0.00
2016.12.09 16:46:07.148,11.62811,11.63052,0.00,0.00
2016.12.09 16:46:07.253,11.62811,11.63031,0.00,0.00
2016.12.09 16:46:07.363,11.62811,11.63061,0.00,0.00
2016.12.09 16:46:07.497,11.62811,11.63071,0.00,0.00
2016.12.09 16:46:07.600,11.62811,11.63032,0.00,0.00
2016.12.09 16:46:07.762,11.62772,11.63032,0.00,0.00
2016.12.09 16:46:07.863,11.62772,11.63022,0.00,0.00
2016.12.09 16:46:08.210,11.62822,11.63041,0.00,0.00
2016.12.09 16:46:08.261,11.62822,11.63072,0.00,0.00
2016.12.09 16:46:08.555,11.62822,11.63032,0.00,0.00
2016.12.09 16:46:08.675,11.62822,11.63052,0.00,0.00
2016.12.09 16:46:09.169,11.62822,11.63072,0.00,0.00
2016.12.09 16:46:09.691,11.62822,11.63042,0.00,0.00
2016.12.09 16:46:10.061,11.62822,11.63051,0.00,0.00
2016.12.09 16:46:10.112,11.62769,11.63039,0.00,0.00
2016.12.09 16:46:10.241,11.62769,11.63012,0.00,0.00
2016.12.09 16:46:10.496,11.62731,11.63012,0.00,0.00
2016.12.09 16:46:10.673,11.62731,11.62962,0.00,0.00
2016.12.09 16:46:11.079,11.62731,11.62971,0.00,0.00
2016.12.09 16:46:11.173,11.62772,11.62992,0.00,0.00
2016.12.09 16:46:11.276,11.62772,11.63041,0.00,0.00
2016.12.09 16:46:11.366,11.62772,11.63032,0.00,0.00
2016.12.09 16:46:11.691,11.62812,11.63052,0.00,0.00
2016.12.09 16:46:11.802,11.62812,11.63072,0.00,0.00
2016.12.09 16:46:12.884,11.62812,11.63061,0.00,0.00
2016.12.09 16:46:13.260,11.62812,11.63042,0.00,0.00
2016.12.09 16:46:13.408,11.62812,11.63062,0.00,0.00
2016.12.09 16:46:13.509,11.62812,11.63072,0.00,0.00
2016.12.09 16:46:13.614,11.62812,11.63061,0.00,0.00
2016.12.09 16:46:13.975,11.62812,11.63042,0.00,0.00
2016.12.09 16:46:14.319,11.62812,11.63051,0.00,0.00
2016.12.09 16:46:15.295,11.62812,11.63072,0.00,0.00
2016.12.09 16:46:15.383,11.62812,11.63082,0.00,0.00
2016.12.09 16:46:15.484,11.62812,11.63052,0.00,0.00
2016.12.09 16:46:15.588,11.62812,11.63082,0.00,0.00
2016.12.09 16:46:15.891,11.62812,11.63092,0.00,0.00
2016.12.09 16:46:16.011,11.62812,11.63052,0.00,0.00
2016.12.09 16:46:17.111,11.62812,11.63071,0.00,0.00
2016.12.09 16:46:17.288,11.62789,11.63061,0.00,0.00
2016.12.09 16:46:17.439,11.62772,11.63041,0.00,0.00
2016.12.09 16:46:17.626,11.62738,11.63012,0.00,0.00
2016.12.09 16:46:17.697,11.62772,11.63012,0.00,0.00
2016.12.09 16:46:17.748,11.62772,11.63052,0.00,0.00
2016.12.09 16:46:17.798,11.62772,11.62982,0.00,0.00
2016.12.09 16:46:17.893,11.62772,11.63051,0.00,0.00
2016.12.09 16:46:17.994,11.62772,11.63022,0.00,0.00
2016.12.09 16:46:18.898,11.62772,11.63032,0.00,0.00
2016.12.09 16:46:20.024,11.62772,11.63009,0.00,0.00
2016.12.09 16:46:20.075,11.62748,11.63009,0.00,0.00
2016.12.09 16:46:20.198,11.62738,11.63009,0.00,0.00
2016.12.09 16:46:20.306,11.62722,11.62961,0.00,0.00
2016.12.09 16:46:20.649,11.62722,11.62982,0.00,0.00
2016.12.09 16:46:20.803,11.62722,11.62992,0.00,0.00
2016.12.09 16:46:20.903,11.62722,11.62982,0.00,0.00
2016.12.09 16:46:21.905,11.62722,11.62962,0.00,0.00
2016.12.09 16:46:22.056,11.62721,11.63001,0.00,0.00
2016.12.09 16:46:22.222,11.62729,11.63011,0.00,0.00
2016.12.09 16:46:22.307,11.62721,11.62971,0.00,0.00
2016.12.09 16:46:22.757,11.62721,11.62992,0.00,0.00
2016.12.09 16:46:22.810,11.62738,11.63012,0.00,0.00
2016.12.09 16:46:22.917,11.62738,11.63022,0.00,0.00
2016.12.09 16:46:22.968,11.62772,11.63022,0.00,0.00
2016.12.09 16:46:23.119,11.62779,11.63059,0.00,0.00
2016.12.09 16:46:23.303,11.62812,11.63059,0.00,0.00
2016.12.09 16:46:23.353,11.62812,11.63061,0.00,0.00
2016.12.09 16:46:23.454,11.62812,11.63082,0.00,0.00
2016.12.09 16:46:23.813,11.62812,11.63061,0.00,0.00
2016.12.09 16:46:24.047,11.62779,11.63061,0.00,0.00
2016.12.09 16:46:24.148,11.62809,11.63061,0.00,0.00
2016.12.09 16:46:24.350,11.62748,11.63009,0.00,0.00
2016.12.09 16:46:24.450,11.62731,11.63001,0.00,0.00
2016.12.09 16:46:24.617,11.62748,11.63009,0.00,0.00
2016.12.09 16:46:24.757,11.62731,11.63002,0.00,0.00
2016.12.09 16:46:25.121,11.62731,11.63009,0.00,0.00
2016.12.09 16:46:25.415,11.62728,11.63009,0.00,0.00
2016.12.09 16:46:25.581,11.62749,11.63009,0.00,0.00
2016.12.09 16:46:25.632,11.62722,11.62991,0.00,0.00
2016.12.09 16:46:25.748,11.62722,11.62982,0.00,0.00
2016.12.09 16:46:26.054,11.62771,11.63012,0.00,0.00
2016.12.09 16:46:26.122,11.62788,11.63059,0.00,0.00
2016.12.09 16:46:26.590,11.62788,11.63012,0.00,0.00
2016.12.09 16:46:26.741,11.62748,11.63012,0.00,0.00
2016.12.09 16:46:26.825,11.62721,11.62982,0.00,0.00
2016.12.09 16:46:26.926,11.62721,11.63002,0.00,0.00
2016.12.09 16:46:27.375,11.62721,11.62971,0.00,0.00
2016.12.09 16:46:27.428,11.62721,11.62992,0.00,0.00
2016.12.09 16:46:27.550,11.62742,11.62992,0.00,0.00
2016.12.09 16:46:27.654,11.62742,11.63009,0.00,0.00
2016.12.09 16:46:27.977,11.62742,11.62992,0.00,0.00
2016.12.09 16:46:28.293,11.62742,11.62971,0.00,0.00
2016.12.09 16:46:28.343,11.62742,11.62992,0.00,0.00
2016.12.09 16:46:28.447,11.62742,11.62971,0.00,0.00
2016.12.09 16:46:28.632,11.62742,11.62992,0.00,0.00
2016.12.09 16:46:28.733,11.62742,11.62981,0.00,0.00
2016.12.09 16:46:30.470,11.62742,11.62991,0.00,0.00
2016.12.09 16:46:30.637,11.62742,11.62982,0.00,0.00
2016.12.09 16:46:30.971,11.62742,11.62961,0.00,0.00
2016.12.09 16:46:31.239,11.62742,11.62982,0.00,0.00
2016.12.09 16:46:31.584,11.62742,11.62961,0.00,0.00
2016.12.09 16:46:31.889,11.62831,11.63091,0.00,0.00
2016.12.09 16:46:32.041,11.62831,11.63101,0.00,0.00
2016.12.09 16:46:32.092,11.62842,11.63101,0.00,0.00
2016.12.09 16:46:32.142,11.62842,11.63109,0.00,0.00
2016.12.09 16:46:32.242,11.62842,11.63071,0.00,0.00
2016.12.09 16:46:32.443,11.62842,11.63092,0.00,0.00
2016.12.09 16:46:32.493,11.62882,11.63092,0.00,0.00
2016.12.09 16:46:32.673,11.62882,11.63109,0.00,0.00
2016.12.09 16:46:33.045,11.62882,11.63151,0.00,0.00
2016.12.09 16:46:33.146,11.62882,11.63132,0.00,0.00
2016.12.09 16:46:33.499,11.62848,11.63132,0.00,0.00
2016.12.09 16:46:33.549,11.62868,11.63111,0.00,0.00
2016.12.09 16:46:33.951,11.62842,11.63072,0.00,0.00
2016.12.09 16:46:34.558,11.62842,11.63109,0.00,0.00
2016.12.09 16:46:34.609,11.62891,11.63109,0.00,0.00
2016.12.09 16:46:35.829,11.62891,11.63132,0.00,0.00
2016.12.09 16:46:36.795,11.62842,11.63102,0.00,0.00
2016.12.09 16:46:36.896,11.62842,11.63061,0.00,0.00
2016.12.09 16:46:37.897,11.62842,11.63072,0.00,0.00
2016.12.09 16:46:37.997,11.62881,11.63091,0.00,0.00
2016.12.09 16:46:38.098,11.62881,11.63108,0.00,0.00
2016.12.09 16:46:38.560,11.62881,11.63132,0.00,0.00
2016.12.09 16:46:38.898,11.62848,11.63111,0.00,0.00
2016.12.09 16:46:38.999,11.62858,11.63111,0.00,0.00
2016.12.09 16:46:39.335,11.62841,11.63062,0.00,0.00
2016.12.09 16:46:39.490,11.62841,11.63082,0.00,0.00
2016.12.09 16:46:39.591,11.62841,11.63111,0.00,0.00
2016.12.09 16:46:39.707,11.62841,11.63082,0.00,0.00
2016.12.09 16:46:40.816,11.62841,11.63092,0.00,0.00
2016.12.09 16:46:40.892,11.62992,11.63111,0.00,0.00
2016.12.09 16:46:40.942,11.62941,11.63111,0.00,0.00
2016.12.09 16:46:40.993,11.63031,11.63211,0.00,0.00
2016.12.09 16:46:41.094,11.63031,11.63272,0.00,0.00
2016.12.09 16:46:41.263,11.62988,11.63268,0.00,0.00
2016.12.09 16:46:41.397,11.62972,11.63242,0.00,0.00
2016.12.09 16:46:41.472,11.62979,11.63261,0.00,0.00
2016.12.09 16:46:41.721,11.62972,11.63221,0.00,0.00
2016.12.09 16:46:41.923,11.62972,11.63232,0.00,0.00
2016.12.09 16:46:42.686,11.62972,11.63222,0.00,0.00
2016.12.09 16:46:42.975,11.62972,11.63231,0.00,0.00
2016.12.09 16:46:43.026,11.62949,11.63179,0.00,0.00
2016.12.09 16:46:43.077,11.62919,11.63152,0.00,0.00
2016.12.09 16:46:43.241,11.62881,11.63152,0.00,0.00
2016.12.09 16:46:43.321,11.62888,11.63172,0.00,0.00
2016.12.09 16:46:43.507,11.62881,11.63141,0.00,0.00
2016.12.09 16:46:43.808,11.62881,11.63161,0.00,0.00
2016.12.09 16:46:43.914,11.62881,11.63112,0.00,0.00
2016.12.09 16:46:43.977,11.62881,11.63151,0.00,0.00
2016.12.09 16:46:44.723,11.62881,11.63111,0.00,0.00
2016.12.09 16:46:45.345,11.62881,11.63142,0.00,0.00
2016.12.09 16:46:45.396,11.62881,11.63161,0.00,0.00
2016.12.09 16:46:45.900,11.62881,11.63152,0.00,0.00
2016.12.09 16:46:46.204,11.62881,11.63131,0.00,0.00
2016.12.09 16:46:46.483,11.62889,11.63171,0.00,0.00
2016.12.09 16:46:49.023,11.62881,11.63142,0.00,0.00
2016.12.09 16:46:49.318,11.62881,11.63151,0.00,0.00
2016.12.09 16:46:49.439,11.62881,11.63161,0.00,0.00
2016.12.09 16:46:50.021,11.62881,11.63142,0.00,0.00
2016.12.09 16:46:50.094,11.62881,11.63152,0.00,0.00
2016.12.09 16:46:50.796,11.62888,11.63172,0.00,0.00
2016.12.09 16:46:51.030,11.62921,11.63151,0.00,0.00
2016.12.09 16:46:51.142,11.62921,11.63202,0.00,0.00
2016.12.09 16:46:52.299,11.62908,11.63178,0.00,0.00
2016.12.09 16:46:52.662,11.62882,11.63131,0.00,0.00
2016.12.09 16:46:53.006,11.62882,11.63142,0.00,0.00
2016.12.09 16:46:53.100,11.62882,11.63132,0.00,0.00
2016.12.09 16:46:53.215,11.62882,11.63142,0.00,0.00
2016.12.09 16:46:53.875,11.62921,11.63142,0.00,0.00
2016.12.09 16:46:53.926,11.62921,11.63161,0.00,0.00
2016.12.09 16:46:54.003,11.62921,11.63191,0.00,0.00
2016.12.09 16:46:54.119,11.62921,11.63162,0.00,0.00
2016.12.09 16:46:54.358,11.62881,11.63162,0.00,0.00
2016.12.09 16:46:54.413,11.62881,11.63152,0.00,0.00
2016.12.09 16:46:55.530,11.62881,11.63122,0.00,0.00
2016.12.09 16:46:55.638,11.62881,11.63151,0.00,0.00
2016.12.09 16:46:55.707,11.62881,11.63162,0.00,0.00
2016.12.09 16:46:57.032,11.62881,11.63151,0.00,0.00
2016.12.09 16:46:57.420,11.62881,11.63132,0.00,0.00
2016.12.09 16:46:57.521,11.62881,11.63161,0.00,0.00
2016.12.09 16:46:57.612,11.62881,11.63131,0.00,0.00
2016.12.09 16:46:58.113,11.62881,11.63162,0.00,0.00
2016.12.09 16:46:58.214,11.62881,11.63111,0.00,0.00
2016.12.09 16:46:58.423,11.62881,11.63152,0.00,0.00
2016.12.09 16:46:58.819,11.62881,11.63132,0.00,0.00
2016.12.09 16:46:58.928,11.62881,11.63152,0.00,0.00
2016.12.09 16:46:59.720,11.62881,11.63132,0.00,0.00
2016.12.09 16:46:59.831,11.62881,11.63151,0.00,0.00
2016.12.09 16:46:59.920,11.62881,11.63162,0.00,0.00
2016.12.09 16:47:00.173,11.62921,11.63162,0.00,0.00
2016.12.09 16:47:00.224,11.62921,11.63181,0.00,0.00
2016.12.09 16:47:00.324,11.62921,11.63192,0.00,0.00
2016.12.09 16:47:00.434,11.62921,11.63162,0.00,0.00
2016.12.09 16:47:00.840,11.62921,11.63182,0.00,0.00
2016.12.09 16:47:01.096,11.62898,11.63179,0.00,0.00
2016.12.09 16:47:01.246,11.62911,11.63132,0.00,0.00
2016.12.09 16:47:01.327,11.62911,11.63161,0.00,0.00
2016.12.09 16:47:01.580,11.62879,11.63161,0.00,0.00
2016.12.09 16:47:01.631,11.62899,11.63178,0.00,0.00
2016.12.09 16:47:02.131,11.62872,11.63131,0.00,0.00
2016.12.09 16:47:03.670,11.62872,11.63142,0.00,0.00
2016.12.09 16:47:03.736,11.62872,11.63121,0.00,0.00
2016.12.09 16:47:03.852,11.62888,11.63172,0.00,0.00
2016.12.09 16:47:04.245,11.62878,11.63162,0.00,0.00
2016.12.09 16:47:04.645,11.62872,11.63152,0.00,0.00
2016.12.09 16:47:05.086,11.62872,11.63141,0.00,0.00
2016.12.09 16:47:05.143,11.62872,11.63152,0.00,0.00
2016.12.09 16:47:06.294,11.62888,11.63172,0.00,0.00
2016.12.09 16:47:06.345,11.63018,11.63172,0.00,0.00
2016.12.09 16:47:06.524,11.62888,11.63172,0.00,0.00
2016.12.09 16:47:06.576,11.62871,11.63122,0.00,0.00
2016.12.09 16:47:06.849,11.62871,11.63132,0.00,0.00
2016.12.09 16:47:06.950,11.62871,11.63151,0.00,0.00
2016.12.09 16:47:07.486,11.62871,11.63141,0.00,0.00
2016.12.09 16:47:08.110,11.62961,11.63141,0.00,0.00
2016.12.09 16:47:08.161,11.62961,11.63162,0.00,0.00
2016.12.09 16:47:08.262,11.62961,11.63222,0.00,0.00
2016.12.09 16:47:09.256,11.62961,11.63202,0.00,0.00
2016.12.09 16:47:09.356,11.62961,11.63211,0.00,0.00
2016.12.09 16:47:09.789,11.62961,11.63202,0.00,0.00
2016.12.09 16:47:10.090,11.62961,11.63231,0.00,0.00
2016.12.09 16:47:10.260,11.62961,11.63212,0.00,0.00
2016.12.09 16:47:10.740,11.62961,11.63201,0.00,0.00
2016.12.09 16:47:10.790,11.62961,11.63211,0.00,0.00
2016.12.09 16:47:11.139,11.62929,11.63179,0.00,0.00
2016.12.09 16:47:11.189,11.62908,11.63179,0.00,0.00
2016.12.09 16:47:11.290,11.62881,11.63132,0.00,0.00
2016.12.09 16:47:11.565,11.62881,11.63142,0.00,0.00
2016.12.09 16:47:11.667,11.62881,11.63101,0.00,0.00
2016.12.09 16:47:11.995,11.62899,11.63178,0.00,0.00
2016.12.09 16:47:12.099,11.62872,11.63111,0.00,0.00
2016.12.09 16:47:12.587,11.62872,11.63142,0.00,0.00
2016.12.09 16:47:13.386,11.62872,11.63132,0.00,0.00
2016.12.09 16:47:13.905,11.62872,11.63131,0.00,0.00
2016.12.09 16:47:16.466,11.62872,11.63109,0.00,0.00
2016.12.09 16:47:16.516,11.62822,11.63102,0.00,0.00
2016.12.09 16:47:16.617,11.62781,11.63062,0.00,0.00
2016.12.09 16:47:16.718,11.62798,11.63079,0.00,0.00
2016.12.09 16:47:17.135,11.62809,11.63079,0.00,0.00
2016.12.09 16:47:17.402,11.62781,11.63062,0.00,0.00
2016.12.09 16:47:17.484,11.62781,11.63051,0.00,0.00
2016.12.09 16:47:17.686,11.62828,11.63109,0.00,0.00
2016.12.09 16:47:17.799,11.62828,11.63112,0.00,0.00
2016.12.09 16:47:18.287,11.62822,11.63102,0.00,0.00
2016.12.09 16:47:18.747,11.62871,11.63102,0.00,0.00
2016.12.09 16:47:18.901,11.62871,11.63142,0.00,0.00
2016.12.09 16:47:19.238,11.62871,11.63112,0.00,0.00
2016.12.09 16:47:19.339,11.62871,11.63141,0.00,0.00
2016.12.09 16:47:19.390,11.62871,11.63112,0.00,0.00
2016.12.09 16:47:20.317,11.62871,11.63122,0.00,0.00
2016.12.09 16:47:20.421,11.62871,11.63102,0.00,0.00
2016.12.09 16:47:21.502,11.62871,11.63141,0.00,0.00
2016.12.09 16:47:21.598,11.62871,11.63112,0.00,0.00
2016.12.09 16:47:21.801,11.62871,11.63141,0.00,0.00
2016.12.09 16:47:21.898,11.62871,11.63102,0.00,0.00
2016.12.09 16:47:22.391,11.62818,11.63089,0.00,0.00
2016.12.09 16:47:22.442,11.62838,11.63089,0.00,0.00
2016.12.09 16:47:22.543,11.62781,11.63041,0.00,0.00
2016.12.09 16:47:22.812,11.62788,11.63072,0.00,0.00
2016.12.09 16:47:22.907,11.62781,11.63062,0.00,0.00
2016.12.09 16:47:23.202,11.62789,11.63071,0.00,0.00
2016.12.09 16:47:23.302,11.62798,11.63082,0.00,0.00
2016.12.09 16:47:23.403,11.62789,11.63071,0.00,0.00
2016.12.09 16:47:24.337,11.62781,11.63052,0.00,0.00
2016.12.09 16:47:24.647,11.62808,11.63079,0.00,0.00
2016.12.09 16:47:25.630,11.62782,11.63052,0.00,0.00
2016.12.09 16:47:25.932,11.62828,11.63112,0.00,0.00
2016.12.09 16:47:26.728,11.62821,11.63092,0.00,0.00
2016.12.09 16:47:26.812,11.62821,11.63101,0.00,0.00
2016.12.09 16:47:26.912,11.62829,11.63111,0.00,0.00
2016.12.09 16:47:27.072,11.62829,11.63079,0.00,0.00
2016.12.09 16:47:27.228,11.62781,11.63052,0.00,0.00
2016.12.09 16:47:27.914,11.62781,11.63042,0.00,0.00
2016.12.09 16:47:28.271,11.62781,11.63022,0.00,0.00
2016.12.09 16:47:28.322,11.62781,11.63032,0.00,0.00
2016.12.09 16:47:28.552,11.62781,11.63012,0.00,0.00
2016.12.09 16:47:29.193,11.62791,11.63052,0.00,0.00
2016.12.09 16:47:29.244,11.62792,11.63072,0.00,0.00
2016.12.09 16:47:29.345,11.62792,11.63061,0.00,0.00
2016.12.09 16:47:30.163,11.62792,11.63052,0.00,0.00
2016.12.09 16:47:30.657,11.62792,11.63042,0.00,0.00
2016.12.09 16:47:30.968,11.62832,11.63022,0.00,0.00
2016.12.09 16:47:31.019,11.62792,11.63022,0.00,0.00
2016.12.09 16:47:31.069,11.62792,11.63062,0.00,0.00
2016.12.09 16:47:31.231,11.62798,11.63082,0.00,0.00
2016.12.09 16:47:31.332,11.62791,11.63032,0.00,0.00
2016.12.09 16:47:34.778,11.62791,11.63041,0.00,0.00
2016.12.09 16:47:34.830,11.62791,11.63032,0.00,0.00
2016.12.09 16:47:35.532,11.62791,11.63021,0.00,0.00
2016.12.09 16:47:36.268,11.62791,11.63051,0.00,0.00
2016.12.09 16:47:37.313,11.62782,11.63051,0.00,0.00
2016.12.09 16:47:37.363,11.62782,11.63022,0.00,0.00
2016.12.09 16:47:37.464,11.62738,11.63022,0.00,0.00
2016.12.09 16:47:37.565,11.62731,11.62992,0.00,0.00
2016.12.09 16:47:37.761,11.62731,11.63001,0.00,0.00
2016.12.09 16:47:37.859,11.62731,11.62981,0.00,0.00
2016.12.09 16:47:37.936,11.62699,11.62981,0.00,0.00
2016.12.09 16:47:38.037,11.62692,11.62962,0.00,0.00
2016.12.09 16:47:39.141,11.62731,11.62972,0.00,0.00
2016.12.09 16:47:39.192,11.62692,11.62972,0.00,0.00
2016.12.09 16:47:39.242,11.62692,11.62922,0.00,0.00
2016.12.09 16:47:39.343,11.62732,11.63009,0.00,0.00
2016.12.09 16:47:39.551,11.62732,11.62981,0.00,0.00
2016.12.09 16:47:39.685,11.62732,11.63009,0.00,0.00
2016.12.09 16:47:39.786,11.62732,11.62991,0.00,0.00
2016.12.09 16:47:40.088,11.62731,11.62981,0.00,0.00
2016.12.09 16:47:40.740,11.62732,11.62981,0.00,0.00
2016.12.09 16:47:40.894,11.62691,11.62971,0.00,0.00
2016.12.09 16:47:40.945,11.62728,11.62999,0.00,0.00
2016.12.09 16:47:41.246,11.62698,11.62982,0.00,0.00
2016.12.09 16:47:41.347,11.62708,11.62988,0.00,0.00
2016.12.09 16:47:41.675,11.62692,11.62961,0.00,0.00
2016.12.09 16:47:42.148,11.62692,11.62952,0.00,0.00
2016.12.09 16:47:43.189,11.62692,11.62962,0.00,0.00
2016.12.09 16:47:43.250,11.62731,11.62962,0.00,0.00
2016.12.09 16:47:43.350,11.62731,11.62982,0.00,0.00
2016.12.09 16:47:43.486,11.62781,11.63012,0.00,0.00
2016.12.09 16:47:43.536,11.62732,11.63012,0.00,0.00
2016.12.09 16:47:43.645,11.62732,11.62982,0.00,0.00
2016.12.09 16:47:43.695,11.62732,11.63012,0.00,0.00
2016.12.09 16:47:43.751,11.62732,11.63002,0.00,0.00
2016.12.09 16:47:44.142,11.62732,11.62992,0.00,0.00
2016.12.09 16:47:47.335,11.62781,11.62992,0.00,0.00
2016.12.09 16:47:47.385,11.62781,11.63012,0.00,0.00
2016.12.09 16:47:47.486,11.62781,11.63032,0.00,0.00
2016.12.09 16:47:49.463,11.62781,11.63021,0.00,0.00
2016.12.09 16:47:50.465,11.62781,11.63042,0.00,0.00
2016.12.09 16:47:51.404,11.62781,11.63022,0.00,0.00
2016.12.09 16:47:52.064,11.62738,11.62999,0.00,0.00
2016.12.09 16:47:52.115,11.62758,11.62999,0.00,0.00
2016.12.09 16:47:52.216,11.62692,11.62962,0.00,0.00
2016.12.09 16:47:52.409,11.62692,11.62942,0.00,0.00
2016.12.09 16:47:52.668,11.62692,11.62972,0.00,0.00
2016.12.09 16:47:52.770,11.62742,11.62972,0.00,0.00
2016.12.09 16:47:52.870,11.62742,11.62992,0.00,0.00
2016.12.09 16:47:52.971,11.62742,11.63011,0.00,0.00
2016.12.09 16:47:53.477,11.62742,11.63002,0.00,0.00
2016.12.09 16:47:53.887,11.62742,11.62981,0.00,0.00
2016.12.09 16:47:54.154,11.62699,11.62981,0.00,0.00
2016.12.09 16:47:54.205,11.62742,11.62981,0.00,0.00
2016.12.09 16:47:54.305,11.62742,11.62992,0.00,0.00
2016.12.09 16:47:54.373,11.62742,11.62951,0.00,0.00
2016.12.09 16:47:54.490,11.62742,11.63008,0.00,0.00
2016.12.09 16:47:54.597,11.62742,11.62982,0.00,0.00
2016.12.09 16:47:54.701,11.62742,11.62991,0.00,0.00
2016.12.09 16:47:56.275,11.62742,11.63012,0.00,0.00
2016.12.09 16:47:56.900,11.62742,11.62992,0.00,0.00
2016.12.09 16:47:56.978,11.62742,11.63012,0.00,0.00
2016.12.09 16:47:57.404,11.62782,11.63012,0.00,0.00
2016.12.09 16:47:57.606,11.62782,11.63041,0.00,0.00
2016.12.09 16:47:58.889,11.62759,11.63041,0.00,0.00
2016.12.09 16:47:58.990,11.62718,11.62999,0.00,0.00
2016.12.09 16:47:59.361,11.62741,11.62971,0.00,0.00
2016.12.09 16:48:00.160,11.62732,11.62971,0.00,0.00
2016.12.09 16:48:00.318,11.62732,11.62961,0.00,0.00
2016.12.09 16:48:00.387,11.62732,11.62972,0.00,0.00
2016.12.09 16:48:00.595,11.62781,11.62972,0.00,0.00
2016.12.09 16:48:00.696,11.62781,11.63008,0.00,0.00
2016.12.09 16:48:00.944,11.62781,11.63032,0.00,0.00
2016.12.09 16:48:01.201,11.62781,11.63012,0.00,0.00
2016.12.09 16:48:01.289,11.62781,11.63031,0.00,0.00
2016.12.09 16:48:01.589,11.62781,11.63022,0.00,0.00
2016.12.09 16:48:01.640,11.62738,11.62999,0.00,0.00
2016.12.09 16:48:01.691,11.62719,11.62999,0.00,0.00
2016.12.09 16:48:01.792,11.62731,11.62942,0.00,0.00
2016.12.09 16:48:01.893,11.62731,11.62972,0.00,0.00
2016.12.09 16:48:02.033,11.62731,11.63009,0.00,0.00
2016.12.09 16:48:02.168,11.62772,11.63009,0.00,0.00
2016.12.09 16:48:02.470,11.62772,11.63041,0.00,0.00
2016.12.09 16:48:03.508,11.62772,11.63022,0.00,0.00
2016.12.09 16:48:03.943,11.62772,11.63002,0.00,0.00
2016.12.09 16:48:04.124,11.62772,11.63042,0.00,0.00
2016.12.09 16:48:04.225,11.62772,11.63051,0.00,0.00
2016.12.09 16:48:05.150,11.62772,11.63032,0.00,0.00
2016.12.09 16:48:05.611,11.62772,11.63051,0.00,0.00
2016.12.09 16:48:05.717,11.62789,11.63071,0.00,0.00
2016.12.09 16:48:05.825,11.62779,11.63061,0.00,0.00
2016.12.09 16:48:06.180,11.62772,11.63021,0.00,0.00
2016.12.09 16:48:06.231,11.62772,11.63042,0.00,0.00
2016.12.09 16:48:07.106,11.62772,11.63051,0.00,0.00
2016.12.09 16:48:07.207,11.62772,11.63041,0.00,0.00
2016.12.09 16:48:07.331,11.62772,11.63052,0.00,0.00
2016.12.09 16:48:07.407,11.62772,11.63041,0.00,0.00
2016.12.09 16:48:07.776,11.62772,11.63031,0.00,0.00
2016.12.09 16:48:07.827,11.62788,11.63072,0.00,0.00
2016.12.09 16:48:08.208,11.62778,11.63062,0.00,0.00
2016.12.09 16:48:08.687,11.62881,11.63062,0.00,0.00
2016.12.09 16:48:08.738,11.62881,11.63082,0.00,0.00
2016.12.09 16:48:08.839,11.62881,11.63122,0.00,0.00
2016.12.09 16:48:09.140,11.62881,11.63092,0.00,0.00
2016.12.09 16:48:09.358,11.62881,11.63121,0.00,0.00
2016.12.09 16:48:10.214,11.62881,11.63111,0.00,0.00
2016.12.09 16:48:11.641,11.62808,11.63089,0.00,0.00
2016.12.09 16:48:11.745,11.62791,11.63041,0.00,0.00
2016.12.09 16:48:12.025,11.62791,11.63051,0.00,0.00
2016.12.09 16:48:12.176,11.62832,11.63051,0.00,0.00
2016.12.09 16:48:12.226,11.62832,11.63072,0.00,0.00
2016.12.09 16:48:12.327,11.62832,11.63092,0.00,0.00
2016.12.09 16:48:12.564,11.62832,11.63062,0.00,0.00
2016.12.09 16:48:13.122,11.62832,11.63081,0.00,0.00
2016.12.09 16:48:13.282,11.62832,11.63091,0.00,0.00
2016.12.09 16:48:13.352,11.62832,11.63061,0.00,0.00
2016.12.09 16:48:14.067,11.62791,11.63061,0.00,0.00
2016.12.09 16:48:14.173,11.62791,11.63052,0.00,0.00
2016.12.09 16:48:14.709,11.62791,11.63021,0.00,0.00
2016.12.09 16:48:14.926,11.62791,11.63042,0.00,0.00
2016.12.09 16:48:14.977,11.62832,11.63042,0.00,0.00
2016.12.09 16:48:15.027,11.62832,11.63061,0.00,0.00
2016.12.09 16:48:15.128,11.62832,11.63092,0.00,0.00
2016.12.09 16:48:15.229,11.62832,11.63072,0.00,0.00
2016.12.09 16:48:15.592,11.62832,11.63062,0.00,0.00
2016.12.09 16:48:15.643,11.62832,11.63072,0.00,0.00
2016.12.09 16:48:16.130,11.62832,11.63061,0.00,0.00
2016.12.09 16:48:16.253,11.62832,11.63071,0.00,0.00
2016.12.09 16:48:16.484,11.62872,11.63071,0.00,0.00
2016.12.09 16:48:16.631,11.62872,11.63111,0.00,0.00
2016.12.09 16:48:16.764,11.62872,11.63082,0.00,0.00
2016.12.09 16:48:16.932,11.62872,11.63102,0.00,0.00
2016.12.09 16:48:17.074,11.62872,11.63122,0.00,0.00
2016.12.09 16:48:17.133,11.62872,11.63081,0.00,0.00
2016.12.09 16:48:17.533,11.62872,11.63091,0.00,0.00
2016.12.09 16:48:17.634,11.62872,11.63112,0.00,0.00
2016.12.09 16:48:20.581,11.62872,11.63102,0.00,0.00
2016.12.09 16:48:20.639,11.62872,11.63122,0.00,0.00
2016.12.09 16:48:21.670,11.62872,11.63111,0.00,0.00
2016.12.09 16:48:21.779,11.62872,11.63132,0.00,0.00
2016.12.09 16:48:21.941,11.62872,11.63091,0.00,0.00
2016.12.09 16:48:22.384,11.62872,11.63112,0.00,0.00
2016.12.09 16:48:22.989,11.62872,11.63132,0.00,0.00
2016.12.09 16:48:24.348,11.62872,11.63102,0.00,0.00
2016.12.09 16:48:24.646,11.62872,11.63111,0.00,0.00
2016.12.09 16:48:24.749,11.62872,11.63132,0.00,0.00
2016.12.09 16:48:24.949,11.62872,11.63091,0.00,0.00
2016.12.09 16:48:25.079,11.62872,11.63132,0.00,0.00
2016.12.09 16:48:25.242,11.62872,11.63091,0.00,0.00
2016.12.09 16:48:25.751,11.62872,11.63131,0.00,0.00
2016.12.09 16:48:25.862,11.62872,11.63142,0.00,0.00
2016.12.09 16:48:25.951,11.62872,11.63132,0.00,0.00
2016.12.09 16:48:26.317,11.62872,11.63111,0.00,0.00
2016.12.09 16:48:26.642,11.62872,11.63102,0.00,0.00
2016.12.09 16:48:26.757,11.62852,11.63102,0.00,0.00
2016.12.09 16:48:27.153,11.62852,11.63132,0.00,0.00
2016.12.09 16:48:27.254,11.62852,11.63112,0.00,0.00
2016.12.09 16:48:27.570,11.62852,11.63091,0.00,0.00
2016.12.09 16:48:27.789,11.62852,11.63112,0.00,0.00
2016.12.09 16:48:27.900,11.62852,11.63122,0.00,0.00
2016.12.09 16:48:27.956,11.62852,11.63111,0.00,0.00
2016.12.09 16:48:28.156,11.62852,11.63121,0.00,0.00
2016.12.09 16:48:28.558,11.62852,11.63101,0.00,0.00
2016.12.09 16:48:28.780,11.62852,11.63112,0.00,0.00
2016.12.09 16:48:28.858,11.62852,11.63122,0.00,0.00
2016.12.09 16:48:28.969,11.62852,11.63102,0.00,0.00
2016.12.09 16:48:29.159,11.62852,11.63111,0.00,0.00
2016.12.09 16:48:29.462,11.62852,11.63082,0.00,0.00
2016.12.09 16:48:29.669,11.62852,11.63112,0.00,0.00
2016.12.09 16:48:30.379,11.62852,11.63102,0.00,0.00
2016.12.09 16:48:31.100,11.62818,11.63102,0.00,0.00
2016.12.09 16:48:31.208,11.62798,11.63082,0.00,0.00
2016.12.09 16:48:32.201,11.62788,11.63072,0.00,0.00
2016.12.09 16:48:32.697,11.62742,11.63012,0.00,0.00
2016.12.09 16:48:33.191,11.62749,11.63031,0.00,0.00
2016.12.09 16:48:33.270,11.62742,11.63012,0.00,0.00
2016.12.09 16:48:33.570,11.62742,11.63022,0.00,0.00
2016.12.09 16:48:33.972,11.62748,11.63032,0.00,0.00
2016.12.09 16:48:34.172,11.62742,11.63001,0.00,0.00
2016.12.09 16:48:34.773,11.62742,11.63011,0.00,0.00
2016.12.09 16:48:35.393,11.62742,11.62992,0.00,0.00
2016.12.09 16:48:37.585,11.62742,11.63011,0.00,0.00
2016.12.09 16:48:37.699,11.62749,11.63031,0.00,0.00
2016.12.09 16:48:38.189,11.62742,11.63012,0.00,0.00
2016.12.09 16:48:38.692,11.62742,11.62992,0.00,0.00
2016.12.09 16:48:39.028,11.62742,11.62982,0.00,0.00
2016.12.09 16:48:39.890,11.62698,11.62982,0.00,0.00
2016.12.09 16:48:39.998,11.62689,11.62971,0.00,0.00
2016.12.09 16:48:40.187,11.62678,11.62962,0.00,0.00
2016.12.09 16:48:40.329,11.62659,11.62941,0.00,0.00
2016.12.09 16:48:40.683,11.62679,11.62961,0.00,0.00
2016.12.09 16:48:41.598,11.62668,11.62952,0.00,0.00
2016.12.09 16:48:41.769,11.62691,11.62931,0.00,0.00
2016.12.09 16:48:41.819,11.62691,11.62971,0.00,0.00
2016.12.09 16:48:41.920,11.62708,11.62992,0.00,0.00
2016.12.09 16:48:42.486,11.62698,11.62982,0.00,0.00
2016.12.09 16:48:42.881,11.62691,11.62962,0.00,0.00
2016.12.09 16:48:44.715,11.62678,11.62962,0.00,0.00
2016.12.09 16:48:44.825,11.62704,11.62991,0.00,0.00
2016.12.09 16:48:45.132,11.62714,11.63001,0.00,0.00
2016.12.09 16:48:45.468,11.62714,11.62999,0.00,0.00
2016.12.09 16:48:45.519,11.62679,11.62961,0.00,0.00
2016.12.09 16:48:45.626,11.62651,11.62922,0.00,0.00
2016.12.09 16:48:45.835,11.62683,11.62972,0.00,0.00
2016.12.09 16:48:46.192,11.62668,11.62952,0.00,0.00
2016.12.09 16:48:47.707,11.62713,11.62952,0.00,0.00
2016.12.09 16:48:47.807,11.62692,11.62971,0.00,0.00
2016.12.09 16:48:47.922,11.62709,11.62991,0.00,0.00
2016.12.09 16:48:47.998,11.62678,11.62962,0.00,0.00
2016.12.09 16:48:48.097,11.62651,11.62932,0.00,0.00
2016.12.09 16:48:49.442,11.62669,11.62951,0.00,0.00
2016.12.09 16:48:51.226,11.62651,11.62931,0.00,0.00
2016.12.09 16:48:51.304,11.62669,11.62951,0.00,0.00
2016.12.09 16:48:53.192,11.62691,11.62951,0.00,0.00
2016.12.09 16:48:53.242,11.62699,11.62981,0.00,0.00
2016.12.09 16:48:53.343,11.62708,11.62992,0.00,0.00
2016.12.09 16:48:53.522,11.62691,11.62962,0.00,0.00
2016.12.09 16:48:53.736,11.62689,11.62971,0.00,0.00
2016.12.09 16:48:53.809,11.62699,11.62981,0.00,0.00
2016.12.09 16:48:54.155,11.62652,11.62911,0.00,0.00
2016.12.09 16:48:54.537,11.62658,11.62942,0.00,0.00
2016.12.09 16:48:54.637,11.62691,11.62961,0.00,0.00
2016.12.09 16:48:54.712,11.62691,11.62972,0.00,0.00
2016.12.09 16:48:54.813,11.62718,11.63002,0.00,0.00
2016.12.09 16:48:55.164,11.62728,11.63008,0.00,0.00
2016.12.09 16:48:55.215,11.62689,11.62971,0.00,0.00
2016.12.09 16:48:55.316,11.62669,11.62941,0.00,0.00
2016.12.09 16:48:55.366,11.62659,11.62941,0.00,0.00
2016.12.09 16:48:55.658,11.62678,11.62962,0.00,0.00
2016.12.09 16:48:55.717,11.62651,11.62931,0.00,0.00
2016.12.09 16:48:55.831,11.62659,11.62941,0.00,0.00
2016.12.09 16:48:55.917,11.62688,11.62972,0.00,0.00
2016.12.09 16:48:56.017,11.62651,11.62931,0.00,0.00
2016.12.09 16:48:56.418,11.62659,11.62941,0.00,0.00
2016.12.09 16:48:56.534,11.62651,11.62922,0.00,0.00
2016.12.09 16:48:56.781,11.62628,11.62912,0.00,0.00
2016.12.09 16:48:56.831,11.62639,11.62921,0.00,0.00
2016.12.09 16:48:56.933,11.62598,11.62882,0.00,0.00
2016.12.09 16:48:57.040,11.62591,11.62871,0.00,0.00
2016.12.09 16:48:57.121,11.62618,11.62902,0.00,0.00
2016.12.09 16:48:57.321,11.62591,11.62872,0.00,0.00
2016.12.09 16:48:57.421,11.62608,11.62892,0.00,0.00
2016.12.09 16:48:58.179,11.62618,11.62892,0.00,0.00
2016.12.09 16:48:58.265,11.62629,11.62911,0.00,0.00
2016.12.09 16:48:58.466,11.62658,11.62942,0.00,0.00
2016.12.09 16:48:58.574,11.62618,11.62902,0.00,0.00
2016.12.09 16:48:58.917,11.62629,11.62911,0.00,0.00
2016.12.09 16:48:59.295,11.62649,11.62931,0.00,0.00
2016.12.09 16:48:59.345,11.62638,11.62922,0.00,0.00
2016.12.09 16:48:59.725,11.62608,11.62892,0.00,0.00
2016.12.09 16:49:00.655,11.62639,11.62899,0.00,0.00
2016.12.09 16:49:00.727,11.62568,11.62852,0.00,0.00
2016.12.09 16:49:00.874,11.62578,11.62862,0.00,0.00
2016.12.09 16:49:01.188,11.62599,11.62881,0.00,0.00
2016.12.09 16:49:02.264,11.62588,11.62872,0.00,0.00
2016.12.09 16:49:02.329,11.62559,11.62841,0.00,0.00
2016.12.09 16:49:03.921,11.62559,11.62809,0.00,0.00
2016.12.09 16:49:04.072,11.62461,11.62742,0.00,0.00
2016.12.09 16:49:04.173,11.62479,11.62761,0.00,0.00
2016.12.09 16:49:04.232,11.62508,11.62792,0.00,0.00
2016.12.09 16:49:04.452,11.62488,11.62772,0.00,0.00
2016.12.09 16:49:04.792,11.62498,11.62782,0.00,0.00
2016.12.09 16:49:05.135,11.62468,11.62752,0.00,0.00
2016.12.09 16:49:05.935,11.62488,11.62772,0.00,0.00
2016.12.09 16:49:06.236,11.62478,11.62762,0.00,0.00
2016.12.09 16:49:06.625,11.62461,11.62741,0.00,0.00
2016.12.09 16:49:06.783,11.62468,11.62752,0.00,0.00
2016.12.09 16:49:06.837,11.62461,11.62732,0.00,0.00
2016.12.09 16:49:06.987,11.62498,11.62782,0.00,0.00
2016.12.09 16:49:07.038,11.62468,11.62752,0.00,0.00
2016.12.09 16:49:07.388,11.62461,11.62742,0.00,0.00
2016.12.09 16:49:08.475,11.62488,11.62772,0.00,0.00
2016.12.09 16:49:08.578,11.62461,11.62742,0.00,0.00
2016.12.09 16:49:08.981,11.62468,11.62752,0.00,0.00
2016.12.09 16:49:09.082,11.62479,11.62761,0.00,0.00
2016.12.09 16:49:09.316,11.62448,11.62732,0.00,0.00
2016.12.09 16:49:09.366,11.62438,11.62722,0.00,0.00
2016.12.09 16:49:09.685,11.62418,11.62702,0.00,0.00
2016.12.09 16:49:10.082,11.62399,11.62681,0.00,0.00
2016.12.09 16:49:10.393,11.62409,11.62691,0.00,0.00
2016.12.09 16:49:10.747,11.62388,11.62672,0.00,0.00
2016.12.09 16:49:10.964,11.62372,11.62652,0.00,0.00
2016.12.09 16:49:11.145,11.62388,11.62672,0.00,0.00
2016.12.09 16:49:11.593,11.62398,11.62682,0.00,0.00
2016.12.09 16:49:11.946,11.62372,11.62651,0.00,0.00
2016.12.09 16:49:12.847,11.62379,11.62661,0.00,0.00
2016.12.09 16:49:13.048,11.62372,11.62651,0.00,0.00
2016.12.09 16:49:13.352,11.62369,11.62619,0.00,0.00
2016.12.09 16:49:13.522,11.62352,11.62632,0.00,0.00
2016.12.09 16:49:13.666,11.62378,11.62659,0.00,0.00
2016.12.09 16:49:13.949,11.62369,11.62651,0.00,0.00
2016.12.09 16:49:14.694,11.62352,11.62632,0.00,0.00
2016.12.09 16:49:14.854,11.62369,11.62651,0.00,0.00
2016.12.09 16:49:14.955,11.62369,11.62619,0.00,0.00
2016.12.09 16:49:15.170,11.62288,11.62572,0.00,0.00
2016.12.09 16:49:15.396,11.62278,11.62562,0.00,0.00
2016.12.09 16:49:15.698,11.62271,11.62552,0.00,0.00
2016.12.09 16:49:15.753,11.62299,11.62581,0.00,0.00
2016.12.09 16:49:15.871,11.62288,11.62572,0.00,0.00
2016.12.09 16:49:15.961,11.62271,11.62542,0.00,0.00
2016.12.09 16:49:16.062,11.62298,11.62582,0.00,0.00
2016.12.09 16:49:16.254,11.62271,11.62552,0.00,0.00
2016.12.09 16:49:16.355,11.62298,11.62582,0.00,0.00
2016.12.09 16:49:16.405,11.62361,11.62582,0.00,0.00
2016.12.09 16:49:16.456,11.62272,11.62541,0.00,0.00
2016.12.09 16:49:16.576,11.62318,11.62602,0.00,0.00
2016.12.09 16:49:16.755,11.62299,11.62581,0.00,0.00
2016.12.09 16:49:17.082,11.62278,11.62562,0.00,0.00
2016.12.09 16:49:17.381,11.62308,11.62592,0.00,0.00
2016.12.09 16:49:17.711,11.62278,11.62562,0.00,0.00
2016.12.09 16:49:18.057,11.62298,11.62582,0.00,0.00
2016.12.09 16:49:18.650,11.62299,11.62581,0.00,0.00
2016.12.09 16:49:19.158,11.62308,11.62592,0.00,0.00
2016.12.09 16:49:19.552,11.62311,11.62592,0.00,0.00
2016.12.09 16:49:19.603,11.62329,11.62611,0.00,0.00
2016.12.09 16:49:19.703,11.62339,11.62612,0.00,0.00
2016.12.09 16:49:19.760,11.62329,11.62611,0.00,0.00
2016.12.09 16:49:19.908,11.62278,11.62562,0.00,0.00
2016.12.09 16:49:21.263,11.62271,11.62532,0.00,0.00
2016.12.09 16:49:21.494,11.62352,11.62632,0.00,0.00
2016.12.09 16:49:21.563,11.62358,11.62642,0.00,0.00
2016.12.09 16:49:21.614,11.62358,11.62619,0.00,0.00
2016.12.09 16:49:21.664,11.62318,11.62602,0.00,0.00
2016.12.09 16:49:21.765,11.62271,11.62552,0.00,0.00
2016.12.09 16:49:21.998,11.62309,11.62591,0.00,0.00
2016.12.09 16:49:22.064,11.62271,11.62552,0.00,0.00
2016.12.09 16:49:23.767,11.62289,11.62571,0.00,0.00
2016.12.09 16:49:23.868,11.62319,11.62601,0.00,0.00
2016.12.09 16:49:24.229,11.62359,11.62641,0.00,0.00
2016.12.09 16:49:24.590,11.62352,11.62612,0.00,0.00
2016.12.09 16:49:24.747,11.62328,11.62612,0.00,0.00
2016.12.09 16:49:24.798,11.62362,11.62642,0.00,0.00
2016.12.09 16:49:25.007,11.62359,11.62641,0.00,0.00
2016.12.09 16:49:25.110,11.62321,11.62602,0.00,0.00
2016.12.09 16:49:25.413,11.62321,11.62581,0.00,0.00
2016.12.09 16:49:25.463,11.62299,11.62581,0.00,0.00
2016.12.09 16:49:25.514,11.62328,11.62608,0.00,0.00
2016.12.09 16:49:25.571,11.62278,11.62562,0.00,0.00
2016.12.09 16:49:26.056,11.62311,11.62562,0.00,0.00
2016.12.09 16:49:26.107,11.62311,11.62572,0.00,0.00
2016.12.09 16:49:26.172,11.62328,11.62608,0.00,0.00
2016.12.09 16:49:26.822,11.62328,11.62612,0.00,0.00
2016.12.09 16:49:27.474,11.62311,11.62592,0.00,0.00
2016.12.09 16:49:28.577,11.62308,11.62592,0.00,0.00
2016.12.09 16:49:28.682,11.62298,11.62582,0.00,0.00
2016.12.09 16:49:29.126,11.62271,11.62551,0.00,0.00
2016.12.09 16:49:29.177,11.62289,11.62571,0.00,0.00
2016.12.09 16:49:29.278,11.62298,11.62582,0.00,0.00
2016.12.09 16:49:29.777,11.62271,11.62551,0.00,0.00
2016.12.09 16:49:30.079,11.62271,11.62531,0.00,0.00
2016.12.09 16:49:30.440,11.62271,11.62512,0.00,0.00
2016.12.09 16:49:30.490,11.62271,11.62551,0.00,0.00
2016.12.09 16:49:30.763,11.62271,11.62532,0.00,0.00
2016.12.09 16:49:31.287,11.62271,11.62512,0.00,0.00
2016.12.09 16:49:31.898,11.62271,11.62532,0.00,0.00
2016.12.09 16:49:32.886,11.62271,11.62541,0.00,0.00
2016.12.09 16:49:33.030,11.62271,11.62512,0.00,0.00
2016.12.09 16:49:33.584,11.62271,11.62551,0.00,0.00
2016.12.09 16:49:33.711,11.62271,11.62521,0.00,0.00
2016.12.09 16:49:34.090,11.62252,11.62521,0.00,0.00
2016.12.09 16:49:34.486,11.62269,11.62551,0.00,0.00
2016.12.09 16:49:34.545,11.62252,11.62522,0.00,0.00
2016.12.09 16:49:34.686,11.62252,11.62532,0.00,0.00
2016.12.09 16:49:35.716,11.62252,11.62522,0.00,0.00
2016.12.09 16:49:36.790,11.62252,11.62532,0.00,0.00
2016.12.09 16:49:36.841,11.62248,11.62518,0.00,0.00
2016.12.09 16:49:36.891,11.62238,11.62518,0.00,0.00
2016.12.09 16:49:37.010,11.62188,11.62472,0.00,0.00
2016.12.09 16:49:37.091,11.62172,11.62432,0.00,0.00
2016.12.09 16:49:37.192,11.62208,11.62492,0.00,0.00
2016.12.09 16:49:37.429,11.62188,11.62472,0.00,0.00
2016.12.09 16:49:37.759,11.62151,11.62362,0.00,0.00
2016.12.09 16:49:37.913,11.62158,11.62409,0.00,0.00
2016.12.09 16:49:38.019,11.62168,11.62409,0.00,0.00
2016.12.09 16:49:38.174,11.62168,11.62452,0.00,0.00
2016.12.09 16:49:38.225,11.62151,11.62411,0.00,0.00
2016.12.09 16:49:38.464,11.62211,11.62472,0.00,0.00
2016.12.09 16:49:38.514,11.62258,11.62508,0.00,0.00
2016.12.09 16:49:38.636,11.62248,11.62508,0.00,0.00
2016.12.09 16:49:38.695,11.62238,11.62508,0.00,0.00
2016.12.09 16:49:38.800,11.62179,11.62461,0.00,0.00
2016.12.09 16:49:39.016,11.62188,11.62472,0.00,0.00
2016.12.09 16:49:39.119,11.62179,11.62461,0.00,0.00
2016.12.09 16:49:39.220,11.62208,11.62492,0.00,0.00
2016.12.09 16:49:39.323,11.62218,11.62502,0.00,0.00
2016.12.09 16:49:39.825,11.62209,11.62491,0.00,0.00
2016.12.09 16:49:40.048,11.62188,11.62472,0.00,0.00
2016.12.09 16:49:40.408,11.62172,11.62452,0.00,0.00
2016.12.09 16:49:41.098,11.62172,11.62442,0.00,0.00
2016.12.09 16:49:41.799,11.62178,11.62462,0.00,0.00
2016.12.09 16:49:41.900,11.62172,11.62422,0.00,0.00
2016.12.09 16:49:42.427,11.62178,11.62462,0.00,0.00
2016.12.09 16:49:43.049,11.62172,11.62421,0.00,0.00
2016.12.09 16:49:43.253,11.62139,11.62409,0.00,0.00
2016.12.09 16:49:43.459,11.62088,11.62372,0.00,0.00
2016.12.09 16:49:43.516,11.62118,11.62402,0.00,0.00
2016.12.09 16:49:43.884,11.62108,11.62392,0.00,0.00
2016.12.09 16:49:44.190,11.62158,11.62412,0.00,0.00
2016.12.09 16:49:44.241,11.62148,11.62412,0.00,0.00
2016.12.09 16:49:44.303,11.62089,11.62371,0.00,0.00
2016.12.09 16:49:45.005,11.62118,11.62402,0.00,0.00
2016.12.09 16:49:45.121,11.62138,11.62408,0.00,0.00
2016.12.09 16:49:45.323,11.62098,11.62382,0.00,0.00
2016.12.09 16:49:45.424,11.62089,11.62371,0.00,0.00
2016.12.09 16:49:45.525,11.62118,11.62402,0.00,0.00
2016.12.09 16:49:45.629,11.62148,11.62408,0.00,0.00
2016.12.09 16:49:45.838,11.62139,11.62408,0.00,0.00
2016.12.09 16:49:45.993,11.62139,11.62421,0.00,0.00
2016.12.09 16:49:46.340,11.62151,11.62421,0.00,0.00
2016.12.09 16:49:46.491,11.62119,11.62401,0.00,0.00
2016.12.09 16:49:46.542,11.62159,11.62441,0.00,0.00
2016.12.09 16:49:46.721,11.62118,11.62402,0.00,0.00
2016.12.09 16:49:46.931,11.62139,11.62421,0.00,0.00
2016.12.09 16:49:47.160,11.62168,11.62452,0.00,0.00
2016.12.09 16:49:47.311,11.62128,11.62412,0.00,0.00
2016.12.09 16:49:47.711,11.62138,11.62422,0.00,0.00
2016.12.09 16:49:48.059,11.62071,11.62351,0.00,0.00
2016.12.09 16:49:48.417,11.62119,11.62401,0.00,0.00
2016.12.09 16:49:48.518,11.62112,11.62391,0.00,0.00
2016.12.09 16:49:48.619,11.62118,11.62402,0.00,0.00
2016.12.09 16:49:48.960,11.62138,11.62409,0.00,0.00
2016.12.09 16:49:49.106,11.62148,11.62432,0.00,0.00
2016.12.09 16:49:49.622,11.62138,11.62411,0.00,0.00
2016.12.09 16:49:49.723,11.62118,11.62402,0.00,0.00
2016.12.09 16:49:49.827,11.62112,11.62391,0.00,0.00
2016.12.09 16:49:50.281,11.62161,11.62391,0.00,0.00
2016.12.09 16:49:50.460,11.62161,11.62442,0.00,0.00
2016.12.09 16:49:50.561,11.62178,11.62462,0.00,0.00
2016.12.09 16:49:50.725,11.62162,11.62441,0.00,0.00
2016.12.09 16:49:51.049,11.62162,11.62412,0.00,0.00
2016.12.09 16:49:51.100,11.62128,11.62412,0.00,0.00
2016.12.09 16:49:51.150,11.62148,11.62418,0.00,0.00
2016.12.09 16:49:51.251,11.62098,11.62382,0.00,0.00
2016.12.09 16:49:51.302,11.62161,11.62382,0.00,0.00
2016.12.09 16:49:51.352,11.62161,11.62409,0.00,0.00
2016.12.09 16:49:51.647,11.62158,11.62409,0.00,0.00
2016.12.09 16:49:51.748,11.62129,11.62409,0.00,0.00
2016.12.09 16:49:51.821,11.62071,11.62352,0.00,0.00
2016.12.09 16:49:51.962,11.62071,11.62341,0.00,0.00
2016.12.09 16:49:52.132,11.62069,11.62351,0.00,0.00
2016.12.09 16:49:52.233,11.62048,11.62332,0.00,0.00
2016.12.09 16:49:52.322,11.62011,11.62292,0.00,0.00
2016.12.09 16:49:52.422,11.62019,11.62301,0.00,0.00
2016.12.09 16:49:52.539,11.62048,11.62332,0.00,0.00
2016.12.09 16:49:52.723,11.62018,11.62302,0.00,0.00
2016.12.09 16:49:53.066,11.61999,11.62281,0.00,0.00
2016.12.09 16:49:53.127,11.61988,11.62272,0.00,0.00
2016.12.09 16:49:53.324,11.62018,11.62302,0.00,0.00
2016.12.09 16:49:53.760,11.61971,11.62252,0.00,0.00
2016.12.09 16:49:54.075,11.61999,11.62208,0.00,0.00
2016.12.09 16:49:54.176,11.61879,11.62161,0.00,0.00
2016.12.09 16:49:54.227,11.61852,11.62111,0.00,0.00
2016.12.09 16:49:54.355,11.61858,11.62142,0.00,0.00
2016.12.09 16:49:54.467,11.61852,11.62132,0.00,0.00
2016.12.09 16:49:54.568,11.61889,11.62171,0.00,0.00
2016.12.09 16:49:54.628,11.61852,11.62131,0.00,0.00
2016.12.09 16:49:54.729,11.61869,11.62151,0.00,0.00
2016.12.09 16:49:54.844,11.61852,11.62132,0.00,0.00
2016.12.09 16:49:55.089,11.61848,11.62132,0.00,0.00
2016.12.09 16:49:55.140,11.61869,11.62111,0.00,0.00
2016.12.09 16:49:55.339,11.61779,11.62061,0.00,0.00
2016.12.09 16:49:55.441,11.61761,11.62042,0.00,0.00
2016.12.09 16:49:55.542,11.61808,11.62092,0.00,0.00
2016.12.09 16:49:55.645,11.61879,11.62109,0.00,0.00
2016.12.09 16:49:55.774,11.61849,11.62109,0.00,0.00
2016.12.09 16:49:55.875,11.61818,11.62102,0.00,0.00
2016.12.09 16:49:55.931,11.61798,11.62082,0.00,0.00
2016.12.09 16:49:56.280,11.61789,11.62071,0.00,0.00
2016.12.09 16:49:56.432,11.61808,11.62092,0.00,0.00
2016.12.09 16:49:56.925,11.61798,11.62082,0.00,0.00
2016.12.09 16:49:57.234,11.61899,11.62158,0.00,0.00
2016.12.09 16:49:57.334,11.61888,11.62158,0.00,0.00
2016.12.09 16:49:57.454,11.61879,11.62119,0.00,0.00
2016.12.09 16:49:57.504,11.61879,11.62158,0.00,0.00
2016.12.09 16:49:57.555,11.61861,11.62121,0.00,0.00
2016.12.09 16:49:57.820,11.61928,11.62212,0.00,0.00
2016.12.09 16:49:57.870,11.61919,11.62201,0.00,0.00
2016.12.09 16:49:58.186,11.61978,11.62219,0.00,0.00
2016.12.09 16:49:58.237,11.61968,11.62219,0.00,0.00
2016.12.09 16:49:58.361,11.61899,11.62181,0.00,0.00
2016.12.09 16:49:58.575,11.61939,11.62221,0.00,0.00
2016.12.09 16:49:58.837,11.61888,11.62172,0.00,0.00
2016.12.09 16:49:59.161,11.61918,11.62202,0.00,0.00
2016.12.09 16:49:59.563,11.61929,11.62209,0.00,0.00
2016.12.09 16:49:59.889,11.61899,11.62181,0.00,0.00
2016.12.09 16:49:59.940,11.61908,11.62192,0.00,0.00
2016.12.09 16:50:00.050,11.61878,11.62162,0.00,0.00
2016.12.09 16:50:00.377,11.61978,11.62262,0.00,0.00
2016.12.09 16:50:00.722,11.62058,11.62308,0.00,0.00
2016.12.09 16:50:01.039,11.62079,11.62361,0.00,0.00
2016.12.09 16:50:01.090,11.62051,11.62322,0.00,0.00
2016.12.09 16:50:01.142,11.62038,11.62322,0.00,0.00
2016.12.09 16:50:01.386,11.62028,11.62312,0.00,0.00
2016.12.09 16:50:01.689,11.62051,11.62281,0.00,0.00
2016.12.09 16:50:01.745,11.62059,11.62341,0.00,0.00
2016.12.09 16:50:01.868,11.62078,11.62362,0.00,0.00
2016.12.09 16:50:01.981,11.62088,11.62372,0.00,0.00
2016.12.09 16:50:02.847,11.62058,11.62342,0.00,0.00
2016.12.09 16:50:03.273,11.62078,11.62362,0.00,0.00
2016.12.09 16:50:03.574,11.62071,11.62332,0.00,0.00
2016.12.09 16:50:03.913,11.62071,11.62312,0.00,0.00
2016.12.09 16:50:03.964,11.62071,11.62332,0.00,0.00
2016.12.09 16:50:04.074,11.62071,11.62312,0.00,0.00
2016.12.09 16:50:04.176,11.62071,11.62342,0.00,0.00
2016.12.09 16:50:04.290,11.62071,11.62322,0.00,0.00
2016.12.09 16:50:04.952,11.62071,11.62331,0.00,0.00
2016.12.09 16:50:05.252,11.62071,11.62351,0.00,0.00
2016.12.09 16:50:05.796,11.62071,11.62311,0.00,0.00
2016.12.09 16:50:05.959,11.62071,11.62331,0.00,0.00
2016.12.09 16:50:06.079,11.62071,11.62352,0.00,0.00
2016.12.09 16:50:06.153,11.62088,11.62372,0.00,0.00
2016.12.09 16:50:06.689,11.62071,11.62351,0.00,0.00
2016.12.09 16:50:06.754,11.62089,11.62371,0.00,0.00
2016.12.09 16:50:06.856,11.62071,11.62312,0.00,0.00
2016.12.09 16:50:06.906,11.62051,11.62312,0.00,0.00
2016.12.09 16:50:06.957,11.62018,11.62302,0.00,0.00
2016.12.09 16:50:07.089,11.61978,11.62262,0.00,0.00
2016.12.09 16:50:07.505,11.61989,11.62271,0.00,0.00
2016.12.09 16:50:07.857,11.61999,11.62281,0.00,0.00
2016.12.09 16:50:08.353,11.62012,11.62281,0.00,0.00
2016.12.09 16:50:08.662,11.61969,11.62251,0.00,0.00
2016.12.09 16:50:08.762,11.61988,11.62272,0.00,0.00
2016.12.09 16:50:08.868,11.62009,11.62291,0.00,0.00
2016.12.09 16:50:09.220,11.61989,11.62271,0.00,0.00
2016.12.09 16:50:09.270,11.62018,11.62302,0.00,0.00
2016.12.09 16:50:09.465,11.62008,11.62292,0.00,0.00
2016.12.09 16:50:09.901,11.62048,11.62332,0.00,0.00
2016.12.09 16:50:10.374,11.62038,11.62322,0.00,0.00
2016.12.09 16:50:10.717,11.61988,11.62272,0.00,0.00
2016.12.09 16:50:11.061,11.62051,11.62291,0.00,0.00
2016.12.09 16:50:11.111,11.62058,11.62342,0.00,0.00
2016.12.09 16:50:11.172,11.62078,11.62362,0.00,0.00
2016.12.09 16:50:11.511,11.62068,11.62352,0.00,0.00
2016.12.09 16:50:11.875,11.62058,11.62342,0.00,0.00
2016.12.09 16:50:12.312,11.62051,11.62332,0.00,0.00
2016.12.09 16:50:12.989,11.62051,11.62322,0.00,0.00
2016.12.09 16:50:13.104,11.62051,11.62331,0.00,0.00
2016.12.09 16:50:13.227,11.62051,11.62321,0.00,0.00
2016.12.09 16:50:13.518,11.62051,11.62331,0.00,0.00
2016.12.09 16:50:13.583,11.62068,11.62352,0.00,0.00
2016.12.09 16:50:13.913,11.62078,11.62362,0.00,0.00
2016.12.09 16:50:14.234,11.62089,11.62371,0.00,0.00
2016.12.09 16:50:14.361,11.62058,11.62342,0.00,0.00
2016.12.09 16:50:14.412,11.62078,11.62362,0.00,0.00
2016.12.09 16:50:15.891,11.62089,11.62371,0.00,0.00
2016.12.09 16:50:16.338,11.62151,11.62431,0.00,0.00
2016.12.09 16:50:16.669,11.62151,11.62392,0.00,0.00
2016.12.09 16:50:16.823,11.62151,11.62432,0.00,0.00
2016.12.09 16:50:16.994,11.62151,11.62421,0.00,0.00
2016.12.09 16:50:17.891,11.62151,11.62402,0.00,0.00
2016.12.09 16:50:18.119,11.62118,11.62402,0.00,0.00
2016.12.09 16:50:18.238,11.62111,11.62392,0.00,0.00
2016.12.09 16:50:18.410,11.62138,11.62422,0.00,0.00
2016.12.09 16:50:18.641,11.62138,11.62419,0.00,0.00
2016.12.09 16:50:18.742,11.62118,11.62402,0.00,0.00
2016.12.09 16:50:18.793,11.62078,11.62362,0.00,0.00
2016.12.09 16:50:19.353,11.62152,11.62362,0.00,0.00
2016.12.09 16:50:19.404,11.62152,11.62391,0.00,0.00
2016.12.09 16:50:19.505,11.62159,11.62441,0.00,0.00
2016.12.09 16:50:19.928,11.62152,11.62401,0.00,0.00
2016.12.09 16:50:20.697,11.62158,11.62442,0.00,0.00
2016.12.09 16:50:20.837,11.62152,11.62402,0.00,0.00
2016.12.09 16:50:21.600,11.62118,11.62402,0.00,0.00
2016.12.09 16:50:21.650,11.62139,11.62418,0.00,0.00
2016.12.09 16:50:21.701,11.62118,11.62402,0.00,0.00
2016.12.09 16:50:21.813,11.62111,11.62362,0.00,0.00
2016.12.09 16:50:21.914,11.62111,11.62391,0.00,0.00
2016.12.09 16:50:22.015,11.62138,11.62422,0.00,0.00
2016.12.09 16:50:22.730,11.62151,11.62422,0.00,0.00
2016.12.09 16:50:22.831,11.62151,11.62432,0.00,0.00
2016.12.09 16:50:23.034,11.62151,11.62422,0.00,0.00
2016.12.09 16:50:23.479,11.62151,11.62402,0.00,0.00
2016.12.09 16:50:23.753,11.62159,11.62441,0.00,0.00
2016.12.09 16:50:25.010,11.62119,11.62401,0.00,0.00
2016.12.09 16:50:25.161,11.62088,11.62372,0.00,0.00
2016.12.09 16:50:25.212,11.62108,11.62392,0.00,0.00
2016.12.09 16:50:25.553,11.62138,11.62422,0.00,0.00
2016.12.09 16:50:25.889,11.62138,11.62419,0.00,0.00
2016.12.09 16:50:25.940,11.62118,11.62402,0.00,0.00
2016.12.09 16:50:26.012,11.62078,11.62362,0.00,0.00
2016.12.09 16:50:26.313,11.62109,11.62391,0.00,0.00
2016.12.09 16:50:27.936,11.62089,11.62371,0.00,0.00
2016.12.09 16:50:28.238,11.62138,11.62422,0.00,0.00
2016.12.09 16:50:28.339,11.62119,11.62401,0.00,0.00
2016.12.09 16:50:28.416,11.62138,11.62422,0.00,0.00
2016.12.09 16:50:28.529,11.62119,11.62401,0.00,0.00
2016.12.09 16:50:28.639,11.62138,11.62422,0.00,0.00
2016.12.09 16:50:28.740,11.62148,11.62429,0.00,0.00
2016.12.09 16:50:29.053,11.62099,11.62378,0.00,0.00
2016.12.09 16:50:29.411,11.62082,11.62342,0.00,0.00
2016.12.09 16:50:29.657,11.62082,11.62352,0.00,0.00
2016.12.09 16:50:29.719,11.62082,11.62341,0.00,0.00
2016.12.09 16:50:29.770,11.62071,11.62341,0.00,0.00
2016.12.09 16:50:29.820,11.62071,11.62331,0.00,0.00
2016.12.09 16:50:29.971,11.62028,11.62312,0.00,0.00
2016.12.09 16:50:30.022,11.62021,11.62301,0.00,0.00
2016.12.09 16:50:30.352,11.62039,11.62321,0.00,0.00
2016.12.09 16:50:30.461,11.62061,11.62291,0.00,0.00
2016.12.09 16:50:30.521,11.62061,11.62312,0.00,0.00
2016.12.09 16:50:30.629,11.62061,11.62341,0.00,0.00
2016.12.09 16:50:31.021,11.62061,11.62322,0.00,0.00
2016.12.09 16:50:31.425,11.62061,11.62312,0.00,0.00
2016.12.09 16:50:31.558,11.62028,11.62312,0.00,0.00
2016.12.09 16:50:31.659,11.62022,11.62302,0.00,0.00
2016.12.09 16:50:31.948,11.62039,11.62321,0.00,0.00
2016.12.09 16:50:32.524,11.62028,11.62312,0.00,0.00
2016.12.09 16:50:33.464,11.62009,11.62278,0.00,0.00
2016.12.09 16:50:33.525,11.61982,11.62261,0.00,0.00
2016.12.09 16:50:33.750,11.61989,11.62271,0.00,0.00
2016.12.09 16:50:33.938,11.61982,11.62261,0.00,0.00
2016.12.09 16:50:34.258,11.61982,11.62251,0.00,0.00
2016.12.09 16:50:34.527,11.61988,11.62272,0.00,0.00
2016.12.09 16:50:34.628,11.61982,11.62261,0.00,0.00
2016.12.09 16:50:35.154,11.61979,11.62261,0.00,0.00
2016.12.09 16:50:35.255,11.61971,11.62242,0.00,0.00
2016.12.09 16:50:35.599,11.61971,11.62222,0.00,0.00
2016.12.09 16:50:35.729,11.61971,11.62242,0.00,0.00
2016.12.09 16:50:36.063,11.61971,11.62221,0.00,0.00
2016.12.09 16:50:36.531,11.61971,11.62242,0.00,0.00
2016.12.09 16:50:36.631,11.61971,11.62221,0.00,0.00
2016.12.09 16:50:36.741,11.61971,11.62251,0.00,0.00
2016.12.09 16:50:37.132,11.61971,11.62241,0.00,0.00
2016.12.09 16:50:37.281,11.61971,11.62251,0.00,0.00
2016.12.09 16:50:37.633,11.61971,11.62242,0.00,0.00
2016.12.09 16:50:38.434,11.61971,11.62252,0.00,0.00
2016.12.09 16:50:38.732,11.61968,11.62189,0.00,0.00
2016.12.09 16:50:38.782,11.61958,11.62189,0.00,0.00
2016.12.09 16:50:38.883,11.61881,11.62142,0.00,0.00
2016.12.09 16:50:38.984,11.61881,11.62131,0.00,0.00
2016.12.09 16:50:39.037,11.61881,11.62141,0.00,0.00
2016.12.09 16:50:39.137,11.61889,11.62171,0.00,0.00
2016.12.09 16:50:39.374,11.61871,11.62151,0.00,0.00
2016.12.09 16:50:39.437,11.61889,11.62171,0.00,0.00
2016.12.09 16:50:39.546,11.61871,11.62132,0.00,0.00
2016.12.09 16:50:39.841,11.61871,11.62141,0.00,0.00
2016.12.09 16:50:39.942,11.61871,11.62132,0.00,0.00
2016.12.09 16:50:40.340,11.61879,11.62161,0.00,0.00
2016.12.09 16:50:40.650,11.61871,11.62142,0.00,0.00
2016.12.09 16:50:40.851,11.61798,11.62078,0.00,0.00
2016.12.09 16:50:41.251,11.61829,11.62078,0.00,0.00
2016.12.09 16:50:41.301,11.61861,11.62111,0.00,0.00
2016.12.09 16:50:41.352,11.61861,11.62121,0.00,0.00
2016.12.09 16:50:41.453,11.61878,11.62162,0.00,0.00
2016.12.09 16:50:41.575,11.61878,11.62118,0.00,0.00
2016.12.09 16:50:41.644,11.61839,11.62118,0.00,0.00
2016.12.09 16:50:41.752,11.61839,11.62088,0.00,0.00
2016.12.09 16:50:41.853,11.61828,11.62088,0.00,0.00
2016.12.09 16:50:41.954,11.61789,11.62071,0.00,0.00
2016.12.09 16:50:42.165,11.61799,11.62081,0.00,0.00
2016.12.09 16:50:42.515,11.61809,11.62088,0.00,0.00
2016.12.09 16:50:42.972,11.61809,11.62078,0.00,0.00
2016.12.09 16:50:43.121,11.61778,11.62062,0.00,0.00
2016.12.09 16:50:43.227,11.61772,11.62042,0.00,0.00
2016.12.09 16:50:43.693,11.61778,11.62062,0.00,0.00
2016.12.09 16:50:43.748,11.61789,11.62071,0.00,0.00
2016.12.09 16:50:44.094,11.61772,11.62042,0.00,0.00
2016.12.09 16:50:44.295,11.61698,11.61982,0.00,0.00
2016.12.09 16:50:44.477,11.61729,11.61989,0.00,0.00
2016.12.09 16:50:44.578,11.61691,11.61972,0.00,0.00
2016.12.09 16:50:44.952,11.61708,11.61989,0.00,0.00
2016.12.09 16:50:45.254,11.61719,11.61989,0.00,0.00
2016.12.09 16:50:45.354,11.61691,11.61971,0.00,0.00
2016.12.09 16:50:45.405,11.61689,11.61878,0.00,0.00
2016.12.09 16:50:45.556,11.61598,11.61878,0.00,0.00
2016.12.09 16:50:45.771,11.61639,11.61878,0.00,0.00
2016.12.09 16:50:45.872,11.61662,11.61921,0.00,0.00
2016.12.09 16:50:45.922,11.61639,11.61879,0.00,0.00
2016.12.09 16:50:46.181,11.61599,11.61879,0.00,0.00
2016.12.09 16:50:46.283,11.61581,11.61862,0.00,0.00
2016.12.09 16:50:46.403,11.61588,11.61872,0.00,0.00
2016.12.09 16:50:46.458,11.61619,11.61879,0.00,0.00
2016.12.09 16:50:46.998,11.61588,11.61872,0.00,0.00
2016.12.09 16:50:47.059,11.61618,11.61879,0.00,0.00
2016.12.09 16:50:47.386,11.61608,11.61879,0.00,0.00
2016.12.09 16:50:47.490,11.61629,11.61879,0.00,0.00
2016.12.09 16:50:47.993,11.61598,11.61879,0.00,0.00
2016.12.09 16:50:48.172,11.61581,11.61862,0.00,0.00
2016.12.09 16:50:48.505,11.61618,11.61879,0.00,0.00
2016.12.09 16:50:48.563,11.61588,11.61872,0.00,0.00
2016.12.09 16:50:48.697,11.61618,11.61879,0.00,0.00
2016.12.09 16:50:49.064,11.61609,11.61879,0.00,0.00
2016.12.09 16:50:50.477,11.61589,11.61871,0.00,0.00
2016.12.09 16:50:51.007,11.61598,11.61879,0.00,0.00
2016.12.09 16:50:51.369,11.61608,11.61879,0.00,0.00
2016.12.09 16:50:51.715,11.61628,11.61879,0.00,0.00
2016.12.09 16:50:52.315,11.61608,11.61879,0.00,0.00
2016.12.09 16:50:52.571,11.61599,11.61879,0.00,0.00
2016.12.09 16:50:53.456,11.61599,11.61779,0.00,0.00
2016.12.09 16:50:53.557,11.61629,11.61821,0.00,0.00
2016.12.09 16:50:53.643,11.61588,11.61869,0.00,0.00
2016.12.09 16:50:53.694,11.61571,11.61852,0.00,0.00
2016.12.09 16:50:54.022,11.61619,11.61869,0.00,0.00
2016.12.09 16:50:54.185,11.61571,11.61851,0.00,0.00
2016.12.09 16:50:54.235,11.61661,11.61851,0.00,0.00
2016.12.09 16:50:54.286,11.61661,11.61901,0.00,0.00
2016.12.09 16:50:54.392,11.61661,11.61892,0.00,0.00
2016.12.09 16:50:54.487,11.61688,11.61959,0.00,0.00
2016.12.09 16:50:54.686,11.61661,11.61942,0.00,0.00
2016.12.09 16:50:54.880,11.61669,11.61951,0.00,0.00
2016.12.09 16:50:55.002,11.61688,11.61959,0.00,0.00
2016.12.09 16:50:55.107,11.61668,11.61952,0.00,0.00
2016.12.09 16:50:55.516,11.61662,11.61932,0.00,0.00
2016.12.09 16:50:55.683,11.61648,11.61919,0.00,0.00
2016.12.09 16:50:55.734,11.61648,11.61879,0.00,0.00
2016.12.09 16:50:55.887,11.61608,11.61879,0.00,0.00
2016.12.09 16:50:55.981,11.61588,11.61872,0.00,0.00
2016.12.09 16:50:56.329,11.61598,11.61879,0.00,0.00
2016.12.09 16:50:56.649,11.61619,11.61879,0.00,0.00
2016.12.09 16:50:56.783,11.61598,11.61879,0.00,0.00
2016.12.09 16:50:56.883,11.61581,11.61861,0.00,0.00
2016.12.09 16:50:56.984,11.61579,11.61861,0.00,0.00
2016.12.09 16:50:57.158,11.61598,11.61869,0.00,0.00
2016.12.09 16:50:57.516,11.61588,11.61869,0.00,0.00
2016.12.09 16:50:57.629,11.61598,11.61869,0.00,0.00
2016.12.09 16:50:58.092,11.61609,11.61869,0.00,0.00
2016.12.09 16:50:58.373,11.61609,11.61888,0.00,0.00
2016.12.09 16:50:58.424,11.61619,11.61888,0.00,0.00
2016.12.09 16:50:58.748,11.61638,11.61888,0.00,0.00
2016.12.09 16:50:58.799,11.61662,11.61922,0.00,0.00
2016.12.09 16:50:59.025,11.61678,11.61962,0.00,0.00
2016.12.09 16:50:59.089,11.61662,11.61932,0.00,0.00
2016.12.09 16:50:59.190,11.61668,11.61952,0.00,0.00
2016.12.09 16:50:59.426,11.61688,11.61968,0.00,0.00
2016.12.09 16:50:59.795,11.61662,11.61941,0.00,0.00
2016.12.09 16:50:59.909,11.61688,11.61968,0.00,0.00
2016.12.09 16:51:00.214,11.61662,11.61941,0.00,0.00
2016.12.09 16:51:00.333,11.61669,11.61951,0.00,0.00
2016.12.09 16:51:00.433,11.61662,11.61932,0.00,0.00
2016.12.09 16:51:02.122,11.61668,11.61952,0.00,0.00
2016.12.09 16:51:02.197,11.61679,11.61961,0.00,0.00
2016.12.09 16:51:02.599,11.61669,11.61951,0.00,0.00
2016.12.09 16:51:02.902,11.61628,11.61889,0.00,0.00
2016.12.09 16:51:03.018,11.61608,11.61889,0.00,0.00
2016.12.09 16:51:03.494,11.61622,11.61892,0.00,0.00
2016.12.09 16:51:03.606,11.61638,11.61922,0.00,0.00
2016.12.09 16:51:03.700,11.61669,11.61928,0.00,0.00
2016.12.09 16:51:03.900,11.61659,11.61928,0.00,0.00
2016.12.09 16:51:04.425,11.61639,11.61921,0.00,0.00
2016.12.09 16:51:05.002,11.61648,11.61928,0.00,0.00
2016.12.09 16:51:05.392,11.61658,11.61928,0.00,0.00
2016.12.09 16:51:05.704,11.61609,11.61878,0.00,0.00
2016.12.09 16:51:06.028,11.61628,11.61912,0.00,0.00
2016.12.09 16:51:06.129,11.61638,11.61922,0.00,0.00
2016.12.09 16:51:06.439,11.61678,11.61928,0.00,0.00
2016.12.09 16:51:06.506,11.61639,11.61921,0.00,0.00
2016.12.09 16:51:06.912,11.61672,11.61921,0.00,0.00
2016.12.09 16:51:07.013,11.61672,11.61951,0.00,0.00
2016.12.09 16:51:07.113,11.61709,11.61968,0.00,0.00
2016.12.09 16:51:07.525,11.61689,11.61968,0.00,0.00
2016.12.09 16:51:07.755,11.61709,11.61968,0.00,0.00
2016.12.09 16:51:08.156,11.61688,11.61968,0.00,0.00
2016.12.09 16:51:08.257,11.61672,11.61952,0.00,0.00
2016.12.09 16:51:08.660,11.61672,11.61932,0.00,0.00
2016.12.09 16:51:09.813,11.61678,11.61962,0.00,0.00
2016.12.09 16:51:09.913,11.61688,11.61968,0.00,0.00
2016.12.09 16:51:10.140,11.61679,11.61961,0.00,0.00
2016.12.09 16:51:10.253,11.61708,11.61968,0.00,0.00
2016.12.09 16:51:10.315,11.61688,11.61968,0.00,0.00
2016.12.09 16:51:10.416,11.61672,11.61942,0.00,0.00
2016.12.09 16:51:10.725,11.61678,11.61962,0.00,0.00
2016.12.09 16:51:10.840,11.61688,11.61968,0.00,0.00
2016.12.09 16:51:11.318,11.61672,11.61932,0.00,0.00
2016.12.09 16:51:11.419,11.61698,11.61968,0.00,0.00
2016.12.09 16:51:12.047,11.61678,11.61962,0.00,0.00
2016.12.09 16:51:13.394,11.61761,11.61962,0.00,0.00
2016.12.09 16:51:13.444,11.61761,11.61982,0.00,0.00
2016.12.09 16:51:13.495,11.61721,11.61982,0.00,0.00
2016.12.09 16:51:13.545,11.61768,11.62029,0.00,0.00
2016.12.09 16:51:13.646,11.61758,11.62029,0.00,0.00
2016.12.09 16:51:13.747,11.61729,11.62011,0.00,0.00
2016.12.09 16:51:13.851,11.61729,11.61979,0.00,0.00
2016.12.09 16:51:14.082,11.61681,11.61952,0.00,0.00
2016.12.09 16:51:14.435,11.61699,11.61979,0.00,0.00
2016.12.09 16:51:15.135,11.61681,11.61952,0.00,0.00
2016.12.09 16:51:15.468,11.61739,11.61979,0.00,0.00
2016.12.09 16:51:15.735,11.61698,11.61979,0.00,0.00
2016.12.09 16:51:15.836,11.61671,11.61952,0.00,0.00
2016.12.09 16:51:16.177,11.61698,11.61979,0.00,0.00
2016.12.09 16:51:16.507,11.61708,11.61972,0.00,0.00
2016.12.09 16:51:16.557,11.61678,11.61962,0.00,0.00
2016.12.09 16:51:16.658,11.61672,11.61951,0.00,0.00
2016.12.09 16:51:16.777,11.61698,11.61978,0.00,0.00
2016.12.09 16:51:16.935,11.61719,11.61978,0.00,0.00
2016.12.09 16:51:17.164,11.61698,11.61978,0.00,0.00
2016.12.09 16:51:17.265,11.61729,11.61978,0.00,0.00
2016.12.09 16:51:17.335,11.61689,11.61971,0.00,0.00
2016.12.09 16:51:17.671,11.61699,11.61978,0.00,0.00
2016.12.09 16:51:17.772,11.61688,11.61972,0.00,0.00
2016.12.09 16:51:18.037,11.61718,11.61978,0.00,0.00
2016.12.09 16:51:18.348,11.61769,11.62051,0.00,0.00
2016.12.09 16:51:18.869,11.61778,11.62062,0.00,0.00
2016.12.09 16:51:19.578,11.61761,11.62042,0.00,0.00
2016.12.09 16:51:19.842,11.61778,11.62062,0.00,0.00
2016.12.09 16:51:20.077,11.61761,11.62021,0.00,0.00
2016.12.09 16:51:20.638,11.61739,11.61979,0.00,0.00
2016.12.09 16:51:20.789,11.61708,11.61979,0.00,0.00
2016.12.09 16:51:20.889,11.61689,11.61971,0.00,0.00
2016.12.09 16:51:20.947,11.61681,11.61951,0.00,0.00
2016.12.09 16:51:21.402,11.61761,11.61952,0.00,0.00
2016.12.09 16:51:21.453,11.61761,11.61971,0.00,0.00
2016.12.09 16:51:21.554,11.61761,11.62032,0.00,0.00
2016.12.09 16:51:21.650,11.61761,11.62001,0.00,0.00
2016.12.09 16:51:21.952,11.61761,11.62032,0.00,0.00
2016.12.09 16:51:22.760,11.61748,11.61918,0.00,0.00
2016.12.09 16:51:22.861,11.61708,11.61918,0.00,0.00
2016.12.09 16:51:22.990,11.61622,11.61892,0.00,0.00
2016.12.09 16:51:23.231,11.61649,11.61918,0.00,0.00
2016.12.09 16:51:23.355,11.61628,11.61912,0.00,0.00
2016.12.09 16:51:23.456,11.61622,11.61892,0.00,0.00
2016.12.09 16:51:23.802,11.61662,11.61922,0.00,0.00
2016.12.09 16:51:23.856,11.61668,11.61952,0.00,0.00
2016.12.09 16:51:24.256,11.61662,11.61942,0.00,0.00
2016.12.09 16:51:24.659,11.61662,11.61931,0.00,0.00
2016.12.09 16:51:25.295,11.61649,11.61889,0.00,0.00
2016.12.09 16:51:25.396,11.61628,11.61889,0.00,0.00
2016.12.09 16:51:25.501,11.61662,11.61842,0.00,0.00
2016.12.09 16:51:25.602,11.61662,11.61852,0.00,0.00
2016.12.09 16:51:25.659,11.61662,11.61909,0.00,0.00
2016.12.09 16:51:25.760,11.61659,11.61889,0.00,0.00
2016.12.09 16:51:25.865,11.61619,11.61889,0.00,0.00
2016.12.09 16:51:25.966,11.61581,11.61851,0.00,0.00
2016.12.09 16:51:26.285,11.61661,11.61851,0.00,0.00
2016.12.09 16:51:26.386,11.61672,11.61882,0.00,0.00
2016.12.09 16:51:26.486,11.61658,11.61929,0.00,0.00
2016.12.09 16:51:26.587,11.61649,11.61929,0.00,0.00
2016.12.09 16:51:26.662,11.61621,11.61891,0.00,0.00
2016.12.09 16:51:27.774,11.61628,11.61912,0.00,0.00
2016.12.09 16:51:27.878,11.61609,11.61888,0.00,0.00
2016.12.09 16:51:27.979,11.61599,11.61881,0.00,0.00
2016.12.09 16:51:28.104,11.61582,11.61852,0.00,0.00
2016.12.09 16:51:28.434,11.61662,11.61852,0.00,0.00
2016.12.09 16:51:28.485,11.61662,11.61881,0.00,0.00
2016.12.09 16:51:28.585,11.61662,11.61942,0.00,0.00
2016.12.09 16:51:28.635,11.61792,11.61942,0.00,0.00
2016.12.09 16:51:28.793,11.61792,11.61971,0.00,0.00
2016.12.09 16:51:28.865,11.61792,11.62011,0.00,0.00
2016.12.09 16:51:28.965,11.61792,11.62052,0.00,0.00
2016.12.09 16:51:29.265,11.61792,11.62032,0.00,0.00
2016.12.09 16:51:29.409,11.61792,11.62051,0.00,0.00
2016.12.09 16:51:29.466,11.61792,11.62031,0.00,0.00
2016.12.09 16:51:29.789,11.61792,11.62052,0.00,0.00
2016.12.09 16:51:30.403,11.61792,11.62041,0.00,0.00
2016.12.09 16:51:30.467,11.61792,11.62062,0.00,0.00
2016.12.09 16:51:30.668,11.61792,11.62072,0.00,0.00
2016.12.09 16:51:30.927,11.61881,11.62072,0.00,0.00
2016.12.09 16:51:31.169,11.61881,11.62132,0.00,0.00
2016.12.09 16:51:31.269,11.61881,11.62142,0.00,0.00
2016.12.09 16:51:31.492,11.61881,11.62161,0.00,0.00
2016.12.09 16:51:31.570,11.61881,11.62132,0.00,0.00
2016.12.09 16:51:31.670,11.61881,11.62152,0.00,0.00
2016.12.09 16:51:31.771,11.61881,11.62111,0.00,0.00
2016.12.09 16:51:32.112,11.61881,11.62141,0.00,0.00
2016.12.09 16:51:32.692,11.61881,11.62132,0.00,0.00
2016.12.09 16:51:32.793,11.61881,11.62141,0.00,0.00
2016.12.09 16:51:33.099,11.61981,11.62141,0.00,0.00
2016.12.09 16:51:33.272,11.61981,11.62222,0.00,0.00
2016.12.09 16:51:33.572,11.61981,11.62191,0.00,0.00
2016.12.09 16:51:33.799,11.61981,11.62212,0.00,0.00
2016.12.09 16:51:33.953,11.61981,11.62231,0.00,0.00
2016.12.09 16:51:34.003,11.61981,11.62222,0.00,0.00
2016.12.09 16:51:34.369,11.61981,11.62211,0.00,0.00
2016.12.09 16:51:34.574,11.61981,11.62231,0.00,0.00
2016.12.09 16:51:35.215,11.61981,11.62201,0.00,0.00
2016.12.09 16:51:35.275,11.61981,11.62242,0.00,0.00
2016.12.09 16:51:35.410,11.61981,11.62221,0.00,0.00
2016.12.09 16:51:35.740,11.62082,11.62221,0.00,0.00
2016.12.09 16:51:35.790,11.62082,11.62242,0.00,0.00
2016.12.09 16:51:35.900,11.62028,11.62251,0.00,0.00
2016.12.09 16:51:36.001,11.62028,11.62279,0.00,0.00
2016.12.09 16:51:36.154,11.61981,11.62202,0.00,0.00
2016.12.09 16:51:36.277,11.61981,11.62231,0.00,0.00
2016.12.09 16:51:36.486,11.61981,11.62242,0.00,0.00
2016.12.09 16:51:36.988,11.61981,11.62231,0.00,0.00
2016.12.09 16:51:37.424,11.61981,11.62211,0.00,0.00
2016.12.09 16:51:38.681,11.61981,11.62202,0.00,0.00
2016.12.09 16:51:39.395,11.61981,11.62222,0.00,0.00
2016.12.09 16:51:39.496,11.61981,11.62202,0.00,0.00
2016.12.09 16:51:39.784,11.61981,11.62232,0.00,0.00
2016.12.09 16:51:40.090,11.61981,11.62212,0.00,0.00
2016.12.09 16:51:40.650,11.61981,11.62232,0.00,0.00
2016.12.09 16:51:41.285,11.61981,11.62211,0.00,0.00
2016.12.09 16:51:41.585,11.61981,11.62232,0.00,0.00
2016.12.09 16:51:42.800,11.61981,11.62211,0.00,0.00
2016.12.09 16:51:43.150,11.61981,11.62191,0.00,0.00
2016.12.09 16:51:43.470,11.61981,11.62211,0.00,0.00
2016.12.09 16:51:43.689,11.61981,11.62192,0.00,0.00
2016.12.09 16:51:43.790,11.61981,11.62212,0.00,0.00
2016.12.09 16:51:43.889,11.61981,11.62232,0.00,0.00
2016.12.09 16:51:44.590,11.61981,11.62202,0.00,0.00
2016.12.09 16:51:44.891,11.61981,11.62231,0.00,0.00
2016.12.09 16:51:45.192,11.61981,11.62202,0.00,0.00
2016.12.09 16:51:45.406,11.61981,11.62251,0.00,0.00
2016.12.09 16:51:45.456,11.61981,11.62222,0.00,0.00
2016.12.09 16:51:45.798,11.61981,11.62242,0.00,0.00
2016.12.09 16:51:46.421,11.61981,11.62251,0.00,0.00
2016.12.09 16:51:46.494,11.61981,11.62211,0.00,0.00
2016.12.09 16:51:47.295,11.61981,11.62231,0.00,0.00
2016.12.09 16:51:47.446,11.61981,11.62262,0.00,0.00
2016.12.09 16:51:47.696,11.61981,11.62251,0.00,0.00
2016.12.09 16:51:47.998,11.62071,11.62341,0.00,0.00
2016.12.09 16:51:48.297,11.62071,11.62351,0.00,0.00
2016.12.09 16:51:48.708,11.62071,11.62342,0.00,0.00
2016.12.09 16:51:48.901,11.62079,11.62361,0.00,0.00
2016.12.09 16:51:49.199,11.62071,11.62342,0.00,0.00
2016.12.09 16:51:49.541,11.62082,11.62331,0.00,0.00
2016.12.09 16:51:49.599,11.62082,11.62362,0.00,0.00
2016.12.09 16:51:49.709,11.62082,11.62332,0.00,0.00
2016.12.09 16:51:50.018,11.62082,11.62351,0.00,0.00
2016.12.09 16:51:50.119,11.62082,11.62361,0.00,0.00
2016.12.09 16:51:50.201,11.62082,11.62332,0.00,0.00
2016.12.09 16:51:50.301,11.62082,11.62341,0.00,0.00
2016.12.09 16:51:50.487,11.62082,11.62361,0.00,0.00
2016.12.09 16:51:51.002,11.62098,11.62382,0.00,0.00
2016.12.09 16:51:51.203,11.62171,11.62361,0.00,0.00
2016.12.09 16:51:51.304,11.62171,11.62381,0.00,0.00
2016.12.09 16:51:51.404,11.62199,11.62479,0.00,0.00
2016.12.09 16:51:51.552,11.62188,11.62472,0.00,0.00
2016.12.09 16:51:51.604,11.62171,11.62432,0.00,0.00
2016.12.09 16:51:51.804,11.62188,11.62472,0.00,0.00
2016.12.09 16:51:52.004,11.62171,11.62432,0.00,0.00
2016.12.09 16:51:52.105,11.62171,11.62452,0.00,0.00
2016.12.09 16:51:52.706,11.62178,11.62462,0.00,0.00
2016.12.09 16:51:53.006,11.62171,11.62452,0.00,0.00
2016.12.09 16:51:53.336,11.62171,11.62422,0.00,0.00
2016.12.09 16:51:53.507,11.62171,11.62452,0.00,0.00
2016.12.09 16:51:53.959,11.62178,11.62452,0.00,0.00
2016.12.09 16:51:54.110,11.62189,11.62471,0.00,0.00
2016.12.09 16:51:54.248,11.62178,11.62462,0.00,0.00
2016.12.09 16:51:54.559,11.62171,11.62441,0.00,0.00
2016.12.09 16:51:54.609,11.62188,11.62472,0.00,0.00
2016.12.09 16:51:54.732,11.62171,11.62452,0.00,0.00
2016.12.09 16:51:55.010,11.62189,11.62471,0.00,0.00
2016.12.09 16:51:55.610,11.62171,11.62442,0.00,0.00
2016.12.09 16:51:55.920,11.62171,11.62451,0.00,0.00
2016.12.09 16:51:56.031,11.62171,11.62442,0.00,0.00
2016.12.09 16:51:56.512,11.62171,11.62452,0.00,0.00
2016.12.09 16:51:56.612,11.62171,11.62441,0.00,0.00
2016.12.09 16:51:57.046,11.62189,11.62471,0.00,0.00
2016.12.09 16:51:57.150,11.62261,11.62471,0.00,0.00
2016.12.09 16:51:57.251,11.62261,11.62482,0.00,0.00
2016.12.09 16:51:57.352,11.62261,11.62542,0.00,0.00
2016.12.09 16:51:57.513,11.62261,11.62532,0.00,0.00
2016.12.09 16:51:57.714,11.62269,11.62551,0.00,0.00
2016.12.09 16:51:57.824,11.62261,11.62542,0.00,0.00
2016.12.09 16:51:58.187,11.62261,11.62511,0.00,0.00
2016.12.09 16:51:58.516,11.62309,11.62578,0.00,0.00
2016.12.09 16:51:58.616,11.62288,11.62572,0.00,0.00
2016.12.09 16:51:58.717,11.62282,11.62552,0.00,0.00
2016.12.09 16:51:58.816,11.62298,11.62578,0.00,0.00
2016.12.09 16:51:58.922,11.62282,11.62551,0.00,0.00
2016.12.09 16:51:59.117,11.62282,11.62561,0.00,0.00
2016.12.09 16:51:59.356,11.62282,11.62551,0.00,0.00
2016.12.09 16:51:59.697,11.62282,11.62521,0.00,0.00
2016.12.09 16:51:59.818,11.62282,11.62531,0.00,0.00
2016.12.09 16:51:59.918,11.62282,11.62511,0.00,0.00
2016.12.09 16:52:00.019,11.62282,11.62532,0.00,0.00
2016.12.09 16:52:00.466,11.62282,11.62511,0.00,0.00
2016.12.09 16:52:00.571,11.62229,11.62479,0.00,0.00
2016.12.09 16:52:00.622,11.62228,11.62472,0.00,0.00
2016.12.09 16:52:00.672,11.62188,11.62472,0.00,0.00
2016.12.09 16:52:00.723,11.62171,11.62422,0.00,0.00
2016.12.09 16:52:00.825,11.62171,11.62452,0.00,0.00
2016.12.09 16:52:00.927,11.62171,11.62412,0.00,0.00
2016.12.09 16:52:01.521,11.62171,11.62441,0.00,0.00
2016.12.09 16:52:01.749,11.62171,11.62451,0.00,0.00
2016.12.09 16:52:01.856,11.62171,11.62442,0.00,0.00
2016.12.09 16:52:02.293,11.62171,11.62432,0.00,0.00
2016.12.09 16:52:02.632,11.62171,11.62412,0.00,0.00
2016.12.09 16:52:02.739,11.62171,11.62432,0.00,0.00
2016.12.09 16:52:02.864,11.62171,11.62442,0.00,0.00
2016.12.09 16:52:02.924,11.62171,11.62422,0.00,0.00
2016.12.09 16:52:03.025,11.62171,11.62442,0.00,0.00
2016.12.09 16:52:03.664,11.62158,11.62288,0.00,0.00
2016.12.09 16:52:03.766,11.62128,11.62288,0.00,0.00
2016.12.09 16:52:03.922,11.61998,11.62282,0.00,0.00
2016.12.09 16:52:03.973,11.61982,11.62262,0.00,0.00
2016.12.09 16:52:04.026,11.61989,11.62271,0.00,0.00
2016.12.09 16:52:04.127,11.61982,11.62241,0.00,0.00
2016.12.09 16:52:04.271,11.61982,11.62252,0.00,0.00
2016.12.09 16:52:04.372,11.61998,11.62282,0.00,0.00
2016.12.09 16:52:04.427,11.61982,11.62252,0.00,0.00
2016.12.09 16:52:04.751,11.62129,11.62411,0.00,0.00
2016.12.09 16:52:04.866,11.62138,11.62422,0.00,0.00
2016.12.09 16:52:04.928,11.62149,11.62431,0.00,0.00
2016.12.09 16:52:05.862,11.62129,11.62411,0.00,0.00
2016.12.09 16:52:05.963,11.62168,11.62452,0.00,0.00
2016.12.09 16:52:06.063,11.62179,11.62461,0.00,0.00
2016.12.09 16:52:06.167,11.62168,11.62452,0.00,0.00
2016.12.09 16:52:06.230,11.62128,11.62412,0.00,0.00
2016.12.09 16:52:06.531,11.62159,11.62441,0.00,0.00
2016.12.09 16:52:06.731,11.62148,11.62432,0.00,0.00
2016.12.09 16:52:06.838,11.62138,11.62422,0.00,0.00
2016.12.09 16:52:07.475,11.62148,11.62432,0.00,0.00
2016.12.09 16:52:07.810,11.62081,11.62352,0.00,0.00
2016.12.09 16:52:08.019,11.62098,11.62382,0.00,0.00
2016.12.09 16:52:08.187,11.62081,11.62362,0.00,0.00
2016.12.09 16:52:08.513,11.62121,11.62392,0.00,0.00
2016.12.09 16:52:08.873,11.62121,11.62341,0.00,0.00
2016.12.09 16:52:08.941,11.62121,11.62402,0.00,0.00
2016.12.09 16:52:08.992,11.62129,11.62402,0.00,0.00
2016.12.09 16:52:09.042,11.62139,11.62421,0.00,0.00
2016.12.09 16:52:09.143,11.62149,11.62428,0.00,0.00
2016.12.09 16:52:09.474,11.62129,11.62411,0.00,0.00
2016.12.09 16:52:09.543,11.62148,11.62428,0.00,0.00
2016.12.09 16:52:09.795,11.61908,11.62192,0.00,0.00
2016.12.09 16:52:09.845,11.61889,11.62171,0.00,0.00
2016.12.09 16:52:10.191,11.61928,11.62212,0.00,0.00
2016.12.09 16:52:10.246,11.61978,11.62262,0.00,0.00
2016.12.09 16:52:10.548,11.61858,11.62142,0.00,0.00
2016.12.09 16:52:11.048,11.61888,11.62172,0.00,0.00
2016.12.09 16:52:11.396,11.61799,11.62081,0.00,0.00
2016.12.09 16:52:11.549,11.61818,11.62102,0.00,0.00
2016.12.09 16:52:11.650,11.61789,11.62071,0.00,0.00
2016.12.09 16:52:11.980,11.61888,11.62172,0.00,0.00
2016.12.09 16:52:12.051,11.61898,11.62182,0.00,0.00
2016.12.09 16:52:12.370,11.61918,11.62202,0.00,0.00
2016.12.09 16:52:12.677,11.61978,11.62262,0.00,0.00
2016.12.09 16:52:13.013,11.61999,11.62279,0.00,0.00
2016.12.09 16:52:13.233,11.61979,11.62261,0.00,0.00
2016.12.09 16:52:13.298,11.61972,11.62241,0.00,0.00
2016.12.09 16:52:13.486,11.61998,11.62278,0.00,0.00
2016.12.09 16:52:13.962,11.61998,11.62238,0.00,0.00
2016.12.09 16:52:14.012,11.61998,11.62272,0.00,0.00
2016.12.09 16:52:14.063,11.61972,11.62241,0.00,0.00
2016.12.09 16:52:14.255,11.61999,11.62278,0.00,0.00
2016.12.09 16:52:14.356,11.61972,11.62252,0.00,0.00
2016.12.09 16:52:14.480,11.61978,11.62262,0.00,0.00
2016.12.09 16:52:14.591,11.62008,11.62278,0.00,0.00
2016.12.09 16:52:14.756,11.61988,11.62272,0.00,0.00
2016.12.09 16:52:15.013,11.61988,11.62179,0.00,0.00
2016.12.09 16:52:15.064,11.61978,11.62179,0.00,0.00
2016.12.09 16:52:15.164,11.61878,11.62162,0.00,0.00
2016.12.09 16:52:15.257,11.61888,11.62172,0.00,0.00
2016.12.09 16:52:15.595,11.61908,11.62179,0.00,0.00
2016.12.09 16:52:15.696,11.61898,11.62179,0.00,0.00
2016.12.09 16:52:15.757,11.61919,11.62179,0.00,0.00
2016.12.09 16:52:16.088,11.61879,11.62089,0.00,0.00
2016.12.09 16:52:16.190,11.61798,11.62082,0.00,0.00
2016.12.09 16:52:16.561,11.61809,11.62089,0.00,0.00
2016.12.09 16:52:16.902,11.61839,11.62089,0.00,0.00
2016.12.09 16:52:16.960,11.61828,11.62089,0.00,0.00
2016.12.09 16:52:17.061,11.61798,11.62082,0.00,0.00
2016.12.09 16:52:17.261,11.61788,11.62072,0.00,0.00
2016.12.09 16:52:17.640,11.61828,11.62089,0.00,0.00
2016.12.09 16:52:18.007,11.61788,11.62072,0.00,0.00
2016.12.09 16:52:18.062,11.61781,11.62062,0.00,0.00
2016.12.09 16:52:18.463,11.61819,11.62089,0.00,0.00
2016.12.09 16:52:18.712,11.61808,11.62089,0.00,0.00
2016.12.09 16:52:18.764,11.61788,11.62072,0.00,0.00
2016.12.09 16:52:18.864,11.61819,11.62089,0.00,0.00
2016.12.09 16:52:19.440,11.61809,11.62089,0.00,0.00
2016.12.09 16:52:19.700,11.61788,11.62072,0.00,0.00
2016.12.09 16:52:19.765,11.61819,11.62089,0.00,0.00
2016.12.09 16:52:19.870,11.61788,11.62072,0.00,0.00
2016.12.09 16:52:20.066,11.61781,11.62051,0.00,0.00
2016.12.09 16:52:20.396,11.61798,11.62082,0.00,0.00
2016.12.09 16:52:20.447,11.61798,11.62078,0.00,0.00
2016.12.09 16:52:20.768,11.61818,11.62098,0.00,0.00
2016.12.09 16:52:20.885,11.61788,11.62072,0.00,0.00
2016.12.09 16:52:21.069,11.61809,11.62091,0.00,0.00
2016.12.09 16:52:21.409,11.61789,11.62071,0.00,0.00
2016.12.09 16:52:22.289,11.61819,11.62078,0.00,0.00
2016.12.09 16:52:22.610,11.61878,11.62162,0.00,0.00
2016.12.09 16:52:22.672,11.61861,11.62132,0.00,0.00
2016.12.09 16:52:22.773,11.61861,11.62141,0.00,0.00
2016.12.09 16:52:22.889,11.61861,11.62132,0.00,0.00
2016.12.09 16:52:22.990,11.61869,11.62151,0.00,0.00
2016.12.09 16:52:23.073,11.61861,11.62132,0.00,0.00
2016.12.09 16:52:23.373,11.61788,11.62071,0.00,0.00
2016.12.09 16:52:23.674,11.61818,11.62071,0.00,0.00
2016.12.09 16:52:23.775,11.61771,11.62041,0.00,0.00
2016.12.09 16:52:24.099,11.61771,11.62052,0.00,0.00
2016.12.09 16:52:24.176,11.61799,11.62071,0.00,0.00
2016.12.09 16:52:24.576,11.61779,11.62061,0.00,0.00
2016.12.09 16:52:24.679,11.61771,11.62042,0.00,0.00
2016.12.09 16:52:24.798,11.61771,11.62051,0.00,0.00
2016.12.09 16:52:24.877,11.61809,11.62071,0.00,0.00
2016.12.09 16:52:25.779,11.61779,11.62061,0.00,0.00
2016.12.09 16:52:26.080,11.61788,11.62071,0.00,0.00
2016.12.09 16:52:26.781,11.61808,11.62071,0.00,0.00
2016.12.09 16:52:26.881,11.61799,11.62071,0.00,0.00
2016.12.09 16:52:27.500,11.61861,11.62081,0.00,0.00
2016.12.09 16:52:27.701,11.61888,11.62169,0.00,0.00
2016.12.09 16:52:27.784,11.61898,11.62169,0.00,0.00
2016.12.09 16:52:28.023,11.61889,11.62169,0.00,0.00
2016.12.09 16:52:28.130,11.61899,11.62169,0.00,0.00
2016.12.09 16:52:28.304,11.61889,11.62169,0.00,0.00
2016.12.09 16:52:28.786,11.61899,11.62169,0.00,0.00
2016.12.09 16:52:29.032,11.61861,11.62132,0.00,0.00
2016.12.09 16:52:29.083,11.61872,11.62071,0.00,0.00
2016.12.09 16:52:29.184,11.61872,11.62132,0.00,0.00
2016.12.09 16:52:29.235,11.61872,11.62121,0.00,0.00
2016.12.09 16:52:29.527,11.61878,11.62162,0.00,0.00
2016.12.09 16:52:29.647,11.61878,11.62122,0.00,0.00
2016.12.09 16:52:29.698,11.61871,11.62122,0.00,0.00
2016.12.09 16:52:29.799,11.61848,11.62129,0.00,0.00
2016.12.09 16:52:29.900,11.61829,11.62111,0.00,0.00
2016.12.09 16:52:29.951,11.61862,11.62111,0.00,0.00
2016.12.09 16:52:30.001,11.61862,11.62121,0.00,0.00
2016.12.09 16:52:30.052,11.61882,11.62121,0.00,0.00
2016.12.09 16:52:30.103,11.61882,11.62162,0.00,0.00
2016.12.09 16:52:30.245,11.61882,11.62121,0.00,0.00
2016.12.09 16:52:30.295,11.61858,11.62121,0.00,0.00
2016.12.09 16:52:30.346,11.61882,11.62121,0.00,0.00
2016.12.09 16:52:30.590,11.61882,11.62142,0.00,0.00
2016.12.09 16:52:30.691,11.61858,11.62121,0.00,0.00
2016.12.09 16:52:30.818,11.61841,11.62111,0.00,0.00
2016.12.09 16:52:30.920,11.61841,11.62082,0.00,0.00
2016.12.09 16:52:31.448,11.61881,11.62082,0.00,0.00
2016.12.09 16:52:31.499,11.61881,11.62112,0.00,0.00
2016.12.09 16:52:31.600,11.61881,11.62141,0.00,0.00
2016.12.09 16:52:31.651,11.61859,11.62141,0.00,0.00
2016.12.09 16:52:31.701,11.61841,11.62091,0.00,0.00
2016.12.09 16:52:32.013,11.61841,11.62101,0.00,0.00
2016.12.09 16:52:32.095,11.61841,11.62092,0.00,0.00
2016.12.09 16:52:32.415,11.61808,11.62092,0.00,0.00
2016.12.09 16:52:32.567,11.61789,11.61972,0.00,0.00
2016.12.09 16:52:32.617,11.61692,11.61951,0.00,0.00
2016.12.09 16:52:32.999,11.61692,11.61972,0.00,0.00
2016.12.09 16:52:33.100,11.61692,11.61951,0.00,0.00
2016.12.09 16:52:33.200,11.61698,11.61972,0.00,0.00
2016.12.09 16:52:33.646,11.61691,11.61952,0.00,0.00
2016.12.09 16:52:34.003,11.61698,11.61972,0.00,0.00
2016.12.09 16:52:34.503,11.61708,11.61972,0.00,0.00
2016.12.09 16:52:34.909,11.61691,11.61962,0.00,0.00
2016.12.09 16:52:35.010,11.61691,11.61952,0.00,0.00
2016.12.09 16:52:35.219,11.61691,11.61961,0.00,0.00
2016.12.09 16:52:35.320,11.61699,11.61972,0.00,0.00
2016.12.09 16:52:35.405,11.61691,11.61961,0.00,0.00
2016.12.09 16:52:35.885,11.61679,11.61899,0.00,0.00
2016.12.09 16:52:36.042,11.61581,11.61862,0.00,0.00
2016.12.09 16:52:36.106,11.61581,11.61842,0.00,0.00
2016.12.09 16:52:36.247,11.61599,11.61872,0.00,0.00
2016.12.09 16:52:36.408,11.61581,11.61842,0.00,0.00
2016.12.09 16:52:37.158,11.61581,11.61862,0.00,0.00
2016.12.09 16:52:37.259,11.61581,11.61852,0.00,0.00
2016.12.09 16:52:37.529,11.61588,11.61872,0.00,0.00
2016.12.09 16:52:37.629,11.61621,11.61881,0.00,0.00
2016.12.09 16:52:37.680,11.61599,11.61881,0.00,0.00
2016.12.09 16:52:37.730,11.61618,11.61899,0.00,0.00
2016.12.09 16:52:38.012,11.61588,11.61871,0.00,0.00
2016.12.09 16:52:38.115,11.61598,11.61871,0.00,0.00
2016.12.09 16:52:38.216,11.61622,11.61901,0.00,0.00
2016.12.09 16:52:38.313,11.61649,11.61922,0.00,0.00
2016.12.09 16:52:38.413,11.61622,11.61901,0.00,0.00
2016.12.09 16:52:38.714,11.61628,11.61912,0.00,0.00
2016.12.09 16:52:38.840,11.61662,11.61932,0.00,0.00
2016.12.09 16:52:38.940,11.61681,11.61952,0.00,0.00
2016.12.09 16:52:39.015,11.61681,11.61962,0.00,0.00
2016.12.09 16:52:39.119,11.61698,11.61971,0.00,0.00
2016.12.09 16:52:39.528,11.61689,11.61971,0.00,0.00
2016.12.09 16:52:39.630,11.61761,11.61992,0.00,0.00
2016.12.09 16:52:39.784,11.61761,11.62002,0.00,0.00
2016.12.09 16:52:39.884,11.61761,11.62042,0.00,0.00
2016.12.09 16:52:39.935,11.61779,11.62061,0.00,0.00
2016.12.09 16:52:40.065,11.61789,11.62071,0.00,0.00
2016.12.09 16:52:40.518,11.61781,11.62052,0.00,0.00
2016.12.09 16:52:41.039,11.61789,11.62071,0.00,0.00
2016.12.09 16:52:41.720,11.61798,11.62071,0.00,0.00
2016.12.09 16:52:41.871,11.61789,11.62071,0.00,0.00
2016.12.09 16:52:43.022,11.61781,11.62052,0.00,0.00
2016.12.09 16:52:43.561,11.61781,11.62062,0.00,0.00
2016.12.09 16:52:44.772,11.61789,11.62071,0.00,0.00
2016.12.09 16:52:44.825,11.61781,11.62062,0.00,0.00
2016.12.09 16:52:46.307,11.61872,11.62062,0.00,0.00
2016.12.09 16:52:46.358,11.61872,11.62071,0.00,0.00
2016.12.09 16:52:46.429,11.61888,11.62172,0.00,0.00
2016.12.09 16:52:46.533,11.61879,11.62161,0.00,0.00
2016.12.09 16:52:46.968,11.61898,11.62172,0.00,0.00
2016.12.09 16:52:47.178,11.61872,11.62152,0.00,0.00
2016.12.09 16:52:47.230,11.61872,11.62142,0.00,0.00
2016.12.09 16:52:47.431,11.61878,11.62162,0.00,0.00
2016.12.09 16:52:47.774,11.61872,11.62131,0.00,0.00
2016.12.09 16:52:47.875,11.61888,11.62172,0.00,0.00
2016.12.09 16:52:48.433,11.61872,11.62151,0.00,0.00
2016.12.09 16:52:48.792,11.61872,11.62132,0.00,0.00
2016.12.09 16:52:49.034,11.61872,11.62141,0.00,0.00
2016.12.09 16:52:50.955,11.61872,11.62122,0.00,0.00
2016.12.09 16:52:51.337,11.61872,11.62131,0.00,0.00
2016.12.09 16:52:51.445,11.61872,11.62112,0.00,0.00
2016.12.09 16:52:51.637,11.61872,11.62142,0.00,0.00
2016.12.09 16:52:52.740,11.61872,11.62131,0.00,0.00
2016.12.09 16:52:52.840,11.61872,11.62151,0.00,0.00
2016.12.09 16:52:55.085,11.61881,11.62151,0.00,0.00
2016.12.09 16:52:55.144,11.61881,11.62162,0.00,0.00
2016.12.09 16:52:55.245,11.61888,11.62172,0.00,0.00
2016.12.09 16:52:56.557,11.61881,11.62162,0.00,0.00
2016.12.09 16:52:57.749,11.61881,11.62152,0.00,0.00
2016.12.09 16:52:57.850,11.61881,11.62162,0.00,0.00
2016.12.09 16:52:57.997,11.61881,11.62151,0.00,0.00
2016.12.09 16:52:58.951,11.61881,11.62162,0.00,0.00
2016.12.09 16:52:59.753,11.61881,11.62132,0.00,0.00
2016.12.09 16:52:59.854,11.61888,11.62172,0.00,0.00
2016.12.09 16:52:59.953,11.61881,11.62141,0.00,0.00
2016.12.09 16:53:00.257,11.61898,11.62121,0.00,0.00
2016.12.09 16:53:00.308,11.61898,11.62172,0.00,0.00
2016.12.09 16:53:00.359,11.61891,11.62132,0.00,0.00
2016.12.09 16:53:00.717,11.61891,11.62161,0.00,0.00
2016.12.09 16:53:00.879,11.61891,11.62121,0.00,0.00
2016.12.09 16:53:01.256,11.61891,11.62142,0.00,0.00
2016.12.09 16:53:01.588,11.61891,11.62132,0.00,0.00
2016.12.09 16:53:01.940,11.61891,11.62122,0.00,0.00
2016.12.09 16:53:02.572,11.61891,11.62141,0.00,0.00
2016.12.09 16:53:03.490,11.61891,11.62132,0.00,0.00
2016.12.09 16:53:03.905,11.61891,11.62122,0.00,0.00
2016.12.09 16:53:04.169,11.61891,11.62161,0.00,0.00
2016.12.09 16:53:04.262,11.61891,11.62121,0.00,0.00
2016.12.09 16:53:04.565,11.61891,11.62152,0.00,0.00
2016.12.09 16:53:05.265,11.61891,11.62142,0.00,0.00
2016.12.09 16:53:06.064,11.61891,11.62162,0.00,0.00
2016.12.09 16:53:07.200,11.61891,11.62132,0.00,0.00
2016.12.09 16:53:07.450,11.61842,11.62121,0.00,0.00
2016.12.09 16:53:07.501,11.61841,11.62112,0.00,0.00
2016.12.09 16:53:07.819,11.61791,11.62051,0.00,0.00
2016.12.09 16:53:07.870,11.61791,11.62062,0.00,0.00
2016.12.09 16:53:08.089,11.61798,11.62072,0.00,0.00
2016.12.09 16:53:08.235,11.61791,11.62062,0.00,0.00
2016.12.09 16:53:08.581,11.61798,11.62072,0.00,0.00
2016.12.09 16:53:09.272,11.61809,11.62072,0.00,0.00
2016.12.09 16:53:09.330,11.61809,11.62091,0.00,0.00
2016.12.09 16:53:09.380,11.61832,11.62081,0.00,0.00
2016.12.09 16:53:09.481,11.61849,11.62121,0.00,0.00
2016.12.09 16:53:09.905,11.61832,11.62111,0.00,0.00
2016.12.09 16:53:10.008,11.61838,11.62121,0.00,0.00
2016.12.09 16:53:10.422,11.61832,11.62112,0.00,0.00
2016.12.09 16:53:10.676,11.61839,11.62121,0.00,0.00
2016.12.09 16:53:11.413,11.61832,11.62112,0.00,0.00
2016.12.09 16:53:11.778,11.61838,11.62121,0.00,0.00
2016.12.09 16:53:12.210,11.61832,11.62111,0.00,0.00
2016.12.09 16:53:12.788,11.61881,11.62122,0.00,0.00
2016.12.09 16:53:12.927,11.61881,11.62151,0.00,0.00
2016.12.09 16:53:13.479,11.61881,11.62141,0.00,0.00
2016.12.09 16:53:14.014,11.61881,11.62142,0.00,0.00
2016.12.09 16:53:14.391,11.61881,11.62162,0.00,0.00
2016.12.09 16:53:15.120,11.61888,11.62171,0.00,0.00
2016.12.09 16:53:15.229,11.61972,11.62171,0.00,0.00
2016.12.09 16:53:15.330,11.61972,11.62191,0.00,0.00
2016.12.09 16:53:15.430,11.61972,11.62221,0.00,0.00
2016.12.09 16:53:15.531,11.61972,11.62231,0.00,0.00
2016.12.09 16:53:16.130,11.61972,11.62211,0.00,0.00
2016.12.09 16:53:16.749,11.61929,11.62209,0.00,0.00
2016.12.09 16:53:16.850,11.61982,11.62192,0.00,0.00
2016.12.09 16:53:17.134,11.61982,11.62252,0.00,0.00
2016.12.09 16:53:17.189,11.61982,11.62222,0.00,0.00
2016.12.09 16:53:17.389,11.61982,11.62231,0.00,0.00
2016.12.09 16:53:17.500,11.61982,11.62221,0.00,0.00
2016.12.09 16:53:17.804,11.61982,11.62202,0.00,0.00
2016.12.09 16:53:17.891,11.61982,11.62212,0.00,0.00
2016.12.09 16:53:18.006,11.61982,11.62252,0.00,0.00
2016.12.09 16:53:18.229,11.61982,11.62211,0.00,0.00
2016.12.09 16:53:18.461,11.61982,11.62241,0.00,0.00
2016.12.09 16:53:19.352,11.61982,11.62222,0.00,0.00
2016.12.09 16:53:19.596,11.61981,11.62242,0.00,0.00
2016.12.09 16:53:20.397,11.61981,11.62231,0.00,0.00
2016.12.09 16:53:20.764,11.61981,11.62221,0.00,0.00
2016.12.09 16:53:21.645,11.61981,11.62252,0.00,0.00
2016.12.09 16:53:21.902,11.61981,11.62212,0.00,0.00
2016.12.09 16:53:22.334,11.61981,11.62202,0.00,0.00
2016.12.09 16:53:22.384,11.61941,11.62202,0.00,0.00
2016.12.09 16:53:22.468,11.61941,11.62191,0.00,0.00
2016.12.09 16:53:22.642,11.61899,11.62172,0.00,0.00
2016.12.09 16:53:22.704,11.61908,11.62172,0.00,0.00
2016.12.09 16:53:22.804,11.61891,11.62161,0.00,0.00
2016.12.09 16:53:22.904,11.61908,11.62172,0.00,0.00
2016.12.09 16:53:23.253,11.61899,11.62172,0.00,0.00
2016.12.09 16:53:23.305,11.61909,11.62172,0.00,0.00
2016.12.09 16:53:23.818,11.61891,11.62162,0.00,0.00
2016.12.09 16:53:23.932,11.61891,11.62151,0.00,0.00
2016.12.09 16:53:24.247,11.61898,11.62172,0.00,0.00
2016.12.09 16:53:24.408,11.61891,11.62172,0.00,0.00
2016.12.09 16:53:24.608,11.61899,11.62172,0.00,0.00
2016.12.09 16:53:25.227,11.61891,11.62142,0.00,0.00
2016.12.09 16:53:25.757,11.61891,11.62162,0.00,0.00
2016.12.09 16:53:26.396,11.61971,11.62162,0.00,0.00
2016.12.09 16:53:26.447,11.61971,11.62182,0.00,0.00
2016.12.09 16:53:26.548,11.61971,11.62241,0.00,0.00
2016.12.09 16:53:26.660,11.61971,11.62212,0.00,0.00
2016.12.09 16:53:26.715,11.61971,11.62242,0.00,0.00
2016.12.09 16:53:26.999,11.61958,11.62172,0.00,0.00
2016.12.09 16:53:27.050,11.61918,11.62172,0.00,0.00
2016.12.09 16:53:27.154,11.61891,11.62162,0.00,0.00
2016.12.09 16:53:27.360,11.61899,11.62172,0.00,0.00
2016.12.09 16:53:27.417,11.61908,11.62172,0.00,0.00
2016.12.09 16:53:27.517,11.61891,11.62162,0.00,0.00
2016.12.09 16:53:27.657,11.61891,11.62172,0.00,0.00
2016.12.09 16:53:28.135,11.61909,11.62172,0.00,0.00
2016.12.09 16:53:28.820,11.61891,11.62162,0.00,0.00
2016.12.09 16:53:28.966,11.61891,11.62132,0.00,0.00
2016.12.09 16:53:29.320,11.61891,11.62151,0.00,0.00
2016.12.09 16:53:29.420,11.61891,11.62132,0.00,0.00
2016.12.09 16:53:30.322,11.61891,11.62151,0.00,0.00
2016.12.09 16:53:31.724,11.61891,11.62122,0.00,0.00
2016.12.09 16:53:31.825,11.61891,11.62142,0.00,0.00
2016.12.09 16:53:32.225,11.61891,11.62122,0.00,0.00
2016.12.09 16:53:32.655,11.61891,11.62151,0.00,0.00
2016.12.09 16:53:32.948,11.61891,11.62142,0.00,0.00
2016.12.09 16:53:33.663,11.61881,11.62142,0.00,0.00
2016.12.09 16:53:33.766,11.61881,11.62151,0.00,0.00
2016.12.09 16:53:33.827,11.61881,11.62122,0.00,0.00
2016.12.09 16:53:33.964,11.61881,11.62151,0.00,0.00
2016.12.09 16:53:34.567,11.61881,11.62132,0.00,0.00
2016.12.09 16:53:34.629,11.61881,11.62152,0.00,0.00
2016.12.09 16:53:34.759,11.61881,11.62121,0.00,0.00
2016.12.09 16:53:34.829,11.61881,11.62142,0.00,0.00
2016.12.09 16:53:35.029,11.61881,11.62151,0.00,0.00
2016.12.09 16:53:36.550,11.61881,11.62162,0.00,0.00
2016.12.09 16:53:37.031,11.61878,11.62109,0.00,0.00
2016.12.09 16:53:37.082,11.61849,11.62109,0.00,0.00
2016.12.09 16:53:37.132,11.61849,11.62071,0.00,0.00
2016.12.09 16:53:37.183,11.61791,11.62061,0.00,0.00
2016.12.09 16:53:37.541,11.61791,11.62071,0.00,0.00
2016.12.09 16:53:37.642,11.61828,11.62071,0.00,0.00
2016.12.09 16:53:37.735,11.61819,11.62071,0.00,0.00
2016.12.09 16:53:37.935,11.61791,11.62051,0.00,0.00
2016.12.09 16:53:38.137,11.61791,11.62061,0.00,0.00
2016.12.09 16:53:38.405,11.61831,11.62061,0.00,0.00
2016.12.09 16:53:38.455,11.61831,11.62082,0.00,0.00
2016.12.09 16:53:38.536,11.61831,11.62108,0.00,0.00
2016.12.09 16:53:38.980,11.61831,11.62091,0.00,0.00
2016.12.09 16:53:39.037,11.61831,11.62108,0.00,0.00
2016.12.09 16:53:39.752,11.61831,11.62112,0.00,0.00
2016.12.09 16:53:40.379,11.61872,11.62091,0.00,0.00
2016.12.09 16:53:40.480,11.61872,11.62111,0.00,0.00
2016.12.09 16:53:40.539,11.61872,11.62141,0.00,0.00
2016.12.09 16:53:40.665,11.61872,11.62152,0.00,0.00
2016.12.09 16:53:40.984,11.61872,11.62131,0.00,0.00
2016.12.09 16:53:42.342,11.61872,11.62111,0.00,0.00
2016.12.09 16:53:42.651,11.61792,11.62052,0.00,0.00
2016.12.09 16:53:43.165,11.61792,11.62071,0.00,0.00
2016.12.09 16:53:43.254,11.61799,11.62071,0.00,0.00
2016.12.09 16:53:43.443,11.61792,11.62071,0.00,0.00
2016.12.09 16:53:44.202,11.61971,11.62071,0.00,0.00
2016.12.09 16:53:44.406,11.61989,11.62271,0.00,0.00
2016.12.09 16:53:44.681,11.61982,11.62252,0.00,0.00
2016.12.09 16:53:44.746,11.61989,11.62271,0.00,0.00
2016.12.09 16:53:44.848,11.61998,11.62282,0.00,0.00
2016.12.09 16:53:44.947,11.61989,11.62271,0.00,0.00
2016.12.09 16:53:45.260,11.62071,11.62308,0.00,0.00
2016.12.09 16:53:45.311,11.62071,11.62331,0.00,0.00
2016.12.09 16:53:45.487,11.62078,11.62362,0.00,0.00
2016.12.09 16:53:45.759,11.62071,11.62352,0.00,0.00
2016.12.09 16:53:45.848,11.62079,11.62361,0.00,0.00
2016.12.09 16:53:46.157,11.62071,11.62342,0.00,0.00
2016.12.09 16:53:46.349,11.62071,11.62351,0.00,0.00
2016.12.09 16:53:46.459,11.62098,11.62372,0.00,0.00
2016.12.09 16:53:46.750,11.62089,11.62371,0.00,0.00
2016.12.09 16:53:47.387,11.62071,11.62351,0.00,0.00
2016.12.09 16:53:47.779,11.62071,11.62332,0.00,0.00
2016.12.09 16:53:47.900,11.62078,11.62362,0.00,0.00
2016.12.09 16:53:48.001,11.62071,11.62342,0.00,0.00
2016.12.09 16:53:48.053,11.62088,11.62372,0.00,0.00
2016.12.09 16:53:48.103,11.62092,11.62372,0.00,0.00
2016.12.09 16:53:48.501,11.62092,11.62352,0.00,0.00
2016.12.09 16:53:48.904,11.62092,11.62332,0.00,0.00
2016.12.09 16:53:49.165,11.62092,11.62342,0.00,0.00
2016.12.09 16:53:49.355,11.62092,11.62361,0.00,0.00
2016.12.09 16:53:50.156,11.62092,11.62341,0.00,0.00
2016.12.09 16:53:50.515,11.62092,11.62322,0.00,0.00
2016.12.09 16:53:51.258,11.62092,11.62332,0.00,0.00
2016.12.09 16:53:51.687,11.62092,11.62352,0.00,0.00
2016.12.09 16:53:52.121,11.62068,11.62349,0.00,0.00
2016.12.09 16:53:52.171,11.62038,11.62308,0.00,0.00
2016.12.09 16:53:52.519,11.61992,11.62262,0.00,0.00
2016.12.09 16:53:52.861,11.61992,11.62271,0.00,0.00
2016.12.09 16:53:53.194,11.62009,11.62271,0.00,0.00
2016.12.09 16:53:53.462,11.61992,11.62261,0.00,0.00
2016.12.09 16:53:53.563,11.61992,11.62242,0.00,0.00
2016.12.09 16:53:53.667,11.61992,11.62262,0.00,0.00
2016.12.09 16:53:53.763,11.61992,11.62251,0.00,0.00
2016.12.09 16:53:54.013,11.61992,11.62261,0.00,0.00
2016.12.09 16:53:54.065,11.61998,11.62271,0.00,0.00
2016.12.09 16:53:54.365,11.61992,11.62242,0.00,0.00
2016.12.09 16:53:54.715,11.61981,11.62231,0.00,0.00
2016.12.09 16:53:54.766,11.61981,11.62252,0.00,0.00
2016.12.09 16:53:55.012,11.61981,11.62221,0.00,0.00
2016.12.09 16:53:55.289,11.61981,11.62251,0.00,0.00
2016.12.09 16:53:55.367,11.61981,11.62221,0.00,0.00
2016.12.09 16:53:55.470,11.61988,11.62271,0.00,0.00
2016.12.09 16:53:56.596,11.61969,11.62221,0.00,0.00
2016.12.09 16:53:56.697,11.61931,11.62212,0.00,0.00
2016.12.09 16:53:56.872,11.61959,11.62221,0.00,0.00
2016.12.09 16:53:57.070,11.61948,11.62221,0.00,0.00
2016.12.09 16:53:57.173,11.61958,11.62221,0.00,0.00
2016.12.09 16:53:57.645,11.61958,11.62209,0.00,0.00
2016.12.09 16:53:57.798,11.61892,11.62172,0.00,0.00
2016.12.09 16:53:58.189,11.61898,11.62172,0.00,0.00
2016.12.09 16:53:58.499,11.61928,11.62172,0.00,0.00
2016.12.09 16:54:00.610,11.61892,11.62161,0.00,0.00
2016.12.09 16:54:00.675,11.61908,11.62172,0.00,0.00
2016.12.09 16:54:01.394,11.61898,11.62172,0.00,0.00
2016.12.09 16:54:05.183,11.61908,11.62172,0.00,0.00
2016.12.09 16:54:05.310,11.61892,11.62172,0.00,0.00
2016.12.09 16:54:07.291,11.61908,11.62172,0.00,0.00
2016.12.09 16:54:07.384,11.61892,11.62172,0.00,0.00
2016.12.09 16:54:07.508,11.61908,11.62172,0.00,0.00
2016.12.09 16:54:07.860,11.61918,11.62158,0.00,0.00
2016.12.09 16:54:07.911,11.61848,11.62119,0.00,0.00
2016.12.09 16:54:08.012,11.61808,11.62072,0.00,0.00
2016.12.09 16:54:08.387,11.61801,11.62062,0.00,0.00
2016.12.09 16:54:08.487,11.61808,11.62072,0.00,0.00
2016.12.09 16:54:09.311,11.61801,11.62072,0.00,0.00
2016.12.09 16:54:10.289,11.61808,11.62072,0.00,0.00
2016.12.09 16:54:10.845,11.61808,11.62082,0.00,0.00
2016.12.09 16:54:10.901,11.61801,11.62071,0.00,0.00
2016.12.09 16:54:11.091,11.61809,11.62082,0.00,0.00
2016.12.09 16:54:11.540,11.61801,11.62081,0.00,0.00
2016.12.09 16:54:11.792,11.61808,11.62082,0.00,0.00
2016.12.09 16:54:13.544,11.61801,11.62082,0.00,0.00
2016.12.09 16:54:13.607,11.61801,11.62062,0.00,0.00
2016.12.09 16:54:13.954,11.61791,11.62042,0.00,0.00
2016.12.09 16:54:14.196,11.61791,11.62052,0.00,0.00
2016.12.09 16:54:14.397,11.61791,11.62072,0.00,0.00
2016.12.09 16:54:14.496,11.61791,11.62052,0.00,0.00
2016.12.09 16:54:14.610,11.61791,11.62071,0.00,0.00
2016.12.09 16:54:14.697,11.61791,11.62061,0.00,0.00
2016.12.09 16:54:15.099,11.61791,11.62041,0.00,0.00
2016.12.09 16:54:15.346,11.61791,11.62071,0.00,0.00
2016.12.09 16:54:16.099,11.61791,11.62061,0.00,0.00
2016.12.09 16:54:16.413,11.61781,11.62031,0.00,0.00
2016.12.09 16:54:16.464,11.61759,11.62031,0.00,0.00
2016.12.09 16:54:16.514,11.61742,11.62002,0.00,0.00
2016.12.09 16:54:16.624,11.61718,11.62002,0.00,0.00
2016.12.09 16:54:16.674,11.61718,11.61981,0.00,0.00
2016.12.09 16:54:16.775,11.61701,11.61982,0.00,0.00
2016.12.09 16:54:16.826,11.61738,11.61982,0.00,0.00
2016.12.09 16:54:17.002,11.61701,11.61981,0.00,0.00
2016.12.09 16:54:17.101,11.61728,11.61982,0.00,0.00
2016.12.09 16:54:17.201,11.61709,11.61982,0.00,0.00
2016.12.09 16:54:17.302,11.61728,11.61982,0.00,0.00
2016.12.09 16:54:17.802,11.61718,11.61982,0.00,0.00
2016.12.09 16:54:18.447,11.61718,11.62002,0.00,0.00
2016.12.09 16:54:18.497,11.61742,11.62002,0.00,0.00
2016.12.09 16:54:18.548,11.61742,11.62008,0.00,0.00
2016.12.09 16:54:18.652,11.61759,11.62008,0.00,0.00
2016.12.09 16:54:18.773,11.61781,11.62041,0.00,0.00
2016.12.09 16:54:18.824,11.61781,11.62061,0.00,0.00
2016.12.09 16:54:18.937,11.61798,11.62082,0.00,0.00
2016.12.09 16:54:19.004,11.61788,11.62072,0.00,0.00
2016.12.09 16:54:20.000,11.61788,11.62031,0.00,0.00
2016.12.09 16:54:20.051,11.61758,11.62031,0.00,0.00
2016.12.09 16:54:20.151,11.61742,11.62012,0.00,0.00
2016.12.09 16:54:20.206,11.61758,11.62032,0.00,0.00
2016.12.09 16:54:20.506,11.61742,11.62022,0.00,0.00
2016.12.09 16:54:20.607,11.61758,11.62032,0.00,0.00
2016.12.09 16:54:20.947,11.61702,11.61981,0.00,0.00
2016.12.09 16:54:21.248,11.61709,11.61982,0.00,0.00
2016.12.09 16:54:21.568,11.61702,11.61972,0.00,0.00
2016.12.09 16:54:22.652,11.61708,11.61982,0.00,0.00
2016.12.09 16:54:22.703,11.61741,11.61992,0.00,0.00
2016.12.09 16:54:22.753,11.61741,11.62009,0.00,0.00
2016.12.09 16:54:22.804,11.61729,11.61982,0.00,0.00
2016.12.09 16:54:22.911,11.61692,11.61972,0.00,0.00
2016.12.09 16:54:24.013,11.61718,11.61982,0.00,0.00
2016.12.09 16:54:24.345,11.61729,11.61981,0.00,0.00
2016.12.09 16:54:24.413,11.61698,11.61981,0.00,0.00
2016.12.09 16:54:25.056,11.61709,11.61981,0.00,0.00
2016.12.09 16:54:25.163,11.61691,11.61972,0.00,0.00
2016.12.09 16:54:25.950,11.61698,11.61981,0.00,0.00
2016.12.09 16:54:26.452,11.61719,11.61981,0.00,0.00
2016.12.09 16:54:26.516,11.61698,11.61981,0.00,0.00
2016.12.09 16:54:26.617,11.61691,11.61962,0.00,0.00
2016.12.09 16:54:26.988,11.61781,11.61962,0.00,0.00
2016.12.09 16:54:27.161,11.61781,11.62002,0.00,0.00
2016.12.09 16:54:27.262,11.61781,11.62062,0.00,0.00
2016.12.09 16:54:27.834,11.61781,11.62041,0.00,0.00
2016.12.09 16:54:28.166,11.61781,11.62031,0.00,0.00
2016.12.09 16:54:29.149,11.61781,11.62042,0.00,0.00
2016.12.09 16:54:29.548,11.61698,11.61982,0.00,0.00
2016.12.09 16:54:29.621,11.61692,11.61972,0.00,0.00
2016.12.09 16:54:30.339,11.61708,11.61982,0.00,0.00
2016.12.09 16:54:30.443,11.61699,11.61981,0.00,0.00
2016.12.09 16:54:30.522,11.61718,11.61982,0.00,0.00
2016.12.09 16:54:30.938,11.61698,11.61982,0.00,0.00
2016.12.09 16:54:31.324,11.61718,11.61982,0.00,0.00
2016.12.09 16:54:31.653,11.61748,11.61982,0.00,0.00
2016.12.09 16:54:31.947,11.61782,11.62032,0.00,0.00
2016.12.09 16:54:31.998,11.61758,11.62042,0.00,0.00
2016.12.09 16:54:32.048,11.61779,11.62061,0.00,0.00
2016.12.09 16:54:32.723,11.61779,11.62032,0.00,0.00
2016.12.09 16:54:32.774,11.61748,11.62032,0.00,0.00
2016.12.09 16:54:32.824,11.61748,11.61982,0.00,0.00
2016.12.09 16:54:32.875,11.61719,11.61982,0.00,0.00
2016.12.09 16:54:32.927,11.61708,11.61982,0.00,0.00
2016.12.09 16:54:33.755,11.61728,11.61982,0.00,0.00
2016.12.09 16:54:33.806,11.61728,11.61998,0.00,0.00
2016.12.09 16:54:33.856,11.61738,11.62008,0.00,0.00
2016.12.09 16:54:34.248,11.61748,11.62008,0.00,0.00
2016.12.09 16:54:34.389,11.61751,11.62032,0.00,0.00
2016.12.09 16:54:34.440,11.61751,11.62022,0.00,0.00
2016.12.09 16:54:34.530,11.61779,11.62061,0.00,0.00
2016.12.09 16:54:34.768,11.61758,11.62042,0.00,0.00
2016.12.09 16:54:34.869,11.61758,11.62031,0.00,0.00
2016.12.09 16:54:34.970,11.61798,11.62078,0.00,0.00
2016.12.09 16:54:35.073,11.61798,11.62081,0.00,0.00
2016.12.09 16:54:35.177,11.61808,11.62081,0.00,0.00
2016.12.09 16:54:35.362,11.61778,11.62062,0.00,0.00
2016.12.09 16:54:35.432,11.61799,11.62081,0.00,0.00
2016.12.09 16:54:35.699,11.61818,11.62102,0.00,0.00
2016.12.09 16:54:35.751,11.61858,11.62132,0.00,0.00
2016.12.09 16:54:36.169,11.61839,11.62121,0.00,0.00
2016.12.09 16:54:36.278,11.61858,11.62132,0.00,0.00
2016.12.09 16:54:36.447,11.61838,11.62122,0.00,0.00
2016.12.09 16:54:36.663,11.61859,11.62132,0.00,0.00
2016.12.09 16:54:36.940,11.61839,11.62121,0.00,0.00
2016.12.09 16:54:37.035,11.61808,11.62092,0.00,0.00
2016.12.09 16:54:37.336,11.61829,11.62111,0.00,0.00
2016.12.09 16:54:37.436,11.61838,11.62122,0.00,0.00
2016.12.09 16:54:37.937,11.61828,11.62112,0.00,0.00
2016.12.09 16:54:38.250,11.61839,11.62081,0.00,0.00
2016.12.09 16:54:38.358,11.61798,11.62081,0.00,0.00
2016.12.09 16:54:38.637,11.61808,11.62081,0.00,0.00
2016.12.09 16:54:40.457,11.61788,11.62072,0.00,0.00
2016.12.09 16:54:40.600,11.61779,11.62061,0.00,0.00
2016.12.09 16:54:41.442,11.61789,11.62071,0.00,0.00
2016.12.09 16:54:41.575,11.61778,11.62062,0.00,0.00
2016.12.09 16:54:42.257,11.61788,11.62072,0.00,0.00
2016.12.09 16:54:42.688,11.61778,11.62032,0.00,0.00
2016.12.09 16:54:42.866,11.61758,11.62042,0.00,0.00
2016.12.09 16:54:42.944,11.61788,11.62059,0.00,0.00
2016.12.09 16:54:43.345,11.61778,11.62059,0.00,0.00
2016.12.09 16:54:43.426,11.61778,11.61998,0.00,0.00
2016.12.09 16:54:43.477,11.61758,11.62042,0.00,0.00
2016.12.09 16:54:43.528,11.61758,11.62031,0.00,0.00
2016.12.09 16:54:43.578,11.61712,11.61992,0.00,0.00
2016.12.09 16:54:43.646,11.61718,11.62002,0.00,0.00
2016.12.09 16:54:44.063,11.61738,11.62022,0.00,0.00
2016.12.09 16:54:44.374,11.61778,11.62062,0.00,0.00
2016.12.09 16:54:44.777,11.61729,11.62011,0.00,0.00
2016.12.09 16:54:45.173,11.61738,11.62022,0.00,0.00
2016.12.09 16:54:47.165,11.61728,11.62012,0.00,0.00
2016.12.09 16:54:48.135,11.61752,11.62012,0.00,0.00
2016.12.09 16:54:48.186,11.61752,11.62031,0.00,0.00
2016.12.09 16:54:48.253,11.61788,11.62072,0.00,0.00
2016.12.09 16:54:49.405,11.61779,11.62061,0.00,0.00
2016.12.09 16:54:49.799,11.61839,11.62121,0.00,0.00
2016.12.09 16:54:50.059,11.61828,11.62112,0.00,0.00
2016.12.09 16:54:50.164,11.61838,11.62122,0.00,0.00
2016.12.09 16:54:50.538,11.61819,11.62082,0.00,0.00
2016.12.09 16:54:50.589,11.61799,11.62081,0.00,0.00
2016.12.09 16:54:50.689,11.61751,11.62032,0.00,0.00
2016.12.09 16:54:50.896,11.61698,11.61982,0.00,0.00
2016.12.09 16:54:50.997,11.61679,11.61961,0.00,0.00
2016.12.09 16:54:51.263,11.61698,11.61982,0.00,0.00
2016.12.09 16:54:51.393,11.61758,11.61982,0.00,0.00
2016.12.09 16:54:51.444,11.61758,11.62031,0.00,0.00
2016.12.09 16:54:51.664,11.61728,11.62012,0.00,0.00
2016.12.09 16:54:51.715,11.61752,11.62012,0.00,0.00
2016.12.09 16:54:51.766,11.61752,11.62022,0.00,0.00
2016.12.09 16:54:51.866,11.61779,11.62059,0.00,0.00
2016.12.09 16:54:52.159,11.61779,11.62061,0.00,0.00
2016.12.09 16:54:52.297,11.61759,11.62041,0.00,0.00
2016.12.09 16:54:52.490,11.61778,11.62062,0.00,0.00
2016.12.09 16:54:52.567,11.61752,11.62021,0.00,0.00
2016.12.09 16:54:52.870,11.61708,11.61982,0.00,0.00
2016.12.09 16:54:52.971,11.61698,11.61982,0.00,0.00
2016.12.09 16:54:53.171,11.61659,11.61941,0.00,0.00
2016.12.09 16:54:53.501,11.61679,11.61961,0.00,0.00
2016.12.09 16:54:53.914,11.61688,11.61972,0.00,0.00
2016.12.09 16:54:53.971,11.61699,11.61981,0.00,0.00
2016.12.09 16:54:54.194,11.61658,11.61942,0.00,0.00
2016.12.09 16:54:54.672,11.61678,11.61962,0.00,0.00
2016.12.09 16:54:55.010,11.61688,11.61899,0.00,0.00
2016.12.09 16:54:55.111,11.61589,11.61871,0.00,0.00
2016.12.09 16:54:55.211,11.61578,11.61862,0.00,0.00
2016.12.09 16:54:55.274,11.61628,11.61881,0.00,0.00
2016.12.09 16:54:55.416,11.61609,11.61881,0.00,0.00
2016.12.09 16:54:56.294,11.61588,11.61872,0.00,0.00
2016.12.09 16:54:56.420,11.61629,11.61881,0.00,0.00
2016.12.09 16:54:56.523,11.61588,11.61872,0.00,0.00
2016.12.09 16:54:56.625,11.61578,11.61862,0.00,0.00
2016.12.09 16:54:57.033,11.61568,11.61852,0.00,0.00
2016.12.09 16:54:57.335,11.61538,11.61822,0.00,0.00
2016.12.09 16:54:57.669,11.61569,11.61832,0.00,0.00
2016.12.09 16:54:57.719,11.61548,11.61832,0.00,0.00
2016.12.09 16:54:57.770,11.61548,11.61782,0.00,0.00
2016.12.09 16:54:57.820,11.61498,11.61782,0.00,0.00
2016.12.09 16:54:58.082,11.61509,11.61782,0.00,0.00
2016.12.09 16:54:58.133,11.61512,11.61791,0.00,0.00
2016.12.09 16:54:58.183,11.61559,11.61832,0.00,0.00
2016.12.09 16:54:58.284,11.61548,11.61831,0.00,0.00
2016.12.09 16:54:58.939,11.61548,11.61832,0.00,0.00
2016.12.09 16:54:58.990,11.61561,11.61801,0.00,0.00
2016.12.09 16:54:59.110,11.61609,11.61882,0.00,0.00
2016.12.09 16:54:59.885,11.61618,11.61882,0.00,0.00
2016.12.09 16:55:00.186,11.61589,11.61871,0.00,0.00
2016.12.09 16:55:00.286,11.61579,11.61861,0.00,0.00
2016.12.09 16:55:00.607,11.61569,11.61851,0.00,0.00
2016.12.09 16:55:01.184,11.61579,11.61858,0.00,0.00
2016.12.09 16:55:01.505,11.61569,11.61851,0.00,0.00
2016.12.09 16:55:01.606,11.61561,11.61832,0.00,0.00
2016.12.09 16:55:02.078,11.61552,11.61832,0.00,0.00
2016.12.09 16:55:02.128,11.61569,11.61832,0.00,0.00
2016.12.09 16:55:02.179,11.61569,11.61851,0.00,0.00
2016.12.09 16:55:02.229,11.61551,11.61821,0.00,0.00
2016.12.09 16:55:02.289,11.61551,11.61832,0.00,0.00
2016.12.09 16:55:02.409,11.61578,11.61862,0.00,0.00
2016.12.09 16:55:02.520,11.61589,11.61871,0.00,0.00
2016.12.09 16:55:03.056,11.61588,11.61872,0.00,0.00
2016.12.09 16:55:03.599,11.61589,11.61871,0.00,0.00
2016.12.09 16:55:03.709,11.61558,11.61842,0.00,0.00
2016.12.09 16:55:03.834,11.61549,11.61788,0.00,0.00
2016.12.09 16:55:03.892,11.61478,11.61762,0.00,0.00
2016.12.09 16:55:03.993,11.61468,11.61752,0.00,0.00
2016.12.09 16:55:04.374,11.61488,11.61772,0.00,0.00
2016.12.09 16:55:04.937,11.61499,11.61781,0.00,0.00
2016.12.09 16:55:05.267,11.61489,11.61771,0.00,0.00
2016.12.09 16:55:05.500,11.61498,11.61782,0.00,0.00
2016.12.09 16:55:05.636,11.61489,11.61771,0.00,0.00
2016.12.09 16:55:06.108,11.61478,11.61762,0.00,0.00
2016.12.09 16:55:06.504,11.61498,11.61782,0.00,0.00
2016.12.09 16:55:07.053,11.61489,11.61771,0.00,0.00
2016.12.09 16:55:07.356,11.61499,11.61781,0.00,0.00
2016.12.09 16:55:07.745,11.61488,11.61772,0.00,0.00
2016.12.09 16:55:07.807,11.61509,11.61788,0.00,0.00
2016.12.09 16:55:08.745,11.61499,11.61781,0.00,0.00
2016.12.09 16:55:08.809,11.61519,11.61788,0.00,0.00
2016.12.09 16:55:09.110,11.61488,11.61772,0.00,0.00
2016.12.09 16:55:09.212,11.61498,11.61782,0.00,0.00
2016.12.09 16:55:09.745,11.61488,11.61772,0.00,0.00
2016.12.09 16:55:10.153,11.61498,11.61782,0.00,0.00
2016.12.09 16:55:10.462,11.61579,11.61859,0.00,0.00
2016.12.09 16:55:10.563,11.61561,11.61842,0.00,0.00
2016.12.09 16:55:10.613,11.61561,11.61831,0.00,0.00
2016.12.09 16:55:10.735,11.61578,11.61859,0.00,0.00
2016.12.09 16:55:10.837,11.61588,11.61859,0.00,0.00
2016.12.09 16:55:10.953,11.61578,11.61859,0.00,0.00
2016.12.09 16:55:11.015,11.61561,11.61831,0.00,0.00
2016.12.09 16:55:11.247,11.61569,11.61851,0.00,0.00
2016.12.09 16:55:11.315,11.61561,11.61832,0.00,0.00
2016.12.09 16:55:12.763,11.61578,11.61862,0.00,0.00
2016.12.09 16:55:12.818,11.61588,11.61872,0.00,0.00
2016.12.09 16:55:13.660,11.61598,11.61882,0.00,0.00
2016.12.09 16:55:14.288,11.61611,11.61882,0.00,0.00
2016.12.09 16:55:14.539,11.61658,11.61942,0.00,0.00
2016.12.09 16:55:14.640,11.61688,11.61959,0.00,0.00
2016.12.09 16:55:14.842,11.61651,11.61932,0.00,0.00
2016.12.09 16:55:15.123,11.61658,11.61942,0.00,0.00
2016.12.09 16:55:15.268,11.61688,11.61959,0.00,0.00
2016.12.09 16:55:15.369,11.61679,11.61959,0.00,0.00
2016.12.09 16:55:15.633,11.61651,11.61921,0.00,0.00
2016.12.09 16:55:15.734,11.61651,11.61932,0.00,0.00
2016.12.09 16:55:15.970,11.61651,11.61911,0.00,0.00
2016.12.09 16:55:16.026,11.61651,11.61931,0.00,0.00
2016.12.09 16:55:16.076,11.61661,11.61931,0.00,0.00
2016.12.09 16:55:16.127,11.61649,11.61931,0.00,0.00
2016.12.09 16:55:16.228,11.61611,11.61891,0.00,0.00
2016.12.09 16:55:16.677,11.61609,11.61891,0.00,0.00
2016.12.09 16:55:16.728,11.61589,11.61871,0.00,0.00
2016.12.09 16:55:17.229,11.61571,11.61852,0.00,0.00
2016.12.09 16:55:17.540,11.61571,11.61821,0.00,0.00
2016.12.09 16:55:17.668,11.61571,11.61851,0.00,0.00
2016.12.09 16:55:17.729,11.61588,11.61872,0.00,0.00
2016.12.09 16:55:17.890,11.61652,11.61872,0.00,0.00
2016.12.09 16:55:17.941,11.61652,11.61881,0.00,0.00
2016.12.09 16:55:18.042,11.61678,11.61909,0.00,0.00
2016.12.09 16:55:18.215,11.61678,11.61962,0.00,0.00
2016.12.09 16:55:18.745,11.61652,11.61912,0.00,0.00
2016.12.09 16:55:18.869,11.61652,11.61922,0.00,0.00
2016.12.09 16:55:18.970,11.61669,11.61951,0.00,0.00
2016.12.09 16:55:19.176,11.61678,11.61962,0.00,0.00
2016.12.09 16:55:19.233,11.61688,11.61972,0.00,0.00
2016.12.09 16:55:19.541,11.61698,11.61982,0.00,0.00
2016.12.09 16:55:19.894,11.61659,11.61941,0.00,0.00
2016.12.09 16:55:20.216,11.61639,11.61898,0.00,0.00
2016.12.09 16:55:20.267,11.61578,11.61862,0.00,0.00
2016.12.09 16:55:20.335,11.61572,11.61852,0.00,0.00
2016.12.09 16:55:20.541,11.61578,11.61862,0.00,0.00
2016.12.09 16:55:20.642,11.61572,11.61842,0.00,0.00
2016.12.09 16:55:20.878,11.61578,11.61862,0.00,0.00
2016.12.09 16:55:21.845,11.61599,11.61881,0.00,0.00
2016.12.09 16:55:22.185,11.61618,11.61898,0.00,0.00
2016.12.09 16:55:22.481,11.61598,11.61882,0.00,0.00
2016.12.09 16:55:23.961,11.61651,11.61872,0.00,0.00
2016.12.09 16:55:24.189,11.61679,11.61959,0.00,0.00
2016.12.09 16:55:24.842,11.61658,11.61942,0.00,0.00
2016.12.09 16:55:25.056,11.61651,11.61932,0.00,0.00
2016.12.09 16:55:25.744,11.61658,11.61942,0.00,0.00
2016.12.09 16:55:25.955,11.61679,11.61961,0.00,0.00
2016.12.09 16:55:26.257,11.61699,11.61981,0.00,0.00
2016.12.09 16:55:26.470,11.61688,11.61972,0.00,0.00
2016.12.09 16:55:26.545,11.61698,11.61982,0.00,0.00
2016.12.09 16:55:27.456,11.61678,11.61962,0.00,0.00
2016.12.09 16:55:27.765,11.61759,11.62041,0.00,0.00
2016.12.09 16:55:28.147,11.61752,11.62012,0.00,0.00
2016.12.09 16:55:28.247,11.61728,11.61998,0.00,0.00
2016.12.09 16:55:28.297,11.61759,11.62012,0.00,0.00
2016.12.09 16:55:28.348,11.61751,11.62012,0.00,0.00
2016.12.09 16:55:28.449,11.61751,11.62022,0.00,0.00
2016.12.09 16:55:28.547,11.61769,11.62051,0.00,0.00
2016.12.09 16:55:29.563,11.61751,11.62032,0.00,0.00
2016.12.09 16:55:29.664,11.61768,11.62052,0.00,0.00
2016.12.09 16:55:29.765,11.61768,11.62038,0.00,0.00
2016.12.09 16:55:29.866,11.61678,11.61962,0.00,0.00
2016.12.09 16:55:29.972,11.61668,11.61952,0.00,0.00
2016.12.09 16:55:30.388,11.61661,11.61932,0.00,0.00
2016.12.09 16:55:30.451,11.61708,11.61992,0.00,0.00
2016.12.09 16:55:31.054,11.61669,11.61951,0.00,0.00
2016.12.09 16:55:31.664,11.61668,11.61952,0.00,0.00
2016.12.09 16:55:32.376,11.61689,11.61971,0.00,0.00
2016.12.09 16:55:33.646,11.61701,11.61971,0.00,0.00
2016.12.09 16:55:33.696,11.61708,11.61992,0.00,0.00
2016.12.09 16:55:33.804,11.61729,11.62009,0.00,0.00
2016.12.09 16:55:34.156,11.61701,11.61982,0.00,0.00
2016.12.09 16:55:34.280,11.61698,11.61982,0.00,0.00
2016.12.09 16:55:34.406,11.61688,11.61972,0.00,0.00
2016.12.09 16:55:34.757,11.61699,11.61981,0.00,0.00
2016.12.09 16:55:34.959,11.61668,11.61952,0.00,0.00
2016.12.09 16:55:35.190,11.61698,11.61982,0.00,0.00
2016.12.09 16:55:35.558,11.61709,11.61988,0.00,0.00
2016.12.09 16:55:35.664,11.61689,11.61971,0.00,0.00
2016.12.09 16:55:36.361,11.61662,11.61932,0.00,0.00
2016.12.09 16:55:36.460,11.61689,11.61971,0.00,0.00
2016.12.09 16:55:37.170,11.61668,11.61952,0.00,0.00
2016.12.09 16:55:37.497,11.61708,11.61988,0.00,0.00
2016.12.09 16:55:37.762,11.61699,11.61981,0.00,0.00
2016.12.09 16:55:37.884,11.61742,11.61991,0.00,0.00
2016.12.09 16:55:37.985,11.61748,11.62032,0.00,0.00
2016.12.09 16:55:38.086,11.61768,11.62052,0.00,0.00
2016.12.09 16:55:38.482,11.61679,11.61961,0.00,0.00
2016.12.09 16:55:38.980,11.61699,11.61981,0.00,0.00
2016.12.09 16:55:39.328,11.61662,11.61942,0.00,0.00
2016.12.09 16:55:39.889,11.61662,11.61932,0.00,0.00
2016.12.09 16:55:40.288,11.61678,11.61962,0.00,0.00
2016.12.09 16:55:41.705,11.61668,11.61952,0.00,0.00
2016.12.09 16:55:42.818,11.61662,11.61931,0.00,0.00
2016.12.09 16:55:43.771,11.61668,11.61952,0.00,0.00
2016.12.09 16:55:45.474,11.61679,11.61961,0.00,0.00
2016.12.09 16:55:45.579,11.61698,11.61982,0.00,0.00
2016.12.09 16:55:46.785,11.61678,11.61962,0.00,0.00
2016.12.09 16:55:47.243,11.61662,11.61942,0.00,0.00
2016.12.09 16:55:49.126,11.61669,11.61951,0.00,0.00
2016.12.09 16:55:49.484,11.61679,11.61961,0.00,0.00
2016.12.09 16:55:49.818,11.61708,11.61992,0.00,0.00
2016.12.09 16:55:50.108,11.61698,11.61982,0.00,0.00
2016.12.09 16:55:50.522,11.61719,11.61998,0.00,0.00
2016.12.09 16:55:50.846,11.61751,11.62001,0.00,0.00
2016.12.09 16:55:50.896,11.61751,11.62032,0.00,0.00
2016.12.09 16:55:51.061,11.61779,11.62059,0.00,0.00
2016.12.09 16:55:51.383,11.61751,11.62032,0.00,0.00
2016.12.09 16:55:51.683,11.61759,11.62041,0.00,0.00
2016.12.09 16:55:51.968,11.61759,11.61999,0.00,0.00
2016.12.09 16:55:52.019,11.61749,11.61999,0.00,0.00
2016.12.09 16:55:52.084,11.61688,11.61972,0.00,0.00
2016.12.09 16:55:52.228,11.61699,11.61981,0.00,0.00
2016.12.09 16:55:52.535,11.61728,11.61999,0.00,0.00
2016.12.09 16:55:53.310,11.61708,11.61992,0.00,0.00
2016.12.09 16:55:53.482,11.61699,11.61981,0.00,0.00
2016.12.09 16:55:53.784,11.61851,11.62058,0.00,0.00
2016.12.09 16:55:53.984,11.61879,11.62161,0.00,0.00
2016.12.09 16:55:54.889,11.61861,11.62142,0.00,0.00
2016.12.09 16:55:54.988,11.61899,11.62181,0.00,0.00
2016.12.09 16:55:55.316,11.61899,11.62099,0.00,0.00
2016.12.09 16:55:55.621,11.61771,11.62041,0.00,0.00
2016.12.09 16:55:55.794,11.61771,11.62051,0.00,0.00
2016.12.09 16:55:56.291,11.61778,11.62062,0.00,0.00
2016.12.09 16:55:56.435,11.61798,11.62082,0.00,0.00
2016.12.09 16:55:57.512,11.61778,11.62062,0.00,0.00
2016.12.09 16:56:00.044,11.61771,11.62052,0.00,0.00
2016.12.09 16:56:00.368,11.61771,11.62041,0.00,0.00
2016.12.09 16:56:00.418,11.61788,11.62072,0.00,0.00
2016.12.09 16:56:00.496,11.61798,11.62082,0.00,0.00
2016.12.09 16:56:02.043,11.61788,11.62072,0.00,0.00
2016.12.09 16:56:02.380,11.61798,11.62082,0.00,0.00
2016.12.09 16:56:02.788,11.61788,11.62072,0.00,0.00
2016.12.09 16:56:03.737,11.61778,11.62062,0.00,0.00
2016.12.09 16:56:05.938,11.61789,11.62071,0.00,0.00
2016.12.09 16:56:06.307,11.61771,11.62052,0.00,0.00
2016.12.09 16:56:06.506,11.61778,11.62062,0.00,0.00
2016.12.09 16:56:06.606,11.61771,11.62041,0.00,0.00
2016.12.09 16:56:10.812,11.61779,11.62061,0.00,0.00
2016.12.09 16:56:11.322,11.61771,11.62052,0.00,0.00
2016.12.09 16:56:11.726,11.61771,11.62031,0.00,0.00
2016.12.09 16:56:11.827,11.61738,11.61999,0.00,0.00
2016.12.09 16:56:11.878,11.61751,11.62022,0.00,0.00
2016.12.09 16:56:11.928,11.61751,11.61982,0.00,0.00
2016.12.09 16:56:12.014,11.61751,11.62021,0.00,0.00
2016.12.09 16:56:12.114,11.61779,11.62058,0.00,0.00
2016.12.09 16:56:12.315,11.61751,11.62032,0.00,0.00
2016.12.09 16:56:12.415,11.61758,11.62042,0.00,0.00
2016.12.09 16:56:14.839,11.61778,11.62062,0.00,0.00
2016.12.09 16:56:15.158,11.61751,11.62032,0.00,0.00
2016.12.09 16:56:15.242,11.61769,11.62051,0.00,0.00
2016.12.09 16:56:15.319,11.61778,11.62062,0.00,0.00
2016.12.09 16:56:16.020,11.61758,11.62042,0.00,0.00
2016.12.09 16:56:16.397,11.61768,11.62052,0.00,0.00
2016.12.09 16:56:16.721,11.61699,11.61981,0.00,0.00
2016.12.09 16:56:16.772,11.61688,11.61972,0.00,0.00
2016.12.09 16:56:16.822,11.61669,11.61932,0.00,0.00
2016.12.09 16:56:16.939,11.61698,11.61982,0.00,0.00
2016.12.09 16:56:17.257,11.61751,11.61992,0.00,0.00
2016.12.09 16:56:17.357,11.61729,11.62011,0.00,0.00
2016.12.09 16:56:17.458,11.61748,11.62032,0.00,0.00
2016.12.09 16:56:17.559,11.61728,11.62012,0.00,0.00
2016.12.09 16:56:17.864,11.61758,11.62042,0.00,0.00
2016.12.09 16:56:18.350,11.61751,11.62022,0.00,0.00
2016.12.09 16:56:18.424,11.61758,11.62042,0.00,0.00
2016.12.09 16:56:18.475,11.61758,11.61999,0.00,0.00
2016.12.09 16:56:18.525,11.61738,11.61999,0.00,0.00
2016.12.09 16:56:18.674,11.61688,11.61972,0.00,0.00
2016.12.09 16:56:19.426,11.61699,11.61981,0.00,0.00
2016.12.09 16:56:20.756,11.61712,11.61981,0.00,0.00
2016.12.09 16:56:20.857,11.61718,11.62002,0.00,0.00
2016.12.09 16:56:20.959,11.61739,11.62021,0.00,0.00
2016.12.09 16:56:22.330,11.61729,11.62011,0.00,0.00
2016.12.09 16:56:23.398,11.61751,11.62011,0.00,0.00
2016.12.09 16:56:23.449,11.61751,11.62032,0.00,0.00
2016.12.09 16:56:23.532,11.61778,11.62062,0.00,0.00
2016.12.09 16:56:23.751,11.61798,11.62082,0.00,0.00
2016.12.09 16:56:24.279,11.61751,11.62032,0.00,0.00
2016.12.09 16:56:24.333,11.61788,11.62072,0.00,0.00
2016.12.09 16:56:24.934,11.61808,11.62089,0.00,0.00
2016.12.09 16:56:25.547,11.61778,11.62062,0.00,0.00
2016.12.09 16:56:25.674,11.61751,11.62032,0.00,0.00
2016.12.09 16:56:26.584,11.61759,11.62041,0.00,0.00
2016.12.09 16:56:26.636,11.61798,11.62082,0.00,0.00
2016.12.09 16:56:28.654,11.61788,11.62072,0.00,0.00
2016.12.09 16:56:28.955,11.61799,11.62081,0.00,0.00
2016.12.09 16:56:29.060,11.61788,11.62072,0.00,0.00
2016.12.09 16:56:29.111,11.61788,11.61998,0.00,0.00
2016.12.09 16:56:29.161,11.61778,11.61998,0.00,0.00
2016.12.09 16:56:29.240,11.61678,11.61962,0.00,0.00
2016.12.09 16:56:29.340,11.61662,11.61931,0.00,0.00
2016.12.09 16:56:29.460,11.61662,11.61941,0.00,0.00
2016.12.09 16:56:30.042,11.61668,11.61952,0.00,0.00
2016.12.09 16:56:30.661,11.61689,11.61949,0.00,0.00
2016.12.09 16:56:30.762,11.61629,11.61899,0.00,0.00
2016.12.09 16:56:30.867,11.61578,11.61862,0.00,0.00
2016.12.09 16:56:30.918,11.61652,11.61862,0.00,0.00
2016.12.09 16:56:30.968,11.61652,11.61871,0.00,0.00
2016.12.09 16:56:31.044,11.61668,11.61952,0.00,0.00
2016.12.09 16:56:31.095,11.61668,11.61898,0.00,0.00
2016.12.09 16:56:31.145,11.61628,11.61898,0.00,0.00
2016.12.09 16:56:31.247,11.61562,11.61842,0.00,0.00
2016.12.09 16:56:31.316,11.61569,11.61842,0.00,0.00
2016.12.09 16:56:31.627,11.61639,11.61909,0.00,0.00
2016.12.09 16:56:31.884,11.61669,11.61951,0.00,0.00
2016.12.09 16:56:32.046,11.61651,11.61932,0.00,0.00
2016.12.09 16:56:32.147,11.61658,11.61942,0.00,0.00
2016.12.09 16:56:32.656,11.61681,11.61942,0.00,0.00
2016.12.09 16:56:33.156,11.61681,11.61952,0.00,0.00
2016.12.09 16:56:33.262,11.61688,11.61899,0.00,0.00
2016.12.09 16:56:33.373,11.61609,11.61891,0.00,0.00
2016.12.09 16:56:33.448,11.61629,11.61899,0.00,0.00
2016.12.09 16:56:34.256,11.61672,11.61932,0.00,0.00
2016.12.09 16:56:34.368,11.61672,11.61952,0.00,0.00
2016.12.09 16:56:34.477,11.61679,11.61958,0.00,0.00
2016.12.09 16:56:34.614,11.61689,11.61971,0.00,0.00
2016.12.09 16:56:36.151,11.61672,11.61942,0.00,0.00
2016.12.09 16:56:36.532,11.61632,11.61891,0.00,0.00
2016.12.09 16:56:36.674,11.61598,11.61882,0.00,0.00
2016.12.09 16:56:36.884,11.61582,11.61862,0.00,0.00
2016.12.09 16:56:37.178,11.61608,11.61892,0.00,0.00
2016.12.09 16:56:37.659,11.61582,11.61862,0.00,0.00
2016.12.09 16:56:38.155,11.61599,11.61881,0.00,0.00
2016.12.09 16:56:38.263,11.61582,11.61861,0.00,0.00
2016.12.09 16:56:38.666,11.61598,11.61882,0.00,0.00
2016.12.09 16:56:38.977,11.61619,11.61882,0.00,0.00
2016.12.09 16:56:39.182,11.61678,11.61962,0.00,0.00
2016.12.09 16:56:39.284,11.61671,11.61951,0.00,0.00
2016.12.09 16:56:39.984,11.61771,11.61931,0.00,0.00
2016.12.09 16:56:40.098,11.61771,11.62012,0.00,0.00
2016.12.09 16:56:40.158,11.61771,11.62042,0.00,0.00
2016.12.09 16:56:40.493,11.61771,11.62021,0.00,0.00
2016.12.09 16:56:40.902,11.61771,11.62002,0.00,0.00
2016.12.09 16:56:40.998,11.61771,11.62021,0.00,0.00
2016.12.09 16:56:42.409,11.61771,11.62012,0.00,0.00
2016.12.09 16:56:42.862,11.61771,11.62021,0.00,0.00
2016.12.09 16:56:44.264,11.61771,11.62042,0.00,0.00
2016.12.09 16:56:44.736,11.61758,11.62042,0.00,0.00
2016.12.09 16:56:44.786,11.61729,11.61999,0.00,0.00
2016.12.09 16:56:45.065,11.61768,11.62052,0.00,0.00
2016.12.09 16:56:45.998,11.61762,11.62022,0.00,0.00
2016.12.09 16:56:46.267,11.61762,11.62031,0.00,0.00
2016.12.09 16:56:46.367,11.61768,11.62052,0.00,0.00
2016.12.09 16:56:48.096,11.61762,11.62042,0.00,0.00
2016.12.09 16:56:48.169,11.61779,11.62061,0.00,0.00
2016.12.09 16:56:48.220,11.61781,11.62061,0.00,0.00
2016.12.09 16:56:48.311,11.61799,11.62081,0.00,0.00
2016.12.09 16:56:48.370,11.61808,11.62092,0.00,0.00
2016.12.09 16:56:48.671,11.61781,11.62061,0.00,0.00
2016.12.09 16:56:49.274,11.61781,11.62042,0.00,0.00
2016.12.09 16:56:49.985,11.61798,11.62082,0.00,0.00
2016.12.09 16:56:50.114,11.61809,11.62091,0.00,0.00
2016.12.09 16:56:50.314,11.61788,11.62072,0.00,0.00
2016.12.09 16:56:51.686,11.61781,11.62051,0.00,0.00
2016.12.09 16:56:55.085,11.61781,11.62042,0.00,0.00
2016.12.09 16:56:55.193,11.61798,11.62082,0.00,0.00
2016.12.09 16:56:55.309,11.61808,11.62092,0.00,0.00
2016.12.09 16:56:55.621,11.61789,11.62071,0.00,0.00
2016.12.09 16:56:57.091,11.61781,11.62041,0.00,0.00
2016.12.09 16:56:57.817,11.61781,11.62051,0.00,0.00
2016.12.09 16:56:57.885,11.61799,11.62081,0.00,0.00
2016.12.09 16:56:58.499,11.61788,11.62072,0.00,0.00
2016.12.09 16:56:59.586,11.61781,11.62041,0.00,0.00
2016.12.09 16:57:00.115,11.61781,11.62052,0.00,0.00
2016.12.09 16:57:00.187,11.61781,11.62032,0.00,0.00
2016.12.09 16:57:00.288,11.61781,11.62052,0.00,0.00
2016.12.09 16:57:00.390,11.61798,11.62082,0.00,0.00
2016.12.09 16:57:00.696,11.61781,11.62062,0.00,0.00
2016.12.09 16:57:01.069,11.61781,11.62032,0.00,0.00
2016.12.09 16:57:01.398,11.61638,11.61922,0.00,0.00
2016.12.09 16:57:01.642,11.61631,11.61912,0.00,0.00
2016.12.09 16:57:02.238,11.61638,11.61922,0.00,0.00
2016.12.09 16:57:02.291,11.61668,11.61949,0.00,0.00
2016.12.09 16:57:02.922,11.61639,11.61921,0.00,0.00
2016.12.09 16:57:03.369,11.61639,11.61899,0.00,0.00
2016.12.09 16:57:03.520,11.61629,11.61899,0.00,0.00
2016.12.09 16:57:03.592,11.61588,11.61872,0.00,0.00
2016.12.09 16:57:04.022,11.61621,11.61871,0.00,0.00
2016.12.09 16:57:04.123,11.61621,11.61881,0.00,0.00
2016.12.09 16:57:04.174,11.61661,11.61881,0.00,0.00
2016.12.09 16:57:04.224,11.61668,11.61952,0.00,0.00
2016.12.09 16:57:04.325,11.61678,11.61962,0.00,0.00
2016.12.09 16:57:04.672,11.61669,11.61951,0.00,0.00
2016.12.09 16:57:04.823,11.61678,11.61962,0.00,0.00
2016.12.09 16:57:04.995,11.61661,11.61932,0.00,0.00
2016.12.09 16:57:05.198,11.61669,11.61951,0.00,0.00
2016.12.09 16:57:05.496,11.61679,11.61961,0.00,0.00
2016.12.09 16:57:06.097,11.61661,11.61932,0.00,0.00
2016.12.09 16:57:06.609,11.61669,11.61951,0.00,0.00
2016.12.09 16:57:06.698,11.61678,11.61962,0.00,0.00
2016.12.09 16:57:06.935,11.61668,11.61952,0.00,0.00
2016.12.09 16:57:07.365,11.61661,11.61932,0.00,0.00
2016.12.09 16:57:07.415,11.61678,11.61962,0.00,0.00
2016.12.09 16:57:07.704,11.61668,11.61952,0.00,0.00
2016.12.09 16:57:09.548,11.61661,11.61932,0.00,0.00
2016.12.09 16:57:10.410,11.61669,11.61951,0.00,0.00
2016.12.09 16:57:10.501,11.61678,11.61962,0.00,0.00
2016.12.09 16:57:15.138,11.61678,11.61958,0.00,0.00
2016.12.09 16:57:15.339,11.61598,11.61882,0.00,0.00
2016.12.09 16:57:15.642,11.61588,11.61872,0.00,0.00
2016.12.09 16:57:16.022,11.61581,11.61862,0.00,0.00
2016.12.09 16:57:16.134,11.61599,11.61881,0.00,0.00
2016.12.09 16:57:16.235,11.61589,11.61871,0.00,0.00
2016.12.09 16:57:16.582,11.61609,11.61891,0.00,0.00
2016.12.09 16:57:16.910,11.61599,11.61881,0.00,0.00
2016.12.09 16:57:17.252,11.61581,11.61861,0.00,0.00
2016.12.09 16:57:17.310,11.61598,11.61882,0.00,0.00
2016.12.09 16:57:17.444,11.61608,11.61892,0.00,0.00
2016.12.09 16:57:19.013,11.61588,11.61872,0.00,0.00
2016.12.09 16:57:19.483,11.61598,11.61882,0.00,0.00
2016.12.09 16:57:19.853,11.61581,11.61862,0.00,0.00
2016.12.09 16:57:20.338,11.61608,11.61892,0.00,0.00
2016.12.09 16:57:20.419,11.61598,11.61882,0.00,0.00
2016.12.09 16:57:21.021,11.61588,11.61872,0.00,0.00
2016.12.09 16:57:22.260,11.61581,11.61861,0.00,0.00
2016.12.09 16:57:22.807,11.61581,11.61852,0.00,0.00
2016.12.09 16:57:23.827,11.61598,11.61882,0.00,0.00
2016.12.09 16:57:24.753,11.61581,11.61862,0.00,0.00
2016.12.09 16:57:26.831,11.61598,11.61882,0.00,0.00
2016.12.09 16:57:26.932,11.61618,11.61899,0.00,0.00
2016.12.09 16:57:27.457,11.61629,11.61899,0.00,0.00
2016.12.09 16:57:27.869,11.61638,11.61899,0.00,0.00
2016.12.09 16:57:28.259,11.61598,11.61882,0.00,0.00
2016.12.09 16:57:28.385,11.61589,11.61871,0.00,0.00
2016.12.09 16:57:28.690,11.61618,11.61899,0.00,0.00
2016.12.09 16:57:29.037,11.61589,11.61871,0.00,0.00
2016.12.09 16:57:29.285,11.61618,11.61899,0.00,0.00
2016.12.09 16:57:29.438,11.61589,11.61871,0.00,0.00
2016.12.09 16:57:29.569,11.61581,11.61852,0.00,0.00
2016.12.09 16:57:30.340,11.61588,11.61872,0.00,0.00
2016.12.09 16:57:31.349,11.61588,11.61821,0.00,0.00
2016.12.09 16:57:31.551,11.61528,11.61799,0.00,0.00
2016.12.09 16:57:31.943,11.61549,11.61799,0.00,0.00
2016.12.09 16:57:32.183,11.61528,11.61799,0.00,0.00
2016.12.09 16:57:32.291,11.61519,11.61799,0.00,0.00
2016.12.09 16:57:32.344,11.61509,11.61791,0.00,0.00
2016.12.09 16:57:32.458,11.61538,11.61799,0.00,0.00
2016.12.09 16:57:32.959,11.61528,11.61799,0.00,0.00
2016.12.09 16:57:33.075,11.61528,11.61699,0.00,0.00
2016.12.09 16:57:33.146,11.61509,11.61699,0.00,0.00
2016.12.09 16:57:33.246,11.61409,11.61691,0.00,0.00
2016.12.09 16:57:33.471,11.61418,11.61699,0.00,0.00
2016.12.09 16:57:33.647,11.61399,11.61681,0.00,0.00
2016.12.09 16:57:33.762,11.61381,11.61661,0.00,0.00
2016.12.09 16:57:34.089,11.61418,11.61699,0.00,0.00
2016.12.09 16:57:34.191,11.61418,11.61672,0.00,0.00
2016.12.09 16:57:34.393,11.61329,11.61599,0.00,0.00
2016.12.09 16:57:34.500,11.61349,11.61609,0.00,0.00
2016.12.09 16:57:34.814,11.61398,11.61609,0.00,0.00
2016.12.09 16:57:34.915,11.61398,11.61682,0.00,0.00
2016.12.09 16:57:34.965,11.61418,11.61689,0.00,0.00
2016.12.09 16:57:35.183,11.61379,11.61661,0.00,0.00
2016.12.09 16:57:35.290,11.61371,11.61641,0.00,0.00
2016.12.09 16:57:35.355,11.61378,11.61662,0.00,0.00
2016.12.09 16:57:35.456,11.61409,11.61689,0.00,0.00
2016.12.09 16:57:35.802,11.61368,11.61639,0.00,0.00
2016.12.09 16:57:36.357,11.61388,11.61639,0.00,0.00
2016.12.09 16:57:36.457,11.61368,11.61639,0.00,0.00
2016.12.09 16:57:37.045,11.61368,11.61599,0.00,0.00
2016.12.09 16:57:37.298,11.61318,11.61599,0.00,0.00
2016.12.09 16:57:37.508,11.61349,11.61599,0.00,0.00
2016.12.09 16:57:37.560,11.61308,11.61592,0.00,0.00
2016.12.09 16:57:37.693,11.61288,11.61572,0.00,0.00
2016.12.09 16:57:38.087,11.61319,11.61599,0.00,0.00
2016.12.09 16:57:38.435,11.61338,11.61599,0.00,0.00
2016.12.09 16:57:38.486,11.61299,11.61581,0.00,0.00
2016.12.09 16:57:38.589,11.61289,11.61571,0.00,0.00
2016.12.09 16:57:38.908,11.61308,11.61588,0.00,0.00
2016.12.09 16:57:39.365,11.61288,11.61572,0.00,0.00
2016.12.09 16:57:39.483,11.61338,11.61588,0.00,0.00
2016.12.09 16:57:39.866,11.61309,11.61588,0.00,0.00
2016.12.09 16:57:40.166,11.61298,11.61582,0.00,0.00
2016.12.09 16:57:40.267,11.61328,11.61588,0.00,0.00
2016.12.09 16:57:40.477,11.61319,11.61588,0.00,0.00
2016.12.09 16:57:40.590,11.61298,11.61582,0.00,0.00
2016.12.09 16:57:40.668,11.61288,11.61572,0.00,0.00
2016.12.09 16:57:40.969,11.61339,11.61588,0.00,0.00
2016.12.09 16:57:41.070,11.61328,11.61588,0.00,0.00
2016.12.09 16:57:41.171,11.61362,11.61631,0.00,0.00
2016.12.09 16:57:41.272,11.61409,11.61691,0.00,0.00
2016.12.09 16:57:41.373,11.61439,11.61698,0.00,0.00
2016.12.09 16:57:41.598,11.61418,11.61698,0.00,0.00
2016.12.09 16:57:41.783,11.61382,11.61652,0.00,0.00
2016.12.09 16:57:41.899,11.61389,11.61671,0.00,0.00
2016.12.09 16:57:42.122,11.61382,11.61652,0.00,0.00
2016.12.09 16:57:42.414,11.61382,11.61661,0.00,0.00
2016.12.09 16:57:42.522,11.61382,11.61652,0.00,0.00
2016.12.09 16:57:42.875,11.61409,11.61691,0.00,0.00
2016.12.09 16:57:43.197,11.61382,11.61661,0.00,0.00
2016.12.09 16:57:43.499,11.61382,11.61652,0.00,0.00
2016.12.09 16:57:43.812,11.61389,11.61671,0.00,0.00
2016.12.09 16:57:44.277,11.61409,11.61691,0.00,0.00
2016.12.09 16:57:44.679,11.61388,11.61672,0.00,0.00
2016.12.09 16:57:45.180,11.61382,11.61652,0.00,0.00
2016.12.09 16:57:45.622,11.61398,11.61682,0.00,0.00
2016.12.09 16:57:45.681,11.61418,11.61698,0.00,0.00
2016.12.09 16:57:46.889,11.61428,11.61698,0.00,0.00
2016.12.09 16:57:47.184,11.61419,11.61698,0.00,0.00
2016.12.09 16:57:47.786,11.61398,11.61682,0.00,0.00
2016.12.09 16:57:47.902,11.61418,11.61698,0.00,0.00
2016.12.09 16:57:48.324,11.61418,11.61609,0.00,0.00
2016.12.09 16:57:48.429,11.61389,11.61609,0.00,0.00
2016.12.09 16:57:48.530,11.61308,11.61592,0.00,0.00
2016.12.09 16:57:48.589,11.61298,11.61582,0.00,0.00
2016.12.09 16:57:48.900,11.61308,11.61592,0.00,0.00
2016.12.09 16:57:49.212,11.61388,11.61659,0.00,0.00
2016.12.09 16:57:49.585,11.61408,11.61659,0.00,0.00
2016.12.09 16:57:49.835,11.61378,11.61662,0.00,0.00
2016.12.09 16:57:50.392,11.61388,11.61672,0.00,0.00
2016.12.09 16:57:51.635,11.61408,11.61689,0.00,0.00
2016.12.09 16:57:52.008,11.61378,11.61662,0.00,0.00
2016.12.09 16:57:52.115,11.61419,11.61689,0.00,0.00
2016.12.09 16:57:52.300,11.61379,11.61661,0.00,0.00
2016.12.09 16:57:52.404,11.61398,11.61658,0.00,0.00
2016.12.09 16:57:52.513,11.61378,11.61658,0.00,0.00
2016.12.09 16:57:52.710,11.61409,11.61658,0.00,0.00
2016.12.09 16:57:52.919,11.61369,11.61648,0.00,0.00
2016.12.09 16:57:52.970,11.61371,11.61651,0.00,0.00
2016.12.09 16:57:53.020,11.61371,11.61631,0.00,0.00
2016.12.09 16:57:53.342,11.61409,11.61658,0.00,0.00
2016.12.09 16:57:53.655,11.61398,11.61509,0.00,0.00
2016.12.09 16:57:53.734,11.61289,11.61509,0.00,0.00
2016.12.09 16:57:53.929,11.61319,11.61509,0.00,0.00
2016.12.09 16:57:53.999,11.61298,11.61509,0.00,0.00
2016.12.09 16:57:54.144,11.61289,11.61509,0.00,0.00
2016.12.09 16:57:54.199,11.61271,11.61509,0.00,0.00
2016.12.09 16:57:54.250,11.61271,11.61552,0.00,0.00
2016.12.09 16:57:54.367,11.61288,11.61572,0.00,0.00
2016.12.09 16:57:54.417,11.61299,11.61581,0.00,0.00
2016.12.09 16:57:54.830,11.61279,11.61561,0.00,0.00
2016.12.09 16:57:55.153,11.61328,11.61599,0.00,0.00
2016.12.09 16:57:55.429,11.61298,11.61582,0.00,0.00
2016.12.09 16:57:55.533,11.61289,11.61571,0.00,0.00
2016.12.09 16:57:55.636,11.61278,11.61562,0.00,0.00
2016.12.09 16:57:56.103,11.61289,11.61571,0.00,0.00
2016.12.09 16:57:56.239,11.61308,11.61592,0.00,0.00
2016.12.09 16:57:56.504,11.61278,11.61562,0.00,0.00
2016.12.09 16:57:56.813,11.61319,11.61599,0.00,0.00
2016.12.09 16:57:57.073,11.61308,11.61592,0.00,0.00
2016.12.09 16:57:57.229,11.61288,11.61572,0.00,0.00
2016.12.09 16:57:57.706,11.61278,11.61562,0.00,0.00
2016.12.09 16:57:58.100,11.61271,11.61552,0.00,0.00
2016.12.09 16:57:58.218,11.61288,11.61572,0.00,0.00
2016.12.09 16:57:58.309,11.61271,11.61551,0.00,0.00
2016.12.09 16:57:58.729,11.61308,11.61592,0.00,0.00
2016.12.09 16:57:59.120,11.61298,11.61582,0.00,0.00
2016.12.09 16:58:00.114,11.61279,11.61561,0.00,0.00
2016.12.09 16:58:00.265,11.61268,11.61552,0.00,0.00
2016.12.09 16:58:00.315,11.61259,11.61541,0.00,0.00
2016.12.09 16:58:00.457,11.61248,11.61532,0.00,0.00
2016.12.09 16:58:00.633,11.61279,11.61558,0.00,0.00
2016.12.09 16:58:01.094,11.61279,11.61521,0.00,0.00
2016.12.09 16:58:01.245,11.61208,11.61492,0.00,0.00
2016.12.09 16:58:01.595,11.61232,11.61492,0.00,0.00
2016.12.09 16:58:01.719,11.61278,11.61548,0.00,0.00
2016.12.09 16:58:01.952,11.61258,11.61542,0.00,0.00
2016.12.09 16:58:02.058,11.61258,11.61508,0.00,0.00
2016.12.09 16:58:02.159,11.61238,11.61508,0.00,0.00
2016.12.09 16:58:02.220,11.61208,11.61492,0.00,0.00
2016.12.09 16:58:02.496,11.61231,11.61492,0.00,0.00
2016.12.09 16:58:02.547,11.61238,11.61508,0.00,0.00
2016.12.09 16:58:02.647,11.61279,11.61508,0.00,0.00
2016.12.09 16:58:03.064,11.61299,11.61508,0.00,0.00
2016.12.09 16:58:03.118,11.61299,11.61581,0.00,0.00
2016.12.09 16:58:03.169,11.61309,11.61591,0.00,0.00
2016.12.09 16:58:03.515,11.61281,11.61562,0.00,0.00
2016.12.09 16:58:03.727,11.61309,11.61591,0.00,0.00
2016.12.09 16:58:03.840,11.61281,11.61551,0.00,0.00
2016.12.09 16:58:03.890,11.61269,11.61551,0.00,0.00
2016.12.09 16:58:04.129,11.61288,11.61572,0.00,0.00
2016.12.09 16:58:04.832,11.61279,11.61561,0.00,0.00
2016.12.09 16:58:05.253,11.61268,11.61552,0.00,0.00
2016.12.09 16:58:05.584,11.61268,11.61521,0.00,0.00
2016.12.09 16:58:05.836,11.61199,11.61481,0.00,0.00
2016.12.09 16:58:06.158,11.61179,11.61461,0.00,0.00
2016.12.09 16:58:06.539,11.61239,11.61488,0.00,0.00
2016.12.09 16:58:06.866,11.61249,11.61488,0.00,0.00
2016.12.09 16:58:06.967,11.61238,11.61488,0.00,0.00
2016.12.09 16:58:07.068,11.61258,11.61488,0.00,0.00
2016.12.09 16:58:07.140,11.61238,11.61488,0.00,0.00
2016.12.09 16:58:07.341,11.61218,11.61488,0.00,0.00
2016.12.09 16:58:07.482,11.61209,11.61488,0.00,0.00
2016.12.09 16:58:07.583,11.61218,11.61488,0.00,0.00
2016.12.09 16:58:07.893,11.61278,11.61562,0.00,0.00
2016.12.09 16:58:07.944,11.61299,11.61569,0.00,0.00
2016.12.09 16:58:08.091,11.61289,11.61569,0.00,0.00
2016.12.09 16:58:08.146,11.61258,11.61542,0.00,0.00
2016.12.09 16:58:08.246,11.61298,11.61569,0.00,0.00
2016.12.09 16:58:08.560,11.61268,11.61552,0.00,0.00
2016.12.09 16:58:08.747,11.61288,11.61569,0.00,0.00
2016.12.09 16:58:10.300,11.61269,11.61551,0.00,0.00
2016.12.09 16:58:10.487,11.61299,11.61569,0.00,0.00
2016.12.09 16:58:10.588,11.61278,11.61562,0.00,0.00
2016.12.09 16:58:10.652,11.61299,11.61569,0.00,0.00
2016.12.09 16:58:11.068,11.61288,11.61569,0.00,0.00
2016.12.09 16:58:11.180,11.61308,11.61569,0.00,0.00
2016.12.09 16:58:11.369,11.61289,11.61571,0.00,0.00
2016.12.09 16:58:11.456,11.61309,11.61589,0.00,0.00
2016.12.09 16:58:12.258,11.61328,11.61589,0.00,0.00
2016.12.09 16:58:12.369,11.61298,11.61582,0.00,0.00
2016.12.09 16:58:12.472,11.61289,11.61571,0.00,0.00
2016.12.09 16:58:12.573,11.61268,11.61552,0.00,0.00
2016.12.09 16:58:12.704,11.61288,11.61572,0.00,0.00
2016.12.09 16:58:13.062,11.61318,11.61589,0.00,0.00
2016.12.09 16:58:13.714,11.61278,11.61562,0.00,0.00
2016.12.09 16:58:14.067,11.61308,11.61589,0.00,0.00
2016.12.09 16:58:14.376,11.61369,11.61651,0.00,0.00
2016.12.09 16:58:15.070,11.61379,11.61658,0.00,0.00
2016.12.09 16:58:15.418,11.61352,11.61631,0.00,0.00
2016.12.09 16:58:15.728,11.61351,11.61621,0.00,0.00
2016.12.09 16:58:16.117,11.61368,11.61652,0.00,0.00
2016.12.09 16:58:16.272,11.61378,11.61662,0.00,0.00
2016.12.09 16:58:16.673,11.61369,11.61609,0.00,0.00
2016.12.09 16:58:17.174,11.61351,11.61609,0.00,0.00
2016.12.09 16:58:17.300,11.61358,11.61642,0.00,0.00
2016.12.09 16:58:17.418,11.61358,11.61628,0.00,0.00
2016.12.09 16:58:17.574,11.61329,11.61611,0.00,0.00
2016.12.09 16:58:17.814,11.61358,11.61628,0.00,0.00
2016.12.09 16:58:18.114,11.61358,11.61642,0.00,0.00
2016.12.09 16:58:18.215,11.61368,11.61652,0.00,0.00
2016.12.09 16:58:18.576,11.61389,11.61669,0.00,0.00
2016.12.09 16:58:18.884,11.61358,11.61642,0.00,0.00
2016.12.09 16:58:19.090,11.61368,11.61652,0.00,0.00
2016.12.09 16:58:19.409,11.61388,11.61669,0.00,0.00
2016.12.09 16:58:19.513,11.61368,11.61652,0.00,0.00
2016.12.09 16:58:19.788,11.61388,11.61669,0.00,0.00
2016.12.09 16:58:20.408,11.61408,11.61669,0.00,0.00
2016.12.09 16:58:20.696,11.61378,11.61662,0.00,0.00
2016.12.09 16:58:20.780,11.61418,11.61669,0.00,0.00
2016.12.09 16:58:20.962,11.61398,11.61669,0.00,0.00
2016.12.09 16:58:21.013,11.61411,11.61682,0.00,0.00
2016.12.09 16:58:21.214,11.61469,11.61751,0.00,0.00
2016.12.09 16:58:21.328,11.61478,11.61762,0.00,0.00
2016.12.09 16:58:21.783,11.61468,11.61752,0.00,0.00
2016.12.09 16:58:22.606,11.61468,11.61728,0.00,0.00
2016.12.09 16:58:22.784,11.61438,11.61722,0.00,0.00
2016.12.09 16:58:23.083,11.61448,11.61728,0.00,0.00
2016.12.09 16:58:23.134,11.61438,11.61722,0.00,0.00
2016.12.09 16:58:23.185,11.61428,11.61712,0.00,0.00
2016.12.09 16:58:23.579,11.61438,11.61722,0.00,0.00
2016.12.09 16:58:24.033,11.61429,11.61711,0.00,0.00
2016.12.09 16:58:24.543,11.61429,11.61709,0.00,0.00
2016.12.09 16:58:24.909,11.61448,11.61709,0.00,0.00
2016.12.09 16:58:25.331,11.61458,11.61709,0.00,0.00
2016.12.09 16:58:25.382,11.61458,11.61742,0.00,0.00
2016.12.09 16:58:25.432,11.61451,11.61721,0.00,0.00
2016.12.09 16:58:25.489,11.61468,11.61752,0.00,0.00
2016.12.09 16:58:25.690,11.61451,11.61732,0.00,0.00
2016.12.09 16:58:26.204,11.61451,11.61722,0.00,0.00
2016.12.09 16:58:26.541,11.61428,11.61689,0.00,0.00
2016.12.09 16:58:26.592,11.61379,11.61661,0.00,0.00
2016.12.09 16:58:26.795,11.61389,11.61671,0.00,0.00
2016.12.09 16:58:27.523,11.61388,11.61672,0.00,0.00
2016.12.09 16:58:28.030,11.61379,11.61661,0.00,0.00
2016.12.09 16:58:28.385,11.61459,11.61689,0.00,0.00
2016.12.09 16:58:28.436,11.61428,11.61689,0.00,0.00
2016.12.09 16:58:28.538,11.61458,11.61689,0.00,0.00
2016.12.09 16:58:28.594,11.61388,11.61672,0.00,0.00
2016.12.09 16:58:29.227,11.61398,11.61682,0.00,0.00
2016.12.09 16:58:29.542,11.61428,11.61689,0.00,0.00
2016.12.09 16:58:29.896,11.61398,11.61682,0.00,0.00
2016.12.09 16:58:30.297,11.61389,11.61671,0.00,0.00
2016.12.09 16:58:30.598,11.61428,11.61689,0.00,0.00
2016.12.09 16:58:30.739,11.61438,11.61709,0.00,0.00
2016.12.09 16:58:30.789,11.61461,11.61722,0.00,0.00
2016.12.09 16:58:30.840,11.61461,11.61731,0.00,0.00
2016.12.09 16:58:30.898,11.61461,11.61741,0.00,0.00
2016.12.09 16:58:32.901,11.61461,11.61731,0.00,0.00
2016.12.09 16:58:33.101,11.61461,11.61742,0.00,0.00
2016.12.09 16:58:33.152,11.61458,11.61742,0.00,0.00
2016.12.09 16:58:33.227,11.61442,11.61722,0.00,0.00
2016.12.09 16:58:33.301,11.61468,11.61752,0.00,0.00
2016.12.09 16:58:33.428,11.61459,11.61741,0.00,0.00
2016.12.09 16:58:34.212,11.61448,11.61732,0.00,0.00
2016.12.09 16:58:34.313,11.61428,11.61712,0.00,0.00
2016.12.09 16:58:34.623,11.61449,11.61731,0.00,0.00
2016.12.09 16:58:36.005,11.61458,11.61742,0.00,0.00
2016.12.09 16:58:36.635,11.61448,11.61732,0.00,0.00
2016.12.09 16:58:37.018,11.61468,11.61752,0.00,0.00
2016.12.09 16:58:37.332,11.61442,11.61722,0.00,0.00
2016.12.09 16:58:37.707,11.61448,11.61732,0.00,0.00
2016.12.09 16:58:38.608,11.61458,11.61742,0.00,0.00
2016.12.09 16:58:38.958,11.61448,11.61732,0.00,0.00
2016.12.09 16:58:39.283,11.61459,11.61741,0.00,0.00
2016.12.09 16:58:39.409,11.61478,11.61762,0.00,0.00
2016.12.09 16:58:40.511,11.61469,11.61751,0.00,0.00
2016.12.09 16:58:41.548,11.61479,11.61761,0.00,0.00
2016.12.09 16:58:41.813,11.61468,11.61752,0.00,0.00
2016.12.09 16:58:41.913,11.61449,11.61731,0.00,0.00
2016.12.09 16:58:42.228,11.61489,11.61771,0.00,0.00
2016.12.09 16:58:42.618,11.61508,11.61788,0.00,0.00
2016.12.09 16:58:42.732,11.61488,11.61772,0.00,0.00
2016.12.09 16:58:42.833,11.61469,11.61751,0.00,0.00
2016.12.09 16:58:45.318,11.61479,11.61761,0.00,0.00
2016.12.09 16:58:45.656,11.61448,11.61732,0.00,0.00
2016.12.09 16:58:45.765,11.61468,11.61752,0.00,0.00
2016.12.09 16:58:46.331,11.61448,11.61732,0.00,0.00
2016.12.09 16:58:47.264,11.61468,11.61752,0.00,0.00
2016.12.09 16:58:47.697,11.61448,11.61732,0.00,0.00
2016.12.09 16:58:48.134,11.61469,11.61751,0.00,0.00
2016.12.09 16:58:48.227,11.61448,11.61732,0.00,0.00
2016.12.09 16:58:48.538,11.61488,11.61772,0.00,0.00
2016.12.09 16:58:48.839,11.61442,11.61721,0.00,0.00
2016.12.09 16:58:49.050,11.61468,11.61752,0.00,0.00
2016.12.09 16:58:49.131,11.61479,11.61761,0.00,0.00
2016.12.09 16:58:49.354,11.61468,11.61752,0.00,0.00
2016.12.09 16:58:49.463,11.61478,11.61762,0.00,0.00
2016.12.09 16:58:50.373,11.61468,11.61752,0.00,0.00
2016.12.09 16:58:50.737,11.61478,11.61762,0.00,0.00
2016.12.09 16:58:51.177,11.61442,11.61722,0.00,0.00
2016.12.09 16:58:51.239,11.61458,11.61742,0.00,0.00
2016.12.09 16:58:52.743,11.61468,11.61752,0.00,0.00
2016.12.09 16:58:53.044,11.61479,11.61761,0.00,0.00
2016.12.09 16:58:53.544,11.61469,11.61751,0.00,0.00
2016.12.09 16:58:53.745,11.61488,11.61772,0.00,0.00
2016.12.09 16:58:53.948,11.61469,11.61751,0.00,0.00
2016.12.09 16:58:54.049,11.61448,11.61732,0.00,0.00
2016.12.09 16:58:54.533,11.61528,11.61732,0.00,0.00
2016.12.09 16:58:54.584,11.61528,11.61762,0.00,0.00
2016.12.09 16:58:54.685,11.61498,11.61782,0.00,0.00
2016.12.09 16:58:54.946,11.61469,11.61751,0.00,0.00
2016.12.09 16:58:55.152,11.61458,11.61742,0.00,0.00
2016.12.09 16:58:55.968,11.61468,11.61752,0.00,0.00
2016.12.09 16:58:56.663,11.61488,11.61772,0.00,0.00
2016.12.09 16:58:57.561,11.61459,11.61741,0.00,0.00
2016.12.09 16:58:58.040,11.61541,11.61741,0.00,0.00
2016.12.09 16:58:58.090,11.61541,11.61782,0.00,0.00
2016.12.09 16:58:58.191,11.61569,11.61851,0.00,0.00
2016.12.09 16:58:58.466,11.61541,11.61822,0.00,0.00
2016.12.09 16:58:58.705,11.61559,11.61841,0.00,0.00
2016.12.09 16:59:00.272,11.61541,11.61822,0.00,0.00
2016.12.09 16:59:00.373,11.61569,11.61851,0.00,0.00
2016.12.09 16:59:00.602,11.61558,11.61842,0.00,0.00
2016.12.09 16:59:00.781,11.61541,11.61821,0.00,0.00
2016.12.09 16:59:00.920,11.61569,11.61851,0.00,0.00
2016.12.09 16:59:01.177,11.61558,11.61842,0.00,0.00
2016.12.09 16:59:01.379,11.61579,11.61861,0.00,0.00
2016.12.09 16:59:01.484,11.61558,11.61842,0.00,0.00
2016.12.09 16:59:01.592,11.61549,11.61831,0.00,0.00
2016.12.09 16:59:01.900,11.61478,11.61708,0.00,0.00
2016.12.09 16:59:02.001,11.61408,11.61692,0.00,0.00
2016.12.09 16:59:02.231,11.61438,11.61708,0.00,0.00
2016.12.09 16:59:02.392,11.61418,11.61702,0.00,0.00
2016.12.09 16:59:02.528,11.61388,11.61672,0.00,0.00
2016.12.09 16:59:02.893,11.61398,11.61682,0.00,0.00
2016.12.09 16:59:04.000,11.61428,11.61708,0.00,0.00
2016.12.09 16:59:04.246,11.61408,11.61692,0.00,0.00
2016.12.09 16:59:04.306,11.61399,11.61681,0.00,0.00
2016.12.09 16:59:04.645,11.61408,11.61692,0.00,0.00
2016.12.09 16:59:04.696,11.61399,11.61681,0.00,0.00
2016.12.09 16:59:04.897,11.61408,11.61692,0.00,0.00
2016.12.09 16:59:05.164,11.61441,11.61692,0.00,0.00
2016.12.09 16:59:05.214,11.61441,11.61712,0.00,0.00
2016.12.09 16:59:05.315,11.61488,11.61759,0.00,0.00
2016.12.09 16:59:05.417,11.61478,11.61759,0.00,0.00
2016.12.09 16:59:05.898,11.61458,11.61742,0.00,0.00
2016.12.09 16:59:05.999,11.61468,11.61752,0.00,0.00
2016.12.09 16:59:06.308,11.61489,11.61759,0.00,0.00
2016.12.09 16:59:06.421,11.61458,11.61742,0.00,0.00
2016.12.09 16:59:06.818,11.61469,11.61751,0.00,0.00
2016.12.09 16:59:06.931,11.61458,11.61742,0.00,0.00
2016.12.09 16:59:07.339,11.61478,11.61762,0.00,0.00
2016.12.09 16:59:07.662,11.61459,11.61741,0.00,0.00
2016.12.09 16:59:07.712,11.61448,11.61732,0.00,0.00
2016.12.09 16:59:08.402,11.61469,11.61751,0.00,0.00
2016.12.09 16:59:08.540,11.61488,11.61772,0.00,0.00
2016.12.09 16:59:08.602,11.61469,11.61751,0.00,0.00
2016.12.09 16:59:09.003,11.61488,11.61772,0.00,0.00
2016.12.09 16:59:10.307,11.61468,11.61752,0.00,0.00
2016.12.09 16:59:11.074,11.61488,11.61772,0.00,0.00
2016.12.09 16:59:11.451,11.61469,11.61751,0.00,0.00
2016.12.09 16:59:11.629,11.61498,11.61782,0.00,0.00
2016.12.09 16:59:12.513,11.61478,11.61762,0.00,0.00
2016.12.09 16:59:12.827,11.61449,11.61731,0.00,0.00
2016.12.09 16:59:13.154,11.61498,11.61759,0.00,0.00
2016.12.09 16:59:13.655,11.61479,11.61759,0.00,0.00
2016.12.09 16:59:13.716,11.61448,11.61732,0.00,0.00
2016.12.09 16:59:14.137,11.61469,11.61749,0.00,0.00
2016.12.09 16:59:14.460,11.61688,11.61972,0.00,0.00
2016.12.09 16:59:14.517,11.61669,11.61951,0.00,0.00
2016.12.09 16:59:14.643,11.61678,11.61962,0.00,0.00
2016.12.09 16:59:14.818,11.61668,11.61952,0.00,0.00
2016.12.09 16:59:15.139,11.61652,11.61921,0.00,0.00
2016.12.09 16:59:15.219,11.61652,11.61932,0.00,0.00
2016.12.09 16:59:15.442,11.61678,11.61962,0.00,0.00
2016.12.09 16:59:15.520,11.61689,11.61971,0.00,0.00
2016.12.09 16:59:15.825,11.61588,11.61872,0.00,0.00
2016.12.09 16:59:16.221,11.61598,11.61882,0.00,0.00
2016.12.09 16:59:16.573,11.61578,11.61862,0.00,0.00
2016.12.09 16:59:16.905,11.61598,11.61882,0.00,0.00
2016.12.09 16:59:17.234,11.61568,11.61852,0.00,0.00
2016.12.09 16:59:17.566,11.61599,11.61881,0.00,0.00
2016.12.09 16:59:19.125,11.61589,11.61871,0.00,0.00
2016.12.09 16:59:19.258,11.61568,11.61852,0.00,0.00
2016.12.09 16:59:19.325,11.61579,11.61861,0.00,0.00
2016.12.09 16:59:20.153,11.61598,11.61882,0.00,0.00
2016.12.09 16:59:20.827,11.61579,11.61861,0.00,0.00
2016.12.09 16:59:23.031,11.61568,11.61852,0.00,0.00
2016.12.09 16:59:23.138,11.61558,11.61842,0.00,0.00
2016.12.09 16:59:23.486,11.61589,11.61871,0.00,0.00
2016.12.09 16:59:23.765,11.61558,11.61842,0.00,0.00
2016.12.09 16:59:23.865,11.61549,11.61831,0.00,0.00
2016.12.09 16:59:23.935,11.61538,11.61822,0.00,0.00
2016.12.09 16:59:24.035,11.61578,11.61858,0.00,0.00
2016.12.09 16:59:24.366,11.61538,11.61822,0.00,0.00
2016.12.09 16:59:24.537,11.61568,11.61852,0.00,0.00
2016.12.09 16:59:24.918,11.61559,11.61841,0.00,0.00
2016.12.09 16:59:24.969,11.61548,11.61832,0.00,0.00
2016.12.09 16:59:25.039,11.61528,11.61812,0.00,0.00
2016.12.09 16:59:25.364,11.61489,11.61771,0.00,0.00
2016.12.09 16:59:25.692,11.61528,11.61808,0.00,0.00
2016.12.09 16:59:25.743,11.61508,11.61792,0.00,0.00
2016.12.09 16:59:26.244,11.61519,11.61801,0.00,0.00
2016.12.09 16:59:26.568,11.61508,11.61792,0.00,0.00
2016.12.09 16:59:26.683,11.61489,11.61771,0.00,0.00
2016.12.09 16:59:26.846,11.61518,11.61802,0.00,0.00
2016.12.09 16:59:26.969,11.61528,11.61808,0.00,0.00
2016.12.09 16:59:27.147,11.61519,11.61801,0.00,0.00
2016.12.09 16:59:27.603,11.61498,11.61758,0.00,0.00
2016.12.09 16:59:27.654,11.61438,11.61722,0.00,0.00
2016.12.09 16:59:27.755,11.61409,11.61691,0.00,0.00
2016.12.09 16:59:28.079,11.61378,11.61662,0.00,0.00
2016.12.09 16:59:28.251,11.61388,11.61672,0.00,0.00
2016.12.09 16:59:28.561,11.61429,11.61711,0.00,0.00
2016.12.09 16:59:29.028,11.61479,11.61758,0.00,0.00
2016.12.09 16:59:29.079,11.61458,11.61742,0.00,0.00
2016.12.09 16:59:29.659,11.61479,11.61758,0.00,0.00
2016.12.09 16:59:29.710,11.61479,11.61761,0.00,0.00
2016.12.09 16:59:29.865,11.61511,11.61782,0.00,0.00
2016.12.09 16:59:30.206,11.61589,11.61809,0.00,0.00
2016.12.09 16:59:30.310,11.61651,11.61882,0.00,0.00
2016.12.09 16:59:30.360,11.61661,11.61862,0.00,0.00
2016.12.09 16:59:30.474,11.61679,11.61959,0.00,0.00
2016.12.09 16:59:30.602,11.61668,11.61952,0.00,0.00
2016.12.09 16:59:30.660,11.61658,11.61942,0.00,0.00
2016.12.09 16:59:30.995,11.61688,11.61959,0.00,0.00
2016.12.09 16:59:31.337,11.61709,11.61959,0.00,0.00
2016.12.09 16:59:31.464,11.61689,11.61959,0.00,0.00
2016.12.09 16:59:31.573,11.61728,11.61959,0.00,0.00
2016.12.09 16:59:31.703,11.61728,11.62009,0.00,0.00
2016.12.09 16:59:31.804,11.61758,11.62009,0.00,0.00
2016.12.09 16:59:31.967,11.61728,11.62009,0.00,0.00
2016.12.09 16:59:32.082,11.61739,11.62008,0.00,0.00
2016.12.09 16:59:32.183,11.61678,11.61962,0.00,0.00
2016.12.09 16:59:32.364,11.61801,11.61962,0.00,0.00
2016.12.09 16:59:32.414,11.61762,11.61991,0.00,0.00
2016.12.09 16:59:32.515,11.61839,11.62108,0.00,0.00
2016.12.09 16:59:32.569,11.61798,11.62082,0.00,0.00
2016.12.09 16:59:32.680,11.61769,11.62051,0.00,0.00
2016.12.09 16:59:32.799,11.61798,11.62082,0.00,0.00
2016.12.09 16:59:32.871,11.61768,11.62052,0.00,0.00
2016.12.09 16:59:33.195,11.61862,11.62082,0.00,0.00
2016.12.09 16:59:33.479,11.61862,11.62109,0.00,0.00
2016.12.09 16:59:33.575,11.61869,11.62109,0.00,0.00
2016.12.09 16:59:33.734,11.61888,11.62172,0.00,0.00
2016.12.09 16:59:33.908,11.61862,11.62131,0.00,0.00
2016.12.09 16:59:33.978,11.61868,11.62152,0.00,0.00
2016.12.09 16:59:34.379,11.61862,11.62132,0.00,0.00
2016.12.09 16:59:34.480,11.61888,11.62172,0.00,0.00
2016.12.09 16:59:34.780,11.61862,11.62131,0.00,0.00
2016.12.09 16:59:35.562,11.61952,11.62131,0.00,0.00
2016.12.09 16:59:35.613,11.61952,11.62171,0.00,0.00
2016.12.09 16:59:35.714,11.61978,11.62262,0.00,0.00
2016.12.09 16:59:36.206,11.61952,11.62231,0.00,0.00
2016.12.09 16:59:36.321,11.61958,11.62242,0.00,0.00
2016.12.09 16:59:36.371,11.61958,11.62199,0.00,0.00
2016.12.09 16:59:36.422,11.61938,11.62199,0.00,0.00
2016.12.09 16:59:36.523,11.61858,11.62142,0.00,0.00
2016.12.09 16:59:36.587,11.61851,11.62132,0.00,0.00
2016.12.09 16:59:36.888,11.61868,11.62152,0.00,0.00
2016.12.09 16:59:36.993,11.61851,11.62132,0.00,0.00
2016.12.09 16:59:37.094,11.61888,11.62172,0.00,0.00
2016.12.09 16:59:37.223,11.61851,11.62131,0.00,0.00
2016.12.09 16:59:37.291,11.61888,11.62172,0.00,0.00
2016.12.09 16:59:37.638,11.61851,11.62132,0.00,0.00
2016.12.09 16:59:37.805,11.61888,11.62172,0.00,0.00
2016.12.09 16:59:38.428,11.61851,11.62131,0.00,0.00
2016.12.09 16:59:38.538,11.61888,11.62172,0.00,0.00
2016.12.09 16:59:38.996,11.61869,11.62151,0.00,0.00
2016.12.09 16:59:40.117,11.61889,11.62171,0.00,0.00
2016.12.09 16:59:40.444,11.61868,11.62152,0.00,0.00
2016.12.09 16:59:40.499,11.61851,11.62132,0.00,0.00
2016.12.09 16:59:41.001,11.61878,11.62162,0.00,0.00
2016.12.09 16:59:41.104,11.61851,11.62131,0.00,0.00
2016.12.09 16:59:41.244,11.61878,11.62162,0.00,0.00
2016.12.09 16:59:41.704,11.61868,11.62152,0.00,0.00
2016.12.09 16:59:42.105,11.61851,11.62132,0.00,0.00
2016.12.09 16:59:42.254,11.61869,11.62151,0.00,0.00
2016.12.09 16:59:42.744,11.61858,11.62142,0.00,0.00
2016.12.09 16:59:42.919,11.61878,11.62162,0.00,0.00
2016.12.09 16:59:43.268,11.61909,11.62191,0.00,0.00
2016.12.09 16:59:43.541,11.61898,11.62182,0.00,0.00
2016.12.09 16:59:43.839,11.61918,11.62199,0.00,0.00
2016.12.09 16:59:43.908,11.61888,11.62172,0.00,0.00
2016.12.09 16:59:44.019,11.61869,11.62151,0.00,0.00
2016.12.09 16:59:45.150,11.61898,11.62182,0.00,0.00
2016.12.09 16:59:45.212,11.61868,11.62152,0.00,0.00
2016.12.09 16:59:45.550,11.61898,11.62182,0.00,0.00
2016.12.09 16:59:45.919,11.61878,11.62162,0.00,0.00
2016.12.09 16:59:46.336,11.61899,11.62181,0.00,0.00
2016.12.09 16:59:46.718,11.61878,11.62162,0.00,0.00
2016.12.09 16:59:46.952,11.61889,11.62171,0.00,0.00
2016.12.09 16:59:47.272,11.61879,11.62161,0.00,0.00
2016.12.09 16:59:47.323,11.61898,11.62182,0.00,0.00
2016.12.09 16:59:47.565,11.61878,11.62162,0.00,0.00
2016.12.09 16:59:47.987,11.61888,11.62172,0.00,0.00
2016.12.09 16:59:48.292,11.61868,11.62152,0.00,0.00
2016.12.09 16:59:48.625,11.61938,11.62171,0.00,0.00
2016.12.09 16:59:48.831,11.61968,11.62252,0.00,0.00
2016.12.09 16:59:49.049,11.61988,11.62272,0.00,0.00
2016.12.09 16:59:49.350,11.62018,11.62289,0.00,0.00
2016.12.09 16:59:49.649,11.61988,11.62272,0.00,0.00
2016.12.09 16:59:50.032,11.61999,11.62281,0.00,0.00
2016.12.09 16:59:50.164,11.61988,11.62272,0.00,0.00
2016.12.09 16:59:50.233,11.61998,11.62282,0.00,0.00
2016.12.09 16:59:50.627,11.61989,11.62271,0.00,0.00
2016.12.09 16:59:50.936,11.61928,11.62199,0.00,0.00
2016.12.09 16:59:52.042,11.61948,11.62199,0.00,0.00
2016.12.09 16:59:52.358,11.61908,11.62192,0.00,0.00
2016.12.09 16:59:52.445,11.61929,11.62199,0.00,0.00
2016.12.09 16:59:52.495,11.61929,11.62211,0.00,0.00
2016.12.09 16:59:52.546,11.61908,11.62192,0.00,0.00
2016.12.09 16:59:52.647,11.61978,11.62239,0.00,0.00
2016.12.09 16:59:53.042,11.61978,11.62232,0.00,0.00
2016.12.09 16:59:53.092,11.61958,11.62242,0.00,0.00
2016.12.09 16:59:53.148,11.61978,11.62248,0.00,0.00
2016.12.09 16:59:53.198,11.61978,11.62262,0.00,0.00
2016.12.09 16:59:53.249,11.61998,11.62282,0.00,0.00
2016.12.09 16:59:53.699,11.62008,11.62288,0.00,0.00
2016.12.09 16:59:53.874,11.61999,11.62281,0.00,0.00
2016.12.09 16:59:53.950,11.61989,11.62271,0.00,0.00
2016.12.09 16:59:54.150,11.61998,11.62282,0.00,0.00
2016.12.09 16:59:54.260,11.61978,11.62262,0.00,0.00
2016.12.09 16:59:54.717,11.61998,11.62282,0.00,0.00
2016.12.09 16:59:55.044,11.61978,11.62262,0.00,0.00
2016.12.09 16:59:55.389,11.62038,11.62288,0.00,0.00
2016.12.09 16:59:56.373,11.62038,11.62292,0.00,0.00
2016.12.09 16:59:56.474,11.62049,11.62308,0.00,0.00
2016.12.09 16:59:56.575,11.62069,11.62308,0.00,0.00
2016.12.09 16:59:56.676,11.62039,11.62309,0.00,0.00
2016.12.09 16:59:56.776,11.62028,11.62309,0.00,0.00
2016.12.09 16:59:57.008,11.62059,11.62309,0.00,0.00
2016.12.09 16:59:57.175,11.62068,11.62349,0.00,0.00
2016.12.09 16:59:57.276,11.62038,11.62322,0.00,0.00
2016.12.09 16:59:57.377,11.62089,11.62309,0.00,0.00
2016.12.09 16:59:57.478,11.61998,11.62282,0.00,0.00
2016.12.09 16:59:57.709,11.61988,11.62272,0.00,0.00
2016.12.09 16:59:58.033,11.62008,11.62292,0.00,0.00
2016.12.09 16:59:58.345,11.62078,11.62299,0.00,0.00
2016.12.09 16:59:58.487,11.61989,11.62271,0.00,0.00
2016.12.09 16:59:58.572,11.61999,11.62281,0.00,0.00
2016.12.09 16:59:58.774,11.61988,11.62272,0.00,0.00
2016.12.09 16:59:58.875,11.61988,11.62249,0.00,0.00
2016.12.09 16:59:58.926,11.61938,11.62222,0.00,0.00
2016.12.09 16:59:58.976,11.61948,11.62209,0.00,0.00
2016.12.09 16:59:59.089,11.61929,11.62209,0.00,0.00
2016.12.09 16:59:59.190,11.61949,11.62209,0.00,0.00
2016.12.09 16:59:59.404,11.61928,11.62209,0.00,0.00
2016.12.09 16:59:59.505,11.61919,11.62201,0.00,0.00
2016.12.09 16:59:59.623,11.61928,11.62209,0.00,0.00
2016.12.09 16:59:59.802,11.61919,11.62201,0.00,0.00
2016.12.09 16:59:59.922,11.61939,11.62209,0.00,0.00
