2015.08.20 13:00:00.403,11.41252,11.41531,0.00,0.00
2015.08.20 13:00:01.376,11.41301,11.41481,0.00,0.00
2015.08.20 13:00:01.426,11.41301,11.41531,0.00,0.00
2015.08.20 13:00:01.601,11.41301,11.41482,0.00,0.00
2015.08.20 13:00:01.903,11.41201,11.41431,0.00,0.00
2015.08.20 13:00:01.954,11.41201,11.41482,0.00,0.00
2015.08.20 13:00:02.149,11.41201,11.41432,0.00,0.00
2015.08.20 13:00:03.243,11.41201,11.41481,0.00,0.00
2015.08.20 13:00:03.304,11.41251,11.41481,0.00,0.00
2015.08.20 13:00:03.941,11.41251,11.41532,0.00,0.00
2015.08.20 13:00:04.512,11.41351,11.41532,0.00,0.00
2015.08.20 13:00:04.562,11.41351,11.41582,0.00,0.00
2015.08.20 13:00:05.646,11.41278,11.41531,0.00,0.00
2015.08.20 13:00:05.697,11.41252,11.41481,0.00,0.00
2015.08.20 13:00:05.798,11.41252,11.41531,0.00,0.00
2015.08.20 13:00:06.252,11.41252,11.41481,0.00,0.00
2015.08.20 13:00:06.904,11.41252,11.41531,0.00,0.00
2015.08.20 13:00:06.955,11.41301,11.41531,0.00,0.00
2015.08.20 13:00:07.486,11.41229,11.41531,0.00,0.00
2015.08.20 13:00:08.412,11.41278,11.41581,0.00,0.00
2015.08.20 13:00:08.950,11.41278,11.41582,0.00,0.00
2015.08.20 13:00:09.465,11.41279,11.4158,0.00,0.00
2015.08.20 13:00:09.616,11.41228,11.41532,0.00,0.00
2015.08.20 13:00:10.765,11.41279,11.41581,0.00,0.00
2015.08.20 13:00:11.100,11.41228,11.41532,0.00,0.00
2015.08.20 13:00:11.828,11.41192,11.41481,0.00,0.00
2015.08.20 13:00:11.878,11.41182,11.41481,0.00,0.00
2015.08.20 13:00:11.979,11.41179,11.41481,0.00,0.00
2015.08.20 13:00:12.030,11.41192,11.41481,0.00,0.00
2015.08.20 13:00:12.181,11.41228,11.41532,0.00,0.00
2015.08.20 13:00:12.968,11.41191,11.41482,0.00,0.00
2015.08.20 13:00:13.018,11.41179,11.41482,0.00,0.00
2015.08.20 13:00:13.120,11.41191,11.41482,0.00,0.00
2015.08.20 13:00:13.170,11.41229,11.41531,0.00,0.00
2015.08.20 13:00:14.150,11.41278,11.4158,0.00,0.00
2015.08.20 13:00:14.201,11.41278,11.41582,0.00,0.00
2015.08.20 13:00:15.474,11.41269,11.41591,0.00,0.00
2015.08.20 13:00:15.623,11.41351,11.41591,0.00,0.00
2015.08.20 13:00:16.067,11.41269,11.41591,0.00,0.00
2015.08.20 13:00:17.066,11.41269,11.41489,0.00,0.00
2015.08.20 13:00:17.117,11.41069,11.41391,0.00,0.00
2015.08.20 13:00:18.494,11.41118,11.41441,0.00,0.00
2015.08.20 13:00:18.637,11.41068,11.41392,0.00,0.00
2015.08.20 13:00:19.339,11.4116,11.41442,0.00,0.00
2015.08.20 13:00:19.818,11.41169,11.4149,0.00,0.00
2015.08.20 13:00:20.347,11.41169,11.41491,0.00,0.00
2015.08.20 13:00:21.548,11.41141,11.41442,0.00,0.00
2015.08.20 13:00:21.599,11.41122,11.41442,0.00,0.00
2015.08.20 13:00:21.700,11.41118,11.41442,0.00,0.00
2015.08.20 13:00:21.750,11.41168,11.4149,0.00,0.00
2015.08.20 13:00:21.801,11.41168,11.41492,0.00,0.00
2015.08.20 13:00:22.285,11.41118,11.4144,0.00,0.00
2015.08.20 13:00:22.666,11.41068,11.41392,0.00,0.00
2015.08.20 13:00:22.842,11.41041,11.41341,0.00,0.00
2015.08.20 13:00:22.943,11.41031,11.41341,0.00,0.00
2015.08.20 13:00:23.059,11.41019,11.41341,0.00,0.00
2015.08.20 13:00:23.431,11.41101,11.41341,0.00,0.00
2015.08.20 13:00:24.106,11.41101,11.41291,0.00,0.00
2015.08.20 13:00:24.481,11.41102,11.4134,0.00,0.00
2015.08.20 13:00:24.582,11.41102,11.41342,0.00,0.00
2015.08.20 13:00:24.846,11.41102,11.41391,0.00,0.00
2015.08.20 13:00:24.897,11.41151,11.41392,0.00,0.00
2015.08.20 13:00:25.304,11.41168,11.41468,0.00,0.00
2015.08.20 13:00:25.361,11.41168,11.41492,0.00,0.00
2015.08.20 13:00:25.411,11.41168,11.41471,0.00,0.00
2015.08.20 13:00:25.778,11.41151,11.41391,0.00,0.00
2015.08.20 13:00:27.092,11.41069,11.41391,0.00,0.00
2015.08.20 13:00:27.302,11.41152,11.41392,0.00,0.00
2015.08.20 13:00:30.440,11.41152,11.41342,0.00,0.00
2015.08.20 13:00:30.491,11.41068,11.41342,0.00,0.00
2015.08.20 13:00:30.543,11.41068,11.4134,0.00,0.00
2015.08.20 13:00:30.594,11.41051,11.41342,0.00,0.00
2015.08.20 13:00:30.757,11.41078,11.41342,0.00,0.00
2015.08.20 13:00:30.858,11.41051,11.41342,0.00,0.00
2015.08.20 13:00:31.658,11.41059,11.41342,0.00,0.00
2015.08.20 13:00:31.760,11.41051,11.41342,0.00,0.00
2015.08.20 13:00:32.092,11.41102,11.41342,0.00,0.00
2015.08.20 13:00:33.129,11.41102,11.41292,0.00,0.00
2015.08.20 13:00:33.230,11.41052,11.41292,0.00,0.00
2015.08.20 13:00:35.702,11.41052,11.41242,0.00,0.00
2015.08.20 13:00:36.111,11.41052,11.41171,0.00,0.00
2015.08.20 13:00:36.162,11.41001,11.41142,0.00,0.00
2015.08.20 13:00:36.263,11.40991,11.41091,0.00,0.00
2015.08.20 13:00:36.314,11.40851,11.41091,0.00,0.00
2015.08.20 13:00:36.465,11.40851,11.41142,0.00,0.00
2015.08.20 13:00:36.516,11.40879,11.41142,0.00,0.00
2015.08.20 13:00:36.822,11.40899,11.41191,0.00,0.00
2015.08.20 13:00:36.873,11.40938,11.41191,0.00,0.00
2015.08.20 13:00:37.867,11.40951,11.41191,0.00,0.00
2015.08.20 13:00:39.921,11.40951,11.41142,0.00,0.00
2015.08.20 13:00:39.972,11.40901,11.41142,0.00,0.00
2015.08.20 13:00:41.582,11.40852,11.41142,0.00,0.00
2015.08.20 13:00:41.633,11.40852,11.41092,0.00,0.00
2015.08.20 13:00:41.784,11.40879,11.41142,0.00,0.00
2015.08.20 13:00:41.885,11.40918,11.41142,0.00,0.00
2015.08.20 13:00:41.985,11.40928,11.41192,0.00,0.00
2015.08.20 13:00:42.417,11.40951,11.41192,0.00,0.00
2015.08.20 13:00:43.721,11.40951,11.41142,0.00,0.00
2015.08.20 13:00:44.204,11.40902,11.41142,0.00,0.00
2015.08.20 13:00:45.294,11.40902,11.41191,0.00,0.00
2015.08.20 13:00:45.344,11.40951,11.41191,0.00,0.00
2015.08.20 13:00:45.850,11.40951,11.41192,0.00,0.00
2015.08.20 13:00:46.453,11.40951,11.41191,0.00,0.00
2015.08.20 13:00:46.658,11.40901,11.41191,0.00,0.00
2015.08.20 13:00:46.709,11.40901,11.41142,0.00,0.00
2015.08.20 13:00:48.033,11.40901,11.41191,0.00,0.00
2015.08.20 13:00:48.083,11.40951,11.41191,0.00,0.00
2015.08.20 13:00:49.304,11.40951,11.41142,0.00,0.00
2015.08.20 13:00:49.545,11.40902,11.41142,0.00,0.00
2015.08.20 13:00:51.652,11.40902,11.41191,0.00,0.00
2015.08.20 13:00:51.703,11.40951,11.41192,0.00,0.00
2015.08.20 13:00:53.258,11.40902,11.41192,0.00,0.00
2015.08.20 13:00:53.309,11.40902,11.4114,0.00,0.00
2015.08.20 13:00:53.847,11.40902,11.41141,0.00,0.00
2015.08.20 13:00:53.897,11.40902,11.41188,0.00,0.00
2015.08.20 13:00:53.948,11.40918,11.41188,0.00,0.00
2015.08.20 13:00:54.246,11.40902,11.41191,0.00,0.00
2015.08.20 13:00:54.441,11.40919,11.41191,0.00,0.00
2015.08.20 13:00:54.514,11.40908,11.41191,0.00,0.00
2015.08.20 13:00:54.670,11.40951,11.41191,0.00,0.00
2015.08.20 13:00:57.407,11.40951,11.41241,0.00,0.00
2015.08.20 13:00:57.458,11.41002,11.41241,0.00,0.00
2015.08.20 13:00:57.808,11.41002,11.41291,0.00,0.00
2015.08.20 13:00:57.961,11.41002,11.41191,0.00,0.00
2015.08.20 13:00:58.112,11.40869,11.41141,0.00,0.00
2015.08.20 13:00:58.162,11.40852,11.41091,0.00,0.00
2015.08.20 13:01:00.725,11.40901,11.41141,0.00,0.00
2015.08.20 13:01:00.776,11.40908,11.41192,0.00,0.00
2015.08.20 13:01:00.968,11.40919,11.41192,0.00,0.00
2015.08.20 13:01:01.320,11.40919,11.41189,0.00,0.00
2015.08.20 13:01:01.430,11.40901,11.41189,0.00,0.00
2015.08.20 13:01:01.675,11.40918,11.41189,0.00,0.00
2015.08.20 13:01:02.282,11.40951,11.41189,0.00,0.00
2015.08.20 13:01:02.335,11.40918,11.41189,0.00,0.00
2015.08.20 13:01:02.535,11.40898,11.41189,0.00,0.00
2015.08.20 13:01:02.636,11.40918,11.41189,0.00,0.00
2015.08.20 13:01:02.737,11.40898,11.41189,0.00,0.00
2015.08.20 13:01:02.936,11.40928,11.41189,0.00,0.00
2015.08.20 13:01:03.550,11.40918,11.41189,0.00,0.00
2015.08.20 13:01:03.939,11.40899,11.41189,0.00,0.00
2015.08.20 13:01:04.040,11.40928,11.41189,0.00,0.00
2015.08.20 13:01:04.338,11.40918,11.41189,0.00,0.00
2015.08.20 13:01:04.389,11.40929,11.41189,0.00,0.00
2015.08.20 13:01:04.643,11.41029,11.41291,0.00,0.00
2015.08.20 13:01:04.744,11.41008,11.41291,0.00,0.00
2015.08.20 13:01:04.844,11.41029,11.41291,0.00,0.00
2015.08.20 13:01:05.096,11.41108,11.41391,0.00,0.00
2015.08.20 13:01:05.736,11.41108,11.41292,0.00,0.00
2015.08.20 13:01:05.786,11.41102,11.41292,0.00,0.00
2015.08.20 13:01:06.161,11.41102,11.4134,0.00,0.00
2015.08.20 13:01:06.262,11.41152,11.41341,0.00,0.00
2015.08.20 13:01:06.312,11.41152,11.41442,0.00,0.00
2015.08.20 13:01:06.870,11.41152,11.41391,0.00,0.00
2015.08.20 13:01:07.368,11.41152,11.41442,0.00,0.00
2015.08.20 13:01:07.695,11.41202,11.41442,0.00,0.00
2015.08.20 13:01:08.275,11.41202,11.41491,0.00,0.00
2015.08.20 13:01:08.768,11.41352,11.41592,0.00,0.00
2015.08.20 13:01:09.079,11.41352,11.41542,0.00,0.00
2015.08.20 13:01:10.546,11.41308,11.4159,0.00,0.00
2015.08.20 13:01:10.597,11.41308,11.41592,0.00,0.00
2015.08.20 13:01:10.751,11.41301,11.41592,0.00,0.00
2015.08.20 13:01:11.202,11.41351,11.41592,0.00,0.00
2015.08.20 13:01:11.671,11.41351,11.41641,0.00,0.00
2015.08.20 13:01:12.253,11.41351,11.41642,0.00,0.00
2015.08.20 13:01:12.543,11.41369,11.4169,0.00,0.00
2015.08.20 13:01:12.644,11.41401,11.41691,0.00,0.00
2015.08.20 13:01:12.947,11.41239,11.41429,0.00,0.00
2015.08.20 13:01:13.256,11.41248,11.41429,0.00,0.00
2015.08.20 13:01:13.805,11.41258,11.41518,0.00,0.00
2015.08.20 13:01:13.858,11.41239,11.41518,0.00,0.00
2015.08.20 13:01:14.462,11.41238,11.41518,0.00,0.00
2015.08.20 13:01:14.663,11.41268,11.41518,0.00,0.00
2015.08.20 13:01:14.764,11.41309,11.41568,0.00,0.00
2015.08.20 13:01:15.977,11.41338,11.41568,0.00,0.00
2015.08.20 13:01:16.414,11.41388,11.41568,0.00,0.00
2015.08.20 13:01:16.515,11.41388,11.41628,0.00,0.00
2015.08.20 13:01:16.616,11.41388,11.41659,0.00,0.00
2015.08.20 13:01:18.041,11.41438,11.41659,0.00,0.00
2015.08.20 13:01:18.192,11.41438,11.41718,0.00,0.00
2015.08.20 13:01:20.962,11.41438,11.41731,0.00,0.00
2015.08.20 13:01:21.063,11.41539,11.41849,0.00,0.00
2015.08.20 13:01:21.164,11.41539,11.41851,0.00,0.00
2015.08.20 13:01:21.281,11.41539,11.41831,0.00,0.00
2015.08.20 13:01:21.382,11.41489,11.41791,0.00,0.00
2015.08.20 13:01:21.780,11.41489,11.41811,0.00,0.00
2015.08.20 13:01:21.984,11.41489,11.41802,0.00,0.00
2015.08.20 13:01:22.979,11.41489,11.41811,0.00,0.00
2015.08.20 13:01:23.288,11.41489,11.41802,0.00,0.00
2015.08.20 13:01:23.339,11.41438,11.41762,0.00,0.00
2015.08.20 13:01:23.390,11.41438,11.41751,0.00,0.00
2015.08.20 13:01:23.680,11.41438,11.41762,0.00,0.00
2015.08.20 13:01:24.086,11.41438,11.41742,0.00,0.00
2015.08.20 13:01:24.693,11.41438,11.41761,0.00,0.00
2015.08.20 13:01:24.794,11.41409,11.41711,0.00,0.00
2015.08.20 13:01:24.995,11.41338,11.41662,0.00,0.00
2015.08.20 13:01:25.997,11.41389,11.41671,0.00,0.00
2015.08.20 13:01:26.047,11.41339,11.41661,0.00,0.00
2015.08.20 13:01:26.249,11.41339,11.41651,0.00,0.00
2015.08.20 13:01:26.582,11.41339,11.4164,0.00,0.00
2015.08.20 13:01:27.089,11.41339,11.41641,0.00,0.00
2015.08.20 13:01:27.152,11.41339,11.4165,0.00,0.00
2015.08.20 13:01:27.271,11.41339,11.41641,0.00,0.00
2015.08.20 13:01:27.679,11.41388,11.4166,0.00,0.00
2015.08.20 13:01:27.730,11.41388,11.41698,0.00,0.00
2015.08.20 13:01:27.781,11.41388,11.41712,0.00,0.00
2015.08.20 13:01:27.831,11.4136,11.41662,0.00,0.00
2015.08.20 13:01:27.881,11.41338,11.41662,0.00,0.00
2015.08.20 13:01:27.982,11.41338,11.4166,0.00,0.00
2015.08.20 13:01:28.340,11.41338,11.41621,0.00,0.00
2015.08.20 13:01:28.556,11.41338,11.4163,0.00,0.00
2015.08.20 13:01:29.100,11.41338,11.41631,0.00,0.00
2015.08.20 13:01:29.588,11.41338,11.41611,0.00,0.00
2015.08.20 13:01:29.659,11.41338,11.4162,0.00,0.00
2015.08.20 13:01:30.297,11.41338,11.41621,0.00,0.00
2015.08.20 13:01:31.469,11.41338,11.41529,0.00,0.00
2015.08.20 13:01:31.520,11.41231,11.41462,0.00,0.00
2015.08.20 13:01:31.685,11.41231,11.41451,0.00,0.00
2015.08.20 13:01:31.740,11.41138,11.41451,0.00,0.00
2015.08.20 13:01:31.791,11.41138,11.41462,0.00,0.00
2015.08.20 13:01:31.893,11.41159,11.41462,0.00,0.00
2015.08.20 13:01:32.145,11.41138,11.4145,0.00,0.00
2015.08.20 13:01:32.196,11.41138,11.4144,0.00,0.00
2015.08.20 13:01:32.369,11.41088,11.41412,0.00,0.00
2015.08.20 13:01:32.905,11.41039,11.41289,0.00,0.00
2015.08.20 13:01:33.682,11.4101,11.41249,0.00,0.00
2015.08.20 13:01:33.783,11.41009,11.41279,0.00,0.00
2015.08.20 13:01:33.884,11.41038,11.41279,0.00,0.00
2015.08.20 13:01:34.189,11.41038,11.41261,0.00,0.00
2015.08.20 13:01:34.611,11.40989,11.41238,0.00,0.00
2015.08.20 13:01:34.778,11.40959,11.41199,0.00,0.00
2015.08.20 13:01:34.829,11.40939,11.41199,0.00,0.00
2015.08.20 13:01:35.404,11.40938,11.41199,0.00,0.00
2015.08.20 13:01:36.034,11.40948,11.41199,0.00,0.00
2015.08.20 13:01:36.559,11.40949,11.41199,0.00,0.00
2015.08.20 13:01:36.846,11.40938,11.41199,0.00,0.00
2015.08.20 13:01:41.535,11.40939,11.41199,0.00,0.00
2015.08.20 13:01:41.704,11.40988,11.41199,0.00,0.00
2015.08.20 13:01:41.805,11.4101,11.41288,0.00,0.00
2015.08.20 13:01:41.956,11.41009,11.41312,0.00,0.00
2015.08.20 13:01:42.750,11.41038,11.41318,0.00,0.00
2015.08.20 13:01:42.902,11.41009,11.41312,0.00,0.00
2015.08.20 13:01:42.953,11.40988,11.41251,0.00,0.00
2015.08.20 13:01:43.155,11.40938,11.41251,0.00,0.00
2015.08.20 13:01:43.711,11.40938,11.4125,0.00,0.00
2015.08.20 13:01:43.812,11.40938,11.41241,0.00,0.00
2015.08.20 13:01:44.321,11.40938,11.41231,0.00,0.00
2015.08.20 13:01:44.816,11.40938,11.41251,0.00,0.00
2015.08.20 13:01:44.917,11.40938,11.41258,0.00,0.00
2015.08.20 13:01:46.147,11.40938,11.41251,0.00,0.00
2015.08.20 13:01:46.348,11.40938,11.41258,0.00,0.00
2015.08.20 13:01:48.166,11.40949,11.41258,0.00,0.00
2015.08.20 13:01:48.468,11.41038,11.41329,0.00,0.00
2015.08.20 13:01:52.170,11.41089,11.41329,0.00,0.00
2015.08.20 13:01:52.271,11.41089,11.41399,0.00,0.00
2015.08.20 13:01:52.399,11.41109,11.41411,0.00,0.00
2015.08.20 13:01:53.576,11.41108,11.41411,0.00,0.00
2015.08.20 13:01:54.175,11.41089,11.41411,0.00,0.00
2015.08.20 13:01:54.977,11.41118,11.41411,0.00,0.00
2015.08.20 13:01:55.178,11.41089,11.41411,0.00,0.00
2015.08.20 13:01:55.482,11.41119,11.41411,0.00,0.00
2015.08.20 13:01:56.883,11.41109,11.41411,0.00,0.00
2015.08.20 13:01:57.717,11.41131,11.41411,0.00,0.00
2015.08.20 13:01:57.767,11.41238,11.41562,0.00,0.00
2015.08.20 13:01:58.924,11.41239,11.41562,0.00,0.00
2015.08.20 13:01:58.989,11.41249,11.41562,0.00,0.00
2015.08.20 13:01:59.584,11.41238,11.41562,0.00,0.00
2015.08.20 13:01:59.893,11.41248,11.41562,0.00,0.00
2015.08.20 13:02:00.094,11.41239,11.41562,0.00,0.00
2015.08.20 13:02:00.620,11.41238,11.41562,0.00,0.00
2015.08.20 13:02:01.190,11.41238,11.41561,0.00,0.00
2015.08.20 13:02:01.291,11.41209,11.41512,0.00,0.00
2015.08.20 13:02:01.342,11.41198,11.41512,0.00,0.00
2015.08.20 13:02:01.392,11.41239,11.41538,0.00,0.00
2015.08.20 13:02:01.493,11.41239,11.41549,0.00,0.00
2015.08.20 13:02:01.544,11.41258,11.41561,0.00,0.00
2015.08.20 13:02:01.907,11.41239,11.41561,0.00,0.00
2015.08.20 13:02:05.306,11.41288,11.41612,0.00,0.00
2015.08.20 13:02:05.597,11.41338,11.41618,0.00,0.00
2015.08.20 13:02:05.698,11.41338,11.4166,0.00,0.00
2015.08.20 13:02:05.799,11.41338,11.41662,0.00,0.00
2015.08.20 13:02:06.790,11.41389,11.41668,0.00,0.00
2015.08.20 13:02:06.891,11.414,11.41699,0.00,0.00
2015.08.20 13:02:06.942,11.414,11.41711,0.00,0.00
2015.08.20 13:02:06.993,11.41418,11.41742,0.00,0.00
2015.08.20 13:02:10.252,11.41418,11.4167,0.00,0.00
2015.08.20 13:02:10.303,11.41372,11.4167,0.00,0.00
2015.08.20 13:02:10.353,11.41368,11.4164,0.00,0.00
2015.08.20 13:02:10.454,11.41368,11.41651,0.00,0.00
2015.08.20 13:02:10.510,11.41331,11.41641,0.00,0.00
2015.08.20 13:02:11.669,11.41319,11.41641,0.00,0.00
2015.08.20 13:02:12.599,11.41271,11.41592,0.00,0.00
2015.08.20 13:02:13.327,11.41278,11.41592,0.00,0.00
2015.08.20 13:02:13.656,11.41298,11.41592,0.00,0.00
2015.08.20 13:02:15.350,11.41288,11.41592,0.00,0.00
2015.08.20 13:02:15.451,11.41299,11.41592,0.00,0.00
2015.08.20 13:02:15.962,11.41279,11.41592,0.00,0.00
2015.08.20 13:02:17.006,11.41279,11.41542,0.00,0.00
2015.08.20 13:02:17.160,11.41238,11.41542,0.00,0.00
2015.08.20 13:02:17.261,11.41228,11.41542,0.00,0.00
2015.08.20 13:02:17.679,11.41238,11.41542,0.00,0.00
2015.08.20 13:02:17.845,11.41218,11.4154,0.00,0.00
2015.08.20 13:02:18.361,11.41218,11.41542,0.00,0.00
2015.08.20 13:02:18.411,11.41239,11.41542,0.00,0.00
2015.08.20 13:02:18.983,11.41259,11.41542,0.00,0.00
2015.08.20 13:02:19.135,11.41169,11.41491,0.00,0.00
2015.08.20 13:02:19.236,11.41179,11.41491,0.00,0.00
2015.08.20 13:02:19.887,11.41208,11.41442,0.00,0.00
2015.08.20 13:02:19.945,11.41168,11.41442,0.00,0.00
2015.08.20 13:02:20.307,11.41168,11.41492,0.00,0.00
2015.08.20 13:02:20.459,11.41188,11.41492,0.00,0.00
2015.08.20 13:02:21.061,11.41198,11.41492,0.00,0.00
2015.08.20 13:02:21.855,11.41169,11.41492,0.00,0.00
2015.08.20 13:02:22.043,11.41208,11.41492,0.00,0.00
2015.08.20 13:02:22.093,11.41218,11.41519,0.00,0.00
2015.08.20 13:02:22.194,11.41208,11.41491,0.00,0.00
2015.08.20 13:02:22.577,11.41179,11.41491,0.00,0.00
2015.08.20 13:02:22.678,11.41209,11.41491,0.00,0.00
2015.08.20 13:02:23.582,11.41178,11.41491,0.00,0.00
2015.08.20 13:02:23.819,11.41178,11.41442,0.00,0.00
2015.08.20 13:02:23.989,11.41148,11.41442,0.00,0.00
2015.08.20 13:02:24.040,11.41148,11.41338,0.00,0.00
2015.08.20 13:02:25.336,11.41159,11.41338,0.00,0.00
2015.08.20 13:02:26.093,11.41169,11.41338,0.00,0.00
2015.08.20 13:02:26.461,11.41159,11.41338,0.00,0.00
2015.08.20 13:02:27.553,11.41139,11.41338,0.00,0.00
2015.08.20 13:02:27.604,11.41159,11.41338,0.00,0.00
2015.08.20 13:02:28.065,11.41151,11.41338,0.00,0.00
2015.08.20 13:02:28.267,11.41168,11.41338,0.00,0.00
2015.08.20 13:02:28.469,11.41151,11.41338,0.00,0.00
2015.08.20 13:02:29.895,11.41159,11.41338,0.00,0.00
2015.08.20 13:02:30.480,11.41169,11.41338,0.00,0.00
2015.08.20 13:02:30.581,11.41158,11.41338,0.00,0.00
2015.08.20 13:02:30.682,11.41151,11.41338,0.00,0.00
2015.08.20 13:02:30.783,11.41151,11.41369,0.00,0.00
2015.08.20 13:02:30.981,11.41178,11.41369,0.00,0.00
2015.08.20 13:02:31.995,11.41159,11.41369,0.00,0.00
2015.08.20 13:02:32.673,11.41168,11.41369,0.00,0.00
2015.08.20 13:02:33.472,11.41199,11.41369,0.00,0.00
2015.08.20 13:02:34.393,11.41189,11.41369,0.00,0.00
2015.08.20 13:02:34.929,11.41179,11.41399,0.00,0.00
2015.08.20 13:02:35.197,11.41159,11.41399,0.00,0.00
2015.08.20 13:02:35.807,11.41151,11.41399,0.00,0.00
2015.08.20 13:02:36.815,11.41179,11.41399,0.00,0.00
2015.08.20 13:02:37.128,11.41228,11.41479,0.00,0.00
2015.08.20 13:02:37.179,11.41248,11.41479,0.00,0.00
2015.08.20 13:02:37.238,11.41248,11.41492,0.00,0.00
2015.08.20 13:02:37.289,11.41258,11.41509,0.00,0.00
2015.08.20 13:02:37.505,11.41249,11.41509,0.00,0.00
2015.08.20 13:02:38.371,11.41339,11.41581,0.00,0.00
2015.08.20 13:02:38.421,11.41339,11.41589,0.00,0.00
2015.08.20 13:02:38.472,11.41369,11.41608,0.00,0.00
2015.08.20 13:02:38.858,11.41451,11.41689,0.00,0.00
2015.08.20 13:02:39.188,11.41601,11.41791,0.00,0.00
2015.08.20 13:02:39.340,11.41601,11.41892,0.00,0.00
2015.08.20 13:02:39.549,11.41618,11.41939,0.00,0.00
2015.08.20 13:02:39.956,11.41718,11.4197,0.00,0.00
2015.08.20 13:02:40.013,11.41701,11.41992,0.00,0.00
2015.08.20 13:02:41.639,11.41719,11.41999,0.00,0.00
2015.08.20 13:02:41.968,11.41751,11.41988,0.00,0.00
2015.08.20 13:02:42.249,11.41719,11.41988,0.00,0.00
2015.08.20 13:02:47.159,11.41669,11.41988,0.00,0.00
2015.08.20 13:02:48.844,11.41719,11.41988,0.00,0.00
2015.08.20 13:02:48.945,11.41669,11.41991,0.00,0.00
2015.08.20 13:02:49.919,11.41669,11.41888,0.00,0.00
2015.08.20 13:02:49.970,11.41568,11.41888,0.00,0.00
2015.08.20 13:02:51.298,11.41602,11.41888,0.00,0.00
2015.08.20 13:02:51.781,11.41602,11.41841,0.00,0.00
2015.08.20 13:02:52.436,11.41552,11.41841,0.00,0.00
2015.08.20 13:02:54.019,11.41519,11.41841,0.00,0.00
2015.08.20 13:02:57.279,11.41588,11.41848,0.00,0.00
2015.08.20 13:02:57.931,11.41588,11.4182,0.00,0.00
2015.08.20 13:02:58.353,11.41472,11.41688,0.00,0.00
2015.08.20 13:02:58.403,11.41439,11.41688,0.00,0.00
2015.08.20 13:02:58.864,11.4142,11.41688,0.00,0.00
2015.08.20 13:02:58.965,11.41399,11.41688,0.00,0.00
2015.08.20 13:03:00.218,11.41398,11.41688,0.00,0.00
2015.08.20 13:03:00.798,11.41448,11.41688,0.00,0.00
2015.08.20 13:03:00.899,11.41448,11.41739,0.00,0.00
2015.08.20 13:03:03.968,11.41448,11.41758,0.00,0.00
2015.08.20 13:03:04.389,11.41438,11.41758,0.00,0.00
2015.08.20 13:03:06.133,11.41438,11.41751,0.00,0.00
2015.08.20 13:03:06.493,11.41438,11.41741,0.00,0.00
2015.08.20 13:03:06.816,11.41388,11.4167,0.00,0.00
2015.08.20 13:03:06.867,11.41338,11.41662,0.00,0.00
2015.08.20 13:03:09.308,11.41388,11.41668,0.00,0.00
2015.08.20 13:03:09.359,11.41388,11.41699,0.00,0.00
2015.08.20 13:03:14.458,11.41339,11.41661,0.00,0.00
2015.08.20 13:03:14.561,11.4138,11.41661,0.00,0.00
2015.08.20 13:03:14.677,11.41438,11.41749,0.00,0.00
2015.08.20 13:03:15.317,11.41489,11.41749,0.00,0.00
2015.08.20 13:03:15.418,11.41489,11.41771,0.00,0.00
2015.08.20 13:03:15.570,11.41489,11.41799,0.00,0.00
2015.08.20 13:03:17.340,11.41539,11.41799,0.00,0.00
2015.08.20 13:03:17.391,11.41539,11.41848,0.00,0.00
2015.08.20 13:03:20.293,11.41588,11.41899,0.00,0.00
2015.08.20 13:03:21.595,11.41588,11.41912,0.00,0.00
2015.08.20 13:03:21.647,11.41639,11.41931,0.00,0.00
2015.08.20 13:03:21.977,11.41639,11.41938,0.00,0.00
2015.08.20 13:03:22.556,11.41639,11.41931,0.00,0.00
2015.08.20 13:03:22.758,11.41639,11.41938,0.00,0.00
2015.08.20 13:03:23.409,11.41588,11.41898,0.00,0.00
2015.08.20 13:03:26.319,11.41588,11.41912,0.00,0.00
2015.08.20 13:03:26.423,11.41628,11.41912,0.00,0.00
2015.08.20 13:03:26.474,11.41639,11.41939,0.00,0.00
2015.08.20 13:03:27.388,11.41689,11.41939,0.00,0.00
2015.08.20 13:03:27.438,11.41689,11.41988,0.00,0.00
2015.08.20 13:03:29.312,11.41738,11.41988,0.00,0.00
2015.08.20 13:03:29.413,11.41669,11.41961,0.00,0.00
2015.08.20 13:03:29.486,11.41639,11.41961,0.00,0.00
2015.08.20 13:03:29.597,11.41639,11.41948,0.00,0.00
2015.08.20 13:03:34.730,11.41639,11.4194,0.00,0.00
2015.08.20 13:03:35.339,11.41639,11.41941,0.00,0.00
2015.08.20 13:03:35.901,11.41639,11.4194,0.00,0.00
2015.08.20 13:03:35.952,11.41639,11.41948,0.00,0.00
2015.08.20 13:03:38.438,11.41579,11.41761,0.00,0.00
2015.08.20 13:03:38.489,11.41532,11.41761,0.00,0.00
2015.08.20 13:03:38.540,11.41498,11.41761,0.00,0.00
2015.08.20 13:03:38.962,11.41489,11.4177,0.00,0.00
2015.08.20 13:03:39.538,11.41488,11.4177,0.00,0.00
2015.08.20 13:03:40.429,11.41438,11.41762,0.00,0.00
2015.08.20 13:03:40.530,11.41438,11.41758,0.00,0.00
2015.08.20 13:03:40.967,11.41438,11.41741,0.00,0.00
2015.08.20 13:03:41.317,11.41438,11.4172,0.00,0.00
2015.08.20 13:03:42.171,11.41438,11.4167,0.00,0.00
2015.08.20 13:03:42.222,11.41389,11.4167,0.00,0.00
2015.08.20 13:03:42.747,11.41389,11.41671,0.00,0.00
2015.08.20 13:03:42.849,11.41338,11.41662,0.00,0.00
2015.08.20 13:03:42.899,11.41338,11.4165,0.00,0.00
2015.08.20 13:03:43.062,11.41338,11.41659,0.00,0.00
2015.08.20 13:03:43.661,11.41339,11.41659,0.00,0.00
2015.08.20 13:03:43.712,11.41438,11.41659,0.00,0.00
2015.08.20 13:03:43.813,11.41438,11.4167,0.00,0.00
2015.08.20 13:03:43.965,11.41438,11.41729,0.00,0.00
2015.08.20 13:03:47.189,11.41451,11.41729,0.00,0.00
2015.08.20 13:03:50.860,11.41451,11.41726,0.00,0.00
2015.08.20 13:03:50.930,11.41451,11.41729,0.00,0.00
2015.08.20 13:03:53.294,11.41489,11.41729,0.00,0.00
2015.08.20 13:03:53.395,11.41509,11.41771,0.00,0.00
2015.08.20 13:03:53.446,11.41509,11.41811,0.00,0.00
2015.08.20 13:03:53.497,11.41518,11.41811,0.00,0.00
2015.08.20 13:03:53.648,11.41539,11.41838,0.00,0.00
2015.08.20 13:03:54.699,11.41551,11.41838,0.00,0.00
2015.08.20 13:03:55.807,11.41588,11.41838,0.00,0.00
2015.08.20 13:03:55.908,11.41588,11.4187,0.00,0.00
2015.08.20 13:03:56.118,11.41601,11.4187,0.00,0.00
2015.08.20 13:03:56.637,11.41601,11.41871,0.00,0.00
2015.08.20 13:03:57.384,11.41601,11.41862,0.00,0.00
2015.08.20 13:03:58.026,11.41601,11.41861,0.00,0.00
2015.08.20 13:03:59.115,11.41601,11.41871,0.00,0.00
2015.08.20 13:03:59.216,11.41601,11.41858,0.00,0.00
2015.08.20 13:04:00.582,11.41588,11.41858,0.00,0.00
2015.08.20 13:04:00.683,11.41551,11.4183,0.00,0.00
2015.08.20 13:04:00.973,11.41551,11.4182,0.00,0.00
2015.08.20 13:04:01.620,11.41551,11.41821,0.00,0.00
2015.08.20 13:04:02.102,11.41551,11.4183,0.00,0.00
2015.08.20 13:04:02.483,11.41551,11.4182,0.00,0.00
2015.08.20 13:04:02.984,11.41551,11.41821,0.00,0.00
2015.08.20 13:04:04.019,11.41551,11.41858,0.00,0.00
2015.08.20 13:04:06.149,11.41639,11.41858,0.00,0.00
2015.08.20 13:04:06.250,11.41639,11.41911,0.00,0.00
2015.08.20 13:04:06.301,11.41639,11.41958,0.00,0.00
2015.08.20 13:04:06.352,11.41639,11.4196,0.00,0.00
2015.08.20 13:04:06.894,11.41751,11.41888,0.00,0.00
2015.08.20 13:04:07.201,11.41751,11.41886,0.00,0.00
2015.08.20 13:04:07.503,11.41751,11.42002,0.00,0.00
2015.08.20 13:04:08.480,11.41702,11.42002,0.00,0.00
2015.08.20 13:04:10.008,11.41702,11.42012,0.00,0.00
2015.08.20 13:04:10.869,11.41731,11.42022,0.00,0.00
2015.08.20 13:04:11.020,11.41752,11.42051,0.00,0.00
2015.08.20 13:04:11.548,11.41752,11.42052,0.00,0.00
2015.08.20 13:04:11.801,11.41752,11.4206,0.00,0.00
2015.08.20 13:04:12.457,11.41752,11.42062,0.00,0.00
2015.08.20 13:04:14.834,11.41752,11.42061,0.00,0.00
2015.08.20 13:04:15.368,11.41752,11.42062,0.00,0.00
2015.08.20 13:04:15.744,11.41752,11.42051,0.00,0.00
2015.08.20 13:04:17.706,11.41752,11.42062,0.00,0.00
2015.08.20 13:04:25.936,11.41788,11.42071,0.00,0.00
2015.08.20 13:04:26.065,11.41802,11.42111,0.00,0.00
2015.08.20 13:04:27.148,11.41838,11.42122,0.00,0.00
2015.08.20 13:04:27.218,11.41838,11.4214,0.00,0.00
2015.08.20 13:04:27.318,11.41838,11.42162,0.00,0.00
2015.08.20 13:04:27.369,11.41851,11.42161,0.00,0.00
2015.08.20 13:04:28.089,11.41851,11.42162,0.00,0.00
2015.08.20 13:04:30.461,11.41901,11.42188,0.00,0.00
2015.08.20 13:04:30.573,11.41901,11.42212,0.00,0.00
2015.08.20 13:04:34.313,11.41901,11.42162,0.00,0.00
2015.08.20 13:04:34.565,11.41901,11.42171,0.00,0.00
2015.08.20 13:04:35.985,11.41901,11.4217,0.00,0.00
2015.08.20 13:04:36.958,11.41901,11.42171,0.00,0.00
2015.08.20 13:04:37.696,11.41888,11.42171,0.00,0.00
2015.08.20 13:04:37.747,11.41851,11.42161,0.00,0.00
2015.08.20 13:04:38.525,11.41952,11.42241,0.00,0.00
2015.08.20 13:04:38.596,11.41952,11.42252,0.00,0.00
2015.08.20 13:04:38.847,11.41952,11.42241,0.00,0.00
2015.08.20 13:04:39.833,11.41952,11.42251,0.00,0.00
2015.08.20 13:04:39.884,11.41952,11.42261,0.00,0.00
2015.08.20 13:04:40.676,11.41989,11.42271,0.00,0.00
2015.08.20 13:04:41.339,11.42002,11.42241,0.00,0.00
2015.08.20 13:04:41.446,11.42002,11.4227,0.00,0.00
2015.08.20 13:04:41.497,11.42038,11.4227,0.00,0.00
2015.08.20 13:04:41.547,11.42038,11.42341,0.00,0.00
2015.08.20 13:04:41.659,11.42038,11.42351,0.00,0.00
2015.08.20 13:04:41.860,11.42038,11.42362,0.00,0.00
2015.08.20 13:04:41.911,11.42002,11.42307,0.00,0.00
2015.08.20 13:04:42.566,11.42052,11.42307,0.00,0.00
2015.08.20 13:04:43.076,11.42061,11.42307,0.00,0.00
2015.08.20 13:04:43.227,11.42151,11.42402,0.00,0.00
2015.08.20 13:04:43.337,11.42151,11.42376,0.00,0.00
2015.08.20 13:04:44.009,11.42151,11.42357,0.00,0.00
2015.08.20 13:04:44.059,11.42151,11.42402,0.00,0.00
2015.08.20 13:04:47.286,11.42078,11.42402,0.00,0.00
2015.08.20 13:04:47.985,11.4213,11.42402,0.00,0.00
2015.08.20 13:04:48.036,11.42132,11.42452,0.00,0.00
2015.08.20 13:04:48.137,11.42129,11.42407,0.00,0.00
2015.08.20 13:04:48.188,11.42092,11.42407,0.00,0.00
2015.08.20 13:04:48.740,11.42131,11.42407,0.00,0.00
2015.08.20 13:04:48.795,11.42131,11.42452,0.00,0.00
2015.08.20 13:04:48.950,11.42178,11.4247,0.00,0.00
2015.08.20 13:04:49.152,11.42149,11.42457,0.00,0.00
2015.08.20 13:04:49.203,11.42142,11.42457,0.00,0.00
2015.08.20 13:04:49.829,11.42142,11.42406,0.00,0.00
2015.08.20 13:04:50.031,11.42181,11.42502,0.00,0.00
2015.08.20 13:04:50.606,11.42228,11.42541,0.00,0.00
2015.08.20 13:04:50.657,11.42228,11.42552,0.00,0.00
2015.08.20 13:04:50.707,11.42208,11.42501,0.00,0.00
2015.08.20 13:04:50.758,11.42192,11.42501,0.00,0.00
2015.08.20 13:04:50.909,11.42231,11.42551,0.00,0.00
2015.08.20 13:04:51.217,11.42229,11.42551,0.00,0.00
2015.08.20 13:04:51.326,11.42232,11.42551,0.00,0.00
2015.08.20 13:04:52.041,11.42229,11.42551,0.00,0.00
2015.08.20 13:04:52.331,11.42221,11.42501,0.00,0.00
2015.08.20 13:04:52.382,11.42182,11.42501,0.00,0.00
2015.08.20 13:04:53.276,11.42189,11.42501,0.00,0.00
2015.08.20 13:04:53.885,11.42182,11.42501,0.00,0.00
2015.08.20 13:04:54.286,11.42188,11.42501,0.00,0.00
2015.08.20 13:04:55.665,11.42182,11.42501,0.00,0.00
2015.08.20 13:04:56.166,11.42188,11.42501,0.00,0.00
2015.08.20 13:04:56.860,11.42182,11.42501,0.00,0.00
2015.08.20 13:04:57.046,11.42182,11.42452,0.00,0.00
2015.08.20 13:04:57.155,11.42158,11.42439,0.00,0.00
2015.08.20 13:04:57.206,11.42128,11.42371,0.00,0.00
2015.08.20 13:04:57.418,11.41979,11.42301,0.00,0.00
2015.08.20 13:04:57.594,11.41999,11.42301,0.00,0.00
2015.08.20 13:04:57.669,11.41979,11.42301,0.00,0.00
2015.08.20 13:04:57.719,11.42029,11.42321,0.00,0.00
2015.08.20 13:04:57.820,11.41979,11.42302,0.00,0.00
2015.08.20 13:04:57.871,11.41998,11.42302,0.00,0.00
2015.08.20 13:04:58.657,11.41978,11.42298,0.00,0.00
2015.08.20 13:04:58.708,11.41929,11.42251,0.00,0.00
2015.08.20 13:04:58.821,11.41889,11.42202,0.00,0.00
2015.08.20 13:04:58.872,11.41882,11.42202,0.00,0.00
2015.08.20 13:04:58.923,11.41878,11.42202,0.00,0.00
2015.08.20 13:04:59.590,11.41888,11.42202,0.00,0.00
2015.08.20 13:05:00.175,11.41878,11.42199,0.00,0.00
2015.08.20 13:05:00.226,11.41829,11.42151,0.00,0.00
2015.08.20 13:05:00.566,11.41789,11.42101,0.00,0.00
2015.08.20 13:05:00.728,11.41829,11.42151,0.00,0.00
2015.08.20 13:05:01.031,11.41849,11.42152,0.00,0.00
2015.08.20 13:05:01.441,11.41881,11.42152,0.00,0.00
2015.08.20 13:05:01.492,11.41841,11.42152,0.00,0.00
2015.08.20 13:05:01.593,11.41828,11.42152,0.00,0.00
2015.08.20 13:05:01.696,11.41859,11.42152,0.00,0.00
2015.08.20 13:05:01.898,11.41828,11.42152,0.00,0.00
2015.08.20 13:05:02.280,11.41858,11.42152,0.00,0.00
2015.08.20 13:05:02.808,11.41828,11.42152,0.00,0.00
2015.08.20 13:05:02.859,11.41879,11.4217,0.00,0.00
2015.08.20 13:05:02.910,11.41828,11.42152,0.00,0.00
2015.08.20 13:05:03.182,11.41838,11.42152,0.00,0.00
2015.08.20 13:05:03.284,11.41828,11.42152,0.00,0.00
2015.08.20 13:05:03.382,11.41839,11.42152,0.00,0.00
2015.08.20 13:05:03.689,11.41889,11.42152,0.00,0.00
2015.08.20 13:05:03.742,11.41889,11.42202,0.00,0.00
2015.08.20 13:05:04.126,11.41889,11.42152,0.00,0.00
2015.08.20 13:05:04.176,11.41898,11.42201,0.00,0.00
2015.08.20 13:05:04.499,11.41879,11.42201,0.00,0.00
2015.08.20 13:05:05.587,11.41898,11.42201,0.00,0.00
2015.08.20 13:05:06.178,11.41898,11.42152,0.00,0.00
2015.08.20 13:05:06.338,11.41839,11.42152,0.00,0.00
2015.08.20 13:05:06.979,11.41869,11.42152,0.00,0.00
2015.08.20 13:05:07.491,11.41829,11.42152,0.00,0.00
2015.08.20 13:05:07.891,11.41849,11.42152,0.00,0.00
2015.08.20 13:05:07.992,11.41828,11.42152,0.00,0.00
2015.08.20 13:05:08.839,11.41789,11.42101,0.00,0.00
2015.08.20 13:05:08.893,11.41781,11.42101,0.00,0.00
2015.08.20 13:05:09.409,11.41829,11.42121,0.00,0.00
2015.08.20 13:05:09.460,11.41829,11.42151,0.00,0.00
2015.08.20 13:05:10.467,11.41811,11.42102,0.00,0.00
2015.08.20 13:05:10.619,11.41788,11.42102,0.00,0.00
2015.08.20 13:05:10.812,11.41772,11.42051,0.00,0.00
2015.08.20 13:05:10.913,11.41742,11.42052,0.00,0.00
2015.08.20 13:05:10.964,11.41728,11.42052,0.00,0.00
2015.08.20 13:05:11.842,11.41728,11.42021,0.00,0.00
2015.08.20 13:05:11.944,11.41679,11.42001,0.00,0.00
2015.08.20 13:05:12.299,11.41698,11.42001,0.00,0.00
2015.08.20 13:05:12.401,11.41679,11.42001,0.00,0.00
2015.08.20 13:05:12.932,11.41671,11.41951,0.00,0.00
2015.08.20 13:05:13.033,11.41629,11.41951,0.00,0.00
2015.08.20 13:05:13.650,11.4163,11.41951,0.00,0.00
2015.08.20 13:05:14.103,11.41638,11.41951,0.00,0.00
2015.08.20 13:05:14.202,11.41629,11.41951,0.00,0.00
2015.08.20 13:05:15.269,11.4163,11.41952,0.00,0.00
2015.08.20 13:05:15.844,11.41628,11.4192,0.00,0.00
2015.08.20 13:05:15.895,11.41588,11.41901,0.00,0.00
2015.08.20 13:05:16.971,11.41629,11.41951,0.00,0.00
2015.08.20 13:05:17.525,11.4163,11.41951,0.00,0.00
2015.08.20 13:05:18.059,11.41629,11.41951,0.00,0.00
2015.08.20 13:05:18.167,11.41629,11.41901,0.00,0.00
2015.08.20 13:05:18.519,11.41629,11.41951,0.00,0.00
2015.08.20 13:05:19.455,11.4163,11.41951,0.00,0.00
2015.08.20 13:05:20.157,11.41629,11.41951,0.00,0.00
2015.08.20 13:05:21.287,11.41668,11.4197,0.00,0.00
2015.08.20 13:05:21.883,11.41668,11.41971,0.00,0.00
2015.08.20 13:05:22.989,11.41668,11.4197,0.00,0.00
2015.08.20 13:05:23.688,11.41668,11.41971,0.00,0.00
2015.08.20 13:05:24.294,11.41668,11.4197,0.00,0.00
2015.08.20 13:05:25.276,11.41668,11.41971,0.00,0.00
2015.08.20 13:05:25.812,11.41668,11.4197,0.00,0.00
2015.08.20 13:05:26.481,11.41668,11.41971,0.00,0.00
2015.08.20 13:05:29.405,11.41668,11.4197,0.00,0.00
2015.08.20 13:05:29.940,11.41718,11.41971,0.00,0.00
2015.08.20 13:05:30.041,11.41718,11.42002,0.00,0.00
2015.08.20 13:05:30.092,11.41668,11.41992,0.00,0.00
2015.08.20 13:05:30.931,11.41638,11.41941,0.00,0.00
2015.08.20 13:05:31.031,11.41629,11.41941,0.00,0.00
2015.08.20 13:05:31.132,11.41619,11.41941,0.00,0.00
2015.08.20 13:05:31.183,11.41669,11.4197,0.00,0.00
2015.08.20 13:05:31.696,11.41669,11.41971,0.00,0.00
2015.08.20 13:05:31.797,11.41718,11.42028,0.00,0.00
2015.08.20 13:05:32.645,11.41668,11.41961,0.00,0.00
2015.08.20 13:05:32.953,11.41629,11.41942,0.00,0.00
2015.08.20 13:05:33.155,11.41668,11.41971,0.00,0.00
2015.08.20 13:05:33.740,11.41718,11.41971,0.00,0.00
2015.08.20 13:05:33.791,11.41718,11.42042,0.00,0.00
2015.08.20 13:05:34.107,11.41718,11.4204,0.00,0.00
2015.08.20 13:05:34.158,11.41668,11.41992,0.00,0.00
2015.08.20 13:05:34.440,11.41668,11.41971,0.00,0.00
2015.08.20 13:05:34.491,11.41631,11.41941,0.00,0.00
2015.08.20 13:05:34.541,11.41688,11.41941,0.00,0.00
2015.08.20 13:05:34.981,11.41668,11.41992,0.00,0.00
2015.08.20 13:05:37.598,11.41718,11.42042,0.00,0.00
2015.08.20 13:05:38.032,11.41718,11.42021,0.00,0.00
2015.08.20 13:05:38.350,11.41669,11.41962,0.00,0.00
2015.08.20 13:05:38.459,11.41669,11.4197,0.00,0.00
2015.08.20 13:05:39.071,11.41669,11.41971,0.00,0.00
2015.08.20 13:05:39.123,11.41668,11.41961,0.00,0.00
2015.08.20 13:05:39.287,11.41618,11.41942,0.00,0.00
2015.08.20 13:05:39.539,11.41669,11.41952,0.00,0.00
2015.08.20 13:05:40.662,11.41669,11.41971,0.00,0.00
2015.08.20 13:05:40.719,11.41718,11.41971,0.00,0.00
2015.08.20 13:05:40.876,11.41718,11.42042,0.00,0.00
2015.08.20 13:05:41.186,11.41718,11.42001,0.00,0.00
2015.08.20 13:05:41.672,11.41718,11.42012,0.00,0.00
2015.08.20 13:05:41.790,11.41718,11.42042,0.00,0.00
2015.08.20 13:05:41.990,11.41718,11.42021,0.00,0.00
2015.08.20 13:05:42.091,11.41718,11.42041,0.00,0.00
2015.08.20 13:05:43.298,11.41718,11.42042,0.00,0.00
2015.08.20 13:05:44.902,11.41718,11.42022,0.00,0.00
2015.08.20 13:05:45.202,11.41718,11.42042,0.00,0.00
2015.08.20 13:05:47.007,11.41718,11.42021,0.00,0.00
2015.08.20 13:05:47.509,11.41718,11.42041,0.00,0.00
2015.08.20 13:05:47.560,11.41668,11.4197,0.00,0.00
2015.08.20 13:05:48.336,11.41719,11.42022,0.00,0.00
2015.08.20 13:05:48.615,11.41719,11.41992,0.00,0.00
2015.08.20 13:05:48.716,11.41719,11.42032,0.00,0.00
2015.08.20 13:05:49.975,11.41719,11.42001,0.00,0.00
2015.08.20 13:05:50.104,11.41669,11.4197,0.00,0.00
2015.08.20 13:05:50.169,11.41669,11.41952,0.00,0.00
2015.08.20 13:05:50.472,11.41719,11.41942,0.00,0.00
2015.08.20 13:05:50.523,11.41618,11.41942,0.00,0.00
2015.08.20 13:05:50.573,11.41618,11.41932,0.00,0.00
2015.08.20 13:05:50.783,11.41618,11.41942,0.00,0.00
2015.08.20 13:05:50.984,11.41618,11.41931,0.00,0.00
2015.08.20 13:05:51.772,11.41618,11.41942,0.00,0.00
2015.08.20 13:05:55.579,11.41618,11.41941,0.00,0.00
2015.08.20 13:05:56.366,11.41668,11.41941,0.00,0.00
2015.08.20 13:05:56.416,11.41668,11.41952,0.00,0.00
2015.08.20 13:05:56.781,11.41668,11.41941,0.00,0.00
2015.08.20 13:05:57.150,11.41619,11.41941,0.00,0.00
2015.08.20 13:05:57.201,11.41619,11.41922,0.00,0.00
2015.08.20 13:05:57.743,11.41619,11.41911,0.00,0.00
2015.08.20 13:05:57.986,11.41619,11.41922,0.00,0.00
2015.08.20 13:05:58.413,11.41619,11.41902,0.00,0.00
2015.08.20 13:05:59.031,11.41619,11.41922,0.00,0.00
2015.08.20 13:05:59.886,11.41619,11.41901,0.00,0.00
2015.08.20 13:06:00.501,11.41619,11.41912,0.00,0.00
2015.08.20 13:06:00.603,11.41619,11.41931,0.00,0.00
2015.08.20 13:06:01.160,11.41619,11.4193,0.00,0.00
2015.08.20 13:06:01.348,11.41619,11.41941,0.00,0.00
2015.08.20 13:06:01.963,11.41619,11.4194,0.00,0.00
2015.08.20 13:06:02.014,11.41619,11.41932,0.00,0.00
2015.08.20 13:06:02.359,11.41571,11.41831,0.00,0.00
2015.08.20 13:06:02.510,11.41518,11.41822,0.00,0.00
2015.08.20 13:06:02.717,11.41518,11.41831,0.00,0.00
2015.08.20 13:06:02.818,11.41518,11.41821,0.00,0.00
2015.08.20 13:06:03.352,11.41618,11.41911,0.00,0.00
2015.08.20 13:06:03.403,11.41618,11.41929,0.00,0.00
2015.08.20 13:06:03.606,11.41618,11.41942,0.00,0.00
2015.08.20 13:06:03.706,11.41618,11.41921,0.00,0.00
2015.08.20 13:06:04.140,11.41618,11.41911,0.00,0.00
2015.08.20 13:06:04.190,11.41568,11.41892,0.00,0.00
2015.08.20 13:06:04.241,11.41568,11.41882,0.00,0.00
2015.08.20 13:06:05.113,11.41569,11.41831,0.00,0.00
2015.08.20 13:06:05.404,11.41569,11.41842,0.00,0.00
2015.08.20 13:06:05.945,11.41518,11.41842,0.00,0.00
2015.08.20 13:06:06.380,11.41518,11.41822,0.00,0.00
2015.08.20 13:06:06.701,11.41518,11.41812,0.00,0.00
2015.08.20 13:06:07.010,11.41501,11.41729,0.00,0.00
2015.08.20 13:06:07.061,11.41468,11.417,0.00,0.00
2015.08.20 13:06:07.161,11.41418,11.41702,0.00,0.00
2015.08.20 13:06:07.594,11.41401,11.41678,0.00,0.00
2015.08.20 13:06:08.351,11.41419,11.41678,0.00,0.00
2015.08.20 13:06:08.452,11.41419,11.41718,0.00,0.00
2015.08.20 13:06:09.536,11.41469,11.41718,0.00,0.00
2015.08.20 13:06:09.688,11.41469,11.41769,0.00,0.00
2015.08.20 13:06:10.703,11.41469,11.41729,0.00,0.00
2015.08.20 13:06:10.754,11.41452,11.41729,0.00,0.00
2015.08.20 13:06:10.912,11.41418,11.41729,0.00,0.00
2015.08.20 13:06:11.765,11.41418,11.4172,0.00,0.00
2015.08.20 13:06:12.403,11.41418,11.41721,0.00,0.00
2015.08.20 13:06:13.520,11.41438,11.41721,0.00,0.00
2015.08.20 13:06:13.570,11.41438,11.41729,0.00,0.00
2015.08.20 13:06:15.448,11.41438,11.41692,0.00,0.00
2015.08.20 13:06:16.359,11.41439,11.41719,0.00,0.00
2015.08.20 13:06:16.845,11.41439,11.41711,0.00,0.00
2015.08.20 13:06:17.246,11.41439,11.41692,0.00,0.00
2015.08.20 13:06:17.347,11.41439,11.41719,0.00,0.00
2015.08.20 13:06:17.785,11.41439,11.41712,0.00,0.00
2015.08.20 13:06:18.300,11.41439,11.41711,0.00,0.00
2015.08.20 13:06:18.903,11.41439,11.41712,0.00,0.00
2015.08.20 13:06:18.953,11.41439,11.41719,0.00,0.00
2015.08.20 13:06:19.360,11.41439,11.41711,0.00,0.00
2015.08.20 13:06:19.461,11.41388,11.41711,0.00,0.00
2015.08.20 13:06:19.511,11.41388,11.4166,0.00,0.00
2015.08.20 13:06:19.788,11.41351,11.4163,0.00,0.00
2015.08.20 13:06:19.839,11.41351,11.41611,0.00,0.00
2015.08.20 13:06:20.045,11.41241,11.4152,0.00,0.00
2015.08.20 13:06:20.147,11.41238,11.41529,0.00,0.00
2015.08.20 13:06:21.404,11.41238,11.4151,0.00,0.00
2015.08.20 13:06:21.562,11.41188,11.41478,0.00,0.00
2015.08.20 13:06:21.663,11.41188,11.41472,0.00,0.00
2015.08.20 13:06:21.764,11.41189,11.41478,0.00,0.00
2015.08.20 13:06:22.016,11.41239,11.41509,0.00,0.00
2015.08.20 13:06:24.535,11.41151,11.41371,0.00,0.00
2015.08.20 13:06:24.686,11.41188,11.41469,0.00,0.00
2015.08.20 13:06:24.938,11.41239,11.41469,0.00,0.00
2015.08.20 13:06:25.063,11.41239,11.41509,0.00,0.00
2015.08.20 13:06:25.726,11.41239,11.41478,0.00,0.00
2015.08.20 13:06:25.776,11.41188,11.41478,0.00,0.00
2015.08.20 13:06:25.926,11.41151,11.41362,0.00,0.00
2015.08.20 13:06:25.976,11.41129,11.41362,0.00,0.00
2015.08.20 13:06:26.028,11.41082,11.41362,0.00,0.00
2015.08.20 13:06:26.129,11.41079,11.41362,0.00,0.00
2015.08.20 13:06:26.179,11.41138,11.41399,0.00,0.00
2015.08.20 13:06:26.706,11.41138,11.41419,0.00,0.00
2015.08.20 13:06:28.688,11.41189,11.41459,0.00,0.00
2015.08.20 13:06:29.339,11.41189,11.41469,0.00,0.00
2015.08.20 13:06:30.043,11.41201,11.41491,0.00,0.00
2015.08.20 13:06:30.094,11.41201,11.41508,0.00,0.00
2015.08.20 13:06:30.144,11.41238,11.41508,0.00,0.00
2015.08.20 13:06:30.868,11.41201,11.4146,0.00,0.00
2015.08.20 13:06:30.970,11.41201,11.41472,0.00,0.00
2015.08.20 13:06:31.121,11.41201,11.41469,0.00,0.00
2015.08.20 13:06:31.464,11.41188,11.41469,0.00,0.00
2015.08.20 13:06:31.666,11.41239,11.41508,0.00,0.00
2015.08.20 13:06:34.165,11.41239,11.41491,0.00,0.00
2015.08.20 13:06:34.496,11.41239,11.41508,0.00,0.00
2015.08.20 13:06:36.258,11.41248,11.41508,0.00,0.00
2015.08.20 13:06:36.309,11.41288,11.41609,0.00,0.00
2015.08.20 13:06:36.410,11.41288,11.41612,0.00,0.00
2015.08.20 13:06:36.510,11.41338,11.41629,0.00,0.00
2015.08.20 13:06:36.960,11.41338,11.41621,0.00,0.00
2015.08.20 13:06:37.913,11.41338,11.41601,0.00,0.00
2015.08.20 13:06:38.165,11.41389,11.41679,0.00,0.00
2015.08.20 13:06:38.512,11.41439,11.41679,0.00,0.00
2015.08.20 13:06:38.614,11.41439,11.41712,0.00,0.00
2015.08.20 13:06:38.715,11.41439,11.41719,0.00,0.00
2015.08.20 13:06:38.963,11.41439,11.41702,0.00,0.00
2015.08.20 13:06:39.494,11.41439,11.41692,0.00,0.00
2015.08.20 13:06:39.865,11.41439,11.41701,0.00,0.00
2015.08.20 13:06:39.966,11.41439,11.41719,0.00,0.00
2015.08.20 13:06:42.647,11.41539,11.41719,0.00,0.00
2015.08.20 13:06:43.078,11.41539,11.41732,0.00,0.00
2015.08.20 13:06:43.134,11.41502,11.41732,0.00,0.00
2015.08.20 13:06:43.185,11.41502,11.41741,0.00,0.00
2015.08.20 13:06:43.286,11.41502,11.41769,0.00,0.00
2015.08.20 13:06:43.387,11.41502,11.41741,0.00,0.00
2015.08.20 13:06:43.488,11.41502,11.41761,0.00,0.00
2015.08.20 13:06:43.589,11.41502,11.41769,0.00,0.00
2015.08.20 13:06:43.870,11.41502,11.41762,0.00,0.00
2015.08.20 13:06:44.114,11.41489,11.41762,0.00,0.00
2015.08.20 13:06:45.903,11.41489,11.41769,0.00,0.00
2015.08.20 13:06:46.174,11.41489,11.41761,0.00,0.00
2015.08.20 13:06:46.826,11.41489,11.41769,0.00,0.00
2015.08.20 13:06:47.676,11.41489,11.41762,0.00,0.00
2015.08.20 13:06:49.106,11.41489,11.41682,0.00,0.00
2015.08.20 13:06:49.157,11.41438,11.41682,0.00,0.00
2015.08.20 13:06:49.308,11.41438,11.41712,0.00,0.00
2015.08.20 13:06:49.611,11.41438,11.41701,0.00,0.00
2015.08.20 13:06:49.780,11.41438,11.41711,0.00,0.00
2015.08.20 13:06:50.382,11.41438,11.41719,0.00,0.00
2015.08.20 13:06:51.319,11.41438,11.41692,0.00,0.00
2015.08.20 13:06:52.185,11.41438,11.41719,0.00,0.00
2015.08.20 13:06:52.236,11.41538,11.41728,0.00,0.00
2015.08.20 13:06:52.337,11.41438,11.41691,0.00,0.00
2015.08.20 13:06:52.489,11.41438,11.41712,0.00,0.00
2015.08.20 13:06:52.736,11.41438,11.41691,0.00,0.00
2015.08.20 13:06:52.787,11.41402,11.41662,0.00,0.00
2015.08.20 13:06:53.477,11.41389,11.41662,0.00,0.00
2015.08.20 13:06:53.688,11.41389,11.41672,0.00,0.00
2015.08.20 13:06:54.085,11.41438,11.41672,0.00,0.00
2015.08.20 13:06:54.136,11.41438,11.41678,0.00,0.00
2015.08.20 13:06:54.195,11.41438,11.41712,0.00,0.00
2015.08.20 13:06:54.389,11.41438,11.41719,0.00,0.00
2015.08.20 13:06:55.087,11.41438,11.41662,0.00,0.00
2015.08.20 13:06:55.138,11.41438,11.41682,0.00,0.00
2015.08.20 13:06:55.490,11.41438,11.41702,0.00,0.00
2015.08.20 13:06:55.591,11.41438,11.41672,0.00,0.00
2015.08.20 13:06:55.642,11.41401,11.41672,0.00,0.00
2015.08.20 13:06:55.793,11.41401,11.41651,0.00,0.00
2015.08.20 13:06:56.185,11.41389,11.41651,0.00,0.00
2015.08.20 13:06:57.190,11.41351,11.41629,0.00,0.00
2015.08.20 13:06:57.341,11.41351,11.41622,0.00,0.00
2015.08.20 13:06:57.668,11.41338,11.41572,0.00,0.00
2015.08.20 13:06:58.141,11.41338,11.41592,0.00,0.00
2015.08.20 13:06:59.853,11.41338,11.41581,0.00,0.00
2015.08.20 13:06:59.916,11.41338,11.41611,0.00,0.00
2015.08.20 13:07:00.017,11.41338,11.41562,0.00,0.00
2015.08.20 13:07:00.347,11.41338,11.41602,0.00,0.00
2015.08.20 13:07:00.448,11.41338,11.41621,0.00,0.00
2015.08.20 13:07:00.618,11.41338,11.41601,0.00,0.00
2015.08.20 13:07:01.932,11.41338,11.41621,0.00,0.00
2015.08.20 13:07:03.266,11.41352,11.41621,0.00,0.00
2015.08.20 13:07:03.317,11.41352,11.41632,0.00,0.00
2015.08.20 13:07:03.855,11.41352,11.41652,0.00,0.00
2015.08.20 13:07:04.059,11.41352,11.41661,0.00,0.00
2015.08.20 13:07:05.534,11.41352,11.41642,0.00,0.00
2015.08.20 13:07:05.776,11.41338,11.41642,0.00,0.00
2015.08.20 13:07:05.877,11.41338,11.41628,0.00,0.00
2015.08.20 13:07:06.187,11.41338,11.41611,0.00,0.00
2015.08.20 13:07:06.528,11.41338,11.41601,0.00,0.00
2015.08.20 13:07:07.025,11.41338,11.4161,0.00,0.00
2015.08.20 13:07:07.481,11.41338,11.41612,0.00,0.00
2015.08.20 13:07:07.619,11.41338,11.41621,0.00,0.00
2015.08.20 13:07:08.004,11.41338,11.41628,0.00,0.00
2015.08.20 13:07:11.787,11.41389,11.41628,0.00,0.00
2015.08.20 13:07:11.838,11.41389,11.41708,0.00,0.00
2015.08.20 13:07:12.050,11.41438,11.41708,0.00,0.00
2015.08.20 13:07:12.566,11.41388,11.41708,0.00,0.00
2015.08.20 13:07:12.616,11.41388,11.41681,0.00,0.00
2015.08.20 13:07:13.221,11.41388,11.41668,0.00,0.00
2015.08.20 13:07:13.567,11.41439,11.41668,0.00,0.00
2015.08.20 13:07:13.667,11.41439,11.41708,0.00,0.00
2015.08.20 13:07:15.363,11.41488,11.41708,0.00,0.00
2015.08.20 13:07:15.414,11.41488,11.41769,0.00,0.00
2015.08.20 13:07:15.667,11.41489,11.41762,0.00,0.00
2015.08.20 13:07:15.768,11.41489,11.41769,0.00,0.00
2015.08.20 13:07:16.224,11.41489,11.41772,0.00,0.00
2015.08.20 13:07:16.274,11.41539,11.41809,0.00,0.00
2015.08.20 13:07:16.856,11.41502,11.41809,0.00,0.00
2015.08.20 13:07:16.957,11.41502,11.41762,0.00,0.00
2015.08.20 13:07:17.158,11.41502,11.41768,0.00,0.00
2015.08.20 13:07:17.574,11.41502,11.418,0.00,0.00
2015.08.20 13:07:17.625,11.41538,11.41809,0.00,0.00
2015.08.20 13:07:17.735,11.41502,11.41809,0.00,0.00
2015.08.20 13:07:17.893,11.41502,11.41769,0.00,0.00
2015.08.20 13:07:17.993,11.41489,11.41768,0.00,0.00
2015.08.20 13:07:18.195,11.41489,11.41762,0.00,0.00
2015.08.20 13:07:18.362,11.41489,11.41768,0.00,0.00
2015.08.20 13:07:19.100,11.41488,11.41768,0.00,0.00
2015.08.20 13:07:19.201,11.41488,11.41761,0.00,0.00
2015.08.20 13:07:19.575,11.41488,11.41742,0.00,0.00
2015.08.20 13:07:20.071,11.41539,11.41801,0.00,0.00
2015.08.20 13:07:20.870,11.41502,11.41731,0.00,0.00
2015.08.20 13:07:20.972,11.41502,11.41762,0.00,0.00
2015.08.20 13:07:21.374,11.41489,11.41762,0.00,0.00
2015.08.20 13:07:23.824,11.41438,11.41721,0.00,0.00
2015.08.20 13:07:23.995,11.41438,11.41712,0.00,0.00
2015.08.20 13:07:24.236,11.41401,11.41679,0.00,0.00
2015.08.20 13:07:24.286,11.41401,11.41672,0.00,0.00
2015.08.20 13:07:24.823,11.41401,11.41679,0.00,0.00
2015.08.20 13:07:24.894,11.41388,11.41679,0.00,0.00
2015.08.20 13:07:25.283,11.41388,11.41672,0.00,0.00
2015.08.20 13:07:25.939,11.41351,11.41661,0.00,0.00
2015.08.20 13:07:25.998,11.41351,11.41628,0.00,0.00
2015.08.20 13:07:26.304,11.41388,11.41669,0.00,0.00
2015.08.20 13:07:26.425,11.41438,11.41669,0.00,0.00
2015.08.20 13:07:26.577,11.41438,11.41709,0.00,0.00
2015.08.20 13:07:27.069,11.41479,11.41702,0.00,0.00
2015.08.20 13:07:27.120,11.41538,11.41791,0.00,0.00
2015.08.20 13:07:27.220,11.41501,11.41768,0.00,0.00
2015.08.20 13:07:27.408,11.41501,11.41762,0.00,0.00
2015.08.20 13:07:27.559,11.41388,11.41679,0.00,0.00
2015.08.20 13:07:27.785,11.41439,11.41679,0.00,0.00
2015.08.20 13:07:27.886,11.41439,11.41712,0.00,0.00
2015.08.20 13:07:27.937,11.41439,11.41718,0.00,0.00
2015.08.20 13:07:30.395,11.41439,11.4171,0.00,0.00
2015.08.20 13:07:30.721,11.41439,11.41718,0.00,0.00
2015.08.20 13:07:31.782,11.41439,11.41711,0.00,0.00
2015.08.20 13:07:32.780,11.41439,11.41718,0.00,0.00
2015.08.20 13:07:33.381,11.41439,11.41711,0.00,0.00
2015.08.20 13:07:33.928,11.41439,11.4171,0.00,0.00
2015.08.20 13:07:34.131,11.41439,11.41718,0.00,0.00
2015.08.20 13:07:36.047,11.41439,11.41701,0.00,0.00
2015.08.20 13:07:36.651,11.41439,11.4167,0.00,0.00
2015.08.20 13:07:36.701,11.41388,11.41629,0.00,0.00
2015.08.20 13:07:37.210,11.41351,11.41622,0.00,0.00
2015.08.20 13:07:37.356,11.41289,11.4157,0.00,0.00
2015.08.20 13:07:37.456,11.41289,11.41562,0.00,0.00
2015.08.20 13:07:37.560,11.41289,11.41579,0.00,0.00
2015.08.20 13:07:38.437,11.41289,11.41591,0.00,0.00
2015.08.20 13:07:38.488,11.41338,11.41601,0.00,0.00
2015.08.20 13:07:38.538,11.41338,11.41609,0.00,0.00
2015.08.20 13:07:38.758,11.41338,11.41602,0.00,0.00
2015.08.20 13:07:39.151,11.41338,11.41609,0.00,0.00
2015.08.20 13:07:39.365,11.41338,11.41591,0.00,0.00
2015.08.20 13:07:39.415,11.41301,11.41582,0.00,0.00
2015.08.20 13:07:39.466,11.41301,11.41561,0.00,0.00
2015.08.20 13:07:40.212,11.41239,11.41528,0.00,0.00
2015.08.20 13:07:40.316,11.41239,11.41522,0.00,0.00
2015.08.20 13:07:40.617,11.41239,11.41512,0.00,0.00
2015.08.20 13:07:41.738,11.41239,11.41511,0.00,0.00
2015.08.20 13:07:42.069,11.41151,11.4137,0.00,0.00
2015.08.20 13:07:42.221,11.41151,11.41402,0.00,0.00
2015.08.20 13:07:42.322,11.41151,11.41421,0.00,0.00
2015.08.20 13:07:42.372,11.41151,11.41411,0.00,0.00
2015.08.20 13:07:42.473,11.41151,11.4142,0.00,0.00
2015.08.20 13:07:42.575,11.41151,11.41429,0.00,0.00
2015.08.20 13:07:43.064,11.41151,11.41392,0.00,0.00
2015.08.20 13:07:43.172,11.41138,11.41391,0.00,0.00
2015.08.20 13:07:43.523,11.41138,11.4142,0.00,0.00
2015.08.20 13:07:43.751,11.41138,11.41429,0.00,0.00
2015.08.20 13:07:43.823,11.41138,11.41411,0.00,0.00
2015.08.20 13:07:44.436,11.41138,11.41402,0.00,0.00
2015.08.20 13:07:44.588,11.41038,11.4133,0.00,0.00
2015.08.20 13:07:44.638,11.41038,11.41322,0.00,0.00
2015.08.20 13:07:44.939,11.41038,11.41331,0.00,0.00
2015.08.20 13:07:45.039,11.41038,11.41322,0.00,0.00
2015.08.20 13:07:45.140,11.41001,11.41311,0.00,0.00
2015.08.20 13:07:45.191,11.41001,11.41248,0.00,0.00
2015.08.20 13:07:45.292,11.40938,11.41248,0.00,0.00
2015.08.20 13:07:46.459,11.40938,11.4124,0.00,0.00
2015.08.20 13:07:46.781,11.40938,11.41231,0.00,0.00
2015.08.20 13:07:47.062,11.40938,11.41241,0.00,0.00
2015.08.20 13:07:47.593,11.40938,11.41211,0.00,0.00
2015.08.20 13:07:47.665,11.40938,11.41241,0.00,0.00
2015.08.20 13:07:47.766,11.40938,11.41248,0.00,0.00
2015.08.20 13:07:47.985,11.40938,11.4124,0.00,0.00
2015.08.20 13:07:48.568,11.40938,11.4123,0.00,0.00
2015.08.20 13:07:49.266,11.40938,11.41231,0.00,0.00
2015.08.20 13:07:49.317,11.40888,11.41212,0.00,0.00
2015.08.20 13:07:49.367,11.40888,11.41189,0.00,0.00
2015.08.20 13:07:49.734,11.40851,11.41148,0.00,0.00
2015.08.20 13:07:50.084,11.40851,11.41111,0.00,0.00
2015.08.20 13:07:50.135,11.40789,11.41099,0.00,0.00
2015.08.20 13:07:50.637,11.40838,11.41099,0.00,0.00
2015.08.20 13:07:51.096,11.40838,11.41128,0.00,0.00
2015.08.20 13:07:51.300,11.40789,11.41111,0.00,0.00
2015.08.20 13:07:51.351,11.40789,11.41098,0.00,0.00
2015.08.20 13:07:53.218,11.40838,11.41129,0.00,0.00
2015.08.20 13:07:57.355,11.40888,11.41129,0.00,0.00
2015.08.20 13:07:57.506,11.40888,11.41201,0.00,0.00
2015.08.20 13:07:57.557,11.40939,11.41229,0.00,0.00
2015.08.20 13:07:57.956,11.40939,11.41211,0.00,0.00
2015.08.20 13:07:58.057,11.40939,11.41229,0.00,0.00
2015.08.20 13:07:58.804,11.40988,11.41261,0.00,0.00
2015.08.20 13:07:58.855,11.40988,11.41312,0.00,0.00
2015.08.20 13:07:58.905,11.40988,11.41289,0.00,0.00
2015.08.20 13:07:59.417,11.40989,11.41289,0.00,0.00
2015.08.20 13:08:00.811,11.40989,11.41271,0.00,0.00
2015.08.20 13:08:00.861,11.40951,11.41261,0.00,0.00
2015.08.20 13:08:00.912,11.40939,11.4126,0.00,0.00
2015.08.20 13:08:00.962,11.40961,11.4126,0.00,0.00
2015.08.20 13:08:01.359,11.41039,11.41299,0.00,0.00
2015.08.20 13:08:01.542,11.41039,11.41329,0.00,0.00
2015.08.20 13:08:02.298,11.41088,11.41329,0.00,0.00
2015.08.20 13:08:02.449,11.41088,11.41378,0.00,0.00
2015.08.20 13:08:02.500,11.41088,11.41352,0.00,0.00
2015.08.20 13:08:02.701,11.41088,11.41378,0.00,0.00
2015.08.20 13:08:02.967,11.41088,11.41372,0.00,0.00
2015.08.20 13:08:03.079,11.41088,11.41378,0.00,0.00
2015.08.20 13:08:04.056,11.41088,11.41401,0.00,0.00
2015.08.20 13:08:04.107,11.41139,11.41418,0.00,0.00
2015.08.20 13:08:04.443,11.41139,11.41411,0.00,0.00
2015.08.20 13:08:04.593,11.41139,11.41418,0.00,0.00
2015.08.20 13:08:04.826,11.41189,11.41418,0.00,0.00
2015.08.20 13:08:04.876,11.41189,11.41471,0.00,0.00
2015.08.20 13:08:05.078,11.41189,11.41441,0.00,0.00
2015.08.20 13:08:05.164,11.41189,11.41462,0.00,0.00
2015.08.20 13:08:05.400,11.41189,11.41469,0.00,0.00
2015.08.20 13:08:06.460,11.41189,11.41461,0.00,0.00
2015.08.20 13:08:06.511,11.41151,11.41461,0.00,0.00
2015.08.20 13:08:06.713,11.41188,11.41479,0.00,0.00
2015.08.20 13:08:07.014,11.41188,11.41462,0.00,0.00
2015.08.20 13:08:07.970,11.41188,11.41472,0.00,0.00
2015.08.20 13:08:08.170,11.41188,11.41479,0.00,0.00
2015.08.20 13:08:08.345,11.41201,11.41479,0.00,0.00
2015.08.20 13:08:08.648,11.41289,11.41561,0.00,0.00
2015.08.20 13:08:08.970,11.41289,11.41552,0.00,0.00
2015.08.20 13:08:09.421,11.41289,11.41568,0.00,0.00
2015.08.20 13:08:09.877,11.41289,11.41551,0.00,0.00
2015.08.20 13:08:09.984,11.41289,11.41568,0.00,0.00
2015.08.20 13:08:10.487,11.41289,11.41552,0.00,0.00
2015.08.20 13:08:10.811,11.41289,11.41542,0.00,0.00
2015.08.20 13:08:10.863,11.41251,11.41542,0.00,0.00
2015.08.20 13:08:10.914,11.41251,11.41529,0.00,0.00
2015.08.20 13:08:11.216,11.41338,11.41609,0.00,0.00
2015.08.20 13:08:12.302,11.41338,11.41591,0.00,0.00
2015.08.20 13:08:12.405,11.41338,11.41609,0.00,0.00
2015.08.20 13:08:12.708,11.41338,11.41581,0.00,0.00
2015.08.20 13:08:13.010,11.41338,11.41602,0.00,0.00
2015.08.20 13:08:13.081,11.41338,11.41609,0.00,0.00
2015.08.20 13:08:13.633,11.41438,11.41609,0.00,0.00
2015.08.20 13:08:13.683,11.41438,11.41682,0.00,0.00
2015.08.20 13:08:13.784,11.41438,11.41692,0.00,0.00
2015.08.20 13:08:13.885,11.41438,11.41709,0.00,0.00
2015.08.20 13:08:14.087,11.41438,11.41691,0.00,0.00
2015.08.20 13:08:14.974,11.41488,11.41732,0.00,0.00
2015.08.20 13:08:15.025,11.41488,11.41752,0.00,0.00
2015.08.20 13:08:15.126,11.41489,11.41761,0.00,0.00
2015.08.20 13:08:15.186,11.41489,11.41769,0.00,0.00
2015.08.20 13:08:15.287,11.41489,11.41752,0.00,0.00
2015.08.20 13:08:15.494,11.41438,11.41721,0.00,0.00
2015.08.20 13:08:15.595,11.41488,11.41762,0.00,0.00
2015.08.20 13:08:15.697,11.41488,11.41769,0.00,0.00
2015.08.20 13:08:15.889,11.41488,11.41762,0.00,0.00
2015.08.20 13:08:16.512,11.41488,11.41769,0.00,0.00
2015.08.20 13:08:16.790,11.41488,11.41762,0.00,0.00
2015.08.20 13:08:16.942,11.41439,11.4176,0.00,0.00
2015.08.20 13:08:16.992,11.41439,11.41722,0.00,0.00
2015.08.20 13:08:17.295,11.41489,11.41761,0.00,0.00
2015.08.20 13:08:18.334,11.41489,11.41751,0.00,0.00
2015.08.20 13:08:18.702,11.41489,11.41741,0.00,0.00
2015.08.20 13:08:19.095,11.41489,11.41721,0.00,0.00
2015.08.20 13:08:19.888,11.41489,11.41741,0.00,0.00
2015.08.20 13:08:20.249,11.41439,11.41729,0.00,0.00
2015.08.20 13:08:20.299,11.41439,11.41702,0.00,0.00
2015.08.20 13:08:21.223,11.41439,11.41682,0.00,0.00
2015.08.20 13:08:21.323,11.41439,11.41711,0.00,0.00
2015.08.20 13:08:21.502,11.41439,11.41702,0.00,0.00
2015.08.20 13:08:22.103,11.41439,11.41712,0.00,0.00
2015.08.20 13:08:22.204,11.41439,11.41691,0.00,0.00
2015.08.20 13:08:22.305,11.41439,11.41702,0.00,0.00
2015.08.20 13:08:22.764,11.41439,11.41691,0.00,0.00
2015.08.20 13:08:23.611,11.41439,11.41682,0.00,0.00
2015.08.20 13:08:23.953,11.41361,11.41661,0.00,0.00
2015.08.20 13:08:24.054,11.4136,11.41621,0.00,0.00
2015.08.20 13:08:24.835,11.41339,11.41621,0.00,0.00
2015.08.20 13:08:24.885,11.41338,11.41602,0.00,0.00
2015.08.20 13:08:25.821,11.41338,11.41611,0.00,0.00
2015.08.20 13:08:26.122,11.41338,11.41601,0.00,0.00
2015.08.20 13:08:26.666,11.41338,11.41612,0.00,0.00
2015.08.20 13:08:26.717,11.41338,11.41629,0.00,0.00
2015.08.20 13:08:27.326,11.41338,11.41611,0.00,0.00
2015.08.20 13:08:27.818,11.41338,11.41591,0.00,0.00
2015.08.20 13:08:28.133,11.41388,11.41591,0.00,0.00
2015.08.20 13:08:28.234,11.41388,11.41629,0.00,0.00
2015.08.20 13:08:28.285,11.41388,11.41631,0.00,0.00
2015.08.20 13:08:28.386,11.41438,11.41651,0.00,0.00
2015.08.20 13:08:28.683,11.41388,11.41631,0.00,0.00
2015.08.20 13:08:28.734,11.41388,11.41611,0.00,0.00
2015.08.20 13:08:29.298,11.41338,11.41611,0.00,0.00
2015.08.20 13:08:29.350,11.41388,11.41622,0.00,0.00
2015.08.20 13:08:29.880,11.41388,11.41602,0.00,0.00
2015.08.20 13:08:29.931,11.41338,11.41619,0.00,0.00
2015.08.20 13:08:30.031,11.41338,11.41581,0.00,0.00
2015.08.20 13:08:30.441,11.41338,11.41562,0.00,0.00
2015.08.20 13:08:30.643,11.41338,11.41602,0.00,0.00
2015.08.20 13:08:31.051,11.41338,11.41582,0.00,0.00
2015.08.20 13:08:31.646,11.41338,11.41602,0.00,0.00
2015.08.20 13:08:31.847,11.41338,11.41581,0.00,0.00
2015.08.20 13:08:33.632,11.41338,11.41612,0.00,0.00
2015.08.20 13:08:34.340,11.41338,11.41611,0.00,0.00
2015.08.20 13:08:34.767,11.41338,11.41601,0.00,0.00
2015.08.20 13:08:35.072,11.41389,11.41662,0.00,0.00
2015.08.20 13:08:35.962,11.41389,11.41709,0.00,0.00
2015.08.20 13:08:36.012,11.41439,11.41709,0.00,0.00
2015.08.20 13:08:36.465,11.41439,11.41702,0.00,0.00
2015.08.20 13:08:36.839,11.41439,11.41709,0.00,0.00
2015.08.20 13:08:40.494,11.41489,11.41709,0.00,0.00
2015.08.20 13:08:40.595,11.41489,11.41798,0.00,0.00
2015.08.20 13:08:40.706,11.41538,11.41798,0.00,0.00
2015.08.20 13:08:42.002,11.41588,11.41798,0.00,0.00
2015.08.20 13:08:42.154,11.41588,11.41902,0.00,0.00
2015.08.20 13:08:42.254,11.41638,11.41909,0.00,0.00
2015.08.20 13:08:43.321,11.41638,11.41902,0.00,0.00
2015.08.20 13:08:43.372,11.41638,11.41909,0.00,0.00
2015.08.20 13:08:44.868,11.41638,11.41929,0.00,0.00
2015.08.20 13:08:45.357,11.41662,11.41961,0.00,0.00
2015.08.20 13:08:45.408,11.41689,11.41991,0.00,0.00
2015.08.20 13:08:45.562,11.41738,11.41991,0.00,0.00
2015.08.20 13:08:46.673,11.41738,11.42001,0.00,0.00
2015.08.20 13:08:46.867,11.41738,11.41981,0.00,0.00
2015.08.20 13:08:47.217,11.41738,11.41961,0.00,0.00
2015.08.20 13:08:47.385,11.41738,11.41991,0.00,0.00
2015.08.20 13:08:47.486,11.41738,11.41962,0.00,0.00
2015.08.20 13:08:48.271,11.41688,11.41972,0.00,0.00
2015.08.20 13:08:48.374,11.41688,11.41922,0.00,0.00
2015.08.20 13:08:48.975,11.41688,11.41912,0.00,0.00
2015.08.20 13:08:49.168,11.41688,11.41922,0.00,0.00
2015.08.20 13:08:49.688,11.41688,11.41941,0.00,0.00
2015.08.20 13:08:49.790,11.41688,11.41969,0.00,0.00
2015.08.20 13:08:50.205,11.41688,11.41961,0.00,0.00
2015.08.20 13:08:50.487,11.41688,11.41992,0.00,0.00
2015.08.20 13:08:50.537,11.41688,11.41968,0.00,0.00
2015.08.20 13:08:50.838,11.41688,11.41952,0.00,0.00
2015.08.20 13:08:51.398,11.41688,11.41941,0.00,0.00
2015.08.20 13:08:51.713,11.41688,11.41922,0.00,0.00
2015.08.20 13:08:51.915,11.41688,11.41942,0.00,0.00
2015.08.20 13:08:52.016,11.41688,11.41912,0.00,0.00
2015.08.20 13:08:52.299,11.41688,11.41932,0.00,0.00
2015.08.20 13:08:52.400,11.41688,11.41912,0.00,0.00
2015.08.20 13:08:52.843,11.41688,11.41941,0.00,0.00
2015.08.20 13:08:53.803,11.41639,11.41951,0.00,0.00
2015.08.20 13:08:54.195,11.41689,11.41951,0.00,0.00
2015.08.20 13:08:54.534,11.41689,11.41942,0.00,0.00
2015.08.20 13:08:57.583,11.41689,11.41958,0.00,0.00
2015.08.20 13:08:57.817,11.41689,11.41951,0.00,0.00
2015.08.20 13:08:58.019,11.41689,11.41958,0.00,0.00
2015.08.20 13:08:59.214,11.41689,11.41951,0.00,0.00
2015.08.20 13:09:01.292,11.41689,11.41958,0.00,0.00
2015.08.20 13:09:01.402,11.41638,11.41932,0.00,0.00
2015.08.20 13:09:01.467,11.41688,11.41932,0.00,0.00
2015.08.20 13:09:01.518,11.41688,11.41951,0.00,0.00
2015.08.20 13:09:01.619,11.41688,11.41968,0.00,0.00
2015.08.20 13:09:01.731,11.41688,11.41951,0.00,0.00
2015.08.20 13:09:01.935,11.41688,11.41968,0.00,0.00
2015.08.20 13:09:02.340,11.41688,11.41962,0.00,0.00
2015.08.20 13:09:02.813,11.41688,11.41942,0.00,0.00
2015.08.20 13:09:03.034,11.41688,11.41961,0.00,0.00
2015.08.20 13:09:03.744,11.41688,11.41968,0.00,0.00
2015.08.20 13:09:04.141,11.41688,11.41962,0.00,0.00
2015.08.20 13:09:04.647,11.41688,11.41968,0.00,0.00
2015.08.20 13:09:04.698,11.41702,11.41982,0.00,0.00
2015.08.20 13:09:04.749,11.41702,11.42009,0.00,0.00
2015.08.20 13:09:05.752,11.41702,11.42001,0.00,0.00
2015.08.20 13:09:06.054,11.41788,11.42052,0.00,0.00
2015.08.20 13:09:06.404,11.41788,11.42031,0.00,0.00
2015.08.20 13:09:06.455,11.41788,11.42052,0.00,0.00
2015.08.20 13:09:07.507,11.41788,11.42022,0.00,0.00
2015.08.20 13:09:07.808,11.41788,11.42042,0.00,0.00
2015.08.20 13:09:07.859,11.41739,11.42042,0.00,0.00
2015.08.20 13:09:07.909,11.41739,11.42002,0.00,0.00
2015.08.20 13:09:10.462,11.41739,11.42021,0.00,0.00
2015.08.20 13:09:10.514,11.41739,11.42001,0.00,0.00
2015.08.20 13:09:10.704,11.41701,11.42001,0.00,0.00
2015.08.20 13:09:10.755,11.41688,11.41919,0.00,0.00
2015.08.20 13:09:10.856,11.41639,11.41919,0.00,0.00
2015.08.20 13:09:11.632,11.41639,11.41858,0.00,0.00
2015.08.20 13:09:11.682,11.41602,11.41858,0.00,0.00
2015.08.20 13:09:11.969,11.41602,11.41842,0.00,0.00
2015.08.20 13:09:12.070,11.41538,11.41819,0.00,0.00
2015.08.20 13:09:13.626,11.41538,11.41762,0.00,0.00
2015.08.20 13:09:13.677,11.41502,11.4175,0.00,0.00
2015.08.20 13:09:13.727,11.41489,11.41719,0.00,0.00
2015.08.20 13:09:13.828,11.41489,11.41749,0.00,0.00
2015.08.20 13:09:20.422,11.41439,11.41709,0.00,0.00
2015.08.20 13:09:21.291,11.41488,11.41709,0.00,0.00
2015.08.20 13:09:21.341,11.41488,11.41748,0.00,0.00
2015.08.20 13:09:21.742,11.41488,11.41719,0.00,0.00
2015.08.20 13:09:21.800,11.41438,11.41719,0.00,0.00
2015.08.20 13:09:30.433,11.41488,11.41748,0.00,0.00
2015.08.20 13:09:32.048,11.41452,11.41748,0.00,0.00
2015.08.20 13:09:32.099,11.41438,11.41718,0.00,0.00
2015.08.20 13:09:33.254,11.41488,11.41749,0.00,0.00
2015.08.20 13:09:36.472,11.41538,11.41789,0.00,0.00
2015.08.20 13:09:36.882,11.41589,11.41789,0.00,0.00
2015.08.20 13:09:37.046,11.41589,11.41889,0.00,0.00
2015.08.20 13:09:37.247,11.41638,11.41889,0.00,0.00
2015.08.20 13:09:37.833,11.41638,11.41859,0.00,0.00
2015.08.20 13:09:38.815,11.41638,11.41899,0.00,0.00
2015.08.20 13:09:44.482,11.41688,11.41899,0.00,0.00
2015.08.20 13:09:44.634,11.41688,11.41951,0.00,0.00
2015.08.20 13:09:44.691,11.41652,11.41951,0.00,0.00
2015.08.20 13:09:44.742,11.41652,11.41919,0.00,0.00
2015.08.20 13:09:45.922,11.41639,11.41919,0.00,0.00
2015.08.20 13:09:50.129,11.41639,11.41911,0.00,0.00
2015.08.20 13:09:50.350,11.41639,11.41919,0.00,0.00
2015.08.20 13:10:00.404,11.41639,11.419,0.00,0.00
2015.08.20 13:10:01.144,11.41639,11.41901,0.00,0.00
2015.08.20 13:10:01.559,11.41621,11.419,0.00,0.00
2015.08.20 13:10:01.616,11.41621,11.4183,0.00,0.00
2015.08.20 13:10:01.667,11.41588,11.4183,0.00,0.00
2015.08.20 13:10:01.767,11.41551,11.41829,0.00,0.00
2015.08.20 13:10:02.979,11.41539,11.41829,0.00,0.00
2015.08.20 13:10:04.868,11.41541,11.41829,0.00,0.00
2015.08.20 13:10:05.872,11.41541,11.41852,0.00,0.00
2015.08.20 13:10:06.554,11.41541,11.41851,0.00,0.00
2015.08.20 13:10:07.529,11.41541,11.41841,0.00,0.00
2015.08.20 13:10:07.579,11.41539,11.41841,0.00,0.00
2015.08.20 13:10:07.630,11.41539,11.41821,0.00,0.00
2015.08.20 13:10:08.938,11.41539,11.4182,0.00,0.00
2015.08.20 13:10:09.656,11.41539,11.41821,0.00,0.00
2015.08.20 13:10:09.991,11.41539,11.4181,0.00,0.00
2015.08.20 13:10:10.629,11.41539,11.41811,0.00,0.00
2015.08.20 13:10:10.845,11.41539,11.41821,0.00,0.00
2015.08.20 13:10:10.945,11.41539,11.41831,0.00,0.00
2015.08.20 13:10:11.247,11.41539,11.4182,0.00,0.00
2015.08.20 13:10:11.856,11.41539,11.41841,0.00,0.00
2015.08.20 13:10:12.658,11.41588,11.41852,0.00,0.00
2015.08.20 13:10:12.759,11.41588,11.41882,0.00,0.00
2015.08.20 13:10:13.665,11.41588,11.41892,0.00,0.00
2015.08.20 13:10:14.261,11.41588,11.41891,0.00,0.00
2015.08.20 13:10:16.623,11.41588,11.41852,0.00,0.00
2015.08.20 13:10:16.767,11.41588,11.41871,0.00,0.00
2015.08.20 13:10:17.380,11.41588,11.41892,0.00,0.00
2015.08.20 13:10:18.911,11.41639,11.41892,0.00,0.00
2015.08.20 13:10:19.012,11.41639,11.41909,0.00,0.00
2015.08.20 13:10:19.113,11.41639,11.41932,0.00,0.00
2015.08.20 13:10:19.624,11.41639,11.41921,0.00,0.00
2015.08.20 13:10:19.674,11.41639,11.41951,0.00,0.00
2015.08.20 13:10:19.725,11.41639,11.4191,0.00,0.00
2015.08.20 13:10:20.038,11.41639,11.41902,0.00,0.00
2015.08.20 13:10:20.216,11.41639,11.41931,0.00,0.00
2015.08.20 13:10:20.936,11.41639,11.41932,0.00,0.00
2015.08.20 13:10:21.579,11.41639,11.41952,0.00,0.00
2015.08.20 13:10:22.612,11.41639,11.41931,0.00,0.00
2015.08.20 13:10:22.679,11.41639,11.41952,0.00,0.00
2015.08.20 13:10:24.800,11.41639,11.41942,0.00,0.00
2015.08.20 13:10:24.882,11.41639,11.41952,0.00,0.00
2015.08.20 13:10:25.496,11.41639,11.41942,0.00,0.00
2015.08.20 13:10:25.597,11.41639,11.41951,0.00,0.00
2015.08.20 13:10:26.092,11.41689,11.41951,0.00,0.00
2015.08.20 13:10:26.653,11.41738,11.42049,0.00,0.00
2015.08.20 13:10:26.786,11.41738,11.42042,0.00,0.00
2015.08.20 13:10:26.887,11.41738,11.42049,0.00,0.00
2015.08.20 13:10:26.937,11.41821,11.42049,0.00,0.00
2015.08.20 13:10:26.988,11.41821,11.42102,0.00,0.00
2015.08.20 13:10:27.089,11.41821,11.42112,0.00,0.00
2015.08.20 13:10:27.395,11.41838,11.42112,0.00,0.00
2015.08.20 13:10:28.054,11.41838,11.42021,0.00,0.00
2015.08.20 13:10:28.108,11.41838,11.42081,0.00,0.00
2015.08.20 13:10:28.390,11.41821,11.42081,0.00,0.00
2015.08.20 13:10:28.441,11.41821,11.42042,0.00,0.00
2015.08.20 13:10:28.492,11.41801,11.42042,0.00,0.00
2015.08.20 13:10:28.891,11.41801,11.42021,0.00,0.00
2015.08.20 13:10:29.093,11.41739,11.42021,0.00,0.00
2015.08.20 13:10:31.411,11.41739,11.4205,0.00,0.00
2015.08.20 13:10:31.595,11.41739,11.42022,0.00,0.00
2015.08.20 13:10:32.191,11.41739,11.42031,0.00,0.00
2015.08.20 13:10:32.242,11.41788,11.42072,0.00,0.00
2015.08.20 13:10:32.528,11.41788,11.42081,0.00,0.00
2015.08.20 13:10:32.629,11.41788,11.42051,0.00,0.00
2015.08.20 13:10:33.006,11.41781,11.42042,0.00,0.00
2015.08.20 13:10:33.316,11.41752,11.42022,0.00,0.00
2015.08.20 13:10:33.583,11.41739,11.42022,0.00,0.00
2015.08.20 13:10:34.301,11.41739,11.42031,0.00,0.00
2015.08.20 13:10:34.735,11.41739,11.42052,0.00,0.00
2015.08.20 13:10:35.142,11.41739,11.42031,0.00,0.00
2015.08.20 13:10:35.462,11.41822,11.42062,0.00,0.00
2015.08.20 13:10:35.513,11.41822,11.42072,0.00,0.00
2015.08.20 13:10:36.304,11.41788,11.42092,0.00,0.00
2015.08.20 13:10:36.606,11.41788,11.42082,0.00,0.00
2015.08.20 13:10:36.959,11.41788,11.42062,0.00,0.00
2015.08.20 13:10:37.814,11.41788,11.42082,0.00,0.00
2015.08.20 13:10:38.245,11.41788,11.42071,0.00,0.00
2015.08.20 13:10:38.296,11.41738,11.42062,0.00,0.00
2015.08.20 13:10:38.346,11.41738,11.42031,0.00,0.00
2015.08.20 13:10:39.963,11.41738,11.4203,0.00,0.00
2015.08.20 13:10:40.354,11.41738,11.4202,0.00,0.00
2015.08.20 13:10:40.463,11.41738,11.42051,0.00,0.00
2015.08.20 13:10:40.920,11.41738,11.42041,0.00,0.00
2015.08.20 13:10:43.132,11.41738,11.42022,0.00,0.00
2015.08.20 13:10:44.166,11.41738,11.4203,0.00,0.00
2015.08.20 13:10:44.731,11.41738,11.42031,0.00,0.00
2015.08.20 13:10:45.154,11.41738,11.42021,0.00,0.00
2015.08.20 13:10:45.530,11.41731,11.42011,0.00,0.00
2015.08.20 13:10:45.832,11.41652,11.41831,0.00,0.00
2015.08.20 13:10:46.028,11.41539,11.41821,0.00,0.00
2015.08.20 13:10:46.230,11.41539,11.41831,0.00,0.00
2015.08.20 13:10:46.281,11.41539,11.41841,0.00,0.00
2015.08.20 13:10:46.521,11.41589,11.41868,0.00,0.00
2015.08.20 13:10:46.572,11.41589,11.4189,0.00,0.00
2015.08.20 13:10:47.445,11.41589,11.41891,0.00,0.00
2015.08.20 13:10:47.496,11.41589,11.41899,0.00,0.00
2015.08.20 13:10:47.547,11.41638,11.41899,0.00,0.00
2015.08.20 13:10:47.649,11.41638,11.41942,0.00,0.00
2015.08.20 13:10:47.751,11.41638,11.41949,0.00,0.00
2015.08.20 13:10:48.102,11.41638,11.4194,0.00,0.00
2015.08.20 13:10:48.430,11.41638,11.41931,0.00,0.00
2015.08.20 13:10:48.753,11.41638,11.4194,0.00,0.00
2015.08.20 13:10:49.264,11.41638,11.41949,0.00,0.00
2015.08.20 13:10:49.455,11.41638,11.41932,0.00,0.00
2015.08.20 13:10:49.974,11.41638,11.41949,0.00,0.00
2015.08.20 13:10:50.158,11.41638,11.41932,0.00,0.00
2015.08.20 13:10:51.023,11.41638,11.41949,0.00,0.00
2015.08.20 13:10:51.557,11.41638,11.41921,0.00,0.00
2015.08.20 13:10:52.381,11.41638,11.41912,0.00,0.00
2015.08.20 13:10:52.927,11.41638,11.41911,0.00,0.00
2015.08.20 13:10:54.556,11.41621,11.4187,0.00,0.00
2015.08.20 13:10:54.657,11.41589,11.41911,0.00,0.00
2015.08.20 13:10:54.708,11.41589,11.41909,0.00,0.00
2015.08.20 13:10:55.349,11.41588,11.41909,0.00,0.00
2015.08.20 13:10:56.190,11.41588,11.41911,0.00,0.00
2015.08.20 13:10:56.241,11.41639,11.41949,0.00,0.00
2015.08.20 13:10:56.550,11.41639,11.41921,0.00,0.00
2015.08.20 13:10:56.651,11.41639,11.41949,0.00,0.00
2015.08.20 13:10:59.068,11.41688,11.41949,0.00,0.00
2015.08.20 13:10:59.270,11.41688,11.41971,0.00,0.00
2015.08.20 13:10:59.600,11.41688,11.41931,0.00,0.00
2015.08.20 13:10:59.651,11.41651,11.41931,0.00,0.00
2015.08.20 13:11:00.089,11.41688,11.41969,0.00,0.00
2015.08.20 13:11:00.206,11.41688,11.41982,0.00,0.00
2015.08.20 13:11:04.130,11.41682,11.41962,0.00,0.00
2015.08.20 13:11:04.231,11.41638,11.41941,0.00,0.00
2015.08.20 13:11:04.696,11.41638,11.41961,0.00,0.00
2015.08.20 13:11:05.467,11.41638,11.41932,0.00,0.00
2015.08.20 13:11:05.779,11.41621,11.41852,0.00,0.00
2015.08.20 13:11:05.880,11.41622,11.41871,0.00,0.00
2015.08.20 13:11:06.347,11.41638,11.41871,0.00,0.00
2015.08.20 13:11:06.397,11.41638,11.41921,0.00,0.00
2015.08.20 13:11:06.496,11.41638,11.41871,0.00,0.00
2015.08.20 13:11:06.547,11.41621,11.41862,0.00,0.00
2015.08.20 13:11:06.597,11.41621,11.41832,0.00,0.00
2015.08.20 13:11:06.648,11.41552,11.41832,0.00,0.00
2015.08.20 13:11:07.027,11.41522,11.41761,0.00,0.00
2015.08.20 13:11:07.128,11.41439,11.41742,0.00,0.00
2015.08.20 13:11:07.198,11.41439,11.4173,0.00,0.00
2015.08.20 13:11:07.473,11.41439,11.41741,0.00,0.00
2015.08.20 13:11:08.161,11.41439,11.41742,0.00,0.00
2015.08.20 13:11:08.302,11.41439,11.41731,0.00,0.00
2015.08.20 13:11:08.955,11.41439,11.4167,0.00,0.00
2015.08.20 13:11:09.006,11.41388,11.41652,0.00,0.00
2015.08.20 13:11:09.107,11.41352,11.41652,0.00,0.00
2015.08.20 13:11:09.277,11.41352,11.41662,0.00,0.00
2015.08.20 13:11:10.101,11.41538,11.4174,0.00,0.00
2015.08.20 13:11:10.152,11.41538,11.41742,0.00,0.00
2015.08.20 13:11:10.203,11.41539,11.41762,0.00,0.00
2015.08.20 13:11:10.304,11.41539,11.41781,0.00,0.00
2015.08.20 13:11:10.354,11.41539,11.41771,0.00,0.00
2015.08.20 13:11:10.406,11.41521,11.41771,0.00,0.00
2015.08.20 13:11:10.507,11.41539,11.41811,0.00,0.00
2015.08.20 13:11:10.683,11.41539,11.41802,0.00,0.00
2015.08.20 13:11:10.884,11.41539,11.41832,0.00,0.00
2015.08.20 13:11:11.183,11.41539,11.41782,0.00,0.00
2015.08.20 13:11:11.283,11.41539,11.41831,0.00,0.00
2015.08.20 13:11:12.267,11.41541,11.41831,0.00,0.00
2015.08.20 13:11:13.609,11.41541,11.41812,0.00,0.00
2015.08.20 13:11:13.710,11.41541,11.41832,0.00,0.00
2015.08.20 13:11:13.988,11.41541,11.41812,0.00,0.00
2015.08.20 13:11:14.039,11.41539,11.41812,0.00,0.00
2015.08.20 13:11:14.291,11.41539,11.41842,0.00,0.00
2015.08.20 13:11:14.487,11.41601,11.41842,0.00,0.00
2015.08.20 13:11:14.735,11.41601,11.41849,0.00,0.00
2015.08.20 13:11:14.786,11.41601,11.41851,0.00,0.00
2015.08.20 13:11:14.837,11.41601,11.41822,0.00,0.00
2015.08.20 13:11:14.890,11.41601,11.41851,0.00,0.00
2015.08.20 13:11:14.941,11.41621,11.41851,0.00,0.00
2015.08.20 13:11:14.991,11.41621,11.41901,0.00,0.00
2015.08.20 13:11:15.042,11.41601,11.41901,0.00,0.00
2015.08.20 13:11:15.511,11.41601,11.41892,0.00,0.00
2015.08.20 13:11:15.955,11.41588,11.41892,0.00,0.00
2015.08.20 13:11:16.157,11.41638,11.41892,0.00,0.00
2015.08.20 13:11:16.207,11.41638,11.41912,0.00,0.00
2015.08.20 13:11:16.308,11.41638,11.41942,0.00,0.00
2015.08.20 13:11:16.593,11.41638,11.41912,0.00,0.00
2015.08.20 13:11:16.694,11.41638,11.41942,0.00,0.00
2015.08.20 13:11:17.221,11.41688,11.41972,0.00,0.00
2015.08.20 13:11:17.822,11.41688,11.41992,0.00,0.00
2015.08.20 13:11:17.997,11.41688,11.41972,0.00,0.00
2015.08.20 13:11:18.358,11.41739,11.42021,0.00,0.00
2015.08.20 13:11:18.841,11.41739,11.42012,0.00,0.00
2015.08.20 13:11:18.892,11.41739,11.42032,0.00,0.00
2015.08.20 13:11:19.010,11.41739,11.42002,0.00,0.00
2015.08.20 13:11:19.111,11.41739,11.42032,0.00,0.00
2015.08.20 13:11:19.312,11.41789,11.42032,0.00,0.00
2015.08.20 13:11:19.843,11.41789,11.42021,0.00,0.00
2015.08.20 13:11:21.407,11.41789,11.42041,0.00,0.00
2015.08.20 13:11:21.620,11.41781,11.42041,0.00,0.00
2015.08.20 13:11:21.721,11.41738,11.42001,0.00,0.00
2015.08.20 13:11:21.872,11.41788,11.42001,0.00,0.00
2015.08.20 13:11:21.923,11.41788,11.42052,0.00,0.00
2015.08.20 13:11:21.974,11.41838,11.42052,0.00,0.00
2015.08.20 13:11:22.024,11.41838,11.42062,0.00,0.00
2015.08.20 13:11:22.465,11.41838,11.42081,0.00,0.00
2015.08.20 13:11:22.516,11.41838,11.42072,0.00,0.00
2015.08.20 13:11:22.624,11.41838,11.42102,0.00,0.00
2015.08.20 13:11:22.825,11.41838,11.42122,0.00,0.00
2015.08.20 13:11:23.036,11.41922,11.42122,0.00,0.00
2015.08.20 13:11:23.137,11.41922,11.42182,0.00,0.00
2015.08.20 13:11:23.256,11.41939,11.42182,0.00,0.00
2015.08.20 13:11:23.583,11.41901,11.42091,0.00,0.00
2015.08.20 13:11:23.736,11.41838,11.42091,0.00,0.00
2015.08.20 13:11:23.837,11.41838,11.42121,0.00,0.00
2015.08.20 13:11:24.371,11.41838,11.42122,0.00,0.00
2015.08.20 13:11:24.422,11.41838,11.42091,0.00,0.00
2015.08.20 13:11:24.577,11.41838,11.42111,0.00,0.00
2015.08.20 13:11:24.628,11.41838,11.42091,0.00,0.00
2015.08.20 13:11:24.945,11.41838,11.42122,0.00,0.00
2015.08.20 13:11:25.897,11.41888,11.42122,0.00,0.00
2015.08.20 13:11:25.947,11.41888,11.42142,0.00,0.00
2015.08.20 13:11:26.435,11.41888,11.42132,0.00,0.00
2015.08.20 13:11:27.109,11.41938,11.42132,0.00,0.00
2015.08.20 13:11:27.213,11.41938,11.42191,0.00,0.00
2015.08.20 13:11:27.368,11.41921,11.42191,0.00,0.00
2015.08.20 13:11:27.419,11.41921,11.42101,0.00,0.00
2015.08.20 13:11:27.469,11.41902,11.42101,0.00,0.00
2015.08.20 13:11:28.154,11.41839,11.42101,0.00,0.00
2015.08.20 13:11:28.205,11.41839,11.42091,0.00,0.00
2015.08.20 13:11:28.416,11.41839,11.42121,0.00,0.00
2015.08.20 13:11:28.851,11.41839,11.42092,0.00,0.00
2015.08.20 13:11:29.117,11.41839,11.42111,0.00,0.00
2015.08.20 13:11:29.168,11.41839,11.42122,0.00,0.00
2015.08.20 13:11:29.418,11.41839,11.42091,0.00,0.00
2015.08.20 13:11:29.919,11.41839,11.42121,0.00,0.00
2015.08.20 13:11:30.420,11.41839,11.42091,0.00,0.00
2015.08.20 13:11:30.621,11.41839,11.42122,0.00,0.00
2015.08.20 13:11:31.767,11.41839,11.42092,0.00,0.00
2015.08.20 13:11:31.922,11.41839,11.42122,0.00,0.00
2015.08.20 13:11:32.323,11.41839,11.42111,0.00,0.00
2015.08.20 13:11:32.743,11.41839,11.42091,0.00,0.00
2015.08.20 13:11:32.824,11.41839,11.42112,0.00,0.00
2015.08.20 13:11:33.425,11.41839,11.42121,0.00,0.00
2015.08.20 13:11:33.555,11.41839,11.42132,0.00,0.00
2015.08.20 13:11:33.925,11.41839,11.42112,0.00,0.00
2015.08.20 13:11:34.426,11.41839,11.42092,0.00,0.00
2015.08.20 13:11:35.348,11.41839,11.42101,0.00,0.00
2015.08.20 13:11:35.627,11.41839,11.42112,0.00,0.00
2015.08.20 13:11:35.949,11.41839,11.42121,0.00,0.00
2015.08.20 13:11:36.000,11.41839,11.42132,0.00,0.00
2015.08.20 13:11:38.131,11.41839,11.42112,0.00,0.00
2015.08.20 13:11:38.232,11.41839,11.42132,0.00,0.00
2015.08.20 13:11:38.733,11.41839,11.42122,0.00,0.00
2015.08.20 13:11:38.950,11.41839,11.42132,0.00,0.00
2015.08.20 13:11:39.076,11.41852,11.42132,0.00,0.00
2015.08.20 13:11:39.711,11.41852,11.42121,0.00,0.00
2015.08.20 13:11:40.014,11.41889,11.42142,0.00,0.00
2015.08.20 13:11:40.114,11.41852,11.42142,0.00,0.00
2015.08.20 13:11:40.165,11.41852,11.42102,0.00,0.00
2015.08.20 13:11:40.266,11.41852,11.42122,0.00,0.00
2015.08.20 13:11:40.367,11.41852,11.42142,0.00,0.00
2015.08.20 13:11:40.417,11.41882,11.42142,0.00,0.00
2015.08.20 13:11:40.468,11.41882,11.42152,0.00,0.00
2015.08.20 13:11:40.569,11.41888,11.42152,0.00,0.00
2015.08.20 13:11:41.861,11.41888,11.42122,0.00,0.00
2015.08.20 13:11:41.962,11.41888,11.42132,0.00,0.00
2015.08.20 13:11:42.063,11.41888,11.42151,0.00,0.00
2015.08.20 13:11:42.348,11.41888,11.42142,0.00,0.00
2015.08.20 13:11:44.063,11.41888,11.42121,0.00,0.00
2015.08.20 13:11:44.407,11.41882,11.42121,0.00,0.00
2015.08.20 13:11:44.457,11.41882,11.42091,0.00,0.00
2015.08.20 13:11:44.508,11.41838,11.42091,0.00,0.00
2015.08.20 13:11:44.971,11.41838,11.42121,0.00,0.00
2015.08.20 13:11:45.521,11.41838,11.42112,0.00,0.00
2015.08.20 13:11:46.184,11.41838,11.42132,0.00,0.00
2015.08.20 13:11:46.866,11.41882,11.42141,0.00,0.00
2015.08.20 13:11:48.982,11.41901,11.42191,0.00,0.00
2015.08.20 13:11:49.032,11.41921,11.42191,0.00,0.00
2015.08.20 13:11:49.357,11.41921,11.42181,0.00,0.00
2015.08.20 13:11:49.408,11.41921,11.42192,0.00,0.00
2015.08.20 13:11:49.559,11.41921,11.42212,0.00,0.00
2015.08.20 13:11:49.610,11.4194,11.42212,0.00,0.00
2015.08.20 13:11:50.237,11.42021,11.42282,0.00,0.00
2015.08.20 13:11:50.575,11.42021,11.42199,0.00,0.00
2015.08.20 13:11:51.798,11.42121,11.42221,0.00,0.00
2015.08.20 13:11:51.849,11.42121,11.42369,0.00,0.00
2015.08.20 13:11:51.969,11.42121,11.42352,0.00,0.00
2015.08.20 13:11:52.271,11.42131,11.42369,0.00,0.00
2015.08.20 13:11:52.456,11.42131,11.42402,0.00,0.00
2015.08.20 13:11:52.507,11.42131,11.42418,0.00,0.00
2015.08.20 13:11:53.615,11.42132,11.42418,0.00,0.00
2015.08.20 13:11:53.665,11.42169,11.42421,0.00,0.00
2015.08.20 13:11:53.715,11.42169,11.42452,0.00,0.00
2015.08.20 13:11:53.766,11.42132,11.42418,0.00,0.00
2015.08.20 13:11:55.085,11.42132,11.42391,0.00,0.00
2015.08.20 13:11:55.438,11.42131,11.42389,0.00,0.00
2015.08.20 13:11:56.223,11.42131,11.42419,0.00,0.00
2015.08.20 13:11:56.324,11.42131,11.42442,0.00,0.00
2015.08.20 13:11:56.527,11.42131,11.42422,0.00,0.00
2015.08.20 13:11:56.579,11.42131,11.42442,0.00,0.00
2015.08.20 13:11:56.731,11.42221,11.42442,0.00,0.00
2015.08.20 13:11:56.942,11.42221,11.42492,0.00,0.00
2015.08.20 13:11:57.378,11.42221,11.42431,0.00,0.00
2015.08.20 13:11:57.681,11.42221,11.42428,0.00,0.00
2015.08.20 13:11:58.911,11.42231,11.42428,0.00,0.00
2015.08.20 13:11:59.085,11.42231,11.42519,0.00,0.00
2015.08.20 13:11:59.136,11.42321,11.42519,0.00,0.00
2015.08.20 13:11:59.186,11.42321,11.42552,0.00,0.00
2015.08.20 13:11:59.285,11.42321,11.42571,0.00,0.00
2015.08.20 13:11:59.389,11.42321,11.42579,0.00,0.00
2015.08.20 13:11:59.867,11.42318,11.42642,0.00,0.00
2015.08.20 13:11:59.918,11.42308,11.42622,0.00,0.00
2015.08.20 13:12:00.456,11.42301,11.42521,0.00,0.00
2015.08.20 13:12:00.507,11.42209,11.42521,0.00,0.00
2015.08.20 13:12:00.799,11.42258,11.4252,0.00,0.00
2015.08.20 13:12:00.985,11.42161,11.42471,0.00,0.00
2015.08.20 13:12:01.035,11.42189,11.42471,0.00,0.00
2015.08.20 13:12:01.289,11.42258,11.4256,0.00,0.00
2015.08.20 13:12:01.340,11.42262,11.42561,0.00,0.00
2015.08.20 13:12:01.871,11.42262,11.4256,0.00,0.00
2015.08.20 13:12:01.922,11.42262,11.42569,0.00,0.00
2015.08.20 13:12:02.238,11.42271,11.42572,0.00,0.00
2015.08.20 13:12:02.467,11.42309,11.4262,0.00,0.00
2015.08.20 13:12:02.720,11.42309,11.42592,0.00,0.00
2015.08.20 13:12:02.770,11.4228,11.42572,0.00,0.00
2015.08.20 13:12:02.971,11.42308,11.42592,0.00,0.00
2015.08.20 13:12:03.370,11.42279,11.42572,0.00,0.00
2015.08.20 13:12:03.421,11.42272,11.42572,0.00,0.00
2015.08.20 13:12:03.522,11.42308,11.42592,0.00,0.00
2015.08.20 13:12:03.623,11.42308,11.42621,0.00,0.00
2015.08.20 13:12:03.778,11.42372,11.4262,0.00,0.00
2015.08.20 13:12:03.829,11.42372,11.42641,0.00,0.00
2015.08.20 13:12:04.065,11.42329,11.42622,0.00,0.00
2015.08.20 13:12:04.116,11.42308,11.42571,0.00,0.00
2015.08.20 13:12:04.433,11.42372,11.42599,0.00,0.00
2015.08.20 13:12:05.512,11.42401,11.42662,0.00,0.00
2015.08.20 13:12:05.722,11.42409,11.42712,0.00,0.00
2015.08.20 13:12:05.823,11.42409,11.42701,0.00,0.00
2015.08.20 13:12:06.126,11.42401,11.42662,0.00,0.00
2015.08.20 13:12:06.502,11.42401,11.42682,0.00,0.00
2015.08.20 13:12:07.025,11.42401,11.42661,0.00,0.00
2015.08.20 13:12:07.126,11.42401,11.42672,0.00,0.00
2015.08.20 13:12:07.227,11.42401,11.42661,0.00,0.00
2015.08.20 13:12:07.404,11.42401,11.42682,0.00,0.00
2015.08.20 13:12:08.031,11.42401,11.42672,0.00,0.00
2015.08.20 13:12:08.914,11.42401,11.42682,0.00,0.00
2015.08.20 13:12:09.115,11.42401,11.42671,0.00,0.00
2015.08.20 13:12:09.432,11.42401,11.42682,0.00,0.00
2015.08.20 13:12:09.832,11.42431,11.42672,0.00,0.00
2015.08.20 13:12:10.511,11.42422,11.42672,0.00,0.00
2015.08.20 13:12:10.562,11.42422,11.42682,0.00,0.00
2015.08.20 13:12:11.011,11.42422,11.42672,0.00,0.00
2015.08.20 13:12:11.305,11.42422,11.42682,0.00,0.00
2015.08.20 13:12:11.356,11.42431,11.42682,0.00,0.00
2015.08.20 13:12:11.435,11.42421,11.42682,0.00,0.00
2015.08.20 13:12:13.380,11.42321,11.42582,0.00,0.00
2015.08.20 13:12:15.286,11.42321,11.4254,0.00,0.00
2015.08.20 13:12:15.592,11.42231,11.42429,0.00,0.00
2015.08.20 13:12:15.794,11.42231,11.42451,0.00,0.00
2015.08.20 13:12:15.845,11.42322,11.42508,0.00,0.00
2015.08.20 13:12:15.996,11.42322,11.42558,0.00,0.00
2015.08.20 13:12:16.701,11.4233,11.42558,0.00,0.00
2015.08.20 13:12:16.852,11.42422,11.42659,0.00,0.00
2015.08.20 13:12:16.903,11.42422,11.42682,0.00,0.00
2015.08.20 13:12:17.124,11.42422,11.42672,0.00,0.00
2015.08.20 13:12:17.175,11.42351,11.42632,0.00,0.00
2015.08.20 13:12:17.225,11.42351,11.42611,0.00,0.00
2015.08.20 13:12:17.327,11.42351,11.42621,0.00,0.00
2015.08.20 13:12:17.428,11.42351,11.42632,0.00,0.00
2015.08.20 13:12:17.825,11.42369,11.42678,0.00,0.00
2015.08.20 13:12:18.257,11.42351,11.42632,0.00,0.00
2015.08.20 13:12:18.566,11.42332,11.42582,0.00,0.00
2015.08.20 13:12:18.697,11.42332,11.42612,0.00,0.00
2015.08.20 13:12:18.805,11.42318,11.4262,0.00,0.00
2015.08.20 13:12:18.856,11.42318,11.42632,0.00,0.00
2015.08.20 13:12:18.957,11.42368,11.42671,0.00,0.00
2015.08.20 13:12:19.010,11.42368,11.42678,0.00,0.00
2015.08.20 13:12:19.061,11.42421,11.42682,0.00,0.00
2015.08.20 13:12:20.186,11.42421,11.42672,0.00,0.00
2015.08.20 13:12:20.237,11.42421,11.42682,0.00,0.00
2015.08.20 13:12:20.946,11.42421,11.42681,0.00,0.00
2015.08.20 13:12:21.172,11.42421,11.42671,0.00,0.00
2015.08.20 13:12:21.373,11.42421,11.42682,0.00,0.00
2015.08.20 13:12:23.797,11.42432,11.42682,0.00,0.00
2015.08.20 13:12:26.537,11.42431,11.42682,0.00,0.00
2015.08.20 13:12:27.899,11.42331,11.42581,0.00,0.00
2015.08.20 13:12:27.950,11.42331,11.42612,0.00,0.00
2015.08.20 13:12:28.051,11.42331,11.42632,0.00,0.00
2015.08.20 13:12:28.597,11.42332,11.42581,0.00,0.00
2015.08.20 13:12:29.299,11.42321,11.42581,0.00,0.00
2015.08.20 13:12:31.505,11.42321,11.42482,0.00,0.00
2015.08.20 13:12:31.606,11.42232,11.42482,0.00,0.00
2015.08.20 13:12:32.087,11.42232,11.42448,0.00,0.00
2015.08.20 13:12:32.138,11.42122,11.42382,0.00,0.00
2015.08.20 13:12:33.036,11.42132,11.42382,0.00,0.00
2015.08.20 13:12:33.464,11.42122,11.42382,0.00,0.00
2015.08.20 13:12:33.987,11.42112,11.42382,0.00,0.00
2015.08.20 13:12:36.556,11.42229,11.42508,0.00,0.00
2015.08.20 13:12:36.606,11.42248,11.42508,0.00,0.00
2015.08.20 13:12:36.762,11.42312,11.42582,0.00,0.00
2015.08.20 13:12:37.553,11.42321,11.42582,0.00,0.00
2015.08.20 13:12:38.695,11.42271,11.42532,0.00,0.00
2015.08.20 13:12:39.921,11.42322,11.42571,0.00,0.00
2015.08.20 13:12:39.974,11.42322,11.42582,0.00,0.00
2015.08.20 13:12:40.883,11.42322,11.42571,0.00,0.00
2015.08.20 13:12:41.309,11.42322,11.42581,0.00,0.00
2015.08.20 13:12:41.810,11.42322,11.42582,0.00,0.00
2015.08.20 13:12:42.062,11.42272,11.4252,0.00,0.00
2015.08.20 13:12:42.213,11.42321,11.42581,0.00,0.00
2015.08.20 13:12:44.097,11.42321,11.42572,0.00,0.00
2015.08.20 13:12:45.667,11.42321,11.42521,0.00,0.00
2015.08.20 13:12:45.718,11.42231,11.42532,0.00,0.00
2015.08.20 13:12:46.925,11.42222,11.42532,0.00,0.00
2015.08.20 13:12:48.544,11.42191,11.42481,0.00,0.00
2015.08.20 13:12:51.319,11.42191,11.42472,0.00,0.00
2015.08.20 13:12:52.020,11.42201,11.42472,0.00,0.00
2015.08.20 13:12:52.687,11.42201,11.42462,0.00,0.00
2015.08.20 13:12:53.031,11.42118,11.42431,0.00,0.00
2015.08.20 13:12:53.132,11.42102,11.42382,0.00,0.00
2015.08.20 13:12:54.380,11.42119,11.42431,0.00,0.00
2015.08.20 13:12:54.481,11.42102,11.42381,0.00,0.00
2015.08.20 13:12:54.807,11.42151,11.42381,0.00,0.00
2015.08.20 13:12:54.907,11.42151,11.42432,0.00,0.00
2015.08.20 13:12:56.249,11.42151,11.42382,0.00,0.00
2015.08.20 13:12:56.300,11.42121,11.42382,0.00,0.00
2015.08.20 13:12:56.351,11.42101,11.42382,0.00,0.00
2015.08.20 13:12:57.490,11.42101,11.42371,0.00,0.00
2015.08.20 13:12:57.642,11.42018,11.4232,0.00,0.00
2015.08.20 13:12:57.794,11.42001,11.42282,0.00,0.00
2015.08.20 13:12:57.992,11.41921,11.42231,0.00,0.00
2015.08.20 13:12:58.043,11.41919,11.4222,0.00,0.00
2015.08.20 13:12:58.355,11.41891,11.42182,0.00,0.00
2015.08.20 13:12:58.956,11.41891,11.42082,0.00,0.00
2015.08.20 13:12:59.107,11.41801,11.42082,0.00,0.00
2015.08.20 13:12:59.175,11.41791,11.42082,0.00,0.00
2015.08.20 13:12:59.649,11.41798,11.42082,0.00,0.00
2015.08.20 13:13:00.236,11.41791,11.42082,0.00,0.00
2015.08.20 13:13:01.070,11.41799,11.42082,0.00,0.00
2015.08.20 13:13:01.885,11.41891,11.42181,0.00,0.00
2015.08.20 13:13:03.296,11.41901,11.42181,0.00,0.00
2015.08.20 13:13:11.837,11.42001,11.42181,0.00,0.00
2015.08.20 13:13:11.938,11.42001,11.42232,0.00,0.00
2015.08.20 13:13:12.475,11.42019,11.42318,0.00,0.00
2015.08.20 13:13:12.526,11.42051,11.42331,0.00,0.00
2015.08.20 13:13:13.243,11.42052,11.42331,0.00,0.00
2015.08.20 13:13:14.246,11.42068,11.42379,0.00,0.00
2015.08.20 13:13:14.296,11.42091,11.42379,0.00,0.00
2015.08.20 13:13:14.397,11.42091,11.42382,0.00,0.00
2015.08.20 13:13:14.664,11.42101,11.42382,0.00,0.00
2015.08.20 13:13:15.578,11.42102,11.42382,0.00,0.00
2015.08.20 13:13:24.075,11.42168,11.42421,0.00,0.00
2015.08.20 13:13:24.125,11.42168,11.42482,0.00,0.00
2015.08.20 13:13:24.176,11.42191,11.42482,0.00,0.00
2015.08.20 13:13:24.674,11.42201,11.42482,0.00,0.00
2015.08.20 13:13:30.101,11.42201,11.42432,0.00,0.00
2015.08.20 13:13:30.284,11.42152,11.42432,0.00,0.00
2015.08.20 13:13:31.213,11.42151,11.42381,0.00,0.00
2015.08.20 13:13:31.604,11.42101,11.42381,0.00,0.00
2015.08.20 13:13:31.992,11.42151,11.42432,0.00,0.00
2015.08.20 13:13:32.680,11.42151,11.42431,0.00,0.00
2015.08.20 13:13:32.960,11.42202,11.42482,0.00,0.00
2015.08.20 13:13:33.312,11.42202,11.42432,0.00,0.00
2015.08.20 13:13:34.335,11.42151,11.42432,0.00,0.00
2015.08.20 13:13:34.491,11.42169,11.4247,0.00,0.00
2015.08.20 13:13:34.594,11.42191,11.42481,0.00,0.00
2015.08.20 13:13:35.343,11.42201,11.42481,0.00,0.00
2015.08.20 13:13:35.984,11.42201,11.42382,0.00,0.00
2015.08.20 13:13:36.254,11.42502,11.42692,0.00,0.00
2015.08.20 13:13:36.355,11.42502,11.42782,0.00,0.00
2015.08.20 13:13:36.615,11.42502,11.42732,0.00,0.00
2015.08.20 13:13:37.670,11.42418,11.4272,0.00,0.00
2015.08.20 13:13:37.721,11.42418,11.42732,0.00,0.00
2015.08.20 13:13:37.821,11.42468,11.4277,0.00,0.00
2015.08.20 13:13:37.872,11.42468,11.42782,0.00,0.00
2015.08.20 13:13:37.923,11.42491,11.42782,0.00,0.00
2015.08.20 13:13:38.257,11.42502,11.42782,0.00,0.00
2015.08.20 13:13:39.359,11.42591,11.4282,0.00,0.00
2015.08.20 13:13:39.410,11.42602,11.42881,0.00,0.00
2015.08.20 13:13:40.953,11.42591,11.42881,0.00,0.00
2015.08.20 13:13:41.059,11.42609,11.42881,0.00,0.00
2015.08.20 13:13:41.210,11.42618,11.42932,0.00,0.00
2015.08.20 13:13:41.366,11.42618,11.42921,0.00,0.00
2015.08.20 13:13:41.691,11.42601,11.42881,0.00,0.00
2015.08.20 13:13:42.145,11.42668,11.4292,0.00,0.00
2015.08.20 13:13:42.297,11.42618,11.42892,0.00,0.00
2015.08.20 13:13:42.448,11.42618,11.42932,0.00,0.00
2015.08.20 13:13:42.549,11.42618,11.42902,0.00,0.00
2015.08.20 13:13:42.751,11.42629,11.42942,0.00,0.00
2015.08.20 13:13:42.952,11.42628,11.42921,0.00,0.00
2015.08.20 13:13:43.054,11.42629,11.42942,0.00,0.00
2015.08.20 13:13:43.155,11.42629,11.42912,0.00,0.00
2015.08.20 13:13:43.599,11.42602,11.42902,0.00,0.00
2015.08.20 13:13:43.654,11.42692,11.42921,0.00,0.00
2015.08.20 13:13:43.704,11.42692,11.42932,0.00,0.00
2015.08.20 13:13:43.755,11.42679,11.42932,0.00,0.00
2015.08.20 13:13:43.856,11.42629,11.42942,0.00,0.00
2015.08.20 13:13:44.057,11.42678,11.42912,0.00,0.00
2015.08.20 13:13:44.158,11.42678,11.42952,0.00,0.00
2015.08.20 13:13:44.209,11.42691,11.42952,0.00,0.00
2015.08.20 13:13:44.555,11.42688,11.42912,0.00,0.00
2015.08.20 13:13:44.605,11.42639,11.42912,0.00,0.00
2015.08.20 13:13:44.656,11.42639,11.42891,0.00,0.00
2015.08.20 13:13:45.358,11.42639,11.42931,0.00,0.00
2015.08.20 13:13:45.408,11.42692,11.42931,0.00,0.00
2015.08.20 13:13:45.459,11.42692,11.42942,0.00,0.00
2015.08.20 13:13:45.510,11.42738,11.42942,0.00,0.00
2015.08.20 13:13:45.858,11.42738,11.42922,0.00,0.00
2015.08.20 13:13:46.062,11.42738,11.42932,0.00,0.00
2015.08.20 13:13:46.163,11.42692,11.42932,0.00,0.00
2015.08.20 13:13:46.264,11.42692,11.42912,0.00,0.00
2015.08.20 13:13:46.365,11.42688,11.42912,0.00,0.00
2015.08.20 13:13:46.574,11.42688,11.42952,0.00,0.00
2015.08.20 13:13:46.964,11.42688,11.42932,0.00,0.00
2015.08.20 13:13:47.166,11.42688,11.42952,0.00,0.00
2015.08.20 13:13:47.280,11.42738,11.42931,0.00,0.00
2015.08.20 13:13:47.381,11.42738,11.42979,0.00,0.00
2015.08.20 13:13:47.576,11.42738,11.42992,0.00,0.00
2015.08.20 13:13:48.908,11.42788,11.42961,0.00,0.00
2015.08.20 13:13:49.009,11.42788,11.43001,0.00,0.00
2015.08.20 13:13:49.110,11.42788,11.43011,0.00,0.00
2015.08.20 13:13:49.373,11.42739,11.43001,0.00,0.00
2015.08.20 13:13:49.474,11.42739,11.42962,0.00,0.00
2015.08.20 13:13:49.875,11.42739,11.42992,0.00,0.00
2015.08.20 13:13:50.984,11.42739,11.42962,0.00,0.00
2015.08.20 13:13:52.081,11.42739,11.42961,0.00,0.00
2015.08.20 13:13:52.539,11.42638,11.4296,0.00,0.00
2015.08.20 13:13:52.590,11.42638,11.42891,0.00,0.00
2015.08.20 13:13:52.935,11.42638,11.42882,0.00,0.00
2015.08.20 13:13:52.985,11.42638,11.42902,0.00,0.00
2015.08.20 13:13:54.389,11.42778,11.42912,0.00,0.00
2015.08.20 13:13:54.490,11.43039,11.43145,0.00,0.00
2015.08.20 13:13:54.541,11.43089,11.43352,0.00,0.00
2015.08.20 13:13:54.642,11.43139,11.43362,0.00,0.00
2015.08.20 13:13:55.137,11.43139,11.43351,0.00,0.00
2015.08.20 13:13:55.187,11.43139,11.43402,0.00,0.00
2015.08.20 13:13:55.295,11.43189,11.43402,0.00,0.00
2015.08.20 13:13:55.396,11.43189,11.43442,0.00,0.00
2015.08.20 13:13:55.497,11.43139,11.43421,0.00,0.00
2015.08.20 13:13:55.548,11.4319,11.43421,0.00,0.00
2015.08.20 13:13:56.024,11.43138,11.4337,0.00,0.00
2015.08.20 13:13:56.075,11.43138,11.43311,0.00,0.00
2015.08.20 13:13:56.129,11.43138,11.43372,0.00,0.00
2015.08.20 13:13:56.662,11.43188,11.43392,0.00,0.00
2015.08.20 13:13:56.712,11.43188,11.43402,0.00,0.00
2015.08.20 13:13:56.813,11.43188,11.43412,0.00,0.00
2015.08.20 13:13:56.864,11.43238,11.43412,0.00,0.00
2015.08.20 13:13:56.914,11.43238,11.43422,0.00,0.00
2015.08.20 13:13:56.965,11.43308,11.43422,0.00,0.00
2015.08.20 13:13:57.213,11.43308,11.43452,0.00,0.00
2015.08.20 13:13:57.620,11.434,11.43508,0.00,0.00
2015.08.20 13:13:58.093,11.43409,11.43552,0.00,0.00
2015.08.20 13:13:58.144,11.43301,11.43552,0.00,0.00
2015.08.20 13:13:58.561,11.4328,11.43552,0.00,0.00
2015.08.20 13:13:58.661,11.43302,11.43551,0.00,0.00
2015.08.20 13:13:59.172,11.43302,11.43552,0.00,0.00
2015.08.20 13:14:00.327,11.43302,11.43551,0.00,0.00
2015.08.20 13:14:01.324,11.43329,11.43601,0.00,0.00
2015.08.20 13:14:01.431,11.43329,11.43621,0.00,0.00
2015.08.20 13:14:01.532,11.43329,11.43602,0.00,0.00
2015.08.20 13:14:01.882,11.43328,11.43592,0.00,0.00
2015.08.20 13:14:01.933,11.43328,11.43602,0.00,0.00
2015.08.20 13:14:02.034,11.43328,11.43572,0.00,0.00
2015.08.20 13:14:02.512,11.43328,11.43518,0.00,0.00
2015.08.20 13:14:02.562,11.43228,11.43472,0.00,0.00
2015.08.20 13:14:02.613,11.43228,11.43502,0.00,0.00
2015.08.20 13:14:02.780,11.43178,11.43502,0.00,0.00
2015.08.20 13:14:02.831,11.43178,11.43472,0.00,0.00
2015.08.20 13:14:03.439,11.43151,11.43452,0.00,0.00
2015.08.20 13:14:03.490,11.43128,11.43451,0.00,0.00
2015.08.20 13:14:03.866,11.43152,11.43452,0.00,0.00
2015.08.20 13:14:03.922,11.43079,11.43401,0.00,0.00
2015.08.20 13:14:04.024,11.43078,11.43388,0.00,0.00
2015.08.20 13:14:04.343,11.43178,11.43451,0.00,0.00
2015.08.20 13:14:04.544,11.43178,11.43468,0.00,0.00
2015.08.20 13:14:05.346,11.43178,11.43461,0.00,0.00
2015.08.20 13:14:05.447,11.43178,11.43468,0.00,0.00
2015.08.20 13:14:05.882,11.43229,11.43501,0.00,0.00
2015.08.20 13:14:05.933,11.43229,11.43521,0.00,0.00
2015.08.20 13:14:05.983,11.43279,11.43521,0.00,0.00
2015.08.20 13:14:06.229,11.43279,11.43561,0.00,0.00
2015.08.20 13:14:06.280,11.43279,11.43532,0.00,0.00
2015.08.20 13:14:06.450,11.43279,11.43551,0.00,0.00
2015.08.20 13:14:06.918,11.43279,11.43531,0.00,0.00
2015.08.20 13:14:06.969,11.43251,11.43531,0.00,0.00
2015.08.20 13:14:07.020,11.43228,11.43511,0.00,0.00
2015.08.20 13:14:07.297,11.43279,11.43511,0.00,0.00
2015.08.20 13:14:07.348,11.43279,11.43532,0.00,0.00
2015.08.20 13:14:07.453,11.43279,11.43542,0.00,0.00
2015.08.20 13:14:07.605,11.43252,11.43542,0.00,0.00
2015.08.20 13:14:07.656,11.4323,11.43542,0.00,0.00
2015.08.20 13:14:07.756,11.43228,11.43511,0.00,0.00
2015.08.20 13:14:08.197,11.43228,11.43502,0.00,0.00
2015.08.20 13:14:08.252,11.43228,11.43532,0.00,0.00
2015.08.20 13:14:08.559,11.43228,11.43522,0.00,0.00
2015.08.20 13:14:08.861,11.43228,11.43501,0.00,0.00
2015.08.20 13:14:08.961,11.43179,11.43482,0.00,0.00
2015.08.20 13:14:09.062,11.43179,11.43461,0.00,0.00
2015.08.20 13:14:09.362,11.43151,11.43451,0.00,0.00
2015.08.20 13:14:09.829,11.43129,11.43442,0.00,0.00
2015.08.20 13:14:09.965,11.43129,11.43432,0.00,0.00
2015.08.20 13:14:10.293,11.43178,11.43432,0.00,0.00
2015.08.20 13:14:10.344,11.43178,11.43471,0.00,0.00
2015.08.20 13:14:10.694,11.43151,11.43452,0.00,0.00
2015.08.20 13:14:10.845,11.43151,11.43442,0.00,0.00
2015.08.20 13:14:11.711,11.43151,11.43401,0.00,0.00
2015.08.20 13:14:11.761,11.43079,11.43401,0.00,0.00
2015.08.20 13:14:12.327,11.43129,11.43418,0.00,0.00
2015.08.20 13:14:12.378,11.43129,11.43432,0.00,0.00
2015.08.20 13:14:12.479,11.43178,11.43461,0.00,0.00
2015.08.20 13:14:12.529,11.43178,11.43489,0.00,0.00
2015.08.20 13:14:13.115,11.43151,11.43352,0.00,0.00
2015.08.20 13:14:13.169,11.43082,11.43352,0.00,0.00
2015.08.20 13:14:13.326,11.43082,11.43402,0.00,0.00
2015.08.20 13:14:13.427,11.43059,11.43352,0.00,0.00
2015.08.20 13:14:13.679,11.43178,11.43501,0.00,0.00
2015.08.20 13:14:13.973,11.43152,11.43401,0.00,0.00
2015.08.20 13:14:14.074,11.43129,11.43401,0.00,0.00
2015.08.20 13:14:14.125,11.43179,11.43492,0.00,0.00
2015.08.20 13:14:14.571,11.43179,11.43501,0.00,0.00
2015.08.20 13:14:15.105,11.43228,11.43501,0.00,0.00
2015.08.20 13:14:15.156,11.43228,11.43542,0.00,0.00
2015.08.20 13:14:15.207,11.43179,11.43502,0.00,0.00
2015.08.20 13:14:15.258,11.43251,11.43502,0.00,0.00
2015.08.20 13:14:15.373,11.43179,11.43502,0.00,0.00
2015.08.20 13:14:15.423,11.43228,11.43502,0.00,0.00
2015.08.20 13:14:15.474,11.43228,11.43552,0.00,0.00
2015.08.20 13:14:15.732,11.43228,11.43532,0.00,0.00
2015.08.20 13:14:15.834,11.43228,11.43542,0.00,0.00
2015.08.20 13:14:16.254,11.43291,11.43561,0.00,0.00
2015.08.20 13:14:16.304,11.43291,11.43572,0.00,0.00
2015.08.20 13:14:16.355,11.43278,11.43571,0.00,0.00
2015.08.20 13:14:16.406,11.43229,11.43551,0.00,0.00
2015.08.20 13:14:16.676,11.43279,11.43522,0.00,0.00
2015.08.20 13:14:16.776,11.43291,11.43541,0.00,0.00
2015.08.20 13:14:16.827,11.43228,11.43541,0.00,0.00
2015.08.20 13:14:16.878,11.43228,11.43521,0.00,0.00
2015.08.20 13:14:17.309,11.43279,11.43522,0.00,0.00
2015.08.20 13:14:17.360,11.43291,11.43601,0.00,0.00
2015.08.20 13:14:17.956,11.43291,11.43572,0.00,0.00
2015.08.20 13:14:18.296,11.43391,11.43601,0.00,0.00
2015.08.20 13:14:18.346,11.4333,11.43631,0.00,0.00
2015.08.20 13:14:18.447,11.43329,11.43642,0.00,0.00
2015.08.20 13:14:18.562,11.43329,11.43592,0.00,0.00
2015.08.20 13:14:18.891,11.43379,11.43592,0.00,0.00
2015.08.20 13:14:18.942,11.43379,11.43601,0.00,0.00
2015.08.20 13:14:19.043,11.43329,11.43581,0.00,0.00
2015.08.20 13:14:19.460,11.43391,11.43642,0.00,0.00
2015.08.20 13:14:19.643,11.43391,11.43651,0.00,0.00
2015.08.20 13:14:19.852,11.43391,11.43611,0.00,0.00
2015.08.20 13:14:20.161,11.43391,11.43642,0.00,0.00
2015.08.20 13:14:20.212,11.43402,11.43642,0.00,0.00
2015.08.20 13:14:20.262,11.43402,11.43652,0.00,0.00
2015.08.20 13:14:20.345,11.43402,11.43642,0.00,0.00
2015.08.20 13:14:20.683,11.43402,11.43671,0.00,0.00
2015.08.20 13:14:20.804,11.43402,11.43681,0.00,0.00
2015.08.20 13:14:21.347,11.43401,11.43651,0.00,0.00
2015.08.20 13:14:21.448,11.43401,11.43682,0.00,0.00
2015.08.20 13:14:21.549,11.43401,11.43652,0.00,0.00
2015.08.20 13:14:21.650,11.43329,11.43602,0.00,0.00
2015.08.20 13:14:21.701,11.43379,11.43602,0.00,0.00
2015.08.20 13:14:22.003,11.43401,11.43601,0.00,0.00
2015.08.20 13:14:22.053,11.43401,11.43651,0.00,0.00
2015.08.20 13:14:22.451,11.43401,11.43641,0.00,0.00
2015.08.20 13:14:23.284,11.43401,11.43622,0.00,0.00
2015.08.20 13:14:23.385,11.43401,11.43641,0.00,0.00
2015.08.20 13:14:23.454,11.43401,11.43622,0.00,0.00
2015.08.20 13:14:23.755,11.43401,11.43611,0.00,0.00
2015.08.20 13:14:24.074,11.43329,11.43601,0.00,0.00
2015.08.20 13:14:24.324,11.43379,11.43601,0.00,0.00
2015.08.20 13:14:24.771,11.43378,11.43591,0.00,0.00
2015.08.20 13:14:24.872,11.43378,11.43622,0.00,0.00
2015.08.20 13:14:24.974,11.43329,11.43622,0.00,0.00
2015.08.20 13:14:25.109,11.43329,11.43592,0.00,0.00
2015.08.20 13:14:25.160,11.43329,11.43631,0.00,0.00
2015.08.20 13:14:25.376,11.43329,11.43592,0.00,0.00
2015.08.20 13:14:25.808,11.43329,11.43622,0.00,0.00
2015.08.20 13:14:26.424,11.43379,11.43641,0.00,0.00
2015.08.20 13:14:26.525,11.43331,11.43641,0.00,0.00
2015.08.20 13:14:26.576,11.43328,11.43622,0.00,0.00
2015.08.20 13:14:26.935,11.43328,11.43601,0.00,0.00
2015.08.20 13:14:27.238,11.43452,11.43652,0.00,0.00
2015.08.20 13:14:28.053,11.43479,11.43751,0.00,0.00
2015.08.20 13:14:28.332,11.43479,11.43722,0.00,0.00
2015.08.20 13:14:28.669,11.43479,11.43712,0.00,0.00
2015.08.20 13:14:28.870,11.43479,11.43731,0.00,0.00
2015.08.20 13:14:29.072,11.43479,11.43682,0.00,0.00
2015.08.20 13:14:29.319,11.43479,11.43702,0.00,0.00
2015.08.20 13:14:29.887,11.43479,11.43772,0.00,0.00
2015.08.20 13:14:30.976,11.43479,11.43761,0.00,0.00
2015.08.20 13:14:31.356,11.43479,11.43801,0.00,0.00
2015.08.20 13:14:31.407,11.43648,11.43951,0.00,0.00
2015.08.20 13:14:31.508,11.43678,11.43989,0.00,0.00
2015.08.20 13:14:31.559,11.43691,11.43989,0.00,0.00
2015.08.20 13:14:31.879,11.43691,11.43982,0.00,0.00
2015.08.20 13:14:32.092,11.43619,11.43921,0.00,0.00
2015.08.20 13:14:32.202,11.4363,11.43912,0.00,0.00
2015.08.20 13:14:32.674,11.43668,11.43992,0.00,0.00
2015.08.20 13:14:32.725,11.43692,11.43972,0.00,0.00
2015.08.20 13:14:33.223,11.43691,11.43992,0.00,0.00
2015.08.20 13:14:33.748,11.43689,11.43992,0.00,0.00
2015.08.20 13:14:33.895,11.43768,11.44052,0.00,0.00
2015.08.20 13:14:34.763,11.43818,11.44052,0.00,0.00
2015.08.20 13:14:34.915,11.43892,11.44142,0.00,0.00
2015.08.20 13:14:35.034,11.43892,11.44132,0.00,0.00
2015.08.20 13:14:35.186,11.43891,11.44172,0.00,0.00
2015.08.20 13:14:35.375,11.43868,11.44172,0.00,0.00
2015.08.20 13:14:35.426,11.43819,11.4414,0.00,0.00
2015.08.20 13:14:35.528,11.43819,11.44081,0.00,0.00
2015.08.20 13:14:35.578,11.4378,11.44081,0.00,0.00
2015.08.20 13:14:35.629,11.43792,11.44081,0.00,0.00
2015.08.20 13:14:36.036,11.43792,11.44091,0.00,0.00
2015.08.20 13:14:36.306,11.43819,11.44102,0.00,0.00
2015.08.20 13:14:36.407,11.43819,11.44121,0.00,0.00
2015.08.20 13:14:36.718,11.43819,11.44091,0.00,0.00
2015.08.20 13:14:36.891,11.43819,11.44102,0.00,0.00
2015.08.20 13:14:37.381,11.43891,11.44122,0.00,0.00
2015.08.20 13:14:37.432,11.43891,11.44182,0.00,0.00
2015.08.20 13:14:37.493,11.43891,11.44172,0.00,0.00
2015.08.20 13:14:37.845,11.43979,11.44171,0.00,0.00
2015.08.20 13:14:37.895,11.43979,11.44241,0.00,0.00
2015.08.20 13:14:37.946,11.43991,11.44241,0.00,0.00
2015.08.20 13:14:37.996,11.43991,11.44281,0.00,0.00
2015.08.20 13:14:38.047,11.43969,11.44282,0.00,0.00
2015.08.20 13:14:38.098,11.43962,11.44252,0.00,0.00
2015.08.20 13:14:38.199,11.43962,11.44272,0.00,0.00
2015.08.20 13:14:38.811,11.43962,11.44252,0.00,0.00
2015.08.20 13:14:38.864,11.43862,11.44171,0.00,0.00
2015.08.20 13:14:39.042,11.439,11.44172,0.00,0.00
2015.08.20 13:14:39.093,11.43909,11.44191,0.00,0.00
2015.08.20 13:14:39.144,11.43909,11.44221,0.00,0.00
2015.08.20 13:14:39.448,11.43909,11.44212,0.00,0.00
2015.08.20 13:14:39.601,11.43959,11.44271,0.00,0.00
2015.08.20 13:14:40.518,11.43958,11.44201,0.00,0.00
2015.08.20 13:14:40.619,11.43892,11.44171,0.00,0.00
2015.08.20 13:14:40.770,11.43879,11.44171,0.00,0.00
2015.08.20 13:14:40.821,11.43909,11.44211,0.00,0.00
2015.08.20 13:14:40.922,11.43909,11.44221,0.00,0.00
2015.08.20 13:14:41.012,11.44031,11.44221,0.00,0.00
2015.08.20 13:14:41.063,11.44031,11.44251,0.00,0.00
2015.08.20 13:14:41.553,11.44031,11.44271,0.00,0.00
2015.08.20 13:14:41.607,11.43958,11.44262,0.00,0.00
2015.08.20 13:14:41.708,11.43958,11.44242,0.00,0.00
2015.08.20 13:14:41.910,11.43958,11.44272,0.00,0.00
2015.08.20 13:14:42.011,11.43961,11.44271,0.00,0.00
2015.08.20 13:14:42.162,11.43909,11.44221,0.00,0.00
2015.08.20 13:14:42.263,11.43958,11.44242,0.00,0.00
2015.08.20 13:14:42.464,11.43862,11.44171,0.00,0.00
2015.08.20 13:14:42.584,11.43862,11.44071,0.00,0.00
2015.08.20 13:14:43.177,11.43859,11.44112,0.00,0.00
2015.08.20 13:14:43.228,11.43859,11.44151,0.00,0.00
2015.08.20 13:14:43.344,11.43779,11.44072,0.00,0.00
2015.08.20 13:14:43.445,11.43761,11.44072,0.00,0.00
2015.08.20 13:14:43.897,11.43769,11.44091,0.00,0.00
2015.08.20 13:14:44.047,11.43789,11.44091,0.00,0.00
2015.08.20 13:14:44.536,11.43838,11.44092,0.00,0.00
2015.08.20 13:14:44.637,11.43838,11.44102,0.00,0.00
2015.08.20 13:14:44.738,11.43838,11.44112,0.00,0.00
2015.08.20 13:14:44.839,11.43838,11.44092,0.00,0.00
2015.08.20 13:14:45.324,11.43789,11.44092,0.00,0.00
2015.08.20 13:14:45.374,11.43789,11.4407,0.00,0.00
2015.08.20 13:14:46.465,11.43789,11.43922,0.00,0.00
2015.08.20 13:14:46.516,11.43638,11.43922,0.00,0.00
2015.08.20 13:14:46.908,11.43638,11.4392,0.00,0.00
2015.08.20 13:14:47.212,11.43588,11.4387,0.00,0.00
2015.08.20 13:14:47.313,11.43538,11.43859,0.00,0.00
2015.08.20 13:14:48.362,11.43539,11.43859,0.00,0.00
2015.08.20 13:14:48.413,11.43588,11.43859,0.00,0.00
2015.08.20 13:14:48.463,11.4359,11.43912,0.00,0.00
2015.08.20 13:14:48.623,11.43639,11.43939,0.00,0.00
2015.08.20 13:14:48.970,11.43639,11.4392,0.00,0.00
2015.08.20 13:14:49.666,11.43639,11.43858,0.00,0.00
2015.08.20 13:14:49.717,11.4359,11.43858,0.00,0.00
2015.08.20 13:14:49.767,11.43639,11.43889,0.00,0.00
2015.08.20 13:14:50.629,11.43589,11.43889,0.00,0.00
2015.08.20 13:14:50.680,11.4359,11.43898,0.00,0.00
2015.08.20 13:14:50.730,11.43639,11.43898,0.00,0.00
2015.08.20 13:14:53.732,11.43639,11.43892,0.00,0.00
2015.08.20 13:14:53.934,11.43639,11.43898,0.00,0.00
2015.08.20 13:14:54.521,11.43692,11.43999,0.00,0.00
2015.08.20 13:14:54.571,11.43738,11.43999,0.00,0.00
2015.08.20 13:14:54.828,11.43692,11.4399,0.00,0.00
2015.08.20 13:14:54.878,11.43689,11.43962,0.00,0.00
2015.08.20 13:14:55.198,11.43689,11.43958,0.00,0.00
2015.08.20 13:14:55.580,11.43739,11.43988,0.00,0.00
2015.08.20 13:14:56.893,11.43692,11.43988,0.00,0.00
2015.08.20 13:14:56.943,11.43708,11.4399,0.00,0.00
2015.08.20 13:14:57.280,11.43738,11.44019,0.00,0.00
2015.08.20 13:15:00.275,11.43758,11.44019,0.00,0.00
2015.08.20 13:15:00.578,11.43739,11.44004,0.00,0.00
2015.08.20 13:15:01.250,11.43788,11.44039,0.00,0.00
2015.08.20 13:15:01.964,11.43739,11.44003,0.00,0.00
2015.08.20 13:15:02.832,11.43739,11.43954,0.00,0.00
2015.08.20 13:15:02.882,11.43688,11.43954,0.00,0.00
2015.08.20 13:15:03.185,11.43739,11.43954,0.00,0.00
2015.08.20 13:15:03.285,11.43739,11.43989,0.00,0.00
2015.08.20 13:15:03.336,11.43739,11.43946,0.00,0.00
2015.08.20 13:15:03.386,11.43638,11.43946,0.00,0.00
2015.08.20 13:15:03.437,11.43638,11.43914,0.00,0.00
2015.08.20 13:15:03.639,11.43689,11.43991,0.00,0.00
2015.08.20 13:15:04.304,11.43739,11.43991,0.00,0.00
2015.08.20 13:15:04.360,11.43739,11.44039,0.00,0.00
2015.08.20 13:15:04.461,11.43739,11.44051,0.00,0.00
2015.08.20 13:15:04.655,11.43788,11.44091,0.00,0.00
2015.08.20 13:15:05.343,11.43788,11.4409,0.00,0.00
2015.08.20 13:15:05.670,11.43788,11.44081,0.00,0.00
2015.08.20 13:15:05.779,11.43768,11.44081,0.00,0.00
2015.08.20 13:15:06.323,11.43768,11.44082,0.00,0.00
2015.08.20 13:15:07.088,11.43718,11.44032,0.00,0.00
2015.08.20 13:15:07.404,11.43769,11.44081,0.00,0.00
2015.08.20 13:15:08.392,11.44119,11.44219,0.00,0.00
2015.08.20 13:15:08.443,11.44068,11.44176,0.00,0.00
2015.08.20 13:15:08.494,11.44068,11.4421,0.00,0.00
2015.08.20 13:15:08.645,11.44138,11.44238,0.00,0.00
2015.08.20 13:15:08.797,11.44138,11.44429,0.00,0.00
2015.08.20 13:15:08.898,11.44092,11.44402,0.00,0.00
2015.08.20 13:15:08.998,11.44089,11.44402,0.00,0.00
2015.08.20 13:15:09.049,11.44091,11.44402,0.00,0.00
2015.08.20 13:15:09.450,11.44088,11.44402,0.00,0.00
2015.08.20 13:15:09.859,11.44089,11.44398,0.00,0.00
2015.08.20 13:15:10.166,11.44138,11.44402,0.00,0.00
2015.08.20 13:15:10.217,11.44138,11.44432,0.00,0.00
2015.08.20 13:15:10.428,11.44152,11.44432,0.00,0.00
2015.08.20 13:15:11.120,11.44161,11.44401,0.00,0.00
2015.08.20 13:15:11.172,11.44161,11.44451,0.00,0.00
2015.08.20 13:15:11.222,11.44161,11.44421,0.00,0.00
2015.08.20 13:15:11.397,11.44161,11.44431,0.00,0.00
2015.08.20 13:15:11.499,11.44161,11.44451,0.00,0.00
2015.08.20 13:15:11.798,11.44161,11.44421,0.00,0.00
2015.08.20 13:15:12.000,11.44149,11.44421,0.00,0.00
2015.08.20 13:15:12.297,11.44179,11.44421,0.00,0.00
2015.08.20 13:15:12.725,11.44239,11.44481,0.00,0.00
2015.08.20 13:15:12.778,11.44239,11.44522,0.00,0.00
2015.08.20 13:15:12.829,11.44239,11.44531,0.00,0.00
2015.08.20 13:15:13.094,11.44239,11.44512,0.00,0.00
2015.08.20 13:15:13.884,11.44188,11.44462,0.00,0.00
2015.08.20 13:15:14.098,11.44188,11.44452,0.00,0.00
2015.08.20 13:15:14.410,11.44138,11.44412,0.00,0.00
2015.08.20 13:15:15.395,11.44138,11.44432,0.00,0.00
2015.08.20 13:15:15.513,11.44138,11.44441,0.00,0.00
2015.08.20 13:15:15.614,11.44138,11.44452,0.00,0.00
2015.08.20 13:15:15.664,11.44189,11.44452,0.00,0.00
2015.08.20 13:15:15.816,11.44239,11.44512,0.00,0.00
2015.08.20 13:15:16.000,11.44239,11.44521,0.00,0.00
2015.08.20 13:15:17.096,11.44238,11.44542,0.00,0.00
2015.08.20 13:15:17.147,11.44238,11.44522,0.00,0.00
2015.08.20 13:15:17.505,11.44238,11.44542,0.00,0.00
2015.08.20 13:15:17.574,11.44238,11.44531,0.00,0.00
2015.08.20 13:15:17.725,11.44238,11.44541,0.00,0.00
2015.08.20 13:15:17.826,11.44238,11.44511,0.00,0.00
2015.08.20 13:15:18.026,11.44238,11.44531,0.00,0.00
2015.08.20 13:15:18.545,11.44238,11.44511,0.00,0.00
2015.08.20 13:15:18.847,11.44238,11.44532,0.00,0.00
2015.08.20 13:15:18.948,11.44238,11.44512,0.00,0.00
2015.08.20 13:15:19.449,11.44238,11.44501,0.00,0.00
2015.08.20 13:15:19.990,11.44238,11.44502,0.00,0.00
2015.08.20 13:15:20.113,11.44238,11.44511,0.00,0.00
2015.08.20 13:15:20.234,11.44238,11.4453,0.00,0.00
2015.08.20 13:15:20.335,11.44238,11.44492,0.00,0.00
2015.08.20 13:15:20.537,11.44238,11.44521,0.00,0.00
2015.08.20 13:15:20.638,11.44238,11.44542,0.00,0.00
2015.08.20 13:15:20.739,11.44238,11.44511,0.00,0.00
2015.08.20 13:15:21.444,11.44238,11.44501,0.00,0.00
2015.08.20 13:15:21.758,11.44238,11.44482,0.00,0.00
2015.08.20 13:15:21.818,11.44238,11.44531,0.00,0.00
2015.08.20 13:15:22.181,11.44238,11.44492,0.00,0.00
2015.08.20 13:15:22.507,11.44238,11.44481,0.00,0.00
2015.08.20 13:15:22.558,11.44238,11.44502,0.00,0.00
2015.08.20 13:15:22.722,11.44238,11.44482,0.00,0.00
2015.08.20 13:15:23.221,11.44238,11.44502,0.00,0.00
2015.08.20 13:15:23.272,11.44238,11.44492,0.00,0.00
2015.08.20 13:15:23.433,11.44238,11.44521,0.00,0.00
2015.08.20 13:15:23.558,11.44238,11.44482,0.00,0.00
2015.08.20 13:15:23.759,11.44238,11.44522,0.00,0.00
2015.08.20 13:15:23.928,11.44228,11.44522,0.00,0.00
2015.08.20 13:15:24.160,11.44228,11.44492,0.00,0.00
2015.08.20 13:15:24.593,11.44228,11.44521,0.00,0.00
2015.08.20 13:15:24.644,11.44228,11.44492,0.00,0.00
2015.08.20 13:15:25.365,11.44228,11.44522,0.00,0.00
2015.08.20 13:15:25.905,11.44228,11.44491,0.00,0.00
2015.08.20 13:15:25.956,11.44228,11.44522,0.00,0.00
2015.08.20 13:15:26.168,11.44228,11.44481,0.00,0.00
2015.08.20 13:15:26.269,11.44228,11.44512,0.00,0.00
2015.08.20 13:15:26.637,11.44228,11.44501,0.00,0.00
2015.08.20 13:15:27.464,11.44228,11.44502,0.00,0.00
2015.08.20 13:15:27.779,11.44188,11.44502,0.00,0.00
2015.08.20 13:15:27.880,11.44188,11.44486,0.00,0.00
2015.08.20 13:15:28.427,11.44188,11.44486,0.00,0.00
2015.08.20 13:15:28.885,11.44188,11.44433,0.00,0.00
2015.08.20 13:15:29.884,11.44238,11.44433,0.00,0.00
2015.08.20 13:15:30.358,11.44238,11.44469,0.00,0.00
2015.08.20 13:15:30.686,11.44238,11.44502,0.00,0.00
2015.08.20 13:15:31.051,11.44238,11.44531,0.00,0.00
2015.08.20 13:15:31.102,11.44339,11.44531,0.00,0.00
2015.08.20 13:15:31.153,11.44339,11.44541,0.00,0.00
2015.08.20 13:15:31.255,11.44339,11.44571,0.00,0.00
2015.08.20 13:15:31.356,11.44289,11.44582,0.00,0.00
2015.08.20 13:15:31.874,11.44338,11.44582,0.00,0.00
2015.08.20 13:15:32.195,11.44388,11.44632,0.00,0.00
2015.08.20 13:15:32.297,11.44388,11.44649,0.00,0.00
2015.08.20 13:15:32.348,11.44388,11.44652,0.00,0.00
2015.08.20 13:15:32.648,11.44388,11.44616,0.00,0.00
2015.08.20 13:15:32.699,11.44338,11.44616,0.00,0.00
2015.08.20 13:15:32.800,11.44339,11.44651,0.00,0.00
2015.08.20 13:15:32.851,11.44389,11.44652,0.00,0.00
2015.08.20 13:15:32.901,11.44389,11.44662,0.00,0.00
2015.08.20 13:15:33.332,11.44438,11.44578,0.00,0.00
2015.08.20 13:15:33.382,11.44438,11.44575,0.00,0.00
2015.08.20 13:15:33.706,11.44438,11.44732,0.00,0.00
2015.08.20 13:15:33.860,11.44389,11.44641,0.00,0.00
2015.08.20 13:15:34.062,11.44388,11.44672,0.00,0.00
2015.08.20 13:15:34.154,11.44399,11.44672,0.00,0.00
2015.08.20 13:15:34.699,11.44388,11.44671,0.00,0.00
2015.08.20 13:15:34.911,11.44388,11.44692,0.00,0.00
2015.08.20 13:15:35.012,11.44388,11.44662,0.00,0.00
2015.08.20 13:15:35.262,11.44388,11.44692,0.00,0.00
2015.08.20 13:15:35.476,11.44388,11.44661,0.00,0.00
2015.08.20 13:15:35.999,11.44338,11.44632,0.00,0.00
2015.08.20 13:15:36.056,11.44338,11.44612,0.00,0.00
2015.08.20 13:15:36.165,11.44338,11.44632,0.00,0.00
2015.08.20 13:15:36.266,11.44338,11.44641,0.00,0.00
2015.08.20 13:15:36.766,11.44338,11.44611,0.00,0.00
2015.08.20 13:15:36.867,11.44338,11.44632,0.00,0.00
2015.08.20 13:15:36.918,11.44445,11.44639,0.00,0.00
2015.08.20 13:15:37.889,11.44669,11.44859,0.00,0.00
2015.08.20 13:15:37.941,11.44709,11.44981,0.00,0.00
2015.08.20 13:15:38.042,11.4474,11.45031,0.00,0.00
2015.08.20 13:15:38.357,11.4471,11.44982,0.00,0.00
2015.08.20 13:15:38.509,11.4467,11.44981,0.00,0.00
2015.08.20 13:15:39.221,11.44668,11.44961,0.00,0.00
2015.08.20 13:15:39.323,11.44668,11.44971,0.00,0.00
2015.08.20 13:15:39.374,11.44669,11.44912,0.00,0.00
2015.08.20 13:15:39.475,11.44649,11.44912,0.00,0.00
2015.08.20 13:15:39.974,11.44649,11.44921,0.00,0.00
2015.08.20 13:15:40.024,11.44668,11.44921,0.00,0.00
2015.08.20 13:15:40.075,11.44668,11.44951,0.00,0.00
2015.08.20 13:15:40.126,11.44689,11.44951,0.00,0.00
2015.08.20 13:15:40.176,11.44689,11.44982,0.00,0.00
2015.08.20 13:15:40.425,11.4473,11.44982,0.00,0.00
2015.08.20 13:15:40.476,11.44768,11.4504,0.00,0.00
2015.08.20 13:15:40.860,11.44818,11.4504,0.00,0.00
2015.08.20 13:15:41.163,11.44788,11.45012,0.00,0.00
2015.08.20 13:15:41.214,11.44762,11.44991,0.00,0.00
2015.08.20 13:15:41.315,11.4474,11.44991,0.00,0.00
2015.08.20 13:15:41.416,11.44739,11.45022,0.00,0.00
2015.08.20 13:15:41.467,11.44789,11.45022,0.00,0.00
2015.08.20 13:15:41.517,11.44789,11.4507,0.00,0.00
2015.08.20 13:15:41.568,11.4481,11.45071,0.00,0.00
2015.08.20 13:15:41.619,11.4481,11.45092,0.00,0.00
2015.08.20 13:15:41.669,11.44838,11.45092,0.00,0.00
2015.08.20 13:15:41.821,11.44838,11.45101,0.00,0.00
2015.08.20 13:15:41.922,11.44838,11.45011,0.00,0.00
2015.08.20 13:15:41.972,11.44792,11.45011,0.00,0.00
2015.08.20 13:15:42.023,11.44789,11.45032,0.00,0.00
2015.08.20 13:15:42.951,11.4479,11.45081,0.00,0.00
2015.08.20 13:15:43.002,11.44838,11.45091,0.00,0.00
2015.08.20 13:15:43.187,11.44838,11.45102,0.00,0.00
2015.08.20 13:15:44.169,11.44838,11.45062,0.00,0.00
2015.08.20 13:15:44.423,11.4479,11.45052,0.00,0.00
2015.08.20 13:15:44.524,11.44759,11.45052,0.00,0.00
2015.08.20 13:15:44.574,11.44759,11.45052,0.00,0.00
2015.08.20 13:15:44.939,11.44783,11.45042,0.00,0.00
2015.08.20 13:15:45.736,11.44739,11.44992,0.00,0.00
2015.08.20 13:15:45.838,11.44739,11.45022,0.00,0.00
2015.08.20 13:15:46.040,11.44739,11.44992,0.00,0.00
2015.08.20 13:15:46.344,11.44739,11.44971,0.00,0.00
2015.08.20 13:15:46.395,11.44661,11.44952,0.00,0.00
2015.08.20 13:15:46.445,11.44638,11.44921,0.00,0.00
2015.08.20 13:15:46.801,11.44638,11.44911,0.00,0.00
2015.08.20 13:15:47.296,11.4459,11.44852,0.00,0.00
2015.08.20 13:15:47.396,11.44538,11.44812,0.00,0.00
2015.08.20 13:15:47.497,11.44588,11.44812,0.00,0.00
2015.08.20 13:15:47.548,11.44588,11.44871,0.00,0.00
2015.08.20 13:15:47.649,11.44588,11.44881,0.00,0.00
2015.08.20 13:15:47.700,11.4454,11.44852,0.00,0.00
2015.08.20 13:15:47.805,11.44538,11.44852,0.00,0.00
2015.08.20 13:15:48.057,11.44588,11.4487,0.00,0.00
2015.08.20 13:15:48.159,11.44538,11.44841,0.00,0.00
2015.08.20 13:15:48.310,11.44538,11.44852,0.00,0.00
2015.08.20 13:15:48.411,11.44538,11.44831,0.00,0.00
2015.08.20 13:15:48.512,11.44538,11.44852,0.00,0.00
2015.08.20 13:15:49.390,11.44538,11.44831,0.00,0.00
2015.08.20 13:15:49.441,11.44538,11.44852,0.00,0.00
2015.08.20 13:15:50.028,11.44589,11.44901,0.00,0.00
2015.08.20 13:15:50.330,11.44638,11.44931,0.00,0.00
2015.08.20 13:15:51.006,11.44618,11.44931,0.00,0.00
2015.08.20 13:15:51.117,11.44618,11.44911,0.00,0.00
2015.08.20 13:15:51.218,11.44618,11.44932,0.00,0.00
2015.08.20 13:15:51.519,11.44618,11.44912,0.00,0.00
2015.08.20 13:15:51.820,11.44618,11.44931,0.00,0.00
2015.08.20 13:15:52.630,11.44618,11.44922,0.00,0.00
2015.08.20 13:15:52.924,11.44618,11.44931,0.00,0.00
2015.08.20 13:15:53.025,11.44618,11.44922,0.00,0.00
2015.08.20 13:15:53.336,11.44618,11.44932,0.00,0.00
2015.08.20 13:15:54.035,11.44738,11.44968,0.00,0.00
2015.08.20 13:15:55.180,11.44738,11.44962,0.00,0.00
2015.08.20 13:15:55.484,11.44738,11.44929,0.00,0.00
2015.08.20 13:15:55.534,11.44688,11.44929,0.00,0.00
2015.08.20 13:15:56.109,11.44688,11.44948,0.00,0.00
2015.08.20 13:15:56.160,11.44638,11.44948,0.00,0.00
2015.08.20 13:15:56.412,11.44688,11.44948,0.00,0.00
2015.08.20 13:15:57.953,11.44739,11.44991,0.00,0.00
2015.08.20 13:15:58.004,11.44739,11.45011,0.00,0.00
2015.08.20 13:15:58.155,11.44689,11.44972,0.00,0.00
2015.08.20 13:15:58.579,11.44689,11.45001,0.00,0.00
2015.08.20 13:15:58.681,11.44689,11.44972,0.00,0.00
2015.08.20 13:15:58.833,11.44638,11.44952,0.00,0.00
2015.08.20 13:15:58.884,11.44638,11.44932,0.00,0.00
2015.08.20 13:15:59.764,11.44639,11.44951,0.00,0.00
2015.08.20 13:15:59.815,11.44639,11.44942,0.00,0.00
2015.08.20 13:16:00.231,11.44738,11.44942,0.00,0.00
2015.08.20 13:16:00.282,11.44738,11.45019,0.00,0.00
2015.08.20 13:16:00.383,11.44738,11.45002,0.00,0.00
2015.08.20 13:16:00.600,11.44688,11.44979,0.00,0.00
2015.08.20 13:16:01.302,11.44689,11.44979,0.00,0.00
2015.08.20 13:16:01.512,11.44689,11.44942,0.00,0.00
2015.08.20 13:16:01.682,11.44689,11.44961,0.00,0.00
2015.08.20 13:16:01.783,11.44689,11.44942,0.00,0.00
2015.08.20 13:16:02.066,11.44689,11.44962,0.00,0.00
2015.08.20 13:16:02.991,11.44638,11.44942,0.00,0.00
2015.08.20 13:16:03.573,11.44638,11.44952,0.00,0.00
2015.08.20 13:16:04.175,11.44638,11.44942,0.00,0.00
2015.08.20 13:16:04.387,11.44638,11.44952,0.00,0.00
2015.08.20 13:16:04.438,11.44689,11.44972,0.00,0.00
2015.08.20 13:16:04.489,11.44689,11.44999,0.00,0.00
2015.08.20 13:16:04.823,11.44739,11.44971,0.00,0.00
2015.08.20 13:16:04.974,11.44638,11.44952,0.00,0.00
2015.08.20 13:16:05.510,11.44588,11.44851,0.00,0.00
2015.08.20 13:16:05.560,11.44539,11.44851,0.00,0.00
2015.08.20 13:16:05.879,11.44589,11.44871,0.00,0.00
2015.08.20 13:16:05.930,11.44589,11.44899,0.00,0.00
2015.08.20 13:16:06.167,11.44539,11.44851,0.00,0.00
2015.08.20 13:16:07.378,11.44589,11.44859,0.00,0.00
2015.08.20 13:16:07.429,11.44589,11.44891,0.00,0.00
2015.08.20 13:16:07.529,11.44639,11.44876,0.00,0.00
2015.08.20 13:16:07.630,11.44589,11.44851,0.00,0.00
2015.08.20 13:16:07.820,11.44538,11.44851,0.00,0.00
2015.08.20 13:16:07.971,11.4454,11.44852,0.00,0.00
2015.08.20 13:16:08.471,11.44518,11.44827,0.00,0.00
2015.08.20 13:16:08.774,11.44471,11.44777,0.00,0.00
2015.08.20 13:16:08.875,11.44468,11.44777,0.00,0.00
2015.08.20 13:16:09.027,11.44479,11.44791,0.00,0.00
2015.08.20 13:16:09.224,11.44499,11.44791,0.00,0.00
2015.08.20 13:16:10.252,11.44651,11.44791,0.00,0.00
2015.08.20 13:16:10.302,11.44632,11.44902,0.00,0.00
2015.08.20 13:16:10.566,11.44632,11.44871,0.00,0.00
2015.08.20 13:16:10.616,11.44609,11.44852,0.00,0.00
2015.08.20 13:16:10.667,11.44591,11.44852,0.00,0.00
2015.08.20 13:16:11.228,11.44592,11.44852,0.00,0.00
2015.08.20 13:16:11.341,11.44592,11.44871,0.00,0.00
2015.08.20 13:16:11.393,11.44662,11.44892,0.00,0.00
2015.08.20 13:16:11.443,11.44662,11.44902,0.00,0.00
2015.08.20 13:16:12.432,11.44662,11.44871,0.00,0.00
2015.08.20 13:16:12.483,11.44601,11.44852,0.00,0.00
2015.08.20 13:16:13.246,11.44681,11.44852,0.00,0.00
2015.08.20 13:16:13.297,11.44681,11.44952,0.00,0.00
2015.08.20 13:16:14.628,11.44771,11.44952,0.00,0.00
2015.08.20 13:16:14.779,11.44739,11.45051,0.00,0.00
2015.08.20 13:16:14.830,11.44739,11.4497,0.00,0.00
2015.08.20 13:16:14.988,11.44638,11.44952,0.00,0.00
2015.08.20 13:16:15.629,11.44638,11.44921,0.00,0.00
2015.08.20 13:16:16.133,11.44588,11.44902,0.00,0.00
2015.08.20 13:16:16.252,11.44599,11.44902,0.00,0.00
2015.08.20 13:16:16.453,11.44538,11.44852,0.00,0.00
2015.08.20 13:16:17.056,11.44549,11.44852,0.00,0.00
2015.08.20 13:16:17.688,11.44538,11.44852,0.00,0.00
2015.08.20 13:16:17.739,11.44538,11.4485,0.00,0.00
2015.08.20 13:16:18.348,11.44538,11.4483,0.00,0.00
2015.08.20 13:16:19.072,11.44538,11.44831,0.00,0.00
2015.08.20 13:16:19.123,11.44549,11.4485,0.00,0.00
2015.08.20 13:16:19.360,11.44549,11.44852,0.00,0.00
2015.08.20 13:16:19.461,11.44558,11.44852,0.00,0.00
2015.08.20 13:16:19.763,11.44589,11.44901,0.00,0.00
2015.08.20 13:16:19.828,11.44628,11.44901,0.00,0.00
2015.08.20 13:16:19.929,11.44639,11.44951,0.00,0.00
2015.08.20 13:16:21.110,11.44592,11.44902,0.00,0.00
2015.08.20 13:16:21.161,11.44638,11.44952,0.00,0.00
2015.08.20 13:16:21.266,11.44738,11.4497,0.00,0.00
2015.08.20 13:16:21.367,11.44749,11.45008,0.00,0.00
2015.08.20 13:16:21.417,11.44802,11.45052,0.00,0.00
2015.08.20 13:16:21.827,11.44802,11.45021,0.00,0.00
2015.08.20 13:16:24.358,11.44602,11.44822,0.00,0.00
2015.08.20 13:16:25.425,11.44602,11.44841,0.00,0.00
2015.08.20 13:16:25.718,11.44691,11.44921,0.00,0.00
2015.08.20 13:16:32.316,11.44662,11.44921,0.00,0.00
2015.08.20 13:16:33.331,11.44638,11.44921,0.00,0.00
2015.08.20 13:16:33.382,11.44622,11.44921,0.00,0.00
2015.08.20 13:16:33.640,11.44759,11.44921,0.00,0.00
2015.08.20 13:16:33.690,11.44759,11.45038,0.00,0.00
2015.08.20 13:16:33.741,11.44771,11.45072,0.00,0.00
2015.08.20 13:16:33.893,11.44778,11.45072,0.00,0.00
2015.08.20 13:16:33.994,11.44771,11.45072,0.00,0.00
2015.08.20 13:16:34.145,11.44788,11.4509,0.00,0.00
2015.08.20 13:16:34.246,11.44788,11.45102,0.00,0.00
2015.08.20 13:16:34.358,11.44839,11.45151,0.00,0.00
2015.08.20 13:16:34.796,11.44849,11.45151,0.00,0.00
2015.08.20 13:16:35.018,11.44839,11.45151,0.00,0.00
2015.08.20 13:16:35.119,11.44849,11.45151,0.00,0.00
2015.08.20 13:16:35.576,11.44849,11.45102,0.00,0.00
2015.08.20 13:16:35.627,11.44819,11.45102,0.00,0.00
2015.08.20 13:16:36.322,11.44849,11.45102,0.00,0.00
2015.08.20 13:16:36.593,11.44811,11.45102,0.00,0.00
2015.08.20 13:16:36.694,11.44829,11.45102,0.00,0.00
2015.08.20 13:16:36.795,11.44811,11.45102,0.00,0.00
2015.08.20 13:16:37.408,11.44811,11.45052,0.00,0.00
2015.08.20 13:16:37.459,11.44799,11.45052,0.00,0.00
2015.08.20 13:16:37.560,11.44748,11.45052,0.00,0.00
2015.08.20 13:16:38.388,11.44779,11.45052,0.00,0.00
2015.08.20 13:16:38.539,11.44789,11.45101,0.00,0.00
2015.08.20 13:16:38.589,11.44828,11.45101,0.00,0.00
2015.08.20 13:16:38.917,11.44759,11.45056,0.00,0.00
2015.08.20 13:16:39.018,11.44739,11.45056,0.00,0.00
2015.08.20 13:16:39.405,11.44759,11.45007,0.00,0.00
2015.08.20 13:16:39.905,11.44709,11.45007,0.00,0.00
2015.08.20 13:16:40.509,11.44709,11.44957,0.00,0.00
2015.08.20 13:16:40.610,11.44671,11.44957,0.00,0.00
2015.08.20 13:16:40.661,11.44639,11.44957,0.00,0.00
2015.08.20 13:16:40.711,11.44639,11.44907,0.00,0.00
2015.08.20 13:16:41.023,11.44668,11.44907,0.00,0.00
2015.08.20 13:16:41.832,11.44628,11.44907,0.00,0.00
2015.08.20 13:16:42.097,11.44658,11.44902,0.00,0.00
2015.08.20 13:16:43.504,11.44648,11.44902,0.00,0.00
2015.08.20 13:16:43.555,11.44659,11.44902,0.00,0.00
2015.08.20 13:16:44.106,11.44628,11.44902,0.00,0.00
2015.08.20 13:16:44.407,11.44659,11.44902,0.00,0.00
2015.08.20 13:16:45.924,11.44648,11.44902,0.00,0.00
2015.08.20 13:16:46.011,11.44658,11.44902,0.00,0.00
2015.08.20 13:16:46.112,11.44629,11.44902,0.00,0.00
2015.08.20 13:16:47.140,11.44638,11.44902,0.00,0.00
2015.08.20 13:16:47.489,11.44669,11.44902,0.00,0.00
2015.08.20 13:16:47.540,11.44639,11.44902,0.00,0.00
2015.08.20 13:16:48.122,11.44648,11.44902,0.00,0.00
2015.08.20 13:16:48.854,11.44668,11.44902,0.00,0.00
2015.08.20 13:16:48.960,11.44628,11.44902,0.00,0.00
2015.08.20 13:16:49.652,11.44648,11.44902,0.00,0.00
2015.08.20 13:16:50.067,11.44668,11.44902,0.00,0.00
2015.08.20 13:16:50.654,11.44708,11.44901,0.00,0.00
2015.08.20 13:16:50.755,11.44699,11.44901,0.00,0.00
2015.08.20 13:16:50.856,11.44689,11.44902,0.00,0.00
2015.08.20 13:16:50.963,11.44659,11.44902,0.00,0.00
2015.08.20 13:16:52.103,11.44688,11.44961,0.00,0.00
2015.08.20 13:16:52.154,11.44719,11.44968,0.00,0.00
2015.08.20 13:16:52.204,11.44719,11.45002,0.00,0.00
2015.08.20 13:16:52.305,11.44738,11.45021,0.00,0.00
2015.08.20 13:16:52.356,11.44762,11.45048,0.00,0.00
2015.08.20 13:16:52.456,11.44829,11.45052,0.00,0.00
2015.08.20 13:16:52.507,11.44829,11.45102,0.00,0.00
2015.08.20 13:16:52.636,11.44798,11.45102,0.00,0.00
2015.08.20 13:16:53.137,11.44799,11.45102,0.00,0.00
2015.08.20 13:16:54.203,11.44729,11.45001,0.00,0.00
2015.08.20 13:16:54.362,11.44759,11.45051,0.00,0.00
2015.08.20 13:16:54.412,11.44761,11.45051,0.00,0.00
2015.08.20 13:16:54.715,11.44829,11.45102,0.00,0.00
2015.08.20 13:16:54.866,11.44798,11.45102,0.00,0.00
2015.08.20 13:16:54.944,11.44818,11.45102,0.00,0.00
2015.08.20 13:16:55.345,11.44798,11.45102,0.00,0.00
2015.08.20 13:16:56.073,11.44788,11.45102,0.00,0.00
2015.08.20 13:16:56.376,11.44799,11.45102,0.00,0.00
2015.08.20 13:16:56.678,11.44818,11.45102,0.00,0.00
2015.08.20 13:16:57.550,11.44799,11.45102,0.00,0.00
2015.08.20 13:16:57.772,11.44828,11.45102,0.00,0.00
2015.08.20 13:16:58.159,11.44788,11.45102,0.00,0.00
2015.08.20 13:16:58.209,11.44772,11.45052,0.00,0.00
2015.08.20 13:16:58.260,11.44768,11.45052,0.00,0.00
2015.08.20 13:16:58.417,11.44788,11.45102,0.00,0.00
2015.08.20 13:16:58.694,11.44768,11.45002,0.00,0.00
2015.08.20 13:16:58.745,11.44758,11.45002,0.00,0.00
2015.08.20 13:16:58.846,11.44738,11.45002,0.00,0.00
2015.08.20 13:16:58.897,11.44738,11.4502,0.00,0.00
2015.08.20 13:16:59.002,11.44738,11.45052,0.00,0.00
2015.08.20 13:16:59.103,11.44728,11.45001,0.00,0.00
2015.08.20 13:16:59.452,11.44759,11.45001,0.00,0.00
2015.08.20 13:16:59.784,11.44739,11.45001,0.00,0.00
2015.08.20 13:17:00.166,11.44759,11.45001,0.00,0.00
2015.08.20 13:17:00.454,11.44738,11.45001,0.00,0.00
2015.08.20 13:17:00.656,11.44729,11.45001,0.00,0.00
2015.08.20 13:17:00.857,11.44738,11.45001,0.00,0.00
2015.08.20 13:17:01.519,11.44763,11.45001,0.00,0.00
2015.08.20 13:17:01.579,11.44719,11.45001,0.00,0.00
2015.08.20 13:17:01.760,11.44753,11.45001,0.00,0.00
2015.08.20 13:17:02.108,11.44773,11.45001,0.00,0.00
2015.08.20 13:17:02.360,11.44793,11.45029,0.00,0.00
2015.08.20 13:17:02.787,11.44793,11.45052,0.00,0.00
2015.08.20 13:17:02.837,11.44749,11.45001,0.00,0.00
2015.08.20 13:17:03.173,11.44753,11.45001,0.00,0.00
2015.08.20 13:17:03.518,11.44773,11.45001,0.00,0.00
2015.08.20 13:17:03.587,11.44773,11.4502,0.00,0.00
2015.08.20 13:17:03.660,11.44844,11.4502,0.00,0.00
2015.08.20 13:17:03.761,11.44863,11.45051,0.00,0.00
2015.08.20 13:17:04.569,11.45058,11.45163,0.00,0.00
2015.08.20 13:17:04.620,11.45058,11.45188,0.00,0.00
2015.08.20 13:17:04.671,11.45019,11.45321,0.00,0.00
2015.08.20 13:17:04.722,11.44971,11.45222,0.00,0.00
2015.08.20 13:17:05.175,11.44973,11.45222,0.00,0.00
2015.08.20 13:17:05.719,11.44978,11.45221,0.00,0.00
2015.08.20 13:17:05.770,11.44961,11.45221,0.00,0.00
2015.08.20 13:17:06.581,11.44968,11.45221,0.00,0.00
2015.08.20 13:17:06.805,11.44961,11.45221,0.00,0.00
2015.08.20 13:17:07.211,11.44961,11.45149,0.00,0.00
2015.08.20 13:17:07.261,11.44888,11.45122,0.00,0.00
2015.08.20 13:17:07.383,11.44929,11.45122,0.00,0.00
2015.08.20 13:17:07.484,11.44929,11.45149,0.00,0.00
2015.08.20 13:17:07.585,11.44898,11.45149,0.00,0.00
2015.08.20 13:17:07.935,11.44898,11.45169,0.00,0.00
2015.08.20 13:17:07.986,11.44908,11.45169,0.00,0.00
2015.08.20 13:17:08.087,11.44898,11.45169,0.00,0.00
2015.08.20 13:17:08.188,11.44909,11.45169,0.00,0.00
2015.08.20 13:17:08.789,11.44909,11.45122,0.00,0.00
2015.08.20 13:17:08.874,11.44898,11.45122,0.00,0.00
2015.08.20 13:17:08.988,11.44898,11.45142,0.00,0.00
2015.08.20 13:17:09.039,11.44898,11.4507,0.00,0.00
2015.08.20 13:17:09.089,11.44868,11.4507,0.00,0.00
2015.08.20 13:17:09.190,11.44828,11.4507,0.00,0.00
2015.08.20 13:17:09.241,11.44762,11.45042,0.00,0.00
2015.08.20 13:17:09.610,11.44789,11.45089,0.00,0.00
2015.08.20 13:17:11.139,11.44789,11.44988,0.00,0.00
2015.08.20 13:17:11.757,11.44689,11.44988,0.00,0.00
2015.08.20 13:17:14.981,11.44668,11.44982,0.00,0.00
2015.08.20 13:17:15.370,11.44662,11.44921,0.00,0.00
2015.08.20 13:17:15.537,11.44618,11.44909,0.00,0.00
2015.08.20 13:17:16.486,11.44568,11.44798,0.00,0.00
2015.08.20 13:17:16.587,11.44468,11.44782,0.00,0.00
2015.08.20 13:17:16.925,11.44479,11.44731,0.00,0.00
2015.08.20 13:17:17.026,11.44451,11.44731,0.00,0.00
2015.08.20 13:17:17.077,11.44419,11.44711,0.00,0.00
2015.08.20 13:17:17.178,11.44429,11.44698,0.00,0.00
2015.08.20 13:17:17.279,11.44468,11.44738,0.00,0.00
2015.08.20 13:17:17.764,11.44452,11.44751,0.00,0.00
2015.08.20 13:17:17.814,11.44438,11.44739,0.00,0.00
2015.08.20 13:17:18.012,11.44411,11.44701,0.00,0.00
2015.08.20 13:17:18.063,11.44389,11.44701,0.00,0.00
2015.08.20 13:17:18.164,11.44389,11.44698,0.00,0.00
2015.08.20 13:17:18.367,11.44439,11.44751,0.00,0.00
2015.08.20 13:17:18.418,11.44448,11.44752,0.00,0.00
2015.08.20 13:17:18.766,11.44488,11.44778,0.00,0.00
2015.08.20 13:17:20.050,11.44488,11.4479,0.00,0.00
2015.08.20 13:17:20.104,11.44588,11.44878,0.00,0.00
2015.08.20 13:17:20.338,11.44552,11.44851,0.00,0.00
2015.08.20 13:17:20.439,11.44539,11.44851,0.00,0.00
2015.08.20 13:17:20.873,11.44539,11.44802,0.00,0.00
2015.08.20 13:17:20.924,11.44528,11.44799,0.00,0.00
2015.08.20 13:17:21.040,11.44508,11.44799,0.00,0.00
2015.08.20 13:17:21.448,11.44539,11.44799,0.00,0.00
2015.08.20 13:17:21.549,11.44509,11.44799,0.00,0.00
2015.08.20 13:17:22.558,11.44518,11.44799,0.00,0.00
2015.08.20 13:17:23.046,11.44528,11.44799,0.00,0.00
2015.08.20 13:17:23.276,11.44489,11.44788,0.00,0.00
2015.08.20 13:17:23.415,11.44508,11.44788,0.00,0.00
2015.08.20 13:17:24.130,11.44479,11.44752,0.00,0.00
2015.08.20 13:17:24.468,11.44519,11.44702,0.00,0.00
2015.08.20 13:17:24.518,11.44519,11.44751,0.00,0.00
2015.08.20 13:17:24.753,11.44529,11.44751,0.00,0.00
2015.08.20 13:17:24.942,11.44488,11.44771,0.00,0.00
2015.08.20 13:17:25.043,11.44488,11.4476,0.00,0.00
2015.08.20 13:17:26.134,11.44438,11.44702,0.00,0.00
2015.08.20 13:17:26.457,11.44459,11.44702,0.00,0.00
2015.08.20 13:17:27.062,11.44438,11.44702,0.00,0.00
2015.08.20 13:17:27.652,11.44439,11.44702,0.00,0.00
2015.08.20 13:17:27.964,11.44428,11.44702,0.00,0.00
2015.08.20 13:17:29.617,11.44449,11.44702,0.00,0.00
2015.08.20 13:17:30.030,11.44458,11.44702,0.00,0.00
2015.08.20 13:17:30.131,11.44408,11.44702,0.00,0.00
2015.08.20 13:17:31.049,11.44428,11.44702,0.00,0.00
2015.08.20 13:17:31.535,11.44409,11.44702,0.00,0.00
2015.08.20 13:17:31.586,11.44439,11.44702,0.00,0.00
2015.08.20 13:17:31.954,11.44409,11.44702,0.00,0.00
2015.08.20 13:17:32.335,11.44418,11.44702,0.00,0.00
2015.08.20 13:17:33.131,11.44408,11.44702,0.00,0.00
2015.08.20 13:17:33.646,11.44358,11.44602,0.00,0.00
2015.08.20 13:17:34.170,11.44338,11.44602,0.00,0.00
2015.08.20 13:17:34.832,11.44379,11.44602,0.00,0.00
2015.08.20 13:17:35.171,11.44379,11.44652,0.00,0.00
2015.08.20 13:17:35.271,11.44388,11.44652,0.00,0.00
2015.08.20 13:17:35.640,11.44428,11.44702,0.00,0.00
2015.08.20 13:17:35.772,11.44418,11.44702,0.00,0.00
2015.08.20 13:17:35.873,11.44429,11.44702,0.00,0.00
2015.08.20 13:17:36.924,11.44449,11.44702,0.00,0.00
2015.08.20 13:17:37.069,11.44458,11.44752,0.00,0.00
2015.08.20 13:17:37.392,11.44449,11.44701,0.00,0.00
2015.08.20 13:17:37.493,11.44409,11.44701,0.00,0.00
2015.08.20 13:17:37.544,11.44399,11.44701,0.00,0.00
2015.08.20 13:17:37.645,11.44389,11.44701,0.00,0.00
2015.08.20 13:17:37.696,11.44379,11.44652,0.00,0.00
2015.08.20 13:17:37.746,11.44359,11.44652,0.00,0.00
2015.08.20 13:17:37.951,11.44388,11.44652,0.00,0.00
2015.08.20 13:17:38.280,11.44368,11.44652,0.00,0.00
2015.08.20 13:17:38.780,11.44359,11.44652,0.00,0.00
2015.08.20 13:17:38.846,11.44388,11.44652,0.00,0.00
2015.08.20 13:17:39.273,11.44521,11.44801,0.00,0.00
2015.08.20 13:17:39.336,11.44521,11.4487,0.00,0.00
2015.08.20 13:17:39.387,11.44548,11.44871,0.00,0.00
2015.08.20 13:17:39.488,11.44518,11.44882,0.00,0.00
2015.08.20 13:17:39.556,11.44538,11.44852,0.00,0.00
2015.08.20 13:17:40.408,11.44511,11.44801,0.00,0.00
2015.08.20 13:17:40.461,11.44489,11.44801,0.00,0.00
2015.08.20 13:17:40.677,11.44451,11.44752,0.00,0.00
2015.08.20 13:17:40.727,11.44438,11.44752,0.00,0.00
2015.08.20 13:17:40.879,11.44458,11.44752,0.00,0.00
2015.08.20 13:17:41.197,11.44488,11.44752,0.00,0.00
2015.08.20 13:17:42.117,11.44499,11.44752,0.00,0.00
2015.08.20 13:17:42.446,11.44499,11.44702,0.00,0.00
2015.08.20 13:17:42.497,11.44458,11.44702,0.00,0.00
2015.08.20 13:17:42.648,11.44458,11.44752,0.00,0.00
2015.08.20 13:17:42.749,11.44448,11.44752,0.00,0.00
2015.08.20 13:17:42.799,11.44458,11.44752,0.00,0.00
2015.08.20 13:17:43.699,11.44488,11.44799,0.00,0.00
2015.08.20 13:17:43.750,11.44498,11.44799,0.00,0.00
2015.08.20 13:17:44.058,11.44529,11.44802,0.00,0.00
2015.08.20 13:17:44.268,11.44519,11.44802,0.00,0.00
2015.08.20 13:17:44.470,11.44559,11.44802,0.00,0.00
2015.08.20 13:17:44.971,11.44508,11.44802,0.00,0.00
2015.08.20 13:17:45.073,11.44489,11.44802,0.00,0.00
2015.08.20 13:17:45.286,11.44499,11.44802,0.00,0.00
2015.08.20 13:17:45.509,11.44488,11.44802,0.00,0.00
2015.08.20 13:17:45.668,11.44498,11.44802,0.00,0.00
2015.08.20 13:17:45.769,11.44488,11.44802,0.00,0.00
2015.08.20 13:17:46.913,11.44533,11.44802,0.00,0.00
2015.08.20 13:17:47.271,11.44519,11.44802,0.00,0.00
2015.08.20 13:17:47.372,11.44499,11.44802,0.00,0.00
2015.08.20 13:17:47.675,11.44514,11.44802,0.00,0.00
2015.08.20 13:17:48.213,11.44461,11.44702,0.00,0.00
2015.08.20 13:17:48.264,11.44504,11.44758,0.00,0.00
2015.08.20 13:17:48.315,11.44504,11.44802,0.00,0.00
2015.08.20 13:17:48.992,11.44513,11.44802,0.00,0.00
2015.08.20 13:17:49.198,11.44488,11.44802,0.00,0.00
2015.08.20 13:17:49.248,11.44478,11.44701,0.00,0.00
2015.08.20 13:17:49.667,11.44458,11.44701,0.00,0.00
2015.08.20 13:17:49.718,11.44448,11.44701,0.00,0.00
2015.08.20 13:17:50.306,11.44454,11.44701,0.00,0.00
2015.08.20 13:17:50.698,11.44428,11.44701,0.00,0.00
2015.08.20 13:17:50.968,11.44463,11.44701,0.00,0.00
2015.08.20 13:17:52.342,11.44468,11.44751,0.00,0.00
2015.08.20 13:17:52.393,11.44478,11.44751,0.00,0.00
2015.08.20 13:17:52.771,11.44468,11.44751,0.00,0.00
2015.08.20 13:17:53.379,11.44478,11.44751,0.00,0.00
2015.08.20 13:17:54.207,11.44528,11.44798,0.00,0.00
2015.08.20 13:17:54.258,11.44528,11.44802,0.00,0.00
2015.08.20 13:17:55.288,11.44488,11.44802,0.00,0.00
2015.08.20 13:17:55.439,11.44479,11.44752,0.00,0.00
2015.08.20 13:17:55.641,11.44488,11.44802,0.00,0.00
2015.08.20 13:17:55.692,11.44519,11.44802,0.00,0.00
2015.08.20 13:17:56.012,11.44488,11.44802,0.00,0.00
2015.08.20 13:17:56.062,11.44468,11.44702,0.00,0.00
2015.08.20 13:17:56.113,11.44449,11.44702,0.00,0.00
2015.08.20 13:17:56.214,11.44488,11.44702,0.00,0.00
2015.08.20 13:17:56.315,11.44519,11.44801,0.00,0.00
2015.08.20 13:17:56.835,11.44518,11.44801,0.00,0.00
2015.08.20 13:17:57.595,11.44489,11.44801,0.00,0.00
2015.08.20 13:17:59.520,11.44518,11.44801,0.00,0.00
2015.08.20 13:18:00.068,11.44489,11.44801,0.00,0.00
2015.08.20 13:18:00.118,11.44518,11.44801,0.00,0.00
2015.08.20 13:18:00.466,11.44601,11.44852,0.00,0.00
2015.08.20 13:18:00.516,11.44571,11.44852,0.00,0.00
2015.08.20 13:18:00.617,11.44568,11.44852,0.00,0.00
2015.08.20 13:18:00.719,11.44558,11.44852,0.00,0.00
2015.08.20 13:18:01.022,11.44549,11.44802,0.00,0.00
2015.08.20 13:18:01.410,11.44509,11.44802,0.00,0.00
2015.08.20 13:18:01.511,11.44498,11.44802,0.00,0.00
2015.08.20 13:18:02.820,11.44519,11.44802,0.00,0.00
2015.08.20 13:18:03.139,11.44538,11.44802,0.00,0.00
2015.08.20 13:18:03.522,11.44508,11.44802,0.00,0.00
2015.08.20 13:18:03.927,11.44538,11.44802,0.00,0.00
2015.08.20 13:18:04.640,11.44538,11.44852,0.00,0.00
2015.08.20 13:18:04.690,11.44541,11.44852,0.00,0.00
2015.08.20 13:18:04.997,11.44569,11.44852,0.00,0.00
2015.08.20 13:18:05.493,11.44558,11.44852,0.00,0.00
2015.08.20 13:18:06.285,11.44588,11.44902,0.00,0.00
2015.08.20 13:18:06.436,11.44608,11.44902,0.00,0.00
2015.08.20 13:18:06.695,11.44588,11.44902,0.00,0.00
2015.08.20 13:18:06.900,11.44608,11.44902,0.00,0.00
2015.08.20 13:18:07.202,11.44682,11.44951,0.00,0.00
2015.08.20 13:18:07.403,11.44688,11.45002,0.00,0.00
2015.08.20 13:18:08.148,11.44688,11.44971,0.00,0.00
2015.08.20 13:18:08.199,11.44639,11.44951,0.00,0.00
2015.08.20 13:18:08.300,11.44688,11.4497,0.00,0.00
2015.08.20 13:18:08.350,11.44688,11.44991,0.00,0.00
2015.08.20 13:18:08.401,11.44699,11.45002,0.00,0.00
2015.08.20 13:18:08.502,11.44688,11.45002,0.00,0.00
2015.08.20 13:18:08.798,11.44731,11.45002,0.00,0.00
2015.08.20 13:18:08.899,11.44788,11.45102,0.00,0.00
2015.08.20 13:18:08.951,11.44742,11.45001,0.00,0.00
2015.08.20 13:18:09.001,11.44731,11.45001,0.00,0.00
2015.08.20 13:18:10.148,11.44689,11.45001,0.00,0.00
2015.08.20 13:18:10.451,11.44689,11.4497,0.00,0.00
2015.08.20 13:18:10.552,11.44638,11.44952,0.00,0.00
2015.08.20 13:18:11.346,11.44688,11.45002,0.00,0.00
2015.08.20 13:18:11.902,11.44689,11.45002,0.00,0.00
2015.08.20 13:18:12.365,11.44659,11.44901,0.00,0.00
2015.08.20 13:18:12.416,11.44639,11.44901,0.00,0.00
2015.08.20 13:18:12.517,11.44632,11.44901,0.00,0.00
2015.08.20 13:18:13.159,11.44589,11.44901,0.00,0.00
2015.08.20 13:18:13.809,11.44619,11.44901,0.00,0.00
2015.08.20 13:18:14.236,11.44589,11.44901,0.00,0.00
2015.08.20 13:18:15.384,11.44589,11.449,0.00,0.00
2015.08.20 13:18:15.585,11.44589,11.44871,0.00,0.00
2015.08.20 13:18:15.686,11.44548,11.44851,0.00,0.00
2015.08.20 13:18:15.737,11.44539,11.44851,0.00,0.00
2015.08.20 13:18:16.921,11.44538,11.44802,0.00,0.00
2015.08.20 13:18:17.113,11.44508,11.44802,0.00,0.00
2015.08.20 13:18:17.647,11.44498,11.44802,0.00,0.00
2015.08.20 13:18:18.816,11.44529,11.44802,0.00,0.00
2015.08.20 13:18:18.917,11.44498,11.44802,0.00,0.00
2015.08.20 13:18:19.117,11.44529,11.44802,0.00,0.00
2015.08.20 13:18:20.220,11.44528,11.44802,0.00,0.00
2015.08.20 13:18:20.420,11.44508,11.44802,0.00,0.00
2015.08.20 13:18:20.521,11.44499,11.44802,0.00,0.00
2015.08.20 13:18:21.627,11.44509,11.44802,0.00,0.00
2015.08.20 13:18:21.951,11.44539,11.44802,0.00,0.00
2015.08.20 13:18:22.379,11.44539,11.44852,0.00,0.00
2015.08.20 13:18:22.430,11.44548,11.44852,0.00,0.00
2015.08.20 13:18:22.633,11.44538,11.44852,0.00,0.00
2015.08.20 13:18:23.127,11.44589,11.44901,0.00,0.00
2015.08.20 13:18:23.555,11.44588,11.44801,0.00,0.00
2015.08.20 13:18:23.756,11.44508,11.44801,0.00,0.00
2015.08.20 13:18:24.443,11.44499,11.44801,0.00,0.00
2015.08.20 13:18:26.130,11.44548,11.44801,0.00,0.00
2015.08.20 13:18:27.055,11.44529,11.44801,0.00,0.00
2015.08.20 13:18:27.863,11.44508,11.44801,0.00,0.00
2015.08.20 13:18:27.964,11.44538,11.44801,0.00,0.00
2015.08.20 13:18:28.233,11.44508,11.44801,0.00,0.00
2015.08.20 13:18:28.839,11.44538,11.44801,0.00,0.00
2015.08.20 13:18:28.890,11.44528,11.44801,0.00,0.00
2015.08.20 13:18:28.991,11.44539,11.44851,0.00,0.00
2015.08.20 13:18:29.042,11.44558,11.44851,0.00,0.00
2015.08.20 13:18:29.198,11.44588,11.44902,0.00,0.00
2015.08.20 13:18:29.349,11.44599,11.44902,0.00,0.00
2015.08.20 13:18:30.648,11.44618,11.44902,0.00,0.00
2015.08.20 13:18:30.700,11.44549,11.44852,0.00,0.00
2015.08.20 13:18:31.052,11.44589,11.44852,0.00,0.00
2015.08.20 13:18:31.154,11.44568,11.44852,0.00,0.00
2015.08.20 13:18:31.257,11.44588,11.44902,0.00,0.00
2015.08.20 13:18:31.459,11.44639,11.44902,0.00,0.00
2015.08.20 13:18:31.882,11.44608,11.44902,0.00,0.00
2015.08.20 13:18:31.933,11.44639,11.44951,0.00,0.00
2015.08.20 13:18:32.034,11.4468,11.44951,0.00,0.00
2015.08.20 13:18:32.185,11.44739,11.45051,0.00,0.00
2015.08.20 13:18:32.236,11.44739,11.45021,0.00,0.00
2015.08.20 13:18:32.387,11.44688,11.45002,0.00,0.00
2015.08.20 13:18:32.539,11.44688,11.4499,0.00,0.00
2015.08.20 13:18:32.589,11.44638,11.44952,0.00,0.00
2015.08.20 13:18:32.756,11.44659,11.44952,0.00,0.00
2015.08.20 13:18:33.341,11.44648,11.44952,0.00,0.00
2015.08.20 13:18:33.391,11.44648,11.44901,0.00,0.00
2015.08.20 13:18:33.593,11.44718,11.45002,0.00,0.00
2015.08.20 13:18:34.152,11.44749,11.4503,0.00,0.00
2015.08.20 13:18:34.212,11.44749,11.45052,0.00,0.00
2015.08.20 13:18:35.135,11.44688,11.45002,0.00,0.00
2015.08.20 13:18:35.186,11.44718,11.45002,0.00,0.00
2015.08.20 13:18:35.609,11.44749,11.45051,0.00,0.00
2015.08.20 13:18:35.769,11.44759,11.45051,0.00,0.00
2015.08.20 13:18:36.270,11.44739,11.45051,0.00,0.00
2015.08.20 13:18:36.702,11.44758,11.45051,0.00,0.00
2015.08.20 13:18:36.952,11.44739,11.45051,0.00,0.00
2015.08.20 13:18:37.876,11.44729,11.45002,0.00,0.00
2015.08.20 13:18:37.977,11.44738,11.45052,0.00,0.00
2015.08.20 13:18:38.456,11.44788,11.45099,0.00,0.00
2015.08.20 13:18:38.667,11.44839,11.45151,0.00,0.00
2015.08.20 13:18:38.737,11.44839,11.45141,0.00,0.00
2015.08.20 13:18:39.039,11.44902,11.45101,0.00,0.00
2015.08.20 13:18:39.089,11.44909,11.45151,0.00,0.00
2015.08.20 13:18:39.190,11.44902,11.45151,0.00,0.00
2015.08.20 13:18:39.291,11.44902,11.45181,0.00,0.00
2015.08.20 13:18:39.392,11.44902,11.45198,0.00,0.00
2015.08.20 13:18:39.814,11.44902,11.45201,0.00,0.00
2015.08.20 13:18:39.984,11.44939,11.45251,0.00,0.00
2015.08.20 13:18:40.287,11.45001,11.45281,0.00,0.00
2015.08.20 13:18:40.589,11.45001,11.45251,0.00,0.00
2015.08.20 13:18:41.495,11.45001,11.45252,0.00,0.00
2015.08.20 13:18:41.546,11.45009,11.45301,0.00,0.00
2015.08.20 13:18:41.597,11.45038,11.45339,0.00,0.00
2015.08.20 13:18:41.647,11.45052,11.45352,0.00,0.00
2015.08.20 13:18:41.748,11.45101,11.45402,0.00,0.00
2015.08.20 13:18:42.880,11.45138,11.45452,0.00,0.00
2015.08.20 13:18:42.930,11.45188,11.45471,0.00,0.00
2015.08.20 13:18:42.981,11.45188,11.45502,0.00,0.00
2015.08.20 13:18:43.350,11.45239,11.45502,0.00,0.00
2015.08.20 13:18:43.401,11.45239,11.45521,0.00,0.00
2015.08.20 13:18:43.502,11.45262,11.45551,0.00,0.00
2015.08.20 13:18:43.603,11.45288,11.45602,0.00,0.00
2015.08.20 13:18:44.180,11.45531,11.45761,0.00,0.00
2015.08.20 13:18:44.336,11.45421,11.45662,0.00,0.00
2015.08.20 13:18:44.454,11.4533,11.45662,0.00,0.00
2015.08.20 13:18:44.505,11.45361,11.45662,0.00,0.00
2015.08.20 13:18:44.606,11.45388,11.45702,0.00,0.00
2015.08.20 13:18:44.757,11.45388,11.457,0.00,0.00
2015.08.20 13:18:45.403,11.45389,11.45701,0.00,0.00
2015.08.20 13:18:45.710,11.45562,11.45702,0.00,0.00
2015.08.20 13:18:45.811,11.45461,11.45702,0.00,0.00
2015.08.20 13:18:45.913,11.45488,11.45812,0.00,0.00
2015.08.20 13:18:46.014,11.45538,11.45832,0.00,0.00
2015.08.20 13:18:46.115,11.45538,11.45861,0.00,0.00
2015.08.20 13:18:46.267,11.45488,11.45802,0.00,0.00
2015.08.20 13:18:46.317,11.45478,11.45802,0.00,0.00
2015.08.20 13:18:46.748,11.45479,11.45791,0.00,0.00
2015.08.20 13:18:47.057,11.45562,11.45742,0.00,0.00
2015.08.20 13:18:47.108,11.45562,11.45842,0.00,0.00
2015.08.20 13:18:47.558,11.45662,11.45842,0.00,0.00
2015.08.20 13:18:48.124,11.45661,11.45842,0.00,0.00
2015.08.20 13:18:48.175,11.45668,11.45982,0.00,0.00
2015.08.20 13:18:48.371,11.4573,11.45982,0.00,0.00
2015.08.20 13:18:48.421,11.4573,11.45991,0.00,0.00
2015.08.20 13:18:48.472,11.45718,11.45991,0.00,0.00
2015.08.20 13:18:48.572,11.45762,11.4602,0.00,0.00
2015.08.20 13:18:48.673,11.45708,11.4601,0.00,0.00
2015.08.20 13:18:48.774,11.45662,11.45981,0.00,0.00
2015.08.20 13:18:48.875,11.45759,11.45981,0.00,0.00
2015.08.20 13:18:49.077,11.45762,11.46081,0.00,0.00
2015.08.20 13:18:49.178,11.45769,11.46081,0.00,0.00
2015.08.20 13:18:49.595,11.45811,11.46061,0.00,0.00
2015.08.20 13:18:49.696,11.45808,11.46072,0.00,0.00
2015.08.20 13:18:50.000,11.45861,11.46092,0.00,0.00
2015.08.20 13:18:50.102,11.45861,11.46111,0.00,0.00
2015.08.20 13:18:50.230,11.45861,11.46182,0.00,0.00
2015.08.20 13:18:50.852,11.45861,11.46161,0.00,0.00
2015.08.20 13:18:50.952,11.45762,11.46081,0.00,0.00
2015.08.20 13:18:51.003,11.45779,11.46081,0.00,0.00
2015.08.20 13:18:51.216,11.45762,11.46082,0.00,0.00
2015.08.20 13:18:51.282,11.45762,11.46061,0.00,0.00
2015.08.20 13:18:51.636,11.45762,11.46031,0.00,0.00
2015.08.20 13:18:51.738,11.45661,11.45981,0.00,0.00
2015.08.20 13:18:52.681,11.45709,11.46021,0.00,0.00
2015.08.20 13:18:52.984,11.4568,11.45982,0.00,0.00
2015.08.20 13:18:53.035,11.45661,11.45982,0.00,0.00
2015.08.20 13:18:53.392,11.45708,11.45991,0.00,0.00
2015.08.20 13:18:53.443,11.45708,11.46002,0.00,0.00
2015.08.20 13:18:53.494,11.45708,11.46011,0.00,0.00
2015.08.20 13:18:53.545,11.45708,11.46031,0.00,0.00
2015.08.20 13:18:54.133,11.45661,11.45981,0.00,0.00
2015.08.20 13:18:54.453,11.45768,11.4608,0.00,0.00
2015.08.20 13:18:54.625,11.45668,11.45982,0.00,0.00
2015.08.20 13:18:54.685,11.45768,11.45992,0.00,0.00
2015.08.20 13:18:54.836,11.45768,11.46081,0.00,0.00
2015.08.20 13:18:55.206,11.4579,11.46081,0.00,0.00
2015.08.20 13:18:55.645,11.45818,11.46081,0.00,0.00
2015.08.20 13:18:55.695,11.45769,11.46062,0.00,0.00
2015.08.20 13:18:55.891,11.45769,11.46071,0.00,0.00
2015.08.20 13:18:55.992,11.45769,11.46081,0.00,0.00
2015.08.20 13:18:56.093,11.45769,11.46072,0.00,0.00
2015.08.20 13:18:56.395,11.45869,11.46112,0.00,0.00
2015.08.20 13:18:56.496,11.45869,11.4613,0.00,0.00
2015.08.20 13:18:56.547,11.45869,11.46171,0.00,0.00
2015.08.20 13:18:56.598,11.45862,11.46122,0.00,0.00
2015.08.20 13:18:57.085,11.45862,11.46102,0.00,0.00
2015.08.20 13:18:57.136,11.45862,11.46122,0.00,0.00
2015.08.20 13:18:57.338,11.45861,11.46071,0.00,0.00
2015.08.20 13:18:57.388,11.45839,11.46071,0.00,0.00
2015.08.20 13:18:57.439,11.45839,11.46122,0.00,0.00
2015.08.20 13:18:57.697,11.45861,11.46122,0.00,0.00
2015.08.20 13:18:57.903,11.45818,11.46092,0.00,0.00
2015.08.20 13:18:57.955,11.45829,11.46092,0.00,0.00
2015.08.20 13:18:58.005,11.45829,11.46122,0.00,0.00
2015.08.20 13:18:58.056,11.45861,11.46122,0.00,0.00
2015.08.20 13:18:58.359,11.45761,11.46022,0.00,0.00
2015.08.20 13:18:58.763,11.45862,11.46022,0.00,0.00
2015.08.20 13:18:58.814,11.45762,11.46022,0.00,0.00
2015.08.20 13:19:00.001,11.45761,11.46022,0.00,0.00
2015.08.20 13:19:00.225,11.45781,11.46072,0.00,0.00
2015.08.20 13:19:00.326,11.45761,11.46021,0.00,0.00
2015.08.20 13:19:00.871,11.45819,11.46071,0.00,0.00
2015.08.20 13:19:01.397,11.45769,11.46071,0.00,0.00
2015.08.20 13:19:01.881,11.45761,11.46022,0.00,0.00
2015.08.20 13:19:01.982,11.45768,11.46072,0.00,0.00
2015.08.20 13:19:02.183,11.45748,11.46022,0.00,0.00
2015.08.20 13:19:03.046,11.45761,11.46022,0.00,0.00
2015.08.20 13:19:04.849,11.45761,11.45972,0.00,0.00
2015.08.20 13:19:04.954,11.4573,11.4597,0.00,0.00
2015.08.20 13:19:05.006,11.4573,11.45972,0.00,0.00
2015.08.20 13:19:05.057,11.45762,11.46022,0.00,0.00
2015.08.20 13:19:05.966,11.45761,11.46022,0.00,0.00
2015.08.20 13:19:06.390,11.45768,11.46071,0.00,0.00
2015.08.20 13:19:07.188,11.45761,11.46021,0.00,0.00
2015.08.20 13:19:08.669,11.45769,11.46071,0.00,0.00
2015.08.20 13:19:08.820,11.45821,11.46071,0.00,0.00
2015.08.20 13:19:09.470,11.45781,11.46022,0.00,0.00
2015.08.20 13:19:09.665,11.45781,11.46072,0.00,0.00
2015.08.20 13:19:09.716,11.45821,11.46072,0.00,0.00
2015.08.20 13:19:10.305,11.45821,11.46121,0.00,0.00
2015.08.20 13:19:10.355,11.45861,11.46121,0.00,0.00
2015.08.20 13:19:10.672,11.45871,11.46121,0.00,0.00
2015.08.20 13:19:11.223,11.45861,11.46071,0.00,0.00
2015.08.20 13:19:11.325,11.45782,11.46071,0.00,0.00
2015.08.20 13:19:11.796,11.45818,11.46112,0.00,0.00
2015.08.20 13:19:11.846,11.45862,11.46122,0.00,0.00
2015.08.20 13:19:12.437,11.45861,11.46122,0.00,0.00
2015.08.20 13:19:12.759,11.45862,11.46132,0.00,0.00
2015.08.20 13:19:12.864,11.45862,11.46018,0.00,0.00
2015.08.20 13:19:13.746,11.45567,11.45682,0.00,0.00
2015.08.20 13:19:13.797,11.45459,11.45682,0.00,0.00
2015.08.20 13:19:13.848,11.45459,11.45632,0.00,0.00
2015.08.20 13:19:13.949,11.45408,11.45632,0.00,0.00
2015.08.20 13:19:14.050,11.45408,11.45671,0.00,0.00
2015.08.20 13:19:14.151,11.45418,11.45682,0.00,0.00
2015.08.20 13:19:14.252,11.45399,11.45682,0.00,0.00
2015.08.20 13:19:14.303,11.45399,11.45632,0.00,0.00
2015.08.20 13:19:14.353,11.45369,11.45632,0.00,0.00
2015.08.20 13:19:15.542,11.45361,11.45632,0.00,0.00
2015.08.20 13:19:15.850,11.45378,11.45632,0.00,0.00
2015.08.20 13:19:15.951,11.45361,11.45632,0.00,0.00
2015.08.20 13:19:16.002,11.4543,11.45632,0.00,0.00
2015.08.20 13:19:16.052,11.45459,11.45682,0.00,0.00
2015.08.20 13:19:16.153,11.45468,11.45732,0.00,0.00
2015.08.20 13:19:16.854,11.45508,11.45732,0.00,0.00
2015.08.20 13:19:16.955,11.45478,11.45732,0.00,0.00
2015.08.20 13:19:17.056,11.45459,11.45732,0.00,0.00
2015.08.20 13:19:17.255,11.45488,11.45732,0.00,0.00
2015.08.20 13:19:17.356,11.45452,11.45732,0.00,0.00
2015.08.20 13:19:17.434,11.45478,11.45732,0.00,0.00
2015.08.20 13:19:18.136,11.45529,11.45818,0.00,0.00
2015.08.20 13:19:18.237,11.45519,11.45781,0.00,0.00
2015.08.20 13:19:18.360,11.45498,11.45781,0.00,0.00
2015.08.20 13:19:18.461,11.45488,11.45781,0.00,0.00
2015.08.20 13:19:18.854,11.45509,11.45781,0.00,0.00
2015.08.20 13:19:19.631,11.45499,11.45731,0.00,0.00
2015.08.20 13:19:19.681,11.45489,11.45731,0.00,0.00
2015.08.20 13:19:19.878,11.45568,11.4577,0.00,0.00
2015.08.20 13:19:19.929,11.45568,11.45831,0.00,0.00
2015.08.20 13:19:19.979,11.45598,11.45831,0.00,0.00
2015.08.20 13:19:20.281,11.45599,11.45781,0.00,0.00
2015.08.20 13:19:20.827,11.45618,11.45781,0.00,0.00
2015.08.20 13:19:20.882,11.45609,11.45781,0.00,0.00
2015.08.20 13:19:20.986,11.45588,11.45781,0.00,0.00
2015.08.20 13:19:21.144,11.45608,11.45781,0.00,0.00
2015.08.20 13:19:21.245,11.45588,11.45781,0.00,0.00
2015.08.20 13:19:21.305,11.45588,11.45832,0.00,0.00
2015.08.20 13:19:21.356,11.45729,11.45832,0.00,0.00
2015.08.20 13:19:21.414,11.45729,11.45921,0.00,0.00
2015.08.20 13:19:21.465,11.45788,11.46021,0.00,0.00
2015.08.20 13:19:21.565,11.45818,11.46031,0.00,0.00
2015.08.20 13:19:22.333,11.45818,11.45981,0.00,0.00
2015.08.20 13:19:22.383,11.45761,11.45981,0.00,0.00
2015.08.20 13:19:22.535,11.45761,11.46032,0.00,0.00
2015.08.20 13:19:22.635,11.45761,11.45932,0.00,0.00
2015.08.20 13:19:22.686,11.45708,11.45932,0.00,0.00
2015.08.20 13:19:22.737,11.45708,11.45971,0.00,0.00
2015.08.20 13:19:22.787,11.45728,11.45981,0.00,0.00
2015.08.20 13:19:23.126,11.45758,11.45981,0.00,0.00
2015.08.20 13:19:24.122,11.45699,11.45931,0.00,0.00
2015.08.20 13:19:24.283,11.45708,11.45881,0.00,0.00
2015.08.20 13:19:24.384,11.45668,11.45881,0.00,0.00
2015.08.20 13:19:24.936,11.45668,11.45832,0.00,0.00
2015.08.20 13:19:24.986,11.45648,11.45832,0.00,0.00
2015.08.20 13:19:25.432,11.45689,11.45881,0.00,0.00
2015.08.20 13:19:25.596,11.45658,11.45881,0.00,0.00
2015.08.20 13:19:26.202,11.45688,11.45881,0.00,0.00
2015.08.20 13:19:26.985,11.45748,11.45932,0.00,0.00
2015.08.20 13:19:27.311,11.45718,11.45932,0.00,0.00
2015.08.20 13:19:27.685,11.45718,11.45971,0.00,0.00
2015.08.20 13:19:27.786,11.45758,11.45982,0.00,0.00
2015.08.20 13:19:28.166,11.45789,11.45982,0.00,0.00
2015.08.20 13:19:28.867,11.45858,11.46081,0.00,0.00
2015.08.20 13:19:29.136,11.45809,11.4607,0.00,0.00
2015.08.20 13:19:29.187,11.45838,11.46031,0.00,0.00
2015.08.20 13:19:29.238,11.45838,11.46082,0.00,0.00
2015.08.20 13:19:29.338,11.45819,11.46071,0.00,0.00
2015.08.20 13:19:29.389,11.45829,11.46081,0.00,0.00
2015.08.20 13:19:29.443,11.45829,11.46121,0.00,0.00
2015.08.20 13:19:29.494,11.45858,11.46132,0.00,0.00
2015.08.20 13:19:29.730,11.45948,11.46232,0.00,0.00
2015.08.20 13:19:29.781,11.45988,11.46232,0.00,0.00
2015.08.20 13:19:30.314,11.45998,11.46291,0.00,0.00
2015.08.20 13:19:30.414,11.46028,11.46321,0.00,0.00
2015.08.20 13:19:30.716,11.46078,11.46321,0.00,0.00
2015.08.20 13:19:30.767,11.46008,11.46292,0.00,0.00
2015.08.20 13:19:30.886,11.45981,11.46292,0.00,0.00
2015.08.20 13:19:31.112,11.46069,11.46341,0.00,0.00
2015.08.20 13:19:31.591,11.46051,11.46341,0.00,0.00
2015.08.20 13:19:31.695,11.46079,11.46391,0.00,0.00
2015.08.20 13:19:32.342,11.46128,11.46401,0.00,0.00
2015.08.20 13:19:32.394,11.46128,11.46419,0.00,0.00
2015.08.20 13:19:32.495,11.46088,11.46392,0.00,0.00
2015.08.20 13:19:32.941,11.46078,11.46241,0.00,0.00
2015.08.20 13:19:33.143,11.45899,11.46191,0.00,0.00
2015.08.20 13:19:33.318,11.45899,11.4617,0.00,0.00
2015.08.20 13:19:33.667,11.45828,11.46071,0.00,0.00
2015.08.20 13:19:33.768,11.45808,11.46071,0.00,0.00
2015.08.20 13:19:34.068,11.45808,11.46042,0.00,0.00
2015.08.20 13:19:34.119,11.45848,11.45971,0.00,0.00
2015.08.20 13:19:34.174,11.4582,11.45941,0.00,0.00
2015.08.20 13:19:34.989,11.45609,11.45891,0.00,0.00
2015.08.20 13:19:35.051,11.45579,11.45871,0.00,0.00
2015.08.20 13:19:35.281,11.45599,11.4587,0.00,0.00
2015.08.20 13:19:35.482,11.45579,11.45871,0.00,0.00
2015.08.20 13:19:35.783,11.45609,11.45871,0.00,0.00
2015.08.20 13:19:36.458,11.45608,11.45871,0.00,0.00
2015.08.20 13:19:36.585,11.45579,11.4587,0.00,0.00
2015.08.20 13:19:36.736,11.45561,11.45791,0.00,0.00
2015.08.20 13:19:36.965,11.45528,11.4582,0.00,0.00
2015.08.20 13:19:37.015,11.45538,11.4582,0.00,0.00
2015.08.20 13:19:37.230,11.45538,11.45842,0.00,0.00
2015.08.20 13:19:37.280,11.45578,11.45871,0.00,0.00
2015.08.20 13:19:37.615,11.45508,11.45791,0.00,0.00
2015.08.20 13:19:38.263,11.45539,11.45791,0.00,0.00
2015.08.20 13:19:38.314,11.45498,11.45791,0.00,0.00
2015.08.20 13:19:38.466,11.45499,11.45691,0.00,0.00
2015.08.20 13:19:38.517,11.4546,11.45691,0.00,0.00
2015.08.20 13:19:38.568,11.45408,11.45691,0.00,0.00
2015.08.20 13:19:39.023,11.45458,11.45691,0.00,0.00
2015.08.20 13:19:39.269,11.45458,11.45742,0.00,0.00
2015.08.20 13:19:39.692,11.45428,11.45742,0.00,0.00
2015.08.20 13:19:40.180,11.45398,11.45692,0.00,0.00
2015.08.20 13:19:40.441,11.45378,11.45692,0.00,0.00
2015.08.20 13:19:40.643,11.45378,11.45621,0.00,0.00
2015.08.20 13:19:40.694,11.45361,11.45621,0.00,0.00
2015.08.20 13:19:40.795,11.45429,11.45621,0.00,0.00
2015.08.20 13:19:40.845,11.45429,11.45671,0.00,0.00
2015.08.20 13:19:40.997,11.45399,11.4567,0.00,0.00
2015.08.20 13:19:41.836,11.45379,11.45671,0.00,0.00
2015.08.20 13:19:42.348,11.45379,11.4567,0.00,0.00
2015.08.20 13:19:42.450,11.45332,11.45621,0.00,0.00
2015.08.20 13:19:42.501,11.45328,11.45621,0.00,0.00
2015.08.20 13:19:42.901,11.45358,11.45621,0.00,0.00
2015.08.20 13:19:42.951,11.45358,11.45642,0.00,0.00
2015.08.20 13:19:43.002,11.45389,11.45671,0.00,0.00
2015.08.20 13:19:43.440,11.45341,11.45441,0.00,0.00
2015.08.20 13:19:43.491,11.45138,11.45392,0.00,0.00
2015.08.20 13:19:43.592,11.45119,11.45321,0.00,0.00
2015.08.20 13:19:43.642,11.45051,11.45291,0.00,0.00
2015.08.20 13:19:43.693,11.45029,11.45291,0.00,0.00
2015.08.20 13:19:43.743,11.45033,11.45291,0.00,0.00
2015.08.20 13:19:43.794,11.45033,11.45342,0.00,0.00
2015.08.20 13:19:43.845,11.45113,11.45342,0.00,0.00
2015.08.20 13:19:43.895,11.45113,11.45392,0.00,0.00
2015.08.20 13:19:43.946,11.45133,11.45392,0.00,0.00
2015.08.20 13:19:44.206,11.45109,11.45392,0.00,0.00
2015.08.20 13:19:45.068,11.45109,11.45391,0.00,0.00
2015.08.20 13:19:45.118,11.45123,11.45391,0.00,0.00
2015.08.20 13:19:45.460,11.45123,11.4537,0.00,0.00
2015.08.20 13:19:45.609,11.45078,11.4537,0.00,0.00
2015.08.20 13:19:45.660,11.45038,11.45341,0.00,0.00
2015.08.20 13:19:45.710,11.45038,11.4532,0.00,0.00
2015.08.20 13:19:46.050,11.45029,11.45321,0.00,0.00
2015.08.20 13:19:46.101,11.45029,11.45271,0.00,0.00
2015.08.20 13:19:46.162,11.45029,11.45292,0.00,0.00
2015.08.20 13:19:46.213,11.45053,11.45321,0.00,0.00
2015.08.20 13:19:46.745,11.45074,11.4532,0.00,0.00
2015.08.20 13:19:46.795,11.45074,11.45371,0.00,0.00
2015.08.20 13:19:46.947,11.45069,11.45342,0.00,0.00
2015.08.20 13:19:47.098,11.45028,11.45321,0.00,0.00
2015.08.20 13:19:47.199,11.45073,11.45371,0.00,0.00
2015.08.20 13:19:47.518,11.45174,11.4542,0.00,0.00
2015.08.20 13:19:47.568,11.45174,11.4547,0.00,0.00
2015.08.20 13:19:47.720,11.45151,11.45442,0.00,0.00
2015.08.20 13:19:47.771,11.45128,11.4542,0.00,0.00
2015.08.20 13:19:48.258,11.45161,11.45421,0.00,0.00
2015.08.20 13:19:48.309,11.45178,11.45471,0.00,0.00
2015.08.20 13:19:48.410,11.45109,11.45292,0.00,0.00
2015.08.20 13:19:48.461,11.4502,11.45292,0.00,0.00
2015.08.20 13:19:48.562,11.4498,11.45292,0.00,0.00
2015.08.20 13:19:48.663,11.44989,11.45292,0.00,0.00
2015.08.20 13:19:48.764,11.44978,11.45292,0.00,0.00
2015.08.20 13:19:50.003,11.44961,11.45242,0.00,0.00
2015.08.20 13:19:50.054,11.45028,11.45321,0.00,0.00
2015.08.20 13:19:50.110,11.45028,11.45271,0.00,0.00
2015.08.20 13:19:50.160,11.44978,11.45271,0.00,0.00
2015.08.20 13:19:51.037,11.44978,11.4527,0.00,0.00
2015.08.20 13:19:51.464,11.44979,11.45221,0.00,0.00
2015.08.20 13:19:51.565,11.44979,11.4527,0.00,0.00
2015.08.20 13:19:51.665,11.44988,11.4527,0.00,0.00
2015.08.20 13:19:51.878,11.45039,11.45341,0.00,0.00
2015.08.20 13:19:51.928,11.45051,11.45341,0.00,0.00
2015.08.20 13:19:52.079,11.45088,11.45391,0.00,0.00
2015.08.20 13:19:52.130,11.45151,11.45391,0.00,0.00
2015.08.20 13:19:52.231,11.45179,11.45471,0.00,0.00
2015.08.20 13:19:53.006,11.45178,11.4547,0.00,0.00
2015.08.20 13:19:53.106,11.45158,11.45442,0.00,0.00
2015.08.20 13:19:53.157,11.45118,11.4543,0.00,0.00
2015.08.20 13:19:53.331,11.45111,11.45402,0.00,0.00
2015.08.20 13:19:53.483,11.45078,11.45371,0.00,0.00
2015.08.20 13:19:53.888,11.45041,11.4527,0.00,0.00
2015.08.20 13:19:53.938,11.45028,11.4527,0.00,0.00
2015.08.20 13:19:53.989,11.44978,11.45271,0.00,0.00
2015.08.20 13:19:55.008,11.44929,11.45241,0.00,0.00
2015.08.20 13:19:55.064,11.44929,11.45171,0.00,0.00
2015.08.20 13:19:55.115,11.44879,11.45171,0.00,0.00
2015.08.20 13:19:55.166,11.44879,11.45192,0.00,0.00
2015.08.20 13:19:55.217,11.44929,11.45221,0.00,0.00
2015.08.20 13:19:55.608,11.44929,11.45171,0.00,0.00
2015.08.20 13:19:55.659,11.44912,11.45171,0.00,0.00
2015.08.20 13:19:55.760,11.44878,11.4517,0.00,0.00
2015.08.20 13:19:55.861,11.45029,11.4522,0.00,0.00
2015.08.20 13:19:55.962,11.44999,11.4522,0.00,0.00
2015.08.20 13:19:56.063,11.44978,11.45221,0.00,0.00
2015.08.20 13:19:56.448,11.44949,11.45221,0.00,0.00
2015.08.20 13:19:56.725,11.44978,11.45221,0.00,0.00
2015.08.20 13:19:56.775,11.44978,11.45271,0.00,0.00
2015.08.20 13:19:56.834,11.45019,11.45271,0.00,0.00
2015.08.20 13:19:56.936,11.44998,11.4527,0.00,0.00
2015.08.20 13:19:56.986,11.44998,11.45221,0.00,0.00
2015.08.20 13:19:57.037,11.44949,11.45221,0.00,0.00
2015.08.20 13:19:57.088,11.44948,11.4517,0.00,0.00
2015.08.20 13:19:57.474,11.44939,11.45171,0.00,0.00
2015.08.20 13:19:57.899,11.44928,11.45171,0.00,0.00
2015.08.20 13:19:57.950,11.44859,11.45076,0.00,0.00
2015.08.20 13:19:58.203,11.44859,11.4512,0.00,0.00
2015.08.20 13:19:58.254,11.44889,11.4512,0.00,0.00
2015.08.20 13:19:58.304,11.44889,11.45142,0.00,0.00
2015.08.20 13:19:58.783,11.44939,11.45142,0.00,0.00
2015.08.20 13:19:58.834,11.44979,11.45209,0.00,0.00
2015.08.20 13:19:58.885,11.45008,11.45291,0.00,0.00
2015.08.20 13:19:59.365,11.45048,11.45291,0.00,0.00
2015.08.20 13:19:59.633,11.45069,11.45342,0.00,0.00
2015.08.20 13:19:59.683,11.45149,11.45342,0.00,0.00
2015.08.20 13:19:59.734,11.45149,11.45391,0.00,0.00
2015.08.20 13:19:59.998,11.45099,11.45391,0.00,0.00
2015.08.20 13:20:00.149,11.45108,11.45391,0.00,0.00
2015.08.20 13:20:00.401,11.45278,11.45591,0.00,0.00
2015.08.20 13:20:00.452,11.45309,11.45591,0.00,0.00
2015.08.20 13:20:01.005,11.45308,11.45601,0.00,0.00
2015.08.20 13:20:01.294,11.45308,11.45609,0.00,0.00
2015.08.20 13:20:01.345,11.45288,11.45609,0.00,0.00
2015.08.20 13:20:03.512,11.45189,11.45501,0.00,0.00
2015.08.20 13:20:04.035,11.4519,11.45502,0.00,0.00
2015.08.20 13:20:04.136,11.45188,11.45502,0.00,0.00
2015.08.20 13:20:05.773,11.45189,11.45502,0.00,0.00
2015.08.20 13:20:05.907,11.45188,11.45468,0.00,0.00
2015.08.20 13:20:06.008,11.45188,11.45498,0.00,0.00
2015.08.20 13:20:06.552,11.45189,11.45498,0.00,0.00
2015.08.20 13:20:07.445,11.45189,11.45491,0.00,0.00
2015.08.20 13:20:07.547,11.45189,11.45499,0.00,0.00
2015.08.20 13:20:08.053,11.45189,11.45459,0.00,0.00
2015.08.20 13:20:08.103,11.45089,11.45401,0.00,0.00
2015.08.20 13:20:08.295,11.45108,11.45401,0.00,0.00
2015.08.20 13:20:08.396,11.45138,11.45452,0.00,0.00
2015.08.20 13:20:08.649,11.45219,11.45502,0.00,0.00
2015.08.20 13:20:08.952,11.45428,11.45762,0.00,0.00
2015.08.20 13:20:09.454,11.45478,11.4577,0.00,0.00
2015.08.20 13:20:09.555,11.45478,11.45812,0.00,0.00
2015.08.20 13:20:09.606,11.45451,11.45751,0.00,0.00
2015.08.20 13:20:09.952,11.45428,11.45702,0.00,0.00
2015.08.20 13:20:10.003,11.45411,11.45702,0.00,0.00
2015.08.20 13:20:10.902,11.45459,11.45701,0.00,0.00
2015.08.20 13:20:11.004,11.45418,11.45701,0.00,0.00
2015.08.20 13:20:11.104,11.45399,11.45671,0.00,0.00
2015.08.20 13:20:11.407,11.45439,11.45702,0.00,0.00
2015.08.20 13:20:11.671,11.45419,11.45702,0.00,0.00
2015.08.20 13:20:11.721,11.45419,11.45652,0.00,0.00
2015.08.20 13:20:12.037,11.45348,11.45602,0.00,0.00
2015.08.20 13:20:12.461,11.45379,11.45652,0.00,0.00
2015.08.20 13:20:12.612,11.45388,11.45652,0.00,0.00
2015.08.20 13:20:12.945,11.45359,11.45602,0.00,0.00
2015.08.20 13:20:12.995,11.45308,11.4557,0.00,0.00
2015.08.20 13:20:13.162,11.45308,11.45552,0.00,0.00
2015.08.20 13:20:13.492,11.45348,11.45552,0.00,0.00
2015.08.20 13:20:13.987,11.45312,11.45552,0.00,0.00
2015.08.20 13:20:14.038,11.45308,11.45552,0.00,0.00
2015.08.20 13:20:14.207,11.45262,11.4552,0.00,0.00
2015.08.20 13:20:14.258,11.4526,11.45502,0.00,0.00
2015.08.20 13:20:14.309,11.45239,11.45502,0.00,0.00
2015.08.20 13:20:14.410,11.45258,11.45502,0.00,0.00
2015.08.20 13:20:14.690,11.45229,11.45502,0.00,0.00
2015.08.20 13:20:14.778,11.45239,11.45502,0.00,0.00
2015.08.20 13:20:15.119,11.45289,11.45502,0.00,0.00
2015.08.20 13:20:15.319,11.45289,11.45552,0.00,0.00
2015.08.20 13:20:16.197,11.45209,11.45401,0.00,0.00
2015.08.20 13:20:16.281,11.45189,11.45401,0.00,0.00
2015.08.20 13:20:16.374,11.45178,11.45401,0.00,0.00
2015.08.20 13:20:16.675,11.4519,11.45401,0.00,0.00
2015.08.20 13:20:16.776,11.45229,11.45451,0.00,0.00
2015.08.20 13:20:16.827,11.45239,11.45451,0.00,0.00
2015.08.20 13:20:17.227,11.45249,11.45451,0.00,0.00
2015.08.20 13:20:17.328,11.45219,11.45451,0.00,0.00
2015.08.20 13:20:17.378,11.45219,11.45371,0.00,0.00
2015.08.20 13:20:17.429,11.45158,11.45351,0.00,0.00
2015.08.20 13:20:17.631,11.45188,11.45401,0.00,0.00
2015.08.20 13:20:18.380,11.45189,11.45401,0.00,0.00
2015.08.20 13:20:18.431,11.45158,11.45401,0.00,0.00
2015.08.20 13:20:18.585,11.4518,11.45401,0.00,0.00
2015.08.20 13:20:18.787,11.45169,11.45401,0.00,0.00
2015.08.20 13:20:19.214,11.45198,11.45401,0.00,0.00
2015.08.20 13:20:19.422,11.45189,11.45401,0.00,0.00
2015.08.20 13:20:19.487,11.45169,11.45401,0.00,0.00
2015.08.20 13:20:19.903,11.45139,11.45351,0.00,0.00
2015.08.20 13:20:20.014,11.45129,11.45351,0.00,0.00
2015.08.20 13:20:20.188,11.45148,11.45351,0.00,0.00
2015.08.20 13:20:20.489,11.4511,11.45302,0.00,0.00
2015.08.20 13:20:20.540,11.45058,11.45302,0.00,0.00
2015.08.20 13:20:20.805,11.45129,11.45352,0.00,0.00
2015.08.20 13:20:21.212,11.45138,11.45352,0.00,0.00
2015.08.20 13:20:21.744,11.45149,11.45371,0.00,0.00
2015.08.20 13:20:21.795,11.45168,11.45371,0.00,0.00
2015.08.20 13:20:21.845,11.45168,11.45402,0.00,0.00
2015.08.20 13:20:21.992,11.45159,11.45402,0.00,0.00
2015.08.20 13:20:22.042,11.45159,11.45352,0.00,0.00
2015.08.20 13:20:22.143,11.45118,11.45352,0.00,0.00
2015.08.20 13:20:22.294,11.45149,11.45352,0.00,0.00
2015.08.20 13:20:22.496,11.45169,11.45402,0.00,0.00
2015.08.20 13:20:22.793,11.45159,11.45402,0.00,0.00
2015.08.20 13:20:22.899,11.45199,11.45402,0.00,0.00
2015.08.20 13:20:23.000,11.45168,11.45402,0.00,0.00
2015.08.20 13:20:23.620,11.45188,11.45402,0.00,0.00
2015.08.20 13:20:23.795,11.4517,11.45402,0.00,0.00
2015.08.20 13:20:23.896,11.45188,11.45402,0.00,0.00
2015.08.20 13:20:24.212,11.45198,11.45402,0.00,0.00
2015.08.20 13:20:24.516,11.45189,11.45402,0.00,0.00
2015.08.20 13:20:24.616,11.45159,11.45402,0.00,0.00
2015.08.20 13:20:25.197,11.45169,11.45402,0.00,0.00
2015.08.20 13:20:25.540,11.45129,11.45352,0.00,0.00
2015.08.20 13:20:25.850,11.45149,11.45352,0.00,0.00
2015.08.20 13:20:25.901,11.45149,11.45401,0.00,0.00
2015.08.20 13:20:26.006,11.45139,11.45401,0.00,0.00
2015.08.20 13:20:26.208,11.45111,11.45351,0.00,0.00
2015.08.20 13:20:27.083,11.45129,11.45351,0.00,0.00
2015.08.20 13:20:27.134,11.45088,11.45351,0.00,0.00
2015.08.20 13:20:27.302,11.45098,11.45351,0.00,0.00
2015.08.20 13:20:27.628,11.45088,11.45351,0.00,0.00
2015.08.20 13:20:27.746,11.45069,11.45351,0.00,0.00
2015.08.20 13:20:27.847,11.45089,11.45351,0.00,0.00
2015.08.20 13:20:27.948,11.45069,11.45351,0.00,0.00
2015.08.20 13:20:28.151,11.45051,11.45351,0.00,0.00
2015.08.20 13:20:28.566,11.45069,11.45351,0.00,0.00
2015.08.20 13:20:28.937,11.45098,11.45351,0.00,0.00
2015.08.20 13:20:28.988,11.45111,11.45402,0.00,0.00
2015.08.20 13:20:29.208,11.45088,11.45402,0.00,0.00
2015.08.20 13:20:29.517,11.45139,11.4545,0.00,0.00
2015.08.20 13:20:30.006,11.45138,11.45452,0.00,0.00
2015.08.20 13:20:30.227,11.45151,11.45452,0.00,0.00
2015.08.20 13:20:30.635,11.45159,11.45452,0.00,0.00
2015.08.20 13:20:30.941,11.45151,11.45452,0.00,0.00
2015.08.20 13:20:32.144,11.45138,11.45452,0.00,0.00
2015.08.20 13:20:32.194,11.45138,11.4545,0.00,0.00
2015.08.20 13:20:32.518,11.45169,11.45452,0.00,0.00
2015.08.20 13:20:32.617,11.45152,11.45452,0.00,0.00
2015.08.20 13:20:33.186,11.45188,11.45479,0.00,0.00
2015.08.20 13:20:33.287,11.45198,11.45502,0.00,0.00
2015.08.20 13:20:33.621,11.45208,11.45502,0.00,0.00
2015.08.20 13:20:33.944,11.45198,11.45502,0.00,0.00
2015.08.20 13:20:34.121,11.45188,11.45502,0.00,0.00
2015.08.20 13:20:34.994,11.45188,11.45501,0.00,0.00
2015.08.20 13:20:35.145,11.45161,11.45451,0.00,0.00
2015.08.20 13:20:35.443,11.45199,11.45501,0.00,0.00
2015.08.20 13:20:35.544,11.45209,11.45501,0.00,0.00
2015.08.20 13:20:35.645,11.45199,11.45501,0.00,0.00
2015.08.20 13:20:36.779,11.45198,11.45501,0.00,0.00
2015.08.20 13:20:36.834,11.45189,11.45501,0.00,0.00
2015.08.20 13:20:37.403,11.45189,11.455,0.00,0.00
2015.08.20 13:20:37.453,11.45162,11.45451,0.00,0.00
2015.08.20 13:20:37.714,11.45051,11.45351,0.00,0.00
2015.08.20 13:20:37.765,11.45089,11.454,0.00,0.00
2015.08.20 13:20:38.595,11.45169,11.454,0.00,0.00
2015.08.20 13:20:38.649,11.45161,11.45452,0.00,0.00
2015.08.20 13:20:38.961,11.45178,11.45452,0.00,0.00
2015.08.20 13:20:39.163,11.45158,11.45452,0.00,0.00
2015.08.20 13:20:39.214,11.4516,11.45452,0.00,0.00
2015.08.20 13:20:39.366,11.45152,11.45452,0.00,0.00
2015.08.20 13:20:39.420,11.45152,11.45402,0.00,0.00
2015.08.20 13:20:39.470,11.45098,11.45402,0.00,0.00
2015.08.20 13:20:39.521,11.45129,11.45402,0.00,0.00
2015.08.20 13:20:39.978,11.45168,11.45451,0.00,0.00
2015.08.20 13:20:40.138,11.45152,11.45451,0.00,0.00
2015.08.20 13:20:40.345,11.45169,11.45451,0.00,0.00
2015.08.20 13:20:40.869,11.45151,11.45451,0.00,0.00
2015.08.20 13:20:41.071,11.45158,11.45451,0.00,0.00
2015.08.20 13:20:41.469,11.45152,11.45451,0.00,0.00
2015.08.20 13:20:42.173,11.45158,11.45451,0.00,0.00
2015.08.20 13:20:42.834,11.45179,11.45451,0.00,0.00
2015.08.20 13:20:42.885,11.45198,11.45501,0.00,0.00
2015.08.20 13:20:42.946,11.45211,11.45501,0.00,0.00
2015.08.20 13:20:43.379,11.45238,11.45551,0.00,0.00
2015.08.20 13:20:43.675,11.45261,11.45551,0.00,0.00
2015.08.20 13:20:43.826,11.45288,11.456,0.00,0.00
2015.08.20 13:20:43.877,11.45319,11.45602,0.00,0.00
2015.08.20 13:20:44.318,11.45352,11.45651,0.00,0.00
2015.08.20 13:20:44.372,11.45359,11.45652,0.00,0.00
2015.08.20 13:20:44.816,11.45361,11.45652,0.00,0.00
2015.08.20 13:20:45.251,11.45459,11.45701,0.00,0.00
2015.08.20 13:20:45.643,11.45511,11.45728,0.00,0.00
2015.08.20 13:20:45.693,11.45511,11.45801,0.00,0.00
2015.08.20 13:20:45.744,11.45489,11.45801,0.00,0.00
2015.08.20 13:20:45.795,11.45461,11.45752,0.00,0.00
2015.08.20 13:20:46.140,11.45552,11.45752,0.00,0.00
2015.08.20 13:20:46.241,11.45552,11.45802,0.00,0.00
2015.08.20 13:20:46.342,11.45552,11.45851,0.00,0.00
2015.08.20 13:20:46.442,11.45538,11.45838,0.00,0.00
2015.08.20 13:20:46.493,11.45551,11.45852,0.00,0.00
2015.08.20 13:20:47.395,11.45561,11.45852,0.00,0.00
2015.08.20 13:20:48.995,11.45638,11.45952,0.00,0.00
2015.08.20 13:20:49.046,11.45662,11.45952,0.00,0.00
2015.08.20 13:20:49.355,11.45662,11.45902,0.00,0.00
2015.08.20 13:20:49.456,11.45588,11.45882,0.00,0.00
2015.08.20 13:20:49.605,11.45588,11.45822,0.00,0.00
2015.08.20 13:20:49.655,11.45552,11.45801,0.00,0.00
2015.08.20 13:20:49.706,11.45491,11.45772,0.00,0.00
2015.08.20 13:20:49.757,11.45491,11.4574,0.00,0.00
2015.08.20 13:20:50.274,11.45452,11.45752,0.00,0.00
2015.08.20 13:20:50.649,11.45432,11.45702,0.00,0.00
2015.08.20 13:20:50.700,11.45392,11.45702,0.00,0.00
2015.08.20 13:20:50.757,11.45451,11.45702,0.00,0.00
2015.08.20 13:20:50.908,11.45389,11.45691,0.00,0.00
2015.08.20 13:20:50.959,11.45381,11.45652,0.00,0.00
2015.08.20 13:20:51.009,11.45361,11.45652,0.00,0.00
2015.08.20 13:20:51.111,11.45388,11.45702,0.00,0.00
2015.08.20 13:20:51.262,11.45388,11.457,0.00,0.00
2015.08.20 13:20:51.802,11.45388,11.45702,0.00,0.00
2015.08.20 13:20:51.964,11.45381,11.45652,0.00,0.00
2015.08.20 13:20:52.015,11.45361,11.45652,0.00,0.00
2015.08.20 13:20:52.413,11.45461,11.45701,0.00,0.00
2015.08.20 13:20:52.513,11.45461,11.45752,0.00,0.00
2015.08.20 13:20:53.251,11.45488,11.45802,0.00,0.00
2015.08.20 13:20:53.626,11.45459,11.45702,0.00,0.00
2015.08.20 13:20:53.676,11.45419,11.45702,0.00,0.00
2015.08.20 13:20:54.000,11.45419,11.45652,0.00,0.00
2015.08.20 13:20:54.051,11.45361,11.45652,0.00,0.00
2015.08.20 13:20:55.006,11.45338,11.45652,0.00,0.00
2015.08.20 13:20:55.057,11.45352,11.45602,0.00,0.00
2015.08.20 13:20:55.158,11.45349,11.45602,0.00,0.00
2015.08.20 13:20:55.209,11.4532,11.45602,0.00,0.00
2015.08.20 13:20:55.321,11.45291,11.45602,0.00,0.00
2015.08.20 13:20:55.621,11.4527,11.45552,0.00,0.00
2015.08.20 13:20:55.929,11.45262,11.45541,0.00,0.00
2015.08.20 13:20:55.979,11.45262,11.45552,0.00,0.00
2015.08.20 13:20:56.514,11.45262,11.45502,0.00,0.00
2015.08.20 13:20:56.615,11.45188,11.455,0.00,0.00
2015.08.20 13:20:56.724,11.45162,11.45452,0.00,0.00
2015.08.20 13:20:56.825,11.45138,11.45451,0.00,0.00
2015.08.20 13:20:57.026,11.45131,11.45401,0.00,0.00
2015.08.20 13:20:57.235,11.45099,11.45401,0.00,0.00
2015.08.20 13:20:57.436,11.45119,11.45401,0.00,0.00
2015.08.20 13:20:57.537,11.45092,11.45401,0.00,0.00
2015.08.20 13:20:58.032,11.45119,11.45401,0.00,0.00
2015.08.20 13:20:58.433,11.4512,11.45351,0.00,0.00
2015.08.20 13:20:58.491,11.45111,11.45351,0.00,0.00
2015.08.20 13:20:58.592,11.4507,11.45351,0.00,0.00
2015.08.20 13:20:58.694,11.45061,11.45351,0.00,0.00
2015.08.20 13:20:58.875,11.45089,11.454,0.00,0.00
2015.08.20 13:20:58.926,11.4514,11.45401,0.00,0.00
2015.08.20 13:20:59.806,11.45151,11.45452,0.00,0.00
2015.08.20 13:20:59.907,11.45168,11.45482,0.00,0.00
2015.08.20 13:21:00.095,11.45151,11.45432,0.00,0.00
2015.08.20 13:21:00.398,11.45359,11.45632,0.00,0.00
2015.08.20 13:21:00.978,11.45391,11.45611,0.00,0.00
2015.08.20 13:21:01.029,11.45391,11.45682,0.00,0.00
2015.08.20 13:21:01.616,11.45399,11.45682,0.00,0.00
2015.08.20 13:21:01.668,11.45419,11.45711,0.00,0.00
2015.08.20 13:21:01.769,11.45399,11.45682,0.00,0.00
2015.08.20 13:21:02.944,11.45418,11.45711,0.00,0.00
2015.08.20 13:21:03.045,11.45489,11.45732,0.00,0.00
2015.08.20 13:21:03.637,11.45539,11.45732,0.00,0.00
2015.08.20 13:21:03.688,11.45522,11.45781,0.00,0.00
2015.08.20 13:21:03.738,11.4559,11.45781,0.00,0.00
2015.08.20 13:21:03.840,11.4559,11.45832,0.00,0.00
2015.08.20 13:21:03.930,11.4563,11.45832,0.00,0.00
2015.08.20 13:21:03.980,11.4563,11.45882,0.00,0.00
2015.08.20 13:21:04.031,11.45669,11.45882,0.00,0.00
2015.08.20 13:21:04.281,11.4567,11.45982,0.00,0.00
2015.08.20 13:21:04.332,11.45729,11.45982,0.00,0.00
2015.08.20 13:21:04.732,11.45761,11.45982,0.00,0.00
2015.08.20 13:21:04.790,11.45768,11.46082,0.00,0.00
2015.08.20 13:21:04.841,11.4578,11.46082,0.00,0.00
2015.08.20 13:21:05.000,11.45819,11.46131,0.00,0.00
2015.08.20 13:21:05.050,11.45819,11.46011,0.00,0.00
2015.08.20 13:21:05.426,11.45719,11.45981,0.00,0.00
2015.08.20 13:21:06.082,11.45762,11.45981,0.00,0.00
2015.08.20 13:21:06.132,11.45762,11.46032,0.00,0.00
2015.08.20 13:21:06.184,11.45768,11.46082,0.00,0.00
2015.08.20 13:21:07.333,11.45769,11.46082,0.00,0.00
2015.08.20 13:21:07.602,11.45761,11.46032,0.00,0.00
2015.08.20 13:21:07.703,11.4568,11.45981,0.00,0.00
2015.08.20 13:21:08.249,11.45679,11.45981,0.00,0.00
2015.08.20 13:21:08.703,11.4568,11.45972,0.00,0.00
2015.08.20 13:21:08.754,11.4562,11.45932,0.00,0.00
2015.08.20 13:21:09.110,11.45619,11.45882,0.00,0.00
2015.08.20 13:21:09.160,11.4558,11.45882,0.00,0.00
2015.08.20 13:21:09.362,11.45619,11.45931,0.00,0.00
2015.08.20 13:21:10.421,11.4562,11.45932,0.00,0.00
2015.08.20 13:21:10.472,11.45669,11.45981,0.00,0.00
2015.08.20 13:21:11.175,11.45669,11.45961,0.00,0.00
2015.08.20 13:21:11.225,11.45619,11.45931,0.00,0.00
2015.08.20 13:21:11.677,11.45569,11.45882,0.00,0.00
2015.08.20 13:21:13.139,11.45578,11.45882,0.00,0.00
2015.08.20 13:21:13.322,11.45569,11.45882,0.00,0.00
2015.08.20 13:21:14.472,11.45718,11.45911,0.00,0.00
2015.08.20 13:21:14.523,11.45769,11.46052,0.00,0.00
2015.08.20 13:21:14.574,11.45769,11.46061,0.00,0.00
2015.08.20 13:21:14.675,11.45769,11.46081,0.00,0.00
2015.08.20 13:21:15.641,11.45868,11.46102,0.00,0.00
2015.08.20 13:21:16.037,11.45868,11.4611,0.00,0.00
2015.08.20 13:21:16.088,11.45819,11.46081,0.00,0.00
2015.08.20 13:21:16.189,11.45769,11.46081,0.00,0.00
2015.08.20 13:21:18.381,11.45762,11.46032,0.00,0.00
2015.08.20 13:21:18.482,11.45718,11.46032,0.00,0.00
2015.08.20 13:21:19.208,11.45761,11.46032,0.00,0.00
2015.08.20 13:21:19.541,11.45829,11.46032,0.00,0.00
2015.08.20 13:21:19.592,11.45869,11.46122,0.00,0.00
2015.08.20 13:21:19.692,11.45869,11.46161,0.00,0.00
2015.08.20 13:21:19.793,11.45818,11.46132,0.00,0.00
2015.08.20 13:21:19.894,11.45869,11.46132,0.00,0.00
2015.08.20 13:21:19.945,11.45869,11.46181,0.00,0.00
2015.08.20 13:21:19.996,11.45852,11.46132,0.00,0.00
2015.08.20 13:21:20.129,11.45818,11.46132,0.00,0.00
2015.08.20 13:21:21.108,11.45739,11.46051,0.00,0.00
2015.08.20 13:21:21.452,11.45788,11.46069,0.00,0.00
2015.08.20 13:21:21.643,11.45738,11.46042,0.00,0.00
2015.08.20 13:21:21.694,11.45738,11.46052,0.00,0.00
2015.08.20 13:21:21.849,11.45738,11.46042,0.00,0.00
2015.08.20 13:21:21.899,11.4569,11.46001,0.00,0.00
2015.08.20 13:21:22.666,11.45689,11.46001,0.00,0.00
2015.08.20 13:21:23.449,11.45689,11.46,0.00,0.00
2015.08.20 13:21:24.103,11.45639,11.45951,0.00,0.00
2015.08.20 13:21:24.303,11.45598,11.45802,0.00,0.00
2015.08.20 13:21:24.454,11.45528,11.45802,0.00,0.00
2015.08.20 13:21:24.509,11.45488,11.45802,0.00,0.00
2015.08.20 13:21:24.834,11.45451,11.45751,0.00,0.00
2015.08.20 13:21:25.055,11.45489,11.45801,0.00,0.00
2015.08.20 13:21:25.206,11.45451,11.45702,0.00,0.00
2015.08.20 13:21:25.639,11.45488,11.45802,0.00,0.00
2015.08.20 13:21:27.278,11.45388,11.45702,0.00,0.00
2015.08.20 13:21:29.871,11.45388,11.4566,0.00,0.00
2015.08.20 13:21:29.922,11.45338,11.45652,0.00,0.00
2015.08.20 13:21:29.973,11.45338,11.45638,0.00,0.00
2015.08.20 13:21:30.611,11.45288,11.45602,0.00,0.00
2015.08.20 13:21:31.319,11.45288,11.45571,0.00,0.00
2015.08.20 13:21:31.369,11.45262,11.45551,0.00,0.00
2015.08.20 13:21:31.470,11.45189,11.45501,0.00,0.00
2015.08.20 13:21:32.765,11.45189,11.45449,0.00,0.00
2015.08.20 13:21:32.816,11.45088,11.45402,0.00,0.00
2015.08.20 13:21:33.647,11.45059,11.45351,0.00,0.00
2015.08.20 13:21:34.074,11.45089,11.45401,0.00,0.00
2015.08.20 13:21:35.202,11.45051,11.45351,0.00,0.00
2015.08.20 13:21:35.709,11.45039,11.45351,0.00,0.00
2015.08.20 13:21:35.943,11.45088,11.45389,0.00,0.00
2015.08.20 13:21:36.094,11.45088,11.45402,0.00,0.00
2015.08.20 13:21:36.605,11.45059,11.45352,0.00,0.00
2015.08.20 13:21:36.756,11.45038,11.45352,0.00,0.00
2015.08.20 13:21:36.857,11.45088,11.45389,0.00,0.00
2015.08.20 13:21:36.958,11.45038,11.45352,0.00,0.00
2015.08.20 13:21:38.272,11.45011,11.45302,0.00,0.00
2015.08.20 13:21:38.658,11.4511,11.45401,0.00,0.00
2015.08.20 13:21:39.209,11.4509,11.45401,0.00,0.00
2015.08.20 13:21:39.452,11.4511,11.45401,0.00,0.00
2015.08.20 13:21:39.617,11.45089,11.45401,0.00,0.00
2015.08.20 13:21:39.717,11.4511,11.45401,0.00,0.00
2015.08.20 13:21:39.952,11.45051,11.45352,0.00,0.00
2015.08.20 13:21:40.103,11.45088,11.45352,0.00,0.00
2015.08.20 13:21:40.154,11.45088,11.45371,0.00,0.00
2015.08.20 13:21:40.419,11.45088,11.45388,0.00,0.00
2015.08.20 13:21:40.470,11.4506,11.45351,0.00,0.00
2015.08.20 13:21:40.930,11.45088,11.45351,0.00,0.00
2015.08.20 13:21:41.258,11.45098,11.45351,0.00,0.00
2015.08.20 13:21:41.309,11.45088,11.45351,0.00,0.00
2015.08.20 13:21:41.360,11.45088,11.4537,0.00,0.00
2015.08.20 13:21:41.561,11.45039,11.45351,0.00,0.00
2015.08.20 13:21:41.801,11.45028,11.45302,0.00,0.00
2015.08.20 13:21:42.405,11.45128,11.45352,0.00,0.00
2015.08.20 13:21:42.455,11.4511,11.45402,0.00,0.00
2015.08.20 13:21:42.506,11.45129,11.45402,0.00,0.00
2015.08.20 13:21:42.706,11.45109,11.45402,0.00,0.00
2015.08.20 13:21:42.757,11.45099,11.45402,0.00,0.00
2015.08.20 13:21:42.807,11.45129,11.45402,0.00,0.00
2015.08.20 13:21:43.012,11.45099,11.45402,0.00,0.00
2015.08.20 13:21:43.207,11.45108,11.45402,0.00,0.00
2015.08.20 13:21:43.509,11.45049,11.45352,0.00,0.00
2015.08.20 13:21:44.599,11.45079,11.45302,0.00,0.00
2015.08.20 13:21:44.751,11.45139,11.45401,0.00,0.00
2015.08.20 13:21:44.852,11.45091,11.45401,0.00,0.00
2015.08.20 13:21:44.953,11.45089,11.45401,0.00,0.00
2015.08.20 13:21:45.004,11.45079,11.45352,0.00,0.00
2015.08.20 13:21:45.054,11.45051,11.45352,0.00,0.00
2015.08.20 13:21:45.105,11.4504,11.45301,0.00,0.00
2015.08.20 13:21:45.643,11.45049,11.45301,0.00,0.00
2015.08.20 13:21:46.057,11.45038,11.45301,0.00,0.00
2015.08.20 13:21:46.108,11.45022,11.45301,0.00,0.00
2015.08.20 13:21:46.441,11.45038,11.45301,0.00,0.00
2015.08.20 13:21:46.817,11.45022,11.45301,0.00,0.00
2015.08.20 13:21:47.321,11.45029,11.45301,0.00,0.00
2015.08.20 13:21:47.519,11.45022,11.45301,0.00,0.00
2015.08.20 13:21:47.632,11.45019,11.45301,0.00,0.00
2015.08.20 13:21:48.048,11.45029,11.45301,0.00,0.00
2015.08.20 13:21:48.220,11.45019,11.45301,0.00,0.00
2015.08.20 13:21:48.520,11.45028,11.45301,0.00,0.00
2015.08.20 13:21:49.031,11.4502,11.45301,0.00,0.00
2015.08.20 13:21:49.703,11.45028,11.45301,0.00,0.00
2015.08.20 13:21:49.831,11.45019,11.45301,0.00,0.00
2015.08.20 13:21:50.391,11.4502,11.45301,0.00,0.00
2015.08.20 13:21:50.788,11.45071,11.45302,0.00,0.00
2015.08.20 13:21:50.838,11.45009,11.45302,0.00,0.00
2015.08.20 13:21:50.889,11.45002,11.45302,0.00,0.00
2015.08.20 13:21:50.940,11.44998,11.45302,0.00,0.00
2015.08.20 13:21:51.161,11.45018,11.45302,0.00,0.00
2015.08.20 13:21:51.262,11.44998,11.45302,0.00,0.00
2015.08.20 13:21:51.864,11.45019,11.45302,0.00,0.00
2015.08.20 13:21:52.869,11.4512,11.45302,0.00,0.00
2015.08.20 13:21:52.919,11.45189,11.45401,0.00,0.00
2015.08.20 13:21:52.970,11.45189,11.45471,0.00,0.00
2015.08.20 13:21:53.071,11.45189,11.45501,0.00,0.00
2015.08.20 13:21:53.172,11.45138,11.45452,0.00,0.00
2015.08.20 13:21:53.229,11.45148,11.45452,0.00,0.00
2015.08.20 13:21:53.899,11.45138,11.45452,0.00,0.00
2015.08.20 13:21:54.431,11.45149,11.45452,0.00,0.00
2015.08.20 13:21:54.832,11.45138,11.45452,0.00,0.00
2015.08.20 13:21:55.991,11.45188,11.45501,0.00,0.00
2015.08.20 13:21:56.397,11.45239,11.45502,0.00,0.00
2015.08.20 13:21:56.512,11.4524,11.45551,0.00,0.00
2015.08.20 13:21:56.563,11.45331,11.45551,0.00,0.00
2015.08.20 13:21:56.765,11.4531,11.45552,0.00,0.00
2015.08.20 13:21:56.865,11.4527,11.45552,0.00,0.00
2015.08.20 13:21:56.916,11.45309,11.45552,0.00,0.00
2015.08.20 13:21:56.967,11.45309,11.45602,0.00,0.00
2015.08.20 13:21:57.136,11.45318,11.45602,0.00,0.00
2015.08.20 13:21:57.237,11.45309,11.45602,0.00,0.00
2015.08.20 13:21:57.675,11.45341,11.45601,0.00,0.00
2015.08.20 13:21:57.911,11.4527,11.45552,0.00,0.00
2015.08.20 13:21:58.012,11.45301,11.45552,0.00,0.00
2015.08.20 13:21:58.114,11.45262,11.45552,0.00,0.00
2015.08.20 13:21:58.289,11.45288,11.45601,0.00,0.00
2015.08.20 13:21:58.542,11.45261,11.45552,0.00,0.00
2015.08.20 13:21:59.152,11.45288,11.45591,0.00,0.00
2015.08.20 13:21:59.254,11.45288,11.45602,0.00,0.00
2015.08.20 13:21:59.406,11.4527,11.45552,0.00,0.00
2015.08.20 13:21:59.630,11.45261,11.45552,0.00,0.00
2015.08.20 13:22:00.576,11.45238,11.45552,0.00,0.00
2015.08.20 13:22:01.498,11.45208,11.45502,0.00,0.00
2015.08.20 13:22:01.549,11.45188,11.45502,0.00,0.00
2015.08.20 13:22:01.823,11.45178,11.45401,0.00,0.00
2015.08.20 13:22:01.873,11.45162,11.45401,0.00,0.00
2015.08.20 13:22:01.974,11.45122,11.45401,0.00,0.00
2015.08.20 13:22:02.379,11.45099,11.45401,0.00,0.00
2015.08.20 13:22:02.430,11.45138,11.45452,0.00,0.00
2015.08.20 13:22:02.481,11.45128,11.45402,0.00,0.00
2015.08.20 13:22:02.582,11.45138,11.45452,0.00,0.00
2015.08.20 13:22:02.683,11.45148,11.45452,0.00,0.00
2015.08.20 13:22:03.253,11.45138,11.45452,0.00,0.00
2015.08.20 13:22:05.160,11.45138,11.45441,0.00,0.00
2015.08.20 13:22:05.261,11.45089,11.45401,0.00,0.00
2015.08.20 13:22:06.865,11.45138,11.45421,0.00,0.00
2015.08.20 13:22:06.915,11.45141,11.45452,0.00,0.00
2015.08.20 13:22:06.966,11.45188,11.45502,0.00,0.00
2015.08.20 13:22:08.972,11.45192,11.45502,0.00,0.00
2015.08.20 13:22:09.831,11.45192,11.45401,0.00,0.00
2015.08.20 13:22:09.983,11.45112,11.45401,0.00,0.00
2015.08.20 13:22:10.084,11.45089,11.45401,0.00,0.00
2015.08.20 13:22:15.785,11.45098,11.45401,0.00,0.00
2015.08.20 13:22:16.895,11.45089,11.45401,0.00,0.00
2015.08.20 13:22:17.603,11.45098,11.45401,0.00,0.00
2015.08.20 13:22:18.526,11.45071,11.45352,0.00,0.00
2015.08.20 13:22:19.041,11.45069,11.45352,0.00,0.00
2015.08.20 13:22:19.406,11.45099,11.45352,0.00,0.00
2015.08.20 13:22:19.507,11.45078,11.45352,0.00,0.00
2015.08.20 13:22:19.955,11.45112,11.45352,0.00,0.00
2015.08.20 13:22:20.006,11.45112,11.45401,0.00,0.00
2015.08.20 13:22:20.522,11.45072,11.45351,0.00,0.00
2015.08.20 13:22:21.379,11.45079,11.45351,0.00,0.00
2015.08.20 13:22:22.216,11.45072,11.45351,0.00,0.00
2015.08.20 13:22:22.915,11.45088,11.45351,0.00,0.00
2015.08.20 13:22:23.221,11.45078,11.45351,0.00,0.00
2015.08.20 13:22:24.531,11.45072,11.45351,0.00,0.00
2015.08.20 13:22:26.241,11.45049,11.45252,0.00,0.00
2015.08.20 13:22:26.343,11.44998,11.45252,0.00,0.00
2015.08.20 13:22:26.733,11.44989,11.45252,0.00,0.00
2015.08.20 13:22:27.722,11.44962,11.45252,0.00,0.00
2015.08.20 13:22:27.848,11.44979,11.45252,0.00,0.00
2015.08.20 13:22:28.159,11.44998,11.45252,0.00,0.00
2015.08.20 13:22:28.210,11.44978,11.45252,0.00,0.00
2015.08.20 13:22:28.319,11.44999,11.45271,0.00,0.00
2015.08.20 13:22:28.420,11.44999,11.45302,0.00,0.00
2015.08.20 13:22:28.520,11.45019,11.45302,0.00,0.00
2015.08.20 13:22:29.608,11.45029,11.45252,0.00,0.00
2015.08.20 13:22:29.662,11.45009,11.45252,0.00,0.00
2015.08.20 13:22:30.342,11.44988,11.45252,0.00,0.00
2015.08.20 13:22:30.458,11.44961,11.45252,0.00,0.00
2015.08.20 13:22:31.035,11.45018,11.45252,0.00,0.00
2015.08.20 13:22:31.646,11.45028,11.45252,0.00,0.00
2015.08.20 13:22:32.685,11.45018,11.45252,0.00,0.00
2015.08.20 13:22:33.260,11.45018,11.45202,0.00,0.00
2015.08.20 13:22:33.361,11.44911,11.45202,0.00,0.00
2015.08.20 13:22:33.412,11.44898,11.45202,0.00,0.00
2015.08.20 13:22:33.513,11.44898,11.45152,0.00,0.00
2015.08.20 13:22:33.616,11.44888,11.45152,0.00,0.00
2015.08.20 13:22:33.717,11.44918,11.45152,0.00,0.00
2015.08.20 13:22:33.818,11.44888,11.45152,0.00,0.00
2015.08.20 13:22:34.688,11.44882,11.45152,0.00,0.00
2015.08.20 13:22:35.146,11.44908,11.45152,0.00,0.00
2015.08.20 13:22:35.528,11.44918,11.45152,0.00,0.00
2015.08.20 13:22:36.347,11.44889,11.45152,0.00,0.00
2015.08.20 13:22:36.397,11.44902,11.45152,0.00,0.00
2015.08.20 13:22:37.050,11.44908,11.45152,0.00,0.00
2015.08.20 13:22:37.222,11.44902,11.45152,0.00,0.00
2015.08.20 13:22:38.723,11.44918,11.45152,0.00,0.00
2015.08.20 13:22:38.824,11.44902,11.45152,0.00,0.00
2015.08.20 13:22:40.297,11.44952,11.45152,0.00,0.00
2015.08.20 13:22:41.041,11.44901,11.45152,0.00,0.00
2015.08.20 13:22:41.142,11.44918,11.45152,0.00,0.00
2015.08.20 13:22:41.855,11.44909,11.45152,0.00,0.00
2015.08.20 13:22:41.956,11.44919,11.45152,0.00,0.00
2015.08.20 13:22:42.229,11.44901,11.45152,0.00,0.00
2015.08.20 13:22:43.457,11.44851,11.45102,0.00,0.00
2015.08.20 13:22:43.787,11.44851,11.45052,0.00,0.00
2015.08.20 13:22:43.922,11.44851,11.45102,0.00,0.00
2015.08.20 13:22:44.075,11.44858,11.45102,0.00,0.00
2015.08.20 13:22:44.333,11.44851,11.45102,0.00,0.00
2015.08.20 13:22:45.369,11.44859,11.45102,0.00,0.00
2015.08.20 13:22:45.570,11.44801,11.45052,0.00,0.00
2015.08.20 13:22:45.835,11.44808,11.45052,0.00,0.00
2015.08.20 13:22:46.139,11.44801,11.45052,0.00,0.00
2015.08.20 13:22:46.967,11.44829,11.45052,0.00,0.00
2015.08.20 13:22:47.068,11.44801,11.45052,0.00,0.00
2015.08.20 13:22:47.772,11.44801,11.45002,0.00,0.00
2015.08.20 13:22:47.873,11.44761,11.45002,0.00,0.00
2015.08.20 13:22:47.974,11.44752,11.45002,0.00,0.00
2015.08.20 13:22:48.038,11.44768,11.45002,0.00,0.00
2015.08.20 13:22:48.600,11.44752,11.45002,0.00,0.00
2015.08.20 13:22:48.650,11.44769,11.45002,0.00,0.00
2015.08.20 13:22:48.988,11.44752,11.45002,0.00,0.00
2015.08.20 13:22:49.531,11.44752,11.44952,0.00,0.00
2015.08.20 13:22:49.632,11.44739,11.44952,0.00,0.00
2015.08.20 13:22:49.682,11.44702,11.44952,0.00,0.00
2015.08.20 13:22:50.136,11.44702,11.44902,0.00,0.00
2015.08.20 13:22:50.483,11.44739,11.44851,0.00,0.00
2015.08.20 13:22:50.643,11.44738,11.44952,0.00,0.00
2015.08.20 13:22:50.743,11.44719,11.44952,0.00,0.00
2015.08.20 13:22:50.844,11.44709,11.44952,0.00,0.00
2015.08.20 13:22:50.894,11.44709,11.44901,0.00,0.00
2015.08.20 13:22:50.945,11.44652,11.44901,0.00,0.00
2015.08.20 13:22:51.045,11.44658,11.44901,0.00,0.00
2015.08.20 13:22:51.247,11.44649,11.44902,0.00,0.00
2015.08.20 13:22:51.348,11.44679,11.44952,0.00,0.00
2015.08.20 13:22:51.398,11.44702,11.44952,0.00,0.00
2015.08.20 13:22:52.256,11.44728,11.44952,0.00,0.00
2015.08.20 13:22:53.047,11.44708,11.44952,0.00,0.00
2015.08.20 13:22:53.648,11.44702,11.44952,0.00,0.00
2015.08.20 13:22:54.092,11.44709,11.44952,0.00,0.00
2015.08.20 13:22:54.249,11.44702,11.44952,0.00,0.00
2015.08.20 13:22:54.350,11.44719,11.44952,0.00,0.00
2015.08.20 13:22:54.400,11.44751,11.45052,0.00,0.00
2015.08.20 13:22:54.451,11.44799,11.45052,0.00,0.00
2015.08.20 13:22:54.878,11.44788,11.45052,0.00,0.00
2015.08.20 13:22:55.855,11.44799,11.45052,0.00,0.00
2015.08.20 13:22:56.187,11.44802,11.45052,0.00,0.00
2015.08.20 13:22:56.603,11.44802,11.45102,0.00,0.00
2015.08.20 13:22:56.898,11.44811,11.45102,0.00,0.00
2015.08.20 13:22:56.999,11.44802,11.45102,0.00,0.00
2015.08.20 13:22:57.049,11.44851,11.45051,0.00,0.00
2015.08.20 13:22:57.150,11.44902,11.45152,0.00,0.00
2015.08.20 13:22:57.933,11.44902,11.45101,0.00,0.00
2015.08.20 13:22:58.505,11.44851,11.45101,0.00,0.00
2015.08.20 13:23:00.299,11.44859,11.45101,0.00,0.00
2015.08.20 13:23:00.615,11.44872,11.45101,0.00,0.00
2015.08.20 13:23:01.228,11.44851,11.45101,0.00,0.00
2015.08.20 13:23:01.278,11.44832,11.45051,0.00,0.00
2015.08.20 13:23:06.501,11.44802,11.45051,0.00,0.00
2015.08.20 13:23:08.407,11.44752,11.45002,0.00,0.00
2015.08.20 13:23:08.607,11.44779,11.45002,0.00,0.00
2015.08.20 13:23:08.708,11.44752,11.45002,0.00,0.00
2015.08.20 13:23:08.973,11.44759,11.45002,0.00,0.00
2015.08.20 13:23:09.073,11.44752,11.45002,0.00,0.00
2015.08.20 13:23:09.124,11.44752,11.44952,0.00,0.00
2015.08.20 13:23:09.510,11.44701,11.44952,0.00,0.00
2015.08.20 13:23:09.776,11.44718,11.44952,0.00,0.00
2015.08.20 13:23:10.392,11.44701,11.44952,0.00,0.00
2015.08.20 13:23:14.060,11.44701,11.44902,0.00,0.00
2015.08.20 13:23:14.111,11.44688,11.44902,0.00,0.00
2015.08.20 13:23:14.228,11.44601,11.44902,0.00,0.00
2015.08.20 13:23:14.329,11.44619,11.44902,0.00,0.00
2015.08.20 13:23:14.530,11.44599,11.44902,0.00,0.00
2015.08.20 13:23:14.681,11.44601,11.44902,0.00,0.00
2015.08.20 13:23:15.349,11.44618,11.44902,0.00,0.00
2015.08.20 13:23:16.287,11.44629,11.44902,0.00,0.00
2015.08.20 13:23:17.025,11.44689,11.44902,0.00,0.00
2015.08.20 13:23:17.076,11.44651,11.44902,0.00,0.00
2015.08.20 13:23:17.540,11.44659,11.44902,0.00,0.00
2015.08.20 13:23:18.039,11.44678,11.44902,0.00,0.00
2015.08.20 13:23:18.089,11.44659,11.44902,0.00,0.00
2015.08.20 13:23:18.938,11.44668,11.44902,0.00,0.00
2015.08.20 13:23:18.988,11.44668,11.44952,0.00,0.00
2015.08.20 13:23:20.024,11.44738,11.45002,0.00,0.00
2015.08.20 13:23:20.125,11.44778,11.45051,0.00,0.00
2015.08.20 13:23:20.427,11.44762,11.45051,0.00,0.00
2015.08.20 13:23:20.963,11.44762,11.45002,0.00,0.00
2015.08.20 13:23:21.014,11.44711,11.45002,0.00,0.00
2015.08.20 13:23:21.254,11.44678,11.44951,0.00,0.00
2015.08.20 13:23:21.659,11.44669,11.44951,0.00,0.00
2015.08.20 13:23:21.710,11.44729,11.44951,0.00,0.00
2015.08.20 13:23:21.811,11.44761,11.45052,0.00,0.00
2015.08.20 13:23:23.452,11.44778,11.45052,0.00,0.00
2015.08.20 13:23:23.662,11.44761,11.45052,0.00,0.00
2015.08.20 13:23:25.566,11.44769,11.45052,0.00,0.00
2015.08.20 13:23:26.003,11.4475,11.44951,0.00,0.00
2015.08.20 13:23:26.053,11.44698,11.44951,0.00,0.00
2015.08.20 13:23:26.267,11.44662,11.44951,0.00,0.00
2015.08.20 13:23:27.036,11.44678,11.44951,0.00,0.00
2015.08.20 13:23:27.957,11.44668,11.44951,0.00,0.00
2015.08.20 13:23:28.024,11.44679,11.44951,0.00,0.00
2015.08.20 13:23:28.176,11.44712,11.45002,0.00,0.00
2015.08.20 13:23:28.360,11.44712,11.44952,0.00,0.00
2015.08.20 13:23:28.525,11.44661,11.44952,0.00,0.00
2015.08.20 13:23:28.997,11.44701,11.44952,0.00,0.00
2015.08.20 13:23:32.439,11.44701,11.44902,0.00,0.00
2015.08.20 13:23:33.343,11.44701,11.44952,0.00,0.00
2015.08.20 13:23:34.608,11.44662,11.44952,0.00,0.00
2015.08.20 13:23:34.659,11.44651,11.44852,0.00,0.00
2015.08.20 13:23:35.221,11.44601,11.44852,0.00,0.00
2015.08.20 13:23:36.255,11.44618,11.44852,0.00,0.00
2015.08.20 13:23:36.457,11.44601,11.44852,0.00,0.00
2015.08.20 13:23:36.682,11.44652,11.44852,0.00,0.00
2015.08.20 13:23:38.080,11.44602,11.44852,0.00,0.00
2015.08.20 13:23:38.400,11.44652,11.44852,0.00,0.00
2015.08.20 13:23:38.551,11.44652,11.44952,0.00,0.00
2015.08.20 13:23:39.143,11.44702,11.44952,0.00,0.00
2015.08.20 13:23:44.588,11.44751,11.45001,0.00,0.00
2015.08.20 13:23:45.753,11.44688,11.44961,0.00,0.00
2015.08.20 13:23:45.803,11.44602,11.44852,0.00,0.00
2015.08.20 13:23:47.220,11.44651,11.44852,0.00,0.00
2015.08.20 13:23:48.294,11.44651,11.44901,0.00,0.00
2015.08.20 13:23:48.829,11.44701,11.44902,0.00,0.00
2015.08.20 13:23:49.147,11.44701,11.44852,0.00,0.00
2015.08.20 13:23:49.300,11.44601,11.44852,0.00,0.00
2015.08.20 13:23:49.518,11.44611,11.44902,0.00,0.00
2015.08.20 13:23:49.569,11.44629,11.44902,0.00,0.00
2015.08.20 13:23:50.258,11.44601,11.44852,0.00,0.00
2015.08.20 13:23:52.476,11.44601,11.44802,0.00,0.00
2015.08.20 13:23:52.627,11.44601,11.44852,0.00,0.00
2015.08.20 13:23:53.212,11.44601,11.44802,0.00,0.00
2015.08.20 13:23:53.639,11.44512,11.44802,0.00,0.00
2015.08.20 13:23:53.690,11.44512,11.44752,0.00,0.00
2015.08.20 13:23:53.791,11.44502,11.44752,0.00,0.00
2015.08.20 13:23:54.074,11.44529,11.44752,0.00,0.00
2015.08.20 13:23:54.755,11.44502,11.44752,0.00,0.00
2015.08.20 13:23:54.984,11.44508,11.44752,0.00,0.00
2015.08.20 13:23:55.085,11.44502,11.44752,0.00,0.00
2015.08.20 13:23:55.142,11.44528,11.44752,0.00,0.00
2015.08.20 13:23:55.489,11.44502,11.44752,0.00,0.00
2015.08.20 13:23:55.777,11.44538,11.44811,0.00,0.00
2015.08.20 13:23:55.828,11.44551,11.44852,0.00,0.00
2015.08.20 13:23:55.878,11.44558,11.44852,0.00,0.00
2015.08.20 13:23:56.756,11.44599,11.44852,0.00,0.00
2015.08.20 13:23:57.220,11.44601,11.44852,0.00,0.00
2015.08.20 13:23:58.200,11.44601,11.44819,0.00,0.00
2015.08.20 13:23:58.250,11.44458,11.44731,0.00,0.00
2015.08.20 13:23:58.354,11.44449,11.44731,0.00,0.00
2015.08.20 13:23:58.455,11.44419,11.44702,0.00,0.00
2015.08.20 13:23:58.556,11.44428,11.44702,0.00,0.00
2015.08.20 13:23:58.657,11.44408,11.44702,0.00,0.00
2015.08.20 13:23:58.758,11.44428,11.44702,0.00,0.00
2015.08.20 13:23:59.103,11.44418,11.44702,0.00,0.00
2015.08.20 13:23:59.706,11.44409,11.44652,0.00,0.00
2015.08.20 13:23:59.758,11.44401,11.44652,0.00,0.00
2015.08.20 13:23:59.860,11.44409,11.44652,0.00,0.00
2015.08.20 13:24:00.287,11.44401,11.44652,0.00,0.00
2015.08.20 13:24:00.642,11.44451,11.44702,0.00,0.00
2015.08.20 13:24:01.800,11.44451,11.44652,0.00,0.00
2015.08.20 13:24:01.850,11.44451,11.44701,0.00,0.00
2015.08.20 13:24:03.516,11.44502,11.44751,0.00,0.00
2015.08.20 13:24:05.384,11.44452,11.44751,0.00,0.00
2015.08.20 13:24:05.485,11.44452,11.44701,0.00,0.00
2015.08.20 13:24:06.287,11.44459,11.44701,0.00,0.00
2015.08.20 13:24:06.790,11.44452,11.44701,0.00,0.00
2015.08.20 13:24:06.891,11.44452,11.44651,0.00,0.00
2015.08.20 13:24:06.991,11.44452,11.44702,0.00,0.00
2015.08.20 13:24:07.339,11.44502,11.44702,0.00,0.00
2015.08.20 13:24:07.440,11.44502,11.44752,0.00,0.00
2015.08.20 13:24:08.669,11.44502,11.44751,0.00,0.00
2015.08.20 13:24:12.672,11.4455,11.44751,0.00,0.00
2015.08.20 13:24:12.974,11.44578,11.44751,0.00,0.00
2015.08.20 13:24:13.829,11.44651,11.44751,0.00,0.00
2015.08.20 13:24:13.930,11.44651,11.44851,0.00,0.00
2015.08.20 13:24:14.182,11.44651,11.44952,0.00,0.00
2015.08.20 13:24:14.360,11.44651,11.44852,0.00,0.00
2015.08.20 13:24:14.511,11.44651,11.44902,0.00,0.00
2015.08.20 13:24:14.823,11.44651,11.44851,0.00,0.00
2015.08.20 13:24:15.277,11.44601,11.44851,0.00,0.00
2015.08.20 13:24:15.491,11.44602,11.44902,0.00,0.00
2015.08.20 13:24:15.737,11.44608,11.44901,0.00,0.00
2015.08.20 13:24:16.089,11.44601,11.44852,0.00,0.00
2015.08.20 13:24:16.579,11.44601,11.44902,0.00,0.00
2015.08.20 13:24:16.689,11.44651,11.44902,0.00,0.00
2015.08.20 13:24:17.003,11.44651,11.44852,0.00,0.00
2015.08.20 13:24:18.420,11.44602,11.44852,0.00,0.00
2015.08.20 13:24:19.327,11.44602,11.44902,0.00,0.00
2015.08.20 13:24:19.449,11.44651,11.44902,0.00,0.00
2015.08.20 13:24:21.510,11.44651,11.44852,0.00,0.00
2015.08.20 13:24:21.561,11.44602,11.44852,0.00,0.00
2015.08.20 13:24:21.767,11.44602,11.44901,0.00,0.00
2015.08.20 13:24:22.967,11.44651,11.44901,0.00,0.00
2015.08.20 13:24:25.520,11.44601,11.44851,0.00,0.00
2015.08.20 13:24:26.280,11.44601,11.44901,0.00,0.00
2015.08.20 13:24:26.481,11.44592,11.4484,0.00,0.00
2015.08.20 13:24:26.876,11.44592,11.44752,0.00,0.00
2015.08.20 13:24:26.932,11.44502,11.44752,0.00,0.00
2015.08.20 13:24:28.812,11.44468,11.44752,0.00,0.00
2015.08.20 13:24:30.666,11.44468,11.44701,0.00,0.00
2015.08.20 13:24:30.767,11.44432,11.44701,0.00,0.00
2015.08.20 13:24:30.868,11.44439,11.44751,0.00,0.00
2015.08.20 13:24:30.931,11.44478,11.44751,0.00,0.00
2015.08.20 13:24:31.232,11.44448,11.44751,0.00,0.00
2015.08.20 13:24:31.544,11.44479,11.44751,0.00,0.00
2015.08.20 13:24:32.245,11.44449,11.44751,0.00,0.00
2015.08.20 13:24:32.735,11.44479,11.44751,0.00,0.00
2015.08.20 13:24:33.061,11.44549,11.44852,0.00,0.00
2015.08.20 13:24:33.842,11.44548,11.44852,0.00,0.00
2015.08.20 13:24:33.943,11.44539,11.44852,0.00,0.00
2015.08.20 13:24:34.472,11.44538,11.44852,0.00,0.00
2015.08.20 13:24:34.573,11.44559,11.44852,0.00,0.00
2015.08.20 13:24:35.440,11.44538,11.44852,0.00,0.00
2015.08.20 13:24:35.944,11.44559,11.44852,0.00,0.00
2015.08.20 13:24:36.244,11.44538,11.44852,0.00,0.00
2015.08.20 13:24:36.472,11.44541,11.44852,0.00,0.00
2015.08.20 13:24:36.800,11.44558,11.44852,0.00,0.00
2015.08.20 13:24:36.851,11.44541,11.44852,0.00,0.00
2015.08.20 13:24:37.363,11.44538,11.44852,0.00,0.00
2015.08.20 13:24:37.860,11.44548,11.44852,0.00,0.00
2015.08.20 13:24:38.162,11.44538,11.44852,0.00,0.00
2015.08.20 13:24:38.559,11.44532,11.44752,0.00,0.00
2015.08.20 13:24:38.660,11.44522,11.44752,0.00,0.00
2015.08.20 13:24:39.487,11.44491,11.44802,0.00,0.00
2015.08.20 13:24:39.790,11.44498,11.44802,0.00,0.00
2015.08.20 13:24:39.992,11.44492,11.44802,0.00,0.00
2015.08.20 13:24:41.039,11.44491,11.44802,0.00,0.00
2015.08.20 13:24:41.405,11.44498,11.44802,0.00,0.00
2015.08.20 13:24:41.857,11.44492,11.44802,0.00,0.00
2015.08.20 13:24:43.400,11.44539,11.44851,0.00,0.00
2015.08.20 13:24:43.502,11.44549,11.44851,0.00,0.00
2015.08.20 13:24:44.492,11.44539,11.44851,0.00,0.00
2015.08.20 13:24:44.950,11.4455,11.44851,0.00,0.00
2015.08.20 13:24:45.316,11.44559,11.44851,0.00,0.00
2015.08.20 13:24:46.109,11.44558,11.44851,0.00,0.00
2015.08.20 13:24:48.177,11.44541,11.44851,0.00,0.00
2015.08.20 13:24:49.983,11.44549,11.44851,0.00,0.00
2015.08.20 13:24:50.955,11.44549,11.44751,0.00,0.00
2015.08.20 13:24:51.005,11.44538,11.44852,0.00,0.00
2015.08.20 13:24:52.444,11.44532,11.44667,0.00,0.00
2015.08.20 13:24:52.545,11.44441,11.44651,0.00,0.00
2015.08.20 13:24:52.895,11.44401,11.44651,0.00,0.00
2015.08.20 13:24:53.347,11.44401,11.44602,0.00,0.00
2015.08.20 13:24:53.548,11.44401,11.44651,0.00,0.00
2015.08.20 13:24:54.729,11.44401,11.44601,0.00,0.00
2015.08.20 13:24:54.779,11.44332,11.44601,0.00,0.00
2015.08.20 13:24:54.881,11.44309,11.44601,0.00,0.00
2015.08.20 13:24:54.932,11.44289,11.44601,0.00,0.00
2015.08.20 13:24:56.613,11.44259,11.44551,0.00,0.00
2015.08.20 13:24:56.865,11.44298,11.44601,0.00,0.00
2015.08.20 13:24:57.468,11.44299,11.44602,0.00,0.00
2015.08.20 13:24:57.832,11.44291,11.44552,0.00,0.00
2015.08.20 13:24:57.933,11.44268,11.44552,0.00,0.00
2015.08.20 13:24:58.034,11.44288,11.44602,0.00,0.00
2015.08.20 13:24:58.134,11.44308,11.44602,0.00,0.00
2015.08.20 13:24:59.121,11.44298,11.44602,0.00,0.00
2015.08.20 13:24:59.427,11.44292,11.44602,0.00,0.00
2015.08.20 13:25:00.113,11.44339,11.44602,0.00,0.00
2015.08.20 13:25:00.165,11.44339,11.44651,0.00,0.00
2015.08.20 13:25:00.266,11.44352,11.44651,0.00,0.00
2015.08.20 13:25:01.456,11.44401,11.44651,0.00,0.00
2015.08.20 13:25:05.560,11.44401,11.44698,0.00,0.00
2015.08.20 13:25:05.610,11.44501,11.44698,0.00,0.00
2015.08.20 13:25:05.661,11.44501,11.44701,0.00,0.00
2015.08.20 13:25:05.762,11.44501,11.44752,0.00,0.00
2015.08.20 13:25:07.178,11.44431,11.44651,0.00,0.00
2015.08.20 13:25:07.279,11.44402,11.44651,0.00,0.00
2015.08.20 13:25:07.745,11.44378,11.44651,0.00,0.00
2015.08.20 13:25:07.845,11.44348,11.44651,0.00,0.00
2015.08.20 13:25:07.946,11.44339,11.44651,0.00,0.00
2015.08.20 13:25:08.936,11.44358,11.44651,0.00,0.00
2015.08.20 13:25:09.037,11.44339,11.44651,0.00,0.00
2015.08.20 13:25:09.634,11.44378,11.44651,0.00,0.00
2015.08.20 13:25:10.549,11.44358,11.44651,0.00,0.00
2015.08.20 13:25:10.935,11.44378,11.44651,0.00,0.00
2015.08.20 13:25:11.036,11.44358,11.44651,0.00,0.00
2015.08.20 13:25:11.136,11.44378,11.44651,0.00,0.00
2015.08.20 13:25:11.237,11.44339,11.44651,0.00,0.00
2015.08.20 13:25:11.490,11.44339,11.44641,0.00,0.00
2015.08.20 13:25:11.987,11.44288,11.44552,0.00,0.00
2015.08.20 13:25:12.041,11.44248,11.44552,0.00,0.00
2015.08.20 13:25:12.580,11.44269,11.44552,0.00,0.00
2015.08.20 13:25:13.893,11.44248,11.44552,0.00,0.00
2015.08.20 13:25:13.946,11.44241,11.44552,0.00,0.00
2015.08.20 13:25:14.246,11.44268,11.44552,0.00,0.00
2015.08.20 13:25:14.553,11.44241,11.44552,0.00,0.00
2015.08.20 13:25:14.611,11.44281,11.44552,0.00,0.00
2015.08.20 13:25:15.586,11.44178,11.44451,0.00,0.00
2015.08.20 13:25:16.100,11.44208,11.44451,0.00,0.00
2015.08.20 13:25:16.290,11.44171,11.44451,0.00,0.00
2015.08.20 13:25:17.263,11.44189,11.44451,0.00,0.00
2015.08.20 13:25:17.364,11.44171,11.44451,0.00,0.00
2015.08.20 13:25:17.718,11.44222,11.44451,0.00,0.00
2015.08.20 13:25:17.869,11.44278,11.44552,0.00,0.00
2015.08.20 13:25:17.970,11.44289,11.44552,0.00,0.00
2015.08.20 13:25:18.936,11.44278,11.44552,0.00,0.00
2015.08.20 13:25:18.987,11.44288,11.44552,0.00,0.00
2015.08.20 13:25:19.658,11.44279,11.44552,0.00,0.00
2015.08.20 13:25:20.095,11.44311,11.44601,0.00,0.00
2015.08.20 13:25:20.146,11.44371,11.44601,0.00,0.00
2015.08.20 13:25:21.419,11.44371,11.44652,0.00,0.00
2015.08.20 13:25:21.867,11.44379,11.44652,0.00,0.00
2015.08.20 13:25:23.281,11.44371,11.44652,0.00,0.00
2015.08.20 13:25:23.332,11.44402,11.44652,0.00,0.00
2015.08.20 13:25:25.025,11.44339,11.44652,0.00,0.00
2015.08.20 13:25:25.076,11.44348,11.44652,0.00,0.00
2015.08.20 13:25:25.179,11.44338,11.44652,0.00,0.00
2015.08.20 13:25:27.336,11.44292,11.44602,0.00,0.00
2015.08.20 13:25:28.590,11.44308,11.44602,0.00,0.00
2015.08.20 13:25:28.874,11.44292,11.44602,0.00,0.00
2015.08.20 13:25:28.991,11.44299,11.44602,0.00,0.00
2015.08.20 13:25:30.597,11.44308,11.44602,0.00,0.00
2015.08.20 13:25:30.712,11.44338,11.44652,0.00,0.00
2015.08.20 13:25:30.863,11.44338,11.4461,0.00,0.00
2015.08.20 13:25:30.964,11.44258,11.44552,0.00,0.00
2015.08.20 13:25:31.505,11.44309,11.44602,0.00,0.00
2015.08.20 13:25:32.917,11.44299,11.44602,0.00,0.00
2015.08.20 13:25:33.220,11.44288,11.44602,0.00,0.00
2015.08.20 13:25:33.270,11.44269,11.44552,0.00,0.00
2015.08.20 13:25:34.218,11.44418,11.44602,0.00,0.00
2015.08.20 13:25:34.370,11.44438,11.44752,0.00,0.00
2015.08.20 13:25:34.683,11.44448,11.44752,0.00,0.00
2015.08.20 13:25:35.087,11.44438,11.44752,0.00,0.00
2015.08.20 13:25:35.546,11.4445,11.44752,0.00,0.00
2015.08.20 13:25:36.086,11.44449,11.44752,0.00,0.00
2015.08.20 13:25:36.448,11.44459,11.44752,0.00,0.00
2015.08.20 13:25:36.549,11.44439,11.44752,0.00,0.00
2015.08.20 13:25:37.288,11.44438,11.44752,0.00,0.00
2015.08.20 13:25:37.655,11.4445,11.44752,0.00,0.00
2015.08.20 13:25:38.281,11.44449,11.44752,0.00,0.00
2015.08.20 13:25:38.331,11.44438,11.44752,0.00,0.00
2015.08.20 13:25:39.040,11.44501,11.44752,0.00,0.00
2015.08.20 13:25:43.871,11.4445,11.44752,0.00,0.00
2015.08.20 13:25:44.025,11.44539,11.44831,0.00,0.00
2015.08.20 13:25:44.134,11.44542,11.44851,0.00,0.00
2015.08.20 13:25:45.737,11.44639,11.44911,0.00,0.00
2015.08.20 13:25:45.790,11.44639,11.44939,0.00,0.00
2015.08.20 13:25:45.891,11.44592,11.44901,0.00,0.00
2015.08.20 13:25:46.619,11.44591,11.44901,0.00,0.00
2015.08.20 13:25:46.954,11.44612,11.44901,0.00,0.00
2015.08.20 13:25:47.353,11.44631,11.44901,0.00,0.00
2015.08.20 13:25:47.404,11.44638,11.44942,0.00,0.00
2015.08.20 13:25:47.455,11.44638,11.44952,0.00,0.00
2015.08.20 13:25:47.757,11.44701,11.44952,0.00,0.00
2015.08.20 13:25:49.016,11.44801,11.44979,0.00,0.00
2015.08.20 13:25:49.067,11.44801,11.45052,0.00,0.00
2015.08.20 13:25:50.408,11.44801,11.45101,0.00,0.00
2015.08.20 13:25:50.459,11.44801,11.45082,0.00,0.00
2015.08.20 13:25:50.975,11.44801,11.45052,0.00,0.00
2015.08.20 13:25:51.899,11.44811,11.45052,0.00,0.00
2015.08.20 13:25:51.950,11.44811,11.45102,0.00,0.00
2015.08.20 13:25:52.676,11.44811,11.45101,0.00,0.00
2015.08.20 13:25:52.728,11.44838,11.45139,0.00,0.00
2015.08.20 13:25:52.830,11.44838,11.45152,0.00,0.00
2015.08.20 13:25:52.931,11.44811,11.45101,0.00,0.00
2015.08.20 13:25:53.367,11.44901,11.45138,0.00,0.00
2015.08.20 13:25:53.418,11.44901,11.45152,0.00,0.00
2015.08.20 13:25:53.519,11.44901,11.45138,0.00,0.00
2015.08.20 13:25:54.276,11.44901,11.45102,0.00,0.00
2015.08.20 13:25:54.429,11.44812,11.45102,0.00,0.00
2015.08.20 13:25:55.369,11.44838,11.45138,0.00,0.00
2015.08.20 13:25:55.420,11.44902,11.45138,0.00,0.00
2015.08.20 13:25:55.471,11.44902,11.45152,0.00,0.00
2015.08.20 13:25:56.554,11.44811,11.45102,0.00,0.00
2015.08.20 13:25:57.326,11.44838,11.45138,0.00,0.00
2015.08.20 13:25:57.377,11.44838,11.45152,0.00,0.00
2015.08.20 13:25:57.639,11.44901,11.45151,0.00,0.00
2015.08.20 13:25:58.095,11.44901,11.45052,0.00,0.00
2015.08.20 13:25:58.315,11.44802,11.45072,0.00,0.00
2015.08.20 13:25:58.478,11.44802,11.45102,0.00,0.00
2015.08.20 13:25:58.579,11.44802,11.45052,0.00,0.00
2015.08.20 13:25:58.970,11.44802,11.45002,0.00,0.00
2015.08.20 13:25:59.122,11.44802,11.45051,0.00,0.00
2015.08.20 13:25:59.632,11.44802,11.45001,0.00,0.00
2015.08.20 13:26:00.179,11.44811,11.45041,0.00,0.00
2015.08.20 13:26:00.736,11.44811,11.45051,0.00,0.00
2015.08.20 13:26:01.197,11.44801,11.45051,0.00,0.00
2015.08.20 13:26:03.848,11.44801,11.45001,0.00,0.00
2015.08.20 13:26:03.898,11.44711,11.45001,0.00,0.00
2015.08.20 13:26:06.089,11.44801,11.45001,0.00,0.00
2015.08.20 13:26:06.140,11.44801,11.45021,0.00,0.00
2015.08.20 13:26:06.999,11.44801,11.44952,0.00,0.00
2015.08.20 13:26:07.049,11.44801,11.45052,0.00,0.00
2015.08.20 13:26:07.463,11.44801,11.45102,0.00,0.00
2015.08.20 13:26:07.664,11.44812,11.45102,0.00,0.00
2015.08.20 13:26:08.016,11.44838,11.45128,0.00,0.00
2015.08.20 13:26:08.453,11.44941,11.45128,0.00,0.00
2015.08.20 13:26:08.503,11.44941,11.45251,0.00,0.00
2015.08.20 13:26:08.877,11.44941,11.45201,0.00,0.00
2015.08.20 13:26:09.283,11.44941,11.45192,0.00,0.00
2015.08.20 13:26:09.385,11.44941,11.45201,0.00,0.00
2015.08.20 13:26:10.897,11.44941,11.45192,0.00,0.00
2015.08.20 13:26:11.455,11.44911,11.45192,0.00,0.00
2015.08.20 13:26:11.578,11.44911,11.45201,0.00,0.00
2015.08.20 13:26:12.450,11.4493,11.45201,0.00,0.00
2015.08.20 13:26:12.964,11.45002,11.45201,0.00,0.00
2015.08.20 13:26:13.070,11.45002,11.45248,0.00,0.00
2015.08.20 13:26:13.120,11.45002,11.45212,0.00,0.00
2015.08.20 13:26:13.397,11.45002,11.45242,0.00,0.00
2015.08.20 13:26:13.980,11.45002,11.45252,0.00,0.00
2015.08.20 13:26:14.776,11.45002,11.45241,0.00,0.00
2015.08.20 13:26:14.827,11.45002,11.45252,0.00,0.00
2015.08.20 13:26:15.693,11.45002,11.45242,0.00,0.00
2015.08.20 13:26:15.879,11.45002,11.45252,0.00,0.00
2015.08.20 13:26:16.900,11.45002,11.45271,0.00,0.00
2015.08.20 13:26:17.001,11.45011,11.45292,0.00,0.00
2015.08.20 13:26:18.612,11.45011,11.45302,0.00,0.00
2015.08.20 13:26:18.911,11.45011,11.45262,0.00,0.00
2015.08.20 13:26:20.453,11.45011,11.45281,0.00,0.00
2015.08.20 13:26:21.117,11.45011,11.45262,0.00,0.00
2015.08.20 13:26:21.318,11.45011,11.45292,0.00,0.00
2015.08.20 13:26:21.488,11.44992,11.45292,0.00,0.00
2015.08.20 13:26:21.620,11.44992,11.45281,0.00,0.00
2015.08.20 13:26:22.102,11.44992,11.45302,0.00,0.00
2015.08.20 13:26:22.794,11.44992,11.45282,0.00,0.00
2015.08.20 13:26:23.538,11.44992,11.45302,0.00,0.00
2015.08.20 13:26:24.461,11.44992,11.45301,0.00,0.00
2015.08.20 13:26:25.271,11.44988,11.45301,0.00,0.00
2015.08.20 13:26:25.398,11.44988,11.45281,0.00,0.00
2015.08.20 13:26:25.733,11.44942,11.45252,0.00,0.00
2015.08.20 13:26:26.323,11.44938,11.45252,0.00,0.00
2015.08.20 13:26:26.424,11.44938,11.45241,0.00,0.00
2015.08.20 13:26:27.023,11.44938,11.45252,0.00,0.00
2015.08.20 13:26:29.256,11.44938,11.45241,0.00,0.00
2015.08.20 13:26:29.559,11.44842,11.45152,0.00,0.00
2015.08.20 13:26:29.610,11.44859,11.45152,0.00,0.00
2015.08.20 13:26:30.459,11.44842,11.45152,0.00,0.00
2015.08.20 13:26:32.294,11.44838,11.45152,0.00,0.00
2015.08.20 13:26:32.797,11.44838,11.4513,0.00,0.00
2015.08.20 13:26:32.898,11.44798,11.45102,0.00,0.00
2015.08.20 13:26:32.949,11.44788,11.45092,0.00,0.00
2015.08.20 13:26:33.859,11.44788,11.45102,0.00,0.00
2015.08.20 13:26:34.010,11.44788,11.451,0.00,0.00
2015.08.20 13:26:34.341,11.44788,11.45081,0.00,0.00
2015.08.20 13:26:34.391,11.44741,11.45051,0.00,0.00
2015.08.20 13:26:34.442,11.44741,11.45001,0.00,0.00
2015.08.20 13:26:34.493,11.44739,11.45001,0.00,0.00
2015.08.20 13:26:34.606,11.44638,11.44952,0.00,0.00
2015.08.20 13:26:35.043,11.44648,11.44952,0.00,0.00
2015.08.20 13:26:35.465,11.44638,11.44952,0.00,0.00
2015.08.20 13:26:35.521,11.4465,11.44952,0.00,0.00
2015.08.20 13:26:35.911,11.44659,11.44952,0.00,0.00
2015.08.20 13:26:36.359,11.44639,11.44952,0.00,0.00
2015.08.20 13:26:36.622,11.44649,11.44952,0.00,0.00
2015.08.20 13:26:37.156,11.44658,11.44952,0.00,0.00
2015.08.20 13:26:37.207,11.44639,11.44952,0.00,0.00
2015.08.20 13:26:37.417,11.4465,11.44952,0.00,0.00
2015.08.20 13:26:37.822,11.44659,11.44952,0.00,0.00
2015.08.20 13:26:38.571,11.44642,11.44952,0.00,0.00
2015.08.20 13:26:39.018,11.44659,11.44952,0.00,0.00
2015.08.20 13:26:39.522,11.44658,11.44952,0.00,0.00
2015.08.20 13:26:39.573,11.4465,11.44952,0.00,0.00
2015.08.20 13:26:40.843,11.44642,11.44952,0.00,0.00
2015.08.20 13:26:41.614,11.44639,11.44952,0.00,0.00
2015.08.20 13:26:42.127,11.44638,11.44952,0.00,0.00
2015.08.20 13:26:43.583,11.44701,11.44901,0.00,0.00
2015.08.20 13:26:43.634,11.44701,11.44952,0.00,0.00
2015.08.20 13:26:47.943,11.44701,11.44941,0.00,0.00
2015.08.20 13:26:48.143,11.44701,11.44952,0.00,0.00
2015.08.20 13:26:49.436,11.44638,11.44952,0.00,0.00
2015.08.20 13:26:49.486,11.44602,11.44851,0.00,0.00
2015.08.20 13:26:56.500,11.44611,11.44851,0.00,0.00
2015.08.20 13:26:56.550,11.44611,11.44902,0.00,0.00
2015.08.20 13:26:59.622,11.44638,11.44949,0.00,0.00
2015.08.20 13:26:59.673,11.44701,11.44949,0.00,0.00
2015.08.20 13:26:59.723,11.44701,11.44952,0.00,0.00
2015.08.20 13:27:00.351,11.44802,11.44989,0.00,0.00
2015.08.20 13:27:00.858,11.44802,11.45049,0.00,0.00
2015.08.20 13:27:00.920,11.44802,11.45031,0.00,0.00
2015.08.20 13:27:01.455,11.44739,11.45031,0.00,0.00
2015.08.20 13:27:01.567,11.44739,11.45041,0.00,0.00
2015.08.20 13:27:01.668,11.44739,11.45049,0.00,0.00
2015.08.20 13:27:01.907,11.44739,11.45051,0.00,0.00
2015.08.20 13:27:01.962,11.44742,11.45051,0.00,0.00
2015.08.20 13:27:02.568,11.44801,11.45051,0.00,0.00
2015.08.20 13:27:03.221,11.44801,11.45101,0.00,0.00
2015.08.20 13:27:03.561,11.44811,11.45101,0.00,0.00
2015.08.20 13:27:04.560,11.44811,11.45052,0.00,0.00
2015.08.20 13:27:04.661,11.44802,11.45052,0.00,0.00
2015.08.20 13:27:05.075,11.44802,11.45021,0.00,0.00
2015.08.20 13:27:05.425,11.44802,11.45002,0.00,0.00
2015.08.20 13:27:05.620,11.44711,11.45002,0.00,0.00
2015.08.20 13:27:09.772,11.44741,11.45002,0.00,0.00
2015.08.20 13:27:10.074,11.44801,11.45051,0.00,0.00
2015.08.20 13:27:10.436,11.44801,11.45002,0.00,0.00
2015.08.20 13:27:11.274,11.44711,11.45002,0.00,0.00
2015.08.20 13:27:12.926,11.44729,11.45002,0.00,0.00
2015.08.20 13:27:13.244,11.44801,11.45001,0.00,0.00
2015.08.20 13:27:13.454,11.44801,11.45031,0.00,0.00
2015.08.20 13:27:13.555,11.44801,11.45042,0.00,0.00
2015.08.20 13:27:13.706,11.44801,11.45022,0.00,0.00
2015.08.20 13:27:13.756,11.44738,11.45022,0.00,0.00
2015.08.20 13:27:13.807,11.44711,11.44952,0.00,0.00
2015.08.20 13:27:14.801,11.44711,11.45002,0.00,0.00
2015.08.20 13:27:16.746,11.44739,11.45008,0.00,0.00
2015.08.20 13:27:16.797,11.44739,11.45051,0.00,0.00
2015.08.20 13:27:16.847,11.44801,11.45051,0.00,0.00
2015.08.20 13:27:17.349,11.44801,11.45052,0.00,0.00
2015.08.20 13:27:17.650,11.44801,11.45042,0.00,0.00
2015.08.20 13:27:17.852,11.44702,11.44951,0.00,0.00
2015.08.20 13:27:18.386,11.44702,11.45002,0.00,0.00
2015.08.20 13:27:18.436,11.44702,11.44952,0.00,0.00
2015.08.20 13:27:19.369,11.44712,11.44952,0.00,0.00
2015.08.20 13:27:19.420,11.44712,11.45001,0.00,0.00
2015.08.20 13:27:20.007,11.44748,11.45052,0.00,0.00
2015.08.20 13:27:20.457,11.44801,11.45052,0.00,0.00
2015.08.20 13:27:22.726,11.44801,11.45098,0.00,0.00
2015.08.20 13:27:22.777,11.44811,11.45098,0.00,0.00
2015.08.20 13:27:22.828,11.44811,11.45101,0.00,0.00
2015.08.20 13:27:23.316,11.44838,11.45152,0.00,0.00
2015.08.20 13:27:23.758,11.44901,11.45152,0.00,0.00
2015.08.20 13:27:24.181,11.4493,11.45152,0.00,0.00
2015.08.20 13:27:24.232,11.44931,11.45202,0.00,0.00
2015.08.20 13:27:24.868,11.45001,11.45252,0.00,0.00
2015.08.20 13:27:25.187,11.45001,11.45201,0.00,0.00
2015.08.20 13:27:25.540,11.44911,11.45201,0.00,0.00
2015.08.20 13:27:26.758,11.45002,11.45201,0.00,0.00
2015.08.20 13:27:26.867,11.45002,11.45252,0.00,0.00
2015.08.20 13:27:28.246,11.45102,11.45332,0.00,0.00
2015.08.20 13:27:28.348,11.45102,11.45341,0.00,0.00
2015.08.20 13:27:28.399,11.45102,11.45301,0.00,0.00
2015.08.20 13:27:29.439,11.45032,11.45301,0.00,0.00
2015.08.20 13:27:29.490,11.45039,11.45351,0.00,0.00
2015.08.20 13:27:29.661,11.45039,11.45341,0.00,0.00
2015.08.20 13:27:29.762,11.45039,11.45351,0.00,0.00
2015.08.20 13:27:30.280,11.45101,11.45351,0.00,0.00
2015.08.20 13:27:30.923,11.45101,11.45398,0.00,0.00
2015.08.20 13:27:30.974,11.45101,11.45402,0.00,0.00
2015.08.20 13:27:31.383,11.45112,11.45402,0.00,0.00
2015.08.20 13:27:32.909,11.45102,11.45402,0.00,0.00
2015.08.20 13:27:32.959,11.45102,11.45351,0.00,0.00
2015.08.20 13:27:40.714,11.45201,11.45351,0.00,0.00
2015.08.20 13:27:40.765,11.45201,11.45419,0.00,0.00
2015.08.20 13:27:40.866,11.45201,11.45451,0.00,0.00
2015.08.20 13:27:41.205,11.45201,11.45411,0.00,0.00
2015.08.20 13:27:41.468,11.45101,11.45352,0.00,0.00
2015.08.20 13:27:45.300,11.45112,11.45352,0.00,0.00
2015.08.20 13:27:46.087,11.45101,11.45352,0.00,0.00
2015.08.20 13:27:46.329,11.45139,11.4541,0.00,0.00
2015.08.20 13:27:47.241,11.45201,11.45352,0.00,0.00
2015.08.20 13:27:47.530,11.45102,11.45352,0.00,0.00
2015.08.20 13:27:52.390,11.45111,11.45401,0.00,0.00
2015.08.20 13:27:54.604,11.45101,11.45351,0.00,0.00
2015.08.20 13:28:02.295,11.45058,11.45351,0.00,0.00
2015.08.20 13:28:02.346,11.45041,11.45351,0.00,0.00
2015.08.20 13:28:02.977,11.45039,11.45351,0.00,0.00
2015.08.20 13:28:04.186,11.45048,11.45351,0.00,0.00
2015.08.20 13:28:05.824,11.45041,11.45351,0.00,0.00
2015.08.20 13:28:05.991,11.45039,11.45351,0.00,0.00
2015.08.20 13:28:06.634,11.4504,11.45351,0.00,0.00
2015.08.20 13:28:07.086,11.45042,11.45351,0.00,0.00
2015.08.20 13:28:07.137,11.45088,11.45402,0.00,0.00
2015.08.20 13:28:07.238,11.45091,11.45402,0.00,0.00
2015.08.20 13:28:08.272,11.45139,11.45451,0.00,0.00
2015.08.20 13:28:08.704,11.45091,11.45402,0.00,0.00
2015.08.20 13:28:08.906,11.45139,11.45451,0.00,0.00
2015.08.20 13:28:10.170,11.45131,11.45352,0.00,0.00
2015.08.20 13:28:10.221,11.4505,11.45352,0.00,0.00
2015.08.20 13:28:10.580,11.45041,11.45352,0.00,0.00
2015.08.20 13:28:10.777,11.45049,11.45352,0.00,0.00
2015.08.20 13:28:11.128,11.45041,11.45352,0.00,0.00
2015.08.20 13:28:13.096,11.4505,11.45352,0.00,0.00
2015.08.20 13:28:13.691,11.45049,11.45352,0.00,0.00
2015.08.20 13:28:13.993,11.45041,11.45352,0.00,0.00
2015.08.20 13:28:15.411,11.45102,11.45352,0.00,0.00
2015.08.20 13:28:20.514,11.45102,11.45302,0.00,0.00
2015.08.20 13:28:20.565,11.45001,11.45252,0.00,0.00
2015.08.20 13:28:23.746,11.44912,11.45152,0.00,0.00
2015.08.20 13:28:23.950,11.44912,11.45202,0.00,0.00
2015.08.20 13:28:24.058,11.44919,11.45202,0.00,0.00
2015.08.20 13:28:25.297,11.44908,11.45202,0.00,0.00
2015.08.20 13:28:25.641,11.44901,11.45202,0.00,0.00
2015.08.20 13:28:27.819,11.44901,11.45152,0.00,0.00
2015.08.20 13:28:29.124,11.44938,11.45251,0.00,0.00
2015.08.20 13:28:29.275,11.44958,11.45151,0.00,0.00
2015.08.20 13:28:29.577,11.44981,11.45151,0.00,0.00
2015.08.20 13:28:35.869,11.44961,11.45102,0.00,0.00
2015.08.20 13:28:35.970,11.44862,11.45102,0.00,0.00
2015.08.20 13:28:36.071,11.44812,11.45051,0.00,0.00
2015.08.20 13:28:36.966,11.44838,11.45141,0.00,0.00
2015.08.20 13:28:37.346,11.44831,11.45101,0.00,0.00
2015.08.20 13:28:37.397,11.44822,11.45101,0.00,0.00
2015.08.20 13:28:39.212,11.44901,11.45102,0.00,0.00
2015.08.20 13:28:39.877,11.44821,11.45102,0.00,0.00
2015.08.20 13:28:40.251,11.44839,11.45151,0.00,0.00
2015.08.20 13:28:40.301,11.4486,11.45151,0.00,0.00
2015.08.20 13:28:40.935,11.44862,11.45151,0.00,0.00
2015.08.20 13:28:41.236,11.44901,11.45151,0.00,0.00
2015.08.20 13:28:41.781,11.44951,11.45151,0.00,0.00
2015.08.20 13:28:42.222,11.45002,11.4521,0.00,0.00
2015.08.20 13:28:43.074,11.45132,11.45232,0.00,0.00
2015.08.20 13:28:43.138,11.45132,11.45352,0.00,0.00
2015.08.20 13:28:43.773,11.45132,11.45402,0.00,0.00
2015.08.20 13:28:43.824,11.45179,11.45402,0.00,0.00
2015.08.20 13:28:44.076,11.45182,11.45451,0.00,0.00
2015.08.20 13:28:44.611,11.45231,11.45451,0.00,0.00
2015.08.20 13:28:46.751,11.4531,11.45451,0.00,0.00
2015.08.20 13:28:46.853,11.45302,11.45551,0.00,0.00
2015.08.20 13:28:46.953,11.45302,11.45502,0.00,0.00
2015.08.20 13:28:47.454,11.45302,11.45452,0.00,0.00
2015.08.20 13:28:47.505,11.45242,11.45502,0.00,0.00
2015.08.20 13:28:47.556,11.4528,11.45502,0.00,0.00
2015.08.20 13:28:47.707,11.45329,11.45552,0.00,0.00
2015.08.20 13:28:48.134,11.45399,11.45598,0.00,0.00
2015.08.20 13:28:48.196,11.45412,11.45652,0.00,0.00
2015.08.20 13:28:48.919,11.45412,11.45651,0.00,0.00
2015.08.20 13:28:49.700,11.45401,11.45552,0.00,0.00
2015.08.20 13:28:49.801,11.45331,11.45552,0.00,0.00
2015.08.20 13:28:49.952,11.45301,11.45552,0.00,0.00
2015.08.20 13:28:54.212,11.45409,11.45721,0.00,0.00
2015.08.20 13:28:54.515,11.45708,11.45892,0.00,0.00
2015.08.20 13:28:54.565,11.45608,11.45892,0.00,0.00
2015.08.20 13:28:54.616,11.45608,11.45882,0.00,0.00
2015.08.20 13:28:54.666,11.45509,11.45821,0.00,0.00
2015.08.20 13:28:54.868,11.45502,11.45772,0.00,0.00
2015.08.20 13:28:55.273,11.45508,11.45822,0.00,0.00
2015.08.20 13:28:55.431,11.45502,11.45772,0.00,0.00
2015.08.20 13:28:55.734,11.45458,11.45772,0.00,0.00
2015.08.20 13:28:57.415,11.45408,11.45722,0.00,0.00
2015.08.20 13:29:00.038,11.45401,11.45651,0.00,0.00
2015.08.20 13:29:00.240,11.45341,11.45611,0.00,0.00
2015.08.20 13:29:00.290,11.45341,11.45551,0.00,0.00
2015.08.20 13:29:00.341,11.45311,11.45551,0.00,0.00
2015.08.20 13:29:01.244,11.45301,11.45551,0.00,0.00
2015.08.20 13:29:06.217,11.45241,11.45502,0.00,0.00
2015.08.20 13:29:06.271,11.45211,11.45502,0.00,0.00
2015.08.20 13:29:06.322,11.4523,11.45502,0.00,0.00
2015.08.20 13:29:06.524,11.45279,11.45552,0.00,0.00
2015.08.20 13:29:06.574,11.45289,11.45552,0.00,0.00
2015.08.20 13:29:06.726,11.45241,11.45552,0.00,0.00
2015.08.20 13:29:06.777,11.45248,11.45552,0.00,0.00
2015.08.20 13:29:06.979,11.45241,11.45552,0.00,0.00
2015.08.20 13:29:07.160,11.45301,11.45552,0.00,0.00
2015.08.20 13:29:11.558,11.45311,11.45552,0.00,0.00
2015.08.20 13:29:11.609,11.45338,11.45609,0.00,0.00
2015.08.20 13:29:12.114,11.45502,11.45609,0.00,0.00
2015.08.20 13:29:12.164,11.45502,11.45752,0.00,0.00
2015.08.20 13:29:14.238,11.45512,11.45801,0.00,0.00
2015.08.20 13:29:14.762,11.45512,11.45791,0.00,0.00
2015.08.20 13:29:15.064,11.45512,11.45752,0.00,0.00
2015.08.20 13:29:15.951,11.45469,11.45752,0.00,0.00
2015.08.20 13:29:16.008,11.4548,11.45752,0.00,0.00
2015.08.20 13:29:16.247,11.45538,11.45818,0.00,0.00
2015.08.20 13:29:16.348,11.45538,11.45852,0.00,0.00
2015.08.20 13:29:16.499,11.45538,11.45821,0.00,0.00
2015.08.20 13:29:16.600,11.45538,11.45852,0.00,0.00
2015.08.20 13:29:16.712,11.45538,11.4585,0.00,0.00
2015.08.20 13:29:17.366,11.45521,11.45802,0.00,0.00
2015.08.20 13:29:17.418,11.45488,11.45802,0.00,0.00
2015.08.20 13:29:18.177,11.45458,11.45752,0.00,0.00
2015.08.20 13:29:18.278,11.45442,11.45752,0.00,0.00
2015.08.20 13:29:18.429,11.45538,11.45791,0.00,0.00
2015.08.20 13:29:18.480,11.45538,11.45852,0.00,0.00
2015.08.20 13:29:18.531,11.45541,11.45852,0.00,0.00
2015.08.20 13:29:19.017,11.45589,11.45901,0.00,0.00
2015.08.20 13:29:19.275,11.45638,11.45902,0.00,0.00
2015.08.20 13:29:19.376,11.45638,11.45952,0.00,0.00
2015.08.20 13:29:19.875,11.45638,11.45941,0.00,0.00
2015.08.20 13:29:20.246,11.45622,11.45902,0.00,0.00
2015.08.20 13:29:20.736,11.45588,11.45902,0.00,0.00
2015.08.20 13:29:20.990,11.45638,11.45902,0.00,0.00
2015.08.20 13:29:21.041,11.45638,11.45952,0.00,0.00
2015.08.20 13:29:21.681,11.45638,11.45922,0.00,0.00
2015.08.20 13:29:22.400,11.45539,11.45851,0.00,0.00
2015.08.20 13:29:22.581,11.45531,11.45802,0.00,0.00
2015.08.20 13:29:22.883,11.45788,11.45899,0.00,0.00
2015.08.20 13:29:22.934,11.45789,11.46041,0.00,0.00
2015.08.20 13:29:22.985,11.45789,11.46102,0.00,0.00
2015.08.20 13:29:23.086,11.45788,11.46032,0.00,0.00
2015.08.20 13:29:23.186,11.45789,11.46051,0.00,0.00
2015.08.20 13:29:23.237,11.45779,11.45952,0.00,0.00
2015.08.20 13:29:23.338,11.45749,11.45952,0.00,0.00
2015.08.20 13:29:23.439,11.45759,11.45952,0.00,0.00
2015.08.20 13:29:23.490,11.45788,11.46082,0.00,0.00
2015.08.20 13:29:23.641,11.45829,11.46082,0.00,0.00
2015.08.20 13:29:23.691,11.45838,11.46102,0.00,0.00
2015.08.20 13:29:23.792,11.45838,11.46122,0.00,0.00
2015.08.20 13:29:24.230,11.45841,11.45952,0.00,0.00
2015.08.20 13:29:24.482,11.45788,11.46032,0.00,0.00
2015.08.20 13:29:24.533,11.45788,11.46022,0.00,0.00
2015.08.20 13:29:24.633,11.45788,11.46042,0.00,0.00
2015.08.20 13:29:24.684,11.45938,11.46042,0.00,0.00
2015.08.20 13:29:24.735,11.45938,11.46072,0.00,0.00
2015.08.20 13:29:24.836,11.45938,11.46202,0.00,0.00
2015.08.20 13:29:24.937,11.45938,11.46211,0.00,0.00
2015.08.20 13:29:25.038,11.45938,11.46182,0.00,0.00
2015.08.20 13:29:25.340,11.45938,11.46172,0.00,0.00
2015.08.20 13:29:25.869,11.46042,11.46172,0.00,0.00
2015.08.20 13:29:25.920,11.46042,11.46281,0.00,0.00
2015.08.20 13:29:26.021,11.46041,11.46267,0.00,0.00
2015.08.20 13:29:26.222,11.45989,11.46237,0.00,0.00
2015.08.20 13:29:26.323,11.45989,11.46242,0.00,0.00
2015.08.20 13:29:26.676,11.4595,11.46242,0.00,0.00
2015.08.20 13:29:26.776,11.4595,11.46251,0.00,0.00
2015.08.20 13:29:26.877,11.45989,11.46271,0.00,0.00
2015.08.20 13:29:27.114,11.4595,11.46252,0.00,0.00
2015.08.20 13:29:27.165,11.45938,11.46252,0.00,0.00
2015.08.20 13:29:27.975,11.4594,11.46252,0.00,0.00
2015.08.20 13:29:28.298,11.45941,11.46207,0.00,0.00
2015.08.20 13:29:28.796,11.45949,11.46207,0.00,0.00
2015.08.20 13:29:28.902,11.4595,11.46231,0.00,0.00
2015.08.20 13:29:29.009,11.45941,11.46207,0.00,0.00
2015.08.20 13:29:29.372,11.4597,11.46207,0.00,0.00
2015.08.20 13:29:29.798,11.45959,11.46207,0.00,0.00
2015.08.20 13:29:29.949,11.4596,11.46212,0.00,0.00
2015.08.20 13:29:30.000,11.45949,11.46212,0.00,0.00
2015.08.20 13:29:30.127,11.4595,11.46232,0.00,0.00
2015.08.20 13:29:30.228,11.4595,11.46252,0.00,0.00
2015.08.20 13:29:30.576,11.4597,11.46252,0.00,0.00
2015.08.20 13:29:31.064,11.4597,11.46242,0.00,0.00
2015.08.20 13:29:31.121,11.4596,11.46252,0.00,0.00
2015.08.20 13:29:31.172,11.45988,11.46252,0.00,0.00
2015.08.20 13:29:31.222,11.45988,11.46292,0.00,0.00
2015.08.20 13:29:31.327,11.45988,11.46281,0.00,0.00
2015.08.20 13:29:31.734,11.45989,11.46252,0.00,0.00
2015.08.20 13:29:32.258,11.45989,11.46261,0.00,0.00
2015.08.20 13:29:32.310,11.45989,11.46242,0.00,0.00
2015.08.20 13:29:32.367,11.45942,11.46242,0.00,0.00
2015.08.20 13:29:32.417,11.45942,11.46212,0.00,0.00
2015.08.20 13:29:33.813,11.45988,11.46281,0.00,0.00
2015.08.20 13:29:33.914,11.45988,11.46262,0.00,0.00
2015.08.20 13:29:34.385,11.46041,11.46292,0.00,0.00
2015.08.20 13:29:34.712,11.45988,11.46262,0.00,0.00
2015.08.20 13:29:35.598,11.46141,11.46401,0.00,0.00
2015.08.20 13:29:35.749,11.46141,11.46432,0.00,0.00
2015.08.20 13:29:35.850,11.46142,11.46422,0.00,0.00
2015.08.20 13:29:35.901,11.46139,11.46422,0.00,0.00
2015.08.20 13:29:35.952,11.46139,11.46442,0.00,0.00
2015.08.20 13:29:36.002,11.46142,11.46442,0.00,0.00
2015.08.20 13:29:36.304,11.46088,11.46342,0.00,0.00
2015.08.20 13:29:36.455,11.46042,11.46321,0.00,0.00
2015.08.20 13:29:37.096,11.46042,11.46332,0.00,0.00
2015.08.20 13:29:37.146,11.46042,11.46312,0.00,0.00
2015.08.20 13:29:37.658,11.46071,11.46302,0.00,0.00
2015.08.20 13:29:37.809,11.45988,11.46262,0.00,0.00
2015.08.20 13:29:37.866,11.45979,11.46251,0.00,0.00
2015.08.20 13:29:37.916,11.45971,11.46251,0.00,0.00
2015.08.20 13:29:38.031,11.45972,11.46242,0.00,0.00
2015.08.20 13:29:39.043,11.45972,11.46232,0.00,0.00
2015.08.20 13:29:39.375,11.45972,11.46201,0.00,0.00
2015.08.20 13:29:39.560,11.45972,11.46221,0.00,0.00
2015.08.20 13:29:39.664,11.45972,11.46231,0.00,0.00
2015.08.20 13:29:40.578,11.45972,11.46251,0.00,0.00
2015.08.20 13:29:40.629,11.45972,11.46211,0.00,0.00
2015.08.20 13:29:41.013,11.45972,11.46192,0.00,0.00
2015.08.20 13:29:41.670,11.45972,11.46202,0.00,0.00
2015.08.20 13:29:41.771,11.45972,11.46241,0.00,0.00
2015.08.20 13:29:42.710,11.45972,11.46202,0.00,0.00
2015.08.20 13:29:42.761,11.45888,11.46202,0.00,0.00
2015.08.20 13:29:42.872,11.45888,11.46142,0.00,0.00
2015.08.20 13:29:42.973,11.45871,11.46142,0.00,0.00
2015.08.20 13:29:43.231,11.45871,11.46131,0.00,0.00
2015.08.20 13:29:44.006,11.45859,11.46052,0.00,0.00
2015.08.20 13:29:44.091,11.45672,11.45952,0.00,0.00
2015.08.20 13:29:44.493,11.45688,11.45972,0.00,0.00
2015.08.20 13:29:44.544,11.45688,11.45911,0.00,0.00
2015.08.20 13:29:44.594,11.45571,11.45851,0.00,0.00
2015.08.20 13:29:45.264,11.45561,11.45851,0.00,0.00
2015.08.20 13:29:45.496,11.45561,11.45801,0.00,0.00
2015.08.20 13:29:45.597,11.45511,11.45801,0.00,0.00
2015.08.20 13:29:45.647,11.45539,11.45801,0.00,0.00
2015.08.20 13:29:45.698,11.45571,11.45851,0.00,0.00
2015.08.20 13:29:46.989,11.45561,11.45851,0.00,0.00
2015.08.20 13:29:47.367,11.45589,11.45851,0.00,0.00
2015.08.20 13:29:47.475,11.45592,11.45901,0.00,0.00
2015.08.20 13:29:47.885,11.45661,11.45952,0.00,0.00
2015.08.20 13:29:50.181,11.45738,11.46011,0.00,0.00
2015.08.20 13:29:50.231,11.45738,11.46051,0.00,0.00
2015.08.20 13:29:50.558,11.45701,11.45951,0.00,0.00
2015.08.20 13:29:50.666,11.45639,11.45951,0.00,0.00
2015.08.20 13:29:50.767,11.45611,11.45901,0.00,0.00
2015.08.20 13:29:51.120,11.45661,11.45951,0.00,0.00
2015.08.20 13:29:51.770,11.45689,11.46001,0.00,0.00
2015.08.20 13:29:51.872,11.45691,11.46001,0.00,0.00
2015.08.20 13:29:53.140,11.45721,11.46001,0.00,0.00
2015.08.20 13:29:53.836,11.45722,11.46001,0.00,0.00
2015.08.20 13:29:54.040,11.45738,11.46052,0.00,0.00
2015.08.20 13:29:54.091,11.45761,11.46052,0.00,0.00
2015.08.20 13:29:54.994,11.45839,11.46052,0.00,0.00
2015.08.20 13:29:55.044,11.45861,11.46101,0.00,0.00
2015.08.20 13:29:55.296,11.45861,11.46152,0.00,0.00
2015.08.20 13:29:55.759,11.45839,11.46152,0.00,0.00
2015.08.20 13:29:55.809,11.45761,11.46051,0.00,0.00
2015.08.20 13:29:57.915,11.45761,11.46002,0.00,0.00
2015.08.20 13:29:58.016,11.45688,11.46002,0.00,0.00
2015.08.20 13:29:58.148,11.45672,11.45952,0.00,0.00
2015.08.20 13:29:59.874,11.45701,11.46002,0.00,0.00
2015.08.20 13:30:00.076,11.4592,11.46081,0.00,0.00
2015.08.20 13:30:00.127,11.46089,11.46189,0.00,0.00
2015.08.20 13:30:00.609,11.46088,11.46412,0.00,0.00
2015.08.20 13:30:00.660,11.46172,11.46412,0.00,0.00
2015.08.20 13:30:00.760,11.46172,11.46462,0.00,0.00
2015.08.20 13:30:01.024,11.46199,11.46462,0.00,0.00
2015.08.20 13:30:01.126,11.46199,11.46501,0.00,0.00
2015.08.20 13:30:01.177,11.4619,11.46511,0.00,0.00
2015.08.20 13:30:01.227,11.46259,11.46377,0.00,0.00
2015.08.20 13:30:01.743,11.4638,11.46561,0.00,0.00
2015.08.20 13:30:01.799,11.4638,11.46731,0.00,0.00
2015.08.20 13:30:01.983,11.46378,11.46711,0.00,0.00
2015.08.20 13:30:02.172,11.46378,11.46732,0.00,0.00
2015.08.20 13:30:02.287,11.46378,11.46692,0.00,0.00
2015.08.20 13:30:02.886,11.46379,11.46572,0.00,0.00
2015.08.20 13:30:02.936,11.4632,11.46572,0.00,0.00
2015.08.20 13:30:02.987,11.46328,11.46592,0.00,0.00
2015.08.20 13:30:03.299,11.46319,11.46572,0.00,0.00
2015.08.20 13:30:03.602,11.46371,11.46582,0.00,0.00
2015.08.20 13:30:03.652,11.46328,11.46582,0.00,0.00
2015.08.20 13:30:04.042,11.46378,11.46582,0.00,0.00
2015.08.20 13:30:04.093,11.46378,11.46661,0.00,0.00
2015.08.20 13:30:04.312,11.46378,11.46672,0.00,0.00
2015.08.20 13:30:04.514,11.46378,11.46661,0.00,0.00
2015.08.20 13:30:04.873,11.46388,11.46661,0.00,0.00
2015.08.20 13:30:05.646,11.46388,11.46642,0.00,0.00
2015.08.20 13:30:05.948,11.46388,11.46661,0.00,0.00
2015.08.20 13:30:06.166,11.46439,11.46661,0.00,0.00
2015.08.20 13:30:06.267,11.46388,11.46661,0.00,0.00
2015.08.20 13:30:06.436,11.46388,11.46631,0.00,0.00
2015.08.20 13:30:06.903,11.46362,11.46602,0.00,0.00
2015.08.20 13:30:07.003,11.46362,11.46621,0.00,0.00
2015.08.20 13:30:07.054,11.46388,11.46621,0.00,0.00
2015.08.20 13:30:07.356,11.46338,11.46542,0.00,0.00
2015.08.20 13:30:07.407,11.46338,11.46581,0.00,0.00
2015.08.20 13:30:07.466,11.46362,11.46581,0.00,0.00
2015.08.20 13:30:07.517,11.46362,11.46612,0.00,0.00
2015.08.20 13:30:07.947,11.46338,11.46572,0.00,0.00
2015.08.20 13:30:07.998,11.46288,11.46572,0.00,0.00
2015.08.20 13:30:08.049,11.46288,11.46592,0.00,0.00
2015.08.20 13:30:08.149,11.46389,11.46612,0.00,0.00
2015.08.20 13:30:08.250,11.46389,11.46672,0.00,0.00
2015.08.20 13:30:08.351,11.46389,11.46692,0.00,0.00
2015.08.20 13:30:08.587,11.46389,11.46681,0.00,0.00
2015.08.20 13:30:09.633,11.46338,11.46652,0.00,0.00
2015.08.20 13:30:10.831,11.46288,11.46602,0.00,0.00
2015.08.20 13:30:11.134,11.46188,11.46502,0.00,0.00
2015.08.20 13:30:11.533,11.46182,11.46452,0.00,0.00
2015.08.20 13:30:12.041,11.46189,11.465,0.00,0.00
2015.08.20 13:30:12.092,11.46238,11.46532,0.00,0.00
2015.08.20 13:30:12.143,11.46239,11.46541,0.00,0.00
2015.08.20 13:30:12.245,11.46239,11.46551,0.00,0.00
2015.08.20 13:30:12.548,11.46238,11.46522,0.00,0.00
2015.08.20 13:30:13.227,11.46238,11.46521,0.00,0.00
2015.08.20 13:30:13.278,11.46188,11.46502,0.00,0.00
2015.08.20 13:30:13.639,11.46171,11.46401,0.00,0.00
2015.08.20 13:30:13.742,11.46091,11.46401,0.00,0.00
2015.08.20 13:30:14.537,11.46089,11.46401,0.00,0.00
2015.08.20 13:30:15.102,11.46088,11.46401,0.00,0.00
2015.08.20 13:30:15.153,11.46138,11.46428,0.00,0.00
2015.08.20 13:30:15.305,11.46211,11.46502,0.00,0.00
2015.08.20 13:30:15.710,11.46211,11.46402,0.00,0.00
2015.08.20 13:30:16.105,11.46159,11.46352,0.00,0.00
2015.08.20 13:30:16.156,11.46088,11.46402,0.00,0.00
2015.08.20 13:30:16.207,11.46121,11.46402,0.00,0.00
2015.08.20 13:30:16.814,11.46121,11.46352,0.00,0.00
2015.08.20 13:30:16.865,11.46071,11.46352,0.00,0.00
2015.08.20 13:30:17.613,11.46111,11.46302,0.00,0.00
2015.08.20 13:30:17.815,11.46069,11.46301,0.00,0.00
2015.08.20 13:30:17.916,11.46032,11.46301,0.00,0.00
2015.08.20 13:30:18.245,11.46039,11.46351,0.00,0.00
2015.08.20 13:30:18.346,11.46059,11.46351,0.00,0.00
2015.08.20 13:30:19.009,11.46072,11.46351,0.00,0.00
2015.08.20 13:30:19.228,11.46039,11.46351,0.00,0.00
2015.08.20 13:30:19.380,11.46072,11.46351,0.00,0.00
2015.08.20 13:30:20.762,11.46112,11.46371,0.00,0.00
2015.08.20 13:30:20.816,11.46112,11.46402,0.00,0.00
2015.08.20 13:30:22.338,11.46161,11.46402,0.00,0.00
2015.08.20 13:30:22.439,11.46188,11.46502,0.00,0.00
2015.08.20 13:30:22.540,11.46201,11.46502,0.00,0.00
2015.08.20 13:30:22.957,11.46229,11.46502,0.00,0.00
2015.08.20 13:30:23.008,11.46242,11.46552,0.00,0.00
2015.08.20 13:30:23.438,11.46291,11.46552,0.00,0.00
2015.08.20 13:30:23.490,11.46291,11.46602,0.00,0.00
2015.08.20 13:30:23.703,11.46291,11.46582,0.00,0.00
2015.08.20 13:30:24.102,11.46291,11.46602,0.00,0.00
2015.08.20 13:30:25.060,11.46291,11.46582,0.00,0.00
2015.08.20 13:30:25.260,11.46291,11.46601,0.00,0.00
2015.08.20 13:30:25.858,11.46291,11.46602,0.00,0.00
2015.08.20 13:30:26.389,11.46288,11.46602,0.00,0.00
2015.08.20 13:30:26.626,11.46261,11.46552,0.00,0.00
2015.08.20 13:30:26.727,11.46239,11.46551,0.00,0.00
2015.08.20 13:30:26.828,11.46192,11.46502,0.00,0.00
2015.08.20 13:30:27.138,11.46192,11.46451,0.00,0.00
2015.08.20 13:30:28.247,11.46192,11.46401,0.00,0.00
2015.08.20 13:30:28.398,11.46141,11.46401,0.00,0.00
2015.08.20 13:30:30.833,11.46101,11.46351,0.00,0.00
2015.08.20 13:30:31.466,11.46101,11.4631,0.00,0.00
2015.08.20 13:30:31.568,11.46071,11.46311,0.00,0.00
2015.08.20 13:30:31.986,11.46011,11.46252,0.00,0.00
2015.08.20 13:30:32.427,11.46033,11.46352,0.00,0.00
2015.08.20 13:30:32.478,11.46076,11.46352,0.00,0.00
2015.08.20 13:30:34.855,11.46081,11.46252,0.00,0.00
2015.08.20 13:30:34.986,11.46011,11.46252,0.00,0.00
2015.08.20 13:30:35.090,11.46042,11.46301,0.00,0.00
2015.08.20 13:30:35.326,11.46048,11.46301,0.00,0.00
2015.08.20 13:30:35.898,11.46021,11.46252,0.00,0.00
2015.08.20 13:30:35.948,11.46002,11.46252,0.00,0.00
2015.08.20 13:30:36.982,11.46002,11.46201,0.00,0.00
2015.08.20 13:30:37.420,11.45942,11.46201,0.00,0.00
2015.08.20 13:30:37.487,11.45959,11.46201,0.00,0.00
2015.08.20 13:30:37.588,11.45942,11.46201,0.00,0.00
2015.08.20 13:30:37.639,11.45942,11.46152,0.00,0.00
2015.08.20 13:30:37.689,11.45901,11.46152,0.00,0.00
2015.08.20 13:30:39.392,11.45908,11.46152,0.00,0.00
2015.08.20 13:30:40.033,11.45939,11.4621,0.00,0.00
2015.08.20 13:30:40.084,11.45972,11.4621,0.00,0.00
2015.08.20 13:30:40.134,11.45972,11.46251,0.00,0.00
2015.08.20 13:30:40.185,11.45939,11.46251,0.00,0.00
2015.08.20 13:30:40.236,11.45948,11.46251,0.00,0.00
2015.08.20 13:30:40.622,11.45892,11.46152,0.00,0.00
2015.08.20 13:30:40.723,11.45969,11.46252,0.00,0.00
2015.08.20 13:30:40.773,11.45981,11.46252,0.00,0.00
2015.08.20 13:30:40.925,11.46022,11.46301,0.00,0.00
2015.08.20 13:30:41.818,11.46071,11.46351,0.00,0.00
2015.08.20 13:30:42.110,11.46071,11.46252,0.00,0.00
2015.08.20 13:30:42.160,11.46061,11.46252,0.00,0.00
2015.08.20 13:30:42.262,11.46021,11.46302,0.00,0.00
2015.08.20 13:30:42.413,11.46048,11.46302,0.00,0.00
2015.08.20 13:30:42.581,11.46048,11.46352,0.00,0.00
2015.08.20 13:30:42.682,11.46061,11.46352,0.00,0.00
2015.08.20 13:30:43.093,11.46071,11.46351,0.00,0.00
2015.08.20 13:30:44.505,11.46031,11.46252,0.00,0.00
2015.08.20 13:30:44.606,11.45991,11.46252,0.00,0.00
2015.08.20 13:30:45.050,11.45971,11.46252,0.00,0.00
2015.08.20 13:30:46.365,11.45971,11.46181,0.00,0.00
2015.08.20 13:30:46.416,11.45908,11.46181,0.00,0.00
2015.08.20 13:30:46.517,11.45889,11.46181,0.00,0.00
2015.08.20 13:30:46.618,11.45871,11.46152,0.00,0.00
2015.08.20 13:30:47.356,11.45878,11.46152,0.00,0.00
2015.08.20 13:30:47.457,11.45871,11.46152,0.00,0.00
2015.08.20 13:30:47.508,11.45889,11.46181,0.00,0.00
2015.08.20 13:30:47.558,11.45919,11.46201,0.00,0.00
2015.08.20 13:30:48.005,11.45939,11.46201,0.00,0.00
2015.08.20 13:30:48.722,11.45921,11.46201,0.00,0.00
2015.08.20 13:30:48.773,11.45921,11.46151,0.00,0.00
2015.08.20 13:30:48.823,11.45962,11.46219,0.00,0.00
2015.08.20 13:30:48.874,11.45962,11.46251,0.00,0.00
2015.08.20 13:30:48.925,11.45969,11.46251,0.00,0.00
2015.08.20 13:30:49.722,11.45962,11.46251,0.00,0.00
2015.08.20 13:30:51.029,11.45962,11.46202,0.00,0.00
2015.08.20 13:30:51.472,11.45962,11.46189,0.00,0.00
2015.08.20 13:30:51.523,11.45888,11.46189,0.00,0.00
2015.08.20 13:30:52.139,11.45872,11.46151,0.00,0.00
2015.08.20 13:30:53.132,11.45878,11.46151,0.00,0.00
2015.08.20 13:30:53.182,11.45872,11.46151,0.00,0.00
2015.08.20 13:30:54.873,11.45861,11.46151,0.00,0.00
2015.08.20 13:30:55.091,11.45872,11.46151,0.00,0.00
2015.08.20 13:30:55.402,11.45878,11.46151,0.00,0.00
2015.08.20 13:30:55.453,11.45821,11.46102,0.00,0.00
2015.08.20 13:30:55.554,11.45821,11.46052,0.00,0.00
2015.08.20 13:30:55.756,11.45781,11.46052,0.00,0.00
2015.08.20 13:30:56.660,11.45808,11.46102,0.00,0.00
2015.08.20 13:30:56.862,11.45782,11.46051,0.00,0.00
2015.08.20 13:30:58.282,11.45768,11.46051,0.00,0.00
2015.08.20 13:30:58.541,11.45762,11.46051,0.00,0.00
2015.08.20 13:30:59.833,11.45778,11.46051,0.00,0.00
2015.08.20 13:31:00.475,11.45762,11.46051,0.00,0.00
2015.08.20 13:31:01.637,11.45769,11.46051,0.00,0.00
2015.08.20 13:31:01.943,11.45762,11.46051,0.00,0.00
2015.08.20 13:31:02.045,11.45719,11.45991,0.00,0.00
2015.08.20 13:31:02.146,11.45689,11.45988,0.00,0.00
2015.08.20 13:31:04.317,11.45689,11.45969,0.00,0.00
2015.08.20 13:31:04.635,11.45671,11.45951,0.00,0.00
2015.08.20 13:31:05.666,11.45671,11.45879,0.00,0.00
2015.08.20 13:31:05.717,11.45561,11.45852,0.00,0.00
2015.08.20 13:31:05.892,11.45578,11.45852,0.00,0.00
2015.08.20 13:31:05.993,11.45561,11.45852,0.00,0.00
2015.08.20 13:31:06.094,11.45738,11.45879,0.00,0.00
2015.08.20 13:31:06.252,11.45738,11.45979,0.00,0.00
2015.08.20 13:31:06.307,11.45672,11.45951,0.00,0.00
2015.08.20 13:31:06.358,11.45689,11.45951,0.00,0.00
2015.08.20 13:31:06.442,11.45679,11.45951,0.00,0.00
2015.08.20 13:31:06.980,11.45688,11.45979,0.00,0.00
2015.08.20 13:31:07.083,11.45722,11.45979,0.00,0.00
2015.08.20 13:31:07.134,11.45722,11.46002,0.00,0.00
2015.08.20 13:31:07.404,11.45738,11.46019,0.00,0.00
2015.08.20 13:31:07.455,11.45738,11.46052,0.00,0.00
2015.08.20 13:31:07.517,11.45729,11.45951,0.00,0.00
2015.08.20 13:31:07.668,11.45721,11.45951,0.00,0.00
2015.08.20 13:31:07.769,11.45671,11.45952,0.00,0.00
2015.08.20 13:31:08.339,11.45698,11.45952,0.00,0.00
2015.08.20 13:31:08.396,11.45721,11.46002,0.00,0.00
2015.08.20 13:31:08.500,11.45721,11.45991,0.00,0.00
2015.08.20 13:31:08.652,11.45672,11.45952,0.00,0.00
2015.08.20 13:31:09.493,11.45661,11.45952,0.00,0.00
2015.08.20 13:31:09.959,11.45661,11.45902,0.00,0.00
2015.08.20 13:31:10.211,11.45571,11.45851,0.00,0.00
2015.08.20 13:31:11.859,11.45562,11.45851,0.00,0.00
2015.08.20 13:31:12.961,11.45569,11.45851,0.00,0.00
2015.08.20 13:31:13.162,11.45562,11.45851,0.00,0.00
2015.08.20 13:31:13.657,11.45549,11.45801,0.00,0.00
2015.08.20 13:31:13.708,11.45522,11.45801,0.00,0.00
2015.08.20 13:31:13.864,11.45548,11.45801,0.00,0.00
2015.08.20 13:31:13.964,11.45522,11.45801,0.00,0.00
2015.08.20 13:31:14.382,11.45522,11.45752,0.00,0.00
2015.08.20 13:31:14.483,11.45471,11.45752,0.00,0.00
2015.08.20 13:31:15.381,11.45479,11.45752,0.00,0.00
2015.08.20 13:31:15.439,11.45489,11.45798,0.00,0.00
2015.08.20 13:31:15.489,11.45549,11.45801,0.00,0.00
2015.08.20 13:31:15.697,11.45571,11.45852,0.00,0.00
2015.08.20 13:31:16.472,11.45562,11.45852,0.00,0.00
2015.08.20 13:31:16.969,11.45569,11.45852,0.00,0.00
2015.08.20 13:31:17.470,11.45562,11.45852,0.00,0.00
2015.08.20 13:31:17.717,11.45568,11.45852,0.00,0.00
2015.08.20 13:31:17.771,11.45562,11.45852,0.00,0.00
2015.08.20 13:31:17.872,11.45562,11.45751,0.00,0.00
2015.08.20 13:31:18.394,11.45568,11.45851,0.00,0.00
2015.08.20 13:31:18.495,11.45562,11.45851,0.00,0.00
2015.08.20 13:31:19.587,11.45499,11.45799,0.00,0.00
2015.08.20 13:31:19.638,11.45488,11.45799,0.00,0.00
2015.08.20 13:31:21.019,11.45488,11.45751,0.00,0.00
2015.08.20 13:31:21.178,11.45479,11.45751,0.00,0.00
2015.08.20 13:31:22.273,11.45492,11.45751,0.00,0.00
2015.08.20 13:31:22.324,11.45538,11.45801,0.00,0.00
2015.08.20 13:31:22.425,11.45521,11.45801,0.00,0.00
2015.08.20 13:31:22.831,11.45479,11.45752,0.00,0.00
2015.08.20 13:31:23.033,11.45521,11.45799,0.00,0.00
2015.08.20 13:31:23.501,11.45548,11.45801,0.00,0.00
2015.08.20 13:31:23.552,11.45562,11.45852,0.00,0.00
2015.08.20 13:31:23.603,11.45568,11.45852,0.00,0.00
2015.08.20 13:31:23.923,11.45589,11.45879,0.00,0.00
2015.08.20 13:31:24.024,11.45622,11.45879,0.00,0.00
2015.08.20 13:31:24.946,11.45621,11.45901,0.00,0.00
2015.08.20 13:31:26.042,11.45622,11.45901,0.00,0.00
2015.08.20 13:31:26.093,11.45639,11.45938,0.00,0.00
2015.08.20 13:31:26.143,11.45661,11.45938,0.00,0.00
2015.08.20 13:31:26.194,11.45661,11.45952,0.00,0.00
2015.08.20 13:31:27.246,11.45671,11.45952,0.00,0.00
2015.08.20 13:31:30.659,11.45671,11.45901,0.00,0.00
2015.08.20 13:31:30.762,11.45629,11.45901,0.00,0.00
2015.08.20 13:31:30.863,11.45589,11.45901,0.00,0.00
2015.08.20 13:31:31.496,11.45571,11.45851,0.00,0.00
2015.08.20 13:31:31.647,11.45539,11.45851,0.00,0.00
2015.08.20 13:31:31.748,11.45522,11.45802,0.00,0.00
2015.08.20 13:31:32.454,11.45539,11.45851,0.00,0.00
2015.08.20 13:31:32.504,11.45562,11.45851,0.00,0.00
2015.08.20 13:31:34.256,11.45528,11.45801,0.00,0.00
2015.08.20 13:31:34.307,11.45489,11.45801,0.00,0.00
2015.08.20 13:31:34.509,11.45472,11.45751,0.00,0.00
2015.08.20 13:31:35.354,11.45552,11.45701,0.00,0.00
2015.08.20 13:31:36.211,11.45551,11.45701,0.00,0.00
2015.08.20 13:31:36.649,11.45591,11.45751,0.00,0.00
2015.08.20 13:31:37.113,11.45591,11.45702,0.00,0.00
2015.08.20 13:31:37.164,11.45511,11.45702,0.00,0.00
2015.08.20 13:31:37.218,11.45511,11.45652,0.00,0.00
2015.08.20 13:31:37.269,11.45472,11.45652,0.00,0.00
2015.08.20 13:31:37.859,11.45431,11.45652,0.00,0.00
2015.08.20 13:31:38.560,11.45462,11.45701,0.00,0.00
2015.08.20 13:31:38.610,11.45521,11.45701,0.00,0.00
2015.08.20 13:31:39.177,11.45521,11.45752,0.00,0.00
2015.08.20 13:31:40.372,11.45551,11.45752,0.00,0.00
2015.08.20 13:31:40.980,11.45472,11.45651,0.00,0.00
2015.08.20 13:31:41.081,11.45551,11.45752,0.00,0.00
2015.08.20 13:31:42.774,11.45511,11.45751,0.00,0.00
2015.08.20 13:31:42.825,11.45511,11.45702,0.00,0.00
2015.08.20 13:31:42.876,11.45482,11.45702,0.00,0.00
2015.08.20 13:31:43.350,11.45452,11.45702,0.00,0.00
2015.08.20 13:31:43.931,11.45451,11.45702,0.00,0.00
2015.08.20 13:31:44.299,11.45451,11.4575,0.00,0.00
2015.08.20 13:31:44.350,11.45469,11.4575,0.00,0.00
2015.08.20 13:31:44.754,11.45501,11.45752,0.00,0.00
2015.08.20 13:31:45.184,11.45551,11.45752,0.00,0.00
2015.08.20 13:31:46.787,11.45551,11.45801,0.00,0.00
2015.08.20 13:31:46.837,11.45558,11.45801,0.00,0.00
2015.08.20 13:31:47.177,11.45631,11.45851,0.00,0.00
2015.08.20 13:31:48.393,11.45611,11.45851,0.00,0.00
2015.08.20 13:31:49.259,11.45581,11.45851,0.00,0.00
2015.08.20 13:31:49.310,11.45522,11.45801,0.00,0.00
2015.08.20 13:31:49.361,11.45522,11.45752,0.00,0.00
2015.08.20 13:31:52.124,11.45571,11.45802,0.00,0.00
2015.08.20 13:31:52.944,11.45571,11.45751,0.00,0.00
2015.08.20 13:31:53.486,11.45522,11.45751,0.00,0.00
2015.08.20 13:31:53.983,11.45522,11.458,0.00,0.00
2015.08.20 13:31:54.134,11.45522,11.45802,0.00,0.00
2015.08.20 13:31:54.235,11.45561,11.45802,0.00,0.00
2015.08.20 13:31:54.386,11.456,11.45851,0.00,0.00
2015.08.20 13:31:54.436,11.45622,11.45851,0.00,0.00
2015.08.20 13:31:56.702,11.45622,11.45852,0.00,0.00
2015.08.20 13:31:57.220,11.45621,11.45852,0.00,0.00
2015.08.20 13:31:58.339,11.45621,11.45901,0.00,0.00
2015.08.20 13:31:58.390,11.45651,11.45901,0.00,0.00
2015.08.20 13:31:58.715,11.45702,11.45902,0.00,0.00
2015.08.20 13:31:58.774,11.45702,11.45952,0.00,0.00
2015.08.20 13:31:58.824,11.45782,11.45952,0.00,0.00
2015.08.20 13:31:58.925,11.45782,11.46051,0.00,0.00
2015.08.20 13:31:58.976,11.45911,11.46051,0.00,0.00
2015.08.20 13:31:59.585,11.45911,11.46052,0.00,0.00
2015.08.20 13:31:59.825,11.45862,11.46052,0.00,0.00
2015.08.20 13:32:00.128,11.45862,11.46101,0.00,0.00
2015.08.20 13:32:00.330,11.45861,11.46052,0.00,0.00
2015.08.20 13:32:00.677,11.45861,11.46002,0.00,0.00
2015.08.20 13:32:00.728,11.45832,11.46002,0.00,0.00
2015.08.20 13:32:01.157,11.45752,11.45951,0.00,0.00
2015.08.20 13:32:01.208,11.45752,11.46,0.00,0.00
2015.08.20 13:32:01.258,11.45791,11.46002,0.00,0.00
2015.08.20 13:32:01.309,11.45791,11.46051,0.00,0.00
2015.08.20 13:32:01.360,11.45831,11.46051,0.00,0.00
2015.08.20 13:32:01.859,11.45829,11.46052,0.00,0.00
2015.08.20 13:32:01.910,11.4581,11.46052,0.00,0.00
2015.08.20 13:32:02.524,11.45801,11.45951,0.00,0.00
2015.08.20 13:32:02.576,11.45719,11.45951,0.00,0.00
2015.08.20 13:32:03.620,11.4572,11.45951,0.00,0.00
2015.08.20 13:32:04.145,11.45722,11.45951,0.00,0.00
2015.08.20 13:32:07.011,11.45639,11.459,0.00,0.00
2015.08.20 13:32:07.736,11.45639,11.45901,0.00,0.00
2015.08.20 13:32:07.793,11.45601,11.45852,0.00,0.00
2015.08.20 13:32:09.154,11.45621,11.45902,0.00,0.00
2015.08.20 13:32:10.169,11.45622,11.45902,0.00,0.00
2015.08.20 13:32:10.738,11.45621,11.45902,0.00,0.00
2015.08.20 13:32:11.677,11.45628,11.45902,0.00,0.00
2015.08.20 13:32:12.157,11.4565,11.45852,0.00,0.00
2015.08.20 13:32:12.464,11.45661,11.45852,0.00,0.00
2015.08.20 13:32:16.759,11.45649,11.45852,0.00,0.00
2015.08.20 13:32:17.315,11.4565,11.45852,0.00,0.00
2015.08.20 13:32:18.521,11.45649,11.45852,0.00,0.00
2015.08.20 13:32:19.063,11.45671,11.45852,0.00,0.00
2015.08.20 13:32:21.081,11.45611,11.45852,0.00,0.00
2015.08.20 13:32:23.101,11.45638,11.459,0.00,0.00
2015.08.20 13:32:23.488,11.45699,11.45952,0.00,0.00
2015.08.20 13:32:23.832,11.45701,11.45952,0.00,0.00
2015.08.20 13:32:24.762,11.45799,11.46052,0.00,0.00
2015.08.20 13:32:24.863,11.45802,11.46052,0.00,0.00
2015.08.20 13:32:26.189,11.45901,11.46151,0.00,0.00
2015.08.20 13:32:27.865,11.45972,11.46151,0.00,0.00
2015.08.20 13:32:29.494,11.45972,11.46171,0.00,0.00
2015.08.20 13:32:30.331,11.45972,11.4617,0.00,0.00
2015.08.20 13:32:30.723,11.45972,11.46232,0.00,0.00
2015.08.20 13:32:30.825,11.45972,11.46221,0.00,0.00
2015.08.20 13:32:30.976,11.45972,11.46232,0.00,0.00
2015.08.20 13:32:31.249,11.45978,11.46271,0.00,0.00
2015.08.20 13:32:31.300,11.46052,11.46282,0.00,0.00
2015.08.20 13:32:31.738,11.46052,11.46291,0.00,0.00
2015.08.20 13:32:31.790,11.46052,11.46321,0.00,0.00
2015.08.20 13:32:32.396,11.46052,11.4632,0.00,0.00
2015.08.20 13:32:32.599,11.46069,11.46331,0.00,0.00
2015.08.20 13:32:33.305,11.46142,11.46421,0.00,0.00
2015.08.20 13:32:33.356,11.46142,11.4636,0.00,0.00
2015.08.20 13:32:33.407,11.46101,11.4636,0.00,0.00
2015.08.20 13:32:33.692,11.46079,11.46361,0.00,0.00
2015.08.20 13:32:33.994,11.46062,11.46331,0.00,0.00
2015.08.20 13:32:34.388,11.46062,11.46282,0.00,0.00
2015.08.20 13:32:34.440,11.46001,11.46282,0.00,0.00
2015.08.20 13:32:34.491,11.46041,11.46282,0.00,0.00
2015.08.20 13:32:34.541,11.46041,11.46331,0.00,0.00
2015.08.20 13:32:35.807,11.45928,11.46232,0.00,0.00
2015.08.20 13:32:40.025,11.45981,11.46232,0.00,0.00
2015.08.20 13:32:40.076,11.45999,11.46282,0.00,0.00
2015.08.20 13:32:40.621,11.45989,11.46282,0.00,0.00
2015.08.20 13:32:40.832,11.46001,11.46282,0.00,0.00
2015.08.20 13:32:41.833,11.46008,11.46282,0.00,0.00
2015.08.20 13:32:42.379,11.46009,11.46282,0.00,0.00
2015.08.20 13:32:42.789,11.46032,11.46332,0.00,0.00
2015.08.20 13:32:42.840,11.46038,11.46332,0.00,0.00
2015.08.20 13:32:42.891,11.46078,11.46382,0.00,0.00
2015.08.20 13:32:43.057,11.4608,11.46382,0.00,0.00
2015.08.20 13:32:43.424,11.46128,11.4642,0.00,0.00
2015.08.20 13:32:44.046,11.46128,11.46421,0.00,0.00
2015.08.20 13:32:44.874,11.46128,11.4642,0.00,0.00
2015.08.20 13:32:45.200,11.46128,11.46411,0.00,0.00
2015.08.20 13:32:45.632,11.46078,11.46362,0.00,0.00
2015.08.20 13:32:45.792,11.46028,11.46332,0.00,0.00
2015.08.20 13:32:46.382,11.46028,11.46331,0.00,0.00
2015.08.20 13:32:46.683,11.46028,11.46271,0.00,0.00
2015.08.20 13:32:47.184,11.46002,11.46232,0.00,0.00
2015.08.20 13:32:47.235,11.45928,11.46232,0.00,0.00
2015.08.20 13:32:47.487,11.45928,11.4623,0.00,0.00
2015.08.20 13:32:47.817,11.45928,11.46221,0.00,0.00
2015.08.20 13:32:48.531,11.45928,11.4623,0.00,0.00
2015.08.20 13:32:48.584,11.45928,11.46221,0.00,0.00
2015.08.20 13:32:48.634,11.45928,11.46231,0.00,0.00
2015.08.20 13:32:49.801,11.45928,11.4623,0.00,0.00
2015.08.20 13:32:50.695,11.45928,11.46231,0.00,0.00
2015.08.20 13:32:51.398,11.45928,11.46221,0.00,0.00
2015.08.20 13:32:51.701,11.45879,11.46171,0.00,0.00
2015.08.20 13:32:52.271,11.45829,11.46131,0.00,0.00
2015.08.20 13:32:52.322,11.45838,11.46131,0.00,0.00
2015.08.20 13:32:52.816,11.45829,11.46131,0.00,0.00
2015.08.20 13:32:53.156,11.45838,11.46131,0.00,0.00
2015.08.20 13:32:54.020,11.45859,11.46131,0.00,0.00
2015.08.20 13:32:54.121,11.45878,11.46161,0.00,0.00
2015.08.20 13:32:54.222,11.45829,11.46131,0.00,0.00
2015.08.20 13:32:54.431,11.45868,11.46131,0.00,0.00
2015.08.20 13:32:54.870,11.45879,11.46171,0.00,0.00
2015.08.20 13:32:55.415,11.45879,11.4617,0.00,0.00
2015.08.20 13:32:55.923,11.45879,11.46171,0.00,0.00
2015.08.20 13:32:56.659,11.45879,11.4617,0.00,0.00
2015.08.20 13:32:57.309,11.45848,11.46132,0.00,0.00
2015.08.20 13:32:57.460,11.45828,11.46132,0.00,0.00
2015.08.20 13:32:58.067,11.45838,11.46132,0.00,0.00
2015.08.20 13:32:58.574,11.45858,11.46132,0.00,0.00
2015.08.20 13:32:59.455,11.45828,11.46132,0.00,0.00
2015.08.20 13:33:00.232,11.45859,11.46132,0.00,0.00
2015.08.20 13:33:00.333,11.45838,11.46132,0.00,0.00
2015.08.20 13:33:00.433,11.45828,11.46132,0.00,0.00
2015.08.20 13:33:01.642,11.45838,11.46132,0.00,0.00
2015.08.20 13:33:01.963,11.45879,11.46181,0.00,0.00
2015.08.20 13:33:02.136,11.45899,11.46181,0.00,0.00
2015.08.20 13:33:02.640,11.45929,11.46221,0.00,0.00
2015.08.20 13:33:02.693,11.45929,11.46231,0.00,0.00
2015.08.20 13:33:05.106,11.45929,11.46188,0.00,0.00
2015.08.20 13:33:05.444,11.45929,11.46161,0.00,0.00
2015.08.20 13:33:05.670,11.45929,11.46171,0.00,0.00
2015.08.20 13:33:05.921,11.45901,11.46131,0.00,0.00
2015.08.20 13:33:06.510,11.45928,11.46232,0.00,0.00
2015.08.20 13:33:08.988,11.45928,11.46231,0.00,0.00
2015.08.20 13:33:09.509,11.45928,11.46232,0.00,0.00
2015.08.20 13:33:12.192,11.45928,11.46221,0.00,0.00
2015.08.20 13:33:12.393,11.45928,11.46231,0.00,0.00
2015.08.20 13:33:13.200,11.45928,11.46199,0.00,0.00
2015.08.20 13:33:13.251,11.45828,11.46132,0.00,0.00
2015.08.20 13:33:14.508,11.45828,11.4612,0.00,0.00
2015.08.20 13:33:14.940,11.45828,11.4611,0.00,0.00
2015.08.20 13:33:16.239,11.45828,11.46131,0.00,0.00
2015.08.20 13:33:16.673,11.45848,11.46132,0.00,0.00
2015.08.20 13:33:17.016,11.45871,11.46132,0.00,0.00
2015.08.20 13:33:17.418,11.45889,11.46132,0.00,0.00
2015.08.20 13:33:17.569,11.45922,11.46171,0.00,0.00
2015.08.20 13:33:18.326,11.45962,11.46231,0.00,0.00
2015.08.20 13:33:19.657,11.45962,11.46211,0.00,0.00
2015.08.20 13:33:20.310,11.45962,11.4621,0.00,0.00
2015.08.20 13:33:20.944,11.45962,11.46211,0.00,0.00
2015.08.20 13:33:22.027,11.45962,11.4621,0.00,0.00
2015.08.20 13:33:22.886,11.4593,11.46182,0.00,0.00
2015.08.20 13:33:22.948,11.45879,11.46181,0.00,0.00
2015.08.20 13:33:23.000,11.45912,11.46181,0.00,0.00
2015.08.20 13:33:23.151,11.45928,11.46232,0.00,0.00
2015.08.20 13:33:24.987,11.45958,11.46232,0.00,0.00
2015.08.20 13:33:25.409,11.45929,11.46231,0.00,0.00
2015.08.20 13:33:25.894,11.46028,11.46271,0.00,0.00
2015.08.20 13:33:25.945,11.46028,11.46312,0.00,0.00
2015.08.20 13:33:25.996,11.46028,11.46332,0.00,0.00
2015.08.20 13:33:26.547,11.46028,11.46271,0.00,0.00
2015.08.20 13:33:26.972,11.46008,11.46271,0.00,0.00
2015.08.20 13:33:27.023,11.45979,11.46271,0.00,0.00
2015.08.20 13:33:27.957,11.45929,11.46231,0.00,0.00
2015.08.20 13:33:29.005,11.45978,11.46271,0.00,0.00
2015.08.20 13:33:29.106,11.45978,11.46282,0.00,0.00
2015.08.20 13:33:29.998,11.46029,11.46321,0.00,0.00
2015.08.20 13:33:30.100,11.46029,11.46331,0.00,0.00
2015.08.20 13:33:31.574,11.46078,11.46371,0.00,0.00
2015.08.20 13:33:31.880,11.46128,11.464,0.00,0.00
2015.08.20 13:33:31.981,11.46128,11.46421,0.00,0.00
2015.08.20 13:33:32.032,11.46128,11.46401,0.00,0.00
2015.08.20 13:33:32.417,11.46079,11.46381,0.00,0.00
2015.08.20 13:33:32.719,11.46129,11.4642,0.00,0.00
2015.08.20 13:33:33.687,11.46129,11.46431,0.00,0.00
2015.08.20 13:33:35.843,11.46129,11.46422,0.00,0.00
2015.08.20 13:33:36.130,11.46129,11.46431,0.00,0.00
2015.08.20 13:33:38.700,11.46129,11.46422,0.00,0.00
2015.08.20 13:33:39.094,11.46101,11.46382,0.00,0.00
2015.08.20 13:33:39.145,11.46079,11.46382,0.00,0.00
2015.08.20 13:33:39.195,11.46078,11.46361,0.00,0.00
2015.08.20 13:33:39.714,11.46029,11.46331,0.00,0.00
2015.08.20 13:33:40.202,11.46029,11.4632,0.00,0.00
2015.08.20 13:33:40.417,11.46029,11.46331,0.00,0.00
2015.08.20 13:33:40.496,11.46029,11.46321,0.00,0.00
2015.08.20 13:33:41.158,11.45928,11.46231,0.00,0.00
2015.08.20 13:33:41.647,11.45912,11.46182,0.00,0.00
2015.08.20 13:33:41.698,11.45879,11.46182,0.00,0.00
2015.08.20 13:33:42.298,11.45878,11.46171,0.00,0.00
2015.08.20 13:33:42.348,11.45828,11.46132,0.00,0.00
2015.08.20 13:33:44.067,11.45829,11.46119,0.00,0.00
2015.08.20 13:33:46.299,11.45829,11.46099,0.00,0.00
2015.08.20 13:33:46.615,11.45848,11.4607,0.00,0.00
2015.08.20 13:33:46.716,11.45928,11.46199,0.00,0.00
2015.08.20 13:33:46.817,11.45909,11.46131,0.00,0.00
2015.08.20 13:33:46.867,11.45879,11.46131,0.00,0.00
2015.08.20 13:33:46.929,11.4583,11.46131,0.00,0.00
2015.08.20 13:33:47.030,11.45879,11.46171,0.00,0.00
2015.08.20 13:33:47.425,11.45868,11.46132,0.00,0.00
2015.08.20 13:33:47.476,11.45879,11.46161,0.00,0.00
2015.08.20 13:33:47.577,11.4588,11.46181,0.00,0.00
2015.08.20 13:33:47.631,11.45889,11.46181,0.00,0.00
2015.08.20 13:33:47.932,11.45928,11.46218,0.00,0.00
2015.08.20 13:33:50.700,11.45928,11.46232,0.00,0.00
2015.08.20 13:33:50.751,11.45928,11.4623,0.00,0.00
2015.08.20 13:33:51.529,11.45928,11.46232,0.00,0.00
2015.08.20 13:33:51.580,11.45979,11.46281,0.00,0.00
2015.08.20 13:33:51.889,11.45948,11.46231,0.00,0.00
2015.08.20 13:33:51.940,11.45929,11.46231,0.00,0.00
2015.08.20 13:33:51.990,11.45949,11.46231,0.00,0.00
2015.08.20 13:33:52.091,11.46028,11.46332,0.00,0.00
2015.08.20 13:33:52.443,11.4598,11.46232,0.00,0.00
2015.08.20 13:33:52.494,11.4593,11.46232,0.00,0.00
2015.08.20 13:33:52.545,11.45979,11.46261,0.00,0.00
2015.08.20 13:33:53.036,11.45929,11.46211,0.00,0.00
2015.08.20 13:33:53.862,11.45929,11.4621,0.00,0.00
2015.08.20 13:33:54.987,11.45929,11.46178,0.00,0.00
2015.08.20 13:33:55.038,11.45878,11.46149,0.00,0.00
2015.08.20 13:33:55.296,11.45929,11.46149,0.00,0.00
2015.08.20 13:33:55.347,11.45929,11.46211,0.00,0.00
2015.08.20 13:33:56.562,11.45878,11.4618,0.00,0.00
2015.08.20 13:33:57.100,11.45878,11.46181,0.00,0.00
2015.08.20 13:33:57.984,11.4583,11.46132,0.00,0.00
2015.08.20 13:33:58.331,11.45879,11.46138,0.00,0.00
2015.08.20 13:33:58.604,11.45828,11.46132,0.00,0.00
2015.08.20 13:33:58.705,11.45828,11.46121,0.00,0.00
2015.08.20 13:33:59.009,11.45852,11.46132,0.00,0.00
2015.08.20 13:33:59.606,11.45891,11.46132,0.00,0.00
2015.08.20 13:34:00.043,11.45851,11.46081,0.00,0.00
2015.08.20 13:34:00.251,11.45851,11.46121,0.00,0.00
2015.08.20 13:34:00.302,11.45892,11.46131,0.00,0.00
2015.08.20 13:34:04.174,11.45891,11.46131,0.00,0.00
2015.08.20 13:34:04.504,11.45891,11.46068,0.00,0.00
2015.08.20 13:34:04.652,11.45891,11.46131,0.00,0.00
2015.08.20 13:34:06.435,11.45851,11.46071,0.00,0.00
2015.08.20 13:34:06.750,11.45851,11.46112,0.00,0.00
2015.08.20 13:34:06.801,11.45891,11.46132,0.00,0.00
2015.08.20 13:34:07.149,11.45851,11.46071,0.00,0.00
2015.08.20 13:34:07.547,11.45851,11.46031,0.00,0.00
2015.08.20 13:34:07.868,11.45892,11.46069,0.00,0.00
2015.08.20 13:34:08.171,11.45892,11.46132,0.00,0.00
2015.08.20 13:34:09.107,11.45832,11.45932,0.00,0.00
2015.08.20 13:34:09.259,11.45892,11.46019,0.00,0.00
2015.08.20 13:34:09.310,11.45831,11.46019,0.00,0.00
2015.08.20 13:34:09.411,11.45819,11.46019,0.00,0.00
2015.08.20 13:34:09.462,11.45792,11.46019,0.00,0.00
2015.08.20 13:34:09.613,11.45792,11.4608,0.00,0.00
2015.08.20 13:34:10.042,11.45792,11.46032,0.00,0.00
2015.08.20 13:34:10.489,11.45752,11.46032,0.00,0.00
2015.08.20 13:34:10.590,11.4578,11.46071,0.00,0.00
2015.08.20 13:34:10.641,11.45782,11.46082,0.00,0.00
2015.08.20 13:34:10.994,11.45829,11.4612,0.00,0.00
2015.08.20 13:34:11.283,11.45831,11.46131,0.00,0.00
2015.08.20 13:34:13.390,11.45928,11.46161,0.00,0.00
2015.08.20 13:34:13.452,11.45928,11.46232,0.00,0.00
2015.08.20 13:34:15.996,11.45928,11.46231,0.00,0.00
2015.08.20 13:34:16.064,11.45928,11.4622,0.00,0.00
2015.08.20 13:34:16.840,11.45928,11.46228,0.00,0.00
2015.08.20 13:34:17.119,11.45928,11.46232,0.00,0.00
2015.08.20 13:34:17.170,11.45978,11.4625,0.00,0.00
2015.08.20 13:34:17.220,11.4598,11.46282,0.00,0.00
2015.08.20 13:34:17.271,11.46029,11.46309,0.00,0.00
2015.08.20 13:34:19.839,11.46078,11.46309,0.00,0.00
2015.08.20 13:34:19.889,11.46078,11.4638,0.00,0.00
2015.08.20 13:34:20.001,11.4618,11.46382,0.00,0.00
2015.08.20 13:34:20.052,11.4618,11.46432,0.00,0.00
2015.08.20 13:34:20.153,11.46188,11.46448,0.00,0.00
2015.08.20 13:34:20.203,11.46279,11.46502,0.00,0.00
2015.08.20 13:34:20.355,11.46401,11.46702,0.00,0.00
2015.08.20 13:34:21.043,11.46401,11.46652,0.00,0.00
2015.08.20 13:34:21.345,11.46401,11.4665,0.00,0.00
2015.08.20 13:34:21.396,11.46338,11.46619,0.00,0.00
2015.08.20 13:34:21.497,11.46338,11.46652,0.00,0.00
2015.08.20 13:34:22.875,11.46388,11.46669,0.00,0.00
2015.08.20 13:34:22.925,11.46388,11.46702,0.00,0.00
2015.08.20 13:34:23.539,11.46362,11.46652,0.00,0.00
2015.08.20 13:34:23.590,11.46338,11.46652,0.00,0.00
2015.08.20 13:34:24.206,11.46389,11.46679,0.00,0.00
2015.08.20 13:34:24.257,11.46389,11.46681,0.00,0.00
2015.08.20 13:34:24.307,11.46361,11.46651,0.00,0.00
2015.08.20 13:34:24.779,11.46339,11.46651,0.00,0.00
2015.08.20 13:34:24.838,11.46319,11.46601,0.00,0.00
2015.08.20 13:34:24.989,11.46338,11.46621,0.00,0.00
2015.08.20 13:34:25.195,11.46338,11.46612,0.00,0.00
2015.08.20 13:34:25.812,11.46338,11.46632,0.00,0.00
2015.08.20 13:34:26.595,11.46338,11.46591,0.00,0.00
2015.08.20 13:34:26.647,11.46289,11.46552,0.00,0.00
2015.08.20 13:34:27.166,11.46262,11.46532,0.00,0.00
2015.08.20 13:34:27.217,11.46262,11.46489,0.00,0.00
2015.08.20 13:34:27.267,11.46239,11.46472,0.00,0.00
2015.08.20 13:34:27.319,11.46239,11.4647,0.00,0.00
2015.08.20 13:34:27.420,11.46138,11.46451,0.00,0.00
2015.08.20 13:34:27.470,11.46162,11.46452,0.00,0.00
2015.08.20 13:34:27.938,11.46162,11.46401,0.00,0.00
2015.08.20 13:34:27.989,11.46089,11.46401,0.00,0.00
2015.08.20 13:34:30.036,11.4609,11.46401,0.00,0.00
2015.08.20 13:34:30.481,11.46092,11.46401,0.00,0.00
2015.08.20 13:34:30.588,11.46089,11.46401,0.00,0.00
2015.08.20 13:34:30.905,11.46189,11.46441,0.00,0.00
2015.08.20 13:34:30.956,11.46189,11.46501,0.00,0.00
2015.08.20 13:34:31.235,11.4617,11.46451,0.00,0.00
2015.08.20 13:34:31.286,11.46139,11.4644,0.00,0.00
2015.08.20 13:34:31.729,11.46088,11.46402,0.00,0.00
2015.08.20 13:34:32.117,11.46061,11.46352,0.00,0.00
2015.08.20 13:34:32.218,11.46051,11.46352,0.00,0.00
2015.08.20 13:34:32.268,11.46069,11.46352,0.00,0.00
2015.08.20 13:34:32.369,11.46088,11.46402,0.00,0.00
2015.08.20 13:34:32.645,11.46088,11.4636,0.00,0.00
2015.08.20 13:34:32.695,11.46069,11.46352,0.00,0.00
2015.08.20 13:34:33.213,11.45989,11.46301,0.00,0.00
2015.08.20 13:34:33.692,11.46089,11.46359,0.00,0.00
2015.08.20 13:34:33.743,11.46089,11.46372,0.00,0.00
2015.08.20 13:34:33.794,11.46089,11.46401,0.00,0.00
2015.08.20 13:34:33.844,11.46089,11.46398,0.00,0.00
2015.08.20 13:34:34.086,11.46038,11.46352,0.00,0.00
2015.08.20 13:34:34.503,11.46048,11.46352,0.00,0.00
2015.08.20 13:34:34.814,11.46048,11.46301,0.00,0.00
2015.08.20 13:34:34.915,11.46002,11.46301,0.00,0.00
2015.08.20 13:34:34.965,11.46022,11.46301,0.00,0.00
2015.08.20 13:34:35.016,11.46038,11.46352,0.00,0.00
2015.08.20 13:34:35.422,11.46048,11.46352,0.00,0.00
2015.08.20 13:34:35.816,11.46038,11.46352,0.00,0.00
2015.08.20 13:34:38.096,11.46049,11.46352,0.00,0.00
2015.08.20 13:34:38.210,11.46038,11.46352,0.00,0.00
2015.08.20 13:34:38.427,11.46089,11.46398,0.00,0.00
2015.08.20 13:34:38.629,11.46038,11.46352,0.00,0.00
2015.08.20 13:34:39.622,11.46089,11.46391,0.00,0.00
2015.08.20 13:34:39.723,11.46089,11.46401,0.00,0.00
2015.08.20 13:34:39.831,11.46089,11.46392,0.00,0.00
2015.08.20 13:34:39.932,11.46089,11.46401,0.00,0.00
2015.08.20 13:34:40.625,11.46069,11.46352,0.00,0.00
2015.08.20 13:34:40.940,11.46021,11.46301,0.00,0.00
2015.08.20 13:34:41.253,11.46038,11.46332,0.00,0.00
2015.08.20 13:34:41.712,11.46038,11.46352,0.00,0.00
2015.08.20 13:34:41.942,11.46038,11.46342,0.00,0.00
2015.08.20 13:34:42.322,11.46038,11.46332,0.00,0.00
2015.08.20 13:34:42.850,11.46038,11.46352,0.00,0.00
2015.08.20 13:34:43.424,11.46038,11.46332,0.00,0.00
2015.08.20 13:34:43.542,11.46038,11.46352,0.00,0.00
2015.08.20 13:34:44.214,11.46089,11.46371,0.00,0.00
2015.08.20 13:34:44.314,11.46089,11.46381,0.00,0.00
2015.08.20 13:34:44.703,11.46021,11.46239,0.00,0.00
2015.08.20 13:34:44.754,11.45939,11.46239,0.00,0.00
2015.08.20 13:34:45.243,11.45922,11.46202,0.00,0.00
2015.08.20 13:34:45.344,11.45888,11.46198,0.00,0.00
2015.08.20 13:34:45.495,11.45921,11.46198,0.00,0.00
2015.08.20 13:34:45.596,11.45938,11.46252,0.00,0.00
2015.08.20 13:34:46.148,11.45938,11.46239,0.00,0.00
2015.08.20 13:34:46.498,11.45921,11.46202,0.00,0.00
2015.08.20 13:34:46.664,11.45938,11.46239,0.00,0.00
2015.08.20 13:34:47.179,11.45938,11.46238,0.00,0.00
2015.08.20 13:34:48.098,11.45938,11.46248,0.00,0.00
2015.08.20 13:34:48.298,11.45989,11.46248,0.00,0.00
2015.08.20 13:34:48.550,11.45938,11.46242,0.00,0.00
2015.08.20 13:34:48.651,11.45938,11.46249,0.00,0.00
2015.08.20 13:34:48.718,11.45938,11.46231,0.00,0.00
2015.08.20 13:34:48.819,11.45938,11.46249,0.00,0.00
2015.08.20 13:34:49.931,11.45922,11.46202,0.00,0.00
2015.08.20 13:34:50.082,11.45888,11.46202,0.00,0.00
2015.08.20 13:34:51.255,11.45888,11.46201,0.00,0.00
2015.08.20 13:34:52.358,11.45888,11.46202,0.00,0.00
2015.08.20 13:35:00.532,11.45838,11.4612,0.00,0.00
2015.08.20 13:35:00.834,11.45758,11.46072,0.00,0.00
2015.08.20 13:35:02.353,11.45758,11.46071,0.00,0.00
2015.08.20 13:35:02.925,11.4573,11.45921,0.00,0.00
2015.08.20 13:35:02.976,11.45699,11.45921,0.00,0.00
2015.08.20 13:35:03.038,11.45609,11.45921,0.00,0.00
2015.08.20 13:35:03.770,11.45609,11.45889,0.00,0.00
2015.08.20 13:35:03.971,11.45658,11.45939,0.00,0.00
2015.08.20 13:35:04.549,11.45659,11.45939,0.00,0.00
2015.08.20 13:35:04.599,11.45708,11.45939,0.00,0.00
2015.08.20 13:35:04.650,11.45708,11.45978,0.00,0.00
2015.08.20 13:35:04.833,11.45679,11.45972,0.00,0.00
2015.08.20 13:35:04.883,11.4568,11.45899,0.00,0.00
2015.08.20 13:35:04.984,11.45679,11.45972,0.00,0.00
2015.08.20 13:35:05.035,11.45708,11.45978,0.00,0.00
2015.08.20 13:35:05.385,11.45659,11.45971,0.00,0.00
2015.08.20 13:35:06.432,11.45629,11.45921,0.00,0.00
2015.08.20 13:35:07.093,11.45609,11.45898,0.00,0.00
2015.08.20 13:35:08.745,11.45609,11.45921,0.00,0.00
2015.08.20 13:35:08.797,11.45609,11.45899,0.00,0.00
2015.08.20 13:35:10.312,11.45579,11.45872,0.00,0.00
2015.08.20 13:35:10.363,11.45579,11.45809,0.00,0.00
2015.08.20 13:35:10.413,11.45558,11.45809,0.00,0.00
2015.08.20 13:35:10.565,11.45558,11.45849,0.00,0.00
2015.08.20 13:35:10.615,11.45539,11.45822,0.00,0.00
2015.08.20 13:35:10.666,11.45509,11.45808,0.00,0.00
2015.08.20 13:35:10.863,11.45519,11.45808,0.00,0.00
2015.08.20 13:35:11.273,11.45508,11.45808,0.00,0.00
2015.08.20 13:35:11.802,11.45529,11.45808,0.00,0.00
2015.08.20 13:35:12.166,11.45519,11.45808,0.00,0.00
2015.08.20 13:35:12.694,11.45588,11.45871,0.00,0.00
2015.08.20 13:35:13.468,11.45598,11.45871,0.00,0.00
2015.08.20 13:35:13.970,11.4558,11.45871,0.00,0.00
2015.08.20 13:35:14.445,11.45571,11.45859,0.00,0.00
2015.08.20 13:35:14.496,11.45559,11.45859,0.00,0.00
2015.08.20 13:35:14.546,11.45559,11.45819,0.00,0.00
2015.08.20 13:35:14.597,11.45509,11.45819,0.00,0.00
2015.08.20 13:35:14.817,11.45558,11.45819,0.00,0.00
2015.08.20 13:35:14.969,11.45558,11.45859,0.00,0.00
2015.08.20 13:35:15.019,11.45538,11.45821,0.00,0.00
2015.08.20 13:35:15.120,11.45509,11.45821,0.00,0.00
2015.08.20 13:35:15.171,11.45509,11.45818,0.00,0.00
2015.08.20 13:35:15.811,11.45549,11.45722,0.00,0.00
2015.08.20 13:35:16.107,11.45538,11.45722,0.00,0.00
2015.08.20 13:35:16.331,11.45538,11.45771,0.00,0.00
2015.08.20 13:35:16.382,11.45559,11.45771,0.00,0.00
2015.08.20 13:35:17.186,11.4558,11.45771,0.00,0.00
2015.08.20 13:35:17.237,11.45529,11.45722,0.00,0.00
2015.08.20 13:35:17.288,11.45559,11.45722,0.00,0.00
2015.08.20 13:35:17.339,11.45561,11.45772,0.00,0.00
2015.08.20 13:35:17.389,11.4558,11.45772,0.00,0.00
2015.08.20 13:35:17.899,11.45579,11.45772,0.00,0.00
2015.08.20 13:35:19.007,11.45679,11.45871,0.00,0.00
2015.08.20 13:35:19.336,11.45708,11.45999,0.00,0.00
2015.08.20 13:35:20.416,11.4568,11.45971,0.00,0.00
2015.08.20 13:35:20.467,11.45659,11.45968,0.00,0.00
2015.08.20 13:35:22.749,11.45708,11.45968,0.00,0.00
2015.08.20 13:35:23.190,11.4563,11.45922,0.00,0.00
2015.08.20 13:35:23.291,11.45659,11.45968,0.00,0.00
2015.08.20 13:35:25.692,11.45708,11.45968,0.00,0.00
2015.08.20 13:35:25.843,11.45708,11.45992,0.00,0.00
2015.08.20 13:35:25.894,11.45708,11.46001,0.00,0.00
2015.08.20 13:35:25.995,11.45708,11.46009,0.00,0.00
2015.08.20 13:35:26.702,11.45679,11.45971,0.00,0.00
2015.08.20 13:35:26.753,11.45661,11.45968,0.00,0.00
2015.08.20 13:35:26.854,11.45659,11.45969,0.00,0.00
2015.08.20 13:35:27.388,11.45658,11.45969,0.00,0.00
2015.08.20 13:35:28.551,11.45708,11.45969,0.00,0.00
2015.08.20 13:35:28.601,11.45708,11.46009,0.00,0.00
2015.08.20 13:35:30.186,11.45609,11.45921,0.00,0.00
2015.08.20 13:35:30.453,11.45658,11.45929,0.00,0.00
2015.08.20 13:35:30.607,11.45658,11.45968,0.00,0.00
2015.08.20 13:35:30.657,11.45708,11.45968,0.00,0.00
2015.08.20 13:35:30.708,11.45708,11.46009,0.00,0.00
2015.08.20 13:35:31.150,11.45678,11.45992,0.00,0.00
2015.08.20 13:35:33.689,11.45648,11.45942,0.00,0.00
2015.08.20 13:35:33.741,11.45628,11.45942,0.00,0.00
2015.08.20 13:35:33.933,11.45628,11.45891,0.00,0.00
2015.08.20 13:35:34.035,11.4561,11.45891,0.00,0.00
2015.08.20 13:35:34.171,11.45579,11.45891,0.00,0.00
2015.08.20 13:35:34.372,11.45571,11.45841,0.00,0.00
2015.08.20 13:35:34.423,11.45528,11.45818,0.00,0.00
2015.08.20 13:35:34.893,11.45489,11.45792,0.00,0.00
2015.08.20 13:35:35.044,11.45478,11.45792,0.00,0.00
2015.08.20 13:35:35.677,11.45489,11.45792,0.00,0.00
2015.08.20 13:35:36.405,11.45379,11.45691,0.00,0.00
2015.08.20 13:35:36.456,11.45388,11.45691,0.00,0.00
2015.08.20 13:35:36.557,11.45379,11.45691,0.00,0.00
2015.08.20 13:35:36.945,11.45398,11.45691,0.00,0.00
2015.08.20 13:35:37.723,11.45379,11.45691,0.00,0.00
2015.08.20 13:35:39.131,11.45429,11.45728,0.00,0.00
2015.08.20 13:35:39.282,11.45429,11.45741,0.00,0.00
2015.08.20 13:35:39.333,11.45379,11.45691,0.00,0.00
2015.08.20 13:35:39.732,11.45409,11.45691,0.00,0.00
2015.08.20 13:35:39.883,11.45398,11.45691,0.00,0.00
2015.08.20 13:35:39.934,11.45379,11.45691,0.00,0.00
2015.08.20 13:35:40.941,11.45399,11.45691,0.00,0.00
2015.08.20 13:35:40.992,11.45428,11.45728,0.00,0.00
2015.08.20 13:35:41.043,11.45428,11.45742,0.00,0.00
2015.08.20 13:35:41.093,11.45409,11.45691,0.00,0.00
2015.08.20 13:35:41.144,11.45389,11.45691,0.00,0.00
2015.08.20 13:35:41.194,11.45428,11.45729,0.00,0.00
2015.08.20 13:35:41.245,11.45428,11.45732,0.00,0.00
2015.08.20 13:35:41.359,11.45428,11.45742,0.00,0.00
2015.08.20 13:35:41.543,11.45479,11.45769,0.00,0.00
2015.08.20 13:35:41.595,11.45479,11.45791,0.00,0.00
2015.08.20 13:35:42.841,11.45471,11.45691,0.00,0.00
2015.08.20 13:35:42.994,11.45421,11.45691,0.00,0.00
2015.08.20 13:35:43.246,11.45379,11.45691,0.00,0.00
2015.08.20 13:35:43.892,11.45409,11.45691,0.00,0.00
2015.08.20 13:35:44.443,11.4541,11.45691,0.00,0.00
2015.08.20 13:35:45.093,11.45409,11.45691,0.00,0.00
2015.08.20 13:35:45.293,11.45428,11.4574,0.00,0.00
2015.08.20 13:35:45.344,11.45428,11.45728,0.00,0.00
2015.08.20 13:35:45.646,11.45631,11.45841,0.00,0.00
2015.08.20 13:35:45.981,11.45631,11.45801,0.00,0.00
2015.08.20 13:35:46.032,11.45562,11.45801,0.00,0.00
2015.08.20 13:35:46.083,11.45532,11.45801,0.00,0.00
2015.08.20 13:35:46.715,11.45422,11.45702,0.00,0.00
2015.08.20 13:35:47.147,11.45428,11.45702,0.00,0.00
2015.08.20 13:35:47.367,11.45422,11.45702,0.00,0.00
2015.08.20 13:35:47.468,11.45422,11.45652,0.00,0.00
2015.08.20 13:35:47.519,11.4538,11.45652,0.00,0.00
2015.08.20 13:35:47.620,11.45378,11.45651,0.00,0.00
2015.08.20 13:35:48.089,11.45372,11.45652,0.00,0.00
2015.08.20 13:35:48.349,11.45399,11.45652,0.00,0.00
2015.08.20 13:35:48.450,11.45379,11.45652,0.00,0.00
2015.08.20 13:35:48.501,11.45379,11.45551,0.00,0.00
2015.08.20 13:35:48.551,11.45372,11.45551,0.00,0.00
2015.08.20 13:35:48.702,11.45372,11.45652,0.00,0.00
2015.08.20 13:35:48.803,11.45362,11.45652,0.00,0.00
2015.08.20 13:35:48.854,11.45378,11.45652,0.00,0.00
2015.08.20 13:35:48.955,11.45362,11.45652,0.00,0.00
2015.08.20 13:35:49.005,11.45362,11.45602,0.00,0.00
2015.08.20 13:35:49.056,11.45288,11.45602,0.00,0.00
2015.08.20 13:35:49.514,11.45288,11.456,0.00,0.00
2015.08.20 13:35:49.831,11.45288,11.45552,0.00,0.00
2015.08.20 13:35:49.952,11.45282,11.45552,0.00,0.00
2015.08.20 13:35:50.592,11.45349,11.45552,0.00,0.00
2015.08.20 13:35:51.513,11.4535,11.45652,0.00,0.00
2015.08.20 13:35:51.568,11.45371,11.45652,0.00,0.00
2015.08.20 13:35:52.720,11.45318,11.45602,0.00,0.00
2015.08.20 13:35:52.771,11.45348,11.45602,0.00,0.00
2015.08.20 13:35:52.862,11.45348,11.45651,0.00,0.00
2015.08.20 13:35:52.913,11.45389,11.45652,0.00,0.00
2015.08.20 13:35:53.014,11.45401,11.45671,0.00,0.00
2015.08.20 13:35:53.130,11.45398,11.45552,0.00,0.00
2015.08.20 13:35:53.180,11.45309,11.45552,0.00,0.00
2015.08.20 13:35:53.231,11.45389,11.45602,0.00,0.00
2015.08.20 13:35:53.534,11.45351,11.45602,0.00,0.00
2015.08.20 13:35:54.179,11.45441,11.45602,0.00,0.00
2015.08.20 13:35:54.230,11.45422,11.45651,0.00,0.00
2015.08.20 13:35:54.432,11.45439,11.45701,0.00,0.00
2015.08.20 13:35:54.483,11.45452,11.45701,0.00,0.00
2015.08.20 13:35:54.864,11.45452,11.45652,0.00,0.00
2015.08.20 13:35:54.914,11.45441,11.45652,0.00,0.00
2015.08.20 13:35:54.965,11.45442,11.45702,0.00,0.00
2015.08.20 13:35:56.163,11.45442,11.45651,0.00,0.00
2015.08.20 13:35:56.314,11.45391,11.45651,0.00,0.00
2015.08.20 13:35:56.776,11.45391,11.45601,0.00,0.00
2015.08.20 13:35:57.072,11.45282,11.45552,0.00,0.00
2015.08.20 13:35:57.372,11.45289,11.45601,0.00,0.00
2015.08.20 13:35:57.473,11.45318,11.45601,0.00,0.00
2015.08.20 13:35:57.794,11.45329,11.45601,0.00,0.00
2015.08.20 13:35:58.279,11.45368,11.45652,0.00,0.00
2015.08.20 13:35:58.771,11.45362,11.45652,0.00,0.00
2015.08.20 13:35:58.926,11.45372,11.45652,0.00,0.00
2015.08.20 13:35:59.694,11.45371,11.45652,0.00,0.00
2015.08.20 13:36:00.556,11.45371,11.4565,0.00,0.00
2015.08.20 13:36:01.242,11.45349,11.45552,0.00,0.00
2015.08.20 13:36:01.443,11.45399,11.45651,0.00,0.00
2015.08.20 13:36:01.494,11.45442,11.45651,0.00,0.00
2015.08.20 13:36:01.815,11.45482,11.45651,0.00,0.00
2015.08.20 13:36:03.228,11.45531,11.45651,0.00,0.00
2015.08.20 13:36:04.021,11.45562,11.45702,0.00,0.00
2015.08.20 13:36:04.127,11.45562,11.45752,0.00,0.00
2015.08.20 13:36:05.215,11.45552,11.45652,0.00,0.00
2015.08.20 13:36:05.265,11.45491,11.45652,0.00,0.00
2015.08.20 13:36:05.366,11.45462,11.45652,0.00,0.00
2015.08.20 13:36:05.467,11.45431,11.45652,0.00,0.00
2015.08.20 13:36:06.272,11.45472,11.45702,0.00,0.00
2015.08.20 13:36:06.323,11.45472,11.45651,0.00,0.00
2015.08.20 13:36:06.535,11.45482,11.45751,0.00,0.00
2015.08.20 13:36:06.586,11.45522,11.45751,0.00,0.00
2015.08.20 13:36:06.990,11.45481,11.45702,0.00,0.00
2015.08.20 13:36:07.298,11.45441,11.45651,0.00,0.00
2015.08.20 13:36:08.368,11.45442,11.45701,0.00,0.00
2015.08.20 13:36:08.419,11.45471,11.45701,0.00,0.00
2015.08.20 13:36:08.753,11.45471,11.45651,0.00,0.00
2015.08.20 13:36:08.854,11.45431,11.45651,0.00,0.00
2015.08.20 13:36:09.005,11.45451,11.45651,0.00,0.00
2015.08.20 13:36:09.509,11.45491,11.45651,0.00,0.00
2015.08.20 13:36:09.559,11.45491,11.45701,0.00,0.00
2015.08.20 13:36:09.660,11.45461,11.45701,0.00,0.00
2015.08.20 13:36:09.711,11.45461,11.45651,0.00,0.00
2015.08.20 13:36:10.379,11.45462,11.45651,0.00,0.00
2015.08.20 13:36:11.940,11.45402,11.4565,0.00,0.00
2015.08.20 13:36:12.438,11.45402,11.45551,0.00,0.00
2015.08.20 13:36:12.491,11.45361,11.45551,0.00,0.00
2015.08.20 13:36:13.009,11.45361,11.45602,0.00,0.00
2015.08.20 13:36:13.211,11.45362,11.45552,0.00,0.00
2015.08.20 13:36:14.231,11.45361,11.45601,0.00,0.00
2015.08.20 13:36:15.608,11.45308,11.45601,0.00,0.00
2015.08.20 13:36:15.659,11.45308,11.45552,0.00,0.00
2015.08.20 13:36:16.043,11.45351,11.45552,0.00,0.00
2015.08.20 13:36:16.633,11.45351,11.45651,0.00,0.00
2015.08.20 13:36:16.684,11.45392,11.45652,0.00,0.00
2015.08.20 13:36:19.296,11.45541,11.45652,0.00,0.00
2015.08.20 13:36:22.166,11.45541,11.457,0.00,0.00
2015.08.20 13:36:22.217,11.45549,11.45702,0.00,0.00
2015.08.20 13:36:22.519,11.45621,11.45751,0.00,0.00
2015.08.20 13:36:25.415,11.45611,11.45711,0.00,0.00
2015.08.20 13:36:25.466,11.45552,11.45652,0.00,0.00
2015.08.20 13:36:33.819,11.45522,11.45651,0.00,0.00
2015.08.20 13:36:36.662,11.45491,11.45651,0.00,0.00
2015.08.20 13:36:38.581,11.45532,11.45651,0.00,0.00
2015.08.20 13:36:38.690,11.45502,11.45651,0.00,0.00
2015.08.20 13:36:39.486,11.45622,11.45801,0.00,0.00
2015.08.20 13:36:39.539,11.45581,11.45801,0.00,0.00
2015.08.20 13:36:39.783,11.45599,11.45802,0.00,0.00
2015.08.20 13:36:40.070,11.45581,11.45802,0.00,0.00
2015.08.20 13:36:40.515,11.45598,11.45802,0.00,0.00
2015.08.20 13:36:41.105,11.45581,11.45802,0.00,0.00
2015.08.20 13:36:41.371,11.45581,11.4585,0.00,0.00
2015.08.20 13:36:41.421,11.45621,11.45852,0.00,0.00
2015.08.20 13:36:41.741,11.45629,11.45852,0.00,0.00
2015.08.20 13:36:41.792,11.45621,11.45852,0.00,0.00
2015.08.20 13:36:42.069,11.45601,11.45852,0.00,0.00
2015.08.20 13:36:42.120,11.45628,11.45852,0.00,0.00
2015.08.20 13:36:42.732,11.45629,11.45852,0.00,0.00
2015.08.20 13:36:43.398,11.45679,11.45901,0.00,0.00
2015.08.20 13:36:43.619,11.45709,11.45952,0.00,0.00
2015.08.20 13:36:43.778,11.45691,11.45952,0.00,0.00
2015.08.20 13:36:44.195,11.45709,11.45952,0.00,0.00
2015.08.20 13:36:44.279,11.45691,11.45952,0.00,0.00
2015.08.20 13:36:44.380,11.45708,11.45952,0.00,0.00
2015.08.20 13:36:44.709,11.45702,11.45952,0.00,0.00
2015.08.20 13:36:44.902,11.45709,11.45952,0.00,0.00
2015.08.20 13:36:45.124,11.45702,11.45952,0.00,0.00
2015.08.20 13:36:46.021,11.45708,11.45952,0.00,0.00
2015.08.20 13:36:46.486,11.45702,11.45952,0.00,0.00
2015.08.20 13:36:46.587,11.45718,11.45952,0.00,0.00
2015.08.20 13:36:46.688,11.45738,11.46,0.00,0.00
2015.08.20 13:36:46.789,11.45738,11.46002,0.00,0.00
2015.08.20 13:36:46.839,11.45741,11.46002,0.00,0.00
2015.08.20 13:36:47.370,11.45742,11.4605,0.00,0.00
2015.08.20 13:36:47.571,11.45741,11.46001,0.00,0.00
2015.08.20 13:36:47.905,11.45748,11.46001,0.00,0.00
2015.08.20 13:36:48.242,11.45768,11.46001,0.00,0.00
2015.08.20 13:36:48.801,11.45802,11.4605,0.00,0.00
2015.08.20 13:36:48.960,11.45802,11.46002,0.00,0.00
2015.08.20 13:36:49.263,11.45612,11.4597,0.00,0.00
2015.08.20 13:36:49.370,11.45609,11.45852,0.00,0.00
2015.08.20 13:36:49.471,11.45742,11.45902,0.00,0.00
2015.08.20 13:36:49.622,11.45742,11.45952,0.00,0.00
2015.08.20 13:36:49.673,11.45881,11.45981,0.00,0.00
2015.08.20 13:36:49.774,11.45881,11.46001,0.00,0.00
2015.08.20 13:36:50.318,11.45861,11.46001,0.00,0.00
2015.08.20 13:36:50.369,11.45832,11.46001,0.00,0.00
2015.08.20 13:36:50.470,11.45811,11.46051,0.00,0.00
2015.08.20 13:36:50.570,11.45852,11.46051,0.00,0.00
2015.08.20 13:36:51.097,11.45802,11.46051,0.00,0.00
2015.08.20 13:36:51.608,11.45802,11.4605,0.00,0.00
2015.08.20 13:36:52.047,11.45841,11.46051,0.00,0.00
2015.08.20 13:36:52.858,11.45802,11.46002,0.00,0.00
2015.08.20 13:36:53.543,11.45762,11.45951,0.00,0.00
2015.08.20 13:36:59.568,11.45671,11.45851,0.00,0.00
2015.08.20 13:36:59.669,11.45612,11.45851,0.00,0.00
2015.08.20 13:37:00.149,11.45639,11.45851,0.00,0.00
2015.08.20 13:37:00.482,11.45641,11.45851,0.00,0.00
2015.08.20 13:37:03.441,11.45668,11.45851,0.00,0.00
2015.08.20 13:37:03.642,11.45648,11.45851,0.00,0.00
2015.08.20 13:37:03.743,11.45679,11.45851,0.00,0.00
2015.08.20 13:37:04.155,11.45669,11.45851,0.00,0.00
2015.08.20 13:37:04.256,11.45641,11.45851,0.00,0.00
2015.08.20 13:37:04.677,11.45679,11.45851,0.00,0.00
2015.08.20 13:37:05.342,11.45678,11.45851,0.00,0.00
2015.08.20 13:37:05.394,11.45641,11.45851,0.00,0.00
2015.08.20 13:37:05.737,11.45661,11.45851,0.00,0.00
2015.08.20 13:37:07.154,11.45669,11.45851,0.00,0.00
2015.08.20 13:37:07.204,11.45661,11.45851,0.00,0.00
2015.08.20 13:37:07.305,11.45668,11.45851,0.00,0.00
2015.08.20 13:37:08.063,11.45661,11.45851,0.00,0.00
2015.08.20 13:37:09.359,11.45669,11.45851,0.00,0.00
2015.08.20 13:37:09.468,11.45661,11.45851,0.00,0.00
2015.08.20 13:37:15.087,11.45679,11.45851,0.00,0.00
2015.08.20 13:37:15.188,11.45661,11.45851,0.00,0.00
2015.08.20 13:37:15.693,11.45669,11.45851,0.00,0.00
2015.08.20 13:37:15.894,11.45661,11.45851,0.00,0.00
2015.08.20 13:37:18.088,11.45668,11.45851,0.00,0.00
2015.08.20 13:37:18.387,11.45661,11.45851,0.00,0.00
2015.08.20 13:37:18.718,11.45678,11.45851,0.00,0.00
2015.08.20 13:37:19.175,11.45661,11.45851,0.00,0.00
2015.08.20 13:37:19.700,11.45679,11.45851,0.00,0.00
2015.08.20 13:37:20.800,11.45661,11.45851,0.00,0.00
2015.08.20 13:37:20.972,11.45661,11.45902,0.00,0.00
2015.08.20 13:37:21.023,11.45701,11.45902,0.00,0.00
2015.08.20 13:37:22.326,11.45672,11.45902,0.00,0.00
2015.08.20 13:37:22.377,11.45688,11.45852,0.00,0.00
2015.08.20 13:37:22.923,11.45662,11.45852,0.00,0.00
2015.08.20 13:37:26.790,11.45662,11.45831,0.00,0.00
2015.08.20 13:37:26.840,11.45621,11.45802,0.00,0.00
2015.08.20 13:37:26.891,11.45621,11.458,0.00,0.00
2015.08.20 13:37:26.941,11.45551,11.458,0.00,0.00
2015.08.20 13:37:26.992,11.45531,11.45801,0.00,0.00
2015.08.20 13:37:27.042,11.45512,11.45751,0.00,0.00
2015.08.20 13:37:27.391,11.45539,11.45751,0.00,0.00
2015.08.20 13:37:28.280,11.45538,11.45751,0.00,0.00
2015.08.20 13:37:28.333,11.45532,11.45751,0.00,0.00
2015.08.20 13:37:29.588,11.45518,11.45651,0.00,0.00
2015.08.20 13:37:29.639,11.45421,11.45651,0.00,0.00
2015.08.20 13:37:29.807,11.45438,11.45651,0.00,0.00
2015.08.20 13:37:29.897,11.45421,11.45651,0.00,0.00
2015.08.20 13:37:30.428,11.45421,11.45702,0.00,0.00
2015.08.20 13:37:30.529,11.45468,11.45702,0.00,0.00
2015.08.20 13:37:31.111,11.45428,11.45652,0.00,0.00
2015.08.20 13:37:31.610,11.45438,11.45652,0.00,0.00
2015.08.20 13:37:31.726,11.45428,11.45652,0.00,0.00
2015.08.20 13:37:32.029,11.45438,11.45652,0.00,0.00
2015.08.20 13:37:32.510,11.45429,11.45652,0.00,0.00
2015.08.20 13:37:32.889,11.45429,11.45602,0.00,0.00
2015.08.20 13:37:32.990,11.45318,11.4557,0.00,0.00
2015.08.20 13:37:33.040,11.45311,11.45551,0.00,0.00
2015.08.20 13:37:33.290,11.45288,11.4553,0.00,0.00
2015.08.20 13:37:33.341,11.45221,11.45452,0.00,0.00
2015.08.20 13:37:33.893,11.45128,11.45352,0.00,0.00
2015.08.20 13:37:34.156,11.45121,11.45352,0.00,0.00
2015.08.20 13:37:34.306,11.45139,11.45352,0.00,0.00
2015.08.20 13:37:34.607,11.45121,11.45352,0.00,0.00
2015.08.20 13:37:35.409,11.45158,11.45352,0.00,0.00
2015.08.20 13:37:35.709,11.45121,11.45352,0.00,0.00
2015.08.20 13:37:35.867,11.45118,11.45352,0.00,0.00
2015.08.20 13:37:36.355,11.45139,11.45352,0.00,0.00
2015.08.20 13:37:36.660,11.45112,11.45352,0.00,0.00
2015.08.20 13:37:36.711,11.45109,11.45252,0.00,0.00
2015.08.20 13:37:36.761,11.45048,11.45252,0.00,0.00
2015.08.20 13:37:36.812,11.45032,11.45252,0.00,0.00
2015.08.20 13:37:36.918,11.45049,11.45252,0.00,0.00
2015.08.20 13:37:37.122,11.45032,11.45252,0.00,0.00
2015.08.20 13:37:37.929,11.45118,11.45252,0.00,0.00
2015.08.20 13:37:37.980,11.45118,11.45352,0.00,0.00
2015.08.20 13:37:38.113,11.45112,11.45352,0.00,0.00
2015.08.20 13:37:38.225,11.45178,11.45352,0.00,0.00
2015.08.20 13:37:38.276,11.45222,11.45401,0.00,0.00
2015.08.20 13:37:38.377,11.45222,11.45452,0.00,0.00
2015.08.20 13:37:38.478,11.45202,11.45302,0.00,0.00
2015.08.20 13:37:38.680,11.45202,11.45351,0.00,0.00
2015.08.20 13:37:39.217,11.45118,11.45351,0.00,0.00
2015.08.20 13:37:39.318,11.45128,11.45351,0.00,0.00
2015.08.20 13:37:39.668,11.45128,11.45252,0.00,0.00
2015.08.20 13:37:39.718,11.45048,11.45252,0.00,0.00
2015.08.20 13:37:39.831,11.45031,11.45252,0.00,0.00
2015.08.20 13:37:40.621,11.45048,11.45252,0.00,0.00
2015.08.20 13:37:40.737,11.45031,11.45252,0.00,0.00
2015.08.20 13:37:41.339,11.45031,11.45302,0.00,0.00
2015.08.20 13:37:41.389,11.45052,11.45302,0.00,0.00
2015.08.20 13:37:41.840,11.45111,11.45351,0.00,0.00
2015.08.20 13:37:42.640,11.45101,11.45351,0.00,0.00
2015.08.20 13:37:43.111,11.45058,11.45351,0.00,0.00
2015.08.20 13:37:43.849,11.45078,11.45351,0.00,0.00
2015.08.20 13:37:43.950,11.45068,11.45351,0.00,0.00
2015.08.20 13:37:44.051,11.45048,11.45351,0.00,0.00
2015.08.20 13:37:44.126,11.45068,11.45351,0.00,0.00
2015.08.20 13:37:45.130,11.45049,11.45351,0.00,0.00
2015.08.20 13:37:45.181,11.45049,11.45251,0.00,0.00
2015.08.20 13:37:45.354,11.45039,11.45251,0.00,0.00
2015.08.20 13:37:45.562,11.45088,11.45251,0.00,0.00
2015.08.20 13:37:45.663,11.45059,11.45251,0.00,0.00
2015.08.20 13:37:45.764,11.45048,11.45251,0.00,0.00
2015.08.20 13:37:46.060,11.45088,11.45251,0.00,0.00
2015.08.20 13:37:46.518,11.45059,11.45251,0.00,0.00
2015.08.20 13:37:46.967,11.45088,11.45251,0.00,0.00
2015.08.20 13:37:47.067,11.45049,11.45251,0.00,0.00
2015.08.20 13:37:48.298,11.45068,11.45251,0.00,0.00
2015.08.20 13:37:48.349,11.45048,11.45251,0.00,0.00
2015.08.20 13:37:48.836,11.45068,11.45251,0.00,0.00
2015.08.20 13:37:49.046,11.45048,11.45251,0.00,0.00
2015.08.20 13:37:49.157,11.45038,11.45251,0.00,0.00
2015.08.20 13:37:49.237,11.45048,11.45251,0.00,0.00
2015.08.20 13:37:49.338,11.45038,11.45251,0.00,0.00
2015.08.20 13:37:49.913,11.45038,11.45202,0.00,0.00
2015.08.20 13:37:50.120,11.45038,11.45252,0.00,0.00
2015.08.20 13:37:50.221,11.45019,11.45252,0.00,0.00
2015.08.20 13:37:50.641,11.45011,11.45252,0.00,0.00
2015.08.20 13:37:51.656,11.45019,11.45252,0.00,0.00
2015.08.20 13:37:51.964,11.45068,11.45252,0.00,0.00
2015.08.20 13:37:52.487,11.45078,11.45252,0.00,0.00
2015.08.20 13:37:52.539,11.45039,11.45252,0.00,0.00
2015.08.20 13:37:52.594,11.45068,11.45252,0.00,0.00
2015.08.20 13:37:52.975,11.45031,11.45252,0.00,0.00
2015.08.20 13:37:53.467,11.45058,11.45252,0.00,0.00
2015.08.20 13:37:54.063,11.45039,11.45252,0.00,0.00
2015.08.20 13:37:54.447,11.45079,11.45252,0.00,0.00
2015.08.20 13:37:54.694,11.45058,11.45252,0.00,0.00
2015.08.20 13:37:54.870,11.45012,11.45252,0.00,0.00
2015.08.20 13:37:55.658,11.45029,11.45252,0.00,0.00
2015.08.20 13:37:55.751,11.45019,11.45252,0.00,0.00
2015.08.20 13:37:56.434,11.45012,11.45252,0.00,0.00
2015.08.20 13:37:56.485,11.45018,11.45252,0.00,0.00
2015.08.20 13:37:56.586,11.45012,11.45252,0.00,0.00
2015.08.20 13:37:56.687,11.45031,11.45252,0.00,0.00
2015.08.20 13:37:56.788,11.45012,11.45252,0.00,0.00
2015.08.20 13:37:56.838,11.45012,11.45202,0.00,0.00
2015.08.20 13:37:56.939,11.45032,11.453,0.00,0.00
2015.08.20 13:37:57.040,11.45032,11.45302,0.00,0.00
2015.08.20 13:37:57.091,11.45031,11.45251,0.00,0.00
2015.08.20 13:37:59.462,11.45012,11.45251,0.00,0.00
2015.08.20 13:37:59.513,11.45012,11.45152,0.00,0.00
2015.08.20 13:37:59.615,11.44992,11.45152,0.00,0.00
2015.08.20 13:37:59.716,11.44921,11.45152,0.00,0.00
2015.08.20 13:38:00.062,11.44938,11.45152,0.00,0.00
2015.08.20 13:38:00.265,11.44921,11.45152,0.00,0.00
2015.08.20 13:38:00.792,11.44938,11.45152,0.00,0.00
2015.08.20 13:38:01.071,11.44921,11.45152,0.00,0.00
2015.08.20 13:38:02.021,11.45012,11.45252,0.00,0.00
2015.08.20 13:38:02.073,11.45032,11.45252,0.00,0.00
2015.08.20 13:38:03.677,11.45032,11.45152,0.00,0.00
2015.08.20 13:38:08.413,11.45071,11.45152,0.00,0.00
2015.08.20 13:38:08.716,11.45112,11.45152,0.00,0.00
2015.08.20 13:38:09.019,11.45118,11.45152,0.00,0.00
2015.08.20 13:38:09.474,11.45122,11.45152,0.00,0.00
2015.08.20 13:38:09.882,11.45128,11.45152,0.00,0.00
2015.08.20 13:38:09.983,11.45122,11.45152,0.00,0.00
2015.08.20 13:38:10.084,11.45111,11.45152,0.00,0.00
2015.08.20 13:38:10.883,11.45118,11.45152,0.00,0.00
2015.08.20 13:38:10.984,11.45111,11.45352,0.00,0.00
2015.08.20 13:38:11.267,11.45121,11.45352,0.00,0.00
2015.08.20 13:38:15.339,11.45101,11.45301,0.00,0.00
2015.08.20 13:38:15.390,11.45068,11.45301,0.00,0.00
2015.08.20 13:38:15.491,11.45011,11.45271,0.00,0.00
2015.08.20 13:38:15.541,11.45011,11.45251,0.00,0.00
2015.08.20 13:38:16.232,11.45032,11.45251,0.00,0.00
2015.08.20 13:38:16.534,11.45032,11.453,0.00,0.00
2015.08.20 13:38:16.585,11.45111,11.45302,0.00,0.00
2015.08.20 13:38:17.503,11.45171,11.45402,0.00,0.00
2015.08.20 13:38:17.554,11.45148,11.45351,0.00,0.00
2015.08.20 13:38:17.605,11.45121,11.45351,0.00,0.00
2015.08.20 13:38:17.655,11.45172,11.45351,0.00,0.00
2015.08.20 13:38:17.756,11.45172,11.45402,0.00,0.00
2015.08.20 13:38:17.977,11.45172,11.4545,0.00,0.00
2015.08.20 13:38:18.028,11.45202,11.4545,0.00,0.00
2015.08.20 13:38:18.079,11.45202,11.45452,0.00,0.00
2015.08.20 13:38:18.129,11.45212,11.45452,0.00,0.00
2015.08.20 13:38:20.003,11.45212,11.45451,0.00,0.00
2015.08.20 13:38:20.318,11.45172,11.45402,0.00,0.00
2015.08.20 13:38:20.604,11.45139,11.45401,0.00,0.00
2015.08.20 13:38:20.655,11.45171,11.45401,0.00,0.00
2015.08.20 13:38:21.258,11.45212,11.45402,0.00,0.00
2015.08.20 13:38:21.309,11.45212,11.45451,0.00,0.00
2015.08.20 13:38:23.151,11.45221,11.45451,0.00,0.00
2015.08.20 13:38:23.779,11.45221,11.45501,0.00,0.00
2015.08.20 13:38:24.213,11.45229,11.45502,0.00,0.00
2015.08.20 13:38:24.487,11.45222,11.45501,0.00,0.00
2015.08.20 13:38:24.588,11.45271,11.45502,0.00,0.00
2015.08.20 13:38:24.688,11.45271,11.45552,0.00,0.00
2015.08.20 13:38:24.840,11.45239,11.45551,0.00,0.00
2015.08.20 13:38:24.890,11.45239,11.45451,0.00,0.00
2015.08.20 13:38:24.941,11.45221,11.45451,0.00,0.00
2015.08.20 13:38:25.519,11.45222,11.45452,0.00,0.00
2015.08.20 13:38:26.244,11.45211,11.45452,0.00,0.00
2015.08.20 13:38:26.678,11.45159,11.45352,0.00,0.00
2015.08.20 13:38:26.728,11.45122,11.45352,0.00,0.00
2015.08.20 13:38:28.514,11.45121,11.45351,0.00,0.00
2015.08.20 13:38:28.955,11.45138,11.45351,0.00,0.00
2015.08.20 13:38:29.159,11.45121,11.45351,0.00,0.00
2015.08.20 13:38:31.920,11.45102,11.45215,0.00,0.00
2015.08.20 13:38:31.971,11.45012,11.45202,0.00,0.00
2015.08.20 13:38:32.183,11.45012,11.45251,0.00,0.00
2015.08.20 13:38:37.765,11.45138,11.45319,0.00,0.00
2015.08.20 13:38:37.816,11.45171,11.45402,0.00,0.00
2015.08.20 13:38:38.018,11.45211,11.4545,0.00,0.00
2015.08.20 13:38:38.327,11.45179,11.45451,0.00,0.00
2015.08.20 13:38:38.378,11.45201,11.4545,0.00,0.00
2015.08.20 13:38:39.347,11.45201,11.45451,0.00,0.00
2015.08.20 13:38:39.669,11.45129,11.45352,0.00,0.00
2015.08.20 13:38:40.610,11.45138,11.45352,0.00,0.00
2015.08.20 13:38:40.981,11.45129,11.45352,0.00,0.00
2015.08.20 13:38:41.916,11.45221,11.45402,0.00,0.00
2015.08.20 13:38:41.967,11.45221,11.45452,0.00,0.00
2015.08.20 13:38:42.068,11.45211,11.45452,0.00,0.00
2015.08.20 13:38:42.402,11.45169,11.454,0.00,0.00
2015.08.20 13:38:42.504,11.45169,11.45452,0.00,0.00
2015.08.20 13:38:42.554,11.45211,11.45452,0.00,0.00
2015.08.20 13:38:43.008,11.45172,11.45402,0.00,0.00
2015.08.20 13:38:46.341,11.45172,11.45352,0.00,0.00
2015.08.20 13:38:46.392,11.45121,11.45352,0.00,0.00
2015.08.20 13:38:46.776,11.45128,11.45352,0.00,0.00
2015.08.20 13:38:47.382,11.45121,11.45352,0.00,0.00
2015.08.20 13:38:47.433,11.45121,11.454,0.00,0.00
2015.08.20 13:38:47.484,11.45171,11.454,0.00,0.00
2015.08.20 13:38:47.886,11.45179,11.45451,0.00,0.00
2015.08.20 13:38:47.937,11.45211,11.45452,0.00,0.00
2015.08.20 13:38:48.564,11.45221,11.45452,0.00,0.00
2015.08.20 13:38:49.227,11.45202,11.45401,0.00,0.00
2015.08.20 13:38:50.176,11.45211,11.45401,0.00,0.00
2015.08.20 13:38:50.234,11.45211,11.45452,0.00,0.00
2015.08.20 13:38:50.289,11.45211,11.45401,0.00,0.00
2015.08.20 13:38:50.340,11.45199,11.45401,0.00,0.00
2015.08.20 13:38:50.392,11.45171,11.45401,0.00,0.00
2015.08.20 13:38:50.693,11.45178,11.45401,0.00,0.00
2015.08.20 13:38:51.461,11.45201,11.45401,0.00,0.00
2015.08.20 13:38:51.512,11.45201,11.45451,0.00,0.00
2015.08.20 13:38:51.563,11.45211,11.45451,0.00,0.00
2015.08.20 13:38:51.907,11.45221,11.45451,0.00,0.00
2015.08.20 13:38:52.664,11.45211,11.45451,0.00,0.00
2015.08.20 13:38:54.055,11.45221,11.45451,0.00,0.00
2015.08.20 13:38:54.309,11.45211,11.45451,0.00,0.00
2015.08.20 13:38:54.360,11.45211,11.45402,0.00,0.00
2015.08.20 13:38:54.410,11.45171,11.45402,0.00,0.00
2015.08.20 13:38:55.630,11.45179,11.45402,0.00,0.00
2015.08.20 13:38:56.936,11.45171,11.45402,0.00,0.00
2015.08.20 13:38:57.113,11.45179,11.45402,0.00,0.00
2015.08.20 13:38:57.448,11.45201,11.45452,0.00,0.00
2015.08.20 13:38:57.498,11.45212,11.45452,0.00,0.00
2015.08.20 13:38:57.906,11.45221,11.45452,0.00,0.00
2015.08.20 13:38:58.474,11.45271,11.45452,0.00,0.00
2015.08.20 13:38:58.535,11.45271,11.45501,0.00,0.00
2015.08.20 13:38:58.851,11.45279,11.45501,0.00,0.00
2015.08.20 13:38:58.952,11.45271,11.45501,0.00,0.00
2015.08.20 13:38:59.861,11.45271,11.45452,0.00,0.00
2015.08.20 13:38:59.912,11.45229,11.45452,0.00,0.00
2015.08.20 13:38:59.963,11.45222,11.45452,0.00,0.00
2015.08.20 13:39:00.063,11.45212,11.45452,0.00,0.00
2015.08.20 13:39:01.514,11.44978,11.45152,0.00,0.00
2015.08.20 13:39:01.565,11.44969,11.45152,0.00,0.00
2015.08.20 13:39:01.626,11.44928,11.45152,0.00,0.00
2015.08.20 13:39:01.831,11.44918,11.45152,0.00,0.00
2015.08.20 13:39:02.033,11.44901,11.45152,0.00,0.00
2015.08.20 13:39:02.084,11.44901,11.45051,0.00,0.00
2015.08.20 13:39:02.185,11.44901,11.45152,0.00,0.00
2015.08.20 13:39:02.436,11.44911,11.45152,0.00,0.00
2015.08.20 13:39:02.997,11.45032,11.45252,0.00,0.00
2015.08.20 13:39:03.522,11.45012,11.45252,0.00,0.00
2015.08.20 13:39:05.657,11.45032,11.45252,0.00,0.00
2015.08.20 13:39:05.760,11.45011,11.45252,0.00,0.00
2015.08.20 13:39:06.703,11.4503,11.45301,0.00,0.00
2015.08.20 13:39:07.094,11.4503,11.45251,0.00,0.00
2015.08.20 13:39:07.144,11.45111,11.45352,0.00,0.00
2015.08.20 13:39:08.474,11.45112,11.45352,0.00,0.00
2015.08.20 13:39:08.525,11.45171,11.45402,0.00,0.00
2015.08.20 13:39:09.251,11.45171,11.45352,0.00,0.00
2015.08.20 13:39:09.742,11.45171,11.45451,0.00,0.00
2015.08.20 13:39:09.794,11.45211,11.45451,0.00,0.00
2015.08.20 13:39:11.224,11.45222,11.45451,0.00,0.00
2015.08.20 13:39:11.461,11.45212,11.45451,0.00,0.00
2015.08.20 13:39:14.420,11.45222,11.45451,0.00,0.00
2015.08.20 13:39:14.622,11.45271,11.45548,0.00,0.00
2015.08.20 13:39:14.723,11.45271,11.45502,0.00,0.00
2015.08.20 13:39:14.975,11.45311,11.45552,0.00,0.00
2015.08.20 13:39:15.527,11.45312,11.45502,0.00,0.00
2015.08.20 13:39:15.628,11.45312,11.45551,0.00,0.00
2015.08.20 13:39:16.556,11.45312,11.4555,0.00,0.00
2015.08.20 13:39:16.607,11.45271,11.4555,0.00,0.00
2015.08.20 13:39:17.128,11.45272,11.45451,0.00,0.00
2015.08.20 13:39:17.229,11.45221,11.45451,0.00,0.00
2015.08.20 13:39:18.346,11.45271,11.45502,0.00,0.00
2015.08.20 13:39:18.447,11.45312,11.45552,0.00,0.00
2015.08.20 13:39:19.756,11.45321,11.45552,0.00,0.00
2015.08.20 13:39:22.491,11.45411,11.45651,0.00,0.00
2015.08.20 13:39:22.541,11.45312,11.45552,0.00,0.00
2015.08.20 13:39:23.318,11.45321,11.45552,0.00,0.00
2015.08.20 13:39:23.511,11.45321,11.45601,0.00,0.00
2015.08.20 13:39:23.612,11.45411,11.45601,0.00,0.00
2015.08.20 13:39:24.089,11.45411,11.45651,0.00,0.00
2015.08.20 13:39:24.413,11.45422,11.45651,0.00,0.00
2015.08.20 13:39:25.715,11.45412,11.45651,0.00,0.00
2015.08.20 13:39:25.827,11.45422,11.45651,0.00,0.00
2015.08.20 13:39:26.634,11.45422,11.45602,0.00,0.00
2015.08.20 13:39:26.735,11.45321,11.45601,0.00,0.00
2015.08.20 13:39:27.220,11.45321,11.45552,0.00,0.00
2015.08.20 13:39:27.271,11.45321,11.45601,0.00,0.00
2015.08.20 13:39:27.322,11.45368,11.45601,0.00,0.00
2015.08.20 13:39:27.473,11.45411,11.45651,0.00,0.00
2015.08.20 13:39:28.045,11.45372,11.45601,0.00,0.00
2015.08.20 13:39:29.448,11.45371,11.45601,0.00,0.00
2015.08.20 13:39:31.673,11.45371,11.45551,0.00,0.00
2015.08.20 13:39:31.775,11.45321,11.45551,0.00,0.00
2015.08.20 13:39:32.533,11.45339,11.45601,0.00,0.00
2015.08.20 13:39:32.583,11.45501,11.45651,0.00,0.00
2015.08.20 13:39:32.684,11.45571,11.4585,0.00,0.00
2015.08.20 13:39:33.075,11.45622,11.4585,0.00,0.00
2015.08.20 13:39:33.126,11.45622,11.45852,0.00,0.00
2015.08.20 13:39:33.294,11.45538,11.45851,0.00,0.00
2015.08.20 13:39:33.345,11.45532,11.45802,0.00,0.00
2015.08.20 13:39:34.507,11.45538,11.45802,0.00,0.00
2015.08.20 13:39:34.839,11.45538,11.4585,0.00,0.00
2015.08.20 13:39:35.091,11.45532,11.45752,0.00,0.00
2015.08.20 13:39:36.072,11.45532,11.45702,0.00,0.00
2015.08.20 13:39:36.173,11.45431,11.45702,0.00,0.00
2015.08.20 13:39:36.274,11.45422,11.45652,0.00,0.00
2015.08.20 13:39:37.196,11.45429,11.45652,0.00,0.00
2015.08.20 13:39:37.247,11.45432,11.45702,0.00,0.00
2015.08.20 13:39:37.348,11.45479,11.45701,0.00,0.00
2015.08.20 13:39:37.813,11.45479,11.45752,0.00,0.00
2015.08.20 13:39:37.914,11.45511,11.45752,0.00,0.00
2015.08.20 13:39:40.028,11.45511,11.45701,0.00,0.00
2015.08.20 13:39:40.079,11.45412,11.45651,0.00,0.00
2015.08.20 13:39:40.774,11.45421,11.45651,0.00,0.00
2015.08.20 13:39:41.917,11.45439,11.45661,0.00,0.00
2015.08.20 13:39:42.747,11.45472,11.45661,0.00,0.00
2015.08.20 13:39:42.798,11.45472,11.4568,0.00,0.00
2015.08.20 13:39:43.216,11.45531,11.45711,0.00,0.00
2015.08.20 13:39:45.056,11.45611,11.45711,0.00,0.00
2015.08.20 13:39:45.107,11.45611,11.45762,0.00,0.00
2015.08.20 13:39:45.208,11.45571,11.45761,0.00,0.00
2015.08.20 13:39:45.394,11.45531,11.45761,0.00,0.00
2015.08.20 13:39:45.801,11.45531,11.45712,0.00,0.00
2015.08.20 13:39:45.853,11.45572,11.45762,0.00,0.00
2015.08.20 13:39:47.125,11.45472,11.45661,0.00,0.00
2015.08.20 13:39:47.972,11.45472,11.45712,0.00,0.00
2015.08.20 13:39:48.072,11.45531,11.45712,0.00,0.00
2015.08.20 13:39:48.906,11.45512,11.45712,0.00,0.00
2015.08.20 13:39:50.210,11.45512,11.45662,0.00,0.00
2015.08.20 13:39:50.261,11.45421,11.4562,0.00,0.00
2015.08.20 13:39:50.362,11.45372,11.45562,0.00,0.00
2015.08.20 13:39:50.682,11.45372,11.45612,0.00,0.00
2015.08.20 13:39:50.783,11.45399,11.45612,0.00,0.00
2015.08.20 13:39:51.106,11.45412,11.45612,0.00,0.00
2015.08.20 13:39:53.475,11.45421,11.45612,0.00,0.00
2015.08.20 13:39:53.889,11.45428,11.4563,0.00,0.00
2015.08.20 13:39:53.940,11.45431,11.4563,0.00,0.00
2015.08.20 13:39:53.991,11.45512,11.45712,0.00,0.00
2015.08.20 13:39:54.095,11.45531,11.45711,0.00,0.00
2015.08.20 13:39:54.196,11.45431,11.45681,0.00,0.00
2015.08.20 13:39:54.246,11.45428,11.45611,0.00,0.00
2015.08.20 13:39:54.710,11.45448,11.45631,0.00,0.00
2015.08.20 13:39:55.013,11.45729,11.45929,0.00,0.00
2015.08.20 13:39:55.116,11.45821,11.46011,0.00,0.00
2015.08.20 13:39:55.426,11.45912,11.46031,0.00,0.00
2015.08.20 13:39:55.884,11.45912,11.46061,0.00,0.00
2015.08.20 13:39:55.985,11.45912,11.46111,0.00,0.00
2015.08.20 13:39:56.515,11.45912,11.46112,0.00,0.00
2015.08.20 13:39:57.493,11.45922,11.46112,0.00,0.00
2015.08.20 13:39:57.823,11.45911,11.46112,0.00,0.00
2015.08.20 13:39:58.500,11.45921,11.46112,0.00,0.00
2015.08.20 13:39:59.403,11.4593,11.46112,0.00,0.00
2015.08.20 13:39:59.504,11.46021,11.46212,0.00,0.00
2015.08.20 13:40:00.596,11.4603,11.46212,0.00,0.00
2015.08.20 13:40:00.697,11.46121,11.46361,0.00,0.00
2015.08.20 13:40:00.907,11.46032,11.46361,0.00,0.00
2015.08.20 13:40:00.957,11.4603,11.46312,0.00,0.00
2015.08.20 13:40:01.793,11.45982,11.46312,0.00,0.00
2015.08.20 13:40:01.845,11.46022,11.46262,0.00,0.00
2015.08.20 13:40:02.047,11.45942,11.46212,0.00,0.00
2015.08.20 13:40:02.097,11.4603,11.46212,0.00,0.00
2015.08.20 13:40:02.148,11.4603,11.46311,0.00,0.00
2015.08.20 13:40:02.249,11.46002,11.46311,0.00,0.00
2015.08.20 13:40:02.350,11.46002,11.46261,0.00,0.00
2015.08.20 13:40:03.404,11.4603,11.46261,0.00,0.00
2015.08.20 13:40:03.455,11.46022,11.46261,0.00,0.00
2015.08.20 13:40:04.108,11.46022,11.46262,0.00,0.00
2015.08.20 13:40:04.209,11.45952,11.46262,0.00,0.00
2015.08.20 13:40:04.260,11.46001,11.46262,0.00,0.00
2015.08.20 13:40:04.699,11.45962,11.46261,0.00,0.00
2015.08.20 13:40:04.759,11.46022,11.46261,0.00,0.00
2015.08.20 13:40:06.230,11.45939,11.46191,0.00,0.00
2015.08.20 13:40:06.338,11.45922,11.46151,0.00,0.00
2015.08.20 13:40:06.982,11.45938,11.4623,0.00,0.00
2015.08.20 13:40:07.083,11.46022,11.46252,0.00,0.00
2015.08.20 13:40:07.740,11.46029,11.46302,0.00,0.00
2015.08.20 13:40:07.912,11.46029,11.46291,0.00,0.00
2015.08.20 13:40:07.963,11.46001,11.46291,0.00,0.00
2015.08.20 13:40:08.015,11.46001,11.46281,0.00,0.00
2015.08.20 13:40:08.116,11.46001,11.46301,0.00,0.00
2015.08.20 13:40:08.542,11.4619,11.46301,0.00,0.00
2015.08.20 13:40:08.649,11.46339,11.4663,0.00,0.00
2015.08.20 13:40:09.042,11.46321,11.46561,0.00,0.00
2015.08.20 13:40:09.639,11.46349,11.46662,0.00,0.00
2015.08.20 13:40:09.745,11.46421,11.46662,0.00,0.00
2015.08.20 13:40:10.622,11.46568,11.46711,0.00,0.00
2015.08.20 13:40:10.723,11.46709,11.46809,0.00,0.00
2015.08.20 13:40:10.823,11.46739,11.4701,0.00,0.00
2015.08.20 13:40:10.874,11.46762,11.46973,0.00,0.00
2015.08.20 13:40:11.463,11.46982,11.47131,0.00,0.00
2015.08.20 13:40:11.565,11.46982,11.4715,0.00,0.00
2015.08.20 13:40:11.666,11.4698,11.4724,0.00,0.00
2015.08.20 13:40:11.767,11.46981,11.47201,0.00,0.00
2015.08.20 13:40:11.868,11.47029,11.47281,0.00,0.00
2015.08.20 13:40:11.969,11.47022,11.47212,0.00,0.00
2015.08.20 13:40:12.924,11.47022,11.47192,0.00,0.00
2015.08.20 13:40:12.975,11.47022,11.47252,0.00,0.00
2015.08.20 13:40:13.028,11.47022,11.47272,0.00,0.00
2015.08.20 13:40:13.229,11.47022,11.47242,0.00,0.00
2015.08.20 13:40:13.429,11.47022,11.47252,0.00,0.00
2015.08.20 13:40:13.530,11.47022,11.47242,0.00,0.00
2015.08.20 13:40:13.832,11.47019,11.47231,0.00,0.00
2015.08.20 13:40:14.267,11.47021,11.47231,0.00,0.00
2015.08.20 13:40:14.368,11.47021,11.47252,0.00,0.00
2015.08.20 13:40:14.431,11.47021,11.47242,0.00,0.00
2015.08.20 13:40:14.761,11.46999,11.47222,0.00,0.00
2015.08.20 13:40:14.862,11.4692,11.47162,0.00,0.00
2015.08.20 13:40:15.063,11.46921,11.47191,0.00,0.00
2015.08.20 13:40:15.114,11.46919,11.47191,0.00,0.00
2015.08.20 13:40:15.603,11.46959,11.47212,0.00,0.00
2015.08.20 13:40:15.654,11.46959,11.47222,0.00,0.00
2015.08.20 13:40:15.758,11.4696,11.47212,0.00,0.00
2015.08.20 13:40:15.858,11.46922,11.47191,0.00,0.00
2015.08.20 13:40:16.035,11.46922,11.47212,0.00,0.00
2015.08.20 13:40:16.287,11.47,11.47212,0.00,0.00
2015.08.20 13:40:16.337,11.47,11.47262,0.00,0.00
2015.08.20 13:40:16.388,11.46949,11.47262,0.00,0.00
2015.08.20 13:40:16.809,11.47022,11.47262,0.00,0.00
2015.08.20 13:40:16.860,11.47022,11.47312,0.00,0.00
2015.08.20 13:40:16.987,11.47022,11.47321,0.00,0.00
2015.08.20 13:40:17.038,11.47101,11.47321,0.00,0.00
2015.08.20 13:40:17.089,11.47101,11.4742,0.00,0.00
2015.08.20 13:40:17.189,11.47068,11.4742,0.00,0.00
2015.08.20 13:40:17.341,11.47101,11.47421,0.00,0.00
2015.08.20 13:40:17.656,11.47121,11.47421,0.00,0.00
2015.08.20 13:40:18.103,11.47121,11.47411,0.00,0.00
2015.08.20 13:40:18.308,11.47121,11.47421,0.00,0.00
2015.08.20 13:40:18.740,11.47221,11.4742,0.00,0.00
2015.08.20 13:40:18.791,11.47221,11.4743,0.00,0.00
2015.08.20 13:40:18.892,11.47218,11.47501,0.00,0.00
2015.08.20 13:40:18.993,11.47218,11.4742,0.00,0.00
2015.08.20 13:40:19.456,11.47218,11.47372,0.00,0.00
2015.08.20 13:40:19.509,11.47031,11.47311,0.00,0.00
2015.08.20 13:40:19.660,11.47022,11.47262,0.00,0.00
2015.08.20 13:40:19.966,11.47022,11.47211,0.00,0.00
2015.08.20 13:40:20.067,11.46921,11.47161,0.00,0.00
2015.08.20 13:40:20.168,11.46938,11.47161,0.00,0.00
2015.08.20 13:40:20.696,11.46922,11.47161,0.00,0.00
2015.08.20 13:40:20.747,11.46928,11.47161,0.00,0.00
2015.08.20 13:40:20.949,11.46889,11.47162,0.00,0.00
2015.08.20 13:40:21.050,11.46921,11.47162,0.00,0.00
2015.08.20 13:40:22.499,11.46921,11.47112,0.00,0.00
2015.08.20 13:40:22.600,11.46922,11.4716,0.00,0.00
2015.08.20 13:40:23.600,11.46941,11.47211,0.00,0.00
2015.08.20 13:40:23.651,11.46928,11.47211,0.00,0.00
2015.08.20 13:40:23.702,11.46921,11.47152,0.00,0.00
2015.08.20 13:40:23.939,11.46921,11.47201,0.00,0.00
2015.08.20 13:40:23.990,11.46938,11.47201,0.00,0.00
2015.08.20 13:40:24.304,11.46958,11.47201,0.00,0.00
2015.08.20 13:40:24.844,11.47021,11.47252,0.00,0.00
2015.08.20 13:40:25.146,11.46988,11.47221,0.00,0.00
2015.08.20 13:40:25.197,11.46929,11.47171,0.00,0.00
2015.08.20 13:40:25.298,11.46902,11.47192,0.00,0.00
2015.08.20 13:40:25.355,11.46958,11.47192,0.00,0.00
2015.08.20 13:40:25.661,11.46902,11.47142,0.00,0.00
2015.08.20 13:40:25.712,11.46891,11.47142,0.00,0.00
2015.08.20 13:40:25.763,11.46959,11.47142,0.00,0.00
2015.08.20 13:40:25.920,11.46978,11.47192,0.00,0.00
2015.08.20 13:40:26.301,11.47021,11.47241,0.00,0.00
2015.08.20 13:40:26.771,11.47021,11.47251,0.00,0.00
2015.08.20 13:40:26.995,11.46959,11.47202,0.00,0.00
2015.08.20 13:40:27.096,11.47022,11.47202,0.00,0.00
2015.08.20 13:40:27.147,11.47022,11.47251,0.00,0.00
2015.08.20 13:40:27.197,11.47029,11.47251,0.00,0.00
2015.08.20 13:40:27.349,11.47039,11.47302,0.00,0.00
2015.08.20 13:40:27.788,11.47078,11.47351,0.00,0.00
2015.08.20 13:40:27.839,11.47121,11.47351,0.00,0.00
2015.08.20 13:40:28.150,11.47121,11.47301,0.00,0.00
2015.08.20 13:40:28.201,11.4703,11.47301,0.00,0.00
2015.08.20 13:40:28.264,11.47068,11.47301,0.00,0.00
2015.08.20 13:40:28.621,11.47122,11.47302,0.00,0.00
2015.08.20 13:40:28.671,11.47039,11.47302,0.00,0.00
2015.08.20 13:40:28.772,11.47121,11.47352,0.00,0.00
2015.08.20 13:40:29.474,11.47032,11.47302,0.00,0.00
2015.08.20 13:40:29.525,11.47009,11.473,0.00,0.00
2015.08.20 13:40:29.626,11.47021,11.473,0.00,0.00
2015.08.20 13:40:30.127,11.47021,11.47252,0.00,0.00
2015.08.20 13:40:30.447,11.47021,11.47201,0.00,0.00
2015.08.20 13:40:30.497,11.46938,11.47201,0.00,0.00
2015.08.20 13:40:30.598,11.46929,11.47201,0.00,0.00
2015.08.20 13:40:30.649,11.46918,11.47202,0.00,0.00
2015.08.20 13:40:31.103,11.46948,11.47202,0.00,0.00
2015.08.20 13:40:31.172,11.46919,11.47202,0.00,0.00
2015.08.20 13:40:31.512,11.46948,11.47202,0.00,0.00
2015.08.20 13:40:31.814,11.46922,11.47151,0.00,0.00
2015.08.20 13:40:32.385,11.47021,11.47252,0.00,0.00
2015.08.20 13:40:33.169,11.47022,11.47201,0.00,0.00
2015.08.20 13:40:33.270,11.46938,11.47201,0.00,0.00
2015.08.20 13:40:33.321,11.46958,11.47201,0.00,0.00
2015.08.20 13:40:34.104,11.47039,11.47201,0.00,0.00
2015.08.20 13:40:34.155,11.47028,11.47252,0.00,0.00
2015.08.20 13:40:34.206,11.46968,11.47252,0.00,0.00
2015.08.20 13:40:34.256,11.47021,11.47252,0.00,0.00
2015.08.20 13:40:34.577,11.46948,11.47201,0.00,0.00
2015.08.20 13:40:34.827,11.46938,11.47151,0.00,0.00
2015.08.20 13:40:35.268,11.46948,11.47251,0.00,0.00
2015.08.20 13:40:35.329,11.46948,11.47201,0.00,0.00
2015.08.20 13:40:35.431,11.46948,11.47251,0.00,0.00
2015.08.20 13:40:35.481,11.46878,11.47151,0.00,0.00
2015.08.20 13:40:35.582,11.46949,11.4725,0.00,0.00
2015.08.20 13:40:35.633,11.46959,11.47251,0.00,0.00
2015.08.20 13:40:35.968,11.47022,11.47251,0.00,0.00
2015.08.20 13:40:36.694,11.46958,11.47201,0.00,0.00
2015.08.20 13:40:37.117,11.46948,11.47201,0.00,0.00
2015.08.20 13:40:37.294,11.46978,11.47201,0.00,0.00
2015.08.20 13:40:37.488,11.46978,11.47251,0.00,0.00
2015.08.20 13:40:37.539,11.47029,11.47251,0.00,0.00
2015.08.20 13:40:37.590,11.47029,11.47302,0.00,0.00
2015.08.20 13:40:38.063,11.47018,11.47302,0.00,0.00
2015.08.20 13:40:38.114,11.46998,11.47302,0.00,0.00
2015.08.20 13:40:38.625,11.47028,11.47302,0.00,0.00
2015.08.20 13:40:38.828,11.46998,11.47302,0.00,0.00
2015.08.20 13:40:39.304,11.47019,11.47302,0.00,0.00
2015.08.20 13:40:39.732,11.47028,11.47302,0.00,0.00
2015.08.20 13:40:39.903,11.47018,11.47302,0.00,0.00
2015.08.20 13:40:40.004,11.47029,11.47302,0.00,0.00
2015.08.20 13:40:40.306,11.46948,11.472,0.00,0.00
2015.08.20 13:40:40.627,11.47021,11.47252,0.00,0.00
2015.08.20 13:40:41.036,11.46971,11.47252,0.00,0.00
2015.08.20 13:40:41.759,11.4698,11.47252,0.00,0.00
2015.08.20 13:40:42.253,11.47019,11.47201,0.00,0.00
2015.08.20 13:40:42.304,11.46921,11.47151,0.00,0.00
2015.08.20 13:40:43.744,11.46821,11.47051,0.00,0.00
2015.08.20 13:40:44.888,11.46808,11.47102,0.00,0.00
2015.08.20 13:40:45.269,11.46822,11.47051,0.00,0.00
2015.08.20 13:40:45.370,11.46798,11.47102,0.00,0.00
2015.08.20 13:40:45.421,11.46802,11.47102,0.00,0.00
2015.08.20 13:40:45.771,11.46821,11.47051,0.00,0.00
2015.08.20 13:40:46.477,11.46771,11.47001,0.00,0.00
2015.08.20 13:40:46.528,11.46721,11.46999,0.00,0.00
2015.08.20 13:40:46.578,11.46721,11.46952,0.00,0.00
2015.08.20 13:40:47.113,11.46722,11.46952,0.00,0.00
2015.08.20 13:40:47.647,11.46718,11.47001,0.00,0.00
2015.08.20 13:40:47.980,11.46699,11.47001,0.00,0.00
2015.08.20 13:40:48.338,11.46728,11.46952,0.00,0.00
2015.08.20 13:40:48.439,11.46721,11.46952,0.00,0.00
2015.08.20 13:40:48.981,11.46722,11.46952,0.00,0.00
2015.08.20 13:40:49.435,11.46711,11.46952,0.00,0.00
2015.08.20 13:40:50.189,11.46721,11.46952,0.00,0.00
2015.08.20 13:40:50.673,11.46712,11.46881,0.00,0.00
2015.08.20 13:40:50.975,11.46711,11.46871,0.00,0.00
2015.08.20 13:40:51.076,11.46711,11.46882,0.00,0.00
2015.08.20 13:40:51.227,11.46711,11.46832,0.00,0.00
2015.08.20 13:40:51.328,11.46611,11.46782,0.00,0.00
2015.08.20 13:40:51.547,11.46628,11.46782,0.00,0.00
2015.08.20 13:40:51.955,11.46638,11.46821,0.00,0.00
2015.08.20 13:40:52.106,11.46638,11.46852,0.00,0.00
2015.08.20 13:40:52.207,11.46611,11.46852,0.00,0.00
2015.08.20 13:40:52.398,11.46611,11.46802,0.00,0.00
2015.08.20 13:40:52.549,11.46602,11.46802,0.00,0.00
2015.08.20 13:40:52.606,11.46518,11.46802,0.00,0.00
2015.08.20 13:40:52.657,11.46548,11.46802,0.00,0.00
2015.08.20 13:40:53.206,11.46519,11.46751,0.00,0.00
2015.08.20 13:40:53.525,11.46522,11.46701,0.00,0.00
2015.08.20 13:40:53.626,11.46428,11.46698,0.00,0.00
2015.08.20 13:40:53.677,11.46418,11.46701,0.00,0.00
2015.08.20 13:40:53.778,11.46428,11.46701,0.00,0.00
2015.08.20 13:40:53.828,11.46448,11.46739,0.00,0.00
2015.08.20 13:40:53.879,11.46489,11.46739,0.00,0.00
2015.08.20 13:40:54.190,11.46508,11.46707,0.00,0.00
2015.08.20 13:40:54.956,11.46501,11.46751,0.00,0.00
2015.08.20 13:40:55.466,11.46509,11.46751,0.00,0.00
2015.08.20 13:40:55.805,11.46521,11.46751,0.00,0.00
2015.08.20 13:40:56.301,11.46501,11.46751,0.00,0.00
2015.08.20 13:40:56.402,11.46509,11.46751,0.00,0.00
2015.08.20 13:40:56.609,11.46502,11.46751,0.00,0.00
2015.08.20 13:40:56.786,11.46508,11.46751,0.00,0.00
2015.08.20 13:40:56.837,11.46508,11.46801,0.00,0.00
2015.08.20 13:40:56.888,11.46549,11.46801,0.00,0.00
2015.08.20 13:40:57.012,11.46528,11.46801,0.00,0.00
2015.08.20 13:40:57.449,11.46521,11.46756,0.00,0.00
2015.08.20 13:40:57.557,11.46501,11.46752,0.00,0.00
2015.08.20 13:40:57.712,11.46518,11.46752,0.00,0.00
2015.08.20 13:40:58.015,11.46418,11.46656,0.00,0.00
2015.08.20 13:40:58.586,11.46418,11.46624,0.00,0.00
2015.08.20 13:40:58.737,11.46478,11.46752,0.00,0.00
2015.08.20 13:40:58.788,11.46458,11.4675,0.00,0.00
2015.08.20 13:40:58.908,11.46458,11.46701,0.00,0.00
2015.08.20 13:40:59.010,11.46438,11.46701,0.00,0.00
2015.08.20 13:40:59.111,11.46479,11.46701,0.00,0.00
2015.08.20 13:40:59.807,11.46438,11.46701,0.00,0.00
2015.08.20 13:40:59.909,11.46428,11.46702,0.00,0.00
2015.08.20 13:41:00.075,11.46458,11.46702,0.00,0.00
2015.08.20 13:41:00.176,11.46419,11.46702,0.00,0.00
2015.08.20 13:41:00.689,11.46448,11.46701,0.00,0.00
2015.08.20 13:41:01.186,11.46338,11.4655,0.00,0.00
2015.08.20 13:41:01.337,11.46368,11.4664,0.00,0.00
2015.08.20 13:41:01.388,11.46418,11.4664,0.00,0.00
2015.08.20 13:41:01.438,11.46418,11.467,0.00,0.00
2015.08.20 13:41:01.489,11.46449,11.467,0.00,0.00
2015.08.20 13:41:01.540,11.46449,11.46702,0.00,0.00
2015.08.20 13:41:01.590,11.46458,11.46702,0.00,0.00
2015.08.20 13:41:01.691,11.46438,11.46702,0.00,0.00
2015.08.20 13:41:01.793,11.46442,11.46652,0.00,0.00
2015.08.20 13:41:01.894,11.46412,11.46701,0.00,0.00
2015.08.20 13:41:02.379,11.46418,11.46701,0.00,0.00
2015.08.20 13:41:02.431,11.46412,11.46701,0.00,0.00
2015.08.20 13:41:02.486,11.46438,11.46701,0.00,0.00
2015.08.20 13:41:02.797,11.46412,11.46652,0.00,0.00
2015.08.20 13:41:02.998,11.46428,11.467,0.00,0.00
2015.08.20 13:41:03.099,11.46438,11.46701,0.00,0.00
2015.08.20 13:41:03.620,11.46501,11.46751,0.00,0.00
2015.08.20 13:41:03.887,11.46501,11.46801,0.00,0.00
2015.08.20 13:41:03.938,11.46579,11.46802,0.00,0.00
2015.08.20 13:41:04.089,11.46612,11.46852,0.00,0.00
2015.08.20 13:41:05.296,11.46501,11.46751,0.00,0.00
2015.08.20 13:41:06.027,11.46511,11.46751,0.00,0.00
2015.08.20 13:41:06.566,11.46531,11.46751,0.00,0.00
2015.08.20 13:41:06.821,11.46511,11.46751,0.00,0.00
2015.08.20 13:41:06.922,11.46511,11.46801,0.00,0.00
2015.08.20 13:41:07.247,11.46511,11.46751,0.00,0.00
2015.08.20 13:41:07.554,11.46531,11.46751,0.00,0.00
2015.08.20 13:41:08.003,11.46531,11.46801,0.00,0.00
2015.08.20 13:41:08.054,11.46611,11.46801,0.00,0.00
2015.08.20 13:41:08.156,11.46611,11.46852,0.00,0.00
2015.08.20 13:41:09.007,11.46582,11.46852,0.00,0.00
2015.08.20 13:41:09.509,11.46582,11.46801,0.00,0.00
2015.08.20 13:41:09.610,11.46511,11.46801,0.00,0.00
2015.08.20 13:41:09.661,11.46532,11.46801,0.00,0.00
2015.08.20 13:41:10.264,11.46511,11.46752,0.00,0.00
2015.08.20 13:41:10.315,11.46541,11.46801,0.00,0.00
2015.08.20 13:41:11.125,11.46542,11.46801,0.00,0.00
2015.08.20 13:41:11.436,11.46542,11.46752,0.00,0.00
2015.08.20 13:41:11.486,11.46511,11.46752,0.00,0.00
2015.08.20 13:41:11.537,11.46501,11.46752,0.00,0.00
2015.08.20 13:41:11.588,11.46482,11.46752,0.00,0.00
2015.08.20 13:41:11.711,11.46499,11.46752,0.00,0.00
2015.08.20 13:41:11.761,11.46529,11.46802,0.00,0.00
2015.08.20 13:41:11.812,11.46538,11.46802,0.00,0.00
2015.08.20 13:41:11.913,11.46571,11.46852,0.00,0.00
2015.08.20 13:41:12.014,11.46598,11.46901,0.00,0.00
2015.08.20 13:41:12.114,11.46611,11.46902,0.00,0.00
2015.08.20 13:41:12.611,11.46621,11.46902,0.00,0.00
2015.08.20 13:41:14.486,11.46621,11.469,0.00,0.00
2015.08.20 13:41:14.766,11.46501,11.46801,0.00,0.00
2015.08.20 13:41:14.867,11.46501,11.46751,0.00,0.00
2015.08.20 13:41:15.743,11.46501,11.468,0.00,0.00
2015.08.20 13:41:15.816,11.46512,11.468,0.00,0.00
2015.08.20 13:41:16.069,11.46611,11.46902,0.00,0.00
2015.08.20 13:41:17.065,11.46612,11.46902,0.00,0.00
2015.08.20 13:41:18.623,11.46661,11.46951,0.00,0.00
2015.08.20 13:41:19.369,11.46692,11.46951,0.00,0.00
2015.08.20 13:41:19.571,11.46762,11.47051,0.00,0.00
2015.08.20 13:41:19.672,11.46782,11.47051,0.00,0.00
2015.08.20 13:41:20.491,11.46812,11.47051,0.00,0.00
2015.08.20 13:41:20.549,11.46812,11.47102,0.00,0.00
2015.08.20 13:41:20.902,11.46911,11.47131,0.00,0.00
2015.08.20 13:41:20.953,11.46911,11.47151,0.00,0.00
2015.08.20 13:41:21.352,11.46911,11.47101,0.00,0.00
2015.08.20 13:41:23.418,11.46829,11.47002,0.00,0.00
2015.08.20 13:41:23.468,11.46821,11.47002,0.00,0.00
2015.08.20 13:41:24.116,11.4683,11.47052,0.00,0.00
2015.08.20 13:41:24.318,11.46821,11.47002,0.00,0.00
2015.08.20 13:41:24.759,11.4683,11.47052,0.00,0.00
2015.08.20 13:41:24.860,11.46912,11.47052,0.00,0.00
2015.08.20 13:41:24.961,11.46912,11.47102,0.00,0.00
2015.08.20 13:41:26.371,11.46921,11.47102,0.00,0.00
2015.08.20 13:41:26.522,11.46822,11.47051,0.00,0.00
2015.08.20 13:41:26.624,11.46822,11.47001,0.00,0.00
2015.08.20 13:41:27.964,11.46822,11.46951,0.00,0.00
2015.08.20 13:41:28.065,11.46761,11.46951,0.00,0.00
2015.08.20 13:41:28.166,11.46711,11.46952,0.00,0.00
2015.08.20 13:41:28.991,11.46678,11.46952,0.00,0.00
2015.08.20 13:41:29.042,11.46722,11.46951,0.00,0.00
2015.08.20 13:41:29.145,11.46701,11.46951,0.00,0.00
2015.08.20 13:41:29.491,11.46711,11.46951,0.00,0.00
2015.08.20 13:41:29.938,11.46711,11.47,0.00,0.00
2015.08.20 13:41:29.989,11.4673,11.47001,0.00,0.00
2015.08.20 13:41:30.450,11.46702,11.46952,0.00,0.00
2015.08.20 13:41:31.446,11.46702,11.46901,0.00,0.00
2015.08.20 13:41:31.497,11.46671,11.46901,0.00,0.00
2015.08.20 13:41:31.547,11.46722,11.46901,0.00,0.00
2015.08.20 13:41:32.763,11.46729,11.46901,0.00,0.00
2015.08.20 13:41:32.814,11.46729,11.46951,0.00,0.00
2015.08.20 13:41:33.269,11.46811,11.46951,0.00,0.00
2015.08.20 13:41:33.319,11.46811,11.47001,0.00,0.00
2015.08.20 13:41:33.654,11.46811,11.47051,0.00,0.00
2015.08.20 13:41:33.705,11.4683,11.47052,0.00,0.00
2015.08.20 13:41:34.007,11.46922,11.47102,0.00,0.00
2015.08.20 13:41:34.448,11.46922,11.47151,0.00,0.00
2015.08.20 13:41:34.549,11.46902,11.47152,0.00,0.00
2015.08.20 13:41:34.650,11.46902,11.47202,0.00,0.00
2015.08.20 13:41:34.857,11.46909,11.47202,0.00,0.00
2015.08.20 13:41:34.958,11.46902,11.47202,0.00,0.00
2015.08.20 13:41:36.026,11.46901,11.47152,0.00,0.00
2015.08.20 13:41:36.429,11.46922,11.47102,0.00,0.00
2015.08.20 13:41:37.161,11.46911,11.47102,0.00,0.00
2015.08.20 13:41:37.313,11.46911,11.47151,0.00,0.00
2015.08.20 13:41:37.415,11.46902,11.47151,0.00,0.00
2015.08.20 13:41:37.566,11.46919,11.47151,0.00,0.00
2015.08.20 13:41:38.284,11.47011,11.47201,0.00,0.00
2015.08.20 13:41:38.486,11.47031,11.4725,0.00,0.00
2015.08.20 13:41:38.595,11.47031,11.47302,0.00,0.00
2015.08.20 13:41:38.746,11.47031,11.47251,0.00,0.00
2015.08.20 13:41:39.301,11.47031,11.47201,0.00,0.00
2015.08.20 13:41:39.687,11.46961,11.47152,0.00,0.00
2015.08.20 13:41:39.796,11.46912,11.47152,0.00,0.00
2015.08.20 13:41:39.949,11.46888,11.47101,0.00,0.00
2015.08.20 13:41:40.000,11.46872,11.47101,0.00,0.00
2015.08.20 13:41:40.051,11.46921,11.47101,0.00,0.00
2015.08.20 13:41:41.145,11.46929,11.472,0.00,0.00
2015.08.20 13:41:41.201,11.46929,11.47151,0.00,0.00
2015.08.20 13:41:41.559,11.46909,11.47151,0.00,0.00
2015.08.20 13:41:42.033,11.46909,11.47102,0.00,0.00
2015.08.20 13:41:42.084,11.46861,11.47102,0.00,0.00
2015.08.20 13:41:42.527,11.46921,11.47102,0.00,0.00
2015.08.20 13:41:43.025,11.46921,11.47151,0.00,0.00
2015.08.20 13:41:43.126,11.46919,11.47151,0.00,0.00
2015.08.20 13:41:43.177,11.46898,11.47151,0.00,0.00
2015.08.20 13:41:43.227,11.46898,11.47101,0.00,0.00
2015.08.20 13:41:43.278,11.46862,11.47101,0.00,0.00
2015.08.20 13:41:43.328,11.46921,11.47101,0.00,0.00
2015.08.20 13:41:44.106,11.46912,11.47101,0.00,0.00
2015.08.20 13:41:44.358,11.46912,11.47152,0.00,0.00
2015.08.20 13:41:44.459,11.46898,11.47152,0.00,0.00
2015.08.20 13:41:45.059,11.46922,11.47102,0.00,0.00
2015.08.20 13:41:45.516,11.46911,11.47102,0.00,0.00
2015.08.20 13:41:45.567,11.46911,11.47201,0.00,0.00
2015.08.20 13:41:45.668,11.46899,11.47201,0.00,0.00
2015.08.20 13:41:45.718,11.46928,11.47201,0.00,0.00
2015.08.20 13:41:46.026,11.46928,11.47151,0.00,0.00
2015.08.20 13:41:46.977,11.47011,11.47201,0.00,0.00
2015.08.20 13:41:47.723,11.47032,11.47201,0.00,0.00
2015.08.20 13:41:48.249,11.47008,11.47251,0.00,0.00
2015.08.20 13:41:48.590,11.46992,11.47251,0.00,0.00
2015.08.20 13:41:49.456,11.46992,11.47202,0.00,0.00
2015.08.20 13:41:49.759,11.47032,11.4715,0.00,0.00
2015.08.20 13:41:50.162,11.46911,11.4715,0.00,0.00
2015.08.20 13:41:50.681,11.46831,11.47052,0.00,0.00
2015.08.20 13:41:51.338,11.46838,11.47052,0.00,0.00
2015.08.20 13:41:51.818,11.46831,11.47052,0.00,0.00
2015.08.20 13:41:51.930,11.46848,11.471,0.00,0.00
2015.08.20 13:41:52.031,11.46858,11.47102,0.00,0.00
2015.08.20 13:41:52.424,11.46831,11.47002,0.00,0.00
2015.08.20 13:41:52.475,11.46821,11.47002,0.00,0.00
2015.08.20 13:41:55.471,11.46839,11.47102,0.00,0.00
2015.08.20 13:41:55.522,11.46899,11.47102,0.00,0.00
2015.08.20 13:41:56.218,11.47102,11.47202,0.00,0.00
2015.08.20 13:41:56.269,11.47221,11.47452,0.00,0.00
2015.08.20 13:41:56.437,11.47221,11.47502,0.00,0.00
2015.08.20 13:41:56.588,11.47321,11.47502,0.00,0.00
2015.08.20 13:41:56.846,11.47221,11.47451,0.00,0.00
2015.08.20 13:41:57.900,11.47102,11.47202,0.00,0.00
2015.08.20 13:41:57.954,11.47021,11.47202,0.00,0.00
2015.08.20 13:41:58.005,11.47021,11.47161,0.00,0.00
2015.08.20 13:41:58.459,11.46949,11.47162,0.00,0.00
2015.08.20 13:41:58.560,11.46998,11.47162,0.00,0.00
2015.08.20 13:41:59.104,11.47121,11.47221,0.00,0.00
2015.08.20 13:41:59.155,11.47121,11.47262,0.00,0.00
2015.08.20 13:42:00.471,11.47122,11.47262,0.00,0.00
2015.08.20 13:42:01.627,11.47121,11.47262,0.00,0.00
2015.08.20 13:42:02.370,11.47121,11.47252,0.00,0.00
2015.08.20 13:42:02.850,11.47222,11.47327,0.00,0.00
2015.08.20 13:42:02.901,11.47221,11.47362,0.00,0.00
2015.08.20 13:42:03.403,11.47229,11.47362,0.00,0.00
2015.08.20 13:42:03.504,11.47229,11.47462,0.00,0.00
2015.08.20 13:42:03.555,11.47322,11.47462,0.00,0.00
2015.08.20 13:42:04.197,11.4723,11.47512,0.00,0.00
2015.08.20 13:42:04.371,11.4723,11.47467,0.00,0.00
2015.08.20 13:42:04.681,11.47322,11.47512,0.00,0.00
2015.08.20 13:42:04.732,11.47239,11.47512,0.00,0.00
2015.08.20 13:42:04.883,11.47321,11.47512,0.00,0.00
2015.08.20 13:42:05.521,11.47321,11.47462,0.00,0.00
2015.08.20 13:42:05.797,11.47321,11.47541,0.00,0.00
2015.08.20 13:42:05.898,11.47321,11.47561,0.00,0.00
2015.08.20 13:42:05.999,11.47232,11.47451,0.00,0.00
2015.08.20 13:42:06.325,11.47322,11.47451,0.00,0.00
2015.08.20 13:42:06.999,11.47322,11.4755,0.00,0.00
2015.08.20 13:42:07.104,11.47322,11.47502,0.00,0.00
2015.08.20 13:42:07.325,11.47329,11.47561,0.00,0.00
2015.08.20 13:42:07.375,11.47401,11.47561,0.00,0.00
2015.08.20 13:42:07.629,11.47258,11.47512,0.00,0.00
2015.08.20 13:42:07.680,11.47229,11.47462,0.00,0.00
2015.08.20 13:42:07.942,11.47259,11.47511,0.00,0.00
2015.08.20 13:42:08.753,11.47301,11.47511,0.00,0.00
2015.08.20 13:42:08.803,11.47301,11.47532,0.00,0.00
2015.08.20 13:42:08.972,11.47301,11.47481,0.00,0.00
2015.08.20 13:42:09.384,11.47262,11.47481,0.00,0.00
2015.08.20 13:42:10.079,11.47181,11.47381,0.00,0.00
2015.08.20 13:42:10.386,11.47181,11.47431,0.00,0.00
2015.08.20 13:42:10.487,11.47229,11.47431,0.00,0.00
2015.08.20 13:42:10.689,11.47162,11.47431,0.00,0.00
2015.08.20 13:42:10.740,11.47162,11.47382,0.00,0.00
2015.08.20 13:42:11.239,11.47162,11.47391,0.00,0.00
2015.08.20 13:42:11.765,11.47202,11.47391,0.00,0.00
2015.08.20 13:42:12.032,11.4715,11.47391,0.00,0.00
2015.08.20 13:42:12.083,11.47168,11.47441,0.00,0.00
2015.08.20 13:42:12.623,11.47129,11.47392,0.00,0.00
2015.08.20 13:42:12.925,11.47202,11.47392,0.00,0.00
2015.08.20 13:42:13.808,11.47202,11.47441,0.00,0.00
2015.08.20 13:42:13.859,11.47199,11.47441,0.00,0.00
2015.08.20 13:42:13.960,11.47149,11.47441,0.00,0.00
2015.08.20 13:42:14.011,11.47201,11.47441,0.00,0.00
2015.08.20 13:42:14.361,11.47201,11.47391,0.00,0.00
2015.08.20 13:42:15.041,11.47128,11.47341,0.00,0.00
2015.08.20 13:42:15.092,11.47048,11.47341,0.00,0.00
2015.08.20 13:42:15.194,11.47078,11.47341,0.00,0.00
2015.08.20 13:42:15.348,11.47058,11.47362,0.00,0.00
2015.08.20 13:42:15.399,11.47202,11.47362,0.00,0.00
2015.08.20 13:42:15.550,11.47102,11.4733,0.00,0.00
2015.08.20 13:42:15.600,11.47102,11.47211,0.00,0.00
2015.08.20 13:42:15.651,11.46978,11.47211,0.00,0.00
2015.08.20 13:42:15.804,11.47009,11.47262,0.00,0.00
2015.08.20 13:42:16.255,11.47002,11.47162,0.00,0.00
2015.08.20 13:42:16.781,11.47002,11.47192,0.00,0.00
2015.08.20 13:42:16.882,11.47002,11.47172,0.00,0.00
2015.08.20 13:42:17.083,11.46901,11.47172,0.00,0.00
2015.08.20 13:42:17.134,11.46901,11.47122,0.00,0.00
2015.08.20 13:42:18.209,11.46901,11.47171,0.00,0.00
2015.08.20 13:42:18.260,11.4693,11.47171,0.00,0.00
2015.08.20 13:42:18.562,11.46952,11.47121,0.00,0.00
2015.08.20 13:42:18.663,11.46952,11.47172,0.00,0.00
2015.08.20 13:42:19.568,11.47012,11.47122,0.00,0.00
2015.08.20 13:42:19.622,11.46902,11.47122,0.00,0.00
2015.08.20 13:42:20.860,11.46929,11.47122,0.00,0.00
2015.08.20 13:42:21.011,11.46908,11.47122,0.00,0.00
2015.08.20 13:42:21.112,11.46902,11.47122,0.00,0.00
2015.08.20 13:42:21.545,11.46929,11.47122,0.00,0.00
2015.08.20 13:42:21.646,11.46902,11.47122,0.00,0.00
2015.08.20 13:42:22.081,11.46902,11.47131,0.00,0.00
2015.08.20 13:42:22.182,11.46929,11.47131,0.00,0.00
2015.08.20 13:42:22.283,11.46902,11.47131,0.00,0.00
2015.08.20 13:42:23.470,11.46929,11.47181,0.00,0.00
2015.08.20 13:42:23.570,11.46951,11.47231,0.00,0.00
2015.08.20 13:42:23.823,11.46951,11.47182,0.00,0.00
2015.08.20 13:42:26.133,11.46951,11.47211,0.00,0.00
2015.08.20 13:42:26.585,11.47079,11.47381,0.00,0.00
2015.08.20 13:42:26.635,11.47142,11.47381,0.00,0.00
2015.08.20 13:42:26.938,11.47041,11.47232,0.00,0.00
2015.08.20 13:42:26.988,11.47011,11.47232,0.00,0.00
2015.08.20 13:42:27.448,11.47011,11.47261,0.00,0.00
2015.08.20 13:42:27.499,11.47011,11.47282,0.00,0.00
2015.08.20 13:42:27.931,11.47011,11.47261,0.00,0.00
2015.08.20 13:42:28.258,11.47011,11.47231,0.00,0.00
2015.08.20 13:42:28.521,11.46991,11.47231,0.00,0.00
2015.08.20 13:42:29.726,11.47012,11.47231,0.00,0.00
2015.08.20 13:42:29.777,11.47012,11.47282,0.00,0.00
2015.08.20 13:42:29.827,11.47041,11.47282,0.00,0.00
2015.08.20 13:42:30.429,11.47041,11.47311,0.00,0.00
2015.08.20 13:42:30.530,11.47041,11.47331,0.00,0.00
2015.08.20 13:42:30.929,11.47041,11.47282,0.00,0.00
2015.08.20 13:42:31.714,11.47041,11.4726,0.00,0.00
2015.08.20 13:42:31.816,11.47011,11.47232,0.00,0.00
2015.08.20 13:42:35.010,11.46991,11.47232,0.00,0.00
2015.08.20 13:42:38.762,11.47003,11.47232,0.00,0.00
2015.08.20 13:42:39.116,11.4703,11.4729,0.00,0.00
2015.08.20 13:42:39.166,11.47091,11.4729,0.00,0.00
2015.08.20 13:42:39.218,11.47091,11.47319,0.00,0.00
2015.08.20 13:42:39.269,11.47038,11.47328,0.00,0.00
2015.08.20 13:42:39.320,11.4703,11.47328,0.00,0.00
2015.08.20 13:42:39.421,11.47092,11.47331,0.00,0.00
2015.08.20 13:42:42.424,11.47092,11.47282,0.00,0.00
2015.08.20 13:42:42.576,11.47011,11.47282,0.00,0.00
2015.08.20 13:42:42.677,11.47051,11.47281,0.00,0.00
2015.08.20 13:42:43.208,11.47051,11.4731,0.00,0.00
2015.08.20 13:42:43.262,11.47051,11.47332,0.00,0.00
2015.08.20 13:42:43.364,11.47091,11.47332,0.00,0.00
2015.08.20 13:42:43.781,11.47102,11.47332,0.00,0.00
2015.08.20 13:42:44.416,11.47092,11.47332,0.00,0.00
2015.08.20 13:42:46.765,11.47101,11.47332,0.00,0.00
2015.08.20 13:42:47.486,11.47101,11.4736,0.00,0.00
2015.08.20 13:42:47.587,11.47129,11.47382,0.00,0.00
2015.08.20 13:42:47.949,11.47202,11.47432,0.00,0.00
2015.08.20 13:42:48.433,11.47202,11.47381,0.00,0.00
2015.08.20 13:42:48.484,11.47152,11.47381,0.00,0.00
2015.08.20 13:42:48.589,11.47152,11.47332,0.00,0.00
2015.08.20 13:42:48.640,11.47101,11.47332,0.00,0.00
2015.08.20 13:42:50.132,11.47151,11.47381,0.00,0.00
2015.08.20 13:42:51.302,11.47191,11.47431,0.00,0.00
2015.08.20 13:42:51.403,11.47201,11.47431,0.00,0.00
2015.08.20 13:42:53.499,11.4723,11.47431,0.00,0.00
2015.08.20 13:42:53.550,11.4723,11.47481,0.00,0.00
2015.08.20 13:42:53.948,11.47252,11.47481,0.00,0.00
2015.08.20 13:42:54.049,11.47231,11.47481,0.00,0.00
2015.08.20 13:42:54.200,11.47231,11.47432,0.00,0.00
2015.08.20 13:42:54.251,11.47202,11.47432,0.00,0.00
2015.08.20 13:42:54.415,11.47202,11.47482,0.00,0.00
2015.08.20 13:42:54.466,11.47231,11.47482,0.00,0.00
2015.08.20 13:42:54.774,11.47292,11.47532,0.00,0.00
2015.08.20 13:42:56.655,11.47302,11.47532,0.00,0.00
2015.08.20 13:42:57.993,11.47291,11.47532,0.00,0.00
2015.08.20 13:42:58.446,11.47301,11.47532,0.00,0.00
2015.08.20 13:42:58.897,11.47201,11.47461,0.00,0.00
2015.08.20 13:42:59.390,11.47201,11.47431,0.00,0.00
2015.08.20 13:42:59.441,11.47129,11.47431,0.00,0.00
2015.08.20 13:42:59.491,11.47121,11.47381,0.00,0.00
2015.08.20 13:43:00.526,11.47191,11.47432,0.00,0.00
2015.08.20 13:43:00.628,11.47091,11.47381,0.00,0.00
2015.08.20 13:43:00.730,11.47192,11.47382,0.00,0.00
2015.08.20 13:43:00.831,11.47081,11.47382,0.00,0.00
2015.08.20 13:43:01.846,11.47068,11.47282,0.00,0.00
2015.08.20 13:43:01.897,11.47021,11.47282,0.00,0.00
2015.08.20 13:43:02.228,11.47129,11.47339,0.00,0.00
2015.08.20 13:43:02.531,11.47122,11.47332,0.00,0.00
2015.08.20 13:43:02.767,11.47122,11.4736,0.00,0.00
2015.08.20 13:43:03.229,11.47122,11.47381,0.00,0.00
2015.08.20 13:43:03.280,11.47081,11.47381,0.00,0.00
2015.08.20 13:43:04.615,11.47086,11.47281,0.00,0.00
2015.08.20 13:43:04.666,11.47086,11.47311,0.00,0.00
2015.08.20 13:43:04.767,11.47032,11.47282,0.00,0.00
2015.08.20 13:43:05.648,11.47032,11.4731,0.00,0.00
2015.08.20 13:43:05.699,11.47043,11.4731,0.00,0.00
2015.08.20 13:43:05.800,11.47039,11.47311,0.00,0.00
2015.08.20 13:43:05.851,11.47039,11.47281,0.00,0.00
2015.08.20 13:43:05.978,11.47032,11.47281,0.00,0.00
2015.08.20 13:43:06.543,11.47032,11.47231,0.00,0.00
2015.08.20 13:43:06.594,11.47012,11.47231,0.00,0.00
2015.08.20 13:43:07.826,11.47046,11.47231,0.00,0.00
2015.08.20 13:43:07.977,11.47216,11.47431,0.00,0.00
2015.08.20 13:43:08.532,11.47192,11.47431,0.00,0.00
2015.08.20 13:43:08.598,11.47192,11.47461,0.00,0.00
2015.08.20 13:43:09.057,11.47252,11.47432,0.00,0.00
2015.08.20 13:43:09.108,11.47252,11.47481,0.00,0.00
2015.08.20 13:43:09.934,11.47252,11.47532,0.00,0.00
2015.08.20 13:43:10.732,11.4733,11.47622,0.00,0.00
2015.08.20 13:43:10.782,11.47392,11.47632,0.00,0.00
2015.08.20 13:43:10.833,11.47392,11.47661,0.00,0.00
2015.08.20 13:43:10.883,11.47429,11.47682,0.00,0.00
2015.08.20 13:43:10.985,11.47392,11.47682,0.00,0.00
2015.08.20 13:43:11.035,11.47392,11.47632,0.00,0.00
2015.08.20 13:43:11.524,11.47401,11.47632,0.00,0.00
2015.08.20 13:43:11.575,11.47429,11.47682,0.00,0.00
2015.08.20 13:43:12.042,11.47492,11.47682,0.00,0.00
2015.08.20 13:43:12.093,11.47451,11.47681,0.00,0.00
2015.08.20 13:43:12.625,11.47451,11.47682,0.00,0.00
2015.08.20 13:43:12.726,11.47491,11.47732,0.00,0.00
2015.08.20 13:43:12.827,11.47512,11.4776,0.00,0.00
2015.08.20 13:43:12.928,11.47551,11.47761,0.00,0.00
2015.08.20 13:43:12.978,11.47551,11.47781,0.00,0.00
2015.08.20 13:43:13.079,11.47551,11.4776,0.00,0.00
2015.08.20 13:43:13.591,11.47551,11.47731,0.00,0.00
2015.08.20 13:43:13.642,11.47551,11.47782,0.00,0.00
2015.08.20 13:43:13.693,11.47551,11.4776,0.00,0.00
2015.08.20 13:43:13.744,11.47528,11.4776,0.00,0.00
2015.08.20 13:43:13.844,11.47551,11.47782,0.00,0.00
2015.08.20 13:43:14.155,11.47551,11.47731,0.00,0.00
2015.08.20 13:43:14.424,11.47551,11.4781,0.00,0.00
2015.08.20 13:43:14.836,11.47551,11.47831,0.00,0.00
2015.08.20 13:43:14.895,11.47586,11.47781,0.00,0.00
2015.08.20 13:43:14.996,11.47586,11.47832,0.00,0.00
2015.08.20 13:43:15.056,11.47615,11.47832,0.00,0.00
2015.08.20 13:43:15.448,11.47615,11.47732,0.00,0.00
2015.08.20 13:43:15.498,11.47592,11.47732,0.00,0.00
2015.08.20 13:43:15.839,11.47528,11.47761,0.00,0.00
2015.08.20 13:43:15.889,11.47511,11.47731,0.00,0.00
2015.08.20 13:43:16.372,11.47511,11.47781,0.00,0.00
2015.08.20 13:43:16.473,11.47547,11.4776,0.00,0.00
2015.08.20 13:43:16.574,11.47547,11.47809,0.00,0.00
2015.08.20 13:43:16.675,11.47547,11.4776,0.00,0.00
2015.08.20 13:43:16.776,11.47547,11.47781,0.00,0.00
2015.08.20 13:43:16.877,11.47547,11.47761,0.00,0.00
2015.08.20 13:43:17.028,11.47511,11.47731,0.00,0.00
2015.08.20 13:43:18.425,11.47511,11.47731,0.00,0.00
2015.08.20 13:43:20.767,11.47501,11.47731,0.00,0.00
2015.08.20 13:43:20.824,11.47501,11.47782,0.00,0.00
2015.08.20 13:43:20.955,11.47512,11.47782,0.00,0.00
2015.08.20 13:43:21.283,11.47539,11.47831,0.00,0.00
2015.08.20 13:43:21.333,11.47591,11.47831,0.00,0.00
2015.08.20 13:43:22.104,11.47602,11.47831,0.00,0.00
2015.08.20 13:43:22.437,11.47591,11.47782,0.00,0.00
2015.08.20 13:43:22.538,11.47522,11.47782,0.00,0.00
2015.08.20 13:43:23.370,11.47512,11.47782,0.00,0.00
2015.08.20 13:43:23.884,11.47529,11.47831,0.00,0.00
2015.08.20 13:43:23.935,11.47592,11.47831,0.00,0.00
2015.08.20 13:43:25.415,11.47592,11.4781,0.00,0.00
2015.08.20 13:43:25.466,11.47511,11.47781,0.00,0.00
2015.08.20 13:43:25.870,11.47511,11.47731,0.00,0.00
2015.08.20 13:43:26.724,11.47512,11.47732,0.00,0.00
2015.08.20 13:43:26.781,11.47492,11.47732,0.00,0.00
2015.08.20 13:43:27.613,11.4758,11.47732,0.00,0.00
2015.08.20 13:43:27.664,11.4758,11.47782,0.00,0.00
2015.08.20 13:43:27.714,11.47601,11.47782,0.00,0.00
2015.08.20 13:43:28.143,11.47601,11.47861,0.00,0.00
2015.08.20 13:43:28.193,11.47621,11.47831,0.00,0.00
2015.08.20 13:43:28.768,11.47601,11.47831,0.00,0.00
2015.08.20 13:43:28.869,11.47629,11.4786,0.00,0.00
2015.08.20 13:43:28.920,11.47692,11.47931,0.00,0.00
2015.08.20 13:43:29.618,11.47692,11.47942,0.00,0.00
2015.08.20 13:43:29.770,11.47702,11.4796,0.00,0.00
2015.08.20 13:43:29.871,11.47702,11.47931,0.00,0.00
2015.08.20 13:43:30.173,11.47702,11.47882,0.00,0.00
2015.08.20 13:43:30.419,11.47702,11.47931,0.00,0.00
2015.08.20 13:43:31.776,11.47701,11.47931,0.00,0.00
2015.08.20 13:43:31.937,11.47701,11.47881,0.00,0.00
2015.08.20 13:43:31.988,11.47579,11.47881,0.00,0.00
2015.08.20 13:43:32.433,11.47629,11.47931,0.00,0.00
2015.08.20 13:43:32.781,11.47701,11.47931,0.00,0.00
2015.08.20 13:43:33.615,11.47622,11.47881,0.00,0.00
2015.08.20 13:43:34.084,11.47599,11.47881,0.00,0.00
2015.08.20 13:43:34.185,11.47702,11.47932,0.00,0.00
2015.08.20 13:43:34.836,11.47601,11.47831,0.00,0.00
2015.08.20 13:43:34.938,11.4754,11.47782,0.00,0.00
2015.08.20 13:43:35.039,11.47488,11.47782,0.00,0.00
2015.08.20 13:43:35.241,11.4751,11.47781,0.00,0.00
2015.08.20 13:43:35.544,11.47488,11.47761,0.00,0.00
2015.08.20 13:43:35.595,11.47502,11.47731,0.00,0.00
2015.08.20 13:43:36.087,11.47502,11.47761,0.00,0.00
2015.08.20 13:43:36.138,11.47502,11.47731,0.00,0.00
2015.08.20 13:43:36.899,11.47529,11.4776,0.00,0.00
2015.08.20 13:43:37.000,11.47529,11.47811,0.00,0.00
2015.08.20 13:43:37.100,11.47498,11.47782,0.00,0.00
2015.08.20 13:43:37.201,11.47528,11.47811,0.00,0.00
2015.08.20 13:43:37.688,11.47601,11.47811,0.00,0.00
2015.08.20 13:43:37.791,11.47528,11.4781,0.00,0.00
2015.08.20 13:43:37.891,11.47519,11.47781,0.00,0.00
2015.08.20 13:43:37.942,11.47488,11.47781,0.00,0.00
2015.08.20 13:43:38.075,11.47488,11.47732,0.00,0.00
2015.08.20 13:43:38.377,11.47501,11.47732,0.00,0.00
2015.08.20 13:43:38.428,11.47501,11.47761,0.00,0.00
2015.08.20 13:43:38.843,11.47479,11.47761,0.00,0.00
2015.08.20 13:43:38.900,11.47479,11.47732,0.00,0.00
2015.08.20 13:43:39.109,11.47479,11.47781,0.00,0.00
2015.08.20 13:43:39.260,11.47498,11.47781,0.00,0.00
2015.08.20 13:43:39.512,11.47489,11.47781,0.00,0.00
2015.08.20 13:43:39.563,11.47488,11.4776,0.00,0.00
2015.08.20 13:43:40.112,11.47502,11.47732,0.00,0.00
2015.08.20 13:43:40.424,11.47511,11.47732,0.00,0.00
2015.08.20 13:43:40.525,11.47529,11.47761,0.00,0.00
2015.08.20 13:43:40.626,11.47591,11.47831,0.00,0.00
2015.08.20 13:43:40.726,11.47591,11.47781,0.00,0.00
2015.08.20 13:43:40.883,11.47512,11.47781,0.00,0.00
2015.08.20 13:43:41.847,11.47529,11.47831,0.00,0.00
2015.08.20 13:43:41.906,11.47591,11.47831,0.00,0.00
2015.08.20 13:43:43.199,11.47512,11.47761,0.00,0.00
2015.08.20 13:43:43.250,11.47512,11.47731,0.00,0.00
2015.08.20 13:43:44.290,11.47512,11.47682,0.00,0.00
2015.08.20 13:43:44.342,11.47401,11.47661,0.00,0.00
2015.08.20 13:43:44.392,11.47401,11.47632,0.00,0.00
2015.08.20 13:43:44.506,11.47328,11.4756,0.00,0.00
2015.08.20 13:43:44.607,11.47301,11.47582,0.00,0.00
2015.08.20 13:43:44.758,11.47314,11.47582,0.00,0.00
2015.08.20 13:43:44.859,11.47279,11.47561,0.00,0.00
2015.08.20 13:43:44.910,11.47251,11.47531,0.00,0.00
2015.08.20 13:43:45.504,11.47324,11.47629,0.00,0.00
2015.08.20 13:43:45.555,11.47386,11.47631,0.00,0.00
2015.08.20 13:43:46.273,11.47397,11.47631,0.00,0.00
2015.08.20 13:43:48.675,11.47402,11.47682,0.00,0.00
2015.08.20 13:43:48.776,11.47418,11.4755,0.00,0.00
2015.08.20 13:43:48.927,11.47378,11.47532,0.00,0.00
2015.08.20 13:43:48.978,11.47301,11.47532,0.00,0.00
2015.08.20 13:43:51.022,11.47291,11.47532,0.00,0.00
2015.08.20 13:43:53.546,11.47248,11.47481,0.00,0.00
2015.08.20 13:43:53.597,11.47199,11.47482,0.00,0.00
2015.08.20 13:43:53.699,11.47209,11.47482,0.00,0.00
2015.08.20 13:43:53.916,11.47198,11.47482,0.00,0.00
2015.08.20 13:43:53.976,11.47209,11.47482,0.00,0.00
2015.08.20 13:43:54.026,11.4724,11.47532,0.00,0.00
2015.08.20 13:43:54.077,11.47291,11.47532,0.00,0.00
2015.08.20 13:43:56.704,11.47292,11.47532,0.00,0.00
2015.08.20 13:43:57.765,11.47292,11.4756,0.00,0.00
2015.08.20 13:43:57.815,11.47321,11.4756,0.00,0.00
2015.08.20 13:43:57.866,11.4734,11.47582,0.00,0.00
2015.08.20 13:43:57.917,11.47401,11.47582,0.00,0.00
2015.08.20 13:43:58.018,11.47401,11.47632,0.00,0.00
2015.08.20 13:43:58.068,11.47429,11.47632,0.00,0.00
2015.08.20 13:43:58.119,11.47438,11.47682,0.00,0.00
2015.08.20 13:43:58.220,11.47429,11.47682,0.00,0.00
2015.08.20 13:43:58.271,11.47451,11.47682,0.00,0.00
2015.08.20 13:43:58.624,11.47459,11.47632,0.00,0.00
2015.08.20 13:43:58.677,11.47459,11.47731,0.00,0.00
2015.08.20 13:43:58.727,11.47491,11.47731,0.00,0.00
2015.08.20 13:43:59.148,11.47511,11.47731,0.00,0.00
2015.08.20 13:44:00.507,11.47451,11.47682,0.00,0.00
2015.08.20 13:44:00.713,11.47401,11.47682,0.00,0.00
2015.08.20 13:44:00.764,11.47401,11.47632,0.00,0.00
2015.08.20 13:44:00.864,11.47401,11.47681,0.00,0.00
2015.08.20 13:44:00.915,11.47451,11.47681,0.00,0.00
2015.08.20 13:44:01.496,11.47451,11.47682,0.00,0.00
2015.08.20 13:44:02.057,11.47451,11.47731,0.00,0.00
2015.08.20 13:44:02.107,11.47491,11.47731,0.00,0.00
2015.08.20 13:44:03.839,11.47491,11.47681,0.00,0.00
2015.08.20 13:44:03.890,11.47451,11.47681,0.00,0.00
2015.08.20 13:44:05.355,11.47402,11.47632,0.00,0.00
2015.08.20 13:44:06.795,11.47402,11.47631,0.00,0.00
2015.08.20 13:44:07.126,11.47392,11.47632,0.00,0.00
2015.08.20 13:44:07.696,11.47392,11.47581,0.00,0.00
2015.08.20 13:44:07.747,11.47301,11.47581,0.00,0.00
2015.08.20 13:44:07.848,11.47351,11.47581,0.00,0.00
2015.08.20 13:44:09.041,11.47322,11.47581,0.00,0.00
2015.08.20 13:44:09.092,11.47322,11.47561,0.00,0.00
2015.08.20 13:44:09.653,11.47221,11.47481,0.00,0.00
2015.08.20 13:44:11.115,11.47279,11.47572,0.00,0.00
2015.08.20 13:44:11.166,11.47321,11.47561,0.00,0.00
2015.08.20 13:44:11.468,11.47208,11.47461,0.00,0.00
2015.08.20 13:44:11.519,11.47202,11.47461,0.00,0.00
2015.08.20 13:44:12.010,11.47251,11.47431,0.00,0.00
2015.08.20 13:44:12.068,11.47251,11.47481,0.00,0.00
2015.08.20 13:44:12.221,11.47251,11.47532,0.00,0.00
2015.08.20 13:44:12.272,11.47251,11.47511,0.00,0.00
2015.08.20 13:44:12.574,11.47251,11.47482,0.00,0.00
2015.08.20 13:44:13.750,11.47291,11.47511,0.00,0.00
2015.08.20 13:44:13.800,11.47291,11.47531,0.00,0.00
2015.08.20 13:44:16.737,11.47229,11.47521,0.00,0.00
2015.08.20 13:44:17.130,11.47201,11.47431,0.00,0.00
2015.08.20 13:44:17.453,11.47201,11.47461,0.00,0.00
2015.08.20 13:44:17.504,11.47201,11.47481,0.00,0.00
2015.08.20 13:44:17.555,11.47208,11.47481,0.00,0.00
2015.08.20 13:44:17.948,11.47201,11.47481,0.00,0.00
2015.08.20 13:44:17.999,11.47251,11.47481,0.00,0.00
2015.08.20 13:44:18.507,11.47252,11.47481,0.00,0.00
2015.08.20 13:44:20.013,11.47252,11.47432,0.00,0.00
2015.08.20 13:44:20.063,11.47201,11.47432,0.00,0.00
2015.08.20 13:44:20.729,11.47202,11.47432,0.00,0.00
2015.08.20 13:44:21.417,11.47202,11.47481,0.00,0.00
2015.08.20 13:44:21.467,11.47251,11.47481,0.00,0.00
2015.08.20 13:44:21.677,11.47201,11.4746,0.00,0.00
2015.08.20 13:44:21.778,11.47201,11.47432,0.00,0.00
2015.08.20 13:44:22.189,11.47251,11.47461,0.00,0.00
2015.08.20 13:44:22.248,11.47251,11.47481,0.00,0.00
2015.08.20 13:44:23.292,11.47251,11.47511,0.00,0.00
2015.08.20 13:44:24.111,11.47251,11.47481,0.00,0.00
2015.08.20 13:44:25.050,11.47251,11.47511,0.00,0.00
2015.08.20 13:44:25.151,11.47251,11.47532,0.00,0.00
2015.08.20 13:44:25.631,11.47302,11.47532,0.00,0.00
2015.08.20 13:44:25.957,11.47302,11.47431,0.00,0.00
2015.08.20 13:44:26.008,11.47222,11.47431,0.00,0.00
2015.08.20 13:44:26.211,11.47201,11.47431,0.00,0.00
2015.08.20 13:44:27.728,11.47192,11.47431,0.00,0.00
2015.08.20 13:44:27.881,11.47201,11.47431,0.00,0.00
2015.08.20 13:44:28.607,11.47192,11.47431,0.00,0.00
2015.08.20 13:44:29.922,11.47192,11.47381,0.00,0.00
2015.08.20 13:44:30.073,11.47101,11.47361,0.00,0.00
2015.08.20 13:44:30.123,11.47101,11.47331,0.00,0.00
2015.08.20 13:44:30.837,11.47101,11.47332,0.00,0.00
2015.08.20 13:44:34.875,11.47101,11.4736,0.00,0.00
2015.08.20 13:44:34.976,11.47191,11.47382,0.00,0.00
2015.08.20 13:44:35.077,11.47191,11.47432,0.00,0.00
2015.08.20 13:44:35.949,11.47201,11.47432,0.00,0.00
2015.08.20 13:44:37.585,11.47191,11.47432,0.00,0.00
2015.08.20 13:44:38.088,11.47129,11.47432,0.00,0.00
2015.08.20 13:44:38.140,11.47101,11.47382,0.00,0.00
2015.08.20 13:44:38.525,11.47101,11.4736,0.00,0.00
2015.08.20 13:44:39.180,11.47101,11.47332,0.00,0.00
2015.08.20 13:44:39.730,11.47102,11.47332,0.00,0.00
2015.08.20 13:44:40.033,11.47071,11.47332,0.00,0.00
2015.08.20 13:44:40.510,11.47061,11.47282,0.00,0.00
2015.08.20 13:44:40.560,11.47061,11.47332,0.00,0.00
2015.08.20 13:44:41.815,11.47091,11.47332,0.00,0.00
2015.08.20 13:44:44.876,11.47091,11.47331,0.00,0.00
2015.08.20 13:44:45.189,11.47091,11.47321,0.00,0.00
2015.08.20 13:44:45.929,11.47091,11.47272,0.00,0.00
2015.08.20 13:44:46.104,11.47091,11.47322,0.00,0.00
2015.08.20 13:44:47.274,11.47091,11.47372,0.00,0.00
2015.08.20 13:44:47.781,11.47092,11.47372,0.00,0.00
2015.08.20 13:44:48.507,11.47072,11.47322,0.00,0.00
2015.08.20 13:44:48.835,11.47091,11.47272,0.00,0.00
2015.08.20 13:44:49.036,11.47091,11.47321,0.00,0.00
2015.08.20 13:44:49.839,11.47102,11.47321,0.00,0.00
2015.08.20 13:44:54.436,11.47102,11.47372,0.00,0.00
2015.08.20 13:44:54.536,11.47092,11.47372,0.00,0.00
2015.08.20 13:44:55.736,11.47291,11.47492,0.00,0.00
2015.08.20 13:44:55.787,11.47291,11.47522,0.00,0.00
2015.08.20 13:44:59.805,11.47291,11.47422,0.00,0.00
2015.08.20 13:44:59.914,11.47211,11.47411,0.00,0.00
2015.08.20 13:44:59.965,11.47121,11.47411,0.00,0.00
2015.08.20 13:45:00.024,11.47121,11.47391,0.00,0.00
2015.08.20 13:45:00.713,11.47121,11.47431,0.00,0.00
2015.08.20 13:45:00.764,11.47121,11.47442,0.00,0.00
2015.08.20 13:45:00.814,11.47191,11.47442,0.00,0.00
2015.08.20 13:45:01.186,11.47201,11.47442,0.00,0.00
2015.08.20 13:45:01.493,11.47251,11.47442,0.00,0.00
2015.08.20 13:45:01.973,11.47251,11.47492,0.00,0.00
2015.08.20 13:45:02.224,11.47251,11.47541,0.00,0.00
2015.08.20 13:45:02.334,11.47292,11.47542,0.00,0.00
2015.08.20 13:45:03.154,11.47301,11.47542,0.00,0.00
2015.08.20 13:45:04.420,11.47302,11.47542,0.00,0.00
2015.08.20 13:45:04.472,11.47311,11.4759,0.00,0.00
2015.08.20 13:45:04.572,11.47392,11.47591,0.00,0.00
2015.08.20 13:45:04.623,11.47392,11.47641,0.00,0.00
2015.08.20 13:45:06.013,11.47401,11.47641,0.00,0.00
2015.08.20 13:45:06.515,11.47401,11.47651,0.00,0.00
2015.08.20 13:45:06.566,11.47502,11.47691,0.00,0.00
2015.08.20 13:45:06.768,11.47511,11.47741,0.00,0.00
2015.08.20 13:45:08.056,11.47511,11.47722,0.00,0.00
2015.08.20 13:45:13.222,11.47511,11.47672,0.00,0.00
2015.08.20 13:45:13.273,11.47492,11.47672,0.00,0.00
2015.08.20 13:45:13.374,11.47412,11.47622,0.00,0.00
2015.08.20 13:45:14.277,11.47401,11.47622,0.00,0.00
2015.08.20 13:45:15.606,11.47411,11.4767,0.00,0.00
2015.08.20 13:45:15.657,11.47411,11.47571,0.00,0.00
2015.08.20 13:45:16.131,11.47352,11.47571,0.00,0.00
2015.08.20 13:45:17.703,11.47302,11.47522,0.00,0.00
2015.08.20 13:45:18.441,11.47292,11.47522,0.00,0.00
2015.08.20 13:45:18.491,11.47292,11.47472,0.00,0.00
2015.08.20 13:45:18.930,11.47292,11.47522,0.00,0.00
2015.08.20 13:45:19.546,11.47301,11.47522,0.00,0.00
2015.08.20 13:45:20.088,11.47302,11.47522,0.00,0.00
2015.08.20 13:45:20.139,11.47302,11.47571,0.00,0.00
2015.08.20 13:45:20.190,11.47351,11.47571,0.00,0.00
2015.08.20 13:45:20.501,11.47301,11.47521,0.00,0.00
2015.08.20 13:45:22.428,11.47351,11.47571,0.00,0.00
2015.08.20 13:45:24.517,11.47351,11.47522,0.00,0.00
2015.08.20 13:45:24.568,11.47302,11.47522,0.00,0.00
2015.08.20 13:45:25.250,11.47402,11.4757,0.00,0.00
2015.08.20 13:45:25.301,11.47402,11.47592,0.00,0.00
2015.08.20 13:45:25.352,11.47402,11.47622,0.00,0.00
2015.08.20 13:45:26.728,11.47402,11.47522,0.00,0.00
2015.08.20 13:45:26.829,11.47391,11.47522,0.00,0.00
2015.08.20 13:45:26.930,11.47302,11.47522,0.00,0.00
2015.08.20 13:45:28.990,11.47291,11.47522,0.00,0.00
2015.08.20 13:45:29.040,11.47291,11.47421,0.00,0.00
2015.08.20 13:45:29.483,11.47202,11.47421,0.00,0.00
2015.08.20 13:45:29.669,11.47202,11.4747,0.00,0.00
2015.08.20 13:45:29.770,11.47211,11.4747,0.00,0.00
2015.08.20 13:45:29.871,11.47201,11.47471,0.00,0.00
2015.08.20 13:45:29.922,11.47201,11.47422,0.00,0.00
2015.08.20 13:45:33.736,11.47211,11.47471,0.00,0.00
2015.08.20 13:45:33.794,11.47252,11.47471,0.00,0.00
2015.08.20 13:45:34.540,11.47211,11.47421,0.00,0.00
2015.08.20 13:45:34.812,11.47202,11.47421,0.00,0.00
2015.08.20 13:45:35.852,11.47202,11.47471,0.00,0.00
2015.08.20 13:45:35.903,11.47252,11.47471,0.00,0.00
2015.08.20 13:45:36.401,11.47252,11.47522,0.00,0.00
2015.08.20 13:45:36.452,11.47291,11.47522,0.00,0.00
2015.08.20 13:45:37.297,11.47302,11.47521,0.00,0.00
2015.08.20 13:45:38.993,11.47201,11.47421,0.00,0.00
2015.08.20 13:45:41.777,11.47252,11.47471,0.00,0.00
2015.08.20 13:45:43.542,11.47252,11.47421,0.00,0.00
2015.08.20 13:45:43.592,11.47211,11.47421,0.00,0.00
2015.08.20 13:45:43.643,11.47202,11.47421,0.00,0.00
2015.08.20 13:45:44.507,11.47102,11.47372,0.00,0.00
2015.08.20 13:45:44.658,11.47102,11.47322,0.00,0.00
2015.08.20 13:45:45.822,11.47112,11.47322,0.00,0.00
2015.08.20 13:45:45.873,11.47112,11.4737,0.00,0.00
2015.08.20 13:45:45.923,11.47151,11.47371,0.00,0.00
2015.08.20 13:45:46.089,11.47151,11.47422,0.00,0.00
2015.08.20 13:45:46.140,11.47192,11.47422,0.00,0.00
2015.08.20 13:45:46.925,11.47201,11.47422,0.00,0.00
2015.08.20 13:45:47.675,11.47202,11.47422,0.00,0.00
2015.08.20 13:45:49.543,11.47201,11.47422,0.00,0.00
2015.08.20 13:45:51.506,11.47251,11.47472,0.00,0.00
2015.08.20 13:45:52.900,11.47251,11.47421,0.00,0.00
2015.08.20 13:45:53.052,11.47201,11.47421,0.00,0.00
2015.08.20 13:45:55.052,11.47301,11.47421,0.00,0.00
2015.08.20 13:45:55.103,11.47301,11.4747,0.00,0.00
2015.08.20 13:45:55.207,11.47301,11.47521,0.00,0.00
2015.08.20 13:45:55.707,11.47301,11.47472,0.00,0.00
2015.08.20 13:45:56.062,11.47301,11.47521,0.00,0.00
2015.08.20 13:45:56.415,11.47291,11.47471,0.00,0.00
2015.08.20 13:45:56.718,11.47202,11.47321,0.00,0.00
2015.08.20 13:45:57.191,11.47101,11.47321,0.00,0.00
2015.08.20 13:45:58.996,11.47101,11.47322,0.00,0.00
2015.08.20 13:45:59.047,11.47101,11.47227,0.00,0.00
2015.08.20 13:45:59.097,11.47011,11.47227,0.00,0.00
2015.08.20 13:45:59.198,11.47092,11.47227,0.00,0.00
2015.08.20 13:45:59.299,11.47092,11.47321,0.00,0.00
2015.08.20 13:45:59.631,11.47051,11.47276,0.00,0.00
2015.08.20 13:46:00.103,11.47101,11.4732,0.00,0.00
2015.08.20 13:46:00.633,11.47101,11.47321,0.00,0.00
2015.08.20 13:46:05.436,11.47111,11.47321,0.00,0.00
2015.08.20 13:46:05.541,11.47111,11.4737,0.00,0.00
2015.08.20 13:46:05.654,11.47152,11.47371,0.00,0.00
2015.08.20 13:46:06.210,11.47202,11.4742,0.00,0.00
2015.08.20 13:46:06.260,11.47202,11.47422,0.00,0.00
2015.08.20 13:46:12.095,11.47101,11.47322,0.00,0.00
2015.08.20 13:46:18.513,11.47107,11.4737,0.00,0.00
2015.08.20 13:46:18.914,11.47166,11.4737,0.00,0.00
2015.08.20 13:46:18.965,11.47166,11.47422,0.00,0.00
2015.08.20 13:46:19.491,11.47197,11.47422,0.00,0.00
2015.08.20 13:46:20.820,11.47171,11.47422,0.00,0.00
2015.08.20 13:46:22.068,11.47182,11.47422,0.00,0.00
2015.08.20 13:46:22.132,11.47182,11.47471,0.00,0.00
2015.08.20 13:46:22.183,11.47232,11.47471,0.00,0.00
2015.08.20 13:46:22.284,11.47181,11.47471,0.00,0.00
2015.08.20 13:46:22.385,11.47181,11.47421,0.00,0.00
2015.08.20 13:46:22.687,11.47221,11.47321,0.00,0.00
2015.08.20 13:46:22.738,11.47122,11.47321,0.00,0.00
2015.08.20 13:46:22.839,11.47081,11.47321,0.00,0.00
2015.08.20 13:46:23.716,11.47111,11.47372,0.00,0.00
2015.08.20 13:46:23.817,11.47131,11.47372,0.00,0.00
2015.08.20 13:46:24.861,11.47081,11.47322,0.00,0.00
2015.08.20 13:46:25.322,11.47081,11.4737,0.00,0.00
2015.08.20 13:46:25.639,11.47171,11.47421,0.00,0.00
2015.08.20 13:46:26.788,11.47212,11.47472,0.00,0.00
2015.08.20 13:46:27.444,11.47281,11.47522,0.00,0.00
2015.08.20 13:46:30.093,11.47282,11.47522,0.00,0.00
2015.08.20 13:46:30.534,11.47282,11.47541,0.00,0.00
2015.08.20 13:46:31.307,11.47281,11.47522,0.00,0.00
2015.08.20 13:46:32.065,11.47281,11.47521,0.00,0.00
2015.08.20 13:46:32.166,11.4718,11.47471,0.00,0.00
2015.08.20 13:46:32.217,11.47172,11.47421,0.00,0.00
2015.08.20 13:46:32.602,11.47172,11.47371,0.00,0.00
2015.08.20 13:46:32.652,11.47082,11.47321,0.00,0.00
2015.08.20 13:46:33.282,11.47071,11.47321,0.00,0.00
2015.08.20 13:46:33.905,11.47081,11.47321,0.00,0.00
2015.08.20 13:46:35.205,11.47171,11.47421,0.00,0.00
2015.08.20 13:46:37.001,11.47201,11.47421,0.00,0.00
2015.08.20 13:46:37.494,11.47201,11.47402,0.00,0.00
2015.08.20 13:46:37.840,11.47201,11.47392,0.00,0.00
2015.08.20 13:46:37.890,11.47201,11.47411,0.00,0.00
2015.08.20 13:46:38.378,11.47132,11.47321,0.00,0.00
2015.08.20 13:46:38.433,11.47111,11.47321,0.00,0.00
2015.08.20 13:46:39.069,11.47101,11.47321,0.00,0.00
2015.08.20 13:46:39.319,11.47171,11.4737,0.00,0.00
2015.08.20 13:46:39.419,11.47171,11.47421,0.00,0.00
2015.08.20 13:46:39.900,11.47201,11.47421,0.00,0.00
2015.08.20 13:46:45.038,11.47204,11.47471,0.00,0.00
2015.08.20 13:46:45.089,11.47296,11.47452,0.00,0.00
2015.08.20 13:46:45.447,11.47296,11.47422,0.00,0.00
2015.08.20 13:46:45.685,11.47201,11.47422,0.00,0.00
2015.08.20 13:46:46.043,11.47201,11.47372,0.00,0.00
2015.08.20 13:46:46.518,11.47201,11.47322,0.00,0.00
2015.08.20 13:46:46.965,11.47101,11.47322,0.00,0.00
2015.08.20 13:46:51.929,11.47001,11.47222,0.00,0.00
2015.08.20 13:46:52.385,11.47001,11.47171,0.00,0.00
2015.08.20 13:46:52.486,11.46931,11.47171,0.00,0.00
2015.08.20 13:46:52.539,11.46901,11.4717,0.00,0.00
2015.08.20 13:46:52.640,11.46901,11.47122,0.00,0.00
2015.08.20 13:46:52.867,11.46901,11.47172,0.00,0.00
2015.08.20 13:46:52.918,11.46901,11.4717,0.00,0.00
2015.08.20 13:46:53.486,11.46901,11.47171,0.00,0.00
2015.08.20 13:46:53.789,11.46931,11.47172,0.00,0.00
2015.08.20 13:46:54.051,11.46931,11.47221,0.00,0.00
2015.08.20 13:46:55.022,11.47002,11.47221,0.00,0.00
2015.08.20 13:46:56.657,11.46971,11.47221,0.00,0.00
2015.08.20 13:46:57.333,11.46971,11.47172,0.00,0.00
2015.08.20 13:46:57.500,11.46931,11.47172,0.00,0.00
2015.08.20 13:46:58.013,11.46932,11.47172,0.00,0.00
2015.08.20 13:46:58.254,11.46932,11.47122,0.00,0.00
2015.08.20 13:46:58.354,11.46882,11.47122,0.00,0.00
2015.08.20 13:47:00.667,11.46882,11.47132,0.00,0.00
2015.08.20 13:47:01.070,11.46882,11.4717,0.00,0.00
2015.08.20 13:47:01.171,11.46882,11.47182,0.00,0.00
2015.08.20 13:47:01.222,11.46907,11.47182,0.00,0.00
2015.08.20 13:47:01.524,11.46899,11.47171,0.00,0.00
2015.08.20 13:47:01.574,11.46906,11.47181,0.00,0.00
2015.08.20 13:47:02.416,11.46906,11.4717,0.00,0.00
2015.08.20 13:47:02.743,11.46881,11.47132,0.00,0.00
2015.08.20 13:47:03.058,11.46881,11.47032,0.00,0.00
2015.08.20 13:47:03.109,11.46782,11.47032,0.00,0.00
2015.08.20 13:47:03.625,11.46781,11.47032,0.00,0.00
2015.08.20 13:47:04.151,11.46782,11.47032,0.00,0.00
2015.08.20 13:47:05.530,11.46802,11.47032,0.00,0.00
2015.08.20 13:47:11.415,11.46701,11.46832,0.00,0.00
2015.08.20 13:47:11.847,11.46601,11.46832,0.00,0.00
2015.08.20 13:47:12.901,11.46611,11.46882,0.00,0.00
2015.08.20 13:47:12.952,11.46611,11.46831,0.00,0.00
2015.08.20 13:47:13.391,11.46611,11.46782,0.00,0.00
2015.08.20 13:47:13.644,11.46611,11.46831,0.00,0.00
2015.08.20 13:47:14.124,11.46602,11.46831,0.00,0.00
2015.08.20 13:47:14.226,11.46602,11.4682,0.00,0.00
2015.08.20 13:47:14.528,11.46602,11.46732,0.00,0.00
2015.08.20 13:47:14.578,11.46502,11.46732,0.00,0.00
2015.08.20 13:47:15.430,11.46519,11.46781,0.00,0.00
2015.08.20 13:47:15.482,11.46602,11.46831,0.00,0.00
2015.08.20 13:47:15.812,11.46602,11.46881,0.00,0.00
2015.08.20 13:47:16.292,11.46629,11.46931,0.00,0.00
2015.08.20 13:47:16.343,11.46701,11.46931,0.00,0.00
2015.08.20 13:47:16.965,11.46701,11.46882,0.00,0.00
2015.08.20 13:47:17.156,11.46701,11.46932,0.00,0.00
2015.08.20 13:47:19.313,11.46672,11.46932,0.00,0.00
2015.08.20 13:47:19.741,11.46672,11.46921,0.00,0.00
2015.08.20 13:47:19.792,11.46611,11.46882,0.00,0.00
2015.08.20 13:47:20.128,11.46611,11.46832,0.00,0.00
2015.08.20 13:47:20.381,11.46601,11.46832,0.00,0.00
2015.08.20 13:47:21.089,11.46672,11.46911,0.00,0.00
2015.08.20 13:47:21.140,11.46672,11.46882,0.00,0.00
2015.08.20 13:47:21.342,11.46702,11.46931,0.00,0.00
2015.08.20 13:47:21.701,11.46672,11.46931,0.00,0.00
2015.08.20 13:47:22.629,11.46681,11.46931,0.00,0.00
2015.08.20 13:47:23.093,11.46671,11.46931,0.00,0.00
2015.08.20 13:47:23.194,11.46671,11.46881,0.00,0.00
2015.08.20 13:47:23.345,11.46632,11.46881,0.00,0.00
2015.08.20 13:47:24.296,11.46632,11.46832,0.00,0.00
2015.08.20 13:47:24.548,11.46672,11.46932,0.00,0.00
2015.08.20 13:47:25.211,11.46672,11.46931,0.00,0.00
2015.08.20 13:47:25.270,11.46702,11.46931,0.00,0.00
2015.08.20 13:47:25.603,11.46702,11.46882,0.00,0.00
2015.08.20 13:47:26.381,11.46702,11.46932,0.00,0.00
2015.08.20 13:47:26.956,11.46701,11.46932,0.00,0.00
2015.08.20 13:47:29.467,11.46701,11.46882,0.00,0.00
2015.08.20 13:47:29.518,11.46671,11.46882,0.00,0.00
2015.08.20 13:47:29.618,11.46612,11.46882,0.00,0.00
2015.08.20 13:47:29.669,11.46612,11.46871,0.00,0.00
2015.08.20 13:47:30.069,11.46612,11.46832,0.00,0.00
2015.08.20 13:47:30.558,11.46671,11.46832,0.00,0.00
2015.08.20 13:47:30.609,11.46671,11.46932,0.00,0.00
2015.08.20 13:47:30.660,11.46701,11.46932,0.00,0.00
2015.08.20 13:47:33.843,11.46682,11.46932,0.00,0.00
2015.08.20 13:47:34.306,11.46682,11.46882,0.00,0.00
2015.08.20 13:47:34.458,11.46592,11.46882,0.00,0.00
2015.08.20 13:47:34.509,11.46592,11.4687,0.00,0.00
2015.08.20 13:47:34.559,11.46581,11.4687,0.00,0.00
2015.08.20 13:47:35.056,11.46581,11.46832,0.00,0.00
2015.08.20 13:47:35.383,11.46581,11.46781,0.00,0.00
2015.08.20 13:47:35.434,11.46481,11.46772,0.00,0.00
2015.08.20 13:47:35.502,11.46481,11.46731,0.00,0.00
2015.08.20 13:47:36.256,11.46571,11.46832,0.00,0.00
2015.08.20 13:47:36.533,11.46581,11.46832,0.00,0.00
2015.08.20 13:47:37.424,11.46581,11.46831,0.00,0.00
2015.08.20 13:47:37.527,11.46581,11.46871,0.00,0.00
2015.08.20 13:47:37.628,11.46581,11.46881,0.00,0.00
2015.08.20 13:47:37.729,11.46671,11.46881,0.00,0.00
2015.08.20 13:47:37.833,11.46591,11.46881,0.00,0.00
2015.08.20 13:47:38.656,11.46591,11.46831,0.00,0.00
2015.08.20 13:47:38.707,11.46581,11.46831,0.00,0.00
2015.08.20 13:47:41.600,11.46572,11.46832,0.00,0.00
2015.08.20 13:47:41.701,11.46581,11.46832,0.00,0.00
2015.08.20 13:47:42.218,11.46581,11.46831,0.00,0.00
2015.08.20 13:47:42.699,11.46571,11.46831,0.00,0.00
2015.08.20 13:47:44.874,11.46571,11.46782,0.00,0.00
2015.08.20 13:47:45.026,11.46531,11.46781,0.00,0.00
2015.08.20 13:47:45.076,11.46531,11.46732,0.00,0.00
2015.08.20 13:47:45.127,11.46482,11.46732,0.00,0.00
2015.08.20 13:47:46.101,11.46471,11.46732,0.00,0.00
2015.08.20 13:47:46.229,11.46501,11.46732,0.00,0.00
2015.08.20 13:47:49.361,11.46501,11.46682,0.00,0.00
2015.08.20 13:47:49.857,11.46412,11.46631,0.00,0.00
2015.08.20 13:47:50.436,11.46401,11.46631,0.00,0.00
2015.08.20 13:47:51.390,11.46401,11.46681,0.00,0.00
2015.08.20 13:47:51.441,11.46501,11.46681,0.00,0.00
2015.08.20 13:47:51.592,11.46501,11.46732,0.00,0.00
2015.08.20 13:47:52.411,11.46501,11.46781,0.00,0.00
2015.08.20 13:47:52.514,11.46512,11.46781,0.00,0.00
2015.08.20 13:47:52.990,11.46528,11.46821,0.00,0.00
2015.08.20 13:47:53.109,11.46528,11.46832,0.00,0.00
2015.08.20 13:47:53.160,11.46571,11.46832,0.00,0.00
2015.08.20 13:47:53.260,11.46512,11.46781,0.00,0.00
2015.08.20 13:47:53.713,11.46602,11.46832,0.00,0.00
2015.08.20 13:47:55.695,11.46671,11.46931,0.00,0.00
2015.08.20 13:47:56.047,11.46711,11.46931,0.00,0.00
2015.08.20 13:47:56.098,11.46711,11.4697,0.00,0.00
2015.08.20 13:47:56.149,11.46711,11.46981,0.00,0.00
2015.08.20 13:47:56.200,11.46729,11.47031,0.00,0.00
2015.08.20 13:47:56.251,11.46782,11.47031,0.00,0.00
2015.08.20 13:47:56.696,11.46902,11.47031,0.00,0.00
2015.08.20 13:47:56.747,11.46902,11.47132,0.00,0.00
2015.08.20 13:47:57.101,11.46932,11.47132,0.00,0.00
2015.08.20 13:47:58.080,11.46932,11.47182,0.00,0.00
2015.08.20 13:47:58.295,11.46932,11.47221,0.00,0.00
2015.08.20 13:47:58.346,11.47012,11.47232,0.00,0.00
2015.08.20 13:47:58.820,11.47031,11.47281,0.00,0.00
2015.08.20 13:48:00.030,11.47012,11.47232,0.00,0.00
2015.08.20 13:48:00.081,11.47002,11.47232,0.00,0.00
2015.08.20 13:48:00.132,11.47002,11.4722,0.00,0.00
2015.08.20 13:48:00.334,11.46881,11.47132,0.00,0.00
2015.08.20 13:48:01.155,11.46881,11.47131,0.00,0.00
2015.08.20 13:48:01.206,11.46972,11.47182,0.00,0.00
2015.08.20 13:48:01.307,11.46881,11.4717,0.00,0.00
2015.08.20 13:48:01.688,11.46881,11.47132,0.00,0.00
2015.08.20 13:48:02.035,11.46881,11.47182,0.00,0.00
2015.08.20 13:48:02.550,11.46882,11.47131,0.00,0.00
2015.08.20 13:48:02.600,11.46882,11.47182,0.00,0.00
2015.08.20 13:48:02.701,11.46971,11.47182,0.00,0.00
2015.08.20 13:48:02.803,11.46979,11.47211,0.00,0.00
2015.08.20 13:48:02.854,11.46981,11.47281,0.00,0.00
2015.08.20 13:48:03.111,11.46982,11.47232,0.00,0.00
2015.08.20 13:48:03.532,11.46981,11.47191,0.00,0.00
2015.08.20 13:48:03.583,11.46931,11.47191,0.00,0.00
2015.08.20 13:48:03.820,11.46931,11.47132,0.00,0.00
2015.08.20 13:48:03.871,11.46892,11.47132,0.00,0.00
2015.08.20 13:48:03.972,11.46931,11.47132,0.00,0.00
2015.08.20 13:48:04.022,11.46931,11.47182,0.00,0.00
2015.08.20 13:48:04.073,11.46931,11.4717,0.00,0.00
2015.08.20 13:48:04.659,11.46892,11.47131,0.00,0.00
2015.08.20 13:48:06.665,11.46892,11.47032,0.00,0.00
2015.08.20 13:48:06.716,11.46871,11.47032,0.00,0.00
2015.08.20 13:48:06.817,11.46782,11.47032,0.00,0.00
2015.08.20 13:48:06.868,11.46782,11.46982,0.00,0.00
2015.08.20 13:48:07.019,11.46681,11.46941,0.00,0.00
2015.08.20 13:48:07.070,11.46681,11.46918,0.00,0.00
2015.08.20 13:48:07.830,11.46681,11.4697,0.00,0.00
2015.08.20 13:48:07.880,11.46782,11.46999,0.00,0.00
2015.08.20 13:48:07.931,11.46782,11.47032,0.00,0.00
2015.08.20 13:48:09.540,11.46782,11.46982,0.00,0.00
2015.08.20 13:48:09.741,11.46731,11.46982,0.00,0.00
2015.08.20 13:48:10.175,11.46678,11.46982,0.00,0.00
2015.08.20 13:48:10.484,11.46672,11.46931,0.00,0.00
2015.08.20 13:48:10.535,11.46631,11.46931,0.00,0.00
2015.08.20 13:48:10.636,11.46679,11.46968,0.00,0.00
2015.08.20 13:48:10.687,11.46679,11.46981,0.00,0.00
2015.08.20 13:48:10.738,11.46672,11.46931,0.00,0.00
2015.08.20 13:48:10.839,11.46632,11.46931,0.00,0.00
2015.08.20 13:48:11.846,11.46749,11.47031,0.00,0.00
2015.08.20 13:48:12.171,11.46782,11.47031,0.00,0.00
2015.08.20 13:48:12.373,11.46871,11.47132,0.00,0.00
2015.08.20 13:48:13.104,11.46881,11.47131,0.00,0.00
2015.08.20 13:48:13.255,11.46781,11.4707,0.00,0.00
2015.08.20 13:48:13.356,11.46781,11.47032,0.00,0.00
2015.08.20 13:48:13.670,11.46781,11.46981,0.00,0.00
2015.08.20 13:48:13.721,11.46732,11.46981,0.00,0.00
2015.08.20 13:48:13.822,11.46781,11.46981,0.00,0.00
2015.08.20 13:48:13.923,11.46781,11.47031,0.00,0.00
2015.08.20 13:48:14.559,11.46781,11.46981,0.00,0.00
2015.08.20 13:48:14.609,11.46701,11.4697,0.00,0.00
2015.08.20 13:48:14.660,11.46681,11.4697,0.00,0.00
2015.08.20 13:48:14.711,11.46681,11.46981,0.00,0.00
2015.08.20 13:48:14.862,11.46689,11.46981,0.00,0.00
2015.08.20 13:48:15.164,11.46681,11.46932,0.00,0.00
2015.08.20 13:48:16.128,11.46682,11.46981,0.00,0.00
2015.08.20 13:48:16.178,11.46699,11.46981,0.00,0.00
2015.08.20 13:48:16.519,11.46681,11.46931,0.00,0.00
2015.08.20 13:48:17.527,11.46588,11.4687,0.00,0.00
2015.08.20 13:48:17.578,11.46578,11.4687,0.00,0.00
2015.08.20 13:48:17.679,11.46572,11.46822,0.00,0.00
2015.08.20 13:48:18.895,11.46561,11.46822,0.00,0.00
2015.08.20 13:48:19.199,11.46618,11.46871,0.00,0.00
2015.08.20 13:48:19.250,11.46618,11.46919,0.00,0.00
2015.08.20 13:48:19.802,11.46618,11.4692,0.00,0.00
2015.08.20 13:48:20.238,11.46719,11.46941,0.00,0.00
2015.08.20 13:48:20.289,11.46719,11.46988,0.00,0.00
2015.08.20 13:48:22.909,11.46718,11.46988,0.00,0.00
2015.08.20 13:48:23.399,11.46718,11.47002,0.00,0.00
2015.08.20 13:48:23.450,11.46718,11.47009,0.00,0.00
2015.08.20 13:48:23.501,11.46769,11.47009,0.00,0.00
2015.08.20 13:48:23.652,11.4678,11.47032,0.00,0.00
2015.08.20 13:48:23.703,11.46819,11.47032,0.00,0.00
2015.08.20 13:48:23.753,11.46819,11.47098,0.00,0.00
2015.08.20 13:48:24.098,11.46819,11.47062,0.00,0.00
2015.08.20 13:48:24.149,11.46781,11.47062,0.00,0.00
2015.08.20 13:48:24.657,11.46729,11.47041,0.00,0.00
2015.08.20 13:48:24.708,11.46729,11.47032,0.00,0.00
2015.08.20 13:48:24.851,11.46729,11.47041,0.00,0.00
2015.08.20 13:48:25.267,11.46782,11.47058,0.00,0.00
2015.08.20 13:48:25.318,11.46782,11.47091,0.00,0.00
2015.08.20 13:48:26.412,11.46779,11.47019,0.00,0.00
2015.08.20 13:48:26.462,11.46679,11.46991,0.00,0.00
2015.08.20 13:48:27.308,11.46671,11.46982,0.00,0.00
2015.08.20 13:48:28.031,11.46671,11.46972,0.00,0.00
2015.08.20 13:48:29.533,11.46671,11.46968,0.00,0.00
2015.08.20 13:48:29.584,11.46608,11.4692,0.00,0.00
2015.08.20 13:48:29.685,11.46622,11.46921,0.00,0.00
2015.08.20 13:48:30.829,11.46658,11.46958,0.00,0.00
2015.08.20 13:48:30.898,11.46658,11.46971,0.00,0.00
2015.08.20 13:48:30.999,11.46672,11.46972,0.00,0.00
2015.08.20 13:48:31.816,11.46671,11.46803,0.00,0.00
2015.08.20 13:48:31.917,11.46398,11.46672,0.00,0.00
2015.08.20 13:48:32.393,11.46372,11.46671,0.00,0.00
2015.08.20 13:48:32.730,11.46372,11.46652,0.00,0.00
2015.08.20 13:48:33.072,11.46681,11.46785,0.00,0.00
2015.08.20 13:48:33.565,11.46782,11.47001,0.00,0.00
2015.08.20 13:48:33.620,11.46782,11.47052,0.00,0.00
2015.08.20 13:48:34.866,11.4672,11.47002,0.00,0.00
2015.08.20 13:48:35.359,11.46759,11.47052,0.00,0.00
2015.08.20 13:48:35.409,11.46782,11.47052,0.00,0.00
2015.08.20 13:48:36.469,11.46792,11.47052,0.00,0.00
2015.08.20 13:48:37.746,11.46711,11.47002,0.00,0.00
2015.08.20 13:48:38.951,11.46711,11.47,0.00,0.00
2015.08.20 13:48:39.258,11.46711,11.4699,0.00,0.00
2015.08.20 13:48:39.358,11.46711,11.47002,0.00,0.00
2015.08.20 13:48:40.285,11.46711,11.47,0.00,0.00
2015.08.20 13:48:40.623,11.46711,11.4699,0.00,0.00
2015.08.20 13:48:40.989,11.46711,11.4691,0.00,0.00
2015.08.20 13:48:41.040,11.46681,11.4691,0.00,0.00
2015.08.20 13:48:41.091,11.46601,11.46851,0.00,0.00
2015.08.20 13:48:42.021,11.46609,11.46851,0.00,0.00
2015.08.20 13:48:42.071,11.46621,11.46902,0.00,0.00
2015.08.20 13:48:42.228,11.46641,11.46902,0.00,0.00
2015.08.20 13:48:42.712,11.46641,11.46952,0.00,0.00
2015.08.20 13:48:42.762,11.46671,11.46952,0.00,0.00
2015.08.20 13:48:43.351,11.46672,11.46952,0.00,0.00
2015.08.20 13:48:43.686,11.46681,11.46952,0.00,0.00
2015.08.20 13:48:43.737,11.46672,11.46952,0.00,0.00
2015.08.20 13:48:43.933,11.46672,11.46852,0.00,0.00
2015.08.20 13:48:44.033,11.46582,11.46852,0.00,0.00
2015.08.20 13:48:48.059,11.46571,11.46852,0.00,0.00
2015.08.20 13:48:49.661,11.46571,11.46851,0.00,0.00
2015.08.20 13:48:49.762,11.46571,11.46832,0.00,0.00
2015.08.20 13:48:50.417,11.46571,11.46802,0.00,0.00
2015.08.20 13:48:50.469,11.46562,11.46802,0.00,0.00
2015.08.20 13:48:50.520,11.46491,11.46752,0.00,0.00
2015.08.20 13:48:50.621,11.46488,11.4667,0.00,0.00
2015.08.20 13:48:50.671,11.46462,11.46651,0.00,0.00
2015.08.20 13:48:50.722,11.46391,11.46651,0.00,0.00
2015.08.20 13:48:50.773,11.46371,11.46651,0.00,0.00
2015.08.20 13:48:50.824,11.46371,11.46642,0.00,0.00
2015.08.20 13:48:51.035,11.46371,11.46651,0.00,0.00
2015.08.20 13:48:51.136,11.46371,11.46642,0.00,0.00
2015.08.20 13:48:52.176,11.46371,11.46651,0.00,0.00
2015.08.20 13:48:52.751,11.46332,11.46601,0.00,0.00
2015.08.20 13:48:53.241,11.46371,11.46602,0.00,0.00
2015.08.20 13:48:53.342,11.46331,11.46602,0.00,0.00
2015.08.20 13:48:53.393,11.46338,11.46602,0.00,0.00
2015.08.20 13:48:53.443,11.46372,11.46641,0.00,0.00
2015.08.20 13:48:53.553,11.46372,11.46652,0.00,0.00
2015.08.20 13:48:53.604,11.46372,11.46602,0.00,0.00
2015.08.20 13:48:53.755,11.46288,11.46561,0.00,0.00
2015.08.20 13:48:53.948,11.46288,11.46541,0.00,0.00
2015.08.20 13:48:54.659,11.46282,11.46541,0.00,0.00
2015.08.20 13:48:54.760,11.46282,11.46552,0.00,0.00
2015.08.20 13:48:56.309,11.46282,11.46542,0.00,0.00
2015.08.20 13:48:56.527,11.46282,11.46552,0.00,0.00
2015.08.20 13:48:56.939,11.46339,11.4661,0.00,0.00
2015.08.20 13:48:56.990,11.46339,11.46612,0.00,0.00
2015.08.20 13:48:57.041,11.46372,11.46651,0.00,0.00
2015.08.20 13:48:57.428,11.46372,11.46622,0.00,0.00
2015.08.20 13:48:57.529,11.46372,11.46642,0.00,0.00
2015.08.20 13:48:58.332,11.46372,11.46651,0.00,0.00
2015.08.20 13:48:58.932,11.46372,11.46641,0.00,0.00
2015.08.20 13:48:59.235,11.46472,11.46751,0.00,0.00
2015.08.20 13:48:59.771,11.46472,11.46752,0.00,0.00
2015.08.20 13:48:59.822,11.46482,11.46752,0.00,0.00
2015.08.20 13:49:01.521,11.46488,11.46761,0.00,0.00
2015.08.20 13:49:01.572,11.46509,11.46761,0.00,0.00
2015.08.20 13:49:01.774,11.46571,11.46841,0.00,0.00
2015.08.20 13:49:02.440,11.46571,11.46851,0.00,0.00
2015.08.20 13:49:02.678,11.46571,11.46832,0.00,0.00
2015.08.20 13:49:02.981,11.46571,11.46812,0.00,0.00
2015.08.20 13:49:03.082,11.46588,11.46861,0.00,0.00
2015.08.20 13:49:03.754,11.46581,11.46831,0.00,0.00
2015.08.20 13:49:04.071,11.46571,11.46831,0.00,0.00
2015.08.20 13:49:05.297,11.46571,11.46852,0.00,0.00
2015.08.20 13:49:05.699,11.46571,11.46802,0.00,0.00
2015.08.20 13:49:05.750,11.46522,11.46782,0.00,0.00
2015.08.20 13:49:06.059,11.46522,11.46752,0.00,0.00
2015.08.20 13:49:06.261,11.46522,11.46782,0.00,0.00
2015.08.20 13:49:06.362,11.46522,11.46752,0.00,0.00
2015.08.20 13:49:06.845,11.46571,11.46852,0.00,0.00
2015.08.20 13:49:08.461,11.46571,11.46822,0.00,0.00
2015.08.20 13:49:08.677,11.46571,11.46831,0.00,0.00
2015.08.20 13:49:09.674,11.46781,11.47052,0.00,0.00
2015.08.20 13:49:09.781,11.46781,11.47032,0.00,0.00
2015.08.20 13:49:10.001,11.46781,11.47052,0.00,0.00
2015.08.20 13:49:10.875,11.46781,11.46979,0.00,0.00
2015.08.20 13:49:10.926,11.46591,11.46851,0.00,0.00
2015.08.20 13:49:11.686,11.46671,11.46892,0.00,0.00
2015.08.20 13:49:12.120,11.46671,11.46912,0.00,0.00
2015.08.20 13:49:12.171,11.46681,11.46942,0.00,0.00
2015.08.20 13:49:12.958,11.46739,11.46942,0.00,0.00
2015.08.20 13:49:13.525,11.46721,11.46982,0.00,0.00
2015.08.20 13:49:14.043,11.46721,11.46957,0.00,0.00
2015.08.20 13:49:14.351,11.46851,11.47012,0.00,0.00
2015.08.20 13:49:14.402,11.46851,11.47092,0.00,0.00
2015.08.20 13:49:14.849,11.46871,11.47057,0.00,0.00
2015.08.20 13:49:14.899,11.46871,11.47071,0.00,0.00
2015.08.20 13:49:15.005,11.46871,11.47102,0.00,0.00
2015.08.20 13:49:15.278,11.46888,11.47102,0.00,0.00
2015.08.20 13:49:15.492,11.46912,11.47132,0.00,0.00
2015.08.20 13:49:15.986,11.46871,11.47127,0.00,0.00
2015.08.20 13:49:16.511,11.46872,11.47127,0.00,0.00
2015.08.20 13:49:17.162,11.46871,11.47127,0.00,0.00
2015.08.20 13:49:17.264,11.46871,11.47142,0.00,0.00
2015.08.20 13:49:17.515,11.46871,11.47117,0.00,0.00
2015.08.20 13:49:17.873,11.46871,11.47132,0.00,0.00
2015.08.20 13:49:18.117,11.46871,11.47141,0.00,0.00
2015.08.20 13:49:19.031,11.46872,11.47141,0.00,0.00
2015.08.20 13:49:19.522,11.46872,11.47127,0.00,0.00
2015.08.20 13:49:20.236,11.46861,11.47127,0.00,0.00
2015.08.20 13:49:20.295,11.46861,11.47141,0.00,0.00
2015.08.20 13:49:21.694,11.46861,11.47152,0.00,0.00
2015.08.20 13:49:21.998,11.46861,11.47147,0.00,0.00
2015.08.20 13:49:22.603,11.46861,11.47146,0.00,0.00
2015.08.20 13:49:23.184,11.46861,11.47152,0.00,0.00
2015.08.20 13:49:24.026,11.46861,11.47125,0.00,0.00
2015.08.20 13:49:24.128,11.46861,11.47142,0.00,0.00
2015.08.20 13:49:24.676,11.46861,11.47152,0.00,0.00
2015.08.20 13:49:25.229,11.46941,11.47241,0.00,0.00
2015.08.20 13:49:25.282,11.46971,11.47241,0.00,0.00
2015.08.20 13:49:25.333,11.46971,11.47252,0.00,0.00
2015.08.20 13:49:25.594,11.46971,11.47247,0.00,0.00
2015.08.20 13:49:25.928,11.46971,11.47252,0.00,0.00
2015.08.20 13:49:26.424,11.46971,11.47237,0.00,0.00
2015.08.20 13:49:26.491,11.46971,11.47252,0.00,0.00
2015.08.20 13:49:26.942,11.47038,11.47291,0.00,0.00
2015.08.20 13:49:26.993,11.47038,11.47339,0.00,0.00
2015.08.20 13:49:27.044,11.47038,11.47351,0.00,0.00
2015.08.20 13:49:27.094,11.47072,11.47337,0.00,0.00
2015.08.20 13:49:27.939,11.47072,11.47352,0.00,0.00
2015.08.20 13:49:29.272,11.47182,11.47352,0.00,0.00
2015.08.20 13:49:29.323,11.47182,11.47451,0.00,0.00
2015.08.20 13:49:29.424,11.47182,11.47407,0.00,0.00
2015.08.20 13:49:29.626,11.46972,11.47206,0.00,0.00
2015.08.20 13:49:29.727,11.46971,11.47187,0.00,0.00
2015.08.20 13:49:29.777,11.46938,11.47187,0.00,0.00
2015.08.20 13:49:29.828,11.46938,11.47147,0.00,0.00
2015.08.20 13:49:29.879,11.46921,11.47147,0.00,0.00
2015.08.20 13:49:29.929,11.46921,11.47136,0.00,0.00
2015.08.20 13:49:30.443,11.46872,11.47136,0.00,0.00
2015.08.20 13:49:30.499,11.46872,11.47151,0.00,0.00
2015.08.20 13:49:30.765,11.46942,11.47242,0.00,0.00
2015.08.20 13:49:30.816,11.46971,11.47242,0.00,0.00
2015.08.20 13:49:31.300,11.46971,11.47217,0.00,0.00
2015.08.20 13:49:31.792,11.46971,11.47242,0.00,0.00
2015.08.20 13:49:31.843,11.47022,11.47217,0.00,0.00
2015.08.20 13:49:32.103,11.47022,11.47252,0.00,0.00
2015.08.20 13:49:32.153,11.47038,11.47252,0.00,0.00
2015.08.20 13:49:32.319,11.47071,11.47312,0.00,0.00
2015.08.20 13:49:32.420,11.47071,11.47322,0.00,0.00
2015.08.20 13:49:32.521,11.47071,11.47297,0.00,0.00
2015.08.20 13:49:33.129,11.47071,11.47322,0.00,0.00
2015.08.20 13:49:33.422,11.47071,11.47297,0.00,0.00
2015.08.20 13:49:33.523,11.47071,11.47332,0.00,0.00
2015.08.20 13:49:34.312,11.47071,11.47316,0.00,0.00
2015.08.20 13:49:34.514,11.47081,11.47332,0.00,0.00
2015.08.20 13:49:34.908,11.47081,11.47316,0.00,0.00
2015.08.20 13:49:35.115,11.47081,11.47331,0.00,0.00
2015.08.20 13:49:35.410,11.47121,11.47331,0.00,0.00
2015.08.20 13:49:35.828,11.47121,11.47326,0.00,0.00
2015.08.20 13:49:35.883,11.47121,11.47332,0.00,0.00
2015.08.20 13:49:35.933,11.47121,11.47317,0.00,0.00
2015.08.20 13:49:36.164,11.47081,11.47297,0.00,0.00
2015.08.20 13:49:36.265,11.47081,11.47302,0.00,0.00
2015.08.20 13:49:36.465,11.47081,11.47341,0.00,0.00
2015.08.20 13:49:36.566,11.47071,11.47341,0.00,0.00
2015.08.20 13:49:37.023,11.47071,11.47326,0.00,0.00
2015.08.20 13:49:37.124,11.47081,11.47342,0.00,0.00
2015.08.20 13:49:37.340,11.47081,11.47306,0.00,0.00
2015.08.20 13:49:37.545,11.47081,11.47311,0.00,0.00
2015.08.20 13:49:37.623,11.47071,11.47311,0.00,0.00
2015.08.20 13:49:37.724,11.47071,11.47297,0.00,0.00
2015.08.20 13:49:38.424,11.47071,11.47332,0.00,0.00
2015.08.20 13:49:38.958,11.47071,11.47316,0.00,0.00
2015.08.20 13:49:39.161,11.47071,11.47332,0.00,0.00
2015.08.20 13:49:40.223,11.47071,11.47307,0.00,0.00
2015.08.20 13:49:40.930,11.47071,11.47312,0.00,0.00
2015.08.20 13:49:41.753,11.47071,11.47306,0.00,0.00
2015.08.20 13:49:42.163,11.47071,11.47287,0.00,0.00
2015.08.20 13:49:42.711,11.47071,11.47312,0.00,0.00
2015.08.20 13:49:43.244,11.47071,11.47306,0.00,0.00
2015.08.20 13:49:45.854,11.47071,11.47287,0.00,0.00
2015.08.20 13:49:46.056,11.47071,11.47322,0.00,0.00
2015.08.20 13:49:46.567,11.47071,11.47306,0.00,0.00
2015.08.20 13:49:46.668,11.47071,11.47321,0.00,0.00
2015.08.20 13:49:47.822,11.47082,11.47321,0.00,0.00
2015.08.20 13:49:48.281,11.47082,11.47316,0.00,0.00
2015.08.20 13:49:48.976,11.47082,11.47316,0.00,0.00
2015.08.20 13:49:49.243,11.46971,11.47237,0.00,0.00
2015.08.20 13:49:49.344,11.46971,11.47217,0.00,0.00
2015.08.20 13:49:49.750,11.46971,11.47252,0.00,0.00
2015.08.20 13:49:50.592,11.46971,11.47236,0.00,0.00
2015.08.20 13:49:50.912,11.46971,11.47227,0.00,0.00
2015.08.20 13:49:51.167,11.46971,11.47252,0.00,0.00
2015.08.20 13:49:51.895,11.46971,11.47227,0.00,0.00
2015.08.20 13:49:53.269,11.46882,11.47156,0.00,0.00
2015.08.20 13:49:53.390,11.46882,11.47137,0.00,0.00
2015.08.20 13:49:53.648,11.46882,11.47142,0.00,0.00
2015.08.20 13:49:53.896,11.46882,11.47136,0.00,0.00
2015.08.20 13:49:54.103,11.46871,11.47136,0.00,0.00
2015.08.20 13:49:54.571,11.46871,11.47151,0.00,0.00
2015.08.20 13:49:54.850,11.46871,11.47147,0.00,0.00
2015.08.20 13:49:55.051,11.46871,11.47151,0.00,0.00
2015.08.20 13:49:55.102,11.46881,11.47151,0.00,0.00
2015.08.20 13:49:55.360,11.46888,11.47172,0.00,0.00
2015.08.20 13:49:55.822,11.46891,11.47172,0.00,0.00
2015.08.20 13:49:55.872,11.46891,11.47202,0.00,0.00
2015.08.20 13:49:56.460,11.46891,11.47156,0.00,0.00
2015.08.20 13:49:56.611,11.46881,11.47156,0.00,0.00
2015.08.20 13:49:56.712,11.46902,11.47191,0.00,0.00
2015.08.20 13:49:57.196,11.46902,11.47202,0.00,0.00
2015.08.20 13:49:57.683,11.46902,11.47156,0.00,0.00
2015.08.20 13:49:57.733,11.46881,11.47156,0.00,0.00
2015.08.20 13:49:59.305,11.46909,11.47156,0.00,0.00
2015.08.20 13:49:59.506,11.46942,11.47251,0.00,0.00
2015.08.20 13:50:00.129,11.46951,11.47251,0.00,0.00
2015.08.20 13:50:00.562,11.46951,11.47237,0.00,0.00
2015.08.20 13:50:00.663,11.46951,11.47251,0.00,0.00
2015.08.20 13:50:00.764,11.46989,11.47262,0.00,0.00
2015.08.20 13:50:00.865,11.46989,11.47298,0.00,0.00
2015.08.20 13:50:00.915,11.47052,11.47301,0.00,0.00
2015.08.20 13:50:01.764,11.47152,11.47301,0.00,0.00
2015.08.20 13:50:01.815,11.47152,11.47441,0.00,0.00
2015.08.20 13:50:01.872,11.47152,11.47451,0.00,0.00
2015.08.20 13:50:02.272,11.47152,11.47417,0.00,0.00
2015.08.20 13:50:02.837,11.47139,11.47357,0.00,0.00
2015.08.20 13:50:02.888,11.47151,11.47451,0.00,0.00
2015.08.20 13:50:02.989,11.47151,11.47417,0.00,0.00
2015.08.20 13:50:03.311,11.47151,11.47397,0.00,0.00
2015.08.20 13:50:03.514,11.47151,11.47432,0.00,0.00
2015.08.20 13:50:04.280,11.47151,11.47416,0.00,0.00
2015.08.20 13:50:04.381,11.47151,11.47422,0.00,0.00
2015.08.20 13:50:04.583,11.47161,11.47422,0.00,0.00
2015.08.20 13:50:05.930,11.47189,11.47422,0.00,0.00
2015.08.20 13:50:05.980,11.47211,11.47501,0.00,0.00
2015.08.20 13:50:06.081,11.47261,11.47501,0.00,0.00
2015.08.20 13:50:06.182,11.47261,11.47522,0.00,0.00
2015.08.20 13:50:06.233,11.47238,11.47516,0.00,0.00
2015.08.20 13:50:06.284,11.47162,11.47457,0.00,0.00
2015.08.20 13:50:06.334,11.47262,11.47457,0.00,0.00
2015.08.20 13:50:06.436,11.47162,11.47457,0.00,0.00
2015.08.20 13:50:07.031,11.47162,11.47456,0.00,0.00
2015.08.20 13:50:09.595,11.47161,11.47452,0.00,0.00
2015.08.20 13:50:10.867,11.47189,11.47501,0.00,0.00
2015.08.20 13:50:11.018,11.47189,11.47476,0.00,0.00
2015.08.20 13:50:11.320,11.47162,11.47427,0.00,0.00
2015.08.20 13:50:12.067,11.47161,11.47416,0.00,0.00
2015.08.20 13:50:12.118,11.47161,11.47442,0.00,0.00
2015.08.20 13:50:12.319,11.47161,11.47436,0.00,0.00
2015.08.20 13:50:12.420,11.47161,11.47441,0.00,0.00
2015.08.20 13:50:12.620,11.47161,11.47451,0.00,0.00
2015.08.20 13:50:12.831,11.47161,11.47447,0.00,0.00
2015.08.20 13:50:13.772,11.47191,11.47447,0.00,0.00
2015.08.20 13:50:13.822,11.47261,11.47521,0.00,0.00
2015.08.20 13:50:14.244,11.47261,11.47532,0.00,0.00
2015.08.20 13:50:14.345,11.47261,11.47507,0.00,0.00
2015.08.20 13:50:15.027,11.47261,11.47542,0.00,0.00
2015.08.20 13:50:15.131,11.47261,11.47551,0.00,0.00
2015.08.20 13:50:15.331,11.47261,11.47516,0.00,0.00
2015.08.20 13:50:15.432,11.47289,11.47601,0.00,0.00
2015.08.20 13:50:16.113,11.47339,11.47602,0.00,0.00
2015.08.20 13:50:16.164,11.47288,11.47602,0.00,0.00
2015.08.20 13:50:16.214,11.4729,11.47576,0.00,0.00
2015.08.20 13:50:16.587,11.47261,11.47527,0.00,0.00
2015.08.20 13:50:16.747,11.47261,11.47551,0.00,0.00
2015.08.20 13:50:17.156,11.47261,11.47527,0.00,0.00
2015.08.20 13:50:17.257,11.47261,11.47531,0.00,0.00
2015.08.20 13:50:17.538,11.47261,11.47542,0.00,0.00
2015.08.20 13:50:17.912,11.47289,11.47542,0.00,0.00
2015.08.20 13:50:18.410,11.4729,11.47592,0.00,0.00
2015.08.20 13:50:18.461,11.47288,11.47602,0.00,0.00
2015.08.20 13:50:18.797,11.47339,11.47621,0.00,0.00
2015.08.20 13:50:19.049,11.47289,11.47577,0.00,0.00
2015.08.20 13:50:19.307,11.47289,11.47601,0.00,0.00
2015.08.20 13:50:19.458,11.47289,11.47597,0.00,0.00
2015.08.20 13:50:19.832,11.47289,11.47576,0.00,0.00
2015.08.20 13:50:20.353,11.47338,11.47576,0.00,0.00
2015.08.20 13:50:20.454,11.47322,11.47601,0.00,0.00
2015.08.20 13:50:21.006,11.47351,11.47631,0.00,0.00
2015.08.20 13:50:21.233,11.47351,11.47627,0.00,0.00
2015.08.20 13:50:21.434,11.47351,11.47641,0.00,0.00
2015.08.20 13:50:22.242,11.47401,11.47652,0.00,0.00
2015.08.20 13:50:22.449,11.47461,11.47722,0.00,0.00
2015.08.20 13:50:22.550,11.47461,11.47731,0.00,0.00
2015.08.20 13:50:22.869,11.47461,11.47706,0.00,0.00
2015.08.20 13:50:22.970,11.47461,11.47731,0.00,0.00
2015.08.20 13:50:23.071,11.47461,11.47727,0.00,0.00
2015.08.20 13:50:23.889,11.47461,11.47637,0.00,0.00
2015.08.20 13:50:23.939,11.47389,11.47651,0.00,0.00
2015.08.20 13:50:23.990,11.47438,11.47651,0.00,0.00
2015.08.20 13:50:24.041,11.47451,11.47712,0.00,0.00
2015.08.20 13:50:24.372,11.47451,11.47707,0.00,0.00
2015.08.20 13:50:24.476,11.47451,11.47721,0.00,0.00
2015.08.20 13:50:25.161,11.47451,11.47687,0.00,0.00
2015.08.20 13:50:25.262,11.47421,11.47677,0.00,0.00
2015.08.20 13:50:25.464,11.47421,11.47701,0.00,0.00
2015.08.20 13:50:25.615,11.47421,11.47656,0.00,0.00
2015.08.20 13:50:25.666,11.47379,11.47656,0.00,0.00
2015.08.20 13:50:25.734,11.47361,11.47656,0.00,0.00
2015.08.20 13:50:25.835,11.47388,11.47672,0.00,0.00
2015.08.20 13:50:26.409,11.47439,11.47637,0.00,0.00
2015.08.20 13:50:26.460,11.47439,11.47691,0.00,0.00
2015.08.20 13:50:26.561,11.47439,11.47637,0.00,0.00
2015.08.20 13:50:26.612,11.47421,11.47637,0.00,0.00
2015.08.20 13:50:26.939,11.47421,11.47651,0.00,0.00
2015.08.20 13:50:27.091,11.47421,11.47671,0.00,0.00
2015.08.20 13:50:27.142,11.47421,11.47702,0.00,0.00
2015.08.20 13:50:27.397,11.47439,11.47702,0.00,0.00
2015.08.20 13:50:27.775,11.47421,11.47702,0.00,0.00
2015.08.20 13:50:27.826,11.47388,11.47677,0.00,0.00
2015.08.20 13:50:28.032,11.47361,11.47657,0.00,0.00
2015.08.20 13:50:28.183,11.47361,11.47647,0.00,0.00
2015.08.20 13:50:28.511,11.47362,11.47636,0.00,0.00
2015.08.20 13:50:29.044,11.47351,11.47636,0.00,0.00
2015.08.20 13:50:29.354,11.47351,11.47652,0.00,0.00
2015.08.20 13:50:29.405,11.47351,11.47646,0.00,0.00
2015.08.20 13:50:29.649,11.47351,11.47652,0.00,0.00
2015.08.20 13:50:29.750,11.47351,11.47647,0.00,0.00
2015.08.20 13:50:29.851,11.47351,11.47652,0.00,0.00
2015.08.20 13:50:30.166,11.47361,11.47652,0.00,0.00
2015.08.20 13:50:30.580,11.47262,11.47556,0.00,0.00
2015.08.20 13:50:31.005,11.47338,11.47582,0.00,0.00
2015.08.20 13:50:31.056,11.47338,11.47602,0.00,0.00
2015.08.20 13:50:31.156,11.47352,11.47652,0.00,0.00
2015.08.20 13:50:31.257,11.47352,11.47607,0.00,0.00
2015.08.20 13:50:31.308,11.47321,11.47607,0.00,0.00
2015.08.20 13:50:31.358,11.47321,11.47577,0.00,0.00
2015.08.20 13:50:31.894,11.47321,11.47602,0.00,0.00
2015.08.20 13:50:32.141,11.47288,11.47602,0.00,0.00
2015.08.20 13:50:32.757,11.47288,11.47576,0.00,0.00
2015.08.20 13:50:32.808,11.47261,11.47557,0.00,0.00
2015.08.20 13:50:33.272,11.47352,11.47557,0.00,0.00
2015.08.20 13:50:33.836,11.47361,11.47557,0.00,0.00
2015.08.20 13:50:34.982,11.47351,11.47557,0.00,0.00
2015.08.20 13:50:35.564,11.47362,11.47557,0.00,0.00
2015.08.20 13:50:35.732,11.47362,11.47651,0.00,0.00
2015.08.20 13:50:35.783,11.47362,11.47627,0.00,0.00
2015.08.20 13:50:35.885,11.47351,11.47627,0.00,0.00
2015.08.20 13:50:36.311,11.47401,11.47626,0.00,0.00
2015.08.20 13:50:36.413,11.47401,11.47652,0.00,0.00
2015.08.20 13:50:36.757,11.47401,11.47661,0.00,0.00
2015.08.20 13:50:36.808,11.47401,11.47672,0.00,0.00
2015.08.20 13:50:36.859,11.47401,11.47657,0.00,0.00
2015.08.20 13:50:37.307,11.47401,11.47617,0.00,0.00
2015.08.20 13:50:37.785,11.47401,11.47652,0.00,0.00
2015.08.20 13:50:37.982,11.47401,11.47646,0.00,0.00
2015.08.20 13:50:38.183,11.47401,11.47652,0.00,0.00
2015.08.20 13:50:38.572,11.47401,11.47626,0.00,0.00
2015.08.20 13:50:39.415,11.47401,11.47652,0.00,0.00
2015.08.20 13:50:39.516,11.47401,11.47647,0.00,0.00
2015.08.20 13:50:39.617,11.47401,11.47651,0.00,0.00
2015.08.20 13:50:40.169,11.47401,11.47627,0.00,0.00
2015.08.20 13:50:40.844,11.47401,11.47641,0.00,0.00
2015.08.20 13:50:41.284,11.47401,11.47627,0.00,0.00
2015.08.20 13:50:41.499,11.47401,11.47642,0.00,0.00
2015.08.20 13:50:41.600,11.47401,11.47652,0.00,0.00
2015.08.20 13:50:42.090,11.47401,11.47646,0.00,0.00
2015.08.20 13:50:42.627,11.47401,11.47627,0.00,0.00
2015.08.20 13:50:42.803,11.47401,11.47652,0.00,0.00
2015.08.20 13:50:44.225,11.47401,11.47637,0.00,0.00
2015.08.20 13:50:44.931,11.47401,11.47652,0.00,0.00
2015.08.20 13:50:45.211,11.47401,11.47647,0.00,0.00
2015.08.20 13:50:46.711,11.47401,11.47651,0.00,0.00
2015.08.20 13:50:47.651,11.47401,11.47647,0.00,0.00
2015.08.20 13:50:48.335,11.47401,11.47652,0.00,0.00
2015.08.20 13:50:48.536,11.47401,11.47637,0.00,0.00
2015.08.20 13:50:49.007,11.47401,11.47652,0.00,0.00
2015.08.20 13:50:49.221,11.47401,11.47647,0.00,0.00
2015.08.20 13:50:49.339,11.47401,11.47652,0.00,0.00
2015.08.20 13:50:49.640,11.47401,11.47646,0.00,0.00
2015.08.20 13:50:50.191,11.47401,11.47646,0.00,0.00
2015.08.20 13:50:50.243,11.47401,11.47652,0.00,0.00
2015.08.20 13:50:50.690,11.47401,11.47647,0.00,0.00
2015.08.20 13:50:50.741,11.47401,11.47652,0.00,0.00
2015.08.20 13:50:51.296,11.47412,11.47681,0.00,0.00
2015.08.20 13:50:51.347,11.47412,11.47699,0.00,0.00
2015.08.20 13:50:51.398,11.47412,11.47702,0.00,0.00
2015.08.20 13:50:51.697,11.47412,11.47656,0.00,0.00
2015.08.20 13:50:52.179,11.47412,11.47701,0.00,0.00
2015.08.20 13:50:52.452,11.47412,11.47657,0.00,0.00
2015.08.20 13:50:52.612,11.47402,11.47701,0.00,0.00
2015.08.20 13:50:52.841,11.47411,11.47701,0.00,0.00
2015.08.20 13:50:53.400,11.47501,11.47732,0.00,0.00
2015.08.20 13:50:53.552,11.47501,11.47752,0.00,0.00
2015.08.20 13:50:55.106,11.47501,11.47747,0.00,0.00
2015.08.20 13:50:55.207,11.47501,11.47752,0.00,0.00
2015.08.20 13:50:56.150,11.47501,11.47687,0.00,0.00
2015.08.20 13:50:56.201,11.47451,11.47687,0.00,0.00
2015.08.20 13:50:56.252,11.47438,11.47701,0.00,0.00
2015.08.20 13:50:56.308,11.47438,11.47656,0.00,0.00
2015.08.20 13:50:56.409,11.47438,11.47662,0.00,0.00
2015.08.20 13:50:56.510,11.47438,11.47657,0.00,0.00
2015.08.20 13:50:56.561,11.47412,11.47652,0.00,0.00
2015.08.20 13:50:57.549,11.47402,11.47652,0.00,0.00
2015.08.20 13:50:58.249,11.47351,11.47652,0.00,0.00
2015.08.20 13:51:00.266,11.47351,11.47651,0.00,0.00
2015.08.20 13:51:00.317,11.47351,11.4765,0.00,0.00
2015.08.20 13:51:01.594,11.47389,11.4765,0.00,0.00
2015.08.20 13:51:01.745,11.47411,11.47701,0.00,0.00
2015.08.20 13:51:02.018,11.47411,11.47677,0.00,0.00
2015.08.20 13:51:02.446,11.47361,11.47656,0.00,0.00
2015.08.20 13:51:05.316,11.47351,11.47656,0.00,0.00
2015.08.20 13:51:05.672,11.47351,11.47607,0.00,0.00
2015.08.20 13:51:05.722,11.47288,11.47602,0.00,0.00
2015.08.20 13:51:05.839,11.47288,11.47597,0.00,0.00
2015.08.20 13:51:06.144,11.4728,11.47557,0.00,0.00
2015.08.20 13:51:07.007,11.4729,11.47602,0.00,0.00
2015.08.20 13:51:07.063,11.47351,11.47602,0.00,0.00
2015.08.20 13:51:07.164,11.47311,11.47602,0.00,0.00
2015.08.20 13:51:07.711,11.47311,11.47602,0.00,0.00
2015.08.20 13:51:08.366,11.47311,11.47602,0.00,0.00
2015.08.20 13:51:08.964,11.47311,11.47597,0.00,0.00
2015.08.20 13:51:09.845,11.47338,11.47621,0.00,0.00
2015.08.20 13:51:09.946,11.47311,11.47606,0.00,0.00
2015.08.20 13:51:09.996,11.47352,11.47606,0.00,0.00
2015.08.20 13:51:10.097,11.47311,11.47606,0.00,0.00
2015.08.20 13:51:10.609,11.47311,11.47556,0.00,0.00
2015.08.20 13:51:10.773,11.4728,11.47556,0.00,0.00
2015.08.20 13:51:10.824,11.47288,11.47572,0.00,0.00
2015.08.20 13:51:10.875,11.47288,11.47602,0.00,0.00
2015.08.20 13:51:11.262,11.47311,11.47602,0.00,0.00
2015.08.20 13:51:12.086,11.47338,11.47641,0.00,0.00
2015.08.20 13:51:12.137,11.47351,11.47652,0.00,0.00
2015.08.20 13:51:13.136,11.47351,11.47557,0.00,0.00
2015.08.20 13:51:13.388,11.47351,11.47652,0.00,0.00
2015.08.20 13:51:14.079,11.47351,11.47634,0.00,0.00
2015.08.20 13:51:14.342,11.47289,11.47602,0.00,0.00
2015.08.20 13:51:14.544,11.47352,11.47602,0.00,0.00
2015.08.20 13:51:14.594,11.47352,11.47651,0.00,0.00
2015.08.20 13:51:17.043,11.47352,11.47646,0.00,0.00
2015.08.20 13:51:17.773,11.47352,11.47557,0.00,0.00
2015.08.20 13:51:17.975,11.47311,11.47602,0.00,0.00
2015.08.20 13:51:18.447,11.47338,11.47611,0.00,0.00
2015.08.20 13:51:18.751,11.47352,11.47596,0.00,0.00
2015.08.20 13:51:18.801,11.47352,11.47602,0.00,0.00
2015.08.20 13:51:18.852,11.47351,11.47621,0.00,0.00
2015.08.20 13:51:18.903,11.47351,11.47641,0.00,0.00
2015.08.20 13:51:18.958,11.47351,11.47617,0.00,0.00
2015.08.20 13:51:19.059,11.47351,11.47641,0.00,0.00
2015.08.20 13:51:19.688,11.47351,11.47651,0.00,0.00
2015.08.20 13:51:19.860,11.47351,11.47636,0.00,0.00
2015.08.20 13:51:20.561,11.47351,11.47626,0.00,0.00
2015.08.20 13:51:20.662,11.47351,11.47651,0.00,0.00
2015.08.20 13:51:21.214,11.47351,11.47651,0.00,0.00
2015.08.20 13:51:21.264,11.47351,11.47637,0.00,0.00
2015.08.20 13:51:21.463,11.47351,11.47641,0.00,0.00
2015.08.20 13:51:21.571,11.47351,11.47627,0.00,0.00
2015.08.20 13:51:21.771,11.47351,11.47649,0.00,0.00
2015.08.20 13:51:22.125,11.47351,11.47577,0.00,0.00
2015.08.20 13:51:22.175,11.47289,11.47566,0.00,0.00
2015.08.20 13:51:22.276,11.47279,11.47557,0.00,0.00
2015.08.20 13:51:22.833,11.4728,11.47557,0.00,0.00
2015.08.20 13:51:22.934,11.47289,11.47568,0.00,0.00
2015.08.20 13:51:23.035,11.47352,11.47601,0.00,0.00
2015.08.20 13:51:23.136,11.47312,11.47597,0.00,0.00
2015.08.20 13:51:23.186,11.47312,11.47587,0.00,0.00
2015.08.20 13:51:23.337,11.47279,11.47557,0.00,0.00
2015.08.20 13:51:23.388,11.47288,11.47591,0.00,0.00
2015.08.20 13:51:23.489,11.47288,11.47602,0.00,0.00
2015.08.20 13:51:23.539,11.47311,11.47602,0.00,0.00
2015.08.20 13:51:24.225,11.47351,11.47642,0.00,0.00
2015.08.20 13:51:24.527,11.47402,11.47651,0.00,0.00
2015.08.20 13:51:24.867,11.47402,11.47636,0.00,0.00
2015.08.20 13:51:25.220,11.47402,11.47651,0.00,0.00
2015.08.20 13:51:25.673,11.47352,11.47602,0.00,0.00
2015.08.20 13:51:25.723,11.47312,11.47602,0.00,0.00
2015.08.20 13:51:25.774,11.47312,11.47587,0.00,0.00
2015.08.20 13:51:25.878,11.47312,11.47602,0.00,0.00
2015.08.20 13:51:25.988,11.47312,11.47576,0.00,0.00
2015.08.20 13:51:26.326,11.47311,11.47556,0.00,0.00
2015.08.20 13:51:26.491,11.47302,11.47556,0.00,0.00
2015.08.20 13:51:27.578,11.47338,11.47591,0.00,0.00
2015.08.20 13:51:27.629,11.47351,11.47652,0.00,0.00
2015.08.20 13:51:28.132,11.47351,11.47606,0.00,0.00
2015.08.20 13:51:28.283,11.47312,11.47577,0.00,0.00
2015.08.20 13:51:28.706,11.47312,11.47591,0.00,0.00
2015.08.20 13:51:29.129,11.47312,11.47557,0.00,0.00
2015.08.20 13:51:29.281,11.47301,11.47557,0.00,0.00
2015.08.20 13:51:29.382,11.47312,11.47591,0.00,0.00
2015.08.20 13:51:30.084,11.47312,11.47576,0.00,0.00
2015.08.20 13:51:30.386,11.47312,11.47556,0.00,0.00
2015.08.20 13:51:30.958,11.47311,11.47556,0.00,0.00
2015.08.20 13:51:31.211,11.47302,11.47556,0.00,0.00
2015.08.20 13:51:36.127,11.47302,11.47572,0.00,0.00
2015.08.20 13:51:36.177,11.47311,11.47572,0.00,0.00
2015.08.20 13:51:36.612,11.47311,11.47557,0.00,0.00
2015.08.20 13:51:36.904,11.47311,11.47602,0.00,0.00
2015.08.20 13:51:39.238,11.47311,11.47602,0.00,0.00
2015.08.20 13:51:39.531,11.47311,11.47556,0.00,0.00
2015.08.20 13:51:40.248,11.47302,11.47556,0.00,0.00
2015.08.20 13:51:40.349,11.47302,11.47602,0.00,0.00
2015.08.20 13:51:40.400,11.47312,11.47602,0.00,0.00
2015.08.20 13:51:41.195,11.47339,11.47602,0.00,0.00
2015.08.20 13:51:41.764,11.47401,11.47651,0.00,0.00
2015.08.20 13:51:42.089,11.47401,11.47627,0.00,0.00
2015.08.20 13:51:42.449,11.47401,11.47651,0.00,0.00
2015.08.20 13:51:44.057,11.47401,11.47647,0.00,0.00
2015.08.20 13:51:44.441,11.47401,11.47651,0.00,0.00
2015.08.20 13:51:45.107,11.47401,11.47647,0.00,0.00
2015.08.20 13:51:45.841,11.47401,11.47651,0.00,0.00
2015.08.20 13:51:46.731,11.47401,11.47637,0.00,0.00
2015.08.20 13:51:46.814,11.47401,11.47651,0.00,0.00
2015.08.20 13:51:47.016,11.47401,11.47636,0.00,0.00
2015.08.20 13:51:47.516,11.47401,11.47622,0.00,0.00
2015.08.20 13:51:47.751,11.47351,11.47622,0.00,0.00
2015.08.20 13:51:47.801,11.47351,11.47601,0.00,0.00
2015.08.20 13:51:48.194,11.47351,11.47622,0.00,0.00
2015.08.20 13:51:48.257,11.47352,11.47651,0.00,0.00
2015.08.20 13:51:48.826,11.47402,11.47651,0.00,0.00
2015.08.20 13:51:49.179,11.47402,11.47622,0.00,0.00
2015.08.20 13:51:49.230,11.47402,11.47631,0.00,0.00
2015.08.20 13:51:50.285,11.47301,11.47551,0.00,0.00
2015.08.20 13:51:50.640,11.47301,11.47501,0.00,0.00
2015.08.20 13:51:50.893,11.47301,11.47542,0.00,0.00
2015.08.20 13:51:51.044,11.47301,11.47552,0.00,0.00
2015.08.20 13:51:52.161,11.47301,11.47551,0.00,0.00
2015.08.20 13:51:52.732,11.47301,11.47552,0.00,0.00
2015.08.20 13:51:53.316,11.47301,11.47601,0.00,0.00
2015.08.20 13:51:53.367,11.47311,11.47602,0.00,0.00
2015.08.20 13:51:53.679,11.47402,11.47601,0.00,0.00
2015.08.20 13:51:53.730,11.47402,11.47652,0.00,0.00
2015.08.20 13:51:54.234,11.47402,11.47651,0.00,0.00
2015.08.20 13:51:55.038,11.47402,11.47652,0.00,0.00
2015.08.20 13:51:56.588,11.47402,11.47641,0.00,0.00
2015.08.20 13:51:56.867,11.47402,11.47652,0.00,0.00
2015.08.20 13:51:57.743,11.47402,11.47641,0.00,0.00
2015.08.20 13:51:58.232,11.47402,11.47552,0.00,0.00
2015.08.20 13:51:58.283,11.47352,11.47552,0.00,0.00
2015.08.20 13:51:58.340,11.47352,11.47601,0.00,0.00
2015.08.20 13:51:58.441,11.47312,11.47601,0.00,0.00
2015.08.20 13:51:58.491,11.47312,11.47581,0.00,0.00
2015.08.20 13:51:58.824,11.47312,11.47552,0.00,0.00
2015.08.20 13:51:59.026,11.47351,11.47652,0.00,0.00
2015.08.20 13:51:59.076,11.47351,11.47642,0.00,0.00
2015.08.20 13:51:59.439,11.47401,11.47552,0.00,0.00
2015.08.20 13:51:59.939,11.47302,11.47552,0.00,0.00
2015.08.20 13:52:01.596,11.47212,11.47501,0.00,0.00
2015.08.20 13:52:02.186,11.47212,11.47502,0.00,0.00
2015.08.20 13:52:02.859,11.47212,11.47491,0.00,0.00
2015.08.20 13:52:02.962,11.47212,11.47502,0.00,0.00
2015.08.20 13:52:04.452,11.47238,11.47511,0.00,0.00
2015.08.20 13:52:04.654,11.47338,11.47652,0.00,0.00
2015.08.20 13:52:04.704,11.47351,11.47652,0.00,0.00
2015.08.20 13:52:07.070,11.47351,11.47651,0.00,0.00
2015.08.20 13:52:07.675,11.47351,11.47632,0.00,0.00
2015.08.20 13:52:07.776,11.47351,11.47652,0.00,0.00
2015.08.20 13:52:07.877,11.47351,11.47632,0.00,0.00
2015.08.20 13:52:08.573,11.47351,11.47652,0.00,0.00
2015.08.20 13:52:08.751,11.47361,11.47652,0.00,0.00
2015.08.20 13:52:09.426,11.47351,11.47631,0.00,0.00
2015.08.20 13:52:09.476,11.47351,11.47652,0.00,0.00
2015.08.20 13:52:09.627,11.47379,11.47652,0.00,0.00
2015.08.20 13:52:09.678,11.47388,11.47692,0.00,0.00
2015.08.20 13:52:09.779,11.47411,11.47702,0.00,0.00
2015.08.20 13:52:10.081,11.47411,11.47651,0.00,0.00
2015.08.20 13:52:10.182,11.47361,11.47651,0.00,0.00
2015.08.20 13:52:10.657,11.47361,11.47602,0.00,0.00
2015.08.20 13:52:10.708,11.47339,11.47651,0.00,0.00
2015.08.20 13:52:10.759,11.47351,11.47651,0.00,0.00
2015.08.20 13:52:11.282,11.47351,11.47541,0.00,0.00
2015.08.20 13:52:12.198,11.47289,11.47512,0.00,0.00
2015.08.20 13:52:12.253,11.47262,11.47512,0.00,0.00
2015.08.20 13:52:12.385,11.47262,11.47542,0.00,0.00
2015.08.20 13:52:12.486,11.47262,11.47532,0.00,0.00
2015.08.20 13:52:12.892,11.47262,11.47512,0.00,0.00
2015.08.20 13:52:13.377,11.47212,11.47502,0.00,0.00
2015.08.20 13:52:13.431,11.47212,11.47481,0.00,0.00
2015.08.20 13:52:13.488,11.47212,11.47502,0.00,0.00
2015.08.20 13:52:13.539,11.47212,11.47452,0.00,0.00
2015.08.20 13:52:13.740,11.47212,11.47482,0.00,0.00
2015.08.20 13:52:14.290,11.47212,11.47502,0.00,0.00
2015.08.20 13:52:14.847,11.47212,11.47452,0.00,0.00
2015.08.20 13:52:14.898,11.47201,11.47452,0.00,0.00
2015.08.20 13:52:18.294,11.47152,11.47401,0.00,0.00
2015.08.20 13:52:18.344,11.47111,11.47391,0.00,0.00
2015.08.20 13:52:18.495,11.47111,11.47351,0.00,0.00
2015.08.20 13:52:19.305,11.47101,11.47351,0.00,0.00
2015.08.20 13:52:22.161,11.47052,11.47351,0.00,0.00
2015.08.20 13:52:24.097,11.47062,11.47351,0.00,0.00
2015.08.20 13:52:26.980,11.47101,11.47351,0.00,0.00
2015.08.20 13:52:27.087,11.47101,11.47399,0.00,0.00
2015.08.20 13:52:27.137,11.47111,11.47399,0.00,0.00
2015.08.20 13:52:27.188,11.47111,11.47402,0.00,0.00
2015.08.20 13:52:27.239,11.47118,11.47402,0.00,0.00
2015.08.20 13:52:27.289,11.47138,11.47452,0.00,0.00
2015.08.20 13:52:27.340,11.47201,11.47452,0.00,0.00
2015.08.20 13:52:27.839,11.47201,11.47479,0.00,0.00
2015.08.20 13:52:28.256,11.47302,11.47552,0.00,0.00
2015.08.20 13:52:29.238,11.47302,11.47547,0.00,0.00
2015.08.20 13:52:29.851,11.47302,11.47552,0.00,0.00
2015.08.20 13:52:30.152,11.47302,11.47537,0.00,0.00
2015.08.20 13:52:30.253,11.47302,11.47552,0.00,0.00
2015.08.20 13:52:30.554,11.47302,11.47546,0.00,0.00
2015.08.20 13:52:31.070,11.47302,11.47546,0.00,0.00
2015.08.20 13:52:31.457,11.47302,11.47552,0.00,0.00
2015.08.20 13:52:31.558,11.47302,11.47547,0.00,0.00
2015.08.20 13:52:31.960,11.47302,11.47551,0.00,0.00
2015.08.20 13:52:32.538,11.47302,11.47536,0.00,0.00
2015.08.20 13:52:32.863,11.47302,11.47552,0.00,0.00
2015.08.20 13:52:33.063,11.47302,11.47547,0.00,0.00
2015.08.20 13:52:33.164,11.47302,11.47552,0.00,0.00
2015.08.20 13:52:33.466,11.47302,11.47536,0.00,0.00
2015.08.20 13:52:34.329,11.47302,11.47536,0.00,0.00
2015.08.20 13:52:34.570,11.47302,11.47541,0.00,0.00
2015.08.20 13:52:34.743,11.47302,11.47526,0.00,0.00
2015.08.20 13:52:34.902,11.47262,11.47526,0.00,0.00
2015.08.20 13:52:34.952,11.47262,11.47517,0.00,0.00
2015.08.20 13:52:35.053,11.47212,11.47487,0.00,0.00
2015.08.20 13:52:35.672,11.47212,11.47486,0.00,0.00
2015.08.20 13:52:35.723,11.47212,11.47501,0.00,0.00
2015.08.20 13:52:35.773,11.47212,11.47456,0.00,0.00
2015.08.20 13:52:35.999,11.47201,11.47456,0.00,0.00
2015.08.20 13:52:37.319,11.47151,11.47456,0.00,0.00
2015.08.20 13:52:37.370,11.47151,11.47422,0.00,0.00
2015.08.20 13:52:37.672,11.47111,11.47357,0.00,0.00
2015.08.20 13:52:38.443,11.47102,11.47357,0.00,0.00
2015.08.20 13:52:41.102,11.47052,11.47357,0.00,0.00
2015.08.20 13:52:41.153,11.47052,11.47307,0.00,0.00
2015.08.20 13:52:41.254,11.47052,11.47352,0.00,0.00
2015.08.20 13:52:42.247,11.47102,11.47352,0.00,0.00
2015.08.20 13:52:43.130,11.47102,11.47388,0.00,0.00
2015.08.20 13:52:43.181,11.47111,11.47388,0.00,0.00
2015.08.20 13:52:44.043,11.47112,11.47365,0.00,0.00
2015.08.20 13:52:44.363,11.47138,11.47362,0.00,0.00
2015.08.20 13:52:44.744,11.47101,11.47357,0.00,0.00
2015.08.20 13:52:44.795,11.47112,11.47357,0.00,0.00
2015.08.20 13:52:44.871,11.47112,11.47401,0.00,0.00
2015.08.20 13:52:44.921,11.47152,11.47401,0.00,0.00
2015.08.20 13:52:45.360,11.47202,11.47452,0.00,0.00
2015.08.20 13:52:49.868,11.47239,11.47551,0.00,0.00
2015.08.20 13:52:49.977,11.47261,11.47551,0.00,0.00
2015.08.20 13:52:50.516,11.47261,11.47542,0.00,0.00
2015.08.20 13:52:50.585,11.47261,11.47551,0.00,0.00
2015.08.20 13:52:51.047,11.47301,11.47551,0.00,0.00
2015.08.20 13:52:51.349,11.47301,11.47451,0.00,0.00
2015.08.20 13:52:51.400,11.47301,11.47501,0.00,0.00
2015.08.20 13:52:51.501,11.47301,11.47482,0.00,0.00
2015.08.20 13:52:52.211,11.47201,11.47452,0.00,0.00
2015.08.20 13:52:53.776,11.47211,11.47451,0.00,0.00
2015.08.20 13:52:54.048,11.47211,11.47502,0.00,0.00
2015.08.20 13:52:54.150,11.47261,11.47502,0.00,0.00
2015.08.20 13:52:54.251,11.47261,11.47541,0.00,0.00
2015.08.20 13:52:54.395,11.47302,11.47541,0.00,0.00
2015.08.20 13:52:55.628,11.47302,11.47527,0.00,0.00
2015.08.20 13:52:55.729,11.47302,11.47551,0.00,0.00
2015.08.20 13:52:55.905,11.47302,11.47527,0.00,0.00
2015.08.20 13:52:56.445,11.47302,11.47532,0.00,0.00
2015.08.20 13:52:58.041,11.47302,11.47541,0.00,0.00
2015.08.20 13:52:58.559,11.47302,11.47532,0.00,0.00
2015.08.20 13:52:59.341,11.47302,11.47522,0.00,0.00
2015.08.20 13:52:59.519,11.47302,11.47551,0.00,0.00
2015.08.20 13:53:00.122,11.47302,11.47542,0.00,0.00
2015.08.20 13:53:00.689,11.47302,11.47521,0.00,0.00
2015.08.20 13:53:02.023,11.47302,11.47512,0.00,0.00
2015.08.20 13:53:02.239,11.47261,11.47491,0.00,0.00
2015.08.20 13:53:02.340,11.47261,11.47472,0.00,0.00
2015.08.20 13:53:02.391,11.47212,11.47472,0.00,0.00
2015.08.20 13:53:02.557,11.47212,11.47501,0.00,0.00
2015.08.20 13:53:02.727,11.47212,11.47481,0.00,0.00
2015.08.20 13:53:03.695,11.47211,11.47481,0.00,0.00
2015.08.20 13:53:04.041,11.47201,11.47452,0.00,0.00
2015.08.20 13:53:07.342,11.47201,11.47451,0.00,0.00
2015.08.20 13:53:08.717,11.47111,11.47402,0.00,0.00
2015.08.20 13:53:08.767,11.47111,11.47391,0.00,0.00
2015.08.20 13:53:08.868,11.47111,11.47401,0.00,0.00
2015.08.20 13:53:08.969,11.47111,11.47392,0.00,0.00
2015.08.20 13:53:09.171,11.47111,11.47401,0.00,0.00
2015.08.20 13:53:09.221,11.47151,11.47441,0.00,0.00
2015.08.20 13:53:09.272,11.47151,11.47449,0.00,0.00
2015.08.20 13:53:09.323,11.47151,11.47451,0.00,0.00
2015.08.20 13:53:09.867,11.47202,11.47451,0.00,0.00
2015.08.20 13:53:11.474,11.47151,11.47422,0.00,0.00
2015.08.20 13:53:11.525,11.47139,11.47421,0.00,0.00
2015.08.20 13:53:11.575,11.47139,11.47401,0.00,0.00
2015.08.20 13:53:11.868,11.47139,11.47412,0.00,0.00
2015.08.20 13:53:12.068,11.47139,11.47421,0.00,0.00
2015.08.20 13:53:13.079,11.47139,11.4742,0.00,0.00
2015.08.20 13:53:13.470,11.47111,11.47352,0.00,0.00
2015.08.20 13:53:13.520,11.47101,11.47352,0.00,0.00
2015.08.20 13:53:22.295,11.47051,11.47352,0.00,0.00
2015.08.20 13:53:23.119,11.47101,11.47352,0.00,0.00
2015.08.20 13:53:24.456,11.47061,11.47352,0.00,0.00
2015.08.20 13:53:24.507,11.47052,11.47352,0.00,0.00
2015.08.20 13:53:25.385,11.47062,11.47352,0.00,0.00
2015.08.20 13:53:28.148,11.47062,11.47351,0.00,0.00
2015.08.20 13:53:28.828,11.47051,11.47351,0.00,0.00
2015.08.20 13:53:29.573,11.47051,11.47352,0.00,0.00
2015.08.20 13:53:30.921,11.47051,11.47351,0.00,0.00
2015.08.20 13:53:30.971,11.47102,11.47351,0.00,0.00
2015.08.20 13:53:31.473,11.47102,11.47352,0.00,0.00
2015.08.20 13:53:32.275,11.47111,11.47352,0.00,0.00
2015.08.20 13:53:32.325,11.47111,11.47402,0.00,0.00
2015.08.20 13:53:32.426,11.47151,11.47402,0.00,0.00
2015.08.20 13:53:32.527,11.47151,11.47452,0.00,0.00
2015.08.20 13:53:32.740,11.47151,11.47441,0.00,0.00
2015.08.20 13:53:33.226,11.47151,11.47452,0.00,0.00
2015.08.20 13:53:33.718,11.47201,11.47452,0.00,0.00
2015.08.20 13:53:34.040,11.47151,11.47352,0.00,0.00
2015.08.20 13:53:34.091,11.47102,11.47352,0.00,0.00
2015.08.20 13:53:36.070,11.47102,11.47351,0.00,0.00
2015.08.20 13:53:36.335,11.47102,11.47342,0.00,0.00
2015.08.20 13:53:37.089,11.47102,11.47352,0.00,0.00
2015.08.20 13:53:46.469,11.47102,11.47302,0.00,0.00
2015.08.20 13:53:46.570,11.47051,11.47302,0.00,0.00
2015.08.20 13:53:46.621,11.47011,11.47302,0.00,0.00
2015.08.20 13:53:46.672,11.47011,11.47272,0.00,0.00
2015.08.20 13:53:47.000,11.47011,11.47251,0.00,0.00
2015.08.20 13:53:47.645,11.47102,11.4731,0.00,0.00
2015.08.20 13:53:47.696,11.47102,11.47352,0.00,0.00
2015.08.20 13:53:56.959,11.47102,11.47351,0.00,0.00
2015.08.20 13:53:57.906,11.47102,11.47342,0.00,0.00
2015.08.20 13:53:58.630,11.47102,11.47351,0.00,0.00
2015.08.20 13:53:59.191,11.47102,11.47352,0.00,0.00
2015.08.20 13:53:59.312,11.47052,11.47351,0.00,0.00
2015.08.20 13:53:59.864,11.47052,11.47352,0.00,0.00
2015.08.20 13:54:00.014,11.47052,11.47301,0.00,0.00
2015.08.20 13:54:00.166,11.47012,11.47301,0.00,0.00
2015.08.20 13:54:01.069,11.47011,11.47301,0.00,0.00
2015.08.20 13:54:01.120,11.47011,11.47252,0.00,0.00
2015.08.20 13:54:01.221,11.47051,11.47322,0.00,0.00
2015.08.20 13:54:01.429,11.47051,11.47302,0.00,0.00
2015.08.20 13:54:01.581,11.47012,11.47302,0.00,0.00
2015.08.20 13:54:01.682,11.47011,11.47252,0.00,0.00
2015.08.20 13:54:02.227,11.47001,11.47252,0.00,0.00
2015.08.20 13:54:02.635,11.46962,11.47252,0.00,0.00
2015.08.20 13:54:02.938,11.47001,11.47252,0.00,0.00
2015.08.20 13:54:12.820,11.47001,11.47251,0.00,0.00
2015.08.20 13:54:13.383,11.47001,11.47252,0.00,0.00
2015.08.20 13:54:14.043,11.47001,11.47251,0.00,0.00
2015.08.20 13:54:14.245,11.46912,11.47192,0.00,0.00
2015.08.20 13:54:14.367,11.46911,11.47171,0.00,0.00
2015.08.20 13:54:14.624,11.46951,11.47251,0.00,0.00
2015.08.20 13:54:14.726,11.46951,11.47242,0.00,0.00
2015.08.20 13:54:15.454,11.47002,11.47251,0.00,0.00
2015.08.20 13:54:15.769,11.47002,11.47201,0.00,0.00
2015.08.20 13:54:15.920,11.46901,11.47151,0.00,0.00
2015.08.20 13:54:17.582,11.46912,11.47151,0.00,0.00
2015.08.20 13:54:17.632,11.46951,11.47202,0.00,0.00
2015.08.20 13:54:18.463,11.46951,11.47211,0.00,0.00
2015.08.20 13:54:18.518,11.46951,11.47242,0.00,0.00
2015.08.20 13:54:18.667,11.47002,11.47242,0.00,0.00
2015.08.20 13:54:18.733,11.47002,11.47252,0.00,0.00
2015.08.20 13:54:19.166,11.47002,11.47221,0.00,0.00
2015.08.20 13:54:19.616,11.47002,11.47192,0.00,0.00
2015.08.20 13:54:19.667,11.46912,11.47191,0.00,0.00
2015.08.20 13:54:19.977,11.46912,11.47171,0.00,0.00
2015.08.20 13:54:20.177,11.46912,11.47201,0.00,0.00
2015.08.20 13:54:20.482,11.46912,11.47172,0.00,0.00
2015.08.20 13:54:20.907,11.47002,11.47202,0.00,0.00
2015.08.20 13:54:20.958,11.47002,11.47251,0.00,0.00
2015.08.20 13:54:21.640,11.47002,11.47242,0.00,0.00
2015.08.20 13:54:22.268,11.47002,11.47251,0.00,0.00
2015.08.20 13:54:22.756,11.47002,11.47242,0.00,0.00
2015.08.20 13:54:23.009,11.46952,11.47252,0.00,0.00
2015.08.20 13:54:23.142,11.46952,11.47242,0.00,0.00
2015.08.20 13:54:23.735,11.47002,11.47212,0.00,0.00
2015.08.20 13:54:24.015,11.47002,11.47251,0.00,0.00
2015.08.20 13:54:24.244,11.47002,11.47242,0.00,0.00
2015.08.20 13:54:24.799,11.47002,11.47241,0.00,0.00
2015.08.20 13:54:24.849,11.47002,11.47251,0.00,0.00
2015.08.20 13:54:26.897,11.47002,11.47242,0.00,0.00
2015.08.20 13:54:27.375,11.47002,11.47251,0.00,0.00
2015.08.20 13:54:30.972,11.47002,11.47232,0.00,0.00
2015.08.20 13:54:31.574,11.47002,11.47251,0.00,0.00
2015.08.20 13:54:31.890,11.47002,11.47232,0.00,0.00
2015.08.20 13:54:32.956,11.47002,11.47251,0.00,0.00
2015.08.20 13:54:33.500,11.47002,11.47241,0.00,0.00
2015.08.20 13:54:33.551,11.46951,11.47241,0.00,0.00
2015.08.20 13:54:33.602,11.46951,11.47251,0.00,0.00
2015.08.20 13:54:34.253,11.47002,11.47241,0.00,0.00
2015.08.20 13:54:35.607,11.46951,11.47241,0.00,0.00
2015.08.20 13:54:35.658,11.46951,11.47201,0.00,0.00
2015.08.20 13:54:35.991,11.46952,11.47251,0.00,0.00
2015.08.20 13:54:36.092,11.47001,11.47251,0.00,0.00
2015.08.20 13:54:37.197,11.46911,11.47202,0.00,0.00
2015.08.20 13:54:37.428,11.46939,11.47251,0.00,0.00
2015.08.20 13:54:37.529,11.46952,11.47251,0.00,0.00
2015.08.20 13:54:37.884,11.46952,11.47232,0.00,0.00
2015.08.20 13:54:38.188,11.47001,11.47232,0.00,0.00
2015.08.20 13:54:38.685,11.47001,11.47251,0.00,0.00
2015.08.20 13:54:39.128,11.46952,11.47251,0.00,0.00
2015.08.20 13:54:39.178,11.46911,11.47171,0.00,0.00
2015.08.20 13:54:39.280,11.46912,11.47192,0.00,0.00
2015.08.20 13:54:39.857,11.46912,11.47152,0.00,0.00
2015.08.20 13:54:40.228,11.46902,11.47152,0.00,0.00
2015.08.20 13:54:40.781,11.46902,11.47151,0.00,0.00
2015.08.20 13:54:41.601,11.46902,11.47152,0.00,0.00
2015.08.20 13:54:42.261,11.46902,11.47151,0.00,0.00
2015.08.20 13:54:43.881,11.46902,11.47152,0.00,0.00
2015.08.20 13:54:46.618,11.46811,11.47051,0.00,0.00
2015.08.20 13:54:47.800,11.46801,11.47051,0.00,0.00
2015.08.20 13:54:48.697,11.46761,11.47051,0.00,0.00
2015.08.20 13:54:48.748,11.46741,11.46951,0.00,0.00
2015.08.20 13:54:49.250,11.46741,11.46999,0.00,0.00
2015.08.20 13:54:49.300,11.46761,11.47001,0.00,0.00
2015.08.20 13:54:49.406,11.46761,11.47051,0.00,0.00
2015.08.20 13:54:49.859,11.46788,11.47089,0.00,0.00
2015.08.20 13:54:49.909,11.46812,11.47082,0.00,0.00
2015.08.20 13:54:50.010,11.46812,11.471,0.00,0.00
2015.08.20 13:54:50.061,11.46812,11.47052,0.00,0.00
2015.08.20 13:54:51.015,11.46812,11.47101,0.00,0.00
2015.08.20 13:54:51.269,11.46811,11.47051,0.00,0.00
2015.08.20 13:54:51.370,11.46801,11.47051,0.00,0.00
2015.08.20 13:54:53.889,11.46761,11.47051,0.00,0.00
2015.08.20 13:54:53.940,11.46761,11.46952,0.00,0.00
2015.08.20 13:54:54.639,11.46711,11.47002,0.00,0.00
2015.08.20 13:54:55.401,11.46729,11.47002,0.00,0.00
2015.08.20 13:54:55.916,11.46801,11.46992,0.00,0.00
2015.08.20 13:54:56.107,11.46801,11.47001,0.00,0.00
2015.08.20 13:54:56.523,11.46711,11.47002,0.00,0.00
2015.08.20 13:54:57.004,11.46711,11.46951,0.00,0.00
2015.08.20 13:54:57.573,11.46702,11.46951,0.00,0.00
2015.08.20 13:55:01.249,11.46712,11.46951,0.00,0.00
2015.08.20 13:55:01.299,11.46739,11.47,0.00,0.00
2015.08.20 13:55:01.350,11.46739,11.47051,0.00,0.00
2015.08.20 13:55:02.189,11.46712,11.47002,0.00,0.00
2015.08.20 13:55:03.582,11.46801,11.47032,0.00,0.00
2015.08.20 13:55:03.633,11.46801,11.47052,0.00,0.00
2015.08.20 13:55:10.408,11.46901,11.47099,0.00,0.00
2015.08.20 13:55:10.818,11.46901,11.47101,0.00,0.00
2015.08.20 13:55:13.336,11.46912,11.47101,0.00,0.00
2015.08.20 13:55:13.387,11.4693,11.47152,0.00,0.00
2015.08.20 13:55:13.488,11.46951,11.47251,0.00,0.00
2015.08.20 13:55:14.084,11.46961,11.47251,0.00,0.00
2015.08.20 13:55:14.406,11.46961,11.47241,0.00,0.00
2015.08.20 13:55:15.092,11.47001,11.47251,0.00,0.00
2015.08.20 13:55:16.682,11.47011,11.47288,0.00,0.00
2015.08.20 13:55:16.733,11.47011,11.47292,0.00,0.00
2015.08.20 13:55:16.784,11.47011,11.47301,0.00,0.00
2015.08.20 13:55:17.736,11.47011,11.47251,0.00,0.00
2015.08.20 13:55:17.787,11.47002,11.47251,0.00,0.00
2015.08.20 13:55:18.535,11.47002,11.47201,0.00,0.00
2015.08.20 13:55:18.736,11.46961,11.47201,0.00,0.00
2015.08.20 13:55:18.787,11.46911,11.47201,0.00,0.00
2015.08.20 13:55:19.073,11.46911,11.47191,0.00,0.00
2015.08.20 13:55:20.314,11.46911,11.47152,0.00,0.00
2015.08.20 13:55:20.524,11.46901,11.47201,0.00,0.00
2015.08.20 13:55:20.777,11.46911,11.47151,0.00,0.00
2015.08.20 13:55:20.979,11.46911,11.47201,0.00,0.00
2015.08.20 13:55:21.529,11.46912,11.47152,0.00,0.00
2015.08.20 13:55:22.473,11.46901,11.47152,0.00,0.00
2015.08.20 13:55:22.746,11.46901,11.47149,0.00,0.00
2015.08.20 13:55:23.049,11.46901,11.47051,0.00,0.00
2015.08.20 13:55:24.121,11.46811,11.47051,0.00,0.00
2015.08.20 13:55:24.285,11.46811,11.47102,0.00,0.00
2015.08.20 13:55:24.393,11.46811,11.47082,0.00,0.00
2015.08.20 13:55:24.595,11.46802,11.47082,0.00,0.00
2015.08.20 13:55:24.646,11.46802,11.47051,0.00,0.00
2015.08.20 13:55:25.305,11.46802,11.47002,0.00,0.00
2015.08.20 13:55:25.668,11.4673,11.47002,0.00,0.00
2015.08.20 13:55:26.258,11.46729,11.47002,0.00,0.00
2015.08.20 13:55:27.128,11.4673,11.47002,0.00,0.00
2015.08.20 13:55:27.232,11.46739,11.4705,0.00,0.00
2015.08.20 13:55:27.333,11.46801,11.47051,0.00,0.00
2015.08.20 13:55:27.955,11.46801,11.47049,0.00,0.00
2015.08.20 13:55:28.285,11.46801,11.47002,0.00,0.00
2015.08.20 13:55:28.335,11.46729,11.47002,0.00,0.00
2015.08.20 13:55:28.945,11.4673,11.47002,0.00,0.00
2015.08.20 13:55:29.719,11.46701,11.46951,0.00,0.00
2015.08.20 13:55:30.018,11.46701,11.47001,0.00,0.00
2015.08.20 13:55:30.220,11.46712,11.47001,0.00,0.00
2015.08.20 13:55:31.772,11.46701,11.46951,0.00,0.00
2015.08.20 13:55:32.356,11.46701,11.46992,0.00,0.00
2015.08.20 13:55:32.407,11.46701,11.47001,0.00,0.00
2015.08.20 13:55:32.508,11.46701,11.46952,0.00,0.00
2015.08.20 13:55:32.663,11.46701,11.47,0.00,0.00
2015.08.20 13:55:32.713,11.46712,11.47001,0.00,0.00
2015.08.20 13:55:33.165,11.46712,11.46951,0.00,0.00
2015.08.20 13:55:34.105,11.46701,11.46952,0.00,0.00
2015.08.20 13:55:35.892,11.46651,11.46952,0.00,0.00
2015.08.20 13:55:35.943,11.46651,11.46852,0.00,0.00
2015.08.20 13:55:36.144,11.46651,11.46951,0.00,0.00
2015.08.20 13:55:36.250,11.46651,11.4692,0.00,0.00
2015.08.20 13:55:36.351,11.46651,11.46942,0.00,0.00
2015.08.20 13:55:36.402,11.46651,11.46951,0.00,0.00
2015.08.20 13:55:36.834,11.46651,11.46852,0.00,0.00
2015.08.20 13:55:37.157,11.46701,11.46852,0.00,0.00
2015.08.20 13:55:37.259,11.46701,11.46901,0.00,0.00
2015.08.20 13:55:37.359,11.46629,11.46901,0.00,0.00
2015.08.20 13:55:38.250,11.46612,11.46898,0.00,0.00
2015.08.20 13:55:38.301,11.46602,11.46852,0.00,0.00
2015.08.20 13:55:39.296,11.46629,11.46852,0.00,0.00
2015.08.20 13:55:39.720,11.46602,11.46852,0.00,0.00
2015.08.20 13:55:41.751,11.46638,11.46898,0.00,0.00
2015.08.20 13:55:41.802,11.46638,11.46952,0.00,0.00
2015.08.20 13:55:41.852,11.46651,11.46952,0.00,0.00
2015.08.20 13:55:42.554,11.46651,11.46901,0.00,0.00
2015.08.20 13:55:42.655,11.46629,11.46901,0.00,0.00
2015.08.20 13:55:42.735,11.46638,11.46952,0.00,0.00
2015.08.20 13:55:42.836,11.46702,11.46952,0.00,0.00
2015.08.20 13:55:43.917,11.46652,11.46952,0.00,0.00
2015.08.20 13:55:43.968,11.46601,11.46851,0.00,0.00
2015.08.20 13:55:44.411,11.46601,11.46802,0.00,0.00
2015.08.20 13:55:44.613,11.46601,11.46852,0.00,0.00
2015.08.20 13:55:45.381,11.46558,11.46852,0.00,0.00
2015.08.20 13:55:45.816,11.46551,11.46852,0.00,0.00
2015.08.20 13:55:46.117,11.46559,11.46852,0.00,0.00
2015.08.20 13:55:46.594,11.46551,11.46852,0.00,0.00
2015.08.20 13:55:48.326,11.46559,11.46852,0.00,0.00
2015.08.20 13:55:48.670,11.46602,11.46852,0.00,0.00
2015.08.20 13:55:48.772,11.46562,11.46852,0.00,0.00
2015.08.20 13:55:49.080,11.46551,11.46852,0.00,0.00
2015.08.20 13:55:49.514,11.46602,11.46801,0.00,0.00
2015.08.20 13:55:49.833,11.46602,11.46751,0.00,0.00
2015.08.20 13:55:49.883,11.46502,11.46751,0.00,0.00
2015.08.20 13:55:51.804,11.46529,11.46802,0.00,0.00
2015.08.20 13:55:52.384,11.46551,11.46852,0.00,0.00
2015.08.20 13:55:52.789,11.46551,11.46802,0.00,0.00
2015.08.20 13:55:52.890,11.46511,11.46802,0.00,0.00
2015.08.20 13:55:52.940,11.4653,11.46802,0.00,0.00
2015.08.20 13:55:53.367,11.46538,11.46802,0.00,0.00
2015.08.20 13:55:54.334,11.46601,11.46802,0.00,0.00
2015.08.20 13:55:54.385,11.4653,11.46802,0.00,0.00
2015.08.20 13:55:54.436,11.46502,11.46752,0.00,0.00
2015.08.20 13:55:55.631,11.4653,11.46752,0.00,0.00
2015.08.20 13:55:56.168,11.46529,11.46752,0.00,0.00
2015.08.20 13:55:56.966,11.46529,11.46671,0.00,0.00
2015.08.20 13:55:57.175,11.46502,11.46671,0.00,0.00
2015.08.20 13:55:57.679,11.46529,11.46671,0.00,0.00
2015.08.20 13:55:57.830,11.46529,11.46722,0.00,0.00
2015.08.20 13:55:58.347,11.46529,11.46672,0.00,0.00
2015.08.20 13:55:58.506,11.4653,11.46681,0.00,0.00
2015.08.20 13:55:58.557,11.46461,11.46681,0.00,0.00
2015.08.20 13:55:59.341,11.46451,11.46681,0.00,0.00
2015.08.20 13:55:59.861,11.46501,11.46681,0.00,0.00
2015.08.20 13:56:00.284,11.46631,11.46731,0.00,0.00
2015.08.20 13:56:00.585,11.46671,11.46771,0.00,0.00
2015.08.20 13:56:01.271,11.46641,11.46741,0.00,0.00
2015.08.20 13:56:02.894,11.46692,11.46792,0.00,0.00
2015.08.20 13:56:03.109,11.46641,11.46741,0.00,0.00
2015.08.20 13:56:03.210,11.46641,11.46782,0.00,0.00
2015.08.20 13:56:03.441,11.46682,11.46782,0.00,0.00
2015.08.20 13:56:04.395,11.46632,11.46737,0.00,0.00
2015.08.20 13:56:05.173,11.46641,11.46782,0.00,0.00
2015.08.20 13:56:05.324,11.46691,11.46791,0.00,0.00
2015.08.20 13:56:05.826,11.46692,11.46792,0.00,0.00
2015.08.20 13:56:08.541,11.46632,11.46732,0.00,0.00
2015.08.20 13:56:08.980,11.46612,11.46732,0.00,0.00
2015.08.20 13:56:09.133,11.46582,11.46694,0.00,0.00
2015.08.20 13:56:09.473,11.46632,11.46732,0.00,0.00
2015.08.20 13:56:10.724,11.46681,11.46781,0.00,0.00
2015.08.20 13:56:10.825,11.46681,11.46782,0.00,0.00
2015.08.20 13:56:17.984,11.46631,11.46731,0.00,0.00
2015.08.20 13:56:18.186,11.46512,11.46681,0.00,0.00
2015.08.20 13:56:18.287,11.46571,11.46682,0.00,0.00
2015.08.20 13:56:18.828,11.46481,11.46581,0.00,0.00
2015.08.20 13:56:19.081,11.4655,11.46682,0.00,0.00
2015.08.20 13:56:19.132,11.46522,11.46682,0.00,0.00
2015.08.20 13:56:19.182,11.46611,11.46711,0.00,0.00
2015.08.20 13:56:19.283,11.46572,11.46732,0.00,0.00
2015.08.20 13:56:19.536,11.46611,11.46732,0.00,0.00
2015.08.20 13:56:19.917,11.46581,11.46681,0.00,0.00
2015.08.20 13:56:20.068,11.46582,11.46682,0.00,0.00
2015.08.20 13:56:20.793,11.46582,11.46761,0.00,0.00
2015.08.20 13:56:20.918,11.46601,11.46781,0.00,0.00
2015.08.20 13:56:20.968,11.46652,11.46781,0.00,0.00
2015.08.20 13:56:21.170,11.46601,11.46781,0.00,0.00
2015.08.20 13:56:21.220,11.46601,11.46762,0.00,0.00
2015.08.20 13:56:21.534,11.46571,11.46682,0.00,0.00
2015.08.20 13:56:21.827,11.46571,11.46732,0.00,0.00
2015.08.20 13:56:22.331,11.46612,11.46731,0.00,0.00
2015.08.20 13:56:22.681,11.46571,11.46682,0.00,0.00
2015.08.20 13:56:22.792,11.46571,11.46732,0.00,0.00
2015.08.20 13:56:22.843,11.46611,11.46732,0.00,0.00
2015.08.20 13:56:24.031,11.46611,11.46782,0.00,0.00
2015.08.20 13:56:24.133,11.46651,11.46782,0.00,0.00
2015.08.20 13:56:24.473,11.46632,11.46732,0.00,0.00
2015.08.20 13:56:24.574,11.46611,11.46732,0.00,0.00
2015.08.20 13:56:26.296,11.46582,11.46682,0.00,0.00
2015.08.20 13:56:26.346,11.46571,11.46682,0.00,0.00
2015.08.20 13:56:26.652,11.46641,11.46781,0.00,0.00
2015.08.20 13:56:26.875,11.46571,11.46681,0.00,0.00
2015.08.20 13:56:33.598,11.46511,11.46681,0.00,0.00
2015.08.20 13:56:33.728,11.46551,11.46681,0.00,0.00
2015.08.20 13:56:34.984,11.46531,11.46631,0.00,0.00
2015.08.20 13:56:35.150,11.46502,11.46631,0.00,0.00
2015.08.20 13:56:35.654,11.46502,11.46632,0.00,0.00
2015.08.20 13:56:36.679,11.46481,11.46581,0.00,0.00
2015.08.20 13:56:36.882,11.46542,11.46732,0.00,0.00
2015.08.20 13:56:37.073,11.46542,11.46721,0.00,0.00
2015.08.20 13:56:37.384,11.46542,11.46672,0.00,0.00
2015.08.20 13:56:38.155,11.46501,11.46622,0.00,0.00
2015.08.20 13:56:38.765,11.46532,11.46671,0.00,0.00
2015.08.20 13:56:44.146,11.46412,11.46622,0.00,0.00
2015.08.20 13:56:44.377,11.4643,11.46621,0.00,0.00
2015.08.20 13:56:45.025,11.46429,11.46621,0.00,0.00
2015.08.20 13:56:45.327,11.46429,11.46571,0.00,0.00
2015.08.20 13:56:45.432,11.46429,11.46622,0.00,0.00
2015.08.20 13:56:47.083,11.46429,11.46621,0.00,0.00
2015.08.20 13:56:48.183,11.46429,11.46572,0.00,0.00
2015.08.20 13:56:48.543,11.4643,11.46621,0.00,0.00
2015.08.20 13:56:49.235,11.46429,11.46621,0.00,0.00
2015.08.20 13:56:52.503,11.4643,11.46621,0.00,0.00
2015.08.20 13:56:52.604,11.46441,11.46621,0.00,0.00
2015.08.20 13:56:53.589,11.46441,11.46571,0.00,0.00
2015.08.20 13:56:53.639,11.4643,11.46571,0.00,0.00
2015.08.20 13:56:53.690,11.46429,11.46621,0.00,0.00
2015.08.20 13:56:53.740,11.46452,11.46621,0.00,0.00
2015.08.20 13:57:00.217,11.4643,11.46621,0.00,0.00
2015.08.20 13:57:00.319,11.46481,11.46581,0.00,0.00
2015.08.20 13:57:00.393,11.46481,11.46622,0.00,0.00
2015.08.20 13:57:00.843,11.46471,11.46571,0.00,0.00
2015.08.20 13:57:00.994,11.46442,11.46571,0.00,0.00
2015.08.20 13:57:01.928,11.46442,11.46551,0.00,0.00
2015.08.20 13:57:01.978,11.46342,11.46472,0.00,0.00
2015.08.20 13:57:02.079,11.46311,11.46472,0.00,0.00
2015.08.20 13:57:03.632,11.46311,11.46522,0.00,0.00
2015.08.20 13:57:03.733,11.46352,11.46522,0.00,0.00
2015.08.20 13:57:04.197,11.46402,11.46522,0.00,0.00
2015.08.20 13:57:04.623,11.46402,11.46571,0.00,0.00
2015.08.20 13:57:06.997,11.46402,11.46621,0.00,0.00
2015.08.20 13:57:07.048,11.46442,11.46621,0.00,0.00
2015.08.20 13:57:07.791,11.46442,11.46571,0.00,0.00
2015.08.20 13:57:08.378,11.46441,11.46622,0.00,0.00
2015.08.20 13:57:08.992,11.46441,11.46571,0.00,0.00
2015.08.20 13:57:09.093,11.46441,11.46622,0.00,0.00
2015.08.20 13:57:09.547,11.46441,11.46571,0.00,0.00
2015.08.20 13:57:10.323,11.46451,11.46622,0.00,0.00
2015.08.20 13:57:17.768,11.46451,11.46571,0.00,0.00
2015.08.20 13:57:17.818,11.46401,11.46571,0.00,0.00
2015.08.20 13:57:17.882,11.46401,11.46622,0.00,0.00
2015.08.20 13:57:17.932,11.46432,11.46622,0.00,0.00
2015.08.20 13:57:18.258,11.46432,11.46572,0.00,0.00
2015.08.20 13:57:18.359,11.46429,11.46572,0.00,0.00
2015.08.20 13:57:18.460,11.46441,11.46622,0.00,0.00
2015.08.20 13:57:26.176,11.46341,11.46571,0.00,0.00
2015.08.20 13:57:26.239,11.46369,11.46571,0.00,0.00
2015.08.20 13:57:26.289,11.46381,11.46622,0.00,0.00
2015.08.20 13:57:26.777,11.46422,11.46622,0.00,0.00
2015.08.20 13:57:27.146,11.46429,11.46622,0.00,0.00
2015.08.20 13:57:27.232,11.46429,11.46671,0.00,0.00
2015.08.20 13:57:27.283,11.46472,11.46671,0.00,0.00
2015.08.20 13:57:27.584,11.46472,11.46622,0.00,0.00
2015.08.20 13:57:27.735,11.46421,11.46622,0.00,0.00
2015.08.20 13:57:28.253,11.46422,11.46622,0.00,0.00
2015.08.20 13:57:29.338,11.46422,11.4667,0.00,0.00
2015.08.20 13:57:29.389,11.4643,11.46671,0.00,0.00
2015.08.20 13:57:29.918,11.46502,11.46671,0.00,0.00
2015.08.20 13:57:31.878,11.46561,11.46721,0.00,0.00
2015.08.20 13:57:31.983,11.46561,11.46781,0.00,0.00
2015.08.20 13:57:32.818,11.46601,11.46781,0.00,0.00
2015.08.20 13:57:34.916,11.46612,11.46821,0.00,0.00
2015.08.20 13:57:35.043,11.46612,11.46782,0.00,0.00
2015.08.20 13:57:35.720,11.46612,11.46831,0.00,0.00
2015.08.20 13:57:37.971,11.46612,11.46781,0.00,0.00
2015.08.20 13:57:38.861,11.46602,11.46781,0.00,0.00
2015.08.20 13:57:42.533,11.46571,11.46732,0.00,0.00
2015.08.20 13:57:42.583,11.46521,11.46732,0.00,0.00
2015.08.20 13:57:44.141,11.46682,11.46802,0.00,0.00
2015.08.20 13:57:44.192,11.46702,11.46802,0.00,0.00
2015.08.20 13:57:44.243,11.46702,11.46882,0.00,0.00
2015.08.20 13:57:45.073,11.46702,11.46932,0.00,0.00
2015.08.20 13:57:45.275,11.46801,11.46982,0.00,0.00
2015.08.20 13:57:47.720,11.46811,11.46982,0.00,0.00
2015.08.20 13:57:47.771,11.46811,11.47032,0.00,0.00
2015.08.20 13:57:48.046,11.46811,11.46981,0.00,0.00
2015.08.20 13:57:48.247,11.46811,11.47032,0.00,0.00
2015.08.20 13:57:49.871,11.46901,11.47032,0.00,0.00
2015.08.20 13:57:50.022,11.46901,11.47081,0.00,0.00
2015.08.20 13:57:50.866,11.46851,11.47081,0.00,0.00
2015.08.20 13:57:50.918,11.46802,11.47052,0.00,0.00
2015.08.20 13:57:51.019,11.46802,11.46982,0.00,0.00
2015.08.20 13:57:51.119,11.46802,11.47032,0.00,0.00
2015.08.20 13:57:52.264,11.46811,11.47032,0.00,0.00
2015.08.20 13:57:52.596,11.46811,11.46982,0.00,0.00
2015.08.20 13:57:52.647,11.46811,11.47031,0.00,0.00
2015.08.20 13:57:52.808,11.46821,11.47031,0.00,0.00
2015.08.20 13:57:54.179,11.46901,11.47082,0.00,0.00
2015.08.20 13:57:58.175,11.4698,11.47082,0.00,0.00
2015.08.20 13:57:58.276,11.47002,11.47181,0.00,0.00
2015.08.20 13:58:00.121,11.47002,11.47231,0.00,0.00
2015.08.20 13:58:01.685,11.47002,11.47181,0.00,0.00
2015.08.20 13:58:02.551,11.46972,11.47082,0.00,0.00
2015.08.20 13:58:02.602,11.46941,11.47082,0.00,0.00
2015.08.20 13:58:02.703,11.46941,11.47131,0.00,0.00
2015.08.20 13:58:04.417,11.47129,11.47291,0.00,0.00
2015.08.20 13:58:05.500,11.47102,11.47291,0.00,0.00
2015.08.20 13:58:05.551,11.47092,11.47192,0.00,0.00
2015.08.20 13:58:06.067,11.47111,11.47342,0.00,0.00
2015.08.20 13:58:09.000,11.47091,11.47342,0.00,0.00
2015.08.20 13:58:09.051,11.47012,11.47291,0.00,0.00
2015.08.20 13:58:09.197,11.4704,11.47291,0.00,0.00
2015.08.20 13:58:10.137,11.47039,11.47292,0.00,0.00
2015.08.20 13:58:10.669,11.4704,11.47292,0.00,0.00
2015.08.20 13:58:11.202,11.47012,11.4727,0.00,0.00
2015.08.20 13:58:11.253,11.47012,11.47242,0.00,0.00
2015.08.20 13:58:12.925,11.47029,11.47242,0.00,0.00
2015.08.20 13:58:13.493,11.47172,11.47272,0.00,0.00
2015.08.20 13:58:13.544,11.47172,11.47432,0.00,0.00
2015.08.20 13:58:13.594,11.47172,11.47422,0.00,0.00
2015.08.20 13:58:13.936,11.47211,11.47401,0.00,0.00
2015.08.20 13:58:14.287,11.47211,11.47341,0.00,0.00
2015.08.20 13:58:14.438,11.47129,11.47341,0.00,0.00
2015.08.20 13:58:14.539,11.47129,11.47392,0.00,0.00
2015.08.20 13:58:14.698,11.47131,11.47392,0.00,0.00
2015.08.20 13:58:15.572,11.47211,11.47442,0.00,0.00
2015.08.20 13:58:15.875,11.47211,11.47392,0.00,0.00
2015.08.20 13:58:15.976,11.47131,11.47392,0.00,0.00
2015.08.20 13:58:17.148,11.47212,11.47392,0.00,0.00
2015.08.20 13:58:17.349,11.47212,11.47442,0.00,0.00
2015.08.20 13:58:19.431,11.47212,11.47392,0.00,0.00
2015.08.20 13:58:19.482,11.47202,11.47392,0.00,0.00
2015.08.20 13:58:19.611,11.47202,11.47442,0.00,0.00
2015.08.20 13:58:20.442,11.47211,11.47442,0.00,0.00
2015.08.20 13:58:21.409,11.47211,11.4747,0.00,0.00
2015.08.20 13:58:21.460,11.47229,11.47481,0.00,0.00
2015.08.20 13:58:21.511,11.47229,11.47491,0.00,0.00
2015.08.20 13:58:21.562,11.47302,11.47491,0.00,0.00
2015.08.20 13:58:21.864,11.47302,11.47442,0.00,0.00
2015.08.20 13:58:22.308,11.47302,11.4747,0.00,0.00
2015.08.20 13:58:22.409,11.47302,11.47441,0.00,0.00
2015.08.20 13:58:22.560,11.47211,11.47441,0.00,0.00
2015.08.20 13:58:23.140,11.47211,11.47391,0.00,0.00
2015.08.20 13:58:23.491,11.47211,11.47441,0.00,0.00
2015.08.20 13:58:24.144,11.47211,11.47391,0.00,0.00
2015.08.20 13:58:24.295,11.47302,11.47542,0.00,0.00
2015.08.20 13:58:24.346,11.47302,11.47492,0.00,0.00
2015.08.20 13:58:24.669,11.47292,11.47392,0.00,0.00
2015.08.20 13:58:24.820,11.47302,11.47441,0.00,0.00
2015.08.20 13:58:25.534,11.47302,11.47492,0.00,0.00
2015.08.20 13:58:26.500,11.47312,11.47492,0.00,0.00
2015.08.20 13:58:26.551,11.47312,11.47531,0.00,0.00
2015.08.20 13:58:26.652,11.47312,11.47492,0.00,0.00
2015.08.20 13:58:27.610,11.47312,11.4752,0.00,0.00
2015.08.20 13:58:27.838,11.47312,11.47542,0.00,0.00
2015.08.20 13:58:28.256,11.47402,11.47542,0.00,0.00
2015.08.20 13:58:28.306,11.47402,11.47571,0.00,0.00
2015.08.20 13:58:28.357,11.47402,11.47592,0.00,0.00
2015.08.20 13:58:28.559,11.47402,11.47641,0.00,0.00
2015.08.20 13:58:29.267,11.47501,11.47641,0.00,0.00
2015.08.20 13:58:29.318,11.47501,11.47671,0.00,0.00
2015.08.20 13:58:29.469,11.47501,11.47692,0.00,0.00
2015.08.20 13:58:30.207,11.47501,11.47642,0.00,0.00
2015.08.20 13:58:30.774,11.47479,11.47691,0.00,0.00
2015.08.20 13:58:30.976,11.4748,11.47742,0.00,0.00
2015.08.20 13:58:31.366,11.47461,11.4772,0.00,0.00
2015.08.20 13:58:31.668,11.4748,11.47691,0.00,0.00
2015.08.20 13:58:31.719,11.4748,11.47742,0.00,0.00
2015.08.20 13:58:32.192,11.4753,11.47742,0.00,0.00
2015.08.20 13:58:32.413,11.47529,11.47771,0.00,0.00
2015.08.20 13:58:32.709,11.47629,11.47891,0.00,0.00
2015.08.20 13:58:33.191,11.47629,11.47932,0.00,0.00
2015.08.20 13:58:33.810,11.4763,11.47932,0.00,0.00
2015.08.20 13:58:34.069,11.47668,11.47931,0.00,0.00
2015.08.20 13:58:34.170,11.47631,11.47931,0.00,0.00
2015.08.20 13:58:34.221,11.47641,11.47932,0.00,0.00
2015.08.20 13:58:34.570,11.47641,11.47941,0.00,0.00
2015.08.20 13:58:34.621,11.47641,11.47911,0.00,0.00
2015.08.20 13:58:35.216,11.47629,11.47911,0.00,0.00
2015.08.20 13:58:35.269,11.47629,11.47941,0.00,0.00
2015.08.20 13:58:35.473,11.47668,11.47951,0.00,0.00
2015.08.20 13:58:35.524,11.47668,11.47961,0.00,0.00
2015.08.20 13:58:35.575,11.47629,11.47941,0.00,0.00
2015.08.20 13:58:35.625,11.47629,11.47921,0.00,0.00
2015.08.20 13:58:36.380,11.47629,11.47922,0.00,0.00
2015.08.20 13:58:36.690,11.47718,11.47892,0.00,0.00
2015.08.20 13:58:36.791,11.47569,11.47882,0.00,0.00
2015.08.20 13:58:36.842,11.47569,11.47841,0.00,0.00
2015.08.20 13:58:37.143,11.47569,11.47891,0.00,0.00
2015.08.20 13:58:38.063,11.47569,11.47862,0.00,0.00
2015.08.20 13:58:38.393,11.47619,11.47882,0.00,0.00
2015.08.20 13:58:38.444,11.4758,11.47892,0.00,0.00
2015.08.20 13:58:38.544,11.47568,11.47882,0.00,0.00
2015.08.20 13:58:38.630,11.47568,11.47861,0.00,0.00
2015.08.20 13:58:38.731,11.47568,11.47882,0.00,0.00
2015.08.20 13:58:38.844,11.47568,11.47892,0.00,0.00
2015.08.20 13:58:39.438,11.47569,11.47891,0.00,0.00
2015.08.20 13:58:39.933,11.47569,11.47862,0.00,0.00
2015.08.20 13:58:40.239,11.47569,11.47841,0.00,0.00
2015.08.20 13:58:40.850,11.47569,11.47842,0.00,0.00
2015.08.20 13:58:40.953,11.47569,11.47872,0.00,0.00
2015.08.20 13:58:41.480,11.47569,11.47891,0.00,0.00
2015.08.20 13:58:41.767,11.47569,11.47881,0.00,0.00
2015.08.20 13:58:42.192,11.47569,11.47891,0.00,0.00
2015.08.20 13:58:42.293,11.47542,11.47741,0.00,0.00
2015.08.20 13:58:42.394,11.47479,11.47741,0.00,0.00
2015.08.20 13:58:42.445,11.47529,11.47741,0.00,0.00
2015.08.20 13:58:42.495,11.47569,11.47871,0.00,0.00
2015.08.20 13:58:42.546,11.47569,11.47891,0.00,0.00
2015.08.20 13:58:43.095,11.4753,11.47841,0.00,0.00
2015.08.20 13:58:43.790,11.4754,11.47841,0.00,0.00
2015.08.20 13:58:43.841,11.47529,11.47841,0.00,0.00
2015.08.20 13:58:43.963,11.47529,11.47792,0.00,0.00
2015.08.20 13:58:44.064,11.47479,11.47771,0.00,0.00
2015.08.20 13:58:44.165,11.4748,11.47792,0.00,0.00
2015.08.20 13:58:44.717,11.47479,11.47792,0.00,0.00
2015.08.20 13:58:45.171,11.47509,11.47792,0.00,0.00
2015.08.20 13:58:45.506,11.4753,11.47792,0.00,0.00
2015.08.20 13:58:46.618,11.47529,11.47792,0.00,0.00
2015.08.20 13:58:46.918,11.47529,11.47821,0.00,0.00
2015.08.20 13:58:46.969,11.4753,11.47842,0.00,0.00
2015.08.20 13:58:47.220,11.47564,11.47871,0.00,0.00
2015.08.20 13:58:47.270,11.47564,11.47891,0.00,0.00
2015.08.20 13:58:48.732,11.47542,11.47742,0.00,0.00
2015.08.20 13:58:48.782,11.47439,11.47742,0.00,0.00
2015.08.20 13:58:48.883,11.47444,11.47641,0.00,0.00
2015.08.20 13:58:49.135,11.47473,11.47792,0.00,0.00
2015.08.20 13:58:49.185,11.47483,11.47792,0.00,0.00
2015.08.20 13:58:49.286,11.47471,11.47792,0.00,0.00
2015.08.20 13:58:50.064,11.47518,11.4783,0.00,0.00
2015.08.20 13:58:50.115,11.47519,11.47841,0.00,0.00
2015.08.20 13:58:50.439,11.47512,11.47792,0.00,0.00
2015.08.20 13:58:50.540,11.47509,11.47792,0.00,0.00
2015.08.20 13:58:50.591,11.47472,11.47792,0.00,0.00
2015.08.20 13:58:51.504,11.47469,11.47791,0.00,0.00
2015.08.20 13:58:53.148,11.47469,11.4778,0.00,0.00
2015.08.20 13:58:53.249,11.47429,11.47741,0.00,0.00
2015.08.20 13:58:53.300,11.47431,11.47741,0.00,0.00
2015.08.20 13:58:54.401,11.47381,11.47691,0.00,0.00
2015.08.20 13:58:54.508,11.47419,11.47731,0.00,0.00
2015.08.20 13:58:54.558,11.4743,11.47741,0.00,0.00
2015.08.20 13:58:55.062,11.47429,11.47741,0.00,0.00
2015.08.20 13:58:55.757,11.4743,11.47692,0.00,0.00
2015.08.20 13:58:55.807,11.47382,11.47692,0.00,0.00
2015.08.20 13:58:55.959,11.47418,11.4773,0.00,0.00
2015.08.20 13:58:56.059,11.47429,11.47742,0.00,0.00
2015.08.20 13:58:56.781,11.4743,11.47742,0.00,0.00
2015.08.20 13:58:56.882,11.47422,11.47681,0.00,0.00
2015.08.20 13:58:57.369,11.47429,11.47742,0.00,0.00
2015.08.20 13:58:57.683,11.47381,11.47641,0.00,0.00
2015.08.20 13:58:57.834,11.47379,11.47641,0.00,0.00
2015.08.20 13:58:58.349,11.4738,11.47641,0.00,0.00
2015.08.20 13:58:59.364,11.4738,11.47692,0.00,0.00
2015.08.20 13:58:59.699,11.4738,11.47641,0.00,0.00
2015.08.20 13:58:59.906,11.4738,11.4768,0.00,0.00
2015.08.20 13:59:00.026,11.47379,11.47692,0.00,0.00
2015.08.20 13:59:00.128,11.47418,11.47731,0.00,0.00
2015.08.20 13:59:00.657,11.47418,11.47711,0.00,0.00
2015.08.20 13:59:00.726,11.4738,11.47678,0.00,0.00
2015.08.20 13:59:01.081,11.47398,11.47678,0.00,0.00
2015.08.20 13:59:01.182,11.4738,11.47678,0.00,0.00
2015.08.20 13:59:01.926,11.47379,11.47679,0.00,0.00
2015.08.20 13:59:02.027,11.47398,11.47679,0.00,0.00
2015.08.20 13:59:02.484,11.47369,11.47679,0.00,0.00
2015.08.20 13:59:03.370,11.47369,11.47689,0.00,0.00
2015.08.20 13:59:03.420,11.47389,11.47689,0.00,0.00
2015.08.20 13:59:03.586,11.47379,11.47689,0.00,0.00
2015.08.20 13:59:03.687,11.47368,11.47689,0.00,0.00
2015.08.20 13:59:03.789,11.47379,11.47689,0.00,0.00
2015.08.20 13:59:04.416,11.47368,11.47689,0.00,0.00
2015.08.20 13:59:04.971,11.47369,11.47689,0.00,0.00
2015.08.20 13:59:05.072,11.47369,11.47641,0.00,0.00
2015.08.20 13:59:05.123,11.47329,11.47641,0.00,0.00
2015.08.20 13:59:05.224,11.47338,11.47641,0.00,0.00
2015.08.20 13:59:05.274,11.47368,11.47689,0.00,0.00
2015.08.20 13:59:05.325,11.47389,11.47689,0.00,0.00
2015.08.20 13:59:05.691,11.47369,11.47689,0.00,0.00
2015.08.20 13:59:05.792,11.47388,11.47689,0.00,0.00
2015.08.20 13:59:06.349,11.47398,11.47689,0.00,0.00
2015.08.20 13:59:06.400,11.47379,11.47689,0.00,0.00
2015.08.20 13:59:06.729,11.47398,11.47689,0.00,0.00
2015.08.20 13:59:07.093,11.47379,11.47689,0.00,0.00
2015.08.20 13:59:07.356,11.47379,11.47702,0.00,0.00
2015.08.20 13:59:07.910,11.47398,11.47702,0.00,0.00
2015.08.20 13:59:08.696,11.47389,11.47702,0.00,0.00
2015.08.20 13:59:08.797,11.47379,11.47702,0.00,0.00
2015.08.20 13:59:09.020,11.47389,11.47702,0.00,0.00
2015.08.20 13:59:09.878,11.47459,11.47802,0.00,0.00
2015.08.20 13:59:09.929,11.47462,11.47802,0.00,0.00
2015.08.20 13:59:10.255,11.47469,11.47802,0.00,0.00
2015.08.20 13:59:10.406,11.47462,11.47802,0.00,0.00
2015.08.20 13:59:11.172,11.47479,11.47821,0.00,0.00
2015.08.20 13:59:11.789,11.47459,11.47771,0.00,0.00
2015.08.20 13:59:11.890,11.47479,11.47821,0.00,0.00
2015.08.20 13:59:12.378,11.47528,11.47872,0.00,0.00
2015.08.20 13:59:12.580,11.47549,11.47871,0.00,0.00
2015.08.20 13:59:12.782,11.4753,11.47871,0.00,0.00
2015.08.20 13:59:13.313,11.47529,11.47871,0.00,0.00
2015.08.20 13:59:13.465,11.47549,11.47871,0.00,0.00
2015.08.20 13:59:13.872,11.47529,11.47871,0.00,0.00
2015.08.20 13:59:13.922,11.47529,11.47861,0.00,0.00
2015.08.20 13:59:14.023,11.47529,11.47872,0.00,0.00
2015.08.20 13:59:14.074,11.47578,11.47892,0.00,0.00
2015.08.20 13:59:14.124,11.47578,11.47912,0.00,0.00
2015.08.20 13:59:14.175,11.47552,11.47872,0.00,0.00
2015.08.20 13:59:14.426,11.47578,11.47922,0.00,0.00
2015.08.20 13:59:14.903,11.47578,11.47911,0.00,0.00
2015.08.20 13:59:15.432,11.47578,11.47901,0.00,0.00
2015.08.20 13:59:15.590,11.47629,11.47961,0.00,0.00
2015.08.20 13:59:16.093,11.4763,11.47961,0.00,0.00
2015.08.20 13:59:16.422,11.47629,11.47972,0.00,0.00
2015.08.20 13:59:17.032,11.4763,11.47942,0.00,0.00
2015.08.20 13:59:17.355,11.4763,11.47911,0.00,0.00
2015.08.20 13:59:17.406,11.47589,11.47911,0.00,0.00
2015.08.20 13:59:17.456,11.47589,11.47901,0.00,0.00
2015.08.20 13:59:17.507,11.47579,11.47901,0.00,0.00
2015.08.20 13:59:17.727,11.47579,11.47912,0.00,0.00
2015.08.20 13:59:17.828,11.47579,11.47921,0.00,0.00
2015.08.20 13:59:18.066,11.47579,11.47902,0.00,0.00
2015.08.20 13:59:18.553,11.47579,11.47921,0.00,0.00
2015.08.20 13:59:18.827,11.47552,11.47872,0.00,0.00
2015.08.20 13:59:18.928,11.47529,11.47851,0.00,0.00
2015.08.20 13:59:19.231,11.47529,11.47841,0.00,0.00
2015.08.20 13:59:20.167,11.4753,11.47771,0.00,0.00
2015.08.20 13:59:20.798,11.47529,11.47771,0.00,0.00
2015.08.20 13:59:21.426,11.4753,11.47771,0.00,0.00
2015.08.20 13:59:22.011,11.47529,11.47771,0.00,0.00
2015.08.20 13:59:23.029,11.4753,11.47771,0.00,0.00
2015.08.20 13:59:23.998,11.47529,11.47771,0.00,0.00
2015.08.20 13:59:24.571,11.4753,11.47771,0.00,0.00
2015.08.20 13:59:24.872,11.47529,11.47792,0.00,0.00
2015.08.20 13:59:25.612,11.4753,11.47821,0.00,0.00
2015.08.20 13:59:26.052,11.47529,11.47771,0.00,0.00
2015.08.20 13:59:27.461,11.4753,11.47771,0.00,0.00
2015.08.20 13:59:28.737,11.47529,11.47771,0.00,0.00
2015.08.20 13:59:29.566,11.4753,11.47771,0.00,0.00
2015.08.20 13:59:29.722,11.47529,11.47822,0.00,0.00
2015.08.20 13:59:31.036,11.47529,11.47802,0.00,0.00
2015.08.20 13:59:31.346,11.47529,11.47791,0.00,0.00
2015.08.20 13:59:32.084,11.47529,11.47792,0.00,0.00
2015.08.20 13:59:32.322,11.47529,11.47818,0.00,0.00
2015.08.20 13:59:32.777,11.47438,11.47818,0.00,0.00
2015.08.20 13:59:32.827,11.47429,11.47782,0.00,0.00
2015.08.20 13:59:33.316,11.47429,11.47802,0.00,0.00
2015.08.20 13:59:33.735,11.47429,11.47771,0.00,0.00
2015.08.20 13:59:33.889,11.47429,11.47782,0.00,0.00
2015.08.20 13:59:34.093,11.47429,11.47771,0.00,0.00
2015.08.20 13:59:34.628,11.47429,11.47781,0.00,0.00
2015.08.20 13:59:35.177,11.4743,11.47781,0.00,0.00
2015.08.20 13:59:35.228,11.4743,11.47792,0.00,0.00
2015.08.20 13:59:35.279,11.47422,11.47741,0.00,0.00
2015.08.20 13:59:35.330,11.47349,11.47711,0.00,0.00
2015.08.20 13:59:35.739,11.47349,11.47709,0.00,0.00
2015.08.20 13:59:36.058,11.47319,11.4765,0.00,0.00
2015.08.20 13:59:36.589,11.47309,11.4757,0.00,0.00
2015.08.20 13:59:36.639,11.47319,11.47619,0.00,0.00
2015.08.20 13:59:37.065,11.47339,11.47619,0.00,0.00
2015.08.20 13:59:37.535,11.47318,11.47619,0.00,0.00
2015.08.20 13:59:38.213,11.47308,11.4761,0.00,0.00
2015.08.20 13:59:38.264,11.47279,11.47578,0.00,0.00
2015.08.20 13:59:38.365,11.47248,11.47578,0.00,0.00
2015.08.20 13:59:38.466,11.47269,11.47578,0.00,0.00
2015.08.20 13:59:38.618,11.47249,11.47578,0.00,0.00
2015.08.20 13:59:38.791,11.47259,11.47578,0.00,0.00
2015.08.20 13:59:38.842,11.47288,11.47619,0.00,0.00
2015.08.20 13:59:39.318,11.47278,11.47568,0.00,0.00
2015.08.20 13:59:39.547,11.47259,11.47568,0.00,0.00
2015.08.20 13:59:39.648,11.47279,11.47568,0.00,0.00
2015.08.20 13:59:39.699,11.47279,11.47589,0.00,0.00
2015.08.20 13:59:39.749,11.47298,11.47589,0.00,0.00
2015.08.20 13:59:39.851,11.47319,11.47619,0.00,0.00
2015.08.20 13:59:40.992,11.47338,11.47658,0.00,0.00
2015.08.20 13:59:41.256,11.47328,11.47658,0.00,0.00
2015.08.20 13:59:41.357,11.47339,11.47658,0.00,0.00
2015.08.20 13:59:42.014,11.47329,11.47658,0.00,0.00
2015.08.20 13:59:42.359,11.47318,11.47658,0.00,0.00
2015.08.20 13:59:42.611,11.47318,11.47651,0.00,0.00
2015.08.20 13:59:42.713,11.47318,11.47658,0.00,0.00
2015.08.20 13:59:43.166,11.47338,11.47709,0.00,0.00
2015.08.20 13:59:43.266,11.47348,11.47709,0.00,0.00
2015.08.20 13:59:44.398,11.47329,11.47709,0.00,0.00
2015.08.20 13:59:44.499,11.47338,11.47709,0.00,0.00
2015.08.20 13:59:44.837,11.47358,11.47709,0.00,0.00
2015.08.20 13:59:44.973,11.47338,11.47709,0.00,0.00
2015.08.20 13:59:45.593,11.47338,11.47719,0.00,0.00
2015.08.20 13:59:45.876,11.47318,11.47702,0.00,0.00
2015.08.20 13:59:46.128,11.47339,11.47719,0.00,0.00
2015.08.20 13:59:46.728,11.47349,11.47719,0.00,0.00
2015.08.20 13:59:47.067,11.47328,11.47712,0.00,0.00
2015.08.20 13:59:47.119,11.47348,11.47719,0.00,0.00
2015.08.20 13:59:47.371,11.47359,11.47741,0.00,0.00
2015.08.20 13:59:47.522,11.47348,11.47719,0.00,0.00
2015.08.20 13:59:48.012,11.47328,11.47712,0.00,0.00
2015.08.20 13:59:48.174,11.47342,11.47712,0.00,0.00
2015.08.20 13:59:48.225,11.47368,11.47752,0.00,0.00
2015.08.20 13:59:48.647,11.47342,11.47712,0.00,0.00
2015.08.20 13:59:48.708,11.47369,11.47751,0.00,0.00
2015.08.20 13:59:50.503,11.47359,11.47741,0.00,0.00
2015.08.20 13:59:50.813,11.47378,11.47758,0.00,0.00
2015.08.20 13:59:51.026,11.47359,11.47741,0.00,0.00
2015.08.20 13:59:52.093,11.47359,11.47718,0.00,0.00
2015.08.20 13:59:52.338,11.47349,11.47718,0.00,0.00
2015.08.20 13:59:52.490,11.47351,11.47731,0.00,0.00
2015.08.20 13:59:52.541,11.47368,11.47752,0.00,0.00
2015.08.20 13:59:53.246,11.47389,11.47759,0.00,0.00
2015.08.20 13:59:53.298,11.47369,11.47751,0.00,0.00
2015.08.20 13:59:53.601,11.47351,11.47731,0.00,0.00
2015.08.20 13:59:53.948,11.47349,11.47718,0.00,0.00
2015.08.20 13:59:54.422,11.47359,11.47718,0.00,0.00
2015.08.20 13:59:54.591,11.47348,11.47718,0.00,0.00
2015.08.20 13:59:54.863,11.47388,11.47719,0.00,0.00
2015.08.20 13:59:54.914,11.47388,11.47759,0.00,0.00
2015.08.20 13:59:55.066,11.47359,11.47759,0.00,0.00
2015.08.20 13:59:55.117,11.47341,11.47759,0.00,0.00
2015.08.20 13:59:55.726,11.47341,11.47751,0.00,0.00
2015.08.20 13:59:56.031,11.47301,11.47709,0.00,0.00
2015.08.20 13:59:56.457,11.47309,11.47709,0.00,0.00
2015.08.20 13:59:56.923,11.47301,11.47709,0.00,0.00
2015.08.20 13:59:57.722,11.47309,11.47709,0.00,0.00
2015.08.20 13:59:57.873,11.47351,11.47759,0.00,0.00
2015.08.20 13:59:58.515,11.47349,11.47709,0.00,0.00
2015.08.20 13:59:58.566,11.47311,11.47709,0.00,0.00
2015.08.20 13:59:58.731,11.4734,11.47709,0.00,0.00
2015.08.20 13:59:58.846,11.47352,11.47758,0.00,0.00
