2013.10.21 19:00:00.381,13.13982,13.14303,0.00,0.00
2013.10.21 19:00:00.862,13.13972,13.14293,0.00,0.00
2013.10.21 19:00:01.211,13.13842,13.14158,0.00,0.00
2013.10.21 19:00:01.270,13.13812,13.14133,0.00,0.00
2013.10.21 19:00:01.330,13.13795,13.14103,0.00,0.00
2013.10.21 19:00:01.480,13.13782,13.14103,0.00,0.00
2013.10.21 19:00:03.388,13.13782,13.14097,0.00,0.00
2013.10.21 19:00:03.450,13.13737,13.14048,0.00,0.00
2013.10.21 19:00:03.751,13.1367,13.13981,0.00,0.00
2013.10.21 19:00:03.810,13.13592,13.13908,0.00,0.00
2013.10.21 19:00:03.870,13.13626,13.13908,0.00,0.00
2013.10.21 19:00:04.178,13.13772,13.14058,0.00,0.00
2013.10.21 19:00:04.700,13.13772,13.14088,0.00,0.00
2013.10.21 19:00:05.021,13.13762,13.14083,0.00,0.00
2013.10.21 19:00:05.433,13.13772,13.14088,0.00,0.00
2013.10.21 19:00:06.091,13.13712,13.13992,0.00,0.00
2013.10.21 19:00:06.270,13.13682,13.13963,0.00,0.00
2013.10.21 19:00:06.330,13.13672,13.13963,0.00,0.00
2013.10.21 19:00:07.668,13.13652,13.13958,0.00,0.00
2013.10.21 19:00:07.791,13.13662,13.13978,0.00,0.00
2013.10.21 19:00:07.978,13.13643,13.13958,0.00,0.00
2013.10.21 19:00:08.100,13.13632,13.13948,0.00,0.00
2013.10.21 19:00:08.330,13.13652,13.13968,0.00,0.00
2013.10.21 19:00:08.757,13.13702,13.14017,0.00,0.00
2013.10.21 19:00:08.810,13.13682,13.13998,0.00,0.00
2013.10.21 19:00:10.279,13.13672,13.13993,0.00,0.00
2013.10.21 19:00:10.887,13.13682,13.13998,0.00,0.00
2013.10.21 19:00:11.190,13.13672,13.13993,0.00,0.00
2013.10.21 19:00:11.666,13.13682,13.13998,0.00,0.00
2013.10.21 19:00:12.011,13.13672,13.13988,0.00,0.00
2013.10.21 19:00:12.321,13.13682,13.13998,0.00,0.00
2013.10.21 19:00:12.771,13.13754,13.14058,0.00,0.00
2013.10.21 19:00:12.922,13.13772,13.14088,0.00,0.00
2013.10.21 19:00:13.290,13.13762,13.14078,0.00,0.00
2013.10.21 19:00:13.948,13.13752,13.14058,0.00,0.00
2013.10.21 19:00:14.170,13.13672,13.13988,0.00,0.00
2013.10.21 19:00:14.690,13.13712,13.14014,0.00,0.00
2013.10.21 19:00:14.821,13.13762,13.14078,0.00,0.00
2013.10.21 19:00:14.880,13.13752,13.14073,0.00,0.00
2013.10.21 19:00:15.470,13.13732,13.14053,0.00,0.00
2013.10.21 19:00:15.852,13.13745,13.14053,0.00,0.00
2013.10.21 19:00:16.260,13.13772,13.14088,0.00,0.00
2013.10.21 19:00:16.730,13.13752,13.14073,0.00,0.00
2013.10.21 19:00:17.434,13.13762,13.14078,0.00,0.00
2013.10.21 19:00:20.973,13.13802,13.14104,0.00,0.00
2013.10.21 19:00:21.151,13.13802,13.14118,0.00,0.00
2013.10.21 19:00:21.214,13.13902,13.14144,0.00,0.00
2013.10.21 19:00:21.270,13.13902,13.14199,0.00,0.00
2013.10.21 19:00:21.330,13.13912,13.14228,0.00,0.00
2013.10.21 19:00:22.090,13.13891,13.14158,0.00,0.00
2013.10.21 19:00:22.181,13.13852,13.14158,0.00,0.00
2013.10.21 19:00:22.240,13.13831,13.14118,0.00,0.00
2013.10.21 19:00:22.341,13.13802,13.14118,0.00,0.00
2013.10.21 19:00:22.400,13.13792,13.14108,0.00,0.00
2013.10.21 19:00:22.720,13.13768,13.14058,0.00,0.00
2013.10.21 19:00:22.780,13.13752,13.14058,0.00,0.00
2013.10.21 19:00:22.960,13.13742,13.14058,0.00,0.00
2013.10.21 19:00:23.182,13.13762,13.14078,0.00,0.00
2013.10.21 19:00:23.500,13.13862,13.14153,0.00,0.00
2013.10.21 19:00:23.560,13.13862,13.14158,0.00,0.00
2013.10.21 19:00:24.691,13.13862,13.14178,0.00,0.00
2013.10.21 19:00:25.720,13.13832,13.14148,0.00,0.00
2013.10.21 19:00:28.120,13.13852,13.14158,0.00,0.00
2013.10.21 19:00:28.491,13.13862,13.14158,0.00,0.00
2013.10.21 19:00:29.630,13.13892,13.14202,0.00,0.00
2013.10.21 19:00:29.691,13.13892,13.14208,0.00,0.00
2013.10.21 19:00:29.750,13.13902,13.14218,0.00,0.00
2013.10.21 19:00:30.070,13.13892,13.14208,0.00,0.00
2013.10.21 19:00:30.516,13.13902,13.14218,0.00,0.00
2013.10.21 19:00:30.920,13.13942,13.14238,0.00,0.00
2013.10.21 19:00:31.160,13.13962,13.14278,0.00,0.00
2013.10.21 19:00:31.786,13.13952,13.14268,0.00,0.00
2013.10.21 19:00:32.271,13.13942,13.14258,0.00,0.00
2013.10.21 19:00:33.111,13.13952,13.14268,0.00,0.00
2013.10.21 19:00:33.417,13.13962,13.14278,0.00,0.00
2013.10.21 19:00:38.061,13.13944,13.14258,0.00,0.00
2013.10.21 19:00:38.310,13.13942,13.14258,0.00,0.00
2013.10.21 19:00:45.200,13.13962,13.14278,0.00,0.00
2013.10.21 19:00:45.561,13.13952,13.14268,0.00,0.00
2013.10.21 19:00:47.412,13.13942,13.14248,0.00,0.00
2013.10.21 19:00:48.658,13.13952,13.14268,0.00,0.00
2013.10.21 19:00:48.780,13.14002,13.14303,0.00,0.00
2013.10.21 19:00:48.840,13.14032,13.14347,0.00,0.00
2013.10.21 19:00:49.242,13.14042,13.14348,0.00,0.00
2013.10.21 19:00:49.961,13.14017,13.14328,0.00,0.00
2013.10.21 19:00:50.020,13.14012,13.14328,0.00,0.00
2013.10.21 19:00:51.081,13.14032,13.14348,0.00,0.00
2013.10.21 19:00:53.601,13.14042,13.14358,0.00,0.00
2013.10.21 19:00:53.977,13.14022,13.14338,0.00,0.00
2013.10.21 19:00:54.281,13.14032,13.1434,0.00,0.00
2013.10.21 19:00:54.340,13.14032,13.14348,0.00,0.00
2013.10.21 19:00:54.400,13.14042,13.14358,0.00,0.00
2013.10.21 19:00:54.901,13.14032,13.14348,0.00,0.00
2013.10.21 19:00:55.460,13.14015,13.14375,0.00,0.00
2013.10.21 19:00:55.520,13.13983,13.14343,0.00,0.00
2013.10.21 19:00:55.955,13.14002,13.14318,0.00,0.00
2013.10.21 19:00:56.398,13.14022,13.14333,0.00,0.00
2013.10.21 19:00:56.520,13.14052,13.14366,0.00,0.00
2013.10.21 19:00:56.605,13.14056,13.14368,0.00,0.00
2013.10.21 19:00:56.770,13.14052,13.14368,0.00,0.00
2013.10.21 19:00:56.903,13.14032,13.14348,0.00,0.00
2013.10.21 19:00:57.504,13.14022,13.14338,0.00,0.00
2013.10.21 19:01:02.357,13.14042,13.14358,0.00,0.00
2013.10.21 19:01:07.341,13.14052,13.14358,0.00,0.00
2013.10.21 19:01:08.545,13.14042,13.14348,0.00,0.00
2013.10.21 19:01:08.643,13.1403,13.14338,0.00,0.00
2013.10.21 19:01:08.700,13.14022,13.14338,0.00,0.00
2013.10.21 19:01:09.151,13.14032,13.14348,0.00,0.00
2013.10.21 19:01:10.542,13.14022,13.14338,0.00,0.00
2013.10.21 19:01:10.900,13.14042,13.14358,0.00,0.00
2013.10.21 19:01:11.250,13.14042,13.14338,0.00,0.00
2013.10.21 19:01:14.470,13.14042,13.14358,0.00,0.00
2013.10.21 19:01:14.720,13.14052,13.14358,0.00,0.00
2013.10.21 19:01:17.480,13.14042,13.14338,0.00,0.00
2013.10.21 19:01:17.730,13.14042,13.14356,0.00,0.00
2013.10.21 19:01:17.790,13.14042,13.14358,0.00,0.00
2013.10.21 19:01:18.691,13.14052,13.14368,0.00,0.00
2013.10.21 19:01:19.710,13.14042,13.14348,0.00,0.00
2013.10.21 19:01:20.695,13.14052,13.14368,0.00,0.00
2013.10.21 19:01:22.527,13.14042,13.14348,0.00,0.00
2013.10.21 19:01:23.170,13.14142,13.1437,0.00,0.00
2013.10.21 19:01:23.230,13.14142,13.1439,0.00,0.00
2013.10.21 19:01:23.350,13.14142,13.14428,0.00,0.00
2013.10.21 19:01:23.438,13.14142,13.14438,0.00,0.00
2013.10.21 19:01:24.999,13.14142,13.14458,0.00,0.00
2013.10.21 19:01:25.120,13.14242,13.14468,0.00,0.00
2013.10.21 19:01:25.240,13.14242,13.1453,0.00,0.00
2013.10.21 19:01:25.300,13.14242,13.14548,0.00,0.00
2013.10.21 19:01:26.311,13.14242,13.14518,0.00,0.00
2013.10.21 19:01:27.230,13.14262,13.14543,0.00,0.00
2013.10.21 19:01:27.301,13.14262,13.14577,0.00,0.00
2013.10.21 19:01:27.420,13.14268,13.14578,0.00,0.00
2013.10.21 19:01:27.580,13.14352,13.14668,0.00,0.00
2013.10.21 19:01:28.325,13.14342,13.14648,0.00,0.00
2013.10.21 19:01:31.622,13.14342,13.14638,0.00,0.00
2013.10.21 19:01:31.860,13.14352,13.14668,0.00,0.00
2013.10.21 19:01:31.931,13.14362,13.14678,0.00,0.00
2013.10.21 19:01:32.250,13.14345,13.14648,0.00,0.00
2013.10.21 19:01:32.310,13.14342,13.14648,0.00,0.00
2013.10.21 19:01:34.108,13.14352,13.14668,0.00,0.00
2013.10.21 19:01:34.571,13.14342,13.14648,0.00,0.00
2013.10.21 19:01:34.631,13.14352,13.14668,0.00,0.00
2013.10.21 19:01:34.913,13.14342,13.14658,0.00,0.00
2013.10.21 19:01:35.721,13.14352,13.14668,0.00,0.00
2013.10.21 19:01:36.187,13.14342,13.14658,0.00,0.00
2013.10.21 19:01:40.253,13.14362,13.14678,0.00,0.00
2013.10.21 19:01:43.671,13.14342,13.14658,0.00,0.00
2013.10.21 19:01:44.187,13.14342,13.14648,0.00,0.00
2013.10.21 19:01:44.381,13.14342,13.14658,0.00,0.00
2013.10.21 19:01:50.580,13.14342,13.14648,0.00,0.00
2013.10.21 19:01:51.120,13.14352,13.14668,0.00,0.00
2013.10.21 19:01:51.413,13.14342,13.14658,0.00,0.00
2013.10.21 19:01:52.280,13.14368,13.14658,0.00,0.00
2013.10.21 19:01:52.440,13.14442,13.14738,0.00,0.00
2013.10.21 19:01:55.200,13.14442,13.14748,0.00,0.00
2013.10.21 19:01:58.820,13.14442,13.14758,0.00,0.00
2013.10.21 19:01:58.940,13.14452,13.14768,0.00,0.00
2013.10.21 19:01:59.300,13.14542,13.14828,0.00,0.00
2013.10.21 19:01:59.930,13.14642,13.14853,0.00,0.00
2013.10.21 19:01:59.990,13.14642,13.14864,0.00,0.00
2013.10.21 19:02:00.071,13.14642,13.14908,0.00,0.00
2013.10.21 19:02:00.130,13.14642,13.14918,0.00,0.00
2013.10.21 19:02:00.403,13.14642,13.14938,0.00,0.00
2013.10.21 19:02:02.331,13.14622,13.14938,0.00,0.00
2013.10.21 19:02:03.736,13.14672,13.14947,0.00,0.00
2013.10.21 19:02:03.850,13.14692,13.14997,0.00,0.00
2013.10.21 19:02:03.910,13.14692,13.15008,0.00,0.00
2013.10.21 19:02:05.021,13.14682,13.14998,0.00,0.00
2013.10.21 19:02:06.530,13.14742,13.15017,0.00,0.00
2013.10.21 19:02:07.137,13.14742,13.15018,0.00,0.00
2013.10.21 19:02:07.327,13.14702,13.15018,0.00,0.00
2013.10.21 19:02:07.550,13.14692,13.15008,0.00,0.00
2013.10.21 19:02:08.260,13.14667,13.14958,0.00,0.00
2013.10.21 19:02:08.320,13.14642,13.14958,0.00,0.00
2013.10.21 19:02:10.259,13.14615,13.14848,0.00,0.00
2013.10.21 19:02:10.320,13.14542,13.14848,0.00,0.00
2013.10.21 19:02:31.600,13.14542,13.14838,0.00,0.00
2013.10.21 19:02:31.920,13.14642,13.14858,0.00,0.00
2013.10.21 19:02:32.040,13.14642,13.14908,0.00,0.00
2013.10.21 19:02:32.100,13.14642,13.14918,0.00,0.00
2013.10.21 19:02:32.192,13.14602,13.14918,0.00,0.00
2013.10.21 19:02:32.630,13.14592,13.14908,0.00,0.00
2013.10.21 19:02:35.050,13.14602,13.14918,0.00,0.00
2013.10.21 19:02:35.398,13.14642,13.14948,0.00,0.00
2013.10.21 19:02:36.470,13.14642,13.14938,0.00,0.00
2013.10.21 19:02:55.726,13.14642,13.14948,0.00,0.00
2013.10.21 19:03:00.290,13.14607,13.14898,0.00,0.00
2013.10.21 19:03:00.361,13.14582,13.14898,0.00,0.00
2013.10.21 19:03:00.420,13.14565,13.14858,0.00,0.00
2013.10.21 19:03:00.480,13.14507,13.14818,0.00,0.00
2013.10.21 19:03:00.540,13.14502,13.14815,0.00,0.00
2013.10.21 19:03:00.600,13.14482,13.14798,0.00,0.00
2013.10.21 19:03:00.660,13.14452,13.14768,0.00,0.00
2013.10.21 19:03:03.290,13.14592,13.14782,0.00,0.00
2013.10.21 19:03:03.350,13.14592,13.14903,0.00,0.00
2013.10.21 19:03:03.410,13.14602,13.14918,0.00,0.00
2013.10.21 19:03:03.880,13.14562,13.14878,0.00,0.00
2013.10.21 19:03:04.220,13.14552,13.14868,0.00,0.00
2013.10.21 19:03:04.777,13.14525,13.14798,0.00,0.00
2013.10.21 19:03:04.840,13.14483,13.14798,0.00,0.00
2013.10.21 19:03:05.020,13.14442,13.14748,0.00,0.00
2013.10.21 19:03:05.140,13.14442,13.14758,0.00,0.00
2013.10.21 19:03:10.371,13.14442,13.14748,0.00,0.00
2013.10.21 19:03:10.674,13.14432,13.14748,0.00,0.00
2013.10.21 19:03:11.374,13.14442,13.14758,0.00,0.00
2013.10.21 19:03:11.690,13.14432,13.14748,0.00,0.00
2013.10.21 19:03:17.391,13.14442,13.14758,0.00,0.00
2013.10.21 19:03:19.600,13.14432,13.14748,0.00,0.00
2013.10.21 19:03:20.130,13.14442,13.14758,0.00,0.00
2013.10.21 19:03:23.108,13.14432,13.14748,0.00,0.00
2013.10.21 19:03:26.401,13.14442,13.14758,0.00,0.00
2013.10.21 19:03:27.511,13.14432,13.14748,0.00,0.00
2013.10.21 19:03:28.001,13.14422,13.14738,0.00,0.00
2013.10.21 19:03:32.770,13.14412,13.14728,0.00,0.00
2013.10.21 19:03:33.333,13.14422,13.14738,0.00,0.00
2013.10.21 19:03:39.660,13.14389,13.14658,0.00,0.00
2013.10.21 19:03:39.720,13.14342,13.14658,0.00,0.00
2013.10.21 19:03:40.252,13.14362,13.14658,0.00,0.00
2013.10.21 19:03:40.559,13.14372,13.14658,0.00,0.00
2013.10.21 19:03:41.801,13.14352,13.14658,0.00,0.00
2013.10.21 19:03:48.541,13.14352,13.1463,0.00,0.00
2013.10.21 19:03:48.600,13.14282,13.14598,0.00,0.00
2013.10.21 19:03:48.741,13.14259,13.14568,0.00,0.00
2013.10.21 19:03:48.808,13.14252,13.14568,0.00,0.00
2013.10.21 19:03:48.873,13.14242,13.14558,0.00,0.00
2013.10.21 19:03:49.540,13.14262,13.1457,0.00,0.00
2013.10.21 19:03:49.600,13.14262,13.14578,0.00,0.00
2013.10.21 19:03:54.500,13.14242,13.14558,0.00,0.00
2013.10.21 19:03:55.511,13.14262,13.14578,0.00,0.00
2013.10.21 19:03:57.347,13.14242,13.14558,0.00,0.00
2013.10.21 19:03:59.490,13.14262,13.14578,0.00,0.00
2013.10.21 19:03:59.860,13.14242,13.14558,0.00,0.00
2013.10.21 19:04:00.273,13.14262,13.14578,0.00,0.00
2013.10.21 19:04:00.675,13.14242,13.14558,0.00,0.00
2013.10.21 19:04:03.820,13.14262,13.14558,0.00,0.00
2013.10.21 19:04:04.366,13.14272,13.14558,0.00,0.00
2013.10.21 19:04:06.682,13.14272,13.14588,0.00,0.00
2013.10.21 19:04:06.800,13.14282,13.14598,0.00,0.00
2013.10.21 19:04:10.607,13.14283,13.14598,0.00,0.00
2013.10.21 19:04:10.910,13.14362,13.14658,0.00,0.00
2013.10.21 19:04:11.090,13.14382,13.14698,0.00,0.00
2013.10.21 19:04:11.210,13.14422,13.14737,0.00,0.00
2013.10.21 19:04:11.330,13.14442,13.14758,0.00,0.00
2013.10.21 19:04:14.897,13.14452,13.14758,0.00,0.00
2013.10.21 19:04:15.011,13.14442,13.14758,0.00,0.00
2013.10.21 19:04:25.340,13.14415,13.14658,0.00,0.00
2013.10.21 19:04:25.460,13.14362,13.14658,0.00,0.00
2013.10.21 19:04:28.256,13.14352,13.14658,0.00,0.00
2013.10.21 19:04:31.241,13.14328,13.14688,0.00,0.00
2013.10.21 19:04:31.360,13.14352,13.14658,0.00,0.00
2013.10.21 19:04:34.061,13.14342,13.14658,0.00,0.00
2013.10.21 19:04:42.655,13.14325,13.14608,0.00,0.00
2013.10.21 19:04:42.940,13.14265,13.14558,0.00,0.00
2013.10.21 19:04:43.000,13.14262,13.14558,0.00,0.00
2013.10.21 19:04:43.109,13.14245,13.14558,0.00,0.00
2013.10.21 19:04:43.760,13.14242,13.14558,0.00,0.00
2013.10.21 19:04:46.220,13.14312,13.14591,0.00,0.00
2013.10.21 19:04:46.280,13.14312,13.14628,0.00,0.00
2013.10.21 19:04:46.340,13.14342,13.14628,0.00,0.00
2013.10.21 19:04:46.400,13.14342,13.14658,0.00,0.00
2013.10.21 19:04:54.411,13.14392,13.14685,0.00,0.00
2013.10.21 19:04:54.470,13.14442,13.14758,0.00,0.00
2013.10.21 19:04:54.530,13.14442,13.14755,0.00,0.00
2013.10.21 19:04:54.601,13.14442,13.14758,0.00,0.00
2013.10.21 19:04:54.660,13.14462,13.14778,0.00,0.00
2013.10.21 19:04:54.969,13.14452,13.14758,0.00,0.00
2013.10.21 19:04:55.090,13.14442,13.14758,0.00,0.00
2013.10.21 19:04:55.422,13.14452,13.14758,0.00,0.00
2013.10.21 19:05:00.556,13.14542,13.14794,0.00,0.00
2013.10.21 19:05:00.610,13.14542,13.14858,0.00,0.00
2013.10.21 19:05:03.682,13.14552,13.14868,0.00,0.00
2013.10.21 19:05:04.778,13.14542,13.14858,0.00,0.00
2013.10.21 19:05:14.963,13.14562,13.14878,0.00,0.00
2013.10.21 19:05:15.280,13.14572,13.14888,0.00,0.00
2013.10.21 19:05:15.667,13.14642,13.14898,0.00,0.00
2013.10.21 19:05:15.820,13.14642,13.14958,0.00,0.00
2013.10.21 19:05:17.340,13.14652,13.14968,0.00,0.00
2013.10.21 19:05:22.126,13.14642,13.14958,0.00,0.00
2013.10.21 19:05:23.136,13.14652,13.14968,0.00,0.00
2013.10.21 19:05:32.160,13.14692,13.14994,0.00,0.00
2013.10.21 19:05:32.280,13.14692,13.15008,0.00,0.00
2013.10.21 19:05:32.400,13.14712,13.15028,0.00,0.00
2013.10.21 19:05:33.780,13.14722,13.15038,0.00,0.00
2013.10.21 19:05:34.209,13.14742,13.15038,0.00,0.00
2013.10.21 19:05:35.202,13.14712,13.15028,0.00,0.00
2013.10.21 19:05:41.495,13.14732,13.15048,0.00,0.00
2013.10.21 19:05:41.891,13.14752,13.15068,0.00,0.00
2013.10.21 19:05:42.296,13.14742,13.15058,0.00,0.00
2013.10.21 19:05:51.764,13.14715,13.14958,0.00,0.00
2013.10.21 19:05:51.820,13.1469,13.14958,0.00,0.00
2013.10.21 19:05:51.880,13.14642,13.14958,0.00,0.00
2013.10.21 19:05:53.811,13.14662,13.14978,0.00,0.00
2013.10.21 19:05:54.450,13.14652,13.14958,0.00,0.00
2013.10.21 19:05:55.362,13.14626,13.14898,0.00,0.00
2013.10.21 19:05:55.480,13.1456,13.14868,0.00,0.00
2013.10.21 19:05:55.540,13.14552,13.14868,0.00,0.00
2013.10.21 19:05:55.605,13.14542,13.14858,0.00,0.00
2013.10.21 19:05:59.193,13.14552,13.14868,0.00,0.00
2013.10.21 19:05:59.510,13.14562,13.14878,0.00,0.00
2013.10.21 19:05:59.830,13.14572,13.14888,0.00,0.00
2013.10.21 19:06:03.391,13.14562,13.14878,0.00,0.00
2013.10.21 19:06:06.162,13.14572,13.14888,0.00,0.00
2013.10.21 19:06:06.972,13.14553,13.14868,0.00,0.00
2013.10.21 19:06:07.320,13.14552,13.14858,0.00,0.00
2013.10.21 19:06:17.002,13.14562,13.14878,0.00,0.00
2013.10.21 19:06:17.140,13.14572,13.14888,0.00,0.00
2013.10.21 19:06:18.621,13.14562,13.14858,0.00,0.00
2013.10.21 19:06:18.925,13.14572,13.14888,0.00,0.00
2013.10.21 19:06:19.032,13.14562,13.14858,0.00,0.00
2013.10.21 19:06:20.842,13.14572,13.14888,0.00,0.00
2013.10.21 19:06:22.863,13.14582,13.14898,0.00,0.00
2013.10.21 19:06:27.296,13.14572,13.14888,0.00,0.00
2013.10.21 19:06:32.440,13.14592,13.14908,0.00,0.00
2013.10.21 19:06:40.507,13.14662,13.14941,0.00,0.00
2013.10.21 19:06:40.630,13.14682,13.14983,0.00,0.00
2013.10.21 19:06:40.750,13.14682,13.14998,0.00,0.00
2013.10.21 19:06:58.572,13.14692,13.15008,0.00,0.00
2013.10.21 19:07:04.150,13.14682,13.14998,0.00,0.00
2013.10.21 19:07:09.490,13.14692,13.15008,0.00,0.00
2013.10.21 19:07:09.942,13.14702,13.15018,0.00,0.00
2013.10.21 19:07:33.951,13.14712,13.15028,0.00,0.00
2013.10.21 19:07:34.281,13.14702,13.15018,0.00,0.00
2013.10.21 19:07:34.662,13.14742,13.15038,0.00,0.00
2013.10.21 19:07:34.780,13.14752,13.15068,0.00,0.00
2013.10.21 19:07:35.311,13.14742,13.15058,0.00,0.00
2013.10.21 19:07:50.827,13.14722,13.15038,0.00,0.00
2013.10.21 19:07:51.132,13.147,13.14988,0.00,0.00
2013.10.21 19:07:51.250,13.14672,13.14988,0.00,0.00
2013.10.21 19:07:54.858,13.14646,13.14958,0.00,0.00
2013.10.21 19:07:54.982,13.14642,13.14958,0.00,0.00
2013.10.21 19:07:55.072,13.14652,13.14958,0.00,0.00
2013.10.21 19:07:58.789,13.14642,13.14958,0.00,0.00
2013.10.21 19:07:58.888,13.14662,13.14958,0.00,0.00
2013.10.21 19:08:03.454,13.14742,13.14994,0.00,0.00
2013.10.21 19:08:03.570,13.14742,13.15058,0.00,0.00
2013.10.21 19:08:03.692,13.14752,13.15058,0.00,0.00
2013.10.21 19:08:04.021,13.14752,13.15068,0.00,0.00
2013.10.21 19:08:10.181,13.14762,13.15078,0.00,0.00
2013.10.21 19:08:10.759,13.14782,13.15098,0.00,0.00
2013.10.21 19:08:12.171,13.14762,13.15078,0.00,0.00
2013.10.21 19:08:12.502,13.14752,13.15068,0.00,0.00
2013.10.21 19:08:14.300,13.14742,13.15058,0.00,0.00
2013.10.21 19:08:14.662,13.14681,13.14988,0.00,0.00
2013.10.21 19:08:14.811,13.14672,13.14988,0.00,0.00
2013.10.21 19:08:14.926,13.1465,13.14958,0.00,0.00
2013.10.21 19:08:14.981,13.14642,13.14958,0.00,0.00
2013.10.21 19:08:15.201,13.14662,13.14978,0.00,0.00
2013.10.21 19:08:15.510,13.14722,13.15038,0.00,0.00
2013.10.21 19:08:16.531,13.14742,13.15058,0.00,0.00
2013.10.21 19:08:16.881,13.14752,13.15068,0.00,0.00
2013.10.21 19:08:20.981,13.14772,13.15088,0.00,0.00
2013.10.21 19:08:22.903,13.14792,13.15108,0.00,0.00
2013.10.21 19:08:23.553,13.14862,13.15132,0.00,0.00
2013.10.21 19:08:23.860,13.14942,13.15238,0.00,0.00
2013.10.21 19:08:25.621,13.14922,13.15238,0.00,0.00
2013.10.21 19:08:25.781,13.14912,13.15228,0.00,0.00
2013.10.21 19:08:26.534,13.14871,13.15178,0.00,0.00
2013.10.21 19:08:26.590,13.14862,13.15178,0.00,0.00
2013.10.21 19:08:26.742,13.14842,13.15148,0.00,0.00
2013.10.21 19:08:28.451,13.14832,13.15148,0.00,0.00
2013.10.21 19:08:28.552,13.14812,13.15128,0.00,0.00
2013.10.21 19:08:28.913,13.14742,13.15048,0.00,0.00
2013.10.21 19:08:29.151,13.14742,13.15058,0.00,0.00
2013.10.21 19:08:30.081,13.14732,13.15048,0.00,0.00
2013.10.21 19:08:30.490,13.14742,13.15058,0.00,0.00
2013.10.21 19:08:32.284,13.14732,13.14958,0.00,0.00
2013.10.21 19:08:32.471,13.14662,13.14958,0.00,0.00
2013.10.21 19:08:32.691,13.14652,13.14958,0.00,0.00
2013.10.21 19:08:33.311,13.14662,13.14958,0.00,0.00
2013.10.21 19:08:39.150,13.14652,13.14958,0.00,0.00
2013.10.21 19:08:39.672,13.14642,13.14958,0.00,0.00
2013.10.21 19:08:40.054,13.14652,13.14958,0.00,0.00
2013.10.21 19:08:46.421,13.14662,13.14958,0.00,0.00
2013.10.21 19:08:47.881,13.14642,13.14958,0.00,0.00
2013.10.21 19:09:05.432,13.14662,13.14958,0.00,0.00
2013.10.21 19:09:06.051,13.14642,13.14958,0.00,0.00
2013.10.21 19:09:08.141,13.14662,13.14958,0.00,0.00
2013.10.21 19:09:17.971,13.14642,13.14958,0.00,0.00
2013.10.21 19:09:18.202,13.14662,13.14958,0.00,0.00
2013.10.21 19:09:18.440,13.14642,13.14958,0.00,0.00
2013.10.21 19:09:18.906,13.14662,13.14958,0.00,0.00
2013.10.21 19:09:19.621,13.14682,13.14958,0.00,0.00
2013.10.21 19:09:25.453,13.14662,13.14958,0.00,0.00
2013.10.21 19:09:48.043,13.14643,13.14958,0.00,0.00
2013.10.21 19:09:48.161,13.14672,13.14958,0.00,0.00
2013.10.21 19:09:48.562,13.14682,13.14958,0.00,0.00
2013.10.21 19:09:50.267,13.14692,13.15008,0.00,0.00
2013.10.21 19:09:53.655,13.14682,13.14998,0.00,0.00
2013.10.21 19:10:02.286,13.14682,13.14958,0.00,0.00
2013.10.21 19:10:07.172,13.14692,13.14958,0.00,0.00
2013.10.21 19:10:17.404,13.14672,13.14958,0.00,0.00
2013.10.21 19:10:18.213,13.14692,13.14958,0.00,0.00
2013.10.21 19:10:18.731,13.14752,13.15048,0.00,0.00
2013.10.21 19:10:18.791,13.14752,13.15058,0.00,0.00
2013.10.21 19:10:20.123,13.14742,13.15058,0.00,0.00
2013.10.21 19:10:55.442,13.14722,13.14958,0.00,0.00
2013.10.21 19:10:55.581,13.147,13.14958,0.00,0.00
2013.10.21 19:10:55.701,13.14662,13.14958,0.00,0.00
2013.10.21 19:11:06.934,13.14682,13.14996,0.00,0.00
2013.10.21 19:11:07.042,13.14692,13.14958,0.00,0.00
2013.10.21 19:11:07.281,13.14672,13.14958,0.00,0.00
2013.10.21 19:11:09.911,13.14682,13.14958,0.00,0.00
2013.10.21 19:11:10.459,13.14662,13.14938,0.00,0.00
2013.10.21 19:11:10.581,13.14563,13.14868,0.00,0.00
2013.10.21 19:11:10.641,13.14552,13.14868,0.00,0.00
2013.10.21 19:11:11.282,13.14552,13.14858,0.00,0.00
2013.10.21 19:11:12.658,13.14532,13.14848,0.00,0.00
2013.10.21 19:11:12.762,13.14529,13.14838,0.00,0.00
2013.10.21 19:11:12.893,13.14522,13.14838,0.00,0.00
2013.10.21 19:11:13.881,13.14542,13.14858,0.00,0.00
2013.10.21 19:11:14.472,13.14522,13.14881,0.00,0.00
2013.10.21 19:11:14.531,13.14522,13.14938,0.00,0.00
2013.10.21 19:11:14.591,13.14592,13.14908,0.00,0.00
2013.10.21 19:11:14.906,13.14662,13.14958,0.00,0.00
2013.10.21 19:11:17.011,13.14648,13.14958,0.00,0.00
2013.10.21 19:11:17.071,13.14642,13.14958,0.00,0.00
2013.10.21 19:11:22.931,13.14662,13.14958,0.00,0.00
2013.10.21 19:11:23.352,13.14642,13.14958,0.00,0.00
2013.10.21 19:11:26.162,13.14662,13.14958,0.00,0.00
2013.10.21 19:11:27.780,13.14642,13.14958,0.00,0.00
2013.10.21 19:11:32.639,13.14623,13.14858,0.00,0.00
2013.10.21 19:11:32.821,13.14552,13.14858,0.00,0.00
2013.10.21 19:11:36.921,13.14572,13.14858,0.00,0.00
2013.10.21 19:11:37.801,13.14552,13.14858,0.00,0.00
2013.10.21 19:11:39.220,13.14572,13.14858,0.00,0.00
2013.10.21 19:11:39.371,13.14552,13.14858,0.00,0.00
2013.10.21 19:11:39.525,13.14572,13.14858,0.00,0.00
2013.10.21 19:12:00.141,13.14562,13.14858,0.00,0.00
2013.10.21 19:12:03.280,13.14542,13.14858,0.00,0.00
2013.10.21 19:12:03.433,13.14532,13.14848,0.00,0.00
2013.10.21 19:12:07.013,13.14552,13.14858,0.00,0.00
2013.10.21 19:12:07.131,13.14542,13.14858,0.00,0.00
2013.10.21 19:12:10.471,13.14562,13.14858,0.00,0.00
2013.10.21 19:12:10.932,13.14572,13.14858,0.00,0.00
2013.10.21 19:12:25.943,13.14532,13.14758,0.00,0.00
2013.10.21 19:12:26.845,13.14562,13.14858,0.00,0.00
2013.10.21 19:12:27.247,13.1454,13.14758,0.00,0.00
2013.10.21 19:12:27.301,13.14532,13.14758,0.00,0.00
2013.10.21 19:12:35.172,13.14562,13.14858,0.00,0.00
2013.10.21 19:12:35.652,13.1454,13.14758,0.00,0.00
2013.10.21 19:12:35.771,13.14532,13.14758,0.00,0.00
2013.10.21 19:12:37.792,13.14507,13.14758,0.00,0.00
2013.10.21 19:12:37.851,13.14487,13.14758,0.00,0.00
2013.10.21 19:12:38.042,13.14472,13.14758,0.00,0.00
2013.10.21 19:12:42.651,13.1448,13.14758,0.00,0.00
2013.10.21 19:12:43.050,13.14502,13.14758,0.00,0.00
2013.10.21 19:12:43.441,13.14526,13.14758,0.00,0.00
2013.10.21 19:12:43.501,13.14562,13.14858,0.00,0.00
2013.10.21 19:12:43.621,13.14572,13.14858,0.00,0.00
2013.10.21 19:12:44.111,13.14553,13.14858,0.00,0.00
2013.10.21 19:12:44.362,13.14572,13.14858,0.00,0.00
2013.10.21 19:12:44.692,13.14582,13.14858,0.00,0.00
2013.10.21 19:12:48.431,13.14572,13.14858,0.00,0.00
2013.10.21 19:12:52.015,13.14555,13.14758,0.00,0.00
2013.10.21 19:12:52.131,13.14492,13.14758,0.00,0.00
2013.10.21 19:12:52.251,13.14472,13.14758,0.00,0.00
2013.10.21 19:12:54.153,13.1446,13.14658,0.00,0.00
2013.10.21 19:12:54.431,13.14452,13.14658,0.00,0.00
2013.10.21 19:12:54.554,13.14492,13.14758,0.00,0.00
2013.10.21 19:12:54.982,13.1452,13.14758,0.00,0.00
2013.10.21 19:12:55.041,13.14572,13.14858,0.00,0.00
2013.10.21 19:12:55.101,13.14592,13.14858,0.00,0.00
2013.10.21 19:12:59.832,13.14602,13.14918,0.00,0.00
2013.10.21 19:13:00.061,13.14642,13.14958,0.00,0.00
2013.10.21 19:13:00.421,13.14652,13.14958,0.00,0.00
2013.10.21 19:13:01.546,13.14632,13.14948,0.00,0.00
2013.10.21 19:13:01.601,13.14632,13.14933,0.00,0.00
2013.10.21 19:13:01.961,13.14602,13.14858,0.00,0.00
2013.10.21 19:13:02.663,13.14592,13.14858,0.00,0.00
2013.10.21 19:13:04.164,13.14602,13.14858,0.00,0.00
2013.10.21 19:13:10.271,13.14592,13.14858,0.00,0.00
2013.10.21 19:13:19.552,13.14602,13.14858,0.00,0.00
2013.10.21 19:13:22.281,13.14612,13.14858,0.00,0.00
2013.10.21 19:13:22.609,13.14602,13.14858,0.00,0.00
2013.10.21 19:13:24.701,13.14622,13.14858,0.00,0.00
2013.10.21 19:13:26.380,13.14602,13.14858,0.00,0.00
2013.10.21 19:13:27.021,13.14592,13.14858,0.00,0.00
2013.10.21 19:13:40.322,13.14772,13.15058,0.00,0.00
2013.10.21 19:13:40.413,13.14812,13.15058,0.00,0.00
2013.10.21 19:13:40.771,13.14792,13.15058,0.00,0.00
2013.10.21 19:13:41.267,13.14812,13.15058,0.00,0.00
2013.10.21 19:13:47.401,13.14772,13.15008,0.00,0.00
2013.10.21 19:13:47.461,13.14702,13.15018,0.00,0.00
2013.10.21 19:13:47.581,13.14672,13.14988,0.00,0.00
2013.10.21 19:13:47.941,13.14682,13.14998,0.00,0.00
2013.10.21 19:13:48.282,13.14692,13.15008,0.00,0.00
2013.10.21 19:13:48.611,13.14722,13.15038,0.00,0.00
2013.10.21 19:13:48.961,13.14732,13.15048,0.00,0.00
2013.10.21 19:13:54.809,13.14782,13.15074,0.00,0.00
2013.10.21 19:13:54.931,13.14792,13.15091,0.00,0.00
2013.10.21 19:13:54.991,13.14792,13.15108,0.00,0.00
2013.10.21 19:13:55.051,13.14822,13.15138,0.00,0.00
2013.10.21 19:13:56.964,13.14832,13.15148,0.00,0.00
2013.10.21 19:13:57.265,13.14852,13.15158,0.00,0.00
2013.10.21 19:13:58.513,13.14892,13.15158,0.00,0.00
2013.10.21 19:13:59.082,13.14874,13.15158,0.00,0.00
2013.10.21 19:13:59.292,13.14874,13.15058,0.00,0.00
2013.10.21 19:13:59.351,13.14849,13.15058,0.00,0.00
2013.10.21 19:13:59.611,13.14792,13.15058,0.00,0.00
2013.10.21 19:13:59.832,13.14782,13.15058,0.00,0.00
2013.10.21 19:14:02.680,13.14792,13.15058,0.00,0.00
2013.10.21 19:14:03.293,13.14772,13.15058,0.00,0.00
2013.10.21 19:14:12.872,13.14792,13.15108,0.00,0.00
2013.10.21 19:14:16.432,13.14762,13.15058,0.00,0.00
2013.10.21 19:14:17.821,13.14792,13.15058,0.00,0.00
2013.10.21 19:14:18.071,13.14772,13.15058,0.00,0.00
2013.10.21 19:14:18.828,13.14792,13.15058,0.00,0.00
2013.10.21 19:14:20.152,13.14765,13.15058,0.00,0.00
2013.10.21 19:14:20.281,13.14762,13.15058,0.00,0.00
2013.10.21 19:14:20.471,13.14782,13.15058,0.00,0.00
2013.10.21 19:14:20.841,13.14792,13.15058,0.00,0.00
2013.10.21 19:14:25.307,13.14802,13.15058,0.00,0.00
2013.10.21 19:14:30.571,13.14767,13.15058,0.00,0.00
2013.10.21 19:14:30.631,13.14762,13.15058,0.00,0.00
2013.10.21 19:14:34.624,13.14782,13.15058,0.00,0.00
2013.10.21 19:14:34.932,13.14792,13.15058,0.00,0.00
2013.10.21 19:14:38.553,13.1477,13.14958,0.00,0.00
2013.10.21 19:14:38.671,13.14757,13.14958,0.00,0.00
2013.10.21 19:14:38.811,13.14702,13.14958,0.00,0.00
2013.10.21 19:14:47.981,13.14675,13.14958,0.00,0.00
2013.10.21 19:14:48.061,13.14873,13.15058,0.00,0.00
2013.10.21 19:14:48.121,13.14873,13.14998,0.00,0.00
2013.10.21 19:14:48.181,13.14854,13.14998,0.00,0.00
2013.10.21 19:14:48.241,13.14854,13.15058,0.00,0.00
2013.10.21 19:14:48.301,13.14852,13.15058,0.00,0.00
2013.10.21 19:14:48.361,13.14882,13.15058,0.00,0.00
2013.10.21 19:14:48.641,13.14702,13.15018,0.00,0.00
2013.10.21 19:14:48.701,13.14742,13.15019,0.00,0.00
2013.10.21 19:14:48.761,13.14742,13.15056,0.00,0.00
2013.10.21 19:14:48.821,13.14752,13.14958,0.00,0.00
2013.10.21 19:14:49.022,13.14728,13.14958,0.00,0.00
2013.10.21 19:14:49.081,13.14838,13.14958,0.00,0.00
2013.10.21 19:14:49.321,13.14712,13.15028,0.00,0.00
2013.10.21 19:14:49.441,13.1485,13.15028,0.00,0.00
2013.10.21 19:14:49.561,13.14882,13.15158,0.00,0.00
2013.10.21 19:14:49.681,13.14892,13.15158,0.00,0.00
2013.10.21 19:14:49.801,13.14872,13.15158,0.00,0.00
2013.10.21 19:14:50.373,13.14892,13.15158,0.00,0.00
2013.10.21 19:14:51.941,13.14865,13.15148,0.00,0.00
2013.10.21 19:14:52.001,13.14802,13.15118,0.00,0.00
2013.10.21 19:14:52.121,13.14782,13.15098,0.00,0.00
2013.10.21 19:14:53.611,13.14782,13.15091,0.00,0.00
2013.10.21 19:14:53.671,13.14772,13.15088,0.00,0.00
2013.10.21 19:14:54.999,13.1478,13.15088,0.00,0.00
2013.10.21 19:14:55.301,13.14872,13.15158,0.00,0.00
2013.10.21 19:14:57.502,13.14862,13.15158,0.00,0.00
2013.10.21 19:15:00.712,13.14836,13.15138,0.00,0.00
2013.10.21 19:15:00.772,13.14812,13.15128,0.00,0.00
2013.10.21 19:15:00.913,13.14822,13.15138,0.00,0.00
2013.10.21 19:15:01.826,13.14812,13.15128,0.00,0.00
2013.10.21 19:15:04.591,13.14822,13.15138,0.00,0.00
2013.10.21 19:15:05.502,13.14812,13.15128,0.00,0.00
2013.10.21 19:15:05.861,13.14852,13.15158,0.00,0.00
2013.10.21 19:15:11.901,13.14842,13.15158,0.00,0.00
2013.10.21 19:15:15.794,13.14862,13.15158,0.00,0.00
2013.10.21 19:15:16.112,13.14872,13.15158,0.00,0.00
2013.10.21 19:15:17.412,13.14942,13.15208,0.00,0.00
2013.10.21 19:15:17.471,13.14942,13.15221,0.00,0.00
2013.10.21 19:15:17.531,13.14942,13.15258,0.00,0.00
2013.10.21 19:15:17.591,13.14948,13.15258,0.00,0.00
2013.10.21 19:15:17.915,13.14992,13.15258,0.00,0.00
2013.10.21 19:15:18.071,13.14972,13.15258,0.00,0.00
2013.10.21 19:15:18.443,13.14982,13.15258,0.00,0.00
2013.10.21 19:15:18.611,13.14972,13.15258,0.00,0.00
2013.10.21 19:15:19.322,13.14944,13.15238,0.00,0.00
2013.10.21 19:15:19.381,13.14922,13.15238,0.00,0.00
2013.10.21 19:15:19.441,13.14912,13.15228,0.00,0.00
2013.10.21 19:15:20.013,13.14904,13.15218,0.00,0.00
2013.10.21 19:15:20.114,13.14902,13.15218,0.00,0.00
2013.10.21 19:15:24.144,13.14962,13.1524,0.00,0.00
2013.10.21 19:15:24.202,13.14962,13.15258,0.00,0.00
2013.10.21 19:15:24.261,13.14972,13.15258,0.00,0.00
2013.10.21 19:15:26.751,13.14972,13.15247,0.00,0.00
2013.10.21 19:15:26.892,13.14862,13.15158,0.00,0.00
2013.10.21 19:15:27.273,13.14882,13.15158,0.00,0.00
2013.10.21 19:15:27.712,13.14862,13.15158,0.00,0.00
2013.10.21 19:15:28.183,13.14882,13.15198,0.00,0.00
2013.10.21 19:15:28.301,13.14942,13.15202,0.00,0.00
2013.10.21 19:15:28.431,13.14952,13.15248,0.00,0.00
2013.10.21 19:15:28.495,13.14952,13.15258,0.00,0.00
2013.10.21 19:15:28.582,13.14942,13.15258,0.00,0.00
2013.10.21 19:15:28.731,13.14962,13.15258,0.00,0.00
2013.10.21 19:15:29.032,13.14942,13.15258,0.00,0.00
2013.10.21 19:15:30.161,13.14962,13.15258,0.00,0.00
2013.10.21 19:15:30.497,13.14972,13.15258,0.00,0.00
2013.10.21 19:15:31.600,13.14952,13.15158,0.00,0.00
2013.10.21 19:15:31.721,13.14929,13.15158,0.00,0.00
2013.10.21 19:15:31.820,13.14892,13.15158,0.00,0.00
2013.10.21 19:15:36.757,13.14922,13.15233,0.00,0.00
2013.10.21 19:15:36.811,13.14922,13.15238,0.00,0.00
2013.10.21 19:15:37.193,13.14912,13.15228,0.00,0.00
2013.10.21 19:15:41.167,13.14885,13.15198,0.00,0.00
2013.10.21 19:15:41.282,13.14882,13.15198,0.00,0.00
2013.10.21 19:15:42.649,13.14872,13.15188,0.00,0.00
2013.10.21 19:15:51.951,13.14882,13.15198,0.00,0.00
2013.10.21 19:16:08.650,13.14912,13.15198,0.00,0.00
2013.10.21 19:16:08.772,13.14962,13.15258,0.00,0.00
2013.10.21 19:16:08.832,13.14972,13.15258,0.00,0.00
2013.10.21 19:16:09.731,13.14972,13.15288,0.00,0.00
2013.10.21 19:16:10.448,13.14982,13.15298,0.00,0.00
2013.10.21 19:16:11.200,13.14982,13.15248,0.00,0.00
2013.10.21 19:16:11.478,13.14902,13.15218,0.00,0.00
2013.10.21 19:16:11.531,13.14892,13.15158,0.00,0.00
2013.10.21 19:16:12.593,13.14882,13.15158,0.00,0.00
2013.10.21 19:16:16.623,13.14892,13.15208,0.00,0.00
2013.10.21 19:16:16.733,13.14892,13.15158,0.00,0.00
2013.10.21 19:16:16.953,13.14952,13.15234,0.00,0.00
2013.10.21 19:16:17.072,13.14972,13.15258,0.00,0.00
2013.10.21 19:16:17.252,13.14982,13.15258,0.00,0.00
2013.10.21 19:16:20.584,13.1494,13.15208,0.00,0.00
2013.10.21 19:16:20.642,13.14892,13.15208,0.00,0.00
2013.10.21 19:16:20.702,13.14871,13.15178,0.00,0.00
2013.10.21 19:16:20.882,13.14862,13.15178,0.00,0.00
2013.10.21 19:16:24.901,13.14892,13.15203,0.00,0.00
2013.10.21 19:16:24.976,13.14892,13.15208,0.00,0.00
2013.10.21 19:16:25.303,13.14872,13.15188,0.00,0.00
2013.10.21 19:16:25.923,13.14862,13.15178,0.00,0.00
2013.10.21 19:16:29.483,13.14862,13.15158,0.00,0.00
2013.10.21 19:16:35.553,13.14882,13.15158,0.00,0.00
2013.10.21 19:16:35.917,13.14892,13.15158,0.00,0.00
2013.10.21 19:16:37.114,13.14872,13.15158,0.00,0.00
2013.10.21 19:16:40.598,13.14892,13.15208,0.00,0.00
2013.10.21 19:16:40.652,13.14952,13.15213,0.00,0.00
2013.10.21 19:16:40.711,13.14962,13.15256,0.00,0.00
2013.10.21 19:16:40.771,13.14962,13.15258,0.00,0.00
2013.10.21 19:16:41.272,13.14942,13.15258,0.00,0.00
2013.10.21 19:16:42.213,13.14932,13.15248,0.00,0.00
2013.10.21 19:16:43.315,13.14922,13.15228,0.00,0.00
2013.10.21 19:16:43.432,13.14902,13.15218,0.00,0.00
2013.10.21 19:16:45.848,13.14902,13.15158,0.00,0.00
2013.10.21 19:16:50.040,13.14942,13.15158,0.00,0.00
2013.10.21 19:16:50.644,13.14962,13.15258,0.00,0.00
2013.10.21 19:16:51.763,13.14942,13.15258,0.00,0.00
2013.10.21 19:16:55.591,13.14942,13.15234,0.00,0.00
2013.10.21 19:16:55.767,13.14892,13.15208,0.00,0.00
2013.10.21 19:16:59.011,13.14952,13.15234,0.00,0.00
2013.10.21 19:16:59.071,13.14952,13.15258,0.00,0.00
2013.10.21 19:16:59.251,13.14962,13.15258,0.00,0.00
2013.10.21 19:17:06.173,13.14952,13.15258,0.00,0.00
2013.10.21 19:17:07.553,13.14927,13.15218,0.00,0.00
2013.10.21 19:17:07.818,13.14902,13.15218,0.00,0.00
2013.10.21 19:17:07.884,13.14882,13.15198,0.00,0.00
2013.10.21 19:17:08.227,13.14882,13.15158,0.00,0.00
2013.10.21 19:17:15.821,13.14872,13.15158,0.00,0.00
2013.10.21 19:17:20.634,13.14882,13.15158,0.00,0.00
2013.10.21 19:17:21.933,13.14862,13.15158,0.00,0.00
2013.10.21 19:17:22.082,13.14832,13.15148,0.00,0.00
2013.10.21 19:17:24.392,13.14815,13.15058,0.00,0.00
2013.10.21 19:17:24.551,13.14782,13.15058,0.00,0.00
2013.10.21 19:17:27.503,13.14792,13.15058,0.00,0.00
2013.10.21 19:17:30.322,13.14832,13.15129,0.00,0.00
2013.10.21 19:17:30.382,13.14832,13.15148,0.00,0.00
2013.10.21 19:17:30.442,13.14852,13.1515,0.00,0.00
2013.10.21 19:17:30.502,13.14852,13.15158,0.00,0.00
2013.10.21 19:17:33.553,13.14825,13.15098,0.00,0.00
2013.10.21 19:17:33.612,13.14784,13.15098,0.00,0.00
2013.10.21 19:17:33.672,13.14784,13.15088,0.00,0.00
2013.10.21 19:17:33.737,13.14772,13.15088,0.00,0.00
2013.10.21 19:17:42.131,13.14754,13.14958,0.00,0.00
2013.10.21 19:17:42.192,13.14712,13.14958,0.00,0.00
2013.10.21 19:17:42.252,13.14692,13.14958,0.00,0.00
2013.10.21 19:17:42.702,13.14682,13.14958,0.00,0.00
2013.10.21 19:17:45.962,13.14692,13.15008,0.00,0.00
2013.10.21 19:17:46.022,13.14752,13.15034,0.00,0.00
2013.10.21 19:17:46.141,13.14772,13.15058,0.00,0.00
2013.10.21 19:17:50.904,13.14752,13.15058,0.00,0.00
2013.10.21 19:17:51.242,13.14782,13.15058,0.00,0.00
2013.10.21 19:17:53.136,13.14759,13.14958,0.00,0.00
2013.10.21 19:17:53.195,13.14732,13.14958,0.00,0.00
2013.10.21 19:17:53.252,13.14711,13.14958,0.00,0.00
2013.10.21 19:17:53.312,13.14702,13.14958,0.00,0.00
2013.10.21 19:17:53.581,13.14692,13.14958,0.00,0.00
2013.10.21 19:18:30.035,13.14752,13.15035,0.00,0.00
2013.10.21 19:18:30.092,13.14752,13.15058,0.00,0.00
2013.10.21 19:18:30.152,13.14772,13.15058,0.00,0.00
2013.10.21 19:18:30.938,13.14782,13.15058,0.00,0.00
2013.10.21 19:18:31.532,13.14742,13.15058,0.00,0.00
2013.10.21 19:18:33.493,13.14712,13.15058,0.00,0.00
2013.10.21 19:18:33.552,13.14702,13.15058,0.00,0.00
2013.10.21 19:18:33.799,13.14742,13.15058,0.00,0.00
2013.10.21 19:18:34.213,13.14752,13.15058,0.00,0.00
2013.10.21 19:18:35.912,13.14772,13.15058,0.00,0.00
2013.10.21 19:18:36.315,13.14782,13.15058,0.00,0.00
2013.10.21 19:18:38.533,13.14758,13.15058,0.00,0.00
2013.10.21 19:18:38.592,13.14752,13.15058,0.00,0.00
2013.10.21 19:18:39.392,13.14702,13.14958,0.00,0.00
2013.10.21 19:18:40.112,13.14692,13.14958,0.00,0.00
2013.10.21 19:18:58.552,13.14682,13.14958,0.00,0.00
2013.10.21 19:18:58.713,13.14682,13.14956,0.00,0.00
2013.10.21 19:18:58.953,13.14682,13.14958,0.00,0.00
2013.10.21 19:18:59.041,13.14672,13.14958,0.00,0.00
2013.10.21 19:18:59.960,13.14652,13.14858,0.00,0.00
2013.10.21 19:19:05.222,13.14672,13.14958,0.00,0.00
2013.10.21 19:19:05.412,13.14662,13.14958,0.00,0.00
2013.10.21 19:19:05.552,13.14672,13.14958,0.00,0.00
2013.10.21 19:19:06.119,13.14682,13.14958,0.00,0.00
2013.10.21 19:19:09.403,13.14672,13.14958,0.00,0.00
2013.10.21 19:19:09.662,13.14682,13.14958,0.00,0.00
2013.10.21 19:19:10.405,13.14661,13.14958,0.00,0.00
2013.10.21 19:19:10.462,13.14652,13.14958,0.00,0.00
2013.10.21 19:19:10.766,13.14652,13.14951,0.00,0.00
2013.10.21 19:19:11.122,13.14682,13.14958,0.00,0.00
2013.10.21 19:19:26.372,13.14716,13.14958,0.00,0.00
2013.10.21 19:19:26.432,13.14762,13.15058,0.00,0.00
2013.10.21 19:19:26.492,13.14762,13.14958,0.00,0.00
2013.10.21 19:19:26.563,13.14739,13.14958,0.00,0.00
2013.10.21 19:19:26.624,13.14732,13.14958,0.00,0.00
2013.10.21 19:19:28.577,13.14762,13.15058,0.00,0.00
2013.10.21 19:19:29.182,13.14762,13.15031,0.00,0.00
2013.10.21 19:19:29.302,13.14682,13.14958,0.00,0.00
2013.10.21 19:19:42.272,13.14662,13.14958,0.00,0.00
2013.10.21 19:19:44.990,13.14636,13.14758,0.00,0.00
2013.10.21 19:19:45.052,13.14582,13.14758,0.00,0.00
2013.10.21 19:19:45.252,13.14479,13.14758,0.00,0.00
2013.10.21 19:19:45.312,13.14442,13.14758,0.00,0.00
2013.10.21 19:19:45.515,13.14428,13.14658,0.00,0.00
2013.10.21 19:19:45.577,13.14412,13.14658,0.00,0.00
2013.10.21 19:19:45.962,13.14462,13.14758,0.00,0.00
2013.10.21 19:19:46.242,13.14412,13.14658,0.00,0.00
2013.10.21 19:19:47.301,13.14402,13.14658,0.00,0.00
2013.10.21 19:19:57.312,13.14542,13.14736,0.00,0.00
2013.10.21 19:19:57.492,13.14562,13.14856,0.00,0.00
2013.10.21 19:19:57.552,13.14542,13.14856,0.00,0.00
2013.10.21 19:19:57.612,13.14556,13.14858,0.00,0.00
2013.10.21 19:19:57.914,13.14572,13.14858,0.00,0.00
2013.10.21 19:19:58.633,13.14582,13.14898,0.00,0.00
2013.10.21 19:19:58.783,13.14622,13.14858,0.00,0.00
2013.10.21 19:19:58.962,13.14604,13.14858,0.00,0.00
2013.10.21 19:19:59.027,13.14602,13.14858,0.00,0.00
2013.10.21 19:19:59.142,13.14582,13.14858,0.00,0.00
2013.10.21 19:20:00.782,13.14572,13.14858,0.00,0.00
2013.10.21 19:20:01.603,13.14582,13.14858,0.00,0.00
2013.10.21 19:20:08.842,13.14572,13.14858,0.00,0.00
2013.10.21 19:20:18.022,13.14582,13.14858,0.00,0.00
2013.10.21 19:20:22.772,13.14572,13.14858,0.00,0.00
2013.10.21 19:20:23.528,13.14582,13.14858,0.00,0.00
2013.10.21 19:20:26.572,13.14572,13.14858,0.00,0.00
2013.10.21 19:20:29.822,13.14582,13.14858,0.00,0.00
2013.10.21 19:20:30.252,13.14542,13.14758,0.00,0.00
2013.10.21 19:20:30.332,13.14552,13.14858,0.00,0.00
2013.10.21 19:20:31.247,13.14572,13.14858,0.00,0.00
2013.10.21 19:20:31.572,13.14502,13.14758,0.00,0.00
2013.10.21 19:20:31.864,13.14492,13.14758,0.00,0.00
2013.10.21 19:20:32.402,13.14492,13.14737,0.00,0.00
2013.10.21 19:20:32.643,13.14402,13.14658,0.00,0.00
2013.10.21 19:20:33.492,13.14412,13.14658,0.00,0.00
2013.10.21 19:20:33.953,13.14462,13.14748,0.00,0.00
2013.10.21 19:20:34.012,13.14462,13.14758,0.00,0.00
2013.10.21 19:20:34.072,13.14482,13.14758,0.00,0.00
2013.10.21 19:20:39.939,13.14462,13.14758,0.00,0.00
2013.10.21 19:20:40.142,13.14439,13.14658,0.00,0.00
2013.10.21 19:20:40.202,13.14402,13.14658,0.00,0.00
2013.10.21 19:20:40.262,13.14392,13.14658,0.00,0.00
2013.10.21 19:20:43.073,13.14431,13.14658,0.00,0.00
2013.10.21 19:20:43.306,13.14472,13.14758,0.00,0.00
2013.10.21 19:20:43.810,13.14542,13.14808,0.00,0.00
2013.10.21 19:20:44.012,13.14572,13.14888,0.00,0.00
2013.10.21 19:20:44.072,13.14632,13.14936,0.00,0.00
2013.10.21 19:20:44.432,13.14502,13.14758,0.00,0.00
2013.10.21 19:21:15.972,13.14562,13.14836,0.00,0.00
2013.10.21 19:21:16.032,13.14562,13.14858,0.00,0.00
2013.10.21 19:21:16.212,13.14582,13.14858,0.00,0.00
2013.10.21 19:21:23.782,13.14592,13.14858,0.00,0.00
2013.10.21 19:21:23.968,13.14642,13.1493,0.00,0.00
2013.10.21 19:21:24.023,13.14642,13.14941,0.00,0.00
2013.10.21 19:21:24.082,13.14642,13.14858,0.00,0.00
2013.10.21 19:21:24.474,13.14662,13.14958,0.00,0.00
2013.10.21 19:21:24.592,13.1464,13.14858,0.00,0.00
2013.10.21 19:21:24.712,13.14662,13.14958,0.00,0.00
2013.10.21 19:21:25.212,13.14692,13.14958,0.00,0.00
2013.10.21 19:21:25.582,13.14672,13.14858,0.00,0.00
2013.10.21 19:21:25.732,13.14666,13.14858,0.00,0.00
2013.10.21 19:21:25.793,13.14592,13.14858,0.00,0.00
2013.10.21 19:21:25.852,13.14572,13.14858,0.00,0.00
2013.10.21 19:21:25.912,13.14562,13.14858,0.00,0.00
2013.10.21 19:21:29.419,13.14592,13.14858,0.00,0.00
2013.10.21 19:21:31.272,13.14642,13.14958,0.00,0.00
2013.10.21 19:21:31.332,13.14672,13.14958,0.00,0.00
2013.10.21 19:21:31.892,13.14652,13.14958,0.00,0.00
2013.10.21 19:21:32.302,13.14642,13.14958,0.00,0.00
2013.10.21 19:21:34.859,13.14662,13.14958,0.00,0.00
2013.10.21 19:21:35.702,13.14632,13.14858,0.00,0.00
2013.10.21 19:21:39.293,13.1461,13.14858,0.00,0.00
2013.10.21 19:21:39.352,13.14572,13.14858,0.00,0.00
2013.10.21 19:21:41.202,13.14582,13.14858,0.00,0.00
2013.10.21 19:21:45.167,13.14563,13.14858,0.00,0.00
2013.10.21 19:21:45.302,13.14552,13.14858,0.00,0.00
2013.10.21 19:21:46.169,13.14572,13.14858,0.00,0.00
2013.10.21 19:21:48.684,13.14562,13.14858,0.00,0.00
2013.10.21 19:21:48.793,13.14582,13.14858,0.00,0.00
2013.10.21 19:21:49.732,13.14562,13.14858,0.00,0.00
2013.10.21 19:21:51.362,13.14582,13.14858,0.00,0.00
2013.10.21 19:21:51.839,13.14592,13.14858,0.00,0.00
2013.10.21 19:21:53.055,13.14572,13.14758,0.00,0.00
2013.10.21 19:21:53.202,13.14554,13.14758,0.00,0.00
2013.10.21 19:21:53.262,13.14502,13.14758,0.00,0.00
2013.10.21 19:21:53.515,13.14482,13.14758,0.00,0.00
2013.10.21 19:21:53.573,13.14472,13.14758,0.00,0.00
2013.10.21 19:21:58.134,13.14482,13.14758,0.00,0.00
2013.10.21 19:21:59.462,13.14542,13.14834,0.00,0.00
2013.10.21 19:21:59.582,13.14582,13.14896,0.00,0.00
2013.10.21 19:21:59.702,13.14582,13.14898,0.00,0.00
2013.10.21 19:21:59.762,13.14642,13.14941,0.00,0.00
2013.10.21 19:21:59.823,13.14642,13.14958,0.00,0.00
2013.10.21 19:22:00.112,13.14632,13.14948,0.00,0.00
2013.10.21 19:22:00.452,13.14562,13.14858,0.00,0.00
2013.10.21 19:22:00.602,13.14552,13.14858,0.00,0.00
2013.10.21 19:22:10.609,13.14542,13.14758,0.00,0.00
2013.10.21 19:22:10.855,13.14492,13.14758,0.00,0.00
2013.10.21 19:22:11.152,13.14502,13.14758,0.00,0.00
2013.10.21 19:22:12.781,13.14506,13.14758,0.00,0.00
2013.10.21 19:22:12.844,13.14562,13.14858,0.00,0.00
2013.10.21 19:22:13.096,13.14572,13.14858,0.00,0.00
2013.10.21 19:22:16.564,13.14562,13.14858,0.00,0.00
2013.10.21 19:22:18.074,13.14572,13.14858,0.00,0.00
2013.10.21 19:22:18.692,13.14562,13.14858,0.00,0.00
2013.10.21 19:22:19.677,13.14536,13.14758,0.00,0.00
2013.10.21 19:22:19.732,13.14532,13.14758,0.00,0.00
2013.10.21 19:22:19.792,13.14514,13.14758,0.00,0.00
2013.10.21 19:22:19.852,13.14492,13.14758,0.00,0.00
2013.10.21 19:22:19.912,13.14482,13.14758,0.00,0.00
2013.10.21 19:22:20.032,13.14472,13.14758,0.00,0.00
2013.10.21 19:22:27.762,13.14462,13.14758,0.00,0.00
2013.10.21 19:22:28.041,13.14452,13.14758,0.00,0.00
2013.10.21 19:22:28.292,13.14442,13.14758,0.00,0.00
2013.10.21 19:22:28.562,13.14432,13.14658,0.00,0.00
2013.10.21 19:22:29.843,13.14392,13.14658,0.00,0.00
2013.10.21 19:22:47.474,13.14382,13.14658,0.00,0.00
2013.10.21 19:22:50.942,13.14372,13.14658,0.00,0.00
2013.10.21 19:22:51.202,13.14431,13.14658,0.00,0.00
2013.10.21 19:22:51.263,13.14442,13.14758,0.00,0.00
2013.10.21 19:22:51.322,13.14457,13.14758,0.00,0.00
2013.10.21 19:22:51.643,13.14472,13.14758,0.00,0.00
2013.10.21 19:22:52.782,13.14452,13.14758,0.00,0.00
2013.10.21 19:22:53.457,13.14442,13.14758,0.00,0.00
2013.10.21 19:22:55.194,13.14422,13.14658,0.00,0.00
2013.10.21 19:22:56.994,13.14412,13.14658,0.00,0.00
2013.10.21 19:22:58.502,13.14392,13.14658,0.00,0.00
2013.10.21 19:22:58.622,13.14382,13.14658,0.00,0.00
2013.10.21 19:22:59.212,13.14332,13.14558,0.00,0.00
2013.10.21 19:23:00.233,13.14313,13.14658,0.00,0.00
2013.10.21 19:23:00.372,13.14392,13.14658,0.00,0.00
2013.10.21 19:23:00.951,13.14402,13.14658,0.00,0.00
2013.10.21 19:23:01.463,13.14392,13.14658,0.00,0.00
2013.10.21 19:23:01.563,13.14402,13.14658,0.00,0.00
2013.10.21 19:23:07.832,13.14392,13.14658,0.00,0.00
2013.10.21 19:23:07.932,13.14371,13.14558,0.00,0.00
2013.10.21 19:23:07.992,13.14352,13.14558,0.00,0.00
2013.10.21 19:23:08.172,13.14342,13.14558,0.00,0.00
2013.10.21 19:23:08.882,13.14322,13.14558,0.00,0.00
2013.10.21 19:23:11.902,13.14292,13.14558,0.00,0.00
2013.10.21 19:23:29.642,13.14282,13.14558,0.00,0.00
2013.10.21 19:23:29.762,13.14292,13.14558,0.00,0.00
2013.10.21 19:23:35.183,13.14282,13.14558,0.00,0.00
2013.10.21 19:23:35.315,13.14272,13.14558,0.00,0.00
2013.10.21 19:23:36.003,13.14262,13.14558,0.00,0.00
2013.10.21 19:23:38.582,13.14233,13.14458,0.00,0.00
2013.10.21 19:23:38.762,13.14202,13.14458,0.00,0.00
2013.10.21 19:23:41.883,13.14175,13.14358,0.00,0.00
2013.10.21 19:23:41.942,13.14172,13.14358,0.00,0.00
2013.10.21 19:23:42.002,13.14152,13.14358,0.00,0.00
2013.10.21 19:23:42.242,13.14142,13.14358,0.00,0.00
2013.10.21 19:23:42.310,13.14122,13.14358,0.00,0.00
2013.10.21 19:23:42.432,13.14112,13.14358,0.00,0.00
2013.10.21 19:23:51.118,13.14122,13.14438,0.00,0.00
2013.10.21 19:23:51.820,13.14122,13.14358,0.00,0.00
2013.10.21 19:23:56.201,13.14112,13.14358,0.00,0.00
2013.10.21 19:23:59.763,13.14132,13.14448,0.00,0.00
2013.10.21 19:23:59.883,13.14162,13.14458,0.00,0.00
2013.10.21 19:24:00.192,13.14182,13.14458,0.00,0.00
2013.10.21 19:24:04.993,13.14185,13.14458,0.00,0.00
2013.10.21 19:24:05.481,13.14192,13.14458,0.00,0.00
2013.10.21 19:24:06.906,13.14272,13.14526,0.00,0.00
2013.10.21 19:24:07.082,13.14292,13.14586,0.00,0.00
2013.10.21 19:24:07.142,13.14332,13.14586,0.00,0.00
2013.10.21 19:24:07.202,13.14332,13.14625,0.00,0.00
2013.10.21 19:24:07.262,13.14352,13.14625,0.00,0.00
2013.10.21 19:24:07.322,13.14352,13.14658,0.00,0.00
2013.10.21 19:24:07.413,13.14327,13.14558,0.00,0.00
2013.10.21 19:24:07.483,13.14282,13.14558,0.00,0.00
2013.10.21 19:24:07.542,13.1428,13.14558,0.00,0.00
2013.10.21 19:24:07.602,13.14272,13.14558,0.00,0.00
2013.10.21 19:24:10.333,13.14292,13.14558,0.00,0.00
2013.10.21 19:24:16.752,13.14265,13.14458,0.00,0.00
2013.10.21 19:24:16.812,13.14222,13.14458,0.00,0.00
2013.10.21 19:24:16.872,13.14192,13.14458,0.00,0.00
2013.10.21 19:24:18.719,13.14212,13.14458,0.00,0.00
2013.10.21 19:24:25.675,13.14252,13.14545,0.00,0.00
2013.10.21 19:24:25.733,13.14292,13.14558,0.00,0.00
2013.10.21 19:24:26.094,13.14282,13.14558,0.00,0.00
2013.10.21 19:24:27.403,13.14292,13.14558,0.00,0.00
2013.10.21 19:24:30.243,13.14272,13.14558,0.00,0.00
2013.10.21 19:24:44.729,13.14242,13.14458,0.00,0.00
2013.10.21 19:24:44.854,13.14222,13.14458,0.00,0.00
2013.10.21 19:24:45.234,13.14262,13.14558,0.00,0.00
2013.10.21 19:24:47.364,13.14292,13.14558,0.00,0.00
2013.10.21 19:25:07.976,13.14282,13.14558,0.00,0.00
2013.10.21 19:25:17.541,13.14262,13.14558,0.00,0.00
2013.10.21 19:25:19.893,13.14282,13.14558,0.00,0.00
2013.10.21 19:25:20.384,13.14292,13.14558,0.00,0.00
2013.10.21 19:25:22.712,13.14272,13.14558,0.00,0.00
2013.10.21 19:25:23.903,13.14292,13.14558,0.00,0.00
2013.10.21 19:25:48.273,13.14312,13.14628,0.00,0.00
2013.10.21 19:25:50.518,13.14362,13.14648,0.00,0.00
2013.10.21 19:25:50.573,13.14362,13.14658,0.00,0.00
2013.10.21 19:25:50.633,13.14392,13.14658,0.00,0.00
2013.10.21 19:25:51.783,13.14372,13.14658,0.00,0.00
2013.10.21 19:25:52.815,13.14382,13.14658,0.00,0.00
2013.10.21 19:26:00.292,13.14422,13.14738,0.00,0.00
2013.10.21 19:26:00.612,13.14442,13.14758,0.00,0.00
2013.10.21 19:26:01.945,13.14432,13.14748,0.00,0.00
2013.10.21 19:26:05.803,13.14462,13.14758,0.00,0.00
2013.10.21 19:26:17.034,13.14435,13.14738,0.00,0.00
2013.10.21 19:26:17.152,13.14422,13.14738,0.00,0.00
2013.10.21 19:26:19.102,13.14398,13.14658,0.00,0.00
2013.10.21 19:26:19.163,13.14392,13.14658,0.00,0.00
2013.10.21 19:26:19.224,13.14372,13.14658,0.00,0.00
2013.10.21 19:26:20.287,13.14392,13.14658,0.00,0.00
2013.10.21 19:26:25.220,13.14372,13.14658,0.00,0.00
2013.10.21 19:26:25.373,13.14362,13.14658,0.00,0.00
2013.10.21 19:26:29.869,13.14367,13.14658,0.00,0.00
2013.10.21 19:26:30.379,13.14392,13.14658,0.00,0.00
2013.10.21 19:26:39.284,13.14367,13.14658,0.00,0.00
2013.10.21 19:26:39.402,13.14352,13.14658,0.00,0.00
2013.10.21 19:26:41.573,13.14362,13.14658,0.00,0.00
2013.10.21 19:26:43.390,13.14372,13.14658,0.00,0.00
2013.10.21 19:26:43.692,13.14392,13.14658,0.00,0.00
2013.10.21 19:26:45.504,13.14372,13.14658,0.00,0.00
2013.10.21 19:26:48.324,13.14392,13.14658,0.00,0.00
2013.10.21 19:26:48.653,13.14402,13.14658,0.00,0.00
2013.10.21 19:26:49.044,13.14412,13.14658,0.00,0.00
2013.10.21 19:26:51.583,13.14402,13.14658,0.00,0.00
2013.10.21 19:27:02.922,13.14412,13.14658,0.00,0.00
2013.10.21 19:27:10.443,13.14392,13.14658,0.00,0.00
2013.10.21 19:27:10.563,13.14362,13.14658,0.00,0.00
2013.10.21 19:27:11.513,13.14392,13.14658,0.00,0.00
2013.10.21 19:27:11.891,13.14422,13.14658,0.00,0.00
2013.10.21 19:27:28.763,13.14412,13.14658,0.00,0.00
2013.10.21 19:27:45.718,13.14422,13.14658,0.00,0.00
2013.10.21 19:27:46.883,13.14403,13.14658,0.00,0.00
2013.10.21 19:27:47.492,13.14402,13.14658,0.00,0.00
2013.10.21 19:27:47.944,13.14392,13.14658,0.00,0.00
2013.10.21 19:28:04.524,13.14422,13.14658,0.00,0.00
2013.10.21 19:28:06.798,13.14442,13.14658,0.00,0.00
2013.10.21 19:28:07.604,13.14465,13.14658,0.00,0.00
2013.10.21 19:28:07.873,13.14492,13.14808,0.00,0.00
2013.10.21 19:28:07.933,13.14518,13.14808,0.00,0.00
2013.10.21 19:28:08.053,13.14518,13.14818,0.00,0.00
2013.10.21 19:28:08.130,13.14552,13.14858,0.00,0.00
2013.10.21 19:28:11.651,13.14542,13.14858,0.00,0.00
2013.10.21 19:28:11.957,13.14552,13.14858,0.00,0.00
2013.10.21 19:28:14.233,13.14552,13.14844,0.00,0.00
2013.10.21 19:28:14.293,13.14542,13.14844,0.00,0.00
2013.10.21 19:28:14.357,13.14542,13.14858,0.00,0.00
2013.10.21 19:28:15.104,13.14552,13.14858,0.00,0.00
2013.10.21 19:28:16.923,13.14592,13.14908,0.00,0.00
2013.10.21 19:28:17.043,13.14622,13.14938,0.00,0.00
2013.10.21 19:28:17.383,13.14652,13.14958,0.00,0.00
2013.10.21 19:28:17.704,13.14662,13.14958,0.00,0.00
2013.10.21 19:28:19.104,13.14672,13.14958,0.00,0.00
2013.10.21 19:28:20.493,13.14652,13.14958,0.00,0.00
2013.10.21 19:28:21.107,13.14672,13.14958,0.00,0.00
2013.10.21 19:28:25.824,13.14682,13.14958,0.00,0.00
2013.10.21 19:28:29.544,13.14672,13.14958,0.00,0.00
2013.10.21 19:28:29.963,13.14692,13.14958,0.00,0.00
2013.10.21 19:28:32.263,13.14642,13.14958,0.00,0.00
2013.10.21 19:28:32.763,13.14616,13.14858,0.00,0.00
2013.10.21 19:28:32.823,13.14592,13.14858,0.00,0.00
2013.10.21 19:28:32.943,13.14562,13.14858,0.00,0.00
2013.10.21 19:28:33.183,13.14582,13.14858,0.00,0.00
2013.10.21 19:28:33.243,13.14572,13.14858,0.00,0.00
2013.10.21 19:28:33.647,13.14602,13.14858,0.00,0.00
2013.10.21 19:28:33.763,13.14592,13.14858,0.00,0.00
2013.10.21 19:28:33.947,13.14582,13.14858,0.00,0.00
2013.10.21 19:28:35.697,13.14633,13.14858,0.00,0.00
2013.10.21 19:28:35.753,13.14672,13.14988,0.00,0.00
2013.10.21 19:28:35.873,13.14682,13.14958,0.00,0.00
2013.10.21 19:28:36.953,13.14652,13.14958,0.00,0.00
2013.10.21 19:28:37.083,13.14672,13.14958,0.00,0.00
2013.10.21 19:28:37.354,13.14672,13.14988,0.00,0.00
2013.10.21 19:28:37.493,13.14762,13.15046,0.00,0.00
2013.10.21 19:28:37.673,13.14802,13.15096,0.00,0.00
2013.10.21 19:28:37.733,13.14802,13.15118,0.00,0.00
2013.10.21 19:28:37.973,13.14832,13.15119,0.00,0.00
2013.10.21 19:28:38.153,13.14832,13.15148,0.00,0.00
2013.10.21 19:28:38.246,13.14822,13.15138,0.00,0.00
2013.10.21 19:28:38.554,13.14812,13.15128,0.00,0.00
2013.10.21 19:28:38.883,13.14862,13.15158,0.00,0.00
2013.10.21 19:28:39.383,13.14842,13.15158,0.00,0.00
2013.10.21 19:28:40.157,13.14862,13.15158,0.00,0.00
2013.10.21 19:28:41.779,13.14842,13.15158,0.00,0.00
2013.10.21 19:28:43.044,13.14872,13.15158,0.00,0.00
2013.10.21 19:28:43.513,13.14822,13.15138,0.00,0.00
2013.10.21 19:28:43.573,13.14822,13.15106,0.00,0.00
2013.10.21 19:28:43.657,13.14782,13.15098,0.00,0.00
2013.10.21 19:28:43.893,13.14805,13.15088,0.00,0.00
2013.10.21 19:28:44.085,13.14822,13.15138,0.00,0.00
2013.10.21 19:28:44.594,13.14812,13.15128,0.00,0.00
2013.10.21 19:28:47.134,13.14792,13.15058,0.00,0.00
2013.10.21 19:28:47.253,13.14762,13.15078,0.00,0.00
2013.10.21 19:28:47.433,13.14832,13.15116,0.00,0.00
2013.10.21 19:28:47.553,13.14842,13.15135,0.00,0.00
2013.10.21 19:28:47.613,13.14842,13.15158,0.00,0.00
2013.10.21 19:28:48.223,13.14832,13.15148,0.00,0.00
2013.10.21 19:28:49.583,13.14812,13.15128,0.00,0.00
2013.10.21 19:28:49.913,13.14782,13.15098,0.00,0.00
2013.10.21 19:28:50.253,13.14805,13.15118,0.00,0.00
2013.10.21 19:28:50.313,13.14802,13.15118,0.00,0.00
2013.10.21 19:28:50.646,13.14842,13.15143,0.00,0.00
2013.10.21 19:28:50.703,13.14842,13.15158,0.00,0.00
2013.10.21 19:28:57.664,13.14852,13.15158,0.00,0.00
2013.10.21 19:29:03.599,13.14842,13.15148,0.00,0.00
2013.10.21 19:29:07.943,13.14852,13.15158,0.00,0.00
2013.10.21 19:29:09.026,13.14863,13.15158,0.00,0.00
2013.10.21 19:29:09.184,13.14992,13.15308,0.00,0.00
2013.10.21 19:29:09.247,13.15002,13.15314,0.00,0.00
2013.10.21 19:29:09.303,13.15002,13.15318,0.00,0.00
2013.10.21 19:29:09.544,13.15022,13.15338,0.00,0.00
2013.10.21 19:29:09.945,13.15042,13.15338,0.00,0.00
2013.10.21 19:29:10.045,13.15042,13.15348,0.00,0.00
2013.10.21 19:29:14.321,13.15042,13.15358,0.00,0.00
2013.10.21 19:29:34.691,13.15042,13.15348,0.00,0.00
2013.10.21 19:29:35.994,13.15142,13.15366,0.00,0.00
2013.10.21 19:29:36.183,13.15142,13.15423,0.00,0.00
2013.10.21 19:29:36.243,13.15142,13.15448,0.00,0.00
2013.10.21 19:29:37.480,13.15112,13.15428,0.00,0.00
2013.10.21 19:29:37.773,13.15112,13.15375,0.00,0.00
2013.10.21 19:29:37.833,13.15052,13.15368,0.00,0.00
2013.10.21 19:29:37.893,13.15062,13.15375,0.00,0.00
2013.10.21 19:29:37.953,13.15062,13.15378,0.00,0.00
2013.10.21 19:29:38.013,13.15072,13.15388,0.00,0.00
2013.10.21 19:29:38.998,13.15142,13.15408,0.00,0.00
2013.10.21 19:29:39.113,13.15142,13.15432,0.00,0.00
2013.10.21 19:29:39.191,13.15142,13.15448,0.00,0.00
2013.10.21 19:29:40.235,13.15142,13.15438,0.00,0.00
2013.10.21 19:29:40.873,13.15142,13.15458,0.00,0.00
2013.10.21 19:29:40.933,13.15163,13.15458,0.00,0.00
2013.10.21 19:29:41.083,13.15202,13.15518,0.00,0.00
2013.10.21 19:29:41.188,13.15222,13.15538,0.00,0.00
2013.10.21 19:29:42.633,13.15342,13.15572,0.00,0.00
2013.10.21 19:29:42.693,13.15342,13.15628,0.00,0.00
2013.10.21 19:29:42.753,13.15342,13.15648,0.00,0.00
2013.10.21 19:29:42.964,13.15317,13.15558,0.00,0.00
2013.10.21 19:29:43.024,13.15282,13.15558,0.00,0.00
2013.10.21 19:29:43.143,13.15252,13.15558,0.00,0.00
2013.10.21 19:29:43.414,13.15242,13.15548,0.00,0.00
2013.10.21 19:29:45.238,13.15232,13.15548,0.00,0.00
2013.10.21 19:29:48.515,13.15342,13.15568,0.00,0.00
2013.10.21 19:29:48.617,13.15342,13.15573,0.00,0.00
2013.10.21 19:29:48.673,13.15342,13.15628,0.00,0.00
2013.10.21 19:29:48.733,13.15342,13.15638,0.00,0.00
2013.10.21 19:29:48.824,13.15352,13.15668,0.00,0.00
2013.10.21 19:29:49.344,13.15342,13.15658,0.00,0.00
2013.10.21 19:29:49.880,13.15362,13.15678,0.00,0.00
2013.10.21 19:29:51.090,13.15342,13.15658,0.00,0.00
2013.10.21 19:29:52.200,13.15342,13.15648,0.00,0.00
2013.10.21 19:29:52.463,13.15442,13.15758,0.00,0.00
2013.10.21 19:29:52.913,13.15442,13.15748,0.00,0.00
2013.10.21 19:29:56.833,13.15353,13.15658,0.00,0.00
2013.10.21 19:29:56.953,13.15322,13.15638,0.00,0.00
2013.10.21 19:29:59.514,13.15342,13.15655,0.00,0.00
2013.10.21 19:29:59.686,13.15342,13.15658,0.00,0.00
2013.10.21 19:30:02.491,13.15442,13.15689,0.00,0.00
2013.10.21 19:30:02.575,13.15442,13.15718,0.00,0.00
2013.10.21 19:30:02.691,13.15442,13.15735,0.00,0.00
2013.10.21 19:30:02.753,13.15442,13.15748,0.00,0.00
2013.10.21 19:30:02.933,13.15422,13.15738,0.00,0.00
2013.10.21 19:30:03.094,13.15412,13.15728,0.00,0.00
2013.10.21 19:30:04.404,13.15462,13.15745,0.00,0.00
2013.10.21 19:30:04.623,13.15502,13.15818,0.00,0.00
2013.10.21 19:30:05.453,13.15542,13.15818,0.00,0.00
2013.10.21 19:30:06.274,13.15502,13.15818,0.00,0.00
2013.10.21 19:30:07.437,13.15542,13.15818,0.00,0.00
2013.10.21 19:30:08.404,13.15502,13.15818,0.00,0.00
2013.10.21 19:30:08.949,13.1548,13.1584,0.00,0.00
2013.10.21 19:30:09.003,13.15502,13.15818,0.00,0.00
2013.10.21 19:30:22.635,13.15492,13.15758,0.00,0.00
2013.10.21 19:30:22.763,13.1548,13.15758,0.00,0.00
2013.10.21 19:30:22.824,13.15472,13.15758,0.00,0.00
2013.10.21 19:30:22.883,13.15466,13.15738,0.00,0.00
2013.10.21 19:30:22.943,13.15454,13.15738,0.00,0.00
2013.10.21 19:30:23.003,13.15392,13.15708,0.00,0.00
2013.10.21 19:30:23.063,13.15368,13.15658,0.00,0.00
2013.10.21 19:30:23.154,13.15342,13.15658,0.00,0.00
2013.10.21 19:30:25.156,13.15342,13.15638,0.00,0.00
2013.10.21 19:30:30.354,13.15342,13.15658,0.00,0.00
2013.10.21 19:30:35.508,13.15342,13.15648,0.00,0.00
2013.10.21 19:30:35.623,13.15363,13.15678,0.00,0.00
2013.10.21 19:30:35.743,13.15342,13.15638,0.00,0.00
2013.10.21 19:30:38.022,13.15322,13.15638,0.00,0.00
2013.10.21 19:30:38.227,13.15312,13.15628,0.00,0.00
2013.10.21 19:30:44.134,13.15322,13.15637,0.00,0.00
2013.10.21 19:30:44.547,13.15312,13.15628,0.00,0.00
2013.10.21 19:30:48.174,13.15277,13.15588,0.00,0.00
2013.10.21 19:30:48.233,13.15272,13.15588,0.00,0.00
2013.10.21 19:30:48.293,13.15242,13.15548,0.00,0.00
2013.10.21 19:30:48.370,13.15252,13.15568,0.00,0.00
2013.10.21 19:30:52.464,13.15232,13.15548,0.00,0.00
2013.10.21 19:30:52.823,13.15164,13.15458,0.00,0.00
2013.10.21 19:30:52.883,13.15172,13.15484,0.00,0.00
2013.10.21 19:30:52.943,13.15172,13.15488,0.00,0.00
2013.10.21 19:30:53.003,13.15212,13.15519,0.00,0.00
2013.10.21 19:30:53.063,13.15212,13.15528,0.00,0.00
2013.10.21 19:30:53.123,13.15232,13.15548,0.00,0.00
2013.10.21 19:30:59.165,13.15242,13.15548,0.00,0.00
2013.10.21 19:30:59.224,13.15262,13.15578,0.00,0.00
2013.10.21 19:30:59.714,13.15269,13.15578,0.00,0.00
2013.10.21 19:30:59.833,13.15302,13.15618,0.00,0.00
2013.10.21 19:30:59.893,13.15322,13.15638,0.00,0.00
2013.10.21 19:31:07.336,13.15297,13.15558,0.00,0.00
2013.10.21 19:31:07.573,13.15278,13.15558,0.00,0.00
2013.10.21 19:31:07.633,13.15272,13.15558,0.00,0.00
2013.10.21 19:31:07.693,13.15232,13.15545,0.00,0.00
2013.10.21 19:31:07.753,13.15185,13.15468,0.00,0.00
2013.10.21 19:31:07.813,13.15152,13.15468,0.00,0.00
2013.10.21 19:31:08.052,13.15142,13.15448,0.00,0.00
2013.10.21 19:31:09.262,13.15122,13.15438,0.00,0.00
2013.10.21 19:31:09.525,13.15092,13.15408,0.00,0.00
2013.10.21 19:31:09.883,13.15132,13.15448,0.00,0.00
2013.10.21 19:31:10.233,13.15088,13.15348,0.00,0.00
2013.10.21 19:31:10.294,13.15042,13.15348,0.00,0.00
2013.10.21 19:31:10.619,13.15084,13.15348,0.00,0.00
2013.10.21 19:31:10.734,13.15065,13.15348,0.00,0.00
2013.10.21 19:31:10.916,13.15065,13.15378,0.00,0.00
2013.10.21 19:31:10.973,13.15072,13.15388,0.00,0.00
2013.10.21 19:31:15.153,13.15062,13.15378,0.00,0.00
2013.10.21 19:31:15.503,13.15042,13.15348,0.00,0.00
2013.10.21 19:31:18.446,13.15032,13.15348,0.00,0.00
2013.10.21 19:31:18.543,13.15014,13.15258,0.00,0.00
2013.10.21 19:31:18.723,13.14962,13.15248,0.00,0.00
2013.10.21 19:31:18.783,13.14932,13.15248,0.00,0.00
2013.10.21 19:31:18.903,13.14886,13.15258,0.00,0.00
2013.10.21 19:31:18.963,13.14882,13.15258,0.00,0.00
2013.10.21 19:31:19.047,13.14952,13.15268,0.00,0.00
2013.10.21 19:31:19.376,13.15022,13.15338,0.00,0.00
2013.10.21 19:31:20.583,13.15022,13.15321,0.00,0.00
2013.10.21 19:31:20.703,13.14942,13.15258,0.00,0.00
2013.10.21 19:31:20.796,13.14944,13.15258,0.00,0.00
2013.10.21 19:31:21.147,13.14962,13.15258,0.00,0.00
2013.10.21 19:31:21.393,13.14952,13.15258,0.00,0.00
2013.10.21 19:31:25.111,13.14932,13.15248,0.00,0.00
2013.10.21 19:31:29.753,13.14952,13.15258,0.00,0.00
2013.10.21 19:31:33.164,13.14956,13.15258,0.00,0.00
2013.10.21 19:31:33.283,13.15052,13.15368,0.00,0.00
2013.10.21 19:31:33.503,13.15042,13.15348,0.00,0.00
2013.10.21 19:31:34.494,13.15052,13.15368,0.00,0.00
2013.10.21 19:31:41.079,13.15042,13.15348,0.00,0.00
2013.10.21 19:31:49.819,13.15042,13.15338,0.00,0.00
2013.10.21 19:31:55.479,13.15022,13.15258,0.00,0.00
2013.10.21 19:31:55.613,13.15001,13.15258,0.00,0.00
2013.10.21 19:31:55.733,13.14962,13.15258,0.00,0.00
2013.10.21 19:31:59.489,13.14952,13.15258,0.00,0.00
2013.10.21 19:31:59.543,13.14962,13.15278,0.00,0.00
2013.10.21 19:31:59.603,13.14972,13.15258,0.00,0.00
2013.10.21 19:31:59.793,13.14953,13.15258,0.00,0.00
2013.10.21 19:31:59.913,13.14942,13.15258,0.00,0.00
2013.10.21 19:32:02.210,13.14952,13.15258,0.00,0.00
2013.10.21 19:32:02.423,13.14942,13.15258,0.00,0.00
2013.10.21 19:32:02.573,13.14932,13.15158,0.00,0.00
2013.10.21 19:32:02.693,13.14916,13.15158,0.00,0.00
2013.10.21 19:32:02.753,13.1487,13.15158,0.00,0.00
2013.10.21 19:32:02.813,13.14862,13.15158,0.00,0.00
2013.10.21 19:32:17.903,13.14872,13.15158,0.00,0.00
2013.10.21 19:32:19.291,13.14942,13.15214,0.00,0.00
2013.10.21 19:32:19.364,13.14942,13.15258,0.00,0.00
2013.10.21 19:32:19.423,13.14972,13.15258,0.00,0.00
2013.10.21 19:32:35.225,13.14962,13.15258,0.00,0.00
2013.10.21 19:32:37.742,13.14972,13.15258,0.00,0.00
2013.10.21 19:32:38.044,13.14962,13.15258,0.00,0.00
2013.10.21 19:32:46.022,13.14936,13.15228,0.00,0.00
2013.10.21 19:32:46.203,13.14912,13.15228,0.00,0.00
2013.10.21 19:32:46.263,13.14912,13.15216,0.00,0.00
2013.10.21 19:32:46.573,13.14772,13.15058,0.00,0.00
2013.10.21 19:32:46.926,13.14822,13.15058,0.00,0.00
2013.10.21 19:32:47.263,13.14782,13.15058,0.00,0.00
2013.10.21 19:32:48.083,13.14792,13.15058,0.00,0.00
2013.10.21 19:32:48.145,13.14842,13.15128,0.00,0.00
2013.10.21 19:32:48.203,13.14842,13.15158,0.00,0.00
2013.10.21 19:32:48.263,13.14862,13.15158,0.00,0.00
2013.10.21 19:32:59.114,13.1483,13.15058,0.00,0.00
2013.10.21 19:32:59.173,13.14792,13.15058,0.00,0.00
2013.10.21 19:32:59.233,13.14782,13.15058,0.00,0.00
2013.10.21 19:33:25.068,13.14792,13.15058,0.00,0.00
2013.10.21 19:33:39.615,13.14812,13.15124,0.00,0.00
2013.10.21 19:33:39.704,13.14812,13.15128,0.00,0.00
2013.10.21 19:33:39.763,13.14812,13.15058,0.00,0.00
2013.10.21 19:33:40.933,13.14762,13.15058,0.00,0.00
2013.10.21 19:33:42.344,13.14772,13.15058,0.00,0.00
2013.10.21 19:33:42.547,13.14802,13.15112,0.00,0.00
2013.10.21 19:33:42.603,13.14802,13.15118,0.00,0.00
2013.10.21 19:33:42.664,13.14842,13.15125,0.00,0.00
2013.10.21 19:33:42.724,13.14842,13.15138,0.00,0.00
2013.10.21 19:33:42.848,13.14862,13.15178,0.00,0.00
2013.10.21 19:33:43.203,13.14932,13.15204,0.00,0.00
2013.10.21 19:33:43.323,13.14952,13.15258,0.00,0.00
2013.10.21 19:33:43.451,13.14959,13.15258,0.00,0.00
2013.10.21 19:33:43.937,13.14982,13.15258,0.00,0.00
2013.10.21 19:33:44.131,13.14992,13.15308,0.00,0.00
2013.10.21 19:33:45.143,13.15002,13.15318,0.00,0.00
2013.10.21 19:33:45.554,13.14992,13.15308,0.00,0.00
2013.10.21 19:33:46.773,13.15052,13.15326,0.00,0.00
2013.10.21 19:33:46.833,13.15052,13.15345,0.00,0.00
2013.10.21 19:33:46.893,13.15052,13.15368,0.00,0.00
2013.10.21 19:33:50.974,13.15042,13.15358,0.00,0.00
2013.10.21 19:33:51.385,13.15052,13.15368,0.00,0.00
2013.10.21 19:33:51.794,13.15033,13.15348,0.00,0.00
2013.10.21 19:33:52.270,13.15052,13.15368,0.00,0.00
2013.10.21 19:34:02.356,13.15062,13.15378,0.00,0.00
2013.10.21 19:34:03.571,13.15042,13.15358,0.00,0.00
2013.10.21 19:34:06.785,13.15042,13.15348,0.00,0.00
2013.10.21 19:34:13.707,13.15032,13.15348,0.00,0.00
2013.10.21 19:34:14.054,13.15009,13.15278,0.00,0.00
2013.10.21 19:34:14.125,13.14943,13.15248,0.00,0.00
2013.10.21 19:34:14.214,13.15027,13.15248,0.00,0.00
2013.10.21 19:34:14.273,13.15062,13.15378,0.00,0.00
2013.10.21 19:34:14.333,13.14943,13.15258,0.00,0.00
2013.10.21 19:34:14.473,13.14982,13.15298,0.00,0.00
2013.10.21 19:34:14.533,13.15042,13.15309,0.00,0.00
2013.10.21 19:34:14.593,13.15042,13.15358,0.00,0.00
2013.10.21 19:34:14.653,13.15062,13.15377,0.00,0.00
2013.10.21 19:34:16.033,13.15062,13.15378,0.00,0.00
2013.10.21 19:34:18.624,13.15102,13.15407,0.00,0.00
2013.10.21 19:34:18.686,13.15102,13.15418,0.00,0.00
2013.10.21 19:34:18.743,13.15242,13.15419,0.00,0.00
2013.10.21 19:34:18.943,13.15252,13.15523,0.00,0.00
2013.10.21 19:34:19.003,13.15252,13.15568,0.00,0.00
2013.10.21 19:34:19.783,13.15242,13.15548,0.00,0.00
2013.10.21 19:34:19.945,13.15208,13.15518,0.00,0.00
2013.10.21 19:34:20.039,13.15208,13.15498,0.00,0.00
2013.10.21 19:34:20.213,13.15152,13.15468,0.00,0.00
2013.10.21 19:34:20.947,13.15162,13.15478,0.00,0.00
2013.10.21 19:34:21.263,13.15152,13.15468,0.00,0.00
2013.10.21 19:34:21.654,13.15142,13.15448,0.00,0.00
2013.10.21 19:34:21.984,13.15152,13.15458,0.00,0.00
2013.10.21 19:34:23.174,13.15162,13.15458,0.00,0.00
2013.10.21 19:34:23.594,13.15192,13.15499,0.00,0.00
2013.10.21 19:34:23.654,13.15192,13.15508,0.00,0.00
2013.10.21 19:34:23.805,13.15212,13.15528,0.00,0.00
2013.10.21 19:34:24.152,13.15193,13.15338,0.00,0.00
2013.10.21 19:34:24.213,13.15142,13.15338,0.00,0.00
2013.10.21 19:34:24.393,13.15042,13.15358,0.00,0.00
2013.10.21 19:34:25.168,13.15062,13.15378,0.00,0.00
2013.10.21 19:34:25.573,13.15092,13.15396,0.00,0.00
2013.10.21 19:34:25.671,13.15092,13.15408,0.00,0.00
2013.10.21 19:34:25.794,13.15072,13.15388,0.00,0.00
2013.10.21 19:34:26.114,13.15062,13.15378,0.00,0.00
2013.10.21 19:34:26.779,13.15082,13.15396,0.00,0.00
2013.10.21 19:34:26.871,13.15082,13.15398,0.00,0.00
2013.10.21 19:34:26.923,13.15092,13.15408,0.00,0.00
2013.10.21 19:34:27.805,13.15072,13.15388,0.00,0.00
2013.10.21 19:34:29.114,13.15092,13.15396,0.00,0.00
2013.10.21 19:34:29.173,13.15092,13.15408,0.00,0.00
2013.10.21 19:34:30.734,13.15072,13.15388,0.00,0.00
2013.10.21 19:34:31.265,13.15062,13.15378,0.00,0.00
2013.10.21 19:34:31.741,13.15082,13.15396,0.00,0.00
2013.10.21 19:34:31.893,13.15092,13.15408,0.00,0.00
2013.10.21 19:34:33.514,13.15068,13.15378,0.00,0.00
2013.10.21 19:34:33.633,13.15062,13.15378,0.00,0.00
2013.10.21 19:34:35.085,13.15142,13.15397,0.00,0.00
2013.10.21 19:34:35.143,13.15142,13.15416,0.00,0.00
2013.10.21 19:34:35.203,13.15242,13.15416,0.00,0.00
2013.10.21 19:34:35.263,13.15242,13.15488,0.00,0.00
2013.10.21 19:34:35.324,13.15242,13.15548,0.00,0.00
2013.10.21 19:34:35.384,13.15252,13.15548,0.00,0.00
2013.10.21 19:34:35.443,13.15252,13.15568,0.00,0.00
2013.10.21 19:34:35.623,13.15342,13.15587,0.00,0.00
2013.10.21 19:34:35.743,13.15342,13.15599,0.00,0.00
2013.10.21 19:34:35.803,13.15342,13.15648,0.00,0.00
2013.10.21 19:34:36.214,13.15322,13.15638,0.00,0.00
2013.10.21 19:34:36.284,13.15332,13.15648,0.00,0.00
2013.10.21 19:34:37.024,13.15352,13.15668,0.00,0.00
2013.10.21 19:34:43.963,13.15342,13.15648,0.00,0.00
2013.10.21 19:34:44.283,13.15299,13.15588,0.00,0.00
2013.10.21 19:34:44.413,13.15252,13.15558,0.00,0.00
2013.10.21 19:34:44.486,13.15242,13.15558,0.00,0.00
2013.10.21 19:34:44.784,13.15252,13.15568,0.00,0.00
2013.10.21 19:34:45.279,13.15242,13.15558,0.00,0.00
2013.10.21 19:34:46.134,13.15222,13.15538,0.00,0.00
2013.10.21 19:34:46.435,13.15212,13.15528,0.00,0.00
2013.10.21 19:34:52.585,13.15242,13.15558,0.00,0.00
2013.10.21 19:34:53.065,13.15232,13.15548,0.00,0.00
2013.10.21 19:34:58.574,13.15212,13.15528,0.00,0.00
2013.10.21 19:34:59.587,13.15242,13.15546,0.00,0.00
2013.10.21 19:34:59.643,13.15242,13.15558,0.00,0.00
2013.10.21 19:35:03.132,13.15232,13.15548,0.00,0.00
2013.10.21 19:35:03.854,13.15222,13.15538,0.00,0.00
2013.10.21 19:35:04.238,13.15252,13.15559,0.00,0.00
2013.10.21 19:35:04.293,13.15252,13.15568,0.00,0.00
2013.10.21 19:35:05.255,13.15227,13.15528,0.00,0.00
2013.10.21 19:35:05.373,13.15212,13.15528,0.00,0.00
2013.10.21 19:35:05.554,13.15252,13.15547,0.00,0.00
2013.10.21 19:35:05.681,13.15252,13.15558,0.00,0.00
2013.10.21 19:35:16.275,13.15232,13.15548,0.00,0.00
2013.10.21 19:35:18.313,13.15252,13.15568,0.00,0.00
2013.10.21 19:35:18.703,13.15232,13.15548,0.00,0.00
2013.10.21 19:35:19.115,13.15242,13.15558,0.00,0.00
2013.10.21 19:35:22.260,13.15252,13.15558,0.00,0.00
2013.10.21 19:35:32.955,13.15242,13.15558,0.00,0.00
2013.10.21 19:35:48.285,13.15223,13.15538,0.00,0.00
2013.10.21 19:35:48.443,13.15212,13.15528,0.00,0.00
2013.10.21 19:35:52.974,13.15252,13.15551,0.00,0.00
2013.10.21 19:35:53.113,13.15252,13.15558,0.00,0.00
2013.10.21 19:35:53.597,13.15234,13.15548,0.00,0.00
2013.10.21 19:35:53.653,13.15232,13.15548,0.00,0.00
2013.10.21 19:35:59.314,13.15242,13.15558,0.00,0.00
2013.10.21 19:36:03.725,13.15222,13.15538,0.00,0.00
2013.10.21 19:36:04.028,13.15202,13.15518,0.00,0.00
2013.10.21 19:36:08.293,13.15202,13.15501,0.00,0.00
2013.10.21 19:36:10.374,13.15172,13.15458,0.00,0.00
2013.10.21 19:36:10.778,13.15162,13.15458,0.00,0.00
2013.10.21 19:36:18.507,13.15172,13.15458,0.00,0.00
2013.10.21 19:36:21.890,13.15162,13.15458,0.00,0.00
2013.10.21 19:36:22.104,13.15172,13.15458,0.00,0.00
2013.10.21 19:36:26.953,13.15132,13.15448,0.00,0.00
2013.10.21 19:36:27.074,13.15142,13.15458,0.00,0.00
2013.10.21 19:36:31.389,13.15132,13.15448,0.00,0.00
2013.10.21 19:36:34.695,13.15152,13.15458,0.00,0.00
2013.10.21 19:36:38.771,13.15132,13.15448,0.00,0.00
2013.10.21 19:36:38.884,13.15122,13.15438,0.00,0.00
2013.10.21 19:36:39.774,13.15132,13.15448,0.00,0.00
2013.10.21 19:36:40.178,13.15122,13.15438,0.00,0.00
2013.10.21 19:36:49.504,13.15102,13.15418,0.00,0.00
2013.10.21 19:36:50.512,13.15069,13.15378,0.00,0.00
2013.10.21 19:36:50.605,13.15062,13.15378,0.00,0.00
2013.10.21 19:36:50.664,13.15092,13.15408,0.00,0.00
2013.10.21 19:37:03.856,13.15082,13.15398,0.00,0.00
2013.10.21 19:37:07.447,13.15072,13.15388,0.00,0.00
2013.10.21 19:37:18.496,13.15142,13.15406,0.00,0.00
2013.10.21 19:37:18.588,13.1515,13.15428,0.00,0.00
2013.10.21 19:37:18.645,13.15192,13.15508,0.00,0.00
2013.10.21 19:37:18.704,13.15212,13.15508,0.00,0.00
2013.10.21 19:37:18.764,13.15252,13.15568,0.00,0.00
2013.10.21 19:37:18.824,13.15232,13.15548,0.00,0.00
2013.10.21 19:37:19.303,13.15252,13.15568,0.00,0.00
2013.10.21 19:37:20.112,13.15232,13.15548,0.00,0.00
2013.10.21 19:37:21.403,13.15262,13.15578,0.00,0.00
2013.10.21 19:37:26.704,13.15242,13.15558,0.00,0.00
2013.10.21 19:37:31.684,13.15232,13.15548,0.00,0.00
2013.10.21 19:37:48.628,13.15252,13.15568,0.00,0.00
2013.10.21 19:37:49.440,13.15242,13.15558,0.00,0.00
2013.10.21 19:37:49.944,13.15232,13.15548,0.00,0.00
2013.10.21 19:37:55.304,13.15222,13.15538,0.00,0.00
2013.10.21 19:38:00.763,13.15222,13.15536,0.00,0.00
2013.10.21 19:38:01.481,13.15192,13.15458,0.00,0.00
2013.10.21 19:38:03.834,13.15172,13.15458,0.00,0.00
2013.10.21 19:38:03.894,13.15162,13.15458,0.00,0.00
2013.10.21 19:38:04.086,13.15182,13.15495,0.00,0.00
2013.10.21 19:38:04.144,13.15182,13.15498,0.00,0.00
2013.10.21 19:38:04.204,13.15212,13.1552,0.00,0.00
2013.10.21 19:38:04.264,13.15212,13.15528,0.00,0.00
2013.10.21 19:38:04.691,13.15193,13.15458,0.00,0.00
2013.10.21 19:38:04.777,13.15162,13.15458,0.00,0.00
2013.10.21 19:38:05.005,13.15152,13.15458,0.00,0.00
2013.10.21 19:38:14.834,13.15164,13.15458,0.00,0.00
2013.10.21 19:38:14.894,13.15222,13.15524,0.00,0.00
2013.10.21 19:38:14.954,13.15242,13.15524,0.00,0.00
2013.10.21 19:38:15.014,13.15242,13.15558,0.00,0.00
2013.10.21 19:38:15.074,13.15252,13.15558,0.00,0.00
2013.10.21 19:38:16.154,13.15268,13.15558,0.00,0.00
2013.10.21 19:38:16.410,13.15303,13.15608,0.00,0.00
2013.10.21 19:38:16.464,13.15322,13.15638,0.00,0.00
2013.10.21 19:38:19.123,13.15312,13.15558,0.00,0.00
2013.10.21 19:38:19.632,13.15292,13.15558,0.00,0.00
2013.10.21 19:38:19.754,13.15282,13.15558,0.00,0.00
2013.10.21 19:38:24.305,13.15292,13.15558,0.00,0.00
2013.10.21 19:38:28.284,13.15272,13.15558,0.00,0.00
2013.10.21 19:38:28.344,13.15262,13.15558,0.00,0.00
2013.10.21 19:38:29.354,13.15282,13.15558,0.00,0.00
2013.10.21 19:38:33.830,13.15262,13.15558,0.00,0.00
2013.10.21 19:38:42.323,13.15242,13.15558,0.00,0.00
2013.10.21 19:38:42.444,13.15272,13.15558,0.00,0.00
2013.10.21 19:38:42.801,13.15282,13.15558,0.00,0.00
2013.10.21 19:38:45.484,13.1526,13.15558,0.00,0.00
2013.10.21 19:38:45.544,13.15252,13.15558,0.00,0.00
2013.10.21 19:38:45.745,13.15272,13.15558,0.00,0.00
2013.10.21 19:38:45.945,13.1525,13.15538,0.00,0.00
2013.10.21 19:38:46.105,13.15222,13.15538,0.00,0.00
2013.10.21 19:38:46.165,13.15212,13.15528,0.00,0.00
2013.10.21 19:38:49.994,13.15282,13.15552,0.00,0.00
2013.10.21 19:38:50.076,13.15282,13.15558,0.00,0.00
2013.10.21 19:38:53.334,13.15262,13.15558,0.00,0.00
2013.10.21 19:38:58.056,13.15252,13.15558,0.00,0.00
2013.10.21 19:38:58.304,13.15242,13.15558,0.00,0.00
2013.10.21 19:38:58.704,13.15252,13.15558,0.00,0.00
2013.10.21 19:39:03.663,13.15233,13.15548,0.00,0.00
2013.10.21 19:39:04.465,13.15232,13.15548,0.00,0.00
2013.10.21 19:39:06.934,13.15252,13.15558,0.00,0.00
2013.10.21 19:39:06.997,13.15232,13.15548,0.00,0.00
2013.10.21 19:39:07.999,13.15252,13.15558,0.00,0.00
2013.10.21 19:39:08.306,13.15272,13.15558,0.00,0.00
2013.10.21 19:39:10.627,13.15282,13.15598,0.00,0.00
2013.10.21 19:39:17.384,13.15262,13.15558,0.00,0.00
2013.10.21 19:39:18.400,13.15262,13.15578,0.00,0.00
2013.10.21 19:39:19.012,13.15262,13.15558,0.00,0.00
2013.10.21 19:39:25.904,13.15262,13.15578,0.00,0.00
2013.10.21 19:39:26.660,13.15252,13.15568,0.00,0.00
2013.10.21 19:39:29.946,13.15282,13.15589,0.00,0.00
2013.10.21 19:39:30.016,13.15282,13.15598,0.00,0.00
2013.10.21 19:39:31.538,13.15261,13.15568,0.00,0.00
2013.10.21 19:39:31.714,13.15252,13.15568,0.00,0.00
2013.10.21 19:39:32.151,13.15272,13.15588,0.00,0.00
2013.10.21 19:39:32.457,13.15282,13.15598,0.00,0.00
2013.10.21 19:39:33.066,13.15263,13.15568,0.00,0.00
2013.10.21 19:39:33.135,13.15252,13.15568,0.00,0.00
2013.10.21 19:39:35.555,13.15252,13.15558,0.00,0.00
2013.10.21 19:39:36.049,13.15282,13.15558,0.00,0.00
2013.10.21 19:39:39.187,13.15262,13.15558,0.00,0.00
2013.10.21 19:39:39.790,13.15262,13.15578,0.00,0.00
2013.10.21 19:39:40.006,13.15262,13.15558,0.00,0.00
2013.10.21 19:39:46.915,13.15252,13.15558,0.00,0.00
2013.10.21 19:40:00.934,13.15236,13.15548,0.00,0.00
2013.10.21 19:40:01.015,13.15232,13.15548,0.00,0.00
2013.10.21 19:40:01.473,13.15235,13.15548,0.00,0.00
2013.10.21 19:40:01.785,13.15252,13.15558,0.00,0.00
2013.10.21 19:40:01.973,13.15202,13.15518,0.00,0.00
2013.10.21 19:40:02.094,13.15212,13.15528,0.00,0.00
2013.10.21 19:40:02.444,13.15252,13.15553,0.00,0.00
2013.10.21 19:40:02.504,13.15252,13.15558,0.00,0.00
2013.10.21 19:40:02.624,13.15282,13.15558,0.00,0.00
2013.10.21 19:40:06.914,13.15332,13.15642,0.00,0.00
2013.10.21 19:40:06.980,13.15372,13.15642,0.00,0.00
2013.10.21 19:40:07.034,13.15372,13.15658,0.00,0.00
2013.10.21 19:40:09.942,13.15372,13.15688,0.00,0.00
2013.10.21 19:40:10.765,13.15352,13.15668,0.00,0.00
2013.10.21 19:40:11.148,13.15342,13.15658,0.00,0.00
2013.10.21 19:40:12.962,13.15352,13.15668,0.00,0.00
2013.10.21 19:40:13.665,13.15372,13.15688,0.00,0.00
2013.10.21 19:40:27.809,13.15382,13.15698,0.00,0.00
2013.10.21 19:40:31.684,13.15382,13.15658,0.00,0.00
2013.10.21 19:40:32.445,13.15402,13.15718,0.00,0.00
2013.10.21 19:40:32.584,13.15412,13.15723,0.00,0.00
2013.10.21 19:40:32.644,13.15412,13.15728,0.00,0.00
2013.10.21 19:40:33.524,13.15402,13.15718,0.00,0.00
2013.10.21 19:40:35.328,13.15382,13.15698,0.00,0.00
2013.10.21 19:40:36.795,13.15372,13.15688,0.00,0.00
2013.10.21 19:40:40.217,13.15362,13.15678,0.00,0.00
2013.10.21 19:40:42.244,13.15352,13.15658,0.00,0.00
2013.10.21 19:40:42.434,13.15282,13.15598,0.00,0.00
2013.10.21 19:40:42.494,13.15255,13.15568,0.00,0.00
2013.10.21 19:40:42.614,13.15232,13.15548,0.00,0.00
2013.10.21 19:40:42.814,13.15222,13.15458,0.00,0.00
2013.10.21 19:40:42.950,13.15206,13.15458,0.00,0.00
2013.10.21 19:40:43.064,13.15162,13.15458,0.00,0.00
2013.10.21 19:40:43.194,13.15142,13.15458,0.00,0.00
2013.10.21 19:40:43.374,13.15132,13.15448,0.00,0.00
2013.10.21 19:40:43.814,13.15142,13.15458,0.00,0.00
2013.10.21 19:40:45.434,13.15172,13.15458,0.00,0.00
2013.10.21 19:40:45.753,13.15182,13.15458,0.00,0.00
2013.10.21 19:40:45.994,13.15156,13.15458,0.00,0.00
2013.10.21 19:40:46.054,13.15142,13.15458,0.00,0.00
2013.10.21 19:40:46.114,13.15172,13.15488,0.00,0.00
2013.10.21 19:40:46.447,13.15172,13.15458,0.00,0.00
2013.10.21 19:40:46.555,13.15142,13.15458,0.00,0.00
2013.10.21 19:40:47.517,13.15162,13.15458,0.00,0.00
2013.10.21 19:40:47.879,13.15172,13.15458,0.00,0.00
2013.10.21 19:40:48.485,13.15142,13.15458,0.00,0.00
2013.10.21 19:40:48.544,13.15172,13.15458,0.00,0.00
2013.10.21 19:40:48.986,13.15152,13.15458,0.00,0.00
2013.10.21 19:40:49.104,13.15142,13.15458,0.00,0.00
2013.10.21 19:40:50.297,13.15152,13.15458,0.00,0.00
2013.10.21 19:40:51.408,13.15132,13.15448,0.00,0.00
2013.10.21 19:40:51.506,13.15129,13.15438,0.00,0.00
2013.10.21 19:40:51.564,13.15122,13.15438,0.00,0.00
2013.10.21 19:40:51.624,13.15118,13.15418,0.00,0.00
2013.10.21 19:40:51.685,13.15102,13.15418,0.00,0.00
2013.10.21 19:40:51.744,13.15096,13.15408,0.00,0.00
2013.10.21 19:40:51.804,13.15092,13.15408,0.00,0.00
2013.10.21 19:40:51.925,13.15102,13.15418,0.00,0.00
2013.10.21 19:40:52.945,13.15122,13.15438,0.00,0.00
2013.10.21 19:40:53.495,13.15142,13.15458,0.00,0.00
2013.10.21 19:40:54.690,13.15152,13.15458,0.00,0.00
2013.10.21 19:40:55.201,13.15162,13.15478,0.00,0.00
2013.10.21 19:40:55.305,13.15162,13.15458,0.00,0.00
2013.10.21 19:40:55.505,13.15162,13.15478,0.00,0.00
2013.10.21 19:40:55.674,13.15152,13.15458,0.00,0.00
2013.10.21 19:40:56.001,13.15142,13.15458,0.00,0.00
2013.10.21 19:40:56.206,13.15162,13.15478,0.00,0.00
2013.10.21 19:40:56.626,13.15172,13.15458,0.00,0.00
2013.10.21 19:41:02.160,13.15152,13.15458,0.00,0.00
2013.10.21 19:41:02.274,13.15119,13.15428,0.00,0.00
2013.10.21 19:41:02.394,13.15102,13.15418,0.00,0.00
2013.10.21 19:41:02.514,13.15112,13.15428,0.00,0.00
2013.10.21 19:41:02.865,13.15152,13.15458,0.00,0.00
2013.10.21 19:41:02.974,13.15132,13.15448,0.00,0.00
2013.10.21 19:41:04.183,13.15112,13.15428,0.00,0.00
2013.10.21 19:41:04.486,13.15142,13.15444,0.00,0.00
2013.10.21 19:41:04.544,13.15142,13.15458,0.00,0.00
2013.10.21 19:41:05.034,13.15122,13.15438,0.00,0.00
2013.10.21 19:41:05.344,13.15092,13.15408,0.00,0.00
2013.10.21 19:41:16.747,13.15142,13.15428,0.00,0.00
2013.10.21 19:41:16.864,13.15152,13.1545,0.00,0.00
2013.10.21 19:41:16.934,13.15152,13.15458,0.00,0.00
2013.10.21 19:41:23.169,13.15122,13.15458,0.00,0.00
2013.10.21 19:41:23.284,13.15162,13.15458,0.00,0.00
2013.10.21 19:41:32.074,13.15142,13.15458,0.00,0.00
2013.10.21 19:41:33.774,13.15113,13.15428,0.00,0.00
2013.10.21 19:41:36.909,13.15112,13.15428,0.00,0.00
2013.10.21 19:41:53.979,13.15122,13.15438,0.00,0.00
2013.10.21 19:41:54.781,13.15112,13.15428,0.00,0.00
2013.10.21 19:41:57.425,13.15102,13.15418,0.00,0.00
2013.10.21 19:41:59.713,13.15112,13.15428,0.00,0.00
2013.10.21 19:42:00.399,13.15112,13.15419,0.00,0.00
2013.10.21 19:42:00.534,13.15082,13.15398,0.00,0.00
2013.10.21 19:42:07.706,13.15092,13.15408,0.00,0.00
2013.10.21 19:42:09.975,13.15082,13.15398,0.00,0.00
2013.10.21 19:42:15.612,13.15054,13.15358,0.00,0.00
2013.10.21 19:42:15.705,13.15052,13.15358,0.00,0.00
2013.10.21 19:42:15.764,13.15032,13.15348,0.00,0.00
2013.10.21 19:42:16.046,13.15022,13.15338,0.00,0.00
2013.10.21 19:42:16.364,13.14972,13.15258,0.00,0.00
2013.10.21 19:42:16.821,13.14992,13.15308,0.00,0.00
2013.10.21 19:42:17.026,13.15022,13.15329,0.00,0.00
2013.10.21 19:42:17.084,13.15022,13.15338,0.00,0.00
2013.10.21 19:42:18.639,13.15022,13.15258,0.00,0.00
2013.10.21 19:42:18.694,13.15012,13.15258,0.00,0.00
2013.10.21 19:42:23.223,13.14992,13.15258,0.00,0.00
2013.10.21 19:42:23.541,13.14982,13.15258,0.00,0.00
2013.10.21 19:42:38.654,13.15002,13.15318,0.00,0.00
2013.10.21 19:42:44.022,13.15002,13.15258,0.00,0.00
2013.10.21 19:42:44.122,13.14982,13.15258,0.00,0.00
2013.10.21 19:42:44.546,13.14962,13.15258,0.00,0.00
2013.10.21 19:42:44.664,13.14952,13.15258,0.00,0.00
2013.10.21 19:42:46.697,13.14932,13.15248,0.00,0.00
2013.10.21 19:42:46.999,13.14912,13.15158,0.00,0.00
2013.10.21 19:42:47.404,13.14922,13.15238,0.00,0.00
2013.10.21 19:42:48.209,13.14922,13.15158,0.00,0.00
2013.10.21 19:42:48.315,13.14912,13.15158,0.00,0.00
2013.10.21 19:42:51.744,13.14922,13.15238,0.00,0.00
2013.10.21 19:42:51.894,13.14912,13.15158,0.00,0.00
2013.10.21 19:42:52.754,13.14922,13.15238,0.00,0.00
2013.10.21 19:42:52.856,13.14912,13.15158,0.00,0.00
2013.10.21 19:42:52.984,13.14972,13.15261,0.00,0.00
2013.10.21 19:42:53.071,13.15002,13.15261,0.00,0.00
2013.10.21 19:42:53.128,13.15002,13.15287,0.00,0.00
2013.10.21 19:42:53.185,13.15002,13.15318,0.00,0.00
2013.10.21 19:42:53.272,13.15062,13.15335,0.00,0.00
2013.10.21 19:42:53.334,13.15082,13.15358,0.00,0.00
2013.10.21 19:43:03.506,13.15062,13.15358,0.00,0.00
2013.10.21 19:43:08.918,13.15082,13.15358,0.00,0.00
2013.10.21 19:43:09.094,13.15162,13.15458,0.00,0.00
2013.10.21 19:43:33.884,13.15152,13.15458,0.00,0.00
2013.10.21 19:43:40.884,13.15172,13.15458,0.00,0.00
2013.10.21 19:43:52.886,13.15182,13.15458,0.00,0.00
2013.10.21 19:43:53.004,13.15147,13.15458,0.00,0.00
2013.10.21 19:43:53.090,13.15162,13.15458,0.00,0.00
2013.10.21 19:43:53.344,13.15147,13.15458,0.00,0.00
2013.10.21 19:43:53.464,13.15142,13.15458,0.00,0.00
2013.10.21 19:43:53.715,13.15162,13.15458,0.00,0.00
2013.10.21 19:43:53.826,13.15142,13.15458,0.00,0.00
2013.10.21 19:43:54.265,13.15162,13.15458,0.00,0.00
2013.10.21 19:43:57.436,13.15152,13.15458,0.00,0.00
2013.10.21 19:44:00.935,13.15132,13.15448,0.00,0.00
2013.10.21 19:44:02.559,13.15152,13.15458,0.00,0.00
2013.10.21 19:44:07.036,13.15142,13.15458,0.00,0.00
2013.10.21 19:44:07.421,13.15122,13.15438,0.00,0.00
2013.10.21 19:44:08.029,13.15102,13.15418,0.00,0.00
2013.10.21 19:44:08.354,13.15172,13.15458,0.00,0.00
2013.10.21 19:44:16.315,13.15145,13.15458,0.00,0.00
2013.10.21 19:44:16.393,13.15145,13.15438,0.00,0.00
2013.10.21 19:44:16.465,13.15122,13.15438,0.00,0.00
2013.10.21 19:44:17.345,13.15172,13.15458,0.00,0.00
2013.10.21 19:44:31.655,13.15182,13.15458,0.00,0.00
2013.10.21 19:44:33.536,13.15162,13.15458,0.00,0.00
2013.10.21 19:44:40.012,13.15152,13.15458,0.00,0.00
2013.10.21 19:44:40.524,13.15172,13.15458,0.00,0.00
2013.10.21 19:44:41.305,13.15132,13.15448,0.00,0.00
2013.10.21 19:44:46.368,13.15152,13.15458,0.00,0.00
2013.10.21 19:44:55.078,13.15132,13.15448,0.00,0.00
2013.10.21 19:45:03.756,13.15112,13.15428,0.00,0.00
2013.10.21 19:45:05.047,13.15062,13.15358,0.00,0.00
2013.10.21 19:45:05.878,13.15052,13.15358,0.00,0.00
2013.10.21 19:45:06.076,13.15032,13.15348,0.00,0.00
2013.10.21 19:45:07.033,13.15032,13.15322,0.00,0.00
2013.10.21 19:45:07.255,13.14952,13.15258,0.00,0.00
2013.10.21 19:45:07.414,13.14972,13.15258,0.00,0.00
2013.10.21 19:45:10.295,13.14952,13.15258,0.00,0.00
2013.10.21 19:45:19.608,13.14922,13.15238,0.00,0.00
2013.10.21 19:45:28.475,13.14962,13.15278,0.00,0.00
2013.10.21 19:45:28.834,13.15032,13.15348,0.00,0.00
2013.10.21 19:45:29.154,13.15022,13.15258,0.00,0.00
2013.10.21 19:45:32.106,13.15002,13.15258,0.00,0.00
2013.10.21 19:45:32.225,13.14992,13.15258,0.00,0.00
2013.10.21 19:45:42.347,13.14972,13.15258,0.00,0.00
2013.10.21 19:45:42.456,13.14972,13.15248,0.00,0.00
2013.10.21 19:45:42.634,13.14932,13.15248,0.00,0.00
2013.10.21 19:45:46.635,13.14982,13.15258,0.00,0.00
2013.10.21 19:45:48.033,13.14972,13.15258,0.00,0.00
2013.10.21 19:45:49.648,13.14992,13.15258,0.00,0.00
2013.10.21 19:45:58.085,13.15032,13.15325,0.00,0.00
2013.10.21 19:45:58.145,13.15062,13.15325,0.00,0.00
2013.10.21 19:45:58.205,13.15062,13.15373,0.00,0.00
2013.10.21 19:45:58.265,13.15092,13.15403,0.00,0.00
2013.10.21 19:45:58.394,13.15112,13.15428,0.00,0.00
2013.10.21 19:45:58.455,13.15122,13.15438,0.00,0.00
2013.10.21 19:46:00.541,13.15099,13.15398,0.00,0.00
2013.10.21 19:46:00.594,13.15082,13.15398,0.00,0.00
2013.10.21 19:46:00.808,13.15082,13.15358,0.00,0.00
2013.10.21 19:46:06.368,13.15092,13.15358,0.00,0.00
2013.10.21 19:46:06.565,13.15112,13.15428,0.00,0.00
2013.10.21 19:46:12.059,13.15092,13.15388,0.00,0.00
2013.10.21 19:46:12.115,13.15072,13.15388,0.00,0.00
2013.10.21 19:46:12.862,13.15062,13.15358,0.00,0.00
2013.10.21 19:46:20.028,13.15042,13.15358,0.00,0.00
2013.10.21 19:46:23.225,13.15062,13.15378,0.00,0.00
2013.10.21 19:46:23.534,13.15142,13.15458,0.00,0.00
2013.10.21 19:46:25.834,13.15192,13.15508,0.00,0.00
2013.10.21 19:46:26.196,13.15222,13.15538,0.00,0.00
2013.10.21 19:46:30.085,13.15232,13.15548,0.00,0.00
2013.10.21 19:46:32.555,13.15262,13.15558,0.00,0.00
2013.10.21 19:46:32.674,13.15292,13.15608,0.00,0.00
2013.10.21 19:46:36.075,13.15282,13.15598,0.00,0.00
2013.10.21 19:46:37.297,13.15272,13.15588,0.00,0.00
2013.10.21 19:46:38.744,13.15282,13.15598,0.00,0.00
2013.10.21 19:46:40.112,13.15264,13.15578,0.00,0.00
2013.10.21 19:46:40.196,13.15262,13.15578,0.00,0.00
2013.10.21 19:46:40.255,13.15252,13.15568,0.00,0.00
2013.10.21 19:46:40.800,13.15254,13.15568,0.00,0.00
2013.10.21 19:46:40.855,13.15272,13.15588,0.00,0.00
2013.10.21 19:46:42.021,13.15292,13.15608,0.00,0.00
2013.10.21 19:46:42.365,13.15302,13.15618,0.00,0.00
2013.10.21 19:46:44.688,13.15322,13.15638,0.00,0.00
2013.10.21 19:46:45.794,13.15312,13.15628,0.00,0.00
2013.10.21 19:46:46.306,13.15332,13.15648,0.00,0.00
2013.10.21 19:46:47.106,13.15342,13.15658,0.00,0.00
2013.10.21 19:46:48.222,13.15372,13.15658,0.00,0.00
2013.10.21 19:46:49.715,13.15342,13.15658,0.00,0.00
2013.10.21 19:46:50.273,13.15352,13.15658,0.00,0.00
2013.10.21 19:46:50.576,13.15372,13.15658,0.00,0.00
2013.10.21 19:46:50.695,13.15359,13.15658,0.00,0.00
2013.10.21 19:46:50.846,13.15352,13.15658,0.00,0.00
2013.10.21 19:46:51.089,13.15372,13.15658,0.00,0.00
2013.10.21 19:46:53.033,13.15352,13.15658,0.00,0.00
2013.10.21 19:46:54.963,13.15392,13.15692,0.00,0.00
2013.10.21 19:46:55.116,13.15392,13.15708,0.00,0.00
2013.10.21 19:46:55.175,13.15442,13.15749,0.00,0.00
2013.10.21 19:46:55.234,13.15442,13.15758,0.00,0.00
2013.10.21 19:46:55.877,13.15423,13.15738,0.00,0.00
2013.10.21 19:46:56.081,13.15412,13.15728,0.00,0.00
2013.10.21 19:46:57.596,13.15422,13.15738,0.00,0.00
2013.10.21 19:46:58.899,13.15442,13.15758,0.00,0.00
2013.10.21 19:46:59.203,13.15472,13.15758,0.00,0.00
2013.10.21 19:47:00.366,13.15472,13.15788,0.00,0.00
2013.10.21 19:47:01.575,13.15462,13.15778,0.00,0.00
2013.10.21 19:47:02.635,13.15434,13.15738,0.00,0.00
2013.10.21 19:47:02.766,13.15416,13.15728,0.00,0.00
2013.10.21 19:47:02.885,13.15412,13.15728,0.00,0.00
2013.10.21 19:47:03.090,13.15442,13.15748,0.00,0.00
2013.10.21 19:47:03.498,13.15452,13.15758,0.00,0.00
2013.10.21 19:47:04.906,13.15452,13.15768,0.00,0.00
2013.10.21 19:47:09.436,13.15462,13.15778,0.00,0.00
2013.10.21 19:47:09.834,13.15472,13.15788,0.00,0.00
2013.10.21 19:47:12.711,13.15452,13.15768,0.00,0.00
2013.10.21 19:47:13.178,13.15422,13.15738,0.00,0.00
2013.10.21 19:47:13.520,13.15442,13.15758,0.00,0.00
2013.10.21 19:47:13.875,13.15402,13.15718,0.00,0.00
2013.10.21 19:47:14.192,13.15402,13.15709,0.00,0.00
2013.10.21 19:47:14.255,13.15372,13.15688,0.00,0.00
2013.10.21 19:47:14.832,13.15382,13.15698,0.00,0.00
2013.10.21 19:47:18.716,13.15372,13.15688,0.00,0.00
2013.10.21 19:47:21.805,13.15337,13.15648,0.00,0.00
2013.10.21 19:47:21.955,13.15332,13.15648,0.00,0.00
2013.10.21 19:47:22.557,13.15352,13.15658,0.00,0.00
2013.10.21 19:47:22.658,13.15322,13.15638,0.00,0.00
2013.10.21 19:47:22.715,13.15327,13.15638,0.00,0.00
2013.10.21 19:47:22.836,13.15322,13.15638,0.00,0.00
2013.10.21 19:47:22.965,13.15302,13.15618,0.00,0.00
2013.10.21 19:47:23.295,13.15252,13.15558,0.00,0.00
2013.10.21 19:47:23.775,13.15262,13.15558,0.00,0.00
2013.10.21 19:47:24.085,13.15282,13.15558,0.00,0.00
2013.10.21 19:47:29.417,13.15247,13.15548,0.00,0.00
2013.10.21 19:47:29.535,13.15232,13.15548,0.00,0.00
2013.10.21 19:47:29.655,13.15222,13.15538,0.00,0.00
2013.10.21 19:47:30.315,13.15232,13.15548,0.00,0.00
2013.10.21 19:47:32.198,13.15232,13.15544,0.00,0.00
2013.10.21 19:47:32.255,13.15192,13.15508,0.00,0.00
2013.10.21 19:47:33.645,13.15192,13.15458,0.00,0.00
2013.10.21 19:47:38.085,13.15182,13.15458,0.00,0.00
2013.10.21 19:47:39.187,13.15272,13.15515,0.00,0.00
2013.10.21 19:47:39.366,13.15302,13.15587,0.00,0.00
2013.10.21 19:47:39.425,13.15312,13.15587,0.00,0.00
2013.10.21 19:47:39.484,13.15312,13.15628,0.00,0.00
2013.10.21 19:47:40.495,13.15288,13.15558,0.00,0.00
2013.10.21 19:47:40.675,13.15276,13.15558,0.00,0.00
2013.10.21 19:47:40.786,13.15242,13.15558,0.00,0.00
2013.10.21 19:47:42.308,13.15222,13.15538,0.00,0.00
2013.10.21 19:47:42.709,13.15212,13.15458,0.00,0.00
2013.10.21 19:47:51.282,13.15192,13.15458,0.00,0.00
2013.10.21 19:47:51.345,13.15182,13.15458,0.00,0.00
2013.10.21 19:47:59.415,13.15222,13.15519,0.00,0.00
2013.10.21 19:47:59.475,13.15262,13.15536,0.00,0.00
2013.10.21 19:47:59.535,13.15262,13.15558,0.00,0.00
2013.10.21 19:47:59.595,13.15282,13.15558,0.00,0.00
2013.10.21 19:47:59.970,13.15292,13.15558,0.00,0.00
2013.10.21 19:48:00.272,13.15322,13.15632,0.00,0.00
2013.10.21 19:48:00.361,13.15322,13.15638,0.00,0.00
2013.10.21 19:48:00.901,13.15322,13.15637,0.00,0.00
2013.10.21 19:48:01.011,13.15322,13.15625,0.00,0.00
2013.10.21 19:48:01.068,13.15302,13.15618,0.00,0.00
2013.10.21 19:48:01.168,13.15292,13.15558,0.00,0.00
2013.10.21 19:48:01.376,13.15312,13.15625,0.00,0.00
2013.10.21 19:48:01.450,13.15312,13.15628,0.00,0.00
2013.10.21 19:48:01.505,13.15293,13.15558,0.00,0.00
2013.10.21 19:48:01.565,13.15282,13.15558,0.00,0.00
2013.10.21 19:48:05.860,13.15292,13.15558,0.00,0.00
2013.10.21 19:48:06.769,13.1531,13.15558,0.00,0.00
2013.10.21 19:48:06.859,13.15352,13.15658,0.00,0.00
2013.10.21 19:48:24.035,13.15332,13.15648,0.00,0.00
2013.10.21 19:48:30.265,13.15352,13.15658,0.00,0.00
2013.10.21 19:48:35.315,13.15362,13.15658,0.00,0.00
2013.10.21 19:48:41.736,13.15342,13.15658,0.00,0.00
2013.10.21 19:48:45.875,13.15382,13.15658,0.00,0.00
2013.10.21 19:48:46.274,13.15392,13.15658,0.00,0.00
2013.10.21 19:48:51.255,13.15402,13.15658,0.00,0.00
2013.10.21 19:48:51.319,13.1539,13.15658,0.00,0.00
2013.10.21 19:48:51.376,13.15382,13.15658,0.00,0.00
2013.10.21 19:48:51.435,13.15379,13.15658,0.00,0.00
2013.10.21 19:48:51.495,13.15362,13.15658,0.00,0.00
2013.10.21 19:48:51.555,13.15352,13.15658,0.00,0.00
2013.10.21 19:48:51.916,13.15333,13.15693,0.00,0.00
2013.10.21 19:48:52.122,13.15352,13.15658,0.00,0.00
2013.10.21 19:48:58.536,13.15422,13.15693,0.00,0.00
2013.10.21 19:48:58.805,13.15472,13.1576,0.00,0.00
2013.10.21 19:48:58.865,13.15502,13.15812,0.00,0.00
2013.10.21 19:48:58.925,13.15492,13.15808,0.00,0.00
2013.10.21 19:49:00.727,13.15502,13.15818,0.00,0.00
2013.10.21 19:49:01.075,13.15582,13.1589,0.00,0.00
2013.10.21 19:49:01.205,13.15582,13.15898,0.00,0.00
2013.10.21 19:49:01.755,13.15512,13.15828,0.00,0.00
2013.10.21 19:49:02.075,13.15521,13.15828,0.00,0.00
2013.10.21 19:49:02.138,13.15542,13.15858,0.00,0.00
2013.10.21 19:49:03.583,13.15532,13.15848,0.00,0.00
2013.10.21 19:49:04.061,13.15542,13.15858,0.00,0.00
2013.10.21 19:49:05.370,13.15552,13.15868,0.00,0.00
2013.10.21 19:49:09.705,13.15533,13.15818,0.00,0.00
2013.10.21 19:49:09.765,13.15502,13.15818,0.00,0.00
2013.10.21 19:49:09.825,13.15472,13.15788,0.00,0.00
2013.10.21 19:49:10.126,13.15482,13.15798,0.00,0.00
2013.10.21 19:49:12.080,13.15472,13.15788,0.00,0.00
2013.10.21 19:49:12.600,13.15434,13.15728,0.00,0.00
2013.10.21 19:49:12.735,13.15412,13.15728,0.00,0.00
2013.10.21 19:49:12.795,13.15382,13.15698,0.00,0.00
2013.10.21 19:49:16.040,13.15402,13.15718,0.00,0.00
2013.10.21 19:49:16.418,13.15432,13.15748,0.00,0.00
2013.10.21 19:49:16.725,13.15562,13.15791,0.00,0.00
2013.10.21 19:49:16.985,13.15562,13.15878,0.00,0.00
2013.10.21 19:49:17.465,13.15572,13.15888,0.00,0.00
2013.10.21 19:49:20.953,13.15582,13.15898,0.00,0.00
2013.10.21 19:49:21.863,13.15565,13.15868,0.00,0.00
2013.10.21 19:49:22.025,13.15552,13.15868,0.00,0.00
2013.10.21 19:49:23.346,13.15582,13.15898,0.00,0.00
2013.10.21 19:49:34.572,13.15572,13.15888,0.00,0.00
2013.10.21 19:49:37.382,13.15548,13.15858,0.00,0.00
2013.10.21 19:49:37.435,13.15542,13.15858,0.00,0.00
2013.10.21 19:49:37.789,13.15562,13.15878,0.00,0.00
2013.10.21 19:49:41.936,13.15554,13.15868,0.00,0.00
2013.10.21 19:49:42.026,13.15552,13.15868,0.00,0.00
2013.10.21 19:49:48.115,13.15572,13.15888,0.00,0.00
2013.10.21 19:49:54.097,13.15582,13.15898,0.00,0.00
2013.10.21 19:49:54.400,13.15562,13.15878,0.00,0.00
2013.10.21 19:50:01.128,13.15572,13.15888,0.00,0.00
2013.10.21 19:50:03.836,13.15572,13.15858,0.00,0.00
2013.10.21 19:50:07.986,13.15556,13.15858,0.00,0.00
2013.10.21 19:50:08.156,13.15552,13.15858,0.00,0.00
2013.10.21 19:50:17.487,13.15572,13.15858,0.00,0.00
2013.10.21 19:50:18.793,13.15562,13.15858,0.00,0.00
2013.10.21 19:50:19.006,13.15572,13.15858,0.00,0.00
2013.10.21 19:50:20.776,13.15562,13.15858,0.00,0.00
2013.10.21 19:50:24.163,13.15535,13.15818,0.00,0.00
2013.10.21 19:50:24.285,13.15479,13.15788,0.00,0.00
2013.10.21 19:50:24.345,13.15472,13.15788,0.00,0.00
2013.10.21 19:50:25.888,13.15482,13.15798,0.00,0.00
2013.10.21 19:50:28.386,13.15472,13.15788,0.00,0.00
2013.10.21 19:50:28.752,13.15448,13.15738,0.00,0.00
2013.10.21 19:50:28.865,13.15422,13.15738,0.00,0.00
2013.10.21 19:50:28.985,13.15392,13.15708,0.00,0.00
2013.10.21 19:50:29.295,13.15422,13.15738,0.00,0.00
2013.10.21 19:50:29.976,13.15403,13.15718,0.00,0.00
2013.10.21 19:50:30.145,13.15392,13.15708,0.00,0.00
2013.10.21 19:50:31.168,13.15372,13.15688,0.00,0.00
2013.10.21 19:50:32.705,13.15492,13.15794,0.00,0.00
2013.10.21 19:50:32.765,13.15492,13.15808,0.00,0.00
2013.10.21 19:50:32.825,13.15502,13.15818,0.00,0.00
2013.10.21 19:50:36.395,13.15492,13.15808,0.00,0.00
2013.10.21 19:50:45.144,13.15466,13.15758,0.00,0.00
2013.10.21 19:50:45.205,13.15443,13.15758,0.00,0.00
2013.10.21 19:50:48.019,13.15442,13.15758,0.00,0.00
2013.10.21 19:50:52.888,13.15462,13.15758,0.00,0.00
2013.10.21 19:50:53.375,13.15442,13.15758,0.00,0.00
2013.10.21 19:50:55.005,13.15472,13.15758,0.00,0.00
2013.10.21 19:50:57.217,13.15442,13.15758,0.00,0.00
2013.10.21 19:50:58.436,13.15432,13.15748,0.00,0.00
2013.10.21 19:51:00.095,13.15352,13.15658,0.00,0.00
2013.10.21 19:51:00.216,13.15342,13.15658,0.00,0.00
2013.10.21 19:51:05.560,13.15362,13.15658,0.00,0.00
2013.10.21 19:51:07.508,13.15342,13.15658,0.00,0.00
2013.10.21 19:51:10.685,13.15362,13.15658,0.00,0.00
2013.10.21 19:51:30.926,13.15352,13.15658,0.00,0.00
2013.10.21 19:51:31.891,13.15372,13.15658,0.00,0.00
2013.10.21 19:51:33.316,13.15342,13.15558,0.00,0.00
2013.10.21 19:51:39.466,13.15342,13.15628,0.00,0.00
2013.10.21 19:51:39.528,13.15352,13.15658,0.00,0.00
2013.10.21 19:51:39.626,13.15362,13.15658,0.00,0.00
2013.10.21 19:51:40.233,13.15362,13.15558,0.00,0.00
2013.10.21 19:51:40.332,13.15344,13.15558,0.00,0.00
2013.10.21 19:51:40.385,13.15342,13.15558,0.00,0.00
2013.10.21 19:51:40.536,13.15362,13.15658,0.00,0.00
2013.10.21 19:51:40.655,13.15372,13.15658,0.00,0.00
2013.10.21 19:51:41.285,13.15352,13.15558,0.00,0.00
2013.10.21 19:51:41.937,13.15372,13.15658,0.00,0.00
2013.10.21 19:51:42.150,13.15352,13.15558,0.00,0.00
2013.10.21 19:51:42.551,13.15342,13.15558,0.00,0.00
2013.10.21 19:51:42.815,13.15342,13.15648,0.00,0.00
2013.10.21 19:51:43.457,13.15342,13.15558,0.00,0.00
2013.10.21 19:51:43.864,13.15352,13.15654,0.00,0.00
2013.10.21 19:51:43.956,13.15352,13.15658,0.00,0.00
2013.10.21 19:51:44.015,13.15362,13.15658,0.00,0.00
2013.10.21 19:51:44.466,13.15342,13.15558,0.00,0.00
2013.10.21 19:51:44.985,13.15362,13.15658,0.00,0.00
2013.10.21 19:51:45.077,13.15342,13.15558,0.00,0.00
2013.10.21 19:51:45.679,13.15352,13.15658,0.00,0.00
2013.10.21 19:51:45.786,13.15362,13.15658,0.00,0.00
2013.10.21 19:51:46.178,13.15343,13.15558,0.00,0.00
2013.10.21 19:51:46.540,13.15372,13.15658,0.00,0.00
2013.10.21 19:51:47.351,13.1535,13.15558,0.00,0.00
2013.10.21 19:51:47.445,13.15342,13.15558,0.00,0.00
2013.10.21 19:51:48.472,13.15342,13.15657,0.00,0.00
2013.10.21 19:51:48.797,13.15342,13.15558,0.00,0.00
2013.10.21 19:51:48.871,13.15362,13.15658,0.00,0.00
2013.10.21 19:51:51.716,13.15372,13.15658,0.00,0.00
2013.10.21 19:51:52.086,13.15362,13.15658,0.00,0.00
2013.10.21 19:51:53.598,13.15372,13.15658,0.00,0.00
2013.10.21 19:51:56.527,13.15352,13.15658,0.00,0.00
2013.10.21 19:51:56.695,13.15342,13.15658,0.00,0.00
2013.10.21 19:51:56.847,13.15362,13.15658,0.00,0.00
2013.10.21 19:51:57.453,13.15372,13.15658,0.00,0.00
2013.10.21 19:51:58.591,13.15352,13.15658,0.00,0.00
2013.10.21 19:51:58.745,13.15342,13.15658,0.00,0.00
2013.10.21 19:51:59.400,13.15354,13.15658,0.00,0.00
2013.10.21 19:51:59.963,13.15372,13.15658,0.00,0.00
2013.10.21 19:52:02.655,13.15362,13.15658,0.00,0.00
2013.10.21 19:52:09.686,13.15337,13.15558,0.00,0.00
2013.10.21 19:52:09.896,13.15312,13.15558,0.00,0.00
2013.10.21 19:52:14.017,13.15302,13.15558,0.00,0.00
2013.10.21 19:52:14.225,13.15292,13.15558,0.00,0.00
2013.10.21 19:52:14.821,13.15322,13.15558,0.00,0.00
2013.10.21 19:52:16.085,13.15332,13.15558,0.00,0.00
2013.10.21 19:52:17.075,13.1538,13.15558,0.00,0.00
2013.10.21 19:52:17.288,13.15402,13.15658,0.00,0.00
2013.10.21 19:52:17.580,13.15422,13.15658,0.00,0.00
2013.10.21 19:52:19.312,13.15422,13.15738,0.00,0.00
2013.10.21 19:52:19.365,13.15472,13.15757,0.00,0.00
2013.10.21 19:52:19.876,13.15472,13.15758,0.00,0.00
2013.10.21 19:52:20.516,13.15474,13.15758,0.00,0.00
2013.10.21 19:52:20.836,13.15512,13.15758,0.00,0.00
2013.10.21 19:52:22.495,13.15502,13.15758,0.00,0.00
2013.10.21 19:52:22.555,13.15502,13.15818,0.00,0.00
2013.10.21 19:52:22.716,13.15508,13.15818,0.00,0.00
2013.10.21 19:52:22.956,13.15522,13.15838,0.00,0.00
2013.10.21 19:52:23.075,13.15482,13.15798,0.00,0.00
2013.10.21 19:52:23.425,13.15503,13.15808,0.00,0.00
2013.10.21 19:52:23.587,13.15492,13.15808,0.00,0.00
2013.10.21 19:52:23.864,13.15532,13.15825,0.00,0.00
2013.10.21 19:52:23.925,13.15532,13.15848,0.00,0.00
2013.10.21 19:52:23.985,13.15512,13.15848,0.00,0.00
2013.10.21 19:52:24.045,13.1553,13.15848,0.00,0.00
2013.10.21 19:52:24.455,13.15522,13.15838,0.00,0.00
2013.10.21 19:52:25.271,13.15542,13.15858,0.00,0.00
2013.10.21 19:52:32.986,13.15552,13.15858,0.00,0.00
2013.10.21 19:52:33.588,13.15522,13.15758,0.00,0.00
2013.10.21 19:52:33.994,13.15542,13.15856,0.00,0.00
2013.10.21 19:52:34.113,13.15542,13.15858,0.00,0.00
2013.10.21 19:52:34.196,13.1552,13.15758,0.00,0.00
2013.10.21 19:52:34.446,13.15492,13.15758,0.00,0.00
2013.10.21 19:52:34.911,13.15522,13.1583,0.00,0.00
2013.10.21 19:52:35.006,13.15512,13.15758,0.00,0.00
2013.10.21 19:52:35.715,13.15512,13.15737,0.00,0.00
2013.10.21 19:52:35.835,13.15387,13.15648,0.00,0.00
2013.10.21 19:52:35.895,13.1536,13.15648,0.00,0.00
2013.10.21 19:52:36.016,13.15282,13.15558,0.00,0.00
2013.10.21 19:52:36.205,13.15272,13.15558,0.00,0.00
2013.10.21 19:52:36.385,13.15252,13.15558,0.00,0.00
2013.10.21 19:52:36.505,13.15272,13.15558,0.00,0.00
2013.10.21 19:52:36.685,13.15252,13.15558,0.00,0.00
2013.10.21 19:52:36.895,13.15272,13.15558,0.00,0.00
2013.10.21 19:52:41.313,13.15282,13.15558,0.00,0.00
2013.10.21 19:52:41.612,13.15262,13.15558,0.00,0.00
2013.10.21 19:52:43.946,13.1531,13.15558,0.00,0.00
2013.10.21 19:52:44.217,13.15372,13.15658,0.00,0.00
2013.10.21 19:52:44.336,13.15362,13.15658,0.00,0.00
2013.10.21 19:52:44.395,13.15372,13.15658,0.00,0.00
2013.10.21 19:52:59.485,13.15362,13.15658,0.00,0.00
2013.10.21 19:53:01.105,13.15372,13.15658,0.00,0.00
2013.10.21 19:53:02.086,13.15362,13.15658,0.00,0.00
2013.10.21 19:53:04.467,13.15339,13.15558,0.00,0.00
2013.10.21 19:53:04.585,13.15272,13.15558,0.00,0.00
2013.10.21 19:53:12.882,13.15262,13.15558,0.00,0.00
2013.10.21 19:53:18.654,13.15242,13.15558,0.00,0.00
2013.10.21 19:53:18.715,13.1524,13.15548,0.00,0.00
2013.10.21 19:53:18.775,13.15232,13.15548,0.00,0.00
2013.10.21 19:53:18.896,13.15242,13.15558,0.00,0.00
2013.10.21 19:53:19.264,13.15262,13.15558,0.00,0.00
2013.10.21 19:53:22.135,13.15232,13.15548,0.00,0.00
2013.10.21 19:53:24.035,13.15252,13.15558,0.00,0.00
2013.10.21 19:53:24.509,13.15232,13.15548,0.00,0.00
2013.10.21 19:53:25.519,13.15252,13.15558,0.00,0.00
2013.10.21 19:53:26.022,13.15262,13.15558,0.00,0.00
2013.10.21 19:53:36.872,13.15272,13.15558,0.00,0.00
2013.10.21 19:53:38.385,13.15292,13.15608,0.00,0.00
2013.10.21 19:53:38.445,13.15352,13.15658,0.00,0.00
2013.10.21 19:53:38.921,13.15332,13.15648,0.00,0.00
2013.10.21 19:53:40.806,13.15342,13.15658,0.00,0.00
2013.10.21 19:53:41.317,13.1535,13.15658,0.00,0.00
2013.10.21 19:53:41.655,13.15372,13.15658,0.00,0.00
2013.10.21 19:53:43.840,13.15362,13.15658,0.00,0.00
2013.10.21 19:53:47.099,13.15332,13.15648,0.00,0.00
2013.10.21 19:53:47.211,13.15352,13.15658,0.00,0.00
2013.10.21 19:53:47.612,13.15362,13.15658,0.00,0.00
2013.10.21 19:53:47.927,13.15338,13.15558,0.00,0.00
2013.10.21 19:53:47.985,13.15312,13.15558,0.00,0.00
2013.10.21 19:53:48.045,13.1529,13.15558,0.00,0.00
2013.10.21 19:53:48.105,13.15282,13.15558,0.00,0.00
2013.10.21 19:53:48.165,13.15272,13.15558,0.00,0.00
2013.10.21 19:53:49.535,13.1534,13.15558,0.00,0.00
2013.10.21 19:53:49.657,13.15371,13.15678,0.00,0.00
2013.10.21 19:53:49.853,13.15392,13.15708,0.00,0.00
2013.10.21 19:53:52.889,13.15372,13.15688,0.00,0.00
2013.10.21 19:53:53.394,13.15352,13.15658,0.00,0.00
2013.10.21 19:53:53.595,13.15342,13.15658,0.00,0.00
2013.10.21 19:53:54.097,13.15362,13.15658,0.00,0.00
2013.10.21 19:53:57.655,13.15332,13.15618,0.00,0.00
2013.10.21 19:53:57.955,13.15302,13.15618,0.00,0.00
2013.10.21 19:53:58.015,13.15322,13.15638,0.00,0.00
2013.10.21 19:53:58.486,13.15362,13.15658,0.00,0.00
2013.10.21 19:54:09.348,13.15342,13.15658,0.00,0.00
2013.10.21 19:54:10.362,13.15362,13.15658,0.00,0.00
2013.10.21 19:54:13.145,13.15342,13.15658,0.00,0.00
2013.10.21 19:54:14.847,13.1536,13.15658,0.00,0.00
2013.10.21 19:54:14.907,13.15442,13.15758,0.00,0.00
2013.10.21 19:54:23.676,13.15443,13.15758,0.00,0.00
2013.10.21 19:54:23.795,13.15462,13.15758,0.00,0.00
2013.10.21 19:54:24.055,13.15452,13.15758,0.00,0.00
2013.10.21 19:54:26.645,13.15452,13.15731,0.00,0.00
2013.10.21 19:54:26.955,13.15342,13.15658,0.00,0.00
2013.10.21 19:54:27.117,13.15332,13.15648,0.00,0.00
2013.10.21 19:54:27.802,13.15328,13.15628,0.00,0.00
2013.10.21 19:54:27.856,13.15312,13.15628,0.00,0.00
2013.10.21 19:54:27.915,13.15352,13.15658,0.00,0.00
2013.10.21 19:54:28.306,13.15362,13.15658,0.00,0.00
2013.10.21 19:54:38.197,13.15343,13.15658,0.00,0.00
2013.10.21 19:54:40.282,13.15342,13.15658,0.00,0.00
2013.10.21 19:54:45.387,13.15322,13.15558,0.00,0.00
2013.10.21 19:55:00.351,13.15342,13.15656,0.00,0.00
2013.10.21 19:55:00.406,13.15342,13.15658,0.00,0.00
2013.10.21 19:55:00.757,13.1532,13.15558,0.00,0.00
2013.10.21 19:55:00.817,13.15302,13.15558,0.00,0.00
2013.10.21 19:55:00.875,13.15292,13.15558,0.00,0.00
2013.10.21 19:55:18.418,13.15292,13.15608,0.00,0.00
2013.10.21 19:55:18.521,13.15312,13.15558,0.00,0.00
2013.10.21 19:55:32.184,13.15292,13.15558,0.00,0.00
2013.10.21 19:55:32.281,13.1529,13.15558,0.00,0.00
2013.10.21 19:55:32.336,13.15271,13.15558,0.00,0.00
2013.10.21 19:55:32.436,13.15262,13.15558,0.00,0.00
2013.10.21 19:55:32.787,13.15282,13.15558,0.00,0.00
2013.10.21 19:55:33.016,13.15262,13.15558,0.00,0.00
2013.10.21 19:55:33.135,13.15252,13.15558,0.00,0.00
2013.10.21 19:55:33.195,13.15262,13.15558,0.00,0.00
2013.10.21 19:55:35.001,13.15254,13.15558,0.00,0.00
2013.10.21 19:55:35.056,13.15232,13.15558,0.00,0.00
2013.10.21 19:55:35.116,13.15282,13.15558,0.00,0.00
2013.10.21 19:55:38.814,13.15332,13.15618,0.00,0.00
2013.10.21 19:55:38.878,13.15332,13.15648,0.00,0.00
2013.10.21 19:55:38.936,13.15352,13.15658,0.00,0.00
2013.10.21 19:55:40.074,13.15362,13.15658,0.00,0.00
2013.10.21 19:56:00.176,13.15372,13.15658,0.00,0.00
2013.10.21 19:56:01.016,13.15352,13.15658,0.00,0.00
2013.10.21 19:56:01.076,13.15342,13.15658,0.00,0.00
2013.10.21 19:56:01.405,13.15362,13.15558,0.00,0.00
2013.10.21 19:56:01.587,13.15272,13.15558,0.00,0.00
2013.10.21 19:56:01.646,13.15262,13.15558,0.00,0.00
2013.10.21 19:56:01.997,13.15234,13.15458,0.00,0.00
2013.10.21 19:56:02.056,13.15212,13.15458,0.00,0.00
2013.10.21 19:56:02.301,13.15187,13.15458,0.00,0.00
2013.10.21 19:56:02.357,13.15182,13.15458,0.00,0.00
2013.10.21 19:56:05.915,13.15212,13.15458,0.00,0.00
2013.10.21 19:56:06.191,13.15202,13.15458,0.00,0.00
2013.10.21 19:56:10.806,13.15192,13.15458,0.00,0.00
2013.10.21 19:56:11.718,13.15242,13.1553,0.00,0.00
2013.10.21 19:56:11.777,13.15242,13.15558,0.00,0.00
2013.10.21 19:56:11.915,13.15242,13.15458,0.00,0.00
2013.10.21 19:56:12.657,13.15222,13.15458,0.00,0.00
2013.10.21 19:56:13.967,13.15222,13.15538,0.00,0.00
2013.10.21 19:56:14.026,13.15245,13.15538,0.00,0.00
2013.10.21 19:56:14.337,13.15272,13.15558,0.00,0.00
2013.10.21 19:56:15.350,13.15282,13.15558,0.00,0.00
2013.10.21 19:56:24.115,13.15292,13.15608,0.00,0.00
2013.10.21 19:56:24.336,13.15312,13.15628,0.00,0.00
2013.10.21 19:56:25.555,13.15322,13.15638,0.00,0.00
2013.10.21 19:56:28.252,13.15342,13.15658,0.00,0.00
2013.10.21 19:56:29.136,13.15332,13.15648,0.00,0.00
2013.10.21 19:56:30.155,13.15342,13.15658,0.00,0.00
2013.10.21 19:56:34.298,13.15332,13.15648,0.00,0.00
2013.10.21 19:56:34.601,13.15352,13.15658,0.00,0.00
2013.10.21 19:56:40.387,13.15332,13.15558,0.00,0.00
2013.10.21 19:56:40.506,13.15311,13.15558,0.00,0.00
2013.10.21 19:56:40.565,13.15282,13.15558,0.00,0.00
2013.10.21 19:56:40.626,13.15272,13.15558,0.00,0.00
2013.10.21 19:56:40.826,13.15272,13.15588,0.00,0.00
2013.10.21 19:56:40.917,13.15272,13.15558,0.00,0.00
2013.10.21 19:56:42.587,13.15262,13.15558,0.00,0.00
2013.10.21 19:56:50.566,13.15262,13.15578,0.00,0.00
2013.10.21 19:56:50.693,13.15282,13.15558,0.00,0.00
2013.10.21 19:56:51.770,13.15272,13.15558,0.00,0.00
2013.10.21 19:56:51.946,13.15282,13.15558,0.00,0.00
2013.10.21 19:56:52.275,13.15272,13.15558,0.00,0.00
2013.10.21 19:56:52.985,13.15282,13.15558,0.00,0.00
2013.10.21 19:56:53.160,13.15302,13.15618,0.00,0.00
2013.10.21 19:56:53.306,13.15302,13.15558,0.00,0.00
2013.10.21 19:56:53.577,13.15312,13.15628,0.00,0.00
2013.10.21 19:56:54.574,13.15312,13.15628,0.00,0.00
2013.10.21 19:56:54.705,13.15302,13.15558,0.00,0.00
2013.10.21 19:56:55.236,13.15302,13.15618,0.00,0.00
2013.10.21 19:56:55.296,13.15342,13.15634,0.00,0.00
2013.10.21 19:56:55.356,13.15342,13.1564,0.00,0.00
2013.10.21 19:56:55.416,13.15322,13.1564,0.00,0.00
2013.10.21 19:56:55.476,13.15322,13.15658,0.00,0.00
2013.10.21 19:56:55.536,13.15362,13.15658,0.00,0.00
2013.10.21 19:56:56.501,13.15342,13.15658,0.00,0.00
2013.10.21 19:56:57.707,13.15362,13.15658,0.00,0.00
2013.10.21 19:56:58.108,13.15342,13.15658,0.00,0.00
2013.10.21 19:56:58.537,13.15362,13.15658,0.00,0.00
2013.10.21 19:56:58.956,13.15372,13.15658,0.00,0.00
2013.10.21 19:57:03.291,13.15353,13.15658,0.00,0.00
2013.10.21 19:57:03.698,13.15339,13.15648,0.00,0.00
2013.10.21 19:57:03.817,13.15332,13.15648,0.00,0.00
2013.10.21 19:57:03.907,13.15352,13.15658,0.00,0.00
2013.10.21 19:57:11.397,13.15412,13.1569,0.00,0.00
2013.10.21 19:57:11.526,13.15412,13.15728,0.00,0.00
2013.10.21 19:57:11.586,13.15462,13.1575,0.00,0.00
2013.10.21 19:57:11.646,13.15462,13.15758,0.00,0.00
2013.10.21 19:57:11.916,13.15472,13.15758,0.00,0.00
2013.10.21 19:57:12.297,13.15492,13.15758,0.00,0.00
2013.10.21 19:57:12.416,13.15472,13.15758,0.00,0.00
2013.10.21 19:57:12.596,13.15452,13.15758,0.00,0.00
2013.10.21 19:57:12.655,13.15442,13.15758,0.00,0.00
2013.10.21 19:57:12.926,13.15542,13.15781,0.00,0.00
2013.10.21 19:57:12.995,13.15542,13.1585,0.00,0.00
2013.10.21 19:57:13.056,13.15552,13.1585,0.00,0.00
2013.10.21 19:57:13.116,13.15552,13.15858,0.00,0.00
2013.10.21 19:57:18.707,13.15538,13.15848,0.00,0.00
2013.10.21 19:57:18.853,13.15532,13.15848,0.00,0.00
2013.10.21 19:57:19.622,13.15542,13.15838,0.00,0.00
2013.10.21 19:57:21.820,13.15542,13.15858,0.00,0.00
2013.10.21 19:57:22.454,13.15562,13.15878,0.00,0.00
2013.10.21 19:57:22.786,13.15642,13.1598,0.00,0.00
2013.10.21 19:57:25.697,13.15682,13.15958,0.00,0.00
2013.10.21 19:57:26.316,13.15642,13.15958,0.00,0.00
2013.10.21 19:57:26.646,13.15642,13.15948,0.00,0.00
2013.10.21 19:57:26.986,13.15722,13.15958,0.00,0.00
2013.10.21 19:57:36.897,13.15703,13.15958,0.00,0.00
2013.10.21 19:57:37.628,13.15702,13.15958,0.00,0.00
2013.10.21 19:57:39.166,13.15682,13.15958,0.00,0.00
2013.10.21 19:57:39.830,13.15712,13.15958,0.00,0.00
2013.10.21 19:57:40.287,13.15722,13.15958,0.00,0.00
2013.10.21 19:57:42.216,13.15704,13.15958,0.00,0.00
2013.10.21 19:57:42.276,13.15702,13.15958,0.00,0.00
2013.10.21 19:57:43.896,13.15722,13.15958,0.00,0.00
2013.10.21 19:57:44.626,13.15702,13.15958,0.00,0.00
2013.10.21 19:57:45.874,13.15722,13.15958,0.00,0.00
2013.10.21 19:57:46.678,13.15702,13.15958,0.00,0.00
2013.10.21 19:57:47.395,13.15722,13.15958,0.00,0.00
2013.10.21 19:57:47.716,13.15702,13.15958,0.00,0.00
2013.10.21 19:57:47.946,13.15722,13.15958,0.00,0.00
2013.10.21 19:57:48.209,13.15702,13.15958,0.00,0.00
2013.10.21 19:57:50.575,13.15752,13.16038,0.00,0.00
2013.10.21 19:57:50.696,13.15812,13.16038,0.00,0.00
2013.10.21 19:57:50.756,13.15812,13.16075,0.00,0.00
2013.10.21 19:57:50.816,13.15852,13.16158,0.00,0.00
2013.10.21 19:57:51.078,13.15832,13.16148,0.00,0.00
2013.10.21 19:57:51.796,13.15852,13.16158,0.00,0.00
2013.10.21 19:57:52.187,13.15862,13.16158,0.00,0.00
2013.10.21 19:57:54.126,13.15852,13.16158,0.00,0.00
2013.10.21 19:57:54.946,13.15862,13.16158,0.00,0.00
2013.10.21 19:57:55.288,13.15842,13.16158,0.00,0.00
2013.10.21 19:57:55.686,13.15862,13.16158,0.00,0.00
2013.10.21 19:57:56.002,13.15842,13.16158,0.00,0.00
2013.10.21 19:57:57.682,13.15862,13.16178,0.00,0.00
2013.10.21 19:57:57.996,13.15872,13.16188,0.00,0.00
2013.10.21 19:57:58.493,13.15849,13.16148,0.00,0.00
2013.10.21 19:57:58.567,13.15832,13.16148,0.00,0.00
2013.10.21 19:57:58.806,13.15822,13.16138,0.00,0.00
2013.10.21 19:58:00.435,13.15842,13.16158,0.00,0.00
2013.10.21 19:58:01.496,13.15852,13.16158,0.00,0.00
2013.10.21 19:58:01.768,13.15832,13.16148,0.00,0.00
2013.10.21 19:58:02.756,13.15802,13.16058,0.00,0.00
2013.10.21 19:58:02.890,13.15753,13.16058,0.00,0.00
2013.10.21 19:58:02.946,13.15742,13.16058,0.00,0.00
2013.10.21 19:58:03.107,13.15742,13.16048,0.00,0.00
2013.10.21 19:58:03.492,13.15752,13.16058,0.00,0.00
2013.10.21 19:58:03.666,13.15752,13.16068,0.00,0.00
2013.10.21 19:58:04.121,13.15742,13.16058,0.00,0.00
2013.10.21 19:58:04.636,13.15762,13.16078,0.00,0.00
2013.10.21 19:58:05.127,13.15772,13.16088,0.00,0.00
2013.10.21 19:58:05.844,13.15802,13.16114,0.00,0.00
2013.10.21 19:58:05.996,13.15842,13.16158,0.00,0.00
2013.10.21 19:58:06.056,13.15862,13.16158,0.00,0.00
2013.10.21 19:58:06.296,13.15832,13.16148,0.00,0.00
2013.10.21 19:58:06.356,13.15822,13.16138,0.00,0.00
2013.10.21 19:58:06.696,13.15832,13.16148,0.00,0.00
2013.10.21 19:58:07.156,13.15812,13.16128,0.00,0.00
2013.10.21 19:58:07.567,13.15752,13.16068,0.00,0.00
2013.10.21 19:58:07.901,13.15732,13.16048,0.00,0.00
2013.10.21 19:58:08.337,13.15742,13.16058,0.00,0.00
2013.10.21 19:58:08.743,13.15722,13.16038,0.00,0.00
2013.10.21 19:58:09.768,13.15742,13.16058,0.00,0.00
2013.10.21 19:58:11.470,13.15722,13.16038,0.00,0.00
2013.10.21 19:58:11.778,13.15712,13.16028,0.00,0.00
2013.10.21 19:58:12.197,13.15732,13.16048,0.00,0.00
2013.10.21 19:58:14.000,13.15712,13.16028,0.00,0.00
2013.10.21 19:58:14.527,13.15732,13.16048,0.00,0.00
2013.10.21 19:58:14.886,13.15742,13.16058,0.00,0.00
2013.10.21 19:58:15.555,13.15752,13.16058,0.00,0.00
2013.10.21 19:58:17.878,13.15742,13.16058,0.00,0.00
2013.10.21 19:58:21.390,13.15732,13.16048,0.00,0.00
2013.10.21 19:58:21.997,13.15752,13.16058,0.00,0.00
2013.10.21 19:58:22.607,13.15733,13.16048,0.00,0.00
2013.10.21 19:58:23.177,13.15732,13.16048,0.00,0.00
2013.10.21 19:58:23.236,13.15742,13.16058,0.00,0.00
2013.10.21 19:58:24.120,13.15762,13.16058,0.00,0.00
2013.10.21 19:58:24.376,13.15742,13.16058,0.00,0.00
2013.10.21 19:58:25.396,13.15762,13.16058,0.00,0.00
2013.10.21 19:58:31.042,13.15742,13.16058,0.00,0.00
2013.10.21 19:58:31.848,13.15762,13.16058,0.00,0.00
2013.10.21 19:58:33.177,13.15742,13.16058,0.00,0.00
2013.10.21 19:58:33.316,13.15762,13.16058,0.00,0.00
2013.10.21 19:58:35.944,13.15742,13.16058,0.00,0.00
2013.10.21 19:58:36.147,13.15732,13.16048,0.00,0.00
2013.10.21 19:58:37.763,13.15752,13.16058,0.00,0.00
2013.10.21 19:58:42.526,13.15732,13.16048,0.00,0.00
2013.10.21 19:58:43.447,13.15752,13.16058,0.00,0.00
2013.10.21 19:58:46.265,13.15732,13.16048,0.00,0.00
2013.10.21 19:58:46.467,13.15742,13.16058,0.00,0.00
2013.10.21 19:58:47.324,13.15762,13.16058,0.00,0.00
2013.10.21 19:58:51.086,13.15742,13.16058,0.00,0.00
2013.10.21 19:58:52.276,13.15762,13.16058,0.00,0.00
2013.10.21 19:58:52.797,13.15742,13.16058,0.00,0.00
2013.10.21 19:58:55.856,13.15762,13.16058,0.00,0.00
2013.10.21 19:58:56.661,13.15742,13.16058,0.00,0.00
2013.10.21 19:59:02.197,13.15762,13.16058,0.00,0.00
2013.10.21 19:59:02.316,13.15742,13.16058,0.00,0.00
2013.10.21 19:59:02.666,13.15722,13.16038,0.00,0.00
2013.10.21 19:59:04.887,13.15752,13.16058,0.00,0.00
2013.10.21 19:59:08.443,13.15732,13.16048,0.00,0.00
2013.10.21 19:59:09.261,13.15752,13.16058,0.00,0.00
2013.10.21 19:59:09.459,13.15732,13.16048,0.00,0.00
2013.10.21 19:59:16.201,13.15722,13.16038,0.00,0.00
2013.10.21 19:59:17.464,13.15742,13.16058,0.00,0.00
2013.10.21 19:59:18.888,13.15722,13.16038,0.00,0.00
2013.10.21 19:59:19.264,13.15742,13.16058,0.00,0.00
2013.10.21 19:59:22.939,13.15732,13.16048,0.00,0.00
2013.10.21 19:59:23.243,13.15712,13.16028,0.00,0.00
2013.10.21 19:59:27.433,13.15732,13.16048,0.00,0.00
2013.10.21 19:59:27.846,13.15722,13.16038,0.00,0.00
2013.10.21 19:59:29.384,13.15742,13.16058,0.00,0.00
2013.10.21 19:59:32.047,13.15752,13.16068,0.00,0.00
2013.10.21 19:59:32.367,13.15732,13.16048,0.00,0.00
2013.10.21 19:59:34.191,13.15752,13.16058,0.00,0.00
2013.10.21 19:59:36.166,13.15752,13.16068,0.00,0.00
2013.10.21 19:59:36.738,13.15726,13.16028,0.00,0.00
2013.10.21 19:59:36.946,13.15712,13.16028,0.00,0.00
2013.10.21 19:59:37.066,13.15722,13.16038,0.00,0.00
2013.10.21 19:59:37.407,13.15712,13.16028,0.00,0.00
2013.10.21 19:59:37.787,13.15732,13.16048,0.00,0.00
2013.10.21 19:59:39.286,13.15712,13.16028,0.00,0.00
2013.10.21 19:59:39.735,13.15732,13.16048,0.00,0.00
2013.10.21 19:59:41.740,13.15742,13.16058,0.00,0.00
2013.10.21 19:59:42.147,13.15722,13.16038,0.00,0.00
2013.10.21 19:59:43.253,13.15742,13.16058,0.00,0.00
2013.10.21 19:59:45.106,13.15722,13.16038,0.00,0.00
2013.10.21 19:59:49.654,13.15742,13.16058,0.00,0.00
2013.10.21 19:59:49.962,13.15752,13.16068,0.00,0.00
2013.10.21 19:59:50.386,13.15712,13.16028,0.00,0.00
2013.10.21 19:59:50.809,13.15742,13.16058,0.00,0.00
2013.10.21 19:59:51.622,13.1572,13.16028,0.00,0.00
2013.10.21 19:59:51.708,13.15712,13.16028,0.00,0.00
2013.10.21 19:59:52.056,13.15722,13.16028,0.00,0.00
2013.10.21 19:59:52.116,13.15742,13.16058,0.00,0.00
2013.10.21 19:59:52.486,13.15722,13.16038,0.00,0.00
2013.10.21 19:59:52.906,13.15712,13.16028,0.00,0.00
2013.10.21 19:59:54.306,13.15732,13.16048,0.00,0.00
2013.10.21 19:59:54.826,13.15722,13.16038,0.00,0.00
2013.10.21 19:59:55.192,13.15772,13.16054,0.00,0.00
2013.10.21 19:59:55.306,13.15772,13.16088,0.00,0.00
2013.10.21 19:59:55.366,13.15782,13.16088,0.00,0.00
2013.10.21 19:59:55.487,13.15793,13.16108,0.00,0.00
2013.10.21 19:59:55.646,13.15812,13.16128,0.00,0.00
2013.10.21 19:59:55.826,13.1578,13.16058,0.00,0.00
2013.10.21 19:59:55.886,13.15742,13.16058,0.00,0.00
2013.10.21 19:59:56.289,13.15812,13.16087,0.00,0.00
2013.10.21 19:59:56.446,13.15842,13.16158,0.00,0.00
2013.10.21 19:59:57.204,13.15832,13.16148,0.00,0.00
2013.10.21 19:59:57.987,13.15832,13.16127,0.00,0.00
2013.10.21 19:59:58.178,13.15812,13.16127,0.00,0.00
2013.10.21 19:59:58.364,13.15802,13.16118,0.00,0.00
2013.10.21 19:59:58.506,13.15742,13.16058,0.00,0.00
