2017.05.05 17:00:00.147,12.28049,12.28231,0.00,0.00
2017.05.05 17:00:00.248,12.28049,12.28242,0.00,0.00
2017.05.05 17:00:00.349,12.28049,12.28232,0.00,0.00
2017.05.05 17:00:00.681,12.28049,12.28221,0.00,0.00
2017.05.05 17:00:00.795,12.28049,12.28242,0.00,0.00
2017.05.05 17:00:01.493,12.28049,12.28222,0.00,0.00
2017.05.05 17:00:01.594,12.28049,12.28252,0.00,0.00
2017.05.05 17:00:01.653,12.28049,12.28222,0.00,0.00
2017.05.05 17:00:02.154,12.28049,12.28242,0.00,0.00
2017.05.05 17:00:02.255,12.28049,12.28231,0.00,0.00
2017.05.05 17:00:02.754,12.28049,12.28212,0.00,0.00
2017.05.05 17:00:03.455,12.28049,12.28241,0.00,0.00
2017.05.05 17:00:05.048,12.28049,12.28232,0.00,0.00
2017.05.05 17:00:05.099,12.28049,12.28251,0.00,0.00
2017.05.05 17:00:05.200,12.28049,12.28262,0.00,0.00
2017.05.05 17:00:05.458,12.28049,12.28252,0.00,0.00
2017.05.05 17:00:05.560,12.28049,12.28261,0.00,0.00
2017.05.05 17:00:05.801,12.28049,12.28241,0.00,0.00
2017.05.05 17:00:06.104,12.28149,12.28292,0.00,0.00
2017.05.05 17:00:06.205,12.28098,12.28309,0.00,0.00
2017.05.05 17:00:06.306,12.28122,12.28282,0.00,0.00
2017.05.05 17:00:06.508,12.28148,12.28319,0.00,0.00
2017.05.05 17:00:06.628,12.28148,12.28321,0.00,0.00
2017.05.05 17:00:06.679,12.28148,12.28331,0.00,0.00
2017.05.05 17:00:06.781,12.28098,12.28309,0.00,0.00
2017.05.05 17:00:06.884,12.28048,12.28292,0.00,0.00
2017.05.05 17:00:06.935,12.28072,12.28292,0.00,0.00
2017.05.05 17:00:07.494,12.28122,12.28302,0.00,0.00
2017.05.05 17:00:09.194,12.28121,12.28302,0.00,0.00
2017.05.05 17:00:09.346,12.28058,12.28309,0.00,0.00
2017.05.05 17:00:09.397,12.28058,12.28262,0.00,0.00
2017.05.05 17:00:09.766,12.28072,12.28242,0.00,0.00
2017.05.05 17:00:10.650,12.28071,12.28242,0.00,0.00
2017.05.05 17:00:10.781,12.28072,12.28251,0.00,0.00
2017.05.05 17:00:10.882,12.28072,12.28272,0.00,0.00
2017.05.05 17:00:11.423,12.28071,12.28272,0.00,0.00
2017.05.05 17:00:11.474,12.28071,12.28241,0.00,0.00
2017.05.05 17:00:12.286,12.28071,12.28262,0.00,0.00
2017.05.05 17:00:12.391,12.28142,12.28242,0.00,0.00
2017.05.05 17:00:12.493,12.28158,12.28261,0.00,0.00
2017.05.05 17:00:12.594,12.28071,12.28272,0.00,0.00
2017.05.05 17:00:12.771,12.28071,12.28252,0.00,0.00
2017.05.05 17:00:13.316,12.28072,12.28252,0.00,0.00
2017.05.05 17:00:13.418,12.28071,12.28261,0.00,0.00
2017.05.05 17:00:13.519,12.28071,12.28271,0.00,0.00
2017.05.05 17:00:14.102,12.28072,12.28271,0.00,0.00
2017.05.05 17:00:14.203,12.28072,12.28252,0.00,0.00
2017.05.05 17:00:14.717,12.28072,12.28261,0.00,0.00
2017.05.05 17:00:14.823,12.28072,12.28271,0.00,0.00
2017.05.05 17:00:15.203,12.28109,12.28271,0.00,0.00
2017.05.05 17:00:15.354,12.28071,12.28252,0.00,0.00
2017.05.05 17:00:15.405,12.28072,12.28272,0.00,0.00
2017.05.05 17:00:15.875,12.28071,12.28251,0.00,0.00
2017.05.05 17:00:16.693,12.28072,12.28251,0.00,0.00
2017.05.05 17:00:16.794,12.28071,12.28271,0.00,0.00
2017.05.05 17:00:16.876,12.28071,12.28242,0.00,0.00
2017.05.05 17:00:17.077,12.28071,12.28261,0.00,0.00
2017.05.05 17:00:17.178,12.28071,12.28251,0.00,0.00
2017.05.05 17:00:17.590,12.28071,12.28241,0.00,0.00
2017.05.05 17:00:19.215,12.28072,12.28261,0.00,0.00
2017.05.05 17:00:19.725,12.28071,12.28261,0.00,0.00
2017.05.05 17:00:20.114,12.28072,12.28241,0.00,0.00
2017.05.05 17:00:20.180,12.28072,12.28271,0.00,0.00
2017.05.05 17:00:21.641,12.28071,12.28271,0.00,0.00
2017.05.05 17:00:21.807,12.28072,12.28261,0.00,0.00
2017.05.05 17:00:22.313,12.28071,12.28252,0.00,0.00
2017.05.05 17:00:22.414,12.28071,12.28262,0.00,0.00
2017.05.05 17:00:22.484,12.28071,12.28271,0.00,0.00
2017.05.05 17:00:23.085,12.28071,12.28251,0.00,0.00
2017.05.05 17:00:23.586,12.28071,12.28262,0.00,0.00
2017.05.05 17:00:24.019,12.28071,12.28271,0.00,0.00
2017.05.05 17:00:24.333,12.28072,12.28251,0.00,0.00
2017.05.05 17:00:24.487,12.28071,12.28271,0.00,0.00
2017.05.05 17:00:25.071,12.28072,12.28271,0.00,0.00
2017.05.05 17:00:25.222,12.28072,12.28251,0.00,0.00
2017.05.05 17:00:25.682,12.28098,12.28251,0.00,0.00
2017.05.05 17:00:25.889,12.28149,12.28321,0.00,0.00
2017.05.05 17:00:25.990,12.28149,12.28331,0.00,0.00
2017.05.05 17:00:27.087,12.28101,12.28308,0.00,0.00
2017.05.05 17:00:27.138,12.28098,12.28308,0.00,0.00
2017.05.05 17:00:27.239,12.28072,12.28272,0.00,0.00
2017.05.05 17:00:27.591,12.28072,12.28252,0.00,0.00
2017.05.05 17:00:27.641,12.28072,12.28281,0.00,0.00
2017.05.05 17:00:28.694,12.28072,12.28251,0.00,0.00
2017.05.05 17:00:28.794,12.28072,12.28282,0.00,0.00
2017.05.05 17:00:30.206,12.28071,12.28282,0.00,0.00
2017.05.05 17:00:30.307,12.28072,12.28251,0.00,0.00
2017.05.05 17:00:30.507,12.28071,12.28262,0.00,0.00
2017.05.05 17:00:30.608,12.28071,12.28282,0.00,0.00
2017.05.05 17:00:31.334,12.28072,12.28282,0.00,0.00
2017.05.05 17:00:31.435,12.28071,12.28252,0.00,0.00
2017.05.05 17:00:33.301,12.28071,12.28272,0.00,0.00
2017.05.05 17:00:34.213,12.28071,12.28252,0.00,0.00
2017.05.05 17:00:35.304,12.28071,12.28262,0.00,0.00
2017.05.05 17:00:36.006,12.28071,12.28271,0.00,0.00
2017.05.05 17:00:36.212,12.28072,12.28262,0.00,0.00
2017.05.05 17:00:36.415,12.28071,12.28272,0.00,0.00
2017.05.05 17:00:36.894,12.28122,12.28272,0.00,0.00
2017.05.05 17:00:36.944,12.28121,12.28292,0.00,0.00
2017.05.05 17:00:37.045,12.28122,12.28318,0.00,0.00
2017.05.05 17:00:37.382,12.28048,12.28308,0.00,0.00
2017.05.05 17:00:37.432,12.28048,12.28291,0.00,0.00
2017.05.05 17:00:37.937,12.28048,12.28242,0.00,0.00
2017.05.05 17:00:38.038,12.28048,12.28251,0.00,0.00
2017.05.05 17:00:38.139,12.28048,12.28242,0.00,0.00
2017.05.05 17:00:38.609,12.28048,12.28252,0.00,0.00
2017.05.05 17:00:38.724,12.28048,12.28261,0.00,0.00
2017.05.05 17:00:39.310,12.28048,12.28251,0.00,0.00
2017.05.05 17:00:43.414,12.28048,12.28232,0.00,0.00
2017.05.05 17:00:44.032,12.28048,12.28261,0.00,0.00
2017.05.05 17:00:44.142,12.28048,12.28232,0.00,0.00
2017.05.05 17:00:44.848,12.28048,12.28242,0.00,0.00
2017.05.05 17:00:44.917,12.28048,12.28232,0.00,0.00
2017.05.05 17:00:45.241,12.28048,12.28252,0.00,0.00
2017.05.05 17:00:45.343,12.28048,12.28262,0.00,0.00
2017.05.05 17:00:45.418,12.28048,12.28232,0.00,0.00
2017.05.05 17:00:45.657,12.28048,12.28261,0.00,0.00
2017.05.05 17:00:45.718,12.28048,12.28232,0.00,0.00
2017.05.05 17:00:47.541,12.28048,12.28242,0.00,0.00
2017.05.05 17:00:48.422,12.28048,12.28262,0.00,0.00
2017.05.05 17:00:49.523,12.28048,12.28242,0.00,0.00
2017.05.05 17:00:50.297,12.28071,12.28242,0.00,0.00
2017.05.05 17:00:50.347,12.28072,12.28262,0.00,0.00
2017.05.05 17:00:50.452,12.28071,12.28272,0.00,0.00
2017.05.05 17:00:51.143,12.28072,12.28272,0.00,0.00
2017.05.05 17:00:51.244,12.28071,12.28242,0.00,0.00
2017.05.05 17:00:51.326,12.28071,12.28271,0.00,0.00
2017.05.05 17:00:51.730,12.28071,12.28242,0.00,0.00
2017.05.05 17:00:52.028,12.28071,12.28261,0.00,0.00
2017.05.05 17:00:52.542,12.28071,12.28242,0.00,0.00
2017.05.05 17:00:52.643,12.28048,12.28242,0.00,0.00
2017.05.05 17:00:52.744,12.28048,12.28232,0.00,0.00
2017.05.05 17:00:53.554,12.28048,12.28241,0.00,0.00
2017.05.05 17:00:53.655,12.28048,12.28231,0.00,0.00
2017.05.05 17:00:53.831,12.28048,12.28242,0.00,0.00
2017.05.05 17:00:54.265,12.28048,12.28262,0.00,0.00
2017.05.05 17:00:54.331,12.28048,12.28242,0.00,0.00
2017.05.05 17:00:55.081,12.28048,12.28232,0.00,0.00
2017.05.05 17:00:55.333,12.28048,12.28242,0.00,0.00
2017.05.05 17:00:55.782,12.28048,12.28232,0.00,0.00
2017.05.05 17:00:55.953,12.28048,12.28252,0.00,0.00
2017.05.05 17:00:56.055,12.28048,12.28241,0.00,0.00
2017.05.05 17:00:56.504,12.28048,12.28232,0.00,0.00
2017.05.05 17:00:56.663,12.28048,12.28252,0.00,0.00
2017.05.05 17:00:56.735,12.28048,12.28232,0.00,0.00
2017.05.05 17:00:56.836,12.27948,12.28208,0.00,0.00
2017.05.05 17:00:56.937,12.27948,12.28142,0.00,0.00
2017.05.05 17:00:57.482,12.27948,12.28141,0.00,0.00
2017.05.05 17:00:58.398,12.28021,12.28141,0.00,0.00
2017.05.05 17:00:58.449,12.28041,12.28171,0.00,0.00
2017.05.05 17:00:58.550,12.28048,12.28241,0.00,0.00
2017.05.05 17:00:59.139,12.28048,12.28231,0.00,0.00
2017.05.05 17:01:00.172,12.28048,12.28211,0.00,0.00
2017.05.05 17:01:00.481,12.28048,12.28231,0.00,0.00
2017.05.05 17:01:01.979,12.27999,12.28208,0.00,0.00
2017.05.05 17:01:02.080,12.27948,12.28151,0.00,0.00
2017.05.05 17:01:02.493,12.27972,12.28172,0.00,0.00
2017.05.05 17:01:03.243,12.27971,12.28172,0.00,0.00
2017.05.05 17:01:03.563,12.27971,12.28162,0.00,0.00
2017.05.05 17:01:03.942,12.27972,12.28152,0.00,0.00
2017.05.05 17:01:04.511,12.27971,12.28152,0.00,0.00
2017.05.05 17:01:04.847,12.27972,12.28162,0.00,0.00
2017.05.05 17:01:04.949,12.27971,12.28152,0.00,0.00
2017.05.05 17:01:05.749,12.27971,12.28171,0.00,0.00
2017.05.05 17:01:06.481,12.27972,12.28171,0.00,0.00
2017.05.05 17:01:06.851,12.27972,12.28161,0.00,0.00
2017.05.05 17:01:07.051,12.27972,12.28172,0.00,0.00
2017.05.05 17:01:07.189,12.27972,12.28151,0.00,0.00
2017.05.05 17:01:07.953,12.27972,12.28172,0.00,0.00
2017.05.05 17:01:08.053,12.27972,12.28152,0.00,0.00
2017.05.05 17:01:09.043,12.27971,12.28152,0.00,0.00
2017.05.05 17:01:09.292,12.27971,12.28172,0.00,0.00
2017.05.05 17:01:10.361,12.27972,12.28172,0.00,0.00
2017.05.05 17:01:10.490,12.27971,12.28152,0.00,0.00
2017.05.05 17:01:10.757,12.27971,12.28172,0.00,0.00
2017.05.05 17:01:10.958,12.27972,12.28162,0.00,0.00
2017.05.05 17:01:12.904,12.27971,12.28162,0.00,0.00
2017.05.05 17:01:12.959,12.27971,12.28172,0.00,0.00
2017.05.05 17:01:13.293,12.27972,12.28151,0.00,0.00
2017.05.05 17:01:13.360,12.27972,12.28161,0.00,0.00
2017.05.05 17:01:13.526,12.27972,12.28181,0.00,0.00
2017.05.05 17:01:13.761,12.27971,12.28151,0.00,0.00
2017.05.05 17:01:14.573,12.27972,12.28151,0.00,0.00
2017.05.05 17:01:14.895,12.27972,12.28182,0.00,0.00
2017.05.05 17:01:15.068,12.27971,12.28152,0.00,0.00
2017.05.05 17:01:15.169,12.27971,12.28181,0.00,0.00
2017.05.05 17:01:15.271,12.27971,12.28152,0.00,0.00
2017.05.05 17:01:15.364,12.27971,12.28162,0.00,0.00
2017.05.05 17:01:15.982,12.27971,12.28151,0.00,0.00
2017.05.05 17:01:16.084,12.27971,12.28172,0.00,0.00
2017.05.05 17:01:16.365,12.27972,12.28162,0.00,0.00
2017.05.05 17:01:16.665,12.27948,12.28152,0.00,0.00
2017.05.05 17:01:16.766,12.27948,12.28141,0.00,0.00
2017.05.05 17:01:16.867,12.27948,12.28162,0.00,0.00
2017.05.05 17:01:17.294,12.27948,12.28152,0.00,0.00
2017.05.05 17:01:17.780,12.27948,12.28141,0.00,0.00
2017.05.05 17:01:18.503,12.27948,12.28152,0.00,0.00
2017.05.05 17:01:18.604,12.27948,12.28132,0.00,0.00
2017.05.05 17:01:18.714,12.27948,12.28152,0.00,0.00
2017.05.05 17:01:22.423,12.27948,12.28161,0.00,0.00
2017.05.05 17:01:23.623,12.27948,12.28142,0.00,0.00
2017.05.05 17:01:23.677,12.27948,12.28162,0.00,0.00
2017.05.05 17:01:23.896,12.27948,12.28132,0.00,0.00
2017.05.05 17:01:24.391,12.27948,12.28152,0.00,0.00
2017.05.05 17:01:24.492,12.27948,12.28161,0.00,0.00
2017.05.05 17:01:25.579,12.27948,12.28151,0.00,0.00
2017.05.05 17:01:25.691,12.27948,12.28161,0.00,0.00
2017.05.05 17:01:25.780,12.27948,12.28152,0.00,0.00
2017.05.05 17:01:26.127,12.27948,12.28142,0.00,0.00
2017.05.05 17:01:26.681,12.27948,12.28151,0.00,0.00
2017.05.05 17:01:26.824,12.27948,12.28161,0.00,0.00
2017.05.05 17:01:28.100,12.27971,12.28161,0.00,0.00
2017.05.05 17:01:28.302,12.27971,12.28181,0.00,0.00
2017.05.05 17:01:28.352,12.28021,12.28181,0.00,0.00
2017.05.05 17:01:28.605,12.28049,12.28252,0.00,0.00
2017.05.05 17:01:29.633,12.28049,12.28231,0.00,0.00
2017.05.05 17:01:29.686,12.28049,12.28261,0.00,0.00
2017.05.05 17:01:31.625,12.28049,12.28242,0.00,0.00
2017.05.05 17:01:31.732,12.28049,12.28262,0.00,0.00
2017.05.05 17:01:31.837,12.28049,12.28241,0.00,0.00
2017.05.05 17:01:32.395,12.28049,12.28251,0.00,0.00
2017.05.05 17:01:32.536,12.28049,12.28261,0.00,0.00
2017.05.05 17:01:32.691,12.28049,12.28252,0.00,0.00
2017.05.05 17:01:32.791,12.28049,12.28261,0.00,0.00
2017.05.05 17:01:33.121,12.28049,12.28241,0.00,0.00
2017.05.05 17:01:33.273,12.27959,12.28208,0.00,0.00
2017.05.05 17:01:33.424,12.27971,12.28209,0.00,0.00
2017.05.05 17:01:33.731,12.27971,12.28181,0.00,0.00
2017.05.05 17:01:34.084,12.28048,12.28212,0.00,0.00
2017.05.05 17:01:34.134,12.28048,12.28232,0.00,0.00
2017.05.05 17:01:34.194,12.28048,12.28211,0.00,0.00
2017.05.05 17:01:34.295,12.28048,12.28231,0.00,0.00
2017.05.05 17:01:34.694,12.28048,12.28221,0.00,0.00
2017.05.05 17:01:35.402,12.28048,12.28212,0.00,0.00
2017.05.05 17:01:36.197,12.28048,12.28222,0.00,0.00
2017.05.05 17:01:36.535,12.28048,12.28241,0.00,0.00
2017.05.05 17:01:36.598,12.28048,12.28252,0.00,0.00
2017.05.05 17:01:37.599,12.28048,12.28242,0.00,0.00
2017.05.05 17:01:37.815,12.28048,12.28252,0.00,0.00
2017.05.05 17:01:40.903,12.28048,12.28242,0.00,0.00
2017.05.05 17:01:41.343,12.28048,12.28231,0.00,0.00
2017.05.05 17:01:41.444,12.28048,12.28241,0.00,0.00
2017.05.05 17:01:41.504,12.28048,12.28232,0.00,0.00
2017.05.05 17:01:43.207,12.28048,12.28242,0.00,0.00
2017.05.05 17:01:43.351,12.28048,12.28262,0.00,0.00
2017.05.05 17:01:43.907,12.28048,12.28252,0.00,0.00
2017.05.05 17:01:44.329,12.28048,12.28232,0.00,0.00
2017.05.05 17:01:44.430,12.28048,12.28251,0.00,0.00
2017.05.05 17:01:44.531,12.28048,12.28262,0.00,0.00
2017.05.05 17:01:44.609,12.28048,12.28252,0.00,0.00
2017.05.05 17:01:45.310,12.28048,12.28262,0.00,0.00
2017.05.05 17:01:45.910,12.28048,12.28252,0.00,0.00
2017.05.05 17:01:46.212,12.28048,12.28232,0.00,0.00
2017.05.05 17:01:46.729,12.28048,12.28222,0.00,0.00
2017.05.05 17:01:46.832,12.28048,12.28232,0.00,0.00
2017.05.05 17:01:46.912,12.28048,12.28252,0.00,0.00
2017.05.05 17:01:47.819,12.28048,12.28232,0.00,0.00
2017.05.05 17:01:49.315,12.28048,12.28241,0.00,0.00
2017.05.05 17:01:50.617,12.28048,12.28242,0.00,0.00
2017.05.05 17:01:50.817,12.28048,12.28251,0.00,0.00
2017.05.05 17:01:52.487,12.28048,12.28232,0.00,0.00
2017.05.05 17:01:52.823,12.28048,12.28252,0.00,0.00
2017.05.05 17:01:52.920,12.28048,12.28221,0.00,0.00
2017.05.05 17:01:53.321,12.28048,12.28232,0.00,0.00
2017.05.05 17:01:53.422,12.28048,12.28221,0.00,0.00
2017.05.05 17:01:53.702,12.27999,12.28208,0.00,0.00
2017.05.05 17:01:53.803,12.27948,12.28208,0.00,0.00
2017.05.05 17:01:53.853,12.27948,12.28152,0.00,0.00
2017.05.05 17:01:53.954,12.27948,12.28162,0.00,0.00
2017.05.05 17:01:54.122,12.27948,12.28152,0.00,0.00
2017.05.05 17:01:54.262,12.27948,12.28161,0.00,0.00
2017.05.05 17:01:54.471,12.27948,12.28171,0.00,0.00
2017.05.05 17:01:54.523,12.27948,12.28162,0.00,0.00
2017.05.05 17:01:55.646,12.27899,12.28108,0.00,0.00
2017.05.05 17:01:55.870,12.27848,12.28062,0.00,0.00
2017.05.05 17:01:56.182,12.27851,12.28062,0.00,0.00
2017.05.05 17:01:56.434,12.27948,12.28162,0.00,0.00
2017.05.05 17:01:56.626,12.27948,12.28152,0.00,0.00
2017.05.05 17:01:57.048,12.27948,12.28171,0.00,0.00
2017.05.05 17:01:57.731,12.27948,12.28151,0.00,0.00
2017.05.05 17:01:57.832,12.27948,12.28172,0.00,0.00
2017.05.05 17:01:58.529,12.27948,12.28152,0.00,0.00
2017.05.05 17:01:58.663,12.27948,12.28171,0.00,0.00
2017.05.05 17:01:58.843,12.27948,12.28141,0.00,0.00
2017.05.05 17:01:58.944,12.27948,12.28152,0.00,0.00
2017.05.05 17:01:59.078,12.27948,12.28141,0.00,0.00
2017.05.05 17:01:59.364,12.27948,12.28152,0.00,0.00
2017.05.05 17:01:59.431,12.27948,12.28171,0.00,0.00
2017.05.05 17:02:00.366,12.27941,12.28109,0.00,0.00
2017.05.05 17:02:00.417,12.27898,12.28108,0.00,0.00
2017.05.05 17:02:00.567,12.27941,12.28102,0.00,0.00
2017.05.05 17:02:00.733,12.27948,12.28122,0.00,0.00
2017.05.05 17:02:00.834,12.27948,12.28142,0.00,0.00
2017.05.05 17:02:00.936,12.27949,12.28151,0.00,0.00
2017.05.05 17:02:01.033,12.27949,12.28162,0.00,0.00
2017.05.05 17:02:01.353,12.27949,12.28152,0.00,0.00
2017.05.05 17:02:01.913,12.27949,12.28142,0.00,0.00
2017.05.05 17:02:03.136,12.27949,12.28152,0.00,0.00
2017.05.05 17:02:03.951,12.27949,12.28162,0.00,0.00
2017.05.05 17:02:04.539,12.27949,12.28141,0.00,0.00
2017.05.05 17:02:04.640,12.27949,12.28171,0.00,0.00
2017.05.05 17:02:04.850,12.27949,12.28152,0.00,0.00
2017.05.05 17:02:04.901,12.27922,12.28152,0.00,0.00
2017.05.05 17:02:04.952,12.27921,12.28172,0.00,0.00
2017.05.05 17:02:05.040,12.27921,12.28141,0.00,0.00
2017.05.05 17:02:05.729,12.27922,12.28141,0.00,0.00
2017.05.05 17:02:05.881,12.27922,12.28162,0.00,0.00
2017.05.05 17:02:05.941,12.27922,12.28141,0.00,0.00
2017.05.05 17:02:06.184,12.27921,12.28151,0.00,0.00
2017.05.05 17:02:06.262,12.27921,12.28132,0.00,0.00
2017.05.05 17:02:07.890,12.27922,12.28132,0.00,0.00
2017.05.05 17:02:07.991,12.27921,12.28151,0.00,0.00
2017.05.05 17:02:08.092,12.27921,12.28162,0.00,0.00
2017.05.05 17:02:08.359,12.27921,12.28132,0.00,0.00
2017.05.05 17:02:08.561,12.27921,12.28151,0.00,0.00
2017.05.05 17:02:08.662,12.27921,12.28131,0.00,0.00
2017.05.05 17:02:08.781,12.27922,12.28152,0.00,0.00
2017.05.05 17:02:08.846,12.27922,12.28162,0.00,0.00
2017.05.05 17:02:10.040,12.27921,12.28162,0.00,0.00
2017.05.05 17:02:10.147,12.27921,12.28152,0.00,0.00
2017.05.05 17:02:10.463,12.27921,12.28132,0.00,0.00
2017.05.05 17:02:11.609,12.27922,12.28132,0.00,0.00
2017.05.05 17:02:12.230,12.27921,12.28132,0.00,0.00
2017.05.05 17:02:12.280,12.27921,12.28152,0.00,0.00
2017.05.05 17:02:12.557,12.27921,12.28162,0.00,0.00
2017.05.05 17:02:13.995,12.27921,12.28152,0.00,0.00
2017.05.05 17:02:14.537,12.27922,12.28132,0.00,0.00
2017.05.05 17:02:14.968,12.27921,12.28151,0.00,0.00
2017.05.05 17:02:15.100,12.27922,12.28162,0.00,0.00
2017.05.05 17:02:15.309,12.28021,12.28162,0.00,0.00
2017.05.05 17:02:15.460,12.28021,12.28251,0.00,0.00
2017.05.05 17:02:15.575,12.28022,12.28241,0.00,0.00
2017.05.05 17:02:15.880,12.28022,12.28222,0.00,0.00
2017.05.05 17:02:15.981,12.28022,12.28242,0.00,0.00
2017.05.05 17:02:16.454,12.27958,12.28208,0.00,0.00
2017.05.05 17:02:16.505,12.27949,12.28209,0.00,0.00
2017.05.05 17:02:16.556,12.27948,12.28191,0.00,0.00
2017.05.05 17:02:16.894,12.28022,12.28132,0.00,0.00
2017.05.05 17:02:17.207,12.28021,12.28151,0.00,0.00
2017.05.05 17:02:17.308,12.28022,12.28182,0.00,0.00
2017.05.05 17:02:17.501,12.28022,12.28151,0.00,0.00
2017.05.05 17:02:17.760,12.28021,12.28172,0.00,0.00
2017.05.05 17:02:18.013,12.27932,12.28172,0.00,0.00
2017.05.05 17:02:18.063,12.27932,12.28152,0.00,0.00
2017.05.05 17:02:18.519,12.27972,12.28182,0.00,0.00
2017.05.05 17:02:18.834,12.27972,12.28162,0.00,0.00
2017.05.05 17:02:19.535,12.27971,12.28162,0.00,0.00
2017.05.05 17:02:19.586,12.27878,12.28108,0.00,0.00
2017.05.05 17:02:19.688,12.27848,12.28108,0.00,0.00
2017.05.05 17:02:19.739,12.27848,12.28092,0.00,0.00
2017.05.05 17:02:20.041,12.27902,12.28061,0.00,0.00
2017.05.05 17:02:20.092,12.27902,12.28141,0.00,0.00
2017.05.05 17:02:20.164,12.27902,12.28122,0.00,0.00
2017.05.05 17:02:20.315,12.27852,12.28108,0.00,0.00
2017.05.05 17:02:20.366,12.27861,12.28091,0.00,0.00
2017.05.05 17:02:20.664,12.27872,12.28122,0.00,0.00
2017.05.05 17:02:21.121,12.27921,12.28122,0.00,0.00
2017.05.05 17:02:21.273,12.27921,12.28141,0.00,0.00
2017.05.05 17:02:21.668,12.27922,12.28132,0.00,0.00
2017.05.05 17:02:21.769,12.27921,12.28151,0.00,0.00
2017.05.05 17:02:21.871,12.27921,12.28171,0.00,0.00
2017.05.05 17:02:21.984,12.27922,12.28181,0.00,0.00
2017.05.05 17:02:22.146,12.27922,12.28171,0.00,0.00
2017.05.05 17:02:22.505,12.27921,12.28142,0.00,0.00
2017.05.05 17:02:23.217,12.27921,12.28152,0.00,0.00
2017.05.05 17:02:23.419,12.27922,12.28172,0.00,0.00
2017.05.05 17:02:23.571,12.27921,12.28182,0.00,0.00
2017.05.05 17:02:24.071,12.27921,12.28172,0.00,0.00
2017.05.05 17:02:24.393,12.27921,12.28162,0.00,0.00
2017.05.05 17:02:24.817,12.27921,12.28152,0.00,0.00
2017.05.05 17:02:25.011,12.27921,12.28172,0.00,0.00
2017.05.05 17:02:25.073,12.27921,12.28152,0.00,0.00
2017.05.05 17:02:25.774,12.27921,12.28172,0.00,0.00
2017.05.05 17:02:26.075,12.27921,12.28181,0.00,0.00
2017.05.05 17:02:26.646,12.27921,12.28171,0.00,0.00
2017.05.05 17:02:26.697,12.27922,12.28182,0.00,0.00
2017.05.05 17:02:27.950,12.27921,12.28182,0.00,0.00
2017.05.05 17:02:28.001,12.27921,12.28171,0.00,0.00
2017.05.05 17:02:28.343,12.27921,12.28141,0.00,0.00
2017.05.05 17:02:28.778,12.27921,12.28171,0.00,0.00
2017.05.05 17:02:29.021,12.27921,12.28142,0.00,0.00
2017.05.05 17:02:29.329,12.27921,12.28172,0.00,0.00
2017.05.05 17:02:29.379,12.27941,12.28182,0.00,0.00
2017.05.05 17:02:29.711,12.28022,12.28241,0.00,0.00
2017.05.05 17:02:30.262,12.28021,12.28241,0.00,0.00
2017.05.05 17:02:30.696,12.27949,12.28208,0.00,0.00
2017.05.05 17:02:30.798,12.27922,12.28142,0.00,0.00
2017.05.05 17:02:31.198,12.27971,12.28152,0.00,0.00
2017.05.05 17:02:31.249,12.27921,12.28152,0.00,0.00
2017.05.05 17:02:31.300,12.27921,12.28142,0.00,0.00
2017.05.05 17:02:31.401,12.27922,12.28151,0.00,0.00
2017.05.05 17:02:31.623,12.27921,12.28142,0.00,0.00
2017.05.05 17:02:31.912,12.27921,12.28161,0.00,0.00
2017.05.05 17:02:32.507,12.27921,12.28141,0.00,0.00
2017.05.05 17:02:32.984,12.27921,12.28152,0.00,0.00
2017.05.05 17:02:33.919,12.27922,12.28152,0.00,0.00
2017.05.05 17:02:33.985,12.27922,12.28141,0.00,0.00
2017.05.05 17:02:34.403,12.27921,12.28132,0.00,0.00
2017.05.05 17:02:34.686,12.27921,12.28142,0.00,0.00
2017.05.05 17:02:34.787,12.27921,12.28152,0.00,0.00
2017.05.05 17:02:34.888,12.27921,12.28132,0.00,0.00
2017.05.05 17:02:35.493,12.27922,12.28132,0.00,0.00
2017.05.05 17:02:37.040,12.27921,12.28132,0.00,0.00
2017.05.05 17:02:37.090,12.27922,12.28152,0.00,0.00
2017.05.05 17:02:38.031,12.27921,12.28152,0.00,0.00
2017.05.05 17:02:38.090,12.27921,12.28132,0.00,0.00
2017.05.05 17:02:38.191,12.27921,12.28142,0.00,0.00
2017.05.05 17:02:38.965,12.27922,12.28142,0.00,0.00
2017.05.05 17:02:39.015,12.27921,12.28132,0.00,0.00
2017.05.05 17:02:39.407,12.27922,12.28161,0.00,0.00
2017.05.05 17:02:40.115,12.27921,12.28161,0.00,0.00
2017.05.05 17:02:40.433,12.27921,12.28151,0.00,0.00
2017.05.05 17:02:40.736,12.28021,12.28252,0.00,0.00
2017.05.05 17:02:41.141,12.28021,12.28232,0.00,0.00
2017.05.05 17:02:41.295,12.27951,12.28202,0.00,0.00
2017.05.05 17:02:41.346,12.28022,12.28202,0.00,0.00
2017.05.05 17:02:41.397,12.27942,12.28171,0.00,0.00
2017.05.05 17:02:41.498,12.27971,12.28162,0.00,0.00
2017.05.05 17:02:42.071,12.28021,12.28191,0.00,0.00
2017.05.05 17:02:42.172,12.27921,12.28181,0.00,0.00
2017.05.05 17:02:42.223,12.27921,12.28142,0.00,0.00
2017.05.05 17:02:42.754,12.27972,12.28182,0.00,0.00
2017.05.05 17:02:42.878,12.27921,12.28182,0.00,0.00
2017.05.05 17:02:42.928,12.27921,12.28151,0.00,0.00
2017.05.05 17:02:43.411,12.27921,12.28112,0.00,0.00
2017.05.05 17:02:43.512,12.27921,12.28122,0.00,0.00
2017.05.05 17:02:43.598,12.27921,12.28112,0.00,0.00
2017.05.05 17:02:44.351,12.27922,12.28112,0.00,0.00
2017.05.05 17:02:44.402,12.27922,12.28121,0.00,0.00
2017.05.05 17:02:44.503,12.27921,12.28142,0.00,0.00
2017.05.05 17:02:44.813,12.27922,12.28132,0.00,0.00
2017.05.05 17:02:45.396,12.27922,12.28121,0.00,0.00
2017.05.05 17:02:45.901,12.27921,12.28142,0.00,0.00
2017.05.05 17:02:46.002,12.27921,12.28122,0.00,0.00
2017.05.05 17:02:46.302,12.27921,12.28131,0.00,0.00
2017.05.05 17:02:46.712,12.27921,12.28141,0.00,0.00
2017.05.05 17:02:46.813,12.27921,12.28161,0.00,0.00
2017.05.05 17:02:46.902,12.27921,12.28171,0.00,0.00
2017.05.05 17:02:47.148,12.27901,12.28109,0.00,0.00
2017.05.05 17:02:47.198,12.27901,12.28118,0.00,0.00
2017.05.05 17:02:47.350,12.27901,12.28102,0.00,0.00
2017.05.05 17:02:47.512,12.27861,12.28092,0.00,0.00
2017.05.05 17:02:47.563,12.27922,12.28092,0.00,0.00
2017.05.05 17:02:47.613,12.27861,12.28081,0.00,0.00
2017.05.05 17:02:47.664,12.27871,12.28081,0.00,0.00
2017.05.05 17:02:47.715,12.27871,12.28092,0.00,0.00
2017.05.05 17:02:48.324,12.27871,12.28102,0.00,0.00
2017.05.05 17:02:48.425,12.27871,12.28109,0.00,0.00
2017.05.05 17:02:48.769,12.27871,12.28119,0.00,0.00
2017.05.05 17:02:49.210,12.27872,12.28112,0.00,0.00
2017.05.05 17:02:49.780,12.27871,12.28111,0.00,0.00
2017.05.05 17:02:51.990,12.27871,12.28109,0.00,0.00
2017.05.05 17:02:52.092,12.27851,12.28092,0.00,0.00
2017.05.05 17:02:52.142,12.27922,12.28092,0.00,0.00
2017.05.05 17:02:52.344,12.27921,12.28132,0.00,0.00
2017.05.05 17:02:52.411,12.27921,12.28162,0.00,0.00
2017.05.05 17:02:52.611,12.27921,12.28151,0.00,0.00
2017.05.05 17:02:53.123,12.27922,12.28151,0.00,0.00
2017.05.05 17:02:53.312,12.27921,12.28162,0.00,0.00
2017.05.05 17:02:53.413,12.27922,12.28152,0.00,0.00
2017.05.05 17:02:53.914,12.27869,12.28108,0.00,0.00
2017.05.05 17:02:54.015,12.27859,12.28108,0.00,0.00
2017.05.05 17:02:54.066,12.27872,12.28091,0.00,0.00
2017.05.05 17:02:54.643,12.27872,12.28072,0.00,0.00
2017.05.05 17:02:54.861,12.27822,12.28091,0.00,0.00
2017.05.05 17:02:54.953,12.27822,12.28082,0.00,0.00
2017.05.05 17:02:55.302,12.27822,12.28051,0.00,0.00
2017.05.05 17:02:55.416,12.27822,12.28062,0.00,0.00
2017.05.05 17:02:56.021,12.27822,12.28091,0.00,0.00
2017.05.05 17:02:56.298,12.27822,12.28062,0.00,0.00
2017.05.05 17:02:56.521,12.27822,12.28072,0.00,0.00
2017.05.05 17:02:56.622,12.27822,12.28051,0.00,0.00
2017.05.05 17:02:57.219,12.27822,12.28072,0.00,0.00
2017.05.05 17:02:58.221,12.27822,12.28052,0.00,0.00
2017.05.05 17:02:59.122,12.27822,12.28062,0.00,0.00
2017.05.05 17:02:59.772,12.27822,12.28072,0.00,0.00
2017.05.05 17:03:00.324,12.27822,12.28062,0.00,0.00
2017.05.05 17:03:00.753,12.27822,12.28051,0.00,0.00
2017.05.05 17:03:01.126,12.27822,12.28041,0.00,0.00
2017.05.05 17:03:01.429,12.27821,12.28022,0.00,0.00
2017.05.05 17:03:01.631,12.27821,12.28072,0.00,0.00
2017.05.05 17:03:02.032,12.27822,12.28052,0.00,0.00
2017.05.05 17:03:02.429,12.27821,12.28042,0.00,0.00
2017.05.05 17:03:02.530,12.27821,12.28061,0.00,0.00
2017.05.05 17:03:03.611,12.27822,12.28061,0.00,0.00
2017.05.05 17:03:03.731,12.27822,12.28052,0.00,0.00
2017.05.05 17:03:03.831,12.27822,12.28061,0.00,0.00
2017.05.05 17:03:04.241,12.27821,12.28072,0.00,0.00
2017.05.05 17:03:04.342,12.27821,12.28082,0.00,0.00
2017.05.05 17:03:04.959,12.27821,12.28051,0.00,0.00
2017.05.05 17:03:06.122,12.27822,12.28051,0.00,0.00
2017.05.05 17:03:06.664,12.27821,12.28051,0.00,0.00
2017.05.05 17:03:06.980,12.27822,12.28042,0.00,0.00
2017.05.05 17:03:07.337,12.27821,12.28061,0.00,0.00
2017.05.05 17:03:07.751,12.27821,12.28052,0.00,0.00
2017.05.05 17:03:08.261,12.27821,12.28042,0.00,0.00
2017.05.05 17:03:09.002,12.27822,12.28042,0.00,0.00
2017.05.05 17:03:09.052,12.27822,12.28062,0.00,0.00
2017.05.05 17:03:09.241,12.27821,12.28051,0.00,0.00
2017.05.05 17:03:09.643,12.27821,12.28061,0.00,0.00
2017.05.05 17:03:09.744,12.27821,12.28071,0.00,0.00
2017.05.05 17:03:10.043,12.27821,12.28051,0.00,0.00
2017.05.05 17:03:10.145,12.27821,12.28061,0.00,0.00
2017.05.05 17:03:10.291,12.27821,12.28042,0.00,0.00
2017.05.05 17:03:10.847,12.27821,12.28051,0.00,0.00
2017.05.05 17:03:11.548,12.27821,12.28041,0.00,0.00
2017.05.05 17:03:11.748,12.27821,12.28072,0.00,0.00
2017.05.05 17:03:11.849,12.27821,12.28041,0.00,0.00
2017.05.05 17:03:12.170,12.27821,12.28051,0.00,0.00
2017.05.05 17:03:12.271,12.27821,12.28062,0.00,0.00
2017.05.05 17:03:13.151,12.27821,12.28051,0.00,0.00
2017.05.05 17:03:13.872,12.27822,12.28051,0.00,0.00
2017.05.05 17:03:15.572,12.27822,12.28042,0.00,0.00
2017.05.05 17:03:15.757,12.27822,12.28051,0.00,0.00
2017.05.05 17:03:16.562,12.27821,12.28051,0.00,0.00
2017.05.05 17:03:17.184,12.27822,12.28062,0.00,0.00
2017.05.05 17:03:17.286,12.27822,12.28042,0.00,0.00
2017.05.05 17:03:17.361,12.27822,12.28071,0.00,0.00
2017.05.05 17:03:17.566,12.27821,12.28082,0.00,0.00
2017.05.05 17:03:18.072,12.27822,12.28082,0.00,0.00
2017.05.05 17:03:18.173,12.27821,12.28072,0.00,0.00
2017.05.05 17:03:18.506,12.27822,12.28041,0.00,0.00
2017.05.05 17:03:18.664,12.27822,12.28061,0.00,0.00
2017.05.05 17:03:18.764,12.27822,12.28052,0.00,0.00
2017.05.05 17:03:19.165,12.27821,12.28042,0.00,0.00
2017.05.05 17:03:21.200,12.27821,12.28052,0.00,0.00
2017.05.05 17:03:21.571,12.27822,12.28061,0.00,0.00
2017.05.05 17:03:22.168,12.27821,12.28061,0.00,0.00
2017.05.05 17:03:22.520,12.27821,12.28041,0.00,0.00
2017.05.05 17:03:22.571,12.27821,12.28051,0.00,0.00
2017.05.05 17:03:22.670,12.27821,12.28042,0.00,0.00
2017.05.05 17:03:23.401,12.27822,12.28042,0.00,0.00
2017.05.05 17:03:24.277,12.27821,12.28042,0.00,0.00
2017.05.05 17:03:24.378,12.27821,12.28072,0.00,0.00
2017.05.05 17:03:24.917,12.27822,12.28072,0.00,0.00
2017.05.05 17:03:25.311,12.27821,12.28042,0.00,0.00
2017.05.05 17:03:25.375,12.27821,12.28062,0.00,0.00
2017.05.05 17:03:25.781,12.27821,12.28071,0.00,0.00
2017.05.05 17:03:26.322,12.27821,12.28042,0.00,0.00
2017.05.05 17:03:26.690,12.27821,12.28072,0.00,0.00
2017.05.05 17:03:26.778,12.27821,12.28062,0.00,0.00
2017.05.05 17:03:27.371,12.27822,12.28062,0.00,0.00
2017.05.05 17:03:27.790,12.27822,12.28042,0.00,0.00
2017.05.05 17:03:28.192,12.27821,12.28062,0.00,0.00
2017.05.05 17:03:28.243,12.27778,12.28008,0.00,0.00
2017.05.05 17:03:28.293,12.27758,12.28009,0.00,0.00
2017.05.05 17:03:28.394,12.27771,12.27972,0.00,0.00
2017.05.05 17:03:28.685,12.27771,12.27982,0.00,0.00
2017.05.05 17:03:28.787,12.27722,12.27971,0.00,0.00
2017.05.05 17:03:28.888,12.27722,12.27962,0.00,0.00
2017.05.05 17:03:28.989,12.27722,12.27972,0.00,0.00
2017.05.05 17:03:29.090,12.27722,12.27952,0.00,0.00
2017.05.05 17:03:29.192,12.27722,12.27981,0.00,0.00
2017.05.05 17:03:29.293,12.27722,12.27991,0.00,0.00
2017.05.05 17:03:30.015,12.27821,12.27992,0.00,0.00
2017.05.05 17:03:30.116,12.27821,12.28062,0.00,0.00
2017.05.05 17:03:30.485,12.27822,12.28032,0.00,0.00
2017.05.05 17:03:31.491,12.27822,12.28051,0.00,0.00
2017.05.05 17:03:32.131,12.27822,12.28021,0.00,0.00
2017.05.05 17:03:32.305,12.27822,12.28031,0.00,0.00
2017.05.05 17:03:32.406,12.27822,12.28061,0.00,0.00
2017.05.05 17:03:32.915,12.27822,12.28051,0.00,0.00
2017.05.05 17:03:33.125,12.27821,12.28071,0.00,0.00
2017.05.05 17:03:33.189,12.27821,12.28041,0.00,0.00
2017.05.05 17:03:33.341,12.27822,12.28052,0.00,0.00
2017.05.05 17:03:33.391,12.27821,12.28032,0.00,0.00
2017.05.05 17:03:33.690,12.27822,12.28051,0.00,0.00
2017.05.05 17:03:34.234,12.27822,12.28062,0.00,0.00
2017.05.05 17:03:35.093,12.27822,12.28041,0.00,0.00
2017.05.05 17:03:35.609,12.27822,12.28062,0.00,0.00
2017.05.05 17:03:36.169,12.27821,12.28062,0.00,0.00
2017.05.05 17:03:36.450,12.27851,12.28062,0.00,0.00
2017.05.05 17:03:36.702,12.27922,12.28162,0.00,0.00
2017.05.05 17:03:36.996,12.27922,12.28142,0.00,0.00
2017.05.05 17:03:38.250,12.27921,12.28142,0.00,0.00
2017.05.05 17:03:38.810,12.27922,12.28142,0.00,0.00
2017.05.05 17:03:39.400,12.27921,12.28151,0.00,0.00
2017.05.05 17:03:39.521,12.27921,12.28162,0.00,0.00
2017.05.05 17:03:40.020,12.27922,12.28152,0.00,0.00
2017.05.05 17:03:40.767,12.27921,12.28152,0.00,0.00
2017.05.05 17:03:41.202,12.27921,12.28162,0.00,0.00
2017.05.05 17:03:41.253,12.28021,12.28162,0.00,0.00
2017.05.05 17:03:41.304,12.27952,12.28208,0.00,0.00
2017.05.05 17:03:41.405,12.27971,12.28182,0.00,0.00
2017.05.05 17:03:41.781,12.27971,12.28172,0.00,0.00
2017.05.05 17:03:42.101,12.27922,12.28172,0.00,0.00
2017.05.05 17:03:42.202,12.27922,12.28182,0.00,0.00
2017.05.05 17:03:42.252,12.27922,12.28151,0.00,0.00
2017.05.05 17:03:42.716,12.27921,12.28172,0.00,0.00
2017.05.05 17:03:44.239,12.27922,12.28172,0.00,0.00
2017.05.05 17:03:44.307,12.27922,12.28152,0.00,0.00
2017.05.05 17:03:44.736,12.27922,12.28141,0.00,0.00
2017.05.05 17:03:44.845,12.27922,12.28151,0.00,0.00
2017.05.05 17:03:44.909,12.27922,12.28172,0.00,0.00
2017.05.05 17:03:45.131,12.27922,12.28151,0.00,0.00
2017.05.05 17:03:45.431,12.27921,12.28171,0.00,0.00
2017.05.05 17:03:46.140,12.27922,12.28171,0.00,0.00
2017.05.05 17:03:46.242,12.27921,12.28162,0.00,0.00
2017.05.05 17:03:46.545,12.27922,12.28132,0.00,0.00
2017.05.05 17:03:47.592,12.27922,12.28131,0.00,0.00
2017.05.05 17:03:47.643,12.27839,12.28109,0.00,0.00
2017.05.05 17:03:47.744,12.27821,12.28051,0.00,0.00
2017.05.05 17:03:48.728,12.27822,12.28051,0.00,0.00
2017.05.05 17:03:48.858,12.27821,12.28072,0.00,0.00
2017.05.05 17:03:48.959,12.27822,12.28082,0.00,0.00
2017.05.05 17:03:49.111,12.27872,12.28082,0.00,0.00
2017.05.05 17:03:49.633,12.27871,12.28082,0.00,0.00
2017.05.05 17:03:50.000,12.27872,12.28071,0.00,0.00
2017.05.05 17:03:50.106,12.27811,12.28071,0.00,0.00
2017.05.05 17:03:50.256,12.27821,12.28082,0.00,0.00
2017.05.05 17:03:50.357,12.27821,12.28051,0.00,0.00
2017.05.05 17:03:50.907,12.27821,12.28052,0.00,0.00
2017.05.05 17:03:52.074,12.27822,12.28052,0.00,0.00
2017.05.05 17:03:52.343,12.27821,12.28081,0.00,0.00
2017.05.05 17:03:52.630,12.27821,12.28052,0.00,0.00
2017.05.05 17:03:52.730,12.27821,12.28082,0.00,0.00
2017.05.05 17:03:52.897,12.27821,12.28071,0.00,0.00
2017.05.05 17:03:53.050,12.27822,12.28082,0.00,0.00
2017.05.05 17:03:53.152,12.27822,12.28062,0.00,0.00
2017.05.05 17:03:53.332,12.27821,12.28082,0.00,0.00
2017.05.05 17:03:53.656,12.27821,12.28071,0.00,0.00
2017.05.05 17:03:54.173,12.27872,12.28082,0.00,0.00
2017.05.05 17:03:54.926,12.27871,12.28082,0.00,0.00
2017.05.05 17:03:55.473,12.27872,12.28081,0.00,0.00
2017.05.05 17:03:55.859,12.27872,12.28071,0.00,0.00
2017.05.05 17:03:57.400,12.27871,12.28071,0.00,0.00
2017.05.05 17:03:57.840,12.27872,12.28082,0.00,0.00
2017.05.05 17:03:58.041,12.27872,12.28071,0.00,0.00
2017.05.05 17:03:58.282,12.27872,12.28082,0.00,0.00
2017.05.05 17:03:58.783,12.27871,12.28082,0.00,0.00
2017.05.05 17:03:58.887,12.27871,12.28071,0.00,0.00
2017.05.05 17:03:59.302,12.27811,12.28071,0.00,0.00
2017.05.05 17:03:59.353,12.27818,12.28082,0.00,0.00
2017.05.05 17:03:59.404,12.27821,12.28082,0.00,0.00
2017.05.05 17:03:59.827,12.27822,12.28072,0.00,0.00
2017.05.05 17:04:01.196,12.27821,12.28072,0.00,0.00
2017.05.05 17:04:01.858,12.27822,12.28072,0.00,0.00
2017.05.05 17:04:01.959,12.27821,12.28082,0.00,0.00
2017.05.05 17:04:02.448,12.27822,12.28071,0.00,0.00
2017.05.05 17:04:02.549,12.27821,12.28082,0.00,0.00
2017.05.05 17:04:02.748,12.27821,12.28071,0.00,0.00
2017.05.05 17:04:02.849,12.27821,12.28082,0.00,0.00
2017.05.05 17:04:03.151,12.27872,12.28082,0.00,0.00
2017.05.05 17:04:04.050,12.27871,12.28082,0.00,0.00
2017.05.05 17:04:04.449,12.27871,12.28072,0.00,0.00
2017.05.05 17:04:05.501,12.27811,12.28072,0.00,0.00
2017.05.05 17:04:05.552,12.27821,12.28072,0.00,0.00
2017.05.05 17:04:05.602,12.27821,12.28082,0.00,0.00
2017.05.05 17:04:05.653,12.27822,12.28072,0.00,0.00
2017.05.05 17:04:06.179,12.27821,12.28052,0.00,0.00
2017.05.05 17:04:06.563,12.27822,12.28081,0.00,0.00
2017.05.05 17:04:06.664,12.27821,12.28042,0.00,0.00
2017.05.05 17:04:07.055,12.27821,12.28062,0.00,0.00
2017.05.05 17:04:07.621,12.27822,12.28042,0.00,0.00
2017.05.05 17:04:07.977,12.27822,12.28062,0.00,0.00
2017.05.05 17:04:08.028,12.27811,12.28032,0.00,0.00
2017.05.05 17:04:08.079,12.27778,12.28009,0.00,0.00
2017.05.05 17:04:08.180,12.27768,12.27981,0.00,0.00
2017.05.05 17:04:08.487,12.27772,12.27981,0.00,0.00
2017.05.05 17:04:09.160,12.27771,12.27981,0.00,0.00
2017.05.05 17:04:09.684,12.27772,12.27981,0.00,0.00
2017.05.05 17:04:10.431,12.27722,12.27981,0.00,0.00
2017.05.05 17:04:10.662,12.27722,12.27972,0.00,0.00
2017.05.05 17:04:10.862,12.27722,12.27981,0.00,0.00
2017.05.05 17:04:11.140,12.27772,12.27981,0.00,0.00
2017.05.05 17:04:11.267,12.27728,12.27981,0.00,0.00
2017.05.05 17:04:11.368,12.27722,12.27981,0.00,0.00
2017.05.05 17:04:11.419,12.27771,12.27981,0.00,0.00
2017.05.05 17:04:12.707,12.27772,12.27981,0.00,0.00
2017.05.05 17:04:13.491,12.27771,12.27981,0.00,0.00
2017.05.05 17:04:14.067,12.27772,12.27981,0.00,0.00
2017.05.05 17:04:14.761,12.27771,12.27981,0.00,0.00
2017.05.05 17:04:15.544,12.27772,12.27981,0.00,0.00
2017.05.05 17:04:16.234,12.27771,12.27981,0.00,0.00
2017.05.05 17:04:17.701,12.27772,12.27981,0.00,0.00
2017.05.05 17:04:18.254,12.27771,12.27981,0.00,0.00
2017.05.05 17:04:18.850,12.27772,12.27981,0.00,0.00
2017.05.05 17:04:19.461,12.27771,12.27981,0.00,0.00
2017.05.05 17:04:20.136,12.27772,12.27981,0.00,0.00
2017.05.05 17:04:20.731,12.27771,12.27981,0.00,0.00
2017.05.05 17:04:21.640,12.27772,12.27981,0.00,0.00
2017.05.05 17:04:22.171,12.27771,12.27981,0.00,0.00
2017.05.05 17:04:22.726,12.27772,12.27981,0.00,0.00
2017.05.05 17:04:23.039,12.27871,12.28012,0.00,0.00
2017.05.05 17:04:23.090,12.27871,12.28062,0.00,0.00
2017.05.05 17:04:23.203,12.27871,12.28082,0.00,0.00
2017.05.05 17:04:23.310,12.27871,12.28071,0.00,0.00
2017.05.05 17:04:23.482,12.27872,12.28082,0.00,0.00
2017.05.05 17:04:24.048,12.27871,12.28082,0.00,0.00
2017.05.05 17:04:24.583,12.27871,12.28072,0.00,0.00
2017.05.05 17:04:24.684,12.27871,12.28082,0.00,0.00
2017.05.05 17:04:25.302,12.27872,12.28082,0.00,0.00
2017.05.05 17:04:25.847,12.27871,12.28082,0.00,0.00
2017.05.05 17:04:26.621,12.27872,12.28082,0.00,0.00
2017.05.05 17:04:27.333,12.27871,12.28082,0.00,0.00
2017.05.05 17:04:28.200,12.27851,12.28082,0.00,0.00
2017.05.05 17:04:28.251,12.27852,12.28092,0.00,0.00
2017.05.05 17:04:28.301,12.27851,12.28081,0.00,0.00
2017.05.05 17:04:28.352,12.27821,12.28081,0.00,0.00
2017.05.05 17:04:28.403,12.27871,12.28082,0.00,0.00
2017.05.05 17:04:28.751,12.27871,12.28072,0.00,0.00
2017.05.05 17:04:29.292,12.27871,12.28082,0.00,0.00
2017.05.05 17:04:30.029,12.27872,12.28082,0.00,0.00
2017.05.05 17:04:30.701,12.27871,12.28082,0.00,0.00
2017.05.05 17:04:31.462,12.27872,12.28082,0.00,0.00
2017.05.05 17:04:31.881,12.27798,12.27982,0.00,0.00
2017.05.05 17:04:32.032,12.27739,12.27981,0.00,0.00
2017.05.05 17:04:32.133,12.27721,12.27971,0.00,0.00
2017.05.05 17:04:32.704,12.27722,12.27971,0.00,0.00
2017.05.05 17:04:32.798,12.27722,12.27981,0.00,0.00
2017.05.05 17:04:33.426,12.27722,12.27971,0.00,0.00
2017.05.05 17:04:34.002,12.27721,12.27971,0.00,0.00
2017.05.05 17:04:35.042,12.27722,12.27971,0.00,0.00
2017.05.05 17:04:35.449,12.27722,12.27981,0.00,0.00
2017.05.05 17:04:35.551,12.27721,12.27972,0.00,0.00
2017.05.05 17:04:35.603,12.27721,12.27981,0.00,0.00
2017.05.05 17:04:35.705,12.27721,12.27971,0.00,0.00
2017.05.05 17:04:36.033,12.27721,12.27981,0.00,0.00
2017.05.05 17:04:36.740,12.27721,12.27972,0.00,0.00
2017.05.05 17:04:37.089,12.27721,12.27962,0.00,0.00
2017.05.05 17:04:38.101,12.27722,12.27962,0.00,0.00
2017.05.05 17:04:38.700,12.27721,12.27962,0.00,0.00
2017.05.05 17:04:39.210,12.27722,12.27962,0.00,0.00
2017.05.05 17:04:39.311,12.27721,12.27971,0.00,0.00
2017.05.05 17:04:39.362,12.27771,12.27971,0.00,0.00
2017.05.05 17:04:39.412,12.27722,12.27962,0.00,0.00
2017.05.05 17:04:39.463,12.27772,12.27962,0.00,0.00
2017.05.05 17:04:39.514,12.27772,12.27972,0.00,0.00
2017.05.05 17:04:39.615,12.27772,12.27981,0.00,0.00
2017.05.05 17:04:40.252,12.27771,12.27981,0.00,0.00
2017.05.05 17:04:41.313,12.27772,12.27981,0.00,0.00
2017.05.05 17:04:42.722,12.27771,12.27981,0.00,0.00
2017.05.05 17:04:45.830,12.27772,12.27981,0.00,0.00
2017.05.05 17:04:46.597,12.27771,12.27981,0.00,0.00
2017.05.05 17:04:48.299,12.27721,12.27909,0.00,0.00
2017.05.05 17:04:48.350,12.27722,12.27932,0.00,0.00
2017.05.05 17:04:48.401,12.27699,12.27909,0.00,0.00
2017.05.05 17:04:48.666,12.27671,12.27871,0.00,0.00
2017.05.05 17:04:48.868,12.27692,12.27918,0.00,0.00
2017.05.05 17:04:48.980,12.27691,12.27909,0.00,0.00
2017.05.05 17:04:49.031,12.27639,12.27882,0.00,0.00
2017.05.05 17:04:49.140,12.27621,12.27862,0.00,0.00
2017.05.05 17:04:49.443,12.27672,12.27881,0.00,0.00
2017.05.05 17:04:49.820,12.27622,12.27881,0.00,0.00
2017.05.05 17:04:50.510,12.27621,12.27882,0.00,0.00
2017.05.05 17:04:50.930,12.27672,12.27882,0.00,0.00
2017.05.05 17:04:51.031,12.27671,12.27919,0.00,0.00
2017.05.05 17:04:51.549,12.27681,12.27919,0.00,0.00
2017.05.05 17:04:51.880,12.27748,12.27982,0.00,0.00
2017.05.05 17:04:52.732,12.27748,12.27962,0.00,0.00
2017.05.05 17:04:52.872,12.27748,12.27981,0.00,0.00
2017.05.05 17:04:53.019,12.27748,12.27939,0.00,0.00
2017.05.05 17:04:53.070,12.27699,12.27908,0.00,0.00
2017.05.05 17:04:53.171,12.27649,12.27908,0.00,0.00
2017.05.05 17:04:53.232,12.27648,12.27871,0.00,0.00
2017.05.05 17:04:53.433,12.27648,12.27891,0.00,0.00
2017.05.05 17:04:53.534,12.27648,12.27871,0.00,0.00
2017.05.05 17:04:53.635,12.27648,12.27891,0.00,0.00
2017.05.05 17:04:53.860,12.27648,12.27871,0.00,0.00
2017.05.05 17:04:54.062,12.27648,12.27902,0.00,0.00
2017.05.05 17:04:54.113,12.27618,12.27808,0.00,0.00
2017.05.05 17:04:54.265,12.27648,12.27842,0.00,0.00
2017.05.05 17:04:54.366,12.27571,12.27809,0.00,0.00
2017.05.05 17:04:54.417,12.27572,12.27818,0.00,0.00
2017.05.05 17:04:54.499,12.27649,12.27818,0.00,0.00
2017.05.05 17:04:54.651,12.27649,12.27841,0.00,0.00
2017.05.05 17:04:54.752,12.27649,12.27872,0.00,0.00
2017.05.05 17:04:55.338,12.27649,12.27862,0.00,0.00
2017.05.05 17:04:55.542,12.27649,12.27882,0.00,0.00
2017.05.05 17:04:56.139,12.27649,12.27851,0.00,0.00
2017.05.05 17:04:56.583,12.27649,12.27871,0.00,0.00
2017.05.05 17:04:56.731,12.27649,12.27852,0.00,0.00
2017.05.05 17:04:56.782,12.27649,12.27881,0.00,0.00
2017.05.05 17:04:57.048,12.27649,12.27872,0.00,0.00
2017.05.05 17:04:57.443,12.27649,12.27852,0.00,0.00
2017.05.05 17:04:57.870,12.27649,12.27881,0.00,0.00
2017.05.05 17:04:57.971,12.27649,12.27892,0.00,0.00
2017.05.05 17:04:58.072,12.27649,12.27872,0.00,0.00
2017.05.05 17:04:58.646,12.27649,12.27882,0.00,0.00
2017.05.05 17:04:58.959,12.27671,12.27892,0.00,0.00
2017.05.05 17:04:59.047,12.27671,12.27899,0.00,0.00
2017.05.05 17:04:59.672,12.27671,12.27892,0.00,0.00
2017.05.05 17:04:59.823,12.27649,12.27872,0.00,0.00
2017.05.05 17:04:59.975,12.27649,12.27891,0.00,0.00
2017.05.05 17:05:00.349,12.27649,12.27899,0.00,0.00
2017.05.05 17:05:00.750,12.27649,12.27891,0.00,0.00
2017.05.05 17:05:01.255,12.27648,12.27871,0.00,0.00
2017.05.05 17:05:01.359,12.27648,12.27881,0.00,0.00
2017.05.05 17:05:02.054,12.27648,12.27881,0.00,0.00
2017.05.05 17:05:02.156,12.27648,12.27862,0.00,0.00
2017.05.05 17:05:03.508,12.27648,12.27882,0.00,0.00
2017.05.05 17:05:03.677,12.27648,12.27842,0.00,0.00
2017.05.05 17:05:03.866,12.27648,12.27862,0.00,0.00
2017.05.05 17:05:03.957,12.27648,12.27872,0.00,0.00
2017.05.05 17:05:04.057,12.27648,12.27881,0.00,0.00
2017.05.05 17:05:04.485,12.27599,12.27809,0.00,0.00
2017.05.05 17:05:04.800,12.27648,12.27882,0.00,0.00
2017.05.05 17:05:05.267,12.27648,12.27871,0.00,0.00
2017.05.05 17:05:05.368,12.27648,12.27881,0.00,0.00
2017.05.05 17:05:05.564,12.27648,12.27871,0.00,0.00
2017.05.05 17:05:05.765,12.27549,12.27802,0.00,0.00
2017.05.05 17:05:05.816,12.27571,12.27802,0.00,0.00
2017.05.05 17:05:06.123,12.27571,12.27792,0.00,0.00
2017.05.05 17:05:06.255,12.27549,12.27802,0.00,0.00
2017.05.05 17:05:06.306,12.27549,12.27772,0.00,0.00
2017.05.05 17:05:06.672,12.27549,12.27762,0.00,0.00
2017.05.05 17:05:06.975,12.27549,12.27782,0.00,0.00
2017.05.05 17:05:07.265,12.27549,12.27761,0.00,0.00
2017.05.05 17:05:07.366,12.27549,12.27772,0.00,0.00
2017.05.05 17:05:07.965,12.27549,12.27761,0.00,0.00
2017.05.05 17:05:08.067,12.27549,12.27782,0.00,0.00
2017.05.05 17:05:08.472,12.27549,12.27761,0.00,0.00
2017.05.05 17:05:09.167,12.27549,12.27782,0.00,0.00
2017.05.05 17:05:09.577,12.27549,12.27792,0.00,0.00
2017.05.05 17:05:09.669,12.27549,12.27762,0.00,0.00
2017.05.05 17:05:09.873,12.27549,12.27782,0.00,0.00
2017.05.05 17:05:09.974,12.27549,12.27761,0.00,0.00
2017.05.05 17:05:10.871,12.27549,12.27781,0.00,0.00
2017.05.05 17:05:10.971,12.27549,12.27792,0.00,0.00
2017.05.05 17:05:11.472,12.27549,12.27782,0.00,0.00
2017.05.05 17:05:11.573,12.27549,12.27792,0.00,0.00
2017.05.05 17:05:11.674,12.27549,12.27772,0.00,0.00
2017.05.05 17:05:11.872,12.27549,12.27782,0.00,0.00
2017.05.05 17:05:12.174,12.27549,12.27792,0.00,0.00
2017.05.05 17:05:13.111,12.27549,12.27771,0.00,0.00
2017.05.05 17:05:13.675,12.27549,12.27782,0.00,0.00
2017.05.05 17:05:14.118,12.27549,12.27771,0.00,0.00
2017.05.05 17:05:15.278,12.27549,12.27782,0.00,0.00
2017.05.05 17:05:15.479,12.27549,12.27792,0.00,0.00
2017.05.05 17:05:17.722,12.27549,12.27782,0.00,0.00
2017.05.05 17:05:18.022,12.27549,12.27792,0.00,0.00
2017.05.05 17:05:18.083,12.27549,12.27781,0.00,0.00
2017.05.05 17:05:18.581,12.27549,12.27772,0.00,0.00
2017.05.05 17:05:18.732,12.27549,12.27792,0.00,0.00
2017.05.05 17:05:19.713,12.27549,12.27781,0.00,0.00
2017.05.05 17:05:20.111,12.27549,12.27772,0.00,0.00
2017.05.05 17:05:20.186,12.27549,12.27792,0.00,0.00
2017.05.05 17:05:20.286,12.27549,12.27771,0.00,0.00
2017.05.05 17:05:21.093,12.27549,12.27792,0.00,0.00
2017.05.05 17:05:21.393,12.27549,12.27782,0.00,0.00
2017.05.05 17:05:22.839,12.27549,12.27762,0.00,0.00
2017.05.05 17:05:24.515,12.27539,12.27762,0.00,0.00
2017.05.05 17:05:24.721,12.27539,12.27781,0.00,0.00
2017.05.05 17:05:25.093,12.27539,12.27761,0.00,0.00
2017.05.05 17:05:25.426,12.27539,12.27781,0.00,0.00
2017.05.05 17:05:25.493,12.27539,12.27752,0.00,0.00
2017.05.05 17:05:25.544,12.27488,12.27708,0.00,0.00
2017.05.05 17:05:25.696,12.27472,12.27692,0.00,0.00
2017.05.05 17:05:25.797,12.27451,12.27709,0.00,0.00
2017.05.05 17:05:25.898,12.27472,12.27708,0.00,0.00
2017.05.05 17:05:26.493,12.27441,12.27709,0.00,0.00
2017.05.05 17:05:26.544,12.27442,12.27702,0.00,0.00
2017.05.05 17:05:27.045,12.27442,12.27692,0.00,0.00
2017.05.05 17:05:27.302,12.27442,12.27708,0.00,0.00
2017.05.05 17:05:27.605,12.27441,12.27691,0.00,0.00
2017.05.05 17:05:27.706,12.27442,12.27708,0.00,0.00
2017.05.05 17:05:27.934,12.27442,12.27702,0.00,0.00
2017.05.05 17:05:28.237,12.27442,12.27708,0.00,0.00
2017.05.05 17:05:28.583,12.27438,12.27709,0.00,0.00
2017.05.05 17:05:28.633,12.27438,12.27702,0.00,0.00
2017.05.05 17:05:29.025,12.27438,12.27692,0.00,0.00
2017.05.05 17:05:29.407,12.27438,12.27671,0.00,0.00
2017.05.05 17:05:30.002,12.27438,12.27691,0.00,0.00
2017.05.05 17:05:30.103,12.27438,12.27672,0.00,0.00
2017.05.05 17:05:30.445,12.27438,12.27692,0.00,0.00
2017.05.05 17:05:30.546,12.27438,12.27672,0.00,0.00
2017.05.05 17:05:31.384,12.27471,12.27672,0.00,0.00
2017.05.05 17:05:31.435,12.27472,12.27682,0.00,0.00
2017.05.05 17:05:31.536,12.27471,12.27691,0.00,0.00
2017.05.05 17:05:31.637,12.27438,12.27708,0.00,0.00
2017.05.05 17:05:31.805,12.27438,12.27682,0.00,0.00
2017.05.05 17:05:32.032,12.27438,12.27701,0.00,0.00
2017.05.05 17:05:32.206,12.27438,12.27682,0.00,0.00
2017.05.05 17:05:32.806,12.27438,12.27702,0.00,0.00
2017.05.05 17:05:33.789,12.27438,12.27708,0.00,0.00
2017.05.05 17:05:34.410,12.27438,12.27692,0.00,0.00
2017.05.05 17:05:34.714,12.27438,12.27701,0.00,0.00
2017.05.05 17:05:35.234,12.27438,12.27691,0.00,0.00
2017.05.05 17:05:35.626,12.27438,12.27671,0.00,0.00
2017.05.05 17:05:36.213,12.27438,12.27691,0.00,0.00
2017.05.05 17:05:36.713,12.27438,12.27672,0.00,0.00
2017.05.05 17:05:37.148,12.27438,12.27702,0.00,0.00
2017.05.05 17:05:37.935,12.27438,12.27692,0.00,0.00
2017.05.05 17:05:38.418,12.27438,12.27672,0.00,0.00
2017.05.05 17:05:39.686,12.27438,12.27608,0.00,0.00
2017.05.05 17:05:39.736,12.27391,12.27609,0.00,0.00
2017.05.05 17:05:39.787,12.27402,12.27608,0.00,0.00
2017.05.05 17:05:39.838,12.27439,12.27692,0.00,0.00
2017.05.05 17:05:39.939,12.27439,12.27632,0.00,0.00
2017.05.05 17:05:40.020,12.27439,12.27661,0.00,0.00
2017.05.05 17:05:40.172,12.27471,12.27682,0.00,0.00
2017.05.05 17:05:40.424,12.27471,12.27699,0.00,0.00
2017.05.05 17:05:40.925,12.27472,12.27682,0.00,0.00
2017.05.05 17:05:41.267,12.27471,12.27699,0.00,0.00
2017.05.05 17:05:41.324,12.27471,12.27672,0.00,0.00
2017.05.05 17:05:41.866,12.27471,12.27681,0.00,0.00
2017.05.05 17:05:41.968,12.27471,12.27691,0.00,0.00
2017.05.05 17:05:42.326,12.27472,12.27671,0.00,0.00
2017.05.05 17:05:42.426,12.27472,12.27699,0.00,0.00
2017.05.05 17:05:43.161,12.27471,12.27699,0.00,0.00
2017.05.05 17:05:43.262,12.27472,12.27671,0.00,0.00
2017.05.05 17:05:43.363,12.27472,12.27699,0.00,0.00
2017.05.05 17:05:43.728,12.27472,12.27682,0.00,0.00
2017.05.05 17:05:44.940,12.27472,12.27691,0.00,0.00
2017.05.05 17:05:45.271,12.27471,12.27699,0.00,0.00
2017.05.05 17:05:46.122,12.27472,12.27699,0.00,0.00
2017.05.05 17:05:46.333,12.27472,12.27682,0.00,0.00
2017.05.05 17:05:46.834,12.27472,12.27699,0.00,0.00
2017.05.05 17:05:46.935,12.27472,12.27691,0.00,0.00
2017.05.05 17:05:47.036,12.27472,12.27699,0.00,0.00
2017.05.05 17:05:47.134,12.27472,12.27692,0.00,0.00
2017.05.05 17:05:47.235,12.27471,12.27699,0.00,0.00
2017.05.05 17:05:47.334,12.27471,12.27682,0.00,0.00
2017.05.05 17:05:47.713,12.27472,12.27641,0.00,0.00
2017.05.05 17:05:47.861,12.27472,12.27662,0.00,0.00
2017.05.05 17:05:47.962,12.27472,12.27651,0.00,0.00
2017.05.05 17:05:48.524,12.27471,12.27651,0.00,0.00
2017.05.05 17:05:49.092,12.27472,12.27651,0.00,0.00
2017.05.05 17:05:49.604,12.27471,12.27651,0.00,0.00
2017.05.05 17:05:49.654,12.27472,12.27662,0.00,0.00
2017.05.05 17:05:50.939,12.27472,12.27641,0.00,0.00
2017.05.05 17:05:51.242,12.27521,12.27661,0.00,0.00
2017.05.05 17:05:51.343,12.27538,12.27732,0.00,0.00
2017.05.05 17:05:51.623,12.27572,12.27732,0.00,0.00
2017.05.05 17:05:51.876,12.27572,12.27752,0.00,0.00
2017.05.05 17:05:54.237,12.27571,12.27752,0.00,0.00
2017.05.05 17:05:54.388,12.27572,12.27731,0.00,0.00
2017.05.05 17:05:54.521,12.27571,12.27761,0.00,0.00
2017.05.05 17:05:55.039,12.27572,12.27761,0.00,0.00
2017.05.05 17:05:55.346,12.27571,12.27742,0.00,0.00
2017.05.05 17:05:56.761,12.27572,12.27742,0.00,0.00
2017.05.05 17:05:56.862,12.27572,12.27761,0.00,0.00
2017.05.05 17:05:56.963,12.27571,12.27741,0.00,0.00
2017.05.05 17:05:59.745,12.27572,12.27741,0.00,0.00
2017.05.05 17:06:02.886,12.27571,12.27741,0.00,0.00
2017.05.05 17:06:02.987,12.27572,12.27761,0.00,0.00
2017.05.05 17:06:03.489,12.27571,12.27761,0.00,0.00
2017.05.05 17:06:03.658,12.27571,12.27742,0.00,0.00
2017.05.05 17:06:04.250,12.27572,12.27742,0.00,0.00
2017.05.05 17:06:04.775,12.27571,12.27742,0.00,0.00
2017.05.05 17:06:04.877,12.27571,12.27762,0.00,0.00
2017.05.05 17:06:04.978,12.27572,12.27741,0.00,0.00
2017.05.05 17:06:05.080,12.27572,12.27761,0.00,0.00
2017.05.05 17:06:05.662,12.27572,12.27742,0.00,0.00
2017.05.05 17:06:06.045,12.27589,12.27742,0.00,0.00
2017.05.05 17:06:06.096,12.27602,12.27762,0.00,0.00
2017.05.05 17:06:06.197,12.27638,12.27772,0.00,0.00
2017.05.05 17:06:06.298,12.27588,12.27801,0.00,0.00
2017.05.05 17:06:06.399,12.27588,12.27808,0.00,0.00
2017.05.05 17:06:06.509,12.27588,12.27772,0.00,0.00
2017.05.05 17:06:06.610,12.27588,12.27801,0.00,0.00
2017.05.05 17:06:06.977,12.27588,12.27772,0.00,0.00
2017.05.05 17:06:07.283,12.27639,12.27762,0.00,0.00
2017.05.05 17:06:07.385,12.27589,12.27812,0.00,0.00
2017.05.05 17:06:07.565,12.27589,12.27772,0.00,0.00
2017.05.05 17:06:07.669,12.27589,12.27802,0.00,0.00
2017.05.05 17:06:08.002,12.27571,12.27792,0.00,0.00
2017.05.05 17:06:08.103,12.27572,12.27772,0.00,0.00
2017.05.05 17:06:08.154,12.27538,12.27772,0.00,0.00
2017.05.05 17:06:08.205,12.27538,12.27742,0.00,0.00
2017.05.05 17:06:08.541,12.27538,12.27721,0.00,0.00
2017.05.05 17:06:08.968,12.27538,12.27741,0.00,0.00
2017.05.05 17:06:09.301,12.27539,12.27732,0.00,0.00
2017.05.05 17:06:09.369,12.27539,12.27742,0.00,0.00
2017.05.05 17:06:09.479,12.27539,12.27732,0.00,0.00
2017.05.05 17:06:09.846,12.27539,12.27722,0.00,0.00
2017.05.05 17:06:09.963,12.27502,12.27709,0.00,0.00
2017.05.05 17:06:10.065,12.27538,12.27741,0.00,0.00
2017.05.05 17:06:10.419,12.27538,12.27731,0.00,0.00
2017.05.05 17:06:10.750,12.27538,12.27722,0.00,0.00
2017.05.05 17:06:12.221,12.27538,12.27712,0.00,0.00
2017.05.05 17:06:12.273,12.27538,12.27742,0.00,0.00
2017.05.05 17:06:12.573,12.27538,12.27732,0.00,0.00
2017.05.05 17:06:13.223,12.27538,12.27742,0.00,0.00
2017.05.05 17:06:13.365,12.27538,12.27712,0.00,0.00
2017.05.05 17:06:13.475,12.27538,12.27741,0.00,0.00
2017.05.05 17:06:14.203,12.27538,12.27732,0.00,0.00
2017.05.05 17:06:14.901,12.27538,12.27741,0.00,0.00
2017.05.05 17:06:15.013,12.27538,12.27732,0.00,0.00
2017.05.05 17:06:15.114,12.27538,12.27741,0.00,0.00
2017.05.05 17:06:15.421,12.27538,12.27731,0.00,0.00
2017.05.05 17:06:15.987,12.27538,12.27722,0.00,0.00
2017.05.05 17:06:16.089,12.27538,12.27742,0.00,0.00
2017.05.05 17:06:16.711,12.27572,12.27742,0.00,0.00
2017.05.05 17:06:16.879,12.27572,12.27761,0.00,0.00
2017.05.05 17:06:17.397,12.27571,12.27761,0.00,0.00
2017.05.05 17:06:18.008,12.27441,12.27692,0.00,0.00
2017.05.05 17:06:18.059,12.27438,12.27692,0.00,0.00
2017.05.05 17:06:18.109,12.27472,12.27621,0.00,0.00
2017.05.05 17:06:18.181,12.27472,12.27631,0.00,0.00
2017.05.05 17:06:18.283,12.27472,12.27662,0.00,0.00
2017.05.05 17:06:18.823,12.27471,12.27642,0.00,0.00
2017.05.05 17:06:18.924,12.27472,12.27661,0.00,0.00
2017.05.05 17:06:19.412,12.27471,12.27652,0.00,0.00
2017.05.05 17:06:19.942,12.27472,12.27651,0.00,0.00
2017.05.05 17:06:20.323,12.27472,12.27632,0.00,0.00
2017.05.05 17:06:20.607,12.27449,12.27652,0.00,0.00
2017.05.05 17:06:20.708,12.27449,12.27621,0.00,0.00
2017.05.05 17:06:20.884,12.27449,12.27652,0.00,0.00
2017.05.05 17:06:21.941,12.27449,12.27608,0.00,0.00
2017.05.05 17:06:21.992,12.27449,12.27652,0.00,0.00
2017.05.05 17:06:22.093,12.27449,12.27591,0.00,0.00
2017.05.05 17:06:22.186,12.27449,12.27652,0.00,0.00
2017.05.05 17:06:22.237,12.27449,12.27608,0.00,0.00
2017.05.05 17:06:22.606,12.27449,12.27591,0.00,0.00
2017.05.05 17:06:23.012,12.27449,12.27602,0.00,0.00
2017.05.05 17:06:23.724,12.27449,12.27608,0.00,0.00
2017.05.05 17:06:23.788,12.27449,12.27601,0.00,0.00
2017.05.05 17:06:24.801,12.27449,12.27632,0.00,0.00
2017.05.05 17:06:24.852,12.27449,12.27609,0.00,0.00
2017.05.05 17:06:25.272,12.27449,12.27592,0.00,0.00
2017.05.05 17:06:25.891,12.27449,12.27608,0.00,0.00
2017.05.05 17:06:25.992,12.27449,12.27591,0.00,0.00
2017.05.05 17:06:26.342,12.27348,12.27591,0.00,0.00
2017.05.05 17:06:26.393,12.27359,12.27609,0.00,0.00
2017.05.05 17:06:26.494,12.27371,12.27541,0.00,0.00
2017.05.05 17:06:26.710,12.27371,12.27571,0.00,0.00
2017.05.05 17:06:26.832,12.27371,12.27551,0.00,0.00
2017.05.05 17:06:26.933,12.27372,12.27571,0.00,0.00
2017.05.05 17:06:27.034,12.27431,12.27571,0.00,0.00
2017.05.05 17:06:27.236,12.27449,12.27609,0.00,0.00
2017.05.05 17:06:27.287,12.27349,12.27609,0.00,0.00
2017.05.05 17:06:27.338,12.27358,12.27609,0.00,0.00
2017.05.05 17:06:27.641,12.27371,12.27551,0.00,0.00
2017.05.05 17:06:27.902,12.27372,12.27562,0.00,0.00
2017.05.05 17:06:27.999,12.27372,12.27542,0.00,0.00
2017.05.05 17:06:28.623,12.27371,12.27542,0.00,0.00
2017.05.05 17:06:28.724,12.27371,12.27552,0.00,0.00
2017.05.05 17:06:28.796,12.27371,12.27542,0.00,0.00
2017.05.05 17:06:29.396,12.27371,12.27572,0.00,0.00
2017.05.05 17:06:29.697,12.27371,12.27551,0.00,0.00
2017.05.05 17:06:30.204,12.27372,12.27551,0.00,0.00
2017.05.05 17:06:30.298,12.27372,12.27572,0.00,0.00
2017.05.05 17:06:30.639,12.27371,12.27552,0.00,0.00
2017.05.05 17:06:30.698,12.27371,12.27572,0.00,0.00
2017.05.05 17:06:30.798,12.27371,12.27542,0.00,0.00
2017.05.05 17:06:31.199,12.27371,12.27551,0.00,0.00
2017.05.05 17:06:31.348,12.27371,12.27541,0.00,0.00
2017.05.05 17:06:31.724,12.27371,12.27551,0.00,0.00
2017.05.05 17:06:31.800,12.27371,12.27542,0.00,0.00
2017.05.05 17:06:32.100,12.27372,12.27562,0.00,0.00
2017.05.05 17:06:32.324,12.27372,12.27552,0.00,0.00
2017.05.05 17:06:32.642,12.27371,12.27542,0.00,0.00
2017.05.05 17:06:32.797,12.27372,12.27551,0.00,0.00
2017.05.05 17:06:32.848,12.27372,12.27571,0.00,0.00
2017.05.05 17:06:33.121,12.27372,12.27551,0.00,0.00
2017.05.05 17:06:33.222,12.27371,12.27572,0.00,0.00
2017.05.05 17:06:33.327,12.27371,12.27542,0.00,0.00
2017.05.05 17:06:33.402,12.27371,12.27571,0.00,0.00
2017.05.05 17:06:33.502,12.27371,12.27542,0.00,0.00
2017.05.05 17:06:33.803,12.27371,12.27552,0.00,0.00
2017.05.05 17:06:33.903,12.27371,12.27542,0.00,0.00
2017.05.05 17:06:34.319,12.27371,12.27551,0.00,0.00
2017.05.05 17:06:35.262,12.27371,12.27572,0.00,0.00
2017.05.05 17:06:35.500,12.27288,12.27508,0.00,0.00
2017.05.05 17:06:35.551,12.27248,12.27501,0.00,0.00
2017.05.05 17:06:35.652,12.27271,12.27432,0.00,0.00
2017.05.05 17:06:35.753,12.27271,12.27441,0.00,0.00
2017.05.05 17:06:35.805,12.27271,12.27471,0.00,0.00
2017.05.05 17:06:35.906,12.27271,12.27441,0.00,0.00
2017.05.05 17:06:36.209,12.27248,12.27408,0.00,0.00
2017.05.05 17:06:36.523,12.27182,12.27402,0.00,0.00
2017.05.05 17:06:36.573,12.27231,12.27402,0.00,0.00
2017.05.05 17:06:36.624,12.27231,12.27422,0.00,0.00
2017.05.05 17:06:36.675,12.27249,12.27422,0.00,0.00
2017.05.05 17:06:36.826,12.27249,12.27451,0.00,0.00
2017.05.05 17:06:37.108,12.27249,12.27442,0.00,0.00
2017.05.05 17:06:37.540,12.27199,12.27409,0.00,0.00
2017.05.05 17:06:37.641,12.27199,12.27382,0.00,0.00
2017.05.05 17:06:37.743,12.27198,12.27392,0.00,0.00
2017.05.05 17:06:37.811,12.27198,12.27402,0.00,0.00
2017.05.05 17:06:37.912,12.27198,12.27431,0.00,0.00
2017.05.05 17:06:38.064,12.27249,12.27431,0.00,0.00
2017.05.05 17:06:38.215,12.27198,12.27409,0.00,0.00
2017.05.05 17:06:38.316,12.27149,12.27382,0.00,0.00
2017.05.05 17:06:38.417,12.27149,12.27341,0.00,0.00
2017.05.05 17:06:38.720,12.27172,12.27341,0.00,0.00
2017.05.05 17:06:38.822,12.27172,12.27372,0.00,0.00
2017.05.05 17:06:39.029,12.27172,12.27352,0.00,0.00
2017.05.05 17:06:39.206,12.27132,12.27352,0.00,0.00
2017.05.05 17:06:39.257,12.27132,12.27332,0.00,0.00
2017.05.05 17:06:39.412,12.27148,12.27362,0.00,0.00
2017.05.05 17:06:39.644,12.27148,12.27351,0.00,0.00
2017.05.05 17:06:40.071,12.27148,12.27342,0.00,0.00
2017.05.05 17:06:40.222,12.27148,12.27351,0.00,0.00
2017.05.05 17:06:40.273,12.27172,12.27351,0.00,0.00
2017.05.05 17:06:40.525,12.27171,12.27371,0.00,0.00
2017.05.05 17:06:40.627,12.27171,12.27341,0.00,0.00
2017.05.05 17:06:41.312,12.27171,12.27339,0.00,0.00
2017.05.05 17:06:41.463,12.27172,12.27372,0.00,0.00
2017.05.05 17:06:41.515,12.27172,12.27341,0.00,0.00
2017.05.05 17:06:41.616,12.27171,12.27371,0.00,0.00
2017.05.05 17:06:41.861,12.27171,12.27339,0.00,0.00
2017.05.05 17:06:41.963,12.27171,12.27362,0.00,0.00
2017.05.05 17:06:42.064,12.27171,12.27352,0.00,0.00
2017.05.05 17:06:42.115,12.27171,12.27372,0.00,0.00
2017.05.05 17:06:42.556,12.27172,12.27351,0.00,0.00
2017.05.05 17:06:42.657,12.27132,12.27332,0.00,0.00
2017.05.05 17:06:42.758,12.27149,12.27301,0.00,0.00
2017.05.05 17:06:42.917,12.27171,12.27372,0.00,0.00
2017.05.05 17:06:43.019,12.27172,12.27342,0.00,0.00
2017.05.05 17:06:43.124,12.27172,12.27371,0.00,0.00
2017.05.05 17:06:43.175,12.27149,12.27371,0.00,0.00
2017.05.05 17:06:43.226,12.27149,12.27331,0.00,0.00
2017.05.05 17:06:43.533,12.27149,12.27361,0.00,0.00
2017.05.05 17:06:44.412,12.27149,12.27339,0.00,0.00
2017.05.05 17:06:44.627,12.27149,12.27342,0.00,0.00
2017.05.05 17:06:44.720,12.27149,12.27361,0.00,0.00
2017.05.05 17:06:44.820,12.27149,12.27342,0.00,0.00
2017.05.05 17:06:45.063,12.27149,12.27361,0.00,0.00
2017.05.05 17:06:45.321,12.27149,12.27372,0.00,0.00
2017.05.05 17:06:45.552,12.27149,12.27362,0.00,0.00
2017.05.05 17:06:46.664,12.27149,12.27351,0.00,0.00
2017.05.05 17:06:46.943,12.27149,12.27362,0.00,0.00
2017.05.05 17:06:47.023,12.27149,12.27371,0.00,0.00
2017.05.05 17:06:47.074,12.27149,12.27339,0.00,0.00
2017.05.05 17:06:47.377,12.27149,12.27332,0.00,0.00
2017.05.05 17:06:47.428,12.27149,12.27372,0.00,0.00
2017.05.05 17:06:47.534,12.27231,12.27372,0.00,0.00
2017.05.05 17:06:47.635,12.27232,12.27391,0.00,0.00
2017.05.05 17:06:47.760,12.27248,12.27442,0.00,0.00
2017.05.05 17:06:47.933,12.27248,12.27432,0.00,0.00
2017.05.05 17:06:48.263,12.27248,12.27441,0.00,0.00
2017.05.05 17:06:48.429,12.27248,12.27421,0.00,0.00
2017.05.05 17:06:48.926,12.27231,12.27409,0.00,0.00
2017.05.05 17:06:48.977,12.27199,12.27409,0.00,0.00
2017.05.05 17:06:49.078,12.27148,12.27372,0.00,0.00
2017.05.05 17:06:49.129,12.27172,12.27372,0.00,0.00
2017.05.05 17:06:49.470,12.27172,12.27362,0.00,0.00
2017.05.05 17:06:49.866,12.27172,12.27351,0.00,0.00
2017.05.05 17:06:50.073,12.27172,12.27371,0.00,0.00
2017.05.05 17:06:50.133,12.27172,12.27352,0.00,0.00
2017.05.05 17:06:50.244,12.27172,12.27372,0.00,0.00
2017.05.05 17:06:50.345,12.27171,12.27352,0.00,0.00
2017.05.05 17:06:50.689,12.27172,12.27341,0.00,0.00
2017.05.05 17:06:51.567,12.27172,12.27362,0.00,0.00
2017.05.05 17:06:51.955,12.27172,12.27372,0.00,0.00
2017.05.05 17:06:52.283,12.27172,12.27352,0.00,0.00
2017.05.05 17:06:52.337,12.27172,12.27372,0.00,0.00
2017.05.05 17:06:52.738,12.27172,12.27362,0.00,0.00
2017.05.05 17:06:54.041,12.27172,12.27371,0.00,0.00
2017.05.05 17:06:54.642,12.27172,12.27362,0.00,0.00
2017.05.05 17:06:54.743,12.27171,12.27371,0.00,0.00
2017.05.05 17:06:54.842,12.27171,12.27352,0.00,0.00
2017.05.05 17:06:55.142,12.27171,12.27362,0.00,0.00
2017.05.05 17:06:56.982,12.27171,12.27352,0.00,0.00
2017.05.05 17:06:57.083,12.27172,12.27362,0.00,0.00
2017.05.05 17:06:57.184,12.27171,12.27352,0.00,0.00
2017.05.05 17:06:57.861,12.27171,12.27371,0.00,0.00
2017.05.05 17:06:58.912,12.27172,12.27371,0.00,0.00
2017.05.05 17:06:58.962,12.27172,12.27361,0.00,0.00
2017.05.05 17:06:59.498,12.27171,12.27361,0.00,0.00
2017.05.05 17:06:59.648,12.27171,12.27372,0.00,0.00
2017.05.05 17:07:00.149,12.27171,12.27362,0.00,0.00
2017.05.05 17:07:00.671,12.27171,12.27342,0.00,0.00
2017.05.05 17:07:00.773,12.27172,12.27362,0.00,0.00
2017.05.05 17:07:00.893,12.27172,12.27371,0.00,0.00
2017.05.05 17:07:01.051,12.27172,12.27342,0.00,0.00
2017.05.05 17:07:01.552,12.27172,12.27362,0.00,0.00
2017.05.05 17:07:02.062,12.27172,12.27372,0.00,0.00
2017.05.05 17:07:02.152,12.27172,12.27362,0.00,0.00
2017.05.05 17:07:02.674,12.27171,12.27362,0.00,0.00
2017.05.05 17:07:02.995,12.27171,12.27352,0.00,0.00
2017.05.05 17:07:03.133,12.27148,12.27339,0.00,0.00
2017.05.05 17:07:03.272,12.27148,12.27332,0.00,0.00
2017.05.05 17:07:03.575,12.27148,12.27311,0.00,0.00
2017.05.05 17:07:03.955,12.27148,12.27322,0.00,0.00
2017.05.05 17:07:04.293,12.27148,12.27302,0.00,0.00
2017.05.05 17:07:04.356,12.27148,12.27342,0.00,0.00
2017.05.05 17:07:04.556,12.27148,12.27331,0.00,0.00
2017.05.05 17:07:04.862,12.27148,12.27309,0.00,0.00
2017.05.05 17:07:05.165,12.27148,12.27281,0.00,0.00
2017.05.05 17:07:05.266,12.27072,12.27281,0.00,0.00
2017.05.05 17:07:05.367,12.27072,12.27252,0.00,0.00
2017.05.05 17:07:05.811,12.27148,12.27252,0.00,0.00
2017.05.05 17:07:05.862,12.27148,12.27282,0.00,0.00
2017.05.05 17:07:05.913,12.27098,12.27282,0.00,0.00
2017.05.05 17:07:05.964,12.27098,12.27319,0.00,0.00
2017.05.05 17:07:06.217,12.27098,12.27309,0.00,0.00
2017.05.05 17:07:06.368,12.27098,12.27242,0.00,0.00
2017.05.05 17:07:06.470,12.27098,12.27272,0.00,0.00
2017.05.05 17:07:06.571,12.27098,12.27319,0.00,0.00
2017.05.05 17:07:06.691,12.27098,12.27308,0.00,0.00
2017.05.05 17:07:06.742,12.27071,12.27309,0.00,0.00
2017.05.05 17:07:06.792,12.27072,12.27292,0.00,0.00
2017.05.05 17:07:07.111,12.27071,12.27261,0.00,0.00
2017.05.05 17:07:07.658,12.27072,12.27261,0.00,0.00
2017.05.05 17:07:07.961,12.27072,12.27252,0.00,0.00
2017.05.05 17:07:08.012,12.27072,12.27272,0.00,0.00
2017.05.05 17:07:08.063,12.27072,12.27241,0.00,0.00
2017.05.05 17:07:08.363,12.27071,12.27251,0.00,0.00
2017.05.05 17:07:08.465,12.27071,12.27232,0.00,0.00
2017.05.05 17:07:09.065,12.27072,12.27232,0.00,0.00
2017.05.05 17:07:09.115,12.27032,12.27238,0.00,0.00
2017.05.05 17:07:09.217,12.27031,12.27202,0.00,0.00
2017.05.05 17:07:09.267,12.27031,12.27232,0.00,0.00
2017.05.05 17:07:09.368,12.27031,12.27272,0.00,0.00
2017.05.05 17:07:09.469,12.27031,12.27261,0.00,0.00
2017.05.05 17:07:09.914,12.27031,12.27241,0.00,0.00
2017.05.05 17:07:10.668,12.27031,12.27232,0.00,0.00
2017.05.05 17:07:11.052,12.27031,12.27222,0.00,0.00
2017.05.05 17:07:11.103,12.27031,12.27251,0.00,0.00
2017.05.05 17:07:11.169,12.27031,12.27221,0.00,0.00
2017.05.05 17:07:11.312,12.27031,12.27251,0.00,0.00
2017.05.05 17:07:11.369,12.27031,12.27232,0.00,0.00
2017.05.05 17:07:11.732,12.27031,12.27222,0.00,0.00
2017.05.05 17:07:12.146,12.27032,12.27202,0.00,0.00
2017.05.05 17:07:12.197,12.26952,12.27191,0.00,0.00
2017.05.05 17:07:12.298,12.26952,12.27208,0.00,0.00
2017.05.05 17:07:12.348,12.26952,12.27182,0.00,0.00
2017.05.05 17:07:12.721,12.26952,12.27162,0.00,0.00
2017.05.05 17:07:13.019,12.26952,12.27172,0.00,0.00
2017.05.05 17:07:13.121,12.26952,12.27141,0.00,0.00
2017.05.05 17:07:13.573,12.26952,12.27152,0.00,0.00
2017.05.05 17:07:13.799,12.26952,12.27142,0.00,0.00
2017.05.05 17:07:14.091,12.26942,12.27162,0.00,0.00
2017.05.05 17:07:14.192,12.26942,12.27131,0.00,0.00
2017.05.05 17:07:14.404,12.26942,12.27162,0.00,0.00
2017.05.05 17:07:14.505,12.26942,12.27182,0.00,0.00
2017.05.05 17:07:14.575,12.26942,12.27172,0.00,0.00
2017.05.05 17:07:14.878,12.26952,12.27182,0.00,0.00
2017.05.05 17:07:14.929,12.26942,12.27181,0.00,0.00
2017.05.05 17:07:15.080,12.26942,12.27152,0.00,0.00
2017.05.05 17:07:15.376,12.26942,12.27162,0.00,0.00
2017.05.05 17:07:15.606,12.26942,12.27181,0.00,0.00
2017.05.05 17:07:15.707,12.26942,12.27162,0.00,0.00
2017.05.05 17:07:16.058,12.26942,12.27152,0.00,0.00
2017.05.05 17:07:16.678,12.26942,12.27141,0.00,0.00
2017.05.05 17:07:17.099,12.26942,12.27181,0.00,0.00
2017.05.05 17:07:17.583,12.26942,12.27151,0.00,0.00
2017.05.05 17:07:17.785,12.26942,12.27172,0.00,0.00
2017.05.05 17:07:17.861,12.26942,12.27139,0.00,0.00
2017.05.05 17:07:17.994,12.26888,12.27108,0.00,0.00
2017.05.05 17:07:18.045,12.26888,12.27081,0.00,0.00
2017.05.05 17:07:18.096,12.26842,12.27062,0.00,0.00
2017.05.05 17:07:18.302,12.26842,12.27081,0.00,0.00
2017.05.05 17:07:18.403,12.26842,12.27062,0.00,0.00
2017.05.05 17:07:18.870,12.26842,12.27052,0.00,0.00
2017.05.05 17:07:19.111,12.26768,12.27009,0.00,0.00
2017.05.05 17:07:19.223,12.26749,12.27008,0.00,0.00
2017.05.05 17:07:19.324,12.26749,12.26971,0.00,0.00
2017.05.05 17:07:19.425,12.26749,12.26981,0.00,0.00
2017.05.05 17:07:19.482,12.26749,12.27002,0.00,0.00
2017.05.05 17:07:19.583,12.26749,12.26991,0.00,0.00
2017.05.05 17:07:19.785,12.26749,12.27002,0.00,0.00
2017.05.05 17:07:19.883,12.26749,12.27008,0.00,0.00
2017.05.05 17:07:19.984,12.26749,12.26991,0.00,0.00
2017.05.05 17:07:20.085,12.26749,12.27009,0.00,0.00
2017.05.05 17:07:20.606,12.26749,12.26992,0.00,0.00
2017.05.05 17:07:20.707,12.26749,12.27009,0.00,0.00
2017.05.05 17:07:20.924,12.26752,12.27011,0.00,0.00
2017.05.05 17:07:21.227,12.26848,12.27092,0.00,0.00
2017.05.05 17:07:21.835,12.26848,12.27062,0.00,0.00
2017.05.05 17:07:22.098,12.26848,12.27082,0.00,0.00
2017.05.05 17:07:22.312,12.26848,12.27009,0.00,0.00
2017.05.05 17:07:22.363,12.26798,12.27009,0.00,0.00
2017.05.05 17:07:22.414,12.26749,12.27009,0.00,0.00
2017.05.05 17:07:22.515,12.26748,12.26982,0.00,0.00
2017.05.05 17:07:22.859,12.26748,12.26971,0.00,0.00
2017.05.05 17:07:23.004,12.26748,12.27002,0.00,0.00
2017.05.05 17:07:23.100,12.26748,12.27009,0.00,0.00
2017.05.05 17:07:23.263,12.26729,12.26908,0.00,0.00
2017.05.05 17:07:23.314,12.26698,12.26908,0.00,0.00
2017.05.05 17:07:23.418,12.26649,12.26892,0.00,0.00
2017.05.05 17:07:23.519,12.26649,12.26861,0.00,0.00
2017.05.05 17:07:23.621,12.26649,12.26892,0.00,0.00
2017.05.05 17:07:23.722,12.26649,12.26902,0.00,0.00
2017.05.05 17:07:23.897,12.26649,12.26882,0.00,0.00
2017.05.05 17:07:24.200,12.26649,12.26831,0.00,0.00
2017.05.05 17:07:24.301,12.26649,12.26881,0.00,0.00
2017.05.05 17:07:24.402,12.26649,12.26901,0.00,0.00
2017.05.05 17:07:24.705,12.26649,12.26881,0.00,0.00
2017.05.05 17:07:24.806,12.26649,12.26909,0.00,0.00
2017.05.05 17:07:25.014,12.26649,12.26872,0.00,0.00
2017.05.05 17:07:25.116,12.26649,12.26902,0.00,0.00
2017.05.05 17:07:25.217,12.26649,12.26909,0.00,0.00
2017.05.05 17:07:25.268,12.26698,12.26912,0.00,0.00
2017.05.05 17:07:25.420,12.26649,12.26909,0.00,0.00
2017.05.05 17:07:25.521,12.26648,12.26872,0.00,0.00
2017.05.05 17:07:25.895,12.26648,12.26891,0.00,0.00
2017.05.05 17:07:26.095,12.26648,12.26871,0.00,0.00
2017.05.05 17:07:26.195,12.26648,12.26892,0.00,0.00
2017.05.05 17:07:26.344,12.26648,12.26872,0.00,0.00
2017.05.05 17:07:26.735,12.26648,12.26862,0.00,0.00
2017.05.05 17:07:26.936,12.26648,12.26882,0.00,0.00
2017.05.05 17:07:27.243,12.26648,12.26891,0.00,0.00
2017.05.05 17:07:27.344,12.26648,12.26862,0.00,0.00
2017.05.05 17:07:27.784,12.26648,12.26851,0.00,0.00
2017.05.05 17:07:27.907,12.26648,12.26862,0.00,0.00
2017.05.05 17:07:28.525,12.26648,12.26852,0.00,0.00
2017.05.05 17:07:29.087,12.26648,12.26882,0.00,0.00
2017.05.05 17:07:29.138,12.26648,12.26892,0.00,0.00
2017.05.05 17:07:29.314,12.26648,12.26862,0.00,0.00
2017.05.05 17:07:29.415,12.26648,12.26892,0.00,0.00
2017.05.05 17:07:29.620,12.26732,12.26881,0.00,0.00
2017.05.05 17:07:29.722,12.26748,12.26982,0.00,0.00
2017.05.05 17:07:29.823,12.26748,12.26971,0.00,0.00
2017.05.05 17:07:30.134,12.26748,12.26921,0.00,0.00
2017.05.05 17:07:30.235,12.26748,12.26942,0.00,0.00
2017.05.05 17:07:30.337,12.26748,12.26962,0.00,0.00
2017.05.05 17:07:30.403,12.26748,12.26971,0.00,0.00
2017.05.05 17:07:30.503,12.26748,12.26981,0.00,0.00
2017.05.05 17:07:31.104,12.26748,12.26962,0.00,0.00
2017.05.05 17:07:31.387,12.26649,12.26872,0.00,0.00
2017.05.05 17:07:31.438,12.26649,12.26861,0.00,0.00
2017.05.05 17:07:31.539,12.26649,12.26881,0.00,0.00
2017.05.05 17:07:31.640,12.26632,12.26809,0.00,0.00
2017.05.05 17:07:31.691,12.26568,12.26809,0.00,0.00
2017.05.05 17:07:31.742,12.26559,12.26808,0.00,0.00
2017.05.05 17:07:31.843,12.26559,12.26782,0.00,0.00
2017.05.05 17:07:32.324,12.26559,12.26802,0.00,0.00
2017.05.05 17:07:32.450,12.26559,12.26772,0.00,0.00
2017.05.05 17:07:33.058,12.26559,12.26792,0.00,0.00
2017.05.05 17:07:33.109,12.26559,12.26802,0.00,0.00
2017.05.05 17:07:33.323,12.26559,12.26782,0.00,0.00
2017.05.05 17:07:33.665,12.26559,12.26751,0.00,0.00
2017.05.05 17:07:33.716,12.26559,12.26792,0.00,0.00
2017.05.05 17:07:34.146,12.26559,12.26762,0.00,0.00
2017.05.05 17:07:34.247,12.26559,12.26801,0.00,0.00
2017.05.05 17:07:34.432,12.26559,12.26782,0.00,0.00
2017.05.05 17:07:34.742,12.26558,12.26742,0.00,0.00
2017.05.05 17:07:34.911,12.26558,12.26772,0.00,0.00
2017.05.05 17:07:35.013,12.26558,12.26791,0.00,0.00
2017.05.05 17:07:35.114,12.26558,12.26762,0.00,0.00
2017.05.05 17:07:35.215,12.26509,12.26719,0.00,0.00
2017.05.05 17:07:35.322,12.26558,12.26719,0.00,0.00
2017.05.05 17:07:35.373,12.26558,12.26739,0.00,0.00
2017.05.05 17:07:35.474,12.26509,12.26708,0.00,0.00
2017.05.05 17:07:35.575,12.26459,12.26709,0.00,0.00
2017.05.05 17:07:35.626,12.26458,12.26701,0.00,0.00
2017.05.05 17:07:35.928,12.26458,12.26672,0.00,0.00
2017.05.05 17:07:36.181,12.26481,12.26739,0.00,0.00
2017.05.05 17:07:36.282,12.26482,12.26742,0.00,0.00
2017.05.05 17:07:36.333,12.26478,12.26692,0.00,0.00
2017.05.05 17:07:36.435,12.26472,12.26692,0.00,0.00
2017.05.05 17:07:36.486,12.26472,12.26702,0.00,0.00
2017.05.05 17:07:36.570,12.26498,12.26702,0.00,0.00
2017.05.05 17:07:36.621,12.26521,12.26772,0.00,0.00
2017.05.05 17:07:36.672,12.26498,12.26708,0.00,0.00
2017.05.05 17:07:36.874,12.26449,12.26692,0.00,0.00
2017.05.05 17:07:36.925,12.26441,12.26691,0.00,0.00
2017.05.05 17:07:37.026,12.26421,12.26691,0.00,0.00
2017.05.05 17:07:37.127,12.26398,12.26672,0.00,0.00
2017.05.05 17:07:37.356,12.26421,12.26672,0.00,0.00
2017.05.05 17:07:37.561,12.26422,12.26691,0.00,0.00
2017.05.05 17:07:37.662,12.26422,12.26682,0.00,0.00
2017.05.05 17:07:37.716,12.26422,12.26692,0.00,0.00
2017.05.05 17:07:37.832,12.26442,12.26692,0.00,0.00
2017.05.05 17:07:38.135,12.26453,12.26692,0.00,0.00
2017.05.05 17:07:38.465,12.26517,12.26762,0.00,0.00
2017.05.05 17:07:38.516,12.26547,12.26762,0.00,0.00
2017.05.05 17:07:38.667,12.26616,12.26832,0.00,0.00
2017.05.05 17:07:38.768,12.26616,12.26882,0.00,0.00
2017.05.05 17:07:39.219,12.26616,12.26861,0.00,0.00
2017.05.05 17:07:39.320,12.26617,12.26882,0.00,0.00
2017.05.05 17:07:39.421,12.26617,12.26892,0.00,0.00
2017.05.05 17:07:39.573,12.26626,12.26892,0.00,0.00
2017.05.05 17:07:39.944,12.26626,12.26872,0.00,0.00
2017.05.05 17:07:40.221,12.26626,12.26891,0.00,0.00
2017.05.05 17:07:40.423,12.26626,12.26881,0.00,0.00
2017.05.05 17:07:40.735,12.26626,12.26862,0.00,0.00
2017.05.05 17:07:40.836,12.26626,12.26892,0.00,0.00
2017.05.05 17:07:41.323,12.26626,12.26882,0.00,0.00
2017.05.05 17:07:41.432,12.26628,12.26892,0.00,0.00
2017.05.05 17:07:41.541,12.26631,12.26881,0.00,0.00
2017.05.05 17:07:41.642,12.26631,12.26892,0.00,0.00
2017.05.05 17:07:42.201,12.26631,12.26891,0.00,0.00
2017.05.05 17:07:42.722,12.26631,12.26892,0.00,0.00
2017.05.05 17:07:42.948,12.26631,12.26872,0.00,0.00
2017.05.05 17:07:43.049,12.26631,12.26892,0.00,0.00
2017.05.05 17:07:43.943,12.26631,12.26872,0.00,0.00
2017.05.05 17:07:44.044,12.26638,12.26892,0.00,0.00
2017.05.05 17:07:44.227,12.26631,12.26892,0.00,0.00
2017.05.05 17:07:44.534,12.26631,12.26882,0.00,0.00
2017.05.05 17:07:44.790,12.26631,12.26892,0.00,0.00
2017.05.05 17:07:45.128,12.26631,12.26882,0.00,0.00
2017.05.05 17:07:45.429,12.26631,12.26892,0.00,0.00
2017.05.05 17:07:45.562,12.26631,12.26872,0.00,0.00
2017.05.05 17:07:45.663,12.26631,12.26892,0.00,0.00
2017.05.05 17:07:45.729,12.26631,12.26872,0.00,0.00
2017.05.05 17:07:45.861,12.26631,12.26892,0.00,0.00
2017.05.05 17:07:46.063,12.26631,12.26881,0.00,0.00
2017.05.05 17:07:46.471,12.26631,12.26861,0.00,0.00
2017.05.05 17:07:46.572,12.26631,12.26871,0.00,0.00
2017.05.05 17:07:47.072,12.26631,12.26862,0.00,0.00
2017.05.05 17:07:47.401,12.26631,12.26819,0.00,0.00
2017.05.05 17:07:47.822,12.26631,12.26841,0.00,0.00
2017.05.05 17:07:47.974,12.26631,12.26851,0.00,0.00
2017.05.05 17:07:48.075,12.26631,12.26882,0.00,0.00
2017.05.05 17:07:48.133,12.26631,12.26892,0.00,0.00
2017.05.05 17:07:48.741,12.26631,12.26871,0.00,0.00
2017.05.05 17:07:48.834,12.26631,12.26891,0.00,0.00
2017.05.05 17:07:49.434,12.26631,12.26881,0.00,0.00
2017.05.05 17:07:49.650,12.26631,12.26892,0.00,0.00
2017.05.05 17:07:50.035,12.26631,12.26882,0.00,0.00
2017.05.05 17:07:50.374,12.26631,12.26892,0.00,0.00
2017.05.05 17:07:51.137,12.26631,12.26881,0.00,0.00
2017.05.05 17:07:51.238,12.26631,12.26892,0.00,0.00
2017.05.05 17:07:51.740,12.26631,12.26882,0.00,0.00
2017.05.05 17:07:51.838,12.26631,12.26891,0.00,0.00
2017.05.05 17:07:51.939,12.26631,12.26872,0.00,0.00
2017.05.05 17:07:52.272,12.26631,12.26892,0.00,0.00
2017.05.05 17:07:52.573,12.26631,12.26872,0.00,0.00
2017.05.05 17:07:52.639,12.26631,12.26892,0.00,0.00
2017.05.05 17:07:54.661,12.26631,12.26882,0.00,0.00
2017.05.05 17:07:54.983,12.26721,12.26992,0.00,0.00
2017.05.05 17:07:55.243,12.26721,12.26971,0.00,0.00
2017.05.05 17:07:55.360,12.26721,12.26992,0.00,0.00
2017.05.05 17:07:55.658,12.26722,12.26972,0.00,0.00
2017.05.05 17:07:56.602,12.26721,12.26972,0.00,0.00
2017.05.05 17:07:56.970,12.26721,12.26962,0.00,0.00
2017.05.05 17:07:57.360,12.26721,12.26971,0.00,0.00
2017.05.05 17:07:57.482,12.26722,12.26962,0.00,0.00
2017.05.05 17:07:57.646,12.26722,12.26992,0.00,0.00
2017.05.05 17:07:57.746,12.26722,12.26972,0.00,0.00
2017.05.05 17:07:58.271,12.26721,12.26972,0.00,0.00
2017.05.05 17:07:58.347,12.26721,12.26991,0.00,0.00
2017.05.05 17:07:58.562,12.26722,12.26982,0.00,0.00
2017.05.05 17:07:59.121,12.26721,12.26981,0.00,0.00
2017.05.05 17:07:59.395,12.26728,12.26992,0.00,0.00
2017.05.05 17:07:59.496,12.26722,12.26992,0.00,0.00
2017.05.05 17:07:59.547,12.26752,12.27001,0.00,0.00
2017.05.05 17:07:59.817,12.26731,12.26982,0.00,0.00
2017.05.05 17:08:00.162,12.26731,12.26991,0.00,0.00
2017.05.05 17:08:00.364,12.26731,12.26982,0.00,0.00
2017.05.05 17:08:00.767,12.26731,12.26971,0.00,0.00
2017.05.05 17:08:01.312,12.26721,12.26971,0.00,0.00
2017.05.05 17:08:01.363,12.26722,12.26991,0.00,0.00
2017.05.05 17:08:01.464,12.26722,12.26981,0.00,0.00
2017.05.05 17:08:01.566,12.26722,12.26991,0.00,0.00
2017.05.05 17:08:01.667,12.26729,12.26991,0.00,0.00
2017.05.05 17:08:01.785,12.26722,12.26991,0.00,0.00
2017.05.05 17:08:02.042,12.26751,12.26992,0.00,0.00
2017.05.05 17:08:02.194,12.26731,12.26991,0.00,0.00
2017.05.05 17:08:02.454,12.26731,12.26982,0.00,0.00
2017.05.05 17:08:02.581,12.26731,12.26991,0.00,0.00
2017.05.05 17:08:02.654,12.26731,12.26982,0.00,0.00
2017.05.05 17:08:03.061,12.26731,12.26991,0.00,0.00
2017.05.05 17:08:04.557,12.26731,12.26981,0.00,0.00
2017.05.05 17:08:05.760,12.26731,12.26991,0.00,0.00
2017.05.05 17:08:08.193,12.26771,12.27002,0.00,0.00
2017.05.05 17:08:08.244,12.26748,12.27002,0.00,0.00
2017.05.05 17:08:08.295,12.26741,12.26992,0.00,0.00
2017.05.05 17:08:08.660,12.26732,12.26992,0.00,0.00
2017.05.05 17:08:08.811,12.26732,12.26981,0.00,0.00
2017.05.05 17:08:08.981,12.26732,12.26992,0.00,0.00
2017.05.05 17:08:09.465,12.26732,12.26982,0.00,0.00
2017.05.05 17:08:09.640,12.26732,12.26992,0.00,0.00
2017.05.05 17:08:09.691,12.26749,12.26992,0.00,0.00
2017.05.05 17:08:10.266,12.26732,12.26992,0.00,0.00
2017.05.05 17:08:10.638,12.26722,12.26992,0.00,0.00
2017.05.05 17:08:10.789,12.26722,12.26982,0.00,0.00
2017.05.05 17:08:10.991,12.26722,12.26992,0.00,0.00
2017.05.05 17:08:11.092,12.26722,12.26962,0.00,0.00
2017.05.05 17:08:11.283,12.26722,12.26972,0.00,0.00
2017.05.05 17:08:11.384,12.26722,12.26992,0.00,0.00
2017.05.05 17:08:12.874,12.26728,12.26992,0.00,0.00
2017.05.05 17:08:13.691,12.26722,12.26992,0.00,0.00
2017.05.05 17:08:13.771,12.26729,12.26992,0.00,0.00
2017.05.05 17:08:14.710,12.26722,12.26992,0.00,0.00
2017.05.05 17:08:14.980,12.26722,12.26982,0.00,0.00
2017.05.05 17:08:15.081,12.26722,12.26992,0.00,0.00
2017.05.05 17:08:15.173,12.26722,12.26982,0.00,0.00
2017.05.05 17:08:15.389,12.26722,12.26992,0.00,0.00
2017.05.05 17:08:15.490,12.26722,12.26981,0.00,0.00
2017.05.05 17:08:15.974,12.26728,12.26992,0.00,0.00
2017.05.05 17:08:16.075,12.26722,12.26992,0.00,0.00
2017.05.05 17:08:16.891,12.26722,12.26981,0.00,0.00
2017.05.05 17:08:17.376,12.26722,12.26971,0.00,0.00
2017.05.05 17:08:17.476,12.26722,12.26991,0.00,0.00
2017.05.05 17:08:17.809,12.26728,12.26991,0.00,0.00
2017.05.05 17:08:18.146,12.26722,12.26971,0.00,0.00
2017.05.05 17:08:18.424,12.26722,12.26991,0.00,0.00
2017.05.05 17:08:18.578,12.26722,12.26972,0.00,0.00
2017.05.05 17:08:18.694,12.26722,12.26981,0.00,0.00
2017.05.05 17:08:18.834,12.26728,12.26991,0.00,0.00
2017.05.05 17:08:19.079,12.26722,12.26982,0.00,0.00
2017.05.05 17:08:19.391,12.26722,12.26971,0.00,0.00
2017.05.05 17:08:19.492,12.26722,12.26991,0.00,0.00
2017.05.05 17:08:20.180,12.26722,12.26981,0.00,0.00
2017.05.05 17:08:21.031,12.26722,12.26991,0.00,0.00
2017.05.05 17:08:21.082,12.26722,12.26961,0.00,0.00
2017.05.05 17:08:21.183,12.26722,12.26982,0.00,0.00
2017.05.05 17:08:22.923,12.26722,12.26908,0.00,0.00
2017.05.05 17:08:22.973,12.26721,12.26939,0.00,0.00
2017.05.05 17:08:23.075,12.26721,12.26951,0.00,0.00
2017.05.05 17:08:23.184,12.26721,12.26992,0.00,0.00
2017.05.05 17:08:23.697,12.26722,12.26992,0.00,0.00
2017.05.05 17:08:24.596,12.26721,12.26992,0.00,0.00
2017.05.05 17:08:24.697,12.26722,12.26982,0.00,0.00
2017.05.05 17:08:25.138,12.26721,12.26971,0.00,0.00
2017.05.05 17:08:25.297,12.26722,12.26992,0.00,0.00
2017.05.05 17:08:25.902,12.26721,12.26992,0.00,0.00
2017.05.05 17:08:26.104,12.26728,12.26992,0.00,0.00
2017.05.05 17:08:26.418,12.26721,12.26892,0.00,0.00
2017.05.05 17:08:26.519,12.26721,12.26918,0.00,0.00
2017.05.05 17:08:26.570,12.26721,12.26941,0.00,0.00
2017.05.05 17:08:26.621,12.26721,12.26972,0.00,0.00
2017.05.05 17:08:26.723,12.26721,12.26992,0.00,0.00
2017.05.05 17:08:27.485,12.26722,12.26992,0.00,0.00
2017.05.05 17:08:27.536,12.26721,12.26972,0.00,0.00
2017.05.05 17:08:27.923,12.26722,12.26981,0.00,0.00
2017.05.05 17:08:28.024,12.26722,12.26992,0.00,0.00
2017.05.05 17:08:28.093,12.26728,12.26992,0.00,0.00
2017.05.05 17:08:28.193,12.26722,12.26992,0.00,0.00
2017.05.05 17:08:28.393,12.26728,12.26992,0.00,0.00
2017.05.05 17:08:29.741,12.26721,12.26992,0.00,0.00
2017.05.05 17:08:30.212,12.26729,12.26992,0.00,0.00
2017.05.05 17:08:30.514,12.26722,12.26942,0.00,0.00
2017.05.05 17:08:30.615,12.26721,12.26952,0.00,0.00
2017.05.05 17:08:30.717,12.26721,12.26991,0.00,0.00
2017.05.05 17:08:30.940,12.26721,12.26972,0.00,0.00
2017.05.05 17:08:31.141,12.26721,12.26991,0.00,0.00
2017.05.05 17:08:31.198,12.26728,12.26991,0.00,0.00
2017.05.05 17:08:31.704,12.26821,12.26991,0.00,0.00
2017.05.05 17:08:31.755,12.26782,12.27012,0.00,0.00
2017.05.05 17:08:31.807,12.26782,12.27019,0.00,0.00
2017.05.05 17:08:32.347,12.26781,12.27019,0.00,0.00
2017.05.05 17:08:32.498,12.26769,12.26992,0.00,0.00
2017.05.05 17:08:32.549,12.26759,12.26992,0.00,0.00
2017.05.05 17:08:32.650,12.26749,12.26992,0.00,0.00
2017.05.05 17:08:32.701,12.26731,12.26992,0.00,0.00
2017.05.05 17:08:32.800,12.26748,12.26992,0.00,0.00
2017.05.05 17:08:32.901,12.26738,12.26992,0.00,0.00
2017.05.05 17:08:33.002,12.26822,12.27009,0.00,0.00
2017.05.05 17:08:33.053,12.26749,12.27008,0.00,0.00
2017.05.05 17:08:33.104,12.26779,12.26992,0.00,0.00
2017.05.05 17:08:33.201,12.26741,12.26992,0.00,0.00
2017.05.05 17:08:33.669,12.26731,12.26992,0.00,0.00
2017.05.05 17:08:34.133,12.26811,12.27002,0.00,0.00
2017.05.05 17:08:34.234,12.26811,12.27092,0.00,0.00
2017.05.05 17:08:34.481,12.26822,12.27092,0.00,0.00
2017.05.05 17:08:34.953,12.26822,12.27081,0.00,0.00
2017.05.05 17:08:35.004,12.26828,12.27092,0.00,0.00
2017.05.05 17:08:35.206,12.26821,12.27092,0.00,0.00
2017.05.05 17:08:35.304,12.26828,12.27092,0.00,0.00
2017.05.05 17:08:35.551,12.26822,12.27092,0.00,0.00
2017.05.05 17:08:35.601,12.26858,12.27101,0.00,0.00
2017.05.05 17:08:35.652,12.26858,12.27109,0.00,0.00
2017.05.05 17:08:35.753,12.26858,12.27102,0.00,0.00
2017.05.05 17:08:36.320,12.26858,12.27092,0.00,0.00
2017.05.05 17:08:36.421,12.26858,12.27109,0.00,0.00
2017.05.05 17:08:37.133,12.26858,12.27092,0.00,0.00
2017.05.05 17:08:37.207,12.26858,12.27109,0.00,0.00
2017.05.05 17:08:37.308,12.26858,12.27102,0.00,0.00
2017.05.05 17:08:37.607,12.26858,12.27109,0.00,0.00
2017.05.05 17:08:38.104,12.26882,12.27108,0.00,0.00
2017.05.05 17:08:38.621,12.26882,12.27109,0.00,0.00
2017.05.05 17:08:40.051,12.26882,12.27108,0.00,0.00
2017.05.05 17:08:40.962,12.26882,12.27109,0.00,0.00
2017.05.05 17:08:42.311,12.26882,12.27108,0.00,0.00
2017.05.05 17:08:43.000,12.26882,12.27109,0.00,0.00
2017.05.05 17:08:44.086,12.26882,12.27108,0.00,0.00
2017.05.05 17:08:45.536,12.26882,12.27109,0.00,0.00
2017.05.05 17:08:45.868,12.26882,12.27101,0.00,0.00
2017.05.05 17:08:46.019,12.26882,12.27108,0.00,0.00
2017.05.05 17:08:46.569,12.26882,12.27109,0.00,0.00
2017.05.05 17:08:47.105,12.26882,12.27108,0.00,0.00
2017.05.05 17:08:47.666,12.26882,12.27109,0.00,0.00
2017.05.05 17:08:48.840,12.26882,12.27108,0.00,0.00
2017.05.05 17:08:49.546,12.26882,12.27109,0.00,0.00
2017.05.05 17:08:50.648,12.26882,12.27108,0.00,0.00
2017.05.05 17:08:51.450,12.26882,12.27109,0.00,0.00
2017.05.05 17:08:51.990,12.26882,12.27108,0.00,0.00
2017.05.05 17:08:54.243,12.26882,12.27109,0.00,0.00
2017.05.05 17:08:54.986,12.26882,12.27108,0.00,0.00
2017.05.05 17:08:55.091,12.26961,12.27152,0.00,0.00
2017.05.05 17:08:55.141,12.26961,12.27161,0.00,0.00
2017.05.05 17:08:55.243,12.26961,12.27208,0.00,0.00
2017.05.05 17:08:55.866,12.26961,12.27209,0.00,0.00
2017.05.05 17:08:55.917,12.26961,12.27109,0.00,0.00
2017.05.05 17:08:55.967,12.26959,12.27108,0.00,0.00
2017.05.05 17:08:56.069,12.26961,12.27182,0.00,0.00
2017.05.05 17:08:56.170,12.26961,12.27152,0.00,0.00
2017.05.05 17:08:56.271,12.26969,12.27209,0.00,0.00
2017.05.05 17:08:56.333,12.26961,12.27209,0.00,0.00
2017.05.05 17:08:56.650,12.26968,12.27209,0.00,0.00
2017.05.05 17:08:57.234,12.26961,12.27208,0.00,0.00
2017.05.05 17:08:58.080,12.26961,12.27209,0.00,0.00
2017.05.05 17:08:58.686,12.26961,12.27208,0.00,0.00
2017.05.05 17:08:59.137,12.26969,12.27208,0.00,0.00
2017.05.05 17:08:59.570,12.26961,12.27209,0.00,0.00
2017.05.05 17:08:59.937,12.26969,12.27209,0.00,0.00
2017.05.05 17:09:00.270,12.26961,12.27208,0.00,0.00
2017.05.05 17:09:00.371,12.26968,12.27208,0.00,0.00
2017.05.05 17:09:00.438,12.26961,12.27208,0.00,0.00
2017.05.05 17:09:03.121,12.26961,12.27209,0.00,0.00
2017.05.05 17:09:03.262,12.26969,12.27208,0.00,0.00
2017.05.05 17:09:03.637,12.26979,12.27208,0.00,0.00
2017.05.05 17:09:04.297,12.26979,12.27209,0.00,0.00
2017.05.05 17:09:04.794,12.26961,12.27209,0.00,0.00
2017.05.05 17:09:05.947,12.26969,12.27209,0.00,0.00
2017.05.05 17:09:06.472,12.26969,12.27208,0.00,0.00
2017.05.05 17:09:06.573,12.26961,12.27209,0.00,0.00
2017.05.05 17:09:06.674,12.26969,12.27208,0.00,0.00
2017.05.05 17:09:06.775,12.26961,12.27209,0.00,0.00
2017.05.05 17:09:07.392,12.26961,12.27208,0.00,0.00
2017.05.05 17:09:07.550,12.26969,12.27208,0.00,0.00
2017.05.05 17:09:08.651,12.26961,12.27208,0.00,0.00
2017.05.05 17:09:09.452,12.26968,12.27208,0.00,0.00
2017.05.05 17:09:09.552,12.26961,12.27208,0.00,0.00
2017.05.05 17:09:10.754,12.26968,12.27208,0.00,0.00
2017.05.05 17:09:11.410,12.26968,12.27209,0.00,0.00
2017.05.05 17:09:12.060,12.26968,12.27208,0.00,0.00
2017.05.05 17:09:12.161,12.26961,12.27208,0.00,0.00
2017.05.05 17:09:14.100,12.26961,12.27209,0.00,0.00
2017.05.05 17:09:14.261,12.26968,12.27209,0.00,0.00
2017.05.05 17:09:14.362,12.26961,12.27209,0.00,0.00
2017.05.05 17:09:15.282,12.26968,12.27209,0.00,0.00
2017.05.05 17:09:15.460,12.26961,12.27209,0.00,0.00
2017.05.05 17:09:17.841,12.26961,12.27208,0.00,0.00
2017.05.05 17:09:17.981,12.26969,12.27208,0.00,0.00
2017.05.05 17:09:18.571,12.26969,12.27209,0.00,0.00
2017.05.05 17:09:19.591,12.26961,12.27209,0.00,0.00
2017.05.05 17:09:19.692,12.26969,12.27209,0.00,0.00
2017.05.05 17:09:21.024,12.26969,12.27208,0.00,0.00
2017.05.05 17:09:21.405,12.26961,12.27208,0.00,0.00
2017.05.05 17:09:21.467,12.26968,12.27208,0.00,0.00
2017.05.05 17:09:21.683,12.26961,12.27208,0.00,0.00
2017.05.05 17:09:22.292,12.26969,12.27208,0.00,0.00
2017.05.05 17:09:22.868,12.26961,12.27209,0.00,0.00
2017.05.05 17:09:23.070,12.26968,12.27209,0.00,0.00
2017.05.05 17:09:24.232,12.26968,12.27208,0.00,0.00
2017.05.05 17:09:24.283,12.26961,12.27208,0.00,0.00
2017.05.05 17:09:24.370,12.26979,12.27208,0.00,0.00
2017.05.05 17:09:24.471,12.26961,12.27208,0.00,0.00
2017.05.05 17:09:24.990,12.26979,12.27209,0.00,0.00
2017.05.05 17:09:25.678,12.26961,12.27209,0.00,0.00
2017.05.05 17:09:25.873,12.26978,12.27209,0.00,0.00
2017.05.05 17:09:26.073,12.26961,12.27209,0.00,0.00
2017.05.05 17:09:26.719,12.26978,12.27209,0.00,0.00
2017.05.05 17:09:26.999,12.26961,12.27208,0.00,0.00
2017.05.05 17:09:27.100,12.26979,12.27208,0.00,0.00
2017.05.05 17:09:28.176,12.26968,12.27208,0.00,0.00
2017.05.05 17:09:28.890,12.26961,12.27208,0.00,0.00
2017.05.05 17:09:29.800,12.26978,12.27208,0.00,0.00
2017.05.05 17:09:30.100,12.26968,12.27208,0.00,0.00
2017.05.05 17:09:30.202,12.26961,12.27208,0.00,0.00
2017.05.05 17:09:30.379,12.26968,12.27208,0.00,0.00
2017.05.05 17:09:30.699,12.26979,12.27209,0.00,0.00
2017.05.05 17:09:31.204,12.26961,12.27208,0.00,0.00
2017.05.05 17:09:31.720,12.26979,12.27208,0.00,0.00
2017.05.05 17:09:31.881,12.26969,12.27208,0.00,0.00
2017.05.05 17:09:32.181,12.26979,12.27208,0.00,0.00
2017.05.05 17:09:34.001,12.26961,12.27209,0.00,0.00
2017.05.05 17:09:34.584,12.26961,12.27208,0.00,0.00
2017.05.05 17:09:35.091,12.26961,12.27209,0.00,0.00
2017.05.05 17:09:39.130,12.26961,12.27208,0.00,0.00
2017.05.05 17:09:40.622,12.26961,12.27209,0.00,0.00
2017.05.05 17:09:40.921,12.26968,12.27209,0.00,0.00
2017.05.05 17:09:41.126,12.26961,12.27209,0.00,0.00
2017.05.05 17:09:41.210,12.26968,12.27209,0.00,0.00
2017.05.05 17:09:42.420,12.26961,12.27209,0.00,0.00
2017.05.05 17:09:42.511,12.26968,12.27209,0.00,0.00
2017.05.05 17:09:42.612,12.26961,12.27209,0.00,0.00
2017.05.05 17:09:46.131,12.26968,12.27208,0.00,0.00
2017.05.05 17:09:46.817,12.26961,12.27208,0.00,0.00
2017.05.05 17:09:47.131,12.26968,12.27209,0.00,0.00
2017.05.05 17:09:47.232,12.26961,12.27208,0.00,0.00
2017.05.05 17:09:47.818,12.26961,12.27209,0.00,0.00
2017.05.05 17:09:48.466,12.26961,12.27208,0.00,0.00
2017.05.05 17:09:48.710,12.26939,12.27108,0.00,0.00
2017.05.05 17:09:48.889,12.26871,12.27109,0.00,0.00
2017.05.05 17:09:49.121,12.26878,12.27108,0.00,0.00
2017.05.05 17:09:49.630,12.26878,12.27109,0.00,0.00
2017.05.05 17:09:50.122,12.26871,12.27109,0.00,0.00
2017.05.05 17:09:50.523,12.26878,12.27109,0.00,0.00
2017.05.05 17:09:50.624,12.26871,12.27109,0.00,0.00
2017.05.05 17:09:50.725,12.26879,12.27108,0.00,0.00
2017.05.05 17:09:51.081,12.26889,12.27109,0.00,0.00
2017.05.05 17:09:52.025,12.26878,12.27109,0.00,0.00
2017.05.05 17:09:52.246,12.26889,12.27109,0.00,0.00
2017.05.05 17:09:52.759,12.26889,12.27108,0.00,0.00
2017.05.05 17:09:53.236,12.26899,12.27109,0.00,0.00
2017.05.05 17:09:54.027,12.26879,12.27109,0.00,0.00
2017.05.05 17:09:54.591,12.26879,12.27108,0.00,0.00
2017.05.05 17:09:55.550,12.26871,12.27109,0.00,0.00
2017.05.05 17:09:57.949,12.26871,12.27108,0.00,0.00
2017.05.05 17:09:58.032,12.26879,12.27108,0.00,0.00
2017.05.05 17:09:58.601,12.26879,12.27109,0.00,0.00
2017.05.05 17:09:58.652,12.26871,12.27108,0.00,0.00
2017.05.05 17:09:59.182,12.26871,12.27132,0.00,0.00
2017.05.05 17:09:59.284,12.26878,12.27162,0.00,0.00
2017.05.05 17:09:59.385,12.26852,12.27059,0.00,0.00
2017.05.05 17:09:59.486,12.26859,12.27111,0.00,0.00
2017.05.05 17:09:59.537,12.26859,12.27122,0.00,0.00
2017.05.05 17:09:59.638,12.26859,12.27111,0.00,0.00
2017.05.05 17:09:59.739,12.26859,12.27142,0.00,0.00
2017.05.05 17:10:00.372,12.26871,12.27142,0.00,0.00
2017.05.05 17:10:00.473,12.26871,12.27151,0.00,0.00
2017.05.05 17:10:00.575,12.26889,12.27169,0.00,0.00
2017.05.05 17:10:01.042,12.26919,12.27201,0.00,0.00
2017.05.05 17:10:01.961,12.26958,12.27129,0.00,0.00
2017.05.05 17:10:02.062,12.26872,12.27129,0.00,0.00
2017.05.05 17:10:02.642,12.26962,12.27128,0.00,0.00
2017.05.05 17:10:02.692,12.26908,12.27129,0.00,0.00
2017.05.05 17:10:02.743,12.26928,12.27129,0.00,0.00
2017.05.05 17:10:02.844,12.26908,12.27129,0.00,0.00
2017.05.05 17:10:02.952,12.26878,12.27128,0.00,0.00
2017.05.05 17:10:03.053,12.26871,12.27128,0.00,0.00
2017.05.05 17:10:04.469,12.26871,12.27129,0.00,0.00
2017.05.05 17:10:04.570,12.26888,12.27129,0.00,0.00
2017.05.05 17:10:04.672,12.26871,12.27129,0.00,0.00
2017.05.05 17:10:05.961,12.26888,12.27129,0.00,0.00
2017.05.05 17:10:06.370,12.26898,12.27129,0.00,0.00
2017.05.05 17:10:06.846,12.26878,12.27129,0.00,0.00
2017.05.05 17:10:09.092,12.26878,12.27128,0.00,0.00
2017.05.05 17:10:09.855,12.26878,12.27129,0.00,0.00
2017.05.05 17:10:09.956,12.26899,12.27129,0.00,0.00
2017.05.05 17:10:10.057,12.26951,12.27192,0.00,0.00
2017.05.05 17:10:10.108,12.26959,12.27192,0.00,0.00
2017.05.05 17:10:10.159,12.26959,12.27241,0.00,0.00
2017.05.05 17:10:10.581,12.26959,12.27232,0.00,0.00
2017.05.05 17:10:12.555,12.26959,12.27241,0.00,0.00
2017.05.05 17:10:12.770,12.26959,12.27231,0.00,0.00
2017.05.05 17:10:13.076,12.26959,12.27221,0.00,0.00
2017.05.05 17:10:13.156,12.26959,12.27232,0.00,0.00
2017.05.05 17:10:13.372,12.26959,12.27242,0.00,0.00
2017.05.05 17:10:13.902,12.26959,12.27222,0.00,0.00
2017.05.05 17:10:13.957,12.26968,12.27252,0.00,0.00
2017.05.05 17:10:15.158,12.26959,12.27241,0.00,0.00
2017.05.05 17:10:15.491,12.26968,12.27252,0.00,0.00
2017.05.05 17:10:16.372,12.26959,12.27221,0.00,0.00
2017.05.05 17:10:16.496,12.26969,12.27251,0.00,0.00
2017.05.05 17:10:16.597,12.26959,12.27221,0.00,0.00
2017.05.05 17:10:16.699,12.26968,12.27252,0.00,0.00
2017.05.05 17:10:19.511,12.26959,12.27232,0.00,0.00
2017.05.05 17:10:21.204,12.26959,12.27242,0.00,0.00
2017.05.05 17:10:21.265,12.26978,12.27258,0.00,0.00
2017.05.05 17:10:21.366,12.26959,12.27242,0.00,0.00
2017.05.05 17:10:21.901,12.26978,12.27258,0.00,0.00
2017.05.05 17:10:22.709,12.26969,12.27251,0.00,0.00
2017.05.05 17:10:23.971,12.26978,12.27259,0.00,0.00
2017.05.05 17:10:24.657,12.26978,12.27249,0.00,0.00
2017.05.05 17:10:26.202,12.26959,12.27232,0.00,0.00
2017.05.05 17:10:26.688,12.26978,12.27249,0.00,0.00
2017.05.05 17:10:27.820,12.26959,12.27242,0.00,0.00
2017.05.05 17:10:27.874,12.26959,12.27231,0.00,0.00
2017.05.05 17:10:29.276,12.26959,12.27241,0.00,0.00
2017.05.05 17:10:29.776,12.26959,12.27221,0.00,0.00
2017.05.05 17:10:30.916,12.26959,12.27242,0.00,0.00
2017.05.05 17:10:30.978,12.26959,12.27222,0.00,0.00
2017.05.05 17:10:31.181,12.26959,12.27242,0.00,0.00
2017.05.05 17:10:31.512,12.26959,12.27222,0.00,0.00
2017.05.05 17:10:32.987,12.26938,12.27128,0.00,0.00
2017.05.05 17:10:33.089,12.26909,12.27129,0.00,0.00
2017.05.05 17:10:33.181,12.26859,12.27129,0.00,0.00
2017.05.05 17:10:33.512,12.26868,12.27129,0.00,0.00
2017.05.05 17:10:33.613,12.26859,12.27129,0.00,0.00
2017.05.05 17:10:33.789,12.26878,12.27129,0.00,0.00
2017.05.05 17:10:33.991,12.26859,12.27129,0.00,0.00
2017.05.05 17:10:34.092,12.26859,12.27121,0.00,0.00
2017.05.05 17:10:35.876,12.26839,12.27029,0.00,0.00
2017.05.05 17:10:36.028,12.26828,12.27028,0.00,0.00
2017.05.05 17:10:36.087,12.26769,12.27028,0.00,0.00
2017.05.05 17:10:36.688,12.26778,12.27029,0.00,0.00
2017.05.05 17:10:36.788,12.26761,12.27029,0.00,0.00
2017.05.05 17:10:36.988,12.26778,12.27029,0.00,0.00
2017.05.05 17:10:37.528,12.26778,12.27028,0.00,0.00
2017.05.05 17:10:37.589,12.26768,12.27028,0.00,0.00
2017.05.05 17:10:37.690,12.26758,12.27029,0.00,0.00
2017.05.05 17:10:38.090,12.26779,12.27029,0.00,0.00
2017.05.05 17:10:38.717,12.26779,12.27028,0.00,0.00
2017.05.05 17:10:39.092,12.26768,12.27029,0.00,0.00
2017.05.05 17:10:39.531,12.26788,12.27028,0.00,0.00
2017.05.05 17:10:39.593,12.26758,12.27028,0.00,0.00
2017.05.05 17:10:40.121,12.26758,12.27029,0.00,0.00
2017.05.05 17:10:40.699,12.26768,12.27029,0.00,0.00
2017.05.05 17:10:41.007,12.26758,12.27011,0.00,0.00
2017.05.05 17:10:41.109,12.26759,12.27028,0.00,0.00
2017.05.05 17:10:41.210,12.26759,12.26928,0.00,0.00
2017.05.05 17:10:41.311,12.26728,12.26928,0.00,0.00
2017.05.05 17:10:41.412,12.26679,12.26928,0.00,0.00
2017.05.05 17:10:41.496,12.26658,12.26928,0.00,0.00
2017.05.05 17:10:41.643,12.26678,12.26929,0.00,0.00
2017.05.05 17:10:41.947,12.26758,12.26932,0.00,0.00
2017.05.05 17:10:41.997,12.26759,12.27028,0.00,0.00
2017.05.05 17:10:42.201,12.26758,12.27022,0.00,0.00
2017.05.05 17:10:42.827,12.26758,12.27012,0.00,0.00
2017.05.05 17:10:43.298,12.26758,12.27022,0.00,0.00
2017.05.05 17:10:44.244,12.26759,12.27028,0.00,0.00
2017.05.05 17:10:44.299,12.26768,12.27028,0.00,0.00
2017.05.05 17:10:45.221,12.26758,12.27029,0.00,0.00
2017.05.05 17:10:45.300,12.26758,12.27012,0.00,0.00
2017.05.05 17:10:45.529,12.26758,12.27029,0.00,0.00
2017.05.05 17:10:46.122,12.26758,12.27021,0.00,0.00
2017.05.05 17:10:46.511,12.26759,12.27029,0.00,0.00
2017.05.05 17:10:46.562,12.26759,12.26939,0.00,0.00
2017.05.05 17:10:46.612,12.26742,12.26938,0.00,0.00
2017.05.05 17:10:46.713,12.26759,12.26939,0.00,0.00
2017.05.05 17:10:46.953,12.26759,12.27029,0.00,0.00
2017.05.05 17:10:47.134,12.26759,12.27012,0.00,0.00
2017.05.05 17:10:47.525,12.26758,12.26959,0.00,0.00
2017.05.05 17:10:47.579,12.26708,12.26959,0.00,0.00
2017.05.05 17:10:47.730,12.26728,12.26959,0.00,0.00
2017.05.05 17:10:47.831,12.26709,12.26959,0.00,0.00
2017.05.05 17:10:48.005,12.26718,12.26959,0.00,0.00
2017.05.05 17:10:48.154,12.26708,12.26959,0.00,0.00
2017.05.05 17:10:48.606,12.26718,12.26959,0.00,0.00
2017.05.05 17:10:48.707,12.26759,12.27002,0.00,0.00
2017.05.05 17:10:48.808,12.26759,12.26992,0.00,0.00
2017.05.05 17:10:48.906,12.26759,12.27029,0.00,0.00
2017.05.05 17:10:48.959,12.26759,12.26929,0.00,0.00
2017.05.05 17:10:49.111,12.26758,12.26939,0.00,0.00
2017.05.05 17:10:49.262,12.26758,12.26982,0.00,0.00
2017.05.05 17:10:49.313,12.26758,12.27012,0.00,0.00
2017.05.05 17:10:49.527,12.26759,12.27029,0.00,0.00
2017.05.05 17:10:49.708,12.26758,12.27011,0.00,0.00
2017.05.05 17:10:50.108,12.26758,12.27028,0.00,0.00
2017.05.05 17:10:50.330,12.26758,12.26959,0.00,0.00
2017.05.05 17:10:50.849,12.26758,12.27012,0.00,0.00
2017.05.05 17:10:51.051,12.26758,12.27021,0.00,0.00
2017.05.05 17:10:51.153,12.26759,12.27029,0.00,0.00
2017.05.05 17:10:52.123,12.26758,12.27022,0.00,0.00
2017.05.05 17:10:52.447,12.26768,12.27029,0.00,0.00
2017.05.05 17:10:52.511,12.26758,12.27021,0.00,0.00
2017.05.05 17:10:52.611,12.26768,12.27029,0.00,0.00
2017.05.05 17:10:53.282,12.26768,12.26929,0.00,0.00
2017.05.05 17:10:53.437,12.26759,12.26928,0.00,0.00
2017.05.05 17:10:53.538,12.26661,12.26928,0.00,0.00
2017.05.05 17:10:53.711,12.26668,12.26928,0.00,0.00
2017.05.05 17:10:53.762,12.26661,12.26928,0.00,0.00
2017.05.05 17:10:53.913,12.26661,12.26921,0.00,0.00
2017.05.05 17:10:54.014,12.26661,12.26929,0.00,0.00
2017.05.05 17:10:54.400,12.26658,12.26929,0.00,0.00
2017.05.05 17:10:54.551,12.26658,12.26921,0.00,0.00
2017.05.05 17:10:54.614,12.26658,12.26928,0.00,0.00
2017.05.05 17:10:54.735,12.26668,12.26929,0.00,0.00
2017.05.05 17:10:54.914,12.26658,12.26929,0.00,0.00
2017.05.05 17:10:55.415,12.26659,12.26929,0.00,0.00
2017.05.05 17:10:55.615,12.26668,12.26928,0.00,0.00
2017.05.05 17:10:56.078,12.26678,12.26928,0.00,0.00
2017.05.05 17:10:56.460,12.26688,12.26928,0.00,0.00
2017.05.05 17:10:56.561,12.26669,12.26929,0.00,0.00
2017.05.05 17:10:57.017,12.26688,12.26929,0.00,0.00
2017.05.05 17:10:57.120,12.26669,12.26929,0.00,0.00
2017.05.05 17:10:58.218,12.26678,12.26929,0.00,0.00
2017.05.05 17:10:58.729,12.26678,12.26928,0.00,0.00
2017.05.05 17:10:59.040,12.26689,12.26929,0.00,0.00
2017.05.05 17:10:59.230,12.26678,12.26928,0.00,0.00
2017.05.05 17:10:59.320,12.26689,12.26928,0.00,0.00
2017.05.05 17:10:59.821,12.26669,12.26929,0.00,0.00
2017.05.05 17:11:00.433,12.26669,12.26928,0.00,0.00
2017.05.05 17:11:01.090,12.26669,12.26929,0.00,0.00
2017.05.05 17:11:01.245,12.26689,12.26929,0.00,0.00
2017.05.05 17:11:01.455,12.26678,12.26929,0.00,0.00
2017.05.05 17:11:01.624,12.26659,12.26929,0.00,0.00
2017.05.05 17:11:01.773,12.26751,12.26971,0.00,0.00
2017.05.05 17:11:01.874,12.26759,12.26981,0.00,0.00
2017.05.05 17:11:01.925,12.26768,12.27028,0.00,0.00
2017.05.05 17:11:02.112,12.26768,12.26928,0.00,0.00
2017.05.05 17:11:02.322,12.26728,12.26928,0.00,0.00
2017.05.05 17:11:02.373,12.26751,12.26929,0.00,0.00
2017.05.05 17:11:02.424,12.26718,12.26928,0.00,0.00
2017.05.05 17:11:02.525,12.26688,12.26928,0.00,0.00
2017.05.05 17:11:02.575,12.26769,12.26928,0.00,0.00
2017.05.05 17:11:02.626,12.26678,12.26929,0.00,0.00
2017.05.05 17:11:03.026,12.26671,12.26928,0.00,0.00
2017.05.05 17:11:03.532,12.26688,12.26928,0.00,0.00
2017.05.05 17:11:03.728,12.26671,12.26929,0.00,0.00
2017.05.05 17:11:04.990,12.26671,12.26928,0.00,0.00
2017.05.05 17:11:05.091,12.26669,12.26929,0.00,0.00
2017.05.05 17:11:05.344,12.26669,12.26922,0.00,0.00
2017.05.05 17:11:05.445,12.26669,12.26929,0.00,0.00
2017.05.05 17:11:05.571,12.26678,12.26929,0.00,0.00
2017.05.05 17:11:06.475,12.26678,12.26928,0.00,0.00
2017.05.05 17:11:06.576,12.26669,12.26928,0.00,0.00
2017.05.05 17:11:06.632,12.26678,12.26928,0.00,0.00
2017.05.05 17:11:06.765,12.26669,12.26928,0.00,0.00
2017.05.05 17:11:07.253,12.26678,12.26929,0.00,0.00
2017.05.05 17:11:07.455,12.26668,12.26928,0.00,0.00
2017.05.05 17:11:07.873,12.26678,12.26928,0.00,0.00
2017.05.05 17:11:08.211,12.26688,12.26928,0.00,0.00
2017.05.05 17:11:08.261,12.26678,12.26929,0.00,0.00
2017.05.05 17:11:08.335,12.26689,12.26929,0.00,0.00
2017.05.05 17:11:08.508,12.26668,12.26929,0.00,0.00
2017.05.05 17:11:09.042,12.26669,12.26928,0.00,0.00
2017.05.05 17:11:09.570,12.26668,12.26929,0.00,0.00
2017.05.05 17:11:09.671,12.26678,12.26929,0.00,0.00
2017.05.05 17:11:10.239,12.26668,12.26928,0.00,0.00
2017.05.05 17:11:10.340,12.26689,12.26928,0.00,0.00
2017.05.05 17:11:10.539,12.26668,12.26928,0.00,0.00
2017.05.05 17:11:10.590,12.26762,12.26939,0.00,0.00
2017.05.05 17:11:10.640,12.26762,12.26941,0.00,0.00
2017.05.05 17:11:10.691,12.26768,12.26941,0.00,0.00
2017.05.05 17:11:10.742,12.26768,12.26958,0.00,0.00
2017.05.05 17:11:10.895,12.26768,12.27029,0.00,0.00
2017.05.05 17:11:11.260,12.26768,12.27022,0.00,0.00
2017.05.05 17:11:11.388,12.26768,12.27028,0.00,0.00
2017.05.05 17:11:12.610,12.26768,12.27029,0.00,0.00
2017.05.05 17:11:13.292,12.26768,12.27028,0.00,0.00
2017.05.05 17:11:13.847,12.26768,12.27029,0.00,0.00
2017.05.05 17:11:14.180,12.26778,12.27029,0.00,0.00
2017.05.05 17:11:14.248,12.26768,12.27029,0.00,0.00
2017.05.05 17:11:14.967,12.26768,12.27028,0.00,0.00
2017.05.05 17:11:16.385,12.26768,12.27029,0.00,0.00
2017.05.05 17:11:16.553,12.26778,12.27029,0.00,0.00
2017.05.05 17:11:17.070,12.26768,12.27028,0.00,0.00
2017.05.05 17:11:17.607,12.26768,12.27029,0.00,0.00
2017.05.05 17:11:18.269,12.26769,12.27028,0.00,0.00
2017.05.05 17:11:18.966,12.26769,12.27029,0.00,0.00
2017.05.05 17:11:20.134,12.26769,12.27028,0.00,0.00
2017.05.05 17:11:20.483,12.26779,12.27028,0.00,0.00
2017.05.05 17:11:20.561,12.26768,12.27028,0.00,0.00
2017.05.05 17:11:21.099,12.26768,12.27029,0.00,0.00
2017.05.05 17:11:21.740,12.26768,12.27028,0.00,0.00
2017.05.05 17:11:22.267,12.26768,12.27029,0.00,0.00
2017.05.05 17:11:23.161,12.26768,12.27028,0.00,0.00
2017.05.05 17:11:23.917,12.26768,12.27029,0.00,0.00
2017.05.05 17:11:24.671,12.26778,12.27029,0.00,0.00
2017.05.05 17:11:25.673,12.26768,12.27029,0.00,0.00
2017.05.05 17:11:26.174,12.26778,12.27028,0.00,0.00
2017.05.05 17:11:26.751,12.26851,12.27062,0.00,0.00
2017.05.05 17:11:26.976,12.26869,12.27128,0.00,0.00
2017.05.05 17:11:27.077,12.26869,12.27121,0.00,0.00
2017.05.05 17:11:27.479,12.26869,12.27128,0.00,0.00
2017.05.05 17:11:27.990,12.26869,12.27129,0.00,0.00
2017.05.05 17:11:28.080,12.26869,12.27122,0.00,0.00
2017.05.05 17:11:28.407,12.26869,12.27128,0.00,0.00
2017.05.05 17:11:28.929,12.26869,12.27121,0.00,0.00
2017.05.05 17:11:28.982,12.26869,12.27129,0.00,0.00
2017.05.05 17:11:29.862,12.26869,12.27128,0.00,0.00
2017.05.05 17:11:30.085,12.26869,12.27121,0.00,0.00
2017.05.05 17:11:30.386,12.26869,12.27128,0.00,0.00
2017.05.05 17:11:31.010,12.26869,12.27129,0.00,0.00
2017.05.05 17:11:31.061,12.26859,12.27129,0.00,0.00
2017.05.05 17:11:32.059,12.26859,12.27128,0.00,0.00
2017.05.05 17:11:32.293,12.26859,12.27121,0.00,0.00
2017.05.05 17:11:32.921,12.26859,12.27129,0.00,0.00
2017.05.05 17:11:33.193,12.26859,12.27111,0.00,0.00
2017.05.05 17:11:33.614,12.26859,12.27121,0.00,0.00
2017.05.05 17:11:34.321,12.26859,12.27129,0.00,0.00
2017.05.05 17:11:35.393,12.26859,12.27128,0.00,0.00
2017.05.05 17:11:35.443,12.26849,12.27028,0.00,0.00
2017.05.05 17:11:35.544,12.26838,12.27029,0.00,0.00
2017.05.05 17:11:35.646,12.26802,12.27028,0.00,0.00
2017.05.05 17:11:35.696,12.26851,12.27029,0.00,0.00
2017.05.05 17:11:35.747,12.26809,12.27029,0.00,0.00
2017.05.05 17:11:35.899,12.26789,12.27029,0.00,0.00
2017.05.05 17:11:36.500,12.26769,12.27029,0.00,0.00
2017.05.05 17:11:36.700,12.26778,12.27028,0.00,0.00
2017.05.05 17:11:36.800,12.26769,12.27028,0.00,0.00
2017.05.05 17:11:36.917,12.26778,12.27028,0.00,0.00
2017.05.05 17:11:37.306,12.26788,12.27028,0.00,0.00
2017.05.05 17:11:37.406,12.26779,12.27028,0.00,0.00
2017.05.05 17:11:37.729,12.26768,12.27029,0.00,0.00
2017.05.05 17:11:37.931,12.26761,12.27029,0.00,0.00
2017.05.05 17:11:40.021,12.26761,12.27028,0.00,0.00
2017.05.05 17:11:40.670,12.26761,12.27029,0.00,0.00
2017.05.05 17:11:40.912,12.26769,12.27028,0.00,0.00
2017.05.05 17:11:41.112,12.26761,12.27028,0.00,0.00
2017.05.05 17:11:41.350,12.26759,12.26929,0.00,0.00
2017.05.05 17:11:41.451,12.26739,12.26929,0.00,0.00
2017.05.05 17:11:41.552,12.26672,12.26928,0.00,0.00
2017.05.05 17:11:41.653,12.26698,12.26929,0.00,0.00
2017.05.05 17:11:41.931,12.26678,12.26929,0.00,0.00
2017.05.05 17:11:42.502,12.26678,12.26928,0.00,0.00
2017.05.05 17:11:43.214,12.26678,12.26929,0.00,0.00
2017.05.05 17:11:44.230,12.26699,12.26929,0.00,0.00
2017.05.05 17:11:44.331,12.26689,12.26928,0.00,0.00
2017.05.05 17:11:44.633,12.26668,12.26929,0.00,0.00
2017.05.05 17:11:45.146,12.26668,12.26928,0.00,0.00
2017.05.05 17:11:46.731,12.26668,12.26858,0.00,0.00
2017.05.05 17:11:46.882,12.26668,12.26922,0.00,0.00
2017.05.05 17:11:46.933,12.26678,12.26929,0.00,0.00
2017.05.05 17:11:47.571,12.26668,12.26929,0.00,0.00
2017.05.05 17:11:48.115,12.26668,12.26928,0.00,0.00
2017.05.05 17:11:48.775,12.26668,12.26929,0.00,0.00
2017.05.05 17:11:49.683,12.26668,12.26928,0.00,0.00
2017.05.05 17:11:49.936,12.26678,12.26929,0.00,0.00
2017.05.05 17:11:50.228,12.26668,12.26929,0.00,0.00
2017.05.05 17:11:50.428,12.26689,12.26928,0.00,0.00
2017.05.05 17:11:51.093,12.26689,12.26929,0.00,0.00
2017.05.05 17:11:51.145,12.26668,12.26929,0.00,0.00
2017.05.05 17:11:51.531,12.26678,12.26929,0.00,0.00
2017.05.05 17:11:51.729,12.26678,12.26962,0.00,0.00
2017.05.05 17:11:52.560,12.26668,12.26952,0.00,0.00
2017.05.05 17:11:52.921,12.26679,12.26961,0.00,0.00
2017.05.05 17:11:53.785,12.26669,12.26951,0.00,0.00
2017.05.05 17:11:54.395,12.26668,12.26941,0.00,0.00
2017.05.05 17:11:55.037,12.26668,12.26952,0.00,0.00
2017.05.05 17:11:55.138,12.26678,12.26962,0.00,0.00
2017.05.05 17:11:55.471,12.26668,12.26942,0.00,0.00
2017.05.05 17:11:55.539,12.26669,12.26951,0.00,0.00
2017.05.05 17:11:55.600,12.26669,12.26878,0.00,0.00
2017.05.05 17:11:55.940,12.26668,12.26859,0.00,0.00
2017.05.05 17:11:56.671,12.26662,12.26849,0.00,0.00
2017.05.05 17:11:56.722,12.26662,12.26922,0.00,0.00
2017.05.05 17:11:56.823,12.26668,12.26952,0.00,0.00
2017.05.05 17:11:57.087,12.26668,12.26941,0.00,0.00
2017.05.05 17:11:57.141,12.26668,12.26952,0.00,0.00
2017.05.05 17:11:57.241,12.26668,12.26932,0.00,0.00
2017.05.05 17:11:57.466,12.26668,12.26952,0.00,0.00
2017.05.05 17:11:57.567,12.26683,12.26958,0.00,0.00
2017.05.05 17:11:58.181,12.26678,12.26958,0.00,0.00
2017.05.05 17:11:58.243,12.26668,12.26932,0.00,0.00
2017.05.05 17:11:58.644,12.26668,12.26951,0.00,0.00
2017.05.05 17:11:58.844,12.26674,12.26958,0.00,0.00
2017.05.05 17:11:58.944,12.26668,12.26952,0.00,0.00
2017.05.05 17:11:59.845,12.26668,12.26932,0.00,0.00
2017.05.05 17:11:59.945,12.26678,12.26958,0.00,0.00
2017.05.05 17:12:00.047,12.26688,12.26958,0.00,0.00
2017.05.05 17:12:00.246,12.26679,12.26958,0.00,0.00
2017.05.05 17:12:00.472,12.26668,12.26931,0.00,0.00
2017.05.05 17:12:00.747,12.26668,12.26952,0.00,0.00
2017.05.05 17:12:01.050,12.26679,12.26958,0.00,0.00
2017.05.05 17:12:01.365,12.26769,12.26952,0.00,0.00
2017.05.05 17:12:01.467,12.26769,12.27039,0.00,0.00
2017.05.05 17:12:01.708,12.26768,12.27032,0.00,0.00
2017.05.05 17:12:02.011,12.26731,12.26942,0.00,0.00
2017.05.05 17:12:02.062,12.26731,12.26948,0.00,0.00
2017.05.05 17:12:02.176,12.26668,12.26921,0.00,0.00
2017.05.05 17:12:02.461,12.26668,12.26949,0.00,0.00
2017.05.05 17:12:02.562,12.26689,12.26949,0.00,0.00
2017.05.05 17:12:03.051,12.26678,12.26949,0.00,0.00
2017.05.05 17:12:03.152,12.26669,12.26949,0.00,0.00
2017.05.05 17:12:03.252,12.26679,12.26949,0.00,0.00
2017.05.05 17:12:03.953,12.26668,12.26949,0.00,0.00
2017.05.05 17:12:04.054,12.26679,12.26949,0.00,0.00
2017.05.05 17:12:04.253,12.26668,12.26941,0.00,0.00
2017.05.05 17:12:04.902,12.26668,12.26948,0.00,0.00
2017.05.05 17:12:04.954,12.26668,12.26942,0.00,0.00
2017.05.05 17:12:05.276,12.26668,12.26932,0.00,0.00
2017.05.05 17:12:05.448,12.26679,12.26949,0.00,0.00
2017.05.05 17:12:05.861,12.26689,12.26949,0.00,0.00
2017.05.05 17:12:06.458,12.26679,12.26949,0.00,0.00
2017.05.05 17:12:07.559,12.26669,12.26949,0.00,0.00
2017.05.05 17:12:07.800,12.26752,12.26951,0.00,0.00
2017.05.05 17:12:07.902,12.26719,12.26949,0.00,0.00
2017.05.05 17:12:08.003,12.26769,12.26949,0.00,0.00
2017.05.05 17:12:08.053,12.26769,12.26969,0.00,0.00
2017.05.05 17:12:08.105,12.26752,12.26932,0.00,0.00
2017.05.05 17:12:08.206,12.26769,12.26952,0.00,0.00
2017.05.05 17:12:08.307,12.26769,12.27042,0.00,0.00
2017.05.05 17:12:08.773,12.26769,12.27022,0.00,0.00
2017.05.05 17:12:08.881,12.26769,12.27041,0.00,0.00
2017.05.05 17:12:09.564,12.26769,12.27021,0.00,0.00
2017.05.05 17:12:09.706,12.26769,12.27032,0.00,0.00
2017.05.05 17:12:09.864,12.26769,12.27021,0.00,0.00
2017.05.05 17:12:10.766,12.26769,12.27042,0.00,0.00
2017.05.05 17:12:11.408,12.26769,12.27031,0.00,0.00
2017.05.05 17:12:11.791,12.26769,12.27022,0.00,0.00
2017.05.05 17:12:13.170,12.26769,12.27042,0.00,0.00
2017.05.05 17:12:15.410,12.26769,12.27031,0.00,0.00
2017.05.05 17:12:15.574,12.26769,12.27041,0.00,0.00
2017.05.05 17:12:15.875,12.26769,12.27052,0.00,0.00
2017.05.05 17:12:15.998,12.26779,12.27058,0.00,0.00
2017.05.05 17:12:16.339,12.26779,12.26949,0.00,0.00
2017.05.05 17:12:16.389,12.26748,12.26949,0.00,0.00
2017.05.05 17:12:16.490,12.26669,12.26948,0.00,0.00
2017.05.05 17:12:16.576,12.26688,12.26948,0.00,0.00
2017.05.05 17:12:16.877,12.26669,12.26942,0.00,0.00
2017.05.05 17:12:17.378,12.26688,12.26948,0.00,0.00
2017.05.05 17:12:17.780,12.26698,12.26948,0.00,0.00
2017.05.05 17:12:18.082,12.26669,12.26949,0.00,0.00
2017.05.05 17:12:18.316,12.26679,12.26949,0.00,0.00
2017.05.05 17:12:18.660,12.26669,12.26932,0.00,0.00
2017.05.05 17:12:18.780,12.26669,12.26949,0.00,0.00
2017.05.05 17:12:18.881,12.26688,12.26949,0.00,0.00
2017.05.05 17:12:19.081,12.26669,12.26949,0.00,0.00
2017.05.05 17:12:20.459,12.26669,12.26948,0.00,0.00
2017.05.05 17:12:20.510,12.26669,12.26932,0.00,0.00
2017.05.05 17:12:20.905,12.26689,12.26948,0.00,0.00
2017.05.05 17:12:21.083,12.26669,12.26949,0.00,0.00
2017.05.05 17:12:21.191,12.26669,12.26942,0.00,0.00
2017.05.05 17:12:21.559,12.26688,12.26948,0.00,0.00
2017.05.05 17:12:21.610,12.26669,12.26948,0.00,0.00
2017.05.05 17:12:21.684,12.26669,12.26941,0.00,0.00
2017.05.05 17:12:22.786,12.26689,12.26949,0.00,0.00
2017.05.05 17:12:23.187,12.26669,12.26948,0.00,0.00
2017.05.05 17:12:23.857,12.26678,12.26948,0.00,0.00
2017.05.05 17:12:24.207,12.26684,12.26948,0.00,0.00
2017.05.05 17:12:25.000,12.26684,12.26949,0.00,0.00
2017.05.05 17:12:25.101,12.26669,12.26949,0.00,0.00
2017.05.05 17:12:25.190,12.26669,12.26942,0.00,0.00
2017.05.05 17:12:26.199,12.26673,12.26948,0.00,0.00
2017.05.05 17:12:26.300,12.26669,12.26949,0.00,0.00
2017.05.05 17:12:26.391,12.26673,12.26949,0.00,0.00
2017.05.05 17:12:27.661,12.26678,12.26948,0.00,0.00
2017.05.05 17:12:28.248,12.26718,12.26949,0.00,0.00
2017.05.05 17:12:28.299,12.26708,12.26949,0.00,0.00
2017.05.05 17:12:29.044,12.26708,12.26948,0.00,0.00
2017.05.05 17:12:29.145,12.26688,12.26949,0.00,0.00
2017.05.05 17:12:29.196,12.26669,12.26932,0.00,0.00
2017.05.05 17:12:29.540,12.26669,12.26879,0.00,0.00
2017.05.05 17:12:29.591,12.26669,12.26932,0.00,0.00
2017.05.05 17:12:29.642,12.26678,12.26948,0.00,0.00
2017.05.05 17:12:29.727,12.26669,12.26932,0.00,0.00
2017.05.05 17:12:30.446,12.26669,12.26949,0.00,0.00
2017.05.05 17:12:30.599,12.26679,12.26949,0.00,0.00
2017.05.05 17:12:31.100,12.26669,12.26949,0.00,0.00
2017.05.05 17:12:31.325,12.26679,12.26949,0.00,0.00
2017.05.05 17:12:31.886,12.26669,12.26932,0.00,0.00
2017.05.05 17:12:32.202,12.26669,12.26941,0.00,0.00
2017.05.05 17:12:32.303,12.26679,12.26948,0.00,0.00
2017.05.05 17:12:32.896,12.26678,12.26949,0.00,0.00
2017.05.05 17:12:34.030,12.26678,12.26948,0.00,0.00
2017.05.05 17:12:34.106,12.26669,12.26942,0.00,0.00
2017.05.05 17:12:34.206,12.26669,12.26932,0.00,0.00
2017.05.05 17:12:34.811,12.26669,12.26941,0.00,0.00
2017.05.05 17:12:34.926,12.26679,12.26948,0.00,0.00
2017.05.05 17:12:35.007,12.26669,12.26941,0.00,0.00
2017.05.05 17:12:35.508,12.26669,12.26932,0.00,0.00
2017.05.05 17:12:35.609,12.26669,12.26948,0.00,0.00
2017.05.05 17:12:35.711,12.26678,12.26949,0.00,0.00
2017.05.05 17:12:35.934,12.26669,12.26949,0.00,0.00
2017.05.05 17:12:36.510,12.26678,12.26949,0.00,0.00
2017.05.05 17:12:38.000,12.26678,12.26948,0.00,0.00
2017.05.05 17:12:38.112,12.26669,12.26948,0.00,0.00
2017.05.05 17:12:38.255,12.26669,12.26932,0.00,0.00
2017.05.05 17:12:38.356,12.26669,12.26949,0.00,0.00
2017.05.05 17:12:38.412,12.26679,12.26949,0.00,0.00
2017.05.05 17:12:38.613,12.26669,12.26941,0.00,0.00
2017.05.05 17:12:38.714,12.26678,12.26949,0.00,0.00
2017.05.05 17:12:39.195,12.26678,12.26931,0.00,0.00
2017.05.05 17:12:39.246,12.26678,12.26942,0.00,0.00
2017.05.05 17:12:40.658,12.26678,12.26949,0.00,0.00
2017.05.05 17:12:40.759,12.26688,12.26949,0.00,0.00
2017.05.05 17:12:41.065,12.26879,12.27138,0.00,0.00
2017.05.05 17:12:41.167,12.26879,12.27149,0.00,0.00
2017.05.05 17:12:41.419,12.26879,12.27132,0.00,0.00
2017.05.05 17:12:41.741,12.26879,12.27142,0.00,0.00
2017.05.05 17:12:41.842,12.26879,12.27148,0.00,0.00
2017.05.05 17:12:42.044,12.26879,12.27142,0.00,0.00
2017.05.05 17:12:42.521,12.26879,12.27122,0.00,0.00
2017.05.05 17:12:42.622,12.26879,12.27142,0.00,0.00
2017.05.05 17:12:43.090,12.26868,12.27142,0.00,0.00
2017.05.05 17:12:43.141,12.26868,12.27121,0.00,0.00
2017.05.05 17:12:43.650,12.26868,12.27142,0.00,0.00
2017.05.05 17:12:44.664,12.26869,12.27149,0.00,0.00
2017.05.05 17:12:45.300,12.26869,12.27148,0.00,0.00
2017.05.05 17:12:45.624,12.26868,12.27132,0.00,0.00
2017.05.05 17:12:45.933,12.26861,12.27049,0.00,0.00
2017.05.05 17:12:45.984,12.26869,12.27058,0.00,0.00
2017.05.05 17:12:46.135,12.26869,12.27122,0.00,0.00
2017.05.05 17:12:46.236,12.26869,12.27149,0.00,0.00
2017.05.05 17:12:46.325,12.26869,12.27122,0.00,0.00
2017.05.05 17:12:46.628,12.26868,12.27058,0.00,0.00
2017.05.05 17:12:46.741,12.26868,12.27131,0.00,0.00
2017.05.05 17:12:46.951,12.26868,12.27142,0.00,0.00
2017.05.05 17:12:47.127,12.26868,12.27122,0.00,0.00
2017.05.05 17:12:47.451,12.26868,12.27079,0.00,0.00
2017.05.05 17:12:48.228,12.26868,12.27078,0.00,0.00
2017.05.05 17:12:48.549,12.26868,12.27048,0.00,0.00
2017.05.05 17:12:48.600,12.26838,12.27048,0.00,0.00
2017.05.05 17:12:48.651,12.26829,12.27048,0.00,0.00
2017.05.05 17:12:48.784,12.26768,12.27032,0.00,0.00
2017.05.05 17:12:49.130,12.26769,12.27048,0.00,0.00
2017.05.05 17:12:50.928,12.26862,12.27072,0.00,0.00
2017.05.05 17:12:50.979,12.26869,12.27132,0.00,0.00
2017.05.05 17:12:51.080,12.26869,12.27142,0.00,0.00
2017.05.05 17:12:52.047,12.26869,12.27122,0.00,0.00
2017.05.05 17:12:52.148,12.26869,12.27149,0.00,0.00
2017.05.05 17:12:52.864,12.26879,12.27149,0.00,0.00
2017.05.05 17:12:52.936,12.26869,12.27142,0.00,0.00
2017.05.05 17:12:53.441,12.26918,12.27149,0.00,0.00
2017.05.05 17:12:53.543,12.26888,12.27149,0.00,0.00
2017.05.05 17:12:53.593,12.26911,12.27149,0.00,0.00
2017.05.05 17:12:54.181,12.26928,12.27148,0.00,0.00
2017.05.05 17:12:54.681,12.26918,12.27149,0.00,0.00
2017.05.05 17:12:54.783,12.26869,12.27142,0.00,0.00
2017.05.05 17:12:54.839,12.26869,12.27132,0.00,0.00
2017.05.05 17:12:55.150,12.26869,12.27142,0.00,0.00
2017.05.05 17:12:55.289,12.26869,12.27132,0.00,0.00
2017.05.05 17:12:55.551,12.26869,12.27141,0.00,0.00
2017.05.05 17:12:55.652,12.26869,12.27148,0.00,0.00
2017.05.05 17:12:56.064,12.26892,12.27151,0.00,0.00
2017.05.05 17:12:56.266,12.26968,12.27241,0.00,0.00
2017.05.05 17:12:57.143,12.26968,12.27231,0.00,0.00
2017.05.05 17:12:57.244,12.26968,12.27241,0.00,0.00
2017.05.05 17:12:57.650,12.26968,12.27232,0.00,0.00
2017.05.05 17:12:57.781,12.26968,12.27242,0.00,0.00
2017.05.05 17:12:57.882,12.26968,12.27231,0.00,0.00
2017.05.05 17:12:58.207,12.26968,12.27221,0.00,0.00
2017.05.05 17:12:58.867,12.26968,12.27241,0.00,0.00
2017.05.05 17:12:59.250,12.26968,12.27231,0.00,0.00
2017.05.05 17:13:00.147,12.26968,12.27241,0.00,0.00
2017.05.05 17:13:00.648,12.26968,12.27231,0.00,0.00
2017.05.05 17:13:00.760,12.26968,12.27252,0.00,0.00
2017.05.05 17:13:00.861,12.26968,12.27242,0.00,0.00
2017.05.05 17:13:00.962,12.26968,12.27252,0.00,0.00
2017.05.05 17:13:01.063,12.26968,12.27241,0.00,0.00
2017.05.05 17:13:01.424,12.26968,12.27222,0.00,0.00
2017.05.05 17:13:01.475,12.26968,12.27252,0.00,0.00
2017.05.05 17:13:01.550,12.26978,12.27258,0.00,0.00
2017.05.05 17:13:01.876,12.26968,12.27222,0.00,0.00
2017.05.05 17:13:02.694,12.26968,12.27242,0.00,0.00
2017.05.05 17:13:02.752,12.26968,12.27221,0.00,0.00
2017.05.05 17:13:03.354,12.26968,12.27231,0.00,0.00
2017.05.05 17:13:03.871,12.26968,12.27221,0.00,0.00
2017.05.05 17:13:03.954,12.26969,12.27251,0.00,0.00
2017.05.05 17:13:04.156,12.26968,12.27222,0.00,0.00
2017.05.05 17:13:04.556,12.26968,12.27242,0.00,0.00
2017.05.05 17:13:04.756,12.26968,12.27222,0.00,0.00
2017.05.05 17:13:05.105,12.26968,12.27231,0.00,0.00
2017.05.05 17:13:05.206,12.26968,12.27241,0.00,0.00
2017.05.05 17:13:05.257,12.26968,12.27221,0.00,0.00
2017.05.05 17:13:05.457,12.26968,12.27241,0.00,0.00
2017.05.05 17:13:05.558,12.26968,12.27232,0.00,0.00
2017.05.05 17:13:05.943,12.27018,12.27241,0.00,0.00
2017.05.05 17:13:05.994,12.27018,12.27248,0.00,0.00
2017.05.05 17:13:06.373,12.27038,12.27248,0.00,0.00
2017.05.05 17:13:06.474,12.27018,12.27249,0.00,0.00
2017.05.05 17:13:06.885,12.27028,12.27312,0.00,0.00
2017.05.05 17:13:06.987,12.27049,12.27331,0.00,0.00
2017.05.05 17:13:07.363,12.27039,12.27321,0.00,0.00
2017.05.05 17:13:07.464,12.27028,12.27312,0.00,0.00
2017.05.05 17:13:07.543,12.27069,12.27312,0.00,0.00
2017.05.05 17:13:07.853,12.27019,12.27248,0.00,0.00
2017.05.05 17:13:08.437,12.27019,12.27249,0.00,0.00
2017.05.05 17:13:08.487,12.26999,12.27248,0.00,0.00
2017.05.05 17:13:08.566,12.26968,12.27242,0.00,0.00
2017.05.05 17:13:08.668,12.26968,12.27232,0.00,0.00
2017.05.05 17:13:09.010,12.27061,12.27242,0.00,0.00
2017.05.05 17:13:09.112,12.27068,12.27259,0.00,0.00
2017.05.05 17:13:09.986,12.27039,12.27249,0.00,0.00
2017.05.05 17:13:10.087,12.26969,12.27248,0.00,0.00
2017.05.05 17:13:10.188,12.26969,12.27242,0.00,0.00
2017.05.05 17:13:10.603,12.26979,12.27249,0.00,0.00
2017.05.05 17:13:11.015,12.26988,12.27249,0.00,0.00
2017.05.05 17:13:11.072,12.26969,12.27249,0.00,0.00
2017.05.05 17:13:11.638,12.26969,12.27248,0.00,0.00
2017.05.05 17:13:11.689,12.26969,12.27242,0.00,0.00
2017.05.05 17:13:12.000,12.26969,12.27232,0.00,0.00
2017.05.05 17:13:12.347,12.26969,12.27149,0.00,0.00
2017.05.05 17:13:12.499,12.26949,12.27149,0.00,0.00
2017.05.05 17:13:12.601,12.26939,12.27149,0.00,0.00
2017.05.05 17:13:12.652,12.26968,12.27209,0.00,0.00
2017.05.05 17:13:12.702,12.26968,12.27192,0.00,0.00
2017.05.05 17:13:12.803,12.26968,12.27248,0.00,0.00
2017.05.05 17:13:13.003,12.26968,12.27231,0.00,0.00
2017.05.05 17:13:13.076,12.26968,12.27242,0.00,0.00
2017.05.05 17:13:13.386,12.26968,12.27231,0.00,0.00
2017.05.05 17:13:13.578,12.26968,12.27249,0.00,0.00
2017.05.05 17:13:13.689,12.26968,12.27231,0.00,0.00
2017.05.05 17:13:14.080,12.26968,12.27179,0.00,0.00
2017.05.05 17:13:14.230,12.26968,12.27221,0.00,0.00
2017.05.05 17:13:14.281,12.26968,12.27249,0.00,0.00
2017.05.05 17:13:14.826,12.26968,12.27242,0.00,0.00
2017.05.05 17:13:15.591,12.26979,12.27248,0.00,0.00
2017.05.05 17:13:15.692,12.26968,12.27248,0.00,0.00
2017.05.05 17:13:15.883,12.26968,12.27231,0.00,0.00
2017.05.05 17:13:15.998,12.26968,12.27241,0.00,0.00
2017.05.05 17:13:16.184,12.26978,12.27249,0.00,0.00
2017.05.05 17:13:17.029,12.26978,12.27248,0.00,0.00
2017.05.05 17:13:17.130,12.26968,12.27242,0.00,0.00
2017.05.05 17:13:17.185,12.26968,12.27231,0.00,0.00
2017.05.05 17:13:17.520,12.26968,12.27248,0.00,0.00
2017.05.05 17:13:17.824,12.26968,12.27232,0.00,0.00
2017.05.05 17:13:18.490,12.26969,12.27249,0.00,0.00
2017.05.05 17:13:18.592,12.26968,12.27222,0.00,0.00
2017.05.05 17:13:19.188,12.26968,12.27241,0.00,0.00
2017.05.05 17:13:19.689,12.26968,12.27222,0.00,0.00
2017.05.05 17:13:19.789,12.26969,12.27249,0.00,0.00
2017.05.05 17:13:20.089,12.26968,12.27242,0.00,0.00
2017.05.05 17:13:20.392,12.26968,12.27212,0.00,0.00
2017.05.05 17:13:20.603,12.26968,12.27241,0.00,0.00
2017.05.05 17:13:22.314,12.26968,12.27222,0.00,0.00
2017.05.05 17:13:22.622,12.26968,12.27242,0.00,0.00
2017.05.05 17:13:22.694,12.26968,12.27249,0.00,0.00
2017.05.05 17:13:22.795,12.26968,12.27242,0.00,0.00
2017.05.05 17:13:22.966,12.26968,12.27248,0.00,0.00
2017.05.05 17:13:23.149,12.26968,12.27179,0.00,0.00
2017.05.05 17:13:23.200,12.26968,12.27222,0.00,0.00
2017.05.05 17:13:23.595,12.26968,12.27248,0.00,0.00
2017.05.05 17:13:23.696,12.26968,12.27221,0.00,0.00
2017.05.05 17:13:24.030,12.26968,12.27242,0.00,0.00
2017.05.05 17:13:25.220,12.26968,12.27222,0.00,0.00
2017.05.05 17:13:25.598,12.26968,12.27232,0.00,0.00
2017.05.05 17:13:25.699,12.26969,12.27249,0.00,0.00
2017.05.05 17:13:26.529,12.26968,12.27231,0.00,0.00
2017.05.05 17:13:26.645,12.26968,12.27248,0.00,0.00
2017.05.05 17:13:26.700,12.26968,12.27222,0.00,0.00
2017.05.05 17:13:26.819,12.26968,12.27249,0.00,0.00
2017.05.05 17:13:26.920,12.26968,12.27221,0.00,0.00
2017.05.05 17:13:27.021,12.26969,12.27249,0.00,0.00
2017.05.05 17:13:27.101,12.26968,12.27221,0.00,0.00
2017.05.05 17:13:27.619,12.26969,12.27249,0.00,0.00
2017.05.05 17:13:27.920,12.26968,12.27241,0.00,0.00
2017.05.05 17:13:28.243,12.26978,12.27249,0.00,0.00
2017.05.05 17:13:28.404,12.26968,12.27249,0.00,0.00
2017.05.05 17:13:28.623,12.26968,12.27242,0.00,0.00
2017.05.05 17:13:29.005,12.26979,12.27248,0.00,0.00
2017.05.05 17:13:29.382,12.26968,12.27232,0.00,0.00
2017.05.05 17:13:29.433,12.26968,12.27249,0.00,0.00
2017.05.05 17:13:29.506,12.26968,12.27241,0.00,0.00
2017.05.05 17:13:30.325,12.26968,12.27248,0.00,0.00
2017.05.05 17:13:30.407,12.26968,12.27232,0.00,0.00
2017.05.05 17:13:31.016,12.26969,12.27248,0.00,0.00
2017.05.05 17:13:31.545,12.26978,12.27249,0.00,0.00
2017.05.05 17:13:31.711,12.26968,12.27242,0.00,0.00
2017.05.05 17:13:32.619,12.26969,12.27249,0.00,0.00
2017.05.05 17:13:32.712,12.26968,12.27242,0.00,0.00
2017.05.05 17:13:33.630,12.26969,12.27249,0.00,0.00
2017.05.05 17:13:33.731,12.26978,12.27249,0.00,0.00
2017.05.05 17:13:33.832,12.26969,12.27248,0.00,0.00
2017.05.05 17:13:34.215,12.26968,12.27232,0.00,0.00
2017.05.05 17:13:35.367,12.26968,12.27242,0.00,0.00
2017.05.05 17:13:35.717,12.26968,12.27249,0.00,0.00
2017.05.05 17:13:37.040,12.26968,12.27248,0.00,0.00
2017.05.05 17:13:37.141,12.26978,12.27248,0.00,0.00
2017.05.05 17:13:37.729,12.26978,12.27249,0.00,0.00
2017.05.05 17:13:38.010,12.26968,12.27249,0.00,0.00
2017.05.05 17:13:38.060,12.26968,12.27241,0.00,0.00
2017.05.05 17:13:40.257,12.27031,12.27261,0.00,0.00
2017.05.05 17:13:40.469,12.27069,12.27308,0.00,0.00
2017.05.05 17:13:41.125,12.27068,12.27308,0.00,0.00
2017.05.05 17:13:41.350,12.27068,12.27321,0.00,0.00
2017.05.05 17:13:41.451,12.27068,12.27331,0.00,0.00
2017.05.05 17:13:41.557,12.27068,12.27352,0.00,0.00
2017.05.05 17:13:41.927,12.27068,12.27321,0.00,0.00
2017.05.05 17:13:42.033,12.27068,12.27352,0.00,0.00
2017.05.05 17:13:42.327,12.27068,12.27332,0.00,0.00
2017.05.05 17:13:43.329,12.27068,12.27322,0.00,0.00
2017.05.05 17:13:43.473,12.27068,12.27331,0.00,0.00
2017.05.05 17:13:43.701,12.27068,12.27258,0.00,0.00
2017.05.05 17:13:43.953,12.27068,12.27311,0.00,0.00
2017.05.05 17:13:44.054,12.27068,12.27341,0.00,0.00
2017.05.05 17:13:44.351,12.27068,12.27331,0.00,0.00
2017.05.05 17:13:44.452,12.27068,12.27342,0.00,0.00
2017.05.05 17:13:44.850,12.27068,12.27321,0.00,0.00
2017.05.05 17:13:44.931,12.27068,12.27331,0.00,0.00
2017.05.05 17:13:45.880,12.27068,12.27342,0.00,0.00
2017.05.05 17:13:47.334,12.27068,12.27322,0.00,0.00
2017.05.05 17:13:47.552,12.27069,12.27351,0.00,0.00
2017.05.05 17:13:47.935,12.27068,12.27322,0.00,0.00
2017.05.05 17:13:48.264,12.26969,12.27249,0.00,0.00
2017.05.05 17:13:48.397,12.27032,12.27242,0.00,0.00
2017.05.05 17:13:48.447,12.27032,12.27272,0.00,0.00
2017.05.05 17:13:48.498,12.27068,12.27272,0.00,0.00
2017.05.05 17:13:48.549,12.27068,12.27279,0.00,0.00
2017.05.05 17:13:49.312,12.27068,12.27249,0.00,0.00
2017.05.05 17:13:49.363,12.27058,12.27248,0.00,0.00
2017.05.05 17:13:49.464,12.27029,12.27248,0.00,0.00
2017.05.05 17:13:49.565,12.27062,12.27258,0.00,0.00
2017.05.05 17:13:49.896,12.27069,12.27259,0.00,0.00
2017.05.05 17:13:50.090,12.27069,12.27331,0.00,0.00
2017.05.05 17:13:50.192,12.27069,12.27321,0.00,0.00
2017.05.05 17:13:50.242,12.27069,12.27342,0.00,0.00
2017.05.05 17:13:50.342,12.27069,12.27321,0.00,0.00
2017.05.05 17:13:50.570,12.27069,12.27332,0.00,0.00
2017.05.05 17:13:50.871,12.27069,12.27341,0.00,0.00
2017.05.05 17:13:50.943,12.27069,12.27331,0.00,0.00
2017.05.05 17:13:51.244,12.27069,12.27278,0.00,0.00
2017.05.05 17:13:51.461,12.27038,12.27249,0.00,0.00
2017.05.05 17:13:51.562,12.27059,12.27258,0.00,0.00
2017.05.05 17:13:51.664,12.27011,12.27249,0.00,0.00
2017.05.05 17:13:51.714,12.27019,12.27249,0.00,0.00
2017.05.05 17:13:52.620,12.27019,12.27281,0.00,0.00
2017.05.05 17:13:52.670,12.27068,12.27279,0.00,0.00
2017.05.05 17:13:52.980,12.27018,12.27249,0.00,0.00
2017.05.05 17:13:53.471,12.27029,12.27249,0.00,0.00
2017.05.05 17:13:53.548,12.27018,12.27249,0.00,0.00
2017.05.05 17:13:54.229,12.27018,12.27248,0.00,0.00
2017.05.05 17:13:55.250,12.27028,12.27248,0.00,0.00
2017.05.05 17:13:56.453,12.27018,12.27248,0.00,0.00
2017.05.05 17:13:57.157,12.27028,12.27248,0.00,0.00
2017.05.05 17:13:57.491,12.26999,12.27248,0.00,0.00
2017.05.05 17:13:57.556,12.26968,12.27242,0.00,0.00
2017.05.05 17:13:57.792,12.27018,12.27242,0.00,0.00
2017.05.05 17:13:57.893,12.27018,12.27248,0.00,0.00
2017.05.05 17:13:58.207,12.27068,12.27249,0.00,0.00
2017.05.05 17:13:58.308,12.27028,12.27249,0.00,0.00
2017.05.05 17:13:58.359,12.27049,12.27248,0.00,0.00
2017.05.05 17:13:58.480,12.27028,12.27248,0.00,0.00
2017.05.05 17:13:59.866,12.27068,12.27259,0.00,0.00
2017.05.05 17:14:00.371,12.27068,12.27258,0.00,0.00
2017.05.05 17:14:01.140,12.27068,12.27331,0.00,0.00
2017.05.05 17:14:01.291,12.27068,12.27342,0.00,0.00
2017.05.05 17:14:03.767,12.27068,12.27331,0.00,0.00
2017.05.05 17:14:04.070,12.27069,12.27242,0.00,0.00
2017.05.05 17:14:04.121,12.27069,12.27258,0.00,0.00
2017.05.05 17:14:04.279,12.27068,12.27248,0.00,0.00
2017.05.05 17:14:04.329,12.27058,12.27249,0.00,0.00
2017.05.05 17:14:04.380,12.27058,12.27321,0.00,0.00
2017.05.05 17:14:04.481,12.27058,12.27292,0.00,0.00
2017.05.05 17:14:04.582,12.27058,12.27331,0.00,0.00
2017.05.05 17:14:04.901,12.27058,12.27249,0.00,0.00
2017.05.05 17:14:04.952,12.27049,12.27249,0.00,0.00
2017.05.05 17:14:05.053,12.27019,12.27248,0.00,0.00
2017.05.05 17:14:05.104,12.27022,12.27248,0.00,0.00
2017.05.05 17:14:05.408,12.27029,12.27249,0.00,0.00
2017.05.05 17:14:05.574,12.27021,12.27249,0.00,0.00
2017.05.05 17:14:05.625,12.27031,12.27259,0.00,0.00
2017.05.05 17:14:05.676,12.26989,12.27248,0.00,0.00
2017.05.05 17:14:05.777,12.26981,12.27249,0.00,0.00
2017.05.05 17:14:05.828,12.27022,12.27248,0.00,0.00
2017.05.05 17:14:06.349,12.27021,12.27249,0.00,0.00
2017.05.05 17:14:06.942,12.27022,12.27248,0.00,0.00
2017.05.05 17:14:07.808,12.27021,12.27249,0.00,0.00
2017.05.05 17:14:07.859,12.26988,12.27249,0.00,0.00
2017.05.05 17:14:07.910,12.27031,12.27259,0.00,0.00
2017.05.05 17:14:08.212,12.27048,12.27248,0.00,0.00
2017.05.05 17:14:08.313,12.26981,12.27249,0.00,0.00
2017.05.05 17:14:08.414,12.27008,12.27249,0.00,0.00
2017.05.05 17:14:08.773,12.26998,12.27249,0.00,0.00
2017.05.05 17:14:08.824,12.27018,12.27248,0.00,0.00
2017.05.05 17:14:08.925,12.26959,12.27242,0.00,0.00
2017.05.05 17:14:09.026,12.26959,12.27232,0.00,0.00
2017.05.05 17:14:09.084,12.26959,12.27241,0.00,0.00
2017.05.05 17:14:09.284,12.26959,12.27231,0.00,0.00
2017.05.05 17:14:09.590,12.26998,12.27248,0.00,0.00
2017.05.05 17:14:09.691,12.26968,12.27249,0.00,0.00
2017.05.05 17:14:09.793,12.26958,12.27231,0.00,0.00
2017.05.05 17:14:10.360,12.26958,12.27149,0.00,0.00
2017.05.05 17:14:10.512,12.26909,12.27148,0.00,0.00
2017.05.05 17:14:10.563,12.26921,12.27149,0.00,0.00
2017.05.05 17:14:10.866,12.26959,12.27159,0.00,0.00
2017.05.05 17:14:10.967,12.26959,12.27231,0.00,0.00
2017.05.05 17:14:11.068,12.26959,12.27242,0.00,0.00
2017.05.05 17:14:11.401,12.26959,12.27159,0.00,0.00
2017.05.05 17:14:11.552,12.26939,12.27148,0.00,0.00
2017.05.05 17:14:11.603,12.26929,12.27148,0.00,0.00
2017.05.05 17:14:11.704,12.26921,12.27141,0.00,0.00
2017.05.05 17:14:11.793,12.26921,12.27149,0.00,0.00
2017.05.05 17:14:12.294,12.26922,12.27148,0.00,0.00
2017.05.05 17:14:12.866,12.26921,12.27149,0.00,0.00
2017.05.05 17:14:13.401,12.26921,12.27142,0.00,0.00
2017.05.05 17:14:13.498,12.26921,12.27149,0.00,0.00
2017.05.05 17:14:13.678,12.26951,12.27152,0.00,0.00
2017.05.05 17:14:13.728,12.26952,12.27158,0.00,0.00
2017.05.05 17:14:13.779,12.26958,12.27158,0.00,0.00
2017.05.05 17:14:14.341,12.26959,12.27158,0.00,0.00
2017.05.05 17:14:14.710,12.26938,12.27149,0.00,0.00
2017.05.05 17:14:14.811,12.26919,12.27148,0.00,0.00
2017.05.05 17:14:14.861,12.26921,12.27149,0.00,0.00
2017.05.05 17:14:15.450,12.26951,12.27159,0.00,0.00
2017.05.05 17:14:15.998,12.26958,12.27159,0.00,0.00
2017.05.05 17:14:16.708,12.26958,12.27242,0.00,0.00
2017.05.05 17:14:19.349,12.26968,12.27249,0.00,0.00
2017.05.05 17:14:20.407,12.26958,12.27232,0.00,0.00
2017.05.05 17:14:21.518,12.26958,12.27149,0.00,0.00
2017.05.05 17:14:22.049,12.26958,12.27159,0.00,0.00
2017.05.05 17:14:22.100,12.26949,12.27221,0.00,0.00
2017.05.05 17:14:22.150,12.26951,12.27202,0.00,0.00
2017.05.05 17:14:22.252,12.26959,12.27232,0.00,0.00
2017.05.05 17:14:22.821,12.26959,12.27242,0.00,0.00
2017.05.05 17:14:23.813,12.26959,12.27221,0.00,0.00
2017.05.05 17:14:24.122,12.26962,12.27178,0.00,0.00
2017.05.05 17:14:24.582,12.26962,12.27158,0.00,0.00
2017.05.05 17:14:24.841,12.26928,12.27148,0.00,0.00
2017.05.05 17:14:24.942,12.26888,12.27149,0.00,0.00
2017.05.05 17:14:24.993,12.26961,12.27158,0.00,0.00
2017.05.05 17:14:25.343,12.26972,12.27159,0.00,0.00
2017.05.05 17:14:28.521,12.26972,12.27148,0.00,0.00
2017.05.05 17:14:28.571,12.26928,12.27149,0.00,0.00
2017.05.05 17:14:28.672,12.26919,12.27148,0.00,0.00
2017.05.05 17:14:28.723,12.26922,12.27142,0.00,0.00
2017.05.05 17:14:28.830,12.26922,12.27148,0.00,0.00
2017.05.05 17:14:29.268,12.26922,12.27142,0.00,0.00
2017.05.05 17:14:29.724,12.26921,12.27149,0.00,0.00
2017.05.05 17:14:30.271,12.26922,12.27148,0.00,0.00
2017.05.05 17:14:30.970,12.26921,12.27149,0.00,0.00
2017.05.05 17:14:31.522,12.26922,12.27148,0.00,0.00
2017.05.05 17:14:31.573,12.26922,12.27141,0.00,0.00
2017.05.05 17:14:32.030,12.26921,12.27149,0.00,0.00
2017.05.05 17:14:32.778,12.26922,12.27148,0.00,0.00
2017.05.05 17:14:33.810,12.26921,12.27149,0.00,0.00
2017.05.05 17:14:33.970,12.26922,12.27141,0.00,0.00
2017.05.05 17:14:34.034,12.26922,12.27148,0.00,0.00
2017.05.05 17:14:34.823,12.26921,12.27149,0.00,0.00
2017.05.05 17:14:35.353,12.26922,12.27141,0.00,0.00
2017.05.05 17:14:35.785,12.26882,12.27141,0.00,0.00
2017.05.05 17:14:35.836,12.26871,12.27141,0.00,0.00
2017.05.05 17:14:35.886,12.26871,12.27132,0.00,0.00
2017.05.05 17:14:36.339,12.26871,12.27149,0.00,0.00
2017.05.05 17:14:36.762,12.26871,12.27131,0.00,0.00
2017.05.05 17:14:36.891,12.26879,12.27148,0.00,0.00
2017.05.05 17:14:37.390,12.26871,12.27149,0.00,0.00
2017.05.05 17:14:37.601,12.26891,12.27149,0.00,0.00
2017.05.05 17:14:37.853,12.26881,12.27148,0.00,0.00
2017.05.05 17:14:37.954,12.26881,12.27141,0.00,0.00
2017.05.05 17:14:38.182,12.26881,12.27149,0.00,0.00
2017.05.05 17:14:38.792,12.26881,12.27148,0.00,0.00
2017.05.05 17:14:38.949,12.26892,12.27152,0.00,0.00
2017.05.05 17:14:39.336,12.26988,12.27249,0.00,0.00
2017.05.05 17:14:39.387,12.26982,12.27249,0.00,0.00
2017.05.05 17:14:39.589,12.26988,12.27248,0.00,0.00
2017.05.05 17:14:40.215,12.26988,12.27249,0.00,0.00
2017.05.05 17:14:40.265,12.26982,12.27248,0.00,0.00
2017.05.05 17:14:40.772,12.26982,12.27249,0.00,0.00
2017.05.05 17:14:41.130,12.27071,12.27262,0.00,0.00
2017.05.05 17:14:41.282,12.27071,12.27322,0.00,0.00
2017.05.05 17:14:41.350,12.27071,12.27341,0.00,0.00
2017.05.05 17:14:41.851,12.27071,12.27321,0.00,0.00
2017.05.05 17:14:42.552,12.27071,12.27332,0.00,0.00
2017.05.05 17:14:42.759,12.27071,12.27322,0.00,0.00
2017.05.05 17:14:43.701,12.27071,12.27332,0.00,0.00
2017.05.05 17:14:43.753,12.27071,12.27341,0.00,0.00
2017.05.05 17:14:44.490,12.27071,12.27331,0.00,0.00
2017.05.05 17:14:44.591,12.27071,12.27341,0.00,0.00
2017.05.05 17:14:45.556,12.27071,12.27331,0.00,0.00
2017.05.05 17:14:45.873,12.27071,12.27342,0.00,0.00
2017.05.05 17:14:46.279,12.27071,12.27331,0.00,0.00
2017.05.05 17:14:46.762,12.27071,12.27322,0.00,0.00
2017.05.05 17:14:47.232,12.27071,12.27248,0.00,0.00
2017.05.05 17:14:47.334,12.27049,12.27249,0.00,0.00
2017.05.05 17:14:47.435,12.26981,12.27249,0.00,0.00
2017.05.05 17:14:48.467,12.26981,12.27242,0.00,0.00
2017.05.05 17:14:48.962,12.26981,12.27249,0.00,0.00
2017.05.05 17:14:49.380,12.26981,12.27242,0.00,0.00
2017.05.05 17:14:50.201,12.27051,12.27242,0.00,0.00
2017.05.05 17:14:50.302,12.26982,12.27248,0.00,0.00
2017.05.05 17:14:50.489,12.26999,12.27249,0.00,0.00
2017.05.05 17:14:50.591,12.26981,12.27248,0.00,0.00
2017.05.05 17:14:50.777,12.26989,12.27249,0.00,0.00
2017.05.05 17:14:51.120,12.27021,12.27248,0.00,0.00
2017.05.05 17:14:52.290,12.27021,12.27249,0.00,0.00
2017.05.05 17:14:52.688,12.27028,12.27248,0.00,0.00
2017.05.05 17:14:53.173,12.27021,12.27249,0.00,0.00
2017.05.05 17:14:53.721,12.27038,12.27249,0.00,0.00
2017.05.05 17:14:53.822,12.27022,12.27248,0.00,0.00
2017.05.05 17:14:53.923,12.27022,12.27242,0.00,0.00
2017.05.05 17:14:54.277,12.27022,12.27248,0.00,0.00
2017.05.05 17:14:54.829,12.27021,12.27249,0.00,0.00
2017.05.05 17:14:54.880,12.27021,12.27241,0.00,0.00
2017.05.05 17:14:55.279,12.27021,12.27249,0.00,0.00
2017.05.05 17:14:55.919,12.26981,12.27249,0.00,0.00
2017.05.05 17:14:56.020,12.26981,12.27241,0.00,0.00
2017.05.05 17:14:56.300,12.26981,12.27248,0.00,0.00
2017.05.05 17:14:56.401,12.26981,12.27232,0.00,0.00
2017.05.05 17:14:56.982,12.26981,12.27248,0.00,0.00
2017.05.05 17:14:57.136,12.27021,12.27249,0.00,0.00
2017.05.05 17:14:57.327,12.27019,12.27249,0.00,0.00
2017.05.05 17:14:57.428,12.26998,12.27249,0.00,0.00
2017.05.05 17:14:57.534,12.26981,12.27249,0.00,0.00
2017.05.05 17:14:58.144,12.26981,12.27248,0.00,0.00
2017.05.05 17:14:58.464,12.26981,12.27231,0.00,0.00
2017.05.05 17:14:59.018,12.26982,12.27248,0.00,0.00
2017.05.05 17:14:59.069,12.27022,12.27249,0.00,0.00
2017.05.05 17:14:59.120,12.27062,12.27292,0.00,0.00
2017.05.05 17:14:59.221,12.27062,12.27341,0.00,0.00
2017.05.05 17:14:59.510,12.27062,12.27322,0.00,0.00
2017.05.05 17:14:59.648,12.27062,12.27341,0.00,0.00
2017.05.05 17:14:59.703,12.27062,12.27279,0.00,0.00
2017.05.05 17:14:59.905,12.26981,12.27249,0.00,0.00
2017.05.05 17:15:00.088,12.26981,12.27251,0.00,0.00
2017.05.05 17:15:00.138,12.26989,12.27249,0.00,0.00
2017.05.05 17:15:00.195,12.26981,12.27249,0.00,0.00
2017.05.05 17:15:00.296,12.26981,12.27242,0.00,0.00
2017.05.05 17:15:00.396,12.26981,12.27248,0.00,0.00
2017.05.05 17:15:00.998,12.26981,12.27249,0.00,0.00
2017.05.05 17:15:01.120,12.26988,12.27249,0.00,0.00
2017.05.05 17:15:01.449,12.26981,12.27231,0.00,0.00
2017.05.05 17:15:02.725,12.26981,12.27242,0.00,0.00
2017.05.05 17:15:02.826,12.26981,12.27248,0.00,0.00
2017.05.05 17:15:04.021,12.26981,12.27241,0.00,0.00
2017.05.05 17:15:04.105,12.26981,12.27248,0.00,0.00
2017.05.05 17:15:04.231,12.26981,12.27241,0.00,0.00
2017.05.05 17:15:04.854,12.26981,12.27231,0.00,0.00
2017.05.05 17:15:04.906,12.26981,12.27241,0.00,0.00
2017.05.05 17:15:06.142,12.26981,12.27231,0.00,0.00
2017.05.05 17:15:06.344,12.27062,12.27342,0.00,0.00
2017.05.05 17:15:06.651,12.27062,12.27312,0.00,0.00
2017.05.05 17:15:06.752,12.27062,12.27341,0.00,0.00
2017.05.05 17:15:07.011,12.27062,12.27321,0.00,0.00
2017.05.05 17:15:07.512,12.27062,12.27332,0.00,0.00
2017.05.05 17:15:07.694,12.27062,12.27249,0.00,0.00
2017.05.05 17:15:07.744,12.27038,12.27249,0.00,0.00
2017.05.05 17:15:07.845,12.26981,12.27248,0.00,0.00
2017.05.05 17:15:08.494,12.26981,12.27249,0.00,0.00
2017.05.05 17:15:08.545,12.26981,12.27241,0.00,0.00
2017.05.05 17:15:09.048,12.26981,12.27249,0.00,0.00
2017.05.05 17:15:09.149,12.26981,12.27242,0.00,0.00
2017.05.05 17:15:09.361,12.26981,12.27248,0.00,0.00
2017.05.05 17:15:09.462,12.26981,12.27232,0.00,0.00
2017.05.05 17:15:10.142,12.26981,12.27241,0.00,0.00
2017.05.05 17:15:10.218,12.26981,12.27232,0.00,0.00
2017.05.05 17:15:11.463,12.26981,12.27149,0.00,0.00
2017.05.05 17:15:11.514,12.26948,12.27148,0.00,0.00
2017.05.05 17:15:11.564,12.26968,12.27148,0.00,0.00
2017.05.05 17:15:11.666,12.26921,12.27149,0.00,0.00
2017.05.05 17:15:12.178,12.26922,12.27148,0.00,0.00
2017.05.05 17:15:12.553,12.26922,12.27142,0.00,0.00
2017.05.05 17:15:12.834,12.26921,12.27149,0.00,0.00
2017.05.05 17:15:12.924,12.26921,12.27142,0.00,0.00
2017.05.05 17:15:13.142,12.26922,12.27148,0.00,0.00
2017.05.05 17:15:13.857,12.26922,12.27142,0.00,0.00
2017.05.05 17:15:13.927,12.26922,12.27148,0.00,0.00
2017.05.05 17:15:14.154,12.26962,12.27171,0.00,0.00
2017.05.05 17:15:14.255,12.26968,12.27241,0.00,0.00
2017.05.05 17:15:14.327,12.26969,12.27248,0.00,0.00
2017.05.05 17:15:14.533,12.26968,12.27232,0.00,0.00
2017.05.05 17:15:14.853,12.26922,12.27148,0.00,0.00
2017.05.05 17:15:15.468,12.26922,12.27142,0.00,0.00
2017.05.05 17:15:15.753,12.26922,12.27148,0.00,0.00
2017.05.05 17:15:16.031,12.26921,12.27141,0.00,0.00
2017.05.05 17:15:16.363,12.26921,12.27149,0.00,0.00
2017.05.05 17:15:18.804,12.26922,12.27148,0.00,0.00
2017.05.05 17:15:19.340,12.26921,12.27149,0.00,0.00
2017.05.05 17:15:19.436,12.26921,12.27142,0.00,0.00
2017.05.05 17:15:20.750,12.26921,12.27149,0.00,0.00
2017.05.05 17:15:21.341,12.26922,12.27148,0.00,0.00
2017.05.05 17:15:21.734,12.26962,12.27162,0.00,0.00
2017.05.05 17:15:22.052,12.26961,12.27159,0.00,0.00
2017.05.05 17:15:22.103,12.26948,12.27148,0.00,0.00
2017.05.05 17:15:22.154,12.26921,12.27149,0.00,0.00
2017.05.05 17:15:22.658,12.26922,12.27148,0.00,0.00
2017.05.05 17:15:23.090,12.26898,12.27149,0.00,0.00
2017.05.05 17:15:23.140,12.26909,12.27149,0.00,0.00
2017.05.05 17:15:23.242,12.26898,12.27149,0.00,0.00
2017.05.05 17:15:23.292,12.26922,12.27148,0.00,0.00
2017.05.05 17:15:23.650,12.26929,12.27149,0.00,0.00
2017.05.05 17:15:23.957,12.26961,12.27242,0.00,0.00
2017.05.05 17:15:24.951,12.26961,12.27221,0.00,0.00
2017.05.05 17:15:25.547,12.26961,12.27242,0.00,0.00
2017.05.05 17:15:25.918,12.26961,12.27149,0.00,0.00
2017.05.05 17:15:25.968,12.26961,12.27158,0.00,0.00
2017.05.05 17:15:26.070,12.26969,12.27158,0.00,0.00
2017.05.05 17:15:26.120,12.26969,12.27249,0.00,0.00
2017.05.05 17:15:26.171,12.26961,12.27222,0.00,0.00
2017.05.05 17:15:26.250,12.26968,12.27249,0.00,0.00
2017.05.05 17:15:26.676,12.26968,12.27149,0.00,0.00
2017.05.05 17:15:26.778,12.26948,12.27159,0.00,0.00
2017.05.05 17:15:26.829,12.26951,12.27149,0.00,0.00
2017.05.05 17:15:26.879,12.26921,12.27142,0.00,0.00
2017.05.05 17:15:26.980,12.26921,12.27149,0.00,0.00
2017.05.05 17:15:27.082,12.26928,12.27148,0.00,0.00
2017.05.05 17:15:27.384,12.26939,12.27148,0.00,0.00
2017.05.05 17:15:28.161,12.26939,12.27159,0.00,0.00
2017.05.05 17:15:28.212,12.26961,12.27159,0.00,0.00
2017.05.05 17:15:30.113,12.26961,12.27231,0.00,0.00
2017.05.05 17:15:30.164,12.26961,12.27242,0.00,0.00
2017.05.05 17:15:30.659,12.26968,12.27249,0.00,0.00
2017.05.05 17:15:31.102,12.26961,12.27232,0.00,0.00
2017.05.05 17:15:31.203,12.26969,12.27249,0.00,0.00
2017.05.05 17:15:31.802,12.26961,12.27222,0.00,0.00
2017.05.05 17:15:32.110,12.26962,12.27159,0.00,0.00
2017.05.05 17:15:32.160,12.26962,12.27178,0.00,0.00
2017.05.05 17:15:32.839,12.26962,12.27179,0.00,0.00
2017.05.05 17:15:33.361,12.26962,12.27242,0.00,0.00
2017.05.05 17:15:33.513,12.26962,12.27221,0.00,0.00
2017.05.05 17:15:33.614,12.26968,12.27248,0.00,0.00
2017.05.05 17:15:33.895,12.26962,12.27221,0.00,0.00
2017.05.05 17:15:33.966,12.26968,12.27248,0.00,0.00
2017.05.05 17:15:34.303,12.26962,12.27242,0.00,0.00
2017.05.05 17:15:34.693,12.26969,12.27248,0.00,0.00
2017.05.05 17:15:34.769,12.26962,12.27242,0.00,0.00
2017.05.05 17:15:38.274,12.26969,12.27248,0.00,0.00
2017.05.05 17:15:39.877,12.26962,12.27242,0.00,0.00
2017.05.05 17:15:39.978,12.26962,12.27231,0.00,0.00
2017.05.05 17:15:40.481,12.26969,12.27248,0.00,0.00
2017.05.05 17:15:40.702,12.26988,12.27248,0.00,0.00
2017.05.05 17:15:40.904,12.26962,12.27242,0.00,0.00
2017.05.05 17:15:41.005,12.26962,12.27232,0.00,0.00
2017.05.05 17:15:41.543,12.26962,12.27231,0.00,0.00
2017.05.05 17:15:41.593,12.26962,12.27242,0.00,0.00
2017.05.05 17:15:42.983,12.26969,12.27248,0.00,0.00
2017.05.05 17:15:43.284,12.26962,12.27242,0.00,0.00
2017.05.05 17:15:43.885,12.26962,12.27232,0.00,0.00
2017.05.05 17:15:44.585,12.26962,12.27241,0.00,0.00
2017.05.05 17:15:51.695,12.26962,12.27231,0.00,0.00
2017.05.05 17:15:51.901,12.26962,12.27242,0.00,0.00
2017.05.05 17:15:52.002,12.26978,12.27248,0.00,0.00
2017.05.05 17:15:54.201,12.26962,12.27242,0.00,0.00
2017.05.05 17:15:54.642,12.26968,12.27248,0.00,0.00
2017.05.05 17:15:55.403,12.26962,12.27241,0.00,0.00
2017.05.05 17:15:56.104,12.26962,12.27232,0.00,0.00
2017.05.05 17:15:56.343,12.26969,12.27248,0.00,0.00
2017.05.05 17:15:56.807,12.26962,12.27232,0.00,0.00
2017.05.05 17:15:56.908,12.26962,12.27242,0.00,0.00
2017.05.05 17:15:57.190,12.26971,12.27242,0.00,0.00
2017.05.05 17:15:57.241,12.26971,12.27249,0.00,0.00
2017.05.05 17:15:58.110,12.26971,12.27242,0.00,0.00
2017.05.05 17:15:59.262,12.26971,12.27249,0.00,0.00
2017.05.05 17:15:59.312,12.26979,12.27249,0.00,0.00
2017.05.05 17:15:59.734,12.27161,12.27329,0.00,0.00
2017.05.05 17:15:59.785,12.27118,12.27329,0.00,0.00
2017.05.05 17:15:59.836,12.27158,12.27329,0.00,0.00
2017.05.05 17:15:59.937,12.27081,12.27329,0.00,0.00
2017.05.05 17:16:00.162,12.27081,12.27341,0.00,0.00
2017.05.05 17:16:00.213,12.27151,12.27341,0.00,0.00
2017.05.05 17:16:00.264,12.27109,12.27341,0.00,0.00
2017.05.05 17:16:00.365,12.27082,12.27348,0.00,0.00
2017.05.05 17:16:00.466,12.27089,12.27348,0.00,0.00
2017.05.05 17:16:00.792,12.27082,12.27332,0.00,0.00
2017.05.05 17:16:00.944,12.27082,12.27342,0.00,0.00
2017.05.05 17:16:01.045,12.27082,12.27331,0.00,0.00
2017.05.05 17:16:01.196,12.27061,12.27331,0.00,0.00
2017.05.05 17:16:01.247,12.27068,12.27348,0.00,0.00
2017.05.05 17:16:01.348,12.27061,12.27322,0.00,0.00
2017.05.05 17:16:01.724,12.27061,12.27341,0.00,0.00
2017.05.05 17:16:01.824,12.27061,12.27331,0.00,0.00
2017.05.05 17:16:02.147,12.27061,12.27322,0.00,0.00
2017.05.05 17:16:02.225,12.27061,12.27341,0.00,0.00
2017.05.05 17:16:02.325,12.27069,12.27349,0.00,0.00
2017.05.05 17:16:02.644,12.27049,12.27248,0.00,0.00
2017.05.05 17:16:02.745,12.26981,12.27241,0.00,0.00
2017.05.05 17:16:02.828,12.26981,12.27231,0.00,0.00
2017.05.05 17:16:03.529,12.26981,12.27249,0.00,0.00
2017.05.05 17:16:04.031,12.26981,12.27241,0.00,0.00
2017.05.05 17:16:04.637,12.26981,12.27222,0.00,0.00
2017.05.05 17:16:04.746,12.26981,12.27249,0.00,0.00
2017.05.05 17:16:05.338,12.26981,12.27248,0.00,0.00
2017.05.05 17:16:05.487,12.26979,12.27148,0.00,0.00
2017.05.05 17:16:05.588,12.26969,12.27149,0.00,0.00
2017.05.05 17:16:05.689,12.26921,12.27149,0.00,0.00
2017.05.05 17:16:06.148,12.26908,12.27149,0.00,0.00
2017.05.05 17:16:06.198,12.26961,12.27148,0.00,0.00
2017.05.05 17:16:06.249,12.26921,12.27149,0.00,0.00
2017.05.05 17:16:06.350,12.26939,12.27149,0.00,0.00
2017.05.05 17:16:06.560,12.26921,12.27149,0.00,0.00
2017.05.05 17:16:07.064,12.26922,12.27142,0.00,0.00
2017.05.05 17:16:07.406,12.26922,12.27131,0.00,0.00
2017.05.05 17:16:07.752,12.26922,12.27148,0.00,0.00
2017.05.05 17:16:07.853,12.26921,12.27132,0.00,0.00
2017.05.05 17:16:07.954,12.26922,12.27148,0.00,0.00
2017.05.05 17:16:08.482,12.26921,12.27149,0.00,0.00
2017.05.05 17:16:09.330,12.26921,12.27159,0.00,0.00
2017.05.05 17:16:09.381,12.26961,12.27181,0.00,0.00
2017.05.05 17:16:09.530,12.26961,12.27192,0.00,0.00
2017.05.05 17:16:09.727,12.26961,12.27241,0.00,0.00
2017.05.05 17:16:10.255,12.26961,12.27232,0.00,0.00
2017.05.05 17:16:10.718,12.26961,12.27212,0.00,0.00
2017.05.05 17:16:10.856,12.26961,12.27242,0.00,0.00
2017.05.05 17:16:11.101,12.26961,12.27179,0.00,0.00
2017.05.05 17:16:11.317,12.26961,12.27211,0.00,0.00
2017.05.05 17:16:11.479,12.26961,12.27241,0.00,0.00
2017.05.05 17:16:12.090,12.26961,12.27232,0.00,0.00
2017.05.05 17:16:12.262,12.26961,12.27242,0.00,0.00
2017.05.05 17:16:12.363,12.26961,12.27212,0.00,0.00
2017.05.05 17:16:12.763,12.26961,12.27241,0.00,0.00
2017.05.05 17:16:12.902,12.26961,12.27232,0.00,0.00
2017.05.05 17:16:13.879,12.26961,12.27241,0.00,0.00
2017.05.05 17:16:14.081,12.26961,12.27222,0.00,0.00
2017.05.05 17:16:14.168,12.26961,12.27242,0.00,0.00
2017.05.05 17:16:14.268,12.26961,12.27221,0.00,0.00
2017.05.05 17:16:15.116,12.26961,12.27232,0.00,0.00
2017.05.05 17:16:15.217,12.26961,12.27242,0.00,0.00
2017.05.05 17:16:15.390,12.26961,12.27231,0.00,0.00
2017.05.05 17:16:16.203,12.26961,12.27242,0.00,0.00
2017.05.05 17:16:16.304,12.26961,12.27212,0.00,0.00
2017.05.05 17:16:16.472,12.26961,12.27232,0.00,0.00
2017.05.05 17:16:16.712,12.26961,12.27212,0.00,0.00
2017.05.05 17:16:16.813,12.26961,12.27241,0.00,0.00
2017.05.05 17:16:17.580,12.26961,12.27231,0.00,0.00
2017.05.05 17:16:18.481,12.26961,12.27222,0.00,0.00
2017.05.05 17:16:18.611,12.26968,12.27248,0.00,0.00
2017.05.05 17:16:19.021,12.27009,12.27252,0.00,0.00
2017.05.05 17:16:19.223,12.27062,12.27328,0.00,0.00
2017.05.05 17:16:19.883,12.27062,12.27311,0.00,0.00
2017.05.05 17:16:20.391,12.27062,12.27322,0.00,0.00
2017.05.05 17:16:20.486,12.27062,12.27328,0.00,0.00
2017.05.05 17:16:20.638,12.27062,12.27331,0.00,0.00
2017.05.05 17:16:20.739,12.27062,12.27321,0.00,0.00
2017.05.05 17:16:21.293,12.27062,12.27311,0.00,0.00
2017.05.05 17:16:21.394,12.27062,12.27322,0.00,0.00
2017.05.05 17:16:21.540,12.27062,12.27332,0.00,0.00
2017.05.05 17:16:21.592,12.27062,12.27311,0.00,0.00
2017.05.05 17:16:22.043,12.27062,12.27322,0.00,0.00
2017.05.05 17:16:22.202,12.27058,12.27248,0.00,0.00
2017.05.05 17:16:22.252,12.27038,12.27248,0.00,0.00
2017.05.05 17:16:22.419,12.26971,12.27241,0.00,0.00
2017.05.05 17:16:22.522,12.26971,12.27221,0.00,0.00
2017.05.05 17:16:22.596,12.26971,12.27242,0.00,0.00
2017.05.05 17:16:22.696,12.26971,12.27248,0.00,0.00
2017.05.05 17:16:22.797,12.26971,12.27231,0.00,0.00
2017.05.05 17:16:23.740,12.26971,12.27241,0.00,0.00
2017.05.05 17:16:23.841,12.26971,12.27232,0.00,0.00
2017.05.05 17:16:24.199,12.26971,12.27249,0.00,0.00
2017.05.05 17:16:24.342,12.26971,12.27232,0.00,0.00
2017.05.05 17:16:24.701,12.26971,12.27241,0.00,0.00
2017.05.05 17:16:24.801,12.26971,12.27232,0.00,0.00
2017.05.05 17:16:24.902,12.26971,12.27242,0.00,0.00
2017.05.05 17:16:25.618,12.26971,12.27222,0.00,0.00
2017.05.05 17:16:25.719,12.26988,12.27249,0.00,0.00
2017.05.05 17:16:25.820,12.27018,12.27248,0.00,0.00
2017.05.05 17:16:26.341,12.27019,12.27248,0.00,0.00
2017.05.05 17:16:26.747,12.26999,12.27249,0.00,0.00
2017.05.05 17:16:26.848,12.26969,12.27232,0.00,0.00
2017.05.05 17:16:28.009,12.26969,12.27241,0.00,0.00
2017.05.05 17:16:28.551,12.26969,12.27222,0.00,0.00
2017.05.05 17:16:28.609,12.26969,12.27248,0.00,0.00
2017.05.05 17:16:29.210,12.26969,12.27221,0.00,0.00
2017.05.05 17:16:29.611,12.26969,12.27242,0.00,0.00
2017.05.05 17:16:29.712,12.26969,12.27248,0.00,0.00
2017.05.05 17:16:29.813,12.26969,12.27241,0.00,0.00
2017.05.05 17:16:30.116,12.27051,12.27252,0.00,0.00
2017.05.05 17:16:30.217,12.27068,12.27299,0.00,0.00
2017.05.05 17:16:30.703,12.27068,12.27341,0.00,0.00
2017.05.05 17:16:31.068,12.27059,12.27248,0.00,0.00
2017.05.05 17:16:31.119,12.27051,12.27249,0.00,0.00
2017.05.05 17:16:31.170,12.27019,12.27248,0.00,0.00
2017.05.05 17:16:31.221,12.27042,12.27259,0.00,0.00
2017.05.05 17:16:31.568,12.27068,12.27258,0.00,0.00
2017.05.05 17:16:32.386,12.27068,12.27259,0.00,0.00
2017.05.05 17:16:32.920,12.27058,12.27248,0.00,0.00
2017.05.05 17:16:32.971,12.27019,12.27248,0.00,0.00
2017.05.05 17:16:33.022,12.26968,12.27241,0.00,0.00
2017.05.05 17:16:33.072,12.27021,12.27241,0.00,0.00
2017.05.05 17:16:33.123,12.27021,12.27249,0.00,0.00
2017.05.05 17:16:33.624,12.27022,12.27248,0.00,0.00
2017.05.05 17:16:34.186,12.27021,12.27249,0.00,0.00
2017.05.05 17:16:34.337,12.27021,12.27242,0.00,0.00
2017.05.05 17:16:34.568,12.27022,12.27248,0.00,0.00
2017.05.05 17:16:35.096,12.27021,12.27249,0.00,0.00
2017.05.05 17:16:36.531,12.27021,12.27232,0.00,0.00
2017.05.05 17:16:36.941,12.27021,12.27249,0.00,0.00
2017.05.05 17:16:37.945,12.27022,12.27241,0.00,0.00
2017.05.05 17:16:38.261,12.27022,12.27232,0.00,0.00
2017.05.05 17:16:39.120,12.27021,12.27232,0.00,0.00
2017.05.05 17:16:39.236,12.27021,12.27249,0.00,0.00
2017.05.05 17:16:39.337,12.27021,12.27231,0.00,0.00
2017.05.05 17:16:39.880,12.27022,12.27231,0.00,0.00
2017.05.05 17:16:40.571,12.27021,12.27231,0.00,0.00
2017.05.05 17:16:41.743,12.27022,12.27231,0.00,0.00
2017.05.05 17:16:41.845,12.27021,12.27249,0.00,0.00
2017.05.05 17:16:41.946,12.27021,12.27232,0.00,0.00
2017.05.05 17:16:43.661,12.27022,12.27232,0.00,0.00
2017.05.05 17:16:43.763,12.27022,12.27242,0.00,0.00
2017.05.05 17:16:44.244,12.27021,12.27232,0.00,0.00
2017.05.05 17:16:44.563,12.26969,12.27248,0.00,0.00
2017.05.05 17:16:44.664,12.26969,12.27242,0.00,0.00
2017.05.05 17:16:45.261,12.26969,12.27241,0.00,0.00
2017.05.05 17:16:45.546,12.26969,12.27249,0.00,0.00
2017.05.05 17:16:45.647,12.26969,12.27232,0.00,0.00
2017.05.05 17:16:46.047,12.26969,12.27242,0.00,0.00
2017.05.05 17:16:46.149,12.26969,12.27232,0.00,0.00
2017.05.05 17:16:47.159,12.26969,12.27248,0.00,0.00
2017.05.05 17:16:47.450,12.26969,12.27241,0.00,0.00
2017.05.05 17:16:47.952,12.26969,12.27232,0.00,0.00
2017.05.05 17:16:48.451,12.26969,12.27242,0.00,0.00
2017.05.05 17:16:49.199,12.26969,12.27221,0.00,0.00
2017.05.05 17:16:50.263,12.26969,12.27249,0.00,0.00
2017.05.05 17:16:50.821,12.26969,12.27248,0.00,0.00
2017.05.05 17:16:50.872,12.26969,12.27232,0.00,0.00
2017.05.05 17:16:50.974,12.26978,12.27249,0.00,0.00
2017.05.05 17:16:51.075,12.26969,12.27232,0.00,0.00
2017.05.05 17:16:52.470,12.26969,12.27248,0.00,0.00
2017.05.05 17:16:53.359,12.26969,12.27242,0.00,0.00
2017.05.05 17:16:54.762,12.26969,12.27231,0.00,0.00
2017.05.05 17:16:54.862,12.26969,12.27249,0.00,0.00
2017.05.05 17:16:54.963,12.26969,12.27231,0.00,0.00
2017.05.05 17:16:55.363,12.26969,12.27242,0.00,0.00
2017.05.05 17:16:55.892,12.26969,12.27232,0.00,0.00
2017.05.05 17:16:56.221,12.27068,12.27309,0.00,0.00
2017.05.05 17:16:57.602,12.27068,12.27349,0.00,0.00
2017.05.05 17:16:58.669,12.27068,12.27331,0.00,0.00
2017.05.05 17:16:58.770,12.27068,12.27342,0.00,0.00
2017.05.05 17:16:58.975,12.27068,12.27348,0.00,0.00
2017.05.05 17:16:59.535,12.27068,12.27349,0.00,0.00
2017.05.05 17:16:59.948,12.27091,12.27349,0.00,0.00
2017.05.05 17:17:00.251,12.27129,12.27348,0.00,0.00
2017.05.05 17:17:00.302,12.27159,12.27431,0.00,0.00
2017.05.05 17:17:00.403,12.27169,12.27421,0.00,0.00
2017.05.05 17:17:00.505,12.27169,12.27452,0.00,0.00
2017.05.05 17:17:00.606,12.27169,12.27442,0.00,0.00
2017.05.05 17:17:00.950,12.27169,12.27412,0.00,0.00
2017.05.05 17:17:01.083,12.27169,12.27442,0.00,0.00
2017.05.05 17:17:01.312,12.27169,12.27422,0.00,0.00
2017.05.05 17:17:01.414,12.27169,12.27442,0.00,0.00
2017.05.05 17:17:01.896,12.27169,12.27432,0.00,0.00
2017.05.05 17:17:02.267,12.27169,12.27378,0.00,0.00
2017.05.05 17:17:02.837,12.27169,12.27379,0.00,0.00
2017.05.05 17:17:03.955,12.27169,12.27378,0.00,0.00
2017.05.05 17:17:04.107,12.27118,12.27348,0.00,0.00
2017.05.05 17:17:04.309,12.27169,12.27358,0.00,0.00
2017.05.05 17:17:04.627,12.27118,12.27348,0.00,0.00
2017.05.05 17:17:05.209,12.27118,12.27349,0.00,0.00
2017.05.05 17:17:05.500,12.27169,12.27421,0.00,0.00
2017.05.05 17:17:05.601,12.27169,12.27442,0.00,0.00
2017.05.05 17:17:05.786,12.27169,12.27432,0.00,0.00
2017.05.05 17:17:05.887,12.27169,12.27442,0.00,0.00
2017.05.05 17:17:06.332,12.27169,12.27411,0.00,0.00
2017.05.05 17:17:08.094,12.27169,12.27442,0.00,0.00
2017.05.05 17:17:08.502,12.27169,12.27452,0.00,0.00
2017.05.05 17:17:08.628,12.27169,12.27431,0.00,0.00
2017.05.05 17:17:09.008,12.27169,12.27451,0.00,0.00
2017.05.05 17:17:09.133,12.27169,12.27422,0.00,0.00
2017.05.05 17:17:09.397,12.27169,12.27432,0.00,0.00
2017.05.05 17:17:09.498,12.27169,12.27422,0.00,0.00
2017.05.05 17:17:09.604,12.27169,12.27441,0.00,0.00
2017.05.05 17:17:10.322,12.27169,12.27422,0.00,0.00
2017.05.05 17:17:10.441,12.27169,12.27432,0.00,0.00
2017.05.05 17:17:10.796,12.27169,12.27422,0.00,0.00
2017.05.05 17:17:11.123,12.27169,12.27432,0.00,0.00
2017.05.05 17:17:11.225,12.27169,12.27422,0.00,0.00
2017.05.05 17:17:11.297,12.27169,12.27452,0.00,0.00
2017.05.05 17:17:11.513,12.27169,12.27431,0.00,0.00
2017.05.05 17:17:11.815,12.27169,12.27422,0.00,0.00
2017.05.05 17:17:12.381,12.27169,12.27378,0.00,0.00
2017.05.05 17:17:12.432,12.27169,12.27422,0.00,0.00
2017.05.05 17:17:12.533,12.27169,12.27431,0.00,0.00
2017.05.05 17:17:12.634,12.27169,12.27451,0.00,0.00
2017.05.05 17:17:14.342,12.27169,12.27432,0.00,0.00
2017.05.05 17:17:14.401,12.27169,12.27442,0.00,0.00
2017.05.05 17:17:14.502,12.27169,12.27452,0.00,0.00
2017.05.05 17:17:14.653,12.27169,12.27432,0.00,0.00
2017.05.05 17:17:15.303,12.27169,12.27441,0.00,0.00
2017.05.05 17:17:15.403,12.27169,12.27431,0.00,0.00
2017.05.05 17:17:16.219,12.27169,12.27451,0.00,0.00
2017.05.05 17:17:16.375,12.27169,12.27421,0.00,0.00
2017.05.05 17:17:16.992,12.27219,12.27421,0.00,0.00
2017.05.05 17:17:17.043,12.27219,12.27442,0.00,0.00
2017.05.05 17:17:17.144,12.27219,12.27449,0.00,0.00
2017.05.05 17:17:17.245,12.27168,12.27449,0.00,0.00
2017.05.05 17:17:17.346,12.27168,12.27432,0.00,0.00
2017.05.05 17:17:17.843,12.27169,12.27449,0.00,0.00
2017.05.05 17:17:17.955,12.27168,12.27421,0.00,0.00
2017.05.05 17:17:18.331,12.27169,12.27449,0.00,0.00
2017.05.05 17:17:18.408,12.27168,12.27421,0.00,0.00
2017.05.05 17:17:18.509,12.27169,12.27449,0.00,0.00
2017.05.05 17:17:19.140,12.27169,12.27448,0.00,0.00
2017.05.05 17:17:19.410,12.27168,12.27432,0.00,0.00
2017.05.05 17:17:22.644,12.27168,12.27431,0.00,0.00
2017.05.05 17:17:22.915,12.27168,12.27422,0.00,0.00
2017.05.05 17:17:23.350,12.27168,12.27442,0.00,0.00
2017.05.05 17:17:23.451,12.27168,12.27422,0.00,0.00
2017.05.05 17:17:24.217,12.27168,12.27431,0.00,0.00
2017.05.05 17:17:24.435,12.27168,12.27422,0.00,0.00
2017.05.05 17:17:24.701,12.27151,12.27422,0.00,0.00
2017.05.05 17:17:24.752,12.27138,12.27349,0.00,0.00
2017.05.05 17:17:25.055,12.27168,12.27358,0.00,0.00
2017.05.05 17:17:25.741,12.27168,12.27359,0.00,0.00
2017.05.05 17:17:26.338,12.27138,12.27349,0.00,0.00
2017.05.05 17:17:26.440,12.27158,12.27348,0.00,0.00
2017.05.05 17:17:26.553,12.27069,12.27348,0.00,0.00
2017.05.05 17:17:26.755,12.27069,12.27332,0.00,0.00
2017.05.05 17:17:26.822,12.27069,12.27349,0.00,0.00
2017.05.05 17:17:26.922,12.27069,12.27331,0.00,0.00
2017.05.05 17:17:27.223,12.27069,12.27342,0.00,0.00
2017.05.05 17:17:27.524,12.27069,12.27331,0.00,0.00
2017.05.05 17:17:27.960,12.27069,12.27348,0.00,0.00
2017.05.05 17:17:28.025,12.27079,12.27348,0.00,0.00
2017.05.05 17:17:28.226,12.27069,12.27342,0.00,0.00
2017.05.05 17:17:30.741,12.27069,12.27349,0.00,0.00
2017.05.05 17:17:30.830,12.27078,12.27349,0.00,0.00
2017.05.05 17:17:31.331,12.27069,12.27342,0.00,0.00
2017.05.05 17:17:31.432,12.27069,12.27349,0.00,0.00
2017.05.05 17:17:31.631,12.27078,12.27349,0.00,0.00
2017.05.05 17:17:31.932,12.27069,12.27349,0.00,0.00
2017.05.05 17:17:32.533,12.27069,12.27342,0.00,0.00
2017.05.05 17:17:32.633,12.27069,12.27349,0.00,0.00
2017.05.05 17:17:32.840,12.27078,12.27348,0.00,0.00
2017.05.05 17:17:33.180,12.27069,12.27348,0.00,0.00
2017.05.05 17:17:33.234,12.27078,12.27348,0.00,0.00
2017.05.05 17:17:33.384,12.27069,12.27342,0.00,0.00
2017.05.05 17:17:33.635,12.27069,12.27348,0.00,0.00
2017.05.05 17:17:34.504,12.27088,12.27348,0.00,0.00
2017.05.05 17:17:35.365,12.27069,12.27348,0.00,0.00
2017.05.05 17:17:35.569,12.27088,12.27348,0.00,0.00
2017.05.05 17:17:36.139,12.27069,12.27349,0.00,0.00
2017.05.05 17:17:37.539,12.27069,12.27348,0.00,0.00
2017.05.05 17:17:37.675,12.27088,12.27348,0.00,0.00
2017.05.05 17:17:38.130,12.27128,12.27349,0.00,0.00
2017.05.05 17:17:38.241,12.27118,12.27349,0.00,0.00
2017.05.05 17:17:38.342,12.27128,12.27349,0.00,0.00
2017.05.05 17:17:38.667,12.27118,12.27349,0.00,0.00
2017.05.05 17:17:39.044,12.27128,12.27349,0.00,0.00
2017.05.05 17:17:39.444,12.27118,12.27349,0.00,0.00
2017.05.05 17:17:40.546,12.27129,12.27349,0.00,0.00
2017.05.05 17:17:40.649,12.27118,12.27349,0.00,0.00
2017.05.05 17:17:40.750,12.27169,12.27348,0.00,0.00
2017.05.05 17:17:40.851,12.27119,12.27348,0.00,0.00
2017.05.05 17:17:41.403,12.27119,12.27349,0.00,0.00
2017.05.05 17:17:42.103,12.27151,12.27349,0.00,0.00
2017.05.05 17:17:42.154,12.27169,12.27402,0.00,0.00
2017.05.05 17:17:42.255,12.27169,12.27442,0.00,0.00
2017.05.05 17:17:42.449,12.27169,12.27431,0.00,0.00
2017.05.05 17:17:42.679,12.27169,12.27442,0.00,0.00
2017.05.05 17:17:42.749,12.27169,12.27432,0.00,0.00
2017.05.05 17:17:43.232,12.27148,12.27348,0.00,0.00
2017.05.05 17:17:43.283,12.27139,12.27349,0.00,0.00
2017.05.05 17:17:43.384,12.27118,12.27349,0.00,0.00
2017.05.05 17:17:43.551,12.27129,12.27349,0.00,0.00
2017.05.05 17:17:43.752,12.27118,12.27348,0.00,0.00
2017.05.05 17:17:44.140,12.27099,12.27349,0.00,0.00
2017.05.05 17:17:44.191,12.27089,12.27349,0.00,0.00
2017.05.05 17:17:44.292,12.27082,12.27348,0.00,0.00
2017.05.05 17:17:44.570,12.27092,12.27348,0.00,0.00
2017.05.05 17:17:44.904,12.27119,12.27348,0.00,0.00
2017.05.05 17:17:45.525,12.27119,12.27402,0.00,0.00
2017.05.05 17:17:45.626,12.27119,12.27348,0.00,0.00
2017.05.05 17:17:45.727,12.27109,12.27348,0.00,0.00
2017.05.05 17:17:45.778,12.27099,12.27349,0.00,0.00
2017.05.05 17:17:45.880,12.27069,12.27349,0.00,0.00
2017.05.05 17:17:46.260,12.27088,12.27349,0.00,0.00
2017.05.05 17:17:46.559,12.27069,12.27348,0.00,0.00
2017.05.05 17:17:46.764,12.27069,12.27342,0.00,0.00
2017.05.05 17:17:47.091,12.27069,12.27332,0.00,0.00
2017.05.05 17:17:47.912,12.27069,12.27342,0.00,0.00
2017.05.05 17:17:49.581,12.27069,12.27349,0.00,0.00
2017.05.05 17:17:49.666,12.27069,12.27332,0.00,0.00
2017.05.05 17:17:49.967,12.27069,12.27349,0.00,0.00
2017.05.05 17:17:50.219,12.27152,12.27351,0.00,0.00
2017.05.05 17:17:50.270,12.27152,12.27372,0.00,0.00
2017.05.05 17:17:50.371,12.27169,12.27378,0.00,0.00
2017.05.05 17:17:50.422,12.27169,12.27428,0.00,0.00
2017.05.05 17:17:50.612,12.27169,12.27411,0.00,0.00
2017.05.05 17:17:50.669,12.27169,12.27428,0.00,0.00
2017.05.05 17:17:51.125,12.27169,12.27441,0.00,0.00
2017.05.05 17:17:51.591,12.27169,12.27431,0.00,0.00
2017.05.05 17:17:51.893,12.27169,12.27421,0.00,0.00
2017.05.05 17:17:52.203,12.27169,12.27442,0.00,0.00
2017.05.05 17:17:52.273,12.27169,12.27422,0.00,0.00
2017.05.05 17:17:52.824,12.27169,12.27442,0.00,0.00
2017.05.05 17:17:52.990,12.27169,12.27421,0.00,0.00
2017.05.05 17:17:53.611,12.27169,12.27441,0.00,0.00
2017.05.05 17:17:54.277,12.27169,12.27421,0.00,0.00
2017.05.05 17:17:54.379,12.27169,12.27441,0.00,0.00
2017.05.05 17:17:54.549,12.27251,12.27441,0.00,0.00
2017.05.05 17:17:54.600,12.27252,12.27492,0.00,0.00
2017.05.05 17:17:54.701,12.27268,12.27518,0.00,0.00
2017.05.05 17:17:55.052,12.27268,12.27542,0.00,0.00
2017.05.05 17:17:55.441,12.27268,12.27521,0.00,0.00
2017.05.05 17:17:55.984,12.27268,12.27512,0.00,0.00
2017.05.05 17:17:56.585,12.27268,12.27521,0.00,0.00
2017.05.05 17:17:56.686,12.27268,12.27532,0.00,0.00
2017.05.05 17:17:56.902,12.27271,12.27532,0.00,0.00
2017.05.05 17:17:57.461,12.27272,12.27532,0.00,0.00
2017.05.05 17:17:57.792,12.27271,12.27512,0.00,0.00
2017.05.05 17:17:58.000,12.27272,12.27522,0.00,0.00
2017.05.05 17:17:58.089,12.27272,12.27542,0.00,0.00
2017.05.05 17:17:58.190,12.27272,12.27521,0.00,0.00
2017.05.05 17:17:58.406,12.27278,12.27562,0.00,0.00
2017.05.05 17:17:58.507,12.27372,12.27562,0.00,0.00
2017.05.05 17:17:58.610,12.27372,12.27582,0.00,0.00
2017.05.05 17:17:58.711,12.27372,12.27609,0.00,0.00
2017.05.05 17:17:59.043,12.27371,12.27642,0.00,0.00
2017.05.05 17:17:59.695,12.27371,12.27622,0.00,0.00
2017.05.05 17:18:00.196,12.27371,12.27642,0.00,0.00
2017.05.05 17:18:00.296,12.27371,12.27631,0.00,0.00
2017.05.05 17:18:00.824,12.27372,12.27622,0.00,0.00
2017.05.05 17:18:00.926,12.27371,12.27651,0.00,0.00
2017.05.05 17:18:01.098,12.27371,12.27621,0.00,0.00
2017.05.05 17:18:01.680,12.27372,12.27621,0.00,0.00
2017.05.05 17:18:01.800,12.27372,12.27632,0.00,0.00
2017.05.05 17:18:02.101,12.27371,12.27621,0.00,0.00
2017.05.05 17:18:02.531,12.27371,12.27632,0.00,0.00
2017.05.05 17:18:02.601,12.27371,12.27641,0.00,0.00
2017.05.05 17:18:02.741,12.27371,12.27631,0.00,0.00
2017.05.05 17:18:02.933,12.27371,12.27642,0.00,0.00
2017.05.05 17:18:03.303,12.27371,12.27632,0.00,0.00
2017.05.05 17:18:03.403,12.27371,12.27641,0.00,0.00
2017.05.05 17:18:03.504,12.27371,12.27632,0.00,0.00
2017.05.05 17:18:03.854,12.27372,12.27622,0.00,0.00
2017.05.05 17:18:03.905,12.27372,12.27631,0.00,0.00
2017.05.05 17:18:04.121,12.27372,12.27642,0.00,0.00
2017.05.05 17:18:04.322,12.27372,12.27622,0.00,0.00
2017.05.05 17:18:04.652,12.27348,12.27549,0.00,0.00
2017.05.05 17:18:04.753,12.27318,12.27541,0.00,0.00
2017.05.05 17:18:04.868,12.27301,12.27541,0.00,0.00
2017.05.05 17:18:04.923,12.27329,12.27548,0.00,0.00
2017.05.05 17:18:05.025,12.27271,12.27531,0.00,0.00
2017.05.05 17:18:05.125,12.27271,12.27521,0.00,0.00
2017.05.05 17:18:05.460,12.27291,12.27521,0.00,0.00
2017.05.05 17:18:05.662,12.27318,12.27558,0.00,0.00
2017.05.05 17:18:05.813,12.27328,12.27558,0.00,0.00
2017.05.05 17:18:05.914,12.27298,12.27548,0.00,0.00
2017.05.05 17:18:06.015,12.27272,12.27532,0.00,0.00
2017.05.05 17:18:06.519,12.27271,12.27532,0.00,0.00
2017.05.05 17:18:06.862,12.27291,12.27532,0.00,0.00
2017.05.05 17:18:07.014,12.27281,12.27549,0.00,0.00
2017.05.05 17:18:07.064,12.27308,12.27549,0.00,0.00
2017.05.05 17:18:07.116,12.27281,12.27549,0.00,0.00
2017.05.05 17:18:07.459,12.27278,12.27549,0.00,0.00
2017.05.05 17:18:07.560,12.27272,12.27548,0.00,0.00
2017.05.05 17:18:07.661,12.27272,12.27532,0.00,0.00
2017.05.05 17:18:08.021,12.27271,12.27549,0.00,0.00
2017.05.05 17:18:08.071,12.27291,12.27549,0.00,0.00
2017.05.05 17:18:08.223,12.27281,12.27549,0.00,0.00
2017.05.05 17:18:08.730,12.27278,12.27549,0.00,0.00
2017.05.05 17:18:08.831,12.27271,12.27542,0.00,0.00
2017.05.05 17:18:09.143,12.27272,12.27522,0.00,0.00
2017.05.05 17:18:09.244,12.27272,12.27542,0.00,0.00
2017.05.05 17:18:09.322,12.27272,12.27522,0.00,0.00
2017.05.05 17:18:09.422,12.27272,12.27542,0.00,0.00
2017.05.05 17:18:09.523,12.27271,12.27532,0.00,0.00
2017.05.05 17:18:10.323,12.27271,12.27522,0.00,0.00
2017.05.05 17:18:10.655,12.27271,12.27531,0.00,0.00
2017.05.05 17:18:10.756,12.27272,12.27542,0.00,0.00
2017.05.05 17:18:10.857,12.27272,12.27522,0.00,0.00
2017.05.05 17:18:11.642,12.27269,12.27448,0.00,0.00
2017.05.05 17:18:11.742,12.27219,12.27448,0.00,0.00
2017.05.05 17:18:11.843,12.27188,12.27449,0.00,0.00
2017.05.05 17:18:12.029,12.27208,12.27449,0.00,0.00
2017.05.05 17:18:12.232,12.27189,12.27448,0.00,0.00
2017.05.05 17:18:12.333,12.27172,12.27431,0.00,0.00
2017.05.05 17:18:13.032,12.27171,12.27449,0.00,0.00
2017.05.05 17:18:13.171,12.27171,12.27441,0.00,0.00
2017.05.05 17:18:13.848,12.27171,12.27432,0.00,0.00
2017.05.05 17:18:14.975,12.27171,12.27449,0.00,0.00
2017.05.05 17:18:15.336,12.27171,12.27442,0.00,0.00
2017.05.05 17:18:15.761,12.27171,12.27432,0.00,0.00
2017.05.05 17:18:16.143,12.27171,12.27449,0.00,0.00
2017.05.05 17:18:17.001,12.27172,12.27448,0.00,0.00
2017.05.05 17:18:17.340,12.27172,12.27441,0.00,0.00
2017.05.05 17:18:17.843,12.27171,12.27431,0.00,0.00
2017.05.05 17:18:18.141,12.27171,12.27442,0.00,0.00
2017.05.05 17:18:18.342,12.27172,12.27448,0.00,0.00
2017.05.05 17:18:18.457,12.27172,12.27432,0.00,0.00
2017.05.05 17:18:18.658,12.27171,12.27442,0.00,0.00
2017.05.05 17:18:18.844,12.27172,12.27448,0.00,0.00
2017.05.05 17:18:19.144,12.27172,12.27431,0.00,0.00
2017.05.05 17:18:19.492,12.27171,12.27421,0.00,0.00
2017.05.05 17:18:21.248,12.27171,12.27442,0.00,0.00
2017.05.05 17:18:21.572,12.27171,12.27432,0.00,0.00
2017.05.05 17:18:21.649,12.27171,12.27441,0.00,0.00
2017.05.05 17:18:22.157,12.27172,12.27432,0.00,0.00
2017.05.05 17:18:22.258,12.27172,12.27448,0.00,0.00
2017.05.05 17:18:22.596,12.27252,12.27448,0.00,0.00
2017.05.05 17:18:22.647,12.27219,12.27449,0.00,0.00
2017.05.05 17:18:22.748,12.27199,12.27449,0.00,0.00
2017.05.05 17:18:22.849,12.27218,12.27449,0.00,0.00
2017.05.05 17:18:22.950,12.27209,12.27448,0.00,0.00
2017.05.05 17:18:23.001,12.27188,12.27448,0.00,0.00
2017.05.05 17:18:23.203,12.27182,12.27448,0.00,0.00
2017.05.05 17:18:23.726,12.27181,12.27449,0.00,0.00
2017.05.05 17:18:23.777,12.27199,12.27449,0.00,0.00
2017.05.05 17:18:24.080,12.27271,12.27532,0.00,0.00
2017.05.05 17:18:24.566,12.27271,12.27512,0.00,0.00
2017.05.05 17:18:24.658,12.27271,12.27542,0.00,0.00
2017.05.05 17:18:24.789,12.27268,12.27542,0.00,0.00
2017.05.05 17:18:24.891,12.27268,12.27532,0.00,0.00
2017.05.05 17:18:25.210,12.27238,12.27448,0.00,0.00
2017.05.05 17:18:25.261,12.27168,12.27442,0.00,0.00
2017.05.05 17:18:25.463,12.27178,12.27449,0.00,0.00
2017.05.05 17:18:25.680,12.27169,12.27448,0.00,0.00
2017.05.05 17:18:25.781,12.27178,12.27449,0.00,0.00
2017.05.05 17:18:26.396,12.27168,12.27432,0.00,0.00
2017.05.05 17:18:27.967,12.27168,12.27449,0.00,0.00
2017.05.05 17:18:28.095,12.27168,12.27442,0.00,0.00
2017.05.05 17:18:29.170,12.27168,12.27432,0.00,0.00
2017.05.05 17:18:29.607,12.27264,12.27432,0.00,0.00
2017.05.05 17:18:29.708,12.27264,12.27452,0.00,0.00
2017.05.05 17:18:29.809,12.27264,12.27529,0.00,0.00
2017.05.05 17:18:29.973,12.27264,12.27511,0.00,0.00
2017.05.05 17:18:30.173,12.27264,12.27529,0.00,0.00
2017.05.05 17:18:30.496,12.27264,12.27532,0.00,0.00
2017.05.05 17:18:30.785,12.27264,12.27521,0.00,0.00
2017.05.05 17:18:30.886,12.27264,12.27532,0.00,0.00
2017.05.05 17:18:31.398,12.27264,12.27522,0.00,0.00
2017.05.05 17:18:31.780,12.27264,12.27542,0.00,0.00
2017.05.05 17:18:32.200,12.27269,12.27542,0.00,0.00
2017.05.05 17:18:32.401,12.27271,12.27549,0.00,0.00
2017.05.05 17:18:32.503,12.27271,12.27532,0.00,0.00
2017.05.05 17:18:32.920,12.27272,12.27521,0.00,0.00
2017.05.05 17:18:33.181,12.27271,12.27532,0.00,0.00
2017.05.05 17:18:33.709,12.27272,12.27548,0.00,0.00
2017.05.05 17:18:34.747,12.27271,12.27549,0.00,0.00
2017.05.05 17:18:35.286,12.27271,12.27542,0.00,0.00
2017.05.05 17:18:35.507,12.27272,12.27548,0.00,0.00
2017.05.05 17:18:35.608,12.27279,12.27549,0.00,0.00
2017.05.05 17:18:35.909,12.27271,12.27542,0.00,0.00
2017.05.05 17:18:36.274,12.27271,12.27508,0.00,0.00
2017.05.05 17:18:36.678,12.27218,12.27448,0.00,0.00
2017.05.05 17:18:37.383,12.27218,12.27449,0.00,0.00
2017.05.05 17:18:37.535,12.27188,12.27449,0.00,0.00
2017.05.05 17:18:37.592,12.27169,12.27442,0.00,0.00
2017.05.05 17:18:37.896,12.27178,12.27449,0.00,0.00
2017.05.05 17:18:38.700,12.27178,12.27448,0.00,0.00
2017.05.05 17:18:38.894,12.27169,12.27442,0.00,0.00
2017.05.05 17:18:40.729,12.27178,12.27449,0.00,0.00
2017.05.05 17:18:41.388,12.27178,12.27448,0.00,0.00
2017.05.05 17:18:41.497,12.27169,12.27448,0.00,0.00
2017.05.05 17:18:41.598,12.27209,12.27448,0.00,0.00
2017.05.05 17:18:41.719,12.27169,12.27448,0.00,0.00
2017.05.05 17:18:42.004,12.27169,12.27358,0.00,0.00
2017.05.05 17:18:42.105,12.27179,12.27441,0.00,0.00
2017.05.05 17:18:42.207,12.27179,12.27412,0.00,0.00
2017.05.05 17:18:42.408,12.27179,12.27442,0.00,0.00
2017.05.05 17:18:42.599,12.27179,12.27431,0.00,0.00
2017.05.05 17:18:42.899,12.27179,12.27442,0.00,0.00
2017.05.05 17:18:44.301,12.27179,12.27422,0.00,0.00
2017.05.05 17:18:44.950,12.27179,12.27441,0.00,0.00
2017.05.05 17:18:45.051,12.27179,12.27411,0.00,0.00
2017.05.05 17:18:45.312,12.27179,12.27421,0.00,0.00
2017.05.05 17:18:45.439,12.27179,12.27442,0.00,0.00
2017.05.05 17:18:45.506,12.27179,12.27422,0.00,0.00
2017.05.05 17:18:45.708,12.27179,12.27441,0.00,0.00
2017.05.05 17:18:46.222,12.27179,12.27432,0.00,0.00
2017.05.05 17:18:46.509,12.27179,12.27442,0.00,0.00
2017.05.05 17:18:46.810,12.27179,12.27432,0.00,0.00
2017.05.05 17:18:47.520,12.27179,12.27441,0.00,0.00
2017.05.05 17:18:48.400,12.27159,12.27348,0.00,0.00
2017.05.05 17:18:48.451,12.27128,12.27349,0.00,0.00
2017.05.05 17:18:48.820,12.27109,12.27348,0.00,0.00
2017.05.05 17:18:48.871,12.27111,12.27349,0.00,0.00
2017.05.05 17:18:49.002,12.27139,12.27419,0.00,0.00
2017.05.05 17:18:49.052,12.27178,12.27402,0.00,0.00
2017.05.05 17:18:49.154,12.27178,12.27421,0.00,0.00
2017.05.05 17:18:49.255,12.27178,12.27441,0.00,0.00
2017.05.05 17:18:50.723,12.27178,12.27442,0.00,0.00
2017.05.05 17:18:51.326,12.27178,12.27411,0.00,0.00
2017.05.05 17:18:51.427,12.27178,12.27442,0.00,0.00
2017.05.05 17:18:51.651,12.27178,12.27421,0.00,0.00
2017.05.05 17:18:51.972,12.27158,12.27349,0.00,0.00
2017.05.05 17:18:52.073,12.27088,12.27349,0.00,0.00
2017.05.05 17:18:52.175,12.27078,12.27349,0.00,0.00
2017.05.05 17:18:52.629,12.27088,12.27348,0.00,0.00
2017.05.05 17:18:52.975,12.27078,12.27332,0.00,0.00
2017.05.05 17:18:53.469,12.27078,12.27342,0.00,0.00
2017.05.05 17:18:53.529,12.27078,12.27349,0.00,0.00
2017.05.05 17:18:53.580,12.27179,12.27351,0.00,0.00
2017.05.05 17:18:53.832,12.27179,12.27432,0.00,0.00
2017.05.05 17:18:55.351,12.27179,12.27431,0.00,0.00
2017.05.05 17:18:55.435,12.27179,12.27412,0.00,0.00
2017.05.05 17:18:57.418,12.27179,12.27442,0.00,0.00
2017.05.05 17:18:57.671,12.27179,12.27411,0.00,0.00
2017.05.05 17:18:57.772,12.27179,12.27431,0.00,0.00
2017.05.05 17:18:57.841,12.27179,12.27442,0.00,0.00
2017.05.05 17:18:59.080,12.27179,12.27411,0.00,0.00
2017.05.05 17:18:59.144,12.27179,12.27432,0.00,0.00
2017.05.05 17:18:59.660,12.27179,12.27442,0.00,0.00
2017.05.05 17:18:59.745,12.27179,12.27432,0.00,0.00
2017.05.05 17:19:00.170,12.27179,12.27412,0.00,0.00
2017.05.05 17:19:00.272,12.27179,12.27432,0.00,0.00
2017.05.05 17:19:00.548,12.27179,12.27411,0.00,0.00
2017.05.05 17:19:00.963,12.27179,12.27432,0.00,0.00
2017.05.05 17:19:01.080,12.27179,12.27442,0.00,0.00
2017.05.05 17:19:01.449,12.27179,12.27431,0.00,0.00
2017.05.05 17:19:01.904,12.27179,12.27411,0.00,0.00
2017.05.05 17:19:02.982,12.27228,12.27442,0.00,0.00
2017.05.05 17:19:03.083,12.27271,12.27529,0.00,0.00
2017.05.05 17:19:03.134,12.27279,12.27529,0.00,0.00
2017.05.05 17:19:03.554,12.27279,12.27512,0.00,0.00
2017.05.05 17:19:04.056,12.27279,12.27532,0.00,0.00
2017.05.05 17:19:04.755,12.27279,12.27512,0.00,0.00
2017.05.05 17:19:05.181,12.27279,12.27522,0.00,0.00
2017.05.05 17:19:05.282,12.27279,12.27511,0.00,0.00
2017.05.05 17:19:05.658,12.27279,12.27522,0.00,0.00
2017.05.05 17:19:06.797,12.27279,12.27512,0.00,0.00
2017.05.05 17:19:06.906,12.27279,12.27522,0.00,0.00
2017.05.05 17:19:07.889,12.27279,12.27532,0.00,0.00
2017.05.05 17:19:07.990,12.27279,12.27521,0.00,0.00
2017.05.05 17:19:08.365,12.27279,12.27512,0.00,0.00
2017.05.05 17:19:09.004,12.27279,12.27532,0.00,0.00
2017.05.05 17:19:09.105,12.27279,12.27511,0.00,0.00
2017.05.05 17:19:09.266,12.27231,12.27479,0.00,0.00
2017.05.05 17:19:09.317,12.27261,12.27479,0.00,0.00
2017.05.05 17:19:09.418,12.27279,12.27532,0.00,0.00
2017.05.05 17:19:09.469,12.27279,12.27512,0.00,0.00
2017.05.05 17:19:09.669,12.27279,12.27531,0.00,0.00
2017.05.05 17:19:09.769,12.27279,12.27521,0.00,0.00
2017.05.05 17:19:10.009,12.27279,12.27531,0.00,0.00
2017.05.05 17:19:10.539,12.27279,12.27449,0.00,0.00
2017.05.05 17:19:10.590,12.27229,12.27449,0.00,0.00
2017.05.05 17:19:10.691,12.27178,12.27422,0.00,0.00
2017.05.05 17:19:10.828,12.27278,12.27422,0.00,0.00
2017.05.05 17:19:10.879,12.27278,12.27449,0.00,0.00
2017.05.05 17:19:10.930,12.27182,12.27448,0.00,0.00
2017.05.05 17:19:11.074,12.27181,12.27442,0.00,0.00
2017.05.05 17:19:11.200,12.27179,12.27442,0.00,0.00
2017.05.05 17:19:13.380,12.27179,12.27449,0.00,0.00
2017.05.05 17:19:14.110,12.27179,12.27448,0.00,0.00
2017.05.05 17:19:14.212,12.27179,12.27442,0.00,0.00
2017.05.05 17:19:14.584,12.27168,12.27349,0.00,0.00
2017.05.05 17:19:14.685,12.27078,12.27331,0.00,0.00
2017.05.05 17:19:15.400,12.27078,12.27349,0.00,0.00
2017.05.05 17:19:15.910,12.27078,12.27348,0.00,0.00
2017.05.05 17:19:16.080,12.27078,12.27278,0.00,0.00
2017.05.05 17:19:16.232,12.27078,12.27342,0.00,0.00
2017.05.05 17:19:16.286,12.27078,12.27332,0.00,0.00
2017.05.05 17:19:16.387,12.27078,12.27349,0.00,0.00
2017.05.05 17:19:16.589,12.27078,12.27332,0.00,0.00
2017.05.05 17:19:16.690,12.27078,12.27342,0.00,0.00
2017.05.05 17:19:16.824,12.27078,12.27332,0.00,0.00
2017.05.05 17:19:17.187,12.27078,12.27341,0.00,0.00
2017.05.05 17:19:17.288,12.27078,12.27362,0.00,0.00
2017.05.05 17:19:18.088,12.27078,12.27342,0.00,0.00
2017.05.05 17:19:18.500,12.27078,12.27332,0.00,0.00
2017.05.05 17:19:18.990,12.27078,12.27342,0.00,0.00
2017.05.05 17:19:19.132,12.27078,12.27331,0.00,0.00
2017.05.05 17:19:20.592,12.27078,12.27352,0.00,0.00
2017.05.05 17:19:20.720,12.27078,12.27342,0.00,0.00
2017.05.05 17:19:21.240,12.27078,12.27351,0.00,0.00
2017.05.05 17:19:21.995,12.27078,12.27331,0.00,0.00
2017.05.05 17:19:22.230,12.27078,12.27342,0.00,0.00
2017.05.05 17:19:22.331,12.27078,12.27362,0.00,0.00
2017.05.05 17:19:22.395,12.27078,12.27332,0.00,0.00
2017.05.05 17:19:22.840,12.27078,12.27351,0.00,0.00
2017.05.05 17:19:22.896,12.27078,12.27341,0.00,0.00
2017.05.05 17:19:23.034,12.27078,12.27352,0.00,0.00
2017.05.05 17:19:23.096,12.27078,12.27332,0.00,0.00
2017.05.05 17:19:23.597,12.27078,12.27342,0.00,0.00
2017.05.05 17:19:24.109,12.27078,12.27352,0.00,0.00
2017.05.05 17:19:24.198,12.27078,12.27342,0.00,0.00
2017.05.05 17:19:24.299,12.27078,12.27351,0.00,0.00
2017.05.05 17:19:25.645,12.27078,12.27279,0.00,0.00
2017.05.05 17:19:25.746,12.27062,12.27268,0.00,0.00
2017.05.05 17:19:25.796,12.27078,12.27279,0.00,0.00
2017.05.05 17:19:25.897,12.27078,12.27312,0.00,0.00
2017.05.05 17:19:25.948,12.27078,12.27341,0.00,0.00
2017.05.05 17:19:26.222,12.27078,12.27311,0.00,0.00
2017.05.05 17:19:26.559,12.27078,12.27298,0.00,0.00
2017.05.05 17:19:27.107,12.27078,12.27299,0.00,0.00
2017.05.05 17:19:27.158,12.27078,12.27312,0.00,0.00
2017.05.05 17:19:27.209,12.27078,12.27342,0.00,0.00
2017.05.05 17:19:27.550,12.27078,12.27331,0.00,0.00
2017.05.05 17:19:27.893,12.27038,12.27269,0.00,0.00
2017.05.05 17:19:27.944,12.26978,12.27241,0.00,0.00
2017.05.05 17:19:27.994,12.26982,12.27241,0.00,0.00
2017.05.05 17:19:28.045,12.26988,12.27269,0.00,0.00
2017.05.05 17:19:28.198,12.26998,12.27269,0.00,0.00
2017.05.05 17:19:28.349,12.26978,12.27251,0.00,0.00
2017.05.05 17:19:28.406,12.26978,12.27242,0.00,0.00
2017.05.05 17:19:28.756,12.27008,12.27268,0.00,0.00
2017.05.05 17:19:28.808,12.26998,12.27268,0.00,0.00
2017.05.05 17:19:29.190,12.26998,12.27248,0.00,0.00
2017.05.05 17:19:29.509,12.26978,12.27248,0.00,0.00
2017.05.05 17:19:30.078,12.26979,12.27248,0.00,0.00
2017.05.05 17:19:31.420,12.26978,12.27242,0.00,0.00
2017.05.05 17:19:32.241,12.26978,12.27252,0.00,0.00
2017.05.05 17:19:32.513,12.26978,12.27241,0.00,0.00
2017.05.05 17:19:34.319,12.26978,12.27252,0.00,0.00
2017.05.05 17:19:35.046,12.26978,12.27232,0.00,0.00
2017.05.05 17:19:35.317,12.26978,12.27249,0.00,0.00
2017.05.05 17:19:35.418,12.26978,12.27232,0.00,0.00
2017.05.05 17:19:36.457,12.26978,12.27249,0.00,0.00
2017.05.05 17:19:36.519,12.26989,12.27249,0.00,0.00
2017.05.05 17:19:38.824,12.26978,12.27241,0.00,0.00
2017.05.05 17:19:38.925,12.27018,12.27249,0.00,0.00
2017.05.05 17:19:39.226,12.27008,12.27249,0.00,0.00
2017.05.05 17:19:39.727,12.26988,12.27249,0.00,0.00
2017.05.05 17:19:40.270,12.26978,12.27242,0.00,0.00
2017.05.05 17:19:40.528,12.26978,12.27249,0.00,0.00
2017.05.05 17:19:41.542,12.26988,12.27249,0.00,0.00
2017.05.05 17:19:42.171,12.26978,12.27241,0.00,0.00
2017.05.05 17:19:42.532,12.26988,12.27249,0.00,0.00
2017.05.05 17:19:42.733,12.26978,12.27241,0.00,0.00
2017.05.05 17:19:42.859,12.26979,12.27249,0.00,0.00
2017.05.05 17:19:43.449,12.26988,12.27249,0.00,0.00
2017.05.05 17:19:43.732,12.26978,12.27241,0.00,0.00
2017.05.05 17:19:43.838,12.26978,12.27249,0.00,0.00
2017.05.05 17:19:43.965,12.26978,12.27232,0.00,0.00
2017.05.05 17:19:44.133,12.26978,12.27249,0.00,0.00
2017.05.05 17:19:44.341,12.26978,12.27232,0.00,0.00
2017.05.05 17:19:45.559,12.26978,12.27249,0.00,0.00
2017.05.05 17:19:46.140,12.26978,12.27232,0.00,0.00
2017.05.05 17:19:46.512,12.26978,12.27221,0.00,0.00
2017.05.05 17:19:46.563,12.26978,12.27249,0.00,0.00
2017.05.05 17:19:46.664,12.26978,12.27222,0.00,0.00
2017.05.05 17:19:47.138,12.26978,12.27232,0.00,0.00
2017.05.05 17:19:48.771,12.26978,12.27221,0.00,0.00
2017.05.05 17:19:49.843,12.26978,12.27232,0.00,0.00
2017.05.05 17:19:50.374,12.26978,12.27222,0.00,0.00
2017.05.05 17:19:50.475,12.26978,12.27238,0.00,0.00
2017.05.05 17:19:50.526,12.26988,12.27238,0.00,0.00
2017.05.05 17:19:50.845,12.26988,12.27232,0.00,0.00
2017.05.05 17:19:51.146,12.26988,12.27238,0.00,0.00
2017.05.05 17:19:51.348,12.26988,12.27231,0.00,0.00
2017.05.05 17:19:51.547,12.26988,12.27238,0.00,0.00
2017.05.05 17:19:51.972,12.27131,12.27242,0.00,0.00
2017.05.05 17:19:52.345,12.27189,12.27449,0.00,0.00
2017.05.05 17:19:52.497,12.27189,12.27422,0.00,0.00
2017.05.05 17:19:52.763,12.27189,12.27442,0.00,0.00
2017.05.05 17:19:53.054,12.27189,12.27432,0.00,0.00
2017.05.05 17:19:53.455,12.27189,12.27442,0.00,0.00
2017.05.05 17:19:53.582,12.27189,12.27431,0.00,0.00
2017.05.05 17:19:53.684,12.27189,12.27449,0.00,0.00
2017.05.05 17:19:53.856,12.27189,12.27422,0.00,0.00
2017.05.05 17:19:54.757,12.27189,12.27432,0.00,0.00
2017.05.05 17:19:54.858,12.27189,12.27422,0.00,0.00
2017.05.05 17:19:55.442,12.27189,12.27431,0.00,0.00
2017.05.05 17:19:55.903,12.27189,12.27421,0.00,0.00
2017.05.05 17:19:56.170,12.27189,12.27441,0.00,0.00
2017.05.05 17:19:56.277,12.27189,12.27421,0.00,0.00
2017.05.05 17:19:56.693,12.27189,12.27432,0.00,0.00
2017.05.05 17:19:57.701,12.27189,12.27442,0.00,0.00
2017.05.05 17:19:57.769,12.27189,12.27422,0.00,0.00
2017.05.05 17:19:57.970,12.27189,12.27441,0.00,0.00
2017.05.05 17:19:58.385,12.27189,12.27421,0.00,0.00
2017.05.05 17:19:58.486,12.27189,12.27441,0.00,0.00
2017.05.05 17:19:58.673,12.27189,12.27432,0.00,0.00
2017.05.05 17:19:59.190,12.27189,12.27441,0.00,0.00
2017.05.05 17:19:59.371,12.27189,12.27398,0.00,0.00
2017.05.05 17:19:59.523,12.27189,12.27422,0.00,0.00
2017.05.05 17:19:59.624,12.27189,12.27442,0.00,0.00
2017.05.05 17:20:00.181,12.27189,12.27431,0.00,0.00
2017.05.05 17:20:00.490,12.27188,12.27462,0.00,0.00
2017.05.05 17:20:00.591,12.27188,12.27452,0.00,0.00
2017.05.05 17:20:01.026,12.27188,12.27431,0.00,0.00
2017.05.05 17:20:01.888,12.27188,12.27441,0.00,0.00
2017.05.05 17:20:02.610,12.27188,12.27431,0.00,0.00
2017.05.05 17:20:02.989,12.27188,12.27442,0.00,0.00
2017.05.05 17:20:05.634,12.27188,12.27449,0.00,0.00
2017.05.05 17:20:06.355,12.27188,12.27368,0.00,0.00
2017.05.05 17:20:06.406,12.27159,12.27369,0.00,0.00
2017.05.05 17:20:06.592,12.27122,12.27342,0.00,0.00
2017.05.05 17:20:06.643,12.27121,12.27332,0.00,0.00
2017.05.05 17:20:06.744,12.27121,12.27369,0.00,0.00
2017.05.05 17:20:06.845,12.27122,12.27362,0.00,0.00
2017.05.05 17:20:06.899,12.27122,12.27368,0.00,0.00
2017.05.05 17:20:07.200,12.27122,12.27352,0.00,0.00
2017.05.05 17:20:07.503,12.27122,12.27332,0.00,0.00
2017.05.05 17:20:07.604,12.27121,12.27362,0.00,0.00
2017.05.05 17:20:07.702,12.27121,12.27341,0.00,0.00
2017.05.05 17:20:08.385,12.27122,12.27341,0.00,0.00
2017.05.05 17:20:08.524,12.27122,12.27352,0.00,0.00
2017.05.05 17:20:08.625,12.27121,12.27341,0.00,0.00
2017.05.05 17:20:08.727,12.27122,12.27352,0.00,0.00
2017.05.05 17:20:08.828,12.27121,12.27341,0.00,0.00
2017.05.05 17:20:09.006,12.27121,12.27361,0.00,0.00
2017.05.05 17:20:09.106,12.27121,12.27331,0.00,0.00
2017.05.05 17:20:09.654,12.27122,12.27331,0.00,0.00
2017.05.05 17:20:09.708,12.27122,12.27342,0.00,0.00
2017.05.05 17:20:09.808,12.27122,12.27332,0.00,0.00
2017.05.05 17:20:10.398,12.27121,12.27332,0.00,0.00
2017.05.05 17:20:10.550,12.27121,12.27342,0.00,0.00
2017.05.05 17:20:10.612,12.27121,12.27369,0.00,0.00
2017.05.05 17:20:10.712,12.27121,12.27362,0.00,0.00
2017.05.05 17:20:11.275,12.27122,12.27362,0.00,0.00
2017.05.05 17:20:11.616,12.27121,12.27352,0.00,0.00
2017.05.05 17:20:11.943,12.27122,12.27342,0.00,0.00
2017.05.05 17:20:12.483,12.27121,12.27331,0.00,0.00
2017.05.05 17:20:12.618,12.27121,12.27341,0.00,0.00
2017.05.05 17:20:12.719,12.27121,12.27351,0.00,0.00
2017.05.05 17:20:12.820,12.27122,12.27361,0.00,0.00
2017.05.05 17:20:13.488,12.27121,12.27361,0.00,0.00
2017.05.05 17:20:13.622,12.27121,12.27341,0.00,0.00
2017.05.05 17:20:13.763,12.27121,12.27362,0.00,0.00
2017.05.05 17:20:14.226,12.27121,12.27351,0.00,0.00
2017.05.05 17:20:14.676,12.27121,12.27342,0.00,0.00
2017.05.05 17:20:15.029,12.27121,12.27362,0.00,0.00
2017.05.05 17:20:15.080,12.27138,12.27362,0.00,0.00
2017.05.05 17:20:15.231,12.27139,12.27369,0.00,0.00
2017.05.05 17:20:15.332,12.27128,12.27369,0.00,0.00
2017.05.05 17:20:15.431,12.27121,12.27362,0.00,0.00
2017.05.05 17:20:16.093,12.27122,12.27362,0.00,0.00
2017.05.05 17:20:16.418,12.27121,12.27331,0.00,0.00
2017.05.05 17:20:16.673,12.27121,12.27342,0.00,0.00
2017.05.05 17:20:16.775,12.27121,12.27322,0.00,0.00
2017.05.05 17:20:17.037,12.27121,12.27351,0.00,0.00
2017.05.05 17:20:18.040,12.27121,12.27321,0.00,0.00
2017.05.05 17:20:19.605,12.27122,12.27321,0.00,0.00
2017.05.05 17:20:19.656,12.27121,12.27341,0.00,0.00
2017.05.05 17:20:19.757,12.27121,12.27321,0.00,0.00
2017.05.05 17:20:19.976,12.27121,12.27342,0.00,0.00
2017.05.05 17:20:20.494,12.27089,12.27342,0.00,0.00
2017.05.05 17:20:20.595,12.27089,12.27321,0.00,0.00
2017.05.05 17:20:20.647,12.27089,12.27349,0.00,0.00
2017.05.05 17:20:21.097,12.27089,12.27352,0.00,0.00
2017.05.05 17:20:21.148,12.27189,12.27352,0.00,0.00
2017.05.05 17:20:21.249,12.27138,12.27322,0.00,0.00
2017.05.05 17:20:21.350,12.27138,12.27368,0.00,0.00
2017.05.05 17:20:21.400,12.27171,12.27369,0.00,0.00
2017.05.05 17:20:21.451,12.27121,12.27369,0.00,0.00
2017.05.05 17:20:21.502,12.27139,12.27369,0.00,0.00
2017.05.05 17:20:22.095,12.27139,12.27368,0.00,0.00
2017.05.05 17:20:23.052,12.27139,12.27369,0.00,0.00
2017.05.05 17:20:23.190,12.27109,12.27349,0.00,0.00
2017.05.05 17:20:23.303,12.27088,12.27331,0.00,0.00
2017.05.05 17:20:23.354,12.27138,12.27331,0.00,0.00
2017.05.05 17:20:23.555,12.27138,12.27362,0.00,0.00
2017.05.05 17:20:23.606,12.27129,12.27369,0.00,0.00
2017.05.05 17:20:23.657,12.27139,12.27369,0.00,0.00
2017.05.05 17:20:23.757,12.27128,12.27369,0.00,0.00
2017.05.05 17:20:24.071,12.27122,12.27368,0.00,0.00
2017.05.05 17:20:25.945,12.27121,12.27369,0.00,0.00
2017.05.05 17:20:26.448,12.27122,12.27368,0.00,0.00
2017.05.05 17:20:26.668,12.27129,12.27368,0.00,0.00
2017.05.05 17:20:27.399,12.27122,12.27349,0.00,0.00
2017.05.05 17:20:27.450,12.27118,12.27349,0.00,0.00
2017.05.05 17:20:27.501,12.27108,12.27349,0.00,0.00
2017.05.05 17:20:27.603,12.27078,12.27342,0.00,0.00
2017.05.05 17:20:28.098,12.27078,12.27349,0.00,0.00
2017.05.05 17:20:28.176,12.27078,12.27332,0.00,0.00
2017.05.05 17:20:28.278,12.27078,12.27349,0.00,0.00
2017.05.05 17:20:28.808,12.27078,12.27341,0.00,0.00
2017.05.05 17:20:28.978,12.27078,12.27349,0.00,0.00
2017.05.05 17:20:29.079,12.27111,12.27369,0.00,0.00
2017.05.05 17:20:29.418,12.27178,12.27378,0.00,0.00
2017.05.05 17:20:29.979,12.27178,12.27379,0.00,0.00
2017.05.05 17:20:30.129,12.27148,12.27368,0.00,0.00
2017.05.05 17:20:30.230,12.27139,12.27369,0.00,0.00
2017.05.05 17:20:30.331,12.27121,12.27369,0.00,0.00
2017.05.05 17:20:30.382,12.27122,12.27362,0.00,0.00
2017.05.05 17:20:30.826,12.27121,12.27342,0.00,0.00
2017.05.05 17:20:31.227,12.27121,12.27332,0.00,0.00
2017.05.05 17:20:31.293,12.27079,12.27332,0.00,0.00
2017.05.05 17:20:31.395,12.27079,12.27342,0.00,0.00
2017.05.05 17:20:31.496,12.27079,12.27352,0.00,0.00
2017.05.05 17:20:31.598,12.27079,12.27332,0.00,0.00
2017.05.05 17:20:33.527,12.27079,12.27349,0.00,0.00
2017.05.05 17:20:34.234,12.27079,12.27332,0.00,0.00
2017.05.05 17:20:34.588,12.27079,12.27349,0.00,0.00
2017.05.05 17:20:35.122,12.27079,12.27352,0.00,0.00
2017.05.05 17:20:35.289,12.27079,12.27342,0.00,0.00
2017.05.05 17:20:35.516,12.27079,12.27352,0.00,0.00
2017.05.05 17:20:36.215,12.27079,12.27331,0.00,0.00
2017.05.05 17:20:36.316,12.27079,12.27352,0.00,0.00
2017.05.05 17:20:36.424,12.27079,12.27331,0.00,0.00
2017.05.05 17:20:36.784,12.27079,12.27311,0.00,0.00
2017.05.05 17:20:37.302,12.27079,12.27342,0.00,0.00
2017.05.05 17:20:37.393,12.27079,12.27321,0.00,0.00
2017.05.05 17:20:39.424,12.27039,12.27268,0.00,0.00
2017.05.05 17:20:39.525,12.27029,12.27269,0.00,0.00
2017.05.05 17:20:39.626,12.26978,12.27242,0.00,0.00
2017.05.05 17:20:40.196,12.26978,12.27251,0.00,0.00
2017.05.05 17:20:40.498,12.27008,12.27269,0.00,0.00
2017.05.05 17:20:40.845,12.27051,12.27271,0.00,0.00
2017.05.05 17:20:40.946,12.27088,12.27342,0.00,0.00
2017.05.05 17:20:41.409,12.27088,12.27331,0.00,0.00
2017.05.05 17:20:41.715,12.27038,12.27249,0.00,0.00
2017.05.05 17:20:41.816,12.27021,12.27242,0.00,0.00
2017.05.05 17:20:41.917,12.26988,12.27232,0.00,0.00
2017.05.05 17:20:42.018,12.26988,12.27249,0.00,0.00
2017.05.05 17:20:42.546,12.27018,12.27249,0.00,0.00
2017.05.05 17:20:43.030,12.26988,12.27241,0.00,0.00
2017.05.05 17:20:43.131,12.26988,12.27221,0.00,0.00
2017.05.05 17:20:43.332,12.26988,12.27249,0.00,0.00
2017.05.05 17:20:43.543,12.26988,12.27222,0.00,0.00
2017.05.05 17:20:43.603,12.26988,12.27249,0.00,0.00
2017.05.05 17:20:44.427,12.26988,12.27242,0.00,0.00
2017.05.05 17:20:44.793,12.26988,12.27239,0.00,0.00
2017.05.05 17:20:45.367,12.26988,12.27232,0.00,0.00
2017.05.05 17:20:46.509,12.26988,12.27239,0.00,0.00
2017.05.05 17:20:47.252,12.26988,12.27221,0.00,0.00
2017.05.05 17:20:47.309,12.26988,12.27239,0.00,0.00
2017.05.05 17:20:48.058,12.26988,12.27248,0.00,0.00
2017.05.05 17:20:48.111,12.26988,12.27242,0.00,0.00
2017.05.05 17:20:48.211,12.26988,12.27248,0.00,0.00
2017.05.05 17:20:49.714,12.26988,12.27232,0.00,0.00
2017.05.05 17:20:49.914,12.26988,12.27242,0.00,0.00
2017.05.05 17:20:51.028,12.26988,12.27232,0.00,0.00
2017.05.05 17:20:51.357,12.26988,12.27198,0.00,0.00
2017.05.05 17:20:51.593,12.26972,12.27198,0.00,0.00
2017.05.05 17:20:51.644,12.26962,12.27179,0.00,0.00
2017.05.05 17:20:51.745,12.26988,12.27221,0.00,0.00
2017.05.05 17:20:51.849,12.26988,12.27238,0.00,0.00
2017.05.05 17:20:52.820,12.26988,12.27231,0.00,0.00
2017.05.05 17:20:52.922,12.26988,12.27238,0.00,0.00
2017.05.05 17:20:53.753,12.26988,12.27221,0.00,0.00
2017.05.05 17:20:53.945,12.26988,12.27232,0.00,0.00
2017.05.05 17:20:54.046,12.27019,12.27238,0.00,0.00
2017.05.05 17:20:54.223,12.26988,12.27248,0.00,0.00
2017.05.05 17:20:54.324,12.26988,12.27242,0.00,0.00
2017.05.05 17:20:54.939,12.26988,12.27232,0.00,0.00
2017.05.05 17:20:55.223,12.26988,12.27242,0.00,0.00
2017.05.05 17:20:55.429,12.26988,12.27232,0.00,0.00
2017.05.05 17:20:55.732,12.26988,12.27222,0.00,0.00
2017.05.05 17:20:58.060,12.26988,12.27231,0.00,0.00
2017.05.05 17:20:58.163,12.26988,12.27221,0.00,0.00
2017.05.05 17:20:58.833,12.26988,12.27232,0.00,0.00
2017.05.05 17:20:58.929,12.26988,12.27238,0.00,0.00
2017.05.05 17:20:59.430,12.26988,12.27232,0.00,0.00
2017.05.05 17:20:59.980,12.26988,12.27221,0.00,0.00
2017.05.05 17:21:00.452,12.26988,12.27238,0.00,0.00
2017.05.05 17:21:00.638,12.26988,12.27218,0.00,0.00
2017.05.05 17:21:01.352,12.26988,12.27178,0.00,0.00
2017.05.05 17:21:01.958,12.26988,12.27179,0.00,0.00
2017.05.05 17:21:02.462,12.26988,12.27178,0.00,0.00
2017.05.05 17:21:03.000,12.26988,12.27179,0.00,0.00
2017.05.05 17:21:03.398,12.26988,12.27218,0.00,0.00
2017.05.05 17:21:03.672,12.26988,12.27238,0.00,0.00
2017.05.05 17:21:03.823,12.26988,12.27198,0.00,0.00
2017.05.05 17:21:03.988,12.26988,12.27222,0.00,0.00
2017.05.05 17:21:04.089,12.26988,12.27238,0.00,0.00
2017.05.05 17:21:04.282,12.26988,12.27222,0.00,0.00
2017.05.05 17:21:05.439,12.26988,12.27232,0.00,0.00
2017.05.05 17:21:06.185,12.26988,12.27221,0.00,0.00
2017.05.05 17:21:06.759,12.26988,12.27232,0.00,0.00
2017.05.05 17:21:06.860,12.26988,12.27238,0.00,0.00
2017.05.05 17:21:07.143,12.26988,12.27232,0.00,0.00
2017.05.05 17:21:09.701,12.26988,12.27199,0.00,0.00
2017.05.05 17:21:10.313,12.26988,12.27198,0.00,0.00
2017.05.05 17:21:11.054,12.26988,12.27168,0.00,0.00
2017.05.05 17:21:11.105,12.26959,12.27168,0.00,0.00
2017.05.05 17:21:11.155,12.26972,12.27168,0.00,0.00
2017.05.05 17:21:11.551,12.26989,12.27168,0.00,0.00
2017.05.05 17:21:12.324,12.26989,12.27169,0.00,0.00
2017.05.05 17:21:13.104,12.26989,12.27212,0.00,0.00
2017.05.05 17:21:13.233,12.26989,12.27219,0.00,0.00
2017.05.05 17:21:14.749,12.26989,12.27251,0.00,0.00
2017.05.05 17:21:14.803,12.27051,12.27251,0.00,0.00
2017.05.05 17:21:15.005,12.27051,12.27269,0.00,0.00
2017.05.05 17:21:15.106,12.27058,12.27269,0.00,0.00
2017.05.05 17:21:15.160,12.27051,12.27269,0.00,0.00
2017.05.05 17:21:15.474,12.27059,12.27269,0.00,0.00
2017.05.05 17:21:15.686,12.27059,12.27341,0.00,0.00
2017.05.05 17:21:16.082,12.27051,12.27322,0.00,0.00
2017.05.05 17:21:16.262,12.27051,12.27331,0.00,0.00
2017.05.05 17:21:16.862,12.27059,12.27341,0.00,0.00
2017.05.05 17:21:18.533,12.27051,12.27332,0.00,0.00
2017.05.05 17:21:19.065,12.27058,12.27342,0.00,0.00
2017.05.05 17:21:19.483,12.27051,12.27331,0.00,0.00
2017.05.05 17:21:19.565,12.27059,12.27341,0.00,0.00
2017.05.05 17:21:19.666,12.27051,12.27321,0.00,0.00
2017.05.05 17:21:19.767,12.27059,12.27341,0.00,0.00
2017.05.05 17:21:20.066,12.27051,12.27331,0.00,0.00
2017.05.05 17:21:21.463,12.27051,12.27269,0.00,0.00
2017.05.05 17:21:21.513,12.27038,12.27269,0.00,0.00
2017.05.05 17:21:21.614,12.26988,12.27231,0.00,0.00
2017.05.05 17:21:21.768,12.26988,12.27262,0.00,0.00
2017.05.05 17:21:21.893,12.26988,12.27231,0.00,0.00
2017.05.05 17:21:22.268,12.26988,12.27252,0.00,0.00
2017.05.05 17:21:23.613,12.26988,12.27231,0.00,0.00
2017.05.05 17:21:23.714,12.26988,12.27259,0.00,0.00
2017.05.05 17:21:24.803,12.26988,12.27251,0.00,0.00
2017.05.05 17:21:25.172,12.26988,12.27231,0.00,0.00
2017.05.05 17:21:25.274,12.26988,12.27259,0.00,0.00
2017.05.05 17:21:25.375,12.26988,12.27221,0.00,0.00
2017.05.05 17:21:26.985,12.26988,12.27231,0.00,0.00
2017.05.05 17:21:27.073,12.26988,12.27222,0.00,0.00
2017.05.05 17:21:27.173,12.26988,12.27249,0.00,0.00
2017.05.05 17:21:27.316,12.26988,12.27231,0.00,0.00
2017.05.05 17:21:27.576,12.26988,12.27241,0.00,0.00
2017.05.05 17:21:27.704,12.26988,12.27249,0.00,0.00
2017.05.05 17:21:27.774,12.26988,12.27241,0.00,0.00
2017.05.05 17:21:28.175,12.26988,12.27231,0.00,0.00
2017.05.05 17:21:28.285,12.26988,12.27242,0.00,0.00
2017.05.05 17:21:28.386,12.26999,12.27249,0.00,0.00
2017.05.05 17:21:28.529,12.26999,12.27268,0.00,0.00
2017.05.05 17:21:29.016,12.26988,12.27232,0.00,0.00
2017.05.05 17:21:29.378,12.26988,12.27241,0.00,0.00
2017.05.05 17:21:29.584,12.26988,12.27231,0.00,0.00
2017.05.05 17:21:30.079,12.26988,12.27242,0.00,0.00
2017.05.05 17:21:30.180,12.26988,12.27222,0.00,0.00
2017.05.05 17:21:31.483,12.26988,12.27252,0.00,0.00
2017.05.05 17:21:31.592,12.26988,12.27221,0.00,0.00
2017.05.05 17:21:32.306,12.26988,12.27232,0.00,0.00
2017.05.05 17:21:32.508,12.26988,12.27252,0.00,0.00
2017.05.05 17:21:32.622,12.26988,12.27262,0.00,0.00
2017.05.05 17:21:33.296,12.26988,12.27241,0.00,0.00
2017.05.05 17:21:35.366,12.26988,12.27251,0.00,0.00
2017.05.05 17:21:35.797,12.26988,12.27242,0.00,0.00
2017.05.05 17:21:36.112,12.26939,12.27168,0.00,0.00
2017.05.05 17:21:36.162,12.26889,12.27168,0.00,0.00
2017.05.05 17:21:36.213,12.26921,12.27132,0.00,0.00
2017.05.05 17:21:36.314,12.26921,12.27162,0.00,0.00
2017.05.05 17:21:36.415,12.26921,12.27141,0.00,0.00
2017.05.05 17:21:36.612,12.26921,12.27152,0.00,0.00
2017.05.05 17:21:37.134,12.26921,12.27142,0.00,0.00
2017.05.05 17:21:37.535,12.26921,12.27132,0.00,0.00
2017.05.05 17:21:37.638,12.26922,12.27161,0.00,0.00
2017.05.05 17:21:37.699,12.26922,12.27168,0.00,0.00
2017.05.05 17:21:38.043,12.26921,12.27152,0.00,0.00
2017.05.05 17:21:38.100,12.26921,12.27169,0.00,0.00
2017.05.05 17:21:39.103,12.26921,12.27141,0.00,0.00
2017.05.05 17:21:39.618,12.26921,12.27161,0.00,0.00
2017.05.05 17:21:39.704,12.26921,12.27169,0.00,0.00
2017.05.05 17:21:39.887,12.26921,12.27162,0.00,0.00
2017.05.05 17:21:40.403,12.26922,12.27162,0.00,0.00
2017.05.05 17:21:40.707,12.26921,12.27141,0.00,0.00
2017.05.05 17:21:41.108,12.26921,12.27152,0.00,0.00
2017.05.05 17:21:41.220,12.26922,12.27142,0.00,0.00
2017.05.05 17:21:41.644,12.26922,12.27132,0.00,0.00
2017.05.05 17:21:42.042,12.26922,12.27142,0.00,0.00
2017.05.05 17:21:42.692,12.26921,12.27142,0.00,0.00
2017.05.05 17:21:42.743,12.26921,12.27151,0.00,0.00
2017.05.05 17:21:42.812,12.26921,12.27122,0.00,0.00
2017.05.05 17:21:43.222,12.26922,12.27141,0.00,0.00
2017.05.05 17:21:43.323,12.26922,12.27161,0.00,0.00
2017.05.05 17:21:43.532,12.26922,12.27151,0.00,0.00
2017.05.05 17:21:43.752,12.26921,12.27161,0.00,0.00
2017.05.05 17:21:44.062,12.26922,12.27168,0.00,0.00
2017.05.05 17:21:44.403,12.26972,12.27168,0.00,0.00
2017.05.05 17:21:44.814,12.26989,12.27169,0.00,0.00
2017.05.05 17:21:45.645,12.26971,12.27169,0.00,0.00
2017.05.05 17:21:45.746,12.26939,12.27169,0.00,0.00
2017.05.05 17:21:45.847,12.26921,12.27141,0.00,0.00
2017.05.05 17:21:45.948,12.26922,12.27162,0.00,0.00
2017.05.05 17:21:46.016,12.26922,12.27168,0.00,0.00
2017.05.05 17:21:46.937,12.26921,12.27169,0.00,0.00
2017.05.05 17:21:47.126,12.26921,12.27141,0.00,0.00
2017.05.05 17:21:47.524,12.26921,12.27151,0.00,0.00
2017.05.05 17:21:47.962,12.26922,12.27161,0.00,0.00
2017.05.05 17:21:48.120,12.26922,12.27141,0.00,0.00
2017.05.05 17:21:49.591,12.26921,12.27141,0.00,0.00
2017.05.05 17:21:50.453,12.26921,12.27169,0.00,0.00
2017.05.05 17:21:50.753,12.26922,12.27151,0.00,0.00
2017.05.05 17:21:51.104,12.26921,12.27132,0.00,0.00
2017.05.05 17:21:51.155,12.26921,12.27141,0.00,0.00
2017.05.05 17:21:51.225,12.26921,12.27151,0.00,0.00
2017.05.05 17:21:51.535,12.26921,12.27131,0.00,0.00
2017.05.05 17:21:52.096,12.26922,12.27131,0.00,0.00
2017.05.05 17:21:52.634,12.26921,12.27131,0.00,0.00
2017.05.05 17:21:54.031,12.26921,12.27152,0.00,0.00
2017.05.05 17:21:54.132,12.26921,12.27141,0.00,0.00
2017.05.05 17:21:54.612,12.26921,12.27122,0.00,0.00
2017.05.05 17:21:54.972,12.26921,12.27142,0.00,0.00
2017.05.05 17:21:55.032,12.26921,12.27122,0.00,0.00
2017.05.05 17:21:55.333,12.26921,12.27141,0.00,0.00
2017.05.05 17:21:55.546,12.26921,12.27152,0.00,0.00
2017.05.05 17:21:55.634,12.26921,12.27141,0.00,0.00
2017.05.05 17:21:57.242,12.26921,12.27141,0.00,0.00
2017.05.05 17:21:57.337,12.26921,12.27152,0.00,0.00
2017.05.05 17:21:57.852,12.26921,12.27152,0.00,0.00
2017.05.05 17:21:57.938,12.26921,12.27141,0.00,0.00
2017.05.05 17:21:58.367,12.26921,12.27122,0.00,0.00
2017.05.05 17:21:58.782,12.26922,12.27152,0.00,0.00
2017.05.05 17:21:59.340,12.26922,12.27122,0.00,0.00
2017.05.05 17:22:00.141,12.26922,12.27141,0.00,0.00
2017.05.05 17:22:00.542,12.26922,12.27152,0.00,0.00
2017.05.05 17:22:00.744,12.26922,12.27141,0.00,0.00
2017.05.05 17:22:01.339,12.26922,12.27122,0.00,0.00
2017.05.05 17:22:02.049,12.26922,12.27151,0.00,0.00
2017.05.05 17:22:02.563,12.26922,12.27132,0.00,0.00
2017.05.05 17:22:02.846,12.26921,12.27142,0.00,0.00
2017.05.05 17:22:02.946,12.26921,12.27132,0.00,0.00
2017.05.05 17:22:03.047,12.26921,12.27152,0.00,0.00
2017.05.05 17:22:03.147,12.26921,12.27142,0.00,0.00
2017.05.05 17:22:03.947,12.26921,12.27131,0.00,0.00
2017.05.05 17:22:04.049,12.26921,12.27142,0.00,0.00
2017.05.05 17:22:05.453,12.26921,12.27131,0.00,0.00
2017.05.05 17:22:06.455,12.26921,12.27151,0.00,0.00
2017.05.05 17:22:07.373,12.26921,12.27121,0.00,0.00
2017.05.05 17:22:08.292,12.26922,12.27142,0.00,0.00
2017.05.05 17:22:08.393,12.26921,12.27122,0.00,0.00
2017.05.05 17:22:08.981,12.26921,12.27132,0.00,0.00
2017.05.05 17:22:09.141,12.26922,12.27098,0.00,0.00
2017.05.05 17:22:09.293,12.26921,12.27121,0.00,0.00
2017.05.05 17:22:09.394,12.26922,12.27151,0.00,0.00
2017.05.05 17:22:09.560,12.26921,12.27121,0.00,0.00
2017.05.05 17:22:10.251,12.26922,12.27121,0.00,0.00
2017.05.05 17:22:10.382,12.26921,12.27131,0.00,0.00
2017.05.05 17:22:10.483,12.26921,12.27152,0.00,0.00
2017.05.05 17:22:11.112,12.26922,12.27152,0.00,0.00
2017.05.05 17:22:11.163,12.26922,12.27121,0.00,0.00
2017.05.05 17:22:11.623,12.26889,12.27121,0.00,0.00
2017.05.05 17:22:11.674,12.26889,12.27099,0.00,0.00
2017.05.05 17:22:11.726,12.26889,12.27121,0.00,0.00
2017.05.05 17:22:11.777,12.26889,12.27151,0.00,0.00
2017.05.05 17:22:11.878,12.26889,12.27142,0.00,0.00
2017.05.05 17:22:12.303,12.26889,12.27121,0.00,0.00
2017.05.05 17:22:12.866,12.26889,12.27142,0.00,0.00
2017.05.05 17:22:14.268,12.26889,12.27122,0.00,0.00
2017.05.05 17:22:14.368,12.26889,12.27132,0.00,0.00
2017.05.05 17:22:15.970,12.26889,12.27152,0.00,0.00
2017.05.05 17:22:16.071,12.26889,12.27132,0.00,0.00
2017.05.05 17:22:17.286,12.26889,12.27151,0.00,0.00
2017.05.05 17:22:18.282,12.26889,12.27122,0.00,0.00
2017.05.05 17:22:18.479,12.26889,12.27152,0.00,0.00
2017.05.05 17:22:18.706,12.26889,12.27121,0.00,0.00
2017.05.05 17:22:18.807,12.26889,12.27151,0.00,0.00
2017.05.05 17:22:18.908,12.26889,12.27122,0.00,0.00
2017.05.05 17:22:19.726,12.26889,12.27152,0.00,0.00
2017.05.05 17:22:20.124,12.26889,12.27132,0.00,0.00
2017.05.05 17:22:20.225,12.26889,12.27142,0.00,0.00
2017.05.05 17:22:21.082,12.26889,12.27132,0.00,0.00
2017.05.05 17:22:21.694,12.26889,12.27151,0.00,0.00
2017.05.05 17:22:22.582,12.26889,12.27142,0.00,0.00
2017.05.05 17:22:22.683,12.26889,12.27162,0.00,0.00
2017.05.05 17:22:23.116,12.26889,12.27152,0.00,0.00
2017.05.05 17:22:25.111,12.26889,12.27131,0.00,0.00
2017.05.05 17:22:25.489,12.26889,12.27152,0.00,0.00
2017.05.05 17:22:26.531,12.26889,12.27142,0.00,0.00
2017.05.05 17:22:26.733,12.26889,12.27152,0.00,0.00
2017.05.05 17:22:26.986,12.26889,12.27142,0.00,0.00
2017.05.05 17:22:27.887,12.26889,12.27152,0.00,0.00
2017.05.05 17:22:27.987,12.26889,12.27162,0.00,0.00
2017.05.05 17:22:29.225,12.26889,12.27158,0.00,0.00
2017.05.05 17:22:29.602,12.26889,12.27152,0.00,0.00
2017.05.05 17:22:30.111,12.26889,12.27132,0.00,0.00
2017.05.05 17:22:30.822,12.26889,12.27141,0.00,0.00
2017.05.05 17:22:30.891,12.26889,12.27131,0.00,0.00
2017.05.05 17:22:31.768,12.26889,12.27079,0.00,0.00
2017.05.05 17:22:32.392,12.26889,12.27152,0.00,0.00
2017.05.05 17:22:32.493,12.26889,12.27121,0.00,0.00
2017.05.05 17:22:32.594,12.26889,12.27151,0.00,0.00
2017.05.05 17:22:33.123,12.26899,12.27151,0.00,0.00
2017.05.05 17:22:33.325,12.26899,12.27158,0.00,0.00
2017.05.05 17:22:33.768,12.26899,12.27132,0.00,0.00
2017.05.05 17:22:34.395,12.26899,12.27152,0.00,0.00
2017.05.05 17:22:34.496,12.26899,12.27158,0.00,0.00
2017.05.05 17:22:34.597,12.26899,12.27142,0.00,0.00
2017.05.05 17:22:35.397,12.26899,12.27152,0.00,0.00
2017.05.05 17:22:36.444,12.26899,12.27158,0.00,0.00
2017.05.05 17:22:37.024,12.26899,12.27099,0.00,0.00
2017.05.05 17:22:37.302,12.26899,12.27141,0.00,0.00
2017.05.05 17:22:37.403,12.26899,12.27158,0.00,0.00
2017.05.05 17:22:37.922,12.26899,12.27142,0.00,0.00
2017.05.05 17:22:39.302,12.26899,12.27152,0.00,0.00
2017.05.05 17:22:39.440,12.26899,12.27158,0.00,0.00
2017.05.05 17:22:39.502,12.26899,12.27152,0.00,0.00
2017.05.05 17:22:40.132,12.26899,12.27158,0.00,0.00
2017.05.05 17:22:40.454,12.26899,12.27142,0.00,0.00
2017.05.05 17:22:40.604,12.26899,12.27152,0.00,0.00
2017.05.05 17:22:40.704,12.26899,12.27141,0.00,0.00
2017.05.05 17:22:41.852,12.26899,12.27152,0.00,0.00
2017.05.05 17:22:41.906,12.26899,12.27141,0.00,0.00
2017.05.05 17:22:42.225,12.26899,12.27158,0.00,0.00
2017.05.05 17:22:42.733,12.26899,12.27152,0.00,0.00
2017.05.05 17:22:43.035,12.26899,12.27141,0.00,0.00
2017.05.05 17:22:43.508,12.26899,12.27158,0.00,0.00
2017.05.05 17:22:43.807,12.26949,12.27161,0.00,0.00
2017.05.05 17:22:43.909,12.26921,12.27161,0.00,0.00
2017.05.05 17:22:43.960,12.26921,12.27169,0.00,0.00
2017.05.05 17:22:44.331,12.26922,12.27161,0.00,0.00
2017.05.05 17:22:44.547,12.26921,12.27169,0.00,0.00
2017.05.05 17:22:44.610,12.26921,12.27151,0.00,0.00
2017.05.05 17:22:45.053,12.26899,12.27151,0.00,0.00
2017.05.05 17:22:45.211,12.26899,12.27169,0.00,0.00
2017.05.05 17:22:46.034,12.26899,12.27152,0.00,0.00
2017.05.05 17:22:46.384,12.26899,12.27142,0.00,0.00
2017.05.05 17:22:46.536,12.26899,12.27159,0.00,0.00
2017.05.05 17:22:46.637,12.26899,12.27142,0.00,0.00
2017.05.05 17:22:47.113,12.26899,12.27069,0.00,0.00
2017.05.05 17:22:47.164,12.26858,12.27069,0.00,0.00
2017.05.05 17:22:47.215,12.26848,12.27069,0.00,0.00
2017.05.05 17:22:47.553,12.26858,12.27069,0.00,0.00
2017.05.05 17:22:47.614,12.26849,12.27069,0.00,0.00
2017.05.05 17:22:47.714,12.26859,12.27069,0.00,0.00
2017.05.05 17:22:47.815,12.26849,12.27069,0.00,0.00
2017.05.05 17:22:47.946,12.26819,12.27069,0.00,0.00
2017.05.05 17:22:48.148,12.26798,12.27062,0.00,0.00
2017.05.05 17:22:48.249,12.26808,12.27068,0.00,0.00
2017.05.05 17:22:48.531,12.26798,12.27061,0.00,0.00
2017.05.05 17:22:48.616,12.26798,12.27052,0.00,0.00
2017.05.05 17:22:49.331,12.26801,12.27052,0.00,0.00
2017.05.05 17:22:49.382,12.26798,12.27052,0.00,0.00
2017.05.05 17:22:49.433,12.26839,12.27068,0.00,0.00
2017.05.05 17:22:49.552,12.26798,12.27052,0.00,0.00
2017.05.05 17:22:49.749,12.26798,12.27069,0.00,0.00
2017.05.05 17:22:50.125,12.26798,12.27052,0.00,0.00
2017.05.05 17:22:50.463,12.26798,12.27062,0.00,0.00
2017.05.05 17:22:50.740,12.26798,12.27052,0.00,0.00
2017.05.05 17:22:50.823,12.26789,12.27052,0.00,0.00
2017.05.05 17:22:50.924,12.26789,12.27061,0.00,0.00
2017.05.05 17:22:51.821,12.26789,12.27041,0.00,0.00
2017.05.05 17:22:52.754,12.26789,12.27062,0.00,0.00
2017.05.05 17:22:52.823,12.26789,12.27052,0.00,0.00
2017.05.05 17:22:53.824,12.26789,12.27032,0.00,0.00
2017.05.05 17:22:54.363,12.26789,12.27051,0.00,0.00
2017.05.05 17:22:54.426,12.26789,12.27032,0.00,0.00
2017.05.05 17:22:55.205,12.26789,12.26969,0.00,0.00
2017.05.05 17:22:55.256,12.26748,12.26968,0.00,0.00
2017.05.05 17:22:55.438,12.26718,12.26968,0.00,0.00
2017.05.05 17:22:55.539,12.26699,12.26969,0.00,0.00
2017.05.05 17:22:55.646,12.26688,12.26969,0.00,0.00
2017.05.05 17:22:55.753,12.26698,12.26951,0.00,0.00
2017.05.05 17:22:55.854,12.26698,12.26969,0.00,0.00
2017.05.05 17:22:55.929,12.26698,12.26951,0.00,0.00
2017.05.05 17:22:56.030,12.26698,12.26969,0.00,0.00
2017.05.05 17:22:56.242,12.26698,12.26951,0.00,0.00
2017.05.05 17:22:56.429,12.26698,12.26969,0.00,0.00
2017.05.05 17:22:56.630,12.26698,12.26962,0.00,0.00
2017.05.05 17:22:56.933,12.26698,12.26952,0.00,0.00
2017.05.05 17:22:57.843,12.26698,12.26942,0.00,0.00
2017.05.05 17:22:58.232,12.26698,12.26951,0.00,0.00
2017.05.05 17:22:58.833,12.26698,12.26961,0.00,0.00
2017.05.05 17:22:59.133,12.26698,12.26952,0.00,0.00
2017.05.05 17:22:59.657,12.26698,12.26941,0.00,0.00
2017.05.05 17:22:59.859,12.26698,12.26962,0.00,0.00
2017.05.05 17:22:59.960,12.26699,12.26968,0.00,0.00
2017.05.05 17:23:00.079,12.26698,12.26952,0.00,0.00
2017.05.05 17:23:00.582,12.26699,12.26969,0.00,0.00
2017.05.05 17:23:00.736,12.26698,12.26952,0.00,0.00
2017.05.05 17:23:00.982,12.26698,12.26969,0.00,0.00
2017.05.05 17:23:01.337,12.26698,12.26961,0.00,0.00
2017.05.05 17:23:01.786,12.26699,12.26969,0.00,0.00
2017.05.05 17:23:01.888,12.26698,12.26942,0.00,0.00
2017.05.05 17:23:02.562,12.26698,12.26968,0.00,0.00
2017.05.05 17:23:02.680,12.26698,12.26941,0.00,0.00
2017.05.05 17:23:03.039,12.26698,12.26962,0.00,0.00
2017.05.05 17:23:03.139,12.26698,12.26942,0.00,0.00
2017.05.05 17:23:03.390,12.26698,12.26952,0.00,0.00
2017.05.05 17:23:03.540,12.26698,12.26941,0.00,0.00
2017.05.05 17:23:03.941,12.26698,12.26951,0.00,0.00
2017.05.05 17:23:04.541,12.26698,12.26968,0.00,0.00
2017.05.05 17:23:04.592,12.26698,12.26941,0.00,0.00
2017.05.05 17:23:04.642,12.26698,12.26962,0.00,0.00
2017.05.05 17:23:04.743,12.26698,12.26951,0.00,0.00
2017.05.05 17:23:05.262,12.26698,12.26942,0.00,0.00
2017.05.05 17:23:05.363,12.26699,12.26969,0.00,0.00
2017.05.05 17:23:05.444,12.26718,12.26969,0.00,0.00
2017.05.05 17:23:05.572,12.26708,12.26969,0.00,0.00
2017.05.05 17:23:05.960,12.26798,12.27002,0.00,0.00
2017.05.05 17:23:06.062,12.26798,12.27052,0.00,0.00
2017.05.05 17:23:06.163,12.26798,12.27062,0.00,0.00
2017.05.05 17:23:06.213,12.26778,12.26969,0.00,0.00
2017.05.05 17:23:06.264,12.26749,12.26968,0.00,0.00
2017.05.05 17:23:06.365,12.26699,12.26969,0.00,0.00
2017.05.05 17:23:06.466,12.26728,12.26968,0.00,0.00
2017.05.05 17:23:06.851,12.26721,12.26969,0.00,0.00
2017.05.05 17:23:06.972,12.26721,12.26942,0.00,0.00
2017.05.05 17:23:07.275,12.26799,12.27051,0.00,0.00
2017.05.05 17:23:07.348,12.26799,12.27059,0.00,0.00
2017.05.05 17:23:07.548,12.26799,12.27031,0.00,0.00
2017.05.05 17:23:07.894,12.26768,12.26969,0.00,0.00
2017.05.05 17:23:08.044,12.26748,12.26979,0.00,0.00
2017.05.05 17:23:08.901,12.26748,12.26978,0.00,0.00
2017.05.05 17:23:09.181,12.26798,12.27032,0.00,0.00
2017.05.05 17:23:09.283,12.26798,12.27059,0.00,0.00
2017.05.05 17:23:10.152,12.26798,12.27042,0.00,0.00
2017.05.05 17:23:10.455,12.26758,12.26978,0.00,0.00
2017.05.05 17:23:10.871,12.26749,12.26979,0.00,0.00
2017.05.05 17:23:11.661,12.26749,12.26969,0.00,0.00
2017.05.05 17:23:11.712,12.26738,12.26969,0.00,0.00
2017.05.05 17:23:11.763,12.26719,12.26969,0.00,0.00
2017.05.05 17:23:11.864,12.26698,12.26942,0.00,0.00
2017.05.05 17:23:11.965,12.26698,12.26952,0.00,0.00
2017.05.05 17:23:12.502,12.26698,12.26962,0.00,0.00
2017.05.05 17:23:12.603,12.26698,12.26952,0.00,0.00
2017.05.05 17:23:13.081,12.26698,12.26968,0.00,0.00
2017.05.05 17:23:13.157,12.26698,12.26961,0.00,0.00
2017.05.05 17:23:13.573,12.26698,12.26951,0.00,0.00
2017.05.05 17:23:13.962,12.26698,12.26942,0.00,0.00
2017.05.05 17:23:14.013,12.26698,12.26961,0.00,0.00
2017.05.05 17:23:14.258,12.26698,12.26951,0.00,0.00
2017.05.05 17:23:14.472,12.26698,12.26962,0.00,0.00
2017.05.05 17:23:17.004,12.26698,12.26942,0.00,0.00
2017.05.05 17:23:17.583,12.26698,12.26962,0.00,0.00
2017.05.05 17:23:17.663,12.26698,12.26969,0.00,0.00
2017.05.05 17:23:18.064,12.26698,12.26962,0.00,0.00
2017.05.05 17:23:18.475,12.26698,12.26941,0.00,0.00
2017.05.05 17:23:18.643,12.26698,12.26961,0.00,0.00
2017.05.05 17:23:19.072,12.26698,12.26969,0.00,0.00
2017.05.05 17:23:19.173,12.26698,12.26941,0.00,0.00
2017.05.05 17:23:21.068,12.26698,12.26951,0.00,0.00
2017.05.05 17:23:21.872,12.26698,12.26941,0.00,0.00
2017.05.05 17:23:22.551,12.26722,12.26941,0.00,0.00
2017.05.05 17:23:22.602,12.26721,12.26952,0.00,0.00
2017.05.05 17:23:22.703,12.26781,12.27001,0.00,0.00
2017.05.05 17:23:22.905,12.26798,12.27019,0.00,0.00
2017.05.05 17:23:23.422,12.26798,12.27059,0.00,0.00
2017.05.05 17:23:24.072,12.26798,12.27051,0.00,0.00
2017.05.05 17:23:24.174,12.26798,12.27059,0.00,0.00
2017.05.05 17:23:24.392,12.26798,12.27052,0.00,0.00
2017.05.05 17:23:24.731,12.26798,12.27032,0.00,0.00
2017.05.05 17:23:24.782,12.26798,12.27052,0.00,0.00
2017.05.05 17:23:24.883,12.26798,12.27032,0.00,0.00
2017.05.05 17:23:26.115,12.26798,12.27059,0.00,0.00
2017.05.05 17:23:26.317,12.26818,12.27059,0.00,0.00
2017.05.05 17:23:26.578,12.26808,12.27059,0.00,0.00
2017.05.05 17:23:27.022,12.26798,12.27059,0.00,0.00
2017.05.05 17:23:27.079,12.26798,12.27041,0.00,0.00
2017.05.05 17:23:27.280,12.26798,12.27052,0.00,0.00
2017.05.05 17:23:27.581,12.26798,12.27059,0.00,0.00
2017.05.05 17:23:28.507,12.26798,12.27042,0.00,0.00
2017.05.05 17:23:28.984,12.26798,12.27051,0.00,0.00
2017.05.05 17:23:29.291,12.26798,12.27059,0.00,0.00
2017.05.05 17:23:29.487,12.26798,12.27052,0.00,0.00
2017.05.05 17:23:30.434,12.26798,12.27042,0.00,0.00
2017.05.05 17:23:30.489,12.26798,12.27052,0.00,0.00
2017.05.05 17:23:30.835,12.26798,12.27042,0.00,0.00
2017.05.05 17:23:30.975,12.26798,12.27052,0.00,0.00
2017.05.05 17:23:31.026,12.26798,12.27059,0.00,0.00
2017.05.05 17:23:32.093,12.26798,12.27041,0.00,0.00
2017.05.05 17:23:32.293,12.26798,12.27052,0.00,0.00
2017.05.05 17:23:32.594,12.26798,12.27042,0.00,0.00
2017.05.05 17:23:33.796,12.26798,12.27052,0.00,0.00
2017.05.05 17:23:34.798,12.26798,12.27059,0.00,0.00
2017.05.05 17:23:35.442,12.26798,12.27052,0.00,0.00
2017.05.05 17:23:35.744,12.26798,12.27059,0.00,0.00
2017.05.05 17:23:35.846,12.26798,12.27042,0.00,0.00
2017.05.05 17:23:35.901,12.26798,12.27059,0.00,0.00
2017.05.05 17:23:36.001,12.26798,12.27041,0.00,0.00
2017.05.05 17:23:36.709,12.26798,12.27052,0.00,0.00
2017.05.05 17:23:36.836,12.26798,12.27059,0.00,0.00
2017.05.05 17:23:37.317,12.26798,12.27051,0.00,0.00
2017.05.05 17:23:37.505,12.26798,12.27059,0.00,0.00
2017.05.05 17:23:37.606,12.26798,12.27031,0.00,0.00
2017.05.05 17:23:38.406,12.26798,12.27051,0.00,0.00
2017.05.05 17:23:38.507,12.26798,12.27059,0.00,0.00
2017.05.05 17:23:39.941,12.26798,12.27052,0.00,0.00
2017.05.05 17:23:40.281,12.26798,12.27041,0.00,0.00
2017.05.05 17:23:40.927,12.26798,12.27051,0.00,0.00
2017.05.05 17:23:41.160,12.26769,12.26969,0.00,0.00
2017.05.05 17:23:41.312,12.26748,12.26969,0.00,0.00
2017.05.05 17:23:41.413,12.26722,12.26942,0.00,0.00
2017.05.05 17:23:41.555,12.26721,12.26969,0.00,0.00
2017.05.05 17:23:41.612,12.26721,12.26942,0.00,0.00
2017.05.05 17:23:41.854,12.26721,12.26952,0.00,0.00
2017.05.05 17:23:41.955,12.26721,12.26942,0.00,0.00
2017.05.05 17:23:42.451,12.26722,12.26952,0.00,0.00
2017.05.05 17:23:42.552,12.26698,12.26961,0.00,0.00
2017.05.05 17:23:42.714,12.26698,12.26942,0.00,0.00
2017.05.05 17:23:43.022,12.26698,12.26961,0.00,0.00
2017.05.05 17:23:43.423,12.26698,12.26942,0.00,0.00
2017.05.05 17:23:43.562,12.26698,12.26951,0.00,0.00
2017.05.05 17:23:43.615,12.26698,12.26961,0.00,0.00
2017.05.05 17:23:43.823,12.26698,12.26959,0.00,0.00
2017.05.05 17:23:44.253,12.26698,12.26942,0.00,0.00
2017.05.05 17:23:44.315,12.26698,12.26952,0.00,0.00
2017.05.05 17:23:45.318,12.26698,12.26942,0.00,0.00
2017.05.05 17:23:45.601,12.26682,12.26952,0.00,0.00
2017.05.05 17:23:45.652,12.26698,12.26941,0.00,0.00
2017.05.05 17:23:45.918,12.26698,12.26959,0.00,0.00
2017.05.05 17:23:46.792,12.26698,12.26868,0.00,0.00
2017.05.05 17:23:46.843,12.26679,12.26868,0.00,0.00
2017.05.05 17:23:46.944,12.26668,12.26868,0.00,0.00
2017.05.05 17:23:47.113,12.26598,12.26868,0.00,0.00
2017.05.05 17:23:47.222,12.26619,12.26868,0.00,0.00
2017.05.05 17:23:47.447,12.26608,12.26868,0.00,0.00
2017.05.05 17:23:47.652,12.26618,12.26868,0.00,0.00
2017.05.05 17:23:47.753,12.26598,12.26852,0.00,0.00
2017.05.05 17:23:47.824,12.26598,12.26868,0.00,0.00
2017.05.05 17:23:48.058,12.26598,12.26852,0.00,0.00
2017.05.05 17:23:48.625,12.26598,12.26868,0.00,0.00
2017.05.05 17:23:49.073,12.26598,12.26852,0.00,0.00
2017.05.05 17:23:49.378,12.26698,12.26842,0.00,0.00
2017.05.05 17:23:49.530,12.26698,12.26902,0.00,0.00
2017.05.05 17:23:49.631,12.26698,12.26951,0.00,0.00
2017.05.05 17:23:50.528,12.26698,12.26921,0.00,0.00
2017.05.05 17:23:52.653,12.26698,12.26952,0.00,0.00
2017.05.05 17:23:52.756,12.26698,12.26959,0.00,0.00
2017.05.05 17:23:52.947,12.26698,12.26942,0.00,0.00
2017.05.05 17:23:53.294,12.26698,12.26922,0.00,0.00
2017.05.05 17:23:53.541,12.26698,12.26932,0.00,0.00
2017.05.05 17:23:53.642,12.26698,12.26922,0.00,0.00
2017.05.05 17:23:53.743,12.26698,12.26959,0.00,0.00
2017.05.05 17:23:55.376,12.26698,12.26941,0.00,0.00
2017.05.05 17:23:55.654,12.26698,12.26952,0.00,0.00
2017.05.05 17:23:56.322,12.26748,12.26952,0.00,0.00
2017.05.05 17:23:56.474,12.26798,12.27022,0.00,0.00
2017.05.05 17:23:56.539,12.26798,12.27048,0.00,0.00
2017.05.05 17:23:56.740,12.26798,12.27032,0.00,0.00
2017.05.05 17:23:56.976,12.26798,12.27048,0.00,0.00
2017.05.05 17:23:57.040,12.26798,12.27042,0.00,0.00
2017.05.05 17:23:57.141,12.26798,12.27048,0.00,0.00
2017.05.05 17:23:57.814,12.26798,12.27052,0.00,0.00
2017.05.05 17:23:58.042,12.26798,12.27042,0.00,0.00
2017.05.05 17:23:58.363,12.26798,12.27031,0.00,0.00
2017.05.05 17:23:58.542,12.26798,12.27041,0.00,0.00
2017.05.05 17:23:59.043,12.26798,12.27052,0.00,0.00
2017.05.05 17:23:59.544,12.26798,12.27041,0.00,0.00
2017.05.05 17:23:59.781,12.26798,12.27059,0.00,0.00
2017.05.05 17:24:00.986,12.26798,12.27042,0.00,0.00
2017.05.05 17:24:01.087,12.26798,12.27052,0.00,0.00
2017.05.05 17:24:01.148,12.26798,12.27059,0.00,0.00
2017.05.05 17:24:01.267,12.26798,12.27031,0.00,0.00
2017.05.05 17:24:01.596,12.26798,12.27052,0.00,0.00
2017.05.05 17:24:01.648,12.26798,12.27041,0.00,0.00
2017.05.05 17:24:01.849,12.26798,12.27052,0.00,0.00
2017.05.05 17:24:01.950,12.26798,12.27031,0.00,0.00
2017.05.05 17:24:02.350,12.26798,12.27051,0.00,0.00
2017.05.05 17:24:02.782,12.26798,12.27042,0.00,0.00
2017.05.05 17:24:03.125,12.26798,12.27031,0.00,0.00
2017.05.05 17:24:03.176,12.26798,12.27052,0.00,0.00
2017.05.05 17:24:03.677,12.26798,12.27042,0.00,0.00
2017.05.05 17:24:03.753,12.26798,12.27062,0.00,0.00
2017.05.05 17:24:04.481,12.26798,12.27032,0.00,0.00
2017.05.05 17:24:05.054,12.26798,12.27052,0.00,0.00
2017.05.05 17:24:06.057,12.26798,12.27042,0.00,0.00
2017.05.05 17:24:06.498,12.26798,12.27032,0.00,0.00
2017.05.05 17:24:08.863,12.26798,12.27042,0.00,0.00
2017.05.05 17:24:09.189,12.26768,12.26968,0.00,0.00
2017.05.05 17:24:09.291,12.26758,12.26969,0.00,0.00
2017.05.05 17:24:09.392,12.26749,12.26968,0.00,0.00
2017.05.05 17:24:09.615,12.26749,12.26979,0.00,0.00
2017.05.05 17:24:09.666,12.26798,12.27002,0.00,0.00
2017.05.05 17:24:09.781,12.26798,12.27032,0.00,0.00
2017.05.05 17:24:09.883,12.26798,12.27038,0.00,0.00
2017.05.05 17:24:09.966,12.26798,12.27031,0.00,0.00
2017.05.05 17:24:10.103,12.26798,12.27038,0.00,0.00
2017.05.05 17:24:10.442,12.26798,12.27052,0.00,0.00
2017.05.05 17:24:10.668,12.26798,12.27032,0.00,0.00
2017.05.05 17:24:11.073,12.26798,12.26969,0.00,0.00
2017.05.05 17:24:11.124,12.26749,12.26968,0.00,0.00
2017.05.05 17:24:11.174,12.26768,12.26969,0.00,0.00
2017.05.05 17:24:11.276,12.26722,12.26931,0.00,0.00
2017.05.05 17:24:11.377,12.26722,12.26968,0.00,0.00
2017.05.05 17:24:11.499,12.26702,12.26942,0.00,0.00
2017.05.05 17:24:11.600,12.26701,12.26969,0.00,0.00
2017.05.05 17:24:11.670,12.26701,12.26942,0.00,0.00
2017.05.05 17:24:11.911,12.26699,12.26942,0.00,0.00
2017.05.05 17:24:12.091,12.26699,12.26961,0.00,0.00
2017.05.05 17:24:12.272,12.26699,12.26942,0.00,0.00
2017.05.05 17:24:12.371,12.26719,12.26968,0.00,0.00
2017.05.05 17:24:12.572,12.26708,12.26968,0.00,0.00
2017.05.05 17:24:12.673,12.26699,12.26942,0.00,0.00
2017.05.05 17:24:13.373,12.26699,12.26962,0.00,0.00
2017.05.05 17:24:13.673,12.26798,12.26962,0.00,0.00
2017.05.05 17:24:13.824,12.26798,12.26971,0.00,0.00
2017.05.05 17:24:13.875,12.26798,12.27052,0.00,0.00
2017.05.05 17:24:13.976,12.26798,12.27022,0.00,0.00
2017.05.05 17:24:14.082,12.26798,12.27042,0.00,0.00
2017.05.05 17:24:15.294,12.26798,12.27061,0.00,0.00
2017.05.05 17:24:15.477,12.26798,12.27052,0.00,0.00
2017.05.05 17:24:16.004,12.26798,12.27062,0.00,0.00
2017.05.05 17:24:16.311,12.26798,12.27042,0.00,0.00
2017.05.05 17:24:16.580,12.26798,12.27068,0.00,0.00
2017.05.05 17:24:16.780,12.26798,12.27041,0.00,0.00
2017.05.05 17:24:17.110,12.26798,12.27051,0.00,0.00
2017.05.05 17:24:17.211,12.26798,12.27041,0.00,0.00
2017.05.05 17:24:17.582,12.26798,12.27062,0.00,0.00
2017.05.05 17:24:18.100,12.26798,12.27042,0.00,0.00
2017.05.05 17:24:18.533,12.26798,12.27051,0.00,0.00
2017.05.05 17:24:19.493,12.26798,12.27052,0.00,0.00
2017.05.05 17:24:19.886,12.26798,12.27062,0.00,0.00
2017.05.05 17:24:19.986,12.26798,12.27032,0.00,0.00
2017.05.05 17:24:20.186,12.26798,12.27062,0.00,0.00
2017.05.05 17:24:20.287,12.26798,12.27052,0.00,0.00
2017.05.05 17:24:20.690,12.26798,12.27032,0.00,0.00
2017.05.05 17:24:21.891,12.26798,12.27062,0.00,0.00
2017.05.05 17:24:23.143,12.26798,12.27052,0.00,0.00
2017.05.05 17:24:23.450,12.26798,12.27022,0.00,0.00
2017.05.05 17:24:23.501,12.26798,12.27042,0.00,0.00
2017.05.05 17:24:23.595,12.26798,12.27052,0.00,0.00
2017.05.05 17:24:23.747,12.26808,12.26999,0.00,0.00
2017.05.05 17:24:23.871,12.26768,12.26968,0.00,0.00
2017.05.05 17:24:23.922,12.26738,12.26969,0.00,0.00
2017.05.05 17:24:24.041,12.26708,12.26942,0.00,0.00
2017.05.05 17:24:24.092,12.26758,12.26942,0.00,0.00
2017.05.05 17:24:24.244,12.26758,12.26951,0.00,0.00
2017.05.05 17:24:24.299,12.26758,12.26968,0.00,0.00
2017.05.05 17:24:24.900,12.26758,12.26969,0.00,0.00
2017.05.05 17:24:25.151,12.26808,12.27002,0.00,0.00
2017.05.05 17:24:25.202,12.26808,12.27011,0.00,0.00
2017.05.05 17:24:25.303,12.26768,12.26968,0.00,0.00
2017.05.05 17:24:25.404,12.26749,12.26968,0.00,0.00
2017.05.05 17:24:25.820,12.26728,12.26969,0.00,0.00
2017.05.05 17:24:25.922,12.26722,12.26968,0.00,0.00
2017.05.05 17:24:25.973,12.26719,12.26968,0.00,0.00
2017.05.05 17:24:26.024,12.26698,12.26961,0.00,0.00
2017.05.05 17:24:26.125,12.26698,12.26952,0.00,0.00
2017.05.05 17:24:26.326,12.26709,12.26968,0.00,0.00
2017.05.05 17:24:26.405,12.26698,12.26952,0.00,0.00
2017.05.05 17:24:26.606,12.26698,12.26969,0.00,0.00
2017.05.05 17:24:27.342,12.26698,12.26968,0.00,0.00
2017.05.05 17:24:27.444,12.26698,12.26962,0.00,0.00
2017.05.05 17:24:27.545,12.26698,12.26969,0.00,0.00
2017.05.05 17:24:28.284,12.26698,12.26968,0.00,0.00
2017.05.05 17:24:28.452,12.26698,12.26951,0.00,0.00
2017.05.05 17:24:28.553,12.26698,12.26962,0.00,0.00
2017.05.05 17:24:28.654,12.26698,12.26952,0.00,0.00
2017.05.05 17:24:28.842,12.26698,12.26961,0.00,0.00
2017.05.05 17:24:28.911,12.26728,12.26969,0.00,0.00
2017.05.05 17:24:29.226,12.26698,12.26941,0.00,0.00
2017.05.05 17:24:29.327,12.26698,12.26969,0.00,0.00
2017.05.05 17:24:29.529,12.26719,12.26969,0.00,0.00
2017.05.05 17:24:29.654,12.26698,12.26961,0.00,0.00
2017.05.05 17:24:29.714,12.26698,12.26951,0.00,0.00
2017.05.05 17:24:30.137,12.26698,12.26962,0.00,0.00
2017.05.05 17:24:30.239,12.26738,12.26968,0.00,0.00
2017.05.05 17:24:30.431,12.26698,12.26961,0.00,0.00
2017.05.05 17:24:30.716,12.26719,12.26969,0.00,0.00
2017.05.05 17:24:31.022,12.26708,12.26969,0.00,0.00
2017.05.05 17:24:31.123,12.26698,12.26942,0.00,0.00
2017.05.05 17:24:32.020,12.26698,12.26962,0.00,0.00
2017.05.05 17:24:32.123,12.26698,12.26941,0.00,0.00
2017.05.05 17:24:32.452,12.26698,12.26962,0.00,0.00
2017.05.05 17:24:32.553,12.26698,12.26968,0.00,0.00
2017.05.05 17:24:32.742,12.26698,12.26961,0.00,0.00
2017.05.05 17:24:33.035,12.26698,12.26968,0.00,0.00
2017.05.05 17:24:33.122,12.26698,12.26942,0.00,0.00
2017.05.05 17:24:33.523,12.26698,12.26968,0.00,0.00
2017.05.05 17:24:33.824,12.26698,12.26961,0.00,0.00
2017.05.05 17:24:33.945,12.26698,12.26968,0.00,0.00
2017.05.05 17:24:34.024,12.26698,12.26961,0.00,0.00
2017.05.05 17:24:34.360,12.26698,12.26942,0.00,0.00
2017.05.05 17:24:34.555,12.26698,12.26952,0.00,0.00
2017.05.05 17:24:35.026,12.26698,12.26941,0.00,0.00
2017.05.05 17:24:35.327,12.26698,12.26951,0.00,0.00
2017.05.05 17:24:35.428,12.26698,12.26969,0.00,0.00
2017.05.05 17:24:35.528,12.26698,12.26942,0.00,0.00
2017.05.05 17:24:36.329,12.26698,12.26962,0.00,0.00
2017.05.05 17:24:36.451,12.26698,12.26941,0.00,0.00
2017.05.05 17:24:36.930,12.26698,12.26952,0.00,0.00
2017.05.05 17:24:38.252,12.26698,12.26969,0.00,0.00
2017.05.05 17:24:38.552,12.26739,12.26969,0.00,0.00
2017.05.05 17:24:38.653,12.26698,12.26941,0.00,0.00
2017.05.05 17:24:39.313,12.26698,12.26869,0.00,0.00
2017.05.05 17:24:39.363,12.26692,12.26869,0.00,0.00
2017.05.05 17:24:39.414,12.26659,12.26869,0.00,0.00
2017.05.05 17:24:39.465,12.26709,12.26919,0.00,0.00
2017.05.05 17:24:39.516,12.26709,12.26962,0.00,0.00
2017.05.05 17:24:39.566,12.26709,12.26851,0.00,0.00
2017.05.05 17:24:39.667,12.26709,12.26931,0.00,0.00
2017.05.05 17:24:39.769,12.26709,12.26951,0.00,0.00
2017.05.05 17:24:40.042,12.26709,12.26932,0.00,0.00
2017.05.05 17:24:40.344,12.26708,12.26878,0.00,0.00
2017.05.05 17:24:40.559,12.26708,12.26952,0.00,0.00
2017.05.05 17:24:41.165,12.26708,12.26942,0.00,0.00
2017.05.05 17:24:41.281,12.26708,12.26962,0.00,0.00
2017.05.05 17:24:41.446,12.26708,12.26951,0.00,0.00
2017.05.05 17:24:41.546,12.26708,12.26962,0.00,0.00
2017.05.05 17:24:41.881,12.26708,12.26932,0.00,0.00
2017.05.05 17:24:42.189,12.26658,12.26868,0.00,0.00
2017.05.05 17:24:42.240,12.26692,12.26922,0.00,0.00
2017.05.05 17:24:42.291,12.26691,12.26901,0.00,0.00
2017.05.05 17:24:42.442,12.26649,12.26869,0.00,0.00
2017.05.05 17:24:42.493,12.26668,12.26869,0.00,0.00
2017.05.05 17:24:42.594,12.26611,12.26868,0.00,0.00
2017.05.05 17:24:42.782,12.26618,12.26868,0.00,0.00
2017.05.05 17:24:42.883,12.26611,12.26869,0.00,0.00
2017.05.05 17:24:42.949,12.26611,12.26851,0.00,0.00
2017.05.05 17:24:43.281,12.26611,12.26861,0.00,0.00
2017.05.05 17:24:43.350,12.26611,12.26852,0.00,0.00
2017.05.05 17:24:43.793,12.26611,12.26862,0.00,0.00
2017.05.05 17:24:43.850,12.26611,12.26852,0.00,0.00
2017.05.05 17:24:43.952,12.26611,12.26869,0.00,0.00
2017.05.05 17:24:44.051,12.26628,12.26869,0.00,0.00
2017.05.05 17:24:44.381,12.26692,12.26872,0.00,0.00
2017.05.05 17:24:44.583,12.26708,12.26962,0.00,0.00
2017.05.05 17:24:44.872,12.26708,12.26942,0.00,0.00
2017.05.05 17:24:45.052,12.26708,12.26961,0.00,0.00
2017.05.05 17:24:45.153,12.26708,12.26941,0.00,0.00
2017.05.05 17:24:45.254,12.26708,12.26962,0.00,0.00
2017.05.05 17:24:46.394,12.26708,12.26942,0.00,0.00
2017.05.05 17:24:46.455,12.26708,12.26969,0.00,0.00
2017.05.05 17:24:46.892,12.26718,12.26969,0.00,0.00
2017.05.05 17:24:47.422,12.26718,12.26988,0.00,0.00
2017.05.05 17:24:47.472,12.26808,12.27002,0.00,0.00
2017.05.05 17:24:47.674,12.26808,12.27068,0.00,0.00
2017.05.05 17:24:47.883,12.26808,12.27041,0.00,0.00
2017.05.05 17:24:48.016,12.26808,12.27052,0.00,0.00
2017.05.05 17:24:48.066,12.26808,12.27032,0.00,0.00
2017.05.05 17:24:48.264,12.26808,12.27042,0.00,0.00
2017.05.05 17:24:48.902,12.26808,12.27052,0.00,0.00
2017.05.05 17:24:49.212,12.26808,12.27031,0.00,0.00
2017.05.05 17:24:49.266,12.26808,12.27062,0.00,0.00
2017.05.05 17:24:49.367,12.26808,12.27051,0.00,0.00
2017.05.05 17:24:49.666,12.26808,12.27062,0.00,0.00
2017.05.05 17:24:49.914,12.26821,12.27062,0.00,0.00
2017.05.05 17:24:50.099,12.26821,12.27069,0.00,0.00
2017.05.05 17:24:50.501,12.26821,12.27051,0.00,0.00
2017.05.05 17:24:50.869,12.26821,12.27069,0.00,0.00
2017.05.05 17:24:50.991,12.26822,12.27052,0.00,0.00
2017.05.05 17:24:51.042,12.26808,12.27052,0.00,0.00
2017.05.05 17:24:51.143,12.26808,12.27069,0.00,0.00
2017.05.05 17:24:51.193,12.26808,12.27042,0.00,0.00
2017.05.05 17:24:51.411,12.26808,12.27062,0.00,0.00
2017.05.05 17:24:51.514,12.26808,12.27042,0.00,0.00
2017.05.05 17:24:51.772,12.26808,12.27052,0.00,0.00
2017.05.05 17:24:51.873,12.26808,12.27062,0.00,0.00
2017.05.05 17:24:52.252,12.26808,12.27052,0.00,0.00
2017.05.05 17:24:52.782,12.26808,12.27031,0.00,0.00
2017.05.05 17:24:53.002,12.26808,12.27041,0.00,0.00
2017.05.05 17:24:53.074,12.26808,12.27032,0.00,0.00
2017.05.05 17:24:53.176,12.26808,12.27052,0.00,0.00
2017.05.05 17:24:54.101,12.26808,12.27031,0.00,0.00
2017.05.05 17:24:54.402,12.26808,12.26999,0.00,0.00
2017.05.05 17:24:54.453,12.26808,12.27022,0.00,0.00
2017.05.05 17:24:54.577,12.26808,12.27062,0.00,0.00
2017.05.05 17:24:54.935,12.26808,12.27032,0.00,0.00
2017.05.05 17:24:54.985,12.26808,12.27062,0.00,0.00
2017.05.05 17:24:55.194,12.26808,12.27051,0.00,0.00
2017.05.05 17:24:55.295,12.26808,12.27062,0.00,0.00
2017.05.05 17:24:55.522,12.26808,12.27051,0.00,0.00
2017.05.05 17:24:56.002,12.26808,12.27061,0.00,0.00
2017.05.05 17:24:56.522,12.26769,12.26968,0.00,0.00
2017.05.05 17:24:56.623,12.26759,12.26968,0.00,0.00
2017.05.05 17:24:56.724,12.26721,12.26969,0.00,0.00
2017.05.05 17:24:57.207,12.26722,12.26961,0.00,0.00
2017.05.05 17:24:57.545,12.26808,12.26982,0.00,0.00
2017.05.05 17:24:57.595,12.26808,12.27061,0.00,0.00
2017.05.05 17:24:58.114,12.26808,12.27052,0.00,0.00
2017.05.05 17:24:58.889,12.26808,12.27042,0.00,0.00
2017.05.05 17:24:58.990,12.26808,12.27051,0.00,0.00
2017.05.05 17:24:59.401,12.26808,12.27062,0.00,0.00
2017.05.05 17:25:01.021,12.26768,12.26968,0.00,0.00
2017.05.05 17:25:01.122,12.26808,12.27032,0.00,0.00
2017.05.05 17:25:01.324,12.26808,12.27062,0.00,0.00
2017.05.05 17:25:01.426,12.26808,12.27042,0.00,0.00
2017.05.05 17:25:01.730,12.26758,12.26968,0.00,0.00
2017.05.05 17:25:01.792,12.26752,12.26968,0.00,0.00
2017.05.05 17:25:01.893,12.26738,12.26968,0.00,0.00
2017.05.05 17:25:01.943,12.26749,12.26968,0.00,0.00
2017.05.05 17:25:02.246,12.26759,12.26968,0.00,0.00
2017.05.05 17:25:02.443,12.26748,12.26969,0.00,0.00
2017.05.05 17:25:02.498,12.26738,12.26969,0.00,0.00
2017.05.05 17:25:02.599,12.26721,12.26969,0.00,0.00
2017.05.05 17:25:02.698,12.26721,12.26962,0.00,0.00
2017.05.05 17:25:03.001,12.26768,12.27048,0.00,0.00
2017.05.05 17:25:03.052,12.26809,12.27052,0.00,0.00
2017.05.05 17:25:03.299,12.26809,12.27062,0.00,0.00
2017.05.05 17:25:04.100,12.26809,12.26979,0.00,0.00
2017.05.05 17:25:04.151,12.26778,12.26969,0.00,0.00
2017.05.05 17:25:04.252,12.26758,12.26969,0.00,0.00
2017.05.05 17:25:04.302,12.26721,12.26969,0.00,0.00
2017.05.05 17:25:05.252,12.26722,12.26968,0.00,0.00
2017.05.05 17:25:05.303,12.26721,12.26942,0.00,0.00
2017.05.05 17:25:05.414,12.26721,12.26969,0.00,0.00
2017.05.05 17:25:05.751,12.26721,12.26991,0.00,0.00
2017.05.05 17:25:05.802,12.26758,12.26968,0.00,0.00
2017.05.05 17:25:05.903,12.26711,12.26969,0.00,0.00
2017.05.05 17:25:06.006,12.26729,12.26969,0.00,0.00
2017.05.05 17:25:06.107,12.26712,12.26968,0.00,0.00
2017.05.05 17:25:06.208,12.26712,12.26952,0.00,0.00
2017.05.05 17:25:06.431,12.26712,12.26961,0.00,0.00
2017.05.05 17:25:06.509,12.26712,12.26968,0.00,0.00
2017.05.05 17:25:06.610,12.26712,12.26961,0.00,0.00
2017.05.05 17:25:07.200,12.26711,12.26961,0.00,0.00
2017.05.05 17:25:07.454,12.26808,12.27061,0.00,0.00
2017.05.05 17:25:07.735,12.26808,12.27042,0.00,0.00
2017.05.05 17:25:07.816,12.26808,12.27062,0.00,0.00
2017.05.05 17:25:07.917,12.26808,12.27052,0.00,0.00
2017.05.05 17:25:08.181,12.26711,12.26969,0.00,0.00
2017.05.05 17:25:08.232,12.26709,12.26941,0.00,0.00
2017.05.05 17:25:08.620,12.26709,12.26968,0.00,0.00
2017.05.05 17:25:09.485,12.26709,12.26969,0.00,0.00
2017.05.05 17:25:09.536,12.26709,12.26962,0.00,0.00
2017.05.05 17:25:09.623,12.26709,12.26969,0.00,0.00
2017.05.05 17:25:09.869,12.26711,12.26962,0.00,0.00
2017.05.05 17:25:09.924,12.26711,12.26969,0.00,0.00
2017.05.05 17:25:10.761,12.26711,12.26951,0.00,0.00
2017.05.05 17:25:10.812,12.26709,12.26951,0.00,0.00
2017.05.05 17:25:10.863,12.26709,12.26941,0.00,0.00
2017.05.05 17:25:11.065,12.26709,12.26969,0.00,0.00
2017.05.05 17:25:11.230,12.26709,12.26942,0.00,0.00
2017.05.05 17:25:12.232,12.26709,12.26968,0.00,0.00
2017.05.05 17:25:12.333,12.26709,12.26941,0.00,0.00
2017.05.05 17:25:13.442,12.26709,12.26952,0.00,0.00
2017.05.05 17:25:13.550,12.26709,12.26942,0.00,0.00
2017.05.05 17:25:14.151,12.26709,12.26951,0.00,0.00
2017.05.05 17:25:14.265,12.26709,12.26942,0.00,0.00
2017.05.05 17:25:15.339,12.26709,12.26952,0.00,0.00
2017.05.05 17:25:15.640,12.26709,12.26941,0.00,0.00
2017.05.05 17:25:16.145,12.26709,12.26968,0.00,0.00
2017.05.05 17:25:17.473,12.26709,12.26969,0.00,0.00
2017.05.05 17:25:17.661,12.26721,12.26942,0.00,0.00
2017.05.05 17:25:17.762,12.26721,12.26969,0.00,0.00
2017.05.05 17:25:17.872,12.26718,12.26969,0.00,0.00
2017.05.05 17:25:17.974,12.26709,12.26969,0.00,0.00
2017.05.05 17:25:18.075,12.26709,12.26942,0.00,0.00
2017.05.05 17:25:19.190,12.26709,12.26952,0.00,0.00
2017.05.05 17:25:19.291,12.26709,12.26969,0.00,0.00
2017.05.05 17:25:19.773,12.26709,12.26951,0.00,0.00
2017.05.05 17:25:20.744,12.26722,12.26951,0.00,0.00
2017.05.05 17:25:21.047,12.26808,12.27001,0.00,0.00
2017.05.05 17:25:21.097,12.26808,12.27052,0.00,0.00
2017.05.05 17:25:22.271,12.26808,12.27042,0.00,0.00
2017.05.05 17:25:22.361,12.26808,12.27062,0.00,0.00
2017.05.05 17:25:22.673,12.26808,12.27032,0.00,0.00
2017.05.05 17:25:22.787,12.26808,12.27061,0.00,0.00
2017.05.05 17:25:22.963,12.26808,12.27042,0.00,0.00
2017.05.05 17:25:23.063,12.26808,12.27062,0.00,0.00
2017.05.05 17:25:24.776,12.26821,12.27062,0.00,0.00
2017.05.05 17:25:24.992,12.26821,12.27069,0.00,0.00
2017.05.05 17:25:26.611,12.26822,12.27068,0.00,0.00
2017.05.05 17:25:26.712,12.26808,12.27068,0.00,0.00
2017.05.05 17:25:26.820,12.26808,12.27032,0.00,0.00
2017.05.05 17:25:27.659,12.26808,12.27051,0.00,0.00
2017.05.05 17:25:27.710,12.26808,12.27032,0.00,0.00
2017.05.05 17:25:27.912,12.26808,12.27052,0.00,0.00
2017.05.05 17:25:27.963,12.26768,12.26968,0.00,0.00
2017.05.05 17:25:28.014,12.26758,12.26968,0.00,0.00
2017.05.05 17:25:28.065,12.26749,12.26969,0.00,0.00
2017.05.05 17:25:28.116,12.26741,12.26969,0.00,0.00
2017.05.05 17:25:28.197,12.26709,12.26969,0.00,0.00
2017.05.05 17:25:28.606,12.26709,12.26962,0.00,0.00
2017.05.05 17:25:28.913,12.26758,12.26962,0.00,0.00
2017.05.05 17:25:28.964,12.26722,12.26962,0.00,0.00
2017.05.05 17:25:29.015,12.26722,12.26968,0.00,0.00
2017.05.05 17:25:29.484,12.26721,12.26931,0.00,0.00
2017.05.05 17:25:29.585,12.26721,12.26962,0.00,0.00
2017.05.05 17:25:29.723,12.26709,12.26962,0.00,0.00
2017.05.05 17:25:29.824,12.26709,12.26969,0.00,0.00
2017.05.05 17:25:29.925,12.26709,12.26922,0.00,0.00
2017.05.05 17:25:29.987,12.26709,12.26942,0.00,0.00
2017.05.05 17:25:30.118,12.26709,12.26962,0.00,0.00
2017.05.05 17:25:30.889,12.26709,12.26952,0.00,0.00
2017.05.05 17:25:31.089,12.26709,12.26961,0.00,0.00
2017.05.05 17:25:31.190,12.26709,12.26941,0.00,0.00
2017.05.05 17:25:31.804,12.26709,12.26922,0.00,0.00
2017.05.05 17:25:31.892,12.26709,12.26941,0.00,0.00
2017.05.05 17:25:31.993,12.26709,12.26931,0.00,0.00
2017.05.05 17:25:32.092,12.26709,12.26941,0.00,0.00
2017.05.05 17:25:32.342,12.26709,12.26952,0.00,0.00
2017.05.05 17:25:32.393,12.26709,12.26922,0.00,0.00
2017.05.05 17:25:32.890,12.26658,12.26868,0.00,0.00
2017.05.05 17:25:32.991,12.26638,12.26869,0.00,0.00
2017.05.05 17:25:33.042,12.26659,12.26868,0.00,0.00
2017.05.05 17:25:33.143,12.26622,12.26868,0.00,0.00
2017.05.05 17:25:33.198,12.26622,12.26862,0.00,0.00
2017.05.05 17:25:33.311,12.26609,12.26862,0.00,0.00
2017.05.05 17:25:33.362,12.26609,12.26868,0.00,0.00
2017.05.05 17:25:33.514,12.26609,12.26831,0.00,0.00
2017.05.05 17:25:33.833,12.26609,12.26861,0.00,0.00
2017.05.05 17:25:34.106,12.26559,12.26769,0.00,0.00
2017.05.05 17:25:34.207,12.26509,12.26732,0.00,0.00
2017.05.05 17:25:34.308,12.26509,12.26762,0.00,0.00
2017.05.05 17:25:34.605,12.26509,12.26731,0.00,0.00
2017.05.05 17:25:34.806,12.26509,12.26752,0.00,0.00
2017.05.05 17:25:35.337,12.26509,12.26761,0.00,0.00
2017.05.05 17:25:35.452,12.26472,12.26688,0.00,0.00
2017.05.05 17:25:35.503,12.26458,12.26689,0.00,0.00
2017.05.05 17:25:35.553,12.26468,12.26688,0.00,0.00
2017.05.05 17:25:35.863,12.26461,12.26689,0.00,0.00
2017.05.05 17:25:35.964,12.26472,12.26698,0.00,0.00
2017.05.05 17:25:36.015,12.26441,12.26698,0.00,0.00
2017.05.05 17:25:36.065,12.26468,12.26699,0.00,0.00
2017.05.05 17:25:36.166,12.26422,12.26688,0.00,0.00
2017.05.05 17:25:36.217,12.26421,12.26681,0.00,0.00
2017.05.05 17:25:36.520,12.26518,12.26699,0.00,0.00
2017.05.05 17:25:36.621,12.26469,12.26698,0.00,0.00
2017.05.05 17:25:36.722,12.26469,12.26682,0.00,0.00
2017.05.05 17:25:36.823,12.26469,12.26692,0.00,0.00
2017.05.05 17:25:36.931,12.26469,12.26688,0.00,0.00
2017.05.05 17:25:36.982,12.26422,12.26688,0.00,0.00
2017.05.05 17:25:37.032,12.26421,12.26682,0.00,0.00
2017.05.05 17:25:37.083,12.26418,12.26682,0.00,0.00
2017.05.05 17:25:37.179,12.26418,12.26652,0.00,0.00
2017.05.05 17:25:37.513,12.26421,12.26622,0.00,0.00
2017.05.05 17:25:37.564,12.26421,12.26641,0.00,0.00
2017.05.05 17:25:37.615,12.26418,12.26641,0.00,0.00
2017.05.05 17:25:37.665,12.26418,12.26622,0.00,0.00
2017.05.05 17:25:37.716,12.26319,12.26588,0.00,0.00
2017.05.05 17:25:37.767,12.26372,12.26611,0.00,0.00
2017.05.05 17:25:37.817,12.26321,12.26589,0.00,0.00
2017.05.05 17:25:37.868,12.26368,12.26589,0.00,0.00
2017.05.05 17:25:38.171,12.26429,12.26629,0.00,0.00
2017.05.05 17:25:38.272,12.26318,12.26588,0.00,0.00
2017.05.05 17:25:38.400,12.26419,12.26522,0.00,0.00
2017.05.05 17:25:38.451,12.26419,12.26599,0.00,0.00
2017.05.05 17:25:38.502,12.26419,12.26612,0.00,0.00
2017.05.05 17:25:38.603,12.26419,12.26629,0.00,0.00
2017.05.05 17:25:38.754,12.26419,12.26619,0.00,0.00
2017.05.05 17:25:39.022,12.26419,12.26622,0.00,0.00
2017.05.05 17:25:39.174,12.26419,12.26642,0.00,0.00
2017.05.05 17:25:39.376,12.26419,12.26621,0.00,0.00
2017.05.05 17:25:39.477,12.26419,12.26642,0.00,0.00
2017.05.05 17:25:39.803,12.26178,12.26362,0.00,0.00
2017.05.05 17:25:39.919,12.26142,12.26388,0.00,0.00
2017.05.05 17:25:39.970,12.26128,12.26299,0.00,0.00
2017.05.05 17:25:40.071,12.26128,12.26331,0.00,0.00
2017.05.05 17:25:40.122,12.26178,12.26331,0.00,0.00
2017.05.05 17:25:40.274,12.26178,12.26388,0.00,0.00
2017.05.05 17:25:40.375,12.26129,12.26389,0.00,0.00
2017.05.05 17:25:40.476,12.26129,12.26321,0.00,0.00
2017.05.05 17:25:40.952,12.26129,12.26331,0.00,0.00
2017.05.05 17:25:41.281,12.26129,12.26312,0.00,0.00
2017.05.05 17:25:41.483,12.26078,12.26288,0.00,0.00
2017.05.05 17:25:41.584,12.26078,12.26251,0.00,0.00
2017.05.05 17:25:41.685,12.26128,12.26312,0.00,0.00
2017.05.05 17:25:41.786,12.26128,12.26329,0.00,0.00
2017.05.05 17:25:42.021,12.26098,12.26332,0.00,0.00
2017.05.05 17:25:42.072,12.26231,12.26332,0.00,0.00
2017.05.05 17:25:42.231,12.26429,12.26581,0.00,0.00
2017.05.05 17:25:42.282,12.26429,12.26621,0.00,0.00
2017.05.05 17:25:42.383,12.26429,12.26602,0.00,0.00
2017.05.05 17:25:42.439,12.26429,12.26621,0.00,0.00
2017.05.05 17:25:42.561,12.26429,12.26631,0.00,0.00
2017.05.05 17:25:42.664,12.26429,12.26621,0.00,0.00
2017.05.05 17:25:43.163,12.26429,12.26602,0.00,0.00
2017.05.05 17:25:43.268,12.26429,12.26631,0.00,0.00
2017.05.05 17:25:43.451,12.26381,12.26631,0.00,0.00
2017.05.05 17:25:43.680,12.26381,12.26612,0.00,0.00
2017.05.05 17:25:43.992,12.26381,12.26602,0.00,0.00
2017.05.05 17:25:44.042,12.26381,12.26622,0.00,0.00
2017.05.05 17:25:44.261,12.26381,12.26602,0.00,0.00
2017.05.05 17:25:44.362,12.26381,12.26621,0.00,0.00
2017.05.05 17:25:44.481,12.26381,12.26632,0.00,0.00
2017.05.05 17:25:44.683,12.26381,12.26622,0.00,0.00
2017.05.05 17:25:45.191,12.26381,12.26621,0.00,0.00
2017.05.05 17:25:45.393,12.26381,12.26642,0.00,0.00
2017.05.05 17:25:45.494,12.26381,12.26621,0.00,0.00
2017.05.05 17:25:45.545,12.26381,12.26661,0.00,0.00
2017.05.05 17:25:45.646,12.26381,12.26611,0.00,0.00
2017.05.05 17:25:45.774,12.26381,12.26652,0.00,0.00
2017.05.05 17:25:45.876,12.26381,12.26661,0.00,0.00
2017.05.05 17:25:46.098,12.26372,12.26661,0.00,0.00
2017.05.05 17:25:46.382,12.26371,12.26621,0.00,0.00
2017.05.05 17:25:46.584,12.26371,12.26632,0.00,0.00
2017.05.05 17:25:46.750,12.26371,12.26621,0.00,0.00
2017.05.05 17:25:47.290,12.26372,12.26622,0.00,0.00
2017.05.05 17:25:47.391,12.26371,12.26632,0.00,0.00
2017.05.05 17:25:47.452,12.26371,12.26622,0.00,0.00
2017.05.05 17:25:47.562,12.26371,12.26641,0.00,0.00
2017.05.05 17:25:47.953,12.26371,12.26631,0.00,0.00
2017.05.05 17:25:48.354,12.26371,12.26622,0.00,0.00
2017.05.05 17:25:48.581,12.26371,12.26642,0.00,0.00
2017.05.05 17:25:48.755,12.26372,12.26631,0.00,0.00
2017.05.05 17:25:48.900,12.26371,12.26661,0.00,0.00
2017.05.05 17:25:49.001,12.26371,12.26621,0.00,0.00
2017.05.05 17:25:49.545,12.26371,12.26622,0.00,0.00
2017.05.05 17:25:49.924,12.26371,12.26619,0.00,0.00
2017.05.05 17:25:50.257,12.26371,12.26612,0.00,0.00
2017.05.05 17:25:50.307,12.26371,12.26632,0.00,0.00
2017.05.05 17:25:50.408,12.26372,12.26642,0.00,0.00
2017.05.05 17:25:50.881,12.26371,12.26621,0.00,0.00
2017.05.05 17:25:50.982,12.26372,12.26632,0.00,0.00
2017.05.05 17:25:51.062,12.26372,12.26642,0.00,0.00
2017.05.05 17:25:51.501,12.26372,12.26632,0.00,0.00
2017.05.05 17:25:51.703,12.26379,12.26662,0.00,0.00
2017.05.05 17:25:52.066,12.26388,12.26662,0.00,0.00
2017.05.05 17:25:52.167,12.26378,12.26662,0.00,0.00
2017.05.05 17:25:52.218,12.26378,12.26619,0.00,0.00
2017.05.05 17:25:52.269,12.26319,12.26579,0.00,0.00
2017.05.05 17:25:52.370,12.26281,12.26561,0.00,0.00
2017.05.05 17:25:52.572,12.26288,12.26561,0.00,0.00
2017.05.05 17:25:52.884,12.26281,12.26511,0.00,0.00
2017.05.05 17:25:53.171,12.26299,12.26561,0.00,0.00
2017.05.05 17:25:53.272,12.26281,12.26521,0.00,0.00
2017.05.05 17:25:53.373,12.26298,12.26561,0.00,0.00
2017.05.05 17:25:53.575,12.26281,12.26522,0.00,0.00
2017.05.05 17:25:53.701,12.26281,12.26532,0.00,0.00
2017.05.05 17:25:54.273,12.26281,12.26512,0.00,0.00
2017.05.05 17:25:54.324,12.26281,12.26522,0.00,0.00
2017.05.05 17:25:54.375,12.26281,12.26542,0.00,0.00
2017.05.05 17:25:54.878,12.26281,12.26532,0.00,0.00
2017.05.05 17:25:54.979,12.26309,12.26561,0.00,0.00
2017.05.05 17:25:55.191,12.26281,12.26512,0.00,0.00
2017.05.05 17:25:55.278,12.26281,12.26532,0.00,0.00
2017.05.05 17:25:55.351,12.26301,12.26532,0.00,0.00
2017.05.05 17:25:55.503,12.26329,12.26561,0.00,0.00
2017.05.05 17:25:55.604,12.26282,12.26541,0.00,0.00
2017.05.05 17:25:55.705,12.26282,12.26521,0.00,0.00
2017.05.05 17:25:55.903,12.26282,12.26542,0.00,0.00
2017.05.05 17:25:55.954,12.26302,12.26542,0.00,0.00
2017.05.05 17:25:56.005,12.26289,12.26561,0.00,0.00
2017.05.05 17:25:56.161,12.26331,12.26571,0.00,0.00
2017.05.05 17:25:56.314,12.26372,12.26631,0.00,0.00
2017.05.05 17:25:56.690,12.26372,12.26612,0.00,0.00
2017.05.05 17:25:56.792,12.26372,12.26632,0.00,0.00
2017.05.05 17:25:57.014,12.26372,12.26611,0.00,0.00
2017.05.05 17:25:57.201,12.26372,12.26622,0.00,0.00
2017.05.05 17:25:57.302,12.26372,12.26641,0.00,0.00
2017.05.05 17:25:57.403,12.26372,12.26622,0.00,0.00
2017.05.05 17:25:57.555,12.26338,12.26589,0.00,0.00
2017.05.05 17:25:57.606,12.26318,12.26572,0.00,0.00
2017.05.05 17:25:57.707,12.26288,12.26562,0.00,0.00
2017.05.05 17:25:57.888,12.26318,12.26562,0.00,0.00
2017.05.05 17:25:58.111,12.26299,12.26562,0.00,0.00
2017.05.05 17:25:58.389,12.26308,12.26562,0.00,0.00
2017.05.05 17:25:58.690,12.26319,12.26562,0.00,0.00
2017.05.05 17:25:59.090,12.26309,12.26562,0.00,0.00
2017.05.05 17:25:59.759,12.26371,12.26591,0.00,0.00
2017.05.05 17:25:59.910,12.26371,12.26642,0.00,0.00
2017.05.05 17:25:59.990,12.26402,12.26642,0.00,0.00
2017.05.05 17:26:00.143,12.26371,12.26612,0.00,0.00
2017.05.05 17:26:00.194,12.26371,12.26641,0.00,0.00
2017.05.05 17:26:00.261,12.26371,12.26588,0.00,0.00
2017.05.05 17:26:00.312,12.26339,12.26589,0.00,0.00
2017.05.05 17:26:00.413,12.26331,12.26562,0.00,0.00
2017.05.05 17:26:00.706,12.26372,12.26642,0.00,0.00
2017.05.05 17:26:00.810,12.26399,12.26661,0.00,0.00
2017.05.05 17:26:01.135,12.26382,12.26621,0.00,0.00
2017.05.05 17:26:01.442,12.26382,12.26612,0.00,0.00
2017.05.05 17:26:02.422,12.26382,12.26641,0.00,0.00
2017.05.05 17:26:02.523,12.26399,12.26661,0.00,0.00
2017.05.05 17:26:02.624,12.26382,12.26642,0.00,0.00
2017.05.05 17:26:03.010,12.26382,12.26612,0.00,0.00
2017.05.05 17:26:03.144,12.26382,12.26642,0.00,0.00
2017.05.05 17:26:03.202,12.26382,12.26612,0.00,0.00
2017.05.05 17:26:03.531,12.26382,12.26642,0.00,0.00
2017.05.05 17:26:03.632,12.26399,12.26661,0.00,0.00
2017.05.05 17:26:03.918,12.26382,12.26611,0.00,0.00
2017.05.05 17:26:04.120,12.26481,12.26731,0.00,0.00
2017.05.05 17:26:04.411,12.26481,12.26722,0.00,0.00
2017.05.05 17:26:04.512,12.26481,12.26731,0.00,0.00
2017.05.05 17:26:04.710,12.26481,12.26722,0.00,0.00
2017.05.05 17:26:05.340,12.26501,12.26731,0.00,0.00
2017.05.05 17:26:05.512,12.26581,12.26812,0.00,0.00
2017.05.05 17:26:05.613,12.26611,12.26821,0.00,0.00
2017.05.05 17:26:05.715,12.26548,12.26788,0.00,0.00
2017.05.05 17:26:05.816,12.26528,12.26782,0.00,0.00
2017.05.05 17:26:05.917,12.26528,12.26788,0.00,0.00
2017.05.05 17:26:06.018,12.26628,12.26788,0.00,0.00
2017.05.05 17:26:06.068,12.26628,12.26802,0.00,0.00
2017.05.05 17:26:06.119,12.26628,12.26841,0.00,0.00
2017.05.05 17:26:06.170,12.26561,12.26799,0.00,0.00
2017.05.05 17:26:06.221,12.26528,12.26742,0.00,0.00
2017.05.05 17:26:06.322,12.26579,12.26798,0.00,0.00
2017.05.05 17:26:06.512,12.26539,12.26789,0.00,0.00
2017.05.05 17:26:06.563,12.26528,12.26752,0.00,0.00
2017.05.05 17:26:06.664,12.26578,12.26818,0.00,0.00
2017.05.05 17:26:06.766,12.26578,12.26831,0.00,0.00
2017.05.05 17:26:06.816,12.26628,12.26831,0.00,0.00
2017.05.05 17:26:06.867,12.26628,12.26881,0.00,0.00
2017.05.05 17:26:06.944,12.26628,12.26818,0.00,0.00
2017.05.05 17:26:07.045,12.26588,12.26799,0.00,0.00
2017.05.05 17:26:07.146,12.26579,12.26799,0.00,0.00
2017.05.05 17:26:07.196,12.26588,12.26789,0.00,0.00
2017.05.05 17:26:07.247,12.26588,12.26798,0.00,0.00
2017.05.05 17:26:07.731,12.26638,12.26822,0.00,0.00
2017.05.05 17:26:07.833,12.26638,12.26842,0.00,0.00
2017.05.05 17:26:08.062,12.26638,12.26821,0.00,0.00
2017.05.05 17:26:08.404,12.26638,12.26802,0.00,0.00
2017.05.05 17:26:08.455,12.26638,12.26831,0.00,0.00
2017.05.05 17:26:08.556,12.26638,12.26802,0.00,0.00
2017.05.05 17:26:08.623,12.26638,12.26841,0.00,0.00
2017.05.05 17:26:09.761,12.26638,12.26832,0.00,0.00
2017.05.05 17:26:10.227,12.26638,12.26812,0.00,0.00
2017.05.05 17:26:10.562,12.26638,12.26832,0.00,0.00
2017.05.05 17:26:10.944,12.26638,12.26789,0.00,0.00
2017.05.05 17:26:10.994,12.26588,12.26789,0.00,0.00
2017.05.05 17:26:11.172,12.26539,12.26782,0.00,0.00
2017.05.05 17:26:11.332,12.26539,12.26788,0.00,0.00
2017.05.05 17:26:11.440,12.26539,12.26798,0.00,0.00
2017.05.05 17:26:11.490,12.26589,12.26801,0.00,0.00
2017.05.05 17:26:11.642,12.26638,12.26888,0.00,0.00
2017.05.05 17:26:11.743,12.26638,12.26852,0.00,0.00
2017.05.05 17:26:12.298,12.26588,12.26789,0.00,0.00
2017.05.05 17:26:12.399,12.26538,12.26789,0.00,0.00
2017.05.05 17:26:12.761,12.26538,12.26732,0.00,0.00
2017.05.05 17:26:13.052,12.26538,12.26752,0.00,0.00
2017.05.05 17:26:13.160,12.26538,12.26732,0.00,0.00
2017.05.05 17:26:13.262,12.26538,12.26762,0.00,0.00
2017.05.05 17:26:13.363,12.26538,12.26732,0.00,0.00
2017.05.05 17:26:13.541,12.26538,12.26742,0.00,0.00
2017.05.05 17:26:13.642,12.26538,12.26731,0.00,0.00
2017.05.05 17:26:13.942,12.26538,12.26742,0.00,0.00
2017.05.05 17:26:14.043,12.26538,12.26788,0.00,0.00
2017.05.05 17:26:14.144,12.26538,12.26742,0.00,0.00
2017.05.05 17:26:14.688,12.26538,12.26732,0.00,0.00
2017.05.05 17:26:14.845,12.26538,12.26761,0.00,0.00
2017.05.05 17:26:15.068,12.26538,12.26732,0.00,0.00
2017.05.05 17:26:15.464,12.26538,12.26751,0.00,0.00
2017.05.05 17:26:16.032,12.26488,12.26689,0.00,0.00
2017.05.05 17:26:16.211,12.26439,12.26652,0.00,0.00
2017.05.05 17:26:16.312,12.26439,12.26689,0.00,0.00
2017.05.05 17:26:16.450,12.26439,12.26662,0.00,0.00
2017.05.05 17:26:16.751,12.26439,12.26682,0.00,0.00
2017.05.05 17:26:17.048,12.26492,12.26682,0.00,0.00
2017.05.05 17:26:17.201,12.26538,12.26789,0.00,0.00
2017.05.05 17:26:17.361,12.26538,12.26731,0.00,0.00
2017.05.05 17:26:17.955,12.26538,12.26742,0.00,0.00
2017.05.05 17:26:18.056,12.26538,12.26751,0.00,0.00
2017.05.05 17:26:18.158,12.26538,12.26742,0.00,0.00
2017.05.05 17:26:18.300,12.26538,12.26751,0.00,0.00
2017.05.05 17:26:18.857,12.26538,12.26741,0.00,0.00
2017.05.05 17:26:19.160,12.26538,12.26731,0.00,0.00
2017.05.05 17:26:21.120,12.26521,12.26731,0.00,0.00
2017.05.05 17:26:21.171,12.26488,12.26688,0.00,0.00
2017.05.05 17:26:21.272,12.26449,12.26689,0.00,0.00
2017.05.05 17:26:21.374,12.26438,12.26682,0.00,0.00
2017.05.05 17:26:21.464,12.26438,12.26689,0.00,0.00
2017.05.05 17:26:21.565,12.26438,12.26681,0.00,0.00
2017.05.05 17:26:21.948,12.26438,12.26642,0.00,0.00
2017.05.05 17:26:22.382,12.26438,12.26689,0.00,0.00
2017.05.05 17:26:22.569,12.26438,12.26682,0.00,0.00
2017.05.05 17:26:22.768,12.26438,12.26688,0.00,0.00
2017.05.05 17:26:22.869,12.26438,12.26682,0.00,0.00
2017.05.05 17:26:23.069,12.26438,12.26689,0.00,0.00
2017.05.05 17:26:23.176,12.26438,12.26682,0.00,0.00
2017.05.05 17:26:23.481,12.26438,12.26642,0.00,0.00
2017.05.05 17:26:24.088,12.26438,12.26661,0.00,0.00
2017.05.05 17:26:24.190,12.26438,12.26689,0.00,0.00
2017.05.05 17:26:25.472,12.26438,12.26688,0.00,0.00
2017.05.05 17:26:25.590,12.26438,12.26641,0.00,0.00
2017.05.05 17:26:26.610,12.26438,12.26662,0.00,0.00
2017.05.05 17:26:27.380,12.26438,12.26642,0.00,0.00
2017.05.05 17:26:27.781,12.26438,12.26652,0.00,0.00
2017.05.05 17:26:27.881,12.26438,12.26662,0.00,0.00
2017.05.05 17:26:28.212,12.26449,12.26689,0.00,0.00
2017.05.05 17:26:28.597,12.26438,12.26689,0.00,0.00
2017.05.05 17:26:29.188,12.26449,12.26689,0.00,0.00
2017.05.05 17:26:30.089,12.26438,12.26689,0.00,0.00
2017.05.05 17:26:31.293,12.26448,12.26689,0.00,0.00
2017.05.05 17:26:31.394,12.26438,12.26689,0.00,0.00
2017.05.05 17:26:31.494,12.26448,12.26689,0.00,0.00
2017.05.05 17:26:31.900,12.26438,12.26689,0.00,0.00
2017.05.05 17:26:32.500,12.26439,12.26689,0.00,0.00
2017.05.05 17:26:32.841,12.26492,12.26702,0.00,0.00
2017.05.05 17:26:33.043,12.26538,12.26788,0.00,0.00
2017.05.05 17:26:33.098,12.26538,12.26761,0.00,0.00
2017.05.05 17:26:33.603,12.26538,12.26742,0.00,0.00
2017.05.05 17:26:34.101,12.26538,12.26761,0.00,0.00
2017.05.05 17:26:34.703,12.26538,12.26751,0.00,0.00
2017.05.05 17:26:35.151,12.26538,12.26742,0.00,0.00
2017.05.05 17:26:35.636,12.26529,12.26742,0.00,0.00
2017.05.05 17:26:36.551,12.26529,12.26762,0.00,0.00
2017.05.05 17:26:36.852,12.26529,12.26731,0.00,0.00
2017.05.05 17:26:37.109,12.26529,12.26752,0.00,0.00
2017.05.05 17:26:37.811,12.26529,12.26762,0.00,0.00
2017.05.05 17:26:38.244,12.26578,12.26789,0.00,0.00
2017.05.05 17:26:38.671,12.26579,12.26798,0.00,0.00
2017.05.05 17:26:38.990,12.26579,12.26812,0.00,0.00
2017.05.05 17:26:39.040,12.26628,12.26818,0.00,0.00
2017.05.05 17:26:39.142,12.26588,12.26819,0.00,0.00
2017.05.05 17:26:39.243,12.26579,12.26818,0.00,0.00
2017.05.05 17:26:39.895,12.26579,12.26819,0.00,0.00
2017.05.05 17:26:40.555,12.26538,12.26788,0.00,0.00
2017.05.05 17:26:40.656,12.26538,12.26741,0.00,0.00
2017.05.05 17:26:41.521,12.26538,12.26762,0.00,0.00
2017.05.05 17:26:41.622,12.26588,12.26799,0.00,0.00
2017.05.05 17:26:42.140,12.26538,12.26789,0.00,0.00
2017.05.05 17:26:42.640,12.26538,12.26781,0.00,0.00
2017.05.05 17:26:42.940,12.26539,12.26789,0.00,0.00
2017.05.05 17:26:43.424,12.26538,12.26741,0.00,0.00
2017.05.05 17:26:44.025,12.26538,12.26752,0.00,0.00
2017.05.05 17:26:44.860,12.26538,12.26762,0.00,0.00
2017.05.05 17:26:45.123,12.26488,12.26688,0.00,0.00
2017.05.05 17:26:45.224,12.26459,12.26689,0.00,0.00
2017.05.05 17:26:45.275,12.26438,12.26688,0.00,0.00
2017.05.05 17:26:45.376,12.26438,12.26651,0.00,0.00
2017.05.05 17:26:45.430,12.26438,12.26671,0.00,0.00
2017.05.05 17:26:45.648,12.26438,12.26651,0.00,0.00
2017.05.05 17:26:47.470,12.26438,12.26671,0.00,0.00
2017.05.05 17:26:47.571,12.26438,12.26689,0.00,0.00
2017.05.05 17:26:47.672,12.26438,12.26672,0.00,0.00
2017.05.05 17:26:47.736,12.26438,12.26689,0.00,0.00
2017.05.05 17:26:48.580,12.26438,12.26652,0.00,0.00
2017.05.05 17:26:48.938,12.26438,12.26661,0.00,0.00
2017.05.05 17:26:49.740,12.26438,12.26651,0.00,0.00
2017.05.05 17:26:50.641,12.26438,12.26661,0.00,0.00
2017.05.05 17:26:51.042,12.26438,12.26671,0.00,0.00
2017.05.05 17:26:51.242,12.26438,12.26666,0.00,0.00
2017.05.05 17:26:51.611,12.26438,12.26593,0.00,0.00
2017.05.05 17:26:51.662,12.26388,12.26593,0.00,0.00
2017.05.05 17:26:51.763,12.26438,12.26671,0.00,0.00
2017.05.05 17:26:51.864,12.26438,12.26547,0.00,0.00
2017.05.05 17:26:51.965,12.26438,12.26642,0.00,0.00
2017.05.05 17:26:52.016,12.26438,12.26594,0.00,0.00
2017.05.05 17:26:52.067,12.26389,12.26594,0.00,0.00
2017.05.05 17:26:52.118,12.26389,12.26599,0.00,0.00
2017.05.05 17:26:52.169,12.26379,12.26594,0.00,0.00
2017.05.05 17:26:52.270,12.26348,12.26594,0.00,0.00
2017.05.05 17:26:52.346,12.26339,12.26594,0.00,0.00
2017.05.05 17:26:52.468,12.26359,12.26594,0.00,0.00
2017.05.05 17:26:52.670,12.26349,12.26593,0.00,0.00
2017.05.05 17:26:52.771,12.26368,12.26593,0.00,0.00
2017.05.05 17:26:52.847,12.26338,12.26593,0.00,0.00
2017.05.05 17:26:53.071,12.26358,12.26593,0.00,0.00
2017.05.05 17:26:53.411,12.26338,12.26556,0.00,0.00
2017.05.05 17:26:53.462,12.26338,12.26571,0.00,0.00
2017.05.05 17:26:53.564,12.26359,12.26588,0.00,0.00
2017.05.05 17:26:53.959,12.26338,12.26557,0.00,0.00
2017.05.05 17:26:54.051,12.26338,12.26562,0.00,0.00
2017.05.05 17:26:56.196,12.26338,12.26552,0.00,0.00
2017.05.05 17:26:56.297,12.26349,12.26588,0.00,0.00
2017.05.05 17:26:56.357,12.26338,12.26572,0.00,0.00
2017.05.05 17:26:56.479,12.26348,12.26588,0.00,0.00
2017.05.05 17:26:56.580,12.26389,12.26608,0.00,0.00
2017.05.05 17:26:56.631,12.26392,12.26622,0.00,0.00
2017.05.05 17:26:56.682,12.26392,12.26641,0.00,0.00
2017.05.05 17:26:56.733,12.26438,12.26641,0.00,0.00
2017.05.05 17:26:56.858,12.26438,12.26661,0.00,0.00
2017.05.05 17:26:58.179,12.26438,12.26642,0.00,0.00
2017.05.05 17:26:59.264,12.26438,12.26662,0.00,0.00
2017.05.05 17:26:59.315,12.26388,12.26588,0.00,0.00
2017.05.05 17:26:59.617,12.26338,12.26589,0.00,0.00
2017.05.05 17:26:59.769,12.26359,12.26588,0.00,0.00
2017.05.05 17:27:00.191,12.26338,12.26551,0.00,0.00
2017.05.05 17:27:00.267,12.26338,12.26561,0.00,0.00
2017.05.05 17:27:00.390,12.26338,12.26552,0.00,0.00
2017.05.05 17:27:00.469,12.26349,12.26588,0.00,0.00
2017.05.05 17:27:02.089,12.26349,12.26589,0.00,0.00
2017.05.05 17:27:02.272,12.26338,12.26552,0.00,0.00
2017.05.05 17:27:02.375,12.26349,12.26588,0.00,0.00
2017.05.05 17:27:02.473,12.26338,12.26588,0.00,0.00
2017.05.05 17:27:02.782,12.26338,12.26541,0.00,0.00
2017.05.05 17:27:02.974,12.26338,12.26572,0.00,0.00
2017.05.05 17:27:03.175,12.26338,12.26552,0.00,0.00
2017.05.05 17:27:03.688,12.26338,12.26572,0.00,0.00
2017.05.05 17:27:04.478,12.26338,12.26551,0.00,0.00
2017.05.05 17:27:04.579,12.26358,12.26588,0.00,0.00
2017.05.05 17:27:05.082,12.26358,12.26589,0.00,0.00
2017.05.05 17:27:05.183,12.26338,12.26542,0.00,0.00
2017.05.05 17:27:05.381,12.26358,12.26588,0.00,0.00
2017.05.05 17:27:05.709,12.26338,12.26572,0.00,0.00
2017.05.05 17:27:06.624,12.26421,12.26572,0.00,0.00
2017.05.05 17:27:06.725,12.26439,12.26612,0.00,0.00
2017.05.05 17:27:06.783,12.26439,12.26661,0.00,0.00
2017.05.05 17:27:06.960,12.26388,12.26589,0.00,0.00
2017.05.05 17:27:07.062,12.26368,12.26588,0.00,0.00
2017.05.05 17:27:07.184,12.26339,12.26589,0.00,0.00
2017.05.05 17:27:07.801,12.26339,12.26588,0.00,0.00
2017.05.05 17:27:07.902,12.26339,12.26562,0.00,0.00
2017.05.05 17:27:08.257,12.26339,12.26552,0.00,0.00
2017.05.05 17:27:08.488,12.26339,12.26561,0.00,0.00
2017.05.05 17:27:09.571,12.26391,12.26561,0.00,0.00
2017.05.05 17:27:09.790,12.26438,12.26689,0.00,0.00
2017.05.05 17:27:09.890,12.26438,12.26672,0.00,0.00
2017.05.05 17:27:09.991,12.26438,12.26689,0.00,0.00
2017.05.05 17:27:10.692,12.26438,12.26632,0.00,0.00
2017.05.05 17:27:10.892,12.26438,12.26662,0.00,0.00
2017.05.05 17:27:11.199,12.26438,12.26689,0.00,0.00
2017.05.05 17:27:13.596,12.26438,12.26631,0.00,0.00
2017.05.05 17:27:13.927,12.26422,12.26588,0.00,0.00
2017.05.05 17:27:13.978,12.26349,12.26589,0.00,0.00
2017.05.05 17:27:14.029,12.26338,12.26572,0.00,0.00
2017.05.05 17:27:14.332,12.26438,12.26688,0.00,0.00
2017.05.05 17:27:14.398,12.26438,12.26632,0.00,0.00
2017.05.05 17:27:15.020,12.26438,12.26642,0.00,0.00
2017.05.05 17:27:15.121,12.26438,12.26662,0.00,0.00
2017.05.05 17:27:15.400,12.26438,12.26642,0.00,0.00
2017.05.05 17:27:15.801,12.26438,12.26632,0.00,0.00
2017.05.05 17:27:16.024,12.26438,12.26662,0.00,0.00
2017.05.05 17:27:16.202,12.26438,12.26689,0.00,0.00
2017.05.05 17:27:16.702,12.26438,12.26682,0.00,0.00
2017.05.05 17:27:17.530,12.26438,12.26689,0.00,0.00
2017.05.05 17:27:17.632,12.26438,12.26662,0.00,0.00
2017.05.05 17:27:17.704,12.26438,12.26671,0.00,0.00
2017.05.05 17:27:17.840,12.26438,12.26589,0.00,0.00
2017.05.05 17:27:17.891,12.26389,12.26589,0.00,0.00
2017.05.05 17:27:18.042,12.26348,12.26588,0.00,0.00
2017.05.05 17:27:18.185,12.26338,12.26542,0.00,0.00
2017.05.05 17:27:18.236,12.26338,12.26588,0.00,0.00
2017.05.05 17:27:18.880,12.26338,12.26589,0.00,0.00
2017.05.05 17:27:19.408,12.26338,12.26588,0.00,0.00
2017.05.05 17:27:19.708,12.26338,12.26542,0.00,0.00
2017.05.05 17:27:20.023,12.26389,12.26561,0.00,0.00
2017.05.05 17:27:20.124,12.26389,12.26598,0.00,0.00
2017.05.05 17:27:20.390,12.26389,12.26641,0.00,0.00
2017.05.05 17:27:20.440,12.26439,12.26641,0.00,0.00
2017.05.05 17:27:20.541,12.26439,12.26651,0.00,0.00
2017.05.05 17:27:20.656,12.26439,12.26688,0.00,0.00
2017.05.05 17:27:21.013,12.26439,12.26682,0.00,0.00
2017.05.05 17:27:21.114,12.26439,12.26689,0.00,0.00
2017.05.05 17:27:21.809,12.26439,12.26688,0.00,0.00
2017.05.05 17:27:21.860,12.26439,12.26672,0.00,0.00
2017.05.05 17:27:21.913,12.26439,12.26688,0.00,0.00
2017.05.05 17:27:22.732,12.26439,12.26672,0.00,0.00
2017.05.05 17:27:22.833,12.26439,12.26681,0.00,0.00
2017.05.05 17:27:22.934,12.26439,12.26689,0.00,0.00
2017.05.05 17:27:23.414,12.26439,12.26681,0.00,0.00
2017.05.05 17:27:23.714,12.26439,12.26688,0.00,0.00
2017.05.05 17:27:24.370,12.26439,12.26689,0.00,0.00
2017.05.05 17:27:24.616,12.26439,12.26631,0.00,0.00
2017.05.05 17:27:24.716,12.26439,12.26689,0.00,0.00
2017.05.05 17:27:25.156,12.26439,12.26662,0.00,0.00
2017.05.05 17:27:25.217,12.26439,12.26689,0.00,0.00
2017.05.05 17:27:26.573,12.26439,12.26688,0.00,0.00
2017.05.05 17:27:27.322,12.26439,12.26661,0.00,0.00
2017.05.05 17:27:27.651,12.26538,12.26732,0.00,0.00
2017.05.05 17:27:27.721,12.26538,12.26788,0.00,0.00
2017.05.05 17:27:28.222,12.26538,12.26789,0.00,0.00
2017.05.05 17:27:29.021,12.26538,12.26788,0.00,0.00
2017.05.05 17:27:29.173,12.26538,12.26732,0.00,0.00
2017.05.05 17:27:29.524,12.26538,12.26741,0.00,0.00
2017.05.05 17:27:30.259,12.26538,12.26762,0.00,0.00
2017.05.05 17:27:30.325,12.26538,12.26742,0.00,0.00
2017.05.05 17:27:31.451,12.26538,12.26732,0.00,0.00
2017.05.05 17:27:32.619,12.26521,12.26689,0.00,0.00
2017.05.05 17:27:32.670,12.26489,12.26688,0.00,0.00
2017.05.05 17:27:32.771,12.26472,12.26698,0.00,0.00
2017.05.05 17:27:32.822,12.26448,12.26688,0.00,0.00
2017.05.05 17:27:32.872,12.26472,12.26692,0.00,0.00
2017.05.05 17:27:33.329,12.26488,12.26698,0.00,0.00
2017.05.05 17:27:33.645,12.26538,12.26788,0.00,0.00
2017.05.05 17:27:33.836,12.26538,12.26782,0.00,0.00
2017.05.05 17:27:34.031,12.26538,12.26788,0.00,0.00
2017.05.05 17:27:34.832,12.26538,12.26781,0.00,0.00
2017.05.05 17:27:36.334,12.26538,12.26788,0.00,0.00
2017.05.05 17:27:37.843,12.26588,12.26788,0.00,0.00
2017.05.05 17:27:37.995,12.26538,12.26781,0.00,0.00
2017.05.05 17:27:38.103,12.26538,12.26789,0.00,0.00
2017.05.05 17:27:38.778,12.26588,12.26789,0.00,0.00
2017.05.05 17:27:38.930,12.26549,12.26789,0.00,0.00
2017.05.05 17:27:38.981,12.26538,12.26731,0.00,0.00
2017.05.05 17:27:39.082,12.26538,12.26788,0.00,0.00
2017.05.05 17:27:39.240,12.26538,12.26751,0.00,0.00
2017.05.05 17:27:39.543,12.26588,12.26799,0.00,0.00
2017.05.05 17:27:39.890,12.26599,12.26799,0.00,0.00
2017.05.05 17:27:40.441,12.26599,12.26798,0.00,0.00
2017.05.05 17:27:41.382,12.26648,12.26822,0.00,0.00
2017.05.05 17:27:41.534,12.26559,12.26799,0.00,0.00
2017.05.05 17:27:41.584,12.26581,12.26791,0.00,0.00
2017.05.05 17:27:41.944,12.26598,12.26799,0.00,0.00
2017.05.05 17:27:42.595,12.26549,12.26788,0.00,0.00
2017.05.05 17:27:42.793,12.26549,12.26721,0.00,0.00
2017.05.05 17:27:42.846,12.26549,12.26788,0.00,0.00
2017.05.05 17:27:43.346,12.26549,12.26731,0.00,0.00
2017.05.05 17:27:43.847,12.26549,12.26789,0.00,0.00
2017.05.05 17:27:44.761,12.26549,12.26721,0.00,0.00
2017.05.05 17:27:45.054,12.26549,12.26771,0.00,0.00
2017.05.05 17:27:45.149,12.26549,12.26788,0.00,0.00
2017.05.05 17:27:45.350,12.26549,12.26771,0.00,0.00
2017.05.05 17:27:45.664,12.26549,12.26722,0.00,0.00
2017.05.05 17:27:46.451,12.26549,12.26732,0.00,0.00
2017.05.05 17:27:48.555,12.26549,12.26751,0.00,0.00
2017.05.05 17:27:48.680,12.26549,12.26761,0.00,0.00
2017.05.05 17:27:48.782,12.26549,12.26788,0.00,0.00
2017.05.05 17:27:50.350,12.26549,12.26789,0.00,0.00
2017.05.05 17:27:50.460,12.26549,12.26732,0.00,0.00
2017.05.05 17:27:50.572,12.26549,12.26752,0.00,0.00
2017.05.05 17:27:50.673,12.26549,12.26789,0.00,0.00
2017.05.05 17:27:50.962,12.26549,12.26722,0.00,0.00
2017.05.05 17:27:51.462,12.26549,12.26731,0.00,0.00
2017.05.05 17:27:51.794,12.26549,12.26742,0.00,0.00
2017.05.05 17:27:52.403,12.26549,12.26721,0.00,0.00
2017.05.05 17:27:52.466,12.26549,12.26732,0.00,0.00
2017.05.05 17:27:52.566,12.26549,12.26771,0.00,0.00
2017.05.05 17:27:52.697,12.26549,12.26789,0.00,0.00
2017.05.05 17:27:52.799,12.26549,12.26771,0.00,0.00
2017.05.05 17:27:53.355,12.26549,12.26722,0.00,0.00
2017.05.05 17:27:55.106,12.26549,12.26732,0.00,0.00
2017.05.05 17:27:55.208,12.26549,12.26722,0.00,0.00
2017.05.05 17:27:55.409,12.26549,12.26752,0.00,0.00
2017.05.05 17:27:55.472,12.26549,12.26732,0.00,0.00
2017.05.05 17:27:55.717,12.26481,12.26689,0.00,0.00
2017.05.05 17:27:55.768,12.26531,12.26699,0.00,0.00
2017.05.05 17:27:55.970,12.26512,12.26719,0.00,0.00
2017.05.05 17:27:56.021,12.26531,12.26692,0.00,0.00
2017.05.05 17:27:56.175,12.26548,12.26788,0.00,0.00
2017.05.05 17:27:56.276,12.26548,12.26752,0.00,0.00
2017.05.05 17:27:56.657,12.26548,12.26742,0.00,0.00
2017.05.05 17:27:56.985,12.26548,12.26732,0.00,0.00
2017.05.05 17:27:57.476,12.26548,12.26752,0.00,0.00
2017.05.05 17:27:58.479,12.26548,12.26742,0.00,0.00
2017.05.05 17:27:58.801,12.26548,12.26751,0.00,0.00
2017.05.05 17:27:58.902,12.26548,12.26722,0.00,0.00
2017.05.05 17:27:59.016,12.26548,12.26788,0.00,0.00
2017.05.05 17:27:59.520,12.26548,12.26772,0.00,0.00
2017.05.05 17:27:59.582,12.26548,12.26788,0.00,0.00
2017.05.05 17:27:59.683,12.26548,12.26782,0.00,0.00
2017.05.05 17:28:00.090,12.26548,12.26729,0.00,0.00
2017.05.05 17:28:00.223,12.26498,12.26688,0.00,0.00
2017.05.05 17:28:00.324,12.26448,12.26681,0.00,0.00
2017.05.05 17:28:00.384,12.26448,12.26642,0.00,0.00
2017.05.05 17:28:00.485,12.26448,12.26681,0.00,0.00
2017.05.05 17:28:00.691,12.26448,12.26689,0.00,0.00
2017.05.05 17:28:00.786,12.26448,12.26671,0.00,0.00
2017.05.05 17:28:00.887,12.26448,12.26689,0.00,0.00
2017.05.05 17:28:01.331,12.26448,12.26631,0.00,0.00
2017.05.05 17:28:01.739,12.26448,12.26689,0.00,0.00
2017.05.05 17:28:02.340,12.26448,12.26642,0.00,0.00
2017.05.05 17:28:02.692,12.26448,12.26651,0.00,0.00
2017.05.05 17:28:02.844,12.26448,12.26641,0.00,0.00
2017.05.05 17:28:02.995,12.26448,12.26652,0.00,0.00
2017.05.05 17:28:03.317,12.26448,12.26631,0.00,0.00
2017.05.05 17:28:03.496,12.26448,12.26651,0.00,0.00
2017.05.05 17:28:03.648,12.26448,12.26689,0.00,0.00
2017.05.05 17:28:03.799,12.26448,12.26652,0.00,0.00
2017.05.05 17:28:04.001,12.26448,12.26681,0.00,0.00
2017.05.05 17:28:04.301,12.26448,12.26689,0.00,0.00
2017.05.05 17:28:04.405,12.26448,12.26642,0.00,0.00
2017.05.05 17:28:04.547,12.26448,12.26689,0.00,0.00
2017.05.05 17:28:05.384,12.26448,12.26688,0.00,0.00
2017.05.05 17:28:05.508,12.26448,12.26642,0.00,0.00
2017.05.05 17:28:06.211,12.26448,12.26662,0.00,0.00
2017.05.05 17:28:06.312,12.26448,12.26632,0.00,0.00
2017.05.05 17:28:06.616,12.26448,12.26661,0.00,0.00
2017.05.05 17:28:06.822,12.26448,12.26651,0.00,0.00
2017.05.05 17:28:06.929,12.26448,12.26661,0.00,0.00
2017.05.05 17:28:07.291,12.26448,12.26631,0.00,0.00
2017.05.05 17:28:07.414,12.26448,12.26652,0.00,0.00
2017.05.05 17:28:07.631,12.26448,12.26642,0.00,0.00
2017.05.05 17:28:08.011,12.26448,12.26622,0.00,0.00
2017.05.05 17:28:08.062,12.26398,12.26588,0.00,0.00
2017.05.05 17:28:08.163,12.26348,12.26571,0.00,0.00
2017.05.05 17:28:08.214,12.26412,12.26571,0.00,0.00
2017.05.05 17:28:08.450,12.26398,12.26599,0.00,0.00
2017.05.05 17:28:08.759,12.26448,12.26599,0.00,0.00
2017.05.05 17:28:08.911,12.26398,12.26599,0.00,0.00
2017.05.05 17:28:09.267,12.26349,12.26589,0.00,0.00
2017.05.05 17:28:09.878,12.26348,12.26588,0.00,0.00
2017.05.05 17:28:10.028,12.26348,12.26541,0.00,0.00
2017.05.05 17:28:10.169,12.26348,12.26581,0.00,0.00
2017.05.05 17:28:10.270,12.26348,12.26541,0.00,0.00
2017.05.05 17:28:10.430,12.26348,12.26561,0.00,0.00
2017.05.05 17:28:10.637,12.26348,12.26551,0.00,0.00
2017.05.05 17:28:10.832,12.26348,12.26562,0.00,0.00
2017.05.05 17:28:11.335,12.26348,12.26552,0.00,0.00
2017.05.05 17:28:11.435,12.26348,12.26562,0.00,0.00
2017.05.05 17:28:11.660,12.26348,12.26552,0.00,0.00
2017.05.05 17:28:12.037,12.26348,12.26589,0.00,0.00
2017.05.05 17:28:12.239,12.26348,12.26499,0.00,0.00
2017.05.05 17:28:12.359,12.26348,12.26561,0.00,0.00
2017.05.05 17:28:12.460,12.26348,12.26512,0.00,0.00
2017.05.05 17:28:12.675,12.26348,12.26541,0.00,0.00
2017.05.05 17:28:12.779,12.26348,12.26588,0.00,0.00
2017.05.05 17:28:12.880,12.26348,12.26542,0.00,0.00
2017.05.05 17:28:13.342,12.26348,12.26589,0.00,0.00
2017.05.05 17:28:14.200,12.26348,12.26588,0.00,0.00
2017.05.05 17:28:14.345,12.26348,12.26532,0.00,0.00
2017.05.05 17:28:14.647,12.26348,12.26552,0.00,0.00
2017.05.05 17:28:14.730,12.26348,12.26519,0.00,0.00
2017.05.05 17:28:15.009,12.26348,12.26521,0.00,0.00
2017.05.05 17:28:15.060,12.26348,12.26532,0.00,0.00
2017.05.05 17:28:15.161,12.26348,12.26562,0.00,0.00
2017.05.05 17:28:15.449,12.26348,12.26552,0.00,0.00
2017.05.05 17:28:15.579,12.26272,12.26499,0.00,0.00
2017.05.05 17:28:15.630,12.26281,12.26499,0.00,0.00
2017.05.05 17:28:15.952,12.26299,12.26499,0.00,0.00
2017.05.05 17:28:16.151,12.26272,12.26488,0.00,0.00
2017.05.05 17:28:16.252,12.26249,12.26489,0.00,0.00
2017.05.05 17:28:16.571,12.26298,12.26491,0.00,0.00
2017.05.05 17:28:16.722,12.26248,12.26488,0.00,0.00
2017.05.05 17:28:16.773,12.26248,12.26462,0.00,0.00
2017.05.05 17:28:16.957,12.26248,12.26488,0.00,0.00
2017.05.05 17:28:17.358,12.26248,12.26442,0.00,0.00
2017.05.05 17:28:17.560,12.26248,12.26488,0.00,0.00
2017.05.05 17:28:17.660,12.26248,12.26462,0.00,0.00
2017.05.05 17:28:18.082,12.26259,12.26488,0.00,0.00
2017.05.05 17:28:18.163,12.26248,12.26482,0.00,0.00
2017.05.05 17:28:18.286,12.26248,12.26471,0.00,0.00
2017.05.05 17:28:18.590,12.26349,12.26588,0.00,0.00
2017.05.05 17:28:18.766,12.26349,12.26541,0.00,0.00
2017.05.05 17:28:19.468,12.26349,12.26561,0.00,0.00
2017.05.05 17:28:20.071,12.26349,12.26541,0.00,0.00
2017.05.05 17:28:20.204,12.26349,12.26588,0.00,0.00
2017.05.05 17:28:21.550,12.26349,12.26589,0.00,0.00
2017.05.05 17:28:21.775,12.26349,12.26542,0.00,0.00
2017.05.05 17:28:21.876,12.26349,12.26588,0.00,0.00
2017.05.05 17:28:22.019,12.26349,12.26541,0.00,0.00
2017.05.05 17:28:22.076,12.26349,12.26562,0.00,0.00
2017.05.05 17:28:22.280,12.26349,12.26552,0.00,0.00
2017.05.05 17:28:22.761,12.26349,12.26542,0.00,0.00
2017.05.05 17:28:22.912,12.26349,12.26562,0.00,0.00
2017.05.05 17:28:23.013,12.26349,12.26589,0.00,0.00
2017.05.05 17:28:23.223,12.26349,12.26582,0.00,0.00
2017.05.05 17:28:23.548,12.26448,12.26551,0.00,0.00
2017.05.05 17:28:23.599,12.26448,12.26688,0.00,0.00
2017.05.05 17:28:23.681,12.26448,12.26642,0.00,0.00
2017.05.05 17:28:24.083,12.26448,12.26662,0.00,0.00
2017.05.05 17:28:24.214,12.26448,12.26688,0.00,0.00
2017.05.05 17:28:24.390,12.26448,12.26682,0.00,0.00
2017.05.05 17:28:24.821,12.26448,12.26689,0.00,0.00
2017.05.05 17:28:25.023,12.26448,12.26642,0.00,0.00
2017.05.05 17:28:25.124,12.26448,12.26688,0.00,0.00
2017.05.05 17:28:26.194,12.26448,12.26642,0.00,0.00
2017.05.05 17:28:26.287,12.26448,12.26689,0.00,0.00
2017.05.05 17:28:26.750,12.26448,12.26719,0.00,0.00
2017.05.05 17:28:26.801,12.26448,12.26689,0.00,0.00
2017.05.05 17:28:27.464,12.26448,12.26688,0.00,0.00
2017.05.05 17:28:27.960,12.26521,12.26711,0.00,0.00
2017.05.05 17:28:28.263,12.26649,12.26762,0.00,0.00
2017.05.05 17:28:28.314,12.26649,12.26831,0.00,0.00
2017.05.05 17:28:28.415,12.26649,12.26909,0.00,0.00
2017.05.05 17:28:28.516,12.26649,12.26851,0.00,0.00
2017.05.05 17:28:28.698,12.26649,12.26909,0.00,0.00
2017.05.05 17:28:28.899,12.26649,12.26891,0.00,0.00
2017.05.05 17:28:29.241,12.26649,12.26909,0.00,0.00
2017.05.05 17:28:29.342,12.26649,12.26832,0.00,0.00
2017.05.05 17:28:29.400,12.26649,12.26872,0.00,0.00
2017.05.05 17:28:29.501,12.26649,12.26901,0.00,0.00
2017.05.05 17:28:29.602,12.26649,12.26842,0.00,0.00
2017.05.05 17:28:29.703,12.26649,12.26909,0.00,0.00
2017.05.05 17:28:29.824,12.26649,12.26861,0.00,0.00
2017.05.05 17:28:29.976,12.26648,12.26909,0.00,0.00
2017.05.05 17:28:30.026,12.26648,12.26892,0.00,0.00
2017.05.05 17:28:30.202,12.26648,12.26902,0.00,0.00
2017.05.05 17:28:30.485,12.26648,12.26889,0.00,0.00
2017.05.05 17:28:30.931,12.26631,12.26889,0.00,0.00
2017.05.05 17:28:30.982,12.26618,12.26789,0.00,0.00
2017.05.05 17:28:31.134,12.26598,12.26789,0.00,0.00
2017.05.05 17:28:31.235,12.26548,12.26781,0.00,0.00
2017.05.05 17:28:31.306,12.26548,12.26732,0.00,0.00
2017.05.05 17:28:31.524,12.26548,12.26762,0.00,0.00
2017.05.05 17:28:31.607,12.26548,12.26731,0.00,0.00
2017.05.05 17:28:31.708,12.26548,12.26761,0.00,0.00
2017.05.05 17:28:31.843,12.26548,12.26732,0.00,0.00
2017.05.05 17:28:32.007,12.26548,12.26741,0.00,0.00
2017.05.05 17:28:32.209,12.26548,12.26752,0.00,0.00
2017.05.05 17:28:32.825,12.26548,12.26742,0.00,0.00
2017.05.05 17:28:33.160,12.26499,12.26689,0.00,0.00
2017.05.05 17:28:33.211,12.26479,12.26688,0.00,0.00
2017.05.05 17:28:33.312,12.26448,12.26689,0.00,0.00
2017.05.05 17:28:34.732,12.26419,12.26589,0.00,0.00
2017.05.05 17:28:34.985,12.26349,12.26588,0.00,0.00
2017.05.05 17:28:35.035,12.26358,12.26589,0.00,0.00
2017.05.05 17:28:35.136,12.26348,12.26588,0.00,0.00
2017.05.05 17:28:35.219,12.26348,12.26562,0.00,0.00
2017.05.05 17:28:35.699,12.26348,12.26541,0.00,0.00
2017.05.05 17:28:35.851,12.26348,12.26562,0.00,0.00
2017.05.05 17:28:35.920,12.26348,12.26541,0.00,0.00
2017.05.05 17:28:36.522,12.26348,12.26588,0.00,0.00
2017.05.05 17:28:37.105,12.26348,12.26589,0.00,0.00
2017.05.05 17:28:37.431,12.26348,12.26542,0.00,0.00
2017.05.05 17:28:37.532,12.26348,12.26561,0.00,0.00
2017.05.05 17:28:37.768,12.26348,12.26588,0.00,0.00
2017.05.05 17:28:37.901,12.26348,12.26571,0.00,0.00
2017.05.05 17:28:37.952,12.26348,12.26589,0.00,0.00
2017.05.05 17:28:38.026,12.26348,12.26571,0.00,0.00
2017.05.05 17:28:38.576,12.26348,12.26541,0.00,0.00
2017.05.05 17:28:38.829,12.26348,12.26572,0.00,0.00
2017.05.05 17:28:39.136,12.26348,12.26562,0.00,0.00
2017.05.05 17:28:40.030,12.26348,12.26572,0.00,0.00
2017.05.05 17:28:40.330,12.26348,12.26561,0.00,0.00
2017.05.05 17:28:40.819,12.26279,12.26499,0.00,0.00
2017.05.05 17:28:40.870,12.26279,12.26489,0.00,0.00
2017.05.05 17:28:40.971,12.26258,12.26488,0.00,0.00
2017.05.05 17:28:41.031,12.26248,12.26488,0.00,0.00
2017.05.05 17:28:41.350,12.26248,12.26451,0.00,0.00
2017.05.05 17:28:41.673,12.26248,12.26472,0.00,0.00
2017.05.05 17:28:41.882,12.26248,12.26461,0.00,0.00
2017.05.05 17:28:41.983,12.26248,12.26489,0.00,0.00
2017.05.05 17:28:42.034,12.26248,12.26441,0.00,0.00
2017.05.05 17:28:42.260,12.26248,12.26489,0.00,0.00
2017.05.05 17:28:42.792,12.26248,12.26488,0.00,0.00
2017.05.05 17:28:42.842,12.26248,12.26481,0.00,0.00
2017.05.05 17:28:43.137,12.26248,12.26489,0.00,0.00
2017.05.05 17:28:43.757,12.26248,12.26488,0.00,0.00
2017.05.05 17:28:43.858,12.26248,12.26451,0.00,0.00
2017.05.05 17:28:44.037,12.26248,12.26471,0.00,0.00
2017.05.05 17:28:44.417,12.26332,12.26442,0.00,0.00
2017.05.05 17:28:44.468,12.26349,12.26562,0.00,0.00
2017.05.05 17:28:44.519,12.26349,12.26498,0.00,0.00
2017.05.05 17:28:44.620,12.26349,12.26562,0.00,0.00
2017.05.05 17:28:44.670,12.26349,12.26531,0.00,0.00
2017.05.05 17:28:44.771,12.26349,12.26562,0.00,0.00
2017.05.05 17:28:44.950,12.26349,12.26532,0.00,0.00
2017.05.05 17:28:45.280,12.26349,12.26552,0.00,0.00
2017.05.05 17:28:45.840,12.26349,12.26532,0.00,0.00
2017.05.05 17:28:46.050,12.26349,12.26562,0.00,0.00
2017.05.05 17:28:46.370,12.26349,12.26552,0.00,0.00
2017.05.05 17:28:46.701,12.26431,12.26561,0.00,0.00
2017.05.05 17:28:46.752,12.26449,12.26688,0.00,0.00
2017.05.05 17:28:46.962,12.26399,12.26598,0.00,0.00
2017.05.05 17:28:47.269,12.26399,12.26622,0.00,0.00
2017.05.05 17:28:47.371,12.26399,12.26651,0.00,0.00
2017.05.05 17:28:47.545,12.26399,12.26661,0.00,0.00
2017.05.05 17:28:47.659,12.26448,12.26651,0.00,0.00
2017.05.05 17:28:47.760,12.26448,12.26688,0.00,0.00
2017.05.05 17:28:48.326,12.26448,12.26689,0.00,0.00
2017.05.05 17:28:48.649,12.26448,12.26631,0.00,0.00
2017.05.05 17:28:48.750,12.26448,12.26688,0.00,0.00
2017.05.05 17:28:49.289,12.26448,12.26689,0.00,0.00
2017.05.05 17:28:49.978,12.26448,12.26688,0.00,0.00
2017.05.05 17:28:50.502,12.26448,12.26689,0.00,0.00
2017.05.05 17:28:50.553,12.26448,12.26681,0.00,0.00
2017.05.05 17:28:51.471,12.26448,12.26689,0.00,0.00
2017.05.05 17:28:51.555,12.26448,12.26631,0.00,0.00
2017.05.05 17:28:51.680,12.26448,12.26641,0.00,0.00
2017.05.05 17:28:51.781,12.26448,12.26661,0.00,0.00
2017.05.05 17:28:52.084,12.26448,12.26651,0.00,0.00
2017.05.05 17:28:52.862,12.26448,12.26631,0.00,0.00
2017.05.05 17:28:52.963,12.26448,12.26651,0.00,0.00
2017.05.05 17:28:53.247,12.26448,12.26662,0.00,0.00
2017.05.05 17:28:53.969,12.26448,12.26688,0.00,0.00
2017.05.05 17:28:54.070,12.26448,12.26661,0.00,0.00
2017.05.05 17:28:54.160,12.26448,12.26689,0.00,0.00
2017.05.05 17:28:55.387,12.26498,12.26721,0.00,0.00
2017.05.05 17:28:55.589,12.26548,12.26789,0.00,0.00
2017.05.05 17:28:55.764,12.26548,12.26741,0.00,0.00
2017.05.05 17:28:55.865,12.26548,12.26788,0.00,0.00
2017.05.05 17:28:55.966,12.26548,12.26762,0.00,0.00
2017.05.05 17:28:56.566,12.26548,12.26752,0.00,0.00
2017.05.05 17:28:57.412,12.26548,12.26722,0.00,0.00
2017.05.05 17:28:57.468,12.26548,12.26742,0.00,0.00
2017.05.05 17:28:57.569,12.26548,12.26731,0.00,0.00
2017.05.05 17:28:57.705,12.26548,12.26762,0.00,0.00
2017.05.05 17:28:58.084,12.26548,12.26752,0.00,0.00
2017.05.05 17:28:58.185,12.26548,12.26761,0.00,0.00
2017.05.05 17:28:58.695,12.26649,12.26749,0.00,0.00
2017.05.05 17:28:58.796,12.26548,12.26788,0.00,0.00
2017.05.05 17:28:58.846,12.26581,12.26791,0.00,0.00
2017.05.05 17:28:58.897,12.26581,12.26819,0.00,0.00
2017.05.05 17:28:58.948,12.26598,12.26819,0.00,0.00
2017.05.05 17:28:59.049,12.26549,12.26788,0.00,0.00
2017.05.05 17:28:59.100,12.26548,12.26782,0.00,0.00
2017.05.05 17:28:59.201,12.26548,12.26789,0.00,0.00
2017.05.05 17:28:59.302,12.26548,12.26732,0.00,0.00
2017.05.05 17:28:59.510,12.26548,12.26752,0.00,0.00
2017.05.05 17:28:59.611,12.26548,12.26732,0.00,0.00
2017.05.05 17:29:00.092,12.26598,12.26761,0.00,0.00
2017.05.05 17:29:00.193,12.26549,12.26772,0.00,0.00
2017.05.05 17:29:00.294,12.26549,12.26742,0.00,0.00
2017.05.05 17:29:00.600,12.26549,12.26751,0.00,0.00
2017.05.05 17:29:00.701,12.26549,12.26741,0.00,0.00
2017.05.05 17:29:00.915,12.26549,12.26751,0.00,0.00
2017.05.05 17:29:01.016,12.26549,12.26772,0.00,0.00
2017.05.05 17:29:01.117,12.26549,12.26789,0.00,0.00
2017.05.05 17:29:01.218,12.26549,12.26742,0.00,0.00
2017.05.05 17:29:01.277,12.26549,12.26788,0.00,0.00
2017.05.05 17:29:01.479,12.26549,12.26741,0.00,0.00
2017.05.05 17:29:01.580,12.26549,12.26772,0.00,0.00
2017.05.05 17:29:01.893,12.26549,12.26788,0.00,0.00
2017.05.05 17:29:01.994,12.26549,12.26772,0.00,0.00
2017.05.05 17:29:02.104,12.26549,12.26789,0.00,0.00
2017.05.05 17:29:02.205,12.26648,12.26832,0.00,0.00
2017.05.05 17:29:02.406,12.26648,12.26871,0.00,0.00
2017.05.05 17:29:02.608,12.26649,12.26909,0.00,0.00
2017.05.05 17:29:02.690,12.26648,12.26872,0.00,0.00
2017.05.05 17:29:02.791,12.26749,12.26982,0.00,0.00
2017.05.05 17:29:02.892,12.26749,12.26942,0.00,0.00
2017.05.05 17:29:03.145,12.26798,12.26999,0.00,0.00
2017.05.05 17:29:03.246,12.26849,12.27019,0.00,0.00
2017.05.05 17:29:03.397,12.26799,12.27042,0.00,0.00
2017.05.05 17:29:03.491,12.26799,12.27021,0.00,0.00
2017.05.05 17:29:03.592,12.26799,12.27031,0.00,0.00
2017.05.05 17:29:03.643,12.26848,12.27031,0.00,0.00
2017.05.05 17:29:03.840,12.26848,12.27051,0.00,0.00
2017.05.05 17:29:03.993,12.26848,12.27102,0.00,0.00
2017.05.05 17:29:04.094,12.26948,12.27052,0.00,0.00
2017.05.05 17:29:04.196,12.26849,12.27061,0.00,0.00
2017.05.05 17:29:04.394,12.26849,12.27041,0.00,0.00
2017.05.05 17:29:04.644,12.26849,12.27061,0.00,0.00
2017.05.05 17:29:04.695,12.26849,12.27051,0.00,0.00
2017.05.05 17:29:04.897,12.26849,12.27089,0.00,0.00
2017.05.05 17:29:05.100,12.26849,12.27032,0.00,0.00
2017.05.05 17:29:05.620,12.26849,12.27052,0.00,0.00
2017.05.05 17:29:05.721,12.26849,12.27062,0.00,0.00
2017.05.05 17:29:05.898,12.26849,12.27052,0.00,0.00
2017.05.05 17:29:06.110,12.26849,12.27062,0.00,0.00
2017.05.05 17:29:06.211,12.26849,12.27042,0.00,0.00
2017.05.05 17:29:06.500,12.26849,12.27061,0.00,0.00
2017.05.05 17:29:06.616,12.26849,12.27042,0.00,0.00
2017.05.05 17:29:06.940,12.26849,12.27052,0.00,0.00
2017.05.05 17:29:07.002,12.26849,12.27062,0.00,0.00
2017.05.05 17:29:07.103,12.26849,12.27051,0.00,0.00
2017.05.05 17:29:07.303,12.26849,12.27089,0.00,0.00
2017.05.05 17:29:07.405,12.26849,12.27061,0.00,0.00
2017.05.05 17:29:07.653,12.26849,12.27082,0.00,0.00
2017.05.05 17:29:07.704,12.26849,12.27032,0.00,0.00
2017.05.05 17:29:07.805,12.26849,12.27088,0.00,0.00
2017.05.05 17:29:07.906,12.26849,12.27082,0.00,0.00
2017.05.05 17:29:08.209,12.26849,12.27088,0.00,0.00
2017.05.05 17:29:08.411,12.26849,12.27042,0.00,0.00
2017.05.05 17:29:09.053,12.26849,12.27062,0.00,0.00
2017.05.05 17:29:09.103,12.26898,12.27062,0.00,0.00
2017.05.05 17:29:09.154,12.26898,12.27072,0.00,0.00
2017.05.05 17:29:09.255,12.26848,12.27088,0.00,0.00
2017.05.05 17:29:09.356,12.26848,12.27042,0.00,0.00
2017.05.05 17:29:09.699,12.26848,12.27021,0.00,0.00
2017.05.05 17:29:09.749,12.26848,12.27052,0.00,0.00
2017.05.05 17:29:09.850,12.26848,12.27042,0.00,0.00
2017.05.05 17:29:10.160,12.26848,12.27031,0.00,0.00
2017.05.05 17:29:10.410,12.26848,12.27042,0.00,0.00
2017.05.05 17:29:10.711,12.26848,12.27022,0.00,0.00
2017.05.05 17:29:10.889,12.26788,12.26988,0.00,0.00
2017.05.05 17:29:10.990,12.26739,12.26989,0.00,0.00
2017.05.05 17:29:11.242,12.26749,12.26988,0.00,0.00
2017.05.05 17:29:11.545,12.26739,12.26951,0.00,0.00
2017.05.05 17:29:11.713,12.26739,12.26989,0.00,0.00
2017.05.05 17:29:12.132,12.26739,12.26942,0.00,0.00
2017.05.05 17:29:12.334,12.26739,12.26961,0.00,0.00
2017.05.05 17:29:12.435,12.26739,12.26989,0.00,0.00
2017.05.05 17:29:12.815,12.26739,12.26931,0.00,0.00
2017.05.05 17:29:12.917,12.26739,12.26941,0.00,0.00
2017.05.05 17:29:13.015,12.26739,12.26932,0.00,0.00
2017.05.05 17:29:13.116,12.26739,12.26952,0.00,0.00
2017.05.05 17:29:13.217,12.26739,12.26988,0.00,0.00
2017.05.05 17:29:13.418,12.26739,12.26931,0.00,0.00
2017.05.05 17:29:13.717,12.26739,12.26941,0.00,0.00
2017.05.05 17:29:13.857,12.26739,12.26952,0.00,0.00
2017.05.05 17:29:14.150,12.26739,12.26962,0.00,0.00
2017.05.05 17:29:14.251,12.26739,12.26932,0.00,0.00
2017.05.05 17:29:14.318,12.26739,12.26961,0.00,0.00
2017.05.05 17:29:14.664,12.26739,12.26952,0.00,0.00
2017.05.05 17:29:15.049,12.26739,12.26932,0.00,0.00
2017.05.05 17:29:15.150,12.26739,12.26942,0.00,0.00
2017.05.05 17:29:15.251,12.26731,12.26889,0.00,0.00
2017.05.05 17:29:15.302,12.26719,12.26889,0.00,0.00
2017.05.05 17:29:15.403,12.26668,12.26889,0.00,0.00
2017.05.05 17:29:15.504,12.26638,12.26889,0.00,0.00
2017.05.05 17:29:15.556,12.26638,12.26842,0.00,0.00
2017.05.05 17:29:15.722,12.26649,12.26889,0.00,0.00
2017.05.05 17:29:15.823,12.26638,12.26872,0.00,0.00
2017.05.05 17:29:16.126,12.26688,12.26831,0.00,0.00
2017.05.05 17:29:16.227,12.26738,12.26931,0.00,0.00
2017.05.05 17:29:16.278,12.26738,12.26898,0.00,0.00
2017.05.05 17:29:16.429,12.26738,12.26942,0.00,0.00
2017.05.05 17:29:16.544,12.26658,12.26889,0.00,0.00
2017.05.05 17:29:16.646,12.26639,12.26888,0.00,0.00
2017.05.05 17:29:17.150,12.26639,12.26821,0.00,0.00
2017.05.05 17:29:17.251,12.26639,12.26862,0.00,0.00
2017.05.05 17:29:17.559,12.26649,12.26889,0.00,0.00
2017.05.05 17:29:17.626,12.26639,12.26852,0.00,0.00
2017.05.05 17:29:17.826,12.26639,12.26862,0.00,0.00
2017.05.05 17:29:18.100,12.26738,12.26862,0.00,0.00
2017.05.05 17:29:18.151,12.26738,12.26889,0.00,0.00
2017.05.05 17:29:18.202,12.26638,12.26889,0.00,0.00
2017.05.05 17:29:18.253,12.26648,12.26889,0.00,0.00
2017.05.05 17:29:18.430,12.26638,12.26888,0.00,0.00
2017.05.05 17:29:18.531,12.26638,12.26842,0.00,0.00
2017.05.05 17:29:18.750,12.26638,12.26852,0.00,0.00
2017.05.05 17:29:18.937,12.26638,12.26862,0.00,0.00
2017.05.05 17:29:19.038,12.26638,12.26831,0.00,0.00
2017.05.05 17:29:19.240,12.26649,12.26889,0.00,0.00
2017.05.05 17:29:19.341,12.26638,12.26832,0.00,0.00
2017.05.05 17:29:19.430,12.26638,12.26842,0.00,0.00
2017.05.05 17:29:19.844,12.26638,12.26851,0.00,0.00
2017.05.05 17:29:20.050,12.26638,12.26862,0.00,0.00
2017.05.05 17:29:20.151,12.26638,12.26889,0.00,0.00
2017.05.05 17:29:20.252,12.26638,12.26842,0.00,0.00
2017.05.05 17:29:20.632,12.26638,12.26862,0.00,0.00
2017.05.05 17:29:20.733,12.26638,12.26832,0.00,0.00
2017.05.05 17:29:21.052,12.26638,12.26842,0.00,0.00
2017.05.05 17:29:21.166,12.26638,12.26862,0.00,0.00
2017.05.05 17:29:21.444,12.26638,12.26841,0.00,0.00
2017.05.05 17:29:21.635,12.26638,12.26861,0.00,0.00
2017.05.05 17:29:21.871,12.26638,12.26832,0.00,0.00
2017.05.05 17:29:21.936,12.26638,12.26861,0.00,0.00
2017.05.05 17:29:22.162,12.26638,12.26852,0.00,0.00
2017.05.05 17:29:22.236,12.26638,12.26888,0.00,0.00
2017.05.05 17:29:22.336,12.26638,12.26862,0.00,0.00
2017.05.05 17:29:22.749,12.26638,12.26851,0.00,0.00
2017.05.05 17:29:22.951,12.26638,12.26888,0.00,0.00
2017.05.05 17:29:23.476,12.26638,12.26889,0.00,0.00
2017.05.05 17:29:24.059,12.26638,12.26888,0.00,0.00
2017.05.05 17:29:24.160,12.26638,12.26832,0.00,0.00
2017.05.05 17:29:24.567,12.26638,12.26861,0.00,0.00
2017.05.05 17:29:25.171,12.26638,12.26842,0.00,0.00
2017.05.05 17:29:25.241,12.26638,12.26851,0.00,0.00
2017.05.05 17:29:25.455,12.26638,12.26841,0.00,0.00
2017.05.05 17:29:25.642,12.26638,12.26862,0.00,0.00
2017.05.05 17:29:25.784,12.26638,12.26852,0.00,0.00
2017.05.05 17:29:26.132,12.26638,12.26861,0.00,0.00
2017.05.05 17:29:26.183,12.26638,12.26889,0.00,0.00
2017.05.05 17:29:26.243,12.26638,12.26831,0.00,0.00
2017.05.05 17:29:27.149,12.26638,12.26861,0.00,0.00
2017.05.05 17:29:27.646,12.26638,12.26832,0.00,0.00
2017.05.05 17:29:27.889,12.26638,12.26852,0.00,0.00
2017.05.05 17:29:27.946,12.26638,12.26822,0.00,0.00
2017.05.05 17:29:28.150,12.26638,12.26851,0.00,0.00
2017.05.05 17:29:28.531,12.26638,12.26889,0.00,0.00
2017.05.05 17:29:28.581,12.26638,12.26862,0.00,0.00
2017.05.05 17:29:29.189,12.26638,12.26852,0.00,0.00
2017.05.05 17:29:29.249,12.26638,12.26889,0.00,0.00
2017.05.05 17:29:29.549,12.26638,12.26882,0.00,0.00
2017.05.05 17:29:29.950,12.26638,12.26842,0.00,0.00
2017.05.05 17:29:30.344,12.26638,12.26822,0.00,0.00
2017.05.05 17:29:30.394,12.26638,12.26888,0.00,0.00
2017.05.05 17:29:30.601,12.26638,12.26851,0.00,0.00
2017.05.05 17:29:31.034,12.26638,12.26832,0.00,0.00
2017.05.05 17:29:31.153,12.26638,12.26852,0.00,0.00
2017.05.05 17:29:31.456,12.26638,12.26821,0.00,0.00
2017.05.05 17:29:31.794,12.26638,12.26852,0.00,0.00
2017.05.05 17:29:31.855,12.26638,12.26862,0.00,0.00
2017.05.05 17:29:32.175,12.26638,12.26852,0.00,0.00
2017.05.05 17:29:32.684,12.26638,12.26822,0.00,0.00
2017.05.05 17:29:32.902,12.26638,12.26851,0.00,0.00
2017.05.05 17:29:33.003,12.26638,12.26861,0.00,0.00
2017.05.05 17:29:33.104,12.26638,12.26851,0.00,0.00
2017.05.05 17:29:33.458,12.26638,12.26822,0.00,0.00
2017.05.05 17:29:33.758,12.26638,12.26842,0.00,0.00
2017.05.05 17:29:33.885,12.26638,12.26832,0.00,0.00
2017.05.05 17:29:33.986,12.26638,12.26841,0.00,0.00
2017.05.05 17:29:34.138,12.26589,12.26789,0.00,0.00
2017.05.05 17:29:34.441,12.26639,12.26788,0.00,0.00
2017.05.05 17:29:34.693,12.26638,12.26852,0.00,0.00
2017.05.05 17:29:34.799,12.26638,12.26842,0.00,0.00
2017.05.05 17:29:35.111,12.26638,12.26832,0.00,0.00
2017.05.05 17:29:35.290,12.26638,12.26842,0.00,0.00
2017.05.05 17:29:35.493,12.26638,12.26861,0.00,0.00
2017.05.05 17:29:36.009,12.26638,12.26841,0.00,0.00
2017.05.05 17:29:36.162,12.26638,12.26861,0.00,0.00
2017.05.05 17:29:36.309,12.26638,12.26889,0.00,0.00
2017.05.05 17:29:36.469,12.26638,12.26832,0.00,0.00
2017.05.05 17:29:36.801,12.26638,12.26852,0.00,0.00
2017.05.05 17:29:37.002,12.26638,12.26831,0.00,0.00
2017.05.05 17:29:37.204,12.26638,12.26851,0.00,0.00
2017.05.05 17:29:38.099,12.26638,12.26831,0.00,0.00
2017.05.05 17:29:38.211,12.26638,12.26842,0.00,0.00
2017.05.05 17:29:38.316,12.26638,12.26831,0.00,0.00
2017.05.05 17:29:38.650,12.26638,12.26821,0.00,0.00
2017.05.05 17:29:38.866,12.26638,12.26832,0.00,0.00
2017.05.05 17:29:38.967,12.26638,12.26822,0.00,0.00
2017.05.05 17:29:39.068,12.26638,12.26831,0.00,0.00
2017.05.05 17:29:39.169,12.26638,12.26822,0.00,0.00
2017.05.05 17:29:39.270,12.26638,12.26852,0.00,0.00
2017.05.05 17:29:39.483,12.26638,12.26889,0.00,0.00
2017.05.05 17:29:39.568,12.26638,12.26841,0.00,0.00
2017.05.05 17:29:39.681,12.26638,12.26889,0.00,0.00
2017.05.05 17:29:40.009,12.26638,12.26821,0.00,0.00
2017.05.05 17:29:40.110,12.26638,12.26832,0.00,0.00
2017.05.05 17:29:40.211,12.26638,12.26852,0.00,0.00
2017.05.05 17:29:40.422,12.26638,12.26888,0.00,0.00
2017.05.05 17:29:40.774,12.26638,12.26881,0.00,0.00
2017.05.05 17:29:40.899,12.26638,12.26889,0.00,0.00
2017.05.05 17:29:41.372,12.26638,12.26821,0.00,0.00
2017.05.05 17:29:41.472,12.26638,12.26831,0.00,0.00
2017.05.05 17:29:41.713,12.26638,12.26841,0.00,0.00
2017.05.05 17:29:41.872,12.26638,12.26821,0.00,0.00
2017.05.05 17:29:41.974,12.26638,12.26862,0.00,0.00
2017.05.05 17:29:42.075,12.26638,12.26888,0.00,0.00
2017.05.05 17:29:42.198,12.26638,12.26832,0.00,0.00
2017.05.05 17:29:42.590,12.26638,12.26789,0.00,0.00
2017.05.05 17:29:42.641,12.26591,12.26789,0.00,0.00
2017.05.05 17:29:42.691,12.26631,12.26789,0.00,0.00
2017.05.05 17:29:42.742,12.26639,12.26852,0.00,0.00
2017.05.05 17:29:42.868,12.26639,12.26831,0.00,0.00
2017.05.05 17:29:43.019,12.26639,12.26851,0.00,0.00
2017.05.05 17:29:43.121,12.26639,12.26842,0.00,0.00
2017.05.05 17:29:43.275,12.26639,12.26852,0.00,0.00
2017.05.05 17:29:43.474,12.26639,12.26842,0.00,0.00
2017.05.05 17:29:43.691,12.26632,12.26842,0.00,0.00
2017.05.05 17:29:43.792,12.26578,12.26789,0.00,0.00
2017.05.05 17:29:43.893,12.26539,12.26782,0.00,0.00
2017.05.05 17:29:44.100,12.26598,12.26788,0.00,0.00
2017.05.05 17:29:44.201,12.26548,12.26789,0.00,0.00
2017.05.05 17:29:44.600,12.26548,12.26741,0.00,0.00
2017.05.05 17:29:44.701,12.26548,12.26789,0.00,0.00
2017.05.05 17:29:45.110,12.26548,12.26732,0.00,0.00
2017.05.05 17:29:45.388,12.26598,12.26789,0.00,0.00
2017.05.05 17:29:45.489,12.26549,12.26789,0.00,0.00
2017.05.05 17:29:45.590,12.26549,12.26741,0.00,0.00
2017.05.05 17:29:45.678,12.26549,12.26772,0.00,0.00
2017.05.05 17:29:45.909,12.26549,12.26789,0.00,0.00
2017.05.05 17:29:46.010,12.26549,12.26772,0.00,0.00
2017.05.05 17:29:46.284,12.26549,12.26782,0.00,0.00
2017.05.05 17:29:46.385,12.26549,12.26772,0.00,0.00
2017.05.05 17:29:46.680,12.26549,12.26789,0.00,0.00
2017.05.05 17:29:46.731,12.26549,12.26792,0.00,0.00
2017.05.05 17:29:46.850,12.26649,12.26792,0.00,0.00
2017.05.05 17:29:46.901,12.26649,12.26852,0.00,0.00
2017.05.05 17:29:47.002,12.26649,12.26892,0.00,0.00
2017.05.05 17:29:47.509,12.26739,12.26892,0.00,0.00
2017.05.05 17:29:47.610,12.26739,12.26902,0.00,0.00
2017.05.05 17:29:47.711,12.26739,12.26938,0.00,0.00
2017.05.05 17:29:47.899,12.26691,12.26919,0.00,0.00
2017.05.05 17:29:47.950,12.26732,12.26918,0.00,0.00
2017.05.05 17:29:48.001,12.26688,12.26908,0.00,0.00
2017.05.05 17:29:48.152,12.26668,12.26908,0.00,0.00
2017.05.05 17:29:48.203,12.26648,12.26909,0.00,0.00
2017.05.05 17:29:48.304,12.26648,12.26882,0.00,0.00
2017.05.05 17:29:48.924,12.26651,12.26882,0.00,0.00
2017.05.05 17:29:49.227,12.26738,12.26971,0.00,0.00
2017.05.05 17:29:49.630,12.26738,12.26981,0.00,0.00
2017.05.05 17:29:49.685,12.26738,12.26972,0.00,0.00
2017.05.05 17:29:50.200,12.26738,12.26952,0.00,0.00
2017.05.05 17:29:50.625,12.26738,12.26971,0.00,0.00
2017.05.05 17:29:50.726,12.26738,12.26952,0.00,0.00
2017.05.05 17:29:50.906,12.26738,12.26981,0.00,0.00
2017.05.05 17:29:51.235,12.26699,12.26908,0.00,0.00
2017.05.05 17:29:51.336,12.26641,12.26909,0.00,0.00
2017.05.05 17:29:51.389,12.26641,12.26861,0.00,0.00
2017.05.05 17:29:51.715,12.26642,12.26882,0.00,0.00
2017.05.05 17:29:51.817,12.26641,12.26892,0.00,0.00
2017.05.05 17:29:52.048,12.26638,12.26892,0.00,0.00
2017.05.05 17:29:52.099,12.26638,12.26862,0.00,0.00
2017.05.05 17:29:52.200,12.26638,12.26871,0.00,0.00
2017.05.05 17:29:52.291,12.26638,12.26862,0.00,0.00
2017.05.05 17:29:53.100,12.26638,12.26892,0.00,0.00
2017.05.05 17:29:53.499,12.26638,12.26862,0.00,0.00
2017.05.05 17:29:53.794,12.26638,12.26871,0.00,0.00
2017.05.05 17:29:53.896,12.26638,12.26861,0.00,0.00
2017.05.05 17:29:53.997,12.26638,12.26881,0.00,0.00
2017.05.05 17:29:54.098,12.26638,12.26891,0.00,0.00
2017.05.05 17:29:54.200,12.26638,12.26872,0.00,0.00
2017.05.05 17:29:54.301,12.26638,12.26901,0.00,0.00
2017.05.05 17:29:54.537,12.26638,12.26892,0.00,0.00
2017.05.05 17:29:54.710,12.26638,12.26901,0.00,0.00
2017.05.05 17:29:54.811,12.26638,12.26882,0.00,0.00
2017.05.05 17:29:55.129,12.26638,12.26872,0.00,0.00
2017.05.05 17:29:55.298,12.26638,12.26892,0.00,0.00
2017.05.05 17:29:55.831,12.26638,12.26882,0.00,0.00
2017.05.05 17:29:56.139,12.26638,12.26892,0.00,0.00
2017.05.05 17:29:57.119,12.26638,12.26872,0.00,0.00
2017.05.05 17:29:57.451,12.26638,12.26902,0.00,0.00
2017.05.05 17:29:57.602,12.26638,12.26871,0.00,0.00
2017.05.05 17:29:57.804,12.26638,12.26892,0.00,0.00
2017.05.05 17:29:58.203,12.26638,12.26872,0.00,0.00
2017.05.05 17:29:58.305,12.26638,12.26892,0.00,0.00
2017.05.05 17:29:58.406,12.26638,12.26871,0.00,0.00
2017.05.05 17:29:58.850,12.26638,12.26881,0.00,0.00
2017.05.05 17:29:58.951,12.26638,12.26902,0.00,0.00
2017.05.05 17:29:59.053,12.26651,12.26902,0.00,0.00
2017.05.05 17:29:59.392,12.26739,12.26981,0.00,0.00
2017.05.05 17:29:59.704,12.26738,12.26919,0.00,0.00
2017.05.05 17:30:00.072,12.26738,12.26939,0.00,0.00
2017.05.05 17:30:00.173,12.26738,12.26951,0.00,0.00
2017.05.05 17:30:00.301,12.26738,12.26982,0.00,0.00
2017.05.05 17:30:00.557,12.26751,12.26982,0.00,0.00
2017.05.05 17:30:00.859,12.26938,12.27108,0.00,0.00
2017.05.05 17:30:00.960,12.26848,12.27108,0.00,0.00
2017.05.05 17:30:01.011,12.26838,12.27091,0.00,0.00
2017.05.05 17:30:01.389,12.26938,12.27181,0.00,0.00
2017.05.05 17:30:01.812,12.26898,12.27109,0.00,0.00
2017.05.05 17:30:01.862,12.26879,12.27109,0.00,0.00
2017.05.05 17:30:01.963,12.26838,12.27071,0.00,0.00
2017.05.05 17:30:02.316,12.26838,12.27081,0.00,0.00
2017.05.05 17:30:02.417,12.26838,12.27092,0.00,0.00
2017.05.05 17:30:02.654,12.26891,12.27092,0.00,0.00
2017.05.05 17:30:02.856,12.26938,12.27182,0.00,0.00
2017.05.05 17:30:03.127,12.26938,12.27161,0.00,0.00
2017.05.05 17:30:03.229,12.26938,12.27172,0.00,0.00
2017.05.05 17:30:03.618,12.26938,12.27162,0.00,0.00
2017.05.05 17:30:03.863,12.26938,12.27172,0.00,0.00
2017.05.05 17:30:04.246,12.26938,12.27108,0.00,0.00
2017.05.05 17:30:04.297,12.26888,12.27109,0.00,0.00
2017.05.05 17:30:04.348,12.26899,12.27109,0.00,0.00
2017.05.05 17:30:04.449,12.26839,12.27108,0.00,0.00
2017.05.05 17:30:04.550,12.26839,12.27071,0.00,0.00
2017.05.05 17:30:05.864,12.26839,12.27062,0.00,0.00
2017.05.05 17:30:06.121,12.26839,12.27072,0.00,0.00
2017.05.05 17:30:06.443,12.26839,12.27081,0.00,0.00
2017.05.05 17:30:06.545,12.26839,12.27062,0.00,0.00
2017.05.05 17:30:06.816,12.26778,12.27008,0.00,0.00
2017.05.05 17:30:06.867,12.26798,12.27008,0.00,0.00
2017.05.05 17:30:06.968,12.26741,12.26971,0.00,0.00
2017.05.05 17:30:07.196,12.26741,12.26982,0.00,0.00
2017.05.05 17:30:07.247,12.26738,12.26971,0.00,0.00
2017.05.05 17:30:07.449,12.26738,12.26991,0.00,0.00
2017.05.05 17:30:07.550,12.26738,12.26962,0.00,0.00
2017.05.05 17:30:07.735,12.26738,12.27001,0.00,0.00
2017.05.05 17:30:08.528,12.26738,12.26981,0.00,0.00
2017.05.05 17:30:09.053,12.26738,12.26972,0.00,0.00
2017.05.05 17:30:09.730,12.26738,12.26992,0.00,0.00
2017.05.05 17:30:09.838,12.26752,12.26992,0.00,0.00
2017.05.05 17:30:10.040,12.26838,12.27082,0.00,0.00
2017.05.05 17:30:10.577,12.26838,12.27071,0.00,0.00
2017.05.05 17:30:10.631,12.26838,12.27081,0.00,0.00
2017.05.05 17:30:11.353,12.26838,12.27062,0.00,0.00
2017.05.05 17:30:11.454,12.26838,12.27082,0.00,0.00
2017.05.05 17:30:11.534,12.26838,12.27061,0.00,0.00
2017.05.05 17:30:11.635,12.26838,12.27072,0.00,0.00
2017.05.05 17:30:12.480,12.26838,12.27082,0.00,0.00
2017.05.05 17:30:12.536,12.26838,12.27071,0.00,0.00
2017.05.05 17:30:13.054,12.26838,12.27062,0.00,0.00
2017.05.05 17:30:13.469,12.26838,12.27072,0.00,0.00
2017.05.05 17:30:13.945,12.26838,12.27061,0.00,0.00
2017.05.05 17:30:14.046,12.26838,12.27082,0.00,0.00
2017.05.05 17:30:14.147,12.26838,12.27072,0.00,0.00
2017.05.05 17:30:14.663,12.26838,12.27061,0.00,0.00
2017.05.05 17:30:14.790,12.26838,12.27081,0.00,0.00
2017.05.05 17:30:15.564,12.26902,12.27072,0.00,0.00
2017.05.05 17:30:15.665,12.26931,12.27182,0.00,0.00
2017.05.05 17:30:15.716,12.26939,12.27182,0.00,0.00
2017.05.05 17:30:16.043,12.26939,12.27172,0.00,0.00
2017.05.05 17:30:16.094,12.26939,12.27181,0.00,0.00
2017.05.05 17:30:16.245,12.26939,12.27172,0.00,0.00
2017.05.05 17:30:16.675,12.26939,12.27202,0.00,0.00
2017.05.05 17:30:17.157,12.26951,12.27202,0.00,0.00
2017.05.05 17:30:17.461,12.27038,12.27281,0.00,0.00
2017.05.05 17:30:17.764,12.27038,12.27261,0.00,0.00
2017.05.05 17:30:18.148,12.27038,12.27282,0.00,0.00
2017.05.05 17:30:18.249,12.27038,12.27311,0.00,0.00
2017.05.05 17:30:18.300,12.27088,12.27308,0.00,0.00
2017.05.05 17:30:18.487,12.27088,12.27319,0.00,0.00
2017.05.05 17:30:19.092,12.27089,12.27318,0.00,0.00
2017.05.05 17:30:19.235,12.27089,12.27342,0.00,0.00
2017.05.05 17:30:19.286,12.27139,12.27342,0.00,0.00
2017.05.05 17:30:19.387,12.27139,12.27352,0.00,0.00
2017.05.05 17:30:19.488,12.27139,12.27381,0.00,0.00
2017.05.05 17:30:19.651,12.27139,12.27362,0.00,0.00
2017.05.05 17:30:19.852,12.27139,12.27381,0.00,0.00
2017.05.05 17:30:20.165,12.27139,12.27362,0.00,0.00
2017.05.05 17:30:20.267,12.27139,12.27382,0.00,0.00
2017.05.05 17:30:20.368,12.27139,12.27391,0.00,0.00
2017.05.05 17:30:20.676,12.27151,12.27391,0.00,0.00
2017.05.05 17:30:20.930,12.27189,12.27439,0.00,0.00
2017.05.05 17:30:21.032,12.27238,12.27452,0.00,0.00
2017.05.05 17:30:21.183,12.27238,12.27471,0.00,0.00
2017.05.05 17:30:21.368,12.27238,12.27451,0.00,0.00
2017.05.05 17:30:21.469,12.27238,12.27482,0.00,0.00
2017.05.05 17:30:21.860,12.27238,12.27462,0.00,0.00
2017.05.05 17:30:22.062,12.27238,12.27471,0.00,0.00
2017.05.05 17:30:22.163,12.27238,12.27482,0.00,0.00
2017.05.05 17:30:22.361,12.27238,12.27471,0.00,0.00
2017.05.05 17:30:22.683,12.27238,12.27461,0.00,0.00
2017.05.05 17:30:22.895,12.27192,12.27418,0.00,0.00
2017.05.05 17:30:22.945,12.27238,12.27451,0.00,0.00
2017.05.05 17:30:23.097,12.27238,12.27472,0.00,0.00
2017.05.05 17:30:23.198,12.27238,12.27481,0.00,0.00
2017.05.05 17:30:23.263,12.27238,12.27452,0.00,0.00
2017.05.05 17:30:23.911,12.27238,12.27482,0.00,0.00
2017.05.05 17:30:24.166,12.27238,12.27461,0.00,0.00
2017.05.05 17:30:24.266,12.27238,12.27481,0.00,0.00
2017.05.05 17:30:24.376,12.27238,12.27462,0.00,0.00
2017.05.05 17:30:24.477,12.27238,12.27482,0.00,0.00
2017.05.05 17:30:24.967,12.27238,12.27471,0.00,0.00
2017.05.05 17:30:25.268,12.27238,12.27482,0.00,0.00
2017.05.05 17:30:25.869,12.27238,12.27472,0.00,0.00
2017.05.05 17:30:26.207,12.27238,12.27451,0.00,0.00
2017.05.05 17:30:26.308,12.27238,12.27471,0.00,0.00
2017.05.05 17:30:26.359,12.27189,12.27409,0.00,0.00
2017.05.05 17:30:26.460,12.27158,12.27408,0.00,0.00
2017.05.05 17:30:26.510,12.27138,12.27362,0.00,0.00
2017.05.05 17:30:27.476,12.27138,12.27371,0.00,0.00
2017.05.05 17:30:27.574,12.27138,12.27381,0.00,0.00
2017.05.05 17:30:27.874,12.27138,12.27372,0.00,0.00
2017.05.05 17:30:28.086,12.27138,12.27382,0.00,0.00
2017.05.05 17:30:28.418,12.27138,12.27372,0.00,0.00
2017.05.05 17:30:28.519,12.27138,12.27382,0.00,0.00
2017.05.05 17:30:28.976,12.27138,12.27372,0.00,0.00
2017.05.05 17:30:29.078,12.27138,12.27381,0.00,0.00
2017.05.05 17:30:29.177,12.27138,12.27372,0.00,0.00
2017.05.05 17:30:30.080,12.27138,12.27392,0.00,0.00
2017.05.05 17:30:30.396,12.27138,12.27401,0.00,0.00
2017.05.05 17:30:30.727,12.27138,12.27391,0.00,0.00
2017.05.05 17:30:31.076,12.27139,12.27362,0.00,0.00
2017.05.05 17:30:31.283,12.27139,12.27382,0.00,0.00
2017.05.05 17:30:31.615,12.27089,12.27309,0.00,0.00
2017.05.05 17:30:31.766,12.27059,12.27309,0.00,0.00
2017.05.05 17:30:31.817,12.27038,12.27261,0.00,0.00
2017.05.05 17:30:32.098,12.27038,12.27282,0.00,0.00
2017.05.05 17:30:32.424,12.27038,12.27302,0.00,0.00
2017.05.05 17:30:32.597,12.27038,12.27271,0.00,0.00
2017.05.05 17:30:32.707,12.27038,12.27302,0.00,0.00
2017.05.05 17:30:33.114,12.27038,12.27282,0.00,0.00
2017.05.05 17:30:33.626,12.27038,12.27272,0.00,0.00
2017.05.05 17:30:33.828,12.27139,12.27381,0.00,0.00
2017.05.05 17:30:33.929,12.27139,12.27352,0.00,0.00
2017.05.05 17:30:34.189,12.27139,12.27381,0.00,0.00
2017.05.05 17:30:34.240,12.27139,12.27308,0.00,0.00
2017.05.05 17:30:34.341,12.27139,12.27352,0.00,0.00
2017.05.05 17:30:34.392,12.27139,12.27342,0.00,0.00
2017.05.05 17:30:34.493,12.27139,12.27381,0.00,0.00
2017.05.05 17:30:35.315,12.27139,12.27362,0.00,0.00
2017.05.05 17:30:35.494,12.27139,12.27381,0.00,0.00
2017.05.05 17:30:35.695,12.27188,12.27361,0.00,0.00
2017.05.05 17:30:35.797,12.27239,12.27431,0.00,0.00
2017.05.05 17:30:35.892,12.27239,12.27482,0.00,0.00
2017.05.05 17:30:36.409,12.27239,12.27462,0.00,0.00
2017.05.05 17:30:36.510,12.27239,12.27482,0.00,0.00
2017.05.05 17:30:36.943,12.27239,12.27462,0.00,0.00
2017.05.05 17:30:37.204,12.27239,12.27472,0.00,0.00
2017.05.05 17:30:37.425,12.27239,12.27451,0.00,0.00
2017.05.05 17:30:37.595,12.27239,12.27482,0.00,0.00
2017.05.05 17:30:38.703,12.27239,12.27462,0.00,0.00
2017.05.05 17:30:38.807,12.27239,12.27481,0.00,0.00
2017.05.05 17:30:38.908,12.27239,12.27451,0.00,0.00
2017.05.05 17:30:38.997,12.27239,12.27481,0.00,0.00
2017.05.05 17:30:39.498,12.27239,12.27452,0.00,0.00
2017.05.05 17:30:39.798,12.27239,12.27482,0.00,0.00
2017.05.05 17:30:40.444,12.27239,12.27492,0.00,0.00
2017.05.05 17:30:40.600,12.27239,12.27471,0.00,0.00
2017.05.05 17:30:40.959,12.27331,12.27492,0.00,0.00
2017.05.05 17:30:41.010,12.27338,12.27571,0.00,0.00
2017.05.05 17:30:41.314,12.27338,12.27552,0.00,0.00
2017.05.05 17:30:41.415,12.27338,12.27581,0.00,0.00
2017.05.05 17:30:41.925,12.27338,12.27552,0.00,0.00
2017.05.05 17:30:42.234,12.27338,12.27582,0.00,0.00
2017.05.05 17:30:42.623,12.27338,12.27552,0.00,0.00
2017.05.05 17:30:42.707,12.27338,12.27581,0.00,0.00
2017.05.05 17:30:42.803,12.27338,12.27572,0.00,0.00
2017.05.05 17:30:43.106,12.27438,12.27662,0.00,0.00
2017.05.05 17:30:43.414,12.27438,12.27672,0.00,0.00
2017.05.05 17:30:43.805,12.27438,12.27652,0.00,0.00
2017.05.05 17:30:43.905,12.27438,12.27662,0.00,0.00
2017.05.05 17:30:44.324,12.27438,12.27672,0.00,0.00
2017.05.05 17:30:44.654,12.27438,12.27651,0.00,0.00
2017.05.05 17:30:44.706,12.27438,12.27671,0.00,0.00
2017.05.05 17:30:44.807,12.27438,12.27651,0.00,0.00
2017.05.05 17:30:45.047,12.27438,12.27671,0.00,0.00
2017.05.05 17:30:45.214,12.27438,12.27652,0.00,0.00
2017.05.05 17:30:45.515,12.27438,12.27671,0.00,0.00
2017.05.05 17:30:45.808,12.27438,12.27652,0.00,0.00
2017.05.05 17:30:45.914,12.27438,12.27671,0.00,0.00
2017.05.05 17:30:46.015,12.27438,12.27652,0.00,0.00
2017.05.05 17:30:46.311,12.27438,12.27671,0.00,0.00
2017.05.05 17:30:46.444,12.27438,12.27662,0.00,0.00
2017.05.05 17:30:46.910,12.27438,12.27651,0.00,0.00
2017.05.05 17:30:47.452,12.27439,12.27651,0.00,0.00
2017.05.05 17:30:47.608,12.27392,12.27628,0.00,0.00
2017.05.05 17:30:47.659,12.27379,12.27609,0.00,0.00
2017.05.05 17:30:47.761,12.27348,12.27608,0.00,0.00
2017.05.05 17:30:47.811,12.27339,12.27551,0.00,0.00
2017.05.05 17:30:48.036,12.27339,12.27582,0.00,0.00
2017.05.05 17:30:48.137,12.27339,12.27571,0.00,0.00
2017.05.05 17:30:48.556,12.27339,12.27552,0.00,0.00
2017.05.05 17:30:48.784,12.27339,12.27582,0.00,0.00
2017.05.05 17:30:49.113,12.27339,12.27562,0.00,0.00
2017.05.05 17:30:49.814,12.27339,12.27572,0.00,0.00
2017.05.05 17:30:49.915,12.27339,12.27582,0.00,0.00
2017.05.05 17:30:50.118,12.27339,12.27571,0.00,0.00
2017.05.05 17:30:50.215,12.27339,12.27581,0.00,0.00
2017.05.05 17:30:50.627,12.27339,12.27572,0.00,0.00
2017.05.05 17:30:50.733,12.27339,12.27582,0.00,0.00
2017.05.05 17:30:51.127,12.27339,12.27562,0.00,0.00
2017.05.05 17:30:51.416,12.27339,12.27581,0.00,0.00
2017.05.05 17:30:51.644,12.27339,12.27571,0.00,0.00
2017.05.05 17:30:51.964,12.27339,12.27581,0.00,0.00
2017.05.05 17:30:52.017,12.27339,12.27561,0.00,0.00
2017.05.05 17:30:52.443,12.27339,12.27572,0.00,0.00
2017.05.05 17:30:52.518,12.27339,12.27551,0.00,0.00
2017.05.05 17:30:53.344,12.27339,12.27571,0.00,0.00
2017.05.05 17:30:53.765,12.27339,12.27562,0.00,0.00
2017.05.05 17:30:54.220,12.27339,12.27582,0.00,0.00
2017.05.05 17:30:54.342,12.27339,12.27561,0.00,0.00
2017.05.05 17:30:54.621,12.27339,12.27581,0.00,0.00
2017.05.05 17:30:55.823,12.27339,12.27561,0.00,0.00
2017.05.05 17:30:56.027,12.27339,12.27581,0.00,0.00
2017.05.05 17:30:56.123,12.27339,12.27562,0.00,0.00
2017.05.05 17:30:56.935,12.27339,12.27571,0.00,0.00
2017.05.05 17:30:57.036,12.27339,12.27552,0.00,0.00
2017.05.05 17:30:57.828,12.27339,12.27582,0.00,0.00
2017.05.05 17:30:58.326,12.27339,12.27571,0.00,0.00
2017.05.05 17:30:58.729,12.27339,12.27552,0.00,0.00
2017.05.05 17:30:59.027,12.27339,12.27571,0.00,0.00
2017.05.05 17:30:59.473,12.27339,12.27582,0.00,0.00
2017.05.05 17:30:59.648,12.27339,12.27572,0.00,0.00
2017.05.05 17:31:00.025,12.27339,12.27552,0.00,0.00
2017.05.05 17:31:00.176,12.27339,12.27572,0.00,0.00
2017.05.05 17:31:00.277,12.27339,12.27562,0.00,0.00
2017.05.05 17:31:00.378,12.27339,12.27571,0.00,0.00
2017.05.05 17:31:00.479,12.27339,12.27582,0.00,0.00
2017.05.05 17:31:00.530,12.27339,12.27592,0.00,0.00
2017.05.05 17:31:01.030,12.27339,12.27572,0.00,0.00
2017.05.05 17:31:01.335,12.27339,12.27601,0.00,0.00
2017.05.05 17:31:01.537,12.27388,12.27601,0.00,0.00
2017.05.05 17:31:01.638,12.27388,12.27612,0.00,0.00
2017.05.05 17:31:01.689,12.27438,12.27612,0.00,0.00
2017.05.05 17:31:01.740,12.27438,12.27671,0.00,0.00
2017.05.05 17:31:01.832,12.27438,12.27682,0.00,0.00
2017.05.05 17:31:02.838,12.27438,12.27661,0.00,0.00
2017.05.05 17:31:03.036,12.27429,12.27661,0.00,0.00
2017.05.05 17:31:03.137,12.27429,12.27672,0.00,0.00
2017.05.05 17:31:03.187,12.27528,12.27672,0.00,0.00
2017.05.05 17:31:03.239,12.27528,12.27682,0.00,0.00
2017.05.05 17:31:03.340,12.27528,12.27651,0.00,0.00
2017.05.05 17:31:03.441,12.27528,12.27772,0.00,0.00
2017.05.05 17:31:03.641,12.27528,12.27751,0.00,0.00
2017.05.05 17:31:03.742,12.27528,12.27772,0.00,0.00
2017.05.05 17:31:03.836,12.27528,12.27751,0.00,0.00
2017.05.05 17:31:04.141,12.27528,12.27742,0.00,0.00
2017.05.05 17:31:04.242,12.27528,12.27782,0.00,0.00
2017.05.05 17:31:04.293,12.27682,12.27782,0.00,0.00
2017.05.05 17:31:04.445,12.27628,12.27901,0.00,0.00
2017.05.05 17:31:04.495,12.27628,12.27878,0.00,0.00
2017.05.05 17:31:04.798,12.27628,12.27852,0.00,0.00
2017.05.05 17:31:04.849,12.27628,12.27862,0.00,0.00
2017.05.05 17:31:04.973,12.27628,12.27851,0.00,0.00
2017.05.05 17:31:05.318,12.27628,12.27842,0.00,0.00
2017.05.05 17:31:05.369,12.27571,12.27809,0.00,0.00
2017.05.05 17:31:05.470,12.27558,12.27808,0.00,0.00
2017.05.05 17:31:05.639,12.27528,12.27762,0.00,0.00
2017.05.05 17:31:05.885,12.27528,12.27771,0.00,0.00
2017.05.05 17:31:05.987,12.27528,12.27761,0.00,0.00
2017.05.05 17:31:06.386,12.27528,12.27709,0.00,0.00
2017.05.05 17:31:06.437,12.27498,12.27709,0.00,0.00
2017.05.05 17:31:06.488,12.27488,12.27709,0.00,0.00
2017.05.05 17:31:06.589,12.27468,12.27708,0.00,0.00
2017.05.05 17:31:06.690,12.27428,12.27709,0.00,0.00
2017.05.05 17:31:06.859,12.27479,12.27682,0.00,0.00
2017.05.05 17:31:07.142,12.27528,12.27752,0.00,0.00
2017.05.05 17:31:07.348,12.27528,12.27732,0.00,0.00
2017.05.05 17:31:08.390,12.27522,12.27732,0.00,0.00
2017.05.05 17:31:08.441,12.27481,12.27719,0.00,0.00
2017.05.05 17:31:08.491,12.27522,12.27718,0.00,0.00
2017.05.05 17:31:08.834,12.27479,12.27708,0.00,0.00
2017.05.05 17:31:08.884,12.27488,12.27708,0.00,0.00
2017.05.05 17:31:08.985,12.27458,12.27709,0.00,0.00
2017.05.05 17:31:09.045,12.27428,12.27662,0.00,0.00
2017.05.05 17:31:09.846,12.27428,12.27682,0.00,0.00
2017.05.05 17:31:09.990,12.27428,12.27661,0.00,0.00
2017.05.05 17:31:10.274,12.27428,12.27672,0.00,0.00
2017.05.05 17:31:10.375,12.27428,12.27681,0.00,0.00
2017.05.05 17:31:10.660,12.27428,12.27692,0.00,0.00
2017.05.05 17:31:10.761,12.27428,12.27682,0.00,0.00
2017.05.05 17:31:11.064,12.27492,12.27691,0.00,0.00
2017.05.05 17:31:11.165,12.27529,12.27761,0.00,0.00
2017.05.05 17:31:11.248,12.27529,12.27772,0.00,0.00
2017.05.05 17:31:11.448,12.27529,12.27751,0.00,0.00
2017.05.05 17:31:11.550,12.27529,12.27772,0.00,0.00
2017.05.05 17:31:11.849,12.27529,12.27762,0.00,0.00
2017.05.05 17:31:12.685,12.27529,12.27751,0.00,0.00
2017.05.05 17:31:13.351,12.27529,12.27762,0.00,0.00
2017.05.05 17:31:13.857,12.27529,12.27751,0.00,0.00
2017.05.05 17:31:14.006,12.27529,12.27772,0.00,0.00
2017.05.05 17:31:14.583,12.27529,12.27751,0.00,0.00
2017.05.05 17:31:15.274,12.27529,12.27779,0.00,0.00
2017.05.05 17:31:15.375,12.27529,12.27762,0.00,0.00
2017.05.05 17:31:15.887,12.27529,12.27752,0.00,0.00
2017.05.05 17:31:16.055,12.27529,12.27761,0.00,0.00
2017.05.05 17:31:16.164,12.27529,12.27752,0.00,0.00
2017.05.05 17:31:16.756,12.27529,12.27761,0.00,0.00
2017.05.05 17:31:16.856,12.27529,12.27772,0.00,0.00
2017.05.05 17:31:17.973,12.27529,12.27761,0.00,0.00
2017.05.05 17:31:18.274,12.27529,12.27772,0.00,0.00
2017.05.05 17:31:18.458,12.27529,12.27752,0.00,0.00
2017.05.05 17:31:18.658,12.27529,12.27762,0.00,0.00
2017.05.05 17:31:18.758,12.27529,12.27772,0.00,0.00
2017.05.05 17:31:19.159,12.27529,12.27762,0.00,0.00
2017.05.05 17:31:19.385,12.27521,12.27762,0.00,0.00
2017.05.05 17:31:19.436,12.27522,12.27718,0.00,0.00
2017.05.05 17:31:19.537,12.27528,12.27772,0.00,0.00
2017.05.05 17:31:19.588,12.27528,12.27732,0.00,0.00
2017.05.05 17:31:19.689,12.27528,12.27742,0.00,0.00
2017.05.05 17:31:19.739,12.27578,12.27742,0.00,0.00
2017.05.05 17:31:19.790,12.27578,12.27772,0.00,0.00
2017.05.05 17:31:19.891,12.27578,12.27809,0.00,0.00
2017.05.05 17:31:20.245,12.27621,12.27821,0.00,0.00
2017.05.05 17:31:20.295,12.27622,12.27841,0.00,0.00
2017.05.05 17:31:20.361,12.27622,12.27871,0.00,0.00
2017.05.05 17:31:20.744,12.27652,12.27871,0.00,0.00
2017.05.05 17:31:21.046,12.27729,12.27919,0.00,0.00
2017.05.05 17:31:21.248,12.27729,12.27942,0.00,0.00
2017.05.05 17:31:21.299,12.27729,12.27972,0.00,0.00
2017.05.05 17:31:21.847,12.27728,12.27972,0.00,0.00
2017.05.05 17:31:21.898,12.27728,12.27941,0.00,0.00
2017.05.05 17:31:22.174,12.27728,12.27971,0.00,0.00
2017.05.05 17:31:22.275,12.27728,12.27942,0.00,0.00
2017.05.05 17:31:22.364,12.27728,12.27972,0.00,0.00
2017.05.05 17:31:23.395,12.27728,12.27942,0.00,0.00
2017.05.05 17:31:23.465,12.27728,12.27962,0.00,0.00
2017.05.05 17:31:23.666,12.27728,12.27941,0.00,0.00
2017.05.05 17:31:23.766,12.27728,12.27972,0.00,0.00
2017.05.05 17:31:24.291,12.27728,12.27942,0.00,0.00
2017.05.05 17:31:24.767,12.27728,12.27961,0.00,0.00
2017.05.05 17:31:24.869,12.27728,12.27941,0.00,0.00
2017.05.05 17:31:25.198,12.27728,12.27962,0.00,0.00
2017.05.05 17:31:25.368,12.27728,12.27942,0.00,0.00
2017.05.05 17:31:25.469,12.27728,12.27952,0.00,0.00
2017.05.05 17:31:25.669,12.27728,12.27972,0.00,0.00
2017.05.05 17:31:25.770,12.27728,12.27951,0.00,0.00
2017.05.05 17:31:25.871,12.27728,12.27972,0.00,0.00
2017.05.05 17:31:26.094,12.27728,12.27962,0.00,0.00
2017.05.05 17:31:26.397,12.27778,12.28031,0.00,0.00
2017.05.05 17:31:26.595,12.27778,12.28012,0.00,0.00
2017.05.05 17:31:26.771,12.27778,12.28022,0.00,0.00
2017.05.05 17:31:26.872,12.27778,12.28012,0.00,0.00
2017.05.05 17:31:27.206,12.27829,12.28062,0.00,0.00
2017.05.05 17:31:27.772,12.27829,12.28051,0.00,0.00
2017.05.05 17:31:28.117,12.27829,12.28042,0.00,0.00
2017.05.05 17:31:28.496,12.27829,12.28052,0.00,0.00
2017.05.05 17:31:28.597,12.27829,12.28062,0.00,0.00
2017.05.05 17:31:28.774,12.27829,12.28041,0.00,0.00
2017.05.05 17:31:28.884,12.27829,12.28072,0.00,0.00
2017.05.05 17:31:29.185,12.27829,12.28052,0.00,0.00
2017.05.05 17:31:29.387,12.27829,12.28072,0.00,0.00
2017.05.05 17:31:29.714,12.27829,12.28061,0.00,0.00
2017.05.05 17:31:30.017,12.27928,12.28152,0.00,0.00
2017.05.05 17:31:30.124,12.27928,12.28162,0.00,0.00
2017.05.05 17:31:30.225,12.27928,12.28141,0.00,0.00
2017.05.05 17:31:30.395,12.27928,12.28171,0.00,0.00
2017.05.05 17:31:30.596,12.27928,12.28141,0.00,0.00
2017.05.05 17:31:30.698,12.27928,12.28172,0.00,0.00
2017.05.05 17:31:30.853,12.28021,12.28172,0.00,0.00
2017.05.05 17:31:30.904,12.27979,12.28152,0.00,0.00
2017.05.05 17:31:31.005,12.27928,12.28191,0.00,0.00
2017.05.05 17:31:31.106,12.27928,12.28151,0.00,0.00
2017.05.05 17:31:31.405,12.27928,12.28172,0.00,0.00
2017.05.05 17:31:31.506,12.27928,12.28181,0.00,0.00
2017.05.05 17:31:31.607,12.27991,12.28152,0.00,0.00
2017.05.05 17:31:31.709,12.28022,12.28201,0.00,0.00
2017.05.05 17:31:31.760,12.28029,12.28201,0.00,0.00
2017.05.05 17:31:31.810,12.28029,12.28271,0.00,0.00
2017.05.05 17:31:31.978,12.28029,12.28242,0.00,0.00
2017.05.05 17:31:32.125,12.28029,12.28272,0.00,0.00
2017.05.05 17:31:32.624,12.28029,12.28242,0.00,0.00
2017.05.05 17:31:33.284,12.28029,12.28252,0.00,0.00
2017.05.05 17:31:33.335,12.28022,12.28208,0.00,0.00
2017.05.05 17:31:33.385,12.27979,12.28209,0.00,0.00
2017.05.05 17:31:33.486,12.27959,12.28208,0.00,0.00
2017.05.05 17:31:33.588,12.27901,12.28152,0.00,0.00
2017.05.05 17:31:33.689,12.27901,12.28142,0.00,0.00
2017.05.05 17:31:33.982,12.27901,12.28152,0.00,0.00
2017.05.05 17:31:34.203,12.27901,12.28142,0.00,0.00
2017.05.05 17:31:34.304,12.27901,12.28151,0.00,0.00
2017.05.05 17:31:34.483,12.27901,12.28142,0.00,0.00
2017.05.05 17:31:34.694,12.27992,12.28241,0.00,0.00
2017.05.05 17:31:34.913,12.27992,12.28222,0.00,0.00
2017.05.05 17:31:35.084,12.27992,12.28231,0.00,0.00
2017.05.05 17:31:35.785,12.27992,12.28242,0.00,0.00
2017.05.05 17:31:35.985,12.27992,12.28232,0.00,0.00
2017.05.05 17:31:36.504,12.27992,12.28222,0.00,0.00
2017.05.05 17:31:36.605,12.27992,12.28232,0.00,0.00
2017.05.05 17:31:36.656,12.27982,12.28232,0.00,0.00
2017.05.05 17:31:36.765,12.27981,12.28252,0.00,0.00
2017.05.05 17:31:36.894,12.27981,12.28241,0.00,0.00
2017.05.05 17:31:36.945,12.27959,12.28241,0.00,0.00
2017.05.05 17:31:37.209,12.27952,12.28221,0.00,0.00
2017.05.05 17:31:37.310,12.27968,12.28252,0.00,0.00
2017.05.05 17:31:37.604,12.27968,12.28209,0.00,0.00
2017.05.05 17:31:37.655,12.27968,12.28218,0.00,0.00
2017.05.05 17:31:37.756,12.27952,12.28221,0.00,0.00
2017.05.05 17:31:38.008,12.27969,12.28251,0.00,0.00
2017.05.05 17:31:38.088,12.27952,12.28221,0.00,0.00
2017.05.05 17:31:38.323,12.27968,12.28252,0.00,0.00
2017.05.05 17:31:39.263,12.27952,12.28221,0.00,0.00
2017.05.05 17:31:39.415,12.27968,12.28252,0.00,0.00
2017.05.05 17:31:39.691,12.27952,12.28232,0.00,0.00
2017.05.05 17:31:39.791,12.27968,12.28252,0.00,0.00
2017.05.05 17:31:39.892,12.27959,12.28241,0.00,0.00
2017.05.05 17:31:40.227,12.27979,12.28221,0.00,0.00
2017.05.05 17:31:40.295,12.27979,12.28242,0.00,0.00
2017.05.05 17:31:40.544,12.27979,12.28209,0.00,0.00
2017.05.05 17:31:40.594,12.27938,12.28178,0.00,0.00
2017.05.05 17:31:40.695,12.27969,12.28172,0.00,0.00
2017.05.05 17:31:40.796,12.27878,12.28142,0.00,0.00
2017.05.05 17:31:41.193,12.27878,12.28152,0.00,0.00
2017.05.05 17:31:41.493,12.27889,12.28171,0.00,0.00
2017.05.05 17:31:41.794,12.27878,12.28152,0.00,0.00
2017.05.05 17:31:42.095,12.27879,12.28161,0.00,0.00
2017.05.05 17:31:42.335,12.27878,12.28151,0.00,0.00
2017.05.05 17:31:42.496,12.27879,12.28161,0.00,0.00
2017.05.05 17:31:42.597,12.27878,12.28152,0.00,0.00
2017.05.05 17:31:43.011,12.27978,12.28252,0.00,0.00
2017.05.05 17:31:43.112,12.27979,12.28261,0.00,0.00
2017.05.05 17:31:43.398,12.27978,12.28242,0.00,0.00
2017.05.05 17:31:43.499,12.27979,12.28261,0.00,0.00
2017.05.05 17:31:43.799,12.27978,12.28252,0.00,0.00
2017.05.05 17:31:44.705,12.27978,12.28242,0.00,0.00
2017.05.05 17:31:44.951,12.27978,12.28252,0.00,0.00
2017.05.05 17:31:45.803,12.27978,12.28242,0.00,0.00
2017.05.05 17:31:45.904,12.27978,12.28252,0.00,0.00
2017.05.05 17:31:46.005,12.27979,12.28261,0.00,0.00
2017.05.05 17:31:46.210,12.27978,12.28242,0.00,0.00
2017.05.05 17:31:46.315,12.27978,12.28252,0.00,0.00
2017.05.05 17:31:46.416,12.27978,12.28241,0.00,0.00
2017.05.05 17:31:46.505,12.27978,12.28251,0.00,0.00
2017.05.05 17:31:46.905,12.27978,12.28241,0.00,0.00
2017.05.05 17:31:47.614,12.27978,12.28262,0.00,0.00
2017.05.05 17:31:47.907,12.27978,12.28252,0.00,0.00
2017.05.05 17:31:48.451,12.27979,12.28261,0.00,0.00
2017.05.05 17:31:48.553,12.27978,12.28242,0.00,0.00
2017.05.05 17:31:48.755,12.27978,12.28262,0.00,0.00
2017.05.05 17:31:49.010,12.27978,12.28231,0.00,0.00
2017.05.05 17:31:49.129,12.27978,12.28262,0.00,0.00
2017.05.05 17:31:49.230,12.27978,12.28232,0.00,0.00
2017.05.05 17:31:49.440,12.27978,12.28262,0.00,0.00
2017.05.05 17:31:49.491,12.27978,12.28238,0.00,0.00
2017.05.05 17:31:49.810,12.27978,12.28219,0.00,0.00
2017.05.05 17:31:49.882,12.27978,12.28241,0.00,0.00
2017.05.05 17:31:50.034,12.27978,12.28222,0.00,0.00
2017.05.05 17:31:50.110,12.27978,12.28252,0.00,0.00
2017.05.05 17:31:50.213,12.27978,12.28232,0.00,0.00
2017.05.05 17:31:50.330,12.27978,12.28252,0.00,0.00
2017.05.05 17:31:50.639,12.27978,12.28262,0.00,0.00
2017.05.05 17:31:51.443,12.27978,12.28232,0.00,0.00
2017.05.05 17:31:51.544,12.27978,12.28262,0.00,0.00
2017.05.05 17:31:51.661,12.27978,12.28231,0.00,0.00
2017.05.05 17:31:51.713,12.27978,12.28252,0.00,0.00
2017.05.05 17:31:52.041,12.27978,12.28231,0.00,0.00
2017.05.05 17:31:52.345,12.27878,12.28151,0.00,0.00
2017.05.05 17:31:52.481,12.27898,12.28172,0.00,0.00
2017.05.05 17:31:52.633,12.27878,12.28151,0.00,0.00
2017.05.05 17:31:53.115,12.27889,12.28171,0.00,0.00
2017.05.05 17:31:53.233,12.27878,12.28152,0.00,0.00
2017.05.05 17:31:53.577,12.27859,12.28088,0.00,0.00
2017.05.05 17:31:53.729,12.27779,12.28051,0.00,0.00
2017.05.05 17:31:54.117,12.27779,12.28061,0.00,0.00
2017.05.05 17:31:54.218,12.27779,12.28052,0.00,0.00
2017.05.05 17:31:54.818,12.27788,12.28071,0.00,0.00
2017.05.05 17:31:54.962,12.27799,12.28071,0.00,0.00
2017.05.05 17:31:55.219,12.27788,12.28071,0.00,0.00
2017.05.05 17:31:55.320,12.27798,12.28071,0.00,0.00
2017.05.05 17:31:55.421,12.27779,12.28062,0.00,0.00
2017.05.05 17:31:55.952,12.27799,12.28071,0.00,0.00
2017.05.05 17:31:56.421,12.27779,12.28061,0.00,0.00
2017.05.05 17:31:56.753,12.27789,12.28071,0.00,0.00
2017.05.05 17:31:57.163,12.27798,12.28071,0.00,0.00
2017.05.05 17:31:57.272,12.27788,12.28071,0.00,0.00
2017.05.05 17:31:58.129,12.27779,12.28052,0.00,0.00
2017.05.05 17:31:58.240,12.27788,12.28071,0.00,0.00
2017.05.05 17:31:58.341,12.27779,12.28062,0.00,0.00
2017.05.05 17:31:58.923,12.27789,12.28071,0.00,0.00
2017.05.05 17:31:59.254,12.27798,12.28071,0.00,0.00
2017.05.05 17:31:59.452,12.27788,12.28071,0.00,0.00
2017.05.05 17:31:59.527,12.27779,12.28062,0.00,0.00
2017.05.05 17:32:00.128,12.27799,12.28071,0.00,0.00
2017.05.05 17:32:00.264,12.27779,12.28062,0.00,0.00
2017.05.05 17:32:00.365,12.27808,12.28071,0.00,0.00
2017.05.05 17:32:00.676,12.27819,12.28071,0.00,0.00
2017.05.05 17:32:00.994,12.27821,12.28071,0.00,0.00
2017.05.05 17:32:01.285,12.27789,12.28071,0.00,0.00
2017.05.05 17:32:02.203,12.27822,12.28071,0.00,0.00
2017.05.05 17:32:02.304,12.27829,12.28091,0.00,0.00
2017.05.05 17:32:02.355,12.27829,12.28089,0.00,0.00
2017.05.05 17:32:02.713,12.27788,12.28072,0.00,0.00
2017.05.05 17:32:02.764,12.27778,12.28062,0.00,0.00
2017.05.05 17:32:03.204,12.27822,12.28062,0.00,0.00
2017.05.05 17:32:03.255,12.27822,12.28072,0.00,0.00
2017.05.05 17:32:03.306,12.27851,12.28081,0.00,0.00
2017.05.05 17:32:03.356,12.27851,12.28101,0.00,0.00
2017.05.05 17:32:03.458,12.27858,12.28099,0.00,0.00
2017.05.05 17:32:03.509,12.27858,12.28109,0.00,0.00
2017.05.05 17:32:03.661,12.27828,12.28102,0.00,0.00
2017.05.05 17:32:03.804,12.27879,12.28102,0.00,0.00
2017.05.05 17:32:03.855,12.27879,12.28142,0.00,0.00
2017.05.05 17:32:03.956,12.27879,12.28149,0.00,0.00
2017.05.05 17:32:04.259,12.27879,12.28142,0.00,0.00
2017.05.05 17:32:04.635,12.27879,12.28148,0.00,0.00
2017.05.05 17:32:05.035,12.27879,12.28141,0.00,0.00
2017.05.05 17:32:05.136,12.27879,12.28148,0.00,0.00
2017.05.05 17:32:05.473,12.27879,12.28142,0.00,0.00
2017.05.05 17:32:05.579,12.27879,12.28149,0.00,0.00
2017.05.05 17:32:06.786,12.27879,12.28148,0.00,0.00
2017.05.05 17:32:06.838,12.27879,12.28142,0.00,0.00
2017.05.05 17:32:07.175,12.27888,12.28148,0.00,0.00
2017.05.05 17:32:07.239,12.27879,12.28148,0.00,0.00
2017.05.05 17:32:07.673,12.27879,12.28141,0.00,0.00
2017.05.05 17:32:07.875,12.27879,12.28149,0.00,0.00
2017.05.05 17:32:07.940,12.27879,12.28141,0.00,0.00
2017.05.05 17:32:08.182,12.27879,12.28149,0.00,0.00
2017.05.05 17:32:08.825,12.27879,12.28148,0.00,0.00
2017.05.05 17:32:09.666,12.27898,12.28148,0.00,0.00
2017.05.05 17:32:09.872,12.27889,12.28148,0.00,0.00
2017.05.05 17:32:09.943,12.27879,12.28141,0.00,0.00
2017.05.05 17:32:10.175,12.27889,12.28148,0.00,0.00
2017.05.05 17:32:10.244,12.27879,12.28148,0.00,0.00
2017.05.05 17:32:10.973,12.27879,12.28141,0.00,0.00
2017.05.05 17:32:13.473,12.27879,12.28149,0.00,0.00
2017.05.05 17:32:14.873,12.27879,12.28142,0.00,0.00
2017.05.05 17:32:15.393,12.27879,12.28149,0.00,0.00
2017.05.05 17:32:15.707,12.27879,12.28108,0.00,0.00
2017.05.05 17:32:15.859,12.27779,12.28048,0.00,0.00
2017.05.05 17:32:16.287,12.27799,12.28048,0.00,0.00
2017.05.05 17:32:16.782,12.27779,12.28049,0.00,0.00
2017.05.05 17:32:17.287,12.27778,12.28042,0.00,0.00
2017.05.05 17:32:18.012,12.27779,12.28049,0.00,0.00
2017.05.05 17:32:18.255,12.27778,12.28042,0.00,0.00
2017.05.05 17:32:18.557,12.27789,12.27949,0.00,0.00
2017.05.05 17:32:18.608,12.27689,12.27949,0.00,0.00
2017.05.05 17:32:18.709,12.27678,12.27948,0.00,0.00
2017.05.05 17:32:19.212,12.27688,12.27949,0.00,0.00
2017.05.05 17:32:19.262,12.27678,12.27948,0.00,0.00
2017.05.05 17:32:19.356,12.27688,12.27948,0.00,0.00
2017.05.05 17:32:19.777,12.27679,12.27948,0.00,0.00
2017.05.05 17:32:20.314,12.27678,12.27949,0.00,0.00
2017.05.05 17:32:20.365,12.27699,12.27948,0.00,0.00
2017.05.05 17:32:20.466,12.27678,12.27948,0.00,0.00
2017.05.05 17:32:20.658,12.27698,12.27948,0.00,0.00
2017.05.05 17:32:21.222,12.27698,12.27949,0.00,0.00
2017.05.05 17:32:21.855,12.27698,12.27948,0.00,0.00
2017.05.05 17:32:22.007,12.27679,12.27948,0.00,0.00
2017.05.05 17:32:22.160,12.27698,12.27949,0.00,0.00
2017.05.05 17:32:22.702,12.27709,12.27949,0.00,0.00
2017.05.05 17:32:22.761,12.27689,12.27949,0.00,0.00
2017.05.05 17:32:23.407,12.27688,12.27949,0.00,0.00
2017.05.05 17:32:23.509,12.27678,12.27948,0.00,0.00
2017.05.05 17:32:23.773,12.27678,12.27908,0.00,0.00
2017.05.05 17:32:24.141,12.27678,12.27932,0.00,0.00
2017.05.05 17:32:24.192,12.27678,12.27949,0.00,0.00
2017.05.05 17:32:24.565,12.27678,12.27942,0.00,0.00
2017.05.05 17:32:24.666,12.27678,12.27949,0.00,0.00
2017.05.05 17:32:25.466,12.27679,12.27949,0.00,0.00
2017.05.05 17:32:26.371,12.27729,12.27949,0.00,0.00
2017.05.05 17:32:26.569,12.27788,12.28048,0.00,0.00
2017.05.05 17:32:27.188,12.27788,12.28049,0.00,0.00
2017.05.05 17:32:27.270,12.27778,12.28042,0.00,0.00
2017.05.05 17:32:27.629,12.27778,12.28049,0.00,0.00
2017.05.05 17:32:27.680,12.27778,12.28042,0.00,0.00
2017.05.05 17:32:27.871,12.27778,12.28048,0.00,0.00
2017.05.05 17:32:28.071,12.27778,12.28041,0.00,0.00
2017.05.05 17:32:28.672,12.27778,12.28048,0.00,0.00
2017.05.05 17:32:29.633,12.27778,12.28042,0.00,0.00
2017.05.05 17:32:30.052,12.27762,12.28009,0.00,0.00
2017.05.05 17:32:30.305,12.27742,12.27998,0.00,0.00
2017.05.05 17:32:30.355,12.27779,12.28018,0.00,0.00
2017.05.05 17:32:30.713,12.27779,12.28049,0.00,0.00
2017.05.05 17:32:31.175,12.27779,12.28042,0.00,0.00
2017.05.05 17:32:32.524,12.27779,12.28048,0.00,0.00
2017.05.05 17:32:32.577,12.27779,12.28041,0.00,0.00
2017.05.05 17:32:33.582,12.27779,12.28049,0.00,0.00
2017.05.05 17:32:33.683,12.27779,12.28032,0.00,0.00
2017.05.05 17:32:34.061,12.27779,12.28048,0.00,0.00
2017.05.05 17:32:34.179,12.27779,12.28032,0.00,0.00
2017.05.05 17:32:34.279,12.27779,12.28048,0.00,0.00
2017.05.05 17:32:34.914,12.27779,12.27999,0.00,0.00
2017.05.05 17:32:35.116,12.27778,12.28018,0.00,0.00
2017.05.05 17:32:35.217,12.27778,12.28012,0.00,0.00
2017.05.05 17:32:35.318,12.27778,12.28019,0.00,0.00
2017.05.05 17:32:38.694,12.27778,12.28048,0.00,0.00
2017.05.05 17:32:38.787,12.27778,12.28032,0.00,0.00
2017.05.05 17:32:38.887,12.27778,12.28048,0.00,0.00
2017.05.05 17:32:39.538,12.27768,12.28012,0.00,0.00
2017.05.05 17:32:39.788,12.27759,12.28012,0.00,0.00
2017.05.05 17:32:40.337,12.27822,12.28012,0.00,0.00
2017.05.05 17:32:40.745,12.27808,12.28012,0.00,0.00
2017.05.05 17:32:40.990,12.27788,12.28012,0.00,0.00
2017.05.05 17:32:41.606,12.27798,12.28012,0.00,0.00
2017.05.05 17:32:41.692,12.27778,12.28012,0.00,0.00
2017.05.05 17:32:41.992,12.27789,12.28012,0.00,0.00
2017.05.05 17:32:43.025,12.27768,12.28012,0.00,0.00
2017.05.05 17:32:43.094,12.27809,12.28012,0.00,0.00
2017.05.05 17:32:43.508,12.27779,12.28012,0.00,0.00
2017.05.05 17:32:43.609,12.27808,12.28012,0.00,0.00
2017.05.05 17:32:44.096,12.27808,12.28012,0.00,0.00
2017.05.05 17:32:44.497,12.27798,12.28012,0.00,0.00
2017.05.05 17:32:45.334,12.27841,12.28012,0.00,0.00
2017.05.05 17:32:45.385,12.27842,12.28038,0.00,0.00
2017.05.05 17:32:45.486,12.27841,12.28011,0.00,0.00
2017.05.05 17:32:45.763,12.27819,12.28011,0.00,0.00
2017.05.05 17:32:46.000,12.27789,12.28011,0.00,0.00
2017.05.05 17:32:46.243,12.27852,12.28061,0.00,0.00
2017.05.05 17:32:46.344,12.27852,12.28082,0.00,0.00
2017.05.05 17:32:46.400,12.27879,12.28112,0.00,0.00
2017.05.05 17:32:46.701,12.27852,12.28112,0.00,0.00
2017.05.05 17:32:46.802,12.27868,12.28112,0.00,0.00
2017.05.05 17:32:47.239,12.27858,12.28112,0.00,0.00
2017.05.05 17:32:48.123,12.27868,12.28112,0.00,0.00
2017.05.05 17:32:50.414,12.27858,12.28112,0.00,0.00
2017.05.05 17:32:51.116,12.27868,12.28112,0.00,0.00
2017.05.05 17:32:51.344,12.27858,12.28112,0.00,0.00
2017.05.05 17:32:51.445,12.27889,12.28112,0.00,0.00
2017.05.05 17:32:51.546,12.27852,12.28112,0.00,0.00
2017.05.05 17:32:51.708,12.27858,12.28112,0.00,0.00
2017.05.05 17:32:53.311,12.27852,12.28112,0.00,0.00
2017.05.05 17:32:53.612,12.27859,12.28112,0.00,0.00
2017.05.05 17:32:54.696,12.27921,12.28112,0.00,0.00
2017.05.05 17:32:54.847,12.27878,12.28112,0.00,0.00
2017.05.05 17:32:54.949,12.27909,12.28112,0.00,0.00
2017.05.05 17:32:55.050,12.27898,12.28112,0.00,0.00
2017.05.05 17:32:55.345,12.27868,12.28112,0.00,0.00
2017.05.05 17:32:55.924,12.27878,12.28112,0.00,0.00
2017.05.05 17:32:56.025,12.27861,12.28112,0.00,0.00
2017.05.05 17:32:56.177,12.27848,12.28062,0.00,0.00
2017.05.05 17:32:56.455,12.27768,12.28011,0.00,0.00
2017.05.05 17:32:56.556,12.27798,12.28011,0.00,0.00
2017.05.05 17:32:56.754,12.27788,12.28011,0.00,0.00
2017.05.05 17:32:56.855,12.27798,12.28011,0.00,0.00
2017.05.05 17:32:56.918,12.27768,12.28011,0.00,0.00
2017.05.05 17:32:57.920,12.27778,12.28011,0.00,0.00
2017.05.05 17:32:58.132,12.27769,12.28011,0.00,0.00
2017.05.05 17:32:58.822,12.27779,12.28011,0.00,0.00
2017.05.05 17:33:00.252,12.27821,12.28061,0.00,0.00
2017.05.05 17:33:00.353,12.27822,12.28052,0.00,0.00
2017.05.05 17:33:00.454,12.27829,12.28062,0.00,0.00
2017.05.05 17:33:00.773,12.27821,12.28062,0.00,0.00
2017.05.05 17:33:00.871,12.27829,12.28062,0.00,0.00
2017.05.05 17:33:00.974,12.27821,12.28062,0.00,0.00
2017.05.05 17:33:01.716,12.27822,12.28062,0.00,0.00
2017.05.05 17:33:02.855,12.27821,12.28062,0.00,0.00
2017.05.05 17:33:03.129,12.27852,12.28102,0.00,0.00
2017.05.05 17:33:03.237,12.27852,12.28111,0.00,0.00
2017.05.05 17:33:03.338,12.27868,12.28111,0.00,0.00
2017.05.05 17:33:03.734,12.27858,12.28111,0.00,0.00
2017.05.05 17:33:03.830,12.27852,12.28111,0.00,0.00
2017.05.05 17:33:03.930,12.27858,12.28111,0.00,0.00
2017.05.05 17:33:04.331,12.27868,12.28111,0.00,0.00
2017.05.05 17:33:04.432,12.27859,12.28111,0.00,0.00
2017.05.05 17:33:04.531,12.27868,12.28111,0.00,0.00
2017.05.05 17:33:04.831,12.27859,12.28111,0.00,0.00
2017.05.05 17:33:05.182,12.27859,12.28062,0.00,0.00
2017.05.05 17:33:05.334,12.27768,12.28011,0.00,0.00
2017.05.05 17:33:05.603,12.27821,12.28052,0.00,0.00
2017.05.05 17:33:05.653,12.27822,12.28062,0.00,0.00
2017.05.05 17:33:05.751,12.27828,12.28062,0.00,0.00
2017.05.05 17:33:06.716,12.27851,12.28111,0.00,0.00
2017.05.05 17:33:06.972,12.27868,12.28111,0.00,0.00
2017.05.05 17:33:07.237,12.27858,12.28111,0.00,0.00
2017.05.05 17:33:07.737,12.27869,12.28111,0.00,0.00
2017.05.05 17:33:07.838,12.27852,12.28111,0.00,0.00
2017.05.05 17:33:07.973,12.27851,12.28062,0.00,0.00
2017.05.05 17:33:08.024,12.27842,12.28062,0.00,0.00
2017.05.05 17:33:08.137,12.27862,12.28062,0.00,0.00
2017.05.05 17:33:08.188,12.27871,12.28092,0.00,0.00
2017.05.05 17:33:08.289,12.27872,12.28102,0.00,0.00
2017.05.05 17:33:08.339,12.27899,12.28112,0.00,0.00
2017.05.05 17:33:08.940,12.27888,12.28112,0.00,0.00
2017.05.05 17:33:09.180,12.27951,12.28112,0.00,0.00
2017.05.05 17:33:09.231,12.27941,12.28112,0.00,0.00
2017.05.05 17:33:09.332,12.27919,12.28112,0.00,0.00
2017.05.05 17:33:09.483,12.27908,12.28112,0.00,0.00
2017.05.05 17:33:09.541,12.27888,12.28112,0.00,0.00
2017.05.05 17:33:09.723,12.27878,12.28112,0.00,0.00
2017.05.05 17:33:10.042,12.27899,12.28112,0.00,0.00
2017.05.05 17:33:10.354,12.27872,12.28112,0.00,0.00
2017.05.05 17:33:10.455,12.27909,12.28112,0.00,0.00
2017.05.05 17:33:11.745,12.27889,12.28112,0.00,0.00
2017.05.05 17:33:11.845,12.27908,12.28112,0.00,0.00
2017.05.05 17:33:12.072,12.27889,12.28112,0.00,0.00
2017.05.05 17:33:12.122,12.27922,12.28112,0.00,0.00
2017.05.05 17:33:12.223,12.27952,12.28161,0.00,0.00
2017.05.05 17:33:12.325,12.27952,12.28202,0.00,0.00
2017.05.05 17:33:12.446,12.27979,12.28211,0.00,0.00
2017.05.05 17:33:12.761,12.28068,12.28262,0.00,0.00
2017.05.05 17:33:12.863,12.28052,12.28311,0.00,0.00
2017.05.05 17:33:12.964,12.28068,12.28311,0.00,0.00
2017.05.05 17:33:13.293,12.28051,12.28262,0.00,0.00
2017.05.05 17:33:13.749,12.28068,12.28262,0.00,0.00
2017.05.05 17:33:13.850,12.28051,12.28262,0.00,0.00
2017.05.05 17:33:13.951,12.28052,12.28311,0.00,0.00
2017.05.05 17:33:14.149,12.28069,12.28312,0.00,0.00
2017.05.05 17:33:14.904,12.28071,12.28312,0.00,0.00
2017.05.05 17:33:15.277,12.28069,12.28312,0.00,0.00
2017.05.05 17:33:15.327,12.28072,12.28312,0.00,0.00
2017.05.05 17:33:15.855,12.28071,12.28312,0.00,0.00
2017.05.05 17:33:16.203,12.28079,12.28312,0.00,0.00
2017.05.05 17:33:16.397,12.28071,12.28312,0.00,0.00
2017.05.05 17:33:16.498,12.28071,12.28332,0.00,0.00
2017.05.05 17:33:17.482,12.28072,12.28332,0.00,0.00
2017.05.05 17:33:17.584,12.28078,12.28352,0.00,0.00
2017.05.05 17:33:17.855,12.28071,12.28351,0.00,0.00
2017.05.05 17:33:18.680,12.28079,12.28352,0.00,0.00
2017.05.05 17:33:19.084,12.28072,12.28331,0.00,0.00
2017.05.05 17:33:19.368,12.28078,12.28352,0.00,0.00
2017.05.05 17:33:19.469,12.28072,12.28342,0.00,0.00
2017.05.05 17:33:19.820,12.28122,12.28331,0.00,0.00
2017.05.05 17:33:19.871,12.28122,12.28352,0.00,0.00
2017.05.05 17:33:20.120,12.28119,12.28359,0.00,0.00
2017.05.05 17:33:20.221,12.28089,12.28352,0.00,0.00
2017.05.05 17:33:20.359,12.28071,12.28352,0.00,0.00
2017.05.05 17:33:20.460,12.28098,12.28352,0.00,0.00
2017.05.05 17:33:20.561,12.28072,12.28342,0.00,0.00
2017.05.05 17:33:20.662,12.28071,12.28331,0.00,0.00
2017.05.05 17:33:20.763,12.28089,12.28352,0.00,0.00
2017.05.05 17:33:21.192,12.28072,12.28351,0.00,0.00
2017.05.05 17:33:21.712,12.28071,12.28351,0.00,0.00
2017.05.05 17:33:21.862,12.28088,12.28352,0.00,0.00
2017.05.05 17:33:22.365,12.28071,12.28352,0.00,0.00
2017.05.05 17:33:22.912,12.28072,12.28352,0.00,0.00
2017.05.05 17:33:23.013,12.28088,12.28352,0.00,0.00
2017.05.05 17:33:23.064,12.28079,12.28352,0.00,0.00
2017.05.05 17:33:23.164,12.28072,12.28331,0.00,0.00
2017.05.05 17:33:23.465,12.28079,12.28352,0.00,0.00
2017.05.05 17:33:23.566,12.28171,12.28352,0.00,0.00
2017.05.05 17:33:23.617,12.28171,12.28372,0.00,0.00
2017.05.05 17:33:23.718,12.28171,12.28381,0.00,0.00
2017.05.05 17:33:23.822,12.28179,12.28452,0.00,0.00
2017.05.05 17:33:24.273,12.28172,12.28432,0.00,0.00
2017.05.05 17:33:24.429,12.28172,12.28452,0.00,0.00
2017.05.05 17:33:24.480,12.28172,12.28432,0.00,0.00
2017.05.05 17:33:24.632,12.28178,12.28451,0.00,0.00
2017.05.05 17:33:24.683,12.28209,12.28451,0.00,0.00
2017.05.05 17:33:24.784,12.28198,12.28451,0.00,0.00
2017.05.05 17:33:24.885,12.28171,12.28432,0.00,0.00
2017.05.05 17:33:24.986,12.28178,12.28451,0.00,0.00
2017.05.05 17:33:25.068,12.28171,12.28431,0.00,0.00
2017.05.05 17:33:25.514,12.28172,12.28451,0.00,0.00
2017.05.05 17:33:25.615,12.28172,12.28441,0.00,0.00
2017.05.05 17:33:25.670,12.28178,12.28451,0.00,0.00
2017.05.05 17:33:26.252,12.28178,12.28359,0.00,0.00
2017.05.05 17:33:26.404,12.28158,12.28351,0.00,0.00
2017.05.05 17:33:26.587,12.28078,12.28351,0.00,0.00
2017.05.05 17:33:27.284,12.28098,12.28351,0.00,0.00
2017.05.05 17:33:27.586,12.28141,12.28352,0.00,0.00
2017.05.05 17:33:27.772,12.28071,12.28351,0.00,0.00
2017.05.05 17:33:28.024,12.28151,12.28351,0.00,0.00
2017.05.05 17:33:28.175,12.28152,12.28382,0.00,0.00
2017.05.05 17:33:28.276,12.28152,12.28402,0.00,0.00
2017.05.05 17:33:28.880,12.28151,12.28402,0.00,0.00
2017.05.05 17:33:29.524,12.28171,12.28402,0.00,0.00
2017.05.05 17:33:29.575,12.28171,12.28412,0.00,0.00
2017.05.05 17:33:29.676,12.28172,12.28431,0.00,0.00
2017.05.05 17:33:29.777,12.28172,12.28442,0.00,0.00
2017.05.05 17:33:29.855,12.28168,12.28442,0.00,0.00
2017.05.05 17:33:30.006,12.28168,12.28421,0.00,0.00
2017.05.05 17:33:30.352,12.28171,12.28402,0.00,0.00
2017.05.05 17:33:30.403,12.28171,12.28432,0.00,0.00
2017.05.05 17:33:30.504,12.28171,12.28441,0.00,0.00
2017.05.05 17:33:30.629,12.28168,12.28441,0.00,0.00
2017.05.05 17:33:30.680,12.28168,12.28421,0.00,0.00
2017.05.05 17:33:30.781,12.28168,12.28452,0.00,0.00
2017.05.05 17:33:30.911,12.28172,12.28422,0.00,0.00
2017.05.05 17:33:31.012,12.28151,12.28402,0.00,0.00
2017.05.05 17:33:31.494,12.28169,12.28402,0.00,0.00
2017.05.05 17:33:31.596,12.28169,12.28418,0.00,0.00
2017.05.05 17:33:32.144,12.28169,12.28419,0.00,0.00
2017.05.05 17:33:32.195,12.28148,12.28369,0.00,0.00
2017.05.05 17:33:32.448,12.28028,12.28252,0.00,0.00
2017.05.05 17:33:32.549,12.27981,12.28251,0.00,0.00
2017.05.05 17:33:32.666,12.27972,12.28201,0.00,0.00
2017.05.05 17:33:32.717,12.27951,12.28201,0.00,0.00
2017.05.05 17:33:32.818,12.27951,12.28192,0.00,0.00
2017.05.05 17:33:32.919,12.27951,12.28201,0.00,0.00
2017.05.05 17:33:33.501,12.27952,12.28201,0.00,0.00
2017.05.05 17:33:33.552,12.27941,12.28151,0.00,0.00
2017.05.05 17:33:33.603,12.27921,12.28151,0.00,0.00
2017.05.05 17:33:33.704,12.27878,12.28152,0.00,0.00
2017.05.05 17:33:34.392,12.27871,12.28152,0.00,0.00
2017.05.05 17:33:34.493,12.27888,12.28152,0.00,0.00
2017.05.05 17:33:34.589,12.27872,12.28152,0.00,0.00
2017.05.05 17:33:34.802,12.27889,12.28152,0.00,0.00
2017.05.05 17:33:34.903,12.27872,12.28152,0.00,0.00
2017.05.05 17:33:34.989,12.27888,12.28152,0.00,0.00
2017.05.05 17:33:35.091,12.27878,12.28152,0.00,0.00
2017.05.05 17:33:35.194,12.27888,12.28152,0.00,0.00
2017.05.05 17:33:35.531,12.27878,12.28152,0.00,0.00
2017.05.05 17:33:35.791,12.27871,12.28151,0.00,0.00
2017.05.05 17:33:35.935,12.27888,12.28152,0.00,0.00
2017.05.05 17:33:36.092,12.27871,12.28152,0.00,0.00
2017.05.05 17:33:36.392,12.27888,12.28152,0.00,0.00
2017.05.05 17:33:37.994,12.27878,12.28152,0.00,0.00
2017.05.05 17:33:38.386,12.27878,12.28089,0.00,0.00
2017.05.05 17:33:38.437,12.27872,12.28102,0.00,0.00
2017.05.05 17:33:38.539,12.27871,12.28109,0.00,0.00
2017.05.05 17:33:38.640,12.27841,12.28102,0.00,0.00
2017.05.05 17:33:39.495,12.27871,12.28102,0.00,0.00
2017.05.05 17:33:39.546,12.27869,12.28112,0.00,0.00
2017.05.05 17:33:39.647,12.27869,12.28092,0.00,0.00
2017.05.05 17:33:39.698,12.27859,12.28102,0.00,0.00
2017.05.05 17:33:39.906,12.27841,12.28102,0.00,0.00
2017.05.05 17:33:39.998,12.27849,12.28102,0.00,0.00
2017.05.05 17:33:40.098,12.27841,12.28102,0.00,0.00
2017.05.05 17:33:40.203,12.27871,12.28102,0.00,0.00
2017.05.05 17:33:40.355,12.27871,12.28131,0.00,0.00
2017.05.05 17:33:40.406,12.27872,12.28151,0.00,0.00
2017.05.05 17:33:40.507,12.27888,12.28152,0.00,0.00
2017.05.05 17:33:40.815,12.27871,12.28151,0.00,0.00
2017.05.05 17:33:41.517,12.27871,12.28142,0.00,0.00
2017.05.05 17:33:42.085,12.27872,12.28132,0.00,0.00
2017.05.05 17:33:43.182,12.27871,12.28132,0.00,0.00
2017.05.05 17:33:43.233,12.27872,12.28142,0.00,0.00
2017.05.05 17:33:43.334,12.27879,12.28152,0.00,0.00
2017.05.05 17:33:43.832,12.27872,12.28132,0.00,0.00
2017.05.05 17:33:44.306,12.27879,12.28152,0.00,0.00
2017.05.05 17:33:44.906,12.27871,12.28142,0.00,0.00
2017.05.05 17:33:45.808,12.27878,12.28152,0.00,0.00
2017.05.05 17:33:45.953,12.27871,12.28132,0.00,0.00
2017.05.05 17:33:46.110,12.27872,12.28142,0.00,0.00
2017.05.05 17:33:46.772,12.27871,12.28142,0.00,0.00
2017.05.05 17:33:46.946,12.27971,12.28142,0.00,0.00
2017.05.05 17:33:47.148,12.27971,12.28232,0.00,0.00
2017.05.05 17:33:47.211,12.27971,12.28251,0.00,0.00
2017.05.05 17:33:47.512,12.27971,12.28242,0.00,0.00
2017.05.05 17:33:48.013,12.27971,12.28251,0.00,0.00
2017.05.05 17:33:48.146,12.27971,12.28232,0.00,0.00
2017.05.05 17:33:48.213,12.27971,12.28251,0.00,0.00
2017.05.05 17:33:48.313,12.27971,12.28231,0.00,0.00
2017.05.05 17:33:48.514,12.27971,12.28241,0.00,0.00
2017.05.05 17:33:48.648,12.27949,12.28159,0.00,0.00
2017.05.05 17:33:48.750,12.27938,12.28151,0.00,0.00
2017.05.05 17:33:48.800,12.27938,12.28109,0.00,0.00
2017.05.05 17:33:48.851,12.27869,12.28108,0.00,0.00
2017.05.05 17:33:48.902,12.27858,12.28102,0.00,0.00
2017.05.05 17:33:48.953,12.27841,12.28102,0.00,0.00
2017.05.05 17:33:49.292,12.27852,12.28102,0.00,0.00
2017.05.05 17:33:49.602,12.27868,12.28108,0.00,0.00
2017.05.05 17:33:50.894,12.27872,12.28118,0.00,0.00
2017.05.05 17:33:51.396,12.27871,12.28119,0.00,0.00
2017.05.05 17:33:51.872,12.27872,12.28141,0.00,0.00
2017.05.05 17:33:51.922,12.27872,12.28121,0.00,0.00
2017.05.05 17:33:52.024,12.27878,12.28152,0.00,0.00
2017.05.05 17:33:52.533,12.27871,12.28141,0.00,0.00
2017.05.05 17:33:53.662,12.27872,12.28131,0.00,0.00
2017.05.05 17:33:53.764,12.27871,12.28152,0.00,0.00
2017.05.05 17:33:53.865,12.27888,12.28152,0.00,0.00
2017.05.05 17:33:53.966,12.27878,12.28152,0.00,0.00
2017.05.05 17:33:54.732,12.27871,12.28152,0.00,0.00
2017.05.05 17:33:55.574,12.27872,12.28152,0.00,0.00
2017.05.05 17:33:56.155,12.27878,12.28152,0.00,0.00
2017.05.05 17:33:56.426,12.27872,12.28152,0.00,0.00
2017.05.05 17:33:57.894,12.27871,12.28152,0.00,0.00
2017.05.05 17:33:57.945,12.27879,12.28152,0.00,0.00
2017.05.05 17:33:58.331,12.27871,12.28142,0.00,0.00
2017.05.05 17:33:58.873,12.27872,12.28142,0.00,0.00
2017.05.05 17:33:58.974,12.27878,12.28152,0.00,0.00
2017.05.05 17:33:59.076,12.27889,12.28152,0.00,0.00
2017.05.05 17:33:59.431,12.27878,12.28152,0.00,0.00
2017.05.05 17:34:00.133,12.27871,12.28141,0.00,0.00
2017.05.05 17:34:00.334,12.27879,12.28152,0.00,0.00
2017.05.05 17:34:00.899,12.27972,12.28161,0.00,0.00
2017.05.05 17:34:01.050,12.27972,12.28218,0.00,0.00
2017.05.05 17:34:01.466,12.27971,12.28242,0.00,0.00
2017.05.05 17:34:01.784,12.27971,12.28239,0.00,0.00
2017.05.05 17:34:02.291,12.27971,12.28222,0.00,0.00
2017.05.05 17:34:02.662,12.27942,12.28202,0.00,0.00
2017.05.05 17:34:02.837,12.27942,12.28192,0.00,0.00
2017.05.05 17:34:03.037,12.27942,12.28202,0.00,0.00
2017.05.05 17:34:03.134,12.27972,12.28202,0.00,0.00
2017.05.05 17:34:03.185,12.27972,12.28218,0.00,0.00
2017.05.05 17:34:03.286,12.27971,12.28211,0.00,0.00
2017.05.05 17:34:03.337,12.27971,12.28219,0.00,0.00
2017.05.05 17:34:03.802,12.27968,12.28209,0.00,0.00
2017.05.05 17:34:04.139,12.27878,12.28152,0.00,0.00
2017.05.05 17:34:04.440,12.27899,12.28152,0.00,0.00
2017.05.05 17:34:04.540,12.27888,12.28152,0.00,0.00
2017.05.05 17:34:08.653,12.27899,12.28152,0.00,0.00
2017.05.05 17:34:10.997,12.27889,12.28152,0.00,0.00
2017.05.05 17:34:13.971,12.27879,12.28152,0.00,0.00
2017.05.05 17:34:14.081,12.27971,12.28161,0.00,0.00
2017.05.05 17:34:14.182,12.27972,12.28182,0.00,0.00
2017.05.05 17:34:14.283,12.27971,12.28212,0.00,0.00
2017.05.05 17:34:14.359,12.27971,12.28219,0.00,0.00
2017.05.05 17:34:15.821,12.27972,12.28218,0.00,0.00
2017.05.05 17:34:18.101,12.27971,12.28219,0.00,0.00
2017.05.05 17:34:18.561,12.27968,12.28209,0.00,0.00
2017.05.05 17:34:18.868,12.27919,12.28159,0.00,0.00
2017.05.05 17:34:18.970,12.27878,12.28152,0.00,0.00
2017.05.05 17:34:19.034,12.27951,12.28152,0.00,0.00
2017.05.05 17:34:19.084,12.27891,12.28152,0.00,0.00
2017.05.05 17:34:19.190,12.27918,12.28152,0.00,0.00
2017.05.05 17:34:19.292,12.27908,12.28152,0.00,0.00
2017.05.05 17:34:19.369,12.27878,12.28152,0.00,0.00
2017.05.05 17:34:20.069,12.27888,12.28152,0.00,0.00
2017.05.05 17:34:20.303,12.27878,12.28152,0.00,0.00
2017.05.05 17:34:20.404,12.27888,12.28152,0.00,0.00
2017.05.05 17:34:20.762,12.27908,12.28152,0.00,0.00
2017.05.05 17:34:21.085,12.27971,12.28182,0.00,0.00
2017.05.05 17:34:21.186,12.27979,12.28252,0.00,0.00
2017.05.05 17:34:22.874,12.27971,12.28232,0.00,0.00
2017.05.05 17:34:22.976,12.27971,12.28241,0.00,0.00
2017.05.05 17:34:23.175,12.27972,12.28232,0.00,0.00
2017.05.05 17:34:23.774,12.27968,12.28208,0.00,0.00
2017.05.05 17:34:24.111,12.27888,12.28152,0.00,0.00
2017.05.05 17:34:24.313,12.27879,12.28152,0.00,0.00
2017.05.05 17:34:24.804,12.27871,12.28141,0.00,0.00
2017.05.05 17:34:24.923,12.27871,12.28152,0.00,0.00
2017.05.05 17:34:26.680,12.27888,12.28152,0.00,0.00
2017.05.05 17:34:27.382,12.27898,12.28152,0.00,0.00
2017.05.05 17:34:28.583,12.27889,12.28152,0.00,0.00
2017.05.05 17:34:29.513,12.27878,12.28152,0.00,0.00
2017.05.05 17:34:30.753,12.27878,12.28052,0.00,0.00
2017.05.05 17:34:30.804,12.27858,12.28052,0.00,0.00
2017.05.05 17:34:30.906,12.27772,12.28052,0.00,0.00
2017.05.05 17:34:31.007,12.27779,12.28052,0.00,0.00
2017.05.05 17:34:31.355,12.27789,12.28052,0.00,0.00
2017.05.05 17:34:31.406,12.27771,12.28051,0.00,0.00
2017.05.05 17:34:31.807,12.27778,12.28052,0.00,0.00
2017.05.05 17:34:32.190,12.27789,12.28052,0.00,0.00
2017.05.05 17:34:33.291,12.27778,12.28052,0.00,0.00
2017.05.05 17:34:33.843,12.27772,12.28052,0.00,0.00
2017.05.05 17:34:33.893,12.27798,12.28052,0.00,0.00
2017.05.05 17:34:34.212,12.27788,12.28052,0.00,0.00
2017.05.05 17:34:34.515,12.27771,12.28051,0.00,0.00
2017.05.05 17:34:34.616,12.27778,12.28052,0.00,0.00
2017.05.05 17:34:35.234,12.27808,12.28052,0.00,0.00
2017.05.05 17:34:35.296,12.27778,12.28052,0.00,0.00
2017.05.05 17:34:35.897,12.27788,12.28052,0.00,0.00
2017.05.05 17:34:36.397,12.27778,12.28052,0.00,0.00
2017.05.05 17:34:37.623,12.27808,12.28052,0.00,0.00
2017.05.05 17:34:37.724,12.27779,12.28052,0.00,0.00
2017.05.05 17:34:37.775,12.27872,12.28052,0.00,0.00
2017.05.05 17:34:37.825,12.27872,12.28092,0.00,0.00
2017.05.05 17:34:37.927,12.27888,12.28151,0.00,0.00
2017.05.05 17:34:38.102,12.27872,12.28151,0.00,0.00
2017.05.05 17:34:38.203,12.27889,12.28151,0.00,0.00
2017.05.05 17:34:38.541,12.27951,12.28202,0.00,0.00
2017.05.05 17:34:39.124,12.27952,12.28202,0.00,0.00
2017.05.05 17:34:39.438,12.27948,12.28152,0.00,0.00
2017.05.05 17:34:39.539,12.27938,12.28152,0.00,0.00
2017.05.05 17:34:39.640,12.27871,12.28152,0.00,0.00
2017.05.05 17:34:39.706,12.27871,12.28142,0.00,0.00
2017.05.05 17:34:40.008,12.27871,12.28132,0.00,0.00
2017.05.05 17:34:40.109,12.27872,12.28142,0.00,0.00
2017.05.05 17:34:40.245,12.27878,12.28152,0.00,0.00
2017.05.05 17:34:40.347,12.27871,12.28152,0.00,0.00
2017.05.05 17:34:40.448,12.27898,12.28152,0.00,0.00
2017.05.05 17:34:40.813,12.27871,12.28151,0.00,0.00
2017.05.05 17:34:41.112,12.27871,12.28142,0.00,0.00
2017.05.05 17:34:41.413,12.27871,12.28132,0.00,0.00
2017.05.05 17:34:42.673,12.27872,12.28132,0.00,0.00
2017.05.05 17:34:42.724,12.27871,12.28152,0.00,0.00
2017.05.05 17:34:42.816,12.27871,12.28132,0.00,0.00
2017.05.05 17:34:43.684,12.27872,12.28132,0.00,0.00
2017.05.05 17:34:43.735,12.27871,12.28152,0.00,0.00
2017.05.05 17:34:43.817,12.27888,12.28152,0.00,0.00
2017.05.05 17:34:44.056,12.27871,12.28151,0.00,0.00
2017.05.05 17:34:44.118,12.27871,12.28142,0.00,0.00
2017.05.05 17:34:46.721,12.27871,12.28152,0.00,0.00
2017.05.05 17:34:47.219,12.27879,12.28152,0.00,0.00
2017.05.05 17:34:47.561,12.27871,12.28132,0.00,0.00
2017.05.05 17:34:47.841,12.27872,12.28141,0.00,0.00
2017.05.05 17:34:47.923,12.27872,12.28132,0.00,0.00
2017.05.05 17:34:49.216,12.27848,12.28058,0.00,0.00
2017.05.05 17:34:49.354,12.27778,12.28052,0.00,0.00
2017.05.05 17:34:49.828,12.27798,12.28052,0.00,0.00
2017.05.05 17:34:50.131,12.27869,12.28101,0.00,0.00
2017.05.05 17:34:50.232,12.27842,12.28101,0.00,0.00
2017.05.05 17:34:50.758,12.27841,12.28101,0.00,0.00
2017.05.05 17:34:52.461,12.27818,12.28051,0.00,0.00
2017.05.05 17:34:52.562,12.27799,12.28051,0.00,0.00
2017.05.05 17:34:52.666,12.27778,12.28051,0.00,0.00
2017.05.05 17:34:53.035,12.27788,12.28051,0.00,0.00
2017.05.05 17:34:53.136,12.27779,12.28051,0.00,0.00
2017.05.05 17:34:53.237,12.27771,12.28042,0.00,0.00
2017.05.05 17:34:54.072,12.27779,12.28051,0.00,0.00
2017.05.05 17:34:57.643,12.27771,12.28042,0.00,0.00
2017.05.05 17:34:58.541,12.27772,12.28042,0.00,0.00
2017.05.05 17:34:58.644,12.27779,12.28051,0.00,0.00
2017.05.05 17:35:00.348,12.27771,12.28031,0.00,0.00
2017.05.05 17:35:00.651,12.27872,12.28129,0.00,0.00
2017.05.05 17:35:01.052,12.27889,12.28129,0.00,0.00
2017.05.05 17:35:01.103,12.27889,12.28152,0.00,0.00
2017.05.05 17:35:01.375,12.27972,12.28171,0.00,0.00
2017.05.05 17:35:01.476,12.27971,12.28191,0.00,0.00
2017.05.05 17:35:01.579,12.27971,12.28209,0.00,0.00
2017.05.05 17:35:01.805,12.27971,12.28219,0.00,0.00
2017.05.05 17:35:02.425,12.27972,12.28218,0.00,0.00
2017.05.05 17:35:03.303,12.27971,12.28251,0.00,0.00
2017.05.05 17:35:03.994,12.27971,12.28239,0.00,0.00
2017.05.05 17:35:04.298,12.27971,12.28231,0.00,0.00
2017.05.05 17:35:04.604,12.27971,12.28239,0.00,0.00
2017.05.05 17:35:04.705,12.27971,12.28222,0.00,0.00
2017.05.05 17:35:05.214,12.27972,12.28222,0.00,0.00
2017.05.05 17:35:05.366,12.27971,12.28239,0.00,0.00
2017.05.05 17:35:05.457,12.27971,12.28222,0.00,0.00
2017.05.05 17:35:05.558,12.27971,12.28251,0.00,0.00
2017.05.05 17:35:05.670,12.27971,12.28241,0.00,0.00
2017.05.05 17:35:05.758,12.27971,12.28251,0.00,0.00
2017.05.05 17:35:06.759,12.27971,12.28241,0.00,0.00
2017.05.05 17:35:09.215,12.27972,12.28241,0.00,0.00
2017.05.05 17:35:09.468,12.27979,12.28252,0.00,0.00
2017.05.05 17:35:10.114,12.27972,12.28242,0.00,0.00
2017.05.05 17:35:10.732,12.27972,12.28241,0.00,0.00
2017.05.05 17:35:11.373,12.27972,12.28222,0.00,0.00
2017.05.05 17:35:11.474,12.27972,12.28241,0.00,0.00
2017.05.05 17:35:14.063,12.27971,12.28241,0.00,0.00
2017.05.05 17:35:14.113,12.27971,12.28231,0.00,0.00
2017.05.05 17:35:14.866,12.27972,12.28231,0.00,0.00
2017.05.05 17:35:18.715,12.27971,12.28231,0.00,0.00
2017.05.05 17:35:20.296,12.27972,12.28242,0.00,0.00
2017.05.05 17:35:20.396,12.27998,12.28252,0.00,0.00
2017.05.05 17:35:22.825,12.27971,12.28251,0.00,0.00
2017.05.05 17:35:23.090,12.27998,12.28252,0.00,0.00
2017.05.05 17:35:23.335,12.27978,12.28252,0.00,0.00
2017.05.05 17:35:23.500,12.27999,12.28252,0.00,0.00
2017.05.05 17:35:23.591,12.27972,12.28252,0.00,0.00
2017.05.05 17:35:23.829,12.27978,12.28252,0.00,0.00
2017.05.05 17:35:24.142,12.27989,12.28252,0.00,0.00
2017.05.05 17:35:24.193,12.27972,12.28252,0.00,0.00
2017.05.05 17:35:24.593,12.27978,12.28252,0.00,0.00
2017.05.05 17:35:25.895,12.27999,12.28252,0.00,0.00
2017.05.05 17:35:26.697,12.27978,12.28252,0.00,0.00
2017.05.05 17:35:26.805,12.27988,12.28252,0.00,0.00
2017.05.05 17:35:30.036,12.27978,12.28252,0.00,0.00
2017.05.05 17:35:30.137,12.27989,12.28252,0.00,0.00
2017.05.05 17:35:30.201,12.27971,12.28251,0.00,0.00
2017.05.05 17:35:30.529,12.27979,12.28252,0.00,0.00
2017.05.05 17:35:30.634,12.27971,12.28251,0.00,0.00
2017.05.05 17:35:30.815,12.27998,12.28252,0.00,0.00
2017.05.05 17:35:31.604,12.27971,12.28252,0.00,0.00
2017.05.05 17:35:31.805,12.27999,12.28252,0.00,0.00
2017.05.05 17:35:33.106,12.27988,12.28252,0.00,0.00
2017.05.05 17:35:34.175,12.28072,12.28252,0.00,0.00
2017.05.05 17:35:34.326,12.28072,12.28271,0.00,0.00
2017.05.05 17:35:34.427,12.28071,12.28339,0.00,0.00
2017.05.05 17:35:34.508,12.28089,12.28339,0.00,0.00
2017.05.05 17:35:34.673,12.28089,12.28352,0.00,0.00
2017.05.05 17:35:35.363,12.28172,12.28371,0.00,0.00
2017.05.05 17:35:35.414,12.28171,12.28381,0.00,0.00
2017.05.05 17:35:35.515,12.28172,12.28432,0.00,0.00
2017.05.05 17:35:35.616,12.28172,12.28452,0.00,0.00
2017.05.05 17:35:35.725,12.28172,12.28432,0.00,0.00
2017.05.05 17:35:35.810,12.28178,12.28452,0.00,0.00
2017.05.05 17:35:36.054,12.28172,12.28442,0.00,0.00
2017.05.05 17:35:36.604,12.28171,12.28442,0.00,0.00
2017.05.05 17:35:36.654,12.28178,12.28452,0.00,0.00
2017.05.05 17:35:36.755,12.28171,12.28431,0.00,0.00
2017.05.05 17:35:36.911,12.28171,12.28452,0.00,0.00
2017.05.05 17:35:37.045,12.28171,12.28422,0.00,0.00
2017.05.05 17:35:37.534,12.28171,12.28442,0.00,0.00
2017.05.05 17:35:37.612,12.28171,12.28452,0.00,0.00
2017.05.05 17:35:38.304,12.28168,12.28419,0.00,0.00
2017.05.05 17:35:38.607,12.28128,12.28352,0.00,0.00
2017.05.05 17:35:38.658,12.28071,12.28351,0.00,0.00
2017.05.05 17:35:38.759,12.28072,12.28342,0.00,0.00
2017.05.05 17:35:39.061,12.28121,12.28352,0.00,0.00
2017.05.05 17:35:39.183,12.28099,12.28352,0.00,0.00
2017.05.05 17:35:39.355,12.28071,12.28352,0.00,0.00
2017.05.05 17:35:40.238,12.28088,12.28352,0.00,0.00
2017.05.05 17:35:40.440,12.28072,12.28352,0.00,0.00
2017.05.05 17:35:41.023,12.28071,12.28352,0.00,0.00
2017.05.05 17:35:41.518,12.28108,12.28352,0.00,0.00
2017.05.05 17:35:41.618,12.28071,12.28351,0.00,0.00
2017.05.05 17:35:41.819,12.28088,12.28352,0.00,0.00
2017.05.05 17:35:42.724,12.28121,12.28352,0.00,0.00
2017.05.05 17:35:43.623,12.28071,12.28352,0.00,0.00
2017.05.05 17:35:43.724,12.28079,12.28352,0.00,0.00
2017.05.05 17:35:43.825,12.28071,12.28352,0.00,0.00
2017.05.05 17:35:44.383,12.28072,12.28352,0.00,0.00
2017.05.05 17:35:44.563,12.28088,12.28352,0.00,0.00
2017.05.05 17:35:45.524,12.28079,12.28352,0.00,0.00
2017.05.05 17:35:45.641,12.28151,12.28361,0.00,0.00
2017.05.05 17:35:45.742,12.28152,12.28381,0.00,0.00
2017.05.05 17:35:45.824,12.28152,12.28402,0.00,0.00
2017.05.05 17:35:50.332,12.28141,12.28352,0.00,0.00
2017.05.05 17:35:50.942,12.28142,12.28352,0.00,0.00
2017.05.05 17:35:52.503,12.28141,12.28352,0.00,0.00
2017.05.05 17:35:53.127,12.28088,12.28352,0.00,0.00
2017.05.05 17:35:53.235,12.28078,12.28352,0.00,0.00
2017.05.05 17:35:53.336,12.28071,12.28352,0.00,0.00
2017.05.05 17:35:53.464,12.28142,12.28352,0.00,0.00
2017.05.05 17:35:53.566,12.28141,12.28372,0.00,0.00
2017.05.05 17:35:53.667,12.28141,12.28402,0.00,0.00
2017.05.05 17:35:54.143,12.28171,12.28351,0.00,0.00
2017.05.05 17:35:54.244,12.28172,12.28391,0.00,0.00
2017.05.05 17:35:54.345,12.28171,12.28422,0.00,0.00
2017.05.05 17:35:54.437,12.28171,12.28442,0.00,0.00
2017.05.05 17:35:54.838,12.28172,12.28421,0.00,0.00
2017.05.05 17:35:55.339,12.28171,12.28452,0.00,0.00
2017.05.05 17:35:55.840,12.28172,12.28442,0.00,0.00
2017.05.05 17:35:56.334,12.28172,12.28438,0.00,0.00
2017.05.05 17:35:56.653,12.28172,12.28412,0.00,0.00
2017.05.05 17:35:56.741,12.28172,12.28431,0.00,0.00
2017.05.05 17:35:56.841,12.28172,12.28411,0.00,0.00
2017.05.05 17:35:57.260,12.28172,12.28422,0.00,0.00
2017.05.05 17:35:57.442,12.28172,12.28411,0.00,0.00
2017.05.05 17:35:57.642,12.28171,12.28442,0.00,0.00
2017.05.05 17:35:58.143,12.28172,12.28442,0.00,0.00
2017.05.05 17:35:58.251,12.28172,12.28432,0.00,0.00
2017.05.05 17:35:59.782,12.28171,12.28432,0.00,0.00
2017.05.05 17:36:00.345,12.28171,12.28441,0.00,0.00
2017.05.05 17:36:00.564,12.28171,12.28432,0.00,0.00
2017.05.05 17:36:00.646,12.28171,12.28452,0.00,0.00
2017.05.05 17:36:01.193,12.28179,12.28452,0.00,0.00
2017.05.05 17:36:02.384,12.28272,12.28461,0.00,0.00
2017.05.05 17:36:02.586,12.28271,12.28541,0.00,0.00
2017.05.05 17:36:02.687,12.28272,12.28551,0.00,0.00
2017.05.05 17:36:02.792,12.28272,12.28522,0.00,0.00
2017.05.05 17:36:02.993,12.28271,12.28551,0.00,0.00
2017.05.05 17:36:03.150,12.28271,12.28522,0.00,0.00
2017.05.05 17:36:03.454,12.28272,12.28531,0.00,0.00
2017.05.05 17:36:03.555,12.28271,12.28541,0.00,0.00
2017.05.05 17:36:03.751,12.28271,12.28522,0.00,0.00
2017.05.05 17:36:04.123,12.28241,12.28452,0.00,0.00
2017.05.05 17:36:04.174,12.28238,12.28452,0.00,0.00
2017.05.05 17:36:04.275,12.28208,12.28452,0.00,0.00
2017.05.05 17:36:04.364,12.28171,12.28451,0.00,0.00
2017.05.05 17:36:04.466,12.28171,12.28442,0.00,0.00
2017.05.05 17:36:04.653,12.28178,12.28452,0.00,0.00
2017.05.05 17:36:04.936,12.28251,12.28452,0.00,0.00
2017.05.05 17:36:04.987,12.28252,12.28462,0.00,0.00
2017.05.05 17:36:05.088,12.28242,12.28451,0.00,0.00
2017.05.05 17:36:05.139,12.28188,12.28451,0.00,0.00
2017.05.05 17:36:05.189,12.28229,12.28451,0.00,0.00
2017.05.05 17:36:05.293,12.28188,12.28451,0.00,0.00
2017.05.05 17:36:05.355,12.28172,12.28441,0.00,0.00
2017.05.05 17:36:05.956,12.28178,12.28451,0.00,0.00
2017.05.05 17:36:06.363,12.28251,12.28462,0.00,0.00
2017.05.05 17:36:06.464,12.28252,12.28472,0.00,0.00
2017.05.05 17:36:06.565,12.28252,12.28501,0.00,0.00
2017.05.05 17:36:06.757,12.28252,12.28492,0.00,0.00
2017.05.05 17:36:07.058,12.28252,12.28501,0.00,0.00
2017.05.05 17:36:07.373,12.28241,12.28501,0.00,0.00
2017.05.05 17:36:07.474,12.28242,12.28492,0.00,0.00
2017.05.05 17:36:07.884,12.28241,12.28501,0.00,0.00
2017.05.05 17:36:07.943,12.28251,12.28501,0.00,0.00
2017.05.05 17:36:08.342,12.28269,12.28509,0.00,0.00
2017.05.05 17:36:09.202,12.28282,12.28528,0.00,0.00
2017.05.05 17:36:09.621,12.28281,12.28542,0.00,0.00
2017.05.05 17:36:09.722,12.28282,12.28551,0.00,0.00
2017.05.05 17:36:09.773,12.28282,12.28542,0.00,0.00
2017.05.05 17:36:10.412,12.28281,12.28542,0.00,0.00
2017.05.05 17:36:10.891,12.28281,12.28532,0.00,0.00
2017.05.05 17:36:11.413,12.28281,12.28521,0.00,0.00
2017.05.05 17:36:11.615,12.28281,12.28541,0.00,0.00
2017.05.05 17:36:12.123,12.28282,12.28541,0.00,0.00
2017.05.05 17:36:12.266,12.28281,12.28532,0.00,0.00
2017.05.05 17:36:12.366,12.28281,12.28542,0.00,0.00
2017.05.05 17:36:13.067,12.28281,12.28531,0.00,0.00
2017.05.05 17:36:13.384,12.28281,12.28522,0.00,0.00
2017.05.05 17:36:13.708,12.28238,12.28451,0.00,0.00
2017.05.05 17:36:13.910,12.28171,12.28412,0.00,0.00
2017.05.05 17:36:13.960,12.28168,12.28311,0.00,0.00
2017.05.05 17:36:14.011,12.28158,12.28311,0.00,0.00
2017.05.05 17:36:14.112,12.28108,12.28311,0.00,0.00
2017.05.05 17:36:14.213,12.28071,12.28298,0.00,0.00
2017.05.05 17:36:14.407,12.28071,12.28282,0.00,0.00
2017.05.05 17:36:14.694,12.28072,12.28292,0.00,0.00
2017.05.05 17:36:14.795,12.28072,12.28281,0.00,0.00
2017.05.05 17:36:14.896,12.28072,12.28292,0.00,0.00
2017.05.05 17:36:14.997,12.28072,12.28298,0.00,0.00
2017.05.05 17:36:15.197,12.28072,12.28288,0.00,0.00
2017.05.05 17:36:15.823,12.28071,12.28289,0.00,0.00
2017.05.05 17:36:16.140,12.28071,12.28282,0.00,0.00
2017.05.05 17:36:16.799,12.28072,12.28282,0.00,0.00
2017.05.05 17:36:16.983,12.28072,12.28288,0.00,0.00
2017.05.05 17:36:17.682,12.28071,12.28289,0.00,0.00
2017.05.05 17:36:17.775,12.28071,12.28282,0.00,0.00
2017.05.05 17:36:18.076,12.28071,12.28289,0.00,0.00
2017.05.05 17:36:18.864,12.28072,12.28288,0.00,0.00
2017.05.05 17:36:20.537,12.28071,12.28289,0.00,0.00
2017.05.05 17:36:21.935,12.28072,12.28288,0.00,0.00
2017.05.05 17:36:22.622,12.28071,12.28289,0.00,0.00
2017.05.05 17:36:23.837,12.28072,12.28288,0.00,0.00
2017.05.05 17:36:24.396,12.28071,12.28289,0.00,0.00
2017.05.05 17:36:25.106,12.28072,12.28288,0.00,0.00
2017.05.05 17:36:26.039,12.28071,12.28289,0.00,0.00
2017.05.05 17:36:26.707,12.28072,12.28288,0.00,0.00
2017.05.05 17:36:27.506,12.28072,12.28269,0.00,0.00
2017.05.05 17:36:28.027,12.28071,12.28269,0.00,0.00
2017.05.05 17:36:28.762,12.28072,12.28269,0.00,0.00
2017.05.05 17:36:29.524,12.28071,12.28269,0.00,0.00
2017.05.05 17:36:30.061,12.28072,12.28269,0.00,0.00
2017.05.05 17:36:30.582,12.28071,12.28269,0.00,0.00
2017.05.05 17:36:31.330,12.28072,12.28269,0.00,0.00
2017.05.05 17:36:32.622,12.28071,12.28269,0.00,0.00
2017.05.05 17:36:35.422,12.28072,12.28269,0.00,0.00
2017.05.05 17:36:36.483,12.28071,12.28269,0.00,0.00
2017.05.05 17:36:36.534,12.28071,12.28279,0.00,0.00
2017.05.05 17:36:36.585,12.28171,12.28301,0.00,0.00
2017.05.05 17:36:36.635,12.28172,12.28312,0.00,0.00
2017.05.05 17:36:36.736,12.28171,12.28378,0.00,0.00
2017.05.05 17:36:36.838,12.28171,12.28398,0.00,0.00
2017.05.05 17:36:37.009,12.28171,12.28391,0.00,0.00
2017.05.05 17:36:37.109,12.28171,12.28398,0.00,0.00
2017.05.05 17:36:37.635,12.28172,12.28398,0.00,0.00
2017.05.05 17:36:37.945,12.28172,12.28392,0.00,0.00
2017.05.05 17:36:38.260,12.28171,12.28398,0.00,0.00
2017.05.05 17:36:38.712,12.28172,12.28391,0.00,0.00
2017.05.05 17:36:39.023,12.28171,12.28382,0.00,0.00
2017.05.05 17:36:39.130,12.28171,12.28391,0.00,0.00
2017.05.05 17:36:39.232,12.28171,12.28398,0.00,0.00
2017.05.05 17:36:39.879,12.28172,12.28398,0.00,0.00
2017.05.05 17:36:40.030,12.28171,12.28392,0.00,0.00
2017.05.05 17:36:40.115,12.28171,12.28398,0.00,0.00
2017.05.05 17:36:40.621,12.28152,12.28398,0.00,0.00
2017.05.05 17:36:40.743,12.28151,12.28381,0.00,0.00
2017.05.05 17:36:41.053,12.28171,12.28381,0.00,0.00
2017.05.05 17:36:41.116,12.28171,12.28392,0.00,0.00
2017.05.05 17:36:41.222,12.28172,12.28398,0.00,0.00
2017.05.05 17:36:41.717,12.28172,12.28381,0.00,0.00
2017.05.05 17:36:42.603,12.28141,12.28349,0.00,0.00
2017.05.05 17:36:42.654,12.28099,12.28309,0.00,0.00
2017.05.05 17:36:42.820,12.28072,12.28309,0.00,0.00
2017.05.05 17:36:43.762,12.28071,12.28309,0.00,0.00
2017.05.05 17:36:44.321,12.28072,12.28309,0.00,0.00
2017.05.05 17:36:44.421,12.28072,12.28302,0.00,0.00
2017.05.05 17:36:45.573,12.28071,12.28302,0.00,0.00
2017.05.05 17:36:45.723,12.28071,12.28309,0.00,0.00
2017.05.05 17:36:46.123,12.28071,12.28301,0.00,0.00
2017.05.05 17:36:46.799,12.28071,12.28309,0.00,0.00
2017.05.05 17:36:47.225,12.28072,12.28301,0.00,0.00
2017.05.05 17:36:51.883,12.28072,12.28309,0.00,0.00
2017.05.05 17:36:52.812,12.28029,12.28248,0.00,0.00
2017.05.05 17:36:53.014,12.28071,12.28291,0.00,0.00
2017.05.05 17:36:53.064,12.28071,12.28272,0.00,0.00
2017.05.05 17:36:53.165,12.28071,12.28292,0.00,0.00
2017.05.05 17:36:53.233,12.28071,12.28308,0.00,0.00
2017.05.05 17:36:54.285,12.28072,12.28308,0.00,0.00
2017.05.05 17:36:54.336,12.28071,12.28291,0.00,0.00
2017.05.05 17:36:54.735,12.28071,12.28308,0.00,0.00
2017.05.05 17:36:55.336,12.28072,12.28291,0.00,0.00
2017.05.05 17:36:55.636,12.28072,12.28301,0.00,0.00
2017.05.05 17:36:56.241,12.28032,12.28212,0.00,0.00
2017.05.05 17:36:56.292,12.28019,12.28212,0.00,0.00
2017.05.05 17:36:56.402,12.28009,12.28212,0.00,0.00
2017.05.05 17:36:56.453,12.27972,12.28211,0.00,0.00
2017.05.05 17:36:57.096,12.27971,12.28211,0.00,0.00
2017.05.05 17:36:57.454,12.27978,12.28211,0.00,0.00
2017.05.05 17:36:57.563,12.27978,12.28218,0.00,0.00
2017.05.05 17:36:57.769,12.28078,12.28242,0.00,0.00
2017.05.05 17:36:57.870,12.28078,12.28252,0.00,0.00
2017.05.05 17:36:57.971,12.28078,12.28311,0.00,0.00
2017.05.05 17:36:58.041,12.28078,12.28322,0.00,0.00
2017.05.05 17:36:58.243,12.28078,12.28311,0.00,0.00
2017.05.05 17:36:58.834,12.28078,12.28302,0.00,0.00
2017.05.05 17:36:59.042,12.28078,12.28321,0.00,0.00
2017.05.05 17:36:59.142,12.28078,12.28302,0.00,0.00
2017.05.05 17:36:59.565,12.28078,12.28322,0.00,0.00
2017.05.05 17:37:00.244,12.28078,12.28302,0.00,0.00
2017.05.05 17:37:00.453,12.28031,12.28279,0.00,0.00
2017.05.05 17:37:00.655,12.28031,12.28272,0.00,0.00
2017.05.05 17:37:03.083,12.28021,12.28271,0.00,0.00
2017.05.05 17:37:03.134,12.28041,12.28271,0.00,0.00
2017.05.05 17:37:03.235,12.28032,12.28279,0.00,0.00
2017.05.05 17:37:03.449,12.28031,12.28262,0.00,0.00
2017.05.05 17:37:03.551,12.28031,12.28279,0.00,0.00
2017.05.05 17:37:03.943,12.28029,12.28249,0.00,0.00
2017.05.05 17:37:04.050,12.27978,12.28229,0.00,0.00
2017.05.05 17:37:04.152,12.27978,12.28212,0.00,0.00
2017.05.05 17:37:04.353,12.27978,12.28229,0.00,0.00
2017.05.05 17:37:04.452,12.27978,12.28212,0.00,0.00
2017.05.05 17:37:04.652,12.27978,12.28229,0.00,0.00
2017.05.05 17:37:04.703,12.28042,12.28229,0.00,0.00
2017.05.05 17:37:04.754,12.28051,12.28241,0.00,0.00
2017.05.05 17:37:04.805,12.28042,12.28241,0.00,0.00
2017.05.05 17:37:04.906,12.28032,12.28252,0.00,0.00
2017.05.05 17:37:04.957,12.28031,12.28289,0.00,0.00
2017.05.05 17:37:05.157,12.28031,12.28272,0.00,0.00
2017.05.05 17:37:05.865,12.28032,12.28272,0.00,0.00
2017.05.05 17:37:06.193,12.28032,12.28282,0.00,0.00
2017.05.05 17:37:06.763,12.28028,12.28249,0.00,0.00
2017.05.05 17:37:06.915,12.27978,12.28229,0.00,0.00
2017.05.05 17:37:07.783,12.27978,12.28228,0.00,0.00
2017.05.05 17:37:08.303,12.27978,12.28229,0.00,0.00
2017.05.05 17:37:08.353,12.28079,12.28231,0.00,0.00
2017.05.05 17:37:08.404,12.28079,12.28252,0.00,0.00
2017.05.05 17:37:08.505,12.28079,12.28222,0.00,0.00
2017.05.05 17:37:08.607,12.28079,12.28318,0.00,0.00
2017.05.05 17:37:08.761,12.28079,12.28302,0.00,0.00
2017.05.05 17:37:09.061,12.28079,12.28318,0.00,0.00
2017.05.05 17:37:10.486,12.28038,12.28239,0.00,0.00
2017.05.05 17:37:10.587,12.28021,12.28239,0.00,0.00
2017.05.05 17:37:10.664,12.28021,12.28231,0.00,0.00
2017.05.05 17:37:11.643,12.27979,12.28231,0.00,0.00
2017.05.05 17:37:11.694,12.28032,12.28231,0.00,0.00
2017.05.05 17:37:11.744,12.28022,12.28231,0.00,0.00
2017.05.05 17:37:11.795,12.28022,12.28228,0.00,0.00
2017.05.05 17:37:12.362,12.28021,12.28229,0.00,0.00
2017.05.05 17:37:14.273,12.27979,12.28228,0.00,0.00
2017.05.05 17:37:15.162,12.27979,12.28229,0.00,0.00
2017.05.05 17:37:15.371,12.27979,12.28221,0.00,0.00
2017.05.05 17:37:16.773,12.27979,12.28229,0.00,0.00
2017.05.05 17:37:17.292,12.27979,12.28228,0.00,0.00
2017.05.05 17:37:17.494,12.27979,12.28212,0.00,0.00
2017.05.05 17:37:19.084,12.27979,12.28228,0.00,0.00
2017.05.05 17:37:19.777,12.27979,12.28221,0.00,0.00
2017.05.05 17:37:20.314,12.27979,12.28228,0.00,0.00
2017.05.05 17:37:22.553,12.27979,12.28229,0.00,0.00
2017.05.05 17:37:22.732,12.27979,12.28222,0.00,0.00
2017.05.05 17:37:22.881,12.27979,12.28228,0.00,0.00
2017.05.05 17:37:23.030,12.27979,12.28212,0.00,0.00
2017.05.05 17:37:23.182,12.27979,12.28222,0.00,0.00
2017.05.05 17:37:23.282,12.27979,12.28211,0.00,0.00
2017.05.05 17:37:23.582,12.27979,12.28222,0.00,0.00
2017.05.05 17:37:23.691,12.27979,12.28229,0.00,0.00
2017.05.05 17:37:24.292,12.27979,12.28228,0.00,0.00
2017.05.05 17:37:24.393,12.27979,12.28221,0.00,0.00
2017.05.05 17:37:24.732,12.27979,12.28211,0.00,0.00
2017.05.05 17:37:24.784,12.27979,12.28222,0.00,0.00
2017.05.05 17:37:24.886,12.27979,12.28228,0.00,0.00
2017.05.05 17:37:26.671,12.27979,12.28229,0.00,0.00
2017.05.05 17:37:26.788,12.27979,12.28221,0.00,0.00
2017.05.05 17:37:28.322,12.27979,12.28211,0.00,0.00
2017.05.05 17:37:28.891,12.27979,12.28228,0.00,0.00
2017.05.05 17:37:29.645,12.27979,12.28229,0.00,0.00
2017.05.05 17:37:30.393,12.27979,12.28212,0.00,0.00
2017.05.05 17:37:31.633,12.27979,12.28222,0.00,0.00
2017.05.05 17:37:33.398,12.27979,12.28229,0.00,0.00
2017.05.05 17:37:33.499,12.27979,12.28202,0.00,0.00
2017.05.05 17:37:33.947,12.27979,12.28222,0.00,0.00
2017.05.05 17:37:34.400,12.27979,12.28202,0.00,0.00
2017.05.05 17:37:34.700,12.27979,12.28211,0.00,0.00
2017.05.05 17:37:35.150,12.27929,12.28128,0.00,0.00
2017.05.05 17:37:35.251,12.27919,12.28129,0.00,0.00
2017.05.05 17:37:35.402,12.27879,12.28129,0.00,0.00
2017.05.05 17:37:38.949,12.27879,12.28128,0.00,0.00
2017.05.05 17:37:40.042,12.27879,12.28129,0.00,0.00
2017.05.05 17:37:41.063,12.27879,12.28128,0.00,0.00
2017.05.05 17:37:41.818,12.27879,12.28129,0.00,0.00
2017.05.05 17:37:44.245,12.27879,12.28128,0.00,0.00
2017.05.05 17:37:44.518,12.27879,12.28122,0.00,0.00
2017.05.05 17:37:46.720,12.27879,12.28129,0.00,0.00
2017.05.05 17:37:49.130,12.27879,12.28128,0.00,0.00
2017.05.05 17:37:49.224,12.27879,12.28121,0.00,0.00
2017.05.05 17:37:51.526,12.27879,12.28128,0.00,0.00
2017.05.05 17:37:52.052,12.27879,12.28129,0.00,0.00
2017.05.05 17:37:54.382,12.27879,12.28128,0.00,0.00
2017.05.05 17:37:54.533,12.27879,12.28121,0.00,0.00
2017.05.05 17:37:54.634,12.27879,12.28129,0.00,0.00
2017.05.05 17:37:54.830,12.27879,12.28121,0.00,0.00
2017.05.05 17:37:54.931,12.27879,12.28128,0.00,0.00
2017.05.05 17:37:55.432,12.27879,12.28129,0.00,0.00
2017.05.05 17:37:55.862,12.27942,12.28162,0.00,0.00
2017.05.05 17:37:56.063,12.27978,12.28199,0.00,0.00
2017.05.05 17:37:56.299,12.27978,12.28191,0.00,0.00
2017.05.05 17:37:56.350,12.27978,12.28199,0.00,0.00
2017.05.05 17:37:56.733,12.27978,12.28192,0.00,0.00
2017.05.05 17:37:58.935,12.27978,12.28199,0.00,0.00
2017.05.05 17:38:00.492,12.27978,12.28149,0.00,0.00
2017.05.05 17:38:00.543,12.27919,12.28129,0.00,0.00
2017.05.05 17:38:00.644,12.27908,12.28129,0.00,0.00
2017.05.05 17:38:00.745,12.27878,12.28129,0.00,0.00
2017.05.05 17:38:00.890,12.27931,12.28132,0.00,0.00
2017.05.05 17:38:01.146,12.27979,12.28198,0.00,0.00
2017.05.05 17:38:01.319,12.27979,12.28212,0.00,0.00
2017.05.05 17:38:01.370,12.27979,12.28201,0.00,0.00
2017.05.05 17:38:01.471,12.27979,12.28221,0.00,0.00
2017.05.05 17:38:01.572,12.27979,12.28228,0.00,0.00
2017.05.05 17:38:01.674,12.27979,12.28222,0.00,0.00
2017.05.05 17:38:02.058,12.27979,12.28201,0.00,0.00
2017.05.05 17:38:02.263,12.27979,12.28212,0.00,0.00
2017.05.05 17:38:02.364,12.27979,12.28202,0.00,0.00
2017.05.05 17:38:03.194,12.27979,12.28211,0.00,0.00
2017.05.05 17:38:03.247,12.27979,12.28228,0.00,0.00
2017.05.05 17:38:03.568,12.27979,12.28212,0.00,0.00
2017.05.05 17:38:03.933,12.27979,12.28202,0.00,0.00
2017.05.05 17:38:04.084,12.27979,12.28228,0.00,0.00
2017.05.05 17:38:04.649,12.27979,12.28222,0.00,0.00
2017.05.05 17:38:05.361,12.27979,12.28221,0.00,0.00
2017.05.05 17:38:06.253,12.27979,12.28228,0.00,0.00
2017.05.05 17:38:07.093,12.27979,12.28229,0.00,0.00
2017.05.05 17:38:09.782,12.27979,12.28228,0.00,0.00
2017.05.05 17:38:11.132,12.27979,12.28229,0.00,0.00
2017.05.05 17:38:11.660,12.27979,12.28222,0.00,0.00
2017.05.05 17:38:11.903,12.27979,12.28228,0.00,0.00
2017.05.05 17:38:12.004,12.27979,12.28221,0.00,0.00
2017.05.05 17:38:12.461,12.27979,12.28228,0.00,0.00
2017.05.05 17:38:13.008,12.27979,12.28229,0.00,0.00
2017.05.05 17:38:14.208,12.27979,12.28228,0.00,0.00
2017.05.05 17:38:14.264,12.27979,12.28222,0.00,0.00
2017.05.05 17:38:14.431,12.27928,12.28178,0.00,0.00
2017.05.05 17:38:14.694,12.27928,12.28171,0.00,0.00
2017.05.05 17:38:14.866,12.27928,12.28178,0.00,0.00
2017.05.05 17:38:15.568,12.27928,12.28171,0.00,0.00
2017.05.05 17:38:16.469,12.27928,12.28178,0.00,0.00
2017.05.05 17:38:17.453,12.27979,12.28181,0.00,0.00
2017.05.05 17:38:17.504,12.27979,12.28199,0.00,0.00
2017.05.05 17:38:18.724,12.27979,12.28198,0.00,0.00
2017.05.05 17:38:19.103,12.27961,12.28199,0.00,0.00
2017.05.05 17:38:19.154,12.27931,12.28178,0.00,0.00
2017.05.05 17:38:19.205,12.27942,12.28188,0.00,0.00
2017.05.05 17:38:19.575,12.27978,12.28198,0.00,0.00
2017.05.05 17:38:20.069,12.27978,12.28192,0.00,0.00
2017.05.05 17:38:22.202,12.27978,12.28202,0.00,0.00
2017.05.05 17:38:22.303,12.27978,12.28222,0.00,0.00
2017.05.05 17:38:22.428,12.27978,12.28228,0.00,0.00
2017.05.05 17:38:23.012,12.27978,12.28229,0.00,0.00
2017.05.05 17:38:23.423,12.27978,12.28221,0.00,0.00
2017.05.05 17:38:23.683,12.27978,12.28228,0.00,0.00
2017.05.05 17:38:24.128,12.27978,12.28212,0.00,0.00
2017.05.05 17:38:24.226,12.27978,12.28221,0.00,0.00
2017.05.05 17:38:24.284,12.27978,12.28212,0.00,0.00
2017.05.05 17:38:24.408,12.27978,12.28229,0.00,0.00
2017.05.05 17:38:24.509,12.27978,12.28211,0.00,0.00
2017.05.05 17:38:24.785,12.27978,12.28222,0.00,0.00
2017.05.05 17:38:27.088,12.27978,12.28211,0.00,0.00
2017.05.05 17:38:27.188,12.27978,12.28221,0.00,0.00
2017.05.05 17:38:29.800,12.27978,12.28212,0.00,0.00
2017.05.05 17:38:30.193,12.27978,12.28229,0.00,0.00
2017.05.05 17:38:30.293,12.27978,12.28221,0.00,0.00
2017.05.05 17:38:30.980,12.27939,12.28149,0.00,0.00
2017.05.05 17:38:31.132,12.27921,12.28142,0.00,0.00
2017.05.05 17:38:31.194,12.27921,12.28132,0.00,0.00
2017.05.05 17:38:31.294,12.27921,12.28141,0.00,0.00
2017.05.05 17:38:31.400,12.27921,12.28158,0.00,0.00
2017.05.05 17:38:32.141,12.27889,12.28149,0.00,0.00
2017.05.05 17:38:32.192,12.27889,12.28128,0.00,0.00
2017.05.05 17:38:32.243,12.27879,12.28128,0.00,0.00
2017.05.05 17:38:32.866,12.27879,12.28129,0.00,0.00
2017.05.05 17:38:34.370,12.27879,12.28128,0.00,0.00
2017.05.05 17:38:34.980,12.27879,12.28129,0.00,0.00
2017.05.05 17:38:35.824,12.27879,12.28128,0.00,0.00
2017.05.05 17:38:36.104,12.27879,12.28112,0.00,0.00
2017.05.05 17:38:36.443,12.27879,12.28121,0.00,0.00
2017.05.05 17:38:36.504,12.27879,12.28128,0.00,0.00
2017.05.05 17:38:38.961,12.27879,12.28129,0.00,0.00
2017.05.05 17:38:39.113,12.27879,12.28121,0.00,0.00
2017.05.05 17:38:39.509,12.27879,12.28128,0.00,0.00
2017.05.05 17:38:41.770,12.27879,12.28111,0.00,0.00
2017.05.05 17:38:42.016,12.27879,12.28129,0.00,0.00
2017.05.05 17:38:43.092,12.27879,12.28128,0.00,0.00
2017.05.05 17:38:43.619,12.27879,12.28129,0.00,0.00
2017.05.05 17:38:44.257,12.27879,12.28122,0.00,0.00
2017.05.05 17:38:44.406,12.27879,12.28129,0.00,0.00
2017.05.05 17:38:44.660,12.27879,12.28122,0.00,0.00
2017.05.05 17:38:45.222,12.27879,12.28129,0.00,0.00
2017.05.05 17:38:46.324,12.27879,12.28128,0.00,0.00
2017.05.05 17:38:46.950,12.27879,12.28129,0.00,0.00
2017.05.05 17:38:47.431,12.27879,12.28111,0.00,0.00
2017.05.05 17:38:47.825,12.27879,12.28129,0.00,0.00
2017.05.05 17:38:50.713,12.27879,12.28128,0.00,0.00
2017.05.05 17:38:50.876,12.27879,12.28122,0.00,0.00
2017.05.05 17:38:50.977,12.27879,12.28128,0.00,0.00
2017.05.05 17:38:51.078,12.27879,12.28121,0.00,0.00
2017.05.05 17:38:51.229,12.27879,12.28128,0.00,0.00
2017.05.05 17:38:52.414,12.27879,12.28129,0.00,0.00
2017.05.05 17:38:53.735,12.27861,12.28129,0.00,0.00
2017.05.05 17:38:54.483,12.27862,12.28128,0.00,0.00
2017.05.05 17:38:54.536,12.27862,12.28122,0.00,0.00
2017.05.05 17:38:55.037,12.27861,12.28122,0.00,0.00
2017.05.05 17:38:55.748,12.27861,12.28129,0.00,0.00
2017.05.05 17:38:55.851,12.27861,12.28122,0.00,0.00
2017.05.05 17:38:56.358,12.27862,12.28121,0.00,0.00
2017.05.05 17:38:57.068,12.27878,12.28121,0.00,0.00
2017.05.05 17:38:57.140,12.27878,12.28129,0.00,0.00
2017.05.05 17:38:57.451,12.27878,12.28121,0.00,0.00
2017.05.05 17:38:58.161,12.27878,12.28129,0.00,0.00
2017.05.05 17:38:58.242,12.27878,12.28121,0.00,0.00
2017.05.05 17:38:58.642,12.27878,12.28129,0.00,0.00
2017.05.05 17:38:59.364,12.27878,12.28111,0.00,0.00
2017.05.05 17:38:59.465,12.27878,12.28129,0.00,0.00
2017.05.05 17:38:59.644,12.27878,12.28112,0.00,0.00
2017.05.05 17:38:59.745,12.27878,12.28129,0.00,0.00
2017.05.05 17:39:00.266,12.27878,12.28128,0.00,0.00
2017.05.05 17:39:02.681,12.27878,12.28129,0.00,0.00
2017.05.05 17:39:02.848,12.27878,12.28112,0.00,0.00
2017.05.05 17:39:03.150,12.27878,12.28128,0.00,0.00
2017.05.05 17:39:03.951,12.27878,12.28129,0.00,0.00
2017.05.05 17:39:04.592,12.27878,12.28128,0.00,0.00
2017.05.05 17:39:04.754,12.27878,12.28112,0.00,0.00
2017.05.05 17:39:04.854,12.27878,12.28129,0.00,0.00
2017.05.05 17:39:05.757,12.27878,12.28122,0.00,0.00
2017.05.05 17:39:06.057,12.27878,12.28129,0.00,0.00
2017.05.05 17:39:06.771,12.27878,12.28128,0.00,0.00
2017.05.05 17:39:06.858,12.27878,12.28102,0.00,0.00
2017.05.05 17:39:07.391,12.27878,12.28129,0.00,0.00
2017.05.05 17:39:07.492,12.27878,12.28102,0.00,0.00
2017.05.05 17:39:07.672,12.27878,12.28129,0.00,0.00
2017.05.05 17:39:08.993,12.27878,12.28128,0.00,0.00
2017.05.05 17:39:09.062,12.27878,12.28112,0.00,0.00
2017.05.05 17:39:10.003,12.27878,12.28111,0.00,0.00
2017.05.05 17:39:10.064,12.27878,12.28122,0.00,0.00
2017.05.05 17:39:11.766,12.27878,12.28128,0.00,0.00
2017.05.05 17:39:14.621,12.27878,12.28129,0.00,0.00
2017.05.05 17:39:14.672,12.27878,12.28111,0.00,0.00
2017.05.05 17:39:14.773,12.27878,12.28128,0.00,0.00
2017.05.05 17:39:18.341,12.27878,12.28129,0.00,0.00
2017.05.05 17:39:18.392,12.27878,12.28112,0.00,0.00
2017.05.05 17:39:18.475,12.27878,12.28129,0.00,0.00
2017.05.05 17:39:20.677,12.27878,12.28121,0.00,0.00
2017.05.05 17:39:22.292,12.27878,12.28129,0.00,0.00
2017.05.05 17:39:22.393,12.27878,12.28112,0.00,0.00
2017.05.05 17:39:22.752,12.27878,12.28101,0.00,0.00
2017.05.05 17:39:24.683,12.27878,12.28092,0.00,0.00
2017.05.05 17:39:25.133,12.27878,12.28122,0.00,0.00
2017.05.05 17:39:25.184,12.27878,12.28128,0.00,0.00
2017.05.05 17:39:27.912,12.27878,12.28129,0.00,0.00
2017.05.05 17:39:27.987,12.27878,12.28121,0.00,0.00
2017.05.05 17:39:28.130,12.27878,12.28128,0.00,0.00
2017.05.05 17:39:28.232,12.27819,12.28028,0.00,0.00
2017.05.05 17:39:28.282,12.27819,12.28059,0.00,0.00
2017.05.05 17:39:28.333,12.27779,12.28029,0.00,0.00
2017.05.05 17:39:28.939,12.27779,12.28028,0.00,0.00
2017.05.05 17:39:29.702,12.27779,12.28029,0.00,0.00
2017.05.05 17:39:34.262,12.27779,12.28028,0.00,0.00
2017.05.05 17:39:34.396,12.27779,12.28011,0.00,0.00
2017.05.05 17:39:34.881,12.27779,12.28022,0.00,0.00
2017.05.05 17:39:34.932,12.27779,12.28011,0.00,0.00
2017.05.05 17:39:35.033,12.27779,12.28029,0.00,0.00
2017.05.05 17:39:35.197,12.27779,12.28022,0.00,0.00
2017.05.05 17:39:35.514,12.27779,12.28012,0.00,0.00
2017.05.05 17:39:35.598,12.27779,12.28029,0.00,0.00
2017.05.05 17:39:35.697,12.27779,12.28002,0.00,0.00
2017.05.05 17:39:36.298,12.27779,12.28022,0.00,0.00
2017.05.05 17:39:36.402,12.27779,12.28029,0.00,0.00
2017.05.05 17:39:36.804,12.27779,12.27948,0.00,0.00
2017.05.05 17:39:36.855,12.27749,12.27929,0.00,0.00
2017.05.05 17:39:36.906,12.27738,12.27928,0.00,0.00
2017.05.05 17:39:37.007,12.27762,12.27942,0.00,0.00
2017.05.05 17:39:37.108,12.27778,12.28002,0.00,0.00
2017.05.05 17:39:37.209,12.27778,12.28029,0.00,0.00
2017.05.05 17:39:37.404,12.27778,12.28012,0.00,0.00
2017.05.05 17:39:37.750,12.27728,12.27949,0.00,0.00
2017.05.05 17:39:37.801,12.27778,12.28028,0.00,0.00
2017.05.05 17:39:37.852,12.27778,12.27942,0.00,0.00
2017.05.05 17:39:37.902,12.27778,12.28022,0.00,0.00
2017.05.05 17:39:38.003,12.27768,12.28028,0.00,0.00
2017.05.05 17:39:38.582,12.27768,12.28029,0.00,0.00
2017.05.05 17:39:38.834,12.27768,12.28022,0.00,0.00
2017.05.05 17:39:39.137,12.27768,12.28002,0.00,0.00
2017.05.05 17:39:39.238,12.27768,12.28029,0.00,0.00
2017.05.05 17:39:39.414,12.27768,12.28001,0.00,0.00
2017.05.05 17:39:39.464,12.27731,12.27989,0.00,0.00
2017.05.05 17:39:39.515,12.27738,12.27989,0.00,0.00
2017.05.05 17:39:39.825,12.27678,12.27928,0.00,0.00
2017.05.05 17:39:39.875,12.27702,12.27961,0.00,0.00
2017.05.05 17:39:39.926,12.27701,12.27932,0.00,0.00
2017.05.05 17:39:40.006,12.27701,12.27961,0.00,0.00
2017.05.05 17:39:40.739,12.27702,12.27961,0.00,0.00
2017.05.05 17:39:40.946,12.27678,12.27928,0.00,0.00
2017.05.05 17:39:41.249,12.27769,12.27998,0.00,0.00
2017.05.05 17:39:41.552,12.27769,12.27992,0.00,0.00
2017.05.05 17:39:41.710,12.27769,12.28001,0.00,0.00
2017.05.05 17:39:41.811,12.27769,12.28022,0.00,0.00
2017.05.05 17:39:41.910,12.27769,12.28029,0.00,0.00
2017.05.05 17:39:42.442,12.27769,12.28012,0.00,0.00
2017.05.05 17:39:43.054,12.27769,12.28021,0.00,0.00
2017.05.05 17:39:44.651,12.27769,12.28002,0.00,0.00
2017.05.05 17:39:44.752,12.27769,12.28029,0.00,0.00
2017.05.05 17:39:44.813,12.27769,12.28001,0.00,0.00
2017.05.05 17:39:45.125,12.27769,12.28022,0.00,0.00
2017.05.05 17:39:45.432,12.27769,12.28001,0.00,0.00
2017.05.05 17:39:45.582,12.27769,12.28029,0.00,0.00
2017.05.05 17:39:45.657,12.27769,12.27999,0.00,0.00
2017.05.05 17:39:45.708,12.27749,12.27999,0.00,0.00
2017.05.05 17:39:45.809,12.27768,12.28029,0.00,0.00
2017.05.05 17:39:45.860,12.27768,12.28001,0.00,0.00
2017.05.05 17:39:46.016,12.27768,12.28021,0.00,0.00
2017.05.05 17:39:46.118,12.27768,12.28028,0.00,0.00
2017.05.05 17:39:46.316,12.27768,12.28022,0.00,0.00
2017.05.05 17:39:46.617,12.27768,12.28029,0.00,0.00
2017.05.05 17:39:47.061,12.27768,12.28022,0.00,0.00
2017.05.05 17:39:48.320,12.27768,12.28029,0.00,0.00
2017.05.05 17:39:49.221,12.27768,12.28012,0.00,0.00
2017.05.05 17:39:51.525,12.27768,12.28028,0.00,0.00
2017.05.05 17:39:52.911,12.27768,12.28029,0.00,0.00
2017.05.05 17:39:53.163,12.27768,12.28012,0.00,0.00
2017.05.05 17:39:53.486,12.27719,12.27929,0.00,0.00
2017.05.05 17:39:53.537,12.27668,12.27929,0.00,0.00
2017.05.05 17:39:53.663,12.27668,12.27922,0.00,0.00
2017.05.05 17:39:53.929,12.27668,12.27929,0.00,0.00
2017.05.05 17:39:54.763,12.27668,12.27918,0.00,0.00
2017.05.05 17:39:55.082,12.27662,12.27862,0.00,0.00
2017.05.05 17:39:55.132,12.27669,12.27892,0.00,0.00
2017.05.05 17:39:55.231,12.27669,12.27929,0.00,0.00
2017.05.05 17:39:56.243,12.27669,12.27928,0.00,0.00
2017.05.05 17:39:57.674,12.27669,12.27922,0.00,0.00
2017.05.05 17:39:58.441,12.27669,12.27929,0.00,0.00
2017.05.05 17:39:58.535,12.27669,12.27922,0.00,0.00
2017.05.05 17:39:58.636,12.27669,12.27929,0.00,0.00
2017.05.05 17:39:59.975,12.27669,12.27928,0.00,0.00
2017.05.05 17:40:00.545,12.27669,12.27929,0.00,0.00
2017.05.05 17:40:01.964,12.27669,12.27928,0.00,0.00
2017.05.05 17:40:02.015,12.27762,12.27942,0.00,0.00
2017.05.05 17:40:02.066,12.27761,12.27952,0.00,0.00
2017.05.05 17:40:02.167,12.27768,12.27982,0.00,0.00
2017.05.05 17:40:02.268,12.27768,12.28029,0.00,0.00
2017.05.05 17:40:02.858,12.27768,12.28028,0.00,0.00
2017.05.05 17:40:03.974,12.27768,12.28029,0.00,0.00
2017.05.05 17:40:04.268,12.27768,12.28002,0.00,0.00
2017.05.05 17:40:05.450,12.27768,12.28028,0.00,0.00
2017.05.05 17:40:06.322,12.27768,12.28029,0.00,0.00
2017.05.05 17:40:06.451,12.27768,12.28012,0.00,0.00
2017.05.05 17:40:06.751,12.27768,12.28021,0.00,0.00
2017.05.05 17:40:07.176,12.27768,12.28011,0.00,0.00
2017.05.05 17:40:07.686,12.27768,12.28028,0.00,0.00
2017.05.05 17:40:07.752,12.27768,12.28012,0.00,0.00
2017.05.05 17:40:08.053,12.27768,12.28029,0.00,0.00
2017.05.05 17:40:09.566,12.27768,12.28028,0.00,0.00
2017.05.05 17:40:09.667,12.27779,12.28029,0.00,0.00
2017.05.05 17:40:10.783,12.27779,12.28028,0.00,0.00
2017.05.05 17:40:14.345,12.27779,12.28029,0.00,0.00
2017.05.05 17:40:14.497,12.27768,12.28029,0.00,0.00
2017.05.05 17:40:15.675,12.27768,12.28028,0.00,0.00
2017.05.05 17:40:15.905,12.27778,12.28029,0.00,0.00
2017.05.05 17:40:19.163,12.27778,12.28028,0.00,0.00
2017.05.05 17:40:19.314,12.27768,12.28029,0.00,0.00
2017.05.05 17:40:19.415,12.27768,12.28022,0.00,0.00
2017.05.05 17:40:19.617,12.27768,12.28029,0.00,0.00
2017.05.05 17:40:19.719,12.27768,12.28012,0.00,0.00
2017.05.05 17:40:19.820,12.27769,12.28028,0.00,0.00
2017.05.05 17:40:19.973,12.27768,12.28012,0.00,0.00
2017.05.05 17:40:22.623,12.27768,12.28029,0.00,0.00
2017.05.05 17:40:22.750,12.27768,12.28012,0.00,0.00
2017.05.05 17:40:22.800,12.27768,12.28029,0.00,0.00
2017.05.05 17:40:24.083,12.27768,12.28011,0.00,0.00
2017.05.05 17:40:24.396,12.27768,12.28001,0.00,0.00
2017.05.05 17:40:24.929,12.27768,12.27991,0.00,0.00
2017.05.05 17:40:25.109,12.27731,12.27989,0.00,0.00
2017.05.05 17:40:25.210,12.27731,12.27972,0.00,0.00
2017.05.05 17:40:26.283,12.27731,12.27982,0.00,0.00
2017.05.05 17:40:26.655,12.27769,12.27982,0.00,0.00
2017.05.05 17:40:26.807,12.27769,12.27992,0.00,0.00
2017.05.05 17:40:26.884,12.27769,12.28028,0.00,0.00
2017.05.05 17:40:27.293,12.27769,12.28022,0.00,0.00
2017.05.05 17:40:27.686,12.27769,12.28011,0.00,0.00
2017.05.05 17:40:27.787,12.27769,12.28028,0.00,0.00
2017.05.05 17:40:28.812,12.27749,12.27948,0.00,0.00
2017.05.05 17:40:28.913,12.27738,12.27979,0.00,0.00
2017.05.05 17:40:29.015,12.27721,12.27932,0.00,0.00
2017.05.05 17:40:29.116,12.27721,12.27961,0.00,0.00
2017.05.05 17:40:29.245,12.27721,12.27979,0.00,0.00
2017.05.05 17:40:29.295,12.27721,12.27961,0.00,0.00
2017.05.05 17:40:29.396,12.27721,12.27972,0.00,0.00
2017.05.05 17:40:29.587,12.27688,12.27928,0.00,0.00
2017.05.05 17:40:29.739,12.27679,12.27929,0.00,0.00
2017.05.05 17:40:29.791,12.27668,12.27929,0.00,0.00
2017.05.05 17:40:30.163,12.27721,12.27951,0.00,0.00
2017.05.05 17:40:30.315,12.27721,12.27961,0.00,0.00
2017.05.05 17:40:30.416,12.27721,12.27979,0.00,0.00
2017.05.05 17:40:30.995,12.27722,12.27978,0.00,0.00
2017.05.05 17:40:32.147,12.27719,12.27929,0.00,0.00
2017.05.05 17:40:32.349,12.27661,12.27929,0.00,0.00
2017.05.05 17:40:33.029,12.27668,12.27929,0.00,0.00
2017.05.05 17:40:33.899,12.27661,12.27929,0.00,0.00
2017.05.05 17:40:34.101,12.27662,12.27922,0.00,0.00
2017.05.05 17:40:34.612,12.27661,12.27922,0.00,0.00
2017.05.05 17:40:35.785,12.27662,12.27922,0.00,0.00
2017.05.05 17:40:35.902,12.27661,12.27929,0.00,0.00
2017.05.05 17:40:36.003,12.27661,12.27922,0.00,0.00
2017.05.05 17:40:37.872,12.27662,12.27922,0.00,0.00
2017.05.05 17:40:37.922,12.27662,12.27928,0.00,0.00
2017.05.05 17:40:38.023,12.27662,12.27912,0.00,0.00
2017.05.05 17:40:38.597,12.27661,12.27912,0.00,0.00
2017.05.05 17:40:38.806,12.27661,12.27921,0.00,0.00
2017.05.05 17:40:41.285,12.27662,12.27921,0.00,0.00
2017.05.05 17:40:41.411,12.27662,12.27928,0.00,0.00
2017.05.05 17:40:41.616,12.27662,12.27912,0.00,0.00
2017.05.05 17:40:42.552,12.27661,12.27912,0.00,0.00
2017.05.05 17:40:42.713,12.27661,12.27929,0.00,0.00
2017.05.05 17:40:42.814,12.27661,12.27911,0.00,0.00
2017.05.05 17:40:43.213,12.27661,12.27929,0.00,0.00
2017.05.05 17:40:44.615,12.27661,12.27912,0.00,0.00
2017.05.05 17:40:44.715,12.27669,12.27929,0.00,0.00
2017.05.05 17:40:45.866,12.27768,12.27948,0.00,0.00
2017.05.05 17:40:45.917,12.27768,12.27951,0.00,0.00
2017.05.05 17:40:46.018,12.27768,12.27961,0.00,0.00
2017.05.05 17:40:46.119,12.27768,12.28011,0.00,0.00
2017.05.05 17:40:46.236,12.27768,12.28029,0.00,0.00
2017.05.05 17:40:46.718,12.27768,12.28021,0.00,0.00
2017.05.05 17:40:47.047,12.27768,12.28012,0.00,0.00
2017.05.05 17:40:47.148,12.27768,12.28022,0.00,0.00
2017.05.05 17:40:47.377,12.27738,12.27998,0.00,0.00
2017.05.05 17:40:47.428,12.27731,12.27998,0.00,0.00
2017.05.05 17:40:47.555,12.27732,12.27982,0.00,0.00
2017.05.05 17:40:48.166,12.27731,12.27982,0.00,0.00
2017.05.05 17:40:48.222,12.27731,12.27991,0.00,0.00
2017.05.05 17:40:48.422,12.27731,12.27982,0.00,0.00
2017.05.05 17:40:48.546,12.27731,12.27991,0.00,0.00
2017.05.05 17:40:50.197,12.27732,12.27991,0.00,0.00
2017.05.05 17:40:50.413,12.27768,12.27991,0.00,0.00
2017.05.05 17:40:50.564,12.27768,12.28011,0.00,0.00
2017.05.05 17:40:50.626,12.27768,12.28029,0.00,0.00
2017.05.05 17:40:51.653,12.27768,12.28028,0.00,0.00
2017.05.05 17:40:51.929,12.27768,12.28022,0.00,0.00
2017.05.05 17:40:53.032,12.27768,12.28029,0.00,0.00
2017.05.05 17:40:53.826,12.27768,12.28028,0.00,0.00
2017.05.05 17:40:54.135,12.27768,12.28012,0.00,0.00
2017.05.05 17:40:54.535,12.27768,12.28022,0.00,0.00
2017.05.05 17:40:54.682,12.27768,12.28011,0.00,0.00
2017.05.05 17:40:54.736,12.27768,12.28028,0.00,0.00
2017.05.05 17:40:54.837,12.27768,12.28022,0.00,0.00
2017.05.05 17:40:55.974,12.27761,12.28011,0.00,0.00
2017.05.05 17:40:56.338,12.27769,12.28029,0.00,0.00
2017.05.05 17:40:56.872,12.27769,12.28028,0.00,0.00
2017.05.05 17:40:56.973,12.27769,12.28012,0.00,0.00
2017.05.05 17:40:57.239,12.27669,12.27929,0.00,0.00
2017.05.05 17:40:57.654,12.27669,12.27912,0.00,0.00
2017.05.05 17:40:58.787,12.27669,12.27922,0.00,0.00
2017.05.05 17:40:58.842,12.27669,12.27929,0.00,0.00
2017.05.05 17:41:01.089,12.27669,12.27928,0.00,0.00
2017.05.05 17:41:03.172,12.27669,12.27929,0.00,0.00
2017.05.05 17:41:03.736,12.27669,12.27928,0.00,0.00
2017.05.05 17:41:03.786,12.27669,12.27922,0.00,0.00
2017.05.05 17:41:03.950,12.27669,12.27928,0.00,0.00
2017.05.05 17:41:04.050,12.27669,12.27922,0.00,0.00
2017.05.05 17:41:04.151,12.27669,12.27929,0.00,0.00
2017.05.05 17:41:04.351,12.27669,12.27922,0.00,0.00
2017.05.05 17:41:04.651,12.27669,12.27929,0.00,0.00
2017.05.05 17:41:05.868,12.27669,12.27922,0.00,0.00
2017.05.05 17:41:06.761,12.27669,12.27929,0.00,0.00
2017.05.05 17:41:07.354,12.27669,12.27921,0.00,0.00
2017.05.05 17:41:08.492,12.27669,12.27929,0.00,0.00
2017.05.05 17:41:08.556,12.27669,12.27922,0.00,0.00
2017.05.05 17:41:08.656,12.27669,12.27929,0.00,0.00
2017.05.05 17:41:09.169,12.27669,12.27928,0.00,0.00
2017.05.05 17:41:09.392,12.27762,12.27938,0.00,0.00
2017.05.05 17:41:09.442,12.27732,12.27928,0.00,0.00
2017.05.05 17:41:09.493,12.27731,12.27952,0.00,0.00
2017.05.05 17:41:09.594,12.27732,12.27962,0.00,0.00
2017.05.05 17:41:09.695,12.27732,12.27982,0.00,0.00
2017.05.05 17:41:09.858,12.27732,12.27962,0.00,0.00
2017.05.05 17:41:10.674,12.27731,12.27962,0.00,0.00
2017.05.05 17:41:10.986,12.27768,12.27998,0.00,0.00
2017.05.05 17:41:11.504,12.27728,12.27929,0.00,0.00
2017.05.05 17:41:11.605,12.27708,12.27929,0.00,0.00
2017.05.05 17:41:11.656,12.27721,12.27961,0.00,0.00
2017.05.05 17:41:11.757,12.27762,12.27978,0.00,0.00
2017.05.05 17:41:12.009,12.27768,12.27992,0.00,0.00
2017.05.05 17:41:12.111,12.27768,12.28011,0.00,0.00
2017.05.05 17:41:12.212,12.27768,12.28021,0.00,0.00
2017.05.05 17:41:12.693,12.27768,12.28028,0.00,0.00
2017.05.05 17:41:12.962,12.27768,12.28021,0.00,0.00
2017.05.05 17:41:13.665,12.27768,12.28028,0.00,0.00
2017.05.05 17:41:13.716,12.27822,12.28028,0.00,0.00
2017.05.05 17:41:13.932,12.27779,12.28028,0.00,0.00
2017.05.05 17:41:14.083,12.27769,12.28022,0.00,0.00
2017.05.05 17:41:14.865,12.27769,12.28029,0.00,0.00
2017.05.05 17:41:15.466,12.27769,12.28011,0.00,0.00
2017.05.05 17:41:16.503,12.27769,12.28022,0.00,0.00
2017.05.05 17:41:17.372,12.27769,12.28012,0.00,0.00
2017.05.05 17:41:17.468,12.27769,12.28029,0.00,0.00
2017.05.05 17:41:18.372,12.27769,12.28021,0.00,0.00
2017.05.05 17:41:18.473,12.27769,12.28029,0.00,0.00
2017.05.05 17:41:18.692,12.27769,12.28002,0.00,0.00
2017.05.05 17:41:18.944,12.27768,12.28021,0.00,0.00
2017.05.05 17:41:18.995,12.27778,12.28028,0.00,0.00
2017.05.05 17:41:19.071,12.27768,12.28028,0.00,0.00
2017.05.05 17:41:19.172,12.27768,12.28011,0.00,0.00
2017.05.05 17:41:19.784,12.27768,12.28029,0.00,0.00
2017.05.05 17:41:19.885,12.27768,12.28002,0.00,0.00
2017.05.05 17:41:20.152,12.27741,12.27999,0.00,0.00
2017.05.05 17:41:20.203,12.27731,12.27989,0.00,0.00
2017.05.05 17:41:20.505,12.27731,12.27971,0.00,0.00
2017.05.05 17:41:20.606,12.27732,12.27988,0.00,0.00
2017.05.05 17:41:20.708,12.27731,12.27949,0.00,0.00
2017.05.05 17:41:20.859,12.27732,12.27982,0.00,0.00
2017.05.05 17:41:20.910,12.27719,12.27942,0.00,0.00
2017.05.05 17:41:21.091,12.27669,12.27921,0.00,0.00
2017.05.05 17:41:22.475,12.27669,12.27928,0.00,0.00
2017.05.05 17:41:23.885,12.27669,12.27929,0.00,0.00
2017.05.05 17:41:24.378,12.27669,12.27922,0.00,0.00
2017.05.05 17:41:25.193,12.27669,12.27929,0.00,0.00
2017.05.05 17:41:25.294,12.27669,12.27942,0.00,0.00
2017.05.05 17:41:25.396,12.27669,12.27929,0.00,0.00
2017.05.05 17:41:26.012,12.27669,12.27928,0.00,0.00
2017.05.05 17:41:26.647,12.27669,12.27922,0.00,0.00
2017.05.05 17:41:26.782,12.27669,12.27929,0.00,0.00
2017.05.05 17:41:27.357,12.27669,12.27928,0.00,0.00
2017.05.05 17:41:27.492,12.27669,12.27911,0.00,0.00
2017.05.05 17:41:28.784,12.27669,12.27921,0.00,0.00
2017.05.05 17:41:30.086,12.27669,12.27929,0.00,0.00
2017.05.05 17:41:30.186,12.27678,12.27929,0.00,0.00
2017.05.05 17:41:30.402,12.27678,12.27948,0.00,0.00
2017.05.05 17:41:30.686,12.27669,12.27948,0.00,0.00
2017.05.05 17:41:31.116,12.27701,12.27949,0.00,0.00
2017.05.05 17:41:31.499,12.27678,12.27929,0.00,0.00
2017.05.05 17:41:31.600,12.27668,12.27928,0.00,0.00
2017.05.05 17:41:31.702,12.27668,12.27911,0.00,0.00
2017.05.05 17:41:35.092,12.27668,12.27912,0.00,0.00
2017.05.05 17:41:35.293,12.27668,12.27928,0.00,0.00
2017.05.05 17:41:35.393,12.27668,12.27922,0.00,0.00
2017.05.05 17:41:35.693,12.27668,12.27928,0.00,0.00
2017.05.05 17:41:37.281,12.27668,12.27929,0.00,0.00
2017.05.05 17:41:37.395,12.27668,12.27912,0.00,0.00
2017.05.05 17:41:44.002,12.27668,12.27928,0.00,0.00
2017.05.05 17:41:44.894,12.27668,12.27929,0.00,0.00
2017.05.05 17:41:45.003,12.27668,12.27921,0.00,0.00
2017.05.05 17:41:45.103,12.27668,12.27929,0.00,0.00
2017.05.05 17:41:45.705,12.27668,12.27849,0.00,0.00
2017.05.05 17:41:45.756,12.27661,12.27899,0.00,0.00
2017.05.05 17:41:45.807,12.27641,12.27899,0.00,0.00
2017.05.05 17:41:45.858,12.27668,12.27899,0.00,0.00
2017.05.05 17:41:47.490,12.27668,12.27829,0.00,0.00
2017.05.05 17:41:47.541,12.27619,12.27828,0.00,0.00
2017.05.05 17:41:47.642,12.27609,12.27829,0.00,0.00
2017.05.05 17:41:47.707,12.27569,12.27829,0.00,0.00
2017.05.05 17:41:48.934,12.27569,12.27828,0.00,0.00
2017.05.05 17:41:49.241,12.27569,12.27811,0.00,0.00
2017.05.05 17:41:49.309,12.27569,12.27828,0.00,0.00
2017.05.05 17:41:49.409,12.27569,12.27811,0.00,0.00
2017.05.05 17:41:49.510,12.27569,12.27828,0.00,0.00
2017.05.05 17:41:49.610,12.27569,12.27821,0.00,0.00
2017.05.05 17:41:49.842,12.27569,12.27829,0.00,0.00
2017.05.05 17:41:49.910,12.27569,12.27821,0.00,0.00
2017.05.05 17:41:50.712,12.27569,12.27811,0.00,0.00
2017.05.05 17:41:51.012,12.27569,12.27822,0.00,0.00
2017.05.05 17:41:51.212,12.27569,12.27812,0.00,0.00
2017.05.05 17:41:51.414,12.27569,12.27821,0.00,0.00
2017.05.05 17:41:51.515,12.27569,12.27829,0.00,0.00
2017.05.05 17:41:52.106,12.27569,12.27828,0.00,0.00
2017.05.05 17:41:52.514,12.27569,12.27821,0.00,0.00
2017.05.05 17:41:53.028,12.27569,12.27812,0.00,0.00
2017.05.05 17:41:53.147,12.27569,12.27829,0.00,0.00
2017.05.05 17:41:53.215,12.27569,12.27812,0.00,0.00
2017.05.05 17:41:54.335,12.27561,12.27779,0.00,0.00
2017.05.05 17:41:54.385,12.27542,12.27778,0.00,0.00
2017.05.05 17:41:54.436,12.27568,12.27779,0.00,0.00
2017.05.05 17:41:55.018,12.27568,12.27778,0.00,0.00
2017.05.05 17:41:55.572,12.27568,12.27779,0.00,0.00
2017.05.05 17:41:56.868,12.27568,12.27778,0.00,0.00
2017.05.05 17:41:57.322,12.27522,12.27748,0.00,0.00
2017.05.05 17:41:57.423,12.27528,12.27748,0.00,0.00
2017.05.05 17:41:57.640,12.27469,12.27742,0.00,0.00
2017.05.05 17:41:57.922,12.27469,12.27748,0.00,0.00
2017.05.05 17:41:58.022,12.27478,12.27748,0.00,0.00
2017.05.05 17:41:58.425,12.27469,12.27748,0.00,0.00
2017.05.05 17:41:59.033,12.27469,12.27742,0.00,0.00
2017.05.05 17:41:59.224,12.27469,12.27748,0.00,0.00
2017.05.05 17:41:59.324,12.27479,12.27748,0.00,0.00
2017.05.05 17:41:59.773,12.27561,12.27748,0.00,0.00
2017.05.05 17:41:59.824,12.27541,12.27751,0.00,0.00
2017.05.05 17:41:59.874,12.27541,12.27742,0.00,0.00
2017.05.05 17:41:59.975,12.27569,12.27778,0.00,0.00
2017.05.05 17:42:00.224,12.27542,12.27778,0.00,0.00
2017.05.05 17:42:00.276,12.27529,12.27729,0.00,0.00
2017.05.05 17:42:00.327,12.27518,12.27729,0.00,0.00
2017.05.05 17:42:00.428,12.27531,12.27742,0.00,0.00
2017.05.05 17:42:00.630,12.27568,12.27798,0.00,0.00
2017.05.05 17:42:01.227,12.27568,12.27799,0.00,0.00
2017.05.05 17:42:01.377,12.27568,12.27788,0.00,0.00
2017.05.05 17:42:01.428,12.27549,12.27778,0.00,0.00
2017.05.05 17:42:01.529,12.27532,12.27772,0.00,0.00
2017.05.05 17:42:01.655,12.27569,12.27772,0.00,0.00
2017.05.05 17:42:01.756,12.27569,12.27812,0.00,0.00
2017.05.05 17:42:01.874,12.27569,12.27822,0.00,0.00
2017.05.05 17:42:01.929,12.27569,12.27828,0.00,0.00
2017.05.05 17:42:02.129,12.27569,12.27811,0.00,0.00
2017.05.05 17:42:02.230,12.27569,12.27829,0.00,0.00
2017.05.05 17:42:02.935,12.27569,12.27828,0.00,0.00
2017.05.05 17:42:03.131,12.27569,12.27822,0.00,0.00
2017.05.05 17:42:04.333,12.27569,12.27828,0.00,0.00
2017.05.05 17:42:04.434,12.27569,12.27821,0.00,0.00
2017.05.05 17:42:04.861,12.27569,12.27811,0.00,0.00
2017.05.05 17:42:04.962,12.27569,12.27829,0.00,0.00
2017.05.05 17:42:05.164,12.27549,12.27749,0.00,0.00
2017.05.05 17:42:05.266,12.27528,12.27748,0.00,0.00
2017.05.05 17:42:05.367,12.27488,12.27749,0.00,0.00
2017.05.05 17:42:05.468,12.27469,12.27742,0.00,0.00
2017.05.05 17:42:06.253,12.27561,12.27742,0.00,0.00
2017.05.05 17:42:06.354,12.27561,12.27762,0.00,0.00
2017.05.05 17:42:06.404,12.27569,12.27762,0.00,0.00
2017.05.05 17:42:06.455,12.27569,12.27829,0.00,0.00
2017.05.05 17:42:06.937,12.27569,12.27811,0.00,0.00
2017.05.05 17:42:07.394,12.27561,12.27811,0.00,0.00
2017.05.05 17:42:07.445,12.27548,12.27748,0.00,0.00
2017.05.05 17:42:07.546,12.27521,12.27729,0.00,0.00
2017.05.05 17:42:08.082,12.27531,12.27748,0.00,0.00
2017.05.05 17:42:08.133,12.27532,12.27751,0.00,0.00
2017.05.05 17:42:08.239,12.27531,12.27771,0.00,0.00
2017.05.05 17:42:08.340,12.27532,12.27788,0.00,0.00
2017.05.05 17:42:08.804,12.27518,12.27748,0.00,0.00
2017.05.05 17:42:08.855,12.27498,12.27748,0.00,0.00
2017.05.05 17:42:08.906,12.27498,12.27729,0.00,0.00
2017.05.05 17:42:08.956,12.27468,12.27729,0.00,0.00
2017.05.05 17:42:09.763,12.27468,12.27728,0.00,0.00
2017.05.05 17:42:10.304,12.27468,12.27729,0.00,0.00
2017.05.05 17:42:10.882,12.27468,12.27728,0.00,0.00
2017.05.05 17:42:11.043,12.27479,12.27728,0.00,0.00
2017.05.05 17:42:11.143,12.27468,12.27728,0.00,0.00
2017.05.05 17:42:11.345,12.27468,12.27722,0.00,0.00
2017.05.05 17:42:11.443,12.27468,12.27728,0.00,0.00
2017.05.05 17:42:11.792,12.27468,12.27722,0.00,0.00
2017.05.05 17:42:12.558,12.27438,12.27629,0.00,0.00
2017.05.05 17:42:12.609,12.27438,12.27649,0.00,0.00
2017.05.05 17:42:12.660,12.27468,12.27699,0.00,0.00
2017.05.05 17:42:12.711,12.27468,12.27729,0.00,0.00
2017.05.05 17:42:12.761,12.27468,12.27652,0.00,0.00
2017.05.05 17:42:12.862,12.27468,12.27692,0.00,0.00
2017.05.05 17:42:12.963,12.27468,12.27729,0.00,0.00
2017.05.05 17:42:13.182,12.27468,12.27722,0.00,0.00
2017.05.05 17:42:13.566,12.27468,12.27702,0.00,0.00
2017.05.05 17:42:13.667,12.27468,12.27718,0.00,0.00
2017.05.05 17:42:13.811,12.27468,12.27729,0.00,0.00
2017.05.05 17:42:14.292,12.27459,12.27649,0.00,0.00
2017.05.05 17:42:14.394,12.27428,12.27629,0.00,0.00
2017.05.05 17:42:14.448,12.27369,12.27629,0.00,0.00
2017.05.05 17:42:15.449,12.27378,12.27629,0.00,0.00
2017.05.05 17:42:15.549,12.27369,12.27629,0.00,0.00
2017.05.05 17:42:16.082,12.27369,12.27628,0.00,0.00
2017.05.05 17:42:16.643,12.27369,12.27629,0.00,0.00
2017.05.05 17:42:16.751,12.27378,12.27629,0.00,0.00
2017.05.05 17:42:16.852,12.27369,12.27628,0.00,0.00
2017.05.05 17:42:18.241,12.27369,12.27629,0.00,0.00
2017.05.05 17:42:18.393,12.27369,12.27621,0.00,0.00
2017.05.05 17:42:18.668,12.27469,12.27729,0.00,0.00
2017.05.05 17:42:19.455,12.27469,12.27721,0.00,0.00
2017.05.05 17:42:19.682,12.27469,12.27728,0.00,0.00
2017.05.05 17:42:19.963,12.27478,12.27728,0.00,0.00
2017.05.05 17:42:20.456,12.27469,12.27728,0.00,0.00
2017.05.05 17:42:20.556,12.27478,12.27728,0.00,0.00
2017.05.05 17:42:21.264,12.27478,12.27729,0.00,0.00
2017.05.05 17:42:21.974,12.27478,12.27728,0.00,0.00
2017.05.05 17:42:22.083,12.27469,12.27729,0.00,0.00
2017.05.05 17:42:24.398,12.27469,12.27728,0.00,0.00
2017.05.05 17:42:25.224,12.27469,12.27729,0.00,0.00
2017.05.05 17:42:25.813,12.27469,12.27728,0.00,0.00
2017.05.05 17:42:25.864,12.27469,12.27721,0.00,0.00
2017.05.05 17:42:25.965,12.27469,12.27729,0.00,0.00
2017.05.05 17:42:28.245,12.27469,12.27728,0.00,0.00
2017.05.05 17:42:28.391,12.27469,12.27722,0.00,0.00
2017.05.05 17:42:28.669,12.27469,12.27728,0.00,0.00
2017.05.05 17:42:30.221,12.27469,12.27729,0.00,0.00
2017.05.05 17:42:30.371,12.27479,12.27729,0.00,0.00
2017.05.05 17:42:30.921,12.27469,12.27729,0.00,0.00
2017.05.05 17:42:31.373,12.27469,12.27722,0.00,0.00
2017.05.05 17:42:33.176,12.27469,12.27728,0.00,0.00
2017.05.05 17:42:33.377,12.27479,12.27728,0.00,0.00
2017.05.05 17:42:33.801,12.27561,12.27761,0.00,0.00
2017.05.05 17:42:34.003,12.27569,12.27828,0.00,0.00
2017.05.05 17:42:34.105,12.27569,12.27811,0.00,0.00
2017.05.05 17:42:34.307,12.27569,12.27829,0.00,0.00
2017.05.05 17:42:34.378,12.27569,12.27811,0.00,0.00
2017.05.05 17:42:34.680,12.27569,12.27829,0.00,0.00
2017.05.05 17:42:35.992,12.27569,12.27821,0.00,0.00
2017.05.05 17:42:36.093,12.27569,12.27829,0.00,0.00
2017.05.05 17:42:36.581,12.27569,12.27812,0.00,0.00
2017.05.05 17:42:38.172,12.27569,12.27728,0.00,0.00
2017.05.05 17:42:38.223,12.27548,12.27729,0.00,0.00
2017.05.05 17:42:38.324,12.27471,12.27728,0.00,0.00
2017.05.05 17:42:38.425,12.27468,12.27629,0.00,0.00
2017.05.05 17:42:38.526,12.27448,12.27629,0.00,0.00
2017.05.05 17:42:38.627,12.27369,12.27602,0.00,0.00
2017.05.05 17:42:38.728,12.27369,12.27612,0.00,0.00
2017.05.05 17:42:38.829,12.27369,12.27629,0.00,0.00
2017.05.05 17:42:38.922,12.27369,12.27611,0.00,0.00
2017.05.05 17:42:39.128,12.27369,12.27628,0.00,0.00
2017.05.05 17:42:39.433,12.27369,12.27612,0.00,0.00
2017.05.05 17:42:39.753,12.27369,12.27628,0.00,0.00
2017.05.05 17:42:40.491,12.27369,12.27622,0.00,0.00
2017.05.05 17:42:40.994,12.27369,12.27629,0.00,0.00
2017.05.05 17:42:41.095,12.27369,12.27611,0.00,0.00
2017.05.05 17:42:44.329,12.27369,12.27628,0.00,0.00
2017.05.05 17:42:44.395,12.27369,12.27601,0.00,0.00
2017.05.05 17:42:44.496,12.27369,12.27629,0.00,0.00
2017.05.05 17:42:44.833,12.27369,12.27622,0.00,0.00
2017.05.05 17:42:45.394,12.27369,12.27621,0.00,0.00
2017.05.05 17:42:46.091,12.27461,12.27621,0.00,0.00
2017.05.05 17:42:46.193,12.27418,12.27601,0.00,0.00
2017.05.05 17:42:46.244,12.27419,12.27629,0.00,0.00
2017.05.05 17:42:46.345,12.27368,12.27628,0.00,0.00
2017.05.05 17:42:46.446,12.27368,12.27602,0.00,0.00
2017.05.05 17:42:46.700,12.27368,12.27611,0.00,0.00
2017.05.05 17:42:48.729,12.27368,12.27591,0.00,0.00
2017.05.05 17:42:49.522,12.27368,12.27582,0.00,0.00
2017.05.05 17:42:49.652,12.27318,12.27572,0.00,0.00
2017.05.05 17:42:49.703,12.27288,12.27562,0.00,0.00
2017.05.05 17:42:49.754,12.27268,12.27522,0.00,0.00
2017.05.05 17:42:49.917,12.27268,12.27532,0.00,0.00
2017.05.05 17:42:50.989,12.27368,12.27532,0.00,0.00
2017.05.05 17:42:51.039,12.27368,12.27542,0.00,0.00
2017.05.05 17:42:51.141,12.27368,12.27612,0.00,0.00
2017.05.05 17:42:52.032,12.27461,12.27612,0.00,0.00
2017.05.05 17:42:52.211,12.27469,12.27722,0.00,0.00
2017.05.05 17:42:52.808,12.27469,12.27692,0.00,0.00
2017.05.05 17:42:53.136,12.27469,12.27722,0.00,0.00
2017.05.05 17:42:53.649,12.27661,12.27761,0.00,0.00
2017.05.05 17:42:53.750,12.27661,12.27761,0.00,0.00
2017.05.05 17:42:53.801,12.27669,12.27769,0.00,0.00
2017.05.05 17:42:53.852,12.27669,12.27889,0.00,0.00
2017.05.05 17:42:54.256,12.27669,12.27838,0.00,0.00
2017.05.05 17:42:54.307,12.27618,12.27829,0.00,0.00
2017.05.05 17:42:54.458,12.27609,12.27828,0.00,0.00
2017.05.05 17:42:54.512,12.27569,12.27812,0.00,0.00
2017.05.05 17:42:54.613,12.27569,12.27822,0.00,0.00
2017.05.05 17:42:54.734,12.27569,12.27812,0.00,0.00
2017.05.05 17:42:55.153,12.27569,12.27822,0.00,0.00
2017.05.05 17:42:55.214,12.27569,12.27812,0.00,0.00
2017.05.05 17:42:55.314,12.27569,12.27821,0.00,0.00
2017.05.05 17:42:55.416,12.27569,12.27828,0.00,0.00
2017.05.05 17:42:55.517,12.27569,12.27821,0.00,0.00
2017.05.05 17:42:55.637,12.27569,12.27829,0.00,0.00
2017.05.05 17:42:55.738,12.27569,12.27802,0.00,0.00
2017.05.05 17:42:55.934,12.27569,12.27829,0.00,0.00
2017.05.05 17:42:56.721,12.27569,12.27812,0.00,0.00
2017.05.05 17:42:57.318,12.27569,12.27821,0.00,0.00
2017.05.05 17:42:57.562,12.27569,12.27829,0.00,0.00
2017.05.05 17:42:57.618,12.27569,12.27802,0.00,0.00
2017.05.05 17:42:59.262,12.27569,12.27822,0.00,0.00
2017.05.05 17:42:59.363,12.27569,12.27791,0.00,0.00
2017.05.05 17:43:00.123,12.27569,12.27821,0.00,0.00
2017.05.05 17:43:01.023,12.27569,12.27811,0.00,0.00
2017.05.05 17:43:01.174,12.27469,12.27729,0.00,0.00
2017.05.05 17:43:01.439,12.27469,12.27691,0.00,0.00
2017.05.05 17:43:01.868,12.27469,12.27712,0.00,0.00
2017.05.05 17:43:02.140,12.27469,12.27701,0.00,0.00
2017.05.05 17:43:02.707,12.27469,12.27682,0.00,0.00
2017.05.05 17:43:03.138,12.27469,12.27671,0.00,0.00
2017.05.05 17:43:03.427,12.27469,12.27692,0.00,0.00
2017.05.05 17:43:03.894,12.27521,12.27692,0.00,0.00
2017.05.05 17:43:04.040,12.27568,12.27802,0.00,0.00
2017.05.05 17:43:04.228,12.27568,12.27771,0.00,0.00
2017.05.05 17:43:04.529,12.27568,12.27791,0.00,0.00
2017.05.05 17:43:06.462,12.27568,12.27802,0.00,0.00
2017.05.05 17:43:06.532,12.27568,12.27812,0.00,0.00
2017.05.05 17:43:07.071,12.27568,12.27781,0.00,0.00
2017.05.05 17:43:08.137,12.27568,12.27802,0.00,0.00
2017.05.05 17:43:08.237,12.27568,12.27812,0.00,0.00
2017.05.05 17:43:08.442,12.27568,12.27802,0.00,0.00
2017.05.05 17:43:10.242,12.27568,12.27811,0.00,0.00
2017.05.05 17:43:10.373,12.27568,12.27801,0.00,0.00
2017.05.05 17:43:14.663,12.27568,12.27792,0.00,0.00
2017.05.05 17:43:14.885,12.27568,12.27801,0.00,0.00
2017.05.05 17:43:14.986,12.27568,12.27781,0.00,0.00
2017.05.05 17:43:15.153,12.27568,12.27812,0.00,0.00
2017.05.05 17:43:16.449,12.27568,12.27791,0.00,0.00
2017.05.05 17:43:17.059,12.27568,12.27812,0.00,0.00
2017.05.05 17:43:19.411,12.27661,12.27812,0.00,0.00
2017.05.05 17:43:19.462,12.27661,12.27832,0.00,0.00
2017.05.05 17:43:19.513,12.27669,12.27832,0.00,0.00
2017.05.05 17:43:19.563,12.27669,12.27899,0.00,0.00
2017.05.05 17:43:19.689,12.27669,12.27871,0.00,0.00
2017.05.05 17:43:19.756,12.27669,12.27892,0.00,0.00
2017.05.05 17:43:20.366,12.27669,12.27872,0.00,0.00
2017.05.05 17:43:21.460,12.27669,12.27892,0.00,0.00
2017.05.05 17:43:22.303,12.27669,12.27882,0.00,0.00
2017.05.05 17:43:22.404,12.27669,12.27891,0.00,0.00
2017.05.05 17:43:24.671,12.27669,12.27882,0.00,0.00
2017.05.05 17:43:25.586,12.27669,12.27871,0.00,0.00
2017.05.05 17:43:25.788,12.27719,12.27932,0.00,0.00
2017.05.05 17:43:26.078,12.27719,12.27911,0.00,0.00
2017.05.05 17:43:26.166,12.27719,12.27932,0.00,0.00
2017.05.05 17:43:26.408,12.27719,12.27912,0.00,0.00
2017.05.05 17:43:26.667,12.27719,12.27921,0.00,0.00
2017.05.05 17:43:27.070,12.27769,12.27921,0.00,0.00
2017.05.05 17:43:27.272,12.27769,12.27971,0.00,0.00
2017.05.05 17:43:27.399,12.27769,12.27992,0.00,0.00
2017.05.05 17:43:27.596,12.27769,12.27961,0.00,0.00
2017.05.05 17:43:28.109,12.27769,12.27992,0.00,0.00
2017.05.05 17:43:31.580,12.27769,12.27972,0.00,0.00
2017.05.05 17:43:32.033,12.27769,12.27961,0.00,0.00
2017.05.05 17:43:32.473,12.27832,12.27961,0.00,0.00
2017.05.05 17:43:32.524,12.27831,12.27992,0.00,0.00
2017.05.05 17:43:32.625,12.27762,12.28021,0.00,0.00
2017.05.05 17:43:32.771,12.27762,12.28012,0.00,0.00
2017.05.05 17:43:33.073,12.27762,12.27981,0.00,0.00
2017.05.05 17:43:33.284,12.27761,12.28002,0.00,0.00
2017.05.05 17:43:33.702,12.27761,12.27992,0.00,0.00
2017.05.05 17:43:33.787,12.27761,12.28001,0.00,0.00
2017.05.05 17:43:34.092,12.27761,12.27982,0.00,0.00
2017.05.05 17:43:34.488,12.27761,12.27991,0.00,0.00
2017.05.05 17:43:34.589,12.27761,12.28002,0.00,0.00
2017.05.05 17:43:34.901,12.27762,12.27982,0.00,0.00
2017.05.05 17:43:35.005,12.27761,12.28002,0.00,0.00
2017.05.05 17:43:36.704,12.27761,12.27992,0.00,0.00
2017.05.05 17:43:37.240,12.27761,12.27982,0.00,0.00
2017.05.05 17:43:37.594,12.27761,12.28002,0.00,0.00
2017.05.05 17:43:38.833,12.27762,12.28002,0.00,0.00
2017.05.05 17:43:38.934,12.27761,12.27972,0.00,0.00
2017.05.05 17:43:40.073,12.27762,12.27972,0.00,0.00
2017.05.05 17:43:42.202,12.27762,12.27952,0.00,0.00
2017.05.05 17:43:42.803,12.27762,12.27971,0.00,0.00
2017.05.05 17:43:42.903,12.27762,12.27982,0.00,0.00
2017.05.05 17:43:43.587,12.27761,12.27982,0.00,0.00
2017.05.05 17:43:44.752,12.27762,12.27982,0.00,0.00
2017.05.05 17:43:44.853,12.27761,12.27972,0.00,0.00
2017.05.05 17:43:45.925,12.27809,12.27981,0.00,0.00
2017.05.05 17:43:46.027,12.27761,12.28011,0.00,0.00
2017.05.05 17:43:46.128,12.27761,12.27992,0.00,0.00
2017.05.05 17:43:46.468,12.27761,12.27971,0.00,0.00
2017.05.05 17:43:46.906,12.27761,12.27962,0.00,0.00
2017.05.05 17:43:47.235,12.27761,12.27951,0.00,0.00
2017.05.05 17:43:47.819,12.27761,12.27962,0.00,0.00
2017.05.05 17:43:48.114,12.27761,12.27971,0.00,0.00
2017.05.05 17:43:48.215,12.27761,12.27952,0.00,0.00
2017.05.05 17:43:48.886,12.27762,12.27952,0.00,0.00
2017.05.05 17:43:48.941,12.27759,12.27952,0.00,0.00
2017.05.05 17:43:54.418,12.27759,12.27972,0.00,0.00
2017.05.05 17:43:55.679,12.27759,12.27951,0.00,0.00
2017.05.05 17:43:56.424,12.27709,12.27928,0.00,0.00
2017.05.05 17:43:56.525,12.27659,12.27871,0.00,0.00
2017.05.05 17:43:56.828,12.27659,12.27882,0.00,0.00
2017.05.05 17:43:57.693,12.27752,12.27882,0.00,0.00
2017.05.05 17:43:57.844,12.27759,12.27941,0.00,0.00
2017.05.05 17:43:57.946,12.27759,12.27952,0.00,0.00
2017.05.05 17:43:59.241,12.27759,12.27972,0.00,0.00
2017.05.05 17:43:59.761,12.27759,12.27952,0.00,0.00
2017.05.05 17:44:00.161,12.27759,12.27962,0.00,0.00
2017.05.05 17:44:00.426,12.27759,12.27952,0.00,0.00
2017.05.05 17:44:00.578,12.27708,12.27928,0.00,0.00
2017.05.05 17:44:00.679,12.27661,12.27929,0.00,0.00
2017.05.05 17:44:00.730,12.27661,12.27892,0.00,0.00
2017.05.05 17:44:01.102,12.27661,12.27882,0.00,0.00
2017.05.05 17:44:02.464,12.27661,12.27902,0.00,0.00
2017.05.05 17:44:02.565,12.27661,12.27862,0.00,0.00
2017.05.05 17:44:02.666,12.27661,12.27882,0.00,0.00
2017.05.05 17:44:02.767,12.27661,12.27892,0.00,0.00
2017.05.05 17:44:03.174,12.27661,12.27882,0.00,0.00
2017.05.05 17:44:04.652,12.27658,12.27871,0.00,0.00
2017.05.05 17:44:04.991,12.27658,12.27861,0.00,0.00
2017.05.05 17:44:05.760,12.27658,12.27882,0.00,0.00
2017.05.05 17:44:05.837,12.27658,12.27872,0.00,0.00
2017.05.05 17:44:06.481,12.27658,12.27881,0.00,0.00
2017.05.05 17:44:06.582,12.27658,12.27871,0.00,0.00
2017.05.05 17:44:06.639,12.27658,12.27882,0.00,0.00
2017.05.05 17:44:07.942,12.27658,12.27872,0.00,0.00
2017.05.05 17:44:08.280,12.27758,12.27882,0.00,0.00
2017.05.05 17:44:08.330,12.27658,12.27882,0.00,0.00
2017.05.05 17:44:08.381,12.27732,12.27922,0.00,0.00
2017.05.05 17:44:08.482,12.27731,12.27931,0.00,0.00
2017.05.05 17:44:09.500,12.27732,12.27931,0.00,0.00
2017.05.05 17:44:10.018,12.27731,12.27931,0.00,0.00
2017.05.05 17:44:10.399,12.27758,12.27931,0.00,0.00
2017.05.05 17:44:10.547,12.27758,12.27961,0.00,0.00
2017.05.05 17:44:11.248,12.27758,12.27952,0.00,0.00
2017.05.05 17:44:11.390,12.27758,12.27961,0.00,0.00
2017.05.05 17:44:12.050,12.27758,12.27942,0.00,0.00
2017.05.05 17:44:12.151,12.27758,12.27951,0.00,0.00
2017.05.05 17:44:13.262,12.27758,12.27942,0.00,0.00
2017.05.05 17:44:14.152,12.27758,12.27962,0.00,0.00
2017.05.05 17:44:14.423,12.27709,12.27929,0.00,0.00
2017.05.05 17:44:14.525,12.27659,12.27929,0.00,0.00
2017.05.05 17:44:14.575,12.27659,12.27872,0.00,0.00
2017.05.05 17:44:15.185,12.27659,12.27881,0.00,0.00
2017.05.05 17:44:15.271,12.27659,12.27892,0.00,0.00
2017.05.05 17:44:17.393,12.27659,12.27882,0.00,0.00
2017.05.05 17:44:19.602,12.27659,12.27901,0.00,0.00
2017.05.05 17:44:19.703,12.27659,12.27911,0.00,0.00
2017.05.05 17:44:19.754,12.27708,12.27911,0.00,0.00
2017.05.05 17:44:19.905,12.27658,12.27912,0.00,0.00
2017.05.05 17:44:20.006,12.27658,12.27882,0.00,0.00
2017.05.05 17:44:20.429,12.27658,12.27871,0.00,0.00
2017.05.05 17:44:20.961,12.27658,12.27882,0.00,0.00
2017.05.05 17:44:21.162,12.27658,12.27872,0.00,0.00
2017.05.05 17:44:21.262,12.27658,12.27881,0.00,0.00
2017.05.05 17:44:22.163,12.27658,12.27861,0.00,0.00
2017.05.05 17:44:22.865,12.27658,12.27872,0.00,0.00
2017.05.05 17:44:23.265,12.27658,12.27881,0.00,0.00
2017.05.05 17:44:24.211,12.27658,12.27891,0.00,0.00
2017.05.05 17:44:24.568,12.27658,12.27872,0.00,0.00
2017.05.05 17:44:24.778,12.27658,12.27891,0.00,0.00
2017.05.05 17:44:24.868,12.27658,12.27872,0.00,0.00
2017.05.05 17:44:25.684,12.27658,12.27861,0.00,0.00
2017.05.05 17:44:25.770,12.27658,12.27881,0.00,0.00
2017.05.05 17:44:26.471,12.27658,12.27891,0.00,0.00
2017.05.05 17:44:26.711,12.27658,12.27872,0.00,0.00
2017.05.05 17:44:29.019,12.27658,12.27882,0.00,0.00
2017.05.05 17:44:29.582,12.27658,12.27872,0.00,0.00
2017.05.05 17:44:35.019,12.27758,12.27872,0.00,0.00
2017.05.05 17:44:35.121,12.27758,12.27911,0.00,0.00
2017.05.05 17:44:35.222,12.27758,12.27962,0.00,0.00
2017.05.05 17:44:35.323,12.27758,12.27942,0.00,0.00
2017.05.05 17:44:35.424,12.27758,12.27961,0.00,0.00
2017.05.05 17:44:37.086,12.27758,12.27971,0.00,0.00
2017.05.05 17:44:38.788,12.27758,12.27951,0.00,0.00
2017.05.05 17:44:40.240,12.27758,12.27941,0.00,0.00
2017.05.05 17:44:41.943,12.27708,12.27929,0.00,0.00
2017.05.05 17:44:41.993,12.27708,12.27911,0.00,0.00
2017.05.05 17:44:42.044,12.27658,12.27911,0.00,0.00
2017.05.05 17:44:42.095,12.27658,12.27871,0.00,0.00
2017.05.05 17:44:42.323,12.27658,12.27901,0.00,0.00
2017.05.05 17:44:42.424,12.27658,12.27871,0.00,0.00
2017.05.05 17:44:42.603,12.27658,12.27882,0.00,0.00
2017.05.05 17:44:42.693,12.27658,12.27901,0.00,0.00
2017.05.05 17:44:42.900,12.27658,12.27882,0.00,0.00
2017.05.05 17:44:43.493,12.27658,12.27872,0.00,0.00
2017.05.05 17:44:44.942,12.27658,12.27891,0.00,0.00
2017.05.05 17:44:44.996,12.27658,12.27882,0.00,0.00
2017.05.05 17:44:45.096,12.27658,12.27902,0.00,0.00
2017.05.05 17:44:46.513,12.27658,12.27882,0.00,0.00
2017.05.05 17:44:48.202,12.27658,12.27901,0.00,0.00
2017.05.05 17:44:49.904,12.27658,12.27891,0.00,0.00
2017.05.05 17:44:50.231,12.27658,12.27881,0.00,0.00
2017.05.05 17:44:50.388,12.27658,12.27892,0.00,0.00
2017.05.05 17:44:50.439,12.27658,12.27871,0.00,0.00
2017.05.05 17:44:54.521,12.27658,12.27891,0.00,0.00
2017.05.05 17:44:54.622,12.27658,12.27862,0.00,0.00
2017.05.05 17:44:55.145,12.27658,12.27872,0.00,0.00
2017.05.05 17:44:55.213,12.27658,12.27862,0.00,0.00
2017.05.05 17:44:55.755,12.27658,12.27882,0.00,0.00
2017.05.05 17:44:55.815,12.27658,12.27871,0.00,0.00
2017.05.05 17:44:56.022,12.27621,12.27862,0.00,0.00
2017.05.05 17:44:56.123,12.27621,12.27811,0.00,0.00
2017.05.05 17:44:56.173,12.27608,12.27811,0.00,0.00
2017.05.05 17:44:56.272,12.27559,12.27811,0.00,0.00
2017.05.05 17:44:56.323,12.27559,12.27781,0.00,0.00
2017.05.05 17:44:56.953,12.27559,12.27802,0.00,0.00
2017.05.05 17:44:57.231,12.27559,12.27771,0.00,0.00
2017.05.05 17:44:57.563,12.27559,12.27761,0.00,0.00
2017.05.05 17:44:57.818,12.27559,12.27782,0.00,0.00
2017.05.05 17:44:58.144,12.27641,12.27782,0.00,0.00
2017.05.05 17:44:58.245,12.27658,12.27801,0.00,0.00
2017.05.05 17:44:58.320,12.27658,12.27851,0.00,0.00
2017.05.05 17:44:58.421,12.27658,12.27861,0.00,0.00
2017.05.05 17:44:59.121,12.27658,12.27851,0.00,0.00
2017.05.05 17:44:59.222,12.27658,12.27861,0.00,0.00
2017.05.05 17:44:59.323,12.27658,12.27871,0.00,0.00
2017.05.05 17:44:59.763,12.27658,12.27862,0.00,0.00
2017.05.05 17:45:00.223,12.27658,12.27872,0.00,0.00
2017.05.05 17:45:00.753,12.27658,12.27862,0.00,0.00
2017.05.05 17:45:01.155,12.27658,12.27882,0.00,0.00
2017.05.05 17:45:01.527,12.27658,12.27852,0.00,0.00
2017.05.05 17:45:01.627,12.27658,12.27861,0.00,0.00
2017.05.05 17:45:01.728,12.27658,12.27852,0.00,0.00
2017.05.05 17:45:02.920,12.27702,12.27852,0.00,0.00
2017.05.05 17:45:03.072,12.27658,12.27881,0.00,0.00
2017.05.05 17:45:03.132,12.27658,12.27912,0.00,0.00
2017.05.05 17:45:03.375,12.27658,12.27892,0.00,0.00
2017.05.05 17:45:03.533,12.27658,12.27911,0.00,0.00
2017.05.05 17:45:03.833,12.27658,12.27892,0.00,0.00
2017.05.05 17:45:04.502,12.27709,12.27892,0.00,0.00
2017.05.05 17:45:04.552,12.27712,12.27911,0.00,0.00
2017.05.05 17:45:04.603,12.27732,12.27911,0.00,0.00
2017.05.05 17:45:04.754,12.27758,12.27942,0.00,0.00
2017.05.05 17:45:04.835,12.27758,12.27932,0.00,0.00
2017.05.05 17:45:05.892,12.27708,12.27932,0.00,0.00
2017.05.05 17:45:05.943,12.27708,12.27942,0.00,0.00
2017.05.05 17:45:06.044,12.27702,12.27891,0.00,0.00
2017.05.05 17:45:06.738,12.27702,12.27902,0.00,0.00
2017.05.05 17:45:07.281,12.27701,12.27902,0.00,0.00
2017.05.05 17:45:07.382,12.27701,12.27911,0.00,0.00
2017.05.05 17:45:07.723,12.27711,12.27911,0.00,0.00
2017.05.05 17:45:07.875,12.27712,12.27932,0.00,0.00
2017.05.05 17:45:07.976,12.27709,12.27932,0.00,0.00
2017.05.05 17:45:08.077,12.27702,12.27932,0.00,0.00
2017.05.05 17:45:08.153,12.27702,12.27891,0.00,0.00
2017.05.05 17:45:08.355,12.27701,12.27912,0.00,0.00
2017.05.05 17:45:08.442,12.27701,12.27922,0.00,0.00
2017.05.05 17:45:09.443,12.27701,12.27912,0.00,0.00
2017.05.05 17:45:10.309,12.27702,12.27912,0.00,0.00
2017.05.05 17:45:11.949,12.27748,12.27922,0.00,0.00
2017.05.05 17:45:12.050,12.27701,12.27882,0.00,0.00
2017.05.05 17:45:12.212,12.27652,12.27882,0.00,0.00
2017.05.05 17:45:12.262,12.27652,12.27902,0.00,0.00
2017.05.05 17:45:12.363,12.27652,12.27861,0.00,0.00
2017.05.05 17:45:12.676,12.27652,12.27852,0.00,0.00
2017.05.05 17:45:14.270,12.27652,12.27862,0.00,0.00
2017.05.05 17:45:14.371,12.27652,12.27882,0.00,0.00
2017.05.05 17:45:14.472,12.27652,12.27852,0.00,0.00
2017.05.05 17:45:14.598,12.27652,12.27881,0.00,0.00
2017.05.05 17:45:14.950,12.27652,12.27852,0.00,0.00
2017.05.05 17:45:15.540,12.27652,12.27842,0.00,0.00
2017.05.05 17:45:16.181,12.27652,12.27861,0.00,0.00
2017.05.05 17:45:18.855,12.27652,12.27852,0.00,0.00
2017.05.05 17:45:19.155,12.27652,12.27862,0.00,0.00
2017.05.05 17:45:22.208,12.27598,12.27829,0.00,0.00
2017.05.05 17:45:22.309,12.27558,12.27841,0.00,0.00
2017.05.05 17:45:22.359,12.27551,12.27792,0.00,0.00
2017.05.05 17:45:22.702,12.27551,12.27802,0.00,0.00
2017.05.05 17:45:22.760,12.27551,12.27781,0.00,0.00
2017.05.05 17:45:24.094,12.27551,12.27801,0.00,0.00
2017.05.05 17:45:24.161,12.27551,12.27771,0.00,0.00
2017.05.05 17:45:26.581,12.27551,12.27802,0.00,0.00
2017.05.05 17:45:27.764,12.27631,12.27802,0.00,0.00
2017.05.05 17:45:27.815,12.27631,12.27812,0.00,0.00
2017.05.05 17:45:27.866,12.27648,12.27812,0.00,0.00
2017.05.05 17:45:27.916,12.27648,12.27842,0.00,0.00
2017.05.05 17:45:28.082,12.27648,12.27822,0.00,0.00
2017.05.05 17:45:28.133,12.27598,12.27822,0.00,0.00
2017.05.05 17:45:28.184,12.27598,12.27829,0.00,0.00
2017.05.05 17:45:28.235,12.27551,12.27828,0.00,0.00
2017.05.05 17:45:28.285,12.27551,12.27782,0.00,0.00
2017.05.05 17:45:28.615,12.27551,12.27801,0.00,0.00
2017.05.05 17:45:28.668,12.27551,12.27791,0.00,0.00
2017.05.05 17:45:32.182,12.27551,12.27772,0.00,0.00
2017.05.05 17:45:32.511,12.27551,12.27751,0.00,0.00
2017.05.05 17:45:32.710,12.27551,12.27762,0.00,0.00
2017.05.05 17:45:32.811,12.27551,12.27791,0.00,0.00
2017.05.05 17:45:32.912,12.27551,12.27802,0.00,0.00
2017.05.05 17:45:35.378,12.27551,12.27792,0.00,0.00
2017.05.05 17:45:37.782,12.27551,12.27782,0.00,0.00
2017.05.05 17:45:37.883,12.27551,12.27801,0.00,0.00
2017.05.05 17:45:38.383,12.27551,12.27791,0.00,0.00
2017.05.05 17:45:38.991,12.27551,12.27802,0.00,0.00
2017.05.05 17:45:39.092,12.27551,12.27811,0.00,0.00
2017.05.05 17:45:40.721,12.27551,12.27802,0.00,0.00
2017.05.05 17:45:41.183,12.27551,12.27792,0.00,0.00
2017.05.05 17:45:41.733,12.27551,12.27801,0.00,0.00
2017.05.05 17:45:42.021,12.27551,12.27811,0.00,0.00
2017.05.05 17:45:42.122,12.27602,12.27811,0.00,0.00
2017.05.05 17:45:42.223,12.27551,12.27791,0.00,0.00
2017.05.05 17:45:42.325,12.27551,12.27782,0.00,0.00
2017.05.05 17:45:42.670,12.27648,12.27782,0.00,0.00
2017.05.05 17:45:42.721,12.27648,12.27801,0.00,0.00
2017.05.05 17:45:42.822,12.27551,12.27801,0.00,0.00
2017.05.05 17:45:43.393,12.27642,12.27801,0.00,0.00
2017.05.05 17:45:43.443,12.27641,12.27811,0.00,0.00
2017.05.05 17:45:43.494,12.27648,12.27811,0.00,0.00
2017.05.05 17:45:43.545,12.27648,12.27842,0.00,0.00
2017.05.05 17:45:43.696,12.27648,12.27822,0.00,0.00
2017.05.05 17:45:44.126,12.27648,12.27842,0.00,0.00
2017.05.05 17:45:44.227,12.27648,12.27872,0.00,0.00
2017.05.05 17:45:44.299,12.27648,12.27881,0.00,0.00
2017.05.05 17:45:44.677,12.27741,12.27881,0.00,0.00
2017.05.05 17:45:44.727,12.27742,12.27912,0.00,0.00
2017.05.05 17:45:44.778,12.27749,12.27912,0.00,0.00
2017.05.05 17:45:44.829,12.27749,12.27941,0.00,0.00
2017.05.05 17:45:44.901,12.27749,12.27951,0.00,0.00
2017.05.05 17:45:46.203,12.27749,12.27932,0.00,0.00
2017.05.05 17:45:46.514,12.27698,12.27932,0.00,0.00
2017.05.05 17:45:46.615,12.27698,12.27921,0.00,0.00
2017.05.05 17:45:46.666,12.27652,12.27921,0.00,0.00
2017.05.05 17:45:46.717,12.27652,12.27872,0.00,0.00
2017.05.05 17:45:47.332,12.27652,12.27871,0.00,0.00
2017.05.05 17:45:48.709,12.27652,12.27872,0.00,0.00
2017.05.05 17:45:49.155,12.27652,12.27862,0.00,0.00
2017.05.05 17:45:49.451,12.27652,12.27892,0.00,0.00
2017.05.05 17:45:50.443,12.27652,12.27902,0.00,0.00
2017.05.05 17:45:50.714,12.27652,12.27862,0.00,0.00
2017.05.05 17:45:52.545,12.27701,12.27862,0.00,0.00
2017.05.05 17:45:52.646,12.27702,12.27902,0.00,0.00
2017.05.05 17:45:52.697,12.27651,12.27902,0.00,0.00
2017.05.05 17:45:52.798,12.27651,12.27911,0.00,0.00
2017.05.05 17:45:52.919,12.27651,12.27882,0.00,0.00
2017.05.05 17:45:53.319,12.27651,12.27892,0.00,0.00
2017.05.05 17:45:53.958,12.27651,12.27872,0.00,0.00
2017.05.05 17:45:54.363,12.27651,12.27892,0.00,0.00
2017.05.05 17:45:55.355,12.27651,12.27871,0.00,0.00
2017.05.05 17:45:55.705,12.27651,12.27852,0.00,0.00
2017.05.05 17:45:56.030,12.27651,12.27872,0.00,0.00
2017.05.05 17:45:56.131,12.27651,12.27851,0.00,0.00
2017.05.05 17:45:56.182,12.27648,12.27851,0.00,0.00
2017.05.05 17:45:56.233,12.27648,12.27841,0.00,0.00
2017.05.05 17:45:56.435,12.27611,12.27832,0.00,0.00
2017.05.05 17:45:56.536,12.27611,12.27822,0.00,0.00
2017.05.05 17:45:57.026,12.27611,12.27811,0.00,0.00
2017.05.05 17:45:57.550,12.27612,12.27811,0.00,0.00
2017.05.05 17:45:57.752,12.27649,12.27852,0.00,0.00
2017.05.05 17:45:57.954,12.27649,12.27861,0.00,0.00
2017.05.05 17:45:58.066,12.27649,12.27872,0.00,0.00
2017.05.05 17:45:58.128,12.27649,12.27862,0.00,0.00
2017.05.05 17:45:58.528,12.27649,12.27852,0.00,0.00
2017.05.05 17:45:58.579,12.27642,12.27852,0.00,0.00
2017.05.05 17:45:58.630,12.27642,12.27832,0.00,0.00
2017.05.05 17:45:59.007,12.27649,12.27822,0.00,0.00
2017.05.05 17:45:59.489,12.27642,12.27822,0.00,0.00
2017.05.05 17:45:59.540,12.27638,12.27852,0.00,0.00
2017.05.05 17:45:59.591,12.27602,12.27852,0.00,0.00
2017.05.05 17:45:59.643,12.27601,12.27821,0.00,0.00
2017.05.05 17:45:59.932,12.27601,12.27832,0.00,0.00
2017.05.05 17:46:00.132,12.27601,12.27811,0.00,0.00
2017.05.05 17:46:00.548,12.27642,12.27852,0.00,0.00
2017.05.05 17:46:00.633,12.27642,12.27862,0.00,0.00
2017.05.05 17:46:00.734,12.27642,12.27841,0.00,0.00
2017.05.05 17:46:00.841,12.27642,12.27862,0.00,0.00
2017.05.05 17:46:00.933,12.27642,12.27871,0.00,0.00
2017.05.05 17:46:01.879,12.27642,12.27841,0.00,0.00
2017.05.05 17:46:03.382,12.27642,12.27831,0.00,0.00
2017.05.05 17:46:03.437,12.27642,12.27872,0.00,0.00
2017.05.05 17:46:03.537,12.27642,12.27882,0.00,0.00
2017.05.05 17:46:03.679,12.27642,12.27872,0.00,0.00
2017.05.05 17:46:07.516,12.27711,12.27872,0.00,0.00
2017.05.05 17:46:07.667,12.27651,12.27901,0.00,0.00
2017.05.05 17:46:07.768,12.27651,12.27892,0.00,0.00
2017.05.05 17:46:08.072,12.27651,12.27871,0.00,0.00
2017.05.05 17:46:08.521,12.27651,12.27852,0.00,0.00
2017.05.05 17:46:09.848,12.27651,12.27872,0.00,0.00
2017.05.05 17:46:09.948,12.27651,12.27862,0.00,0.00
2017.05.05 17:46:14.952,12.27688,12.27862,0.00,0.00
2017.05.05 17:46:15.104,12.27692,12.27881,0.00,0.00
2017.05.05 17:46:15.158,12.27692,12.27892,0.00,0.00
2017.05.05 17:46:15.283,12.27692,12.27912,0.00,0.00
2017.05.05 17:46:16.171,12.27692,12.27891,0.00,0.00
2017.05.05 17:46:16.772,12.27651,12.27891,0.00,0.00
2017.05.05 17:46:16.961,12.27651,12.27872,0.00,0.00
2017.05.05 17:46:17.265,12.27651,12.27882,0.00,0.00
2017.05.05 17:46:17.975,12.27651,12.27861,0.00,0.00
2017.05.05 17:46:19.965,12.27651,12.27881,0.00,0.00
2017.05.05 17:46:20.270,12.27651,12.27901,0.00,0.00
2017.05.05 17:46:25.802,12.27651,12.27862,0.00,0.00
2017.05.05 17:46:26.148,12.27651,12.27852,0.00,0.00
2017.05.05 17:46:26.778,12.27651,12.27861,0.00,0.00
2017.05.05 17:46:30.248,12.27642,12.27861,0.00,0.00
2017.05.05 17:46:30.684,12.27642,12.27872,0.00,0.00
2017.05.05 17:46:30.821,12.27642,12.27861,0.00,0.00
2017.05.05 17:46:31.221,12.27642,12.27881,0.00,0.00
2017.05.05 17:46:32.269,12.27641,12.27881,0.00,0.00
2017.05.05 17:46:32.428,12.27642,12.27862,0.00,0.00
2017.05.05 17:46:32.752,12.27642,12.27852,0.00,0.00
2017.05.05 17:46:33.411,12.27641,12.27852,0.00,0.00
2017.05.05 17:46:33.731,12.27641,12.27861,0.00,0.00
2017.05.05 17:46:33.832,12.27641,12.27892,0.00,0.00
2017.05.05 17:46:33.993,12.27641,12.27852,0.00,0.00
2017.05.05 17:46:38.198,12.27641,12.27892,0.00,0.00
2017.05.05 17:46:38.299,12.27641,12.27872,0.00,0.00
2017.05.05 17:46:38.699,12.27641,12.27882,0.00,0.00
2017.05.05 17:46:38.800,12.27641,12.27861,0.00,0.00
2017.05.05 17:46:39.703,12.27641,12.27871,0.00,0.00
2017.05.05 17:46:39.804,12.27641,12.27901,0.00,0.00
2017.05.05 17:46:40.654,12.27642,12.27901,0.00,0.00
2017.05.05 17:46:41.620,12.27641,12.27901,0.00,0.00
2017.05.05 17:46:42.207,12.27641,12.27872,0.00,0.00
2017.05.05 17:46:42.908,12.27641,12.27892,0.00,0.00
2017.05.05 17:46:43.054,12.27641,12.27872,0.00,0.00
2017.05.05 17:46:43.732,12.27641,12.27891,0.00,0.00
2017.05.05 17:46:43.843,12.27642,12.27862,0.00,0.00
2017.05.05 17:46:44.780,12.27641,12.27862,0.00,0.00
2017.05.05 17:46:45.126,12.27642,12.27892,0.00,0.00
2017.05.05 17:46:45.213,12.27642,12.27902,0.00,0.00
2017.05.05 17:46:45.314,12.27642,12.27891,0.00,0.00
2017.05.05 17:46:45.416,12.27642,12.27901,0.00,0.00
2017.05.05 17:46:46.090,12.27641,12.27901,0.00,0.00
2017.05.05 17:46:46.357,12.27642,12.27891,0.00,0.00
2017.05.05 17:46:48.411,12.27641,12.27891,0.00,0.00
2017.05.05 17:46:48.721,12.27642,12.27902,0.00,0.00
2017.05.05 17:46:48.820,12.27642,12.27871,0.00,0.00
2017.05.05 17:46:49.021,12.27642,12.27901,0.00,0.00
2017.05.05 17:46:49.172,12.27642,12.27872,0.00,0.00
2017.05.05 17:46:49.560,12.27641,12.27902,0.00,0.00
2017.05.05 17:46:50.065,12.27642,12.27881,0.00,0.00
2017.05.05 17:46:50.487,12.27642,12.27871,0.00,0.00
2017.05.05 17:46:50.824,12.27641,12.27862,0.00,0.00
2017.05.05 17:46:50.875,12.27642,12.27892,0.00,0.00
2017.05.05 17:46:50.926,12.27642,12.27901,0.00,0.00
2017.05.05 17:46:51.271,12.27642,12.27912,0.00,0.00
2017.05.05 17:46:51.327,12.27642,12.27901,0.00,0.00
2017.05.05 17:46:51.659,12.27642,12.27871,0.00,0.00
2017.05.05 17:46:51.927,12.27642,12.27902,0.00,0.00
2017.05.05 17:46:52.028,12.27641,12.27862,0.00,0.00
2017.05.05 17:46:52.371,12.27641,12.27872,0.00,0.00
2017.05.05 17:46:53.731,12.27641,12.27891,0.00,0.00
2017.05.05 17:46:53.831,12.27641,12.27862,0.00,0.00
2017.05.05 17:46:54.640,12.27641,12.27892,0.00,0.00
2017.05.05 17:46:54.741,12.27641,12.27861,0.00,0.00
2017.05.05 17:46:55.233,12.27641,12.27872,0.00,0.00
2017.05.05 17:46:55.434,12.27641,12.27892,0.00,0.00
2017.05.05 17:46:55.534,12.27641,12.27872,0.00,0.00
2017.05.05 17:46:57.036,12.27641,12.27891,0.00,0.00
2017.05.05 17:46:57.146,12.27642,12.27872,0.00,0.00
2017.05.05 17:46:57.658,12.27641,12.27871,0.00,0.00
2017.05.05 17:46:57.927,12.27589,12.27829,0.00,0.00
2017.05.05 17:46:58.079,12.27559,12.27829,0.00,0.00
2017.05.05 17:46:58.138,12.27541,12.27782,0.00,0.00
2017.05.05 17:46:58.649,12.27542,12.27782,0.00,0.00
2017.05.05 17:46:59.311,12.27541,12.27782,0.00,0.00
2017.05.05 17:47:00.573,12.27541,12.27792,0.00,0.00
2017.05.05 17:47:00.681,12.27541,12.27772,0.00,0.00
2017.05.05 17:47:01.283,12.27542,12.27791,0.00,0.00
2017.05.05 17:47:01.952,12.27541,12.27791,0.00,0.00
2017.05.05 17:47:02.670,12.27542,12.27791,0.00,0.00
2017.05.05 17:47:02.787,12.27642,12.27761,0.00,0.00
2017.05.05 17:47:02.888,12.27642,12.27851,0.00,0.00
2017.05.05 17:47:03.090,12.27642,12.27861,0.00,0.00
2017.05.05 17:47:03.493,12.27638,12.27862,0.00,0.00
2017.05.05 17:47:03.594,12.27611,12.27862,0.00,0.00
2017.05.05 17:47:03.695,12.27611,12.27832,0.00,0.00
2017.05.05 17:47:03.884,12.27588,12.27822,0.00,0.00
2017.05.05 17:47:03.935,12.27541,12.27822,0.00,0.00
2017.05.05 17:47:03.985,12.27541,12.27801,0.00,0.00
2017.05.05 17:47:04.591,12.27541,12.27781,0.00,0.00
2017.05.05 17:47:04.791,12.27541,12.27792,0.00,0.00
2017.05.05 17:47:04.892,12.27541,12.27781,0.00,0.00
2017.05.05 17:47:04.993,12.27541,12.27802,0.00,0.00
2017.05.05 17:47:05.051,12.27541,12.27782,0.00,0.00
2017.05.05 17:47:06.069,12.27542,12.27782,0.00,0.00
2017.05.05 17:47:06.561,12.27542,12.27762,0.00,0.00
2017.05.05 17:47:06.662,12.27542,12.27782,0.00,0.00
2017.05.05 17:47:08.455,12.27542,12.27772,0.00,0.00
2017.05.05 17:47:09.080,12.27541,12.27772,0.00,0.00
2017.05.05 17:47:09.266,12.27541,12.27802,0.00,0.00
2017.05.05 17:47:10.370,12.27542,12.27802,0.00,0.00
2017.05.05 17:47:10.658,12.27541,12.27811,0.00,0.00
2017.05.05 17:47:11.000,12.27542,12.27792,0.00,0.00
2017.05.05 17:47:11.338,12.27541,12.27741,0.00,0.00
2017.05.05 17:47:11.459,12.27541,12.27761,0.00,0.00
2017.05.05 17:47:11.760,12.27541,12.27741,0.00,0.00
2017.05.05 17:47:11.861,12.27541,12.27772,0.00,0.00
2017.05.05 17:47:16.247,12.27542,12.27772,0.00,0.00
2017.05.05 17:47:16.298,12.27541,12.27751,0.00,0.00
2017.05.05 17:47:16.349,12.27488,12.27728,0.00,0.00
2017.05.05 17:47:16.450,12.27469,12.27728,0.00,0.00
2017.05.05 17:47:16.551,12.27459,12.27729,0.00,0.00
2017.05.05 17:47:16.601,12.27441,12.27681,0.00,0.00
2017.05.05 17:47:17.136,12.27442,12.27681,0.00,0.00
2017.05.05 17:47:17.641,12.27442,12.27668,0.00,0.00
2017.05.05 17:47:17.944,12.27441,12.27651,0.00,0.00
2017.05.05 17:47:17.995,12.27441,12.27682,0.00,0.00
2017.05.05 17:47:18.069,12.27441,12.27691,0.00,0.00
2017.05.05 17:47:18.175,12.27441,12.27712,0.00,0.00
2017.05.05 17:47:18.855,12.27441,12.27692,0.00,0.00
2017.05.05 17:47:18.906,12.27442,12.27712,0.00,0.00
2017.05.05 17:47:19.576,12.27442,12.27692,0.00,0.00
2017.05.05 17:47:20.072,12.27442,12.27712,0.00,0.00
2017.05.05 17:47:20.642,12.27441,12.27682,0.00,0.00
2017.05.05 17:47:21.182,12.27442,12.27712,0.00,0.00
2017.05.05 17:47:21.283,12.27441,12.27692,0.00,0.00
2017.05.05 17:47:23.454,12.27442,12.27692,0.00,0.00
2017.05.05 17:47:24.145,12.27442,12.27691,0.00,0.00
2017.05.05 17:47:25.711,12.27441,12.27691,0.00,0.00
2017.05.05 17:47:26.102,12.27441,12.27672,0.00,0.00
2017.05.05 17:47:26.203,12.27442,12.27702,0.00,0.00
2017.05.05 17:47:26.304,12.27441,12.27711,0.00,0.00
2017.05.05 17:47:26.506,12.27441,12.27692,0.00,0.00
2017.05.05 17:47:26.680,12.27442,12.27711,0.00,0.00
2017.05.05 17:47:27.261,12.27441,12.27711,0.00,0.00
2017.05.05 17:47:28.383,12.27441,12.27702,0.00,0.00
2017.05.05 17:47:31.788,12.27442,12.27702,0.00,0.00
2017.05.05 17:47:31.889,12.27441,12.27711,0.00,0.00
2017.05.05 17:47:32.403,12.27442,12.27711,0.00,0.00
2017.05.05 17:47:32.610,12.27442,12.27692,0.00,0.00
2017.05.05 17:47:32.890,12.27442,12.27711,0.00,0.00
2017.05.05 17:47:32.990,12.27442,12.27702,0.00,0.00
2017.05.05 17:47:34.099,12.27441,12.27702,0.00,0.00
2017.05.05 17:47:34.192,12.27441,12.27711,0.00,0.00
2017.05.05 17:47:34.492,12.27442,12.27722,0.00,0.00
2017.05.05 17:47:34.692,12.27442,12.27682,0.00,0.00
2017.05.05 17:47:35.594,12.27442,12.27702,0.00,0.00
2017.05.05 17:47:35.940,12.27441,12.27691,0.00,0.00
2017.05.05 17:47:36.359,12.27442,12.27681,0.00,0.00
2017.05.05 17:47:36.947,12.27441,12.27681,0.00,0.00
2017.05.05 17:47:37.347,12.27441,12.27671,0.00,0.00
2017.05.05 17:47:37.897,12.27442,12.27692,0.00,0.00
2017.05.05 17:47:37.997,12.27442,12.27682,0.00,0.00
2017.05.05 17:47:38.790,12.27441,12.27682,0.00,0.00
2017.05.05 17:47:39.330,12.27442,12.27672,0.00,0.00
2017.05.05 17:47:40.000,12.27442,12.27682,0.00,0.00
2017.05.05 17:47:40.101,12.27442,12.27692,0.00,0.00
2017.05.05 17:47:40.200,12.27442,12.27702,0.00,0.00
2017.05.05 17:47:40.701,12.27442,12.27691,0.00,0.00
2017.05.05 17:47:41.102,12.27441,12.27672,0.00,0.00
2017.05.05 17:47:41.412,12.27441,12.27641,0.00,0.00
2017.05.05 17:47:41.613,12.27402,12.27641,0.00,0.00
2017.05.05 17:47:41.714,12.27389,12.27631,0.00,0.00
2017.05.05 17:47:41.765,12.27412,12.27631,0.00,0.00
2017.05.05 17:47:41.816,12.27401,12.27621,0.00,0.00
2017.05.05 17:47:41.917,12.27342,12.27601,0.00,0.00
2017.05.05 17:47:42.119,12.27342,12.27592,0.00,0.00
2017.05.05 17:47:42.443,12.27341,12.27602,0.00,0.00
2017.05.05 17:47:42.544,12.27342,12.27572,0.00,0.00
2017.05.05 17:47:42.910,12.27341,12.27602,0.00,0.00
2017.05.05 17:47:43.020,12.27338,12.27561,0.00,0.00
2017.05.05 17:47:43.222,12.27311,12.27542,0.00,0.00
2017.05.05 17:47:43.323,12.27338,12.27532,0.00,0.00
2017.05.05 17:47:43.475,12.27301,12.27532,0.00,0.00
2017.05.05 17:47:43.627,12.27302,12.27551,0.00,0.00
2017.05.05 17:47:43.728,12.27282,12.27531,0.00,0.00
2017.05.05 17:47:43.907,12.27289,12.27551,0.00,0.00
2017.05.05 17:47:44.623,12.27341,12.27532,0.00,0.00
2017.05.05 17:47:44.724,12.27302,12.27531,0.00,0.00
2017.05.05 17:47:44.825,12.27288,12.27528,0.00,0.00
2017.05.05 17:47:44.926,12.27241,12.27512,0.00,0.00
2017.05.05 17:47:45.309,12.27249,12.27529,0.00,0.00
2017.05.05 17:47:45.410,12.27241,12.27522,0.00,0.00
2017.05.05 17:47:45.509,12.27248,12.27529,0.00,0.00
2017.05.05 17:47:45.843,12.27241,12.27522,0.00,0.00
2017.05.05 17:47:47.060,12.27242,12.27522,0.00,0.00
2017.05.05 17:47:47.399,12.27242,12.27512,0.00,0.00
2017.05.05 17:47:47.741,12.27242,12.27522,0.00,0.00
2017.05.05 17:47:47.814,12.27242,12.27482,0.00,0.00
2017.05.05 17:47:48.121,12.27241,12.27512,0.00,0.00
2017.05.05 17:47:48.222,12.27242,12.27522,0.00,0.00
2017.05.05 17:47:48.351,12.27242,12.27502,0.00,0.00
2017.05.05 17:47:48.681,12.27341,12.27502,0.00,0.00
2017.05.05 17:47:48.800,12.27342,12.27531,0.00,0.00
2017.05.05 17:47:48.851,12.27341,12.27572,0.00,0.00
2017.05.05 17:47:48.952,12.27341,12.27611,0.00,0.00
2017.05.05 17:47:49.251,12.27341,12.27581,0.00,0.00
2017.05.05 17:47:49.722,12.27341,12.27572,0.00,0.00
2017.05.05 17:47:49.823,12.27341,12.27592,0.00,0.00
2017.05.05 17:47:49.924,12.27342,12.27572,0.00,0.00
2017.05.05 17:47:50.230,12.27341,12.27562,0.00,0.00
2017.05.05 17:47:50.540,12.27301,12.27562,0.00,0.00
2017.05.05 17:47:50.748,12.27302,12.27532,0.00,0.00
2017.05.05 17:47:52.592,12.27301,12.27532,0.00,0.00
2017.05.05 17:47:52.922,12.27342,12.27532,0.00,0.00
2017.05.05 17:47:52.972,12.27342,12.27591,0.00,0.00
2017.05.05 17:47:53.650,12.27341,12.27591,0.00,0.00
2017.05.05 17:47:53.722,12.27341,12.27581,0.00,0.00
2017.05.05 17:47:53.850,12.27341,12.27591,0.00,0.00
2017.05.05 17:47:54.122,12.27342,12.27581,0.00,0.00
2017.05.05 17:47:54.765,12.27341,12.27581,0.00,0.00
2017.05.05 17:47:56.603,12.27342,12.27581,0.00,0.00
2017.05.05 17:47:57.213,12.27342,12.27571,0.00,0.00
2017.05.05 17:47:57.326,12.27342,12.27582,0.00,0.00
2017.05.05 17:47:58.169,12.27341,12.27582,0.00,0.00
2017.05.05 17:47:58.270,12.27342,12.27591,0.00,0.00
2017.05.05 17:47:58.528,12.27342,12.27572,0.00,0.00
2017.05.05 17:47:58.673,12.27342,12.27602,0.00,0.00
2017.05.05 17:47:58.777,12.27342,12.27621,0.00,0.00
2017.05.05 17:47:59.942,12.27441,12.27621,0.00,0.00
2017.05.05 17:48:00.043,12.27441,12.27632,0.00,0.00
2017.05.05 17:48:00.144,12.27441,12.27672,0.00,0.00
2017.05.05 17:48:00.245,12.27441,12.27652,0.00,0.00
2017.05.05 17:48:01.310,12.27442,12.27652,0.00,0.00
2017.05.05 17:48:01.361,12.27388,12.27629,0.00,0.00
2017.05.05 17:48:01.462,12.27388,12.27621,0.00,0.00
2017.05.05 17:48:01.512,12.27342,12.27621,0.00,0.00
2017.05.05 17:48:01.563,12.27342,12.27592,0.00,0.00
2017.05.05 17:48:04.524,12.27341,12.27592,0.00,0.00
2017.05.05 17:48:06.338,12.27341,12.27612,0.00,0.00
2017.05.05 17:48:06.738,12.27341,12.27602,0.00,0.00
2017.05.05 17:48:08.841,12.27341,12.27612,0.00,0.00
2017.05.05 17:48:08.942,12.27341,12.27602,0.00,0.00
2017.05.05 17:48:09.355,12.27342,12.27592,0.00,0.00
2017.05.05 17:48:09.642,12.27342,12.27612,0.00,0.00
2017.05.05 17:48:10.159,12.27341,12.27612,0.00,0.00
2017.05.05 17:48:10.260,12.27341,12.27592,0.00,0.00
2017.05.05 17:48:10.643,12.27341,12.27581,0.00,0.00
2017.05.05 17:48:11.944,12.27341,12.27592,0.00,0.00
2017.05.05 17:48:15.339,12.27342,12.27592,0.00,0.00
2017.05.05 17:48:15.459,12.27341,12.27572,0.00,0.00
2017.05.05 17:48:15.564,12.27341,12.27581,0.00,0.00
2017.05.05 17:48:16.980,12.27339,12.27581,0.00,0.00
2017.05.05 17:48:18.152,12.27339,12.27602,0.00,0.00
2017.05.05 17:48:19.069,12.27339,12.27581,0.00,0.00
2017.05.05 17:48:21.905,12.27339,12.27612,0.00,0.00
2017.05.05 17:48:24.293,12.27411,12.27612,0.00,0.00
2017.05.05 17:48:24.495,12.27412,12.27661,0.00,0.00
2017.05.05 17:48:24.662,12.27412,12.27632,0.00,0.00
2017.05.05 17:48:24.962,12.27412,12.27641,0.00,0.00
2017.05.05 17:48:25.417,12.27438,12.27662,0.00,0.00
2017.05.05 17:48:25.468,12.27438,12.27701,0.00,0.00
2017.05.05 17:48:25.564,12.27438,12.27722,0.00,0.00
2017.05.05 17:48:26.665,12.27438,12.27711,0.00,0.00
2017.05.05 17:48:27.782,12.27439,12.27721,0.00,0.00
2017.05.05 17:48:28.169,12.27438,12.27711,0.00,0.00
2017.05.05 17:48:28.490,12.27442,12.27711,0.00,0.00
2017.05.05 17:48:28.901,12.27442,12.27702,0.00,0.00
2017.05.05 17:48:29.002,12.27442,12.27712,0.00,0.00
2017.05.05 17:48:30.670,12.27442,12.27721,0.00,0.00
2017.05.05 17:48:32.974,12.27442,12.27712,0.00,0.00
2017.05.05 17:48:33.342,12.27442,12.27692,0.00,0.00
2017.05.05 17:48:33.720,12.27442,12.27702,0.00,0.00
2017.05.05 17:48:33.775,12.27442,12.27672,0.00,0.00
2017.05.05 17:48:33.975,12.27442,12.27692,0.00,0.00
2017.05.05 17:48:35.177,12.27442,12.27671,0.00,0.00
2017.05.05 17:48:38.800,12.27442,12.27702,0.00,0.00
2017.05.05 17:48:38.881,12.27442,12.27711,0.00,0.00
2017.05.05 17:48:42.385,12.27442,12.27682,0.00,0.00
2017.05.05 17:48:42.486,12.27442,12.27712,0.00,0.00
2017.05.05 17:48:42.537,12.27539,12.27712,0.00,0.00
2017.05.05 17:48:42.588,12.27539,12.27741,0.00,0.00
2017.05.05 17:48:42.639,12.27512,12.27741,0.00,0.00
2017.05.05 17:48:42.740,12.27511,12.27761,0.00,0.00
2017.05.05 17:48:43.459,12.27511,12.27731,0.00,0.00
2017.05.05 17:48:43.510,12.27449,12.27728,0.00,0.00
2017.05.05 17:48:43.611,12.27441,12.27692,0.00,0.00
2017.05.05 17:48:43.888,12.27441,12.27712,0.00,0.00
2017.05.05 17:48:43.989,12.27441,12.27692,0.00,0.00
2017.05.05 17:48:44.593,12.27441,12.27672,0.00,0.00
2017.05.05 17:48:49.096,12.27441,12.27682,0.00,0.00
2017.05.05 17:48:49.221,12.27441,12.27701,0.00,0.00
2017.05.05 17:48:49.411,12.27441,12.27682,0.00,0.00
2017.05.05 17:48:49.512,12.27441,12.27691,0.00,0.00
2017.05.05 17:48:50.739,12.27441,12.27672,0.00,0.00
2017.05.05 17:48:51.000,12.27441,12.27691,0.00,0.00
2017.05.05 17:48:51.099,12.27441,12.27682,0.00,0.00
2017.05.05 17:48:53.780,12.27481,12.27682,0.00,0.00
2017.05.05 17:48:53.831,12.27482,12.27701,0.00,0.00
2017.05.05 17:48:53.932,12.27441,12.27711,0.00,0.00
2017.05.05 17:48:54.103,12.27441,12.27682,0.00,0.00
2017.05.05 17:48:54.303,12.27441,12.27702,0.00,0.00
2017.05.05 17:48:54.718,12.27441,12.27682,0.00,0.00
2017.05.05 17:48:55.204,12.27441,12.27692,0.00,0.00
2017.05.05 17:48:55.305,12.27441,12.27682,0.00,0.00
2017.05.05 17:48:59.019,12.27441,12.27702,0.00,0.00
2017.05.05 17:48:59.120,12.27441,12.27712,0.00,0.00
2017.05.05 17:48:59.843,12.27531,12.27712,0.00,0.00
2017.05.05 17:48:59.944,12.27538,12.27732,0.00,0.00
2017.05.05 17:49:00.135,12.27538,12.27741,0.00,0.00
2017.05.05 17:49:00.411,12.27538,12.27761,0.00,0.00
2017.05.05 17:49:00.556,12.27538,12.27772,0.00,0.00
2017.05.05 17:49:00.812,12.27538,12.27762,0.00,0.00
2017.05.05 17:49:02.819,12.27538,12.27772,0.00,0.00
2017.05.05 17:49:02.920,12.27538,12.27792,0.00,0.00
2017.05.05 17:49:03.238,12.27538,12.27772,0.00,0.00
2017.05.05 17:49:04.430,12.27538,12.27762,0.00,0.00
2017.05.05 17:49:04.838,12.27538,12.27751,0.00,0.00
2017.05.05 17:49:05.061,12.27538,12.27772,0.00,0.00
2017.05.05 17:49:05.540,12.27538,12.27792,0.00,0.00
2017.05.05 17:49:06.420,12.27538,12.27782,0.00,0.00
2017.05.05 17:49:06.745,12.27632,12.27782,0.00,0.00
2017.05.05 17:49:06.846,12.27638,12.27842,0.00,0.00
2017.05.05 17:49:06.921,12.27638,12.27862,0.00,0.00
2017.05.05 17:49:07.280,12.27638,12.27842,0.00,0.00
2017.05.05 17:49:07.953,12.27631,12.27861,0.00,0.00
2017.05.05 17:49:10.246,12.27632,12.27861,0.00,0.00
2017.05.05 17:49:10.426,12.27631,12.27872,0.00,0.00
2017.05.05 17:49:12.370,12.27632,12.27852,0.00,0.00
2017.05.05 17:49:12.757,12.27631,12.27832,0.00,0.00
2017.05.05 17:49:13.349,12.27632,12.27832,0.00,0.00
2017.05.05 17:49:13.468,12.27632,12.27842,0.00,0.00
2017.05.05 17:49:14.029,12.27631,12.27842,0.00,0.00
2017.05.05 17:49:14.080,12.27631,12.27862,0.00,0.00
2017.05.05 17:49:14.231,12.27631,12.27832,0.00,0.00
2017.05.05 17:49:14.838,12.27631,12.27852,0.00,0.00
2017.05.05 17:49:15.044,12.27632,12.27832,0.00,0.00
2017.05.05 17:49:15.145,12.27631,12.27852,0.00,0.00
2017.05.05 17:49:17.629,12.27632,12.27852,0.00,0.00
2017.05.05 17:49:17.960,12.27628,12.27852,0.00,0.00
2017.05.05 17:49:18.061,12.27628,12.27842,0.00,0.00
2017.05.05 17:49:19.964,12.27579,12.27821,0.00,0.00
2017.05.05 17:49:20.065,12.27531,12.27781,0.00,0.00
2017.05.05 17:49:20.239,12.27531,12.27792,0.00,0.00
2017.05.05 17:49:20.639,12.27531,12.27781,0.00,0.00
2017.05.05 17:49:20.839,12.27531,12.27792,0.00,0.00
2017.05.05 17:49:24.806,12.27532,12.27792,0.00,0.00
2017.05.05 17:49:24.857,12.27532,12.27781,0.00,0.00
2017.05.05 17:49:25.632,12.27531,12.27781,0.00,0.00
2017.05.05 17:49:26.747,12.27531,12.27792,0.00,0.00
2017.05.05 17:49:37.048,12.27532,12.27792,0.00,0.00
2017.05.05 17:49:37.359,12.27532,12.27801,0.00,0.00
2017.05.05 17:49:41.398,12.27531,12.27801,0.00,0.00
2017.05.05 17:49:41.563,12.27531,12.27781,0.00,0.00
2017.05.05 17:49:45.867,12.27531,12.27792,0.00,0.00
2017.05.05 17:49:48.420,12.27532,12.27792,0.00,0.00
2017.05.05 17:49:48.570,12.27532,12.27781,0.00,0.00
2017.05.05 17:49:48.670,12.27532,12.27792,0.00,0.00
2017.05.05 17:49:51.859,12.27531,12.27792,0.00,0.00
2017.05.05 17:49:51.999,12.27531,12.27801,0.00,0.00
2017.05.05 17:49:53.817,12.27532,12.27801,0.00,0.00
2017.05.05 17:49:53.918,12.27532,12.27792,0.00,0.00
2017.05.05 17:49:54.779,12.27531,12.27792,0.00,0.00
2017.05.05 17:49:54.880,12.27531,12.27812,0.00,0.00
2017.05.05 17:49:55.277,12.27532,12.27782,0.00,0.00
2017.05.05 17:50:00.379,12.27531,12.27782,0.00,0.00
2017.05.05 17:50:00.483,12.27531,12.27792,0.00,0.00
2017.05.05 17:50:00.583,12.27531,12.27782,0.00,0.00
2017.05.05 17:50:00.805,12.27531,12.27792,0.00,0.00
2017.05.05 17:50:00.884,12.27531,12.27812,0.00,0.00
2017.05.05 17:50:02.787,12.27531,12.27792,0.00,0.00
2017.05.05 17:50:06.089,12.27532,12.27792,0.00,0.00
2017.05.05 17:50:06.419,12.27532,12.27782,0.00,0.00
2017.05.05 17:50:06.793,12.27532,12.27791,0.00,0.00
2017.05.05 17:50:09.402,12.27532,12.27781,0.00,0.00
2017.05.05 17:50:09.803,12.27532,12.27792,0.00,0.00
2017.05.05 17:50:09.904,12.27532,12.27801,0.00,0.00
2017.05.05 17:50:10.101,12.27532,12.27792,0.00,0.00
2017.05.05 17:50:10.402,12.27532,12.27802,0.00,0.00
2017.05.05 17:50:10.503,12.27531,12.27791,0.00,0.00
2017.05.05 17:50:10.903,12.27531,12.27801,0.00,0.00
2017.05.05 17:50:11.604,12.27532,12.27801,0.00,0.00
2017.05.05 17:50:11.744,12.27532,12.27792,0.00,0.00
2017.05.05 17:50:12.317,12.27578,12.27761,0.00,0.00
2017.05.05 17:50:12.418,12.27578,12.27771,0.00,0.00
2017.05.05 17:50:12.506,12.27578,12.27781,0.00,0.00
2017.05.05 17:50:14.055,12.27578,12.27772,0.00,0.00
2017.05.05 17:50:15.423,12.27578,12.27791,0.00,0.00
2017.05.05 17:50:16.213,12.27578,12.27771,0.00,0.00
2017.05.05 17:50:16.649,12.27578,12.27761,0.00,0.00
2017.05.05 17:50:19.835,12.27479,12.27728,0.00,0.00
2017.05.05 17:50:19.936,12.27498,12.27728,0.00,0.00
2017.05.05 17:50:20.216,12.27479,12.27721,0.00,0.00
2017.05.05 17:50:21.219,12.27479,12.27712,0.00,0.00
2017.05.05 17:50:21.583,12.27479,12.27692,0.00,0.00
2017.05.05 17:50:22.139,12.27479,12.27721,0.00,0.00
2017.05.05 17:50:22.240,12.27479,12.27682,0.00,0.00
2017.05.05 17:50:22.423,12.27479,12.27691,0.00,0.00
2017.05.05 17:50:22.772,12.27479,12.27682,0.00,0.00
2017.05.05 17:50:22.873,12.27479,12.27692,0.00,0.00
2017.05.05 17:50:23.330,12.27479,12.27681,0.00,0.00
2017.05.05 17:50:23.528,12.27479,12.27692,0.00,0.00
2017.05.05 17:50:23.951,12.27479,12.27701,0.00,0.00
2017.05.05 17:50:24.029,12.27479,12.27671,0.00,0.00
2017.05.05 17:50:24.562,12.27479,12.27701,0.00,0.00
2017.05.05 17:50:26.636,12.27479,12.27691,0.00,0.00
2017.05.05 17:50:30.441,12.27479,12.27701,0.00,0.00
2017.05.05 17:50:30.891,12.27479,12.27671,0.00,0.00
2017.05.05 17:50:32.952,12.27479,12.27701,0.00,0.00
2017.05.05 17:50:33.053,12.27479,12.27671,0.00,0.00
2017.05.05 17:50:33.257,12.27479,12.27701,0.00,0.00
2017.05.05 17:50:34.247,12.27419,12.27668,0.00,0.00
2017.05.05 17:50:34.298,12.27421,12.27669,0.00,0.00
2017.05.05 17:50:34.601,12.27478,12.27679,0.00,0.00
2017.05.05 17:50:36.111,12.27478,12.27678,0.00,0.00
2017.05.05 17:50:36.903,12.27478,12.27692,0.00,0.00
2017.05.05 17:50:36.961,12.27478,12.27672,0.00,0.00
2017.05.05 17:50:37.062,12.27478,12.27702,0.00,0.00
2017.05.05 17:50:41.882,12.27478,12.27708,0.00,0.00
2017.05.05 17:50:42.068,12.27478,12.27701,0.00,0.00
2017.05.05 17:50:43.491,12.27478,12.27708,0.00,0.00
2017.05.05 17:50:43.922,12.27478,12.27722,0.00,0.00
2017.05.05 17:50:43.973,12.27478,12.27701,0.00,0.00
2017.05.05 17:50:44.071,12.27478,12.27722,0.00,0.00
2017.05.05 17:50:44.622,12.27478,12.27692,0.00,0.00
2017.05.05 17:50:44.673,12.27478,12.27728,0.00,0.00
2017.05.05 17:50:45.974,12.27478,12.27721,0.00,0.00
2017.05.05 17:50:46.676,12.27478,12.27712,0.00,0.00
2017.05.05 17:50:47.424,12.27478,12.27722,0.00,0.00
2017.05.05 17:50:48.180,12.27478,12.27712,0.00,0.00
2017.05.05 17:50:49.290,12.27571,12.27721,0.00,0.00
2017.05.05 17:50:49.391,12.27579,12.27792,0.00,0.00
2017.05.05 17:50:49.492,12.27579,12.27819,0.00,0.00
2017.05.05 17:50:49.583,12.27579,12.27792,0.00,0.00
2017.05.05 17:50:49.984,12.27579,12.27812,0.00,0.00
2017.05.05 17:50:50.642,12.27612,12.27812,0.00,0.00
2017.05.05 17:50:50.793,12.27601,12.27828,0.00,0.00
2017.05.05 17:50:51.092,12.27579,12.27828,0.00,0.00
2017.05.05 17:50:51.193,12.27579,12.27792,0.00,0.00
2017.05.05 17:50:51.774,12.27579,12.27781,0.00,0.00
2017.05.05 17:50:52.690,12.27579,12.27791,0.00,0.00
2017.05.05 17:50:52.814,12.27579,12.27782,0.00,0.00
2017.05.05 17:50:53.310,12.27579,12.27791,0.00,0.00
2017.05.05 17:50:53.411,12.27579,12.27822,0.00,0.00
2017.05.05 17:50:53.851,12.27579,12.27792,0.00,0.00
2017.05.05 17:50:54.697,12.27678,12.27822,0.00,0.00
2017.05.05 17:50:54.798,12.27678,12.27868,0.00,0.00
2017.05.05 17:50:58.095,12.27678,12.27869,0.00,0.00
2017.05.05 17:50:58.974,12.27678,12.27879,0.00,0.00
2017.05.05 17:50:59.696,12.27678,12.27878,0.00,0.00
2017.05.05 17:51:00.359,12.27678,12.27879,0.00,0.00
2017.05.05 17:51:01.014,12.27678,12.27878,0.00,0.00
2017.05.05 17:51:05.791,12.27678,12.27879,0.00,0.00
2017.05.05 17:51:08.991,12.27678,12.27878,0.00,0.00
2017.05.05 17:51:11.500,12.27678,12.27879,0.00,0.00
2017.05.05 17:51:12.741,12.27678,12.27878,0.00,0.00
2017.05.05 17:51:14.025,12.27772,12.27902,0.00,0.00
2017.05.05 17:51:14.176,12.27778,12.27982,0.00,0.00
2017.05.05 17:51:14.228,12.27778,12.27989,0.00,0.00
2017.05.05 17:51:14.329,12.27778,12.27982,0.00,0.00
2017.05.05 17:51:15.830,12.27778,12.27991,0.00,0.00
2017.05.05 17:51:15.933,12.27778,12.28002,0.00,0.00
2017.05.05 17:51:16.131,12.27778,12.27982,0.00,0.00
2017.05.05 17:51:16.933,12.27778,12.28002,0.00,0.00
2017.05.05 17:51:21.340,12.27778,12.28019,0.00,0.00
2017.05.05 17:51:21.441,12.27829,12.28029,0.00,0.00
2017.05.05 17:51:21.542,12.27778,12.28029,0.00,0.00
2017.05.05 17:51:21.643,12.27778,12.28021,0.00,0.00
2017.05.05 17:51:21.992,12.27778,12.28011,0.00,0.00
2017.05.05 17:51:22.400,12.27781,12.28002,0.00,0.00
2017.05.05 17:51:22.451,12.27782,12.28028,0.00,0.00
2017.05.05 17:51:22.552,12.27778,12.28001,0.00,0.00
2017.05.05 17:51:23.444,12.27778,12.28022,0.00,0.00
2017.05.05 17:51:23.545,12.27778,12.27992,0.00,0.00
2017.05.05 17:51:24.261,12.27778,12.27999,0.00,0.00
2017.05.05 17:51:24.363,12.27778,12.27982,0.00,0.00
2017.05.05 17:51:25.142,12.27778,12.27979,0.00,0.00
2017.05.05 17:51:25.578,12.27778,12.27971,0.00,0.00
2017.05.05 17:51:29.191,12.27778,12.27992,0.00,0.00
2017.05.05 17:51:29.292,12.27778,12.28012,0.00,0.00
2017.05.05 17:51:31.184,12.27778,12.28011,0.00,0.00
2017.05.05 17:51:31.261,12.27778,12.27992,0.00,0.00
2017.05.05 17:51:31.696,12.27778,12.28001,0.00,0.00
2017.05.05 17:51:32.573,12.27778,12.27968,0.00,0.00
2017.05.05 17:51:32.624,12.27729,12.27928,0.00,0.00
2017.05.05 17:51:32.725,12.27678,12.27928,0.00,0.00
2017.05.05 17:51:32.776,12.27678,12.27911,0.00,0.00
2017.05.05 17:51:33.150,12.27678,12.27901,0.00,0.00
2017.05.05 17:51:33.200,12.27678,12.27912,0.00,0.00
2017.05.05 17:51:34.504,12.27678,12.27901,0.00,0.00
2017.05.05 17:51:34.614,12.27678,12.27928,0.00,0.00
2017.05.05 17:51:36.322,12.27731,12.27932,0.00,0.00
2017.05.05 17:51:36.473,12.27778,12.28009,0.00,0.00
2017.05.05 17:51:36.675,12.27778,12.27981,0.00,0.00
2017.05.05 17:51:36.790,12.27778,12.28009,0.00,0.00
2017.05.05 17:51:37.978,12.27778,12.27991,0.00,0.00
2017.05.05 17:51:38.281,12.27778,12.27982,0.00,0.00
2017.05.05 17:51:38.431,12.27778,12.28002,0.00,0.00
2017.05.05 17:51:38.682,12.27778,12.27972,0.00,0.00
2017.05.05 17:51:38.783,12.27778,12.27982,0.00,0.00
2017.05.05 17:51:39.715,12.27778,12.28002,0.00,0.00
2017.05.05 17:51:39.893,12.27778,12.28009,0.00,0.00
2017.05.05 17:51:40.092,12.27778,12.27982,0.00,0.00
2017.05.05 17:51:40.227,12.27778,12.27992,0.00,0.00
2017.05.05 17:51:41.008,12.27778,12.28009,0.00,0.00
2017.05.05 17:51:41.289,12.27778,12.28001,0.00,0.00
2017.05.05 17:51:42.931,12.27778,12.27992,0.00,0.00
2017.05.05 17:51:43.534,12.27778,12.27982,0.00,0.00
2017.05.05 17:51:44.593,12.27778,12.27991,0.00,0.00
2017.05.05 17:51:46.000,12.27778,12.28009,0.00,0.00
2017.05.05 17:51:46.140,12.27778,12.27992,0.00,0.00
2017.05.05 17:51:47.800,12.27778,12.28002,0.00,0.00
2017.05.05 17:51:51.113,12.27778,12.28009,0.00,0.00
2017.05.05 17:51:51.215,12.27778,12.27991,0.00,0.00
2017.05.05 17:51:51.994,12.27778,12.27982,0.00,0.00
2017.05.05 17:51:52.095,12.27688,12.27929,0.00,0.00
2017.05.05 17:51:52.146,12.27678,12.27902,0.00,0.00
2017.05.05 17:51:52.310,12.27678,12.27921,0.00,0.00
2017.05.05 17:51:52.737,12.27678,12.27902,0.00,0.00
2017.05.05 17:51:53.170,12.27729,12.27902,0.00,0.00
2017.05.05 17:51:53.316,12.27779,12.27979,0.00,0.00
2017.05.05 17:51:53.422,12.27779,12.27991,0.00,0.00
2017.05.05 17:51:53.523,12.27779,12.28001,0.00,0.00
2017.05.05 17:51:53.616,12.27779,12.28009,0.00,0.00
2017.05.05 17:51:54.993,12.27779,12.28002,0.00,0.00
2017.05.05 17:51:55.429,12.27779,12.27992,0.00,0.00
2017.05.05 17:51:57.622,12.27779,12.28002,0.00,0.00
2017.05.05 17:51:58.537,12.27779,12.27992,0.00,0.00
2017.05.05 17:51:59.060,12.27779,12.27972,0.00,0.00
2017.05.05 17:52:00.325,12.27779,12.27992,0.00,0.00
2017.05.05 17:52:01.151,12.27779,12.28002,0.00,0.00
2017.05.05 17:52:01.527,12.27779,12.27992,0.00,0.00
2017.05.05 17:52:03.410,12.27728,12.27968,0.00,0.00
2017.05.05 17:52:03.562,12.27728,12.27942,0.00,0.00
2017.05.05 17:52:04.291,12.27731,12.27942,0.00,0.00
2017.05.05 17:52:04.443,12.27779,12.28001,0.00,0.00
2017.05.05 17:52:04.532,12.27779,12.28011,0.00,0.00
2017.05.05 17:52:05.270,12.27779,12.27991,0.00,0.00
2017.05.05 17:52:05.371,12.27779,12.28012,0.00,0.00
2017.05.05 17:52:06.635,12.27779,12.28002,0.00,0.00
2017.05.05 17:52:10.740,12.27779,12.28019,0.00,0.00
2017.05.05 17:52:11.060,12.27779,12.28001,0.00,0.00
2017.05.05 17:52:11.141,12.27779,12.28019,0.00,0.00
2017.05.05 17:52:11.665,12.27779,12.28011,0.00,0.00
2017.05.05 17:52:15.470,12.27779,12.28002,0.00,0.00
2017.05.05 17:52:16.486,12.27779,12.28019,0.00,0.00
2017.05.05 17:52:17.370,12.27779,12.28002,0.00,0.00
2017.05.05 17:52:17.975,12.27779,12.28019,0.00,0.00
2017.05.05 17:52:18.076,12.27779,12.28002,0.00,0.00
2017.05.05 17:52:22.460,12.27779,12.28028,0.00,0.00
2017.05.05 17:52:25.272,12.27779,12.28021,0.00,0.00
2017.05.05 17:52:25.844,12.27779,12.28002,0.00,0.00
2017.05.05 17:52:26.580,12.27779,12.28022,0.00,0.00
2017.05.05 17:52:26.681,12.27779,12.28001,0.00,0.00
2017.05.05 17:52:26.761,12.27779,12.28028,0.00,0.00
2017.05.05 17:52:26.963,12.27779,12.28002,0.00,0.00
2017.05.05 17:52:27.070,12.27779,12.28028,0.00,0.00
2017.05.05 17:52:27.121,12.27878,12.28031,0.00,0.00
2017.05.05 17:52:27.272,12.27878,12.28102,0.00,0.00
2017.05.05 17:52:27.762,12.27878,12.28091,0.00,0.00
2017.05.05 17:52:28.263,12.27878,12.28111,0.00,0.00
2017.05.05 17:52:28.363,12.27878,12.28091,0.00,0.00
2017.05.05 17:52:28.680,12.27878,12.28082,0.00,0.00
2017.05.05 17:52:29.265,12.27878,12.28102,0.00,0.00
2017.05.05 17:52:29.366,12.27878,12.28081,0.00,0.00
2017.05.05 17:52:29.690,12.27878,12.28092,0.00,0.00
2017.05.05 17:52:29.810,12.27878,12.28102,0.00,0.00
2017.05.05 17:52:30.567,12.27878,12.28111,0.00,0.00
2017.05.05 17:52:31.282,12.27878,12.28091,0.00,0.00
2017.05.05 17:52:31.468,12.27878,12.28102,0.00,0.00
2017.05.05 17:52:33.290,12.27878,12.28082,0.00,0.00
2017.05.05 17:52:34.005,12.27878,12.28102,0.00,0.00
2017.05.05 17:52:34.913,12.27878,12.28082,0.00,0.00
2017.05.05 17:52:39.600,12.27878,12.28102,0.00,0.00
2017.05.05 17:52:39.683,12.27878,12.28082,0.00,0.00
2017.05.05 17:52:39.813,12.27878,12.28102,0.00,0.00
2017.05.05 17:52:40.600,12.27878,12.28081,0.00,0.00
2017.05.05 17:52:40.713,12.27878,12.28101,0.00,0.00
2017.05.05 17:52:40.814,12.27878,12.28091,0.00,0.00
2017.05.05 17:52:41.413,12.27878,12.28082,0.00,0.00
2017.05.05 17:52:43.130,12.27878,12.28101,0.00,0.00
2017.05.05 17:52:44.189,12.27878,12.28091,0.00,0.00
2017.05.05 17:52:45.999,12.27878,12.28102,0.00,0.00
2017.05.05 17:52:46.692,12.27878,12.28092,0.00,0.00
2017.05.05 17:52:47.006,12.27878,12.28082,0.00,0.00
2017.05.05 17:52:47.107,12.27878,12.28122,0.00,0.00
2017.05.05 17:52:47.408,12.27878,12.28112,0.00,0.00
2017.05.05 17:52:48.503,12.27878,12.28121,0.00,0.00
2017.05.05 17:52:48.604,12.27878,12.28082,0.00,0.00
2017.05.05 17:52:48.798,12.27878,12.28101,0.00,0.00
2017.05.05 17:52:50.050,12.27878,12.28091,0.00,0.00
2017.05.05 17:52:52.969,12.27979,12.28091,0.00,0.00
2017.05.05 17:52:53.020,12.27979,12.28101,0.00,0.00
2017.05.05 17:52:53.121,12.27979,12.28218,0.00,0.00
2017.05.05 17:52:53.222,12.27979,12.28211,0.00,0.00
2017.05.05 17:52:53.557,12.27979,12.28172,0.00,0.00
2017.05.05 17:52:53.658,12.27979,12.28182,0.00,0.00
2017.05.05 17:52:53.709,12.27979,12.28201,0.00,0.00
2017.05.05 17:52:54.109,12.27979,12.28182,0.00,0.00
2017.05.05 17:52:54.490,12.28011,12.28182,0.00,0.00
2017.05.05 17:52:54.541,12.27979,12.28202,0.00,0.00
2017.05.05 17:52:54.642,12.27969,12.28202,0.00,0.00
2017.05.05 17:52:54.811,12.27969,12.28182,0.00,0.00
2017.05.05 17:52:55.112,12.27969,12.28191,0.00,0.00
2017.05.05 17:52:55.312,12.27969,12.28181,0.00,0.00
2017.05.05 17:52:55.413,12.27969,12.28192,0.00,0.00
2017.05.05 17:52:55.613,12.27969,12.28201,0.00,0.00
2017.05.05 17:52:56.034,12.27969,12.28181,0.00,0.00
2017.05.05 17:52:56.524,12.27961,12.28181,0.00,0.00
2017.05.05 17:52:56.575,12.27922,12.28181,0.00,0.00
2017.05.05 17:52:56.626,12.27921,12.28179,0.00,0.00
2017.05.05 17:52:56.940,12.27922,12.28152,0.00,0.00
2017.05.05 17:52:57.733,12.27921,12.28152,0.00,0.00
2017.05.05 17:52:58.899,12.27991,12.28152,0.00,0.00
2017.05.05 17:52:59.294,12.27922,12.28182,0.00,0.00
2017.05.05 17:52:59.345,12.27921,12.28179,0.00,0.00
2017.05.05 17:52:59.742,12.27922,12.28152,0.00,0.00
2017.05.05 17:53:00.150,12.27928,12.28152,0.00,0.00
2017.05.05 17:53:00.269,12.27922,12.28152,0.00,0.00
2017.05.05 17:53:00.522,12.27929,12.28152,0.00,0.00
2017.05.05 17:53:00.722,12.27921,12.28152,0.00,0.00
2017.05.05 17:53:01.290,12.27922,12.28152,0.00,0.00
2017.05.05 17:53:01.341,12.27888,12.28118,0.00,0.00
2017.05.05 17:53:01.645,12.27841,12.28051,0.00,0.00
2017.05.05 17:53:02.122,12.27822,12.28051,0.00,0.00
2017.05.05 17:53:02.173,12.27881,12.28101,0.00,0.00
2017.05.05 17:53:03.093,12.27851,12.28101,0.00,0.00
2017.05.05 17:53:03.144,12.27821,12.28051,0.00,0.00
2017.05.05 17:53:04.134,12.27822,12.28051,0.00,0.00
2017.05.05 17:53:05.030,12.27821,12.28051,0.00,0.00
2017.05.05 17:53:05.332,12.27829,12.28051,0.00,0.00
2017.05.05 17:53:05.433,12.27821,12.28051,0.00,0.00
2017.05.05 17:53:07.219,12.27822,12.28051,0.00,0.00
2017.05.05 17:53:07.772,12.27821,12.28051,0.00,0.00
2017.05.05 17:53:07.822,12.27921,12.28102,0.00,0.00
2017.05.05 17:53:07.974,12.27921,12.28152,0.00,0.00
2017.05.05 17:53:08.079,12.27922,12.28142,0.00,0.00
2017.05.05 17:53:08.956,12.27922,12.28152,0.00,0.00
2017.05.05 17:53:11.000,12.27921,12.28152,0.00,0.00
2017.05.05 17:53:11.339,12.27922,12.28141,0.00,0.00
2017.05.05 17:53:11.539,12.27922,12.28152,0.00,0.00
2017.05.05 17:53:12.059,12.27921,12.28152,0.00,0.00
2017.05.05 17:53:12.769,12.27922,12.28152,0.00,0.00
2017.05.05 17:53:12.970,12.27922,12.28142,0.00,0.00
2017.05.05 17:53:13.089,12.27921,12.28151,0.00,0.00
2017.05.05 17:53:13.724,12.27921,12.28152,0.00,0.00
2017.05.05 17:53:16.230,12.27922,12.28152,0.00,0.00
2017.05.05 17:53:17.159,12.27921,12.28152,0.00,0.00
2017.05.05 17:53:17.760,12.27922,12.28152,0.00,0.00
2017.05.05 17:53:18.298,12.27921,12.28152,0.00,0.00
2017.05.05 17:53:18.619,12.27961,12.28152,0.00,0.00
2017.05.05 17:53:19.139,12.27962,12.28152,0.00,0.00
2017.05.05 17:53:19.800,12.27961,12.28152,0.00,0.00
2017.05.05 17:53:22.159,12.27921,12.28152,0.00,0.00
2017.05.05 17:53:22.396,12.27982,12.28172,0.00,0.00
2017.05.05 17:53:22.598,12.27921,12.28151,0.00,0.00
2017.05.05 17:53:23.179,12.27922,12.28151,0.00,0.00
2017.05.05 17:53:31.079,12.27961,12.28151,0.00,0.00
2017.05.05 17:53:31.230,12.27922,12.28151,0.00,0.00
2017.05.05 17:53:31.732,12.27921,12.28151,0.00,0.00
2017.05.05 17:53:32.569,12.27922,12.28151,0.00,0.00
2017.05.05 17:53:33.341,12.27921,12.28151,0.00,0.00
2017.05.05 17:53:34.002,12.27922,12.28151,0.00,0.00
2017.05.05 17:53:36.411,12.27921,12.28151,0.00,0.00
2017.05.05 17:53:37.815,12.27922,12.28151,0.00,0.00
2017.05.05 17:53:43.888,12.27921,12.28151,0.00,0.00
2017.05.05 17:53:46.928,12.27922,12.28151,0.00,0.00
2017.05.05 17:53:47.509,12.27921,12.28151,0.00,0.00
2017.05.05 17:53:49.240,12.27922,12.28151,0.00,0.00
2017.05.05 17:53:49.703,12.27929,12.28151,0.00,0.00
2017.05.05 17:53:50.052,12.28021,12.28181,0.00,0.00
2017.05.05 17:53:50.103,12.28021,12.28251,0.00,0.00
2017.05.05 17:53:51.239,12.28022,12.28251,0.00,0.00
2017.05.05 17:53:51.832,12.28021,12.28251,0.00,0.00
2017.05.05 17:53:52.811,12.28022,12.28251,0.00,0.00
2017.05.05 17:53:53.801,12.28021,12.28251,0.00,0.00
2017.05.05 17:53:55.061,12.28022,12.28251,0.00,0.00
2017.05.05 17:53:55.596,12.28021,12.28251,0.00,0.00
2017.05.05 17:53:58.441,12.28022,12.28251,0.00,0.00
2017.05.05 17:53:59.092,12.28021,12.28251,0.00,0.00
2017.05.05 17:54:03.589,12.28022,12.28251,0.00,0.00
2017.05.05 17:54:04.134,12.28021,12.28251,0.00,0.00
2017.05.05 17:54:05.460,12.28022,12.28251,0.00,0.00
2017.05.05 17:54:06.259,12.28021,12.28251,0.00,0.00
2017.05.05 17:54:06.710,12.28092,12.28291,0.00,0.00
2017.05.05 17:54:06.862,12.28042,12.28271,0.00,0.00
2017.05.05 17:54:06.928,12.28042,12.28302,0.00,0.00
2017.05.05 17:54:07.729,12.28042,12.28252,0.00,0.00
2017.05.05 17:54:07.780,12.28028,12.28252,0.00,0.00
2017.05.05 17:54:07.876,12.28018,12.28252,0.00,0.00
2017.05.05 17:54:07.977,12.28011,12.28252,0.00,0.00
2017.05.05 17:54:08.663,12.28012,12.28252,0.00,0.00
2017.05.05 17:54:08.830,12.28019,12.28252,0.00,0.00
2017.05.05 17:54:09.476,12.28062,12.28252,0.00,0.00
2017.05.05 17:54:09.608,12.28011,12.28252,0.00,0.00
2017.05.05 17:54:09.731,12.28018,12.28252,0.00,0.00
2017.05.05 17:54:11.640,12.28011,12.28252,0.00,0.00
2017.05.05 17:54:12.360,12.28012,12.28252,0.00,0.00
2017.05.05 17:54:12.934,12.28011,12.28252,0.00,0.00
2017.05.05 17:54:13.869,12.28012,12.28252,0.00,0.00
2017.05.05 17:54:14.474,12.28011,12.28252,0.00,0.00
2017.05.05 17:54:15.059,12.28012,12.28252,0.00,0.00
2017.05.05 17:54:15.596,12.28011,12.28251,0.00,0.00
2017.05.05 17:54:16.968,12.28111,12.28251,0.00,0.00
2017.05.05 17:54:17.069,12.28111,12.28291,0.00,0.00
2017.05.05 17:54:17.170,12.28111,12.28352,0.00,0.00
2017.05.05 17:54:17.550,12.28111,12.28341,0.00,0.00
2017.05.05 17:54:17.651,12.28112,12.28352,0.00,0.00
2017.05.05 17:54:18.694,12.28111,12.28352,0.00,0.00
2017.05.05 17:54:19.305,12.28112,12.28352,0.00,0.00
2017.05.05 17:54:20.199,12.28089,12.28302,0.00,0.00
2017.05.05 17:54:20.502,12.28082,12.28252,0.00,0.00
2017.05.05 17:54:20.810,12.28111,12.28302,0.00,0.00
2017.05.05 17:54:21.037,12.28111,12.28352,0.00,0.00
2017.05.05 17:54:21.188,12.28111,12.28341,0.00,0.00
2017.05.05 17:54:21.251,12.28111,12.28352,0.00,0.00
2017.05.05 17:54:22.130,12.28112,12.28352,0.00,0.00
2017.05.05 17:54:22.353,12.28111,12.28341,0.00,0.00
2017.05.05 17:54:22.758,12.28112,12.28352,0.00,0.00
2017.05.05 17:54:24.341,12.28111,12.28352,0.00,0.00
2017.05.05 17:54:24.917,12.28112,12.28352,0.00,0.00
2017.05.05 17:54:25.457,12.28112,12.28351,0.00,0.00
2017.05.05 17:54:26.237,12.28111,12.28352,0.00,0.00
2017.05.05 17:54:26.668,12.28112,12.28372,0.00,0.00
2017.05.05 17:54:26.769,12.28112,12.28362,0.00,0.00
2017.05.05 17:54:26.909,12.28111,12.28382,0.00,0.00
2017.05.05 17:54:27.419,12.28112,12.28382,0.00,0.00
2017.05.05 17:54:27.661,12.28111,12.28372,0.00,0.00
2017.05.05 17:54:28.178,12.28112,12.28372,0.00,0.00
2017.05.05 17:54:28.545,12.28112,12.28362,0.00,0.00
2017.05.05 17:54:30.058,12.28111,12.28362,0.00,0.00
2017.05.05 17:54:31.080,12.28112,12.28362,0.00,0.00
2017.05.05 17:54:31.181,12.28112,12.28382,0.00,0.00
2017.05.05 17:54:31.466,12.28112,12.28371,0.00,0.00
2017.05.05 17:54:31.667,12.28112,12.28381,0.00,0.00
2017.05.05 17:54:31.920,12.28099,12.28329,0.00,0.00
2017.05.05 17:54:31.971,12.28078,12.28329,0.00,0.00
2017.05.05 17:54:32.021,12.28078,12.28321,0.00,0.00
2017.05.05 17:54:32.072,12.28059,12.28321,0.00,0.00
2017.05.05 17:54:32.173,12.28021,12.28302,0.00,0.00
2017.05.05 17:54:32.224,12.28112,12.28302,0.00,0.00
2017.05.05 17:54:32.275,12.28091,12.28331,0.00,0.00
2017.05.05 17:54:32.376,12.28099,12.28342,0.00,0.00
2017.05.05 17:54:32.477,12.28099,12.28359,0.00,0.00
2017.05.05 17:54:32.660,12.28099,12.28341,0.00,0.00
2017.05.05 17:54:32.990,12.28111,12.28359,0.00,0.00
2017.05.05 17:54:33.109,12.28099,12.28371,0.00,0.00
2017.05.05 17:54:33.779,12.28112,12.28358,0.00,0.00
2017.05.05 17:54:34.710,12.28111,12.28361,0.00,0.00
2017.05.05 17:54:34.811,12.28112,12.28371,0.00,0.00
2017.05.05 17:54:34.995,12.28099,12.28358,0.00,0.00
2017.05.05 17:54:35.324,12.28091,12.28349,0.00,0.00
2017.05.05 17:54:35.374,12.28068,12.28328,0.00,0.00
2017.05.05 17:54:35.475,12.28051,12.28332,0.00,0.00
2017.05.05 17:54:35.576,12.28112,12.28311,0.00,0.00
2017.05.05 17:54:35.677,12.28112,12.28341,0.00,0.00
2017.05.05 17:54:35.779,12.28111,12.28372,0.00,0.00
2017.05.05 17:54:35.880,12.28111,12.28382,0.00,0.00
2017.05.05 17:54:36.065,12.28111,12.28372,0.00,0.00
2017.05.05 17:54:36.468,12.28012,12.28251,0.00,0.00
2017.05.05 17:54:37.008,12.28011,12.28251,0.00,0.00
2017.05.05 17:54:37.127,12.27969,12.28219,0.00,0.00
2017.05.05 17:54:37.178,12.27998,12.28219,0.00,0.00
2017.05.05 17:54:37.279,12.27928,12.28212,0.00,0.00
2017.05.05 17:54:37.389,12.27911,12.28182,0.00,0.00
2017.05.05 17:54:37.679,12.27918,12.28202,0.00,0.00
2017.05.05 17:54:38.280,12.27911,12.28192,0.00,0.00
2017.05.05 17:54:38.381,12.27918,12.28202,0.00,0.00
2017.05.05 17:54:38.500,12.27929,12.28211,0.00,0.00
2017.05.05 17:54:39.207,12.28012,12.28202,0.00,0.00
2017.05.05 17:54:39.308,12.28011,12.28242,0.00,0.00
2017.05.05 17:54:39.409,12.28011,12.28292,0.00,0.00
2017.05.05 17:54:40.100,12.28012,12.28292,0.00,0.00
2017.05.05 17:54:40.310,12.28019,12.28292,0.00,0.00
2017.05.05 17:54:41.383,12.28008,12.28218,0.00,0.00
2017.05.05 17:54:41.433,12.27978,12.28218,0.00,0.00
2017.05.05 17:54:41.484,12.27978,12.28212,0.00,0.00
2017.05.05 17:54:41.535,12.27919,12.28201,0.00,0.00
2017.05.05 17:54:42.958,12.27961,12.28201,0.00,0.00
2017.05.05 17:54:43.210,12.28018,12.28282,0.00,0.00
2017.05.05 17:54:44.112,12.28018,12.28292,0.00,0.00
2017.05.05 17:54:45.993,12.28018,12.28271,0.00,0.00
2017.05.05 17:54:46.374,12.28018,12.28262,0.00,0.00
2017.05.05 17:54:49.156,12.28018,12.28219,0.00,0.00
2017.05.05 17:54:49.207,12.27991,12.28249,0.00,0.00
2017.05.05 17:54:49.258,12.28018,12.28249,0.00,0.00
2017.05.05 17:54:49.359,12.27982,12.28232,0.00,0.00
2017.05.05 17:54:49.410,12.27982,12.28242,0.00,0.00
2017.05.05 17:54:49.511,12.27981,12.28249,0.00,0.00
2017.05.05 17:54:49.599,12.27981,12.28222,0.00,0.00
2017.05.05 17:54:50.000,12.27982,12.28232,0.00,0.00
2017.05.05 17:54:50.200,12.27982,12.28222,0.00,0.00
2017.05.05 17:54:50.787,12.27938,12.28212,0.00,0.00
2017.05.05 17:54:50.939,12.27948,12.28212,0.00,0.00
2017.05.05 17:54:51.349,12.27918,12.28172,0.00,0.00
2017.05.05 17:54:51.503,12.27918,12.28181,0.00,0.00
2017.05.05 17:54:51.603,12.27918,12.28191,0.00,0.00
2017.05.05 17:54:52.254,12.27918,12.28182,0.00,0.00
2017.05.05 17:54:52.591,12.27919,12.28161,0.00,0.00
2017.05.05 17:54:53.520,12.27919,12.28148,0.00,0.00
2017.05.05 17:54:53.570,12.27919,12.28161,0.00,0.00
2017.05.05 17:54:53.621,12.27919,12.28151,0.00,0.00
2017.05.05 17:54:53.722,12.27919,12.28192,0.00,0.00
2017.05.05 17:54:53.823,12.27928,12.28211,0.00,0.00
2017.05.05 17:54:54.319,12.27928,12.28201,0.00,0.00
2017.05.05 17:54:54.945,12.27912,12.28192,0.00,0.00
2017.05.05 17:54:55.081,12.27928,12.28201,0.00,0.00
2017.05.05 17:54:55.210,12.27912,12.28191,0.00,0.00
2017.05.05 17:54:56.126,12.27911,12.28191,0.00,0.00
2017.05.05 17:54:56.211,12.27929,12.28201,0.00,0.00
2017.05.05 17:54:56.312,12.27911,12.28191,0.00,0.00
2017.05.05 17:54:59.761,12.27912,12.28191,0.00,0.00
2017.05.05 17:55:00.317,12.27911,12.28191,0.00,0.00
2017.05.05 17:55:00.760,12.27991,12.28192,0.00,0.00
2017.05.05 17:55:00.962,12.28012,12.28232,0.00,0.00
2017.05.05 17:55:01.063,12.28011,12.28272,0.00,0.00
2017.05.05 17:55:01.119,12.28011,12.28292,0.00,0.00
2017.05.05 17:55:01.419,12.28011,12.28281,0.00,0.00
2017.05.05 17:55:01.758,12.28012,12.28262,0.00,0.00
2017.05.05 17:55:01.923,12.28012,12.28281,0.00,0.00
2017.05.05 17:55:03.503,12.28011,12.28281,0.00,0.00
2017.05.05 17:55:03.655,12.28011,12.28261,0.00,0.00
2017.05.05 17:55:03.777,12.28011,12.28292,0.00,0.00
2017.05.05 17:55:04.731,12.28011,12.28261,0.00,0.00
2017.05.05 17:55:04.833,12.28011,12.28292,0.00,0.00
2017.05.05 17:55:05.452,12.28012,12.28292,0.00,0.00
2017.05.05 17:55:05.632,12.28018,12.28302,0.00,0.00
2017.05.05 17:55:06.229,12.28012,12.28292,0.00,0.00
2017.05.05 17:55:07.085,12.28011,12.28292,0.00,0.00
2017.05.05 17:55:07.236,12.28018,12.28302,0.00,0.00
2017.05.05 17:55:07.332,12.28011,12.28272,0.00,0.00
2017.05.05 17:55:07.433,12.28011,12.28291,0.00,0.00
2017.05.05 17:55:08.026,12.28012,12.28291,0.00,0.00
2017.05.05 17:55:09.193,12.28011,12.28291,0.00,0.00
2017.05.05 17:55:09.243,12.28012,12.28272,0.00,0.00
2017.05.05 17:55:09.446,12.28008,12.28272,0.00,0.00
2017.05.05 17:55:09.514,12.28012,12.28272,0.00,0.00
2017.05.05 17:55:09.902,12.28012,12.28242,0.00,0.00
2017.05.05 17:55:10.054,12.28011,12.28259,0.00,0.00
2017.05.05 17:55:10.105,12.28008,12.28259,0.00,0.00
2017.05.05 17:55:10.156,12.28008,12.28242,0.00,0.00
2017.05.05 17:55:10.237,12.28008,12.28259,0.00,0.00
2017.05.05 17:55:10.456,12.28008,12.28241,0.00,0.00
2017.05.05 17:55:10.557,12.28008,12.28259,0.00,0.00
2017.05.05 17:55:11.046,12.28012,12.28258,0.00,0.00
2017.05.05 17:55:11.707,12.28012,12.28272,0.00,0.00
2017.05.05 17:55:11.758,12.28012,12.28282,0.00,0.00
2017.05.05 17:55:11.840,12.28029,12.28302,0.00,0.00
2017.05.05 17:55:11.940,12.28038,12.28302,0.00,0.00
2017.05.05 17:55:12.332,12.28081,12.28309,0.00,0.00
2017.05.05 17:55:12.384,12.28048,12.28301,0.00,0.00
2017.05.05 17:55:12.441,12.28039,12.28301,0.00,0.00
2017.05.05 17:55:12.542,12.28019,12.28301,0.00,0.00
2017.05.05 17:55:12.943,12.28029,12.28301,0.00,0.00
2017.05.05 17:55:13.044,12.28018,12.28301,0.00,0.00
2017.05.05 17:55:13.143,12.28012,12.28292,0.00,0.00
2017.05.05 17:55:13.489,12.28012,12.28272,0.00,0.00
2017.05.05 17:55:13.644,12.28012,12.28291,0.00,0.00
2017.05.05 17:55:13.846,12.28029,12.28301,0.00,0.00
2017.05.05 17:55:14.153,12.28048,12.28301,0.00,0.00
2017.05.05 17:55:14.254,12.28019,12.28301,0.00,0.00
2017.05.05 17:55:14.495,12.28012,12.28292,0.00,0.00
2017.05.05 17:55:15.152,12.28048,12.28301,0.00,0.00
2017.05.05 17:55:15.370,12.28018,12.28301,0.00,0.00
2017.05.05 17:55:16.849,12.28012,12.28291,0.00,0.00
2017.05.05 17:55:17.303,12.28012,12.28282,0.00,0.00
2017.05.05 17:55:17.354,12.28012,12.28291,0.00,0.00
2017.05.05 17:55:17.777,12.28012,12.28282,0.00,0.00
2017.05.05 17:55:18.857,12.28012,12.28292,0.00,0.00
2017.05.05 17:55:19.002,12.28012,12.28272,0.00,0.00
2017.05.05 17:55:20.154,12.28012,12.28292,0.00,0.00
2017.05.05 17:55:20.275,12.28012,12.28281,0.00,0.00
2017.05.05 17:55:20.393,12.28018,12.28301,0.00,0.00
2017.05.05 17:55:21.055,12.28012,12.28291,0.00,0.00
2017.05.05 17:55:21.267,12.28019,12.28301,0.00,0.00
2017.05.05 17:55:21.356,12.28012,12.28292,0.00,0.00
2017.05.05 17:55:23.043,12.28019,12.28301,0.00,0.00
2017.05.05 17:55:23.094,12.28028,12.28301,0.00,0.00
2017.05.05 17:55:23.760,12.28018,12.28301,0.00,0.00
2017.05.05 17:55:23.860,12.28012,12.28282,0.00,0.00
2017.05.05 17:55:24.460,12.28012,12.28292,0.00,0.00
2017.05.05 17:55:25.667,12.28012,12.28282,0.00,0.00
2017.05.05 17:55:26.003,12.28019,12.28301,0.00,0.00
2017.05.05 17:55:26.063,12.28038,12.28301,0.00,0.00
2017.05.05 17:55:26.164,12.28018,12.28301,0.00,0.00
2017.05.05 17:55:26.880,12.28012,12.28292,0.00,0.00
2017.05.05 17:55:27.202,12.28012,12.28272,0.00,0.00
2017.05.05 17:55:27.365,12.28012,12.28292,0.00,0.00
2017.05.05 17:55:27.467,12.28012,12.28281,0.00,0.00
2017.05.05 17:55:27.842,12.28012,12.28262,0.00,0.00
2017.05.05 17:55:27.893,12.28009,12.28262,0.00,0.00
2017.05.05 17:55:27.967,12.28009,12.28278,0.00,0.00
2017.05.05 17:55:28.018,12.28009,12.28248,0.00,0.00
2017.05.05 17:55:28.068,12.27981,12.28249,0.00,0.00
2017.05.05 17:55:28.172,12.27982,12.28232,0.00,0.00
2017.05.05 17:55:28.523,12.27982,12.28222,0.00,0.00
2017.05.05 17:55:28.768,12.27982,12.28248,0.00,0.00
2017.05.05 17:55:29.283,12.27981,12.28221,0.00,0.00
2017.05.05 17:55:29.669,12.27981,12.28242,0.00,0.00
2017.05.05 17:55:29.727,12.28011,12.28242,0.00,0.00
2017.05.05 17:55:29.889,12.28011,12.28251,0.00,0.00
2017.05.05 17:55:30.013,12.28012,12.28281,0.00,0.00
2017.05.05 17:55:30.114,12.28012,12.28292,0.00,0.00
2017.05.05 17:55:30.170,12.28012,12.28281,0.00,0.00
2017.05.05 17:55:30.271,12.28011,12.28292,0.00,0.00
2017.05.05 17:55:30.707,12.28011,12.28262,0.00,0.00
2017.05.05 17:55:31.076,12.28011,12.28252,0.00,0.00
2017.05.05 17:55:31.254,12.28012,12.28261,0.00,0.00
2017.05.05 17:55:31.825,12.28011,12.28261,0.00,0.00
2017.05.05 17:55:32.205,12.27979,12.28229,0.00,0.00
2017.05.05 17:55:32.407,12.27918,12.28201,0.00,0.00
2017.05.05 17:55:32.692,12.27928,12.28201,0.00,0.00
2017.05.05 17:55:32.774,12.27911,12.28192,0.00,0.00
2017.05.05 17:55:32.974,12.27919,12.28201,0.00,0.00
2017.05.05 17:55:33.074,12.27911,12.28192,0.00,0.00
2017.05.05 17:55:35.671,12.27912,12.28192,0.00,0.00
2017.05.05 17:55:36.979,12.27919,12.28201,0.00,0.00
2017.05.05 17:55:40.412,12.27929,12.28201,0.00,0.00
2017.05.05 17:55:40.804,12.27938,12.28201,0.00,0.00
2017.05.05 17:55:41.144,12.27949,12.28201,0.00,0.00
2017.05.05 17:55:41.816,12.27929,12.28201,0.00,0.00
2017.05.05 17:55:41.922,12.27968,12.28209,0.00,0.00
2017.05.05 17:55:42.402,12.27968,12.28212,0.00,0.00
2017.05.05 17:55:42.452,12.27968,12.28208,0.00,0.00
2017.05.05 17:55:42.756,12.27968,12.28202,0.00,0.00
2017.05.05 17:55:43.022,12.27968,12.28208,0.00,0.00
2017.05.05 17:55:43.087,12.27968,12.28202,0.00,0.00
2017.05.05 17:55:43.507,12.27968,12.28209,0.00,0.00
2017.05.05 17:55:44.151,12.27968,12.28208,0.00,0.00
2017.05.05 17:55:44.288,12.27968,12.28192,0.00,0.00
2017.05.05 17:55:45.193,12.27968,12.28181,0.00,0.00
2017.05.05 17:55:45.818,12.27968,12.28208,0.00,0.00
2017.05.05 17:55:45.890,12.27968,12.28202,0.00,0.00
2017.05.05 17:55:48.694,12.27968,12.28208,0.00,0.00
2017.05.05 17:55:48.795,12.27968,12.28181,0.00,0.00
2017.05.05 17:55:51.637,12.27968,12.28208,0.00,0.00
2017.05.05 17:55:51.898,12.27968,12.28201,0.00,0.00
2017.05.05 17:55:53.745,12.27968,12.28191,0.00,0.00
2017.05.05 17:55:56.233,12.27968,12.28208,0.00,0.00
2017.05.05 17:55:56.403,12.27968,12.28182,0.00,0.00
2017.05.05 17:55:59.932,12.27959,12.28182,0.00,0.00
2017.05.05 17:56:00.033,12.27959,12.28191,0.00,0.00
2017.05.05 17:56:00.110,12.27959,12.28181,0.00,0.00
2017.05.05 17:56:00.210,12.27959,12.28208,0.00,0.00
2017.05.05 17:56:00.311,12.27959,12.28182,0.00,0.00
2017.05.05 17:56:00.811,12.27959,12.28191,0.00,0.00
2017.05.05 17:56:01.063,12.27909,12.28108,0.00,0.00
2017.05.05 17:56:01.247,12.27858,12.28102,0.00,0.00
2017.05.05 17:56:02.513,12.27858,12.28109,0.00,0.00
2017.05.05 17:56:03.245,12.27858,12.28108,0.00,0.00
2017.05.05 17:56:07.433,12.27858,12.28109,0.00,0.00
2017.05.05 17:56:09.470,12.27912,12.28121,0.00,0.00
2017.05.05 17:56:09.672,12.27958,12.28179,0.00,0.00
2017.05.05 17:56:10.032,12.27958,12.28199,0.00,0.00
2017.05.05 17:56:10.133,12.27958,12.28172,0.00,0.00
2017.05.05 17:56:10.505,12.27969,12.28172,0.00,0.00
2017.05.05 17:56:10.724,12.27969,12.28192,0.00,0.00
2017.05.05 17:56:17.832,12.27969,12.28182,0.00,0.00
2017.05.05 17:56:21.783,12.27969,12.28192,0.00,0.00
2017.05.05 17:56:23.672,12.27969,12.28199,0.00,0.00
2017.05.05 17:56:24.144,12.27969,12.28181,0.00,0.00
2017.05.05 17:56:24.246,12.27969,12.28199,0.00,0.00
2017.05.05 17:56:24.641,12.27969,12.28182,0.00,0.00
2017.05.05 17:56:24.742,12.27969,12.28199,0.00,0.00
2017.05.05 17:56:24.872,12.27969,12.28182,0.00,0.00
2017.05.05 17:56:26.744,12.27969,12.28191,0.00,0.00
2017.05.05 17:56:29.146,12.27969,12.28182,0.00,0.00
2017.05.05 17:56:29.352,12.27969,12.28191,0.00,0.00
2017.05.05 17:56:29.447,12.27969,12.28201,0.00,0.00
2017.05.05 17:56:31.207,12.28011,12.28201,0.00,0.00
2017.05.05 17:56:31.372,12.28068,12.28309,0.00,0.00
2017.05.05 17:56:31.422,12.28118,12.28308,0.00,0.00
2017.05.05 17:56:31.523,12.28068,12.28309,0.00,0.00
2017.05.05 17:56:32.050,12.28068,12.28301,0.00,0.00
2017.05.05 17:56:33.343,12.28169,12.28301,0.00,0.00
2017.05.05 17:56:33.394,12.28169,12.28322,0.00,0.00
2017.05.05 17:56:33.495,12.28169,12.28358,0.00,0.00
2017.05.05 17:56:33.571,12.28169,12.28348,0.00,0.00
2017.05.05 17:56:33.622,12.28118,12.28329,0.00,0.00
2017.05.05 17:56:33.673,12.28118,12.28308,0.00,0.00
2017.05.05 17:56:33.724,12.28069,12.28308,0.00,0.00
2017.05.05 17:56:33.774,12.28069,12.28302,0.00,0.00
2017.05.05 17:56:34.393,12.28069,12.28309,0.00,0.00
2017.05.05 17:56:34.494,12.28069,12.28321,0.00,0.00
2017.05.05 17:56:34.595,12.28069,12.28328,0.00,0.00
2017.05.05 17:56:34.653,12.28069,12.28312,0.00,0.00
2017.05.05 17:56:34.754,12.28069,12.28328,0.00,0.00
2017.05.05 17:56:34.853,12.28069,12.28322,0.00,0.00
2017.05.05 17:56:35.198,12.28169,12.28359,0.00,0.00
2017.05.05 17:56:35.249,12.28098,12.28328,0.00,0.00
2017.05.05 17:56:35.300,12.28078,12.28328,0.00,0.00
2017.05.05 17:56:35.401,12.28068,12.28301,0.00,0.00
2017.05.05 17:56:35.703,12.28119,12.28301,0.00,0.00
2017.05.05 17:56:35.804,12.28122,12.28341,0.00,0.00
2017.05.05 17:56:35.855,12.28168,12.28378,0.00,0.00
2017.05.05 17:56:36.158,12.28168,12.28358,0.00,0.00
2017.05.05 17:56:36.209,12.28168,12.28378,0.00,0.00
2017.05.05 17:56:37.031,12.28168,12.28379,0.00,0.00
2017.05.05 17:56:37.157,12.28168,12.28372,0.00,0.00
2017.05.05 17:56:40.096,12.28168,12.28392,0.00,0.00
2017.05.05 17:56:40.162,12.28168,12.28401,0.00,0.00
2017.05.05 17:56:40.827,12.28168,12.28392,0.00,0.00
2017.05.05 17:56:41.272,12.28168,12.28402,0.00,0.00
2017.05.05 17:56:44.287,12.28168,12.28392,0.00,0.00
2017.05.05 17:56:44.897,12.28168,12.28382,0.00,0.00
2017.05.05 17:56:46.372,12.28168,12.28402,0.00,0.00
2017.05.05 17:56:46.472,12.28168,12.28381,0.00,0.00
2017.05.05 17:56:46.684,12.28168,12.28392,0.00,0.00
2017.05.05 17:56:47.372,12.28168,12.28412,0.00,0.00
2017.05.05 17:56:49.016,12.28168,12.28402,0.00,0.00
2017.05.05 17:56:49.401,12.28168,12.28382,0.00,0.00
2017.05.05 17:56:49.476,12.28168,12.28412,0.00,0.00
2017.05.05 17:56:49.777,12.28168,12.28391,0.00,0.00
2017.05.05 17:56:50.314,12.28168,12.28382,0.00,0.00
2017.05.05 17:56:50.794,12.28168,12.28412,0.00,0.00
2017.05.05 17:56:51.282,12.28168,12.28392,0.00,0.00
2017.05.05 17:56:51.784,12.28168,12.28381,0.00,0.00
2017.05.05 17:56:52.082,12.28168,12.28402,0.00,0.00
2017.05.05 17:56:52.182,12.28168,12.28392,0.00,0.00
2017.05.05 17:56:53.785,12.28168,12.28382,0.00,0.00
2017.05.05 17:56:54.118,12.28168,12.28359,0.00,0.00
2017.05.05 17:56:55.600,12.28168,12.28358,0.00,0.00
2017.05.05 17:56:56.180,12.28168,12.28381,0.00,0.00
2017.05.05 17:56:56.289,12.28168,12.28392,0.00,0.00
2017.05.05 17:56:56.390,12.28168,12.28402,0.00,0.00
2017.05.05 17:56:57.591,12.28168,12.28391,0.00,0.00
2017.05.05 17:56:59.941,12.28168,12.28401,0.00,0.00
2017.05.05 17:57:00.042,12.28168,12.28411,0.00,0.00
2017.05.05 17:57:01.112,12.28168,12.28402,0.00,0.00
2017.05.05 17:57:01.488,12.28168,12.28391,0.00,0.00
2017.05.05 17:57:02.298,12.28168,12.28402,0.00,0.00
2017.05.05 17:57:02.801,12.28168,12.28382,0.00,0.00
2017.05.05 17:57:03.099,12.28168,12.28392,0.00,0.00
2017.05.05 17:57:03.200,12.28168,12.28382,0.00,0.00
2017.05.05 17:57:03.400,12.28168,12.28392,0.00,0.00
2017.05.05 17:57:03.510,12.28168,12.28381,0.00,0.00
2017.05.05 17:57:04.003,12.28168,12.28371,0.00,0.00
2017.05.05 17:57:04.304,12.28168,12.28392,0.00,0.00
2017.05.05 17:57:04.792,12.28168,12.28379,0.00,0.00
2017.05.05 17:57:05.106,12.28168,12.28359,0.00,0.00
2017.05.05 17:57:06.187,12.28168,12.28391,0.00,0.00
2017.05.05 17:57:06.710,12.28168,12.28392,0.00,0.00
2017.05.05 17:57:06.823,12.28168,12.28372,0.00,0.00
2017.05.05 17:57:07.124,12.28168,12.28358,0.00,0.00
2017.05.05 17:57:07.769,12.28168,12.28359,0.00,0.00
2017.05.05 17:57:07.832,12.28168,12.28402,0.00,0.00
2017.05.05 17:57:09.162,12.28168,12.28382,0.00,0.00
2017.05.05 17:57:10.717,12.28168,12.28401,0.00,0.00
2017.05.05 17:57:11.319,12.28168,12.28392,0.00,0.00
2017.05.05 17:57:13.933,12.28168,12.28382,0.00,0.00
2017.05.05 17:57:15.033,12.28168,12.28411,0.00,0.00
2017.05.05 17:57:15.126,12.28168,12.28372,0.00,0.00
2017.05.05 17:57:16.071,12.28168,12.28382,0.00,0.00
2017.05.05 17:57:16.172,12.28168,12.28402,0.00,0.00
2017.05.05 17:57:18.130,12.28168,12.28381,0.00,0.00
2017.05.05 17:57:19.752,12.28168,12.28391,0.00,0.00
2017.05.05 17:57:19.853,12.28168,12.28381,0.00,0.00
2017.05.05 17:57:21.462,12.28168,12.28401,0.00,0.00
2017.05.05 17:57:22.035,12.28168,12.28391,0.00,0.00
2017.05.05 17:57:22.382,12.28168,12.28402,0.00,0.00
2017.05.05 17:57:23.938,12.28168,12.28382,0.00,0.00
2017.05.05 17:57:24.238,12.28168,12.28392,0.00,0.00
2017.05.05 17:57:24.339,12.28168,12.28401,0.00,0.00
2017.05.05 17:57:25.461,12.28168,12.28392,0.00,0.00
2017.05.05 17:57:25.540,12.28168,12.28401,0.00,0.00
2017.05.05 17:57:26.742,12.28168,12.28392,0.00,0.00
2017.05.05 17:57:27.143,12.28168,12.28401,0.00,0.00
2017.05.05 17:57:28.689,12.28168,12.28382,0.00,0.00
2017.05.05 17:57:28.745,12.28168,12.28401,0.00,0.00
2017.05.05 17:57:32.662,12.28168,12.28391,0.00,0.00
2017.05.05 17:57:32.763,12.28168,12.28411,0.00,0.00
2017.05.05 17:57:33.952,12.28182,12.28408,0.00,0.00
2017.05.05 17:57:34.053,12.28168,12.28409,0.00,0.00
2017.05.05 17:57:34.271,12.28168,12.28392,0.00,0.00
2017.05.05 17:57:34.893,12.28168,12.28402,0.00,0.00
2017.05.05 17:57:34.994,12.28168,12.28391,0.00,0.00
2017.05.05 17:57:35.054,12.28168,12.28401,0.00,0.00
2017.05.05 17:57:35.154,12.28168,12.28408,0.00,0.00
2017.05.05 17:57:35.900,12.28139,12.28408,0.00,0.00
2017.05.05 17:57:36.356,12.28128,12.28409,0.00,0.00
2017.05.05 17:57:36.457,12.28122,12.28392,0.00,0.00
2017.05.05 17:57:37.472,12.28128,12.28408,0.00,0.00
2017.05.05 17:57:38.283,12.28128,12.28409,0.00,0.00
2017.05.05 17:57:39.791,12.28128,12.28408,0.00,0.00
2017.05.05 17:57:39.892,12.28122,12.28392,0.00,0.00
2017.05.05 17:57:40.195,12.28169,12.28361,0.00,0.00
2017.05.05 17:57:40.423,12.28118,12.28349,0.00,0.00
2017.05.05 17:57:40.524,12.28168,12.28358,0.00,0.00
2017.05.05 17:57:40.975,12.28168,12.28361,0.00,0.00
2017.05.05 17:57:41.112,12.28168,12.28382,0.00,0.00
2017.05.05 17:57:41.164,12.28168,12.28392,0.00,0.00
2017.05.05 17:57:41.305,12.28168,12.28358,0.00,0.00
2017.05.05 17:57:42.042,12.28168,12.28309,0.00,0.00
2017.05.05 17:57:42.094,12.28078,12.28308,0.00,0.00
2017.05.05 17:57:42.195,12.28059,12.28291,0.00,0.00
2017.05.05 17:57:43.316,12.28109,12.28312,0.00,0.00
2017.05.05 17:57:43.417,12.28109,12.28328,0.00,0.00
2017.05.05 17:57:43.468,12.28081,12.28328,0.00,0.00
2017.05.05 17:57:43.569,12.28081,12.28322,0.00,0.00
2017.05.05 17:57:43.892,12.28121,12.28352,0.00,0.00
2017.05.05 17:57:44.225,12.28158,12.28358,0.00,0.00
2017.05.05 17:57:46.250,12.28158,12.28348,0.00,0.00
2017.05.05 17:57:47.441,12.28158,12.28359,0.00,0.00
2017.05.05 17:57:47.943,12.28158,12.28358,0.00,0.00
2017.05.05 17:57:49.381,12.28158,12.28361,0.00,0.00
2017.05.05 17:57:49.482,12.28158,12.28371,0.00,0.00
2017.05.05 17:57:49.583,12.28158,12.28392,0.00,0.00
2017.05.05 17:57:49.677,12.28158,12.28402,0.00,0.00
2017.05.05 17:57:49.782,12.28158,12.28382,0.00,0.00
2017.05.05 17:57:49.883,12.28158,12.28391,0.00,0.00
2017.05.05 17:57:50.290,12.28158,12.28359,0.00,0.00
2017.05.05 17:57:51.280,12.28158,12.28382,0.00,0.00
2017.05.05 17:57:51.382,12.28158,12.28402,0.00,0.00
2017.05.05 17:57:52.592,12.28158,12.28381,0.00,0.00
2017.05.05 17:57:53.795,12.28158,12.28402,0.00,0.00
2017.05.05 17:57:56.502,12.28158,12.28392,0.00,0.00
2017.05.05 17:57:56.840,12.28158,12.28381,0.00,0.00
2017.05.05 17:57:57.531,12.28158,12.28402,0.00,0.00
2017.05.05 17:57:58.692,12.28158,12.28391,0.00,0.00
2017.05.05 17:57:59.092,12.28158,12.28382,0.00,0.00
2017.05.05 17:58:00.004,12.28158,12.28409,0.00,0.00
2017.05.05 17:58:00.345,12.28158,12.28381,0.00,0.00
2017.05.05 17:58:01.096,12.28158,12.28392,0.00,0.00
2017.05.05 17:58:01.241,12.28158,12.28382,0.00,0.00
2017.05.05 17:58:01.396,12.28158,12.28391,0.00,0.00
2017.05.05 17:58:05.142,12.28158,12.28409,0.00,0.00
2017.05.05 17:58:05.402,12.28158,12.28381,0.00,0.00
2017.05.05 17:58:06.704,12.28158,12.28392,0.00,0.00
2017.05.05 17:58:07.922,12.28158,12.28381,0.00,0.00
2017.05.05 17:58:08.006,12.28158,12.28408,0.00,0.00
2017.05.05 17:58:11.501,12.28158,12.28409,0.00,0.00
2017.05.05 17:58:11.552,12.28158,12.28392,0.00,0.00
2017.05.05 17:58:12.411,12.28158,12.28382,0.00,0.00
2017.05.05 17:58:12.604,12.28158,12.28391,0.00,0.00
2017.05.05 17:58:13.321,12.28158,12.28408,0.00,0.00
2017.05.05 17:58:15.171,12.28158,12.28409,0.00,0.00
2017.05.05 17:58:15.816,12.28158,12.28392,0.00,0.00
2017.05.05 17:58:16.761,12.28158,12.28382,0.00,0.00
2017.05.05 17:58:17.137,12.28158,12.28361,0.00,0.00
2017.05.05 17:58:17.351,12.28158,12.28382,0.00,0.00
2017.05.05 17:58:17.417,12.28158,12.28401,0.00,0.00
2017.05.05 17:58:18.251,12.28158,12.28382,0.00,0.00
2017.05.05 17:58:19.163,12.28158,12.28402,0.00,0.00
2017.05.05 17:58:19.731,12.28158,12.28391,0.00,0.00
2017.05.05 17:58:19.832,12.28158,12.28401,0.00,0.00
2017.05.05 17:58:20.621,12.28158,12.28382,0.00,0.00
2017.05.05 17:58:20.867,12.28158,12.28409,0.00,0.00
2017.05.05 17:58:21.923,12.28158,12.28381,0.00,0.00
2017.05.05 17:58:22.136,12.28158,12.28392,0.00,0.00
2017.05.05 17:58:22.241,12.28158,12.28402,0.00,0.00
2017.05.05 17:58:22.624,12.28158,12.28392,0.00,0.00
2017.05.05 17:58:24.171,12.28158,12.28382,0.00,0.00
2017.05.05 17:58:24.272,12.28158,12.28408,0.00,0.00
2017.05.05 17:58:24.326,12.28158,12.28391,0.00,0.00
2017.05.05 17:58:24.629,12.28158,12.28401,0.00,0.00
2017.05.05 17:58:27.208,12.28158,12.28398,0.00,0.00
2017.05.05 17:58:27.763,12.28158,12.28381,0.00,0.00
2017.05.05 17:58:30.122,12.28158,12.28359,0.00,0.00
2017.05.05 17:58:30.324,12.28158,12.28382,0.00,0.00
2017.05.05 17:58:30.375,12.28158,12.28362,0.00,0.00
2017.05.05 17:58:30.476,12.28158,12.28398,0.00,0.00
2017.05.05 17:58:32.837,12.28158,12.28391,0.00,0.00
2017.05.05 17:58:32.937,12.28158,12.28398,0.00,0.00
2017.05.05 17:58:33.381,12.28158,12.28382,0.00,0.00
2017.05.05 17:58:34.722,12.28158,12.28308,0.00,0.00
2017.05.05 17:58:34.773,12.28108,12.28298,0.00,0.00
2017.05.05 17:58:34.824,12.28059,12.28298,0.00,0.00
2017.05.05 17:58:38.064,12.28059,12.28292,0.00,0.00
2017.05.05 17:58:38.344,12.28059,12.28298,0.00,0.00
2017.05.05 17:58:38.447,12.28059,12.28291,0.00,0.00
2017.05.05 17:58:40.162,12.28059,12.28298,0.00,0.00
2017.05.05 17:58:46.913,12.28119,12.28322,0.00,0.00
2017.05.05 17:58:46.964,12.28122,12.28342,0.00,0.00
2017.05.05 17:58:47.014,12.28168,12.28342,0.00,0.00
2017.05.05 17:58:47.155,12.28168,12.28379,0.00,0.00
2017.05.05 17:58:48.590,12.28168,12.28378,0.00,0.00
2017.05.05 17:58:49.240,12.28168,12.28381,0.00,0.00
2017.05.05 17:58:49.391,12.28168,12.28389,0.00,0.00
2017.05.05 17:58:51.357,12.28302,12.28402,0.00,0.00
2017.05.05 17:58:51.502,12.28458,12.2863,0.00,0.00
2017.05.05 17:58:55.431,12.28558,12.2863,0.00,0.00
2017.05.05 17:58:55.746,12.28519,12.2863,0.00,0.00
2017.05.05 17:58:55.797,12.28508,12.2863,0.00,0.00
2017.05.05 17:58:56.120,12.28558,12.2863,0.00,0.00
2017.05.05 17:59:01.300,12.28488,12.2863,0.00,0.00
2017.05.05 17:59:01.401,12.28482,12.2863,0.00,0.00
2017.05.05 17:59:01.665,12.28458,12.2863,0.00,0.00
2017.05.05 17:59:01.840,12.28462,12.2863,0.00,0.00
2017.05.05 17:59:02.093,12.28458,12.2863,0.00,0.00
2017.05.05 17:59:02.179,12.28438,12.2863,0.00,0.00
2017.05.05 17:59:02.292,12.28409,12.2863,0.00,0.00
2017.05.05 17:59:02.480,12.28428,12.2863,0.00,0.00
2017.05.05 17:59:02.622,12.28408,12.2863,0.00,0.00
2017.05.05 17:59:03.443,12.28428,12.2863,0.00,0.00
2017.05.05 17:59:03.811,12.28418,12.2863,0.00,0.00
2017.05.05 17:59:04.121,12.28429,12.2863,0.00,0.00
2017.05.05 17:59:05.084,12.28408,12.2863,0.00,0.00
2017.05.05 17:59:05.184,12.28428,12.2863,0.00,0.00
2017.05.05 17:59:06.085,12.28418,12.2863,0.00,0.00
2017.05.05 17:59:06.285,12.28428,12.2863,0.00,0.00
2017.05.05 17:59:08.511,12.28508,12.2863,0.00,0.00
2017.05.05 17:59:08.814,12.28481,12.2863,0.00,0.00
2017.05.05 17:59:09.073,12.28418,12.2863,0.00,0.00
2017.05.05 17:59:09.612,12.28501,12.2863,0.00,0.00
2017.05.05 17:59:09.942,12.28498,12.2863,0.00,0.00
2017.05.05 17:59:09.993,12.28468,12.2863,0.00,0.00
2017.05.05 17:59:10.134,12.28442,12.2863,0.00,0.00
2017.05.05 17:59:10.501,12.28428,12.2863,0.00,0.00
2017.05.05 17:59:10.603,12.28462,12.2863,0.00,0.00
2017.05.05 17:59:10.704,12.28438,12.2863,0.00,0.00
2017.05.05 17:59:11.451,12.28462,12.2863,0.00,0.00
2017.05.05 17:59:11.991,12.28461,12.2863,0.00,0.00
2017.05.05 17:59:12.790,12.28502,12.2863,0.00,0.00
2017.05.05 17:59:13.096,12.28509,12.2863,0.00,0.00
2017.05.05 17:59:14.913,12.28469,12.2863,0.00,0.00
2017.05.05 17:59:15.014,12.28459,12.2863,0.00,0.00
2017.05.05 17:59:15.115,12.28441,12.2863,0.00,0.00
2017.05.05 17:59:15.216,12.28419,12.2863,0.00,0.00
2017.05.05 17:59:15.573,12.28481,12.2863,0.00,0.00
2017.05.05 17:59:15.724,12.28449,12.2863,0.00,0.00
2017.05.05 17:59:15.826,12.28419,12.2863,0.00,0.00
2017.05.05 17:59:15.901,12.28409,12.2863,0.00,0.00
2017.05.05 17:59:16.103,12.28428,12.2863,0.00,0.00
2017.05.05 17:59:16.421,12.28419,12.2863,0.00,0.00
2017.05.05 17:59:16.812,12.28439,12.2863,0.00,0.00
2017.05.05 17:59:17.003,12.28428,12.2863,0.00,0.00
2017.05.05 17:59:17.139,12.28448,12.2863,0.00,0.00
2017.05.05 17:59:17.303,12.28419,12.2863,0.00,0.00
2017.05.05 17:59:17.544,12.28438,12.2863,0.00,0.00
2017.05.05 17:59:17.645,12.28419,12.2863,0.00,0.00
2017.05.05 17:59:18.036,12.28409,12.2863,0.00,0.00
2017.05.05 17:59:20.407,12.28428,12.2863,0.00,0.00
2017.05.05 17:59:20.507,12.28409,12.2863,0.00,0.00
2017.05.05 17:59:21.953,12.28428,12.2863,0.00,0.00
2017.05.05 17:59:22.342,12.28418,12.2863,0.00,0.00
2017.05.05 17:59:22.443,12.28409,12.2863,0.00,0.00
2017.05.05 17:59:23.412,12.28428,12.2863,0.00,0.00
2017.05.05 17:59:24.442,12.28419,12.2863,0.00,0.00
2017.05.05 17:59:24.543,12.28428,12.2863,0.00,0.00
2017.05.05 17:59:24.914,12.28418,12.2863,0.00,0.00
2017.05.05 17:59:25.015,12.28428,12.2863,0.00,0.00
2017.05.05 17:59:25.444,12.28448,12.2863,0.00,0.00
2017.05.05 17:59:25.545,12.28438,12.2863,0.00,0.00
2017.05.05 17:59:26.721,12.28409,12.2863,0.00,0.00
2017.05.05 17:59:26.922,12.28418,12.2863,0.00,0.00
2017.05.05 17:59:27.525,12.28428,12.2863,0.00,0.00
2017.05.05 17:59:27.827,12.28508,12.2863,0.00,0.00
2017.05.05 17:59:27.929,12.28498,12.2863,0.00,0.00
2017.05.05 17:59:28.046,12.28418,12.2863,0.00,0.00
2017.05.05 17:59:28.231,12.28409,12.2863,0.00,0.00
2017.05.05 17:59:28.524,12.28418,12.2863,0.00,0.00
2017.05.05 17:59:28.575,12.28409,12.2863,0.00,0.00
2017.05.05 17:59:29.645,12.28419,12.2863,0.00,0.00
2017.05.05 17:59:30.120,12.28438,12.2863,0.00,0.00
2017.05.05 17:59:30.232,12.28418,12.2863,0.00,0.00
2017.05.05 17:59:30.352,12.28439,12.2863,0.00,0.00
2017.05.05 17:59:30.835,12.28448,12.2863,0.00,0.00
2017.05.05 17:59:31.060,12.28418,12.2863,0.00,0.00
2017.05.05 17:59:31.277,12.28409,12.2863,0.00,0.00
2017.05.05 17:59:31.333,12.28428,12.2863,0.00,0.00
2017.05.05 17:59:31.634,12.28409,12.2863,0.00,0.00
2017.05.05 17:59:31.938,12.28419,12.2863,0.00,0.00
2017.05.05 17:59:32.035,12.28409,12.2863,0.00,0.00
2017.05.05 17:59:32.134,12.28428,12.2863,0.00,0.00
2017.05.05 17:59:32.336,12.28409,12.2863,0.00,0.00
2017.05.05 17:59:32.437,12.28449,12.2863,0.00,0.00
2017.05.05 17:59:32.543,12.28439,12.2863,0.00,0.00
2017.05.05 17:59:32.635,12.28449,12.2863,0.00,0.00
2017.05.05 17:59:32.737,12.28438,12.2863,0.00,0.00
2017.05.05 17:59:34.438,12.28428,12.2863,0.00,0.00
2017.05.05 17:59:34.541,12.28438,12.2863,0.00,0.00
2017.05.05 17:59:34.689,12.28418,12.2863,0.00,0.00
2017.05.05 17:59:34.740,12.28409,12.2863,0.00,0.00
2017.05.05 17:59:35.641,12.28419,12.2863,0.00,0.00
2017.05.05 17:59:35.882,12.28409,12.2863,0.00,0.00
2017.05.05 17:59:36.151,12.28419,12.2863,0.00,0.00
2017.05.05 17:59:36.252,12.28409,12.2863,0.00,0.00
2017.05.05 17:59:36.846,12.28418,12.2863,0.00,0.00
2017.05.05 17:59:36.947,12.28409,12.2863,0.00,0.00
2017.05.05 17:59:39.651,12.28418,12.2863,0.00,0.00
2017.05.05 17:59:40.653,12.28409,12.2863,0.00,0.00
2017.05.05 17:59:40.903,12.28418,12.2863,0.00,0.00
2017.05.05 17:59:41.398,12.28429,12.2863,0.00,0.00
2017.05.05 17:59:43.882,12.28409,12.2863,0.00,0.00
2017.05.05 17:59:44.359,12.28418,12.2863,0.00,0.00
2017.05.05 17:59:44.860,12.28409,12.2863,0.00,0.00
2017.05.05 17:59:45.361,12.28418,12.2863,0.00,0.00
2017.05.05 17:59:46.795,12.28409,12.2863,0.00,0.00
2017.05.05 17:59:47.465,12.28428,12.2863,0.00,0.00
2017.05.05 17:59:48.675,12.28409,12.2863,0.00,0.00
2017.05.05 17:59:48.983,12.28418,12.2863,0.00,0.00
2017.05.05 17:59:49.539,12.28419,12.2863,0.00,0.00
2017.05.05 17:59:49.668,12.28409,12.2863,0.00,0.00
2017.05.05 17:59:52.522,12.28419,12.2863,0.00,0.00
2017.05.05 17:59:53.274,12.28409,12.2863,0.00,0.00
2017.05.05 17:59:53.394,12.28402,12.28599,0.00,0.00
2017.05.05 17:59:53.446,12.28398,12.28599,0.00,0.00
2017.05.05 17:59:53.575,12.28319,12.28599,0.00,0.00
2017.05.05 17:59:54.104,12.28328,12.28599,0.00,0.00
2017.05.05 17:59:54.176,12.28309,12.28591,0.00,0.00
2017.05.05 17:59:55.095,12.28338,12.28599,0.00,0.00
2017.05.05 17:59:55.278,12.28319,12.28599,0.00,0.00
2017.05.05 17:59:55.879,12.28328,12.28599,0.00,0.00
2017.05.05 17:59:56.221,12.28411,12.28601,0.00,0.00
2017.05.05 17:59:56.322,12.28412,12.2863,0.00,0.00
2017.05.05 17:59:56.671,12.28419,12.28628,0.00,0.00
2017.05.05 17:59:56.771,12.28368,12.28608,0.00,0.00
2017.05.05 17:59:56.822,12.28359,12.28609,0.00,0.00
2017.05.05 17:59:56.873,12.28358,12.28601,0.00,0.00
2017.05.05 17:59:56.924,12.28318,12.28601,0.00,0.00
2017.05.05 17:59:57.026,12.28328,12.28601,0.00,0.00
2017.05.05 17:59:57.423,12.28349,12.28601,0.00,0.00
2017.05.05 17:59:57.475,12.28328,12.28601,0.00,0.00
2017.05.05 17:59:57.526,12.28349,12.28601,0.00,0.00
2017.05.05 17:59:57.585,12.28318,12.28601,0.00,0.00
2017.05.05 17:59:57.687,12.28309,12.28592,0.00,0.00
2017.05.05 17:59:58.095,12.28329,12.28601,0.00,0.00
2017.05.05 17:59:58.197,12.28319,12.28601,0.00,0.00
2017.05.05 17:59:58.286,12.28309,12.28581,0.00,0.00
2017.05.05 17:59:58.527,12.28328,12.28601,0.00,0.00
2017.05.05 17:59:59.992,12.28309,12.28592,0.00,0.00
