2015.05.20 07:00:00.269,12.05328,12.05479,0.00,0.00
2015.05.20 07:00:00.320,12.05328,12.05578,0.00,0.00
2015.05.20 07:00:00.421,12.05378,12.05578,0.00,0.00
2015.05.20 07:00:00.747,12.05479,12.05693,0.00,0.00
2015.05.20 07:00:00.847,12.05529,12.05728,0.00,0.00
2015.05.20 07:00:01.150,12.05578,12.05728,0.00,0.00
2015.05.20 07:00:01.200,12.05528,12.05728,0.00,0.00
2015.05.20 07:00:01.410,12.05528,12.05828,0.00,0.00
2015.05.20 07:00:01.462,12.05629,12.05828,0.00,0.00
2015.05.20 07:00:02.696,12.05629,12.05879,0.00,0.00
2015.05.20 07:00:02.919,12.05578,12.05865,0.00,0.00
2015.05.20 07:00:03.458,12.05578,12.05855,0.00,0.00
2015.05.20 07:00:03.809,12.05578,12.05845,0.00,0.00
2015.05.20 07:00:04.170,12.05578,12.05828,0.00,0.00
2015.05.20 07:00:04.611,12.05628,12.05828,0.00,0.00
2015.05.20 07:00:04.712,12.05579,12.05828,0.00,0.00
2015.05.20 07:00:06.767,12.05579,12.05778,0.00,0.00
2015.05.20 07:00:06.817,12.0556,12.05778,0.00,0.00
2015.05.20 07:00:06.918,12.05509,12.05778,0.00,0.00
2015.05.20 07:00:06.969,12.05479,12.05778,0.00,0.00
2015.05.20 07:00:07.070,12.05478,12.05775,0.00,0.00
2015.05.20 07:00:07.170,12.05478,12.05778,0.00,0.00
2015.05.20 07:00:07.226,12.05529,12.05778,0.00,0.00
2015.05.20 07:00:08.107,12.05578,12.05778,0.00,0.00
2015.05.20 07:00:08.224,12.05578,12.05828,0.00,0.00
2015.05.20 07:00:08.584,12.05628,12.05828,0.00,0.00
2015.05.20 07:00:09.187,12.05628,12.05924,0.00,0.00
2015.05.20 07:00:09.237,12.05678,12.05924,0.00,0.00
2015.05.20 07:00:09.288,12.05678,12.05938,0.00,0.00
2015.05.20 07:00:09.339,12.05779,12.0595,0.00,0.00
2015.05.20 07:00:09.510,12.05779,12.05979,0.00,0.00
2015.05.20 07:00:09.777,12.05779,12.06029,0.00,0.00
2015.05.20 07:00:09.870,12.05729,12.06029,0.00,0.00
2015.05.20 07:00:10.021,12.05729,12.06025,0.00,0.00
2015.05.20 07:00:10.381,12.05879,12.06029,0.00,0.00
2015.05.20 07:00:10.431,12.05879,12.06129,0.00,0.00
2015.05.20 07:00:11.276,12.05879,12.06175,0.00,0.00
2015.05.20 07:00:11.326,12.05879,12.06142,0.00,0.00
2015.05.20 07:00:11.484,12.05879,12.06174,0.00,0.00
2015.05.20 07:00:11.685,12.05879,12.06153,0.00,0.00
2015.05.20 07:00:11.906,12.05879,12.06169,0.00,0.00
2015.05.20 07:00:12.628,12.05879,12.06153,0.00,0.00
2015.05.20 07:00:12.888,12.05879,12.06168,0.00,0.00
2015.05.20 07:00:13.196,12.05879,12.06153,0.00,0.00
2015.05.20 07:00:13.790,12.05879,12.06175,0.00,0.00
2015.05.20 07:00:14.090,12.05879,12.0616,0.00,0.00
2015.05.20 07:00:14.391,12.05879,12.06174,0.00,0.00
2015.05.20 07:00:14.792,12.05879,12.06146,0.00,0.00
2015.05.20 07:00:14.893,12.05879,12.06162,0.00,0.00
2015.05.20 07:00:15.094,12.05879,12.06175,0.00,0.00
2015.05.20 07:00:16.100,12.05879,12.06181,0.00,0.00
2015.05.20 07:00:16.150,12.05928,12.06181,0.00,0.00
2015.05.20 07:00:16.201,12.05928,12.06218,0.00,0.00
2015.05.20 07:00:16.358,12.05978,12.06218,0.00,0.00
2015.05.20 07:00:16.409,12.05978,12.06244,0.00,0.00
2015.05.20 07:00:16.734,12.05978,12.06234,0.00,0.00
2015.05.20 07:00:17.203,12.05978,12.06244,0.00,0.00
2015.05.20 07:00:18.054,12.05978,12.06234,0.00,0.00
2015.05.20 07:00:19.308,12.05978,12.06293,0.00,0.00
2015.05.20 07:00:20.785,12.06028,12.06293,0.00,0.00
2015.05.20 07:00:20.836,12.06028,12.06319,0.00,0.00
2015.05.20 07:00:20.887,12.06028,12.06359,0.00,0.00
2015.05.20 07:00:20.987,12.06079,12.06408,0.00,0.00
2015.05.20 07:00:23.200,12.06028,12.06372,0.00,0.00
2015.05.20 07:00:23.301,12.05969,12.06308,0.00,0.00
2015.05.20 07:00:23.645,12.05969,12.06269,0.00,0.00
2015.05.20 07:00:30.247,12.05969,12.06239,0.00,0.00
2015.05.20 07:00:39.147,12.05929,12.06239,0.00,0.00
2015.05.20 07:00:39.198,12.05929,12.06115,0.00,0.00
2015.05.20 07:00:39.248,12.05832,12.06089,0.00,0.00
2015.05.20 07:00:39.349,12.05828,12.06089,0.00,0.00
2015.05.20 07:00:39.700,12.05828,12.06039,0.00,0.00
2015.05.20 07:00:39.751,12.05779,12.06039,0.00,0.00
2015.05.20 07:00:40.365,12.05728,12.06039,0.00,0.00
2015.05.20 07:00:40.466,12.05728,12.05988,0.00,0.00
2015.05.20 07:00:41.424,12.05679,12.05988,0.00,0.00
2015.05.20 07:00:41.536,12.05679,12.05949,0.00,0.00
2015.05.20 07:00:42.437,12.05628,12.05898,0.00,0.00
2015.05.20 07:00:42.539,12.05568,12.05848,0.00,0.00
2015.05.20 07:00:44.985,12.05619,12.05888,0.00,0.00
2015.05.20 07:00:45.618,12.05668,12.05888,0.00,0.00
2015.05.20 07:00:45.746,12.05668,12.05939,0.00,0.00
2015.05.20 07:00:48.565,12.05618,12.05939,0.00,0.00
2015.05.20 07:00:48.616,12.05618,12.05899,0.00,0.00
2015.05.20 07:00:52.979,12.05679,12.05899,0.00,0.00
2015.05.20 07:00:53.130,12.05778,12.06028,0.00,0.00
2015.05.20 07:00:54.875,12.05729,12.05999,0.00,0.00
2015.05.20 07:00:56.193,12.05778,12.05999,0.00,0.00
2015.05.20 07:00:56.305,12.05778,12.06039,0.00,0.00
2015.05.20 07:00:56.714,12.05729,12.05999,0.00,0.00
2015.05.20 07:00:58.058,12.05678,12.05999,0.00,0.00
2015.05.20 07:00:58.108,12.05678,12.05996,0.00,0.00
2015.05.20 07:00:58.487,12.05678,12.05959,0.00,0.00
2015.05.20 07:00:59.564,12.05729,12.05959,0.00,0.00
2015.05.20 07:00:59.716,12.05678,12.05958,0.00,0.00
2015.05.20 07:00:59.773,12.05678,12.0594,0.00,0.00
2015.05.20 07:01:00.074,12.05678,12.05944,0.00,0.00
2015.05.20 07:01:00.124,12.05729,12.05944,0.00,0.00
2015.05.20 07:01:00.175,12.05729,12.05958,0.00,0.00
2015.05.20 07:01:00.275,12.05729,12.05992,0.00,0.00
2015.05.20 07:01:00.809,12.05729,12.05979,0.00,0.00
2015.05.20 07:01:01.225,12.05729,12.05989,0.00,0.00
2015.05.20 07:01:01.438,12.05778,12.05989,0.00,0.00
2015.05.20 07:01:01.489,12.05778,12.06007,0.00,0.00
2015.05.20 07:01:01.604,12.05778,12.0605,0.00,0.00
2015.05.20 07:01:02.037,12.05778,12.06036,0.00,0.00
2015.05.20 07:01:02.906,12.05828,12.06058,0.00,0.00
2015.05.20 07:01:02.978,12.05778,12.06058,0.00,0.00
2015.05.20 07:01:04.379,12.05828,12.06079,0.00,0.00
2015.05.20 07:01:04.430,12.05828,12.06084,0.00,0.00
2015.05.20 07:01:09.260,12.05879,12.06096,0.00,0.00
2015.05.20 07:01:09.726,12.05879,12.06084,0.00,0.00
2015.05.20 07:01:10.261,12.05828,12.06084,0.00,0.00
2015.05.20 07:01:10.763,12.05828,12.061,0.00,0.00
2015.05.20 07:01:10.814,12.05878,12.061,0.00,0.00
2015.05.20 07:01:10.864,12.05878,12.06114,0.00,0.00
2015.05.20 07:01:11.265,12.05878,12.06101,0.00,0.00
2015.05.20 07:01:12.036,12.05878,12.06117,0.00,0.00
2015.05.20 07:01:12.924,12.05878,12.06093,0.00,0.00
2015.05.20 07:01:13.245,12.05878,12.06134,0.00,0.00
2015.05.20 07:01:14.476,12.05878,12.06146,0.00,0.00
2015.05.20 07:01:14.879,12.05928,12.06162,0.00,0.00
2015.05.20 07:01:14.930,12.05928,12.06193,0.00,0.00
2015.05.20 07:01:15.336,12.05928,12.06178,0.00,0.00
2015.05.20 07:01:15.459,12.05928,12.06202,0.00,0.00
2015.05.20 07:01:15.560,12.05928,12.06189,0.00,0.00
2015.05.20 07:01:15.632,12.05928,12.06202,0.00,0.00
2015.05.20 07:01:16.134,12.05928,12.06209,0.00,0.00
2015.05.20 07:01:16.735,12.05928,12.06202,0.00,0.00
2015.05.20 07:01:16.971,12.05928,12.06209,0.00,0.00
2015.05.20 07:01:17.237,12.05928,12.06201,0.00,0.00
2015.05.20 07:01:18.085,12.05928,12.06209,0.00,0.00
2015.05.20 07:01:24.448,12.05883,12.06209,0.00,0.00
2015.05.20 07:01:24.498,12.05878,12.06198,0.00,0.00
2015.05.20 07:01:24.952,12.05829,12.06108,0.00,0.00
2015.05.20 07:01:25.564,12.05829,12.06118,0.00,0.00
2015.05.20 07:01:26.215,12.05878,12.06118,0.00,0.00
2015.05.20 07:01:26.316,12.05878,12.06128,0.00,0.00
2015.05.20 07:01:26.406,12.05928,12.06128,0.00,0.00
2015.05.20 07:01:26.456,12.05928,12.06148,0.00,0.00
2015.05.20 07:01:26.564,12.05928,12.06189,0.00,0.00
2015.05.20 07:01:26.668,12.05928,12.06198,0.00,0.00
2015.05.20 07:01:31.950,12.05885,12.06198,0.00,0.00
2015.05.20 07:01:32.000,12.05878,12.06151,0.00,0.00
2015.05.20 07:01:32.301,12.05878,12.06121,0.00,0.00
2015.05.20 07:01:32.522,12.05829,12.06088,0.00,0.00
2015.05.20 07:01:32.623,12.05791,12.06062,0.00,0.00
2015.05.20 07:01:32.673,12.05791,12.06028,0.00,0.00
2015.05.20 07:01:32.724,12.05778,12.06028,0.00,0.00
2015.05.20 07:01:33.664,12.05728,12.06028,0.00,0.00
2015.05.20 07:01:33.715,12.05728,12.06017,0.00,0.00
2015.05.20 07:01:33.820,12.05678,12.05968,0.00,0.00
2015.05.20 07:01:37.701,12.05678,12.05958,0.00,0.00
2015.05.20 07:01:37.805,12.05678,12.05979,0.00,0.00
2015.05.20 07:01:37.879,12.05678,12.05973,0.00,0.00
2015.05.20 07:01:38.078,12.05678,12.05979,0.00,0.00
2015.05.20 07:01:39.632,12.05678,12.05976,0.00,0.00
2015.05.20 07:01:44.071,12.05678,12.05944,0.00,0.00
2015.05.20 07:01:44.451,12.05728,12.05944,0.00,0.00
2015.05.20 07:01:44.502,12.05728,12.06009,0.00,0.00
2015.05.20 07:01:44.554,12.05778,12.06009,0.00,0.00
2015.05.20 07:01:44.605,12.05778,12.06029,0.00,0.00
2015.05.20 07:01:45.296,12.05778,12.06019,0.00,0.00
2015.05.20 07:01:45.346,12.05689,12.05969,0.00,0.00
2015.05.20 07:01:45.397,12.05679,12.05969,0.00,0.00
2015.05.20 07:01:45.498,12.05628,12.05934,0.00,0.00
2015.05.20 07:01:45.615,12.05628,12.05947,0.00,0.00
2015.05.20 07:01:45.892,12.0565,12.05969,0.00,0.00
2015.05.20 07:01:46.325,12.05728,12.06,0.00,0.00
2015.05.20 07:01:47.199,12.05728,12.06019,0.00,0.00
2015.05.20 07:01:48.403,12.05728,12.06009,0.00,0.00
2015.05.20 07:01:49.285,12.05728,12.05978,0.00,0.00
2015.05.20 07:01:50.958,12.05679,12.05928,0.00,0.00
2015.05.20 07:01:52.583,12.05679,12.05878,0.00,0.00
2015.05.20 07:01:52.633,12.05629,12.05878,0.00,0.00
2015.05.20 07:01:53.264,12.05628,12.05878,0.00,0.00
2015.05.20 07:01:58.558,12.05589,12.05829,0.00,0.00
2015.05.20 07:01:58.954,12.05629,12.05829,0.00,0.00
2015.05.20 07:01:59.996,12.05629,12.05879,0.00,0.00
2015.05.20 07:02:00.766,12.05678,12.05879,0.00,0.00
2015.05.20 07:02:00.870,12.05578,12.05879,0.00,0.00
2015.05.20 07:02:00.928,12.05578,12.05872,0.00,0.00
2015.05.20 07:02:01.401,12.05578,12.05879,0.00,0.00
2015.05.20 07:02:01.452,12.05578,12.05828,0.00,0.00
2015.05.20 07:02:03.695,12.05578,12.05779,0.00,0.00
2015.05.20 07:02:03.745,12.05528,12.05779,0.00,0.00
2015.05.20 07:02:03.863,12.05528,12.05746,0.00,0.00
2015.05.20 07:02:04.286,12.05528,12.0577,0.00,0.00
2015.05.20 07:02:04.353,12.05528,12.0573,0.00,0.00
2015.05.20 07:02:04.404,12.05428,12.0573,0.00,0.00
2015.05.20 07:02:04.457,12.05428,12.0572,0.00,0.00
2015.05.20 07:02:04.760,12.05428,12.05678,0.00,0.00
2015.05.20 07:02:10.248,12.05479,12.05678,0.00,0.00
2015.05.20 07:02:10.299,12.05479,12.05729,0.00,0.00
2015.05.20 07:02:10.795,12.05479,12.05712,0.00,0.00
2015.05.20 07:02:10.896,12.05479,12.05728,0.00,0.00
2015.05.20 07:02:11.733,12.05428,12.05728,0.00,0.00
2015.05.20 07:02:11.833,12.05428,12.05679,0.00,0.00
2015.05.20 07:02:12.141,12.05478,12.05679,0.00,0.00
2015.05.20 07:02:13.155,12.05478,12.05728,0.00,0.00
2015.05.20 07:02:13.604,12.05478,12.05713,0.00,0.00
2015.05.20 07:02:13.705,12.05478,12.05729,0.00,0.00
2015.05.20 07:02:20.452,12.05528,12.05778,0.00,0.00
2015.05.20 07:02:20.818,12.05578,12.05778,0.00,0.00
2015.05.20 07:02:21.732,12.05578,12.05811,0.00,0.00
2015.05.20 07:02:22.361,12.05578,12.05825,0.00,0.00
2015.05.20 07:02:22.860,12.05578,12.05801,0.00,0.00
2015.05.20 07:02:22.911,12.05528,12.05801,0.00,0.00
2015.05.20 07:02:22.962,12.05528,12.05789,0.00,0.00
2015.05.20 07:02:23.300,12.05528,12.05779,0.00,0.00
2015.05.20 07:02:25.190,12.05579,12.058,0.00,0.00
2015.05.20 07:02:25.241,12.05579,12.0582,0.00,0.00
2015.05.20 07:02:25.411,12.05528,12.0582,0.00,0.00
2015.05.20 07:02:25.791,12.05528,12.05785,0.00,0.00
2015.05.20 07:02:26.376,12.05528,12.05799,0.00,0.00
2015.05.20 07:02:26.462,12.05528,12.05779,0.00,0.00
2015.05.20 07:02:30.975,12.05528,12.05778,0.00,0.00
2015.05.20 07:02:31.717,12.05528,12.05779,0.00,0.00
2015.05.20 07:02:33.715,12.05528,12.05759,0.00,0.00
2015.05.20 07:02:33.816,12.05528,12.05778,0.00,0.00
2015.05.20 07:02:33.872,12.05479,12.05778,0.00,0.00
2015.05.20 07:02:34.129,12.05528,12.05778,0.00,0.00
2015.05.20 07:02:34.742,12.05528,12.05779,0.00,0.00
2015.05.20 07:02:35.670,12.05478,12.05729,0.00,0.00
2015.05.20 07:02:35.825,12.05429,12.05694,0.00,0.00
2015.05.20 07:02:35.927,12.05429,12.05684,0.00,0.00
2015.05.20 07:02:36.324,12.05429,12.05693,0.00,0.00
2015.05.20 07:02:37.069,12.05429,12.05679,0.00,0.00
2015.05.20 07:02:37.730,12.05429,12.05658,0.00,0.00
2015.05.20 07:02:37.962,12.05282,12.05578,0.00,0.00
2015.05.20 07:02:38.012,12.05282,12.05568,0.00,0.00
2015.05.20 07:02:38.314,12.05282,12.05529,0.00,0.00
2015.05.20 07:02:38.614,12.05282,12.05538,0.00,0.00
2015.05.20 07:02:39.134,12.05278,12.05538,0.00,0.00
2015.05.20 07:02:39.216,12.05278,12.05555,0.00,0.00
2015.05.20 07:02:39.316,12.05278,12.05539,0.00,0.00
2015.05.20 07:02:39.605,12.05209,12.05521,0.00,0.00
2015.05.20 07:02:39.706,12.052,12.05508,0.00,0.00
2015.05.20 07:02:40.034,12.05178,12.05406,0.00,0.00
2015.05.20 07:02:40.344,12.05178,12.05402,0.00,0.00
2015.05.20 07:02:40.565,12.05142,12.05402,0.00,0.00
2015.05.20 07:02:40.620,12.05142,12.05423,0.00,0.00
2015.05.20 07:02:40.721,12.05142,12.05407,0.00,0.00
2015.05.20 07:02:41.156,12.05128,12.05418,0.00,0.00
2015.05.20 07:02:41.262,12.05179,12.05428,0.00,0.00
2015.05.20 07:02:44.769,12.05228,12.05484,0.00,0.00
2015.05.20 07:02:44.931,12.05228,12.05519,0.00,0.00
2015.05.20 07:02:45.432,12.05228,12.0549,0.00,0.00
2015.05.20 07:02:45.835,12.05228,12.05519,0.00,0.00
2015.05.20 07:02:46.377,12.05228,12.05496,0.00,0.00
2015.05.20 07:02:47.339,12.05228,12.05479,0.00,0.00
2015.05.20 07:02:47.640,12.05228,12.055,0.00,0.00
2015.05.20 07:02:48.070,12.05279,12.055,0.00,0.00
2015.05.20 07:02:48.142,12.05279,12.05523,0.00,0.00
2015.05.20 07:02:48.252,12.05228,12.05523,0.00,0.00
2015.05.20 07:02:49.647,12.05228,12.05503,0.00,0.00
2015.05.20 07:02:49.953,12.05179,12.05503,0.00,0.00
2015.05.20 07:02:50.003,12.05179,12.05423,0.00,0.00
2015.05.20 07:02:50.278,12.05229,12.0548,0.00,0.00
2015.05.20 07:02:50.350,12.05229,12.05509,0.00,0.00
2015.05.20 07:02:50.756,12.05229,12.05488,0.00,0.00
2015.05.20 07:02:51.105,12.05229,12.05511,0.00,0.00
2015.05.20 07:02:51.378,12.05229,12.05495,0.00,0.00
2015.05.20 07:02:51.754,12.05229,12.05513,0.00,0.00
2015.05.20 07:02:52.357,12.05229,12.05498,0.00,0.00
2015.05.20 07:02:52.757,12.05229,12.05482,0.00,0.00
2015.05.20 07:02:53.159,12.05229,12.05518,0.00,0.00
2015.05.20 07:02:56.435,12.05279,12.05539,0.00,0.00
2015.05.20 07:02:56.564,12.05279,12.05564,0.00,0.00
2015.05.20 07:02:56.883,12.05279,12.05531,0.00,0.00
2015.05.20 07:02:57.166,12.05279,12.05543,0.00,0.00
2015.05.20 07:02:57.868,12.05279,12.05526,0.00,0.00
2015.05.20 07:02:58.380,12.05279,12.05516,0.00,0.00
2015.05.20 07:03:00.574,12.05228,12.05486,0.00,0.00
2015.05.20 07:03:00.905,12.05278,12.05486,0.00,0.00
2015.05.20 07:03:00.975,12.05278,12.05521,0.00,0.00
2015.05.20 07:03:01.377,12.05278,12.05507,0.00,0.00
2015.05.20 07:03:01.684,12.05278,12.05491,0.00,0.00
2015.05.20 07:03:02.378,12.05278,12.05503,0.00,0.00
2015.05.20 07:03:02.442,12.05191,12.05503,0.00,0.00
2015.05.20 07:03:02.492,12.05191,12.05455,0.00,0.00
2015.05.20 07:03:02.652,12.05178,12.05455,0.00,0.00
2015.05.20 07:03:02.702,12.05178,12.05443,0.00,0.00
2015.05.20 07:03:03.380,12.05178,12.0546,0.00,0.00
2015.05.20 07:03:03.984,12.05178,12.05474,0.00,0.00
2015.05.20 07:03:04.484,12.05178,12.05463,0.00,0.00
2015.05.20 07:03:05.371,12.05178,12.05446,0.00,0.00
2015.05.20 07:03:05.883,12.05178,12.0542,0.00,0.00
2015.05.20 07:03:05.987,12.05178,12.05458,0.00,0.00
2015.05.20 07:03:09.894,12.05178,12.05468,0.00,0.00
2015.05.20 07:03:14.365,12.0514,12.05461,0.00,0.00
2015.05.20 07:03:14.416,12.05129,12.05429,0.00,0.00
2015.05.20 07:03:14.466,12.05101,12.05412,0.00,0.00
2015.05.20 07:03:14.517,12.05078,12.05401,0.00,0.00
2015.05.20 07:03:14.642,12.05078,12.05329,0.00,0.00
2015.05.20 07:03:17.402,12.05078,12.05378,0.00,0.00
2015.05.20 07:03:17.453,12.05128,12.05378,0.00,0.00
2015.05.20 07:03:18.003,12.05179,12.05378,0.00,0.00
2015.05.20 07:03:18.869,12.05179,12.05429,0.00,0.00
2015.05.20 07:03:22.496,12.05129,12.05383,0.00,0.00
2015.05.20 07:03:23.341,12.05178,12.05383,0.00,0.00
2015.05.20 07:03:23.771,12.05178,12.05428,0.00,0.00
2015.05.20 07:03:48.251,12.05229,12.05428,0.00,0.00
2015.05.20 07:03:48.439,12.05229,12.05479,0.00,0.00
2015.05.20 07:03:48.753,12.05178,12.05479,0.00,0.00
2015.05.20 07:03:48.904,12.05178,12.05468,0.00,0.00
2015.05.20 07:03:49.621,12.05178,12.05429,0.00,0.00
2015.05.20 07:04:00.197,12.05169,12.05329,0.00,0.00
2015.05.20 07:04:00.248,12.05113,12.05329,0.00,0.00
2015.05.20 07:04:00.435,12.05123,12.05329,0.00,0.00
2015.05.20 07:04:01.120,12.05119,12.05329,0.00,0.00
2015.05.20 07:04:01.182,12.05124,12.05329,0.00,0.00
2015.05.20 07:04:01.315,12.05078,12.05329,0.00,0.00
2015.05.20 07:04:01.645,12.05123,12.05378,0.00,0.00
2015.05.20 07:04:02.109,12.05174,12.05378,0.00,0.00
2015.05.20 07:04:02.261,12.05129,12.05378,0.00,0.00
2015.05.20 07:04:02.316,12.05174,12.05378,0.00,0.00
2015.05.20 07:04:03.040,12.05174,12.05429,0.00,0.00
2015.05.20 07:04:04.063,12.05129,12.05429,0.00,0.00
2015.05.20 07:04:04.199,12.0511,12.05328,0.00,0.00
2015.05.20 07:04:04.250,12.05078,12.05328,0.00,0.00
2015.05.20 07:04:04.716,12.05081,12.05328,0.00,0.00
2015.05.20 07:04:05.518,12.05078,12.05328,0.00,0.00
2015.05.20 07:04:05.918,12.05074,12.05279,0.00,0.00
2015.05.20 07:04:05.968,12.05028,12.05279,0.00,0.00
2015.05.20 07:04:06.169,12.04985,12.05279,0.00,0.00
2015.05.20 07:04:06.220,12.04998,12.05279,0.00,0.00
2015.05.20 07:04:06.549,12.05078,12.05279,0.00,0.00
2015.05.20 07:04:07.319,12.05078,12.05328,0.00,0.00
2015.05.20 07:04:12.833,12.05078,12.05279,0.00,0.00
2015.05.20 07:04:12.883,12.05029,12.05279,0.00,0.00
2015.05.20 07:04:13.062,12.04979,12.05279,0.00,0.00
2015.05.20 07:04:14.262,12.04979,12.05229,0.00,0.00
2015.05.20 07:04:26.693,12.04979,12.05279,0.00,0.00
2015.05.20 07:04:26.744,12.05024,12.05279,0.00,0.00
2015.05.20 07:04:27.184,12.05079,12.05279,0.00,0.00
2015.05.20 07:04:27.611,12.05079,12.05379,0.00,0.00
2015.05.20 07:04:27.712,12.05129,12.05379,0.00,0.00
2015.05.20 07:04:28.043,12.05078,12.05374,0.00,0.00
2015.05.20 07:04:28.194,12.05078,12.0536,0.00,0.00
2015.05.20 07:04:28.497,12.05078,12.05376,0.00,0.00
2015.05.20 07:04:28.698,12.05078,12.05359,0.00,0.00
2015.05.20 07:04:29.012,12.05078,12.05328,0.00,0.00
2015.05.20 07:04:49.022,12.05078,12.0539,0.00,0.00
2015.05.20 07:04:49.072,12.05128,12.05425,0.00,0.00
2015.05.20 07:04:49.385,12.0518,12.05429,0.00,0.00
2015.05.20 07:04:49.435,12.05178,12.05429,0.00,0.00
2015.05.20 07:04:49.486,12.05183,12.05429,0.00,0.00
2015.05.20 07:04:49.783,12.05178,12.05429,0.00,0.00
2015.05.20 07:04:50.999,12.05178,12.05479,0.00,0.00
2015.05.20 07:04:51.050,12.05229,12.05479,0.00,0.00
2015.05.20 07:04:54.888,12.05229,12.05533,0.00,0.00
2015.05.20 07:04:55.172,12.05229,12.05521,0.00,0.00
2015.05.20 07:04:55.548,12.05229,12.05505,0.00,0.00
2015.05.20 07:04:56.589,12.05229,12.05521,0.00,0.00
2015.05.20 07:04:57.711,12.05229,12.05536,0.00,0.00
2015.05.20 07:04:57.762,12.05278,12.05536,0.00,0.00
2015.05.20 07:04:57.812,12.05278,12.05559,0.00,0.00
2015.05.20 07:04:57.975,12.05278,12.05575,0.00,0.00
2015.05.20 07:04:58.076,12.05278,12.05559,0.00,0.00
2015.05.20 07:04:58.176,12.05278,12.05574,0.00,0.00
2015.05.20 07:04:58.577,12.05278,12.05555,0.00,0.00
2015.05.20 07:04:59.278,12.05278,12.05515,0.00,0.00
2015.05.20 07:04:59.479,12.05278,12.05528,0.00,0.00
2015.05.20 07:05:00.180,12.05278,12.05545,0.00,0.00
2015.05.20 07:05:00.481,12.05278,12.05563,0.00,0.00
2015.05.20 07:05:00.781,12.05278,12.05574,0.00,0.00
2015.05.20 07:05:00.883,12.05278,12.05604,0.00,0.00
2015.05.20 07:05:00.933,12.05328,12.05604,0.00,0.00
2015.05.20 07:05:00.984,12.05328,12.05637,0.00,0.00
2015.05.20 07:05:01.212,12.05328,12.05605,0.00,0.00
2015.05.20 07:05:01.488,12.05328,12.05637,0.00,0.00
2015.05.20 07:05:01.689,12.05328,12.05605,0.00,0.00
2015.05.20 07:05:02.492,12.05328,12.05627,0.00,0.00
2015.05.20 07:05:03.335,12.05329,12.05627,0.00,0.00
2015.05.20 07:05:03.705,12.05379,12.05639,0.00,0.00
2015.05.20 07:05:03.821,12.05379,12.05674,0.00,0.00
2015.05.20 07:05:03.895,12.05379,12.05687,0.00,0.00
2015.05.20 07:05:04.195,12.05379,12.05673,0.00,0.00
2015.05.20 07:05:04.408,12.05428,12.05734,0.00,0.00
2015.05.20 07:05:04.458,12.05479,12.05734,0.00,0.00
2015.05.20 07:05:04.509,12.05479,12.05771,0.00,0.00
2015.05.20 07:05:04.596,12.05479,12.05755,0.00,0.00
2015.05.20 07:05:04.738,12.05479,12.0577,0.00,0.00
2015.05.20 07:05:05.498,12.05479,12.05755,0.00,0.00
2015.05.20 07:05:07.050,12.05479,12.05773,0.00,0.00
2015.05.20 07:05:07.503,12.05479,12.05762,0.00,0.00
2015.05.20 07:05:10.329,12.05479,12.05774,0.00,0.00
2015.05.20 07:05:11.601,12.05479,12.05759,0.00,0.00
2015.05.20 07:05:12.220,12.05487,12.05811,0.00,0.00
2015.05.20 07:05:12.271,12.05529,12.05817,0.00,0.00
2015.05.20 07:05:12.321,12.05529,12.05833,0.00,0.00
2015.05.20 07:05:12.372,12.05579,12.05833,0.00,0.00
2015.05.20 07:05:12.422,12.05579,12.0586,0.00,0.00
2015.05.20 07:05:12.722,12.05629,12.05915,0.00,0.00
2015.05.20 07:05:12.831,12.05679,12.05957,0.00,0.00
2015.05.20 07:05:12.932,12.05679,12.05967,0.00,0.00
2015.05.20 07:05:13.033,12.05679,12.05972,0.00,0.00
2015.05.20 07:05:13.226,12.05679,12.06011,0.00,0.00
2015.05.20 07:05:13.276,12.05728,12.06029,0.00,0.00
2015.05.20 07:05:13.377,12.05728,12.06047,0.00,0.00
2015.05.20 07:05:13.428,12.05728,12.06072,0.00,0.00
2015.05.20 07:05:13.478,12.05778,12.06085,0.00,0.00
2015.05.20 07:05:16.438,12.05878,12.06085,0.00,0.00
2015.05.20 07:05:16.539,12.05828,12.06085,0.00,0.00
2015.05.20 07:05:16.639,12.05828,12.06123,0.00,0.00
2015.05.20 07:05:16.740,12.05828,12.06074,0.00,0.00
2015.05.20 07:05:16.791,12.05778,12.06074,0.00,0.00
2015.05.20 07:05:16.891,12.05742,12.06071,0.00,0.00
2015.05.20 07:05:16.942,12.05742,12.06024,0.00,0.00
2015.05.20 07:05:17.071,12.05729,12.06024,0.00,0.00
2015.05.20 07:05:18.552,12.05779,12.06044,0.00,0.00
2015.05.20 07:05:19.646,12.05779,12.06074,0.00,0.00
2015.05.20 07:05:21.264,12.05828,12.06124,0.00,0.00
2015.05.20 07:05:21.365,12.05828,12.06103,0.00,0.00
2015.05.20 07:05:21.416,12.05779,12.06103,0.00,0.00
2015.05.20 07:05:24.060,12.05828,12.06063,0.00,0.00
2015.05.20 07:05:24.171,12.05779,12.06052,0.00,0.00
2015.05.20 07:05:24.722,12.05779,12.06023,0.00,0.00
2015.05.20 07:05:24.773,12.05779,12.06033,0.00,0.00
2015.05.20 07:05:25.880,12.05779,12.06022,0.00,0.00
2015.05.20 07:05:27.368,12.05779,12.06003,0.00,0.00
2015.05.20 07:05:27.469,12.05729,12.06003,0.00,0.00
2015.05.20 07:05:28.486,12.05729,12.05961,0.00,0.00
2015.05.20 07:05:28.536,12.05679,12.05961,0.00,0.00
2015.05.20 07:05:29.013,12.05679,12.05979,0.00,0.00
2015.05.20 07:05:29.071,12.05679,12.05964,0.00,0.00
2015.05.20 07:05:29.372,12.05679,12.05929,0.00,0.00
2015.05.20 07:05:30.321,12.05628,12.05912,0.00,0.00
2015.05.20 07:05:31.677,12.05628,12.05884,0.00,0.00
2015.05.20 07:05:31.728,12.05579,12.05884,0.00,0.00
2015.05.20 07:05:31.942,12.05579,12.05863,0.00,0.00
2015.05.20 07:05:32.179,12.05579,12.05891,0.00,0.00
2015.05.20 07:05:32.312,12.05579,12.05875,0.00,0.00
2015.05.20 07:05:34.689,12.05579,12.05858,0.00,0.00
2015.05.20 07:05:34.990,12.05579,12.05873,0.00,0.00
2015.05.20 07:05:36.806,12.05678,12.05923,0.00,0.00
2015.05.20 07:05:37.023,12.05678,12.05967,0.00,0.00
2015.05.20 07:05:37.295,12.05678,12.05952,0.00,0.00
2015.05.20 07:05:37.396,12.05678,12.05969,0.00,0.00
2015.05.20 07:05:37.595,12.05678,12.05953,0.00,0.00
2015.05.20 07:05:38.603,12.05678,12.05963,0.00,0.00
2015.05.20 07:05:38.704,12.05678,12.0598,0.00,0.00
2015.05.20 07:05:39.724,12.05678,12.05962,0.00,0.00
2015.05.20 07:05:40.324,12.05678,12.05977,0.00,0.00
2015.05.20 07:05:40.502,12.05678,12.05993,0.00,0.00
2015.05.20 07:05:40.644,12.05678,12.0596,0.00,0.00
2015.05.20 07:05:40.697,12.05632,12.0596,0.00,0.00
2015.05.20 07:05:40.848,12.05629,12.05939,0.00,0.00
2015.05.20 07:05:41.051,12.05594,12.05911,0.00,0.00
2015.05.20 07:05:41.101,12.05594,12.05879,0.00,0.00
2015.05.20 07:05:41.152,12.05579,12.05879,0.00,0.00
2015.05.20 07:05:45.812,12.05604,12.05879,0.00,0.00
2015.05.20 07:05:46.041,12.05628,12.05909,0.00,0.00
2015.05.20 07:05:46.113,12.05628,12.05918,0.00,0.00
2015.05.20 07:05:47.751,12.05628,12.05896,0.00,0.00
2015.05.20 07:05:47.802,12.05579,12.05896,0.00,0.00
2015.05.20 07:05:47.902,12.05629,12.05921,0.00,0.00
2015.05.20 07:05:48.104,12.05593,12.05889,0.00,0.00
2015.05.20 07:05:48.154,12.05579,12.05872,0.00,0.00
2015.05.20 07:05:48.618,12.05579,12.05886,0.00,0.00
2015.05.20 07:05:48.721,12.05579,12.05876,0.00,0.00
2015.05.20 07:05:49.434,12.05579,12.05859,0.00,0.00
2015.05.20 07:05:49.621,12.05579,12.05875,0.00,0.00
2015.05.20 07:05:49.953,12.05579,12.0586,0.00,0.00
2015.05.20 07:05:50.670,12.05629,12.05872,0.00,0.00
2015.05.20 07:05:50.771,12.05629,12.05928,0.00,0.00
2015.05.20 07:05:51.339,12.05629,12.05929,0.00,0.00
2015.05.20 07:05:51.625,12.05629,12.05917,0.00,0.00
2015.05.20 07:05:53.854,12.05629,12.05903,0.00,0.00
2015.05.20 07:05:54.631,12.05629,12.05919,0.00,0.00
2015.05.20 07:05:59.573,12.05678,12.05942,0.00,0.00
2015.05.20 07:05:59.642,12.05678,12.05954,0.00,0.00
2015.05.20 07:05:59.742,12.05678,12.05968,0.00,0.00
2015.05.20 07:06:00.232,12.05678,12.05938,0.00,0.00
2015.05.20 07:06:08.288,12.05678,12.05935,0.00,0.00
2015.05.20 07:06:08.660,12.05678,12.05938,0.00,0.00
2015.05.20 07:06:09.018,12.05629,12.05888,0.00,0.00
2015.05.20 07:06:09.119,12.05582,12.05889,0.00,0.00
2015.05.20 07:06:09.220,12.05578,12.05858,0.00,0.00
2015.05.20 07:06:09.532,12.05578,12.05855,0.00,0.00
2015.05.20 07:06:09.863,12.05578,12.05849,0.00,0.00
2015.05.20 07:06:10.164,12.05628,12.05889,0.00,0.00
2015.05.20 07:06:19.603,12.05578,12.05858,0.00,0.00
2015.05.20 07:06:20.091,12.0558,12.05858,0.00,0.00
2015.05.20 07:06:20.436,12.05629,12.05899,0.00,0.00
2015.05.20 07:06:23.670,12.05678,12.05899,0.00,0.00
2015.05.20 07:06:23.771,12.05678,12.05938,0.00,0.00
2015.05.20 07:06:25.405,12.05678,12.0592,0.00,0.00
2015.05.20 07:06:25.706,12.05678,12.05936,0.00,0.00
2015.05.20 07:06:25.907,12.05678,12.0592,0.00,0.00
2015.05.20 07:06:26.709,12.05678,12.05932,0.00,0.00
2015.05.20 07:06:28.312,12.05678,12.05938,0.00,0.00
2015.05.20 07:06:30.625,12.05678,12.05932,0.00,0.00
2015.05.20 07:06:31.008,12.05678,12.05938,0.00,0.00
2015.05.20 07:06:41.709,12.05729,12.05938,0.00,0.00
2015.05.20 07:06:41.810,12.05779,12.0599,0.00,0.00
2015.05.20 07:06:41.861,12.05779,12.06032,0.00,0.00
2015.05.20 07:06:41.962,12.05779,12.06074,0.00,0.00
2015.05.20 07:06:42.582,12.05779,12.06075,0.00,0.00
2015.05.20 07:06:42.853,12.05779,12.06086,0.00,0.00
2015.05.20 07:06:43.154,12.05779,12.06088,0.00,0.00
2015.05.20 07:06:43.455,12.05779,12.0607,0.00,0.00
2015.05.20 07:06:48.596,12.05779,12.06054,0.00,0.00
2015.05.20 07:06:50.021,12.05779,12.06073,0.00,0.00
2015.05.20 07:06:51.374,12.05779,12.06084,0.00,0.00
2015.05.20 07:06:51.694,12.05779,12.06066,0.00,0.00
2015.05.20 07:06:53.277,12.05795,12.06099,0.00,0.00
2015.05.20 07:06:53.328,12.05829,12.06125,0.00,0.00
2015.05.20 07:06:53.678,12.05879,12.06153,0.00,0.00
2015.05.20 07:06:54.021,12.05978,12.06256,0.00,0.00
2015.05.20 07:07:00.273,12.05978,12.06249,0.00,0.00
2015.05.20 07:07:00.857,12.05978,12.06232,0.00,0.00
2015.05.20 07:07:02.296,12.05978,12.06243,0.00,0.00
2015.05.20 07:07:02.397,12.05978,12.06249,0.00,0.00
2015.05.20 07:07:05.818,12.05991,12.06249,0.00,0.00
2015.05.20 07:07:05.873,12.05991,12.06312,0.00,0.00
2015.05.20 07:07:05.924,12.06029,12.06353,0.00,0.00
2015.05.20 07:07:06.029,12.06078,12.06353,0.00,0.00
2015.05.20 07:07:08.209,12.06078,12.06368,0.00,0.00
2015.05.20 07:07:09.912,12.06098,12.06368,0.00,0.00
2015.05.20 07:07:10.063,12.06129,12.06413,0.00,0.00
2015.05.20 07:07:10.513,12.06129,12.06419,0.00,0.00
2015.05.20 07:07:10.713,12.06129,12.06405,0.00,0.00
2015.05.20 07:07:11.615,12.06129,12.06419,0.00,0.00
2015.05.20 07:07:11.716,12.06178,12.06419,0.00,0.00
2015.05.20 07:07:11.808,12.06178,12.06454,0.00,0.00
2015.05.20 07:07:12.517,12.06178,12.06459,0.00,0.00
2015.05.20 07:07:12.818,12.06178,12.06455,0.00,0.00
2015.05.20 07:07:13.369,12.06178,12.06435,0.00,0.00
2015.05.20 07:07:14.823,12.06178,12.06446,0.00,0.00
2015.05.20 07:07:15.724,12.06178,12.06434,0.00,0.00
2015.05.20 07:07:18.081,12.06129,12.06434,0.00,0.00
2015.05.20 07:07:18.131,12.06129,12.0636,0.00,0.00
2015.05.20 07:07:18.238,12.06078,12.0636,0.00,0.00
2015.05.20 07:07:18.329,12.06078,12.06335,0.00,0.00
2015.05.20 07:07:18.629,12.06078,12.06365,0.00,0.00
2015.05.20 07:07:19.030,12.06078,12.06351,0.00,0.00
2015.05.20 07:07:21.178,12.06078,12.06364,0.00,0.00
2015.05.20 07:07:21.234,12.06078,12.0635,0.00,0.00
2015.05.20 07:07:22.685,12.06078,12.06336,0.00,0.00
2015.05.20 07:07:23.037,12.06078,12.0635,0.00,0.00
2015.05.20 07:07:23.237,12.06078,12.06365,0.00,0.00
2015.05.20 07:07:23.963,12.06078,12.06379,0.00,0.00
2015.05.20 07:07:29.253,12.0609,12.06379,0.00,0.00
2015.05.20 07:07:29.304,12.06128,12.06418,0.00,0.00
2015.05.20 07:07:29.409,12.06179,12.06479,0.00,0.00
2015.05.20 07:07:30.218,12.06228,12.06499,0.00,0.00
2015.05.20 07:07:30.269,12.06228,12.06509,0.00,0.00
2015.05.20 07:07:30.369,12.06228,12.06539,0.00,0.00
2015.05.20 07:07:30.477,12.06228,12.06534,0.00,0.00
2015.05.20 07:07:30.556,12.06228,12.06539,0.00,0.00
2015.05.20 07:07:30.619,12.06279,12.06539,0.00,0.00
2015.05.20 07:07:30.728,12.06279,12.06558,0.00,0.00
2015.05.20 07:07:30.948,12.06279,12.06548,0.00,0.00
2015.05.20 07:07:30.998,12.06229,12.06548,0.00,0.00
2015.05.20 07:07:31.178,12.06229,12.06536,0.00,0.00
2015.05.20 07:07:31.372,12.06229,12.06548,0.00,0.00
2015.05.20 07:07:31.759,12.06229,12.06535,0.00,0.00
2015.05.20 07:07:31.959,12.06229,12.06548,0.00,0.00
2015.05.20 07:07:34.468,12.06279,12.06548,0.00,0.00
2015.05.20 07:07:34.613,12.06228,12.06547,0.00,0.00
2015.05.20 07:07:34.664,12.06228,12.0654,0.00,0.00
2015.05.20 07:07:35.064,12.06228,12.0651,0.00,0.00
2015.05.20 07:07:35.765,12.06228,12.06524,0.00,0.00
2015.05.20 07:07:36.667,12.06228,12.06508,0.00,0.00
2015.05.20 07:07:36.717,12.06179,12.06508,0.00,0.00
2015.05.20 07:07:36.768,12.06179,12.06467,0.00,0.00
2015.05.20 07:07:37.568,12.06179,12.06479,0.00,0.00
2015.05.20 07:07:37.869,12.06179,12.06498,0.00,0.00
2015.05.20 07:07:37.920,12.06229,12.06498,0.00,0.00
2015.05.20 07:07:37.970,12.06236,12.06508,0.00,0.00
2015.05.20 07:07:38.170,12.06229,12.06537,0.00,0.00
2015.05.20 07:07:38.313,12.06237,12.06559,0.00,0.00
2015.05.20 07:07:38.370,12.06229,12.0655,0.00,0.00
2015.05.20 07:07:38.688,12.06229,12.06509,0.00,0.00
2015.05.20 07:07:38.972,12.06229,12.06528,0.00,0.00
2015.05.20 07:07:39.072,12.06229,12.06515,0.00,0.00
2015.05.20 07:07:39.122,12.06187,12.06512,0.00,0.00
2015.05.20 07:07:39.173,12.06178,12.06492,0.00,0.00
2015.05.20 07:07:39.573,12.06192,12.06488,0.00,0.00
2015.05.20 07:07:39.748,12.06228,12.06529,0.00,0.00
2015.05.20 07:07:39.798,12.06237,12.06529,0.00,0.00
2015.05.20 07:07:39.911,12.06228,12.06529,0.00,0.00
2015.05.20 07:07:40.012,12.06238,12.06529,0.00,0.00
2015.05.20 07:07:40.202,12.06228,12.06529,0.00,0.00
2015.05.20 07:07:40.679,12.06248,12.06529,0.00,0.00
2015.05.20 07:07:40.738,12.06248,12.06562,0.00,0.00
2015.05.20 07:07:40.789,12.06279,12.06569,0.00,0.00
2015.05.20 07:07:41.176,12.06279,12.06547,0.00,0.00
2015.05.20 07:07:41.284,12.06279,12.06562,0.00,0.00
2015.05.20 07:07:42.519,12.06228,12.06489,0.00,0.00
2015.05.20 07:07:42.620,12.06178,12.06458,0.00,0.00
2015.05.20 07:07:43.180,12.06178,12.06471,0.00,0.00
2015.05.20 07:07:43.281,12.06178,12.06486,0.00,0.00
2015.05.20 07:07:43.781,12.06178,12.0647,0.00,0.00
2015.05.20 07:07:43.982,12.06178,12.06486,0.00,0.00
2015.05.20 07:07:44.785,12.06179,12.06509,0.00,0.00
2015.05.20 07:07:44.985,12.06178,12.06493,0.00,0.00
2015.05.20 07:07:45.287,12.06187,12.06512,0.00,0.00
2015.05.20 07:07:45.788,12.06178,12.06501,0.00,0.00
2015.05.20 07:07:46.091,12.06178,12.06477,0.00,0.00
2015.05.20 07:07:46.450,12.06178,12.06459,0.00,0.00
2015.05.20 07:07:46.618,12.06128,12.06417,0.00,0.00
2015.05.20 07:07:46.719,12.06128,12.06398,0.00,0.00
2015.05.20 07:07:47.121,12.06128,12.06378,0.00,0.00
2015.05.20 07:07:47.612,12.06128,12.0639,0.00,0.00
2015.05.20 07:07:47.807,12.06128,12.06375,0.00,0.00
2015.05.20 07:07:48.107,12.06128,12.064,0.00,0.00
2015.05.20 07:07:48.548,12.0607,12.06362,0.00,0.00
2015.05.20 07:07:48.676,12.0607,12.06278,0.00,0.00
2015.05.20 07:07:48.726,12.0606,12.06278,0.00,0.00
2015.05.20 07:07:48.808,12.06028,12.06278,0.00,0.00
2015.05.20 07:07:49.430,12.06021,12.06278,0.00,0.00
2015.05.20 07:07:49.510,12.06011,12.06278,0.00,0.00
2015.05.20 07:07:49.611,12.05978,12.06278,0.00,0.00
2015.05.20 07:07:49.995,12.05978,12.06229,0.00,0.00
2015.05.20 07:07:52.069,12.05978,12.06279,0.00,0.00
2015.05.20 07:07:52.120,12.06028,12.06279,0.00,0.00
2015.05.20 07:07:52.511,12.06078,12.06279,0.00,0.00
2015.05.20 07:07:53.389,12.06078,12.06329,0.00,0.00
2015.05.20 07:07:55.798,12.06078,12.06229,0.00,0.00
2015.05.20 07:07:55.968,12.06028,12.06229,0.00,0.00
2015.05.20 07:07:56.069,12.06058,12.06229,0.00,0.00
2015.05.20 07:07:56.458,12.06079,12.06229,0.00,0.00
2015.05.20 07:07:56.653,12.06079,12.06329,0.00,0.00
2015.05.20 07:07:58.218,12.06079,12.06379,0.00,0.00
2015.05.20 07:07:58.268,12.06178,12.06379,0.00,0.00
2015.05.20 07:07:58.517,12.06128,12.06379,0.00,0.00
2015.05.20 07:07:59.660,12.06178,12.06428,0.00,0.00
2015.05.20 07:08:10.107,12.06178,12.06497,0.00,0.00
2015.05.20 07:08:10.158,12.06228,12.06528,0.00,0.00
2015.05.20 07:08:10.495,12.06278,12.06529,0.00,0.00
2015.05.20 07:08:21.759,12.06278,12.06557,0.00,0.00
2015.05.20 07:08:21.810,12.06329,12.06578,0.00,0.00
2015.05.20 07:08:21.916,12.06278,12.06578,0.00,0.00
2015.05.20 07:08:22.218,12.06278,12.06563,0.00,0.00
2015.05.20 07:08:22.828,12.06278,12.06578,0.00,0.00
2015.05.20 07:08:23.208,12.06278,12.06529,0.00,0.00
2015.05.20 07:08:30.679,12.06328,12.06529,0.00,0.00
2015.05.20 07:08:30.779,12.06328,12.06579,0.00,0.00
2015.05.20 07:08:30.830,12.06337,12.06579,0.00,0.00
2015.05.20 07:08:31.197,12.06378,12.06579,0.00,0.00
2015.05.20 07:08:32.135,12.06352,12.06629,0.00,0.00
2015.05.20 07:08:32.199,12.06328,12.06594,0.00,0.00
2015.05.20 07:08:32.350,12.06279,12.06595,0.00,0.00
2015.05.20 07:08:32.601,12.06306,12.06611,0.00,0.00
2015.05.20 07:08:33.076,12.06306,12.06528,0.00,0.00
2015.05.20 07:08:33.909,12.06279,12.06528,0.00,0.00
2015.05.20 07:08:35.437,12.06329,12.06528,0.00,0.00
2015.05.20 07:08:35.508,12.06329,12.06579,0.00,0.00
2015.05.20 07:08:35.692,12.06379,12.06579,0.00,0.00
2015.05.20 07:08:36.826,12.06379,12.06628,0.00,0.00
2015.05.20 07:08:37.486,12.06379,12.0668,0.00,0.00
2015.05.20 07:08:37.747,12.06379,12.06695,0.00,0.00
2015.05.20 07:08:38.022,12.06379,12.06681,0.00,0.00
2015.05.20 07:08:38.523,12.06379,12.06665,0.00,0.00
2015.05.20 07:08:38.824,12.06379,12.06695,0.00,0.00
2015.05.20 07:08:39.225,12.06379,12.06666,0.00,0.00
2015.05.20 07:08:39.425,12.06379,12.06695,0.00,0.00
2015.05.20 07:08:41.634,12.06386,12.06711,0.00,0.00
2015.05.20 07:08:41.685,12.06428,12.06714,0.00,0.00
2015.05.20 07:08:41.735,12.06428,12.06724,0.00,0.00
2015.05.20 07:08:41.836,12.06478,12.06764,0.00,0.00
2015.05.20 07:08:42.139,12.06478,12.06753,0.00,0.00
2015.05.20 07:08:42.239,12.06478,12.06788,0.00,0.00
2015.05.20 07:08:42.541,12.06478,12.06756,0.00,0.00
2015.05.20 07:08:42.742,12.06478,12.06775,0.00,0.00
2015.05.20 07:08:42.793,12.06529,12.06775,0.00,0.00
2015.05.20 07:08:43.008,12.06578,12.06869,0.00,0.00
2015.05.20 07:08:43.143,12.06578,12.06891,0.00,0.00
2015.05.20 07:08:43.267,12.06629,12.06885,0.00,0.00
2015.05.20 07:08:43.368,12.06579,12.06885,0.00,0.00
2015.05.20 07:08:43.544,12.06579,12.06876,0.00,0.00
2015.05.20 07:08:43.967,12.06579,12.06861,0.00,0.00
2015.05.20 07:08:44.146,12.06579,12.06877,0.00,0.00
2015.05.20 07:08:44.446,12.06579,12.06856,0.00,0.00
2015.05.20 07:08:49.479,12.06579,12.06846,0.00,0.00
2015.05.20 07:08:49.530,12.06528,12.06846,0.00,0.00
2015.05.20 07:08:49.631,12.06578,12.06856,0.00,0.00
2015.05.20 07:08:50.010,12.06578,12.06815,0.00,0.00
2015.05.20 07:08:50.063,12.06578,12.06836,0.00,0.00
2015.05.20 07:08:50.559,12.06578,12.06866,0.00,0.00
2015.05.20 07:08:50.960,12.06578,12.06855,0.00,0.00
2015.05.20 07:08:51.260,12.06578,12.06874,0.00,0.00
2015.05.20 07:08:51.558,12.06578,12.06857,0.00,0.00
2015.05.20 07:08:53.160,12.06529,12.06857,0.00,0.00
2015.05.20 07:08:53.210,12.06528,12.06846,0.00,0.00
2015.05.20 07:08:53.513,12.06528,12.06822,0.00,0.00
2015.05.20 07:08:53.893,12.06528,12.06807,0.00,0.00
2015.05.20 07:08:54.367,12.06528,12.06822,0.00,0.00
2015.05.20 07:08:54.883,12.06528,12.06807,0.00,0.00
2015.05.20 07:08:56.302,12.06528,12.06803,0.00,0.00
2015.05.20 07:08:56.618,12.06528,12.06822,0.00,0.00
2015.05.20 07:08:56.872,12.06528,12.06807,0.00,0.00
2015.05.20 07:08:57.772,12.06528,12.06821,0.00,0.00
2015.05.20 07:08:57.897,12.06528,12.06805,0.00,0.00
2015.05.20 07:08:57.975,12.06528,12.06821,0.00,0.00
2015.05.20 07:08:58.656,12.06493,12.06812,0.00,0.00
2015.05.20 07:08:58.707,12.06478,12.06783,0.00,0.00
2015.05.20 07:09:02.067,12.06529,12.06783,0.00,0.00
2015.05.20 07:09:02.117,12.06529,12.06824,0.00,0.00
2015.05.20 07:09:02.630,12.06529,12.06809,0.00,0.00
2015.05.20 07:09:02.934,12.06528,12.06842,0.00,0.00
2015.05.20 07:09:03.318,12.06528,12.0681,0.00,0.00
2015.05.20 07:09:03.826,12.06479,12.06796,0.00,0.00
2015.05.20 07:09:04.716,12.06529,12.06817,0.00,0.00
2015.05.20 07:09:05.071,12.06578,12.06863,0.00,0.00
2015.05.20 07:09:05.890,12.06578,12.06874,0.00,0.00
2015.05.20 07:09:05.991,12.06528,12.06853,0.00,0.00
2015.05.20 07:09:06.191,12.06528,12.06822,0.00,0.00
2015.05.20 07:09:06.570,12.06528,12.06806,0.00,0.00
2015.05.20 07:09:06.621,12.06528,12.06823,0.00,0.00
2015.05.20 07:09:08.130,12.06528,12.06833,0.00,0.00
2015.05.20 07:09:09.026,12.06528,12.06818,0.00,0.00
2015.05.20 07:09:09.097,12.06528,12.06829,0.00,0.00
2015.05.20 07:09:09.167,12.06532,12.06829,0.00,0.00
2015.05.20 07:09:09.218,12.06578,12.06885,0.00,0.00
2015.05.20 07:09:10.760,12.06628,12.06885,0.00,0.00
2015.05.20 07:09:10.811,12.06628,12.06949,0.00,0.00
2015.05.20 07:09:10.861,12.06679,12.06954,0.00,0.00
2015.05.20 07:09:10.912,12.06679,12.06993,0.00,0.00
2015.05.20 07:09:11.102,12.06679,12.06976,0.00,0.00
2015.05.20 07:09:11.302,12.06679,12.06988,0.00,0.00
2015.05.20 07:09:11.603,12.06679,12.06973,0.00,0.00
2015.05.20 07:09:11.708,12.06638,12.06967,0.00,0.00
2015.05.20 07:09:11.804,12.06628,12.06921,0.00,0.00
2015.05.20 07:09:11.855,12.06588,12.06916,0.00,0.00
2015.05.20 07:09:12.237,12.06604,12.06916,0.00,0.00
2015.05.20 07:09:12.372,12.06595,12.06916,0.00,0.00
2015.05.20 07:09:12.506,12.06579,12.06911,0.00,0.00
2015.05.20 07:09:12.715,12.06579,12.06898,0.00,0.00
2015.05.20 07:09:13.006,12.06594,12.06911,0.00,0.00
2015.05.20 07:09:13.909,12.0658,12.0691,0.00,0.00
2015.05.20 07:09:14.009,12.06579,12.06893,0.00,0.00
2015.05.20 07:09:21.954,12.06579,12.0688,0.00,0.00
2015.05.20 07:09:22.425,12.06579,12.06893,0.00,0.00
2015.05.20 07:09:24.640,12.06579,12.0688,0.00,0.00
2015.05.20 07:09:25.093,12.06579,12.06893,0.00,0.00
2015.05.20 07:09:26.036,12.06579,12.06874,0.00,0.00
2015.05.20 07:09:26.237,12.06579,12.0689,0.00,0.00
2015.05.20 07:09:26.844,12.06579,12.06874,0.00,0.00
2015.05.20 07:09:26.895,12.06544,12.06862,0.00,0.00
2015.05.20 07:09:26.945,12.06528,12.06836,0.00,0.00
2015.05.20 07:09:27.046,12.06481,12.06793,0.00,0.00
2015.05.20 07:09:28.196,12.06478,12.06793,0.00,0.00
2015.05.20 07:09:33.363,12.06478,12.06802,0.00,0.00
2015.05.20 07:09:33.463,12.06502,12.06812,0.00,0.00
2015.05.20 07:09:34.364,12.06513,12.06812,0.00,0.00
2015.05.20 07:09:34.464,12.06502,12.06812,0.00,0.00
2015.05.20 07:09:34.675,12.06532,12.06859,0.00,0.00
2015.05.20 07:09:34.726,12.06532,12.06862,0.00,0.00
2015.05.20 07:09:34.776,12.06578,12.06862,0.00,0.00
2015.05.20 07:09:34.877,12.06578,12.06879,0.00,0.00
2015.05.20 07:09:34.965,12.06578,12.06888,0.00,0.00
2015.05.20 07:09:35.066,12.06578,12.06899,0.00,0.00
2015.05.20 07:09:37.090,12.06578,12.06884,0.00,0.00
2015.05.20 07:09:37.515,12.06578,12.06865,0.00,0.00
2015.05.20 07:09:38.071,12.06578,12.06855,0.00,0.00
2015.05.20 07:09:38.209,12.06578,12.06868,0.00,0.00
2015.05.20 07:09:40.424,12.06528,12.06848,0.00,0.00
2015.05.20 07:09:40.477,12.06528,12.06798,0.00,0.00
2015.05.20 07:09:40.527,12.06481,12.06798,0.00,0.00
2015.05.20 07:09:41.776,12.06478,12.06798,0.00,0.00
2015.05.20 07:09:48.000,12.06499,12.06798,0.00,0.00
2015.05.20 07:09:48.100,12.06478,12.06798,0.00,0.00
2015.05.20 07:09:49.186,12.0647,12.06761,0.00,0.00
2015.05.20 07:09:49.303,12.06459,12.06761,0.00,0.00
2015.05.20 07:09:49.353,12.06459,12.06708,0.00,0.00
2015.05.20 07:09:49.404,12.06429,12.06708,0.00,0.00
2015.05.20 07:09:49.560,12.06429,12.06689,0.00,0.00
2015.05.20 07:09:50.287,12.06419,12.06689,0.00,0.00
2015.05.20 07:09:50.338,12.06409,12.06689,0.00,0.00
2015.05.20 07:09:50.438,12.06378,12.06649,0.00,0.00
2015.05.20 07:09:51.206,12.06335,12.06649,0.00,0.00
2015.05.20 07:09:51.305,12.06335,12.06598,0.00,0.00
2015.05.20 07:09:51.355,12.06328,12.06598,0.00,0.00
2015.05.20 07:09:54.285,12.06316,12.06598,0.00,0.00
2015.05.20 07:09:54.335,12.06338,12.06598,0.00,0.00
2015.05.20 07:09:54.386,12.06338,12.06612,0.00,0.00
2015.05.20 07:09:54.506,12.06329,12.06638,0.00,0.00
2015.05.20 07:09:54.605,12.06329,12.06599,0.00,0.00
2015.05.20 07:09:54.835,12.06319,12.06599,0.00,0.00
2015.05.20 07:09:54.914,12.06309,12.06599,0.00,0.00
2015.05.20 07:09:54.965,12.06309,12.06559,0.00,0.00
2015.05.20 07:09:55.616,12.063,12.06559,0.00,0.00
2015.05.20 07:09:55.818,12.06359,12.06559,0.00,0.00
2015.05.20 07:09:55.969,12.0636,12.06599,0.00,0.00
2015.05.20 07:09:56.069,12.06329,12.06599,0.00,0.00
2015.05.20 07:09:56.375,12.06378,12.06599,0.00,0.00
2015.05.20 07:09:56.563,12.06378,12.06639,0.00,0.00
2015.05.20 07:09:57.024,12.06378,12.06608,0.00,0.00
2015.05.20 07:09:57.075,12.06369,12.06608,0.00,0.00
2015.05.20 07:09:57.220,12.06328,12.06608,0.00,0.00
2015.05.20 07:09:57.585,12.06379,12.06608,0.00,0.00
2015.05.20 07:09:57.686,12.06379,12.06638,0.00,0.00
2015.05.20 07:09:58.289,12.0637,12.06638,0.00,0.00
2015.05.20 07:09:58.340,12.06359,12.06638,0.00,0.00
2015.05.20 07:09:58.390,12.06359,12.06609,0.00,0.00
2015.05.20 07:09:58.441,12.06328,12.06609,0.00,0.00
2015.05.20 07:09:59.174,12.06309,12.06609,0.00,0.00
2015.05.20 07:09:59.224,12.0632,12.06609,0.00,0.00
2015.05.20 07:09:59.597,12.06329,12.06608,0.00,0.00
2015.05.20 07:09:59.935,12.06378,12.06639,0.00,0.00
2015.05.20 07:10:03.848,12.0639,12.06639,0.00,0.00
2015.05.20 07:10:04.000,12.06428,12.06729,0.00,0.00
2015.05.20 07:10:04.050,12.0647,12.06738,0.00,0.00
2015.05.20 07:10:04.573,12.06478,12.06738,0.00,0.00
2015.05.20 07:10:10.666,12.06478,12.06759,0.00,0.00
2015.05.20 07:10:15.891,12.06511,12.06759,0.00,0.00
2015.05.20 07:10:16.107,12.06579,12.06839,0.00,0.00
2015.05.20 07:10:17.061,12.06579,12.06835,0.00,0.00
2015.05.20 07:10:17.963,12.06579,12.06839,0.00,0.00
2015.05.20 07:10:18.416,12.06511,12.06758,0.00,0.00
2015.05.20 07:10:18.467,12.06478,12.06758,0.00,0.00
2015.05.20 07:10:21.391,12.06478,12.06755,0.00,0.00
2015.05.20 07:10:21.470,12.06478,12.06758,0.00,0.00
2015.05.20 07:10:21.570,12.06478,12.06756,0.00,0.00
2015.05.20 07:10:25.189,12.06478,12.0674,0.00,0.00
2015.05.20 07:10:25.239,12.06429,12.0674,0.00,0.00
2015.05.20 07:10:25.296,12.06429,12.06709,0.00,0.00
2015.05.20 07:10:26.329,12.06478,12.06709,0.00,0.00
2015.05.20 07:10:26.396,12.06478,12.06753,0.00,0.00
2015.05.20 07:10:26.497,12.06478,12.06722,0.00,0.00
2015.05.20 07:10:26.679,12.06478,12.06754,0.00,0.00
2015.05.20 07:10:26.807,12.06478,12.06739,0.00,0.00
2015.05.20 07:10:27.682,12.06478,12.06711,0.00,0.00
2015.05.20 07:10:27.732,12.06412,12.06709,0.00,0.00
2015.05.20 07:10:27.783,12.06378,12.06693,0.00,0.00
2015.05.20 07:10:27.833,12.06378,12.06679,0.00,0.00
2015.05.20 07:10:28.185,12.06392,12.06679,0.00,0.00
2015.05.20 07:10:28.499,12.06428,12.06679,0.00,0.00
2015.05.20 07:10:28.706,12.06478,12.06749,0.00,0.00
2015.05.20 07:10:29.018,12.06478,12.06743,0.00,0.00
2015.05.20 07:10:29.386,12.06478,12.06749,0.00,0.00
2015.05.20 07:10:29.687,12.06478,12.06742,0.00,0.00
2015.05.20 07:10:29.988,12.06478,12.06749,0.00,0.00
2015.05.20 07:10:30.188,12.06478,12.06743,0.00,0.00
2015.05.20 07:10:30.489,12.06478,12.06749,0.00,0.00
2015.05.20 07:10:31.112,12.06478,12.0673,0.00,0.00
2015.05.20 07:10:31.691,12.06478,12.06749,0.00,0.00
2015.05.20 07:10:32.611,12.06478,12.06746,0.00,0.00
2015.05.20 07:10:32.694,12.06478,12.06749,0.00,0.00
2015.05.20 07:10:34.408,12.06478,12.06737,0.00,0.00
2015.05.20 07:10:34.458,12.06429,12.06709,0.00,0.00
2015.05.20 07:10:34.797,12.06436,12.06709,0.00,0.00
2015.05.20 07:10:34.866,12.06436,12.06748,0.00,0.00
2015.05.20 07:10:34.916,12.06479,12.06748,0.00,0.00
2015.05.20 07:10:44.491,12.06578,12.06848,0.00,0.00
2015.05.20 07:10:46.234,12.06628,12.06848,0.00,0.00
2015.05.20 07:10:46.285,12.06628,12.06888,0.00,0.00
2015.05.20 07:10:46.471,12.06578,12.06863,0.00,0.00
2015.05.20 07:10:46.526,12.06578,12.06859,0.00,0.00
2015.05.20 07:10:47.931,12.06578,12.06839,0.00,0.00
2015.05.20 07:10:48.262,12.06578,12.06826,0.00,0.00
2015.05.20 07:10:48.833,12.06578,12.06848,0.00,0.00
2015.05.20 07:10:49.034,12.06578,12.06837,0.00,0.00
2015.05.20 07:10:50.016,12.06578,12.06858,0.00,0.00
2015.05.20 07:10:50.675,12.06578,12.0684,0.00,0.00
2015.05.20 07:10:51.382,12.06578,12.06827,0.00,0.00
2015.05.20 07:10:51.641,12.06578,12.06842,0.00,0.00
2015.05.20 07:10:51.742,12.06578,12.0683,0.00,0.00
2015.05.20 07:10:51.818,12.06511,12.06812,0.00,0.00
2015.05.20 07:10:51.869,12.06482,12.06812,0.00,0.00
2015.05.20 07:10:51.919,12.06482,12.06778,0.00,0.00
2015.05.20 07:10:52.242,12.06497,12.06778,0.00,0.00
2015.05.20 07:10:52.543,12.06478,12.06778,0.00,0.00
2015.05.20 07:10:57.954,12.06518,12.06778,0.00,0.00
2015.05.20 07:10:58.105,12.06579,12.06848,0.00,0.00
2015.05.20 07:10:58.462,12.06638,12.06848,0.00,0.00
2015.05.20 07:10:58.516,12.06638,12.06859,0.00,0.00
2015.05.20 07:10:58.703,12.06588,12.06859,0.00,0.00
2015.05.20 07:10:58.956,12.06588,12.06848,0.00,0.00
2015.05.20 07:10:59.256,12.06588,12.06859,0.00,0.00
2015.05.20 07:10:59.457,12.06588,12.06854,0.00,0.00
2015.05.20 07:11:00.020,12.06588,12.06853,0.00,0.00
2015.05.20 07:11:01.061,12.06638,12.06853,0.00,0.00
2015.05.20 07:11:01.112,12.06638,12.06858,0.00,0.00
2015.05.20 07:11:01.262,12.06638,12.06898,0.00,0.00
2015.05.20 07:11:01.820,12.06638,12.06899,0.00,0.00
2015.05.20 07:11:03.038,12.06589,12.06899,0.00,0.00
2015.05.20 07:11:03.088,12.06589,12.0685,0.00,0.00
2015.05.20 07:11:03.467,12.06589,12.06859,0.00,0.00
2015.05.20 07:11:12.278,12.06578,12.06859,0.00,0.00
2015.05.20 07:11:13.486,12.0656,12.06822,0.00,0.00
2015.05.20 07:11:13.637,12.0651,12.06788,0.00,0.00
2015.05.20 07:11:13.689,12.06478,12.06788,0.00,0.00
2015.05.20 07:11:23.630,12.06478,12.06777,0.00,0.00
2015.05.20 07:11:23.920,12.06378,12.06678,0.00,0.00
2015.05.20 07:11:32.544,12.0636,12.06672,0.00,0.00
2015.05.20 07:11:32.645,12.06311,12.06588,0.00,0.00
2015.05.20 07:11:32.738,12.06268,12.06588,0.00,0.00
2015.05.20 07:11:35.343,12.06268,12.0656,0.00,0.00
2015.05.20 07:11:36.806,12.0623,12.0656,0.00,0.00
2015.05.20 07:11:36.856,12.06221,12.06549,0.00,0.00
2015.05.20 07:11:38.128,12.06268,12.06549,0.00,0.00
2015.05.20 07:11:38.178,12.06268,12.06588,0.00,0.00
2015.05.20 07:11:38.854,12.06268,12.06578,0.00,0.00
2015.05.20 07:11:38.955,12.06268,12.06588,0.00,0.00
2015.05.20 07:11:43.297,12.06279,12.06588,0.00,0.00
2015.05.20 07:11:44.285,12.06329,12.06588,0.00,0.00
2015.05.20 07:11:44.386,12.06329,12.0663,0.00,0.00
2015.05.20 07:11:44.437,12.06378,12.0663,0.00,0.00
2015.05.20 07:11:44.487,12.06378,12.06668,0.00,0.00
2015.05.20 07:11:44.638,12.06429,12.06668,0.00,0.00
2015.05.20 07:11:44.714,12.06429,12.06699,0.00,0.00
2015.05.20 07:11:44.815,12.06429,12.06728,0.00,0.00
2015.05.20 07:11:44.866,12.06429,12.0674,0.00,0.00
2015.05.20 07:11:44.916,12.06429,12.06723,0.00,0.00
2015.05.20 07:11:45.210,12.06379,12.06706,0.00,0.00
2015.05.20 07:11:45.673,12.0639,12.06718,0.00,0.00
2015.05.20 07:11:45.774,12.06379,12.06684,0.00,0.00
2015.05.20 07:11:48.081,12.06379,12.0665,0.00,0.00
2015.05.20 07:11:49.588,12.06429,12.06644,0.00,0.00
2015.05.20 07:11:49.758,12.06378,12.06675,0.00,0.00
2015.05.20 07:11:50.088,12.06378,12.06664,0.00,0.00
2015.05.20 07:11:50.527,12.06378,12.06645,0.00,0.00
2015.05.20 07:11:52.124,12.06391,12.06645,0.00,0.00
2015.05.20 07:11:52.447,12.06428,12.06735,0.00,0.00
2015.05.20 07:11:52.498,12.06428,12.06694,0.00,0.00
2015.05.20 07:11:54.230,12.06428,12.06705,0.00,0.00
2015.05.20 07:11:54.334,12.06478,12.06705,0.00,0.00
2015.05.20 07:12:00.868,12.06478,12.0669,0.00,0.00
2015.05.20 07:12:00.919,12.06429,12.0669,0.00,0.00
2015.05.20 07:12:01.226,12.06378,12.0669,0.00,0.00
2015.05.20 07:12:01.277,12.06378,12.0667,0.00,0.00
2015.05.20 07:12:01.605,12.06378,12.0664,0.00,0.00
2015.05.20 07:12:08.222,12.06328,12.0663,0.00,0.00
2015.05.20 07:12:08.272,12.06328,12.0659,0.00,0.00
2015.05.20 07:12:14.757,12.06279,12.0659,0.00,0.00
2015.05.20 07:12:14.808,12.06279,12.0658,0.00,0.00
2015.05.20 07:12:15.125,12.06328,12.06589,0.00,0.00
2015.05.20 07:12:16.298,12.06379,12.06589,0.00,0.00
2015.05.20 07:12:16.528,12.06379,12.06599,0.00,0.00
2015.05.20 07:12:16.627,12.06329,12.06599,0.00,0.00
2015.05.20 07:12:16.731,12.06329,12.0659,0.00,0.00
2015.05.20 07:12:17.066,12.06278,12.0659,0.00,0.00
2015.05.20 07:12:17.117,12.06278,12.06579,0.00,0.00
2015.05.20 07:12:17.218,12.06278,12.06589,0.00,0.00
2015.05.20 07:12:19.395,12.06329,12.06589,0.00,0.00
2015.05.20 07:12:19.446,12.06329,12.06609,0.00,0.00
2015.05.20 07:12:19.496,12.06379,12.06609,0.00,0.00
2015.05.20 07:12:19.547,12.06379,12.06659,0.00,0.00
2015.05.20 07:12:19.648,12.06379,12.06678,0.00,0.00
2015.05.20 07:12:19.750,12.06347,12.06672,0.00,0.00
2015.05.20 07:12:19.851,12.06335,12.06665,0.00,0.00
2015.05.20 07:12:19.901,12.06345,12.06669,0.00,0.00
2015.05.20 07:12:20.209,12.06328,12.0664,0.00,0.00
2015.05.20 07:12:20.630,12.06379,12.0664,0.00,0.00
2015.05.20 07:12:20.681,12.06379,12.0665,0.00,0.00
2015.05.20 07:12:20.963,12.06379,12.06678,0.00,0.00
2015.05.20 07:12:21.505,12.06379,12.06676,0.00,0.00
2015.05.20 07:12:22.070,12.06379,12.0669,0.00,0.00
2015.05.20 07:12:24.546,12.0636,12.06622,0.00,0.00
2015.05.20 07:12:24.647,12.0631,12.06622,0.00,0.00
2015.05.20 07:12:24.748,12.06301,12.06622,0.00,0.00
2015.05.20 07:12:24.818,12.06278,12.0659,0.00,0.00
2015.05.20 07:12:26.623,12.06331,12.06622,0.00,0.00
2015.05.20 07:12:26.774,12.06378,12.0669,0.00,0.00
2015.05.20 07:12:26.924,12.06378,12.06678,0.00,0.00
2015.05.20 07:12:27.224,12.06378,12.0669,0.00,0.00
2015.05.20 07:12:27.431,12.06378,12.06679,0.00,0.00
2015.05.20 07:12:28.779,12.06378,12.0669,0.00,0.00
2015.05.20 07:12:29.129,12.06378,12.06673,0.00,0.00
2015.05.20 07:12:29.530,12.06378,12.0669,0.00,0.00
2015.05.20 07:12:29.614,12.06378,12.06688,0.00,0.00
2015.05.20 07:12:30.455,12.06379,12.06688,0.00,0.00
2015.05.20 07:12:30.784,12.06378,12.06667,0.00,0.00
2015.05.20 07:12:30.834,12.06378,12.06682,0.00,0.00
2015.05.20 07:12:31.058,12.06378,12.06663,0.00,0.00
2015.05.20 07:12:31.235,12.06378,12.06673,0.00,0.00
2015.05.20 07:12:32.238,12.06378,12.06683,0.00,0.00
2015.05.20 07:12:32.805,12.06428,12.067,0.00,0.00
2015.05.20 07:12:32.939,12.06428,12.0672,0.00,0.00
2015.05.20 07:12:33.125,12.06478,12.0672,0.00,0.00
2015.05.20 07:12:33.176,12.06478,12.0673,0.00,0.00
2015.05.20 07:12:33.240,12.06478,12.06762,0.00,0.00
2015.05.20 07:12:33.641,12.06478,12.06779,0.00,0.00
2015.05.20 07:12:33.692,12.06529,12.06779,0.00,0.00
2015.05.20 07:12:33.843,12.06529,12.068,0.00,0.00
2015.05.20 07:12:34.115,12.06479,12.068,0.00,0.00
2015.05.20 07:12:34.165,12.06479,12.06779,0.00,0.00
2015.05.20 07:12:35.345,12.06479,12.06749,0.00,0.00
2015.05.20 07:12:37.249,12.06479,12.0676,0.00,0.00
2015.05.20 07:12:37.450,12.06479,12.0675,0.00,0.00
2015.05.20 07:12:37.958,12.06479,12.06739,0.00,0.00
2015.05.20 07:12:38.008,12.06429,12.06739,0.00,0.00
2015.05.20 07:12:38.059,12.06429,12.0671,0.00,0.00
2015.05.20 07:12:38.109,12.0638,12.0671,0.00,0.00
2015.05.20 07:12:38.160,12.06401,12.06721,0.00,0.00
2015.05.20 07:12:38.491,12.06529,12.06779,0.00,0.00
2015.05.20 07:12:38.541,12.06479,12.06779,0.00,0.00
2015.05.20 07:12:38.754,12.06479,12.06749,0.00,0.00
2015.05.20 07:12:39.367,12.06479,12.06699,0.00,0.00
2015.05.20 07:12:39.417,12.06428,12.06699,0.00,0.00
2015.05.20 07:12:39.940,12.06429,12.06699,0.00,0.00
2015.05.20 07:12:40.860,12.06429,12.06669,0.00,0.00
2015.05.20 07:12:40.961,12.06378,12.0667,0.00,0.00
2015.05.20 07:12:41.060,12.06378,12.06649,0.00,0.00
2015.05.20 07:12:41.462,12.06342,12.06586,0.00,0.00
2015.05.20 07:12:41.563,12.06269,12.06586,0.00,0.00
2015.05.20 07:12:41.700,12.0627,12.066,0.00,0.00
2015.05.20 07:12:41.751,12.06318,12.066,0.00,0.00
2015.05.20 07:12:42.787,12.06318,12.06629,0.00,0.00
2015.05.20 07:12:42.837,12.06369,12.06629,0.00,0.00
2015.05.20 07:12:42.938,12.06319,12.06629,0.00,0.00
2015.05.20 07:12:43.167,12.06319,12.06602,0.00,0.00
2015.05.20 07:12:43.680,12.06319,12.06627,0.00,0.00
2015.05.20 07:12:43.730,12.06368,12.06627,0.00,0.00
2015.05.20 07:12:43.831,12.06319,12.06627,0.00,0.00
2015.05.20 07:12:43.971,12.06319,12.06638,0.00,0.00
2015.05.20 07:12:44.214,12.06319,12.06622,0.00,0.00
2015.05.20 07:12:44.671,12.06319,12.06635,0.00,0.00
2015.05.20 07:12:44.721,12.06368,12.06635,0.00,0.00
2015.05.20 07:12:44.786,12.06319,12.06635,0.00,0.00
2015.05.20 07:12:44.896,12.06368,12.06635,0.00,0.00
2015.05.20 07:12:45.000,12.06368,12.0665,0.00,0.00
2015.05.20 07:12:45.723,12.06368,12.0669,0.00,0.00
2015.05.20 07:12:48.782,12.06368,12.06677,0.00,0.00
2015.05.20 07:12:49.183,12.06368,12.0669,0.00,0.00
2015.05.20 07:12:53.595,12.06368,12.06675,0.00,0.00
2015.05.20 07:12:54.197,12.06368,12.06687,0.00,0.00
2015.05.20 07:12:54.497,12.06368,12.06669,0.00,0.00
2015.05.20 07:12:55.262,12.06368,12.06689,0.00,0.00
2015.05.20 07:12:56.049,12.06368,12.06661,0.00,0.00
2015.05.20 07:12:56.220,12.06368,12.06677,0.00,0.00
2015.05.20 07:12:56.402,12.06368,12.0669,0.00,0.00
2015.05.20 07:12:57.204,12.06368,12.06673,0.00,0.00
2015.05.20 07:12:57.705,12.06368,12.06653,0.00,0.00
2015.05.20 07:12:58.636,12.06368,12.06673,0.00,0.00
2015.05.20 07:12:59.110,12.06368,12.06661,0.00,0.00
2015.05.20 07:13:00.813,12.06368,12.06676,0.00,0.00
2015.05.20 07:13:00.914,12.06368,12.06666,0.00,0.00
2015.05.20 07:13:01.265,12.06368,12.06657,0.00,0.00
2015.05.20 07:13:01.964,12.06368,12.06667,0.00,0.00
2015.05.20 07:13:02.519,12.06368,12.0665,0.00,0.00
2015.05.20 07:13:03.020,12.06368,12.06681,0.00,0.00
2015.05.20 07:13:03.221,12.06368,12.06659,0.00,0.00
2015.05.20 07:13:03.538,12.06378,12.06649,0.00,0.00
2015.05.20 07:13:04.249,12.06378,12.0666,0.00,0.00
2015.05.20 07:13:05.263,12.06378,12.06679,0.00,0.00
2015.05.20 07:13:06.130,12.06378,12.0669,0.00,0.00
2015.05.20 07:13:12.350,12.06378,12.06676,0.00,0.00
2015.05.20 07:13:13.247,12.06378,12.06692,0.00,0.00
2015.05.20 07:13:17.056,12.06378,12.0668,0.00,0.00
2015.05.20 07:13:17.357,12.06378,12.06692,0.00,0.00
2015.05.20 07:13:18.360,12.06378,12.06681,0.00,0.00
2015.05.20 07:13:18.936,12.06378,12.06665,0.00,0.00
2015.05.20 07:13:19.162,12.06378,12.06675,0.00,0.00
2015.05.20 07:13:19.362,12.06378,12.0669,0.00,0.00
2015.05.20 07:13:22.568,12.06378,12.06681,0.00,0.00
2015.05.20 07:13:22.975,12.06378,12.06666,0.00,0.00
2015.05.20 07:13:23.548,12.06378,12.06665,0.00,0.00
2015.05.20 07:13:24.384,12.06378,12.06694,0.00,0.00
2015.05.20 07:13:24.485,12.06378,12.06682,0.00,0.00
2015.05.20 07:13:25.336,12.06378,12.06694,0.00,0.00
2015.05.20 07:13:26.791,12.06378,12.06682,0.00,0.00
2015.05.20 07:13:27.193,12.06378,12.06693,0.00,0.00
2015.05.20 07:13:28.214,12.06299,12.06621,0.00,0.00
2015.05.20 07:13:28.437,12.06279,12.06593,0.00,0.00
2015.05.20 07:13:32.506,12.06279,12.06584,0.00,0.00
2015.05.20 07:13:33.709,12.06279,12.06594,0.00,0.00
2015.05.20 07:13:34.281,12.06279,12.06593,0.00,0.00
2015.05.20 07:13:36.683,12.06328,12.06593,0.00,0.00
2015.05.20 07:13:36.733,12.06334,12.06664,0.00,0.00
2015.05.20 07:13:36.784,12.06378,12.06664,0.00,0.00
2015.05.20 07:13:36.834,12.06378,12.06679,0.00,0.00
2015.05.20 07:13:37.418,12.06378,12.06694,0.00,0.00
2015.05.20 07:13:41.028,12.06378,12.06682,0.00,0.00
2015.05.20 07:13:41.328,12.06378,12.06694,0.00,0.00
2015.05.20 07:13:43.463,12.06378,12.06672,0.00,0.00
2015.05.20 07:13:46.940,12.06378,12.06694,0.00,0.00
2015.05.20 07:13:47.340,12.06378,12.0668,0.00,0.00
2015.05.20 07:13:48.042,12.06378,12.06663,0.00,0.00
2015.05.20 07:13:48.343,12.06378,12.06678,0.00,0.00
2015.05.20 07:13:49.747,12.06378,12.06664,0.00,0.00
2015.05.20 07:13:50.248,12.06378,12.06693,0.00,0.00
2015.05.20 07:13:51.192,12.06378,12.0668,0.00,0.00
2015.05.20 07:13:53.567,12.06378,12.06659,0.00,0.00
2015.05.20 07:13:54.246,12.06378,12.06689,0.00,0.00
2015.05.20 07:13:54.368,12.06378,12.06676,0.00,0.00
2015.05.20 07:13:55.971,12.06378,12.0666,0.00,0.00
2015.05.20 07:13:56.372,12.06378,12.06676,0.00,0.00
2015.05.20 07:13:57.876,12.06378,12.06659,0.00,0.00
2015.05.20 07:13:57.977,12.06329,12.0664,0.00,0.00
2015.05.20 07:13:58.051,12.06329,12.06598,0.00,0.00
2015.05.20 07:13:58.102,12.06289,12.06598,0.00,0.00
2015.05.20 07:13:58.212,12.06329,12.06598,0.00,0.00
2015.05.20 07:13:59.295,12.06278,12.06558,0.00,0.00
2015.05.20 07:13:59.371,12.06278,12.06599,0.00,0.00
2015.05.20 07:13:59.480,12.06295,12.06599,0.00,0.00
2015.05.20 07:13:59.904,12.06279,12.06559,0.00,0.00
2015.05.20 07:14:00.396,12.06295,12.06559,0.00,0.00
2015.05.20 07:14:00.496,12.06328,12.06634,0.00,0.00
2015.05.20 07:14:00.547,12.06379,12.06634,0.00,0.00
2015.05.20 07:14:00.597,12.06379,12.06649,0.00,0.00
2015.05.20 07:14:00.944,12.06358,12.06649,0.00,0.00
2015.05.20 07:14:00.995,12.06328,12.06649,0.00,0.00
2015.05.20 07:14:01.045,12.06328,12.06609,0.00,0.00
2015.05.20 07:14:10.183,12.06379,12.06609,0.00,0.00
2015.05.20 07:14:10.283,12.06379,12.0664,0.00,0.00
2015.05.20 07:14:10.334,12.06379,12.06649,0.00,0.00
2015.05.20 07:14:10.402,12.06329,12.06649,0.00,0.00
2015.05.20 07:14:10.453,12.06329,12.06602,0.00,0.00
2015.05.20 07:14:10.554,12.06292,12.06608,0.00,0.00
2015.05.20 07:14:10.654,12.06328,12.06594,0.00,0.00
2015.05.20 07:14:10.705,12.06328,12.06608,0.00,0.00
2015.05.20 07:14:11.312,12.06328,12.06609,0.00,0.00
2015.05.20 07:14:14.883,12.06328,12.06569,0.00,0.00
2015.05.20 07:14:15.290,12.06328,12.06538,0.00,0.00
2015.05.20 07:14:16.012,12.06378,12.06538,0.00,0.00
2015.05.20 07:14:16.112,12.06378,12.06569,0.00,0.00
2015.05.20 07:14:18.103,12.06329,12.06569,0.00,0.00
2015.05.20 07:14:18.204,12.06329,12.06488,0.00,0.00
2015.05.20 07:14:18.255,12.06296,12.06488,0.00,0.00
2015.05.20 07:14:18.433,12.06329,12.06488,0.00,0.00
2015.05.20 07:14:18.534,12.06329,12.06578,0.00,0.00
2015.05.20 07:14:18.585,12.06378,12.06578,0.00,0.00
2015.05.20 07:14:23.131,12.06378,12.06618,0.00,0.00
2015.05.20 07:14:24.155,12.06334,12.06618,0.00,0.00
2015.05.20 07:14:24.255,12.06329,12.06579,0.00,0.00
2015.05.20 07:14:26.462,12.06379,12.06579,0.00,0.00
2015.05.20 07:14:26.562,12.06379,12.06619,0.00,0.00
2015.05.20 07:14:35.701,12.06428,12.06619,0.00,0.00
2015.05.20 07:14:35.781,12.06428,12.06694,0.00,0.00
2015.05.20 07:14:35.831,12.06478,12.06719,0.00,0.00
2015.05.20 07:14:37.244,12.06488,12.06719,0.00,0.00
2015.05.20 07:14:38.123,12.06438,12.06719,0.00,0.00
2015.05.20 07:14:38.224,12.06438,12.06638,0.00,0.00
2015.05.20 07:14:38.274,12.06392,12.06638,0.00,0.00
2015.05.20 07:14:38.508,12.06389,12.06638,0.00,0.00
2015.05.20 07:14:39.991,12.06358,12.06638,0.00,0.00
2015.05.20 07:14:40.092,12.06347,12.06589,0.00,0.00
2015.05.20 07:14:40.312,12.06339,12.06589,0.00,0.00
2015.05.20 07:14:48.760,12.06339,12.06559,0.00,0.00
2015.05.20 07:14:49.914,12.06288,12.06559,0.00,0.00
2015.05.20 07:14:49.970,12.06288,12.06548,0.00,0.00
2015.05.20 07:14:50.302,12.06338,12.06548,0.00,0.00
2015.05.20 07:14:55.397,12.06389,12.06589,0.00,0.00
2015.05.20 07:14:55.502,12.06338,12.06589,0.00,0.00
2015.05.20 07:14:55.829,12.06338,12.06598,0.00,0.00
2015.05.20 07:14:55.880,12.06345,12.06598,0.00,0.00
2015.05.20 07:14:56.207,12.06338,12.06549,0.00,0.00
2015.05.20 07:14:58.697,12.06338,12.06519,0.00,0.00
2015.05.20 07:14:59.031,12.06488,12.06659,0.00,0.00
2015.05.20 07:15:04.793,12.06492,12.06659,0.00,0.00
2015.05.20 07:15:04.980,12.06588,12.06758,0.00,0.00
2015.05.20 07:15:05.090,12.06588,12.06829,0.00,0.00
2015.05.20 07:15:07.513,12.06564,12.06861,0.00,0.00
2015.05.20 07:15:07.614,12.06539,12.06861,0.00,0.00
2015.05.20 07:15:07.664,12.06539,12.06844,0.00,0.00
2015.05.20 07:15:08.046,12.06514,12.06811,0.00,0.00
2015.05.20 07:15:08.097,12.06491,12.06811,0.00,0.00
2015.05.20 07:15:08.197,12.06489,12.06794,0.00,0.00
2015.05.20 07:15:08.516,12.06489,12.0678,0.00,0.00
2015.05.20 07:15:09.469,12.06489,12.06757,0.00,0.00
2015.05.20 07:15:10.373,12.06489,12.06774,0.00,0.00
2015.05.20 07:15:10.473,12.06489,12.06793,0.00,0.00
2015.05.20 07:15:11.324,12.06489,12.0678,0.00,0.00
2015.05.20 07:15:11.519,12.06489,12.06794,0.00,0.00
2015.05.20 07:15:11.570,12.06538,12.06794,0.00,0.00
2015.05.20 07:15:11.681,12.06538,12.06813,0.00,0.00
2015.05.20 07:15:11.929,12.06538,12.06843,0.00,0.00
2015.05.20 07:15:12.225,12.06515,12.06811,0.00,0.00
2015.05.20 07:15:12.326,12.06501,12.06811,0.00,0.00
2015.05.20 07:15:12.376,12.06588,12.06829,0.00,0.00
2015.05.20 07:15:12.527,12.06588,12.06853,0.00,0.00
2015.05.20 07:15:12.688,12.06588,12.06883,0.00,0.00
2015.05.20 07:15:13.190,12.06588,12.0687,0.00,0.00
2015.05.20 07:15:13.390,12.06588,12.06886,0.00,0.00
2015.05.20 07:15:13.891,12.06588,12.06854,0.00,0.00
2015.05.20 07:15:14.492,12.06588,12.06868,0.00,0.00
2015.05.20 07:15:14.893,12.06588,12.06887,0.00,0.00
2015.05.20 07:15:15.494,12.06588,12.06872,0.00,0.00
2015.05.20 07:15:16.295,12.06588,12.06887,0.00,0.00
2015.05.20 07:15:17.497,12.06588,12.06872,0.00,0.00
2015.05.20 07:15:17.995,12.06588,12.06855,0.00,0.00
2015.05.20 07:15:18.499,12.06588,12.06872,0.00,0.00
2015.05.20 07:15:19.505,12.06588,12.06893,0.00,0.00
2015.05.20 07:15:19.809,12.06588,12.06881,0.00,0.00
2015.05.20 07:15:20.025,12.06588,12.06894,0.00,0.00
2015.05.20 07:15:20.355,12.06588,12.06866,0.00,0.00
2015.05.20 07:15:20.617,12.06588,12.06881,0.00,0.00
2015.05.20 07:15:20.718,12.06588,12.06894,0.00,0.00
2015.05.20 07:15:20.916,12.06638,12.06894,0.00,0.00
2015.05.20 07:15:20.966,12.06638,12.06903,0.00,0.00
2015.05.20 07:15:21.067,12.06638,12.06954,0.00,0.00
2015.05.20 07:15:21.124,12.06664,12.06962,0.00,0.00
2015.05.20 07:15:21.175,12.06688,12.06989,0.00,0.00
2015.05.20 07:15:21.345,12.06688,12.06977,0.00,0.00
2015.05.20 07:15:21.675,12.06688,12.06989,0.00,0.00
2015.05.20 07:15:22.527,12.06688,12.06977,0.00,0.00
2015.05.20 07:15:23.430,12.06688,12.06989,0.00,0.00
2015.05.20 07:15:28.839,12.06688,12.06982,0.00,0.00
2015.05.20 07:15:29.195,12.06688,12.06989,0.00,0.00
2015.05.20 07:15:35.586,12.06688,12.0698,0.00,0.00
2015.05.20 07:15:36.154,12.06688,12.06989,0.00,0.00
2015.05.20 07:15:38.461,12.06688,12.06971,0.00,0.00
2015.05.20 07:15:39.463,12.06688,12.06988,0.00,0.00
2015.05.20 07:15:39.563,12.06688,12.06971,0.00,0.00
2015.05.20 07:15:39.764,12.06688,12.06989,0.00,0.00
2015.05.20 07:15:40.665,12.06688,12.06983,0.00,0.00
2015.05.20 07:15:40.765,12.06688,12.06989,0.00,0.00
2015.05.20 07:15:41.468,12.06688,12.06964,0.00,0.00
2015.05.20 07:15:41.973,12.06688,12.06994,0.00,0.00
2015.05.20 07:15:42.305,12.06688,12.06963,0.00,0.00
2015.05.20 07:15:42.469,12.06688,12.06976,0.00,0.00
2015.05.20 07:15:42.770,12.06688,12.06993,0.00,0.00
2015.05.20 07:15:43.704,12.06688,12.0697,0.00,0.00
2015.05.20 07:15:43.772,12.06688,12.06985,0.00,0.00
2015.05.20 07:15:45.605,12.06688,12.06968,0.00,0.00
2015.05.20 07:15:46.477,12.06688,12.06982,0.00,0.00
2015.05.20 07:15:47.587,12.06688,12.0697,0.00,0.00
2015.05.20 07:15:47.916,12.06688,12.06994,0.00,0.00
2015.05.20 07:15:49.282,12.06688,12.06972,0.00,0.00
2015.05.20 07:15:49.482,12.06688,12.06987,0.00,0.00
2015.05.20 07:15:54.341,12.06688,12.06967,0.00,0.00
2015.05.20 07:15:54.392,12.06639,12.06961,0.00,0.00
2015.05.20 07:15:54.443,12.06639,12.06933,0.00,0.00
2015.05.20 07:15:54.493,12.06589,12.06894,0.00,0.00
2015.05.20 07:15:54.943,12.06638,12.06893,0.00,0.00
2015.05.20 07:15:55.044,12.06588,12.06893,0.00,0.00
2015.05.20 07:15:55.097,12.06604,12.06912,0.00,0.00
2015.05.20 07:15:55.197,12.06618,12.06912,0.00,0.00
2015.05.20 07:15:55.509,12.06688,12.06994,0.00,0.00
2015.05.20 07:15:58.401,12.06688,12.06984,0.00,0.00
2015.05.20 07:15:59.503,12.06688,12.06993,0.00,0.00
2015.05.20 07:15:59.703,12.06688,12.06981,0.00,0.00
2015.05.20 07:15:59.808,12.06688,12.06993,0.00,0.00
2015.05.20 07:16:00.553,12.06738,12.07044,0.00,0.00
2015.05.20 07:16:00.654,12.06789,12.07094,0.00,0.00
2015.05.20 07:16:01.708,12.06789,12.07087,0.00,0.00
2015.05.20 07:16:03.311,12.06789,12.07071,0.00,0.00
2015.05.20 07:16:03.612,12.06789,12.07086,0.00,0.00
2015.05.20 07:16:03.743,12.06789,12.0707,0.00,0.00
2015.05.20 07:16:04.546,12.06789,12.07086,0.00,0.00
2015.05.20 07:16:05.120,12.06789,12.07087,0.00,0.00
2015.05.20 07:16:06.123,12.06789,12.07094,0.00,0.00
2015.05.20 07:16:07.567,12.06764,12.07062,0.00,0.00
2015.05.20 07:16:07.819,12.06688,12.07012,0.00,0.00
2015.05.20 07:16:07.869,12.06688,12.06994,0.00,0.00
2015.05.20 07:16:08.987,12.06738,12.06994,0.00,0.00
2015.05.20 07:16:09.038,12.06738,12.07014,0.00,0.00
2015.05.20 07:16:09.138,12.06738,12.07024,0.00,0.00
2015.05.20 07:16:09.263,12.06738,12.07044,0.00,0.00
2015.05.20 07:16:09.422,12.06714,12.07011,0.00,0.00
2015.05.20 07:16:09.551,12.06689,12.07001,0.00,0.00
2015.05.20 07:16:09.737,12.06689,12.06979,0.00,0.00
2015.05.20 07:16:10.438,12.06689,12.06994,0.00,0.00
2015.05.20 07:16:11.162,12.06694,12.07001,0.00,0.00
2015.05.20 07:16:11.263,12.06689,12.07001,0.00,0.00
2015.05.20 07:16:11.340,12.06689,12.0698,0.00,0.00
2015.05.20 07:16:11.641,12.06689,12.06994,0.00,0.00
2015.05.20 07:16:12.611,12.06739,12.06994,0.00,0.00
2015.05.20 07:16:12.662,12.06739,12.07034,0.00,0.00
2015.05.20 07:16:12.763,12.06739,12.07043,0.00,0.00
2015.05.20 07:16:13.381,12.06788,12.07043,0.00,0.00
2015.05.20 07:16:13.563,12.06788,12.07053,0.00,0.00
2015.05.20 07:16:13.762,12.06788,12.07081,0.00,0.00
2015.05.20 07:16:13.947,12.06788,12.07049,0.00,0.00
2015.05.20 07:16:14.601,12.06738,12.07049,0.00,0.00
2015.05.20 07:16:14.652,12.06738,12.07052,0.00,0.00
2015.05.20 07:16:14.752,12.06738,12.07048,0.00,0.00
2015.05.20 07:16:15.072,12.06788,12.07011,0.00,0.00
2015.05.20 07:16:15.172,12.06738,12.07011,0.00,0.00
2015.05.20 07:16:15.273,12.06738,12.07038,0.00,0.00
2015.05.20 07:16:15.649,12.06738,12.07027,0.00,0.00
2015.05.20 07:16:17.152,12.06738,12.07039,0.00,0.00
2015.05.20 07:16:17.653,12.06738,12.07027,0.00,0.00
2015.05.20 07:16:18.764,12.06738,12.07012,0.00,0.00
2015.05.20 07:16:18.915,12.06689,12.06981,0.00,0.00
2015.05.20 07:16:18.966,12.06689,12.06971,0.00,0.00
2015.05.20 07:16:19.257,12.06689,12.0698,0.00,0.00
2015.05.20 07:16:19.357,12.06689,12.06965,0.00,0.00
2015.05.20 07:16:19.657,12.06689,12.0698,0.00,0.00
2015.05.20 07:16:20.352,12.0665,12.06951,0.00,0.00
2015.05.20 07:16:20.459,12.06639,12.06939,0.00,0.00
2015.05.20 07:16:20.760,12.06639,12.06924,0.00,0.00
2015.05.20 07:16:20.860,12.06639,12.06939,0.00,0.00
2015.05.20 07:16:30.546,12.06588,12.06902,0.00,0.00
2015.05.20 07:16:30.889,12.06588,12.06897,0.00,0.00
2015.05.20 07:16:31.220,12.06588,12.06884,0.00,0.00
2015.05.20 07:16:31.278,12.06603,12.06902,0.00,0.00
2015.05.20 07:16:31.910,12.06588,12.06902,0.00,0.00
2015.05.20 07:16:32.783,12.06602,12.06902,0.00,0.00
2015.05.20 07:16:33.586,12.06589,12.06902,0.00,0.00
2015.05.20 07:16:33.987,12.06604,12.06902,0.00,0.00
2015.05.20 07:16:34.124,12.06588,12.06899,0.00,0.00
2015.05.20 07:16:34.288,12.06596,12.06902,0.00,0.00
2015.05.20 07:16:34.489,12.06588,12.06902,0.00,0.00
2015.05.20 07:16:34.590,12.06588,12.06899,0.00,0.00
2015.05.20 07:16:34.690,12.06588,12.06902,0.00,0.00
2015.05.20 07:16:34.790,12.06609,12.06902,0.00,0.00
2015.05.20 07:16:35.271,12.06639,12.06939,0.00,0.00
2015.05.20 07:16:36.394,12.06639,12.06912,0.00,0.00
2015.05.20 07:16:36.610,12.06639,12.06928,0.00,0.00
2015.05.20 07:16:36.940,12.06639,12.06911,0.00,0.00
2015.05.20 07:16:37.601,12.06639,12.06926,0.00,0.00
2015.05.20 07:16:38.811,12.06589,12.06901,0.00,0.00
2015.05.20 07:16:38.912,12.06589,12.06885,0.00,0.00
2015.05.20 07:16:39.400,12.06589,12.06871,0.00,0.00
2015.05.20 07:16:39.636,12.06589,12.06887,0.00,0.00
2015.05.20 07:16:40.502,12.06589,12.06872,0.00,0.00
2015.05.20 07:16:41.004,12.06589,12.06888,0.00,0.00
2015.05.20 07:16:41.101,12.06689,12.06888,0.00,0.00
2015.05.20 07:16:41.151,12.06689,12.06908,0.00,0.00
2015.05.20 07:16:41.252,12.06638,12.06899,0.00,0.00
2015.05.20 07:16:41.353,12.06638,12.06938,0.00,0.00
2015.05.20 07:16:41.405,12.06638,12.06911,0.00,0.00
2015.05.20 07:16:41.656,12.06638,12.06947,0.00,0.00
2015.05.20 07:16:41.707,12.0664,12.06952,0.00,0.00
2015.05.20 07:16:41.806,12.06638,12.06952,0.00,0.00
2015.05.20 07:16:41.981,12.06689,12.06953,0.00,0.00
2015.05.20 07:16:42.032,12.06689,12.06978,0.00,0.00
2015.05.20 07:16:42.608,12.06689,12.06963,0.00,0.00
2015.05.20 07:16:43.009,12.06689,12.06979,0.00,0.00
2015.05.20 07:16:43.378,12.06689,12.06952,0.00,0.00
2015.05.20 07:16:43.611,12.06689,12.06974,0.00,0.00
2015.05.20 07:16:43.821,12.06689,12.06989,0.00,0.00
2015.05.20 07:16:45.774,12.06689,12.06958,0.00,0.00
2015.05.20 07:16:46.434,12.06689,12.06989,0.00,0.00
2015.05.20 07:16:50.125,12.06689,12.06977,0.00,0.00
2015.05.20 07:16:50.626,12.06689,12.06988,0.00,0.00
2015.05.20 07:16:51.827,12.06689,12.06976,0.00,0.00
2015.05.20 07:16:52.629,12.06689,12.06989,0.00,0.00
2015.05.20 07:16:53.037,12.06689,12.06977,0.00,0.00
2015.05.20 07:16:53.630,12.06689,12.06988,0.00,0.00
2015.05.20 07:16:53.731,12.06689,12.06978,0.00,0.00
2015.05.20 07:16:53.782,12.06648,12.06952,0.00,0.00
2015.05.20 07:16:53.832,12.06638,12.06938,0.00,0.00
2015.05.20 07:16:53.933,12.06588,12.06889,0.00,0.00
2015.05.20 07:16:58.852,12.06638,12.06908,0.00,0.00
2015.05.20 07:16:59.061,12.06688,12.06989,0.00,0.00
2015.05.20 07:16:59.140,12.06688,12.06976,0.00,0.00
2015.05.20 07:16:59.393,12.06688,12.06989,0.00,0.00
2015.05.20 07:17:00.381,12.06738,12.06989,0.00,0.00
2015.05.20 07:17:00.481,12.06788,12.07041,0.00,0.00
2015.05.20 07:17:00.590,12.06788,12.07059,0.00,0.00
2015.05.20 07:17:00.642,12.06788,12.07077,0.00,0.00
2015.05.20 07:17:01.467,12.06788,12.07051,0.00,0.00
2015.05.20 07:17:01.645,12.06788,12.07066,0.00,0.00
2015.05.20 07:17:02.450,12.06788,12.0705,0.00,0.00
2015.05.20 07:17:02.551,12.06788,12.07066,0.00,0.00
2015.05.20 07:17:02.651,12.06788,12.07081,0.00,0.00
2015.05.20 07:17:03.653,12.06788,12.07066,0.00,0.00
2015.05.20 07:17:03.954,12.06788,12.0705,0.00,0.00
2015.05.20 07:17:04.559,12.06788,12.07038,0.00,0.00
2015.05.20 07:17:04.660,12.0671,12.07002,0.00,0.00
2015.05.20 07:17:04.817,12.06688,12.07002,0.00,0.00
2015.05.20 07:17:04.868,12.0669,12.07002,0.00,0.00
2015.05.20 07:17:05.240,12.06688,12.06993,0.00,0.00
2015.05.20 07:17:05.561,12.0669,12.07002,0.00,0.00
2015.05.20 07:17:06.163,12.06688,12.06984,0.00,0.00
2015.05.20 07:17:06.563,12.06688,12.06973,0.00,0.00
2015.05.20 07:17:06.704,12.06688,12.06989,0.00,0.00
2015.05.20 07:17:07.566,12.06688,12.06975,0.00,0.00
2015.05.20 07:17:09.675,12.06688,12.06987,0.00,0.00
2015.05.20 07:17:10.475,12.06688,12.06972,0.00,0.00
2015.05.20 07:17:10.572,12.06688,12.06987,0.00,0.00
2015.05.20 07:17:12.275,12.06688,12.06972,0.00,0.00
2015.05.20 07:17:12.676,12.06688,12.06986,0.00,0.00
2015.05.20 07:17:15.420,12.06658,12.06952,0.00,0.00
2015.05.20 07:17:15.521,12.06641,12.06952,0.00,0.00
2015.05.20 07:17:15.581,12.06638,12.06925,0.00,0.00
2015.05.20 07:17:15.681,12.06588,12.06888,0.00,0.00
2015.05.20 07:17:17.985,12.06588,12.06878,0.00,0.00
2015.05.20 07:17:18.686,12.06588,12.06889,0.00,0.00
2015.05.20 07:17:19.287,12.06588,12.06876,0.00,0.00
2015.05.20 07:17:19.688,12.06588,12.06888,0.00,0.00
2015.05.20 07:17:25.153,12.06588,12.06829,0.00,0.00
2015.05.20 07:17:25.254,12.06538,12.06789,0.00,0.00
2015.05.20 07:17:25.355,12.06471,12.06762,0.00,0.00
2015.05.20 07:17:25.405,12.06438,12.06679,0.00,0.00
2015.05.20 07:17:25.667,12.06409,12.06679,0.00,0.00
2015.05.20 07:17:25.718,12.06389,12.06529,0.00,0.00
2015.05.20 07:17:25.768,12.06327,12.06529,0.00,0.00
2015.05.20 07:17:25.819,12.06292,12.06529,0.00,0.00
2015.05.20 07:17:25.919,12.06288,12.06529,0.00,0.00
2015.05.20 07:17:26.020,12.06388,12.06529,0.00,0.00
2015.05.20 07:17:26.502,12.06388,12.06628,0.00,0.00
2015.05.20 07:17:32.171,12.06438,12.06628,0.00,0.00
2015.05.20 07:17:32.221,12.06438,12.06678,0.00,0.00
2015.05.20 07:17:32.272,12.06489,12.06678,0.00,0.00
2015.05.20 07:17:33.518,12.06489,12.06728,0.00,0.00
2015.05.20 07:17:35.199,12.06489,12.06778,0.00,0.00
2015.05.20 07:17:35.249,12.06538,12.06778,0.00,0.00
2015.05.20 07:17:35.350,12.06488,12.06778,0.00,0.00
2015.05.20 07:17:36.591,12.06488,12.06728,0.00,0.00
2015.05.20 07:17:38.797,12.06488,12.06778,0.00,0.00
2015.05.20 07:17:38.898,12.06538,12.06778,0.00,0.00
2015.05.20 07:17:39.236,12.06589,12.06778,0.00,0.00
2015.05.20 07:17:40.219,12.06589,12.06828,0.00,0.00
2015.05.20 07:17:42.482,12.06533,12.06801,0.00,0.00
2015.05.20 07:17:42.532,12.06533,12.06729,0.00,0.00
2015.05.20 07:17:42.583,12.06521,12.06729,0.00,0.00
2015.05.20 07:17:42.717,12.06589,12.06729,0.00,0.00
2015.05.20 07:17:43.189,12.06589,12.06829,0.00,0.00
2015.05.20 07:17:49.411,12.0653,12.06801,0.00,0.00
2015.05.20 07:17:49.462,12.06489,12.06728,0.00,0.00
2015.05.20 07:17:59.199,12.06538,12.06728,0.00,0.00
2015.05.20 07:17:59.249,12.06538,12.06778,0.00,0.00
2015.05.20 07:17:59.350,12.06588,12.06778,0.00,0.00
2015.05.20 07:18:00.149,12.06588,12.06879,0.00,0.00
2015.05.20 07:18:00.199,12.06689,12.06879,0.00,0.00
2015.05.20 07:18:00.367,12.06721,12.06974,0.00,0.00
2015.05.20 07:18:00.488,12.06689,12.06974,0.00,0.00
2015.05.20 07:18:01.691,12.06689,12.06949,0.00,0.00
2015.05.20 07:18:01.891,12.06689,12.06963,0.00,0.00
2015.05.20 07:18:02.168,12.06638,12.06952,0.00,0.00
2015.05.20 07:18:02.219,12.06638,12.06949,0.00,0.00
2015.05.20 07:18:02.704,12.06688,12.06977,0.00,0.00
2015.05.20 07:18:03.034,12.06688,12.06961,0.00,0.00
2015.05.20 07:18:03.364,12.06688,12.06949,0.00,0.00
2015.05.20 07:18:03.497,12.06688,12.0696,0.00,0.00
2015.05.20 07:18:03.755,12.06688,12.06976,0.00,0.00
2015.05.20 07:18:03.812,12.06688,12.0696,0.00,0.00
2015.05.20 07:18:04.014,12.06688,12.06977,0.00,0.00
2015.05.20 07:18:04.516,12.06688,12.06949,0.00,0.00
2015.05.20 07:18:04.817,12.06688,12.06961,0.00,0.00
2015.05.20 07:18:05.820,12.06688,12.06973,0.00,0.00
2015.05.20 07:18:06.823,12.06688,12.06959,0.00,0.00
2015.05.20 07:18:07.196,12.06688,12.06923,0.00,0.00
2015.05.20 07:18:07.665,12.06688,12.06943,0.00,0.00
2015.05.20 07:18:07.724,12.06615,12.06902,0.00,0.00
2015.05.20 07:18:07.829,12.06588,12.06859,0.00,0.00
2015.05.20 07:18:08.296,12.06588,12.06848,0.00,0.00
2015.05.20 07:18:08.533,12.06588,12.06875,0.00,0.00
2015.05.20 07:18:08.834,12.06588,12.06854,0.00,0.00
2015.05.20 07:18:10.337,12.06588,12.06864,0.00,0.00
2015.05.20 07:18:10.880,12.06588,12.0685,0.00,0.00
2015.05.20 07:18:12.741,12.06588,12.06866,0.00,0.00
2015.05.20 07:18:12.842,12.06639,12.06866,0.00,0.00
2015.05.20 07:18:12.968,12.06639,12.06904,0.00,0.00
2015.05.20 07:18:13.342,12.06639,12.06915,0.00,0.00
2015.05.20 07:18:14.287,12.06639,12.06898,0.00,0.00
2015.05.20 07:18:15.700,12.06688,12.06898,0.00,0.00
2015.05.20 07:18:15.901,12.06688,12.06932,0.00,0.00
2015.05.20 07:18:16.190,12.06688,12.06919,0.00,0.00
2015.05.20 07:18:17.259,12.06688,12.06936,0.00,0.00
2015.05.20 07:18:17.660,12.06688,12.06945,0.00,0.00
2015.05.20 07:18:17.761,12.06688,12.06966,0.00,0.00
2015.05.20 07:18:18.500,12.06688,12.06949,0.00,0.00
2015.05.20 07:18:18.907,12.06688,12.06909,0.00,0.00
2015.05.20 07:18:19.765,12.06688,12.06923,0.00,0.00
2015.05.20 07:18:20.496,12.06688,12.06908,0.00,0.00
2015.05.20 07:18:20.811,12.06688,12.06924,0.00,0.00
2015.05.20 07:18:22.069,12.06688,12.06966,0.00,0.00
2015.05.20 07:18:22.269,12.06688,12.0695,0.00,0.00
2015.05.20 07:18:22.792,12.06688,12.06966,0.00,0.00
2015.05.20 07:18:23.572,12.06688,12.06948,0.00,0.00
2015.05.20 07:18:24.575,12.06688,12.06939,0.00,0.00
2015.05.20 07:18:24.907,12.06688,12.0691,0.00,0.00
2015.05.20 07:18:24.957,12.06611,12.06901,0.00,0.00
2015.05.20 07:18:25.008,12.06589,12.06901,0.00,0.00
2015.05.20 07:18:25.109,12.06589,12.06866,0.00,0.00
2015.05.20 07:18:25.551,12.06688,12.06916,0.00,0.00
2015.05.20 07:18:25.602,12.06688,12.06989,0.00,0.00
2015.05.20 07:18:25.702,12.06688,12.06972,0.00,0.00
2015.05.20 07:18:25.978,12.06688,12.06988,0.00,0.00
2015.05.20 07:18:26.980,12.06688,12.0696,0.00,0.00
2015.05.20 07:18:27.181,12.06688,12.06988,0.00,0.00
2015.05.20 07:18:27.481,12.06688,12.0696,0.00,0.00
2015.05.20 07:18:27.808,12.06688,12.06975,0.00,0.00
2015.05.20 07:18:28.785,12.06688,12.06988,0.00,0.00
2015.05.20 07:18:29.786,12.06688,12.06976,0.00,0.00
2015.05.20 07:18:30.188,12.06688,12.06966,0.00,0.00
2015.05.20 07:18:31.779,12.06739,12.06966,0.00,0.00
2015.05.20 07:18:31.830,12.06739,12.06989,0.00,0.00
2015.05.20 07:18:31.891,12.06739,12.06998,0.00,0.00
2015.05.20 07:18:31.996,12.06739,12.07039,0.00,0.00
2015.05.20 07:18:32.793,12.06739,12.07025,0.00,0.00
2015.05.20 07:18:33.194,12.06739,12.07003,0.00,0.00
2015.05.20 07:18:34.496,12.06739,12.07026,0.00,0.00
2015.05.20 07:18:34.547,12.06698,12.07001,0.00,0.00
2015.05.20 07:18:34.648,12.06689,12.07001,0.00,0.00
2015.05.20 07:18:34.698,12.06689,12.06959,0.00,0.00
2015.05.20 07:18:35.398,12.06689,12.06986,0.00,0.00
2015.05.20 07:18:35.798,12.06689,12.06971,0.00,0.00
2015.05.20 07:18:35.898,12.06689,12.06987,0.00,0.00
2015.05.20 07:18:36.176,12.06738,12.06987,0.00,0.00
2015.05.20 07:18:36.327,12.06738,12.06999,0.00,0.00
2015.05.20 07:18:36.427,12.06688,12.06989,0.00,0.00
2015.05.20 07:18:36.528,12.06688,12.06961,0.00,0.00
2015.05.20 07:18:36.600,12.06688,12.06989,0.00,0.00
2015.05.20 07:18:36.901,12.06688,12.06962,0.00,0.00
2015.05.20 07:18:37.202,12.06688,12.06974,0.00,0.00
2015.05.20 07:18:37.703,12.06688,12.06958,0.00,0.00
2015.05.20 07:18:38.088,12.06639,12.06936,0.00,0.00
2015.05.20 07:18:38.139,12.06639,12.06939,0.00,0.00
2015.05.20 07:18:38.189,12.06689,12.06939,0.00,0.00
2015.05.20 07:18:38.290,12.06639,12.06939,0.00,0.00
2015.05.20 07:18:38.340,12.06639,12.0692,0.00,0.00
2015.05.20 07:18:38.653,12.06639,12.06939,0.00,0.00
2015.05.20 07:18:38.816,12.06639,12.06921,0.00,0.00
2015.05.20 07:18:39.808,12.06639,12.06935,0.00,0.00
2015.05.20 07:18:43.308,12.06688,12.06935,0.00,0.00
2015.05.20 07:18:43.459,12.06688,12.06948,0.00,0.00
2015.05.20 07:18:44.189,12.0662,12.06901,0.00,0.00
2015.05.20 07:18:44.340,12.06589,12.06901,0.00,0.00
2015.05.20 07:18:44.441,12.06639,12.06917,0.00,0.00
2015.05.20 07:18:44.868,12.06639,12.06938,0.00,0.00
2015.05.20 07:18:45.618,12.0661,12.06901,0.00,0.00
2015.05.20 07:18:45.769,12.06589,12.06901,0.00,0.00
2015.05.20 07:18:46.221,12.066,12.06901,0.00,0.00
2015.05.20 07:18:47.125,12.06589,12.06901,0.00,0.00
2015.05.20 07:18:47.426,12.06589,12.06878,0.00,0.00
2015.05.20 07:18:47.840,12.06589,12.06888,0.00,0.00
2015.05.20 07:18:49.133,12.06589,12.06876,0.00,0.00
2015.05.20 07:18:49.434,12.06589,12.06889,0.00,0.00
2015.05.20 07:18:49.678,12.06589,12.06875,0.00,0.00
2015.05.20 07:18:49.835,12.06589,12.06887,0.00,0.00
2015.05.20 07:18:51.761,12.06589,12.06872,0.00,0.00
2015.05.20 07:18:52.639,12.06589,12.06887,0.00,0.00
2015.05.20 07:18:53.940,12.06589,12.0687,0.00,0.00
2015.05.20 07:18:54.327,12.06589,12.06828,0.00,0.00
2015.05.20 07:19:13.361,12.06589,12.06779,0.00,0.00
2015.05.20 07:19:13.461,12.06488,12.06779,0.00,0.00
2015.05.20 07:19:13.578,12.06488,12.06771,0.00,0.00
2015.05.20 07:19:13.687,12.06488,12.06779,0.00,0.00
2015.05.20 07:19:14.818,12.06488,12.06729,0.00,0.00
2015.05.20 07:19:29.507,12.0646,12.06701,0.00,0.00
2015.05.20 07:19:29.809,12.06389,12.06629,0.00,0.00
2015.05.20 07:19:44.586,12.06339,12.06629,0.00,0.00
2015.05.20 07:19:44.637,12.06339,12.06578,0.00,0.00
2015.05.20 07:19:45.805,12.06309,12.06578,0.00,0.00
2015.05.20 07:19:45.905,12.06288,12.06578,0.00,0.00
2015.05.20 07:19:45.956,12.06288,12.06528,0.00,0.00
2015.05.20 07:19:48.796,12.0625,12.06478,0.00,0.00
2015.05.20 07:19:48.846,12.06238,12.06478,0.00,0.00
2015.05.20 07:19:50.865,12.06288,12.06528,0.00,0.00
2015.05.20 07:19:53.394,12.06259,12.06479,0.00,0.00
2015.05.20 07:19:53.931,12.06289,12.06479,0.00,0.00
2015.05.20 07:19:54.796,12.06289,12.06529,0.00,0.00
2015.05.20 07:20:00.435,12.06339,12.06579,0.00,0.00
2015.05.20 07:20:00.779,12.06388,12.06579,0.00,0.00
2015.05.20 07:20:01.878,12.06388,12.06628,0.00,0.00
2015.05.20 07:20:22.409,12.06388,12.06679,0.00,0.00
2015.05.20 07:20:22.560,12.06438,12.06679,0.00,0.00
2015.05.20 07:20:23.079,12.06488,12.06679,0.00,0.00
2015.05.20 07:20:23.838,12.06488,12.06729,0.00,0.00
2015.05.20 07:20:28.487,12.06539,12.06779,0.00,0.00
2015.05.20 07:20:28.843,12.06588,12.06779,0.00,0.00
2015.05.20 07:20:28.944,12.06588,12.06888,0.00,0.00
2015.05.20 07:20:29.095,12.06588,12.06866,0.00,0.00
2015.05.20 07:20:29.148,12.06588,12.06888,0.00,0.00
2015.05.20 07:20:32.908,12.06588,12.06877,0.00,0.00
2015.05.20 07:20:33.061,12.06588,12.06889,0.00,0.00
2015.05.20 07:20:33.576,12.06588,12.06875,0.00,0.00
2015.05.20 07:20:34.187,12.06588,12.06859,0.00,0.00
2015.05.20 07:20:49.808,12.06588,12.06826,0.00,0.00
2015.05.20 07:20:49.859,12.06538,12.06826,0.00,0.00
2015.05.20 07:20:50.194,12.06538,12.06839,0.00,0.00
2015.05.20 07:20:53.108,12.06589,12.06839,0.00,0.00
2015.05.20 07:20:53.199,12.06589,12.06868,0.00,0.00
2015.05.20 07:20:53.438,12.06589,12.06888,0.00,0.00
2015.05.20 07:20:53.699,12.06589,12.06866,0.00,0.00
2015.05.20 07:20:54.016,12.06589,12.06848,0.00,0.00
2015.05.20 07:20:54.201,12.06589,12.06859,0.00,0.00
2015.05.20 07:20:59.108,12.06589,12.06831,0.00,0.00
2015.05.20 07:20:59.159,12.06538,12.06831,0.00,0.00
2015.05.20 07:20:59.615,12.06588,12.06869,0.00,0.00
2015.05.20 07:20:59.810,12.06588,12.06888,0.00,0.00
2015.05.20 07:21:00.077,12.0656,12.06851,0.00,0.00
2015.05.20 07:21:00.127,12.06539,12.06851,0.00,0.00
2015.05.20 07:21:00.210,12.06539,12.06839,0.00,0.00
2015.05.20 07:21:01.950,12.06588,12.06848,0.00,0.00
2015.05.20 07:21:03.116,12.06588,12.06839,0.00,0.00
2015.05.20 07:21:03.167,12.06538,12.06839,0.00,0.00
2015.05.20 07:21:03.268,12.06589,12.06859,0.00,0.00
2015.05.20 07:21:03.617,12.06589,12.06868,0.00,0.00
2015.05.20 07:21:03.718,12.06589,12.06888,0.00,0.00
2015.05.20 07:21:09.169,12.0666,12.06952,0.00,0.00
2015.05.20 07:21:09.278,12.06688,12.06988,0.00,0.00
2015.05.20 07:21:09.429,12.06688,12.06971,0.00,0.00
2015.05.20 07:21:09.529,12.06688,12.06987,0.00,0.00
2015.05.20 07:21:10.932,12.06688,12.06964,0.00,0.00
2015.05.20 07:21:11.238,12.06688,12.06958,0.00,0.00
2015.05.20 07:21:13.272,12.06688,12.06989,0.00,0.00
2015.05.20 07:21:16.136,12.06738,12.06989,0.00,0.00
2015.05.20 07:21:16.367,12.06789,12.07068,0.00,0.00
2015.05.20 07:21:16.468,12.06789,12.07049,0.00,0.00
2015.05.20 07:21:16.649,12.06789,12.07085,0.00,0.00
2015.05.20 07:21:16.749,12.06789,12.07053,0.00,0.00
2015.05.20 07:21:16.885,12.06789,12.07087,0.00,0.00
2015.05.20 07:21:17.250,12.06789,12.0706,0.00,0.00
2015.05.20 07:21:18.060,12.06789,12.07077,0.00,0.00
2015.05.20 07:21:19.054,12.06789,12.07058,0.00,0.00
2015.05.20 07:21:20.056,12.06789,12.07069,0.00,0.00
2015.05.20 07:21:20.356,12.06789,12.07055,0.00,0.00
2015.05.20 07:21:20.757,12.06789,12.07086,0.00,0.00
2015.05.20 07:21:21.065,12.06789,12.07055,0.00,0.00
2015.05.20 07:21:21.459,12.06789,12.07089,0.00,0.00
2015.05.20 07:21:23.562,12.06789,12.07079,0.00,0.00
2015.05.20 07:21:27.170,12.06789,12.07059,0.00,0.00
2015.05.20 07:21:28.072,12.06789,12.07071,0.00,0.00
2015.05.20 07:21:28.272,12.06789,12.07054,0.00,0.00
2015.05.20 07:21:28.624,12.06789,12.07036,0.00,0.00
2015.05.20 07:21:28.823,12.06789,12.0705,0.00,0.00
2015.05.20 07:21:28.874,12.06789,12.07069,0.00,0.00
2015.05.20 07:21:29.004,12.06789,12.07083,0.00,0.00
2015.05.20 07:21:30.114,12.06789,12.07066,0.00,0.00
2015.05.20 07:21:30.427,12.06789,12.07051,0.00,0.00
2015.05.20 07:21:30.677,12.06789,12.07078,0.00,0.00
2015.05.20 07:21:32.099,12.06789,12.07067,0.00,0.00
2015.05.20 07:21:33.091,12.06789,12.07078,0.00,0.00
2015.05.20 07:21:35.887,12.06789,12.07088,0.00,0.00
2015.05.20 07:21:37.890,12.06789,12.07072,0.00,0.00
2015.05.20 07:21:39.033,12.06789,12.07089,0.00,0.00
2015.05.20 07:21:47.405,12.06789,12.07073,0.00,0.00
2015.05.20 07:21:48.006,12.06789,12.07089,0.00,0.00
2015.05.20 07:21:49.905,12.06839,12.07089,0.00,0.00
2015.05.20 07:21:49.956,12.06839,12.07108,0.00,0.00
2015.05.20 07:21:50.057,12.06839,12.07148,0.00,0.00
2015.05.20 07:21:50.110,12.06859,12.07151,0.00,0.00
2015.05.20 07:21:50.160,12.06888,12.07189,0.00,0.00
2015.05.20 07:21:50.211,12.06888,12.0717,0.00,0.00
2015.05.20 07:21:50.428,12.06888,12.07188,0.00,0.00
2015.05.20 07:21:50.610,12.06889,12.07202,0.00,0.00
2015.05.20 07:21:50.711,12.06988,12.07229,0.00,0.00
2015.05.20 07:21:50.762,12.06988,12.07244,0.00,0.00
2015.05.20 07:21:50.911,12.06988,12.07281,0.00,0.00
2015.05.20 07:21:51.312,12.06988,12.07268,0.00,0.00
2015.05.20 07:21:51.749,12.06988,12.07252,0.00,0.00
2015.05.20 07:21:51.913,12.06988,12.07268,0.00,0.00
2015.05.20 07:21:52.414,12.06988,12.07252,0.00,0.00
2015.05.20 07:21:53.617,12.06988,12.07265,0.00,0.00
2015.05.20 07:21:54.620,12.06988,12.0728,0.00,0.00
2015.05.20 07:21:54.722,12.06989,12.07264,0.00,0.00
2015.05.20 07:21:54.994,12.06938,12.07231,0.00,0.00
2015.05.20 07:21:55.045,12.06938,12.07205,0.00,0.00
2015.05.20 07:21:55.095,12.06888,12.07202,0.00,0.00
2015.05.20 07:21:55.146,12.06888,12.07168,0.00,0.00
2015.05.20 07:21:55.322,12.06939,12.07229,0.00,0.00
2015.05.20 07:21:55.423,12.06939,12.07207,0.00,0.00
2015.05.20 07:21:55.522,12.06939,12.07229,0.00,0.00
2015.05.20 07:21:56.505,12.06989,12.07229,0.00,0.00
2015.05.20 07:21:56.703,12.06989,12.07248,0.00,0.00
2015.05.20 07:21:57.276,12.06939,12.07248,0.00,0.00
2015.05.20 07:21:57.327,12.06939,12.07231,0.00,0.00
2015.05.20 07:21:57.677,12.06939,12.07201,0.00,0.00
2015.05.20 07:21:57.827,12.06939,12.07231,0.00,0.00
2015.05.20 07:21:58.128,12.06939,12.07239,0.00,0.00
2015.05.20 07:21:58.179,12.06988,12.07239,0.00,0.00
2015.05.20 07:21:58.350,12.06988,12.07269,0.00,0.00
2015.05.20 07:21:58.628,12.06988,12.07251,0.00,0.00
2015.05.20 07:21:59.579,12.06988,12.07231,0.00,0.00
2015.05.20 07:21:59.629,12.06939,12.07231,0.00,0.00
2015.05.20 07:22:00.027,12.06988,12.07231,0.00,0.00
2015.05.20 07:22:00.078,12.06988,12.07243,0.00,0.00
2015.05.20 07:22:00.233,12.06988,12.0726,0.00,0.00
2015.05.20 07:22:00.333,12.06988,12.07271,0.00,0.00
2015.05.20 07:22:01.178,12.06988,12.07258,0.00,0.00
2015.05.20 07:22:06.044,12.06988,12.07278,0.00,0.00
2015.05.20 07:22:06.345,12.06988,12.07263,0.00,0.00
2015.05.20 07:22:07.146,12.06988,12.0725,0.00,0.00
2015.05.20 07:22:07.546,12.06988,12.07264,0.00,0.00
2015.05.20 07:22:09.550,12.06988,12.07279,0.00,0.00
2015.05.20 07:22:21.145,12.07038,12.07279,0.00,0.00
2015.05.20 07:22:21.195,12.07062,12.07352,0.00,0.00
2015.05.20 07:22:21.296,12.07111,12.07352,0.00,0.00
2015.05.20 07:22:21.397,12.07138,12.07439,0.00,0.00
2015.05.20 07:22:21.498,12.07138,12.0743,0.00,0.00
2015.05.20 07:22:21.865,12.07138,12.074,0.00,0.00
2015.05.20 07:22:21.915,12.07138,12.07424,0.00,0.00
2015.05.20 07:22:22.016,12.07138,12.07408,0.00,0.00
2015.05.20 07:22:22.073,12.07138,12.07423,0.00,0.00
2015.05.20 07:22:22.473,12.07138,12.07409,0.00,0.00
2015.05.20 07:22:22.874,12.07138,12.07452,0.00,0.00
2015.05.20 07:22:22.924,12.07189,12.07463,0.00,0.00
2015.05.20 07:22:23.416,12.07189,12.07451,0.00,0.00
2015.05.20 07:22:23.575,12.07189,12.07465,0.00,0.00
2015.05.20 07:22:23.676,12.07189,12.0745,0.00,0.00
2015.05.20 07:22:24.334,12.07138,12.0745,0.00,0.00
2015.05.20 07:22:24.385,12.07138,12.07439,0.00,0.00
2015.05.20 07:22:24.707,12.07138,12.07411,0.00,0.00
2015.05.20 07:22:24.877,12.07138,12.07426,0.00,0.00
2015.05.20 07:22:25.121,12.07138,12.07411,0.00,0.00
2015.05.20 07:22:25.679,12.07138,12.074,0.00,0.00
2015.05.20 07:22:26.079,12.07138,12.07412,0.00,0.00
2015.05.20 07:22:27.326,12.07138,12.074,0.00,0.00
2015.05.20 07:22:28.083,12.07138,12.07413,0.00,0.00
2015.05.20 07:22:28.185,12.07138,12.07452,0.00,0.00
2015.05.20 07:22:28.235,12.07188,12.07463,0.00,0.00
2015.05.20 07:22:28.584,12.07188,12.0744,0.00,0.00
2015.05.20 07:22:29.018,12.07139,12.07354,0.00,0.00
2015.05.20 07:22:29.069,12.07088,12.07354,0.00,0.00
2015.05.20 07:22:30.388,12.07038,12.07352,0.00,0.00
2015.05.20 07:22:30.439,12.07038,12.07341,0.00,0.00
2015.05.20 07:22:30.861,12.07088,12.07376,0.00,0.00
2015.05.20 07:22:31.329,12.07088,12.07349,0.00,0.00
2015.05.20 07:22:31.691,12.07088,12.07318,0.00,0.00
2015.05.20 07:22:31.742,12.07038,12.07318,0.00,0.00
2015.05.20 07:22:31.843,12.07088,12.07318,0.00,0.00
2015.05.20 07:22:31.992,12.07088,12.07349,0.00,0.00
2015.05.20 07:22:33.094,12.07088,12.07333,0.00,0.00
2015.05.20 07:22:34.797,12.07088,12.07357,0.00,0.00
2015.05.20 07:22:34.898,12.07038,12.07309,0.00,0.00
2015.05.20 07:22:34.999,12.07047,12.07352,0.00,0.00
2015.05.20 07:22:35.049,12.07088,12.07375,0.00,0.00
2015.05.20 07:22:35.198,12.07088,12.0738,0.00,0.00
2015.05.20 07:22:35.999,12.07088,12.07349,0.00,0.00
2015.05.20 07:22:36.500,12.07088,12.07379,0.00,0.00
2015.05.20 07:22:36.902,12.07088,12.07389,0.00,0.00
2015.05.20 07:22:37.203,12.07088,12.07374,0.00,0.00
2015.05.20 07:22:37.721,12.07088,12.07363,0.00,0.00
2015.05.20 07:22:38.307,12.07139,12.07363,0.00,0.00
2015.05.20 07:22:38.408,12.07139,12.07399,0.00,0.00
2015.05.20 07:22:38.458,12.07189,12.07402,0.00,0.00
2015.05.20 07:22:38.508,12.07189,12.07422,0.00,0.00
2015.05.20 07:22:38.608,12.07189,12.07439,0.00,0.00
2015.05.20 07:22:38.708,12.07189,12.0742,0.00,0.00
2015.05.20 07:22:38.842,12.07189,12.07438,0.00,0.00
2015.05.20 07:22:38.909,12.07189,12.07415,0.00,0.00
2015.05.20 07:22:39.009,12.07189,12.07425,0.00,0.00
2015.05.20 07:22:39.410,12.07189,12.07409,0.00,0.00
2015.05.20 07:22:40.212,12.07189,12.07431,0.00,0.00
2015.05.20 07:22:41.815,12.07189,12.07451,0.00,0.00
2015.05.20 07:22:44.614,12.07189,12.07418,0.00,0.00
2015.05.20 07:22:44.714,12.07088,12.07398,0.00,0.00
2015.05.20 07:22:44.765,12.07088,12.07385,0.00,0.00
2015.05.20 07:22:45.525,12.07088,12.07372,0.00,0.00
2015.05.20 07:22:45.926,12.07088,12.07389,0.00,0.00
2015.05.20 07:22:46.126,12.07088,12.07383,0.00,0.00
2015.05.20 07:22:46.474,12.07088,12.07372,0.00,0.00
2015.05.20 07:22:47.230,12.07088,12.07365,0.00,0.00
2015.05.20 07:22:47.330,12.07088,12.0739,0.00,0.00
2015.05.20 07:22:47.631,12.07088,12.07381,0.00,0.00
2015.05.20 07:22:48.332,12.07088,12.0739,0.00,0.00
2015.05.20 07:22:48.432,12.07088,12.07402,0.00,0.00
2015.05.20 07:22:48.533,12.07088,12.0736,0.00,0.00
2015.05.20 07:22:48.890,12.07088,12.07402,0.00,0.00
2015.05.20 07:22:49.034,12.07088,12.07398,0.00,0.00
2015.05.20 07:22:50.337,12.07088,12.07365,0.00,0.00
2015.05.20 07:22:50.655,12.07088,12.07391,0.00,0.00
2015.05.20 07:22:50.870,12.07088,12.0736,0.00,0.00
2015.05.20 07:22:50.971,12.07038,12.07352,0.00,0.00
2015.05.20 07:22:51.139,12.07038,12.07319,0.00,0.00
2015.05.20 07:22:51.240,12.07038,12.0734,0.00,0.00
2015.05.20 07:22:51.641,12.07038,12.07316,0.00,0.00
2015.05.20 07:22:52.242,12.07038,12.07332,0.00,0.00
2015.05.20 07:22:52.293,12.07004,12.07301,0.00,0.00
2015.05.20 07:22:52.394,12.06988,12.07298,0.00,0.00
2015.05.20 07:22:52.936,12.07039,12.07298,0.00,0.00
2015.05.20 07:22:53.119,12.07039,12.07341,0.00,0.00
2015.05.20 07:22:54.254,12.07089,12.07341,0.00,0.00
2015.05.20 07:22:54.396,12.07089,12.07358,0.00,0.00
2015.05.20 07:22:54.497,12.07089,12.07391,0.00,0.00
2015.05.20 07:22:54.847,12.07089,12.07365,0.00,0.00
2015.05.20 07:22:55.171,12.07089,12.07391,0.00,0.00
2015.05.20 07:22:57.986,12.07089,12.07379,0.00,0.00
2015.05.20 07:22:58.412,12.07089,12.07345,0.00,0.00
2015.05.20 07:22:58.655,12.07038,12.07345,0.00,0.00
2015.05.20 07:22:58.705,12.07038,12.07318,0.00,0.00
2015.05.20 07:22:59.008,12.06989,12.07249,0.00,0.00
2015.05.20 07:22:59.454,12.06941,12.07249,0.00,0.00
2015.05.20 07:22:59.574,12.06938,12.07209,0.00,0.00
2015.05.20 07:23:00.233,12.06938,12.07119,0.00,0.00
2015.05.20 07:23:00.446,12.0692,12.07119,0.00,0.00
2015.05.20 07:23:00.560,12.0689,12.07119,0.00,0.00
2015.05.20 07:23:00.611,12.0689,12.07078,0.00,0.00
2015.05.20 07:23:01.201,12.06888,12.07078,0.00,0.00
2015.05.20 07:23:01.957,12.06938,12.07078,0.00,0.00
2015.05.20 07:23:02.007,12.06938,12.07118,0.00,0.00
2015.05.20 07:23:03.606,12.06988,12.07118,0.00,0.00
2015.05.20 07:23:03.657,12.06988,12.07168,0.00,0.00
2015.05.20 07:23:07.277,12.06988,12.07189,0.00,0.00
2015.05.20 07:23:08.934,12.06962,12.07099,0.00,0.00
2015.05.20 07:23:08.985,12.06939,12.07099,0.00,0.00
2015.05.20 07:23:09.182,12.06889,12.07099,0.00,0.00
2015.05.20 07:23:09.476,12.06889,12.07169,0.00,0.00
2015.05.20 07:23:09.526,12.06938,12.07169,0.00,0.00
2015.05.20 07:23:09.577,12.06911,12.07169,0.00,0.00
2015.05.20 07:23:09.627,12.06891,12.07139,0.00,0.00
2015.05.20 07:23:09.834,12.0689,12.07188,0.00,0.00
2015.05.20 07:23:10.384,12.06888,12.07188,0.00,0.00
2015.05.20 07:23:10.485,12.06888,12.07183,0.00,0.00
2015.05.20 07:23:10.586,12.06888,12.07188,0.00,0.00
2015.05.20 07:23:11.453,12.06888,12.07197,0.00,0.00
2015.05.20 07:23:11.504,12.06918,12.07202,0.00,0.00
2015.05.20 07:23:11.850,12.06989,12.07269,0.00,0.00
2015.05.20 07:23:14.743,12.07038,12.07269,0.00,0.00
2015.05.20 07:23:14.793,12.07038,12.07347,0.00,0.00
2015.05.20 07:23:14.844,12.07089,12.07347,0.00,0.00
2015.05.20 07:23:14.894,12.07089,12.07369,0.00,0.00
2015.05.20 07:23:15.026,12.07089,12.07367,0.00,0.00
2015.05.20 07:23:15.193,12.07089,12.07369,0.00,0.00
2015.05.20 07:23:17.053,12.07068,12.07352,0.00,0.00
2015.05.20 07:23:17.154,12.07057,12.07352,0.00,0.00
2015.05.20 07:23:17.204,12.07057,12.07338,0.00,0.00
2015.05.20 07:23:17.296,12.07038,12.07338,0.00,0.00
2015.05.20 07:23:20.434,12.07088,12.07338,0.00,0.00
2015.05.20 07:23:20.485,12.07088,12.07346,0.00,0.00
2015.05.20 07:23:20.805,12.07088,12.07356,0.00,0.00
2015.05.20 07:23:23.337,12.07088,12.07379,0.00,0.00
2015.05.20 07:23:31.782,12.07139,12.07379,0.00,0.00
2015.05.20 07:23:31.833,12.07139,12.07427,0.00,0.00
2015.05.20 07:23:31.883,12.07188,12.07427,0.00,0.00
2015.05.20 07:23:31.934,12.07188,12.07467,0.00,0.00
2015.05.20 07:23:32.463,12.07188,12.07489,0.00,0.00
2015.05.20 07:23:32.779,12.07188,12.07464,0.00,0.00
2015.05.20 07:23:32.865,12.07138,12.07452,0.00,0.00
2015.05.20 07:23:32.935,12.07138,12.07444,0.00,0.00
2015.05.20 07:23:34.992,12.07189,12.07495,0.00,0.00
2015.05.20 07:23:35.294,12.07189,12.07429,0.00,0.00
2015.05.20 07:23:37.596,12.07238,12.07429,0.00,0.00
2015.05.20 07:23:37.646,12.07238,12.07478,0.00,0.00
2015.05.20 07:23:37.697,12.07241,12.07478,0.00,0.00
2015.05.20 07:23:37.848,12.07389,12.07628,0.00,0.00
2015.05.20 07:23:40.563,12.07338,12.07628,0.00,0.00
2015.05.20 07:23:40.613,12.07338,12.07579,0.00,0.00
2015.05.20 07:23:40.815,12.07288,12.07579,0.00,0.00
2015.05.20 07:23:41.757,12.07303,12.07579,0.00,0.00
2015.05.20 07:23:42.252,12.07339,12.07579,0.00,0.00
2015.05.20 07:23:42.557,12.07388,12.07628,0.00,0.00
2015.05.20 07:23:47.211,12.07439,12.07678,0.00,0.00
2015.05.20 07:23:47.564,12.07488,12.07678,0.00,0.00
2015.05.20 07:23:48.623,12.07488,12.07728,0.00,0.00
2015.05.20 07:23:49.145,12.07539,12.07728,0.00,0.00
2015.05.20 07:23:49.296,12.07688,12.07878,0.00,0.00
2015.05.20 07:23:49.347,12.07688,12.07964,0.00,0.00
2015.05.20 07:23:49.397,12.07788,12.07978,0.00,0.00
2015.05.20 07:23:49.498,12.07681,12.07978,0.00,0.00
2015.05.20 07:23:49.548,12.07681,12.07969,0.00,0.00
2015.05.20 07:23:49.885,12.07688,12.07969,0.00,0.00
2015.05.20 07:23:50.036,12.07639,12.07961,0.00,0.00
2015.05.20 07:23:50.086,12.07639,12.0789,0.00,0.00
2015.05.20 07:23:50.137,12.07591,12.0789,0.00,0.00
2015.05.20 07:23:50.311,12.07591,12.07888,0.00,0.00
2015.05.20 07:23:50.623,12.07572,12.07774,0.00,0.00
2015.05.20 07:23:50.724,12.07572,12.07793,0.00,0.00
2015.05.20 07:23:50.790,12.07572,12.07765,0.00,0.00
2015.05.20 07:23:50.890,12.07572,12.07793,0.00,0.00
2015.05.20 07:23:51.018,12.07589,12.07815,0.00,0.00
2015.05.20 07:23:51.192,12.07589,12.07838,0.00,0.00
2015.05.20 07:23:51.348,12.07538,12.07838,0.00,0.00
2015.05.20 07:23:51.399,12.07538,12.07785,0.00,0.00
2015.05.20 07:23:51.499,12.07488,12.07795,0.00,0.00
2015.05.20 07:23:51.564,12.07465,12.07761,0.00,0.00
2015.05.20 07:23:51.716,12.07392,12.07701,0.00,0.00
2015.05.20 07:23:51.793,12.07389,12.07629,0.00,0.00
2015.05.20 07:23:54.563,12.07389,12.07578,0.00,0.00
2015.05.20 07:23:54.795,12.07288,12.07578,0.00,0.00
2015.05.20 07:23:55.225,12.07288,12.07589,0.00,0.00
2015.05.20 07:23:55.893,12.07288,12.07529,0.00,0.00
2015.05.20 07:23:55.993,12.07228,12.07529,0.00,0.00
2015.05.20 07:23:56.756,12.07228,12.07562,0.00,0.00
2015.05.20 07:23:56.806,12.07278,12.07579,0.00,0.00
2015.05.20 07:23:57.619,12.0725,12.07511,0.00,0.00
2015.05.20 07:23:58.033,12.07478,12.07709,0.00,0.00
2015.05.20 07:23:58.202,12.07578,12.07838,0.00,0.00
2015.05.20 07:23:58.303,12.07478,12.07812,0.00,0.00
2015.05.20 07:23:58.353,12.07478,12.07769,0.00,0.00
2015.05.20 07:23:58.744,12.07428,12.07749,0.00,0.00
2015.05.20 07:23:58.794,12.07428,12.07718,0.00,0.00
2015.05.20 07:23:58.845,12.07378,12.07712,0.00,0.00
2015.05.20 07:23:58.896,12.07378,12.07679,0.00,0.00
2015.05.20 07:24:00.313,12.07378,12.07638,0.00,0.00
2015.05.20 07:24:00.593,12.07328,12.07638,0.00,0.00
2015.05.20 07:24:00.694,12.07279,12.07611,0.00,0.00
2015.05.20 07:24:00.745,12.07279,12.07549,0.00,0.00
2015.05.20 07:24:01.712,12.07228,12.07549,0.00,0.00
2015.05.20 07:24:01.763,12.07228,12.07468,0.00,0.00
2015.05.20 07:24:01.813,12.07179,12.07468,0.00,0.00
2015.05.20 07:24:02.417,12.07247,12.07468,0.00,0.00
2015.05.20 07:24:02.518,12.07279,12.07611,0.00,0.00
2015.05.20 07:24:02.568,12.07379,12.07649,0.00,0.00
2015.05.20 07:24:03.259,12.07328,12.07649,0.00,0.00
2015.05.20 07:24:03.310,12.07328,12.07568,0.00,0.00
2015.05.20 07:24:03.360,12.07303,12.07568,0.00,0.00
2015.05.20 07:24:03.419,12.07278,12.07568,0.00,0.00
2015.05.20 07:24:04.022,12.07233,12.07559,0.00,0.00
2015.05.20 07:24:04.121,12.07229,12.07503,0.00,0.00
2015.05.20 07:24:04.221,12.07178,12.07478,0.00,0.00
2015.05.20 07:24:05.233,12.07178,12.07473,0.00,0.00
2015.05.20 07:24:07.126,12.07178,12.07478,0.00,0.00
2015.05.20 07:24:07.226,12.07178,12.07473,0.00,0.00
2015.05.20 07:24:08.393,12.07143,12.07462,0.00,0.00
2015.05.20 07:24:08.443,12.07134,12.07419,0.00,0.00
2015.05.20 07:24:08.644,12.07128,12.07443,0.00,0.00
2015.05.20 07:24:08.872,12.07128,12.07429,0.00,0.00
2015.05.20 07:24:10.262,12.07113,12.07412,0.00,0.00
2015.05.20 07:24:10.363,12.07083,12.07412,0.00,0.00
2015.05.20 07:24:10.414,12.07083,12.07378,0.00,0.00
2015.05.20 07:24:10.468,12.07078,12.07378,0.00,0.00
2015.05.20 07:24:10.842,12.07128,12.07378,0.00,0.00
2015.05.20 07:24:10.893,12.07128,12.07419,0.00,0.00
2015.05.20 07:24:10.943,12.07178,12.07419,0.00,0.00
2015.05.20 07:24:10.994,12.07178,12.07459,0.00,0.00
2015.05.20 07:24:11.474,12.07178,12.07443,0.00,0.00
2015.05.20 07:24:11.625,12.07078,12.07379,0.00,0.00
2015.05.20 07:24:13.470,12.07079,12.07379,0.00,0.00
2015.05.20 07:24:16.313,12.07064,12.07362,0.00,0.00
2015.05.20 07:24:16.363,12.07028,12.07328,0.00,0.00
2015.05.20 07:24:16.464,12.06979,12.07289,0.00,0.00
2015.05.20 07:24:24.259,12.06979,12.07255,0.00,0.00
2015.05.20 07:24:24.366,12.06929,12.07234,0.00,0.00
2015.05.20 07:24:24.416,12.06929,12.07188,0.00,0.00
2015.05.20 07:24:24.467,12.06879,12.07188,0.00,0.00
2015.05.20 07:24:25.125,12.06879,12.07159,0.00,0.00
2015.05.20 07:24:25.226,12.06778,12.07102,0.00,0.00
2015.05.20 07:24:25.276,12.06778,12.0706,0.00,0.00
2015.05.20 07:24:25.377,12.06778,12.07084,0.00,0.00
2015.05.20 07:24:25.685,12.06778,12.07076,0.00,0.00
2015.05.20 07:24:26.012,12.06778,12.07074,0.00,0.00
2015.05.20 07:24:26.303,12.06828,12.07132,0.00,0.00
2015.05.20 07:24:26.676,12.06828,12.07103,0.00,0.00
2015.05.20 07:24:27.264,12.06828,12.07135,0.00,0.00
2015.05.20 07:24:28.265,12.06828,12.07125,0.00,0.00
2015.05.20 07:24:28.316,12.06795,12.07112,0.00,0.00
2015.05.20 07:24:28.367,12.06778,12.07085,0.00,0.00
2015.05.20 07:24:28.985,12.06829,12.07094,0.00,0.00
2015.05.20 07:24:29.086,12.06828,12.07135,0.00,0.00
2015.05.20 07:24:30.063,12.06878,12.07135,0.00,0.00
2015.05.20 07:24:30.113,12.06878,12.07185,0.00,0.00
2015.05.20 07:24:31.162,12.06928,12.07185,0.00,0.00
2015.05.20 07:24:31.213,12.06928,12.07188,0.00,0.00
2015.05.20 07:24:31.314,12.06928,12.07209,0.00,0.00
2015.05.20 07:24:31.502,12.06928,12.07235,0.00,0.00
2015.05.20 07:24:35.257,12.06978,12.07235,0.00,0.00
2015.05.20 07:24:35.307,12.06978,12.07239,0.00,0.00
2015.05.20 07:24:35.408,12.06978,12.07265,0.00,0.00
2015.05.20 07:24:37.878,12.06978,12.07275,0.00,0.00
2015.05.20 07:24:38.079,12.06978,12.07278,0.00,0.00
2015.05.20 07:24:39.081,12.06978,12.07265,0.00,0.00
2015.05.20 07:24:40.126,12.06978,12.07274,0.00,0.00
2015.05.20 07:24:40.183,12.06978,12.07278,0.00,0.00
2015.05.20 07:24:42.762,12.06978,12.07275,0.00,0.00
2015.05.20 07:24:43.291,12.06978,12.07278,0.00,0.00
2015.05.20 07:24:43.692,12.06978,12.07261,0.00,0.00
2015.05.20 07:24:43.743,12.06931,12.07259,0.00,0.00
2015.05.20 07:24:43.794,12.06928,12.07191,0.00,0.00
2015.05.20 07:24:43.952,12.06879,12.07181,0.00,0.00
2015.05.20 07:24:44.002,12.06879,12.07141,0.00,0.00
2015.05.20 07:24:44.053,12.06842,12.07141,0.00,0.00
2015.05.20 07:24:44.172,12.06829,12.07141,0.00,0.00
2015.05.20 07:24:48.323,12.06811,12.07111,0.00,0.00
2015.05.20 07:24:48.506,12.06792,12.07109,0.00,0.00
2015.05.20 07:24:48.732,12.06781,12.07109,0.00,0.00
2015.05.20 07:24:48.804,12.06779,12.07091,0.00,0.00
2015.05.20 07:24:49.143,12.06928,12.07189,0.00,0.00
2015.05.20 07:24:49.457,12.06978,12.07209,0.00,0.00
2015.05.20 07:24:49.784,12.06978,12.07289,0.00,0.00
2015.05.20 07:25:00.241,12.06978,12.07268,0.00,0.00
2015.05.20 07:25:01.527,12.06962,12.07262,0.00,0.00
2015.05.20 07:25:01.578,12.06928,12.07169,0.00,0.00
2015.05.20 07:25:01.635,12.06902,12.07169,0.00,0.00
2015.05.20 07:25:01.885,12.06878,12.07169,0.00,0.00
2015.05.20 07:25:02.287,12.06878,12.0716,0.00,0.00
2015.05.20 07:25:02.338,12.06832,12.07159,0.00,0.00
2015.05.20 07:25:02.389,12.06828,12.0714,0.00,0.00
2015.05.20 07:25:02.952,12.06828,12.07129,0.00,0.00
2015.05.20 07:25:03.844,12.06828,12.07079,0.00,0.00
2015.05.20 07:25:15.475,12.06859,12.07079,0.00,0.00
2015.05.20 07:25:15.526,12.06878,12.07129,0.00,0.00
2015.05.20 07:25:23.360,12.06878,12.07179,0.00,0.00
2015.05.20 07:25:23.411,12.06889,12.07179,0.00,0.00
2015.05.20 07:25:24.023,12.06889,12.0718,0.00,0.00
2015.05.20 07:25:27.089,12.07021,12.0718,0.00,0.00
2015.05.20 07:25:27.140,12.07052,12.07288,0.00,0.00
2015.05.20 07:25:27.241,12.07104,12.07434,0.00,0.00
2015.05.20 07:25:27.291,12.07188,12.07434,0.00,0.00
2015.05.20 07:25:27.342,12.07188,12.07468,0.00,0.00
2015.05.20 07:25:27.392,12.07199,12.07468,0.00,0.00
2015.05.20 07:25:27.486,12.07188,12.07468,0.00,0.00
2015.05.20 07:25:27.536,12.07188,12.07449,0.00,0.00
2015.05.20 07:25:27.608,12.07188,12.07467,0.00,0.00
2015.05.20 07:25:27.750,12.07188,12.07452,0.00,0.00
2015.05.20 07:25:28.130,12.07188,12.07466,0.00,0.00
2015.05.20 07:25:28.509,12.07188,12.07451,0.00,0.00
2015.05.20 07:25:29.400,12.07121,12.07412,0.00,0.00
2015.05.20 07:25:29.451,12.07109,12.07412,0.00,0.00
2015.05.20 07:25:29.552,12.07079,12.07411,0.00,0.00
2015.05.20 07:25:30.061,12.07079,12.07329,0.00,0.00
2015.05.20 07:25:31.335,12.07128,12.07329,0.00,0.00
2015.05.20 07:25:31.385,12.07128,12.07378,0.00,0.00
2015.05.20 07:25:31.486,12.07079,12.07378,0.00,0.00
2015.05.20 07:25:32.793,12.07079,12.07329,0.00,0.00
2015.05.20 07:25:33.401,12.07094,12.07329,0.00,0.00
2015.05.20 07:25:34.441,12.07128,12.07329,0.00,0.00
2015.05.20 07:25:34.492,12.07128,12.07379,0.00,0.00
2015.05.20 07:25:34.543,12.07179,12.07379,0.00,0.00
2015.05.20 07:25:35.813,12.07179,12.07429,0.00,0.00
2015.05.20 07:25:36.753,12.07128,12.07329,0.00,0.00
2015.05.20 07:25:36.854,12.07088,12.07329,0.00,0.00
2015.05.20 07:25:45.133,12.07088,12.0739,0.00,0.00
2015.05.20 07:25:45.673,12.07088,12.07379,0.00,0.00
2015.05.20 07:25:47.584,12.07088,12.07402,0.00,0.00
2015.05.20 07:25:47.635,12.07189,12.07402,0.00,0.00
2015.05.20 07:25:47.685,12.07189,12.07432,0.00,0.00
2015.05.20 07:25:47.750,12.07189,12.07468,0.00,0.00
2015.05.20 07:25:47.871,12.07189,12.07461,0.00,0.00
2015.05.20 07:25:47.976,12.07189,12.07468,0.00,0.00
2015.05.20 07:25:51.173,12.07189,12.07439,0.00,0.00
2015.05.20 07:25:51.936,12.07138,12.07439,0.00,0.00
2015.05.20 07:25:52.147,12.07138,12.07399,0.00,0.00
2015.05.20 07:25:56.084,12.07189,12.07399,0.00,0.00
2015.05.20 07:25:56.235,12.07138,12.07438,0.00,0.00
2015.05.20 07:25:56.342,12.07138,12.07398,0.00,0.00
2015.05.20 07:25:56.676,12.07111,12.07388,0.00,0.00
2015.05.20 07:25:56.773,12.07088,12.07388,0.00,0.00
2015.05.20 07:25:56.824,12.07088,12.07368,0.00,0.00
2015.05.20 07:25:57.133,12.07088,12.07366,0.00,0.00
2015.05.20 07:25:57.560,12.07088,12.07361,0.00,0.00
2015.05.20 07:25:57.611,12.07088,12.07368,0.00,0.00
2015.05.20 07:25:58.349,12.07088,12.07364,0.00,0.00
2015.05.20 07:25:58.504,12.07088,12.07368,0.00,0.00
2015.05.20 07:26:02.951,12.07049,12.07312,0.00,0.00
2015.05.20 07:26:03.003,12.07041,12.07312,0.00,0.00
2015.05.20 07:26:03.054,12.07041,12.07318,0.00,0.00
2015.05.20 07:26:03.105,12.07038,12.07318,0.00,0.00
2015.05.20 07:26:03.156,12.06991,12.07312,0.00,0.00
2015.05.20 07:26:03.206,12.06991,12.07279,0.00,0.00
2015.05.20 07:26:03.357,12.06957,12.07262,0.00,0.00
2015.05.20 07:26:03.408,12.06957,12.07219,0.00,0.00
2015.05.20 07:26:03.733,12.06878,12.07169,0.00,0.00
2015.05.20 07:26:08.634,12.06863,12.07112,0.00,0.00
2015.05.20 07:26:08.735,12.06802,12.07098,0.00,0.00
2015.05.20 07:26:08.829,12.06778,12.07092,0.00,0.00
2015.05.20 07:26:10.493,12.06828,12.07092,0.00,0.00
2015.05.20 07:26:10.543,12.06828,12.07142,0.00,0.00
2015.05.20 07:26:10.644,12.06928,12.07202,0.00,0.00
2015.05.20 07:26:10.834,12.06928,12.07242,0.00,0.00
2015.05.20 07:26:10.884,12.06928,12.07219,0.00,0.00
2015.05.20 07:26:11.232,12.06928,12.07189,0.00,0.00
2015.05.20 07:26:11.983,12.06928,12.07188,0.00,0.00
2015.05.20 07:26:12.424,12.06928,12.07219,0.00,0.00
2015.05.20 07:26:13.284,12.06928,12.07179,0.00,0.00
2015.05.20 07:26:13.390,12.06882,12.07179,0.00,0.00
2015.05.20 07:26:13.909,12.06892,12.07179,0.00,0.00
2015.05.20 07:26:14.844,12.06881,12.07179,0.00,0.00
2015.05.20 07:26:15.465,12.06878,12.07179,0.00,0.00
2015.05.20 07:26:15.648,12.06878,12.07173,0.00,0.00
2015.05.20 07:26:16.150,12.06878,12.07161,0.00,0.00
2015.05.20 07:26:16.351,12.06878,12.07176,0.00,0.00
2015.05.20 07:26:16.752,12.06878,12.0716,0.00,0.00
2015.05.20 07:26:16.802,12.06832,12.0716,0.00,0.00
2015.05.20 07:26:16.915,12.06888,12.0716,0.00,0.00
2015.05.20 07:26:17.322,12.06888,12.07151,0.00,0.00
2015.05.20 07:26:17.372,12.06888,12.07162,0.00,0.00
2015.05.20 07:26:17.462,12.06888,12.07152,0.00,0.00
2015.05.20 07:26:18.272,12.06888,12.07161,0.00,0.00
2015.05.20 07:26:18.415,12.06833,12.07161,0.00,0.00
2015.05.20 07:26:18.516,12.06828,12.07134,0.00,0.00
2015.05.20 07:26:22.952,12.06806,12.07111,0.00,0.00
2015.05.20 07:26:23.272,12.06789,12.07088,0.00,0.00
2015.05.20 07:26:26.553,12.06763,12.07061,0.00,0.00
2015.05.20 07:26:26.855,12.06788,12.07039,0.00,0.00
2015.05.20 07:26:26.905,12.06738,12.07039,0.00,0.00
2015.05.20 07:26:27.436,12.06713,12.07011,0.00,0.00
2015.05.20 07:26:27.588,12.06738,12.07039,0.00,0.00
2015.05.20 07:26:27.875,12.06788,12.07039,0.00,0.00
2015.05.20 07:26:28.026,12.06788,12.07061,0.00,0.00
2015.05.20 07:26:28.752,12.06738,12.07061,0.00,0.00
2015.05.20 07:26:28.802,12.06738,12.07039,0.00,0.00
2015.05.20 07:26:29.964,12.06788,12.07039,0.00,0.00
2015.05.20 07:26:30.014,12.06788,12.07079,0.00,0.00
2015.05.20 07:26:32.616,12.06788,12.07078,0.00,0.00
2015.05.20 07:26:33.517,12.06788,12.07079,0.00,0.00
2015.05.20 07:26:33.919,12.06788,12.0707,0.00,0.00
2015.05.20 07:26:33.969,12.06742,12.07049,0.00,0.00
2015.05.20 07:26:34.145,12.06739,12.07029,0.00,0.00
2015.05.20 07:26:34.245,12.06739,12.07041,0.00,0.00
2015.05.20 07:26:34.296,12.06789,12.07041,0.00,0.00
2015.05.20 07:26:34.420,12.06789,12.07052,0.00,0.00
2015.05.20 07:26:35.021,12.06789,12.07026,0.00,0.00
2015.05.20 07:26:35.072,12.06739,12.07026,0.00,0.00
2015.05.20 07:26:35.172,12.06789,12.07071,0.00,0.00
2015.05.20 07:26:35.506,12.06789,12.07053,0.00,0.00
2015.05.20 07:26:35.645,12.06789,12.07067,0.00,0.00
2015.05.20 07:26:38.028,12.06789,12.07053,0.00,0.00
2015.05.20 07:26:39.334,12.06789,12.07069,0.00,0.00
2015.05.20 07:26:39.735,12.06789,12.07079,0.00,0.00
2015.05.20 07:26:39.985,12.06789,12.07072,0.00,0.00
2015.05.20 07:26:40.036,12.06789,12.07079,0.00,0.00
2015.05.20 07:26:41.038,12.06789,12.07072,0.00,0.00
2015.05.20 07:26:41.344,12.06839,12.07112,0.00,0.00
2015.05.20 07:26:41.445,12.06839,12.07129,0.00,0.00
2015.05.20 07:26:43.093,12.06888,12.07161,0.00,0.00
2015.05.20 07:26:43.294,12.06839,12.07152,0.00,0.00
2015.05.20 07:26:43.345,12.06839,12.07139,0.00,0.00
2015.05.20 07:26:43.764,12.06839,12.07137,0.00,0.00
2015.05.20 07:26:44.550,12.06839,12.07139,0.00,0.00
2015.05.20 07:26:44.848,12.06839,12.07136,0.00,0.00
2015.05.20 07:26:45.549,12.06839,12.07139,0.00,0.00
2015.05.20 07:26:58.204,12.06839,12.07133,0.00,0.00
2015.05.20 07:26:58.255,12.06805,12.07112,0.00,0.00
2015.05.20 07:26:58.305,12.06805,12.07098,0.00,0.00
2015.05.20 07:26:58.485,12.06795,12.07098,0.00,0.00
2015.05.20 07:26:58.814,12.06788,12.07098,0.00,0.00
2015.05.20 07:26:59.279,12.06788,12.07069,0.00,0.00
2015.05.20 07:26:59.333,12.06741,12.07062,0.00,0.00
2015.05.20 07:26:59.384,12.06738,12.07008,0.00,0.00
2015.05.20 07:26:59.485,12.06688,12.07002,0.00,0.00
2015.05.20 07:26:59.585,12.06703,12.07008,0.00,0.00
2015.05.20 07:26:59.805,12.06688,12.07001,0.00,0.00
2015.05.20 07:27:00.211,12.06738,12.07001,0.00,0.00
2015.05.20 07:27:00.362,12.06689,12.07001,0.00,0.00
2015.05.20 07:27:00.413,12.06713,12.07011,0.00,0.00
2015.05.20 07:27:00.744,12.06713,12.07009,0.00,0.00
2015.05.20 07:27:00.794,12.06702,12.07009,0.00,0.00
2015.05.20 07:27:00.982,12.06692,12.07009,0.00,0.00
2015.05.20 07:27:01.125,12.06689,12.07001,0.00,0.00
2015.05.20 07:27:02.785,12.06689,12.06982,0.00,0.00
2015.05.20 07:27:02.851,12.06652,12.06962,0.00,0.00
2015.05.20 07:27:02.902,12.06663,12.06949,0.00,0.00
2015.05.20 07:27:03.112,12.06613,12.06908,0.00,0.00
2015.05.20 07:27:03.186,12.06603,12.06908,0.00,0.00
2015.05.20 07:27:03.587,12.06612,12.06908,0.00,0.00
2015.05.20 07:27:04.428,12.06602,12.06908,0.00,0.00
2015.05.20 07:27:06.892,12.06592,12.06908,0.00,0.00
2015.05.20 07:27:06.992,12.06588,12.06902,0.00,0.00
2015.05.20 07:27:10.882,12.06589,12.06902,0.00,0.00
2015.05.20 07:27:11.309,12.06612,12.06908,0.00,0.00
2015.05.20 07:27:11.501,12.06638,12.06948,0.00,0.00
2015.05.20 07:27:14.915,12.06638,12.06942,0.00,0.00
2015.05.20 07:27:15.217,12.06589,12.06861,0.00,0.00
2015.05.20 07:27:18.227,12.06589,12.06851,0.00,0.00
2015.05.20 07:27:18.278,12.06539,12.06851,0.00,0.00
2015.05.20 07:27:18.328,12.06539,12.06849,0.00,0.00
2015.05.20 07:27:22.341,12.06539,12.06826,0.00,0.00
2015.05.20 07:27:23.193,12.06539,12.06811,0.00,0.00
2015.05.20 07:27:23.652,12.06488,12.06812,0.00,0.00
2015.05.20 07:27:23.753,12.06539,12.06812,0.00,0.00
2015.05.20 07:27:27.102,12.06539,12.06827,0.00,0.00
2015.05.20 07:27:27.156,12.06539,12.06814,0.00,0.00
2015.05.20 07:27:30.016,12.06539,12.06824,0.00,0.00
2015.05.20 07:27:30.683,12.06589,12.06824,0.00,0.00
2015.05.20 07:27:30.784,12.06589,12.06861,0.00,0.00
2015.05.20 07:27:31.767,12.06589,12.06832,0.00,0.00
2015.05.20 07:27:31.994,12.06539,12.06832,0.00,0.00
2015.05.20 07:27:32.044,12.06589,12.06837,0.00,0.00
2015.05.20 07:27:32.269,12.06589,12.06879,0.00,0.00
2015.05.20 07:27:32.556,12.06552,12.06862,0.00,0.00
2015.05.20 07:27:32.607,12.06538,12.06848,0.00,0.00
2015.05.20 07:27:32.991,12.06538,12.06819,0.00,0.00
2015.05.20 07:27:33.146,12.06588,12.0687,0.00,0.00
2015.05.20 07:27:33.762,12.0654,12.06861,0.00,0.00
2015.05.20 07:27:33.813,12.06539,12.06847,0.00,0.00
2015.05.20 07:27:34.133,12.06588,12.06856,0.00,0.00
2015.05.20 07:27:34.183,12.06588,12.06875,0.00,0.00
2015.05.20 07:27:34.575,12.06588,12.06888,0.00,0.00
2015.05.20 07:27:35.277,12.06588,12.06876,0.00,0.00
2015.05.20 07:27:37.060,12.06546,12.06862,0.00,0.00
2015.05.20 07:27:37.111,12.06538,12.06861,0.00,0.00
2015.05.20 07:27:37.222,12.06538,12.06848,0.00,0.00
2015.05.20 07:27:37.584,12.06538,12.06822,0.00,0.00
2015.05.20 07:27:38.591,12.06538,12.06838,0.00,0.00
2015.05.20 07:27:38.691,12.06538,12.06822,0.00,0.00
2015.05.20 07:27:39.594,12.06538,12.06837,0.00,0.00
2015.05.20 07:27:39.794,12.06538,12.06848,0.00,0.00
2015.05.20 07:27:40.596,12.06538,12.06836,0.00,0.00
2015.05.20 07:27:40.924,12.06589,12.06848,0.00,0.00
2015.05.20 07:27:40.975,12.06589,12.06862,0.00,0.00
2015.05.20 07:27:41.297,12.06589,12.06846,0.00,0.00
2015.05.20 07:27:41.397,12.06589,12.06861,0.00,0.00
2015.05.20 07:27:41.597,12.06589,12.06847,0.00,0.00
2015.05.20 07:27:43.882,12.06539,12.06847,0.00,0.00
2015.05.20 07:27:43.933,12.06539,12.06816,0.00,0.00
2015.05.20 07:27:44.617,12.06539,12.06833,0.00,0.00
2015.05.20 07:27:44.833,12.06539,12.06823,0.00,0.00
2015.05.20 07:27:45.443,12.06539,12.06822,0.00,0.00
2015.05.20 07:27:46.848,12.06539,12.06837,0.00,0.00
2015.05.20 07:27:47.355,12.06539,12.0682,0.00,0.00
2015.05.20 07:27:47.961,12.06539,12.06833,0.00,0.00
2015.05.20 07:27:48.115,12.06539,12.06812,0.00,0.00
2015.05.20 07:27:48.175,12.06488,12.06812,0.00,0.00
2015.05.20 07:27:48.326,12.06539,12.06812,0.00,0.00
2015.05.20 07:27:48.853,12.06539,12.06829,0.00,0.00
2015.05.20 07:27:49.183,12.06539,12.06812,0.00,0.00
2015.05.20 07:27:51.292,12.06539,12.06822,0.00,0.00
2015.05.20 07:27:51.492,12.06539,12.06838,0.00,0.00
2015.05.20 07:27:52.628,12.06539,12.06848,0.00,0.00
2015.05.20 07:27:53.700,12.06539,12.06837,0.00,0.00
2015.05.20 07:27:54.770,12.06589,12.06837,0.00,0.00
2015.05.20 07:27:54.958,12.06589,12.06862,0.00,0.00
2015.05.20 07:27:55.092,12.06589,12.06891,0.00,0.00
2015.05.20 07:27:55.501,12.06589,12.06862,0.00,0.00
2015.05.20 07:27:57.204,12.06589,12.06823,0.00,0.00
2015.05.20 07:27:57.449,12.06589,12.06855,0.00,0.00
2015.05.20 07:27:57.617,12.06589,12.06839,0.00,0.00
2015.05.20 07:27:59.108,12.06589,12.06823,0.00,0.00
2015.05.20 07:27:59.309,12.06589,12.06856,0.00,0.00
2015.05.20 07:27:59.518,12.06589,12.06888,0.00,0.00
2015.05.20 07:28:00.433,12.06589,12.06874,0.00,0.00
2015.05.20 07:28:00.869,12.06589,12.06862,0.00,0.00
2015.05.20 07:28:00.928,12.06589,12.06877,0.00,0.00
2015.05.20 07:28:01.634,12.06589,12.06864,0.00,0.00
2015.05.20 07:28:02.538,12.06589,12.0688,0.00,0.00
2015.05.20 07:28:03.641,12.06589,12.06862,0.00,0.00
2015.05.20 07:28:05.747,12.06589,12.06877,0.00,0.00
2015.05.20 07:28:06.348,12.06589,12.06888,0.00,0.00
2015.05.20 07:28:06.665,12.06589,12.06872,0.00,0.00
2015.05.20 07:28:07.691,12.06589,12.06862,0.00,0.00
2015.05.20 07:28:07.750,12.06532,12.06812,0.00,0.00
2015.05.20 07:28:07.801,12.06492,12.06812,0.00,0.00
2015.05.20 07:28:07.851,12.06488,12.06782,0.00,0.00
2015.05.20 07:28:08.151,12.06488,12.06786,0.00,0.00
2015.05.20 07:28:08.310,12.06488,12.06769,0.00,0.00
2015.05.20 07:28:08.652,12.06488,12.06783,0.00,0.00
2015.05.20 07:28:09.253,12.06488,12.06802,0.00,0.00
2015.05.20 07:28:09.654,12.06488,12.06789,0.00,0.00
2015.05.20 07:28:10.556,12.06488,12.06802,0.00,0.00
2015.05.20 07:28:10.661,12.06488,12.06768,0.00,0.00
2015.05.20 07:28:11.658,12.06488,12.06783,0.00,0.00
2015.05.20 07:28:11.758,12.06488,12.06799,0.00,0.00
2015.05.20 07:28:12.160,12.06488,12.06767,0.00,0.00
2015.05.20 07:28:12.589,12.06488,12.06782,0.00,0.00
2015.05.20 07:28:12.689,12.06488,12.06767,0.00,0.00
2015.05.20 07:28:13.262,12.06488,12.06797,0.00,0.00
2015.05.20 07:28:13.662,12.06488,12.06782,0.00,0.00
2015.05.20 07:28:16.167,12.06488,12.0677,0.00,0.00
2015.05.20 07:28:20.027,12.06488,12.0678,0.00,0.00
2015.05.20 07:28:20.687,12.06488,12.06763,0.00,0.00
2015.05.20 07:28:23.201,12.06488,12.06779,0.00,0.00
2015.05.20 07:28:26.096,12.06488,12.06762,0.00,0.00
2015.05.20 07:28:26.702,12.06488,12.06772,0.00,0.00
2015.05.20 07:28:27.205,12.06488,12.06789,0.00,0.00
2015.05.20 07:28:27.409,12.06488,12.06761,0.00,0.00
2015.05.20 07:28:27.710,12.06488,12.06772,0.00,0.00
2015.05.20 07:28:29.014,12.06488,12.06762,0.00,0.00
2015.05.20 07:28:30.348,12.06488,12.06786,0.00,0.00
2015.05.20 07:28:30.719,12.06488,12.06773,0.00,0.00
2015.05.20 07:28:30.922,12.06488,12.06796,0.00,0.00
2015.05.20 07:28:31.528,12.06488,12.06777,0.00,0.00
2015.05.20 07:28:32.730,12.06488,12.06793,0.00,0.00
2015.05.20 07:28:32.830,12.06488,12.06777,0.00,0.00
2015.05.20 07:28:33.762,12.06488,12.06792,0.00,0.00
2015.05.20 07:28:34.041,12.06488,12.0677,0.00,0.00
2015.05.20 07:28:34.564,12.06442,12.06712,0.00,0.00
2015.05.20 07:28:34.615,12.06425,12.06712,0.00,0.00
2015.05.20 07:28:34.734,12.06402,12.06712,0.00,0.00
2015.05.20 07:28:34.935,12.06388,12.06688,0.00,0.00
2015.05.20 07:28:35.636,12.06388,12.06681,0.00,0.00
2015.05.20 07:28:35.836,12.06388,12.06696,0.00,0.00
2015.05.20 07:28:37.439,12.06388,12.06687,0.00,0.00
2015.05.20 07:28:37.673,12.06388,12.06701,0.00,0.00
2015.05.20 07:28:38.661,12.06388,12.06676,0.00,0.00
2015.05.20 07:28:39.321,12.06346,12.06511,0.00,0.00
2015.05.20 07:28:39.372,12.06283,12.06511,0.00,0.00
2015.05.20 07:28:39.429,12.06288,12.06611,0.00,0.00
2015.05.20 07:28:39.480,12.0629,12.06599,0.00,0.00
2015.05.20 07:28:39.540,12.0629,12.06612,0.00,0.00
2015.05.20 07:28:39.591,12.06288,12.06573,0.00,0.00
2015.05.20 07:28:39.692,12.06288,12.06602,0.00,0.00
2015.05.20 07:28:39.982,12.06288,12.06591,0.00,0.00
2015.05.20 07:28:40.641,12.06263,12.06562,0.00,0.00
2015.05.20 07:28:40.746,12.06253,12.06562,0.00,0.00
2015.05.20 07:28:41.351,12.06253,12.06561,0.00,0.00
2015.05.20 07:28:42.290,12.06289,12.06581,0.00,0.00
2015.05.20 07:28:42.391,12.06289,12.06602,0.00,0.00
2015.05.20 07:28:43.661,12.06272,12.06562,0.00,0.00
2015.05.20 07:28:43.883,12.06288,12.06602,0.00,0.00
2015.05.20 07:28:44.379,12.06272,12.06561,0.00,0.00
2015.05.20 07:28:44.480,12.06253,12.06561,0.00,0.00
2015.05.20 07:28:45.040,12.06253,12.06511,0.00,0.00
2015.05.20 07:28:45.091,12.06243,12.06511,0.00,0.00
2015.05.20 07:28:45.362,12.06212,12.06511,0.00,0.00
2015.05.20 07:28:45.555,12.06193,12.06511,0.00,0.00
2015.05.20 07:28:45.691,12.06189,12.06502,0.00,0.00
2015.05.20 07:28:48.340,12.06239,12.06502,0.00,0.00
2015.05.20 07:28:48.462,12.06239,12.06551,0.00,0.00
2015.05.20 07:28:48.563,12.06289,12.06561,0.00,0.00
2015.05.20 07:28:48.661,12.06289,12.06601,0.00,0.00
2015.05.20 07:29:00.125,12.06338,12.06601,0.00,0.00
2015.05.20 07:29:00.326,12.06338,12.06611,0.00,0.00
2015.05.20 07:29:00.427,12.06338,12.06652,0.00,0.00
2015.05.20 07:29:01.115,12.06322,12.06612,0.00,0.00
2015.05.20 07:29:01.216,12.06339,12.06651,0.00,0.00
2015.05.20 07:29:05.408,12.06309,12.06612,0.00,0.00
2015.05.20 07:29:06.160,12.06309,12.06562,0.00,0.00
2015.05.20 07:29:06.211,12.06273,12.06562,0.00,0.00
2015.05.20 07:29:06.270,12.06288,12.06601,0.00,0.00
2015.05.20 07:29:08.243,12.06288,12.06572,0.00,0.00
2015.05.20 07:29:09.000,12.06288,12.06582,0.00,0.00
2015.05.20 07:29:09.101,12.06288,12.06601,0.00,0.00
2015.05.20 07:29:09.233,12.06288,12.06572,0.00,0.00
2015.05.20 07:29:09.501,12.06288,12.06601,0.00,0.00
2015.05.20 07:29:09.802,12.06302,12.06612,0.00,0.00
2015.05.20 07:29:10.229,12.06302,12.06512,0.00,0.00
2015.05.20 07:29:10.329,12.06262,12.06512,0.00,0.00
2015.05.20 07:29:10.380,12.06288,12.06592,0.00,0.00
2015.05.20 07:29:10.430,12.06288,12.06562,0.00,0.00
2015.05.20 07:29:10.704,12.06288,12.06572,0.00,0.00
2015.05.20 07:29:11.879,12.06242,12.06512,0.00,0.00
2015.05.20 07:29:11.930,12.06188,12.06502,0.00,0.00
2015.05.20 07:29:14.409,12.06289,12.06502,0.00,0.00
2015.05.20 07:29:14.459,12.06289,12.06512,0.00,0.00
2015.05.20 07:29:14.560,12.06388,12.06651,0.00,0.00
2015.05.20 07:29:14.612,12.06388,12.06701,0.00,0.00
2015.05.20 07:29:18.371,12.06373,12.06701,0.00,0.00
2015.05.20 07:29:19.688,12.06373,12.06681,0.00,0.00
2015.05.20 07:29:19.739,12.06322,12.06652,0.00,0.00
2015.05.20 07:29:20.226,12.06353,12.06681,0.00,0.00
2015.05.20 07:29:20.568,12.06353,12.06631,0.00,0.00
2015.05.20 07:29:20.626,12.06323,12.06631,0.00,0.00
2015.05.20 07:29:20.678,12.06323,12.06651,0.00,0.00
2015.05.20 07:29:22.530,12.06319,12.06642,0.00,0.00
2015.05.20 07:29:22.631,12.06272,12.06602,0.00,0.00
2015.05.20 07:29:23.331,12.06269,12.06572,0.00,0.00
2015.05.20 07:29:23.709,12.06269,12.06561,0.00,0.00
2015.05.20 07:29:24.509,12.06269,12.06572,0.00,0.00
2015.05.20 07:29:25.737,12.06269,12.06562,0.00,0.00
2015.05.20 07:29:25.787,12.06232,12.06562,0.00,0.00
2015.05.20 07:29:25.838,12.06252,12.06582,0.00,0.00
2015.05.20 07:29:26.578,12.06268,12.06582,0.00,0.00
2015.05.20 07:29:26.916,12.06268,12.06561,0.00,0.00
2015.05.20 07:29:27.287,12.06268,12.06571,0.00,0.00
2015.05.20 07:29:28.819,12.06243,12.06532,0.00,0.00
2015.05.20 07:29:28.870,12.06222,12.06532,0.00,0.00
2015.05.20 07:29:29.079,12.06222,12.06552,0.00,0.00
2015.05.20 07:29:31.248,12.06222,12.06531,0.00,0.00
2015.05.20 07:29:31.298,12.06212,12.06531,0.00,0.00
2015.05.20 07:29:31.362,12.06193,12.06521,0.00,0.00
2015.05.20 07:29:31.463,12.06172,12.06502,0.00,0.00
2015.05.20 07:29:38.374,12.06169,12.06478,0.00,0.00
2015.05.20 07:29:38.774,12.06169,12.06489,0.00,0.00
2015.05.20 07:29:38.975,12.06171,12.06499,0.00,0.00
2015.05.20 07:29:42.583,12.06169,12.06486,0.00,0.00
2015.05.20 07:29:42.784,12.0617,12.065,0.00,0.00
2015.05.20 07:29:43.918,12.06191,12.065,0.00,0.00
2015.05.20 07:29:44.128,12.06264,12.06582,0.00,0.00
2015.05.20 07:29:44.229,12.06231,12.06559,0.00,0.00
2015.05.20 07:29:44.287,12.06218,12.06526,0.00,0.00
2015.05.20 07:29:44.387,12.06218,12.06541,0.00,0.00
2015.05.20 07:29:44.612,12.06218,12.06526,0.00,0.00
2015.05.20 07:29:44.788,12.06218,12.06541,0.00,0.00
2015.05.20 07:29:45.489,12.06218,12.06524,0.00,0.00
2015.05.20 07:29:45.740,12.06194,12.06524,0.00,0.00
2015.05.20 07:29:45.791,12.06176,12.06506,0.00,0.00
2015.05.20 07:29:46.092,12.06106,12.06432,0.00,0.00
2015.05.20 07:29:46.391,12.06094,12.06424,0.00,0.00
2015.05.20 07:29:46.541,12.0608,12.06408,0.00,0.00
2015.05.20 07:29:46.993,12.06069,12.06397,0.00,0.00
2015.05.20 07:29:47.582,12.06068,12.06378,0.00,0.00
2015.05.20 07:29:48.241,12.06068,12.06379,0.00,0.00
2015.05.20 07:29:48.697,12.06068,12.06384,0.00,0.00
2015.05.20 07:29:48.797,12.06068,12.06369,0.00,0.00
2015.05.20 07:29:49.079,12.06019,12.06348,0.00,0.00
2015.05.20 07:29:49.129,12.06019,12.06299,0.00,0.00
2015.05.20 07:29:49.180,12.05971,12.06299,0.00,0.00
2015.05.20 07:29:49.230,12.05969,12.06255,0.00,0.00
2015.05.20 07:29:49.331,12.05969,12.06276,0.00,0.00
2015.05.20 07:29:49.399,12.05969,12.06262,0.00,0.00
2015.05.20 07:29:50.688,12.06018,12.06262,0.00,0.00
2015.05.20 07:29:50.738,12.06018,12.06271,0.00,0.00
2015.05.20 07:29:50.802,12.06018,12.06309,0.00,0.00
2015.05.20 07:29:51.203,12.06018,12.06335,0.00,0.00
2015.05.20 07:29:52.806,12.06018,12.06319,0.00,0.00
2015.05.20 07:29:53.194,12.06018,12.06305,0.00,0.00
2015.05.20 07:29:53.708,12.06018,12.06318,0.00,0.00
2015.05.20 07:29:54.712,12.06018,12.06306,0.00,0.00
2015.05.20 07:29:57.319,12.06018,12.06285,0.00,0.00
2015.05.20 07:29:57.420,12.06019,12.06306,0.00,0.00
2015.05.20 07:29:59.122,12.06019,12.06286,0.00,0.00
2015.05.20 07:29:59.173,12.05971,12.06286,0.00,0.00
2015.05.20 07:29:59.273,12.06019,12.06305,0.00,0.00
2015.05.20 07:30:00.418,12.05977,12.06305,0.00,0.00
2015.05.20 07:30:00.469,12.05968,12.06276,0.00,0.00
2015.05.20 07:30:01.091,12.05968,12.06256,0.00,0.00
2015.05.20 07:30:01.329,12.05996,12.06324,0.00,0.00
2015.05.20 07:30:01.381,12.06019,12.06324,0.00,0.00
2015.05.20 07:30:01.432,12.06019,12.0634,0.00,0.00
2015.05.20 07:30:01.483,12.06069,12.0634,0.00,0.00
2015.05.20 07:30:01.533,12.06069,12.06372,0.00,0.00
2015.05.20 07:30:01.653,12.06069,12.06389,0.00,0.00
2015.05.20 07:30:02.465,12.06026,12.06356,0.00,0.00
2015.05.20 07:30:02.570,12.06019,12.06346,0.00,0.00
2015.05.20 07:30:03.033,12.06018,12.06306,0.00,0.00
2015.05.20 07:30:04.330,12.05976,12.06306,0.00,0.00
2015.05.20 07:30:04.481,12.05971,12.06286,0.00,0.00
2015.05.20 07:30:04.531,12.05969,12.06286,0.00,0.00
2015.05.20 07:30:06.743,12.05975,12.06305,0.00,0.00
2015.05.20 07:30:07.345,12.05969,12.06286,0.00,0.00
2015.05.20 07:30:07.545,12.05969,12.06295,0.00,0.00
2015.05.20 07:30:12.292,12.06019,12.06309,0.00,0.00
2015.05.20 07:30:12.612,12.06068,12.06342,0.00,0.00
2015.05.20 07:30:12.773,12.06068,12.06358,0.00,0.00
2015.05.20 07:30:13.459,12.06028,12.06358,0.00,0.00
2015.05.20 07:30:13.620,12.06068,12.06358,0.00,0.00
2015.05.20 07:30:17.049,12.06068,12.06336,0.00,0.00
2015.05.20 07:30:17.515,12.06068,12.06326,0.00,0.00
2015.05.20 07:30:19.693,12.06068,12.06305,0.00,0.00
2015.05.20 07:30:19.844,12.06018,12.06305,0.00,0.00
2015.05.20 07:30:21.527,12.06069,12.06334,0.00,0.00
2015.05.20 07:30:21.907,12.06069,12.06305,0.00,0.00
2015.05.20 07:30:22.008,12.06088,12.06357,0.00,0.00
2015.05.20 07:30:22.059,12.06038,12.06357,0.00,0.00
2015.05.20 07:30:22.109,12.06038,12.06306,0.00,0.00
2015.05.20 07:30:22.547,12.06088,12.06343,0.00,0.00
2015.05.20 07:30:22.927,12.06088,12.06325,0.00,0.00
2015.05.20 07:30:24.531,12.06088,12.06349,0.00,0.00
2015.05.20 07:30:27.722,12.06088,12.06361,0.00,0.00
2015.05.20 07:30:28.409,12.06088,12.06372,0.00,0.00
2015.05.20 07:30:28.810,12.06088,12.06356,0.00,0.00
2015.05.20 07:30:29.010,12.06088,12.06371,0.00,0.00
2015.05.20 07:30:29.451,12.06088,12.06355,0.00,0.00
2015.05.20 07:30:29.808,12.06188,12.06455,0.00,0.00
2015.05.20 07:30:34.290,12.06238,12.06455,0.00,0.00
2015.05.20 07:30:34.341,12.06238,12.06522,0.00,0.00
2015.05.20 07:30:34.392,12.06289,12.06522,0.00,0.00
2015.05.20 07:30:34.442,12.06289,12.06561,0.00,0.00
2015.05.20 07:30:36.272,12.06289,12.06526,0.00,0.00
2015.05.20 07:30:36.330,12.06289,12.06555,0.00,0.00
2015.05.20 07:30:40.773,12.06289,12.06516,0.00,0.00
2015.05.20 07:30:41.330,12.06239,12.06516,0.00,0.00
2015.05.20 07:30:41.380,12.06239,12.06506,0.00,0.00
2015.05.20 07:30:42.041,12.06239,12.06556,0.00,0.00
2015.05.20 07:30:42.092,12.06288,12.06556,0.00,0.00
2015.05.20 07:30:42.442,12.06288,12.06516,0.00,0.00
2015.05.20 07:30:42.542,12.06288,12.06531,0.00,0.00
2015.05.20 07:30:42.944,12.06288,12.06515,0.00,0.00
2015.05.20 07:30:44.648,12.06288,12.06525,0.00,0.00
2015.05.20 07:30:44.749,12.06339,12.06556,0.00,0.00
2015.05.20 07:30:44.849,12.06289,12.06586,0.00,0.00
2015.05.20 07:30:45.550,12.06289,12.06555,0.00,0.00
2015.05.20 07:30:45.851,12.06289,12.06535,0.00,0.00
2015.05.20 07:30:45.905,12.06289,12.06555,0.00,0.00
2015.05.20 07:30:49.579,12.06239,12.06506,0.00,0.00
2015.05.20 07:30:56.408,12.06239,12.06524,0.00,0.00
2015.05.20 07:30:56.474,12.06239,12.06514,0.00,0.00
2015.05.20 07:30:56.843,12.06239,12.06478,0.00,0.00
2015.05.20 07:31:03.289,12.06238,12.06478,0.00,0.00
2015.05.20 07:31:15.207,12.06238,12.06428,0.00,0.00
2015.05.20 07:31:15.308,12.06189,12.06428,0.00,0.00
2015.05.20 07:31:15.635,12.06138,12.06428,0.00,0.00
2015.05.20 07:31:15.736,12.06138,12.06405,0.00,0.00
2015.05.20 07:31:16.622,12.06138,12.06378,0.00,0.00
2015.05.20 07:31:18.032,12.06189,12.06405,0.00,0.00
2015.05.20 07:31:18.082,12.06189,12.06428,0.00,0.00
2015.05.20 07:31:18.183,12.06138,12.06428,0.00,0.00
2015.05.20 07:31:18.347,12.06138,12.06412,0.00,0.00
2015.05.20 07:31:18.949,12.06138,12.06413,0.00,0.00
2015.05.20 07:31:19.448,12.06138,12.06378,0.00,0.00
2015.05.20 07:31:20.123,12.06188,12.06378,0.00,0.00
2015.05.20 07:31:20.835,12.06188,12.06428,0.00,0.00
2015.05.20 07:31:25.647,12.06288,12.06428,0.00,0.00
2015.05.20 07:31:25.748,12.06288,12.06476,0.00,0.00
2015.05.20 07:31:25.849,12.06288,12.06528,0.00,0.00
2015.05.20 07:31:26.413,12.06288,12.06529,0.00,0.00
2015.05.20 07:31:27.621,12.06338,12.06578,0.00,0.00
2015.05.20 07:31:30.158,12.06288,12.06529,0.00,0.00
2015.05.20 07:31:31.489,12.06339,12.06529,0.00,0.00
2015.05.20 07:31:31.590,12.06339,12.06579,0.00,0.00
2015.05.20 07:31:34.017,12.06389,12.06629,0.00,0.00
2015.05.20 07:31:34.540,12.06388,12.06629,0.00,0.00
2015.05.20 07:31:42.076,12.06489,12.06655,0.00,0.00
2015.05.20 07:31:42.127,12.06489,12.06679,0.00,0.00
2015.05.20 07:31:43.207,12.06489,12.06728,0.00,0.00
2015.05.20 07:31:44.237,12.06438,12.06728,0.00,0.00
2015.05.20 07:31:44.488,12.06438,12.06706,0.00,0.00
2015.05.20 07:31:44.589,12.06438,12.06715,0.00,0.00
2015.05.20 07:31:44.640,12.06438,12.06679,0.00,0.00
2015.05.20 07:31:51.165,12.06488,12.06724,0.00,0.00
2015.05.20 07:31:51.404,12.06488,12.06729,0.00,0.00
2015.05.20 07:31:51.505,12.06438,12.06729,0.00,0.00
2015.05.20 07:31:51.606,12.06438,12.06706,0.00,0.00
2015.05.20 07:31:52.459,12.06488,12.06706,0.00,0.00
2015.05.20 07:31:52.616,12.06488,12.06729,0.00,0.00
2015.05.20 07:31:52.860,12.06488,12.06679,0.00,0.00
2015.05.20 07:31:52.910,12.06439,12.06679,0.00,0.00
2015.05.20 07:31:54.581,12.06388,12.06679,0.00,0.00
2015.05.20 07:31:54.632,12.06388,12.06629,0.00,0.00
2015.05.20 07:31:55.231,12.06438,12.06629,0.00,0.00
2015.05.20 07:31:56.110,12.06438,12.06678,0.00,0.00
2015.05.20 07:31:59.607,12.06391,12.06678,0.00,0.00
2015.05.20 07:31:59.658,12.06388,12.06628,0.00,0.00
2015.05.20 07:32:12.372,12.06439,12.06679,0.00,0.00
2015.05.20 07:32:12.674,12.06488,12.06679,0.00,0.00
2015.05.20 07:32:13.758,12.06488,12.06728,0.00,0.00
2015.05.20 07:32:14.382,12.0658,12.06728,0.00,0.00
2015.05.20 07:32:14.433,12.06591,12.06851,0.00,0.00
2015.05.20 07:32:14.484,12.06689,12.06896,0.00,0.00
2015.05.20 07:32:14.534,12.06689,12.06929,0.00,0.00
2015.05.20 07:32:14.923,12.06739,12.06929,0.00,0.00
2015.05.20 07:32:15.454,12.06707,12.06929,0.00,0.00
2015.05.20 07:32:15.555,12.06689,12.06929,0.00,0.00
2015.05.20 07:32:16.563,12.06666,12.06929,0.00,0.00
2015.05.20 07:32:16.614,12.06643,12.06929,0.00,0.00
2015.05.20 07:32:16.664,12.06643,12.06878,0.00,0.00
2015.05.20 07:32:16.816,12.06639,12.06878,0.00,0.00
2015.05.20 07:32:19.516,12.06689,12.06878,0.00,0.00
2015.05.20 07:32:19.586,12.06689,12.06929,0.00,0.00
2015.05.20 07:32:19.738,12.06693,12.06929,0.00,0.00
2015.05.20 07:32:19.943,12.06689,12.06929,0.00,0.00
2015.05.20 07:32:20.652,12.06695,12.06929,0.00,0.00
2015.05.20 07:32:21.018,12.06689,12.06929,0.00,0.00
2015.05.20 07:32:21.119,12.06697,12.06929,0.00,0.00
2015.05.20 07:32:21.634,12.06689,12.06929,0.00,0.00
2015.05.20 07:32:22.336,12.06689,12.07011,0.00,0.00
2015.05.20 07:32:22.387,12.06788,12.07014,0.00,0.00
2015.05.20 07:32:22.438,12.06788,12.07029,0.00,0.00
2015.05.20 07:32:26.190,12.06688,12.06928,0.00,0.00
2015.05.20 07:32:26.782,12.06615,12.06911,0.00,0.00
2015.05.20 07:32:26.833,12.06597,12.06911,0.00,0.00
2015.05.20 07:32:26.883,12.06597,12.06829,0.00,0.00
2015.05.20 07:32:27.082,12.06589,12.06829,0.00,0.00
2015.05.20 07:32:27.432,12.06617,12.06829,0.00,0.00
2015.05.20 07:32:27.751,12.06639,12.06829,0.00,0.00
2015.05.20 07:32:28.203,12.06639,12.06879,0.00,0.00
2015.05.20 07:32:30.126,12.0661,12.06879,0.00,0.00
2015.05.20 07:32:30.177,12.0659,12.06829,0.00,0.00
2015.05.20 07:32:30.493,12.06638,12.06829,0.00,0.00
2015.05.20 07:32:31.469,12.06638,12.06879,0.00,0.00
2015.05.20 07:32:34.546,12.06638,12.06829,0.00,0.00
2015.05.20 07:32:34.697,12.06598,12.06829,0.00,0.00
2015.05.20 07:32:35.757,12.06588,12.06829,0.00,0.00
2015.05.20 07:32:37.231,12.06588,12.06898,0.00,0.00
2015.05.20 07:32:38.523,12.06588,12.06891,0.00,0.00
2015.05.20 07:32:39.397,12.06588,12.0689,0.00,0.00
2015.05.20 07:32:40.214,12.06588,12.06891,0.00,0.00
2015.05.20 07:32:41.149,12.06588,12.06881,0.00,0.00
2015.05.20 07:32:41.504,12.06588,12.06857,0.00,0.00
2015.05.20 07:32:43.611,12.06539,12.06857,0.00,0.00
2015.05.20 07:32:43.661,12.06539,12.06847,0.00,0.00
2015.05.20 07:32:43.762,12.06589,12.06898,0.00,0.00
2015.05.20 07:32:44.186,12.06638,12.06898,0.00,0.00
2015.05.20 07:32:44.287,12.06588,12.06898,0.00,0.00
2015.05.20 07:32:44.338,12.06588,12.06879,0.00,0.00
2015.05.20 07:32:44.736,12.06599,12.06879,0.00,0.00
2015.05.20 07:32:45.781,12.06599,12.06828,0.00,0.00
2015.05.20 07:32:46.668,12.06619,12.06828,0.00,0.00
2015.05.20 07:32:47.039,12.06638,12.06828,0.00,0.00
2015.05.20 07:32:47.090,12.06638,12.06878,0.00,0.00
2015.05.20 07:32:47.578,12.06689,12.06878,0.00,0.00
2015.05.20 07:32:48.518,12.06689,12.06929,0.00,0.00
2015.05.20 07:32:49.891,12.06738,12.06929,0.00,0.00
2015.05.20 07:32:50.099,12.06738,12.06979,0.00,0.00
2015.05.20 07:32:51.926,12.06738,12.07029,0.00,0.00
2015.05.20 07:32:51.977,12.06789,12.07029,0.00,0.00
2015.05.20 07:32:55.229,12.06789,12.07067,0.00,0.00
2015.05.20 07:32:55.400,12.06838,12.07078,0.00,0.00
2015.05.20 07:32:55.500,12.06889,12.07158,0.00,0.00
2015.05.20 07:32:55.685,12.06889,12.07198,0.00,0.00
2015.05.20 07:32:56.263,12.06889,12.07128,0.00,0.00
2015.05.20 07:32:58.235,12.06889,12.07079,0.00,0.00
2015.05.20 07:32:58.386,12.06868,12.07079,0.00,0.00
2015.05.20 07:32:58.437,12.06858,12.07079,0.00,0.00
2015.05.20 07:32:58.538,12.06838,12.07079,0.00,0.00
2015.05.20 07:32:58.832,12.06818,12.07079,0.00,0.00
2015.05.20 07:32:58.934,12.06838,12.07079,0.00,0.00
2015.05.20 07:32:59.226,12.06818,12.07079,0.00,0.00
2015.05.20 07:32:59.327,12.06806,12.07079,0.00,0.00
2015.05.20 07:32:59.428,12.06788,12.07079,0.00,0.00
2015.05.20 07:32:59.626,12.06788,12.07029,0.00,0.00
2015.05.20 07:33:00.397,12.06788,12.07025,0.00,0.00
2015.05.20 07:33:00.874,12.06788,12.07021,0.00,0.00
2015.05.20 07:33:00.925,12.06738,12.06985,0.00,0.00
2015.05.20 07:33:00.975,12.06738,12.06928,0.00,0.00
2015.05.20 07:33:01.026,12.06689,12.06928,0.00,0.00
2015.05.20 07:33:01.076,12.06771,12.06985,0.00,0.00
2015.05.20 07:33:01.418,12.06888,12.07126,0.00,0.00
2015.05.20 07:33:01.469,12.06839,12.07126,0.00,0.00
2015.05.20 07:33:01.519,12.06839,12.07118,0.00,0.00
2015.05.20 07:33:01.820,12.06839,12.07106,0.00,0.00
2015.05.20 07:33:02.530,12.06839,12.07079,0.00,0.00
2015.05.20 07:33:02.847,12.06888,12.07079,0.00,0.00
2015.05.20 07:33:03.008,12.06839,12.07079,0.00,0.00
2015.05.20 07:33:05.061,12.06888,12.07128,0.00,0.00
2015.05.20 07:33:05.639,12.06888,12.07127,0.00,0.00
2015.05.20 07:33:06.160,12.06839,12.07127,0.00,0.00
2015.05.20 07:33:06.265,12.06888,12.07127,0.00,0.00
2015.05.20 07:33:06.806,12.06888,12.07118,0.00,0.00
2015.05.20 07:33:07.553,12.06888,12.07128,0.00,0.00
2015.05.20 07:33:12.755,12.06888,12.07078,0.00,0.00
2015.05.20 07:33:12.806,12.0685,12.07078,0.00,0.00
2015.05.20 07:33:12.857,12.06838,12.07078,0.00,0.00
2015.05.20 07:33:13.262,12.06788,12.07078,0.00,0.00
2015.05.20 07:33:13.470,12.06788,12.07056,0.00,0.00
2015.05.20 07:33:13.969,12.06739,12.06979,0.00,0.00
2015.05.20 07:33:14.521,12.06738,12.06979,0.00,0.00
2015.05.20 07:33:16.169,12.06788,12.06979,0.00,0.00
2015.05.20 07:33:16.275,12.06788,12.07028,0.00,0.00
2015.05.20 07:33:25.671,12.06788,12.07015,0.00,0.00
2015.05.20 07:33:25.956,12.06788,12.07028,0.00,0.00
2015.05.20 07:33:26.256,12.06788,12.07016,0.00,0.00
2015.05.20 07:33:27.258,12.06788,12.07028,0.00,0.00
2015.05.20 07:33:31.168,12.06788,12.07016,0.00,0.00
2015.05.20 07:33:31.569,12.06788,12.07028,0.00,0.00
2015.05.20 07:33:31.619,12.06788,12.07021,0.00,0.00
2015.05.20 07:33:31.720,12.06688,12.06929,0.00,0.00
2015.05.20 07:33:32.239,12.06639,12.06929,0.00,0.00
2015.05.20 07:33:32.466,12.06639,12.06923,0.00,0.00
2015.05.20 07:33:32.978,12.06639,12.06879,0.00,0.00
2015.05.20 07:33:34.131,12.06689,12.06879,0.00,0.00
2015.05.20 07:33:34.385,12.06689,12.06928,0.00,0.00
2015.05.20 07:33:42.612,12.06689,12.0692,0.00,0.00
2015.05.20 07:33:45.222,12.06689,12.06928,0.00,0.00
2015.05.20 07:34:10.982,12.06717,12.06928,0.00,0.00
2015.05.20 07:34:11.033,12.06717,12.06978,0.00,0.00
2015.05.20 07:34:11.083,12.06739,12.06978,0.00,0.00
2015.05.20 07:34:11.616,12.06738,12.06978,0.00,0.00
2015.05.20 07:34:11.726,12.06698,12.06978,0.00,0.00
2015.05.20 07:34:11.827,12.06738,12.06978,0.00,0.00
2015.05.20 07:34:12.080,12.06689,12.0697,0.00,0.00
2015.05.20 07:34:12.224,12.06689,12.06952,0.00,0.00
2015.05.20 07:34:12.530,12.06689,12.06929,0.00,0.00
2015.05.20 07:34:15.507,12.06739,12.06929,0.00,0.00
2015.05.20 07:34:15.557,12.06739,12.06978,0.00,0.00
2015.05.20 07:34:19.925,12.06739,12.07029,0.00,0.00
2015.05.20 07:34:20.057,12.06767,12.07029,0.00,0.00
2015.05.20 07:34:20.407,12.06839,12.07029,0.00,0.00
2015.05.20 07:34:21.372,12.06839,12.07079,0.00,0.00
2015.05.20 07:34:21.749,12.06795,12.07079,0.00,0.00
2015.05.20 07:34:21.872,12.06789,12.07079,0.00,0.00
2015.05.20 07:34:21.973,12.06839,12.07079,0.00,0.00
2015.05.20 07:34:30.554,12.06842,12.07079,0.00,0.00
2015.05.20 07:34:30.899,12.06988,12.07129,0.00,0.00
2015.05.20 07:34:31.292,12.06988,12.07228,0.00,0.00
2015.05.20 07:34:37.003,12.06988,12.07179,0.00,0.00
2015.05.20 07:34:37.053,12.06938,12.07179,0.00,0.00
2015.05.20 07:34:39.001,12.06888,12.07129,0.00,0.00
2015.05.20 07:34:39.469,12.06891,12.07129,0.00,0.00
2015.05.20 07:34:39.772,12.06888,12.07129,0.00,0.00
2015.05.20 07:34:41.375,12.06888,12.07079,0.00,0.00
2015.05.20 07:34:41.588,12.06838,12.07079,0.00,0.00
2015.05.20 07:34:53.428,12.06838,12.07029,0.00,0.00
2015.05.20 07:34:54.712,12.06838,12.07079,0.00,0.00
2015.05.20 07:34:55.179,12.06788,12.07079,0.00,0.00
2015.05.20 07:34:55.330,12.06795,12.07079,0.00,0.00
2015.05.20 07:34:55.809,12.06823,12.07079,0.00,0.00
2015.05.20 07:34:56.117,12.06839,12.07129,0.00,0.00
2015.05.20 07:35:00.355,12.06848,12.07129,0.00,0.00
2015.05.20 07:35:00.929,12.06848,12.07116,0.00,0.00
2015.05.20 07:35:01.320,12.06848,12.07129,0.00,0.00
2015.05.20 07:35:01.968,12.06803,12.07079,0.00,0.00
2015.05.20 07:35:02.019,12.06756,12.07052,0.00,0.00
2015.05.20 07:35:02.070,12.06777,12.07052,0.00,0.00
2015.05.20 07:35:02.121,12.06798,12.07079,0.00,0.00
2015.05.20 07:35:02.576,12.06802,12.07079,0.00,0.00
2015.05.20 07:35:03.337,12.06798,12.07079,0.00,0.00
2015.05.20 07:35:10.347,12.06798,12.07028,0.00,0.00
2015.05.20 07:35:10.398,12.06769,12.07028,0.00,0.00
2015.05.20 07:35:10.753,12.06782,12.07028,0.00,0.00
2015.05.20 07:35:10.854,12.0678,12.07028,0.00,0.00
2015.05.20 07:35:10.955,12.06749,12.07028,0.00,0.00
2015.05.20 07:35:13.279,12.06704,12.06979,0.00,0.00
2015.05.20 07:35:13.611,12.06748,12.06979,0.00,0.00
2015.05.20 07:35:14.605,12.06748,12.07028,0.00,0.00
2015.05.20 07:35:20.265,12.06728,12.07002,0.00,0.00
2015.05.20 07:35:20.616,12.06707,12.06979,0.00,0.00
2015.05.20 07:35:22.469,12.06748,12.06979,0.00,0.00
2015.05.20 07:35:22.520,12.06748,12.07029,0.00,0.00
2015.05.20 07:35:28.365,12.06748,12.06979,0.00,0.00
2015.05.20 07:35:28.984,12.06728,12.06979,0.00,0.00
2015.05.20 07:35:29.035,12.06711,12.06979,0.00,0.00
2015.05.20 07:35:30.420,12.06695,12.06929,0.00,0.00
2015.05.20 07:35:30.521,12.06666,12.06929,0.00,0.00
2015.05.20 07:35:30.622,12.06652,12.06929,0.00,0.00
2015.05.20 07:35:30.722,12.06648,12.06929,0.00,0.00
2015.05.20 07:35:30.823,12.06699,12.06929,0.00,0.00
2015.05.20 07:35:31.075,12.06694,12.06929,0.00,0.00
2015.05.20 07:35:31.126,12.06676,12.06929,0.00,0.00
2015.05.20 07:35:31.176,12.06699,12.06929,0.00,0.00
2015.05.20 07:35:31.539,12.0671,12.06929,0.00,0.00
2015.05.20 07:35:31.736,12.0671,12.06979,0.00,0.00
2015.05.20 07:35:32.542,12.06699,12.06979,0.00,0.00
2015.05.20 07:35:33.126,12.06748,12.06979,0.00,0.00
2015.05.20 07:35:33.177,12.06748,12.07028,0.00,0.00
2015.05.20 07:35:34.351,12.06727,12.07001,0.00,0.00
2015.05.20 07:35:34.401,12.06699,12.07001,0.00,0.00
2015.05.20 07:35:34.502,12.06699,12.06979,0.00,0.00
2015.05.20 07:35:34.854,12.06711,12.06979,0.00,0.00
2015.05.20 07:35:35.239,12.06699,12.06979,0.00,0.00
2015.05.20 07:35:36.136,12.06699,12.06929,0.00,0.00
2015.05.20 07:35:36.237,12.06658,12.06929,0.00,0.00
2015.05.20 07:35:36.338,12.06649,12.06929,0.00,0.00
2015.05.20 07:35:38.444,12.06649,12.06879,0.00,0.00
2015.05.20 07:35:38.545,12.06612,12.06879,0.00,0.00
2015.05.20 07:35:38.646,12.06598,12.06879,0.00,0.00
2015.05.20 07:35:38.910,12.0661,12.06879,0.00,0.00
2015.05.20 07:35:39.014,12.06598,12.06879,0.00,0.00
2015.05.20 07:35:39.694,12.06617,12.06879,0.00,0.00
2015.05.20 07:35:39.744,12.06598,12.06879,0.00,0.00
2015.05.20 07:35:39.845,12.06608,12.06879,0.00,0.00
2015.05.20 07:35:40.325,12.06598,12.06879,0.00,0.00
2015.05.20 07:35:41.516,12.06613,12.06879,0.00,0.00
2015.05.20 07:35:41.567,12.06613,12.06902,0.00,0.00
2015.05.20 07:35:41.617,12.06648,12.06928,0.00,0.00
2015.05.20 07:35:42.082,12.06663,12.06928,0.00,0.00
2015.05.20 07:35:42.434,12.06648,12.06928,0.00,0.00
2015.05.20 07:35:42.534,12.06655,12.06928,0.00,0.00
2015.05.20 07:35:42.749,12.06648,12.06928,0.00,0.00
2015.05.20 07:35:43.538,12.06654,12.06928,0.00,0.00
2015.05.20 07:35:44.546,12.06648,12.06928,0.00,0.00
2015.05.20 07:35:45.935,12.06626,12.06879,0.00,0.00
2015.05.20 07:35:46.037,12.06607,12.06879,0.00,0.00
2015.05.20 07:35:46.392,12.06599,12.06879,0.00,0.00
2015.05.20 07:35:47.379,12.06592,12.06828,0.00,0.00
2015.05.20 07:35:47.432,12.06549,12.06828,0.00,0.00
2015.05.20 07:35:51.283,12.06567,12.06828,0.00,0.00
2015.05.20 07:35:51.485,12.06555,12.06828,0.00,0.00
2015.05.20 07:35:52.489,12.06567,12.06828,0.00,0.00
2015.05.20 07:35:53.404,12.06567,12.06851,0.00,0.00
2015.05.20 07:35:53.454,12.06627,12.06851,0.00,0.00
2015.05.20 07:35:53.505,12.06648,12.06879,0.00,0.00
2015.05.20 07:35:53.555,12.06666,12.06879,0.00,0.00
2015.05.20 07:35:53.897,12.06654,12.06879,0.00,0.00
2015.05.20 07:35:54.054,12.06667,12.06879,0.00,0.00
2015.05.20 07:35:54.499,12.06654,12.06879,0.00,0.00
2015.05.20 07:35:54.700,12.06666,12.06879,0.00,0.00
2015.05.20 07:35:54.751,12.06666,12.06928,0.00,0.00
2015.05.20 07:35:55.458,12.06654,12.06928,0.00,0.00
2015.05.20 07:35:55.734,12.06648,12.06928,0.00,0.00
2015.05.20 07:35:56.456,12.06653,12.06928,0.00,0.00
2015.05.20 07:35:59.198,12.06648,12.06928,0.00,0.00
2015.05.20 07:35:59.360,12.06651,12.06928,0.00,0.00
2015.05.20 07:36:00.360,12.06667,12.06928,0.00,0.00
2015.05.20 07:36:01.525,12.06649,12.06928,0.00,0.00
2015.05.20 07:36:02.118,12.06648,12.06928,0.00,0.00
2015.05.20 07:36:02.965,12.06699,12.06928,0.00,0.00
2015.05.20 07:36:03.016,12.06699,12.06979,0.00,0.00
2015.05.20 07:36:03.067,12.06748,12.06979,0.00,0.00
2015.05.20 07:36:03.677,12.06757,12.06979,0.00,0.00
2015.05.20 07:36:04.069,12.06748,12.06979,0.00,0.00
2015.05.20 07:36:04.294,12.06748,12.07029,0.00,0.00
2015.05.20 07:36:06.508,12.06758,12.07029,0.00,0.00
2015.05.20 07:36:09.481,12.06757,12.07029,0.00,0.00
2015.05.20 07:36:16.415,12.06757,12.07052,0.00,0.00
2015.05.20 07:36:16.516,12.06816,12.07052,0.00,0.00
2015.05.20 07:36:16.892,12.06866,12.07079,0.00,0.00
2015.05.20 07:36:17.625,12.06866,12.07152,0.00,0.00
2015.05.20 07:36:17.675,12.06898,12.07178,0.00,0.00
2015.05.20 07:36:17.978,12.06906,12.07152,0.00,0.00
2015.05.20 07:36:18.029,12.0688,12.07152,0.00,0.00
2015.05.20 07:36:18.512,12.06897,12.07152,0.00,0.00
2015.05.20 07:36:18.996,12.06898,12.07178,0.00,0.00
2015.05.20 07:36:19.047,12.06947,12.07202,0.00,0.00
2015.05.20 07:36:19.402,12.07048,12.07228,0.00,0.00
2015.05.20 07:36:19.727,12.07048,12.07329,0.00,0.00
2015.05.20 07:36:19.876,12.07148,12.07329,0.00,0.00
2015.05.20 07:36:20.463,12.07148,12.07428,0.00,0.00
2015.05.20 07:36:21.766,12.07149,12.07428,0.00,0.00
2015.05.20 07:36:22.283,12.0715,12.07428,0.00,0.00
2015.05.20 07:36:22.565,12.07148,12.07428,0.00,0.00
2015.05.20 07:36:23.670,12.07151,12.07428,0.00,0.00
2015.05.20 07:36:23.771,12.07148,12.07428,0.00,0.00
2015.05.20 07:36:25.782,12.07148,12.07329,0.00,0.00
2015.05.20 07:36:25.833,12.07079,12.07329,0.00,0.00
2015.05.20 07:36:25.934,12.07149,12.07329,0.00,0.00
2015.05.20 07:36:26.378,12.07134,12.07329,0.00,0.00
2015.05.20 07:36:26.479,12.07116,12.07329,0.00,0.00
2015.05.20 07:36:26.731,12.07098,12.07329,0.00,0.00
2015.05.20 07:36:27.174,12.07098,12.07379,0.00,0.00
2015.05.20 07:36:27.597,12.07093,12.07351,0.00,0.00
2015.05.20 07:36:27.648,12.0706,12.07351,0.00,0.00
2015.05.20 07:36:28.259,12.07092,12.07351,0.00,0.00
2015.05.20 07:36:28.362,12.07082,12.07351,0.00,0.00
2015.05.20 07:36:28.535,12.07069,12.07351,0.00,0.00
2015.05.20 07:36:28.636,12.07086,12.07329,0.00,0.00
2015.05.20 07:36:28.840,12.07049,12.07329,0.00,0.00
2015.05.20 07:36:30.176,12.07066,12.07329,0.00,0.00
2015.05.20 07:36:30.560,12.07053,12.07329,0.00,0.00
2015.05.20 07:36:31.868,12.07049,12.07329,0.00,0.00
2015.05.20 07:36:32.544,12.07055,12.07329,0.00,0.00
2015.05.20 07:36:32.864,12.07103,12.07401,0.00,0.00
2015.05.20 07:36:32.965,12.07112,12.07401,0.00,0.00
2015.05.20 07:36:33.145,12.07099,12.07401,0.00,0.00
2015.05.20 07:36:33.298,12.07148,12.07425,0.00,0.00
2015.05.20 07:36:33.495,12.07148,12.07429,0.00,0.00
2015.05.20 07:36:34.149,12.07158,12.07429,0.00,0.00
2015.05.20 07:36:34.361,12.07148,12.07429,0.00,0.00
2015.05.20 07:36:35.574,12.0716,12.07429,0.00,0.00
2015.05.20 07:36:35.753,12.07151,12.07429,0.00,0.00
2015.05.20 07:36:37.017,12.07148,12.07429,0.00,0.00
2015.05.20 07:36:37.269,12.07148,12.07427,0.00,0.00
2015.05.20 07:36:37.567,12.07148,12.07429,0.00,0.00
2015.05.20 07:36:40.279,12.07148,12.07428,0.00,0.00
2015.05.20 07:36:40.828,12.07148,12.07429,0.00,0.00
2015.05.20 07:36:53.112,12.07162,12.07429,0.00,0.00
2015.05.20 07:36:53.312,12.07148,12.07429,0.00,0.00
2015.05.20 07:36:54.216,12.07149,12.07429,0.00,0.00
2015.05.20 07:36:54.595,12.07154,12.07429,0.00,0.00
2015.05.20 07:36:54.929,12.07248,12.07478,0.00,0.00
2015.05.20 07:36:55.030,12.07298,12.07557,0.00,0.00
2015.05.20 07:36:55.131,12.07349,12.07579,0.00,0.00
2015.05.20 07:36:55.614,12.07352,12.07579,0.00,0.00
2015.05.20 07:36:55.736,12.07352,12.07629,0.00,0.00
2015.05.20 07:36:55.958,12.07349,12.07629,0.00,0.00
2015.05.20 07:36:56.588,12.07399,12.07663,0.00,0.00
2015.05.20 07:36:56.639,12.07399,12.07679,0.00,0.00
2015.05.20 07:36:59.647,12.07382,12.07628,0.00,0.00
2015.05.20 07:36:59.815,12.07365,12.07628,0.00,0.00
2015.05.20 07:37:00.243,12.07384,12.07628,0.00,0.00
2015.05.20 07:37:00.573,12.07364,12.07628,0.00,0.00
2015.05.20 07:37:00.825,12.07348,12.07628,0.00,0.00
2015.05.20 07:37:01.034,12.07359,12.07628,0.00,0.00
2015.05.20 07:37:01.577,12.07359,12.076,0.00,0.00
2015.05.20 07:37:01.958,12.07298,12.07529,0.00,0.00
2015.05.20 07:37:02.923,12.07298,12.07578,0.00,0.00
2015.05.20 07:37:03.033,12.07278,12.07552,0.00,0.00
2015.05.20 07:37:03.139,12.07248,12.07548,0.00,0.00
2015.05.20 07:37:03.735,12.07299,12.07551,0.00,0.00
2015.05.20 07:37:03.898,12.07298,12.07578,0.00,0.00
2015.05.20 07:37:04.287,12.07268,12.07551,0.00,0.00
2015.05.20 07:37:04.342,12.07294,12.07551,0.00,0.00
2015.05.20 07:37:04.443,12.07249,12.07528,0.00,0.00
2015.05.20 07:37:04.788,12.07255,12.07528,0.00,0.00
2015.05.20 07:37:04.842,12.07249,12.07528,0.00,0.00
2015.05.20 07:37:07.449,12.07251,12.07528,0.00,0.00
2015.05.20 07:37:08.569,12.07249,12.07528,0.00,0.00
2015.05.20 07:37:11.003,12.07253,12.07528,0.00,0.00
2015.05.20 07:37:11.172,12.07272,12.07551,0.00,0.00
2015.05.20 07:37:11.223,12.07348,12.07569,0.00,0.00
2015.05.20 07:37:11.324,12.07348,12.07627,0.00,0.00
2015.05.20 07:37:11.834,12.07348,12.07628,0.00,0.00
2015.05.20 07:37:18.947,12.07348,12.07611,0.00,0.00
2015.05.20 07:37:19.199,12.07251,12.07529,0.00,0.00
2015.05.20 07:37:19.300,12.07283,12.07529,0.00,0.00
2015.05.20 07:37:19.592,12.07252,12.07529,0.00,0.00
2015.05.20 07:37:19.693,12.07248,12.07529,0.00,0.00
2015.05.20 07:37:20.596,12.07258,12.07529,0.00,0.00
2015.05.20 07:37:21.577,12.07248,12.07529,0.00,0.00
2015.05.20 07:37:23.411,12.07251,12.07529,0.00,0.00
2015.05.20 07:37:23.839,12.07256,12.07529,0.00,0.00
2015.05.20 07:37:24.114,12.07248,12.07529,0.00,0.00
2015.05.20 07:37:24.419,12.07248,12.07479,0.00,0.00
2015.05.20 07:37:24.519,12.07209,12.07479,0.00,0.00
2015.05.20 07:37:24.620,12.07198,12.07479,0.00,0.00
2015.05.20 07:37:25.371,12.0718,12.07452,0.00,0.00
2015.05.20 07:37:25.526,12.07151,12.07452,0.00,0.00
2015.05.20 07:37:25.860,12.07151,12.07428,0.00,0.00
2015.05.20 07:37:26.243,12.07188,12.07428,0.00,0.00
2015.05.20 07:37:26.593,12.07174,12.07428,0.00,0.00
2015.05.20 07:37:26.831,12.07158,12.07428,0.00,0.00
2015.05.20 07:37:27.596,12.07173,12.07428,0.00,0.00
2015.05.20 07:37:29.200,12.07154,12.07428,0.00,0.00
2015.05.20 07:37:29.301,12.07148,12.07428,0.00,0.00
2015.05.20 07:37:29.712,12.07158,12.07428,0.00,0.00
2015.05.20 07:37:30.422,12.07158,12.07452,0.00,0.00
2015.05.20 07:37:30.473,12.07199,12.07479,0.00,0.00
2015.05.20 07:37:30.800,12.07268,12.07479,0.00,0.00
2015.05.20 07:37:30.850,12.07253,12.07479,0.00,0.00
2015.05.20 07:37:30.951,12.07248,12.07479,0.00,0.00
2015.05.20 07:37:31.855,12.07248,12.07528,0.00,0.00
2015.05.20 07:37:31.908,12.07256,12.07528,0.00,0.00
2015.05.20 07:37:32.156,12.07248,12.07528,0.00,0.00
2015.05.20 07:37:32.683,12.07248,12.07515,0.00,0.00
2015.05.20 07:37:32.734,12.07248,12.07528,0.00,0.00
2015.05.20 07:37:33.111,12.07248,12.07522,0.00,0.00
2015.05.20 07:37:33.562,12.07248,12.07528,0.00,0.00
2015.05.20 07:37:36.691,12.07271,12.07552,0.00,0.00
2015.05.20 07:37:36.843,12.07348,12.07594,0.00,0.00
2015.05.20 07:37:36.962,12.07348,12.07597,0.00,0.00
2015.05.20 07:37:37.073,12.07348,12.07617,0.00,0.00
2015.05.20 07:37:37.174,12.07348,12.07629,0.00,0.00
2015.05.20 07:37:37.526,12.07348,12.07619,0.00,0.00
2015.05.20 07:37:39.884,12.07348,12.07629,0.00,0.00
2015.05.20 07:37:41.651,12.0739,12.07629,0.00,0.00
2015.05.20 07:37:41.703,12.07398,12.07702,0.00,0.00
2015.05.20 07:37:41.755,12.07448,12.0772,0.00,0.00
2015.05.20 07:37:41.856,12.07448,12.07729,0.00,0.00
2015.05.20 07:37:43.522,12.0742,12.07678,0.00,0.00
2015.05.20 07:37:43.572,12.07408,12.07678,0.00,0.00
2015.05.20 07:37:43.870,12.07351,12.07651,0.00,0.00
2015.05.20 07:37:44.416,12.07349,12.07651,0.00,0.00
2015.05.20 07:37:44.467,12.07349,12.07638,0.00,0.00
2015.05.20 07:37:44.957,12.07349,12.07629,0.00,0.00
2015.05.20 07:37:48.632,12.07349,12.07625,0.00,0.00
2015.05.20 07:37:49.259,12.07349,12.07629,0.00,0.00
2015.05.20 07:37:49.559,12.07349,12.07618,0.00,0.00
2015.05.20 07:37:49.761,12.07349,12.07629,0.00,0.00
2015.05.20 07:37:54.621,12.07398,12.07648,0.00,0.00
2015.05.20 07:37:54.672,12.07398,12.07672,0.00,0.00
2015.05.20 07:37:54.773,12.07398,12.07679,0.00,0.00
2015.05.20 07:37:54.874,12.07364,12.07652,0.00,0.00
2015.05.20 07:37:55.104,12.07351,12.07652,0.00,0.00
2015.05.20 07:37:55.562,12.07348,12.07652,0.00,0.00
2015.05.20 07:37:55.613,12.07348,12.07647,0.00,0.00
2015.05.20 07:37:56.075,12.07348,12.07629,0.00,0.00
2015.05.20 07:37:56.507,12.07348,12.07622,0.00,0.00
2015.05.20 07:37:57.284,12.07348,12.07629,0.00,0.00
2015.05.20 07:37:58.094,12.07348,12.07619,0.00,0.00
2015.05.20 07:37:58.615,12.07348,12.07629,0.00,0.00
2015.05.20 07:38:08.613,12.07349,12.07629,0.00,0.00
2015.05.20 07:38:09.218,12.07348,12.07629,0.00,0.00
2015.05.20 07:38:18.277,12.07448,12.07648,0.00,0.00
2015.05.20 07:38:18.576,12.07448,12.07673,0.00,0.00
2015.05.20 07:38:18.627,12.07448,12.07718,0.00,0.00
2015.05.20 07:38:18.728,12.07448,12.07708,0.00,0.00
2015.05.20 07:38:19.388,12.07448,12.07719,0.00,0.00
2015.05.20 07:38:19.723,12.07448,12.07708,0.00,0.00
2015.05.20 07:38:20.823,12.07448,12.07728,0.00,0.00
2015.05.20 07:38:22.405,12.07448,12.07708,0.00,0.00
2015.05.20 07:38:22.456,12.07448,12.07719,0.00,0.00
2015.05.20 07:38:22.527,12.07448,12.07728,0.00,0.00
2015.05.20 07:38:22.930,12.07448,12.07708,0.00,0.00
2015.05.20 07:38:23.132,12.07448,12.07728,0.00,0.00
2015.05.20 07:38:26.080,12.07479,12.07728,0.00,0.00
2015.05.20 07:38:26.130,12.07499,12.07758,0.00,0.00
2015.05.20 07:38:26.181,12.07499,12.07778,0.00,0.00
2015.05.20 07:38:26.231,12.07548,12.07778,0.00,0.00
2015.05.20 07:38:26.500,12.07458,12.07751,0.00,0.00
2015.05.20 07:38:26.651,12.07449,12.07751,0.00,0.00
2015.05.20 07:38:26.949,12.07459,12.07751,0.00,0.00
2015.05.20 07:38:27.283,12.07489,12.07751,0.00,0.00
2015.05.20 07:38:27.651,12.07489,12.07728,0.00,0.00
2015.05.20 07:38:27.702,12.0745,12.07728,0.00,0.00
2015.05.20 07:38:28.087,12.07457,12.07728,0.00,0.00
2015.05.20 07:38:28.390,12.07449,12.07728,0.00,0.00
2015.05.20 07:38:28.653,12.07452,12.07728,0.00,0.00
2015.05.20 07:38:29.069,12.07449,12.07728,0.00,0.00
2015.05.20 07:38:29.499,12.07452,12.07728,0.00,0.00
2015.05.20 07:38:30.956,12.07449,12.07728,0.00,0.00
2015.05.20 07:38:31.140,12.07498,12.07728,0.00,0.00
2015.05.20 07:38:31.191,12.07498,12.07779,0.00,0.00
2015.05.20 07:38:31.292,12.07548,12.07779,0.00,0.00
2015.05.20 07:38:32.570,12.07548,12.07829,0.00,0.00
2015.05.20 07:38:39.093,12.07548,12.07852,0.00,0.00
2015.05.20 07:38:39.560,12.07548,12.07838,0.00,0.00
2015.05.20 07:38:40.080,12.07548,12.07837,0.00,0.00
2015.05.20 07:38:40.524,12.07591,12.07852,0.00,0.00
2015.05.20 07:38:40.726,12.07648,12.07952,0.00,0.00
2015.05.20 07:38:41.826,12.07648,12.07948,0.00,0.00
2015.05.20 07:38:42.475,12.07698,12.07948,0.00,0.00
2015.05.20 07:38:42.525,12.07698,12.08001,0.00,0.00
2015.05.20 07:38:42.576,12.07748,12.08001,0.00,0.00
2015.05.20 07:38:42.627,12.07748,12.08052,0.00,0.00
2015.05.20 07:38:44.100,12.07799,12.08055,0.00,0.00
2015.05.20 07:38:44.151,12.07799,12.08068,0.00,0.00
2015.05.20 07:38:44.311,12.07819,12.08102,0.00,0.00
2015.05.20 07:38:44.362,12.07849,12.08147,0.00,0.00
2015.05.20 07:38:45.000,12.07849,12.08129,0.00,0.00
2015.05.20 07:38:45.989,12.07849,12.08107,0.00,0.00
2015.05.20 07:38:47.102,12.07799,12.08079,0.00,0.00
2015.05.20 07:38:47.153,12.07799,12.08048,0.00,0.00
2015.05.20 07:38:47.203,12.07749,12.08048,0.00,0.00
2015.05.20 07:38:47.524,12.07721,12.08002,0.00,0.00
2015.05.20 07:38:47.898,12.07672,12.07929,0.00,0.00
2015.05.20 07:38:48.119,12.07649,12.07929,0.00,0.00
2015.05.20 07:38:51.690,12.07748,12.07929,0.00,0.00
2015.05.20 07:38:51.741,12.07748,12.07964,0.00,0.00
2015.05.20 07:38:51.947,12.07699,12.08001,0.00,0.00
2015.05.20 07:38:52.277,12.07748,12.08029,0.00,0.00
2015.05.20 07:38:52.827,12.077,12.08002,0.00,0.00
2015.05.20 07:38:53.072,12.077,12.07978,0.00,0.00
2015.05.20 07:38:54.346,12.07698,12.07978,0.00,0.00
2015.05.20 07:38:54.744,12.07706,12.07978,0.00,0.00
2015.05.20 07:38:54.962,12.07698,12.07978,0.00,0.00
2015.05.20 07:38:55.063,12.07705,12.07978,0.00,0.00
2015.05.20 07:38:55.788,12.07705,12.07928,0.00,0.00
2015.05.20 07:38:55.839,12.07648,12.07928,0.00,0.00
2015.05.20 07:38:55.889,12.07644,12.07902,0.00,0.00
2015.05.20 07:38:55.940,12.0764,12.07902,0.00,0.00
2015.05.20 07:38:56.041,12.07658,12.07928,0.00,0.00
2015.05.20 07:38:57.669,12.07649,12.07928,0.00,0.00
2015.05.20 07:38:58.540,12.07659,12.07928,0.00,0.00
2015.05.20 07:38:59.085,12.07647,12.07902,0.00,0.00
2015.05.20 07:38:59.418,12.07607,12.07902,0.00,0.00
2015.05.20 07:39:00.196,12.07607,12.07879,0.00,0.00
2015.05.20 07:39:03.194,12.07607,12.07828,0.00,0.00
2015.05.20 07:39:03.246,12.07559,12.07828,0.00,0.00
2015.05.20 07:39:03.397,12.07548,12.07828,0.00,0.00
2015.05.20 07:39:03.805,12.0752,12.07801,0.00,0.00
2015.05.20 07:39:03.856,12.0756,12.07801,0.00,0.00
2015.05.20 07:39:03.906,12.0756,12.07828,0.00,0.00
2015.05.20 07:39:12.279,12.0756,12.07778,0.00,0.00
2015.05.20 07:39:12.380,12.07549,12.07778,0.00,0.00
2015.05.20 07:39:12.481,12.07509,12.07778,0.00,0.00
2015.05.20 07:39:17.767,12.07509,12.07752,0.00,0.00
2015.05.20 07:39:18.229,12.07489,12.07729,0.00,0.00
2015.05.20 07:39:18.705,12.07499,12.07729,0.00,0.00
2015.05.20 07:39:20.406,12.07489,12.07729,0.00,0.00
2015.05.20 07:39:23.088,12.07499,12.07729,0.00,0.00
2015.05.20 07:39:26.209,12.0751,12.07729,0.00,0.00
2015.05.20 07:39:26.260,12.0751,12.07778,0.00,0.00
2015.05.20 07:39:28.801,12.075,12.07778,0.00,0.00
2015.05.20 07:39:29.307,12.07499,12.07778,0.00,0.00
2015.05.20 07:39:29.703,12.07503,12.07778,0.00,0.00
2015.05.20 07:39:29.845,12.07499,12.07778,0.00,0.00
2015.05.20 07:39:30.750,12.07502,12.07778,0.00,0.00
2015.05.20 07:39:33.246,12.07499,12.07778,0.00,0.00
2015.05.20 07:39:34.013,12.07509,12.07778,0.00,0.00
2015.05.20 07:39:34.743,12.07499,12.07778,0.00,0.00
2015.05.20 07:39:36.502,12.07498,12.07729,0.00,0.00
2015.05.20 07:39:36.556,12.07474,12.07729,0.00,0.00
2015.05.20 07:39:36.606,12.07498,12.07729,0.00,0.00
2015.05.20 07:39:37.019,12.07509,12.07729,0.00,0.00
2015.05.20 07:39:37.731,12.07498,12.07729,0.00,0.00
2015.05.20 07:39:37.910,12.07498,12.07779,0.00,0.00
2015.05.20 07:39:41.526,12.07502,12.07779,0.00,0.00
2015.05.20 07:39:41.735,12.07498,12.07779,0.00,0.00
2015.05.20 07:39:45.654,12.07459,12.07729,0.00,0.00
2015.05.20 07:39:46.136,12.07449,12.07729,0.00,0.00
2015.05.20 07:39:46.342,12.07463,12.07729,0.00,0.00
2015.05.20 07:39:46.493,12.07449,12.07729,0.00,0.00
2015.05.20 07:39:46.765,12.07463,12.07729,0.00,0.00
2015.05.20 07:39:47.100,12.07479,12.07729,0.00,0.00
2015.05.20 07:39:47.151,12.07448,12.07729,0.00,0.00
2015.05.20 07:39:47.467,12.07453,12.07729,0.00,0.00
2015.05.20 07:39:47.678,12.07453,12.07752,0.00,0.00
2015.05.20 07:39:47.778,12.07448,12.07752,0.00,0.00
2015.05.20 07:39:49.846,12.07452,12.07752,0.00,0.00
2015.05.20 07:39:50.162,12.07548,12.07838,0.00,0.00
2015.05.20 07:39:50.669,12.07548,12.07778,0.00,0.00
2015.05.20 07:39:51.241,12.07548,12.07828,0.00,0.00
2015.05.20 07:40:00.144,12.07548,12.07778,0.00,0.00
2015.05.20 07:40:01.575,12.07548,12.07799,0.00,0.00
2015.05.20 07:40:05.517,12.07498,12.07779,0.00,0.00
2015.05.20 07:40:05.573,12.07498,12.07769,0.00,0.00
2015.05.20 07:40:19.848,12.07504,12.07769,0.00,0.00
2015.05.20 07:40:19.979,12.07534,12.07802,0.00,0.00
2015.05.20 07:40:20.080,12.07549,12.07818,0.00,0.00
2015.05.20 07:40:21.549,12.07554,12.07818,0.00,0.00
2015.05.20 07:40:22.158,12.07549,12.07818,0.00,0.00
2015.05.20 07:40:26.044,12.07555,12.07818,0.00,0.00
2015.05.20 07:40:26.845,12.07549,12.07818,0.00,0.00
2015.05.20 07:40:27.347,12.07554,12.07818,0.00,0.00
2015.05.20 07:40:27.448,12.07549,12.07818,0.00,0.00
2015.05.20 07:40:28.373,12.07499,12.07801,0.00,0.00
2015.05.20 07:40:28.474,12.07499,12.07782,0.00,0.00
2015.05.20 07:40:28.856,12.07454,12.07729,0.00,0.00
2015.05.20 07:40:28.957,12.07448,12.07729,0.00,0.00
2015.05.20 07:40:30.822,12.07455,12.07729,0.00,0.00
2015.05.20 07:40:31.262,12.07448,12.07729,0.00,0.00
2015.05.20 07:40:31.538,12.07448,12.07678,0.00,0.00
2015.05.20 07:40:31.588,12.07419,12.07678,0.00,0.00
2015.05.20 07:40:31.783,12.07449,12.07678,0.00,0.00
2015.05.20 07:40:32.911,12.07424,12.07678,0.00,0.00
2015.05.20 07:40:33.012,12.07399,12.07678,0.00,0.00
2015.05.20 07:40:33.213,12.07449,12.07678,0.00,0.00
2015.05.20 07:40:33.265,12.07449,12.07689,0.00,0.00
2015.05.20 07:40:33.365,12.07449,12.07729,0.00,0.00
2015.05.20 07:40:40.619,12.07498,12.07729,0.00,0.00
2015.05.20 07:40:40.770,12.07498,12.07778,0.00,0.00
2015.05.20 07:40:44.678,12.07486,12.07751,0.00,0.00
2015.05.20 07:40:44.729,12.07451,12.07751,0.00,0.00
2015.05.20 07:40:44.830,12.07451,12.07729,0.00,0.00
2015.05.20 07:40:45.367,12.07504,12.07729,0.00,0.00
2015.05.20 07:40:46.171,12.07504,12.07778,0.00,0.00
2015.05.20 07:40:52.340,12.07499,12.07778,0.00,0.00
2015.05.20 07:40:52.391,12.0748,12.07751,0.00,0.00
2015.05.20 07:40:52.693,12.07462,12.07729,0.00,0.00
2015.05.20 07:40:52.844,12.07448,12.07729,0.00,0.00
2015.05.20 07:40:53.235,12.07455,12.07729,0.00,0.00
2015.05.20 07:40:53.435,12.07448,12.07729,0.00,0.00
2015.05.20 07:40:53.536,12.07454,12.07729,0.00,0.00
2015.05.20 07:40:54.111,12.07448,12.07729,0.00,0.00
2015.05.20 07:40:54.162,12.07455,12.07729,0.00,0.00
2015.05.20 07:40:54.527,12.07455,12.07752,0.00,0.00
2015.05.20 07:40:54.578,12.07498,12.07759,0.00,0.00
2015.05.20 07:40:54.628,12.07498,12.07778,0.00,0.00
2015.05.20 07:41:00.351,12.07498,12.07794,0.00,0.00
2015.05.20 07:41:00.402,12.07549,12.07799,0.00,0.00
2015.05.20 07:41:00.452,12.07549,12.07829,0.00,0.00
2015.05.20 07:41:02.859,12.07549,12.07803,0.00,0.00
2015.05.20 07:41:03.058,12.07549,12.07814,0.00,0.00
2015.05.20 07:41:03.158,12.07549,12.07829,0.00,0.00
2015.05.20 07:41:09.164,12.07549,12.07778,0.00,0.00
2015.05.20 07:41:09.214,12.07498,12.07778,0.00,0.00
2015.05.20 07:41:09.265,12.07498,12.07759,0.00,0.00
2015.05.20 07:41:09.315,12.07474,12.07752,0.00,0.00
2015.05.20 07:41:09.416,12.07463,12.07752,0.00,0.00
2015.05.20 07:41:09.517,12.0745,12.07752,0.00,0.00
2015.05.20 07:41:10.587,12.0745,12.07728,0.00,0.00
2015.05.20 07:41:12.175,12.07448,12.07728,0.00,0.00
2015.05.20 07:41:12.727,12.07417,12.07702,0.00,0.00
2015.05.20 07:41:12.777,12.07403,12.07679,0.00,0.00
2015.05.20 07:41:12.878,12.07398,12.07679,0.00,0.00
2015.05.20 07:41:13.819,12.07348,12.07652,0.00,0.00
2015.05.20 07:41:14.000,12.07363,12.07652,0.00,0.00
2015.05.20 07:41:14.319,12.07349,12.07628,0.00,0.00
2015.05.20 07:41:14.804,12.07366,12.07628,0.00,0.00
2015.05.20 07:41:15.444,12.07349,12.07628,0.00,0.00
2015.05.20 07:41:27.061,12.07349,12.07612,0.00,0.00
2015.05.20 07:41:27.112,12.07349,12.07624,0.00,0.00
2015.05.20 07:41:27.849,12.07349,12.07628,0.00,0.00
2015.05.20 07:41:28.051,12.07349,12.07617,0.00,0.00
2015.05.20 07:41:28.913,12.07349,12.07628,0.00,0.00
2015.05.20 07:41:29.689,12.07349,12.07578,0.00,0.00
2015.05.20 07:41:29.790,12.07298,12.07568,0.00,0.00
2015.05.20 07:41:29.891,12.07249,12.07551,0.00,0.00
2015.05.20 07:41:31.119,12.07249,12.07529,0.00,0.00
2015.05.20 07:41:31.443,12.07268,12.07529,0.00,0.00
2015.05.20 07:41:31.838,12.07248,12.07529,0.00,0.00
2015.05.20 07:41:34.325,12.07249,12.07529,0.00,0.00
2015.05.20 07:41:34.995,12.07248,12.07529,0.00,0.00
2015.05.20 07:41:35.046,12.07298,12.07529,0.00,0.00
2015.05.20 07:41:35.391,12.07349,12.07529,0.00,0.00
2015.05.20 07:41:35.442,12.07349,12.07571,0.00,0.00
2015.05.20 07:41:35.493,12.07271,12.07552,0.00,0.00
2015.05.20 07:41:36.008,12.07292,12.07552,0.00,0.00
2015.05.20 07:41:36.059,12.07271,12.07552,0.00,0.00
2015.05.20 07:41:36.110,12.07263,12.07529,0.00,0.00
2015.05.20 07:41:36.531,12.07349,12.07529,0.00,0.00
2015.05.20 07:41:36.767,12.07349,12.07629,0.00,0.00
2015.05.20 07:41:37.034,12.07349,12.07627,0.00,0.00
2015.05.20 07:41:37.478,12.07349,12.07629,0.00,0.00
2015.05.20 07:41:40.441,12.07353,12.07629,0.00,0.00
2015.05.20 07:41:41.790,12.07349,12.07629,0.00,0.00
2015.05.20 07:41:55.787,12.07349,12.07622,0.00,0.00
2015.05.20 07:41:56.089,12.07261,12.07552,0.00,0.00
2015.05.20 07:41:56.291,12.07261,12.07549,0.00,0.00
2015.05.20 07:41:56.392,12.07252,12.07549,0.00,0.00
2015.05.20 07:41:56.493,12.07251,12.07552,0.00,0.00
2015.05.20 07:41:56.660,12.07248,12.07541,0.00,0.00
2015.05.20 07:41:57.268,12.07248,12.07528,0.00,0.00
2015.05.20 07:42:02.189,12.07266,12.07528,0.00,0.00
2015.05.20 07:42:02.340,12.07299,12.07599,0.00,0.00
2015.05.20 07:42:02.391,12.07325,12.07601,0.00,0.00
2015.05.20 07:42:02.441,12.07348,12.07628,0.00,0.00
2015.05.20 07:42:02.808,12.07398,12.07628,0.00,0.00
2015.05.20 07:42:03.648,12.07398,12.07678,0.00,0.00
2015.05.20 07:42:14.672,12.07398,12.07628,0.00,0.00
2015.05.20 07:42:14.723,12.07353,12.07628,0.00,0.00
2015.05.20 07:42:14.774,12.07349,12.07628,0.00,0.00
2015.05.20 07:42:15.229,12.07399,12.07628,0.00,0.00
2015.05.20 07:42:16.078,12.07399,12.07679,0.00,0.00
2015.05.20 07:42:17.199,12.07549,12.07715,0.00,0.00
2015.05.20 07:42:17.250,12.07549,12.07849,0.00,0.00
2015.05.20 07:42:17.472,12.07568,12.07879,0.00,0.00
2015.05.20 07:42:17.522,12.07649,12.07892,0.00,0.00
2015.05.20 07:42:17.573,12.07649,12.07929,0.00,0.00
2015.05.20 07:42:18.687,12.07649,12.07912,0.00,0.00
2015.05.20 07:42:18.859,12.07649,12.07923,0.00,0.00
2015.05.20 07:42:18.965,12.07649,12.07929,0.00,0.00
2015.05.20 07:42:22.682,12.07649,12.07922,0.00,0.00
2015.05.20 07:42:22.783,12.07599,12.07901,0.00,0.00
2015.05.20 07:42:22.884,12.07649,12.07912,0.00,0.00
2015.05.20 07:42:23.035,12.07548,12.07852,0.00,0.00
2015.05.20 07:42:23.086,12.07548,12.07841,0.00,0.00
2015.05.20 07:42:23.429,12.07549,12.07803,0.00,0.00
2015.05.20 07:42:23.656,12.07549,12.07835,0.00,0.00
2015.05.20 07:42:23.767,12.07549,12.07802,0.00,0.00
2015.05.20 07:42:24.088,12.07549,12.07819,0.00,0.00
2015.05.20 07:42:24.271,12.07549,12.07802,0.00,0.00
2015.05.20 07:42:24.567,12.07499,12.07791,0.00,0.00
2015.05.20 07:42:24.992,12.07499,12.07801,0.00,0.00
2015.05.20 07:42:25.093,12.07499,12.07792,0.00,0.00
2015.05.20 07:42:25.648,12.07499,12.07778,0.00,0.00
2015.05.20 07:42:26.226,12.07548,12.07778,0.00,0.00
2015.05.20 07:42:27.114,12.07548,12.07813,0.00,0.00
2015.05.20 07:42:27.901,12.07548,12.07823,0.00,0.00
2015.05.20 07:42:28.568,12.07548,12.07829,0.00,0.00
2015.05.20 07:42:29.035,12.07548,12.0782,0.00,0.00
2015.05.20 07:42:31.285,12.07498,12.07779,0.00,0.00
2015.05.20 07:42:33.687,12.07549,12.07829,0.00,0.00
2015.05.20 07:42:34.015,12.07549,12.07819,0.00,0.00
2015.05.20 07:42:34.120,12.07549,12.07829,0.00,0.00
2015.05.20 07:42:35.000,12.07649,12.07887,0.00,0.00
2015.05.20 07:42:35.101,12.07649,12.07925,0.00,0.00
2015.05.20 07:42:35.995,12.07649,12.07911,0.00,0.00
2015.05.20 07:42:36.188,12.07649,12.07924,0.00,0.00
2015.05.20 07:42:36.781,12.07649,12.07912,0.00,0.00
2015.05.20 07:42:38.776,12.07649,12.07879,0.00,0.00
2015.05.20 07:42:38.876,12.07599,12.07844,0.00,0.00
2015.05.20 07:42:38.977,12.07548,12.07844,0.00,0.00
2015.05.20 07:42:39.336,12.07548,12.07852,0.00,0.00
2015.05.20 07:42:39.387,12.07548,12.07842,0.00,0.00
2015.05.20 07:42:40.168,12.07548,12.07829,0.00,0.00
2015.05.20 07:42:57.067,12.07548,12.07778,0.00,0.00
2015.05.20 07:42:57.119,12.07502,12.07778,0.00,0.00
2015.05.20 07:42:57.170,12.07499,12.07778,0.00,0.00
2015.05.20 07:43:03.177,12.07499,12.07801,0.00,0.00
2015.05.20 07:43:03.234,12.07518,12.07801,0.00,0.00
2015.05.20 07:43:03.574,12.07548,12.07828,0.00,0.00
2015.05.20 07:43:04.355,12.07579,12.07828,0.00,0.00
2015.05.20 07:43:04.683,12.07552,12.07828,0.00,0.00
2015.05.20 07:43:04.784,12.07577,12.07828,0.00,0.00
2015.05.20 07:43:05.212,12.07563,12.07828,0.00,0.00
2015.05.20 07:43:08.225,12.07548,12.07828,0.00,0.00
2015.05.20 07:43:09.349,12.07548,12.07852,0.00,0.00
2015.05.20 07:43:09.399,12.07582,12.07852,0.00,0.00
2015.05.20 07:43:09.450,12.07598,12.07878,0.00,0.00
2015.05.20 07:43:14.712,12.07548,12.07829,0.00,0.00
2015.05.20 07:43:14.933,12.07512,12.07801,0.00,0.00
2015.05.20 07:43:14.984,12.07512,12.07792,0.00,0.00
2015.05.20 07:43:15.085,12.07512,12.07801,0.00,0.00
2015.05.20 07:43:15.232,12.07499,12.07801,0.00,0.00
2015.05.20 07:43:15.283,12.07499,12.07792,0.00,0.00
2015.05.20 07:43:16.137,12.07499,12.07778,0.00,0.00
2015.05.20 07:43:18.895,12.07548,12.07829,0.00,0.00
2015.05.20 07:43:20.752,12.07548,12.07805,0.00,0.00
2015.05.20 07:43:20.802,12.07499,12.07779,0.00,0.00
2015.05.20 07:43:22.059,12.07549,12.07779,0.00,0.00
2015.05.20 07:43:22.110,12.07549,12.07792,0.00,0.00
2015.05.20 07:43:22.211,12.07549,12.07803,0.00,0.00
2015.05.20 07:43:22.312,12.07549,12.07828,0.00,0.00
2015.05.20 07:43:22.414,12.07553,12.07828,0.00,0.00
2015.05.20 07:43:22.758,12.07553,12.07801,0.00,0.00
2015.05.20 07:43:22.809,12.07532,12.07801,0.00,0.00
2015.05.20 07:43:22.986,12.07499,12.07801,0.00,0.00
2015.05.20 07:43:23.217,12.07499,12.07792,0.00,0.00
2015.05.20 07:43:23.519,12.07449,12.07751,0.00,0.00
2015.05.20 07:43:23.620,12.07449,12.07741,0.00,0.00
2015.05.20 07:43:24.854,12.07449,12.07729,0.00,0.00
2015.05.20 07:43:25.146,12.07413,12.07702,0.00,0.00
2015.05.20 07:43:25.298,12.07402,12.07702,0.00,0.00
2015.05.20 07:43:25.424,12.07398,12.07692,0.00,0.00
2015.05.20 07:43:26.283,12.07398,12.07679,0.00,0.00
2015.05.20 07:43:26.936,12.07362,12.07652,0.00,0.00
2015.05.20 07:43:27.037,12.07348,12.07652,0.00,0.00
2015.05.20 07:43:27.138,12.07348,12.07641,0.00,0.00
2015.05.20 07:43:27.438,12.07348,12.07652,0.00,0.00
2015.05.20 07:43:27.712,12.07348,12.07629,0.00,0.00
2015.05.20 07:43:30.341,12.07398,12.07629,0.00,0.00
2015.05.20 07:43:30.442,12.07398,12.07667,0.00,0.00
2015.05.20 07:43:30.543,12.07398,12.07679,0.00,0.00
2015.05.20 07:43:31.345,12.07353,12.07652,0.00,0.00
2015.05.20 07:43:31.784,12.07353,12.07628,0.00,0.00
2015.05.20 07:43:32.098,12.07376,12.07628,0.00,0.00
2015.05.20 07:43:32.297,12.07361,12.07628,0.00,0.00
2015.05.20 07:43:33.447,12.07348,12.07628,0.00,0.00
2015.05.20 07:43:35.594,12.07366,12.07628,0.00,0.00
2015.05.20 07:43:35.774,12.07353,12.07628,0.00,0.00
2015.05.20 07:43:35.875,12.07364,12.07628,0.00,0.00
2015.05.20 07:43:35.926,12.07352,12.07628,0.00,0.00
2015.05.20 07:43:36.358,12.07352,12.07601,0.00,0.00
2015.05.20 07:43:36.459,12.07313,12.07579,0.00,0.00
2015.05.20 07:43:36.618,12.07348,12.07579,0.00,0.00
2015.05.20 07:43:36.721,12.07298,12.07579,0.00,0.00
2015.05.20 07:43:37.268,12.07248,12.07552,0.00,0.00
2015.05.20 07:43:37.811,12.07248,12.07528,0.00,0.00
2015.05.20 07:43:37.912,12.07212,12.07501,0.00,0.00
2015.05.20 07:43:38.013,12.07248,12.07528,0.00,0.00
2015.05.20 07:43:38.364,12.07248,12.07522,0.00,0.00
2015.05.20 07:43:38.714,12.07248,12.07502,0.00,0.00
2015.05.20 07:43:39.275,12.07248,12.07516,0.00,0.00
2015.05.20 07:43:39.476,12.07248,12.07501,0.00,0.00
2015.05.20 07:43:43.395,12.07248,12.07525,0.00,0.00
2015.05.20 07:43:43.496,12.07248,12.07528,0.00,0.00
2015.05.20 07:43:48.409,12.07248,12.07511,0.00,0.00
2015.05.20 07:43:55.433,12.07248,12.07528,0.00,0.00
2015.05.20 07:43:58.308,12.07279,12.07528,0.00,0.00
2015.05.20 07:43:58.547,12.07348,12.07629,0.00,0.00
2015.05.20 07:44:00.188,12.07348,12.07619,0.00,0.00
2015.05.20 07:44:00.538,12.07348,12.07611,0.00,0.00
2015.05.20 07:44:01.802,12.07298,12.07578,0.00,0.00
2015.05.20 07:44:02.142,12.07252,12.07552,0.00,0.00
2015.05.20 07:44:02.193,12.07252,12.07538,0.00,0.00
2015.05.20 07:44:02.243,12.07248,12.07538,0.00,0.00
2015.05.20 07:44:03.124,12.07248,12.07529,0.00,0.00
2015.05.20 07:44:06.178,12.07248,12.07511,0.00,0.00
2015.05.20 07:44:06.957,12.07199,12.07501,0.00,0.00
2015.05.20 07:44:07.007,12.07199,12.07478,0.00,0.00
2015.05.20 07:44:07.309,12.07248,12.07478,0.00,0.00
2015.05.20 07:44:08.414,12.07248,12.07529,0.00,0.00
2015.05.20 07:44:19.391,12.07299,12.07539,0.00,0.00
2015.05.20 07:44:19.542,12.07299,12.07556,0.00,0.00
2015.05.20 07:44:19.643,12.07298,12.07578,0.00,0.00
2015.05.20 07:44:21.935,12.07249,12.07529,0.00,0.00
2015.05.20 07:44:22.513,12.07249,12.07491,0.00,0.00
2015.05.20 07:44:22.564,12.07171,12.07452,0.00,0.00
2015.05.20 07:44:22.711,12.07163,12.07429,0.00,0.00
2015.05.20 07:44:22.762,12.07148,12.07429,0.00,0.00
2015.05.20 07:44:31.919,12.07198,12.07429,0.00,0.00
2015.05.20 07:44:31.970,12.07198,12.07479,0.00,0.00
2015.05.20 07:44:32.020,12.07248,12.07479,0.00,0.00
2015.05.20 07:44:32.343,12.07299,12.07479,0.00,0.00
2015.05.20 07:44:32.692,12.07299,12.07578,0.00,0.00
2015.05.20 07:44:37.846,12.07262,12.07552,0.00,0.00
2015.05.20 07:44:37.897,12.07248,12.07529,0.00,0.00
2015.05.20 07:44:37.998,12.07203,12.07501,0.00,0.00
2015.05.20 07:44:38.149,12.07198,12.07491,0.00,0.00
2015.05.20 07:44:38.538,12.07171,12.07452,0.00,0.00
2015.05.20 07:44:38.875,12.07148,12.07428,0.00,0.00
2015.05.20 07:44:49.525,12.07148,12.07444,0.00,0.00
2015.05.20 07:44:49.586,12.07148,12.07452,0.00,0.00
2015.05.20 07:44:49.637,12.07198,12.07459,0.00,0.00
2015.05.20 07:44:49.687,12.07198,12.07479,0.00,0.00
2015.05.20 07:44:50.213,12.07249,12.07479,0.00,0.00
2015.05.20 07:44:50.784,12.07198,12.07479,0.00,0.00
2015.05.20 07:45:00.687,12.07198,12.07329,0.00,0.00
2015.05.20 07:45:00.738,12.07112,12.07329,0.00,0.00
2015.05.20 07:45:01.093,12.07148,12.07329,0.00,0.00
2015.05.20 07:45:01.194,12.07112,12.07329,0.00,0.00
2015.05.20 07:45:01.648,12.07148,12.07329,0.00,0.00
2015.05.20 07:45:01.749,12.07112,12.07329,0.00,0.00
2015.05.20 07:45:02.179,12.07112,12.07378,0.00,0.00
2015.05.20 07:45:02.282,12.07149,12.07378,0.00,0.00
2015.05.20 07:45:03.565,12.07149,12.07429,0.00,0.00
2015.05.20 07:45:09.868,12.07098,12.07402,0.00,0.00
2015.05.20 07:45:09.918,12.07098,12.07329,0.00,0.00
2015.05.20 07:45:10.019,12.07049,12.07329,0.00,0.00
2015.05.20 07:45:17.359,12.07003,12.07301,0.00,0.00
2015.05.20 07:45:17.410,12.07003,12.07278,0.00,0.00
2015.05.20 07:45:17.461,12.06999,12.07278,0.00,0.00
2015.05.20 07:45:18.593,12.07049,12.07278,0.00,0.00
2015.05.20 07:45:18.744,12.07049,12.07329,0.00,0.00
2015.05.20 07:45:31.681,12.07098,12.07338,0.00,0.00
2015.05.20 07:45:31.731,12.07098,12.07379,0.00,0.00
2015.05.20 07:45:31.782,12.07148,12.07379,0.00,0.00
2015.05.20 07:45:32.996,12.07148,12.07428,0.00,0.00
2015.05.20 07:45:34.185,12.07098,12.07362,0.00,0.00
2015.05.20 07:45:34.286,12.07072,12.07351,0.00,0.00
2015.05.20 07:45:34.337,12.07053,12.07328,0.00,0.00
2015.05.20 07:45:34.387,12.07049,12.07328,0.00,0.00
2015.05.20 07:45:34.525,12.07053,12.07328,0.00,0.00
2015.05.20 07:45:35.087,12.07063,12.07328,0.00,0.00
2015.05.20 07:45:36.340,12.07089,12.07351,0.00,0.00
2015.05.20 07:45:36.441,12.07098,12.07379,0.00,0.00
2015.05.20 07:45:38.327,12.07148,12.07429,0.00,0.00
2015.05.20 07:45:43.108,12.07198,12.07429,0.00,0.00
2015.05.20 07:45:43.159,12.07198,12.07439,0.00,0.00
2015.05.20 07:45:43.260,12.07198,12.0746,0.00,0.00
2015.05.20 07:45:43.360,12.07198,12.07478,0.00,0.00
2015.05.20 07:45:47.415,12.07198,12.07479,0.00,0.00
2015.05.20 07:45:47.774,12.07198,12.07429,0.00,0.00
2015.05.20 07:45:47.825,12.07149,12.07429,0.00,0.00
2015.05.20 07:45:55.798,12.07198,12.07459,0.00,0.00
2015.05.20 07:45:55.899,12.07198,12.07479,0.00,0.00
2015.05.20 07:45:56.957,12.07199,12.07479,0.00,0.00
2015.05.20 07:45:57.058,12.07248,12.07479,0.00,0.00
2015.05.20 07:45:57.109,12.07248,12.07528,0.00,0.00
2015.05.20 07:45:57.559,12.07262,12.07528,0.00,0.00
2015.05.20 07:45:57.856,12.07248,12.07528,0.00,0.00
2015.05.20 07:46:05.275,12.07252,12.07528,0.00,0.00
2015.05.20 07:46:07.381,12.07248,12.07528,0.00,0.00
2015.05.20 07:46:11.141,12.07299,12.07528,0.00,0.00
2015.05.20 07:46:11.192,12.07299,12.07579,0.00,0.00
2015.05.20 07:46:12.745,12.07299,12.07601,0.00,0.00
2015.05.20 07:46:12.885,12.07348,12.07602,0.00,0.00
2015.05.20 07:46:12.935,12.07348,12.07612,0.00,0.00
2015.05.20 07:46:14.029,12.07348,12.07622,0.00,0.00
2015.05.20 07:46:15.013,12.07348,12.07629,0.00,0.00
2015.05.20 07:46:16.598,12.07449,12.07629,0.00,0.00
2015.05.20 07:46:16.699,12.07449,12.07671,0.00,0.00
2015.05.20 07:46:16.824,12.07449,12.07729,0.00,0.00
2015.05.20 07:46:22.838,12.07471,12.07751,0.00,0.00
2015.05.20 07:46:23.006,12.07499,12.07801,0.00,0.00
2015.05.20 07:46:23.057,12.07549,12.07823,0.00,0.00
2015.05.20 07:46:23.379,12.07549,12.07829,0.00,0.00
2015.05.20 07:46:23.767,12.07549,12.07805,0.00,0.00
2015.05.20 07:46:23.941,12.07549,12.07823,0.00,0.00
2015.05.20 07:46:24.042,12.07549,12.07808,0.00,0.00
2015.05.20 07:46:24.143,12.07549,12.07824,0.00,0.00
2015.05.20 07:46:24.242,12.07549,12.07794,0.00,0.00
2015.05.20 07:46:24.673,12.07549,12.07808,0.00,0.00
2015.05.20 07:46:25.946,12.07549,12.07797,0.00,0.00
2015.05.20 07:46:27.439,12.07599,12.07819,0.00,0.00
2015.05.20 07:46:27.489,12.07648,12.07879,0.00,0.00
2015.05.20 07:46:28.765,12.07648,12.07929,0.00,0.00
2015.05.20 07:46:30.746,12.07648,12.07945,0.00,0.00
2015.05.20 07:46:30.897,12.07772,12.07952,0.00,0.00
2015.05.20 07:46:30.952,12.07848,12.08128,0.00,0.00
2015.05.20 07:46:32.609,12.07848,12.08121,0.00,0.00
2015.05.20 07:46:32.659,12.07799,12.08079,0.00,0.00
2015.05.20 07:46:32.814,12.07761,12.08051,0.00,0.00
2015.05.20 07:46:32.915,12.07761,12.07951,0.00,0.00
2015.05.20 07:46:33.016,12.07661,12.07929,0.00,0.00
2015.05.20 07:46:33.455,12.07649,12.07929,0.00,0.00
2015.05.20 07:46:34.629,12.07671,12.07951,0.00,0.00
2015.05.20 07:46:34.680,12.07748,12.08029,0.00,0.00
2015.05.20 07:46:38.474,12.07748,12.08052,0.00,0.00
2015.05.20 07:46:39.679,12.07748,12.08051,0.00,0.00
2015.05.20 07:46:40.019,12.07748,12.0801,0.00,0.00
2015.05.20 07:46:40.180,12.07748,12.08021,0.00,0.00
2015.05.20 07:46:40.464,12.07748,12.08044,0.00,0.00
2015.05.20 07:46:40.515,12.07748,12.08028,0.00,0.00
2015.05.20 07:46:40.883,12.07748,12.0805,0.00,0.00
2015.05.20 07:46:41.985,12.07748,12.08052,0.00,0.00
2015.05.20 07:46:42.689,12.07792,12.08052,0.00,0.00
2015.05.20 07:46:43.399,12.07777,12.08052,0.00,0.00
2015.05.20 07:46:43.934,12.07748,12.08052,0.00,0.00
2015.05.20 07:46:43.984,12.07799,12.08068,0.00,0.00
2015.05.20 07:46:44.136,12.07799,12.08083,0.00,0.00
2015.05.20 07:46:44.236,12.07753,12.08052,0.00,0.00
2015.05.20 07:46:44.643,12.07748,12.08052,0.00,0.00
2015.05.20 07:46:44.888,12.07741,12.08002,0.00,0.00
2015.05.20 07:46:45.132,12.07748,12.08052,0.00,0.00
2015.05.20 07:46:46.042,12.07754,12.08052,0.00,0.00
2015.05.20 07:46:46.958,12.07798,12.08082,0.00,0.00
2015.05.20 07:46:47.076,12.07754,12.08052,0.00,0.00
2015.05.20 07:46:47.246,12.07748,12.08052,0.00,0.00
2015.05.20 07:46:47.541,12.07753,12.08052,0.00,0.00
2015.05.20 07:46:48.048,12.07748,12.08052,0.00,0.00
2015.05.20 07:46:49.552,12.07754,12.08052,0.00,0.00
2015.05.20 07:46:49.661,12.07748,12.08052,0.00,0.00
2015.05.20 07:46:49.963,12.07751,12.08052,0.00,0.00
2015.05.20 07:46:50.566,12.07764,12.08052,0.00,0.00
2015.05.20 07:46:50.766,12.07754,12.08052,0.00,0.00
2015.05.20 07:46:50.969,12.07748,12.08052,0.00,0.00
2015.05.20 07:46:53.919,12.07799,12.08076,0.00,0.00
2015.05.20 07:46:54.020,12.07799,12.08101,0.00,0.00
2015.05.20 07:46:54.281,12.07773,12.08052,0.00,0.00
2015.05.20 07:46:54.331,12.07749,12.08052,0.00,0.00
2015.05.20 07:46:54.382,12.07789,12.08052,0.00,0.00
2015.05.20 07:46:54.483,12.07824,12.08101,0.00,0.00
2015.05.20 07:46:54.584,12.07848,12.08152,0.00,0.00
2015.05.20 07:46:56.683,12.07851,12.08152,0.00,0.00
2015.05.20 07:46:59.548,12.07848,12.08152,0.00,0.00
2015.05.20 07:47:00.190,12.07838,12.08102,0.00,0.00
2015.05.20 07:47:00.291,12.07798,12.08102,0.00,0.00
2015.05.20 07:47:02.544,12.07803,12.08102,0.00,0.00
2015.05.20 07:47:04.117,12.07803,12.08052,0.00,0.00
2015.05.20 07:47:04.237,12.07748,12.08052,0.00,0.00
2015.05.20 07:47:04.699,12.07754,12.08052,0.00,0.00
2015.05.20 07:47:04.966,12.07749,12.08052,0.00,0.00
2015.05.20 07:47:05.702,12.07748,12.08052,0.00,0.00
2015.05.20 07:47:06.539,12.07753,12.08052,0.00,0.00
2015.05.20 07:47:07.054,12.07748,12.08052,0.00,0.00
2015.05.20 07:47:07.406,12.07748,12.08049,0.00,0.00
2015.05.20 07:47:08.210,12.07748,12.08052,0.00,0.00
2015.05.20 07:47:09.190,12.07795,12.08052,0.00,0.00
2015.05.20 07:47:09.243,12.07848,12.08152,0.00,0.00
2015.05.20 07:47:09.459,12.07848,12.08144,0.00,0.00
2015.05.20 07:47:09.515,12.07848,12.08152,0.00,0.00
2015.05.20 07:47:09.616,12.07848,12.08143,0.00,0.00
2015.05.20 07:47:09.717,12.07848,12.08152,0.00,0.00
2015.05.20 07:47:10.496,12.07848,12.08142,0.00,0.00
2015.05.20 07:47:10.861,12.07848,12.08104,0.00,0.00
2015.05.20 07:47:11.062,12.07848,12.08151,0.00,0.00
2015.05.20 07:47:11.563,12.07848,12.08152,0.00,0.00
2015.05.20 07:47:11.855,12.07848,12.0815,0.00,0.00
2015.05.20 07:47:12.168,12.07848,12.08103,0.00,0.00
2015.05.20 07:47:12.226,12.07848,12.08131,0.00,0.00
2015.05.20 07:47:12.429,12.07848,12.08106,0.00,0.00
2015.05.20 07:47:12.849,12.07799,12.08091,0.00,0.00
2015.05.20 07:47:13.052,12.07762,12.08052,0.00,0.00
2015.05.20 07:47:13.153,12.07798,12.08092,0.00,0.00
2015.05.20 07:47:15.731,12.07798,12.08102,0.00,0.00
2015.05.20 07:47:15.947,12.07814,12.08102,0.00,0.00
2015.05.20 07:47:15.998,12.07848,12.08144,0.00,0.00
2015.05.20 07:47:16.048,12.07848,12.08142,0.00,0.00
2015.05.20 07:47:16.149,12.07848,12.08152,0.00,0.00
2015.05.20 07:47:17.258,12.07848,12.08112,0.00,0.00
2015.05.20 07:47:17.663,12.07848,12.08101,0.00,0.00
2015.05.20 07:47:17.714,12.07798,12.08101,0.00,0.00
2015.05.20 07:47:18.464,12.07798,12.08102,0.00,0.00
2015.05.20 07:47:18.565,12.07798,12.08082,0.00,0.00
2015.05.20 07:47:18.892,12.07873,12.08152,0.00,0.00
2015.05.20 07:47:19.204,12.07998,12.08279,0.00,0.00
2015.05.20 07:47:19.314,12.07973,12.08252,0.00,0.00
2015.05.20 07:47:19.415,12.07971,12.08252,0.00,0.00
2015.05.20 07:47:19.755,12.07948,12.08229,0.00,0.00
2015.05.20 07:47:20.448,12.07948,12.08189,0.00,0.00
2015.05.20 07:47:20.661,12.07948,12.08229,0.00,0.00
2015.05.20 07:47:21.023,12.07975,12.08229,0.00,0.00
2015.05.20 07:47:21.179,12.07948,12.08229,0.00,0.00
2015.05.20 07:47:21.280,12.07953,12.08229,0.00,0.00
2015.05.20 07:47:21.842,12.07962,12.08229,0.00,0.00
2015.05.20 07:47:22.382,12.07952,12.08229,0.00,0.00
2015.05.20 07:47:22.483,12.07948,12.08229,0.00,0.00
2015.05.20 07:47:22.584,12.07948,12.08179,0.00,0.00
2015.05.20 07:47:22.635,12.07911,12.08179,0.00,0.00
2015.05.20 07:47:22.843,12.07899,12.08179,0.00,0.00
2015.05.20 07:47:23.494,12.07862,12.08152,0.00,0.00
2015.05.20 07:47:24.000,12.07862,12.08128,0.00,0.00
2015.05.20 07:47:25.128,12.07848,12.08128,0.00,0.00
2015.05.20 07:47:25.342,12.07848,12.08079,0.00,0.00
2015.05.20 07:47:25.393,12.07821,12.08079,0.00,0.00
2015.05.20 07:47:25.494,12.07798,12.08079,0.00,0.00
2015.05.20 07:47:25.645,12.07801,12.08079,0.00,0.00
2015.05.20 07:47:25.896,12.07799,12.08079,0.00,0.00
2015.05.20 07:47:28.973,12.07772,12.08051,0.00,0.00
2015.05.20 07:47:29.024,12.07762,12.08051,0.00,0.00
2015.05.20 07:47:29.138,12.07752,12.08051,0.00,0.00
2015.05.20 07:47:29.500,12.07777,12.08051,0.00,0.00
2015.05.20 07:47:29.830,12.07777,12.08029,0.00,0.00
2015.05.20 07:47:30.333,12.07798,12.08029,0.00,0.00
2015.05.20 07:47:31.141,12.07798,12.08079,0.00,0.00
2015.05.20 07:47:32.085,12.07752,12.08051,0.00,0.00
2015.05.20 07:47:32.547,12.07776,12.08051,0.00,0.00
2015.05.20 07:47:32.874,12.07776,12.08028,0.00,0.00
2015.05.20 07:47:32.924,12.07764,12.08028,0.00,0.00
2015.05.20 07:47:33.030,12.07784,12.08028,0.00,0.00
2015.05.20 07:47:33.334,12.07769,12.08028,0.00,0.00
2015.05.20 07:47:33.892,12.07769,12.08051,0.00,0.00
2015.05.20 07:47:33.943,12.07799,12.08078,0.00,0.00
2015.05.20 07:47:34.247,12.07855,12.08078,0.00,0.00
2015.05.20 07:47:34.552,12.07862,12.08078,0.00,0.00
2015.05.20 07:47:35.446,12.07862,12.08128,0.00,0.00
2015.05.20 07:47:35.497,12.07853,12.08128,0.00,0.00
2015.05.20 07:47:35.548,12.07848,12.08128,0.00,0.00
2015.05.20 07:47:36.618,12.07866,12.08128,0.00,0.00
2015.05.20 07:47:37.581,12.07852,12.08128,0.00,0.00
2015.05.20 07:47:40.576,12.07897,12.08128,0.00,0.00
2015.05.20 07:47:41.475,12.07886,12.08128,0.00,0.00
2015.05.20 07:47:41.576,12.07867,12.08128,0.00,0.00
2015.05.20 07:47:49.849,12.07854,12.08128,0.00,0.00
2015.05.20 07:47:50.104,12.07867,12.08128,0.00,0.00
2015.05.20 07:47:51.654,12.07849,12.08128,0.00,0.00
2015.05.20 07:47:53.288,12.07848,12.08128,0.00,0.00
2015.05.20 07:47:53.459,12.07853,12.08128,0.00,0.00
2015.05.20 07:47:53.776,12.07835,12.08078,0.00,0.00
2015.05.20 07:47:54.098,12.07865,12.08078,0.00,0.00
2015.05.20 07:47:54.461,12.0785,12.08078,0.00,0.00
2015.05.20 07:47:55.114,12.0785,12.08129,0.00,0.00
2015.05.20 07:47:55.363,12.07865,12.08129,0.00,0.00
2015.05.20 07:47:56.565,12.0785,12.08129,0.00,0.00
2015.05.20 07:47:56.665,12.07866,12.08129,0.00,0.00
2015.05.20 07:47:56.980,12.07853,12.08129,0.00,0.00
2015.05.20 07:47:57.371,12.07848,12.08129,0.00,0.00
2015.05.20 07:47:58.568,12.07849,12.08129,0.00,0.00
2015.05.20 07:47:58.918,12.07849,12.08102,0.00,0.00
2015.05.20 07:47:59.378,12.07834,12.08078,0.00,0.00
2015.05.20 07:47:59.702,12.07845,12.08078,0.00,0.00
2015.05.20 07:48:00.375,12.07849,12.08128,0.00,0.00
2015.05.20 07:48:00.476,12.07838,12.08102,0.00,0.00
2015.05.20 07:48:00.893,12.07827,12.08102,0.00,0.00
2015.05.20 07:48:01.584,12.07838,12.08102,0.00,0.00
2015.05.20 07:48:01.908,12.07838,12.08078,0.00,0.00
2015.05.20 07:48:02.818,12.07805,12.08051,0.00,0.00
2015.05.20 07:48:03.042,12.07805,12.08029,0.00,0.00
2015.05.20 07:48:03.413,12.07829,12.08029,0.00,0.00
2015.05.20 07:48:03.515,12.07819,12.08029,0.00,0.00
2015.05.20 07:48:03.583,12.07807,12.08029,0.00,0.00
2015.05.20 07:48:05.132,12.07796,12.07979,0.00,0.00
2015.05.20 07:48:05.232,12.07699,12.07979,0.00,0.00
2015.05.20 07:48:05.283,12.07678,12.07951,0.00,0.00
2015.05.20 07:48:05.384,12.07698,12.07979,0.00,0.00
2015.05.20 07:48:05.434,12.07726,12.07979,0.00,0.00
2015.05.20 07:48:05.742,12.07706,12.07951,0.00,0.00
2015.05.20 07:48:06.194,12.07695,12.07951,0.00,0.00
2015.05.20 07:48:06.295,12.07675,12.07951,0.00,0.00
2015.05.20 07:48:06.575,12.07675,12.07929,0.00,0.00
2015.05.20 07:48:08.001,12.07686,12.07929,0.00,0.00
2015.05.20 07:48:08.308,12.07698,12.07929,0.00,0.00
2015.05.20 07:48:09.453,12.07698,12.07879,0.00,0.00
2015.05.20 07:48:09.507,12.07676,12.07879,0.00,0.00
2015.05.20 07:48:09.709,12.07611,12.07879,0.00,0.00
2015.05.20 07:48:09.810,12.07636,12.07879,0.00,0.00
2015.05.20 07:48:09.911,12.07622,12.07879,0.00,0.00
2015.05.20 07:48:10.012,12.07606,12.07879,0.00,0.00
2015.05.20 07:48:10.383,12.07598,12.07879,0.00,0.00
2015.05.20 07:48:10.626,12.07606,12.07879,0.00,0.00
2015.05.20 07:48:11.005,12.07615,12.07879,0.00,0.00
2015.05.20 07:48:11.211,12.07598,12.07879,0.00,0.00
2015.05.20 07:48:11.262,12.0759,12.07852,0.00,0.00
2015.05.20 07:48:11.607,12.07649,12.07828,0.00,0.00
2015.05.20 07:48:11.944,12.07694,12.07928,0.00,0.00
2015.05.20 07:48:12.359,12.07694,12.07902,0.00,0.00
2015.05.20 07:48:12.460,12.07643,12.07902,0.00,0.00
2015.05.20 07:48:12.561,12.07602,12.07902,0.00,0.00
2015.05.20 07:48:12.798,12.07615,12.07902,0.00,0.00
2015.05.20 07:48:12.949,12.07599,12.07902,0.00,0.00
2015.05.20 07:48:13.253,12.07614,12.07902,0.00,0.00
2015.05.20 07:48:13.821,12.07614,12.07879,0.00,0.00
2015.05.20 07:48:15.711,12.07614,12.07902,0.00,0.00
2015.05.20 07:48:15.761,12.07648,12.07923,0.00,0.00
2015.05.20 07:48:16.103,12.07665,12.07928,0.00,0.00
2015.05.20 07:48:16.627,12.07651,12.07928,0.00,0.00
2015.05.20 07:48:17.244,12.07665,12.07928,0.00,0.00
2015.05.20 07:48:17.345,12.0765,12.07928,0.00,0.00
2015.05.20 07:48:17.447,12.07648,12.07928,0.00,0.00
2015.05.20 07:48:17.632,12.0765,12.07928,0.00,0.00
2015.05.20 07:48:17.942,12.07598,12.07879,0.00,0.00
2015.05.20 07:48:18.631,12.07612,12.07879,0.00,0.00
2015.05.20 07:48:19.152,12.07598,12.07879,0.00,0.00
2015.05.20 07:48:19.634,12.07608,12.07879,0.00,0.00
2015.05.20 07:48:21.029,12.07648,12.07879,0.00,0.00
2015.05.20 07:48:21.080,12.07648,12.07928,0.00,0.00
2015.05.20 07:48:21.673,12.07666,12.07928,0.00,0.00
2015.05.20 07:48:24.166,12.07656,12.07928,0.00,0.00
2015.05.20 07:48:24.266,12.07648,12.07928,0.00,0.00
2015.05.20 07:48:25.519,12.07626,12.07879,0.00,0.00
2015.05.20 07:48:25.945,12.07649,12.07879,0.00,0.00
2015.05.20 07:48:26.871,12.07617,12.07879,0.00,0.00
2015.05.20 07:48:31.704,12.07649,12.07929,0.00,0.00
2015.05.20 07:48:36.715,12.07649,12.07879,0.00,0.00
2015.05.20 07:48:36.766,12.07627,12.07879,0.00,0.00
2015.05.20 07:48:36.867,12.07617,12.07879,0.00,0.00
2015.05.20 07:48:37.722,12.07617,12.07851,0.00,0.00
2015.05.20 07:48:37.823,12.07607,12.07851,0.00,0.00
2015.05.20 07:48:38.043,12.07587,12.07851,0.00,0.00
2015.05.20 07:48:38.144,12.07567,12.07828,0.00,0.00
2015.05.20 07:48:54.608,12.07648,12.07906,0.00,0.00
2015.05.20 07:48:54.910,12.07704,12.07929,0.00,0.00
2015.05.20 07:48:55.308,12.07716,12.07929,0.00,0.00
2015.05.20 07:48:55.741,12.07704,12.07929,0.00,0.00
2015.05.20 07:48:55.924,12.07717,12.07929,0.00,0.00
2015.05.20 07:48:55.974,12.07717,12.07978,0.00,0.00
2015.05.20 07:48:56.578,12.07749,12.07978,0.00,0.00
2015.05.20 07:48:57.415,12.07749,12.08029,0.00,0.00
2015.05.20 07:48:58.292,12.07736,12.08002,0.00,0.00
2015.05.20 07:48:58.393,12.07708,12.08002,0.00,0.00
2015.05.20 07:48:58.691,12.07708,12.07979,0.00,0.00
2015.05.20 07:48:59.393,12.07749,12.07979,0.00,0.00
2015.05.20 07:49:00.144,12.07749,12.08028,0.00,0.00
2015.05.20 07:49:00.195,12.077,12.08002,0.00,0.00
2015.05.20 07:49:00.487,12.07726,12.08002,0.00,0.00
2015.05.20 07:49:00.638,12.07749,12.08028,0.00,0.00
2015.05.20 07:49:02.123,12.07749,12.07978,0.00,0.00
2015.05.20 07:49:02.697,12.0771,12.07978,0.00,0.00
2015.05.20 07:49:02.801,12.07748,12.07978,0.00,0.00
2015.05.20 07:49:03.154,12.0771,12.07978,0.00,0.00
2015.05.20 07:49:03.254,12.07749,12.07978,0.00,0.00
2015.05.20 07:49:03.685,12.07748,12.08028,0.00,0.00
2015.05.20 07:49:03.937,12.07737,12.08002,0.00,0.00
2015.05.20 07:49:03.988,12.0771,12.08002,0.00,0.00
2015.05.20 07:49:04.039,12.07749,12.08028,0.00,0.00
2015.05.20 07:49:04.391,12.07726,12.08002,0.00,0.00
2015.05.20 07:49:04.497,12.07748,12.08028,0.00,0.00
2015.05.20 07:49:04.699,12.07711,12.08002,0.00,0.00
2015.05.20 07:49:04.800,12.07748,12.08028,0.00,0.00
2015.05.20 07:49:05.137,12.07711,12.07978,0.00,0.00
2015.05.20 07:49:05.188,12.07699,12.07978,0.00,0.00
2015.05.20 07:49:05.239,12.07749,12.07978,0.00,0.00
2015.05.20 07:49:05.593,12.07726,12.07978,0.00,0.00
2015.05.20 07:49:05.694,12.07748,12.07978,0.00,0.00
2015.05.20 07:49:05.896,12.07737,12.07978,0.00,0.00
2015.05.20 07:49:05.997,12.07749,12.07978,0.00,0.00
2015.05.20 07:49:06.346,12.0771,12.07978,0.00,0.00
2015.05.20 07:49:06.533,12.07748,12.08029,0.00,0.00
2015.05.20 07:49:06.798,12.07737,12.08001,0.00,0.00
2015.05.20 07:49:06.902,12.07749,12.08029,0.00,0.00
2015.05.20 07:49:07.103,12.07711,12.08002,0.00,0.00
2015.05.20 07:49:07.205,12.07726,12.08002,0.00,0.00
2015.05.20 07:49:07.306,12.07711,12.08002,0.00,0.00
2015.05.20 07:49:07.357,12.07749,12.08029,0.00,0.00
2015.05.20 07:49:07.999,12.07737,12.07979,0.00,0.00
2015.05.20 07:49:08.302,12.07721,12.07979,0.00,0.00
2015.05.20 07:49:08.411,12.07748,12.07979,0.00,0.00
2015.05.20 07:49:09.252,12.07748,12.08029,0.00,0.00
2015.05.20 07:49:09.406,12.07756,12.08029,0.00,0.00
2015.05.20 07:49:09.990,12.07766,12.08029,0.00,0.00
2015.05.20 07:49:10.704,12.07757,12.08029,0.00,0.00
2015.05.20 07:49:10.911,12.07748,12.08029,0.00,0.00
2015.05.20 07:49:12.527,12.07716,12.08002,0.00,0.00
2015.05.20 07:49:12.578,12.07716,12.07979,0.00,0.00
2015.05.20 07:49:12.881,12.07748,12.07979,0.00,0.00
2015.05.20 07:49:12.931,12.07736,12.07979,0.00,0.00
2015.05.20 07:49:13.032,12.07749,12.07979,0.00,0.00
2015.05.20 07:49:13.251,12.07736,12.07979,0.00,0.00
2015.05.20 07:49:13.361,12.07749,12.07979,0.00,0.00
2015.05.20 07:49:13.872,12.07749,12.08028,0.00,0.00
2015.05.20 07:49:15.633,12.07749,12.07979,0.00,0.00
2015.05.20 07:49:15.684,12.07736,12.07979,0.00,0.00
2015.05.20 07:49:15.919,12.07717,12.07979,0.00,0.00
2015.05.20 07:49:16.536,12.07698,12.07979,0.00,0.00
2015.05.20 07:49:16.586,12.07697,12.07952,0.00,0.00
2015.05.20 07:49:17.103,12.07697,12.07929,0.00,0.00
2015.05.20 07:49:18.423,12.07686,12.07929,0.00,0.00
2015.05.20 07:49:18.597,12.07667,12.07929,0.00,0.00
2015.05.20 07:49:23.586,12.07648,12.07929,0.00,0.00
2015.05.20 07:49:24.409,12.0765,12.07929,0.00,0.00
2015.05.20 07:49:25.312,12.07648,12.07878,0.00,0.00
2015.05.20 07:49:25.362,12.07634,12.07878,0.00,0.00
2015.05.20 07:49:25.473,12.07634,12.07851,0.00,0.00
2015.05.20 07:49:25.523,12.07584,12.07851,0.00,0.00
2015.05.20 07:49:25.661,12.07616,12.07851,0.00,0.00
2015.05.20 07:49:25.712,12.07616,12.07878,0.00,0.00
2015.05.20 07:49:25.937,12.07598,12.07878,0.00,0.00
2015.05.20 07:49:26.314,12.07611,12.07878,0.00,0.00
2015.05.20 07:49:27.717,12.07598,12.07878,0.00,0.00
2015.05.20 07:49:28.619,12.07605,12.07878,0.00,0.00
2015.05.20 07:49:31.826,12.07598,12.07878,0.00,0.00
2015.05.20 07:49:32.327,12.07599,12.07878,0.00,0.00
2015.05.20 07:49:32.588,12.07599,12.07828,0.00,0.00
2015.05.20 07:49:32.897,12.07564,12.07828,0.00,0.00
2015.05.20 07:49:33.131,12.07583,12.07828,0.00,0.00
2015.05.20 07:49:33.329,12.07548,12.07828,0.00,0.00
2015.05.20 07:49:36.900,12.07548,12.07779,0.00,0.00
2015.05.20 07:49:36.950,12.07498,12.07779,0.00,0.00
2015.05.20 07:49:37.051,12.07471,12.07752,0.00,0.00
2015.05.20 07:49:37.202,12.07456,12.07752,0.00,0.00
2015.05.20 07:49:37.341,12.07448,12.07752,0.00,0.00
2015.05.20 07:49:38.426,12.07448,12.07729,0.00,0.00
2015.05.20 07:49:39.145,12.07452,12.07729,0.00,0.00
2015.05.20 07:49:39.376,12.07448,12.07729,0.00,0.00
2015.05.20 07:49:39.851,12.07448,12.07678,0.00,0.00
2015.05.20 07:49:39.902,12.07425,12.07678,0.00,0.00
2015.05.20 07:49:49.696,12.07416,12.07652,0.00,0.00
2015.05.20 07:49:50.045,12.07426,12.07629,0.00,0.00
2015.05.20 07:49:50.432,12.07449,12.07729,0.00,0.00
2015.05.20 07:49:58.383,12.07451,12.07729,0.00,0.00
2015.05.20 07:49:58.484,12.07449,12.07729,0.00,0.00
2015.05.20 07:50:03.570,12.07427,12.07701,0.00,0.00
2015.05.20 07:50:04.057,12.07427,12.07679,0.00,0.00
2015.05.20 07:50:04.627,12.07427,12.07652,0.00,0.00
2015.05.20 07:50:04.728,12.07406,12.07652,0.00,0.00
2015.05.20 07:50:04.779,12.07406,12.07679,0.00,0.00
2015.05.20 07:50:04.829,12.07425,12.07679,0.00,0.00
2015.05.20 07:50:06.716,12.07448,12.07729,0.00,0.00
2015.05.20 07:50:13.382,12.07448,12.07752,0.00,0.00
2015.05.20 07:50:13.433,12.07498,12.07755,0.00,0.00
2015.05.20 07:50:13.542,12.07498,12.07769,0.00,0.00
2015.05.20 07:50:13.746,12.07498,12.07778,0.00,0.00
2015.05.20 07:50:32.342,12.07498,12.07729,0.00,0.00
2015.05.20 07:50:32.392,12.07449,12.07729,0.00,0.00
2015.05.20 07:50:44.048,12.07498,12.07779,0.00,0.00
2015.05.20 07:50:44.149,12.07548,12.07779,0.00,0.00
2015.05.20 07:50:44.852,12.07556,12.07779,0.00,0.00
2015.05.20 07:50:45.009,12.07548,12.07779,0.00,0.00
2015.05.20 07:50:45.455,12.07548,12.07829,0.00,0.00
2015.05.20 07:50:47.817,12.07548,12.07814,0.00,0.00
2015.05.20 07:50:47.867,12.07498,12.07778,0.00,0.00
2015.05.20 07:50:48.514,12.07476,12.07751,0.00,0.00
2015.05.20 07:50:48.564,12.07455,12.07751,0.00,0.00
2015.05.20 07:50:48.665,12.07449,12.07751,0.00,0.00
2015.05.20 07:50:49.310,12.07449,12.07729,0.00,0.00
2015.05.20 07:50:58.231,12.07433,12.07678,0.00,0.00
2015.05.20 07:51:06.038,12.07433,12.07629,0.00,0.00
2015.05.20 07:51:06.088,12.07425,12.07629,0.00,0.00
2015.05.20 07:51:06.189,12.07449,12.07629,0.00,0.00
2015.05.20 07:51:06.771,12.07449,12.07729,0.00,0.00
2015.05.20 07:51:10.959,12.07449,12.07678,0.00,0.00
2015.05.20 07:51:11.010,12.07426,12.07678,0.00,0.00
2015.05.20 07:51:12.951,12.07426,12.07702,0.00,0.00
2015.05.20 07:51:13.002,12.07448,12.07729,0.00,0.00
2015.05.20 07:51:15.021,12.07448,12.07678,0.00,0.00
2015.05.20 07:51:15.072,12.07426,12.07678,0.00,0.00
2015.05.20 07:51:15.353,12.07448,12.07678,0.00,0.00
2015.05.20 07:51:15.726,12.07452,12.07678,0.00,0.00
2015.05.20 07:51:16.451,12.07452,12.07728,0.00,0.00
2015.05.20 07:51:16.918,12.07448,12.07728,0.00,0.00
2015.05.20 07:51:18.270,12.0745,12.07728,0.00,0.00
2015.05.20 07:51:18.371,12.07448,12.07728,0.00,0.00
2015.05.20 07:51:31.783,12.07448,12.07679,0.00,0.00
2015.05.20 07:51:31.833,12.07415,12.07679,0.00,0.00
2015.05.20 07:51:31.893,12.07415,12.07652,0.00,0.00
2015.05.20 07:51:32.273,12.07375,12.07652,0.00,0.00
2015.05.20 07:51:32.443,12.07415,12.07652,0.00,0.00
2015.05.20 07:51:32.498,12.07376,12.07652,0.00,0.00
2015.05.20 07:51:32.599,12.07415,12.07652,0.00,0.00
2015.05.20 07:51:33.170,12.07415,12.07629,0.00,0.00
2015.05.20 07:51:36.361,12.07415,12.07578,0.00,0.00
2015.05.20 07:51:36.412,12.07376,12.07578,0.00,0.00
2015.05.20 07:51:36.613,12.07426,12.07578,0.00,0.00
2015.05.20 07:51:37.020,12.07426,12.07679,0.00,0.00
2015.05.20 07:51:38.452,12.07426,12.07701,0.00,0.00
2015.05.20 07:51:38.503,12.07449,12.07729,0.00,0.00
2015.05.20 07:51:55.696,12.07455,12.07729,0.00,0.00
2015.05.20 07:51:56.858,12.07449,12.07729,0.00,0.00
2015.05.20 07:52:04.990,12.07451,12.07729,0.00,0.00
2015.05.20 07:52:05.318,12.07548,12.07768,0.00,0.00
2015.05.20 07:52:05.418,12.07549,12.07828,0.00,0.00
2015.05.20 07:52:06.071,12.07548,12.07828,0.00,0.00
2015.05.20 07:52:07.225,12.07548,12.07852,0.00,0.00
2015.05.20 07:52:07.276,12.07579,12.07852,0.00,0.00
2015.05.20 07:52:07.326,12.07599,12.07878,0.00,0.00
2015.05.20 07:52:07.427,12.07648,12.07878,0.00,0.00
2015.05.20 07:52:08.022,12.07649,12.07878,0.00,0.00
2015.05.20 07:52:08.223,12.07598,12.07878,0.00,0.00
2015.05.20 07:52:08.324,12.07625,12.07878,0.00,0.00
2015.05.20 07:52:08.491,12.07598,12.07878,0.00,0.00
2015.05.20 07:52:09.627,12.07583,12.07852,0.00,0.00
2015.05.20 07:52:10.014,12.07598,12.07829,0.00,0.00
2015.05.20 07:52:10.940,12.07581,12.07829,0.00,0.00
2015.05.20 07:52:11.050,12.07598,12.07829,0.00,0.00
2015.05.20 07:52:11.248,12.07598,12.07878,0.00,0.00
2015.05.20 07:52:12.560,12.07648,12.07929,0.00,0.00
2015.05.20 07:52:13.629,12.07699,12.07929,0.00,0.00
2015.05.20 07:52:13.831,12.07699,12.07979,0.00,0.00
2015.05.20 07:52:17.918,12.07678,12.07928,0.00,0.00
2015.05.20 07:52:18.038,12.07648,12.07928,0.00,0.00
2015.05.20 07:52:18.590,12.07648,12.07918,0.00,0.00
2015.05.20 07:52:20.646,12.07648,12.07879,0.00,0.00
2015.05.20 07:52:20.748,12.07605,12.07879,0.00,0.00
2015.05.20 07:52:21.004,12.07599,12.07879,0.00,0.00
2015.05.20 07:52:21.115,12.07616,12.07879,0.00,0.00
2015.05.20 07:52:21.218,12.07603,12.07879,0.00,0.00
2015.05.20 07:52:22.017,12.07615,12.07879,0.00,0.00
2015.05.20 07:52:24.710,12.07615,12.07828,0.00,0.00
2015.05.20 07:52:24.849,12.07566,12.07828,0.00,0.00
2015.05.20 07:52:29.045,12.0755,12.07828,0.00,0.00
2015.05.20 07:52:29.933,12.07565,12.07828,0.00,0.00
2015.05.20 07:52:30.034,12.07551,12.07828,0.00,0.00
2015.05.20 07:52:30.742,12.07552,12.07802,0.00,0.00
2015.05.20 07:52:31.044,12.07498,12.07759,0.00,0.00
2015.05.20 07:52:31.094,12.07495,12.07752,0.00,0.00
2015.05.20 07:52:31.378,12.07457,12.07752,0.00,0.00
2015.05.20 07:52:32.095,12.07457,12.07729,0.00,0.00
2015.05.20 07:52:34.920,12.07457,12.07701,0.00,0.00
2015.05.20 07:52:35.269,12.07448,12.07679,0.00,0.00
2015.05.20 07:52:36.077,12.07463,12.07679,0.00,0.00
2015.05.20 07:52:38.329,12.07463,12.07652,0.00,0.00
2015.05.20 07:52:38.499,12.07433,12.07629,0.00,0.00
2015.05.20 07:52:39.001,12.07455,12.07629,0.00,0.00
2015.05.20 07:52:39.379,12.07445,12.07629,0.00,0.00
2015.05.20 07:52:39.926,12.07413,12.07629,0.00,0.00
2015.05.20 07:52:40.376,12.07438,12.07629,0.00,0.00
2015.05.20 07:52:40.457,12.07407,12.07629,0.00,0.00
2015.05.20 07:52:41.095,12.07423,12.07629,0.00,0.00
2015.05.20 07:52:41.980,12.07455,12.07678,0.00,0.00
2015.05.20 07:52:43.299,12.07455,12.07702,0.00,0.00
2015.05.20 07:52:51.830,12.07432,12.07702,0.00,0.00
2015.05.20 07:52:51.881,12.07448,12.07679,0.00,0.00
2015.05.20 07:52:51.982,12.07432,12.07679,0.00,0.00
2015.05.20 07:52:52.783,12.07416,12.07679,0.00,0.00
2015.05.20 07:53:00.704,12.07426,12.07679,0.00,0.00
2015.05.20 07:53:00.795,12.07415,12.07679,0.00,0.00
2015.05.20 07:53:03.032,12.07426,12.07679,0.00,0.00
2015.05.20 07:53:07.811,12.07415,12.07679,0.00,0.00
2015.05.20 07:53:08.012,12.07432,12.07679,0.00,0.00
2015.05.20 07:53:10.908,12.07432,12.07701,0.00,0.00
2015.05.20 07:53:10.998,12.07449,12.07728,0.00,0.00
2015.05.20 07:53:11.049,12.07462,12.07728,0.00,0.00
2015.05.20 07:53:11.732,12.07489,12.07728,0.00,0.00
2015.05.20 07:53:12.019,12.07472,12.07728,0.00,0.00
2015.05.20 07:53:12.543,12.07488,12.07728,0.00,0.00
2015.05.20 07:53:13.021,12.07473,12.07728,0.00,0.00
2015.05.20 07:53:14.752,12.07457,12.07728,0.00,0.00
2015.05.20 07:53:15.025,12.07473,12.07728,0.00,0.00
2015.05.20 07:53:17.034,12.07456,12.07728,0.00,0.00
2015.05.20 07:53:17.436,12.07449,12.07728,0.00,0.00
2015.05.20 07:53:18.901,12.07449,12.07725,0.00,0.00
2015.05.20 07:53:18.951,12.07398,12.07679,0.00,0.00
2015.05.20 07:53:19.052,12.07375,12.07651,0.00,0.00
2015.05.20 07:53:19.103,12.07366,12.07651,0.00,0.00
2015.05.20 07:53:19.281,12.07366,12.07602,0.00,0.00
2015.05.20 07:53:19.469,12.07355,12.07602,0.00,0.00
2015.05.20 07:53:19.520,12.07355,12.07578,0.00,0.00
2015.05.20 07:53:19.870,12.07365,12.07578,0.00,0.00
2015.05.20 07:53:20.602,12.07365,12.07602,0.00,0.00
2015.05.20 07:53:20.664,12.07375,12.07602,0.00,0.00
2015.05.20 07:53:20.715,12.07375,12.07652,0.00,0.00
2015.05.20 07:53:20.765,12.07385,12.07652,0.00,0.00
2015.05.20 07:53:21.092,12.07426,12.07652,0.00,0.00
2015.05.20 07:53:22.669,12.07386,12.07652,0.00,0.00
2015.05.20 07:53:24.706,12.07375,12.07652,0.00,0.00
2015.05.20 07:53:26.336,12.07375,12.07629,0.00,0.00
2015.05.20 07:53:26.538,12.07359,12.07629,0.00,0.00
2015.05.20 07:53:27.388,12.07399,12.07629,0.00,0.00
2015.05.20 07:53:27.741,12.07399,12.07679,0.00,0.00
2015.05.20 07:53:28.289,12.07398,12.07679,0.00,0.00
2015.05.20 07:53:32.736,12.07398,12.07702,0.00,0.00
2015.05.20 07:53:32.788,12.07449,12.07729,0.00,0.00
2015.05.20 07:53:43.804,12.0743,12.07702,0.00,0.00
2015.05.20 07:53:43.855,12.07398,12.07679,0.00,0.00
2015.05.20 07:53:52.175,12.07448,12.07705,0.00,0.00
2015.05.20 07:53:52.226,12.07448,12.07729,0.00,0.00
2015.05.20 07:53:55.898,12.07448,12.07628,0.00,0.00
2015.05.20 07:53:55.999,12.07415,12.07628,0.00,0.00
2015.05.20 07:53:56.049,12.0745,12.07651,0.00,0.00
2015.05.20 07:53:56.100,12.07498,12.07778,0.00,0.00
2015.05.20 07:53:56.645,12.07498,12.07779,0.00,0.00
2015.05.20 07:54:02.203,12.07498,12.07728,0.00,0.00
2015.05.20 07:54:02.257,12.07456,12.07728,0.00,0.00
2015.05.20 07:54:02.454,12.07449,12.07728,0.00,0.00
2015.05.20 07:54:02.555,12.07457,12.07728,0.00,0.00
2015.05.20 07:54:02.756,12.07449,12.07728,0.00,0.00
2015.05.20 07:54:06.278,12.07429,12.07701,0.00,0.00
2015.05.20 07:54:11.247,12.07429,12.07678,0.00,0.00
2015.05.20 07:54:11.298,12.07392,12.07651,0.00,0.00
2015.05.20 07:54:11.398,12.07365,12.07651,0.00,0.00
2015.05.20 07:54:11.735,12.07399,12.07678,0.00,0.00
2015.05.20 07:54:11.993,12.07358,12.07652,0.00,0.00
2015.05.20 07:54:12.725,12.07358,12.07629,0.00,0.00
2015.05.20 07:54:13.816,12.07398,12.07629,0.00,0.00
2015.05.20 07:54:14.017,12.07398,12.07679,0.00,0.00
2015.05.20 07:54:15.355,12.07356,12.07652,0.00,0.00
2015.05.20 07:54:15.613,12.07356,12.07629,0.00,0.00
2015.05.20 07:54:16.888,12.07398,12.07629,0.00,0.00
2015.05.20 07:54:16.989,12.07398,12.07678,0.00,0.00
2015.05.20 07:54:20.377,12.07398,12.07702,0.00,0.00
2015.05.20 07:54:20.428,12.07448,12.07729,0.00,0.00
2015.05.20 07:54:20.938,12.07449,12.07729,0.00,0.00
2015.05.20 07:54:36.869,12.07455,12.07729,0.00,0.00
2015.05.20 07:54:38.264,12.07466,12.07729,0.00,0.00
2015.05.20 07:54:41.355,12.07456,12.07729,0.00,0.00
2015.05.20 07:54:44.162,12.07456,12.07679,0.00,0.00
2015.05.20 07:54:44.213,12.07445,12.07679,0.00,0.00
2015.05.20 07:54:44.314,12.07418,12.07679,0.00,0.00
2015.05.20 07:54:44.415,12.07398,12.07679,0.00,0.00
2015.05.20 07:54:44.515,12.07415,12.07679,0.00,0.00
2015.05.20 07:54:44.703,12.07398,12.07679,0.00,0.00
2015.05.20 07:54:45.206,12.07404,12.07679,0.00,0.00
2015.05.20 07:54:48.646,12.07404,12.07628,0.00,0.00
2015.05.20 07:54:48.696,12.07381,12.07628,0.00,0.00
2015.05.20 07:54:48.797,12.07355,12.07628,0.00,0.00
2015.05.20 07:54:49.099,12.07358,12.07628,0.00,0.00
2015.05.20 07:54:49.576,12.07374,12.07628,0.00,0.00
2015.05.20 07:54:50.185,12.07389,12.07628,0.00,0.00
2015.05.20 07:54:50.286,12.07348,12.07628,0.00,0.00
2015.05.20 07:54:50.886,12.07355,12.07628,0.00,0.00
2015.05.20 07:54:51.936,12.07348,12.07628,0.00,0.00
2015.05.20 07:54:52.188,12.07355,12.07628,0.00,0.00
2015.05.20 07:54:52.473,12.07348,12.07628,0.00,0.00
2015.05.20 07:54:55.199,12.07355,12.07628,0.00,0.00
2015.05.20 07:54:55.801,12.07348,12.07628,0.00,0.00
2015.05.20 07:54:59.340,12.07348,12.07578,0.00,0.00
2015.05.20 07:54:59.391,12.0733,12.07578,0.00,0.00
2015.05.20 07:54:59.491,12.07326,12.07578,0.00,0.00
2015.05.20 07:54:59.542,12.07298,12.07578,0.00,0.00
2015.05.20 07:54:59.643,12.07303,12.07578,0.00,0.00
2015.05.20 07:54:59.744,12.07298,12.07578,0.00,0.00
2015.05.20 07:54:59.920,12.07275,12.07551,0.00,0.00
2015.05.20 07:55:00.093,12.07255,12.07551,0.00,0.00
2015.05.20 07:55:00.244,12.07249,12.07551,0.00,0.00
2015.05.20 07:55:00.345,12.07221,12.07479,0.00,0.00
2015.05.20 07:55:00.396,12.07205,12.07479,0.00,0.00
2015.05.20 07:55:00.447,12.07225,12.07479,0.00,0.00
2015.05.20 07:55:00.548,12.07198,12.07479,0.00,0.00
2015.05.20 07:55:00.598,12.07176,12.07451,0.00,0.00
2015.05.20 07:55:00.649,12.07161,12.07451,0.00,0.00
2015.05.20 07:55:00.857,12.07149,12.07451,0.00,0.00
2015.05.20 07:55:01.024,12.07198,12.07454,0.00,0.00
2015.05.20 07:55:01.126,12.07198,12.07472,0.00,0.00
2015.05.20 07:55:01.227,12.07198,12.07479,0.00,0.00
2015.05.20 07:55:01.880,12.07177,12.07452,0.00,0.00
2015.05.20 07:55:01.931,12.07166,12.07452,0.00,0.00
2015.05.20 07:55:01.981,12.07166,12.07428,0.00,0.00
2015.05.20 07:55:04.340,12.07156,12.07428,0.00,0.00
2015.05.20 07:55:10.582,12.07148,12.07428,0.00,0.00
2015.05.20 07:55:10.685,12.07159,12.07428,0.00,0.00
2015.05.20 07:55:10.873,12.07148,12.07428,0.00,0.00
2015.05.20 07:55:19.352,12.07154,12.07428,0.00,0.00
2015.05.20 07:55:19.725,12.07183,12.07428,0.00,0.00
2015.05.20 07:55:20.328,12.07183,12.07452,0.00,0.00
2015.05.20 07:55:20.379,12.07198,12.07478,0.00,0.00
2015.05.20 07:55:20.429,12.07202,12.07478,0.00,0.00
2015.05.20 07:55:20.874,12.07249,12.07478,0.00,0.00
2015.05.20 07:55:21.762,12.07249,12.07529,0.00,0.00
2015.05.20 07:55:22.246,12.07299,12.07529,0.00,0.00
2015.05.20 07:55:23.223,12.07299,12.07578,0.00,0.00
2015.05.20 07:55:23.457,12.07279,12.07552,0.00,0.00
2015.05.20 07:55:23.565,12.07256,12.07552,0.00,0.00
2015.05.20 07:55:24.066,12.07268,12.07552,0.00,0.00
2015.05.20 07:55:24.267,12.07255,12.07552,0.00,0.00
2015.05.20 07:55:24.548,12.07255,12.07529,0.00,0.00
2015.05.20 07:55:25.613,12.07248,12.07529,0.00,0.00
2015.05.20 07:55:39.527,12.07198,12.07478,0.00,0.00
2015.05.20 07:55:44.997,12.07176,12.07452,0.00,0.00
2015.05.20 07:55:45.304,12.07165,12.07429,0.00,0.00
2015.05.20 07:55:45.656,12.07155,12.07429,0.00,0.00
2015.05.20 07:55:45.757,12.07168,12.07429,0.00,0.00
2015.05.20 07:55:46.318,12.07155,12.07429,0.00,0.00
2015.05.20 07:55:49.740,12.07248,12.07429,0.00,0.00
2015.05.20 07:55:49.791,12.07248,12.07485,0.00,0.00
2015.05.20 07:55:49.892,12.07248,12.07511,0.00,0.00
2015.05.20 07:55:49.992,12.07249,12.07538,0.00,0.00
2015.05.20 07:55:50.223,12.07249,12.07551,0.00,0.00
2015.05.20 07:55:51.820,12.07225,12.07502,0.00,0.00
2015.05.20 07:55:52.072,12.07198,12.07479,0.00,0.00
2015.05.20 07:55:57.977,12.07175,12.07451,0.00,0.00
2015.05.20 07:55:58.439,12.07155,12.07429,0.00,0.00
2015.05.20 07:55:58.498,12.07149,12.07429,0.00,0.00
2015.05.20 07:56:01.348,12.07163,12.07429,0.00,0.00
2015.05.20 07:56:02.765,12.07185,12.07451,0.00,0.00
2015.05.20 07:56:02.972,12.07199,12.07478,0.00,0.00
2015.05.20 07:56:03.023,12.07214,12.07478,0.00,0.00
2015.05.20 07:56:03.074,12.07199,12.07478,0.00,0.00
2015.05.20 07:56:05.477,12.07204,12.07478,0.00,0.00
2015.05.20 07:56:05.898,12.07199,12.07478,0.00,0.00
2015.05.20 07:56:20.306,12.07249,12.07478,0.00,0.00
2015.05.20 07:56:20.357,12.07249,12.07508,0.00,0.00
2015.05.20 07:56:20.457,12.07249,12.07528,0.00,0.00
2015.05.20 07:56:20.558,12.07204,12.07501,0.00,0.00
2015.05.20 07:56:20.936,12.07248,12.07505,0.00,0.00
2015.05.20 07:56:20.987,12.07199,12.07501,0.00,0.00
2015.05.20 07:56:21.766,12.07199,12.07479,0.00,0.00
2015.05.20 07:56:36.017,12.07166,12.07428,0.00,0.00
2015.05.20 07:56:36.068,12.07148,12.07428,0.00,0.00
2015.05.20 07:56:37.379,12.07126,12.07402,0.00,0.00
2015.05.20 07:56:37.631,12.07098,12.07378,0.00,0.00
2015.05.20 07:56:39.275,12.07148,12.07428,0.00,0.00
2015.05.20 07:56:46.489,12.07125,12.07401,0.00,0.00
2015.05.20 07:56:46.690,12.07099,12.07378,0.00,0.00
2015.05.20 07:56:50.388,12.07148,12.07424,0.00,0.00
2015.05.20 07:56:50.488,12.07148,12.07429,0.00,0.00
2015.05.20 07:56:51.167,12.07105,12.07402,0.00,0.00
2015.05.20 07:56:51.218,12.07098,12.07402,0.00,0.00
2015.05.20 07:56:51.687,12.07098,12.07378,0.00,0.00
2015.05.20 07:56:53.095,12.07149,12.07378,0.00,0.00
2015.05.20 07:56:53.146,12.07149,12.07429,0.00,0.00
2015.05.20 07:57:30.658,12.07149,12.07379,0.00,0.00
2015.05.20 07:57:30.709,12.07106,12.07379,0.00,0.00
2015.05.20 07:57:30.810,12.07099,12.07379,0.00,0.00
2015.05.20 07:57:32.415,12.07099,12.07401,0.00,0.00
2015.05.20 07:57:32.467,12.07148,12.07404,0.00,0.00
2015.05.20 07:57:32.517,12.07148,12.07429,0.00,0.00
2015.05.20 07:57:43.214,12.0718,12.07429,0.00,0.00
2015.05.20 07:57:43.315,12.07198,12.07479,0.00,0.00
2015.05.20 07:57:43.467,12.0721,12.07479,0.00,0.00
2015.05.20 07:57:43.783,12.07198,12.07479,0.00,0.00
2015.05.20 07:57:46.174,12.07208,12.07479,0.00,0.00
2015.05.20 07:57:46.576,12.07198,12.07479,0.00,0.00
2015.05.20 07:57:49.707,12.07198,12.07502,0.00,0.00
2015.05.20 07:57:49.758,12.07249,12.07529,0.00,0.00
2015.05.20 07:57:51.364,12.0725,12.07529,0.00,0.00
2015.05.20 07:57:51.692,12.07272,12.07551,0.00,0.00
2015.05.20 07:57:51.994,12.07349,12.07578,0.00,0.00
2015.05.20 07:57:52.298,12.07398,12.07578,0.00,0.00
2015.05.20 07:57:52.404,12.07398,12.07679,0.00,0.00
2015.05.20 07:57:57.575,12.07375,12.07652,0.00,0.00
2015.05.20 07:57:57.919,12.07355,12.07628,0.00,0.00
2015.05.20 07:57:58.736,12.07367,12.07628,0.00,0.00
2015.05.20 07:57:59.498,12.07356,12.07628,0.00,0.00
2015.05.20 07:57:59.859,12.07348,12.07628,0.00,0.00
2015.05.20 07:58:01.730,12.07362,12.07628,0.00,0.00
2015.05.20 07:58:04.168,12.07348,12.07628,0.00,0.00
2015.05.20 07:58:06.015,12.07325,12.07602,0.00,0.00
2015.05.20 07:58:06.217,12.07298,12.07579,0.00,0.00
2015.05.20 07:58:06.684,12.07255,12.07552,0.00,0.00
2015.05.20 07:58:07.003,12.07289,12.07552,0.00,0.00
2015.05.20 07:58:07.054,12.07298,12.07579,0.00,0.00
2015.05.20 07:58:17.927,12.07276,12.07528,0.00,0.00
2015.05.20 07:58:18.028,12.07249,12.07528,0.00,0.00
2015.05.20 07:58:19.227,12.07226,12.07501,0.00,0.00
2015.05.20 07:58:19.518,12.07199,12.07479,0.00,0.00
2015.05.20 07:58:22.338,12.07199,12.07428,0.00,0.00
2015.05.20 07:58:22.439,12.07156,12.07428,0.00,0.00
2015.05.20 07:58:22.540,12.07148,12.07428,0.00,0.00
2015.05.20 07:58:24.759,12.07155,12.07428,0.00,0.00
2015.05.20 07:58:25.442,12.07148,12.07428,0.00,0.00
2015.05.20 07:58:25.626,12.07145,12.07378,0.00,0.00
2015.05.20 07:58:25.727,12.07106,12.07352,0.00,0.00
2015.05.20 07:58:25.828,12.07048,12.07352,0.00,0.00
2015.05.20 07:58:26.753,12.07071,12.07352,0.00,0.00
2015.05.20 07:58:27.057,12.07098,12.07378,0.00,0.00
2015.05.20 07:58:27.208,12.07148,12.07429,0.00,0.00
2015.05.20 07:58:27.411,12.07165,12.07429,0.00,0.00
2015.05.20 07:58:29.163,12.07155,12.07429,0.00,0.00
2015.05.20 07:58:30.068,12.07148,12.07429,0.00,0.00
2015.05.20 07:58:30.366,12.07125,12.07379,0.00,0.00
2015.05.20 07:58:30.819,12.07149,12.07379,0.00,0.00
2015.05.20 07:58:31.673,12.07149,12.07428,0.00,0.00
2015.05.20 07:58:33.301,12.07125,12.07401,0.00,0.00
2015.05.20 07:58:33.629,12.07105,12.07378,0.00,0.00
2015.05.20 07:58:33.730,12.07099,12.07378,0.00,0.00
2015.05.20 07:58:36.307,12.07099,12.07328,0.00,0.00
2015.05.20 07:58:36.408,12.07055,12.07328,0.00,0.00
2015.05.20 07:58:36.458,12.07065,12.07328,0.00,0.00
2015.05.20 07:58:36.637,12.07048,12.07328,0.00,0.00
2015.05.20 07:58:37.037,12.07062,12.07328,0.00,0.00
2015.05.20 07:58:37.446,12.07048,12.07328,0.00,0.00
2015.05.20 07:58:39.343,12.07063,12.07328,0.00,0.00
2015.05.20 07:58:39.952,12.07048,12.07328,0.00,0.00
2015.05.20 07:58:40.054,12.07091,12.07328,0.00,0.00
2015.05.20 07:58:40.316,12.07062,12.07328,0.00,0.00
2015.05.20 07:58:41.646,12.07048,12.07328,0.00,0.00
2015.05.20 07:58:54.384,12.07051,12.07328,0.00,0.00
2015.05.20 07:58:54.723,12.07048,12.07328,0.00,0.00
2015.05.20 07:59:00.707,12.07098,12.07328,0.00,0.00
2015.05.20 07:59:00.849,12.07048,12.07352,0.00,0.00
2015.05.20 07:59:01.136,12.07026,12.07354,0.00,0.00
2015.05.20 07:59:02.045,12.07026,12.07329,0.00,0.00
2015.05.20 07:59:05.884,12.07026,12.07354,0.00,0.00
2015.05.20 07:59:06.016,12.0708,12.07354,0.00,0.00
2015.05.20 07:59:06.066,12.07102,12.07379,0.00,0.00
2015.05.20 07:59:06.117,12.07141,12.07379,0.00,0.00
2015.05.20 07:59:06.218,12.07125,12.07379,0.00,0.00
2015.05.20 07:59:07.366,12.07125,12.07428,0.00,0.00
2015.05.20 07:59:11.086,12.07125,12.07379,0.00,0.00
2015.05.20 07:59:11.237,12.07095,12.07379,0.00,0.00
2015.05.20 07:59:11.807,12.07119,12.07379,0.00,0.00
2015.05.20 07:59:12.192,12.0716,12.07379,0.00,0.00
2015.05.20 07:59:12.512,12.0716,12.07429,0.00,0.00
2015.05.20 07:59:24.881,12.07146,12.07429,0.00,0.00
2015.05.20 07:59:24.982,12.07126,12.07429,0.00,0.00
2015.05.20 07:59:26.500,12.07126,12.07378,0.00,0.00
2015.05.20 07:59:26.550,12.07105,12.07378,0.00,0.00
2015.05.20 07:59:26.676,12.07079,12.07378,0.00,0.00
2015.05.20 07:59:26.780,12.07111,12.07378,0.00,0.00
2015.05.20 07:59:27.129,12.0708,12.07378,0.00,0.00
2015.05.20 07:59:28.179,12.0708,12.07328,0.00,0.00
2015.05.20 07:59:28.230,12.07065,12.07328,0.00,0.00
2015.05.20 07:59:28.281,12.07041,12.07328,0.00,0.00
2015.05.20 07:59:28.546,12.07066,12.07328,0.00,0.00
2015.05.20 07:59:28.644,12.07046,12.07328,0.00,0.00
2015.05.20 07:59:29.145,12.07063,12.07328,0.00,0.00
2015.05.20 07:59:30.466,12.07116,12.07379,0.00,0.00
2015.05.20 07:59:30.806,12.07146,12.07379,0.00,0.00
2015.05.20 07:59:31.762,12.07146,12.07428,0.00,0.00
2015.05.20 07:59:32.187,12.07164,12.07428,0.00,0.00
2015.05.20 07:59:32.655,12.07148,12.07428,0.00,0.00
2015.05.20 07:59:34.762,12.07132,12.07428,0.00,0.00
2015.05.20 07:59:38.923,12.07132,12.07378,0.00,0.00
2015.05.20 07:59:38.974,12.07085,12.07378,0.00,0.00
2015.05.20 07:59:39.075,12.07046,12.07376,0.00,0.00
2015.05.20 07:59:39.292,12.0705,12.07378,0.00,0.00
2015.05.20 07:59:39.609,12.07075,12.07378,0.00,0.00
2015.05.20 07:59:43.537,12.07075,12.07329,0.00,0.00
2015.05.20 07:59:43.638,12.07056,12.07329,0.00,0.00
2015.05.20 07:59:43.739,12.07046,12.07329,0.00,0.00
2015.05.20 07:59:44.028,12.07025,12.07329,0.00,0.00
2015.05.20 07:59:44.299,12.07037,12.07329,0.00,0.00
2015.05.20 07:59:44.400,12.07025,12.07329,0.00,0.00
2015.05.20 07:59:46.621,12.07025,12.07279,0.00,0.00
2015.05.20 07:59:46.722,12.06975,12.07279,0.00,0.00
2015.05.20 07:59:46.823,12.07026,12.07279,0.00,0.00
2015.05.20 07:59:46.924,12.06975,12.07279,0.00,0.00
2015.05.20 07:59:47.530,12.07042,12.07279,0.00,0.00
2015.05.20 07:59:48.042,12.07042,12.07328,0.00,0.00
2015.05.20 07:59:48.431,12.07032,12.07328,0.00,0.00
2015.05.20 07:59:49.435,12.07005,12.07328,0.00,0.00
2015.05.20 07:59:49.536,12.07026,12.07328,0.00,0.00
2015.05.20 07:59:49.985,12.07038,12.07328,0.00,0.00
2015.05.20 07:59:50.327,12.07005,12.07278,0.00,0.00
2015.05.20 07:59:50.652,12.0705,12.07278,0.00,0.00
2015.05.20 07:59:51.118,12.07025,12.07278,0.00,0.00
2015.05.20 07:59:51.562,12.07025,12.07329,0.00,0.00
2015.05.20 07:59:51.708,12.07049,12.07329,0.00,0.00
2015.05.20 07:59:51.908,12.07034,12.07329,0.00,0.00
2015.05.20 07:59:52.858,12.07044,12.07329,0.00,0.00
2015.05.20 07:59:53.528,12.0703,12.07329,0.00,0.00
2015.05.20 07:59:54.338,12.07016,12.07279,0.00,0.00
2015.05.20 07:59:54.651,12.07048,12.07279,0.00,0.00
2015.05.20 07:59:55.350,12.07036,12.07279,0.00,0.00
2015.05.20 07:59:55.731,12.07036,12.07329,0.00,0.00
2015.05.20 07:59:55.795,12.07029,12.07148,0.00,0.00
2015.05.20 07:59:55.845,12.06935,12.07129,0.00,0.00
2015.05.20 07:59:55.896,12.06935,12.07263,0.00,0.00
2015.05.20 07:59:56.058,12.06965,12.07279,0.00,0.00
2015.05.20 07:59:56.259,12.06935,12.07265,0.00,0.00
2015.05.20 07:59:56.451,12.06939,12.07267,0.00,0.00
2015.05.20 07:59:56.761,12.06928,12.07256,0.00,0.00
2015.05.20 07:59:57.020,12.06942,12.07272,0.00,0.00
2015.05.20 07:59:57.171,12.06942,12.07228,0.00,0.00
2015.05.20 07:59:58.266,12.06959,12.07228,0.00,0.00
2015.05.20 07:59:58.729,12.06945,12.07228,0.00,0.00
