2015.11.16 03:00:00.592,10.92162,10.92471,0.00,0.00
2015.11.16 03:00:00.643,10.92121,10.92471,0.00,0.00
2015.11.16 03:00:01.156,10.92188,10.9247,0.00,0.00
2015.11.16 03:00:01.207,10.9221,10.92529,0.00,0.00
2015.11.16 03:00:01.258,10.92242,10.92539,0.00,0.00
2015.11.16 03:00:01.308,10.92252,10.92572,0.00,0.00
2015.11.16 03:00:01.418,10.92268,10.9264,0.00,0.00
2015.11.16 03:00:02.299,10.92268,10.92641,0.00,0.00
2015.11.16 03:00:02.399,10.92268,10.9259,0.00,0.00
2015.11.16 03:00:02.500,10.92221,10.9259,0.00,0.00
2015.11.16 03:00:02.553,10.92241,10.9259,0.00,0.00
2015.11.16 03:00:02.705,10.92269,10.92621,0.00,0.00
2015.11.16 03:00:02.934,10.92269,10.92641,0.00,0.00
2015.11.16 03:00:03.853,10.92269,10.92639,0.00,0.00
2015.11.16 03:00:04.155,10.92221,10.92591,0.00,0.00
2015.11.16 03:00:04.458,10.92268,10.9262,0.00,0.00
2015.11.16 03:00:04.508,10.92268,10.92639,0.00,0.00
2015.11.16 03:00:04.673,10.92262,10.92602,0.00,0.00
2015.11.16 03:00:04.824,10.92222,10.9259,0.00,0.00
2015.11.16 03:00:06.324,10.92228,10.9259,0.00,0.00
2015.11.16 03:00:06.933,10.92228,10.92591,0.00,0.00
2015.11.16 03:00:07.747,10.92228,10.9259,0.00,0.00
2015.11.16 03:00:08.719,10.92228,10.92591,0.00,0.00
2015.11.16 03:00:09.243,10.92228,10.9259,0.00,0.00
2015.11.16 03:00:09.903,10.92228,10.92591,0.00,0.00
2015.11.16 03:00:10.526,10.92228,10.92581,0.00,0.00
2015.11.16 03:00:10.869,10.92222,10.92542,0.00,0.00
2015.11.16 03:00:10.970,10.92192,10.92541,0.00,0.00
2015.11.16 03:00:11.071,10.92192,10.92521,0.00,0.00
2015.11.16 03:00:11.480,10.92178,10.92521,0.00,0.00
2015.11.16 03:00:11.721,10.92171,10.92491,0.00,0.00
2015.11.16 03:00:11.822,10.92129,10.92491,0.00,0.00
2015.11.16 03:00:11.873,10.92129,10.92451,0.00,0.00
2015.11.16 03:00:12.314,10.92128,10.92462,0.00,0.00
2015.11.16 03:00:12.372,10.92128,10.92471,0.00,0.00
2015.11.16 03:00:12.936,10.92128,10.9247,0.00,0.00
2015.11.16 03:00:13.638,10.92128,10.92471,0.00,0.00
2015.11.16 03:00:15.564,10.92128,10.9247,0.00,0.00
2015.11.16 03:00:16.223,10.92161,10.9247,0.00,0.00
2015.11.16 03:00:16.324,10.92161,10.92482,0.00,0.00
2015.11.16 03:00:16.374,10.92198,10.92482,0.00,0.00
2015.11.16 03:00:16.425,10.92198,10.9253,0.00,0.00
2015.11.16 03:00:16.779,10.92198,10.92512,0.00,0.00
2015.11.16 03:00:16.884,10.92198,10.92531,0.00,0.00
2015.11.16 03:00:17.494,10.92198,10.9253,0.00,0.00
2015.11.16 03:00:18.055,10.92198,10.92531,0.00,0.00
2015.11.16 03:00:19.960,10.92198,10.9253,0.00,0.00
2015.11.16 03:00:20.494,10.92198,10.92439,0.00,0.00
2015.11.16 03:00:20.545,10.9212,10.92392,0.00,0.00
2015.11.16 03:00:20.596,10.92139,10.92392,0.00,0.00
2015.11.16 03:00:20.646,10.92148,10.92439,0.00,0.00
2015.11.16 03:00:21.136,10.92148,10.9247,0.00,0.00
2015.11.16 03:00:22.568,10.92148,10.92471,0.00,0.00
2015.11.16 03:00:24.071,10.92148,10.92472,0.00,0.00
2015.11.16 03:00:25.325,10.92148,10.92482,0.00,0.00
2015.11.16 03:00:31.300,10.92148,10.92491,0.00,0.00
2015.11.16 03:00:33.718,10.92148,10.9249,0.00,0.00
2015.11.16 03:00:34.328,10.92148,10.92491,0.00,0.00
2015.11.16 03:00:35.823,10.92148,10.9249,0.00,0.00
2015.11.16 03:00:37.728,10.92148,10.92491,0.00,0.00
2015.11.16 03:00:38.430,10.92148,10.9249,0.00,0.00
2015.11.16 03:00:39.329,10.92248,10.9249,0.00,0.00
2015.11.16 03:00:39.380,10.92248,10.92501,0.00,0.00
2015.11.16 03:00:39.481,10.92229,10.92511,0.00,0.00
2015.11.16 03:00:39.534,10.92229,10.92559,0.00,0.00
2015.11.16 03:00:39.635,10.92239,10.92561,0.00,0.00
2015.11.16 03:00:39.963,10.92279,10.9256,0.00,0.00
2015.11.16 03:00:40.843,10.92279,10.92561,0.00,0.00
2015.11.16 03:00:43.445,10.92279,10.9256,0.00,0.00
2015.11.16 03:00:44.053,10.92279,10.92561,0.00,0.00
2015.11.16 03:00:45.271,10.92279,10.9256,0.00,0.00
2015.11.16 03:00:45.881,10.92279,10.92561,0.00,0.00
2015.11.16 03:00:46.889,10.92279,10.92521,0.00,0.00
2015.11.16 03:00:46.940,10.92228,10.92521,0.00,0.00
2015.11.16 03:00:47.397,10.92228,10.9254,0.00,0.00
2015.11.16 03:00:48.052,10.92228,10.92541,0.00,0.00
2015.11.16 03:00:48.161,10.92249,10.92541,0.00,0.00
2015.11.16 03:00:48.363,10.9229,10.92621,0.00,0.00
2015.11.16 03:00:48.473,10.92328,10.9263,0.00,0.00
2015.11.16 03:00:48.808,10.92279,10.9259,0.00,0.00
2015.11.16 03:00:49.615,10.92279,10.92581,0.00,0.00
2015.11.16 03:00:49.666,10.92239,10.92571,0.00,0.00
2015.11.16 03:00:49.767,10.92229,10.92551,0.00,0.00
2015.11.16 03:00:53.621,10.92229,10.9255,0.00,0.00
2015.11.16 03:00:54.578,10.92229,10.92551,0.00,0.00
2015.11.16 03:00:56.339,10.92229,10.9256,0.00,0.00
2015.11.16 03:00:57.135,10.92229,10.92561,0.00,0.00
2015.11.16 03:00:58.710,10.92229,10.9256,0.00,0.00
2015.11.16 03:00:59.232,10.92229,10.9255,0.00,0.00
2015.11.16 03:00:59.534,10.92229,10.92542,0.00,0.00
2015.11.16 03:01:01.112,10.92279,10.92542,0.00,0.00
2015.11.16 03:01:01.163,10.92279,10.92562,0.00,0.00
2015.11.16 03:01:01.264,10.92279,10.92571,0.00,0.00
2015.11.16 03:01:01.773,10.92279,10.9257,0.00,0.00
2015.11.16 03:01:01.874,10.92279,10.92552,0.00,0.00
2015.11.16 03:01:01.972,10.92279,10.92571,0.00,0.00
2015.11.16 03:01:02.275,10.92279,10.92562,0.00,0.00
2015.11.16 03:01:03.127,10.92279,10.9254,0.00,0.00
2015.11.16 03:01:03.228,10.92229,10.92541,0.00,0.00
2015.11.16 03:01:03.279,10.92229,10.92532,0.00,0.00
2015.11.16 03:01:03.380,10.92229,10.9254,0.00,0.00
2015.11.16 03:01:03.628,10.92229,10.9255,0.00,0.00
2015.11.16 03:01:04.230,10.92229,10.92551,0.00,0.00
2015.11.16 03:01:04.932,10.92229,10.9255,0.00,0.00
2015.11.16 03:01:05.143,10.92229,10.92532,0.00,0.00
2015.11.16 03:01:06.286,10.92229,10.92551,0.00,0.00
2015.11.16 03:01:06.795,10.92229,10.9255,0.00,0.00
2015.11.16 03:01:07.369,10.92229,10.92551,0.00,0.00
2015.11.16 03:01:09.792,10.92229,10.92532,0.00,0.00
2015.11.16 03:01:13.164,10.92229,10.9255,0.00,0.00
2015.11.16 03:01:13.972,10.92229,10.92551,0.00,0.00
2015.11.16 03:01:16.464,10.92229,10.9255,0.00,0.00
2015.11.16 03:01:18.371,10.92229,10.92551,0.00,0.00
2015.11.16 03:01:24.692,10.92229,10.92531,0.00,0.00
2015.11.16 03:01:26.471,10.92229,10.9255,0.00,0.00
2015.11.16 03:01:27.176,10.92229,10.92551,0.00,0.00
2015.11.16 03:01:27.803,10.92229,10.9255,0.00,0.00
2015.11.16 03:01:29.709,10.92229,10.92551,0.00,0.00
2015.11.16 03:01:30.877,10.92229,10.92531,0.00,0.00
2015.11.16 03:01:30.978,10.92229,10.92541,0.00,0.00
2015.11.16 03:01:31.847,10.92229,10.9254,0.00,0.00
2015.11.16 03:01:32.718,10.92229,10.92551,0.00,0.00
2015.11.16 03:01:34.222,10.92229,10.9255,0.00,0.00
2015.11.16 03:01:34.382,10.92229,10.92532,0.00,0.00
2015.11.16 03:01:34.432,10.9219,10.92522,0.00,0.00
2015.11.16 03:01:34.483,10.9219,10.92491,0.00,0.00
2015.11.16 03:01:34.533,10.92181,10.92491,0.00,0.00
2015.11.16 03:01:34.584,10.92178,10.92491,0.00,0.00
2015.11.16 03:01:34.634,10.92189,10.92491,0.00,0.00
2015.11.16 03:01:34.926,10.92228,10.92551,0.00,0.00
2015.11.16 03:01:35.468,10.92228,10.9255,0.00,0.00
2015.11.16 03:01:36.752,10.92228,10.92551,0.00,0.00
2015.11.16 03:01:40.345,10.92228,10.9255,0.00,0.00
2015.11.16 03:01:41.976,10.92228,10.92551,0.00,0.00
2015.11.16 03:01:42.027,10.92228,10.92531,0.00,0.00
2015.11.16 03:01:42.191,10.92228,10.92551,0.00,0.00
2015.11.16 03:01:44.155,10.92228,10.9255,0.00,0.00
2015.11.16 03:01:46.059,10.92228,10.92551,0.00,0.00
2015.11.16 03:01:46.508,10.92228,10.92542,0.00,0.00
2015.11.16 03:01:48.499,10.92228,10.92551,0.00,0.00
2015.11.16 03:01:48.549,10.92278,10.92551,0.00,0.00
2015.11.16 03:01:48.600,10.92278,10.92619,0.00,0.00
2015.11.16 03:01:48.651,10.92329,10.92622,0.00,0.00
2015.11.16 03:01:48.701,10.92329,10.92639,0.00,0.00
2015.11.16 03:01:49.780,10.92329,10.92641,0.00,0.00
2015.11.16 03:01:50.471,10.92329,10.9264,0.00,0.00
2015.11.16 03:01:50.671,10.92329,10.9259,0.00,0.00
2015.11.16 03:01:50.722,10.92278,10.9259,0.00,0.00
2015.11.16 03:01:51.274,10.92278,10.92591,0.00,0.00
2015.11.16 03:01:52.302,10.92278,10.9259,0.00,0.00
2015.11.16 03:01:54.481,10.92278,10.92591,0.00,0.00
2015.11.16 03:01:56.436,10.92278,10.92582,0.00,0.00
2015.11.16 03:01:56.508,10.92278,10.92591,0.00,0.00
2015.11.16 03:01:56.558,10.92328,10.92591,0.00,0.00
2015.11.16 03:01:56.709,10.92328,10.92639,0.00,0.00
2015.11.16 03:01:56.838,10.92328,10.92641,0.00,0.00
2015.11.16 03:01:57.545,10.92328,10.9264,0.00,0.00
2015.11.16 03:01:58.300,10.9229,10.92622,0.00,0.00
2015.11.16 03:01:58.403,10.92278,10.92591,0.00,0.00
2015.11.16 03:02:00.297,10.92278,10.9259,0.00,0.00
2015.11.16 03:02:02.102,10.92278,10.92591,0.00,0.00
2015.11.16 03:02:04.116,10.92278,10.9259,0.00,0.00
2015.11.16 03:02:05.046,10.92278,10.92591,0.00,0.00
2015.11.16 03:02:05.953,10.92278,10.9259,0.00,0.00
2015.11.16 03:02:07.524,10.92278,10.92581,0.00,0.00
2015.11.16 03:02:07.878,10.92328,10.92581,0.00,0.00
2015.11.16 03:02:07.929,10.92328,10.92611,0.00,0.00
2015.11.16 03:02:08.030,10.92328,10.92629,0.00,0.00
2015.11.16 03:02:08.131,10.92328,10.92641,0.00,0.00
2015.11.16 03:02:08.775,10.92279,10.92591,0.00,0.00
2015.11.16 03:02:09.098,10.92279,10.92572,0.00,0.00
2015.11.16 03:02:09.529,10.92279,10.9259,0.00,0.00
2015.11.16 03:02:10.088,10.92279,10.92591,0.00,0.00
2015.11.16 03:02:11.771,10.92279,10.9259,0.00,0.00
2015.11.16 03:02:11.831,10.92279,10.92581,0.00,0.00
2015.11.16 03:02:12.450,10.92279,10.92571,0.00,0.00
2015.11.16 03:02:13.642,10.92279,10.92581,0.00,0.00
2015.11.16 03:02:15.726,10.92379,10.92581,0.00,0.00
2015.11.16 03:02:15.776,10.92379,10.92591,0.00,0.00
2015.11.16 03:02:15.878,10.92379,10.9262,0.00,0.00
2015.11.16 03:02:15.979,10.92339,10.92652,0.00,0.00
2015.11.16 03:02:16.080,10.92339,10.92662,0.00,0.00
2015.11.16 03:02:16.131,10.92378,10.92662,0.00,0.00
2015.11.16 03:02:16.181,10.92378,10.92681,0.00,0.00
2015.11.16 03:02:17.000,10.92378,10.92682,0.00,0.00
2015.11.16 03:02:17.051,10.92378,10.92691,0.00,0.00
2015.11.16 03:02:17.152,10.92378,10.92682,0.00,0.00
2015.11.16 03:02:17.644,10.92378,10.92691,0.00,0.00
2015.11.16 03:02:18.343,10.92378,10.9269,0.00,0.00
2015.11.16 03:02:18.550,10.92378,10.92681,0.00,0.00
2015.11.16 03:02:21.367,10.92378,10.92662,0.00,0.00
2015.11.16 03:02:21.774,10.92378,10.92671,0.00,0.00
2015.11.16 03:02:22.543,10.92378,10.92691,0.00,0.00
2015.11.16 03:02:23.295,10.92378,10.9269,0.00,0.00
2015.11.16 03:02:23.956,10.92378,10.92691,0.00,0.00
2015.11.16 03:02:25.247,10.92378,10.92681,0.00,0.00
2015.11.16 03:02:32.556,10.92428,10.92692,0.00,0.00
2015.11.16 03:02:32.657,10.92428,10.92721,0.00,0.00
2015.11.16 03:02:32.714,10.92428,10.9275,0.00,0.00
2015.11.16 03:02:33.249,10.92428,10.92761,0.00,0.00
2015.11.16 03:02:34.319,10.92428,10.9276,0.00,0.00
2015.11.16 03:02:34.459,10.92428,10.92742,0.00,0.00
2015.11.16 03:02:34.849,10.92428,10.92732,0.00,0.00
2015.11.16 03:02:35.480,10.92428,10.92752,0.00,0.00
2015.11.16 03:02:35.962,10.92428,10.92742,0.00,0.00
2015.11.16 03:02:40.069,10.92428,10.92731,0.00,0.00
2015.11.16 03:02:41.091,10.92428,10.92741,0.00,0.00
2015.11.16 03:02:44.476,10.92428,10.92732,0.00,0.00
2015.11.16 03:02:46.507,10.92428,10.92742,0.00,0.00
2015.11.16 03:02:49.479,10.92428,10.92741,0.00,0.00
2015.11.16 03:02:49.615,10.92428,10.92732,0.00,0.00
2015.11.16 03:02:50.029,10.92428,10.9273,0.00,0.00
2015.11.16 03:02:50.688,10.92428,10.92731,0.00,0.00
2015.11.16 03:02:52.501,10.92428,10.92691,0.00,0.00
2015.11.16 03:02:52.551,10.92378,10.92691,0.00,0.00
2015.11.16 03:02:53.310,10.92378,10.9269,0.00,0.00
2015.11.16 03:02:53.966,10.92378,10.92691,0.00,0.00
2015.11.16 03:02:54.016,10.92378,10.92682,0.00,0.00
2015.11.16 03:02:54.320,10.92378,10.92691,0.00,0.00
2015.11.16 03:02:54.975,10.92378,10.9269,0.00,0.00
2015.11.16 03:02:55.026,10.92378,10.92672,0.00,0.00
2015.11.16 03:02:55.192,10.92378,10.92691,0.00,0.00
2015.11.16 03:02:55.432,10.92378,10.92681,0.00,0.00
2015.11.16 03:02:55.782,10.92378,10.92672,0.00,0.00
2015.11.16 03:02:56.636,10.92378,10.92691,0.00,0.00
2015.11.16 03:02:56.737,10.92378,10.92662,0.00,0.00
2015.11.16 03:02:57.646,10.92378,10.92652,0.00,0.00
2015.11.16 03:03:00.801,10.92378,10.92671,0.00,0.00
2015.11.16 03:03:00.902,10.92378,10.92682,0.00,0.00
2015.11.16 03:03:01.802,10.92378,10.92672,0.00,0.00
2015.11.16 03:03:03.004,10.92378,10.92662,0.00,0.00
2015.11.16 03:03:03.104,10.92339,10.92651,0.00,0.00
2015.11.16 03:03:03.155,10.92321,10.92651,0.00,0.00
2015.11.16 03:03:03.306,10.92321,10.92642,0.00,0.00
2015.11.16 03:03:04.806,10.92321,10.92651,0.00,0.00
2015.11.16 03:03:06.719,10.92321,10.92602,0.00,0.00
2015.11.16 03:03:06.820,10.92258,10.92561,0.00,0.00
2015.11.16 03:03:06.921,10.92258,10.92541,0.00,0.00
2015.11.16 03:03:06.971,10.92221,10.92541,0.00,0.00
2015.11.16 03:03:07.022,10.92221,10.92552,0.00,0.00
2015.11.16 03:03:07.819,10.92259,10.92571,0.00,0.00
2015.11.16 03:03:07.869,10.92259,10.92591,0.00,0.00
2015.11.16 03:03:07.920,10.92259,10.92601,0.00,0.00
2015.11.16 03:03:11.546,10.92261,10.92601,0.00,0.00
2015.11.16 03:03:12.317,10.92259,10.92601,0.00,0.00
2015.11.16 03:03:15.443,10.92251,10.92552,0.00,0.00
2015.11.16 03:03:15.494,10.92228,10.92552,0.00,0.00
2015.11.16 03:03:15.545,10.92212,10.92552,0.00,0.00
2015.11.16 03:03:17.828,10.92259,10.92571,0.00,0.00
2015.11.16 03:03:17.879,10.92259,10.92592,0.00,0.00
2015.11.16 03:03:17.930,10.92259,10.92601,0.00,0.00
2015.11.16 03:03:20.052,10.92308,10.9262,0.00,0.00
2015.11.16 03:03:20.103,10.92308,10.92652,0.00,0.00
2015.11.16 03:03:21.041,10.92308,10.92641,0.00,0.00
2015.11.16 03:03:21.401,10.92322,10.92652,0.00,0.00
2015.11.16 03:03:22.032,10.92322,10.92641,0.00,0.00
2015.11.16 03:03:22.744,10.92322,10.92652,0.00,0.00
2015.11.16 03:03:22.845,10.92322,10.92642,0.00,0.00
2015.11.16 03:03:22.946,10.92322,10.92652,0.00,0.00
2015.11.16 03:03:26.739,10.92322,10.92641,0.00,0.00
2015.11.16 03:03:26.841,10.92322,10.92652,0.00,0.00
2015.11.16 03:03:43.487,10.92322,10.92632,0.00,0.00
2015.11.16 03:03:43.588,10.92322,10.92652,0.00,0.00
2015.11.16 03:03:59.415,10.92358,10.9267,0.00,0.00
2015.11.16 03:03:59.643,10.92422,10.92752,0.00,0.00
2015.11.16 03:04:00.287,10.92438,10.9277,0.00,0.00
2015.11.16 03:04:00.407,10.92438,10.92752,0.00,0.00
2015.11.16 03:04:00.838,10.92438,10.92771,0.00,0.00
2015.11.16 03:04:00.896,10.92438,10.92761,0.00,0.00
2015.11.16 03:04:01.233,10.92438,10.92772,0.00,0.00
2015.11.16 03:04:02.544,10.92438,10.92781,0.00,0.00
2015.11.16 03:04:03.209,10.92438,10.92761,0.00,0.00
2015.11.16 03:04:03.548,10.92438,10.92772,0.00,0.00
2015.11.16 03:04:04.402,10.92438,10.92781,0.00,0.00
2015.11.16 03:04:04.503,10.92438,10.92771,0.00,0.00
2015.11.16 03:04:05.404,10.92438,10.92761,0.00,0.00
2015.11.16 03:04:05.720,10.92438,10.92772,0.00,0.00
2015.11.16 03:04:06.023,10.92438,10.9278,0.00,0.00
2015.11.16 03:04:06.105,10.92438,10.92751,0.00,0.00
2015.11.16 03:04:06.506,10.92438,10.92772,0.00,0.00
2015.11.16 03:04:06.710,10.92422,10.92731,0.00,0.00
2015.11.16 03:04:07.013,10.92338,10.9264,0.00,0.00
2015.11.16 03:04:07.353,10.92292,10.92632,0.00,0.00
2015.11.16 03:04:07.554,10.92338,10.92659,0.00,0.00
2015.11.16 03:04:07.605,10.92338,10.92671,0.00,0.00
2015.11.16 03:04:07.713,10.92338,10.92682,0.00,0.00
2015.11.16 03:04:08.509,10.92338,10.92681,0.00,0.00
2015.11.16 03:04:08.661,10.92332,10.92632,0.00,0.00
2015.11.16 03:04:08.812,10.92292,10.92632,0.00,0.00
2015.11.16 03:04:10.562,10.92339,10.92681,0.00,0.00
2015.11.16 03:04:11.961,10.92331,10.92632,0.00,0.00
2015.11.16 03:04:12.116,10.92301,10.92632,0.00,0.00
2015.11.16 03:04:13.164,10.92338,10.92659,0.00,0.00
2015.11.16 03:04:13.485,10.92388,10.92701,0.00,0.00
2015.11.16 03:04:13.735,10.92388,10.9273,0.00,0.00
2015.11.16 03:04:14.240,10.92388,10.92731,0.00,0.00
2015.11.16 03:04:15.151,10.92349,10.92682,0.00,0.00
2015.11.16 03:04:15.201,10.92338,10.92682,0.00,0.00
2015.11.16 03:04:34.906,10.92338,10.92591,0.00,0.00
2015.11.16 03:04:34.956,10.92299,10.92582,0.00,0.00
2015.11.16 03:04:35.058,10.92288,10.92591,0.00,0.00
2015.11.16 03:04:35.158,10.92288,10.92611,0.00,0.00
2015.11.16 03:04:35.209,10.92301,10.92611,0.00,0.00
2015.11.16 03:04:35.417,10.92301,10.92632,0.00,0.00
2015.11.16 03:04:36.709,10.92301,10.92581,0.00,0.00
2015.11.16 03:04:36.860,10.92261,10.92581,0.00,0.00
2015.11.16 03:04:37.399,10.92288,10.9259,0.00,0.00
2015.11.16 03:04:37.450,10.92288,10.92619,0.00,0.00
2015.11.16 03:04:37.500,10.92331,10.92632,0.00,0.00
2015.11.16 03:04:37.601,10.92338,10.92661,0.00,0.00
2015.11.16 03:04:38.020,10.92338,10.92671,0.00,0.00
2015.11.16 03:04:38.071,10.92338,10.92661,0.00,0.00
2015.11.16 03:04:38.318,10.92292,10.92631,0.00,0.00
2015.11.16 03:04:41.749,10.92292,10.92591,0.00,0.00
2015.11.16 03:04:41.799,10.92242,10.92582,0.00,0.00
2015.11.16 03:04:41.900,10.92338,10.9259,0.00,0.00
2015.11.16 03:04:41.951,10.92338,10.92601,0.00,0.00
2015.11.16 03:04:42.002,10.92338,10.92632,0.00,0.00
2015.11.16 03:04:42.102,10.92338,10.92639,0.00,0.00
2015.11.16 03:04:42.376,10.92338,10.9267,0.00,0.00
2015.11.16 03:04:42.960,10.92338,10.92671,0.00,0.00
2015.11.16 03:04:46.483,10.92338,10.92681,0.00,0.00
2015.11.16 03:04:46.794,10.92338,10.92662,0.00,0.00
2015.11.16 03:04:46.861,10.92338,10.92682,0.00,0.00
2015.11.16 03:04:47.582,10.92338,10.92681,0.00,0.00
2015.11.16 03:04:47.785,10.92338,10.92651,0.00,0.00
2015.11.16 03:04:47.886,10.92338,10.92682,0.00,0.00
2015.11.16 03:04:48.135,10.92338,10.9268,0.00,0.00
2015.11.16 03:04:48.574,10.92338,10.92662,0.00,0.00
2015.11.16 03:04:50.446,10.92338,10.9259,0.00,0.00
2015.11.16 03:04:50.497,10.92321,10.9259,0.00,0.00
2015.11.16 03:04:50.598,10.92288,10.92591,0.00,0.00
2015.11.16 03:04:50.701,10.92252,10.92582,0.00,0.00
2015.11.16 03:04:55.224,10.92289,10.92591,0.00,0.00
2015.11.16 03:04:55.313,10.92289,10.92631,0.00,0.00
2015.11.16 03:04:56.506,10.92241,10.92582,0.00,0.00
2015.11.16 03:04:57.047,10.92241,10.92581,0.00,0.00
2015.11.16 03:04:57.372,10.92241,10.92562,0.00,0.00
2015.11.16 03:05:00.230,10.92241,10.92581,0.00,0.00
2015.11.16 03:05:00.758,10.92241,10.9258,0.00,0.00
2015.11.16 03:05:01.286,10.92241,10.92582,0.00,0.00
2015.11.16 03:05:02.595,10.92248,10.92582,0.00,0.00
2015.11.16 03:05:03.897,10.92242,10.92582,0.00,0.00
2015.11.16 03:05:05.739,10.92288,10.92591,0.00,0.00
2015.11.16 03:05:05.840,10.92288,10.92628,0.00,0.00
2015.11.16 03:05:05.891,10.92301,10.92632,0.00,0.00
2015.11.16 03:05:06.396,10.92301,10.92631,0.00,0.00
2015.11.16 03:05:09.442,10.92301,10.9263,0.00,0.00
2015.11.16 03:05:11.753,10.92301,10.92631,0.00,0.00
2015.11.16 03:05:13.253,10.92241,10.92581,0.00,0.00
2015.11.16 03:05:16.095,10.92301,10.92591,0.00,0.00
2015.11.16 03:05:16.145,10.92301,10.92612,0.00,0.00
2015.11.16 03:05:16.246,10.92301,10.92631,0.00,0.00
2015.11.16 03:05:16.838,10.92301,10.9263,0.00,0.00
2015.11.16 03:05:18.664,10.92301,10.92631,0.00,0.00
2015.11.16 03:05:18.944,10.92301,10.92591,0.00,0.00
2015.11.16 03:05:19.095,10.92262,10.92582,0.00,0.00
2015.11.16 03:05:20.481,10.92288,10.92628,0.00,0.00
2015.11.16 03:05:20.532,10.92302,10.92628,0.00,0.00
2015.11.16 03:05:20.582,10.92302,10.92632,0.00,0.00
2015.11.16 03:05:22.908,10.92288,10.92632,0.00,0.00
2015.11.16 03:05:24.000,10.92339,10.9264,0.00,0.00
2015.11.16 03:05:24.101,10.92339,10.92661,0.00,0.00
2015.11.16 03:05:24.252,10.92309,10.92631,0.00,0.00
2015.11.16 03:05:24.303,10.92289,10.92621,0.00,0.00
2015.11.16 03:05:24.678,10.92289,10.92631,0.00,0.00
2015.11.16 03:05:34.216,10.92291,10.92631,0.00,0.00
2015.11.16 03:05:34.267,10.92339,10.9268,0.00,0.00
2015.11.16 03:05:35.133,10.92339,10.92681,0.00,0.00
2015.11.16 03:05:35.245,10.92339,10.92672,0.00,0.00
2015.11.16 03:05:37.651,10.92339,10.9268,0.00,0.00
2015.11.16 03:05:38.348,10.92339,10.92681,0.00,0.00
2015.11.16 03:05:38.957,10.92299,10.92632,0.00,0.00
2015.11.16 03:05:39.267,10.92288,10.9262,0.00,0.00
2015.11.16 03:05:39.569,10.92288,10.92631,0.00,0.00
2015.11.16 03:05:40.925,10.92288,10.92632,0.00,0.00
2015.11.16 03:05:43.038,10.92272,10.92582,0.00,0.00
2015.11.16 03:05:43.139,10.9225,10.92582,0.00,0.00
2015.11.16 03:05:43.747,10.92249,10.92582,0.00,0.00
2015.11.16 03:05:44.536,10.9225,10.92582,0.00,0.00
2015.11.16 03:05:45.139,10.92249,10.92582,0.00,0.00
2015.11.16 03:05:45.640,10.92321,10.92582,0.00,0.00
2015.11.16 03:05:45.691,10.92338,10.92632,0.00,0.00
2015.11.16 03:05:45.792,10.92338,10.92682,0.00,0.00
2015.11.16 03:05:46.067,10.92338,10.92672,0.00,0.00
2015.11.16 03:05:46.117,10.9229,10.92629,0.00,0.00
2015.11.16 03:05:46.168,10.92289,10.92591,0.00,0.00
2015.11.16 03:05:46.342,10.92249,10.92581,0.00,0.00
2015.11.16 03:05:47.043,10.9225,10.92581,0.00,0.00
2015.11.16 03:05:47.748,10.92249,10.92581,0.00,0.00
2015.11.16 03:05:48.789,10.9225,10.92581,0.00,0.00
2015.11.16 03:05:51.254,10.92249,10.92581,0.00,0.00
2015.11.16 03:05:51.975,10.92289,10.9259,0.00,0.00
2015.11.16 03:05:52.076,10.92289,10.92631,0.00,0.00
2015.11.16 03:05:53.923,10.9225,10.92582,0.00,0.00
2015.11.16 03:05:54.667,10.92249,10.92582,0.00,0.00
2015.11.16 03:05:55.384,10.92339,10.92591,0.00,0.00
2015.11.16 03:05:55.486,10.92339,10.92622,0.00,0.00
2015.11.16 03:05:55.576,10.92339,10.92681,0.00,0.00
2015.11.16 03:05:56.205,10.92339,10.92671,0.00,0.00
2015.11.16 03:05:57.282,10.92339,10.9267,0.00,0.00
2015.11.16 03:05:58.889,10.92339,10.92671,0.00,0.00
2015.11.16 03:06:00.340,10.92339,10.92681,0.00,0.00
2015.11.16 03:06:01.099,10.92339,10.9268,0.00,0.00
2015.11.16 03:06:02.323,10.92339,10.92681,0.00,0.00
2015.11.16 03:06:04.803,10.92339,10.92672,0.00,0.00
2015.11.16 03:06:05.105,10.92249,10.92582,0.00,0.00
2015.11.16 03:06:05.798,10.9225,10.92582,0.00,0.00
2015.11.16 03:06:08.620,10.92249,10.92582,0.00,0.00
2015.11.16 03:06:10.124,10.9225,10.92582,0.00,0.00
2015.11.16 03:06:10.626,10.92249,10.92582,0.00,0.00
2015.11.16 03:06:11.406,10.92258,10.92582,0.00,0.00
2015.11.16 03:06:11.519,10.92249,10.92582,0.00,0.00
2015.11.16 03:06:12.836,10.92259,10.92582,0.00,0.00
2015.11.16 03:06:13.842,10.92249,10.92582,0.00,0.00
2015.11.16 03:06:15.539,10.9225,10.92582,0.00,0.00
2015.11.16 03:06:15.917,10.92249,10.92482,0.00,0.00
2015.11.16 03:06:15.968,10.92218,10.92482,0.00,0.00
2015.11.16 03:06:16.068,10.92208,10.92461,0.00,0.00
2015.11.16 03:06:16.119,10.92139,10.92461,0.00,0.00
2015.11.16 03:06:16.170,10.92138,10.92451,0.00,0.00
2015.11.16 03:06:16.642,10.92138,10.92461,0.00,0.00
2015.11.16 03:06:17.208,10.92138,10.9246,0.00,0.00
2015.11.16 03:06:17.789,10.92138,10.92461,0.00,0.00
2015.11.16 03:06:19.749,10.92138,10.9246,0.00,0.00
2015.11.16 03:06:20.480,10.92138,10.92461,0.00,0.00
2015.11.16 03:06:22.180,10.92138,10.9246,0.00,0.00
2015.11.16 03:06:22.740,10.92138,10.92461,0.00,0.00
2015.11.16 03:06:23.561,10.92138,10.9246,0.00,0.00
2015.11.16 03:06:24.076,10.92138,10.92461,0.00,0.00
2015.11.16 03:06:25.478,10.92138,10.9246,0.00,0.00
2015.11.16 03:06:26.530,10.92138,10.92461,0.00,0.00
2015.11.16 03:06:27.395,10.92138,10.9246,0.00,0.00
2015.11.16 03:06:31.193,10.92138,10.92461,0.00,0.00
2015.11.16 03:06:33.099,10.92138,10.9246,0.00,0.00
2015.11.16 03:06:38.656,10.92138,10.92461,0.00,0.00
2015.11.16 03:06:40.549,10.92138,10.9246,0.00,0.00
2015.11.16 03:06:41.246,10.92138,10.92461,0.00,0.00
2015.11.16 03:06:41.956,10.92138,10.9246,0.00,0.00
2015.11.16 03:06:44.360,10.92138,10.92461,0.00,0.00
2015.11.16 03:06:45.779,10.92138,10.9246,0.00,0.00
2015.11.16 03:06:47.206,10.92138,10.92461,0.00,0.00
2015.11.16 03:06:50.077,10.92138,10.9246,0.00,0.00
2015.11.16 03:06:50.306,10.92138,10.92439,0.00,0.00
2015.11.16 03:06:50.608,10.921,10.92381,0.00,0.00
2015.11.16 03:06:50.713,10.921,10.92428,0.00,0.00
2015.11.16 03:06:50.764,10.921,10.92432,0.00,0.00
2015.11.16 03:06:50.814,10.92109,10.92432,0.00,0.00
2015.11.16 03:06:51.118,10.92138,10.92461,0.00,0.00
2015.11.16 03:06:51.622,10.92138,10.92482,0.00,0.00
2015.11.16 03:06:52.977,10.92138,10.92481,0.00,0.00
2015.11.16 03:06:53.028,10.921,10.92432,0.00,0.00
2015.11.16 03:06:53.837,10.921,10.9239,0.00,0.00
2015.11.16 03:06:54.126,10.92099,10.92411,0.00,0.00
2015.11.16 03:06:54.426,10.921,10.92432,0.00,0.00
2015.11.16 03:06:54.657,10.92139,10.92441,0.00,0.00
2015.11.16 03:06:54.707,10.92139,10.92479,0.00,0.00
2015.11.16 03:06:54.758,10.92139,10.92481,0.00,0.00
2015.11.16 03:06:55.577,10.92149,10.92481,0.00,0.00
2015.11.16 03:06:55.899,10.92159,10.92481,0.00,0.00
2015.11.16 03:06:55.978,10.92149,10.92481,0.00,0.00
2015.11.16 03:06:56.176,10.92189,10.92491,0.00,0.00
2015.11.16 03:06:56.227,10.92189,10.92509,0.00,0.00
2015.11.16 03:06:56.278,10.92189,10.92521,0.00,0.00
2015.11.16 03:06:56.328,10.92239,10.92521,0.00,0.00
2015.11.16 03:06:56.429,10.92239,10.92561,0.00,0.00
2015.11.16 03:06:56.697,10.92239,10.92581,0.00,0.00
2015.11.16 03:06:57.056,10.92279,10.92581,0.00,0.00
2015.11.16 03:06:57.826,10.92219,10.92522,0.00,0.00
2015.11.16 03:06:57.933,10.92178,10.92481,0.00,0.00
2015.11.16 03:06:58.440,10.92178,10.9248,0.00,0.00
2015.11.16 03:06:59.093,10.92178,10.92481,0.00,0.00
2015.11.16 03:06:59.808,10.92178,10.9248,0.00,0.00
2015.11.16 03:07:02.696,10.9212,10.92421,0.00,0.00
2015.11.16 03:07:02.747,10.92111,10.92421,0.00,0.00
2015.11.16 03:07:02.798,10.92099,10.92421,0.00,0.00
2015.11.16 03:07:02.899,10.92128,10.92421,0.00,0.00
2015.11.16 03:07:02.949,10.92128,10.92438,0.00,0.00
2015.11.16 03:07:03.946,10.92128,10.92451,0.00,0.00
2015.11.16 03:07:04.891,10.92179,10.92472,0.00,0.00
2015.11.16 03:07:04.941,10.92179,10.92479,0.00,0.00
2015.11.16 03:07:04.992,10.92179,10.92481,0.00,0.00
2015.11.16 03:07:06.552,10.92179,10.9249,0.00,0.00
2015.11.16 03:07:06.758,10.92179,10.92482,0.00,0.00
2015.11.16 03:07:06.808,10.92179,10.92491,0.00,0.00
2015.11.16 03:07:06.909,10.92179,10.92481,0.00,0.00
2015.11.16 03:07:07.010,10.92179,10.92491,0.00,0.00
2015.11.16 03:07:07.808,10.92179,10.92482,0.00,0.00
2015.11.16 03:07:08.337,10.92179,10.92481,0.00,0.00
2015.11.16 03:07:09.259,10.92179,10.9248,0.00,0.00
2015.11.16 03:07:10.462,10.92179,10.92482,0.00,0.00
2015.11.16 03:07:10.513,10.92179,10.9249,0.00,0.00
2015.11.16 03:07:14.372,10.92179,10.92491,0.00,0.00
2015.11.16 03:07:16.311,10.92179,10.9249,0.00,0.00
2015.11.16 03:07:18.291,10.92229,10.9251,0.00,0.00
2015.11.16 03:07:18.392,10.9225,10.92571,0.00,0.00
2015.11.16 03:07:18.443,10.92278,10.9259,0.00,0.00
2015.11.16 03:07:18.756,10.9237,10.9264,0.00,0.00
2015.11.16 03:07:18.807,10.92361,10.9264,0.00,0.00
2015.11.16 03:07:18.908,10.9239,10.9267,0.00,0.00
2015.11.16 03:07:19.009,10.92389,10.92691,0.00,0.00
2015.11.16 03:07:19.713,10.92451,10.92722,0.00,0.00
2015.11.16 03:07:19.865,10.92479,10.92781,0.00,0.00
2015.11.16 03:07:20.218,10.92479,10.9276,0.00,0.00
2015.11.16 03:07:20.319,10.92479,10.92771,0.00,0.00
2015.11.16 03:07:20.896,10.92479,10.92781,0.00,0.00
2015.11.16 03:07:21.798,10.92479,10.92771,0.00,0.00
2015.11.16 03:07:22.337,10.92479,10.9277,0.00,0.00
2015.11.16 03:07:22.795,10.92491,10.9279,0.00,0.00
2015.11.16 03:07:23.698,10.92491,10.92791,0.00,0.00
2015.11.16 03:07:24.533,10.92491,10.9279,0.00,0.00
2015.11.16 03:07:25.404,10.92491,10.92791,0.00,0.00
2015.11.16 03:07:28.415,10.92491,10.92772,0.00,0.00
2015.11.16 03:07:28.667,10.92479,10.9277,0.00,0.00
2015.11.16 03:07:28.718,10.92482,10.9277,0.00,0.00
2015.11.16 03:07:29.430,10.92482,10.92771,0.00,0.00
2015.11.16 03:07:29.931,10.92482,10.9278,0.00,0.00
2015.11.16 03:07:30.043,10.92482,10.9277,0.00,0.00
2015.11.16 03:07:30.633,10.92482,10.92771,0.00,0.00
2015.11.16 03:07:32.438,10.92482,10.9277,0.00,0.00
2015.11.16 03:07:32.739,10.92482,10.9279,0.00,0.00
2015.11.16 03:07:33.240,10.92482,10.92791,0.00,0.00
2015.11.16 03:07:36.951,10.92482,10.9279,0.00,0.00
2015.11.16 03:07:37.854,10.92482,10.92791,0.00,0.00
2015.11.16 03:07:38.425,10.92482,10.9279,0.00,0.00
2015.11.16 03:07:40.060,10.92482,10.92791,0.00,0.00
2015.11.16 03:07:43.603,10.92482,10.92781,0.00,0.00
2015.11.16 03:07:44.173,10.92482,10.92791,0.00,0.00
2015.11.16 03:07:45.176,10.92482,10.9279,0.00,0.00
2015.11.16 03:07:45.778,10.92482,10.92791,0.00,0.00
2015.11.16 03:07:46.348,10.92482,10.9279,0.00,0.00
2015.11.16 03:07:47.329,10.92482,10.92781,0.00,0.00
2015.11.16 03:07:48.886,10.92482,10.9278,0.00,0.00
2015.11.16 03:07:51.394,10.92482,10.92781,0.00,0.00
2015.11.16 03:07:55.204,10.92482,10.9278,0.00,0.00
2015.11.16 03:07:56.307,10.92482,10.92781,0.00,0.00
2015.11.16 03:07:56.458,10.92479,10.9278,0.00,0.00
2015.11.16 03:07:57.008,10.92479,10.92781,0.00,0.00
2015.11.16 03:07:57.552,10.92479,10.9278,0.00,0.00
2015.11.16 03:07:58.312,10.92479,10.92781,0.00,0.00
2015.11.16 03:08:00.922,10.92479,10.9278,0.00,0.00
2015.11.16 03:08:03.827,10.92479,10.92781,0.00,0.00
2015.11.16 03:08:04.329,10.92479,10.9278,0.00,0.00
2015.11.16 03:08:04.832,10.92479,10.92781,0.00,0.00
2015.11.16 03:08:05.733,10.92479,10.9278,0.00,0.00
2015.11.16 03:08:08.542,10.92479,10.92781,0.00,0.00
2015.11.16 03:08:10.493,10.92479,10.9278,0.00,0.00
2015.11.16 03:08:12.353,10.92479,10.92781,0.00,0.00
2015.11.16 03:08:15.562,10.92479,10.9279,0.00,0.00
2015.11.16 03:08:17.495,10.92479,10.92791,0.00,0.00
2015.11.16 03:08:21.297,10.92479,10.9279,0.00,0.00
2015.11.16 03:08:23.101,10.92479,10.92791,0.00,0.00
2015.11.16 03:08:24.304,10.92528,10.92791,0.00,0.00
2015.11.16 03:08:24.355,10.92528,10.9281,0.00,0.00
2015.11.16 03:08:24.456,10.92478,10.9281,0.00,0.00
2015.11.16 03:08:24.957,10.92478,10.92811,0.00,0.00
2015.11.16 03:08:26.035,10.92478,10.92801,0.00,0.00
2015.11.16 03:08:26.616,10.92478,10.928,0.00,0.00
2015.11.16 03:08:27.213,10.92478,10.92811,0.00,0.00
2015.11.16 03:08:28.036,10.92478,10.92801,0.00,0.00
2015.11.16 03:08:30.724,10.92478,10.92811,0.00,0.00
2015.11.16 03:08:31.426,10.92478,10.9279,0.00,0.00
2015.11.16 03:08:32.228,10.92478,10.92791,0.00,0.00
2015.11.16 03:08:32.937,10.92478,10.92811,0.00,0.00
2015.11.16 03:08:33.447,10.92478,10.9281,0.00,0.00
2015.11.16 03:08:34.208,10.92478,10.92811,0.00,0.00
2015.11.16 03:08:35.458,10.92478,10.9281,0.00,0.00
2015.11.16 03:08:36.096,10.92478,10.92811,0.00,0.00
2015.11.16 03:08:42.520,10.92478,10.9281,0.00,0.00
2015.11.16 03:08:42.983,10.92478,10.92781,0.00,0.00
2015.11.16 03:08:44.988,10.92478,10.9276,0.00,0.00
2015.11.16 03:08:45.389,10.92478,10.92771,0.00,0.00
2015.11.16 03:08:46.083,10.92452,10.92729,0.00,0.00
2015.11.16 03:08:46.192,10.92428,10.92711,0.00,0.00
2015.11.16 03:08:46.344,10.92399,10.92711,0.00,0.00
2015.11.16 03:08:46.394,10.924,10.9269,0.00,0.00
2015.11.16 03:08:47.005,10.92399,10.92691,0.00,0.00
2015.11.16 03:08:48.920,10.924,10.9269,0.00,0.00
2015.11.16 03:08:49.904,10.92399,10.92691,0.00,0.00
2015.11.16 03:08:50.220,10.924,10.92702,0.00,0.00
2015.11.16 03:08:50.370,10.924,10.9271,0.00,0.00
2015.11.16 03:08:51.810,10.92399,10.92711,0.00,0.00
2015.11.16 03:08:52.343,10.92478,10.92711,0.00,0.00
2015.11.16 03:08:52.444,10.92478,10.92722,0.00,0.00
2015.11.16 03:08:52.495,10.92478,10.92742,0.00,0.00
2015.11.16 03:08:52.596,10.92428,10.92751,0.00,0.00
2015.11.16 03:08:52.696,10.92479,10.92751,0.00,0.00
2015.11.16 03:08:52.747,10.92479,10.9276,0.00,0.00
2015.11.16 03:08:53.151,10.92428,10.92721,0.00,0.00
2015.11.16 03:08:53.615,10.92428,10.92741,0.00,0.00
2015.11.16 03:08:54.175,10.92428,10.9274,0.00,0.00
2015.11.16 03:08:55.065,10.92428,10.92741,0.00,0.00
2015.11.16 03:08:56.246,10.92428,10.9274,0.00,0.00
2015.11.16 03:08:56.924,10.92428,10.92741,0.00,0.00
2015.11.16 03:08:57.524,10.92428,10.9274,0.00,0.00
2015.11.16 03:08:58.828,10.92428,10.92741,0.00,0.00
2015.11.16 03:09:02.133,10.92399,10.92722,0.00,0.00
2015.11.16 03:09:02.184,10.92399,10.92691,0.00,0.00
2015.11.16 03:09:02.284,10.92399,10.92711,0.00,0.00
2015.11.16 03:09:02.335,10.92399,10.92702,0.00,0.00
2015.11.16 03:09:02.637,10.924,10.9271,0.00,0.00
2015.11.16 03:09:03.270,10.92399,10.92711,0.00,0.00
2015.11.16 03:09:04.645,10.924,10.9271,0.00,0.00
2015.11.16 03:09:05.448,10.92399,10.92711,0.00,0.00
2015.11.16 03:09:05.536,10.92399,10.92701,0.00,0.00
2015.11.16 03:09:06.137,10.92399,10.92711,0.00,0.00
2015.11.16 03:09:07.153,10.92399,10.92701,0.00,0.00
2015.11.16 03:09:08.270,10.92399,10.92711,0.00,0.00
2015.11.16 03:09:08.880,10.924,10.9271,0.00,0.00
2015.11.16 03:09:08.942,10.924,10.92702,0.00,0.00
2015.11.16 03:09:09.443,10.924,10.9271,0.00,0.00
2015.11.16 03:09:10.269,10.924,10.927,0.00,0.00
2015.11.16 03:09:11.671,10.92399,10.92701,0.00,0.00
2015.11.16 03:09:13.576,10.924,10.927,0.00,0.00
2015.11.16 03:09:15.181,10.92399,10.92701,0.00,0.00
2015.11.16 03:09:15.812,10.924,10.927,0.00,0.00
2015.11.16 03:09:20.303,10.924,10.9271,0.00,0.00
2015.11.16 03:09:21.144,10.92399,10.92711,0.00,0.00
2015.11.16 03:09:23.603,10.92428,10.92711,0.00,0.00
2015.11.16 03:09:23.653,10.92431,10.92721,0.00,0.00
2015.11.16 03:09:23.754,10.92439,10.92772,0.00,0.00
2015.11.16 03:09:23.805,10.92478,10.92791,0.00,0.00
2015.11.16 03:09:24.393,10.92478,10.9279,0.00,0.00
2015.11.16 03:09:27.326,10.92478,10.92791,0.00,0.00
2015.11.16 03:09:28.329,10.92478,10.9279,0.00,0.00
2015.11.16 03:09:28.931,10.92478,10.92791,0.00,0.00
2015.11.16 03:09:29.690,10.92478,10.9279,0.00,0.00
2015.11.16 03:09:31.253,10.92478,10.92791,0.00,0.00
2015.11.16 03:09:36.855,10.92478,10.9279,0.00,0.00
2015.11.16 03:09:37.491,10.92478,10.92791,0.00,0.00
2015.11.16 03:09:40.666,10.92478,10.9279,0.00,0.00
2015.11.16 03:09:42.622,10.92478,10.92791,0.00,0.00
2015.11.16 03:09:46.323,10.92478,10.92799,0.00,0.00
2015.11.16 03:09:46.424,10.92478,10.9279,0.00,0.00
2015.11.16 03:09:46.973,10.92478,10.92791,0.00,0.00
2015.11.16 03:09:48.292,10.92478,10.9279,0.00,0.00
2015.11.16 03:09:48.697,10.92478,10.92799,0.00,0.00
2015.11.16 03:09:51.535,10.92478,10.92791,0.00,0.00
2015.11.16 03:09:52.101,10.92478,10.9279,0.00,0.00
2015.11.16 03:09:53.082,10.9244,10.92721,0.00,0.00
2015.11.16 03:09:53.132,10.92399,10.92711,0.00,0.00
2015.11.16 03:09:53.907,10.924,10.9271,0.00,0.00
2015.11.16 03:09:54.456,10.92399,10.92711,0.00,0.00
2015.11.16 03:09:55.116,10.924,10.9271,0.00,0.00
2015.11.16 03:09:56.916,10.92399,10.92711,0.00,0.00
2015.11.16 03:10:02.539,10.924,10.9271,0.00,0.00
2015.11.16 03:10:03.040,10.92399,10.92711,0.00,0.00
2015.11.16 03:10:05.647,10.924,10.9271,0.00,0.00
2015.11.16 03:10:05.888,10.92399,10.92721,0.00,0.00
2015.11.16 03:10:05.939,10.92428,10.92729,0.00,0.00
2015.11.16 03:10:05.990,10.92428,10.92741,0.00,0.00
2015.11.16 03:10:06.493,10.92428,10.92748,0.00,0.00
2015.11.16 03:10:14.473,10.92439,10.92748,0.00,0.00
2015.11.16 03:10:14.624,10.92479,10.92789,0.00,0.00
2015.11.16 03:10:14.787,10.92479,10.92781,0.00,0.00
2015.11.16 03:10:14.887,10.92479,10.92789,0.00,0.00
2015.11.16 03:10:15.709,10.92479,10.92782,0.00,0.00
2015.11.16 03:10:15.827,10.92479,10.92789,0.00,0.00
2015.11.16 03:10:19.186,10.92479,10.9278,0.00,0.00
2015.11.16 03:10:19.590,10.92479,10.92789,0.00,0.00
2015.11.16 03:10:21.931,10.92529,10.92789,0.00,0.00
2015.11.16 03:10:22.032,10.92529,10.928,0.00,0.00
2015.11.16 03:10:22.096,10.92529,10.92839,0.00,0.00
2015.11.16 03:10:30.573,10.9249,10.92822,0.00,0.00
2015.11.16 03:10:30.627,10.92478,10.92801,0.00,0.00
2015.11.16 03:10:31.128,10.92478,10.92792,0.00,0.00
2015.11.16 03:10:31.179,10.92478,10.92798,0.00,0.00
2015.11.16 03:10:40.108,10.92478,10.92792,0.00,0.00
2015.11.16 03:10:40.159,10.92478,10.92798,0.00,0.00
2015.11.16 03:10:40.310,10.92478,10.92791,0.00,0.00
2015.11.16 03:10:41.049,10.92478,10.9279,0.00,0.00
2015.11.16 03:10:45.695,10.92478,10.92771,0.00,0.00
2015.11.16 03:10:46.210,10.92478,10.9277,0.00,0.00
2015.11.16 03:10:47.182,10.9244,10.92721,0.00,0.00
2015.11.16 03:10:47.309,10.92399,10.92711,0.00,0.00
2015.11.16 03:10:47.359,10.92399,10.92709,0.00,0.00
2015.11.16 03:10:48.795,10.924,10.92709,0.00,0.00
2015.11.16 03:10:49.301,10.92399,10.92709,0.00,0.00
2015.11.16 03:10:50.215,10.92429,10.92709,0.00,0.00
2015.11.16 03:10:50.316,10.9244,10.9275,0.00,0.00
2015.11.16 03:10:50.421,10.92478,10.92771,0.00,0.00
2015.11.16 03:10:50.953,10.92478,10.9277,0.00,0.00
2015.11.16 03:10:52.204,10.92478,10.92771,0.00,0.00
2015.11.16 03:10:54.126,10.92478,10.9277,0.00,0.00
2015.11.16 03:10:55.112,10.92478,10.92771,0.00,0.00
2015.11.16 03:10:59.749,10.92478,10.9277,0.00,0.00
2015.11.16 03:11:05.444,10.92478,10.92771,0.00,0.00
2015.11.16 03:11:05.993,10.92478,10.9277,0.00,0.00
2015.11.16 03:11:07.347,10.92478,10.92771,0.00,0.00
2015.11.16 03:11:09.252,10.92478,10.9277,0.00,0.00
2015.11.16 03:11:09.767,10.92478,10.92771,0.00,0.00
2015.11.16 03:11:11.506,10.92439,10.92771,0.00,0.00
2015.11.16 03:11:11.557,10.92439,10.92749,0.00,0.00
2015.11.16 03:11:11.608,10.92429,10.92749,0.00,0.00
2015.11.16 03:11:15.148,10.92478,10.92749,0.00,0.00
2015.11.16 03:11:15.199,10.92478,10.9276,0.00,0.00
2015.11.16 03:11:15.614,10.92478,10.92771,0.00,0.00
2015.11.16 03:11:21.042,10.92439,10.92751,0.00,0.00
2015.11.16 03:11:21.143,10.92409,10.92751,0.00,0.00
2015.11.16 03:11:27.235,10.92418,10.92751,0.00,0.00
2015.11.16 03:11:27.580,10.92448,10.92751,0.00,0.00
2015.11.16 03:11:29.345,10.9242,10.92751,0.00,0.00
2015.11.16 03:11:29.697,10.92418,10.92751,0.00,0.00
2015.11.16 03:11:29.812,10.92412,10.92751,0.00,0.00
2015.11.16 03:11:32.694,10.92419,10.92751,0.00,0.00
2015.11.16 03:11:32.819,10.92412,10.92751,0.00,0.00
2015.11.16 03:11:35.052,10.92419,10.92751,0.00,0.00
2015.11.16 03:11:35.119,10.92412,10.92751,0.00,0.00
2015.11.16 03:11:40.721,10.92412,10.92639,0.00,0.00
2015.11.16 03:11:41.027,10.92358,10.92552,0.00,0.00
2015.11.16 03:11:41.078,10.92359,10.92639,0.00,0.00
2015.11.16 03:11:41.179,10.92359,10.92701,0.00,0.00
2015.11.16 03:11:41.235,10.92368,10.92701,0.00,0.00
2015.11.16 03:11:41.684,10.92359,10.92701,0.00,0.00
2015.11.16 03:11:42.497,10.92349,10.92651,0.00,0.00
2015.11.16 03:11:42.547,10.92341,10.92651,0.00,0.00
2015.11.16 03:11:42.598,10.92338,10.92651,0.00,0.00
2015.11.16 03:11:42.649,10.92321,10.92651,0.00,0.00
2015.11.16 03:11:42.939,10.92338,10.92651,0.00,0.00
2015.11.16 03:11:43.238,10.92321,10.92651,0.00,0.00
2015.11.16 03:11:43.289,10.92359,10.92692,0.00,0.00
2015.11.16 03:11:43.340,10.92378,10.92701,0.00,0.00
2015.11.16 03:11:43.639,10.92369,10.92701,0.00,0.00
2015.11.16 03:11:44.326,10.92371,10.92701,0.00,0.00
2015.11.16 03:11:44.701,10.92378,10.92701,0.00,0.00
2015.11.16 03:11:45.341,10.92389,10.92701,0.00,0.00
2015.11.16 03:11:46.489,10.92371,10.92701,0.00,0.00
2015.11.16 03:11:49.046,10.92388,10.92701,0.00,0.00
2015.11.16 03:11:50.047,10.92371,10.92701,0.00,0.00
2015.11.16 03:11:51.751,10.92409,10.92721,0.00,0.00
2015.11.16 03:11:51.801,10.92409,10.92751,0.00,0.00
2015.11.16 03:11:57.808,10.92371,10.92701,0.00,0.00
2015.11.16 03:11:58.775,10.92378,10.92701,0.00,0.00
2015.11.16 03:11:59.981,10.92371,10.92701,0.00,0.00
2015.11.16 03:12:07.859,10.92369,10.92701,0.00,0.00
2015.11.16 03:12:07.910,10.92408,10.92738,0.00,0.00
2015.11.16 03:12:07.961,10.92408,10.92752,0.00,0.00
2015.11.16 03:12:42.582,10.92398,10.92701,0.00,0.00
2015.11.16 03:12:42.632,10.92371,10.92701,0.00,0.00
2015.11.16 03:12:44.939,10.92378,10.92701,0.00,0.00
2015.11.16 03:12:45.847,10.92371,10.92701,0.00,0.00
2015.11.16 03:12:48.846,10.92378,10.92701,0.00,0.00
2015.11.16 03:12:48.947,10.92408,10.92748,0.00,0.00
2015.11.16 03:12:49.048,10.92408,10.92752,0.00,0.00
2015.11.16 03:12:50.360,10.92398,10.92701,0.00,0.00
2015.11.16 03:12:50.461,10.92382,10.92701,0.00,0.00
2015.11.16 03:12:50.562,10.92399,10.92701,0.00,0.00
2015.11.16 03:12:50.612,10.92439,10.92771,0.00,0.00
2015.11.16 03:12:52.653,10.92439,10.9273,0.00,0.00
2015.11.16 03:12:52.704,10.92389,10.9273,0.00,0.00
2015.11.16 03:12:53.242,10.92388,10.9273,0.00,0.00
2015.11.16 03:12:53.454,10.92371,10.9266,0.00,0.00
2015.11.16 03:12:53.505,10.92339,10.9266,0.00,0.00
2015.11.16 03:12:54.021,10.92338,10.92681,0.00,0.00
2015.11.16 03:12:55.525,10.92338,10.9268,0.00,0.00
2015.11.16 03:12:57.530,10.92338,10.92681,0.00,0.00
2015.11.16 03:12:58.145,10.92338,10.9268,0.00,0.00
2015.11.16 03:12:58.733,10.92338,10.92681,0.00,0.00
2015.11.16 03:12:59.415,10.92338,10.9268,0.00,0.00
2015.11.16 03:13:00.590,10.92338,10.92671,0.00,0.00
2015.11.16 03:13:00.690,10.92338,10.92681,0.00,0.00
2015.11.16 03:13:01.193,10.92338,10.9268,0.00,0.00
2015.11.16 03:13:01.725,10.92338,10.92681,0.00,0.00
2015.11.16 03:13:04.352,10.92338,10.9268,0.00,0.00
2015.11.16 03:13:05.657,10.92338,10.92681,0.00,0.00
2015.11.16 03:13:06.345,10.92338,10.9268,0.00,0.00
2015.11.16 03:13:11.676,10.92338,10.92681,0.00,0.00
2015.11.16 03:13:16.130,10.92338,10.9268,0.00,0.00
2015.11.16 03:13:17.442,10.92338,10.92681,0.00,0.00
2015.11.16 03:13:18.040,10.92338,10.9268,0.00,0.00
2015.11.16 03:13:19.348,10.92338,10.92681,0.00,0.00
2015.11.16 03:13:21.255,10.92338,10.9268,0.00,0.00
2015.11.16 03:13:22.480,10.92338,10.92681,0.00,0.00
2015.11.16 03:13:22.989,10.92338,10.9268,0.00,0.00
2015.11.16 03:13:23.514,10.92338,10.92681,0.00,0.00
2015.11.16 03:13:24.271,10.92338,10.9268,0.00,0.00
2015.11.16 03:13:26.206,10.92338,10.92681,0.00,0.00
2015.11.16 03:13:26.979,10.92338,10.9268,0.00,0.00
2015.11.16 03:13:27.784,10.92338,10.92681,0.00,0.00
2015.11.16 03:13:27.994,10.92338,10.92671,0.00,0.00
2015.11.16 03:13:28.111,10.92338,10.9268,0.00,0.00
2015.11.16 03:13:28.691,10.92338,10.92681,0.00,0.00
2015.11.16 03:13:30.625,10.92339,10.92681,0.00,0.00
2015.11.16 03:13:30.698,10.92359,10.92681,0.00,0.00
2015.11.16 03:13:31.399,10.92349,10.92681,0.00,0.00
2015.11.16 03:13:32.146,10.92338,10.92671,0.00,0.00
2015.11.16 03:13:32.200,10.92348,10.9268,0.00,0.00
2015.11.16 03:13:33.261,10.92348,10.92681,0.00,0.00
2015.11.16 03:13:34.629,10.92388,10.92681,0.00,0.00
2015.11.16 03:13:34.680,10.92409,10.92728,0.00,0.00
2015.11.16 03:13:34.731,10.92411,10.92711,0.00,0.00
2015.11.16 03:13:34.832,10.92438,10.9278,0.00,0.00
2015.11.16 03:13:35.448,10.92438,10.92781,0.00,0.00
2015.11.16 03:13:37.357,10.92438,10.9278,0.00,0.00
2015.11.16 03:13:38.766,10.92438,10.92781,0.00,0.00
2015.11.16 03:13:38.817,10.92438,10.92771,0.00,0.00
2015.11.16 03:13:42.067,10.92479,10.92771,0.00,0.00
2015.11.16 03:13:42.117,10.92479,10.92781,0.00,0.00
2015.11.16 03:13:42.765,10.92479,10.9278,0.00,0.00
2015.11.16 03:13:45.060,10.92479,10.92781,0.00,0.00
2015.11.16 03:13:46.985,10.92479,10.9278,0.00,0.00
2015.11.16 03:13:50.780,10.92479,10.92781,0.00,0.00
2015.11.16 03:13:53.097,10.92479,10.9278,0.00,0.00
2015.11.16 03:13:54.926,10.92479,10.92781,0.00,0.00
2015.11.16 03:13:57.099,10.92479,10.9278,0.00,0.00
2015.11.16 03:13:57.861,10.92479,10.92781,0.00,0.00
2015.11.16 03:14:00.409,10.92479,10.9278,0.00,0.00
2015.11.16 03:14:01.033,10.92479,10.92781,0.00,0.00
2015.11.16 03:14:02.114,10.92479,10.9278,0.00,0.00
2015.11.16 03:14:03.017,10.92479,10.92781,0.00,0.00
2015.11.16 03:14:04.922,10.92479,10.9278,0.00,0.00
2015.11.16 03:14:05.835,10.92479,10.9277,0.00,0.00
2015.11.16 03:14:06.087,10.92379,10.9271,0.00,0.00
2015.11.16 03:14:06.138,10.92389,10.92721,0.00,0.00
2015.11.16 03:14:06.188,10.92428,10.92739,0.00,0.00
2015.11.16 03:14:07.358,10.92428,10.92741,0.00,0.00
2015.11.16 03:14:08.038,10.92428,10.9274,0.00,0.00
2015.11.16 03:14:08.539,10.92428,10.92741,0.00,0.00
2015.11.16 03:14:10.144,10.92428,10.92751,0.00,0.00
2015.11.16 03:14:14.959,10.92428,10.9275,0.00,0.00
2015.11.16 03:14:16.863,10.92428,10.92751,0.00,0.00
2015.11.16 03:14:22.580,10.92428,10.9275,0.00,0.00
2015.11.16 03:14:25.310,10.92379,10.9271,0.00,0.00
2015.11.16 03:14:25.538,10.92379,10.92701,0.00,0.00
2015.11.16 03:14:25.740,10.92379,10.9271,0.00,0.00
2015.11.16 03:14:26.250,10.92379,10.92711,0.00,0.00
2015.11.16 03:14:27.497,10.92379,10.9271,0.00,0.00
2015.11.16 03:14:31.257,10.92379,10.92711,0.00,0.00
2015.11.16 03:14:33.416,10.92379,10.9271,0.00,0.00
2015.11.16 03:14:36.164,10.92379,10.92711,0.00,0.00
2015.11.16 03:14:38.668,10.92379,10.9271,0.00,0.00
2015.11.16 03:14:39.418,10.92379,10.92711,0.00,0.00
2015.11.16 03:14:39.943,10.92379,10.9271,0.00,0.00
2015.11.16 03:14:43.793,10.92379,10.92711,0.00,0.00
2015.11.16 03:14:45.663,10.92379,10.9271,0.00,0.00
2015.11.16 03:14:46.529,10.92379,10.92702,0.00,0.00
2015.11.16 03:14:47.231,10.92379,10.9271,0.00,0.00
2015.11.16 03:14:47.745,10.92379,10.92711,0.00,0.00
2015.11.16 03:14:48.067,10.92379,10.92701,0.00,0.00
2015.11.16 03:14:48.746,10.92379,10.92711,0.00,0.00
2015.11.16 03:14:49.439,10.92379,10.9271,0.00,0.00
2015.11.16 03:14:50.388,10.92379,10.92701,0.00,0.00
2015.11.16 03:14:50.807,10.92379,10.92639,0.00,0.00
2015.11.16 03:14:50.858,10.92339,10.92622,0.00,0.00
2015.11.16 03:14:50.909,10.9232,10.9261,0.00,0.00
2015.11.16 03:14:51.485,10.92319,10.92611,0.00,0.00
2015.11.16 03:14:51.998,10.9232,10.9261,0.00,0.00
2015.11.16 03:14:53.291,10.92319,10.92611,0.00,0.00
2015.11.16 03:14:54.028,10.9232,10.9261,0.00,0.00
2015.11.16 03:14:55.004,10.92319,10.92611,0.00,0.00
2015.11.16 03:14:55.628,10.9232,10.9261,0.00,0.00
2015.11.16 03:14:57.004,10.92319,10.92611,0.00,0.00
2015.11.16 03:15:02.729,10.9232,10.9261,0.00,0.00
2015.11.16 03:15:04.366,10.92319,10.92611,0.00,0.00
2015.11.16 03:15:06.039,10.9232,10.9261,0.00,0.00
2015.11.16 03:15:06.728,10.92319,10.92611,0.00,0.00
2015.11.16 03:15:07.944,10.9232,10.9261,0.00,0.00
2015.11.16 03:15:10.624,10.92329,10.9261,0.00,0.00
2015.11.16 03:15:10.675,10.92329,10.92641,0.00,0.00
2015.11.16 03:15:10.776,10.92329,10.92611,0.00,0.00
2015.11.16 03:15:10.877,10.9232,10.9261,0.00,0.00
2015.11.16 03:15:11.475,10.92319,10.92611,0.00,0.00
2015.11.16 03:15:12.558,10.9232,10.9261,0.00,0.00
2015.11.16 03:15:13.125,10.92319,10.92611,0.00,0.00
2015.11.16 03:15:13.758,10.9232,10.9261,0.00,0.00
2015.11.16 03:15:14.312,10.92319,10.92611,0.00,0.00
2015.11.16 03:15:16.478,10.9232,10.9261,0.00,0.00
2015.11.16 03:15:16.922,10.92319,10.92602,0.00,0.00
2015.11.16 03:15:19.881,10.9232,10.92602,0.00,0.00
2015.11.16 03:15:19.932,10.9232,10.9261,0.00,0.00
2015.11.16 03:15:20.433,10.92319,10.92611,0.00,0.00
2015.11.16 03:15:22.790,10.9232,10.9261,0.00,0.00
2015.11.16 03:15:23.340,10.92319,10.92611,0.00,0.00
2015.11.16 03:15:23.842,10.9232,10.9261,0.00,0.00
2015.11.16 03:15:24.374,10.92319,10.92611,0.00,0.00
2015.11.16 03:15:25.034,10.9232,10.9261,0.00,0.00
2015.11.16 03:15:25.351,10.92328,10.9261,0.00,0.00
2015.11.16 03:15:25.401,10.92328,10.92629,0.00,0.00
2015.11.16 03:15:25.452,10.92328,10.92639,0.00,0.00
2015.11.16 03:15:25.503,10.92328,10.9265,0.00,0.00
2015.11.16 03:15:26.025,10.92328,10.92651,0.00,0.00
2015.11.16 03:15:27.607,10.92328,10.9261,0.00,0.00
2015.11.16 03:15:27.810,10.92319,10.92611,0.00,0.00
2015.11.16 03:15:29.332,10.92328,10.92651,0.00,0.00
2015.11.16 03:15:31.026,10.92328,10.9265,0.00,0.00
2015.11.16 03:15:31.648,10.92328,10.92651,0.00,0.00
2015.11.16 03:15:31.755,10.92351,10.92651,0.00,0.00
2015.11.16 03:15:32.557,10.92351,10.9265,0.00,0.00
2015.11.16 03:15:33.107,10.92351,10.92651,0.00,0.00
2015.11.16 03:15:35.031,10.92351,10.9265,0.00,0.00
2015.11.16 03:15:35.781,10.92351,10.92651,0.00,0.00
2015.11.16 03:15:36.535,10.92351,10.9266,0.00,0.00
2015.11.16 03:15:37.250,10.92351,10.92661,0.00,0.00
2015.11.16 03:15:38.143,10.92382,10.9266,0.00,0.00
2015.11.16 03:15:38.265,10.92382,10.9269,0.00,0.00
2015.11.16 03:15:38.654,10.92382,10.9268,0.00,0.00
2015.11.16 03:15:39.311,10.92382,10.92681,0.00,0.00
2015.11.16 03:15:40.069,10.92382,10.9268,0.00,0.00
2015.11.16 03:15:40.600,10.92382,10.92681,0.00,0.00
2015.11.16 03:15:45.809,10.92378,10.9264,0.00,0.00
2015.11.16 03:15:45.860,10.9234,10.9264,0.00,0.00
2015.11.16 03:15:45.910,10.92331,10.92631,0.00,0.00
2015.11.16 03:15:46.062,10.92328,10.92631,0.00,0.00
2015.11.16 03:15:47.026,10.92319,10.92621,0.00,0.00
2015.11.16 03:15:47.361,10.92319,10.92611,0.00,0.00
2015.11.16 03:15:47.513,10.92329,10.92628,0.00,0.00
2015.11.16 03:15:47.564,10.92329,10.92639,0.00,0.00
2015.11.16 03:15:48.380,10.92329,10.9264,0.00,0.00
2015.11.16 03:15:49.014,10.92379,10.92668,0.00,0.00
2015.11.16 03:15:49.248,10.92379,10.92671,0.00,0.00
2015.11.16 03:15:49.784,10.92379,10.9268,0.00,0.00
2015.11.16 03:15:51.088,10.92379,10.92671,0.00,0.00
2015.11.16 03:15:51.761,10.92379,10.9267,0.00,0.00
2015.11.16 03:15:52.820,10.92379,10.92671,0.00,0.00
2015.11.16 03:15:54.700,10.92379,10.9267,0.00,0.00
2015.11.16 03:15:56.707,10.92379,10.92671,0.00,0.00
2015.11.16 03:16:00.517,10.92379,10.9267,0.00,0.00
2015.11.16 03:16:01.720,10.92379,10.9268,0.00,0.00
2015.11.16 03:16:02.243,10.92379,10.92681,0.00,0.00
2015.11.16 03:16:02.752,10.92379,10.9268,0.00,0.00
2015.11.16 03:16:04.032,10.92379,10.92681,0.00,0.00
2015.11.16 03:16:06.490,10.92379,10.9268,0.00,0.00
2015.11.16 03:16:07.545,10.92379,10.9266,0.00,0.00
2015.11.16 03:16:09.956,10.92379,10.92661,0.00,0.00
2015.11.16 03:16:10.460,10.92379,10.9266,0.00,0.00
2015.11.16 03:16:12.565,10.92379,10.92661,0.00,0.00
2015.11.16 03:16:19.537,10.92379,10.9266,0.00,0.00
2015.11.16 03:16:21.458,10.92379,10.92661,0.00,0.00
2015.11.16 03:16:26.681,10.92379,10.9268,0.00,0.00
2015.11.16 03:16:28.486,10.92379,10.92681,0.00,0.00
2015.11.16 03:16:29.287,10.92379,10.9268,0.00,0.00
2015.11.16 03:16:30.492,10.92379,10.92681,0.00,0.00
2015.11.16 03:16:32.534,10.92379,10.9268,0.00,0.00
2015.11.16 03:16:33.311,10.92379,10.92681,0.00,0.00
2015.11.16 03:16:33.920,10.92379,10.9268,0.00,0.00
2015.11.16 03:16:34.546,10.92379,10.92681,0.00,0.00
2015.11.16 03:16:35.207,10.92379,10.9268,0.00,0.00
2015.11.16 03:16:37.113,10.92379,10.92681,0.00,0.00
2015.11.16 03:16:38.260,10.92379,10.92691,0.00,0.00
2015.11.16 03:16:38.871,10.92379,10.9269,0.00,0.00
2015.11.16 03:16:39.530,10.92379,10.92691,0.00,0.00
2015.11.16 03:16:39.621,10.92379,10.92671,0.00,0.00
2015.11.16 03:16:40.190,10.92379,10.9267,0.00,0.00
2015.11.16 03:16:43.433,10.92379,10.92671,0.00,0.00
2015.11.16 03:16:44.135,10.92379,10.9267,0.00,0.00
2015.11.16 03:16:45.360,10.92379,10.92671,0.00,0.00
2015.11.16 03:16:49.102,10.92342,10.92671,0.00,0.00
2015.11.16 03:16:52.886,10.92342,10.9267,0.00,0.00
2015.11.16 03:16:53.595,10.92342,10.92671,0.00,0.00
2015.11.16 03:16:56.746,10.92342,10.9267,0.00,0.00
2015.11.16 03:16:58.028,10.92342,10.92681,0.00,0.00
2015.11.16 03:16:58.613,10.92342,10.9268,0.00,0.00
2015.11.16 03:16:59.620,10.92342,10.92681,0.00,0.00
2015.11.16 03:17:00.323,10.92342,10.9268,0.00,0.00
2015.11.16 03:17:03.736,10.92342,10.92681,0.00,0.00
2015.11.16 03:17:07.455,10.92342,10.9268,0.00,0.00
2015.11.16 03:17:12.771,10.92342,10.92691,0.00,0.00
2015.11.16 03:17:15.178,10.92342,10.9269,0.00,0.00
2015.11.16 03:17:15.659,10.92358,10.9269,0.00,0.00
2015.11.16 03:17:15.741,10.92342,10.9269,0.00,0.00
2015.11.16 03:17:16.502,10.92342,10.92691,0.00,0.00
2015.11.16 03:17:17.128,10.92342,10.9269,0.00,0.00
2015.11.16 03:17:18.589,10.92342,10.92701,0.00,0.00
2015.11.16 03:17:19.144,10.92342,10.927,0.00,0.00
2015.11.16 03:17:20.814,10.92342,10.92701,0.00,0.00
2015.11.16 03:17:22.497,10.92342,10.92692,0.00,0.00
2015.11.16 03:17:22.598,10.92342,10.92701,0.00,0.00
2015.11.16 03:17:23.157,10.92342,10.927,0.00,0.00
2015.11.16 03:17:24.623,10.92342,10.92701,0.00,0.00
2015.11.16 03:17:25.137,10.9234,10.92698,0.00,0.00
2015.11.16 03:17:26.128,10.9234,10.9269,0.00,0.00
2015.11.16 03:17:27.248,10.92339,10.92691,0.00,0.00
2015.11.16 03:17:27.773,10.92339,10.92681,0.00,0.00
2015.11.16 03:17:28.439,10.9234,10.9268,0.00,0.00
2015.11.16 03:17:28.769,10.92339,10.92691,0.00,0.00
2015.11.16 03:17:32.240,10.9234,10.9269,0.00,0.00
2015.11.16 03:17:34.145,10.92319,10.92641,0.00,0.00
2015.11.16 03:17:34.546,10.92328,10.92641,0.00,0.00
2015.11.16 03:17:36.150,10.92328,10.9264,0.00,0.00
2015.11.16 03:17:37.458,10.92328,10.92659,0.00,0.00
2015.11.16 03:17:43.526,10.92378,10.92659,0.00,0.00
2015.11.16 03:17:43.611,10.92378,10.92691,0.00,0.00
2015.11.16 03:17:43.662,10.92378,10.92699,0.00,0.00
2015.11.16 03:17:44.144,10.92378,10.92692,0.00,0.00
2015.11.16 03:17:45.350,10.92378,10.92699,0.00,0.00
2015.11.16 03:18:06.555,10.92378,10.92692,0.00,0.00
2015.11.16 03:18:08.758,10.92378,10.92699,0.00,0.00
2015.11.16 03:18:08.959,10.92378,10.92691,0.00,0.00
2015.11.16 03:18:09.145,10.92378,10.92699,0.00,0.00
2015.11.16 03:18:09.611,10.92378,10.9269,0.00,0.00
2015.11.16 03:18:10.315,10.92378,10.9267,0.00,0.00
2015.11.16 03:18:10.416,10.92378,10.9268,0.00,0.00
2015.11.16 03:18:11.318,10.92378,10.92681,0.00,0.00
2015.11.16 03:18:11.518,10.92378,10.92671,0.00,0.00
2015.11.16 03:18:14.326,10.92378,10.92661,0.00,0.00
2015.11.16 03:18:15.230,10.92378,10.9267,0.00,0.00
2015.11.16 03:18:15.932,10.92378,10.92671,0.00,0.00
2015.11.16 03:18:19.788,10.92378,10.9267,0.00,0.00
2015.11.16 03:18:21.687,10.92378,10.92671,0.00,0.00
2015.11.16 03:18:25.458,10.92378,10.9267,0.00,0.00
2015.11.16 03:18:27.300,10.92378,10.92671,0.00,0.00
2015.11.16 03:18:31.082,10.92378,10.92681,0.00,0.00
2015.11.16 03:18:34.233,10.92378,10.9268,0.00,0.00
2015.11.16 03:18:34.993,10.92378,10.92681,0.00,0.00
2015.11.16 03:18:36.798,10.92378,10.9268,0.00,0.00
2015.11.16 03:18:41.410,10.92378,10.92681,0.00,0.00
2015.11.16 03:18:43.686,10.92339,10.92681,0.00,0.00
2015.11.16 03:18:44.518,10.9234,10.9265,0.00,0.00
2015.11.16 03:18:45.076,10.92339,10.92651,0.00,0.00
2015.11.16 03:18:45.420,10.9234,10.9266,0.00,0.00
2015.11.16 03:18:45.822,10.92339,10.92681,0.00,0.00
2015.11.16 03:18:49.038,10.9234,10.9268,0.00,0.00
2015.11.16 03:18:49.239,10.92339,10.92671,0.00,0.00
2015.11.16 03:18:49.640,10.92339,10.92681,0.00,0.00
2015.11.16 03:18:51.291,10.9234,10.9267,0.00,0.00
2015.11.16 03:18:52.449,10.92339,10.92671,0.00,0.00
2015.11.16 03:18:54.254,10.9234,10.9268,0.00,0.00
2015.11.16 03:18:54.677,10.92339,10.92671,0.00,0.00
2015.11.16 03:18:56.705,10.9234,10.9267,0.00,0.00
2015.11.16 03:18:58.467,10.92339,10.92671,0.00,0.00
2015.11.16 03:19:02.315,10.9234,10.9267,0.00,0.00
2015.11.16 03:19:05.232,10.92339,10.92661,0.00,0.00
2015.11.16 03:19:05.765,10.9234,10.9266,0.00,0.00
2015.11.16 03:19:06.317,10.9234,10.9265,0.00,0.00
2015.11.16 03:19:06.818,10.92339,10.92651,0.00,0.00
2015.11.16 03:19:09.928,10.9234,10.9265,0.00,0.00
2015.11.16 03:19:11.074,10.92339,10.92661,0.00,0.00
2015.11.16 03:19:11.754,10.9234,10.9266,0.00,0.00
2015.11.16 03:19:12.355,10.92339,10.92661,0.00,0.00
2015.11.16 03:19:14.791,10.9234,10.92668,0.00,0.00
2015.11.16 03:19:20.331,10.92339,10.92668,0.00,0.00
2015.11.16 03:19:20.432,10.92339,10.92701,0.00,0.00
2015.11.16 03:19:20.806,10.92339,10.92682,0.00,0.00
2015.11.16 03:19:20.871,10.92339,10.92701,0.00,0.00
2015.11.16 03:19:21.416,10.9234,10.927,0.00,0.00
2015.11.16 03:19:25.128,10.92339,10.92701,0.00,0.00
2015.11.16 03:19:26.014,10.92362,10.92701,0.00,0.00
2015.11.16 03:19:27.001,10.92362,10.927,0.00,0.00
2015.11.16 03:19:27.803,10.92362,10.92701,0.00,0.00
2015.11.16 03:19:28.606,10.92362,10.9269,0.00,0.00
2015.11.16 03:19:28.926,10.92362,10.92682,0.00,0.00
2015.11.16 03:19:29.699,10.92362,10.92681,0.00,0.00
2015.11.16 03:19:30.814,10.92362,10.9268,0.00,0.00
2015.11.16 03:19:32.060,10.92362,10.92651,0.00,0.00
2015.11.16 03:19:32.394,10.92362,10.9264,0.00,0.00
2015.11.16 03:19:32.999,10.92362,10.92641,0.00,0.00
2015.11.16 03:19:34.625,10.92362,10.9264,0.00,0.00
2015.11.16 03:19:36.532,10.92362,10.92611,0.00,0.00
2015.11.16 03:19:36.633,10.92362,10.92661,0.00,0.00
2015.11.16 03:19:36.684,10.92328,10.92661,0.00,0.00
2015.11.16 03:19:37.033,10.92328,10.9264,0.00,0.00
2015.11.16 03:19:37.405,10.92328,10.92631,0.00,0.00
2015.11.16 03:19:37.742,10.9232,10.9261,0.00,0.00
2015.11.16 03:19:38.297,10.92319,10.92611,0.00,0.00
2015.11.16 03:19:38.940,10.92279,10.92611,0.00,0.00
2015.11.16 03:19:39.943,10.92279,10.92621,0.00,0.00
2015.11.16 03:19:40.045,10.92279,10.92601,0.00,0.00
2015.11.16 03:19:41.446,10.92279,10.926,0.00,0.00
2015.11.16 03:19:43.351,10.92279,10.92601,0.00,0.00
2015.11.16 03:19:44.188,10.92279,10.926,0.00,0.00
2015.11.16 03:19:44.555,10.92279,10.92611,0.00,0.00
2015.11.16 03:19:44.656,10.92279,10.92592,0.00,0.00
2015.11.16 03:19:44.813,10.92279,10.92611,0.00,0.00
2015.11.16 03:19:47.211,10.92279,10.9261,0.00,0.00
2015.11.16 03:19:49.527,10.92279,10.92581,0.00,0.00
2015.11.16 03:19:49.858,10.92279,10.9257,0.00,0.00
2015.11.16 03:19:50.373,10.92279,10.92581,0.00,0.00
2015.11.16 03:19:50.975,10.92279,10.9258,0.00,0.00
2015.11.16 03:19:51.910,10.92279,10.9257,0.00,0.00
2015.11.16 03:19:52.228,10.92279,10.92541,0.00,0.00
2015.11.16 03:19:52.780,10.92279,10.9254,0.00,0.00
2015.11.16 03:19:52.881,10.92279,10.9255,0.00,0.00
2015.11.16 03:19:53.082,10.92279,10.9256,0.00,0.00
2015.11.16 03:19:53.582,10.92279,10.92541,0.00,0.00
2015.11.16 03:19:54.635,10.92279,10.9254,0.00,0.00
2015.11.16 03:19:54.945,10.92279,10.92531,0.00,0.00
2015.11.16 03:19:56.089,10.92279,10.92551,0.00,0.00
2015.11.16 03:19:57.828,10.92279,10.9254,0.00,0.00
2015.11.16 03:19:58.438,10.92279,10.92541,0.00,0.00
2015.11.16 03:20:00.919,10.92279,10.9254,0.00,0.00
2015.11.16 03:20:01.002,10.92279,10.92561,0.00,0.00
2015.11.16 03:20:01.720,10.92279,10.92591,0.00,0.00
2015.11.16 03:20:02.402,10.92279,10.9259,0.00,0.00
2015.11.16 03:20:04.013,10.92279,10.92601,0.00,0.00
2015.11.16 03:20:05.343,10.92279,10.92592,0.00,0.00
2015.11.16 03:20:08.670,10.92279,10.92581,0.00,0.00
2015.11.16 03:20:08.973,10.92279,10.92601,0.00,0.00
2015.11.16 03:20:09.631,10.92279,10.92591,0.00,0.00
2015.11.16 03:20:09.879,10.92279,10.926,0.00,0.00
2015.11.16 03:20:10.070,10.92279,10.92592,0.00,0.00
2015.11.16 03:20:18.552,10.92279,10.92581,0.00,0.00
2015.11.16 03:20:21.155,10.92279,10.92592,0.00,0.00
2015.11.16 03:20:21.856,10.92279,10.92582,0.00,0.00
2015.11.16 03:20:22.364,10.92279,10.92581,0.00,0.00
2015.11.16 03:20:23.590,10.92279,10.92571,0.00,0.00
2015.11.16 03:20:23.913,10.92279,10.9255,0.00,0.00
2015.11.16 03:20:24.225,10.92279,10.92541,0.00,0.00
2015.11.16 03:20:24.530,10.92279,10.92521,0.00,0.00
2015.11.16 03:20:24.580,10.92228,10.92521,0.00,0.00
2015.11.16 03:20:24.683,10.92228,10.92541,0.00,0.00
2015.11.16 03:20:24.853,10.92228,10.92528,0.00,0.00
2015.11.16 03:20:24.903,10.92178,10.92511,0.00,0.00
2015.11.16 03:20:25.019,10.9219,10.92492,0.00,0.00
2015.11.16 03:20:25.224,10.92178,10.9251,0.00,0.00
2015.11.16 03:20:25.325,10.92178,10.92482,0.00,0.00
2015.11.16 03:20:25.426,10.92178,10.92511,0.00,0.00
2015.11.16 03:20:25.527,10.92178,10.92492,0.00,0.00
2015.11.16 03:20:26.095,10.92229,10.92492,0.00,0.00
2015.11.16 03:20:26.260,10.92229,10.92512,0.00,0.00
2015.11.16 03:20:26.361,10.92229,10.92541,0.00,0.00
2015.11.16 03:20:26.672,10.92189,10.92521,0.00,0.00
2015.11.16 03:20:26.723,10.92179,10.92521,0.00,0.00
2015.11.16 03:20:26.824,10.92189,10.92521,0.00,0.00
2015.11.16 03:20:27.157,10.92228,10.92541,0.00,0.00
2015.11.16 03:20:27.208,10.92178,10.92522,0.00,0.00
2015.11.16 03:20:33.505,10.92228,10.92539,0.00,0.00
2015.11.16 03:20:33.556,10.92242,10.92561,0.00,0.00
2015.11.16 03:20:33.656,10.92242,10.92572,0.00,0.00
2015.11.16 03:20:33.707,10.92278,10.92582,0.00,0.00
2015.11.16 03:20:33.758,10.92278,10.92601,0.00,0.00
2015.11.16 03:20:33.898,10.92278,10.9258,0.00,0.00
2015.11.16 03:20:34.200,10.92278,10.9257,0.00,0.00
2015.11.16 03:20:34.251,10.92242,10.9257,0.00,0.00
2015.11.16 03:20:34.352,10.92242,10.92562,0.00,0.00
2015.11.16 03:20:34.402,10.92239,10.92562,0.00,0.00
2015.11.16 03:20:34.453,10.92239,10.92571,0.00,0.00
2015.11.16 03:20:34.532,10.92278,10.92571,0.00,0.00
2015.11.16 03:20:34.793,10.92229,10.9254,0.00,0.00
2015.11.16 03:20:34.895,10.92278,10.92559,0.00,0.00
2015.11.16 03:20:35.052,10.92229,10.9254,0.00,0.00
2015.11.16 03:20:35.225,10.92192,10.92522,0.00,0.00
2015.11.16 03:20:35.326,10.92178,10.92522,0.00,0.00
2015.11.16 03:20:35.555,10.92229,10.92541,0.00,0.00
2015.11.16 03:20:35.606,10.92229,10.92551,0.00,0.00
2015.11.16 03:20:35.706,10.92229,10.92559,0.00,0.00
2015.11.16 03:20:35.885,10.92191,10.92522,0.00,0.00
2015.11.16 03:20:35.936,10.92178,10.92522,0.00,0.00
2015.11.16 03:20:36.037,10.92178,10.92511,0.00,0.00
2015.11.16 03:20:36.777,10.92178,10.9251,0.00,0.00
2015.11.16 03:20:37.408,10.92178,10.92511,0.00,0.00
2015.11.16 03:20:38.097,10.92178,10.9251,0.00,0.00
2015.11.16 03:20:39.016,10.92178,10.92511,0.00,0.00
2015.11.16 03:20:39.715,10.92178,10.9251,0.00,0.00
2015.11.16 03:20:41.222,10.92178,10.92511,0.00,0.00
2015.11.16 03:20:41.549,10.9224,10.92522,0.00,0.00
2015.11.16 03:20:41.751,10.92278,10.926,0.00,0.00
2015.11.16 03:20:41.924,10.92278,10.92591,0.00,0.00
2015.11.16 03:20:42.427,10.92278,10.9259,0.00,0.00
2015.11.16 03:20:44.777,10.92278,10.926,0.00,0.00
2015.11.16 03:20:44.934,10.92278,10.9259,0.00,0.00
2015.11.16 03:20:45.636,10.92278,10.92591,0.00,0.00
2015.11.16 03:20:45.795,10.92278,10.92601,0.00,0.00
2015.11.16 03:20:46.400,10.92278,10.92592,0.00,0.00
2015.11.16 03:20:49.748,10.92278,10.92591,0.00,0.00
2015.11.16 03:20:53.690,10.92278,10.92581,0.00,0.00
2015.11.16 03:20:56.144,10.92278,10.92591,0.00,0.00
2015.11.16 03:20:56.768,10.92278,10.9259,0.00,0.00
2015.11.16 03:20:57.369,10.92278,10.92591,0.00,0.00
2015.11.16 03:20:57.770,10.92278,10.92581,0.00,0.00
2015.11.16 03:20:59.174,10.92278,10.9257,0.00,0.00
2015.11.16 03:21:00.281,10.92278,10.92592,0.00,0.00
2015.11.16 03:21:00.351,10.92278,10.92601,0.00,0.00
2015.11.16 03:21:02.434,10.92329,10.92601,0.00,0.00
2015.11.16 03:21:02.485,10.92332,10.92612,0.00,0.00
2015.11.16 03:21:02.536,10.92378,10.92612,0.00,0.00
2015.11.16 03:21:02.586,10.92378,10.92659,0.00,0.00
2015.11.16 03:21:02.637,10.92378,10.92661,0.00,0.00
2015.11.16 03:21:02.738,10.92339,10.92661,0.00,0.00
2015.11.16 03:21:02.789,10.92328,10.92581,0.00,0.00
2015.11.16 03:21:02.954,10.92282,10.9258,0.00,0.00
2015.11.16 03:21:03.005,10.92282,10.92572,0.00,0.00
2015.11.16 03:21:03.155,10.92282,10.92581,0.00,0.00
2015.11.16 03:21:03.306,10.92279,10.9258,0.00,0.00
2015.11.16 03:21:03.724,10.92242,10.92522,0.00,0.00
2015.11.16 03:21:03.802,10.92182,10.92511,0.00,0.00
2015.11.16 03:21:04.040,10.92178,10.92511,0.00,0.00
2015.11.16 03:21:05.794,10.92178,10.9251,0.00,0.00
2015.11.16 03:21:06.501,10.92178,10.92511,0.00,0.00
2015.11.16 03:21:07.699,10.92178,10.9251,0.00,0.00
2015.11.16 03:21:08.902,10.92178,10.92511,0.00,0.00
2015.11.16 03:21:11.543,10.92178,10.9251,0.00,0.00
2015.11.16 03:21:12.211,10.92178,10.92511,0.00,0.00
2015.11.16 03:21:12.714,10.92178,10.92451,0.00,0.00
2015.11.16 03:21:12.929,10.92178,10.92461,0.00,0.00
2015.11.16 03:21:14.171,10.92178,10.9246,0.00,0.00
2015.11.16 03:21:17.152,10.92178,10.92491,0.00,0.00
2015.11.16 03:21:17.253,10.92178,10.92511,0.00,0.00
2015.11.16 03:21:17.928,10.92178,10.9251,0.00,0.00
2015.11.16 03:21:18.304,10.92178,10.92502,0.00,0.00
2015.11.16 03:21:18.768,10.92178,10.925,0.00,0.00
2015.11.16 03:21:19.854,10.92178,10.92481,0.00,0.00
2015.11.16 03:21:19.921,10.92178,10.92492,0.00,0.00
2015.11.16 03:21:20.152,10.92178,10.92481,0.00,0.00
2015.11.16 03:21:20.522,10.92178,10.9249,0.00,0.00
2015.11.16 03:21:21.573,10.92178,10.92501,0.00,0.00
2015.11.16 03:21:21.839,10.92178,10.92491,0.00,0.00
2015.11.16 03:21:22.125,10.92178,10.92511,0.00,0.00
2015.11.16 03:21:22.226,10.92178,10.92501,0.00,0.00
2015.11.16 03:21:22.550,10.92178,10.92471,0.00,0.00
2015.11.16 03:21:25.782,10.92229,10.92501,0.00,0.00
2015.11.16 03:21:25.984,10.92229,10.92511,0.00,0.00
2015.11.16 03:21:27.413,10.92229,10.9251,0.00,0.00
2015.11.16 03:21:27.917,10.92229,10.92511,0.00,0.00
2015.11.16 03:21:29.172,10.92229,10.92521,0.00,0.00
2015.11.16 03:21:30.686,10.92229,10.9252,0.00,0.00
2015.11.16 03:21:31.383,10.92229,10.92521,0.00,0.00
2015.11.16 03:21:31.554,10.92189,10.92521,0.00,0.00
2015.11.16 03:21:31.605,10.92179,10.9251,0.00,0.00
2015.11.16 03:21:31.908,10.92179,10.92491,0.00,0.00
2015.11.16 03:21:32.059,10.92179,10.92501,0.00,0.00
2015.11.16 03:21:32.161,10.92179,10.92491,0.00,0.00
2015.11.16 03:21:32.439,10.92179,10.92501,0.00,0.00
2015.11.16 03:21:32.543,10.92179,10.92481,0.00,0.00
2015.11.16 03:21:32.644,10.92179,10.92501,0.00,0.00
2015.11.16 03:21:35.349,10.92179,10.9251,0.00,0.00
2015.11.16 03:21:35.450,10.92179,10.92481,0.00,0.00
2015.11.16 03:21:35.551,10.92179,10.92511,0.00,0.00
2015.11.16 03:21:36.842,10.92179,10.9251,0.00,0.00
2015.11.16 03:21:39.136,10.92179,10.92511,0.00,0.00
2015.11.16 03:21:39.752,10.92179,10.92481,0.00,0.00
2015.11.16 03:21:39.852,10.92179,10.92511,0.00,0.00
2015.11.16 03:21:40.365,10.92179,10.92492,0.00,0.00
2015.11.16 03:21:40.453,10.92179,10.92501,0.00,0.00
2015.11.16 03:21:41.455,10.92179,10.92511,0.00,0.00
2015.11.16 03:21:43.029,10.92179,10.9251,0.00,0.00
2015.11.16 03:21:43.530,10.92179,10.92511,0.00,0.00
2015.11.16 03:21:43.581,10.92179,10.92491,0.00,0.00
2015.11.16 03:21:46.489,10.92179,10.92511,0.00,0.00
2015.11.16 03:21:46.590,10.92179,10.92481,0.00,0.00
2015.11.16 03:21:47.163,10.92179,10.92491,0.00,0.00
2015.11.16 03:21:48.296,10.92179,10.9251,0.00,0.00
2015.11.16 03:21:48.848,10.92179,10.92511,0.00,0.00
2015.11.16 03:21:49.368,10.92179,10.92502,0.00,0.00
2015.11.16 03:21:49.670,10.92179,10.9251,0.00,0.00
2015.11.16 03:21:50.171,10.92179,10.92511,0.00,0.00
2015.11.16 03:21:50.506,10.92179,10.92492,0.00,0.00
2015.11.16 03:21:50.707,10.92179,10.92502,0.00,0.00
2015.11.16 03:21:51.480,10.92179,10.9251,0.00,0.00
2015.11.16 03:21:51.582,10.92179,10.92492,0.00,0.00
2015.11.16 03:21:51.917,10.92179,10.92501,0.00,0.00
2015.11.16 03:21:52.018,10.92179,10.92492,0.00,0.00
2015.11.16 03:21:52.119,10.92179,10.92501,0.00,0.00
2015.11.16 03:21:53.374,10.92179,10.9251,0.00,0.00
2015.11.16 03:21:53.425,10.92179,10.92501,0.00,0.00
2015.11.16 03:22:03.698,10.92179,10.92482,0.00,0.00
2015.11.16 03:22:04.502,10.92179,10.92502,0.00,0.00
2015.11.16 03:22:05.604,10.92179,10.92511,0.00,0.00
2015.11.16 03:22:05.705,10.92179,10.92502,0.00,0.00
2015.11.16 03:22:08.435,10.92179,10.925,0.00,0.00
2015.11.16 03:22:08.869,10.92179,10.92491,0.00,0.00
2015.11.16 03:22:09.539,10.92179,10.92492,0.00,0.00
2015.11.16 03:22:09.740,10.92179,10.92502,0.00,0.00
2015.11.16 03:22:09.861,10.92179,10.92511,0.00,0.00
2015.11.16 03:22:11.363,10.92179,10.9251,0.00,0.00
2015.11.16 03:22:15.156,10.92179,10.92511,0.00,0.00
2015.11.16 03:22:16.321,10.92179,10.92491,0.00,0.00
2015.11.16 03:22:19.039,10.92179,10.92511,0.00,0.00
2015.11.16 03:22:19.165,10.92179,10.92502,0.00,0.00
2015.11.16 03:22:22.022,10.92179,10.925,0.00,0.00
2015.11.16 03:22:22.535,10.92179,10.92492,0.00,0.00
2015.11.16 03:22:24.342,10.92179,10.9251,0.00,0.00
2015.11.16 03:22:24.430,10.92179,10.92502,0.00,0.00
2015.11.16 03:22:31.777,10.9216,10.92502,0.00,0.00
2015.11.16 03:22:31.832,10.9216,10.925,0.00,0.00
2015.11.16 03:22:32.439,10.92159,10.92501,0.00,0.00
2015.11.16 03:22:32.965,10.9216,10.9251,0.00,0.00
2015.11.16 03:22:34.799,10.92159,10.92511,0.00,0.00
2015.11.16 03:22:35.363,10.9216,10.9251,0.00,0.00
2015.11.16 03:22:35.960,10.92159,10.92511,0.00,0.00
2015.11.16 03:22:36.646,10.92159,10.92501,0.00,0.00
2015.11.16 03:22:36.946,10.92159,10.92511,0.00,0.00
2015.11.16 03:22:37.998,10.9216,10.9251,0.00,0.00
2015.11.16 03:22:38.049,10.92168,10.9251,0.00,0.00
2015.11.16 03:22:38.248,10.92159,10.92511,0.00,0.00
2015.11.16 03:22:39.876,10.9216,10.9251,0.00,0.00
2015.11.16 03:22:41.075,10.92159,10.92511,0.00,0.00
2015.11.16 03:22:41.152,10.92168,10.92511,0.00,0.00
2015.11.16 03:22:41.253,10.9216,10.9251,0.00,0.00
2015.11.16 03:22:45.487,10.92159,10.92511,0.00,0.00
2015.11.16 03:22:46.391,10.9216,10.9251,0.00,0.00
2015.11.16 03:22:46.558,10.92159,10.92501,0.00,0.00
2015.11.16 03:22:46.859,10.9216,10.9251,0.00,0.00
2015.11.16 03:22:47.394,10.92159,10.92511,0.00,0.00
2015.11.16 03:22:49.123,10.9216,10.9251,0.00,0.00
2015.11.16 03:22:49.174,10.9216,10.92501,0.00,0.00
2015.11.16 03:22:49.275,10.9216,10.9251,0.00,0.00
2015.11.16 03:22:49.789,10.92159,10.92502,0.00,0.00
2015.11.16 03:22:50.146,10.92159,10.92492,0.00,0.00
2015.11.16 03:22:50.448,10.9216,10.9247,0.00,0.00
2015.11.16 03:22:50.622,10.92129,10.92441,0.00,0.00
2015.11.16 03:22:51.191,10.9213,10.9244,0.00,0.00
2015.11.16 03:22:51.509,10.92081,10.92471,0.00,0.00
2015.11.16 03:22:51.632,10.92129,10.92441,0.00,0.00
2015.11.16 03:22:57.274,10.9213,10.9244,0.00,0.00
2015.11.16 03:22:58.054,10.9213,10.9248,0.00,0.00
2015.11.16 03:22:58.234,10.92129,10.92491,0.00,0.00
2015.11.16 03:22:59.676,10.92129,10.92482,0.00,0.00
2015.11.16 03:22:59.737,10.9211,10.92482,0.00,0.00
2015.11.16 03:22:59.788,10.9211,10.92472,0.00,0.00
2015.11.16 03:23:00.119,10.92109,10.92462,0.00,0.00
2015.11.16 03:23:00.495,10.9211,10.9246,0.00,0.00
2015.11.16 03:23:01.156,10.92109,10.92461,0.00,0.00
2015.11.16 03:23:02.947,10.9211,10.9246,0.00,0.00
2015.11.16 03:23:03.951,10.92109,10.92461,0.00,0.00
2015.11.16 03:23:05.364,10.9211,10.9247,0.00,0.00
2015.11.16 03:23:05.684,10.9211,10.92462,0.00,0.00
2015.11.16 03:23:05.817,10.92109,10.92471,0.00,0.00
2015.11.16 03:23:06.572,10.9211,10.9247,0.00,0.00
2015.11.16 03:23:07.186,10.92139,10.92471,0.00,0.00
2015.11.16 03:23:07.756,10.9214,10.9247,0.00,0.00
2015.11.16 03:23:10.988,10.92139,10.92441,0.00,0.00
2015.11.16 03:23:11.558,10.9214,10.9244,0.00,0.00
2015.11.16 03:23:12.098,10.92139,10.92441,0.00,0.00
2015.11.16 03:23:12.845,10.9214,10.9248,0.00,0.00
2015.11.16 03:23:14.115,10.92139,10.92481,0.00,0.00
2015.11.16 03:23:14.459,10.92139,10.92471,0.00,0.00
2015.11.16 03:23:15.922,10.92139,10.92481,0.00,0.00
2015.11.16 03:23:16.567,10.9214,10.9248,0.00,0.00
2015.11.16 03:23:17.329,10.92139,10.92481,0.00,0.00
2015.11.16 03:23:18.637,10.9214,10.9248,0.00,0.00
2015.11.16 03:23:20.555,10.92139,10.92481,0.00,0.00
2015.11.16 03:23:22.903,10.9214,10.9248,0.00,0.00
2015.11.16 03:23:24.377,10.92139,10.92481,0.00,0.00
2015.11.16 03:23:26.305,10.9214,10.9248,0.00,0.00
2015.11.16 03:23:28.730,10.92379,10.92502,0.00,0.00
2015.11.16 03:23:28.831,10.92401,10.92572,0.00,0.00
2015.11.16 03:23:28.931,10.92478,10.92772,0.00,0.00
2015.11.16 03:23:29.041,10.92478,10.92781,0.00,0.00
2015.11.16 03:23:29.242,10.92478,10.92771,0.00,0.00
2015.11.16 03:23:29.316,10.92478,10.9278,0.00,0.00
2015.11.16 03:23:29.367,10.92478,10.92782,0.00,0.00
2015.11.16 03:23:29.468,10.92478,10.92792,0.00,0.00
2015.11.16 03:23:29.646,10.92478,10.92782,0.00,0.00
2015.11.16 03:23:30.632,10.92478,10.92752,0.00,0.00
2015.11.16 03:23:30.755,10.92478,10.92782,0.00,0.00
2015.11.16 03:23:32.971,10.92478,10.92728,0.00,0.00
2015.11.16 03:23:33.022,10.92401,10.92721,0.00,0.00
2015.11.16 03:23:33.073,10.92439,10.92721,0.00,0.00
2015.11.16 03:23:33.509,10.92478,10.92759,0.00,0.00
2015.11.16 03:23:33.630,10.92478,10.92772,0.00,0.00
2015.11.16 03:23:33.828,10.92478,10.92791,0.00,0.00
2015.11.16 03:23:34.499,10.92478,10.9279,0.00,0.00
2015.11.16 03:23:34.550,10.92478,10.92771,0.00,0.00
2015.11.16 03:23:36.095,10.92478,10.92782,0.00,0.00
2015.11.16 03:23:36.196,10.92478,10.9279,0.00,0.00
2015.11.16 03:23:36.774,10.92478,10.92791,0.00,0.00
2015.11.16 03:23:37.189,10.92478,10.9277,0.00,0.00
2015.11.16 03:23:38.679,10.92478,10.92771,0.00,0.00
2015.11.16 03:23:40.584,10.92478,10.9277,0.00,0.00
2015.11.16 03:23:41.173,10.9244,10.9277,0.00,0.00
2015.11.16 03:23:41.223,10.92428,10.9274,0.00,0.00
2015.11.16 03:23:41.324,10.92439,10.92771,0.00,0.00
2015.11.16 03:23:41.375,10.92439,10.92751,0.00,0.00
2015.11.16 03:23:41.476,10.92478,10.92791,0.00,0.00
2015.11.16 03:23:41.635,10.92478,10.92771,0.00,0.00
2015.11.16 03:23:42.139,10.92478,10.92781,0.00,0.00
2015.11.16 03:23:43.093,10.92478,10.9278,0.00,0.00
2015.11.16 03:23:43.695,10.92478,10.92781,0.00,0.00
2015.11.16 03:23:44.998,10.92478,10.9278,0.00,0.00
2015.11.16 03:23:46.201,10.92478,10.92781,0.00,0.00
2015.11.16 03:23:46.734,10.92478,10.9278,0.00,0.00
2015.11.16 03:23:46.803,10.92478,10.92791,0.00,0.00
2015.11.16 03:23:47.426,10.92478,10.9279,0.00,0.00
2015.11.16 03:23:49.128,10.92478,10.92791,0.00,0.00
2015.11.16 03:23:49.179,10.92478,10.92772,0.00,0.00
2015.11.16 03:23:50.765,10.92478,10.92791,0.00,0.00
2015.11.16 03:23:50.866,10.92478,10.92772,0.00,0.00
2015.11.16 03:23:52.871,10.92478,10.92791,0.00,0.00
2015.11.16 03:23:52.922,10.9248,10.92772,0.00,0.00
2015.11.16 03:23:53.272,10.92528,10.92818,0.00,0.00
2015.11.16 03:23:53.675,10.92528,10.92841,0.00,0.00
2015.11.16 03:23:53.776,10.92528,10.9287,0.00,0.00
2015.11.16 03:23:54.353,10.9249,10.92821,0.00,0.00
2015.11.16 03:23:54.454,10.92479,10.92811,0.00,0.00
2015.11.16 03:23:54.504,10.92479,10.92782,0.00,0.00
2015.11.16 03:23:54.805,10.92479,10.92802,0.00,0.00
2015.11.16 03:23:54.856,10.92479,10.92781,0.00,0.00
2015.11.16 03:23:55.581,10.92479,10.92792,0.00,0.00
2015.11.16 03:23:55.682,10.92479,10.928,0.00,0.00
2015.11.16 03:23:55.783,10.92479,10.92791,0.00,0.00
2015.11.16 03:23:58.262,10.92479,10.92772,0.00,0.00
2015.11.16 03:23:58.775,10.92479,10.92781,0.00,0.00
2015.11.16 03:23:58.876,10.92479,10.9279,0.00,0.00
2015.11.16 03:24:00.180,10.92479,10.92772,0.00,0.00
2015.11.16 03:24:00.382,10.92479,10.92781,0.00,0.00
2015.11.16 03:24:00.447,10.92479,10.92771,0.00,0.00
2015.11.16 03:24:00.976,10.92479,10.9277,0.00,0.00
2015.11.16 03:24:01.297,10.92479,10.92761,0.00,0.00
2015.11.16 03:24:01.952,10.92479,10.9276,0.00,0.00
2015.11.16 03:24:02.053,10.92479,10.92791,0.00,0.00
2015.11.16 03:24:02.693,10.92479,10.92771,0.00,0.00
2015.11.16 03:24:02.984,10.92479,10.92792,0.00,0.00
2015.11.16 03:24:04.209,10.92479,10.92772,0.00,0.00
2015.11.16 03:24:04.322,10.92479,10.92811,0.00,0.00
2015.11.16 03:24:04.377,10.92479,10.92801,0.00,0.00
2015.11.16 03:24:05.111,10.92479,10.9281,0.00,0.00
2015.11.16 03:24:05.172,10.92479,10.92791,0.00,0.00
2015.11.16 03:24:05.814,10.92479,10.92811,0.00,0.00
2015.11.16 03:24:06.467,10.92479,10.9281,0.00,0.00
2015.11.16 03:24:06.518,10.92479,10.92782,0.00,0.00
2015.11.16 03:24:06.817,10.92479,10.92792,0.00,0.00
2015.11.16 03:24:13.515,10.92528,10.92802,0.00,0.00
2015.11.16 03:24:13.616,10.9254,10.9283,0.00,0.00
2015.11.16 03:24:13.686,10.92539,10.92872,0.00,0.00
2015.11.16 03:24:13.751,10.92579,10.92881,0.00,0.00
2015.11.16 03:24:14.353,10.92579,10.9288,0.00,0.00
2015.11.16 03:24:14.685,10.92579,10.92872,0.00,0.00
2015.11.16 03:24:15.978,10.92579,10.92828,0.00,0.00
2015.11.16 03:24:16.029,10.92481,10.9281,0.00,0.00
2015.11.16 03:24:16.080,10.92479,10.9281,0.00,0.00
2015.11.16 03:24:16.130,10.92479,10.92791,0.00,0.00
2015.11.16 03:24:16.488,10.92479,10.92781,0.00,0.00
2015.11.16 03:24:16.790,10.92479,10.92792,0.00,0.00
2015.11.16 03:24:19.871,10.9244,10.92772,0.00,0.00
2015.11.16 03:24:19.922,10.92428,10.92772,0.00,0.00
2015.11.16 03:24:20.022,10.92439,10.92762,0.00,0.00
2015.11.16 03:24:20.393,10.92479,10.9281,0.00,0.00
2015.11.16 03:24:21.006,10.92479,10.92811,0.00,0.00
2015.11.16 03:24:21.107,10.92479,10.92792,0.00,0.00
2015.11.16 03:24:21.208,10.92479,10.92811,0.00,0.00
2015.11.16 03:24:22.159,10.92529,10.92811,0.00,0.00
2015.11.16 03:24:22.210,10.92529,10.92828,0.00,0.00
2015.11.16 03:24:22.261,10.92529,10.9286,0.00,0.00
2015.11.16 03:24:22.764,10.92529,10.92861,0.00,0.00
2015.11.16 03:24:25.300,10.92529,10.92852,0.00,0.00
2015.11.16 03:24:29.504,10.92529,10.92841,0.00,0.00
2015.11.16 03:24:29.555,10.92489,10.92822,0.00,0.00
2015.11.16 03:24:29.605,10.92478,10.92782,0.00,0.00
2015.11.16 03:24:30.005,10.92478,10.92792,0.00,0.00
2015.11.16 03:24:30.106,10.92478,10.9281,0.00,0.00
2015.11.16 03:24:30.215,10.92478,10.92781,0.00,0.00
2015.11.16 03:24:30.754,10.92478,10.92792,0.00,0.00
2015.11.16 03:24:33.295,10.92478,10.92811,0.00,0.00
2015.11.16 03:24:33.346,10.92478,10.92792,0.00,0.00
2015.11.16 03:24:34.047,10.92478,10.92811,0.00,0.00
2015.11.16 03:24:36.933,10.92478,10.9281,0.00,0.00
2015.11.16 03:24:37.115,10.92478,10.92791,0.00,0.00
2015.11.16 03:24:37.216,10.92478,10.92811,0.00,0.00
2015.11.16 03:24:39.040,10.92478,10.9281,0.00,0.00
2015.11.16 03:24:39.654,10.92478,10.92781,0.00,0.00
2015.11.16 03:24:40.825,10.92478,10.92801,0.00,0.00
2015.11.16 03:24:41.826,10.92478,10.92791,0.00,0.00
2015.11.16 03:24:43.628,10.92478,10.92801,0.00,0.00
2015.11.16 03:24:44.829,10.92478,10.92811,0.00,0.00
2015.11.16 03:24:45.546,10.92478,10.9281,0.00,0.00
2015.11.16 03:24:46.156,10.92478,10.92811,0.00,0.00
2015.11.16 03:24:46.258,10.92478,10.92802,0.00,0.00
2015.11.16 03:24:46.332,10.92478,10.92811,0.00,0.00
2015.11.16 03:24:46.555,10.92478,10.92802,0.00,0.00
2015.11.16 03:24:48.860,10.92478,10.92792,0.00,0.00
2015.11.16 03:24:48.961,10.92478,10.92811,0.00,0.00
2015.11.16 03:24:49.163,10.92478,10.92801,0.00,0.00
2015.11.16 03:24:49.264,10.92478,10.92811,0.00,0.00
2015.11.16 03:24:49.738,10.92478,10.92792,0.00,0.00
2015.11.16 03:24:51.040,10.92478,10.92782,0.00,0.00
2015.11.16 03:24:51.150,10.92478,10.92792,0.00,0.00
2015.11.16 03:24:51.351,10.92478,10.92781,0.00,0.00
2015.11.16 03:24:55.690,10.92478,10.92802,0.00,0.00
2015.11.16 03:24:55.791,10.92478,10.92792,0.00,0.00
2015.11.16 03:24:58.591,10.92478,10.92781,0.00,0.00
2015.11.16 03:24:58.692,10.92478,10.92791,0.00,0.00
2015.11.16 03:24:59.795,10.92478,10.928,0.00,0.00
2015.11.16 03:24:59.896,10.92478,10.92791,0.00,0.00
2015.11.16 03:24:59.997,10.92478,10.92811,0.00,0.00
2015.11.16 03:25:00.347,10.92489,10.92822,0.00,0.00
2015.11.16 03:25:00.650,10.92529,10.9285,0.00,0.00
2015.11.16 03:25:00.964,10.92529,10.92868,0.00,0.00
2015.11.16 03:25:01.093,10.92529,10.92871,0.00,0.00
2015.11.16 03:25:01.154,10.92529,10.92852,0.00,0.00
2015.11.16 03:25:01.255,10.92529,10.92871,0.00,0.00
2015.11.16 03:25:01.520,10.92529,10.92869,0.00,0.00
2015.11.16 03:25:01.960,10.92529,10.92842,0.00,0.00
2015.11.16 03:25:02.277,10.92529,10.92851,0.00,0.00
2015.11.16 03:25:02.358,10.92529,10.92842,0.00,0.00
2015.11.16 03:25:02.680,10.92529,10.92852,0.00,0.00
2015.11.16 03:25:02.858,10.92529,10.92842,0.00,0.00
2015.11.16 03:25:02.983,10.92529,10.92852,0.00,0.00
2015.11.16 03:25:03.104,10.92529,10.92859,0.00,0.00
2015.11.16 03:25:03.359,10.92529,10.92852,0.00,0.00
2015.11.16 03:25:03.891,10.92529,10.92851,0.00,0.00
2015.11.16 03:25:04.213,10.92529,10.92842,0.00,0.00
2015.11.16 03:25:05.161,10.92529,10.92849,0.00,0.00
2015.11.16 03:25:06.072,10.92529,10.92842,0.00,0.00
2015.11.16 03:25:06.761,10.92478,10.92811,0.00,0.00
2015.11.16 03:25:06.811,10.92478,10.92809,0.00,0.00
2015.11.16 03:25:07.124,10.92478,10.92772,0.00,0.00
2015.11.16 03:25:10.772,10.92478,10.92782,0.00,0.00
2015.11.16 03:25:10.885,10.92478,10.92791,0.00,0.00
2015.11.16 03:25:11.093,10.92478,10.92782,0.00,0.00
2015.11.16 03:25:11.194,10.92478,10.92809,0.00,0.00
2015.11.16 03:25:12.540,10.92478,10.9281,0.00,0.00
2015.11.16 03:25:14.352,10.92478,10.92811,0.00,0.00
2015.11.16 03:25:15.046,10.92478,10.9281,0.00,0.00
2015.11.16 03:25:15.097,10.92478,10.92781,0.00,0.00
2015.11.16 03:25:17.791,10.92478,10.92801,0.00,0.00
2015.11.16 03:25:17.893,10.92478,10.9281,0.00,0.00
2015.11.16 03:25:17.994,10.92478,10.92781,0.00,0.00
2015.11.16 03:25:18.104,10.92478,10.92811,0.00,0.00
2015.11.16 03:25:19.561,10.92478,10.9281,0.00,0.00
2015.11.16 03:25:21.567,10.92478,10.92811,0.00,0.00
2015.11.16 03:25:23.872,10.92478,10.9281,0.00,0.00
2015.11.16 03:25:23.923,10.92478,10.92782,0.00,0.00
2015.11.16 03:25:24.024,10.92478,10.92811,0.00,0.00
2015.11.16 03:25:24.189,10.92478,10.92781,0.00,0.00
2015.11.16 03:25:24.990,10.92478,10.9281,0.00,0.00
2015.11.16 03:25:26.480,10.92478,10.92811,0.00,0.00
2015.11.16 03:25:26.531,10.92478,10.92772,0.00,0.00
2015.11.16 03:25:26.840,10.92579,10.92772,0.00,0.00
2015.11.16 03:25:26.941,10.92579,10.92802,0.00,0.00
2015.11.16 03:25:27.042,10.92579,10.92861,0.00,0.00
2015.11.16 03:25:27.093,10.92579,10.92891,0.00,0.00
2015.11.16 03:25:27.734,10.92579,10.92871,0.00,0.00
2015.11.16 03:25:29.137,10.92579,10.92891,0.00,0.00
2015.11.16 03:25:31.929,10.92579,10.9291,0.00,0.00
2015.11.16 03:25:32.597,10.92579,10.92911,0.00,0.00
2015.11.16 03:25:32.704,10.92579,10.92892,0.00,0.00
2015.11.16 03:25:33.641,10.92579,10.92911,0.00,0.00
2015.11.16 03:25:36.640,10.92628,10.92941,0.00,0.00
2015.11.16 03:25:36.959,10.92679,10.92961,0.00,0.00
2015.11.16 03:25:37.310,10.92679,10.92951,0.00,0.00
2015.11.16 03:25:41.442,10.92679,10.92962,0.00,0.00
2015.11.16 03:25:44.027,10.92679,10.92961,0.00,0.00
2015.11.16 03:25:45.932,10.92679,10.9296,0.00,0.00
2015.11.16 03:25:46.677,10.92679,10.92961,0.00,0.00
2015.11.16 03:25:47.769,10.92679,10.9298,0.00,0.00
2015.11.16 03:25:48.640,10.92679,10.92981,0.00,0.00
2015.11.16 03:25:49.316,10.92679,10.9298,0.00,0.00
2015.11.16 03:25:49.390,10.9264,10.92972,0.00,0.00
2015.11.16 03:25:49.441,10.92628,10.9297,0.00,0.00
2015.11.16 03:25:49.492,10.92628,10.92949,0.00,0.00
2015.11.16 03:25:49.806,10.92628,10.92932,0.00,0.00
2015.11.16 03:25:49.856,10.92628,10.92949,0.00,0.00
2015.11.16 03:25:49.925,10.92628,10.92942,0.00,0.00
2015.11.16 03:25:50.260,10.92628,10.92949,0.00,0.00
2015.11.16 03:25:50.776,10.92628,10.92942,0.00,0.00
2015.11.16 03:25:51.296,10.92628,10.92921,0.00,0.00
2015.11.16 03:25:54.032,10.92628,10.92948,0.00,0.00
2015.11.16 03:25:54.133,10.92628,10.92942,0.00,0.00
2015.11.16 03:25:55.634,10.92628,10.92921,0.00,0.00
2015.11.16 03:25:55.735,10.92628,10.92942,0.00,0.00
2015.11.16 03:25:57.344,10.92628,10.92921,0.00,0.00
2015.11.16 03:25:59.339,10.92628,10.92948,0.00,0.00
2015.11.16 03:26:00.976,10.92628,10.92941,0.00,0.00
2015.11.16 03:26:01.077,10.92628,10.92949,0.00,0.00
2015.11.16 03:26:01.444,10.92628,10.92941,0.00,0.00
2015.11.16 03:26:01.545,10.92628,10.92949,0.00,0.00
2015.11.16 03:26:03.222,10.92678,10.92949,0.00,0.00
2015.11.16 03:26:03.273,10.92678,10.92972,0.00,0.00
2015.11.16 03:26:03.446,10.92678,10.92951,0.00,0.00
2015.11.16 03:26:03.548,10.92678,10.92982,0.00,0.00
2015.11.16 03:26:03.654,10.92678,10.92961,0.00,0.00
2015.11.16 03:26:04.099,10.92678,10.92952,0.00,0.00
2015.11.16 03:26:04.150,10.92678,10.92962,0.00,0.00
2015.11.16 03:26:07.700,10.92678,10.92982,0.00,0.00
2015.11.16 03:26:07.951,10.92678,10.92992,0.00,0.00
2015.11.16 03:26:08.151,10.92678,10.92972,0.00,0.00
2015.11.16 03:26:08.252,10.92678,10.92992,0.00,0.00
2015.11.16 03:26:08.652,10.92678,10.92951,0.00,0.00
2015.11.16 03:26:08.763,10.92678,10.92972,0.00,0.00
2015.11.16 03:26:10.275,10.92678,10.92951,0.00,0.00
2015.11.16 03:26:10.353,10.92678,10.92982,0.00,0.00
2015.11.16 03:26:11.582,10.92678,10.92999,0.00,0.00
2015.11.16 03:26:13.176,10.92678,10.92961,0.00,0.00
2015.11.16 03:26:13.999,10.92678,10.92971,0.00,0.00
2015.11.16 03:26:14.402,10.92678,10.92952,0.00,0.00
2015.11.16 03:26:14.503,10.92678,10.92972,0.00,0.00
2015.11.16 03:26:18.821,10.92778,10.92972,0.00,0.00
2015.11.16 03:26:18.872,10.92778,10.92991,0.00,0.00
2015.11.16 03:26:18.988,10.92778,10.93071,0.00,0.00
2015.11.16 03:26:19.044,10.92778,10.93082,0.00,0.00
2015.11.16 03:26:19.307,10.92778,10.93072,0.00,0.00
2015.11.16 03:26:19.572,10.92778,10.93081,0.00,0.00
2015.11.16 03:26:19.999,10.92778,10.93072,0.00,0.00
2015.11.16 03:26:21.824,10.92778,10.93082,0.00,0.00
2015.11.16 03:26:21.925,10.92778,10.93061,0.00,0.00
2015.11.16 03:26:23.261,10.92778,10.93031,0.00,0.00
2015.11.16 03:26:23.362,10.92678,10.93019,0.00,0.00
2015.11.16 03:26:23.463,10.92689,10.93019,0.00,0.00
2015.11.16 03:26:23.513,10.92689,10.93022,0.00,0.00
2015.11.16 03:26:23.564,10.92728,10.93052,0.00,0.00
2015.11.16 03:26:23.997,10.92728,10.93031,0.00,0.00
2015.11.16 03:26:24.615,10.92728,10.93052,0.00,0.00
2015.11.16 03:26:24.762,10.92779,10.93052,0.00,0.00
2015.11.16 03:26:24.914,10.92779,10.93081,0.00,0.00
2015.11.16 03:26:25.091,10.92779,10.93061,0.00,0.00
2015.11.16 03:26:25.215,10.92779,10.93082,0.00,0.00
2015.11.16 03:26:25.422,10.92739,10.93072,0.00,0.00
2015.11.16 03:26:25.473,10.92728,10.93041,0.00,0.00
2015.11.16 03:26:25.775,10.92728,10.93032,0.00,0.00
2015.11.16 03:26:26.017,10.92728,10.93052,0.00,0.00
2015.11.16 03:26:26.118,10.92728,10.93041,0.00,0.00
2015.11.16 03:26:26.619,10.92728,10.93051,0.00,0.00
2015.11.16 03:26:26.670,10.92678,10.9301,0.00,0.00
2015.11.16 03:26:26.922,10.92678,10.93001,0.00,0.00
2015.11.16 03:26:26.983,10.92678,10.9301,0.00,0.00
2015.11.16 03:26:29.477,10.92678,10.93011,0.00,0.00
2015.11.16 03:26:29.527,10.92678,10.92992,0.00,0.00
2015.11.16 03:26:31.389,10.92678,10.93011,0.00,0.00
2015.11.16 03:26:31.489,10.92678,10.93002,0.00,0.00
2015.11.16 03:26:38.449,10.92678,10.9301,0.00,0.00
2015.11.16 03:26:38.500,10.92678,10.93002,0.00,0.00
2015.11.16 03:26:39.048,10.92678,10.92992,0.00,0.00
2015.11.16 03:26:39.168,10.92678,10.93011,0.00,0.00
2015.11.16 03:26:39.219,10.92678,10.92992,0.00,0.00
2015.11.16 03:26:39.321,10.92678,10.93011,0.00,0.00
2015.11.16 03:26:39.452,10.92678,10.93002,0.00,0.00
2015.11.16 03:26:39.502,10.92678,10.93011,0.00,0.00
2015.11.16 03:26:40.013,10.92678,10.9301,0.00,0.00
2015.11.16 03:26:41.165,10.92779,10.9301,0.00,0.00
2015.11.16 03:26:41.266,10.92779,10.93062,0.00,0.00
2015.11.16 03:26:41.367,10.92779,10.93081,0.00,0.00
2015.11.16 03:26:41.620,10.92779,10.93071,0.00,0.00
2015.11.16 03:26:41.804,10.92779,10.93081,0.00,0.00
2015.11.16 03:26:42.122,10.92779,10.93071,0.00,0.00
2015.11.16 03:26:42.927,10.92779,10.93072,0.00,0.00
2015.11.16 03:26:44.708,10.92779,10.93062,0.00,0.00
2015.11.16 03:26:45.309,10.92779,10.93051,0.00,0.00
2015.11.16 03:26:46.511,10.92779,10.93062,0.00,0.00
2015.11.16 03:26:46.851,10.92779,10.93072,0.00,0.00
2015.11.16 03:26:46.952,10.92779,10.93062,0.00,0.00
2015.11.16 03:26:49.314,10.92779,10.93081,0.00,0.00
2015.11.16 03:26:49.414,10.92779,10.93072,0.00,0.00
2015.11.16 03:26:49.826,10.92779,10.93052,0.00,0.00
2015.11.16 03:26:49.876,10.92728,10.93052,0.00,0.00
2015.11.16 03:26:49.927,10.92728,10.93032,0.00,0.00
2015.11.16 03:26:50.028,10.92728,10.93061,0.00,0.00
2015.11.16 03:26:50.321,10.92728,10.93042,0.00,0.00
2015.11.16 03:26:50.422,10.92728,10.93062,0.00,0.00
2015.11.16 03:26:52.127,10.92728,10.93042,0.00,0.00
2015.11.16 03:26:53.060,10.92728,10.93031,0.00,0.00
2015.11.16 03:26:53.161,10.92728,10.93052,0.00,0.00
2015.11.16 03:26:53.262,10.92728,10.93031,0.00,0.00
2015.11.16 03:26:53.381,10.92728,10.93041,0.00,0.00
2015.11.16 03:26:53.431,10.92728,10.93032,0.00,0.00
2015.11.16 03:26:53.543,10.92728,10.93041,0.00,0.00
2015.11.16 03:26:53.832,10.92728,10.93031,0.00,0.00
2015.11.16 03:26:53.934,10.92728,10.93052,0.00,0.00
2015.11.16 03:26:54.070,10.92728,10.93042,0.00,0.00
2015.11.16 03:26:56.056,10.92728,10.93051,0.00,0.00
2015.11.16 03:26:56.123,10.92728,10.93042,0.00,0.00
2015.11.16 03:26:58.145,10.92728,10.93052,0.00,0.00
2015.11.16 03:26:58.352,10.92728,10.93032,0.00,0.00
2015.11.16 03:26:59.360,10.92728,10.93042,0.00,0.00
2015.11.16 03:26:59.461,10.92728,10.93051,0.00,0.00
2015.11.16 03:26:59.629,10.92728,10.93041,0.00,0.00
2015.11.16 03:27:01.047,10.92728,10.93052,0.00,0.00
2015.11.16 03:27:01.098,10.92778,10.93052,0.00,0.00
2015.11.16 03:27:01.148,10.92778,10.93082,0.00,0.00
2015.11.16 03:27:02.280,10.92778,10.93062,0.00,0.00
2015.11.16 03:27:02.381,10.92778,10.93072,0.00,0.00
2015.11.16 03:27:02.483,10.92778,10.93061,0.00,0.00
2015.11.16 03:27:02.534,10.92778,10.93072,0.00,0.00
2015.11.16 03:27:02.759,10.92778,10.93061,0.00,0.00
2015.11.16 03:27:03.240,10.92778,10.93082,0.00,0.00
2015.11.16 03:27:03.361,10.92778,10.93071,0.00,0.00
2015.11.16 03:27:03.945,10.92778,10.93051,0.00,0.00
2015.11.16 03:27:04.038,10.92778,10.93071,0.00,0.00
2015.11.16 03:27:04.264,10.92778,10.93051,0.00,0.00
2015.11.16 03:27:04.365,10.92778,10.93072,0.00,0.00
2015.11.16 03:27:04.781,10.92778,10.93061,0.00,0.00
2015.11.16 03:27:06.441,10.92778,10.93072,0.00,0.00
2015.11.16 03:27:06.963,10.92778,10.93082,0.00,0.00
2015.11.16 03:27:07.342,10.92778,10.93052,0.00,0.00
2015.11.16 03:27:07.443,10.92778,10.93072,0.00,0.00
2015.11.16 03:27:07.674,10.92778,10.93092,0.00,0.00
2015.11.16 03:27:07.775,10.92778,10.93062,0.00,0.00
2015.11.16 03:27:07.876,10.92778,10.93111,0.00,0.00
2015.11.16 03:27:07.977,10.92778,10.93081,0.00,0.00
2015.11.16 03:27:08.579,10.92778,10.93052,0.00,0.00
2015.11.16 03:27:08.680,10.92778,10.93102,0.00,0.00
2015.11.16 03:27:08.782,10.92778,10.93111,0.00,0.00
2015.11.16 03:27:08.983,10.92829,10.93111,0.00,0.00
2015.11.16 03:27:09.034,10.92829,10.93119,0.00,0.00
2015.11.16 03:27:09.135,10.92829,10.93152,0.00,0.00
2015.11.16 03:27:09.186,10.92829,10.93132,0.00,0.00
2015.11.16 03:27:09.287,10.92829,10.93152,0.00,0.00
2015.11.16 03:27:09.581,10.92828,10.93122,0.00,0.00
2015.11.16 03:27:09.682,10.92828,10.93142,0.00,0.00
2015.11.16 03:27:09.787,10.92828,10.93152,0.00,0.00
2015.11.16 03:27:09.982,10.92828,10.93142,0.00,0.00
2015.11.16 03:27:10.497,10.92828,10.93132,0.00,0.00
2015.11.16 03:27:10.835,10.92879,10.93182,0.00,0.00
2015.11.16 03:27:11.169,10.92978,10.93222,0.00,0.00
2015.11.16 03:27:11.220,10.92978,10.9324,0.00,0.00
2015.11.16 03:27:11.271,10.92978,10.93272,0.00,0.00
2015.11.16 03:27:11.858,10.92979,10.93272,0.00,0.00
2015.11.16 03:27:12.168,10.92928,10.93252,0.00,0.00
2015.11.16 03:27:12.269,10.9294,10.93261,0.00,0.00
2015.11.16 03:27:12.650,10.92978,10.93261,0.00,0.00
2015.11.16 03:27:13.994,10.92978,10.93251,0.00,0.00
2015.11.16 03:27:14.095,10.92978,10.93261,0.00,0.00
2015.11.16 03:27:14.896,10.92978,10.93272,0.00,0.00
2015.11.16 03:27:15.488,10.92978,10.93282,0.00,0.00
2015.11.16 03:27:15.625,10.92978,10.93302,0.00,0.00
2015.11.16 03:27:15.800,10.92978,10.93281,0.00,0.00
2015.11.16 03:27:16.101,10.92978,10.93302,0.00,0.00
2015.11.16 03:27:16.202,10.92978,10.93291,0.00,0.00
2015.11.16 03:27:16.611,10.92978,10.93282,0.00,0.00
2015.11.16 03:27:16.957,10.92978,10.93271,0.00,0.00
2015.11.16 03:27:17.009,10.92978,10.93292,0.00,0.00
2015.11.16 03:27:17.060,10.92978,10.93271,0.00,0.00
2015.11.16 03:27:17.207,10.92978,10.93302,0.00,0.00
2015.11.16 03:27:18.366,10.92978,10.93291,0.00,0.00
2015.11.16 03:27:19.077,10.92978,10.93271,0.00,0.00
2015.11.16 03:27:19.274,10.92978,10.93292,0.00,0.00
2015.11.16 03:27:19.762,10.92978,10.93281,0.00,0.00
2015.11.16 03:27:21.094,10.92978,10.93262,0.00,0.00
2015.11.16 03:27:21.196,10.92978,10.93282,0.00,0.00
2015.11.16 03:27:21.903,10.92978,10.93271,0.00,0.00
2015.11.16 03:27:22.273,10.92978,10.93252,0.00,0.00
2015.11.16 03:27:23.717,10.92978,10.9327,0.00,0.00
2015.11.16 03:27:23.818,10.92978,10.93241,0.00,0.00
2015.11.16 03:27:25.808,10.92912,10.93241,0.00,0.00
2015.11.16 03:27:25.871,10.92912,10.93251,0.00,0.00
2015.11.16 03:27:29.437,10.92912,10.93202,0.00,0.00
2015.11.16 03:27:29.488,10.92899,10.93202,0.00,0.00
2015.11.16 03:27:29.589,10.92858,10.93202,0.00,0.00
2015.11.16 03:27:29.639,10.92858,10.93171,0.00,0.00
2015.11.16 03:27:29.977,10.92908,10.93221,0.00,0.00
2015.11.16 03:27:30.116,10.92912,10.93252,0.00,0.00
2015.11.16 03:27:30.167,10.9292,10.93252,0.00,0.00
2015.11.16 03:27:30.312,10.92912,10.93252,0.00,0.00
2015.11.16 03:27:31.478,10.92912,10.93241,0.00,0.00
2015.11.16 03:27:31.578,10.92912,10.93252,0.00,0.00
2015.11.16 03:27:34.313,10.92912,10.93241,0.00,0.00
2015.11.16 03:27:34.414,10.9292,10.93252,0.00,0.00
2015.11.16 03:27:35.004,10.9292,10.93241,0.00,0.00
2015.11.16 03:27:35.055,10.92912,10.93241,0.00,0.00
2015.11.16 03:27:35.156,10.92912,10.93252,0.00,0.00
2015.11.16 03:27:35.990,10.92912,10.93251,0.00,0.00
2015.11.16 03:27:40.848,10.92912,10.93242,0.00,0.00
2015.11.16 03:27:41.091,10.92912,10.93251,0.00,0.00
2015.11.16 03:27:41.750,10.92912,10.9322,0.00,0.00
2015.11.16 03:27:41.801,10.92908,10.9322,0.00,0.00
2015.11.16 03:27:41.902,10.92862,10.93201,0.00,0.00
2015.11.16 03:27:42.464,10.92842,10.93152,0.00,0.00
2015.11.16 03:27:43.087,10.92811,10.93152,0.00,0.00
2015.11.16 03:27:50.931,10.92812,10.93152,0.00,0.00
2015.11.16 03:27:54.991,10.92812,10.93111,0.00,0.00
2015.11.16 03:27:55.142,10.92759,10.93071,0.00,0.00
2015.11.16 03:27:55.193,10.92742,10.93051,0.00,0.00
2015.11.16 03:27:56.287,10.9272,10.93051,0.00,0.00
2015.11.16 03:27:56.337,10.92729,10.93051,0.00,0.00
2015.11.16 03:27:56.926,10.92719,10.93051,0.00,0.00
2015.11.16 03:27:58.802,10.92779,10.93051,0.00,0.00
2015.11.16 03:27:58.852,10.92809,10.93091,0.00,0.00
2015.11.16 03:27:58.903,10.92812,10.93102,0.00,0.00
2015.11.16 03:27:58.954,10.92812,10.93121,0.00,0.00
2015.11.16 03:27:59.155,10.92812,10.93102,0.00,0.00
2015.11.16 03:27:59.838,10.92761,10.93102,0.00,0.00
2015.11.16 03:28:01.510,10.9278,10.93102,0.00,0.00
2015.11.16 03:28:01.561,10.92809,10.93151,0.00,0.00
2015.11.16 03:28:01.612,10.92811,10.93151,0.00,0.00
2015.11.16 03:28:02.263,10.92811,10.93132,0.00,0.00
2015.11.16 03:28:02.751,10.92811,10.93142,0.00,0.00
2015.11.16 03:28:03.075,10.92811,10.93151,0.00,0.00
2015.11.16 03:28:11.593,10.92811,10.93142,0.00,0.00
2015.11.16 03:28:11.895,10.92811,10.93151,0.00,0.00
2015.11.16 03:28:11.996,10.92811,10.93132,0.00,0.00
2015.11.16 03:28:12.346,10.9272,10.93051,0.00,0.00
2015.11.16 03:28:12.848,10.92719,10.93051,0.00,0.00
2015.11.16 03:28:13.035,10.92811,10.93071,0.00,0.00
2015.11.16 03:28:13.086,10.92811,10.93102,0.00,0.00
2015.11.16 03:28:13.187,10.92811,10.93152,0.00,0.00
2015.11.16 03:28:14.762,10.92811,10.93151,0.00,0.00
2015.11.16 03:28:15.866,10.92811,10.93132,0.00,0.00
2015.11.16 03:28:18.083,10.92811,10.93141,0.00,0.00
2015.11.16 03:28:19.286,10.92811,10.93122,0.00,0.00
2015.11.16 03:28:21.098,10.92811,10.9314,0.00,0.00
2015.11.16 03:28:21.675,10.92811,10.93141,0.00,0.00
2015.11.16 03:28:23.500,10.92738,10.93052,0.00,0.00
2015.11.16 03:28:23.611,10.92729,10.93052,0.00,0.00
2015.11.16 03:28:23.680,10.92711,10.93052,0.00,0.00
2015.11.16 03:28:25.326,10.9276,10.93052,0.00,0.00
2015.11.16 03:28:25.385,10.92711,10.93052,0.00,0.00
2015.11.16 03:28:25.486,10.92719,10.93052,0.00,0.00
2015.11.16 03:28:25.727,10.92711,10.93052,0.00,0.00
2015.11.16 03:28:28.731,10.92711,10.93051,0.00,0.00
2015.11.16 03:28:30.302,10.92711,10.93052,0.00,0.00
2015.11.16 03:28:31.228,10.92711,10.93031,0.00,0.00
2015.11.16 03:28:31.337,10.92711,10.93042,0.00,0.00
2015.11.16 03:28:31.404,10.92711,10.93031,0.00,0.00
2015.11.16 03:28:32.105,10.92711,10.93051,0.00,0.00
2015.11.16 03:28:32.306,10.92711,10.93041,0.00,0.00
2015.11.16 03:28:32.412,10.92711,10.93052,0.00,0.00
2015.11.16 03:28:32.957,10.92759,10.93052,0.00,0.00
2015.11.16 03:28:33.158,10.92749,10.93052,0.00,0.00
2015.11.16 03:28:33.235,10.92739,10.93052,0.00,0.00
2015.11.16 03:28:35.365,10.9274,10.93052,0.00,0.00
2015.11.16 03:28:35.466,10.9273,10.93052,0.00,0.00
2015.11.16 03:28:36.077,10.92729,10.93052,0.00,0.00
2015.11.16 03:28:36.867,10.92718,10.93052,0.00,0.00
2015.11.16 03:28:37.139,10.92711,10.93052,0.00,0.00
2015.11.16 03:28:44.071,10.92711,10.93051,0.00,0.00
2015.11.16 03:28:45.060,10.92711,10.93052,0.00,0.00
2015.11.16 03:28:45.161,10.92711,10.93041,0.00,0.00
2015.11.16 03:28:45.491,10.92711,10.93052,0.00,0.00
2015.11.16 03:28:50.372,10.92711,10.93042,0.00,0.00
2015.11.16 03:28:50.523,10.92658,10.93002,0.00,0.00
2015.11.16 03:28:50.627,10.92642,10.92952,0.00,0.00
2015.11.16 03:28:51.743,10.92611,10.92952,0.00,0.00
2015.11.16 03:29:01.836,10.92611,10.92902,0.00,0.00
2015.11.16 03:29:01.887,10.92561,10.92902,0.00,0.00
2015.11.16 03:29:02.041,10.92579,10.92902,0.00,0.00
2015.11.16 03:29:02.092,10.92608,10.92932,0.00,0.00
2015.11.16 03:29:02.195,10.92608,10.92952,0.00,0.00
2015.11.16 03:29:02.835,10.92612,10.92952,0.00,0.00
2015.11.16 03:29:03.629,10.92612,10.92951,0.00,0.00
2015.11.16 03:29:07.255,10.92629,10.92951,0.00,0.00
2015.11.16 03:29:07.656,10.9265,10.92952,0.00,0.00
2015.11.16 03:29:08.058,10.92639,10.92952,0.00,0.00
2015.11.16 03:29:08.159,10.9263,10.92952,0.00,0.00
2015.11.16 03:29:08.545,10.92629,10.92902,0.00,0.00
2015.11.16 03:29:08.659,10.92608,10.92902,0.00,0.00
2015.11.16 03:29:08.710,10.92599,10.92902,0.00,0.00
2015.11.16 03:29:08.862,10.92561,10.92902,0.00,0.00
2015.11.16 03:29:10.206,10.92612,10.92952,0.00,0.00
2015.11.16 03:29:10.516,10.9266,10.92981,0.00,0.00
2015.11.16 03:29:10.617,10.9266,10.93001,0.00,0.00
2015.11.16 03:29:10.667,10.927,10.93001,0.00,0.00
2015.11.16 03:29:10.768,10.92709,10.93051,0.00,0.00
2015.11.16 03:29:10.869,10.92712,10.93051,0.00,0.00
2015.11.16 03:29:12.994,10.92709,10.93051,0.00,0.00
2015.11.16 03:29:13.196,10.92699,10.92951,0.00,0.00
2015.11.16 03:29:13.297,10.92682,10.92951,0.00,0.00
2015.11.16 03:29:13.774,10.9263,10.92951,0.00,0.00
2015.11.16 03:29:14.429,10.92629,10.92951,0.00,0.00
2015.11.16 03:29:14.876,10.92619,10.92951,0.00,0.00
2015.11.16 03:29:15.514,10.92709,10.93038,0.00,0.00
2015.11.16 03:29:15.565,10.92709,10.93051,0.00,0.00
2015.11.16 03:29:18.556,10.92699,10.92951,0.00,0.00
2015.11.16 03:29:18.610,10.92659,10.92951,0.00,0.00
2015.11.16 03:29:18.711,10.92661,10.92951,0.00,0.00
2015.11.16 03:29:18.812,10.92661,10.93002,0.00,0.00
2015.11.16 03:29:19.045,10.92691,10.93002,0.00,0.00
2015.11.16 03:29:19.329,10.92708,10.93022,0.00,0.00
2015.11.16 03:29:19.430,10.92721,10.93052,0.00,0.00
2015.11.16 03:29:30.544,10.92721,10.93002,0.00,0.00
2015.11.16 03:29:30.747,10.92682,10.93002,0.00,0.00
2015.11.16 03:29:32.752,10.92709,10.93022,0.00,0.00
2015.11.16 03:29:32.802,10.92722,10.93051,0.00,0.00
2015.11.16 03:29:35.414,10.92722,10.93041,0.00,0.00
2015.11.16 03:29:35.716,10.92722,10.93051,0.00,0.00
2015.11.16 03:29:43.633,10.92722,10.93041,0.00,0.00
2015.11.16 03:29:43.734,10.92722,10.93051,0.00,0.00
2015.11.16 03:29:50.613,10.92728,10.9307,0.00,0.00
2015.11.16 03:29:51.227,10.92728,10.93071,0.00,0.00
2015.11.16 03:29:51.766,10.92728,10.9307,0.00,0.00
2015.11.16 03:29:51.867,10.92728,10.93052,0.00,0.00
2015.11.16 03:29:52.187,10.92779,10.93082,0.00,0.00
2015.11.16 03:29:52.288,10.92748,10.9307,0.00,0.00
2015.11.16 03:29:52.339,10.92741,10.9307,0.00,0.00
2015.11.16 03:29:52.851,10.92741,10.93071,0.00,0.00
2015.11.16 03:29:53.436,10.92741,10.9307,0.00,0.00
2015.11.16 03:29:53.767,10.92741,10.93022,0.00,0.00
2015.11.16 03:29:53.818,10.9272,10.93022,0.00,0.00
2015.11.16 03:29:53.869,10.92702,10.93021,0.00,0.00
2015.11.16 03:29:54.377,10.92702,10.9302,0.00,0.00
2015.11.16 03:29:54.968,10.92702,10.93021,0.00,0.00
2015.11.16 03:29:55.624,10.92728,10.9302,0.00,0.00
2015.11.16 03:29:55.775,10.92728,10.93061,0.00,0.00
2015.11.16 03:29:55.826,10.92742,10.93061,0.00,0.00
2015.11.16 03:29:55.877,10.92742,10.93071,0.00,0.00
2015.11.16 03:29:58.785,10.92742,10.93062,0.00,0.00
2015.11.16 03:29:59.273,10.92742,10.93071,0.00,0.00
2015.11.16 03:30:00.310,10.92742,10.93062,0.00,0.00
2015.11.16 03:30:00.411,10.92742,10.9307,0.00,0.00
2015.11.16 03:30:00.562,10.92742,10.9306,0.00,0.00
2015.11.16 03:30:00.864,10.92742,10.9304,0.00,0.00
2015.11.16 03:30:01.235,10.92742,10.92971,0.00,0.00
2015.11.16 03:30:01.286,10.92652,10.92971,0.00,0.00
2015.11.16 03:30:02.601,10.92652,10.9297,0.00,0.00
2015.11.16 03:30:03.168,10.92652,10.92971,0.00,0.00
2015.11.16 03:30:04.886,10.92728,10.93018,0.00,0.00
2015.11.16 03:30:04.937,10.92732,10.9305,0.00,0.00
2015.11.16 03:30:06.680,10.92732,10.93051,0.00,0.00
2015.11.16 03:30:06.991,10.92732,10.9307,0.00,0.00
2015.11.16 03:30:07.329,10.92732,10.93032,0.00,0.00
2015.11.16 03:30:07.433,10.92732,10.93062,0.00,0.00
2015.11.16 03:30:07.636,10.92732,10.93031,0.00,0.00
2015.11.16 03:30:07.737,10.92732,10.93062,0.00,0.00
2015.11.16 03:30:08.631,10.92732,10.93071,0.00,0.00
2015.11.16 03:30:08.737,10.92732,10.93062,0.00,0.00
2015.11.16 03:30:10.147,10.92732,10.9307,0.00,0.00
2015.11.16 03:30:10.248,10.92732,10.93062,0.00,0.00
2015.11.16 03:30:10.445,10.92732,10.9307,0.00,0.00
2015.11.16 03:30:10.547,10.92732,10.93042,0.00,0.00
2015.11.16 03:30:10.648,10.92732,10.93071,0.00,0.00
2015.11.16 03:30:10.749,10.92732,10.93062,0.00,0.00
2015.11.16 03:30:11.110,10.92662,10.9297,0.00,0.00
2015.11.16 03:30:11.613,10.92662,10.92971,0.00,0.00
2015.11.16 03:30:12.152,10.92662,10.9297,0.00,0.00
2015.11.16 03:30:12.703,10.92662,10.92971,0.00,0.00
2015.11.16 03:30:13.607,10.92662,10.9297,0.00,0.00
2015.11.16 03:30:14.120,10.92662,10.92971,0.00,0.00
2015.11.16 03:30:14.912,10.92662,10.9297,0.00,0.00
2015.11.16 03:30:15.558,10.92662,10.92971,0.00,0.00
2015.11.16 03:30:17.537,10.92662,10.9297,0.00,0.00
2015.11.16 03:30:19.832,10.92662,10.92971,0.00,0.00
2015.11.16 03:30:21.741,10.92662,10.9297,0.00,0.00
2015.11.16 03:30:22.242,10.92662,10.92971,0.00,0.00
2015.11.16 03:30:22.743,10.92662,10.9297,0.00,0.00
2015.11.16 03:30:23.428,10.92662,10.92971,0.00,0.00
2015.11.16 03:30:24.245,10.92662,10.9297,0.00,0.00
2015.11.16 03:30:24.771,10.92662,10.92971,0.00,0.00
2015.11.16 03:30:25.650,10.92662,10.9297,0.00,0.00
2015.11.16 03:30:26.450,10.92652,10.9297,0.00,0.00
2015.11.16 03:30:26.602,10.92652,10.92962,0.00,0.00
2015.11.16 03:30:26.703,10.92631,10.9295,0.00,0.00
2015.11.16 03:30:27.455,10.92631,10.92962,0.00,0.00
2015.11.16 03:30:27.605,10.92631,10.92971,0.00,0.00
2015.11.16 03:30:28.358,10.92631,10.9297,0.00,0.00
2015.11.16 03:30:31.219,10.92631,10.92961,0.00,0.00
2015.11.16 03:30:31.323,10.92631,10.9297,0.00,0.00
2015.11.16 03:30:33.583,10.92631,10.92971,0.00,0.00
2015.11.16 03:30:33.720,10.92631,10.92951,0.00,0.00
2015.11.16 03:30:33.834,10.92631,10.92961,0.00,0.00
2015.11.16 03:30:34.147,10.92631,10.92971,0.00,0.00
2015.11.16 03:30:34.660,10.92631,10.9297,0.00,0.00
2015.11.16 03:30:36.193,10.92631,10.92971,0.00,0.00
2015.11.16 03:30:37.096,10.92631,10.9297,0.00,0.00
2015.11.16 03:30:38.600,10.92631,10.92971,0.00,0.00
2015.11.16 03:30:38.951,10.92631,10.92962,0.00,0.00
2015.11.16 03:30:39.317,10.92631,10.92951,0.00,0.00
2015.11.16 03:30:40.176,10.92631,10.92872,0.00,0.00
2015.11.16 03:30:40.276,10.92562,10.9287,0.00,0.00
2015.11.16 03:30:41.277,10.92561,10.9287,0.00,0.00
2015.11.16 03:30:42.110,10.92561,10.92871,0.00,0.00
2015.11.16 03:30:42.738,10.92561,10.9287,0.00,0.00
2015.11.16 03:30:43.121,10.92579,10.92872,0.00,0.00
2015.11.16 03:30:43.172,10.92628,10.92942,0.00,0.00
2015.11.16 03:30:43.277,10.92628,10.9297,0.00,0.00
2015.11.16 03:30:45.020,10.92628,10.92971,0.00,0.00
2015.11.16 03:30:46.492,10.92628,10.92961,0.00,0.00
2015.11.16 03:30:52.901,10.92628,10.92931,0.00,0.00
2015.11.16 03:30:53.214,10.92578,10.9287,0.00,0.00
2015.11.16 03:30:53.315,10.92549,10.92871,0.00,0.00
2015.11.16 03:30:53.466,10.92529,10.9287,0.00,0.00
2015.11.16 03:30:53.517,10.92529,10.92862,0.00,0.00
2015.11.16 03:30:53.798,10.92529,10.92871,0.00,0.00
2015.11.16 03:30:53.899,10.92529,10.92862,0.00,0.00
2015.11.16 03:30:55.502,10.92529,10.92841,0.00,0.00
2015.11.16 03:30:55.582,10.92529,10.92862,0.00,0.00
2015.11.16 03:30:55.682,10.92529,10.9287,0.00,0.00
2015.11.16 03:30:55.916,10.92521,10.92822,0.00,0.00
2015.11.16 03:30:56.169,10.9243,10.9277,0.00,0.00
2015.11.16 03:30:56.672,10.92429,10.92771,0.00,0.00
2015.11.16 03:30:56.723,10.92429,10.92752,0.00,0.00
2015.11.16 03:30:56.824,10.92429,10.92762,0.00,0.00
2015.11.16 03:30:56.925,10.92429,10.9277,0.00,0.00
2015.11.16 03:30:57.472,10.92429,10.92771,0.00,0.00
2015.11.16 03:30:58.663,10.92429,10.9277,0.00,0.00
2015.11.16 03:30:59.767,10.92429,10.92771,0.00,0.00
2015.11.16 03:31:02.620,10.92429,10.9277,0.00,0.00
2015.11.16 03:31:02.885,10.92479,10.92771,0.00,0.00
2015.11.16 03:31:02.986,10.92479,10.92779,0.00,0.00
2015.11.16 03:31:05.244,10.92479,10.92772,0.00,0.00
2015.11.16 03:31:05.644,10.92479,10.92779,0.00,0.00
2015.11.16 03:31:06.427,10.92479,10.9276,0.00,0.00
2015.11.16 03:31:07.095,10.92479,10.92771,0.00,0.00
2015.11.16 03:31:07.146,10.92479,10.92779,0.00,0.00
2015.11.16 03:31:08.898,10.92479,10.92771,0.00,0.00
2015.11.16 03:31:09.496,10.92479,10.92779,0.00,0.00
2015.11.16 03:31:09.565,10.92479,10.92761,0.00,0.00
2015.11.16 03:31:09.666,10.92479,10.92779,0.00,0.00
2015.11.16 03:31:12.342,10.92479,10.92771,0.00,0.00
2015.11.16 03:31:13.752,10.92479,10.92779,0.00,0.00
2015.11.16 03:31:17.785,10.92479,10.92791,0.00,0.00
2015.11.16 03:31:20.224,10.92528,10.92809,0.00,0.00
2015.11.16 03:31:20.357,10.92539,10.92861,0.00,0.00
2015.11.16 03:31:20.479,10.92578,10.9286,0.00,0.00
2015.11.16 03:31:20.837,10.92578,10.9285,0.00,0.00
2015.11.16 03:31:20.938,10.92578,10.92852,0.00,0.00
2015.11.16 03:31:21.087,10.92578,10.92861,0.00,0.00
2015.11.16 03:31:21.672,10.92578,10.92871,0.00,0.00
2015.11.16 03:31:21.989,10.92578,10.92862,0.00,0.00
2015.11.16 03:31:22.088,10.92578,10.92871,0.00,0.00
2015.11.16 03:31:22.491,10.92578,10.92861,0.00,0.00
2015.11.16 03:31:22.592,10.92578,10.9287,0.00,0.00
2015.11.16 03:31:22.739,10.92578,10.92898,0.00,0.00
2015.11.16 03:31:23.323,10.92578,10.92892,0.00,0.00
2015.11.16 03:31:23.928,10.92578,10.92898,0.00,0.00
2015.11.16 03:31:26.494,10.92578,10.92881,0.00,0.00
2015.11.16 03:31:27.595,10.92578,10.92892,0.00,0.00
2015.11.16 03:31:30.425,10.92578,10.92898,0.00,0.00
2015.11.16 03:31:30.533,10.92578,10.92892,0.00,0.00
2015.11.16 03:31:31.050,10.92578,10.92898,0.00,0.00
2015.11.16 03:31:33.772,10.92589,10.92898,0.00,0.00
2015.11.16 03:31:34.024,10.9264,10.92972,0.00,0.00
2015.11.16 03:31:34.075,10.92679,10.9298,0.00,0.00
2015.11.16 03:31:35.980,10.92679,10.92981,0.00,0.00
2015.11.16 03:31:36.761,10.92679,10.9298,0.00,0.00
2015.11.16 03:31:37.686,10.92679,10.92981,0.00,0.00
2015.11.16 03:31:39.494,10.92679,10.92971,0.00,0.00
2015.11.16 03:31:39.709,10.92679,10.92981,0.00,0.00
2015.11.16 03:31:41.434,10.92679,10.9298,0.00,0.00
2015.11.16 03:31:41.784,10.92679,10.92972,0.00,0.00
2015.11.16 03:31:43.208,10.92679,10.9296,0.00,0.00
2015.11.16 03:31:43.810,10.92679,10.92961,0.00,0.00
2015.11.16 03:31:43.884,10.92679,10.9297,0.00,0.00
2015.11.16 03:31:45.214,10.92679,10.92971,0.00,0.00
2015.11.16 03:31:45.816,10.92679,10.9297,0.00,0.00
2015.11.16 03:31:47.721,10.92679,10.92971,0.00,0.00
2015.11.16 03:31:51.231,10.92679,10.9297,0.00,0.00
2015.11.16 03:31:52.054,10.92679,10.92981,0.00,0.00
2015.11.16 03:31:52.134,10.92679,10.92972,0.00,0.00
2015.11.16 03:31:56.185,10.92679,10.92981,0.00,0.00
2015.11.16 03:31:56.754,10.92679,10.9298,0.00,0.00
2015.11.16 03:31:59.061,10.92679,10.92981,0.00,0.00
2015.11.16 03:31:59.333,10.92679,10.92972,0.00,0.00
2015.11.16 03:31:59.612,10.92639,10.92972,0.00,0.00
2015.11.16 03:31:59.663,10.92628,10.9293,0.00,0.00
2015.11.16 03:32:00.164,10.92628,10.92952,0.00,0.00
2015.11.16 03:32:00.214,10.92628,10.92942,0.00,0.00
2015.11.16 03:32:01.016,10.92628,10.92952,0.00,0.00
2015.11.16 03:32:04.480,10.92579,10.9291,0.00,0.00
2015.11.16 03:32:04.632,10.92579,10.92902,0.00,0.00
2015.11.16 03:32:04.864,10.92579,10.9291,0.00,0.00
2015.11.16 03:32:04.965,10.92579,10.92902,0.00,0.00
2015.11.16 03:32:05.066,10.92579,10.92911,0.00,0.00
2015.11.16 03:32:05.883,10.92629,10.92918,0.00,0.00
2015.11.16 03:32:05.989,10.92629,10.92941,0.00,0.00
2015.11.16 03:32:06.090,10.92678,10.92958,0.00,0.00
2015.11.16 03:32:06.141,10.92678,10.92981,0.00,0.00
2015.11.16 03:32:06.242,10.92678,10.92961,0.00,0.00
2015.11.16 03:32:11.809,10.92678,10.92972,0.00,0.00
2015.11.16 03:32:15.226,10.92581,10.92921,0.00,0.00
2015.11.16 03:32:15.277,10.92579,10.92921,0.00,0.00
2015.11.16 03:32:34.384,10.92579,10.9291,0.00,0.00
2015.11.16 03:32:34.817,10.92528,10.92851,0.00,0.00
2015.11.16 03:32:35.020,10.92528,10.92861,0.00,0.00
2015.11.16 03:32:38.251,10.92528,10.92851,0.00,0.00
2015.11.16 03:32:38.352,10.92528,10.92862,0.00,0.00
2015.11.16 03:32:38.453,10.92528,10.92852,0.00,0.00
2015.11.16 03:32:39.482,10.9254,10.92852,0.00,0.00
2015.11.16 03:32:39.634,10.92579,10.92901,0.00,0.00
2015.11.16 03:32:39.782,10.92579,10.92911,0.00,0.00
2015.11.16 03:32:39.944,10.92579,10.92901,0.00,0.00
2015.11.16 03:32:42.255,10.92579,10.92892,0.00,0.00
2015.11.16 03:32:42.814,10.92579,10.92871,0.00,0.00
2015.11.16 03:32:43.136,10.92579,10.92882,0.00,0.00
2015.11.16 03:32:43.237,10.92579,10.92911,0.00,0.00
2015.11.16 03:32:43.524,10.92579,10.92902,0.00,0.00
2015.11.16 03:32:45.557,10.92579,10.9291,0.00,0.00
2015.11.16 03:32:46.115,10.92579,10.92911,0.00,0.00
2015.11.16 03:32:46.458,10.92579,10.92919,0.00,0.00
2015.11.16 03:32:46.559,10.92579,10.92921,0.00,0.00
2015.11.16 03:32:53.110,10.92579,10.92919,0.00,0.00
2015.11.16 03:32:53.416,10.92579,10.92911,0.00,0.00
2015.11.16 03:32:53.977,10.92579,10.9291,0.00,0.00
2015.11.16 03:32:54.731,10.92579,10.92911,0.00,0.00
2015.11.16 03:32:55.235,10.92579,10.9291,0.00,0.00
2015.11.16 03:32:56.188,10.92579,10.92921,0.00,0.00
2015.11.16 03:33:16.112,10.92579,10.92908,0.00,0.00
2015.11.16 03:33:16.591,10.92579,10.92902,0.00,0.00
2015.11.16 03:33:16.692,10.92579,10.92908,0.00,0.00
2015.11.16 03:33:18.268,10.92579,10.92871,0.00,0.00
2015.11.16 03:33:18.626,10.92579,10.92862,0.00,0.00
2015.11.16 03:33:19.983,10.92579,10.92871,0.00,0.00
2015.11.16 03:33:20.488,10.92579,10.92862,0.00,0.00
2015.11.16 03:33:20.589,10.92579,10.9287,0.00,0.00
2015.11.16 03:33:21.186,10.92579,10.92862,0.00,0.00
2015.11.16 03:33:23.328,10.92579,10.92871,0.00,0.00
2015.11.16 03:33:23.601,10.92579,10.92852,0.00,0.00
2015.11.16 03:33:23.669,10.92579,10.9287,0.00,0.00
2015.11.16 03:33:23.852,10.92579,10.92872,0.00,0.00
2015.11.16 03:33:23.903,10.92579,10.92861,0.00,0.00
2015.11.16 03:33:24.705,10.92579,10.92872,0.00,0.00
2015.11.16 03:33:25.558,10.92579,10.9287,0.00,0.00
2015.11.16 03:33:26.061,10.92579,10.92871,0.00,0.00
2015.11.16 03:33:26.652,10.92579,10.9287,0.00,0.00
2015.11.16 03:33:27.021,10.92579,10.92852,0.00,0.00
2015.11.16 03:33:27.075,10.92579,10.92871,0.00,0.00
2015.11.16 03:33:28.067,10.92579,10.9287,0.00,0.00
2015.11.16 03:33:28.277,10.92579,10.92852,0.00,0.00
2015.11.16 03:33:28.789,10.92579,10.92871,0.00,0.00
2015.11.16 03:33:29.663,10.92539,10.92822,0.00,0.00
2015.11.16 03:33:29.713,10.92478,10.92799,0.00,0.00
2015.11.16 03:33:29.764,10.92478,10.92779,0.00,0.00
2015.11.16 03:33:30.101,10.92478,10.92771,0.00,0.00
2015.11.16 03:33:32.832,10.92478,10.92779,0.00,0.00
2015.11.16 03:33:32.884,10.92478,10.92772,0.00,0.00
2015.11.16 03:33:38.242,10.92529,10.92772,0.00,0.00
2015.11.16 03:33:38.292,10.92529,10.92779,0.00,0.00
2015.11.16 03:33:38.343,10.92529,10.92792,0.00,0.00
2015.11.16 03:33:38.444,10.92529,10.92838,0.00,0.00
2015.11.16 03:33:38.494,10.92529,10.92831,0.00,0.00
2015.11.16 03:33:38.595,10.92529,10.92838,0.00,0.00
2015.11.16 03:33:44.026,10.92529,10.9281,0.00,0.00
2015.11.16 03:33:44.077,10.92479,10.9281,0.00,0.00
2015.11.16 03:33:44.128,10.92489,10.92821,0.00,0.00
2015.11.16 03:33:44.329,10.92528,10.9283,0.00,0.00
2015.11.16 03:33:44.642,10.92578,10.92858,0.00,0.00
2015.11.16 03:33:44.783,10.92578,10.92861,0.00,0.00
2015.11.16 03:33:45.929,10.92578,10.92839,0.00,0.00
2015.11.16 03:33:45.980,10.92528,10.92839,0.00,0.00
2015.11.16 03:33:46.131,10.92528,10.92832,0.00,0.00
2015.11.16 03:33:46.504,10.92528,10.92839,0.00,0.00
2015.11.16 03:33:49.251,10.92578,10.92839,0.00,0.00
2015.11.16 03:33:49.352,10.92578,10.92862,0.00,0.00
2015.11.16 03:33:49.408,10.92578,10.92908,0.00,0.00
2015.11.16 03:34:13.340,10.9259,10.92908,0.00,0.00
2015.11.16 03:34:13.492,10.92628,10.92958,0.00,0.00
2015.11.16 03:34:15.168,10.92628,10.92941,0.00,0.00
2015.11.16 03:34:17.052,10.92628,10.92951,0.00,0.00
2015.11.16 03:34:17.335,10.92679,10.92951,0.00,0.00
2015.11.16 03:34:17.385,10.92679,10.92962,0.00,0.00
2015.11.16 03:34:17.448,10.92679,10.92991,0.00,0.00
2015.11.16 03:34:17.892,10.92679,10.92971,0.00,0.00
2015.11.16 03:34:18.391,10.92679,10.92982,0.00,0.00
2015.11.16 03:34:20.151,10.92679,10.92962,0.00,0.00
2015.11.16 03:34:20.252,10.92679,10.92981,0.00,0.00
2015.11.16 03:34:21.367,10.92679,10.92962,0.00,0.00
2015.11.16 03:34:21.468,10.92679,10.92982,0.00,0.00
2015.11.16 03:34:33.201,10.92679,10.92962,0.00,0.00
2015.11.16 03:34:39.748,10.92639,10.92961,0.00,0.00
2015.11.16 03:34:39.849,10.92628,10.9291,0.00,0.00
2015.11.16 03:34:40.000,10.92578,10.9291,0.00,0.00
2015.11.16 03:34:40.051,10.92578,10.92821,0.00,0.00
2015.11.16 03:34:40.152,10.92578,10.9284,0.00,0.00
2015.11.16 03:34:40.253,10.92578,10.92871,0.00,0.00
2015.11.16 03:34:40.354,10.92578,10.92892,0.00,0.00
2015.11.16 03:34:40.583,10.92578,10.9291,0.00,0.00
2015.11.16 03:34:40.636,10.9259,10.92918,0.00,0.00
2015.11.16 03:34:40.686,10.9259,10.92922,0.00,0.00
2015.11.16 03:34:40.737,10.92628,10.92951,0.00,0.00
2015.11.16 03:34:40.788,10.92628,10.92959,0.00,0.00
2015.11.16 03:34:40.978,10.92628,10.92941,0.00,0.00
2015.11.16 03:34:41.078,10.92628,10.92952,0.00,0.00
2015.11.16 03:34:41.940,10.92679,10.92952,0.00,0.00
2015.11.16 03:34:41.991,10.92679,10.92959,0.00,0.00
2015.11.16 03:34:42.091,10.92679,10.92981,0.00,0.00
2015.11.16 03:34:42.589,10.92679,10.92991,0.00,0.00
2015.11.16 03:34:42.923,10.92679,10.92982,0.00,0.00
2015.11.16 03:34:43.126,10.92679,10.9299,0.00,0.00
2015.11.16 03:34:43.181,10.92679,10.92982,0.00,0.00
2015.11.16 03:34:43.535,10.92679,10.92961,0.00,0.00
2015.11.16 03:34:43.586,10.92679,10.92982,0.00,0.00
2015.11.16 03:34:47.104,10.92679,10.92961,0.00,0.00
2015.11.16 03:34:47.457,10.92679,10.9291,0.00,0.00
2015.11.16 03:34:47.558,10.92628,10.92911,0.00,0.00
2015.11.16 03:34:47.609,10.92628,10.92909,0.00,0.00
2015.11.16 03:34:47.710,10.92628,10.92912,0.00,0.00
2015.11.16 03:34:47.811,10.92628,10.92948,0.00,0.00
2015.11.16 03:34:47.912,10.92628,10.92941,0.00,0.00
2015.11.16 03:34:48.013,10.92628,10.92948,0.00,0.00
2015.11.16 03:34:48.726,10.92589,10.92921,0.00,0.00
2015.11.16 03:34:48.776,10.92579,10.92909,0.00,0.00
2015.11.16 03:34:49.616,10.92579,10.92901,0.00,0.00
2015.11.16 03:34:49.966,10.92579,10.92892,0.00,0.00
2015.11.16 03:34:50.017,10.92579,10.92902,0.00,0.00
2015.11.16 03:34:50.292,10.92579,10.92881,0.00,0.00
2015.11.16 03:34:50.418,10.92579,10.92902,0.00,0.00
2015.11.16 03:34:52.624,10.92579,10.92909,0.00,0.00
2015.11.16 03:35:03.056,10.9264,10.92909,0.00,0.00
2015.11.16 03:35:03.107,10.9264,10.92942,0.00,0.00
2015.11.16 03:35:03.158,10.9264,10.92972,0.00,0.00
2015.11.16 03:35:03.208,10.92678,10.92992,0.00,0.00
2015.11.16 03:35:03.259,10.92678,10.93002,0.00,0.00
2015.11.16 03:35:03.311,10.92678,10.93011,0.00,0.00
2015.11.16 03:35:03.761,10.9268,10.93022,0.00,0.00
2015.11.16 03:35:03.863,10.92778,10.93022,0.00,0.00
2015.11.16 03:35:03.913,10.92778,10.93059,0.00,0.00
2015.11.16 03:35:03.964,10.92778,10.9307,0.00,0.00
2015.11.16 03:35:04.065,10.92829,10.93101,0.00,0.00
2015.11.16 03:35:04.115,10.92829,10.9311,0.00,0.00
2015.11.16 03:35:04.217,10.92829,10.93092,0.00,0.00
2015.11.16 03:35:04.317,10.92778,10.9311,0.00,0.00
2015.11.16 03:35:04.368,10.92789,10.93111,0.00,0.00
2015.11.16 03:35:04.670,10.92829,10.93102,0.00,0.00
2015.11.16 03:35:04.721,10.92779,10.93111,0.00,0.00
2015.11.16 03:35:04.990,10.92779,10.93082,0.00,0.00
2015.11.16 03:35:05.615,10.92779,10.93092,0.00,0.00
2015.11.16 03:35:05.943,10.92779,10.93111,0.00,0.00
2015.11.16 03:35:06.516,10.92779,10.93101,0.00,0.00
2015.11.16 03:35:07.942,10.92779,10.93082,0.00,0.00
2015.11.16 03:35:08.965,10.92779,10.93092,0.00,0.00
2015.11.16 03:35:09.020,10.92779,10.93082,0.00,0.00
2015.11.16 03:35:09.222,10.92779,10.93091,0.00,0.00
2015.11.16 03:35:16.639,10.92779,10.93072,0.00,0.00
2015.11.16 03:35:17.435,10.92779,10.93081,0.00,0.00
2015.11.16 03:35:18.407,10.92779,10.9308,0.00,0.00
2015.11.16 03:35:19.095,10.92779,10.93081,0.00,0.00
2015.11.16 03:35:21.456,10.92779,10.93082,0.00,0.00
2015.11.16 03:35:23.473,10.92779,10.93091,0.00,0.00
2015.11.16 03:35:23.574,10.92779,10.93081,0.00,0.00
2015.11.16 03:35:24.075,10.92779,10.93091,0.00,0.00
2015.11.16 03:35:24.334,10.92742,10.9302,0.00,0.00
2015.11.16 03:35:24.435,10.92678,10.93021,0.00,0.00
2015.11.16 03:35:24.978,10.92678,10.93022,0.00,0.00
2015.11.16 03:35:25.179,10.92778,10.93022,0.00,0.00
2015.11.16 03:35:25.281,10.92778,10.93069,0.00,0.00
2015.11.16 03:35:25.332,10.92778,10.9308,0.00,0.00
2015.11.16 03:35:25.531,10.92778,10.93091,0.00,0.00
2015.11.16 03:35:26.183,10.92778,10.93081,0.00,0.00
2015.11.16 03:35:26.848,10.92778,10.93092,0.00,0.00
2015.11.16 03:35:26.954,10.92778,10.93082,0.00,0.00
2015.11.16 03:35:27.688,10.92778,10.93091,0.00,0.00
2015.11.16 03:35:27.789,10.92778,10.93099,0.00,0.00
2015.11.16 03:35:29.675,10.92778,10.93092,0.00,0.00
2015.11.16 03:35:30.297,10.92778,10.93071,0.00,0.00
2015.11.16 03:35:30.398,10.92778,10.93082,0.00,0.00
2015.11.16 03:35:30.499,10.92778,10.93091,0.00,0.00
2015.11.16 03:35:30.600,10.92778,10.93081,0.00,0.00
2015.11.16 03:35:33.460,10.92778,10.93092,0.00,0.00
2015.11.16 03:35:33.561,10.92778,10.9311,0.00,0.00
2015.11.16 03:35:33.760,10.92778,10.93091,0.00,0.00
2015.11.16 03:35:36.466,10.92778,10.93081,0.00,0.00
2015.11.16 03:35:40.391,10.92778,10.93091,0.00,0.00
2015.11.16 03:35:41.373,10.92778,10.93111,0.00,0.00
2015.11.16 03:35:42.023,10.92829,10.93118,0.00,0.00
2015.11.16 03:35:42.074,10.92829,10.93148,0.00,0.00
2015.11.16 03:35:42.187,10.92829,10.93162,0.00,0.00
2015.11.16 03:35:42.238,10.92879,10.93181,0.00,0.00
2015.11.16 03:35:42.583,10.92778,10.93102,0.00,0.00
2015.11.16 03:35:42.820,10.92778,10.9311,0.00,0.00
2015.11.16 03:35:43.003,10.92778,10.93082,0.00,0.00
2015.11.16 03:35:43.328,10.92778,10.93072,0.00,0.00
2015.11.16 03:35:45.324,10.92778,10.93081,0.00,0.00
2015.11.16 03:35:46.109,10.92878,10.93102,0.00,0.00
2015.11.16 03:35:46.210,10.92878,10.93181,0.00,0.00
2015.11.16 03:35:48.046,10.92878,10.9318,0.00,0.00
2015.11.16 03:35:49.958,10.92878,10.93181,0.00,0.00
2015.11.16 03:35:50.158,10.92878,10.9317,0.00,0.00
2015.11.16 03:35:53.769,10.92878,10.93171,0.00,0.00
2015.11.16 03:35:54.976,10.92878,10.93181,0.00,0.00
2015.11.16 03:35:55.076,10.92878,10.9317,0.00,0.00
2015.11.16 03:35:56.682,10.92878,10.93172,0.00,0.00
2015.11.16 03:35:56.838,10.92878,10.9318,0.00,0.00
2015.11.16 03:35:57.486,10.92878,10.93191,0.00,0.00
2015.11.16 03:35:57.638,10.92878,10.93182,0.00,0.00
2015.11.16 03:35:57.739,10.92878,10.93191,0.00,0.00
2015.11.16 03:36:04.605,10.92878,10.9319,0.00,0.00
2015.11.16 03:36:04.705,10.92878,10.93171,0.00,0.00
2015.11.16 03:36:04.816,10.92878,10.9319,0.00,0.00
2015.11.16 03:36:05.425,10.92878,10.93191,0.00,0.00
2015.11.16 03:36:08.918,10.92878,10.9319,0.00,0.00
2015.11.16 03:36:09.501,10.9284,10.93171,0.00,0.00
2015.11.16 03:36:09.551,10.92829,10.93131,0.00,0.00
2015.11.16 03:36:09.863,10.92879,10.9316,0.00,0.00
2015.11.16 03:36:10.212,10.92879,10.93151,0.00,0.00
2015.11.16 03:36:10.513,10.92879,10.93141,0.00,0.00
2015.11.16 03:36:10.664,10.92879,10.93151,0.00,0.00
2015.11.16 03:36:11.400,10.92879,10.9315,0.00,0.00
2015.11.16 03:36:14.533,10.92879,10.93151,0.00,0.00
2015.11.16 03:36:16.071,10.92879,10.93161,0.00,0.00
2015.11.16 03:36:16.171,10.92828,10.93111,0.00,0.00
2015.11.16 03:36:16.323,10.92778,10.93092,0.00,0.00
2015.11.16 03:36:17.646,10.92778,10.93082,0.00,0.00
2015.11.16 03:36:17.755,10.92778,10.93111,0.00,0.00
2015.11.16 03:36:18.364,10.92778,10.9311,0.00,0.00
2015.11.16 03:36:19.024,10.92778,10.93111,0.00,0.00
2015.11.16 03:36:22.571,10.92789,10.93119,0.00,0.00
2015.11.16 03:36:22.986,10.92828,10.93148,0.00,0.00
2015.11.16 03:36:23.461,10.92839,10.93148,0.00,0.00
2015.11.16 03:36:23.862,10.92878,10.9318,0.00,0.00
2015.11.16 03:36:24.405,10.92878,10.93181,0.00,0.00
2015.11.16 03:36:25.934,10.92878,10.93172,0.00,0.00
2015.11.16 03:36:26.579,10.92878,10.93181,0.00,0.00
2015.11.16 03:36:28.737,10.92878,10.93172,0.00,0.00
2015.11.16 03:36:29.239,10.92878,10.93181,0.00,0.00
2015.11.16 03:36:29.477,10.92878,10.93171,0.00,0.00
2015.11.16 03:36:29.590,10.92878,10.9318,0.00,0.00
2015.11.16 03:36:30.248,10.92878,10.93181,0.00,0.00
2015.11.16 03:36:30.541,10.92878,10.93171,0.00,0.00
2015.11.16 03:36:34.647,10.92878,10.9318,0.00,0.00
2015.11.16 03:36:35.200,10.92878,10.93181,0.00,0.00
2015.11.16 03:36:37.098,10.92878,10.9318,0.00,0.00
2015.11.16 03:36:37.802,10.92878,10.93181,0.00,0.00
2015.11.16 03:36:37.853,10.92878,10.93171,0.00,0.00
2015.11.16 03:36:37.953,10.92878,10.93181,0.00,0.00
2015.11.16 03:36:38.603,10.92878,10.9318,0.00,0.00
2015.11.16 03:36:39.542,10.92828,10.9311,0.00,0.00
2015.11.16 03:36:39.643,10.92811,10.93111,0.00,0.00
2015.11.16 03:36:39.794,10.92779,10.93111,0.00,0.00
2015.11.16 03:36:40.007,10.92779,10.931,0.00,0.00
2015.11.16 03:36:40.482,10.92779,10.93081,0.00,0.00
2015.11.16 03:36:45.272,10.92779,10.93091,0.00,0.00
2015.11.16 03:36:46.230,10.92779,10.9301,0.00,0.00
2015.11.16 03:36:46.281,10.92731,10.9301,0.00,0.00
2015.11.16 03:36:46.332,10.92679,10.9301,0.00,0.00
2015.11.16 03:36:46.584,10.92679,10.93002,0.00,0.00
2015.11.16 03:36:46.777,10.92679,10.93011,0.00,0.00
2015.11.16 03:36:48.130,10.92679,10.9301,0.00,0.00
2015.11.16 03:36:48.842,10.92679,10.93011,0.00,0.00
2015.11.16 03:36:50.453,10.92679,10.93001,0.00,0.00
2015.11.16 03:36:50.762,10.92679,10.92982,0.00,0.00
2015.11.16 03:36:51.589,10.92679,10.93002,0.00,0.00
2015.11.16 03:36:51.691,10.92679,10.92981,0.00,0.00
2015.11.16 03:36:51.791,10.92679,10.93011,0.00,0.00
2015.11.16 03:36:51.892,10.92679,10.93001,0.00,0.00
2015.11.16 03:36:59.410,10.92679,10.93011,0.00,0.00
2015.11.16 03:36:59.828,10.92679,10.92991,0.00,0.00
2015.11.16 03:37:00.007,10.92679,10.9301,0.00,0.00
2015.11.16 03:37:01.467,10.92679,10.93011,0.00,0.00
2015.11.16 03:37:01.617,10.92679,10.92992,0.00,0.00
2015.11.16 03:37:01.690,10.92679,10.93011,0.00,0.00
2015.11.16 03:37:02.921,10.92679,10.92992,0.00,0.00
2015.11.16 03:37:04.125,10.92679,10.93002,0.00,0.00
2015.11.16 03:37:04.393,10.92679,10.92992,0.00,0.00
2015.11.16 03:37:04.526,10.92679,10.93011,0.00,0.00
2015.11.16 03:37:05.079,10.92679,10.9301,0.00,0.00
2015.11.16 03:37:05.620,10.92679,10.93011,0.00,0.00
2015.11.16 03:37:06.534,10.92679,10.92991,0.00,0.00
2015.11.16 03:37:07.564,10.92679,10.93011,0.00,0.00
2015.11.16 03:37:10.997,10.92679,10.9301,0.00,0.00
2015.11.16 03:37:11.109,10.92679,10.93002,0.00,0.00
2015.11.16 03:37:11.311,10.92679,10.93011,0.00,0.00
2015.11.16 03:37:14.607,10.92679,10.9301,0.00,0.00
2015.11.16 03:37:15.156,10.92679,10.93011,0.00,0.00
2015.11.16 03:37:16.751,10.92679,10.93002,0.00,0.00
2015.11.16 03:37:19.312,10.92679,10.93011,0.00,0.00
2015.11.16 03:37:19.413,10.92679,10.92991,0.00,0.00
2015.11.16 03:37:19.828,10.92679,10.93011,0.00,0.00
2015.11.16 03:37:21.065,10.92679,10.9301,0.00,0.00
2015.11.16 03:37:21.115,10.92679,10.92991,0.00,0.00
2015.11.16 03:37:25.319,10.92679,10.92992,0.00,0.00
2015.11.16 03:37:26.521,10.92679,10.93002,0.00,0.00
2015.11.16 03:37:29.824,10.92679,10.93,0.00,0.00
2015.11.16 03:37:30.154,10.92679,10.92992,0.00,0.00
2015.11.16 03:37:30.747,10.92679,10.93001,0.00,0.00
2015.11.16 03:37:30.920,10.92679,10.9301,0.00,0.00
2015.11.16 03:37:31.659,10.92679,10.93011,0.00,0.00
2015.11.16 03:37:33.981,10.92679,10.93002,0.00,0.00
2015.11.16 03:37:34.632,10.92679,10.92991,0.00,0.00
2015.11.16 03:37:34.733,10.92679,10.93002,0.00,0.00
2015.11.16 03:37:34.834,10.92679,10.93011,0.00,0.00
2015.11.16 03:37:35.648,10.92679,10.9301,0.00,0.00
2015.11.16 03:37:36.689,10.92679,10.93011,0.00,0.00
2015.11.16 03:37:37.887,10.9271,10.93019,0.00,0.00
2015.11.16 03:37:37.938,10.92711,10.93021,0.00,0.00
2015.11.16 03:37:37.988,10.92778,10.93081,0.00,0.00
2015.11.16 03:37:38.919,10.92778,10.9308,0.00,0.00
2015.11.16 03:37:39.489,10.92778,10.93091,0.00,0.00
2015.11.16 03:37:39.991,10.92778,10.9309,0.00,0.00
2015.11.16 03:37:41.891,10.92778,10.93091,0.00,0.00
2015.11.16 03:37:43.798,10.92778,10.9309,0.00,0.00
2015.11.16 03:37:45.703,10.92778,10.93091,0.00,0.00
2015.11.16 03:37:46.493,10.92778,10.93082,0.00,0.00
2015.11.16 03:37:47.850,10.92778,10.93072,0.00,0.00
2015.11.16 03:37:47.951,10.92728,10.93031,0.00,0.00
2015.11.16 03:37:48.411,10.92728,10.93062,0.00,0.00
2015.11.16 03:38:05.310,10.92728,10.93052,0.00,0.00
2015.11.16 03:38:06.514,10.92728,10.93062,0.00,0.00
2015.11.16 03:38:08.921,10.92728,10.93069,0.00,0.00
2015.11.16 03:38:09.031,10.92728,10.93062,0.00,0.00
2015.11.16 03:38:20.548,10.92728,10.93051,0.00,0.00
2015.11.16 03:38:20.658,10.92728,10.93061,0.00,0.00
2015.11.16 03:38:20.759,10.92728,10.93052,0.00,0.00
2015.11.16 03:38:20.837,10.92728,10.93069,0.00,0.00
2015.11.16 03:38:21.356,10.92728,10.93062,0.00,0.00
2015.11.16 03:38:22.113,10.92728,10.93061,0.00,0.00
2015.11.16 03:38:22.564,10.92728,10.93052,0.00,0.00
2015.11.16 03:38:22.767,10.92728,10.93069,0.00,0.00
2015.11.16 03:38:22.868,10.92728,10.93061,0.00,0.00
2015.11.16 03:38:23.066,10.92728,10.93069,0.00,0.00
2015.11.16 03:38:23.968,10.92728,10.93051,0.00,0.00
2015.11.16 03:38:26.546,10.92728,10.93062,0.00,0.00
2015.11.16 03:38:33.850,10.92689,10.93019,0.00,0.00
2015.11.16 03:38:33.901,10.92678,10.93011,0.00,0.00
2015.11.16 03:38:34.006,10.92678,10.93001,0.00,0.00
2015.11.16 03:38:34.407,10.92678,10.93011,0.00,0.00
2015.11.16 03:38:34.500,10.92678,10.93002,0.00,0.00
2015.11.16 03:38:36.925,10.92678,10.9301,0.00,0.00
2015.11.16 03:38:37.668,10.92678,10.93011,0.00,0.00
2015.11.16 03:38:38.922,10.92678,10.93002,0.00,0.00
2015.11.16 03:38:39.207,10.92678,10.93011,0.00,0.00
2015.11.16 03:38:39.720,10.92678,10.9301,0.00,0.00
2015.11.16 03:38:40.379,10.92689,10.93019,0.00,0.00
2015.11.16 03:38:40.810,10.92728,10.9303,0.00,0.00
2015.11.16 03:38:41.009,10.92728,10.93059,0.00,0.00
2015.11.16 03:38:41.179,10.92728,10.93072,0.00,0.00
2015.11.16 03:38:41.230,10.92779,10.93082,0.00,0.00
2015.11.16 03:38:41.665,10.92779,10.9309,0.00,0.00
2015.11.16 03:38:43.030,10.92779,10.93091,0.00,0.00
2015.11.16 03:38:43.570,10.92779,10.93072,0.00,0.00
2015.11.16 03:38:46.299,10.92779,10.93062,0.00,0.00
2015.11.16 03:38:46.400,10.92779,10.93111,0.00,0.00
2015.11.16 03:38:52.321,10.92789,10.93118,0.00,0.00
2015.11.16 03:38:52.372,10.92789,10.93121,0.00,0.00
2015.11.16 03:38:52.422,10.92828,10.9313,0.00,0.00
2015.11.16 03:38:52.616,10.92828,10.93159,0.00,0.00
2015.11.16 03:38:52.716,10.92828,10.93111,0.00,0.00
2015.11.16 03:38:52.767,10.92778,10.93111,0.00,0.00
2015.11.16 03:38:53.311,10.92778,10.93091,0.00,0.00
2015.11.16 03:38:54.383,10.92778,10.93101,0.00,0.00
2015.11.16 03:38:54.484,10.92778,10.93091,0.00,0.00
2015.11.16 03:39:00.411,10.92778,10.93101,0.00,0.00
2015.11.16 03:39:00.592,10.92778,10.93091,0.00,0.00
2015.11.16 03:39:00.693,10.92778,10.9311,0.00,0.00
2015.11.16 03:39:00.794,10.92778,10.93092,0.00,0.00
2015.11.16 03:39:00.894,10.92778,10.9311,0.00,0.00
2015.11.16 03:39:01.092,10.92778,10.93101,0.00,0.00
2015.11.16 03:39:01.932,10.92778,10.93111,0.00,0.00
2015.11.16 03:39:02.325,10.92778,10.93091,0.00,0.00
2015.11.16 03:39:02.395,10.92778,10.93102,0.00,0.00
2015.11.16 03:39:07.672,10.92839,10.93102,0.00,0.00
2015.11.16 03:39:07.823,10.92879,10.93192,0.00,0.00
2015.11.16 03:39:08.927,10.92879,10.93181,0.00,0.00
2015.11.16 03:39:09.004,10.92879,10.93191,0.00,0.00
2015.11.16 03:39:09.535,10.92879,10.93181,0.00,0.00
2015.11.16 03:39:10.305,10.92879,10.93191,0.00,0.00
2015.11.16 03:39:10.427,10.92879,10.93172,0.00,0.00
2015.11.16 03:39:14.392,10.92879,10.93192,0.00,0.00
2015.11.16 03:39:21.982,10.92879,10.93182,0.00,0.00
2015.11.16 03:39:22.083,10.92879,10.9321,0.00,0.00
2015.11.16 03:39:22.832,10.92879,10.93211,0.00,0.00
2015.11.16 03:39:22.883,10.92879,10.93172,0.00,0.00
2015.11.16 03:39:22.984,10.92879,10.93211,0.00,0.00
2015.11.16 03:39:23.922,10.92879,10.9321,0.00,0.00
2015.11.16 03:39:25.826,10.92879,10.93211,0.00,0.00
2015.11.16 03:39:26.498,10.92879,10.93171,0.00,0.00
2015.11.16 03:39:29.129,10.92879,10.93211,0.00,0.00
2015.11.16 03:39:30.086,10.92879,10.9321,0.00,0.00
2015.11.16 03:39:30.587,10.92879,10.93211,0.00,0.00
2015.11.16 03:39:31.555,10.92879,10.9321,0.00,0.00
2015.11.16 03:39:33.466,10.92879,10.93211,0.00,0.00
2015.11.16 03:39:34.145,10.92879,10.9321,0.00,0.00
2015.11.16 03:39:35.365,10.92879,10.93211,0.00,0.00
2015.11.16 03:39:42.988,10.92879,10.9321,0.00,0.00
2015.11.16 03:39:43.794,10.92879,10.93181,0.00,0.00
2015.11.16 03:39:44.178,10.92879,10.9317,0.00,0.00
2015.11.16 03:39:44.709,10.92879,10.9316,0.00,0.00
2015.11.16 03:39:45.729,10.92879,10.93161,0.00,0.00
2015.11.16 03:39:46.807,10.92879,10.9316,0.00,0.00
2015.11.16 03:39:47.710,10.92879,10.93161,0.00,0.00
2015.11.16 03:39:51.422,10.92879,10.9316,0.00,0.00
2015.11.16 03:39:55.242,10.92879,10.93161,0.00,0.00
2015.11.16 03:39:58.552,10.92879,10.93171,0.00,0.00
2015.11.16 03:40:00.411,10.92879,10.9318,0.00,0.00
2015.11.16 03:40:00.462,10.92879,10.9319,0.00,0.00
2015.11.16 03:40:00.584,10.92879,10.93172,0.00,0.00
2015.11.16 03:40:00.919,10.92879,10.93162,0.00,0.00
2015.11.16 03:40:01.216,10.92879,10.93172,0.00,0.00
2015.11.16 03:40:01.318,10.92879,10.93161,0.00,0.00
2015.11.16 03:40:02.193,10.92879,10.93172,0.00,0.00
2015.11.16 03:40:02.305,10.92879,10.93192,0.00,0.00
2015.11.16 03:40:03.476,10.92879,10.9319,0.00,0.00
2015.11.16 03:40:03.905,10.92879,10.93162,0.00,0.00
2015.11.16 03:40:06.543,10.92879,10.93171,0.00,0.00
2015.11.16 03:40:07.901,10.9284,10.93171,0.00,0.00
2015.11.16 03:40:08.145,10.92839,10.93181,0.00,0.00
2015.11.16 03:40:08.281,10.92839,10.93172,0.00,0.00
2015.11.16 03:40:10.297,10.92839,10.93191,0.00,0.00
2015.11.16 03:40:10.362,10.92839,10.93171,0.00,0.00
2015.11.16 03:40:10.885,10.9284,10.93171,0.00,0.00
2015.11.16 03:40:12.705,10.92839,10.93171,0.00,0.00
2015.11.16 03:40:13.066,10.9284,10.93161,0.00,0.00
2015.11.16 03:40:13.166,10.9284,10.93172,0.00,0.00
2015.11.16 03:40:13.709,10.92839,10.93172,0.00,0.00
2015.11.16 03:40:15.715,10.9284,10.93172,0.00,0.00
2015.11.16 03:40:17.219,10.92839,10.93172,0.00,0.00
2015.11.16 03:40:17.836,10.9284,10.93172,0.00,0.00
2015.11.16 03:40:19.537,10.92839,10.93172,0.00,0.00
2015.11.16 03:40:21.331,10.9284,10.93172,0.00,0.00
2015.11.16 03:40:23.237,10.92839,10.93172,0.00,0.00
2015.11.16 03:40:25.149,10.9284,10.93172,0.00,0.00
2015.11.16 03:40:27.049,10.92839,10.93172,0.00,0.00
2015.11.16 03:40:41.323,10.92839,10.93161,0.00,0.00
2015.11.16 03:40:42.252,10.9284,10.93161,0.00,0.00
2015.11.16 03:40:43.205,10.9284,10.9317,0.00,0.00
2015.11.16 03:40:44.156,10.92839,10.93171,0.00,0.00
2015.11.16 03:40:45.160,10.9284,10.93172,0.00,0.00
2015.11.16 03:40:45.210,10.9284,10.93162,0.00,0.00
2015.11.16 03:40:45.511,10.9284,10.9317,0.00,0.00
2015.11.16 03:40:45.711,10.9284,10.93162,0.00,0.00
2015.11.16 03:40:46.223,10.92839,10.93162,0.00,0.00
2015.11.16 03:40:46.514,10.9284,10.9317,0.00,0.00
2015.11.16 03:40:47.967,10.92839,10.93171,0.00,0.00
2015.11.16 03:40:57.538,10.9284,10.93171,0.00,0.00
2015.11.16 03:40:59.155,10.9284,10.9318,0.00,0.00
2015.11.16 03:40:59.206,10.9285,10.93192,0.00,0.00
2015.11.16 03:40:59.298,10.92839,10.93192,0.00,0.00
2015.11.16 03:41:01.302,10.9284,10.93192,0.00,0.00
2015.11.16 03:41:03.109,10.92839,10.93192,0.00,0.00
2015.11.16 03:41:03.208,10.9288,10.9318,0.00,0.00
2015.11.16 03:41:03.410,10.92839,10.93141,0.00,0.00
2015.11.16 03:41:03.561,10.92839,10.93131,0.00,0.00
2015.11.16 03:41:03.612,10.92829,10.93131,0.00,0.00
2015.11.16 03:41:04.161,10.92829,10.93122,0.00,0.00
2015.11.16 03:41:04.262,10.92778,10.93091,0.00,0.00
2015.11.16 03:41:04.704,10.92778,10.93082,0.00,0.00
2015.11.16 03:41:05.262,10.92778,10.93072,0.00,0.00
2015.11.16 03:41:06.463,10.92778,10.93091,0.00,0.00
2015.11.16 03:41:08.866,10.92778,10.93072,0.00,0.00
2015.11.16 03:41:10.468,10.92778,10.93092,0.00,0.00
2015.11.16 03:41:10.579,10.92778,10.931,0.00,0.00
2015.11.16 03:41:13.344,10.92778,10.93101,0.00,0.00
2015.11.16 03:41:13.395,10.92778,10.93092,0.00,0.00
2015.11.16 03:41:13.472,10.92778,10.93101,0.00,0.00
2015.11.16 03:41:14.072,10.92778,10.93081,0.00,0.00
2015.11.16 03:41:36.497,10.92778,10.9309,0.00,0.00
2015.11.16 03:41:37.045,10.92778,10.93082,0.00,0.00
2015.11.16 03:41:59.319,10.92778,10.93101,0.00,0.00
2015.11.16 03:41:59.398,10.92778,10.93092,0.00,0.00
2015.11.16 03:42:04.460,10.92751,10.93092,0.00,0.00
2015.11.16 03:42:04.925,10.9279,10.93092,0.00,0.00
2015.11.16 03:42:05.229,10.92828,10.93141,0.00,0.00
2015.11.16 03:42:05.357,10.92828,10.93121,0.00,0.00
2015.11.16 03:42:06.514,10.92828,10.93132,0.00,0.00
2015.11.16 03:42:09.530,10.92828,10.9314,0.00,0.00
2015.11.16 03:42:10.834,10.92828,10.93141,0.00,0.00
2015.11.16 03:42:11.972,10.92828,10.9314,0.00,0.00
2015.11.16 03:42:16.431,10.92828,10.93091,0.00,0.00
2015.11.16 03:42:16.532,10.92781,10.93091,0.00,0.00
2015.11.16 03:42:16.643,10.92781,10.93102,0.00,0.00
2015.11.16 03:42:16.744,10.92781,10.93092,0.00,0.00
2015.11.16 03:42:16.845,10.92781,10.93102,0.00,0.00
2015.11.16 03:42:16.954,10.92781,10.93091,0.00,0.00
2015.11.16 03:42:18.064,10.92781,10.931,0.00,0.00
2015.11.16 03:42:18.165,10.92781,10.93092,0.00,0.00
2015.11.16 03:42:19.392,10.92781,10.93091,0.00,0.00
2015.11.16 03:42:21.702,10.92781,10.9309,0.00,0.00
2015.11.16 03:42:23.908,10.92781,10.93091,0.00,0.00
2015.11.16 03:42:24.672,10.92829,10.93091,0.00,0.00
2015.11.16 03:42:24.723,10.92829,10.93111,0.00,0.00
2015.11.16 03:42:25.025,10.92781,10.9311,0.00,0.00
2015.11.16 03:42:25.167,10.92781,10.93092,0.00,0.00
2015.11.16 03:42:25.613,10.92781,10.93081,0.00,0.00
2015.11.16 03:42:26.469,10.92781,10.93092,0.00,0.00
2015.11.16 03:42:28.699,10.92781,10.93101,0.00,0.00
2015.11.16 03:42:28.800,10.92781,10.93092,0.00,0.00
2015.11.16 03:42:29.927,10.92781,10.9307,0.00,0.00
2015.11.16 03:42:30.055,10.92779,10.93071,0.00,0.00
2015.11.16 03:42:30.578,10.92779,10.9307,0.00,0.00
2015.11.16 03:42:32.723,10.92779,10.93081,0.00,0.00
2015.11.16 03:42:33.120,10.92779,10.93062,0.00,0.00
2015.11.16 03:42:33.221,10.92779,10.93071,0.00,0.00
2015.11.16 03:42:33.322,10.92779,10.93081,0.00,0.00
2015.11.16 03:42:33.386,10.92779,10.9309,0.00,0.00
2015.11.16 03:42:33.969,10.92779,10.93091,0.00,0.00
2015.11.16 03:42:35.633,10.92779,10.93082,0.00,0.00
2015.11.16 03:42:36.424,10.92779,10.93091,0.00,0.00
2015.11.16 03:42:38.934,10.92779,10.93072,0.00,0.00
2015.11.16 03:42:39.724,10.92828,10.93072,0.00,0.00
2015.11.16 03:42:39.876,10.92828,10.93092,0.00,0.00
2015.11.16 03:42:39.932,10.92828,10.93152,0.00,0.00
2015.11.16 03:42:42.451,10.92828,10.93142,0.00,0.00
2015.11.16 03:42:43.701,10.92781,10.93111,0.00,0.00
2015.11.16 03:42:43.752,10.92781,10.93092,0.00,0.00
2015.11.16 03:42:44.163,10.92781,10.931,0.00,0.00
2015.11.16 03:42:44.253,10.92781,10.93082,0.00,0.00
2015.11.16 03:42:46.446,10.92779,10.93082,0.00,0.00
2015.11.16 03:42:46.497,10.92779,10.93071,0.00,0.00
2015.11.16 03:42:47.084,10.92779,10.9307,0.00,0.00
2015.11.16 03:42:48.469,10.92779,10.9308,0.00,0.00
2015.11.16 03:42:48.812,10.92779,10.93062,0.00,0.00
2015.11.16 03:42:48.948,10.92779,10.93072,0.00,0.00
2015.11.16 03:42:49.372,10.92779,10.9307,0.00,0.00
2015.11.16 03:42:51.324,10.92779,10.93081,0.00,0.00
2015.11.16 03:42:51.880,10.92779,10.93082,0.00,0.00
2015.11.16 03:42:53.083,10.92779,10.9308,0.00,0.00
2015.11.16 03:42:53.593,10.92779,10.93081,0.00,0.00
2015.11.16 03:42:53.896,10.92779,10.93071,0.00,0.00
2015.11.16 03:42:55.041,10.92779,10.93061,0.00,0.00
2015.11.16 03:42:58.610,10.92779,10.9305,0.00,0.00
2015.11.16 03:42:58.711,10.92779,10.9306,0.00,0.00
2015.11.16 03:43:02.855,10.92779,10.93051,0.00,0.00
2015.11.16 03:43:04.435,10.92779,10.93045,0.00,0.00
2015.11.16 03:43:05.041,10.92779,10.9305,0.00,0.00
2015.11.16 03:43:05.445,10.92779,10.92995,0.00,0.00
2015.11.16 03:43:05.496,10.92729,10.92995,0.00,0.00
2015.11.16 03:43:05.597,10.92729,10.92977,0.00,0.00
2015.11.16 03:43:05.699,10.92678,10.92967,0.00,0.00
2015.11.16 03:43:06.608,10.92678,10.92991,0.00,0.00
2015.11.16 03:43:06.709,10.92678,10.93001,0.00,0.00
2015.11.16 03:43:06.810,10.92678,10.93011,0.00,0.00
2015.11.16 03:43:07.215,10.92678,10.93007,0.00,0.00
2015.11.16 03:43:07.702,10.92678,10.9301,0.00,0.00
2015.11.16 03:43:08.213,10.92678,10.93011,0.00,0.00
2015.11.16 03:43:08.407,10.92678,10.92997,0.00,0.00
2015.11.16 03:43:11.644,10.92678,10.93001,0.00,0.00
2015.11.16 03:43:12.253,10.92678,10.93011,0.00,0.00
2015.11.16 03:43:12.578,10.92678,10.93002,0.00,0.00
2015.11.16 03:43:13.492,10.92678,10.93,0.00,0.00
2015.11.16 03:43:13.825,10.92678,10.92991,0.00,0.00
2015.11.16 03:43:21.911,10.92678,10.93011,0.00,0.00
2015.11.16 03:43:22.282,10.92678,10.92982,0.00,0.00
2015.11.16 03:43:26.469,10.92678,10.9301,0.00,0.00
2015.11.16 03:43:27.329,10.92678,10.92982,0.00,0.00
2015.11.16 03:43:27.688,10.92678,10.92972,0.00,0.00
2015.11.16 03:43:29.778,10.92678,10.92982,0.00,0.00
2015.11.16 03:43:36.139,10.92678,10.92971,0.00,0.00
2015.11.16 03:43:37.887,10.92678,10.92992,0.00,0.00
2015.11.16 03:43:38.341,10.92678,10.92982,0.00,0.00
2015.11.16 03:43:38.844,10.92678,10.92972,0.00,0.00
2015.11.16 03:43:41.274,10.92678,10.92992,0.00,0.00
2015.11.16 03:43:47.956,10.92678,10.93002,0.00,0.00
2015.11.16 03:43:48.007,10.92712,10.93002,0.00,0.00
2015.11.16 03:43:48.057,10.92729,10.93041,0.00,0.00
2015.11.16 03:43:48.108,10.92739,10.93041,0.00,0.00
2015.11.16 03:43:48.487,10.92779,10.9306,0.00,0.00
2015.11.16 03:43:50.908,10.92779,10.93061,0.00,0.00
2015.11.16 03:43:52.482,10.92779,10.93051,0.00,0.00
2015.11.16 03:43:52.583,10.9274,10.93072,0.00,0.00
2015.11.16 03:43:52.684,10.92779,10.93082,0.00,0.00
2015.11.16 03:43:52.994,10.92779,10.93062,0.00,0.00
2015.11.16 03:43:53.368,10.92779,10.9307,0.00,0.00
2015.11.16 03:43:53.419,10.92779,10.93072,0.00,0.00
2015.11.16 03:43:53.485,10.92779,10.93081,0.00,0.00
2015.11.16 03:43:53.586,10.92779,10.93071,0.00,0.00
2015.11.16 03:43:53.708,10.92779,10.9308,0.00,0.00
2015.11.16 03:43:54.330,10.92779,10.93081,0.00,0.00
2015.11.16 03:43:57.069,10.92779,10.93071,0.00,0.00
2015.11.16 03:43:57.569,10.92779,10.93062,0.00,0.00
2015.11.16 03:44:01.078,10.92779,10.9308,0.00,0.00
2015.11.16 03:44:01.179,10.92779,10.93091,0.00,0.00
2015.11.16 03:44:01.262,10.92779,10.93101,0.00,0.00
2015.11.16 03:44:01.965,10.92779,10.931,0.00,0.00
2015.11.16 03:44:02.015,10.92779,10.93082,0.00,0.00
2015.11.16 03:44:02.478,10.92779,10.93061,0.00,0.00
2015.11.16 03:44:04.379,10.92779,10.93071,0.00,0.00
2015.11.16 03:44:06.410,10.92779,10.9309,0.00,0.00
2015.11.16 03:44:06.713,10.92779,10.93101,0.00,0.00
2015.11.16 03:44:06.831,10.92779,10.93082,0.00,0.00
2015.11.16 03:44:13.034,10.92779,10.93111,0.00,0.00
2015.11.16 03:44:13.600,10.92779,10.9311,0.00,0.00
2015.11.16 03:44:13.701,10.92779,10.93101,0.00,0.00
2015.11.16 03:44:13.790,10.92779,10.93111,0.00,0.00
2015.11.16 03:44:14.302,10.92779,10.9311,0.00,0.00
2015.11.16 03:44:14.937,10.92779,10.93111,0.00,0.00
2015.11.16 03:44:16.662,10.92779,10.9311,0.00,0.00
2015.11.16 03:44:18.723,10.92779,10.93111,0.00,0.00
2015.11.16 03:44:20.142,10.92779,10.93101,0.00,0.00
2015.11.16 03:44:20.573,10.92779,10.93062,0.00,0.00
2015.11.16 03:44:22.434,10.92839,10.93062,0.00,0.00
2015.11.16 03:44:22.636,10.92879,10.9317,0.00,0.00
2015.11.16 03:44:22.855,10.92879,10.93161,0.00,0.00
2015.11.16 03:44:27.556,10.92879,10.93162,0.00,0.00
2015.11.16 03:44:31.558,10.92879,10.93161,0.00,0.00
2015.11.16 03:44:33.163,10.92879,10.93171,0.00,0.00
2015.11.16 03:44:33.499,10.92879,10.9318,0.00,0.00
2015.11.16 03:44:33.565,10.92879,10.93171,0.00,0.00
2015.11.16 03:44:35.352,10.92879,10.93152,0.00,0.00
2015.11.16 03:44:38.338,10.92879,10.93181,0.00,0.00
2015.11.16 03:44:38.767,10.92879,10.93172,0.00,0.00
2015.11.16 03:44:39.098,10.92879,10.93162,0.00,0.00
2015.11.16 03:44:39.149,10.92879,10.93172,0.00,0.00
2015.11.16 03:44:41.399,10.92879,10.93171,0.00,0.00
2015.11.16 03:44:41.851,10.92879,10.93181,0.00,0.00
2015.11.16 03:44:42.604,10.92879,10.9318,0.00,0.00
2015.11.16 03:44:43.109,10.92879,10.9315,0.00,0.00
2015.11.16 03:44:43.471,10.92879,10.93141,0.00,0.00
2015.11.16 03:44:45.820,10.92879,10.93151,0.00,0.00
2015.11.16 03:44:47.070,10.92879,10.9315,0.00,0.00
2015.11.16 03:44:48.237,10.92879,10.93151,0.00,0.00
2015.11.16 03:44:50.091,10.92879,10.9316,0.00,0.00
2015.11.16 03:44:50.143,10.92879,10.93171,0.00,0.00
2015.11.16 03:44:50.650,10.92879,10.9317,0.00,0.00
2015.11.16 03:44:51.047,10.92879,10.93172,0.00,0.00
2015.11.16 03:44:51.148,10.92879,10.93181,0.00,0.00
2015.11.16 03:44:51.280,10.92879,10.93171,0.00,0.00
2015.11.16 03:44:51.799,10.92879,10.9318,0.00,0.00
2015.11.16 03:44:52.090,10.92879,10.93172,0.00,0.00
2015.11.16 03:44:52.595,10.92879,10.93161,0.00,0.00
2015.11.16 03:44:52.696,10.92879,10.93172,0.00,0.00
2015.11.16 03:44:52.856,10.92879,10.93181,0.00,0.00
2015.11.16 03:44:53.057,10.92879,10.93172,0.00,0.00
2015.11.16 03:44:53.406,10.92879,10.93181,0.00,0.00
2015.11.16 03:44:53.533,10.92879,10.93171,0.00,0.00
2015.11.16 03:44:53.583,10.92879,10.93181,0.00,0.00
2015.11.16 03:44:55.403,10.92879,10.9319,0.00,0.00
2015.11.16 03:44:55.934,10.92879,10.93191,0.00,0.00
2015.11.16 03:44:59.285,10.92879,10.9317,0.00,0.00
2015.11.16 03:44:59.336,10.92822,10.93152,0.00,0.00
2015.11.16 03:44:59.890,10.92822,10.93151,0.00,0.00
2015.11.16 03:45:01.673,10.92822,10.93152,0.00,0.00
2015.11.16 03:45:01.723,10.92829,10.93152,0.00,0.00
2015.11.16 03:45:02.917,10.9283,10.93152,0.00,0.00
2015.11.16 03:45:03.448,10.92829,10.93152,0.00,0.00
2015.11.16 03:45:04.327,10.9283,10.93152,0.00,0.00
2015.11.16 03:45:04.863,10.92829,10.93152,0.00,0.00
2015.11.16 03:45:05.436,10.9283,10.93152,0.00,0.00
2015.11.16 03:45:05.730,10.92822,10.93152,0.00,0.00
2015.11.16 03:45:06.019,10.9283,10.93152,0.00,0.00
2015.11.16 03:45:06.430,10.92822,10.93152,0.00,0.00
2015.11.16 03:45:06.821,10.92829,10.93152,0.00,0.00
2015.11.16 03:45:06.922,10.92822,10.93152,0.00,0.00
2015.11.16 03:45:07.014,10.92828,10.93152,0.00,0.00
2015.11.16 03:45:07.115,10.92822,10.93152,0.00,0.00
2015.11.16 03:45:08.339,10.92909,10.93192,0.00,0.00
2015.11.16 03:45:08.390,10.92931,10.93241,0.00,0.00
2015.11.16 03:45:08.491,10.92931,10.93251,0.00,0.00
2015.11.16 03:45:18.764,10.92912,10.93251,0.00,0.00
2015.11.16 03:45:21.725,10.92912,10.93231,0.00,0.00
2015.11.16 03:45:21.844,10.92912,10.93251,0.00,0.00
2015.11.16 03:45:28.519,10.92939,10.93251,0.00,0.00
2015.11.16 03:45:29.103,10.9295,10.93251,0.00,0.00
2015.11.16 03:45:29.642,10.92949,10.93251,0.00,0.00
2015.11.16 03:45:30.610,10.9295,10.93251,0.00,0.00
2015.11.16 03:45:31.925,10.92949,10.93251,0.00,0.00
2015.11.16 03:45:32.564,10.9295,10.93251,0.00,0.00
2015.11.16 03:45:33.820,10.92939,10.93251,0.00,0.00
2015.11.16 03:45:34.644,10.92929,10.93251,0.00,0.00
2015.11.16 03:45:34.750,10.92939,10.93251,0.00,0.00
2015.11.16 03:45:35.233,10.92929,10.93251,0.00,0.00
2015.11.16 03:45:36.328,10.9293,10.93251,0.00,0.00
2015.11.16 03:45:42.054,10.92929,10.93251,0.00,0.00
2015.11.16 03:45:43.969,10.9293,10.93251,0.00,0.00
2015.11.16 03:45:44.984,10.92921,10.93251,0.00,0.00
2015.11.16 03:45:58.651,10.92939,10.93251,0.00,0.00
2015.11.16 03:45:59.023,10.92949,10.93251,0.00,0.00
2015.11.16 03:46:00.458,10.92939,10.93251,0.00,0.00
2015.11.16 03:46:03.204,10.92932,10.93251,0.00,0.00
2015.11.16 03:46:06.618,10.92939,10.93251,0.00,0.00
2015.11.16 03:46:07.840,10.9294,10.93251,0.00,0.00
2015.11.16 03:46:08.482,10.9294,10.9327,0.00,0.00
2015.11.16 03:46:08.997,10.92939,10.93271,0.00,0.00
2015.11.16 03:46:09.871,10.92939,10.93262,0.00,0.00
2015.11.16 03:46:09.922,10.92932,10.93262,0.00,0.00
2015.11.16 03:46:09.973,10.92932,10.93271,0.00,0.00
2015.11.16 03:46:10.903,10.92932,10.9327,0.00,0.00
2015.11.16 03:46:11.119,10.92932,10.93251,0.00,0.00
2015.11.16 03:46:11.174,10.92932,10.9327,0.00,0.00
2015.11.16 03:46:12.810,10.92932,10.93271,0.00,0.00
2015.11.16 03:46:15.078,10.92932,10.93261,0.00,0.00
2015.11.16 03:46:19.484,10.92932,10.93271,0.00,0.00
2015.11.16 03:46:19.535,10.93029,10.93281,0.00,0.00
2015.11.16 03:46:19.786,10.93121,10.93419,0.00,0.00
2015.11.16 03:46:19.837,10.93119,10.93419,0.00,0.00
2015.11.16 03:46:19.988,10.93119,10.93461,0.00,0.00
2015.11.16 03:46:20.327,10.93119,10.93451,0.00,0.00
2015.11.16 03:46:20.712,10.93122,10.93451,0.00,0.00
2015.11.16 03:46:21.287,10.93122,10.93461,0.00,0.00
2015.11.16 03:46:28.069,10.93121,10.93461,0.00,0.00
2015.11.16 03:46:28.120,10.9314,10.93461,0.00,0.00
2015.11.16 03:46:28.883,10.93139,10.93461,0.00,0.00
2015.11.16 03:46:30.081,10.9313,10.9344,0.00,0.00
2015.11.16 03:46:30.203,10.93121,10.93461,0.00,0.00
2015.11.16 03:46:37.907,10.93129,10.93461,0.00,0.00
2015.11.16 03:46:38.015,10.93121,10.93461,0.00,0.00
2015.11.16 03:46:43.368,10.93122,10.93461,0.00,0.00
2015.11.16 03:46:45.697,10.93122,10.93362,0.00,0.00
2015.11.16 03:46:45.798,10.9305,10.93362,0.00,0.00
2015.11.16 03:46:46.352,10.93049,10.93362,0.00,0.00
2015.11.16 03:46:47.012,10.9305,10.93362,0.00,0.00
2015.11.16 03:46:47.635,10.93049,10.93362,0.00,0.00
2015.11.16 03:46:48.383,10.9305,10.93362,0.00,0.00
2015.11.16 03:46:48.838,10.9306,10.93362,0.00,0.00
2015.11.16 03:46:49.184,10.93029,10.93321,0.00,0.00
2015.11.16 03:46:49.285,10.93021,10.93321,0.00,0.00
2015.11.16 03:46:52.148,10.93029,10.93321,0.00,0.00
2015.11.16 03:46:53.889,10.9303,10.93362,0.00,0.00
2015.11.16 03:46:53.990,10.93021,10.93362,0.00,0.00
2015.11.16 03:46:54.290,10.9303,10.93362,0.00,0.00
2015.11.16 03:46:54.556,10.93021,10.93362,0.00,0.00
2015.11.16 03:46:56.767,10.9303,10.93362,0.00,0.00
2015.11.16 03:46:57.243,10.9304,10.93362,0.00,0.00
2015.11.16 03:46:57.294,10.93029,10.93362,0.00,0.00
2015.11.16 03:46:58.615,10.9304,10.93362,0.00,0.00
2015.11.16 03:46:59.276,10.93021,10.93261,0.00,0.00
2015.11.16 03:46:59.427,10.92938,10.93261,0.00,0.00
2015.11.16 03:46:59.478,10.92931,10.93261,0.00,0.00
2015.11.16 03:47:02.902,10.92999,10.93312,0.00,0.00
2015.11.16 03:47:03.003,10.93018,10.93341,0.00,0.00
2015.11.16 03:47:03.080,10.93018,10.93362,0.00,0.00
2015.11.16 03:47:04.889,10.93011,10.93311,0.00,0.00
2015.11.16 03:47:04.939,10.93001,10.93311,0.00,0.00
2015.11.16 03:47:05.040,10.92982,10.93311,0.00,0.00
2015.11.16 03:47:05.161,10.92969,10.93311,0.00,0.00
2015.11.16 03:47:05.722,10.92969,10.93301,0.00,0.00
2015.11.16 03:47:06.088,10.92931,10.93261,0.00,0.00
2015.11.16 03:47:07.859,10.92968,10.93291,0.00,0.00
2015.11.16 03:47:07.910,10.92972,10.93312,0.00,0.00
2015.11.16 03:47:08.062,10.92972,10.93261,0.00,0.00
2015.11.16 03:47:08.264,10.92939,10.93261,0.00,0.00
2015.11.16 03:47:09.414,10.9295,10.93261,0.00,0.00
2015.11.16 03:47:09.614,10.9294,10.93261,0.00,0.00
2015.11.16 03:47:10.052,10.9295,10.93261,0.00,0.00
2015.11.16 03:47:11.681,10.92959,10.93261,0.00,0.00
2015.11.16 03:47:11.732,10.92968,10.93312,0.00,0.00
2015.11.16 03:47:12.017,10.9303,10.93311,0.00,0.00
2015.11.16 03:47:12.068,10.9303,10.93321,0.00,0.00
2015.11.16 03:47:12.169,10.9303,10.93362,0.00,0.00
2015.11.16 03:47:13.143,10.9304,10.93362,0.00,0.00
2015.11.16 03:47:13.801,10.93039,10.93362,0.00,0.00
2015.11.16 03:47:14.152,10.93009,10.93262,0.00,0.00
2015.11.16 03:47:14.202,10.92959,10.93262,0.00,0.00
2015.11.16 03:47:14.253,10.92949,10.93262,0.00,0.00
2015.11.16 03:47:15.743,10.9294,10.93262,0.00,0.00
2015.11.16 03:47:15.844,10.92931,10.93262,0.00,0.00
2015.11.16 03:47:17.132,10.92939,10.93262,0.00,0.00
2015.11.16 03:47:23.774,10.92929,10.93262,0.00,0.00
2015.11.16 03:47:24.251,10.9294,10.93262,0.00,0.00
2015.11.16 03:47:26.592,10.92939,10.93262,0.00,0.00
2015.11.16 03:47:27.159,10.92929,10.93262,0.00,0.00
2015.11.16 03:47:28.640,10.92958,10.93262,0.00,0.00
2015.11.16 03:47:28.691,10.92972,10.93312,0.00,0.00
2015.11.16 03:47:31.653,10.92972,10.93261,0.00,0.00
2015.11.16 03:47:31.805,10.9294,10.93261,0.00,0.00
2015.11.16 03:47:32.476,10.92919,10.93261,0.00,0.00
2015.11.16 03:47:32.978,10.9292,10.93261,0.00,0.00
2015.11.16 03:47:33.579,10.92929,10.93261,0.00,0.00
2015.11.16 03:47:33.992,10.92938,10.93261,0.00,0.00
2015.11.16 03:47:34.140,10.92968,10.93301,0.00,0.00
2015.11.16 03:47:34.191,10.92971,10.93312,0.00,0.00
2015.11.16 03:47:34.907,10.92972,10.93312,0.00,0.00
2015.11.16 03:47:36.338,10.93009,10.93312,0.00,0.00
2015.11.16 03:47:36.424,10.93022,10.93362,0.00,0.00
2015.11.16 03:47:36.896,10.93022,10.93262,0.00,0.00
2015.11.16 03:47:36.947,10.92999,10.93262,0.00,0.00
2015.11.16 03:47:37.047,10.92949,10.93262,0.00,0.00
2015.11.16 03:47:37.498,10.92939,10.93262,0.00,0.00
2015.11.16 03:47:38.801,10.9293,10.93262,0.00,0.00
2015.11.16 03:47:39.506,10.92939,10.93262,0.00,0.00
2015.11.16 03:47:39.556,10.92969,10.933,0.00,0.00
2015.11.16 03:47:39.607,10.92971,10.93311,0.00,0.00
2015.11.16 03:47:43.284,10.92971,10.93261,0.00,0.00
2015.11.16 03:47:43.335,10.92941,10.93261,0.00,0.00
2015.11.16 03:47:43.410,10.92919,10.93261,0.00,0.00
2015.11.16 03:47:43.460,10.92939,10.93261,0.00,0.00
2015.11.16 03:47:45.265,10.9294,10.93261,0.00,0.00
2015.11.16 03:47:45.874,10.92939,10.93261,0.00,0.00
2015.11.16 03:47:46.460,10.92969,10.93301,0.00,0.00
2015.11.16 03:47:46.517,10.92969,10.93281,0.00,0.00
2015.11.16 03:47:46.618,10.92971,10.93311,0.00,0.00
2015.11.16 03:47:49.469,10.92939,10.93261,0.00,0.00
2015.11.16 03:47:49.570,10.9293,10.93261,0.00,0.00
2015.11.16 03:47:51.453,10.92929,10.93261,0.00,0.00
2015.11.16 03:47:53.897,10.9294,10.93261,0.00,0.00
2015.11.16 03:47:54.889,10.9292,10.93261,0.00,0.00
2015.11.16 03:47:55.448,10.92919,10.93261,0.00,0.00
2015.11.16 03:47:56.422,10.9292,10.93261,0.00,0.00
2015.11.16 03:47:57.077,10.9294,10.93261,0.00,0.00
2015.11.16 03:47:57.178,10.92972,10.93312,0.00,0.00
2015.11.16 03:48:06.655,10.92972,10.93311,0.00,0.00
2015.11.16 03:48:07.180,10.92972,10.93312,0.00,0.00
2015.11.16 03:48:07.250,10.92972,10.93261,0.00,0.00
2015.11.16 03:48:07.300,10.92939,10.93261,0.00,0.00
2015.11.16 03:48:07.351,10.92919,10.93261,0.00,0.00
2015.11.16 03:48:08.919,10.9292,10.93261,0.00,0.00
2015.11.16 03:48:09.672,10.92919,10.93261,0.00,0.00
2015.11.16 03:48:10.341,10.92929,10.93261,0.00,0.00
2015.11.16 03:48:10.846,10.92939,10.93261,0.00,0.00
2015.11.16 03:48:12.241,10.9294,10.93261,0.00,0.00
2015.11.16 03:48:13.030,10.92939,10.93261,0.00,0.00
2015.11.16 03:48:14.069,10.92969,10.93301,0.00,0.00
2015.11.16 03:48:14.120,10.92971,10.93301,0.00,0.00
2015.11.16 03:48:14.171,10.92971,10.93311,0.00,0.00
2015.11.16 03:48:18.052,10.92971,10.93262,0.00,0.00
2015.11.16 03:48:18.103,10.9293,10.93262,0.00,0.00
2015.11.16 03:48:18.636,10.92929,10.93262,0.00,0.00
2015.11.16 03:48:19.856,10.9293,10.93262,0.00,0.00
2015.11.16 03:48:20.257,10.9294,10.93262,0.00,0.00
2015.11.16 03:48:20.821,10.92939,10.93262,0.00,0.00
2015.11.16 03:48:21.250,10.92969,10.93301,0.00,0.00
2015.11.16 03:48:21.301,10.92971,10.93311,0.00,0.00
2015.11.16 03:48:23.859,10.93018,10.93332,0.00,0.00
2015.11.16 03:48:24.010,10.93019,10.93351,0.00,0.00
2015.11.16 03:48:24.070,10.93019,10.93362,0.00,0.00
2015.11.16 03:48:24.522,10.9302,10.93262,0.00,0.00
2015.11.16 03:48:24.623,10.93011,10.93262,0.00,0.00
2015.11.16 03:48:24.723,10.9295,10.93262,0.00,0.00
2015.11.16 03:48:24.776,10.9294,10.93262,0.00,0.00
2015.11.16 03:48:25.078,10.9293,10.93262,0.00,0.00
2015.11.16 03:48:25.830,10.92929,10.93262,0.00,0.00
2015.11.16 03:48:26.422,10.9293,10.93262,0.00,0.00
2015.11.16 03:48:26.525,10.92939,10.93262,0.00,0.00
2015.11.16 03:48:27.379,10.92968,10.93282,0.00,0.00
2015.11.16 03:48:27.480,10.92968,10.93312,0.00,0.00
2015.11.16 03:48:27.530,10.92971,10.93312,0.00,0.00
2015.11.16 03:48:29.359,10.93019,10.93332,0.00,0.00
2015.11.16 03:48:29.610,10.9303,10.93361,0.00,0.00
2015.11.16 03:48:29.828,10.93028,10.93351,0.00,0.00
2015.11.16 03:48:29.879,10.93019,10.93351,0.00,0.00
2015.11.16 03:48:29.929,10.93019,10.93361,0.00,0.00
2015.11.16 03:48:29.980,10.93019,10.93342,0.00,0.00
2015.11.16 03:48:30.521,10.93019,10.93341,0.00,0.00
2015.11.16 03:48:31.099,10.93019,10.93352,0.00,0.00
2015.11.16 03:48:31.180,10.93019,10.93342,0.00,0.00
2015.11.16 03:48:32.519,10.93019,10.93331,0.00,0.00
2015.11.16 03:48:32.679,10.92972,10.93312,0.00,0.00
2015.11.16 03:48:36.387,10.92972,10.93311,0.00,0.00
2015.11.16 03:48:37.122,10.92971,10.93311,0.00,0.00
2015.11.16 03:48:39.203,10.92971,10.93312,0.00,0.00
2015.11.16 03:48:41.675,10.92971,10.933,0.00,0.00
2015.11.16 03:48:41.726,10.9292,10.93262,0.00,0.00
2015.11.16 03:48:42.633,10.92919,10.93262,0.00,0.00
2015.11.16 03:48:43.128,10.92968,10.93271,0.00,0.00
2015.11.16 03:48:43.229,10.92971,10.93291,0.00,0.00
2015.11.16 03:48:43.330,10.92971,10.93312,0.00,0.00
2015.11.16 03:48:46.696,10.92972,10.93312,0.00,0.00
2015.11.16 03:48:48.060,10.92972,10.93262,0.00,0.00
2015.11.16 03:48:48.111,10.92922,10.93262,0.00,0.00
2015.11.16 03:48:48.746,10.92922,10.93261,0.00,0.00
2015.11.16 03:48:49.359,10.92922,10.93262,0.00,0.00
2015.11.16 03:48:49.527,10.92918,10.93262,0.00,0.00
2015.11.16 03:48:49.577,10.9292,10.93262,0.00,0.00
2015.11.16 03:48:50.207,10.92919,10.93262,0.00,0.00
2015.11.16 03:48:50.879,10.9292,10.93262,0.00,0.00
2015.11.16 03:48:51.579,10.92979,10.93262,0.00,0.00
2015.11.16 03:48:51.629,10.92979,10.93301,0.00,0.00
2015.11.16 03:48:51.680,10.92972,10.93301,0.00,0.00
2015.11.16 03:48:51.820,10.92972,10.93312,0.00,0.00
2015.11.16 03:48:53.281,10.92982,10.93312,0.00,0.00
2015.11.16 03:48:58.369,10.92981,10.93312,0.00,0.00
2015.11.16 03:49:04.182,10.92968,10.93312,0.00,0.00
2015.11.16 03:49:04.834,10.9297,10.93312,0.00,0.00
2015.11.16 03:49:05.532,10.92969,10.93312,0.00,0.00
2015.11.16 03:49:06.739,10.9297,10.93312,0.00,0.00
2015.11.16 03:49:08.885,10.92969,10.93312,0.00,0.00
2015.11.16 03:49:09.962,10.9297,10.93312,0.00,0.00
2015.11.16 03:49:10.550,10.92969,10.93312,0.00,0.00
2015.11.16 03:49:11.553,10.9297,10.93312,0.00,0.00
2015.11.16 03:49:12.136,10.92969,10.93312,0.00,0.00
2015.11.16 03:49:12.796,10.9297,10.93312,0.00,0.00
2015.11.16 03:49:14.362,10.92969,10.93312,0.00,0.00
2015.11.16 03:49:16.269,10.9297,10.93312,0.00,0.00
2015.11.16 03:49:16.859,10.92981,10.93312,0.00,0.00
2015.11.16 03:49:17.010,10.93069,10.93401,0.00,0.00
2015.11.16 03:49:17.074,10.93069,10.93411,0.00,0.00
2015.11.16 03:49:17.125,10.93069,10.93391,0.00,0.00
2015.11.16 03:49:17.176,10.93071,10.93411,0.00,0.00
2015.11.16 03:49:17.227,10.93071,10.93361,0.00,0.00
2015.11.16 03:49:17.356,10.93028,10.93361,0.00,0.00
2015.11.16 03:49:17.407,10.93021,10.93361,0.00,0.00
2015.11.16 03:49:17.457,10.93069,10.93382,0.00,0.00
2015.11.16 03:49:17.508,10.93071,10.93402,0.00,0.00
2015.11.16 03:49:17.576,10.93071,10.93411,0.00,0.00
2015.11.16 03:49:17.677,10.93071,10.93361,0.00,0.00
2015.11.16 03:49:17.728,10.93022,10.93361,0.00,0.00
2015.11.16 03:49:17.779,10.93068,10.93381,0.00,0.00
2015.11.16 03:49:18.081,10.93072,10.93361,0.00,0.00
2015.11.16 03:49:18.196,10.93039,10.93361,0.00,0.00
2015.11.16 03:49:18.247,10.93071,10.93402,0.00,0.00
2015.11.16 03:49:18.298,10.93071,10.93371,0.00,0.00
2015.11.16 03:49:18.378,10.93071,10.93412,0.00,0.00
2015.11.16 03:49:18.428,10.93071,10.93362,0.00,0.00
2015.11.16 03:49:18.479,10.93021,10.93362,0.00,0.00
2015.11.16 03:49:18.530,10.93068,10.93401,0.00,0.00
2015.11.16 03:49:18.832,10.93031,10.93352,0.00,0.00
2015.11.16 03:49:18.883,10.93031,10.93361,0.00,0.00
2015.11.16 03:49:21.608,10.93068,10.93382,0.00,0.00
2015.11.16 03:49:21.709,10.93068,10.93398,0.00,0.00
2015.11.16 03:49:21.845,10.9304,10.93362,0.00,0.00
2015.11.16 03:49:22.598,10.93031,10.93312,0.00,0.00
2015.11.16 03:49:22.648,10.92988,10.93312,0.00,0.00
2015.11.16 03:49:22.750,10.92972,10.93312,0.00,0.00
2015.11.16 03:49:26.931,10.93031,10.93342,0.00,0.00
2015.11.16 03:49:27.032,10.93031,10.93351,0.00,0.00
2015.11.16 03:49:27.133,10.93032,10.93361,0.00,0.00
2015.11.16 03:49:27.916,10.93021,10.93361,0.00,0.00
2015.11.16 03:49:35.522,10.93031,10.93361,0.00,0.00
2015.11.16 03:49:36.557,10.93031,10.93352,0.00,0.00
2015.11.16 03:49:36.658,10.93031,10.93361,0.00,0.00
2015.11.16 03:49:46.634,10.93019,10.93348,0.00,0.00
2015.11.16 03:49:47.010,10.93019,10.93342,0.00,0.00
2015.11.16 03:49:49.051,10.93019,10.93348,0.00,0.00
2015.11.16 03:49:51.373,10.93031,10.93348,0.00,0.00
2015.11.16 03:49:54.772,10.93029,10.93348,0.00,0.00
2015.11.16 03:49:54.924,10.93038,10.93348,0.00,0.00
2015.11.16 03:49:55.025,10.9304,10.93361,0.00,0.00
2015.11.16 03:49:55.565,10.93039,10.93361,0.00,0.00
2015.11.16 03:49:55.675,10.93022,10.93361,0.00,0.00
2015.11.16 03:49:55.776,10.93032,10.93361,0.00,0.00
2015.11.16 03:50:01.334,10.93032,10.93352,0.00,0.00
2015.11.16 03:50:01.841,10.93031,10.93361,0.00,0.00
2015.11.16 03:50:02.155,10.93031,10.93332,0.00,0.00
2015.11.16 03:50:02.343,10.92931,10.93241,0.00,0.00
2015.11.16 03:50:02.561,10.92931,10.93252,0.00,0.00
2015.11.16 03:50:02.678,10.92931,10.93242,0.00,0.00
2015.11.16 03:50:05.243,10.92931,10.93231,0.00,0.00
2015.11.16 03:50:05.550,10.92968,10.93312,0.00,0.00
2015.11.16 03:50:05.651,10.92982,10.93312,0.00,0.00
2015.11.16 03:50:08.569,10.92999,10.93312,0.00,0.00
2015.11.16 03:50:08.720,10.93019,10.93362,0.00,0.00
2015.11.16 03:50:08.771,10.93032,10.93362,0.00,0.00
2015.11.16 03:50:09.073,10.93049,10.93362,0.00,0.00
2015.11.16 03:50:09.275,10.9304,10.93362,0.00,0.00
2015.11.16 03:50:09.740,10.93029,10.93362,0.00,0.00
2015.11.16 03:50:09.845,10.93021,10.93362,0.00,0.00
2015.11.16 03:50:09.946,10.93031,10.93361,0.00,0.00
2015.11.16 03:50:10.600,10.93031,10.93362,0.00,0.00
2015.11.16 03:50:11.041,10.93031,10.93352,0.00,0.00
2015.11.16 03:50:11.097,10.93031,10.93362,0.00,0.00
2015.11.16 03:50:21.526,10.93031,10.93361,0.00,0.00
2015.11.16 03:50:22.630,10.93031,10.93362,0.00,0.00
2015.11.16 03:50:25.215,10.93031,10.93352,0.00,0.00
2015.11.16 03:50:25.341,10.93031,10.93362,0.00,0.00
2015.11.16 03:50:26.072,10.93031,10.93361,0.00,0.00
2015.11.16 03:50:45.211,10.93031,10.93362,0.00,0.00
2015.11.16 03:50:54.877,10.93021,10.93362,0.00,0.00
2015.11.16 03:50:54.928,10.93068,10.93401,0.00,0.00
2015.11.16 03:50:55.233,10.93072,10.93411,0.00,0.00
2015.11.16 03:50:55.772,10.93072,10.93361,0.00,0.00
2015.11.16 03:50:55.873,10.93029,10.93361,0.00,0.00
2015.11.16 03:50:56.292,10.93022,10.93361,0.00,0.00
2015.11.16 03:50:57.552,10.93068,10.93399,0.00,0.00
2015.11.16 03:50:57.653,10.93021,10.93362,0.00,0.00
2015.11.16 03:50:57.704,10.9304,10.93362,0.00,0.00
2015.11.16 03:50:58.129,10.93029,10.93362,0.00,0.00
2015.11.16 03:50:58.282,10.93021,10.93362,0.00,0.00
2015.11.16 03:50:58.786,10.93078,10.93392,0.00,0.00
2015.11.16 03:51:08.847,10.93078,10.93381,0.00,0.00
2015.11.16 03:51:14.399,10.93078,10.93399,0.00,0.00
2015.11.16 03:51:14.453,10.93078,10.93381,0.00,0.00
2015.11.16 03:51:25.319,10.93078,10.93392,0.00,0.00
2015.11.16 03:51:45.305,10.93078,10.93381,0.00,0.00
2015.11.16 03:51:46.937,10.93129,10.93381,0.00,0.00
2015.11.16 03:51:47.038,10.93129,10.93391,0.00,0.00
2015.11.16 03:51:47.139,10.93129,10.9341,0.00,0.00
2015.11.16 03:51:47.242,10.93078,10.93411,0.00,0.00
2015.11.16 03:51:47.343,10.93078,10.93392,0.00,0.00
2015.11.16 03:51:47.535,10.93078,10.93401,0.00,0.00
2015.11.16 03:51:47.608,10.93078,10.93372,0.00,0.00
2015.11.16 03:51:50.821,10.93078,10.93382,0.00,0.00
2015.11.16 03:51:51.217,10.93078,10.93362,0.00,0.00
2015.11.16 03:51:51.578,10.93078,10.93352,0.00,0.00
2015.11.16 03:51:52.536,10.93078,10.93342,0.00,0.00
2015.11.16 03:51:53.667,10.93078,10.93381,0.00,0.00
2015.11.16 03:51:53.768,10.93078,10.93361,0.00,0.00
2015.11.16 03:51:55.446,10.93078,10.93372,0.00,0.00
2015.11.16 03:51:55.774,10.93078,10.93351,0.00,0.00
2015.11.16 03:51:58.484,10.93078,10.93362,0.00,0.00
2015.11.16 03:52:01.200,10.93078,10.93381,0.00,0.00
2015.11.16 03:52:03.918,10.93078,10.93372,0.00,0.00
2015.11.16 03:52:04.272,10.93078,10.93392,0.00,0.00
2015.11.16 03:52:04.372,10.93078,10.93372,0.00,0.00
2015.11.16 03:52:05.556,10.93031,10.93372,0.00,0.00
2015.11.16 03:52:05.607,10.93028,10.93351,0.00,0.00
2015.11.16 03:52:05.965,10.93028,10.93341,0.00,0.00
2015.11.16 03:52:06.517,10.93028,10.93332,0.00,0.00
2015.11.16 03:52:07.820,10.93028,10.93351,0.00,0.00
2015.11.16 03:52:07.921,10.93028,10.93331,0.00,0.00
2015.11.16 03:52:09.375,10.93028,10.9331,0.00,0.00
2015.11.16 03:52:09.426,10.92992,10.9331,0.00,0.00
2015.11.16 03:52:09.527,10.92979,10.93292,0.00,0.00
2015.11.16 03:52:09.925,10.92979,10.93311,0.00,0.00
2015.11.16 03:52:10.120,10.92979,10.93291,0.00,0.00
2015.11.16 03:52:12.129,10.92979,10.93281,0.00,0.00
2015.11.16 03:52:12.539,10.92979,10.93292,0.00,0.00
2015.11.16 03:52:13.136,10.92979,10.93281,0.00,0.00
2015.11.16 03:52:14.239,10.92979,10.9331,0.00,0.00
2015.11.16 03:52:14.340,10.92979,10.93291,0.00,0.00
2015.11.16 03:52:15.651,10.92979,10.9331,0.00,0.00
2015.11.16 03:52:15.752,10.92979,10.93292,0.00,0.00
2015.11.16 03:52:19.357,10.92979,10.93271,0.00,0.00
2015.11.16 03:52:19.707,10.93028,10.93311,0.00,0.00
2015.11.16 03:52:19.758,10.92978,10.93302,0.00,0.00
2015.11.16 03:52:19.859,10.92978,10.9331,0.00,0.00
2015.11.16 03:52:19.960,10.92978,10.93272,0.00,0.00
2015.11.16 03:52:20.061,10.92978,10.93292,0.00,0.00
2015.11.16 03:52:20.162,10.92978,10.9331,0.00,0.00
2015.11.16 03:52:20.667,10.92978,10.93311,0.00,0.00
2015.11.16 03:52:21.036,10.93028,10.93311,0.00,0.00
2015.11.16 03:52:21.137,10.93028,10.93331,0.00,0.00
2015.11.16 03:52:21.188,10.93028,10.93342,0.00,0.00
2015.11.16 03:52:22.340,10.93028,10.93332,0.00,0.00
2015.11.16 03:52:23.846,10.93028,10.93342,0.00,0.00
2015.11.16 03:52:25.248,10.93028,10.93351,0.00,0.00
2015.11.16 03:52:26.165,10.93028,10.93322,0.00,0.00
2015.11.16 03:52:28.624,10.93028,10.93331,0.00,0.00
2015.11.16 03:52:29.417,10.93028,10.93322,0.00,0.00
2015.11.16 03:52:29.518,10.93028,10.93332,0.00,0.00
2015.11.16 03:52:34.201,10.93028,10.93321,0.00,0.00
2015.11.16 03:52:34.574,10.93028,10.93291,0.00,0.00
2015.11.16 03:52:34.624,10.92979,10.93291,0.00,0.00
2015.11.16 03:52:34.675,10.92979,10.93261,0.00,0.00
2015.11.16 03:52:35.209,10.92979,10.93282,0.00,0.00
2015.11.16 03:52:36.076,10.92979,10.9331,0.00,0.00
2015.11.16 03:52:36.612,10.92979,10.93311,0.00,0.00
2015.11.16 03:52:38.368,10.92979,10.9331,0.00,0.00
2015.11.16 03:52:40.292,10.92979,10.93311,0.00,0.00
2015.11.16 03:52:40.926,10.92979,10.9331,0.00,0.00
2015.11.16 03:52:40.976,10.92979,10.93291,0.00,0.00
2015.11.16 03:52:41.034,10.92979,10.9331,0.00,0.00
2015.11.16 03:52:42.181,10.92979,10.93311,0.00,0.00
2015.11.16 03:52:42.690,10.92979,10.9331,0.00,0.00
2015.11.16 03:52:45.994,10.92979,10.93311,0.00,0.00
2015.11.16 03:52:46.467,10.92979,10.93282,0.00,0.00
2015.11.16 03:52:46.973,10.92979,10.93292,0.00,0.00
2015.11.16 03:52:51.218,10.92979,10.93311,0.00,0.00
2015.11.16 03:52:51.798,10.92979,10.9331,0.00,0.00
2015.11.16 03:52:52.520,10.92979,10.93282,0.00,0.00
2015.11.16 03:52:57.962,10.92979,10.93272,0.00,0.00
2015.11.16 03:52:58.062,10.92979,10.93311,0.00,0.00
2015.11.16 03:52:58.731,10.92979,10.9331,0.00,0.00
2015.11.16 03:52:59.283,10.92979,10.93311,0.00,0.00
2015.11.16 03:53:03.098,10.92979,10.9331,0.00,0.00
2015.11.16 03:53:05.054,10.92979,10.93311,0.00,0.00
2015.11.16 03:53:06.515,10.92979,10.9331,0.00,0.00
2015.11.16 03:53:06.566,10.92979,10.93271,0.00,0.00
2015.11.16 03:53:09.174,10.92979,10.93311,0.00,0.00
2015.11.16 03:53:11.447,10.92979,10.9331,0.00,0.00
2015.11.16 03:53:11.498,10.92979,10.93281,0.00,0.00
2015.11.16 03:53:11.599,10.92979,10.9331,0.00,0.00
2015.11.16 03:53:12.645,10.92979,10.93311,0.00,0.00
2015.11.16 03:53:20.256,10.92979,10.9331,0.00,0.00
2015.11.16 03:53:22.664,10.92979,10.93311,0.00,0.00
2015.11.16 03:53:22.937,10.92979,10.93272,0.00,0.00
2015.11.16 03:53:23.038,10.92979,10.9331,0.00,0.00
2015.11.16 03:53:25.975,10.92979,10.93311,0.00,0.00
2015.11.16 03:53:26.475,10.92979,10.93271,0.00,0.00
2015.11.16 03:53:27.566,10.92979,10.93291,0.00,0.00
2015.11.16 03:53:31.406,10.92979,10.93301,0.00,0.00
2015.11.16 03:53:31.507,10.92979,10.93292,0.00,0.00
2015.11.16 03:53:34.709,10.92931,10.93292,0.00,0.00
2015.11.16 03:53:38.914,10.92931,10.93271,0.00,0.00
2015.11.16 03:53:39.779,10.92931,10.93281,0.00,0.00
2015.11.16 03:53:43.293,10.92931,10.93302,0.00,0.00
2015.11.16 03:53:43.517,10.92931,10.93282,0.00,0.00
2015.11.16 03:53:47.222,10.92931,10.93311,0.00,0.00
2015.11.16 03:53:47.322,10.92931,10.93281,0.00,0.00
2015.11.16 03:53:49.037,10.92931,10.9331,0.00,0.00
2015.11.16 03:53:49.186,10.92939,10.93311,0.00,0.00
2015.11.16 03:53:49.965,10.9294,10.9331,0.00,0.00
2015.11.16 03:53:50.574,10.92939,10.93311,0.00,0.00
2015.11.16 03:53:51.884,10.92931,10.93311,0.00,0.00
2015.11.16 03:53:53.205,10.92931,10.9331,0.00,0.00
2015.11.16 03:53:53.357,10.92931,10.93272,0.00,0.00
2015.11.16 03:53:53.458,10.92931,10.93282,0.00,0.00
2015.11.16 03:53:53.558,10.92931,10.93301,0.00,0.00
2015.11.16 03:53:53.642,10.92931,10.93311,0.00,0.00
2015.11.16 03:53:54.181,10.92931,10.9331,0.00,0.00
2015.11.16 03:53:54.282,10.92931,10.93291,0.00,0.00
2015.11.16 03:53:54.870,10.92931,10.93281,0.00,0.00
2015.11.16 03:53:58.672,10.92931,10.93291,0.00,0.00
2015.11.16 03:53:58.973,10.92931,10.93311,0.00,0.00
2015.11.16 03:53:59.374,10.92938,10.93311,0.00,0.00
2015.11.16 03:53:59.475,10.92931,10.9331,0.00,0.00
2015.11.16 03:54:00.151,10.92931,10.93311,0.00,0.00
2015.11.16 03:54:01.604,10.92931,10.9331,0.00,0.00
2015.11.16 03:54:03.511,10.92931,10.93311,0.00,0.00
2015.11.16 03:54:04.012,10.92931,10.9331,0.00,0.00
2015.11.16 03:54:05.417,10.92931,10.93311,0.00,0.00
2015.11.16 03:54:06.484,10.92931,10.93272,0.00,0.00
2015.11.16 03:54:08.186,10.92931,10.93302,0.00,0.00
2015.11.16 03:54:08.287,10.92931,10.93282,0.00,0.00
2015.11.16 03:54:19.814,10.92931,10.93272,0.00,0.00
2015.11.16 03:54:19.916,10.92931,10.93311,0.00,0.00
2015.11.16 03:54:20.017,10.92931,10.93301,0.00,0.00
2015.11.16 03:54:20.318,10.92931,10.93282,0.00,0.00
2015.11.16 03:54:21.523,10.92931,10.93291,0.00,0.00
2015.11.16 03:54:21.630,10.92931,10.93311,0.00,0.00
2015.11.16 03:54:22.280,10.92931,10.9331,0.00,0.00
2015.11.16 03:54:22.934,10.92931,10.93311,0.00,0.00
2015.11.16 03:54:23.601,10.92931,10.9331,0.00,0.00
2015.11.16 03:54:24.379,10.92931,10.93311,0.00,0.00
2015.11.16 03:54:24.982,10.92931,10.9331,0.00,0.00
2015.11.16 03:54:26.292,10.92931,10.93311,0.00,0.00
2015.11.16 03:54:26.539,10.92931,10.93272,0.00,0.00
2015.11.16 03:54:26.889,10.92969,10.93272,0.00,0.00
2015.11.16 03:54:27.191,10.93029,10.93291,0.00,0.00
2015.11.16 03:54:27.242,10.92978,10.93252,0.00,0.00
2015.11.16 03:54:27.343,10.92978,10.93241,0.00,0.00
2015.11.16 03:54:27.494,10.92928,10.93231,0.00,0.00
2015.11.16 03:54:27.741,10.92928,10.93241,0.00,0.00
2015.11.16 03:54:32.303,10.9294,10.93241,0.00,0.00
2015.11.16 03:54:32.606,10.93079,10.93341,0.00,0.00
2015.11.16 03:54:32.656,10.93079,10.93362,0.00,0.00
2015.11.16 03:54:32.757,10.93079,10.93381,0.00,0.00
2015.11.16 03:54:32.858,10.93079,10.93352,0.00,0.00
2015.11.16 03:54:32.967,10.93029,10.93341,0.00,0.00
2015.11.16 03:54:33.017,10.93029,10.93332,0.00,0.00
2015.11.16 03:54:33.972,10.93078,10.93332,0.00,0.00
2015.11.16 03:54:34.022,10.93078,10.93352,0.00,0.00
2015.11.16 03:54:34.177,10.93078,10.93392,0.00,0.00
2015.11.16 03:54:34.860,10.93078,10.93362,0.00,0.00
2015.11.16 03:54:35.420,10.93078,10.93381,0.00,0.00
2015.11.16 03:54:35.536,10.93078,10.93352,0.00,0.00
2015.11.16 03:54:41.073,10.93078,10.93362,0.00,0.00
2015.11.16 03:54:41.175,10.93078,10.93382,0.00,0.00
2015.11.16 03:54:41.227,10.93078,10.93361,0.00,0.00
2015.11.16 03:54:41.328,10.93028,10.93352,0.00,0.00
2015.11.16 03:54:41.379,10.93028,10.93332,0.00,0.00
2015.11.16 03:54:41.755,10.93028,10.93322,0.00,0.00
2015.11.16 03:54:44.479,10.93028,10.93331,0.00,0.00
2015.11.16 03:54:45.973,10.93079,10.93351,0.00,0.00
2015.11.16 03:54:46.039,10.93079,10.93372,0.00,0.00
2015.11.16 03:54:46.340,10.93079,10.93361,0.00,0.00
2015.11.16 03:54:46.717,10.93079,10.93352,0.00,0.00
2015.11.16 03:54:47.241,10.93079,10.93342,0.00,0.00
2015.11.16 03:54:47.292,10.93028,10.9333,0.00,0.00
2015.11.16 03:54:47.342,10.93028,10.93321,0.00,0.00
2015.11.16 03:54:47.801,10.93028,10.93288,0.00,0.00
2015.11.16 03:54:50.589,10.92979,10.93201,0.00,0.00
2015.11.16 03:54:50.797,10.92929,10.93199,0.00,0.00
2015.11.16 03:54:51.056,10.92929,10.93222,0.00,0.00
2015.11.16 03:54:51.548,10.92929,10.93241,0.00,0.00
2015.11.16 03:54:52.154,10.92929,10.93221,0.00,0.00
2015.11.16 03:54:52.477,10.92929,10.93218,0.00,0.00
2015.11.16 03:54:52.793,10.92929,10.93198,0.00,0.00
2015.11.16 03:54:53.416,10.92978,10.93221,0.00,0.00
2015.11.16 03:54:53.466,10.92978,10.93239,0.00,0.00
2015.11.16 03:54:54.002,10.92978,10.93238,0.00,0.00
2015.11.16 03:55:05.876,10.92978,10.93231,0.00,0.00
2015.11.16 03:55:06.083,10.92879,10.93152,0.00,0.00
2015.11.16 03:55:06.134,10.92879,10.93091,0.00,0.00
2015.11.16 03:55:06.333,10.92879,10.93139,0.00,0.00
2015.11.16 03:55:10.706,10.92878,10.93139,0.00,0.00
2015.11.16 03:55:10.908,10.92878,10.93172,0.00,0.00
2015.11.16 03:55:11.009,10.92878,10.93178,0.00,0.00
2015.11.16 03:55:11.464,10.92878,10.93171,0.00,0.00
2015.11.16 03:55:11.800,10.92878,10.9316,0.00,0.00
2015.11.16 03:55:12.142,10.92878,10.93139,0.00,0.00
2015.11.16 03:55:20.580,10.92878,10.93088,0.00,0.00
2015.11.16 03:55:24.261,10.92978,10.93088,0.00,0.00
2015.11.16 03:55:24.362,10.92978,10.93161,0.00,0.00
2015.11.16 03:55:24.463,10.92978,10.93199,0.00,0.00
2015.11.16 03:55:38.004,10.92981,10.93199,0.00,0.00
2015.11.16 03:55:38.256,10.93078,10.93301,0.00,0.00
2015.11.16 03:55:41.474,10.93078,10.933,0.00,0.00
2015.11.16 03:55:42.024,10.93078,10.93301,0.00,0.00
2015.11.16 03:55:43.761,10.93078,10.933,0.00,0.00
2015.11.16 03:55:44.308,10.93078,10.93301,0.00,0.00
2015.11.16 03:55:50.816,10.93078,10.933,0.00,0.00
2015.11.16 03:55:53.387,10.93078,10.93301,0.00,0.00
2015.11.16 03:55:53.894,10.93078,10.933,0.00,0.00
2015.11.16 03:55:54.395,10.93078,10.93301,0.00,0.00
2015.11.16 03:55:55.341,10.93078,10.933,0.00,0.00
2015.11.16 03:55:55.898,10.93078,10.93301,0.00,0.00
2015.11.16 03:55:56.499,10.93078,10.933,0.00,0.00
2015.11.16 03:55:57.036,10.93078,10.93301,0.00,0.00
2015.11.16 03:56:00.614,10.93078,10.933,0.00,0.00
2015.11.16 03:56:02.423,10.93078,10.93301,0.00,0.00
2015.11.16 03:56:03.227,10.93078,10.933,0.00,0.00
2015.11.16 03:56:04.531,10.93078,10.93301,0.00,0.00
2015.11.16 03:56:09.493,10.93078,10.933,0.00,0.00
2015.11.16 03:56:13.961,10.93078,10.93301,0.00,0.00
2015.11.16 03:56:15.292,10.93078,10.933,0.00,0.00
2015.11.16 03:56:15.798,10.93078,10.93301,0.00,0.00
2015.11.16 03:56:17.371,10.93078,10.933,0.00,0.00
2015.11.16 03:56:19.578,10.93078,10.93301,0.00,0.00
2015.11.16 03:56:21.184,10.93078,10.933,0.00,0.00
2015.11.16 03:56:21.824,10.93078,10.93301,0.00,0.00
2015.11.16 03:56:25.599,10.93078,10.933,0.00,0.00
2015.11.16 03:56:27.712,10.93078,10.93301,0.00,0.00
2015.11.16 03:56:28.814,10.93078,10.933,0.00,0.00
2015.11.16 03:56:29.397,10.93078,10.93301,0.00,0.00
2015.11.16 03:56:30.526,10.93078,10.933,0.00,0.00
2015.11.16 03:56:30.627,10.93028,10.93299,0.00,0.00
2015.11.16 03:56:38.832,10.93078,10.93299,0.00,0.00
2015.11.16 03:56:39.084,10.93078,10.93301,0.00,0.00
2015.11.16 03:56:40.752,10.93078,10.933,0.00,0.00
2015.11.16 03:56:43.664,10.93078,10.93301,0.00,0.00
2015.11.16 03:56:44.568,10.93078,10.933,0.00,0.00
2015.11.16 03:56:45.261,10.93078,10.93301,0.00,0.00
2015.11.16 03:56:48.386,10.93078,10.933,0.00,0.00
2015.11.16 03:56:50.191,10.93078,10.93301,0.00,0.00
2015.11.16 03:56:52.196,10.93078,10.933,0.00,0.00
2015.11.16 03:56:52.790,10.93078,10.93301,0.00,0.00
2015.11.16 03:56:53.519,10.93078,10.933,0.00,0.00
2015.11.16 03:56:54.178,10.93078,10.93301,0.00,0.00
2015.11.16 03:56:54.562,10.93081,10.93301,0.00,0.00
2015.11.16 03:56:54.613,10.93081,10.93342,0.00,0.00
2015.11.16 03:56:54.664,10.93178,10.93342,0.00,0.00
2015.11.16 03:56:54.714,10.93178,10.93362,0.00,0.00
2015.11.16 03:56:54.765,10.93178,10.9341,0.00,0.00
2015.11.16 03:56:55.105,10.93178,10.93402,0.00,0.00
2015.11.16 03:56:55.365,10.93178,10.9341,0.00,0.00
2015.11.16 03:56:55.608,10.93178,10.93432,0.00,0.00
2015.11.16 03:56:55.666,10.93178,10.93422,0.00,0.00
2015.11.16 03:56:56.196,10.93178,10.9341,0.00,0.00
2015.11.16 03:56:58.070,10.93178,10.93391,0.00,0.00
2015.11.16 03:56:58.182,10.93178,10.9341,0.00,0.00
2015.11.16 03:56:58.727,10.93178,10.93411,0.00,0.00
2015.11.16 03:56:59.333,10.93178,10.9341,0.00,0.00
2015.11.16 03:56:59.384,10.93178,10.93392,0.00,0.00
2015.11.16 03:56:59.503,10.93178,10.9341,0.00,0.00
2015.11.16 03:57:01.042,10.93178,10.93411,0.00,0.00
2015.11.16 03:57:04.074,10.93178,10.9339,0.00,0.00
2015.11.16 03:57:04.580,10.93178,10.93391,0.00,0.00
2015.11.16 03:57:04.653,10.93178,10.9341,0.00,0.00
2015.11.16 03:57:05.420,10.93178,10.93411,0.00,0.00
2015.11.16 03:57:06.362,10.93178,10.9341,0.00,0.00
2015.11.16 03:57:06.614,10.93178,10.93401,0.00,0.00
2015.11.16 03:57:08.326,10.93178,10.9341,0.00,0.00
2015.11.16 03:57:08.878,10.93178,10.93411,0.00,0.00
2015.11.16 03:57:13.791,10.93178,10.9341,0.00,0.00
2015.11.16 03:57:14.533,10.93178,10.93411,0.00,0.00
2015.11.16 03:57:17.508,10.93178,10.9341,0.00,0.00
2015.11.16 03:57:18.323,10.93178,10.93411,0.00,0.00
2015.11.16 03:57:18.930,10.93178,10.93402,0.00,0.00
2015.11.16 03:57:19.333,10.93178,10.93392,0.00,0.00
2015.11.16 03:57:19.399,10.93178,10.93402,0.00,0.00
2015.11.16 03:57:19.500,10.93178,10.93391,0.00,0.00
2015.11.16 03:57:20.100,10.93178,10.93401,0.00,0.00
2015.11.16 03:57:20.400,10.93178,10.93411,0.00,0.00
2015.11.16 03:57:20.501,10.93178,10.93391,0.00,0.00
2015.11.16 03:57:22.203,10.93178,10.9341,0.00,0.00
2015.11.16 03:57:22.403,10.93178,10.93402,0.00,0.00
2015.11.16 03:57:23.404,10.93178,10.9341,0.00,0.00
2015.11.16 03:57:24.112,10.93279,10.9341,0.00,0.00
2015.11.16 03:57:24.613,10.93279,10.93411,0.00,0.00
2015.11.16 03:57:26.233,10.93279,10.9341,0.00,0.00
2015.11.16 03:57:26.904,10.93279,10.93411,0.00,0.00
2015.11.16 03:57:30.821,10.93357,10.93479,0.00,0.00
2015.11.16 03:57:30.923,10.93379,10.93552,0.00,0.00
2015.11.16 03:57:31.023,10.93379,10.93522,0.00,0.00
2015.11.16 03:57:31.175,10.93379,10.93531,0.00,0.00
2015.11.16 03:57:31.276,10.93339,10.93552,0.00,0.00
2015.11.16 03:57:31.377,10.93339,10.9358,0.00,0.00
2015.11.16 03:57:31.748,10.93339,10.93622,0.00,0.00
2015.11.16 03:57:32.516,10.93339,10.93611,0.00,0.00
2015.11.16 03:57:32.817,10.93339,10.93591,0.00,0.00
2015.11.16 03:57:33.246,10.93339,10.9358,0.00,0.00
2015.11.16 03:57:33.920,10.93339,10.93572,0.00,0.00
2015.11.16 03:57:34.251,10.93339,10.93582,0.00,0.00
2015.11.16 03:57:36.981,10.93338,10.93582,0.00,0.00
2015.11.16 03:57:38.542,10.93338,10.93572,0.00,0.00
2015.11.16 03:57:38.873,10.93338,10.93562,0.00,0.00
2015.11.16 03:57:41.983,10.93338,10.93531,0.00,0.00
2015.11.16 03:57:42.337,10.93338,10.93562,0.00,0.00
2015.11.16 03:57:43.863,10.93338,10.93542,0.00,0.00
2015.11.16 03:57:43.964,10.93338,10.93561,0.00,0.00
2015.11.16 03:57:44.368,10.93338,10.93541,0.00,0.00
2015.11.16 03:57:44.984,10.93338,10.93532,0.00,0.00
2015.11.16 03:57:46.464,10.93338,10.93552,0.00,0.00
2015.11.16 03:57:48.165,10.93338,10.93562,0.00,0.00
2015.11.16 03:57:49.056,10.93338,10.93552,0.00,0.00
2015.11.16 03:57:49.157,10.93338,10.93562,0.00,0.00
2015.11.16 03:57:51.161,10.93338,10.93532,0.00,0.00
2015.11.16 03:57:51.513,10.93338,10.93522,0.00,0.00
2015.11.16 03:57:51.564,10.93338,10.93561,0.00,0.00
2015.11.16 03:57:51.869,10.93338,10.93552,0.00,0.00
2015.11.16 03:57:52.172,10.93338,10.93532,0.00,0.00
2015.11.16 03:57:53.877,10.93338,10.93551,0.00,0.00
2015.11.16 03:57:53.978,10.93338,10.93562,0.00,0.00
2015.11.16 03:57:56.484,10.93338,10.93551,0.00,0.00
2015.11.16 03:57:56.786,10.93338,10.93522,0.00,0.00
2015.11.16 03:57:56.887,10.93338,10.93551,0.00,0.00
2015.11.16 03:57:56.988,10.93338,10.93532,0.00,0.00
2015.11.16 03:57:57.092,10.93338,10.93562,0.00,0.00
2015.11.16 03:57:57.161,10.93338,10.93552,0.00,0.00
2015.11.16 03:57:57.686,10.93338,10.93531,0.00,0.00
2015.11.16 03:57:57.761,10.93338,10.93552,0.00,0.00
2015.11.16 03:57:59.793,10.93338,10.93562,0.00,0.00
2015.11.16 03:57:59.894,10.93338,10.93552,0.00,0.00
2015.11.16 03:58:00.365,10.93338,10.93531,0.00,0.00
2015.11.16 03:58:00.465,10.93338,10.93552,0.00,0.00
2015.11.16 03:58:03.907,10.93338,10.93531,0.00,0.00
2015.11.16 03:58:04.107,10.93338,10.93552,0.00,0.00
2015.11.16 03:58:04.208,10.93338,10.93531,0.00,0.00
2015.11.16 03:58:05.375,10.93338,10.93541,0.00,0.00
2015.11.16 03:58:05.472,10.93338,10.93552,0.00,0.00
2015.11.16 03:58:05.772,10.93338,10.93541,0.00,0.00
2015.11.16 03:58:07.017,10.93338,10.93532,0.00,0.00
2015.11.16 03:58:07.074,10.93338,10.93541,0.00,0.00
2015.11.16 03:58:07.174,10.93338,10.93551,0.00,0.00
2015.11.16 03:58:08.578,10.93338,10.93542,0.00,0.00
2015.11.16 03:58:11.430,10.93338,10.93552,0.00,0.00
2015.11.16 03:58:11.481,10.93338,10.93542,0.00,0.00
2015.11.16 03:58:12.281,10.93338,10.93561,0.00,0.00
2015.11.16 03:58:12.332,10.93439,10.93561,0.00,0.00
2015.11.16 03:58:12.383,10.93439,10.93591,0.00,0.00
2015.11.16 03:58:12.731,10.93439,10.93632,0.00,0.00
2015.11.16 03:58:13.283,10.93439,10.93652,0.00,0.00
2015.11.16 03:58:13.783,10.93439,10.93631,0.00,0.00
2015.11.16 03:58:13.984,10.93439,10.93651,0.00,0.00
2015.11.16 03:58:15.987,10.93439,10.93632,0.00,0.00
2015.11.16 03:58:16.088,10.93439,10.93652,0.00,0.00
2015.11.16 03:58:16.888,10.93439,10.93641,0.00,0.00
2015.11.16 03:58:17.217,10.93439,10.93621,0.00,0.00
2015.11.16 03:58:18.393,10.93439,10.93631,0.00,0.00
2015.11.16 03:58:19.292,10.93439,10.93652,0.00,0.00
2015.11.16 03:58:20.402,10.93439,10.93622,0.00,0.00
2015.11.16 03:58:21.203,10.93439,10.93611,0.00,0.00
2015.11.16 03:58:21.253,10.93338,10.93611,0.00,0.00
2015.11.16 03:58:21.304,10.93338,10.93582,0.00,0.00
2015.11.16 03:58:21.629,10.93338,10.93552,0.00,0.00
2015.11.16 03:58:21.954,10.93338,10.93541,0.00,0.00
2015.11.16 03:58:22.255,10.93338,10.93532,0.00,0.00
2015.11.16 03:58:22.306,10.93338,10.93551,0.00,0.00
2015.11.16 03:58:22.407,10.93338,10.9362,0.00,0.00
2015.11.16 03:58:22.458,10.93389,10.9362,0.00,0.00
2015.11.16 03:58:22.565,10.93328,10.93621,0.00,0.00
2015.11.16 03:58:22.906,10.93319,10.93621,0.00,0.00
2015.11.16 03:58:23.435,10.93301,10.93582,0.00,0.00
2015.11.16 03:58:23.569,10.93301,10.93602,0.00,0.00
2015.11.16 03:58:24.311,10.93341,10.93621,0.00,0.00
2015.11.16 03:58:24.361,10.93341,10.93652,0.00,0.00
2015.11.16 03:58:24.664,10.93312,10.93652,0.00,0.00
2015.11.16 03:58:25.172,10.93311,10.93652,0.00,0.00
2015.11.16 03:58:27.678,10.93311,10.93621,0.00,0.00
2015.11.16 03:58:27.729,10.93271,10.93602,0.00,0.00
2015.11.16 03:58:28.454,10.93271,10.93571,0.00,0.00
2015.11.16 03:58:28.504,10.93222,10.93552,0.00,0.00
2015.11.16 03:58:29.367,10.93222,10.93522,0.00,0.00
2015.11.16 03:58:29.910,10.93212,10.93522,0.00,0.00
2015.11.16 03:58:40.288,10.93292,10.93531,0.00,0.00
2015.11.16 03:58:40.490,10.93322,10.93632,0.00,0.00
2015.11.16 03:58:40.607,10.93322,10.93651,0.00,0.00
2015.11.16 03:58:41.874,10.93322,10.9359,0.00,0.00
2015.11.16 03:58:42.025,10.93258,10.93591,0.00,0.00
2015.11.16 03:58:42.075,10.93258,10.93571,0.00,0.00
2015.11.16 03:58:42.385,10.93241,10.93551,0.00,0.00
2015.11.16 03:58:42.778,10.93241,10.9354,0.00,0.00
2015.11.16 03:58:43.680,10.93241,10.93541,0.00,0.00
2015.11.16 03:58:44.189,10.93241,10.9354,0.00,0.00
2015.11.16 03:58:45.987,10.93241,10.93541,0.00,0.00
2015.11.16 03:58:46.489,10.93241,10.9354,0.00,0.00
2015.11.16 03:58:47.692,10.93241,10.93541,0.00,0.00
2015.11.16 03:58:48.247,10.93212,10.93541,0.00,0.00
2015.11.16 03:58:48.402,10.93212,10.93451,0.00,0.00
2015.11.16 03:58:48.453,10.93131,10.93451,0.00,0.00
2015.11.16 03:58:49.599,10.93131,10.93402,0.00,0.00
2015.11.16 03:58:49.700,10.93121,10.93402,0.00,0.00
2015.11.16 03:58:49.851,10.93121,10.93452,0.00,0.00
2015.11.16 03:58:50.401,10.93112,10.93452,0.00,0.00
2015.11.16 03:58:52.821,10.93179,10.93481,0.00,0.00
2015.11.16 03:58:53.137,10.93179,10.93471,0.00,0.00
2015.11.16 03:58:54.511,10.93179,10.9347,0.00,0.00
2015.11.16 03:59:01.579,10.9314,10.9347,0.00,0.00
2015.11.16 03:59:01.680,10.93128,10.93421,0.00,0.00
2015.11.16 03:59:02.161,10.93128,10.9345,0.00,0.00
2015.11.16 03:59:02.696,10.93128,10.93451,0.00,0.00
2015.11.16 03:59:10.268,10.93128,10.9345,0.00,0.00
2015.11.16 03:59:11.172,10.93128,10.93451,0.00,0.00
2015.11.16 03:59:11.675,10.93128,10.9345,0.00,0.00
2015.11.16 03:59:16.529,10.93128,10.93451,0.00,0.00
2015.11.16 03:59:17.140,10.93128,10.9345,0.00,0.00
2015.11.16 03:59:18.805,10.93128,10.93451,0.00,0.00
2015.11.16 03:59:24.524,10.93128,10.9345,0.00,0.00
2015.11.16 03:59:26.329,10.93128,10.93451,0.00,0.00
2015.11.16 03:59:27.030,10.93128,10.9345,0.00,0.00
2015.11.16 03:59:27.156,10.93128,10.93358,0.00,0.00
2015.11.16 03:59:30.869,10.93199,10.93358,0.00,0.00
2015.11.16 03:59:31.195,10.93248,10.93421,0.00,0.00
2015.11.16 03:59:31.296,10.93248,10.93449,0.00,0.00
2015.11.16 03:59:40.227,10.93248,10.93419,0.00,0.00
2015.11.16 03:59:40.760,10.93248,10.93409,0.00,0.00
2015.11.16 03:59:41.530,10.93248,10.93448,0.00,0.00
2015.11.16 03:59:42.830,10.93248,10.93421,0.00,0.00
2015.11.16 03:59:42.881,10.93198,10.93419,0.00,0.00
2015.11.16 03:59:42.981,10.93179,10.93421,0.00,0.00
2015.11.16 03:59:43.032,10.93148,10.9339,0.00,0.00
2015.11.16 03:59:43.335,10.93148,10.93372,0.00,0.00
2015.11.16 03:59:43.385,10.93148,10.9338,0.00,0.00
2015.11.16 03:59:43.436,10.93148,10.93368,0.00,0.00
2015.11.16 03:59:44.184,10.93148,10.93379,0.00,0.00
2015.11.16 03:59:44.388,10.93148,10.93369,0.00,0.00
