2015.11.23 14:00:00.151,10.70192,10.7052,0.00,0.00
2015.11.23 14:00:00.252,10.70219,10.70561,0.00,0.00
2015.11.23 14:00:00.303,10.70219,10.70559,0.00,0.00
2015.11.23 14:00:00.606,10.70259,10.70589,0.00,0.00
2015.11.23 14:00:01.127,10.70292,10.70621,0.00,0.00
2015.11.23 14:00:01.355,10.70309,10.70651,0.00,0.00
2015.11.23 14:00:01.498,10.70309,10.70641,0.00,0.00
2015.11.23 14:00:01.825,10.7027,10.7063,0.00,0.00
2015.11.23 14:00:01.875,10.70309,10.70631,0.00,0.00
2015.11.23 14:00:02.199,10.70349,10.70631,0.00,0.00
2015.11.23 14:00:02.522,10.70349,10.70661,0.00,0.00
2015.11.23 14:00:03.361,10.70389,10.70651,0.00,0.00
2015.11.23 14:00:03.412,10.70349,10.70651,0.00,0.00
2015.11.23 14:00:03.734,10.70331,10.70641,0.00,0.00
2015.11.23 14:00:03.838,10.7032,10.7064,0.00,0.00
2015.11.23 14:00:04.571,10.70319,10.70641,0.00,0.00
2015.11.23 14:00:04.622,10.7037,10.7071,0.00,0.00
2015.11.23 14:00:04.893,10.70369,10.70731,0.00,0.00
2015.11.23 14:00:05.740,10.7037,10.7073,0.00,0.00
2015.11.23 14:00:05.791,10.70421,10.7073,0.00,0.00
2015.11.23 14:00:05.892,10.70449,10.70781,0.00,0.00
2015.11.23 14:00:05.943,10.70449,10.70801,0.00,0.00
2015.11.23 14:00:06.941,10.7045,10.7081,0.00,0.00
2015.11.23 14:00:07.456,10.70449,10.70811,0.00,0.00
2015.11.23 14:00:07.858,10.70458,10.7081,0.00,0.00
2015.11.23 14:00:08.371,10.7045,10.70729,0.00,0.00
2015.11.23 14:00:08.422,10.70358,10.707,0.00,0.00
2015.11.23 14:00:08.950,10.70359,10.70731,0.00,0.00
2015.11.23 14:00:09.051,10.7039,10.7074,0.00,0.00
2015.11.23 14:00:09.447,10.70381,10.7071,0.00,0.00
2015.11.23 14:00:09.498,10.70358,10.7071,0.00,0.00
2015.11.23 14:00:09.670,10.70358,10.7066,0.00,0.00
2015.11.23 14:00:09.721,10.70358,10.70681,0.00,0.00
2015.11.23 14:00:10.326,10.70358,10.70631,0.00,0.00
2015.11.23 14:00:10.672,10.70398,10.7069,0.00,0.00
2015.11.23 14:00:10.930,10.70398,10.70701,0.00,0.00
2015.11.23 14:00:11.952,10.70398,10.70671,0.00,0.00
2015.11.23 14:00:12.137,10.70398,10.7069,0.00,0.00
2015.11.23 14:00:12.539,10.70398,10.7071,0.00,0.00
2015.11.23 14:00:12.640,10.70398,10.707,0.00,0.00
2015.11.23 14:00:13.145,10.70448,10.70701,0.00,0.00
2015.11.23 14:00:13.246,10.70448,10.70731,0.00,0.00
2015.11.23 14:00:13.347,10.70398,10.70712,0.00,0.00
2015.11.23 14:00:13.461,10.70449,10.7071,0.00,0.00
2015.11.23 14:00:13.694,10.70398,10.70711,0.00,0.00
2015.11.23 14:00:14.315,10.70398,10.7071,0.00,0.00
2015.11.23 14:00:14.366,10.70459,10.7075,0.00,0.00
2015.11.23 14:00:14.899,10.70419,10.70722,0.00,0.00
2015.11.23 14:00:14.950,10.70408,10.70722,0.00,0.00
2015.11.23 14:00:15.652,10.70408,10.70711,0.00,0.00
2015.11.23 14:00:16.269,10.70408,10.7071,0.00,0.00
2015.11.23 14:00:16.719,10.70509,10.70771,0.00,0.00
2015.11.23 14:00:17.027,10.7037,10.7062,0.00,0.00
2015.11.23 14:00:17.078,10.70309,10.70611,0.00,0.00
2015.11.23 14:00:17.374,10.70319,10.70621,0.00,0.00
2015.11.23 14:00:17.712,10.70358,10.70639,0.00,0.00
2015.11.23 14:00:18.315,10.70358,10.7067,0.00,0.00
2015.11.23 14:00:18.773,10.70358,10.70639,0.00,0.00
2015.11.23 14:00:19.259,10.70408,10.70679,0.00,0.00
2015.11.23 14:00:19.708,10.70408,10.70722,0.00,0.00
2015.11.23 14:00:19.884,10.70408,10.7071,0.00,0.00
2015.11.23 14:00:20.592,10.70408,10.70711,0.00,0.00
2015.11.23 14:00:21.384,10.70408,10.7071,0.00,0.00
2015.11.23 14:00:21.893,10.70408,10.70711,0.00,0.00
2015.11.23 14:00:22.623,10.70408,10.7071,0.00,0.00
2015.11.23 14:00:23.366,10.70408,10.70711,0.00,0.00
2015.11.23 14:00:23.884,10.70408,10.7071,0.00,0.00
2015.11.23 14:00:24.906,10.70408,10.70711,0.00,0.00
2015.11.23 14:00:26.832,10.70408,10.70661,0.00,0.00
2015.11.23 14:00:26.915,10.70408,10.7069,0.00,0.00
2015.11.23 14:00:27.517,10.70408,10.70691,0.00,0.00
2015.11.23 14:00:27.636,10.70408,10.70711,0.00,0.00
2015.11.23 14:00:27.972,10.70408,10.7068,0.00,0.00
2015.11.23 14:00:28.595,10.70408,10.70681,0.00,0.00
2015.11.23 14:00:28.847,10.70408,10.70691,0.00,0.00
2015.11.23 14:00:29.230,10.70358,10.70618,0.00,0.00
2015.11.23 14:00:29.332,10.70308,10.70571,0.00,0.00
2015.11.23 14:00:29.548,10.70409,10.7057,0.00,0.00
2015.11.23 14:00:29.649,10.70409,10.70648,0.00,0.00
2015.11.23 14:00:29.700,10.70409,10.70661,0.00,0.00
2015.11.23 14:00:29.969,10.70409,10.70681,0.00,0.00
2015.11.23 14:00:30.028,10.70409,10.70701,0.00,0.00
2015.11.23 14:00:30.100,10.70409,10.70662,0.00,0.00
2015.11.23 14:00:30.721,10.70409,10.70631,0.00,0.00
2015.11.23 14:00:30.823,10.70409,10.70681,0.00,0.00
2015.11.23 14:00:30.924,10.70409,10.70702,0.00,0.00
2015.11.23 14:00:31.035,10.70409,10.70711,0.00,0.00
2015.11.23 14:00:31.102,10.70409,10.70702,0.00,0.00
2015.11.23 14:00:31.851,10.70409,10.70681,0.00,0.00
2015.11.23 14:00:31.907,10.70409,10.70711,0.00,0.00
2015.11.23 14:00:32.059,10.70418,10.7071,0.00,0.00
2015.11.23 14:00:32.160,10.7042,10.70729,0.00,0.00
2015.11.23 14:00:32.211,10.70449,10.70732,0.00,0.00
2015.11.23 14:00:32.526,10.70518,10.70779,0.00,0.00
2015.11.23 14:00:33.109,10.70518,10.70722,0.00,0.00
2015.11.23 14:00:33.210,10.70518,10.70779,0.00,0.00
2015.11.23 14:00:33.479,10.7047,10.7074,0.00,0.00
2015.11.23 14:00:33.530,10.7047,10.70721,0.00,0.00
2015.11.23 14:00:33.580,10.70468,10.70721,0.00,0.00
2015.11.23 14:00:33.834,10.70468,10.70741,0.00,0.00
2015.11.23 14:00:33.935,10.70518,10.70741,0.00,0.00
2015.11.23 14:00:34.322,10.70518,10.70811,0.00,0.00
2015.11.23 14:00:34.632,10.70518,10.70802,0.00,0.00
2015.11.23 14:00:35.159,10.70518,10.70801,0.00,0.00
2015.11.23 14:00:35.856,10.70519,10.70811,0.00,0.00
2015.11.23 14:00:35.907,10.70568,10.70811,0.00,0.00
2015.11.23 14:00:36.059,10.70568,10.7085,0.00,0.00
2015.11.23 14:00:36.616,10.70568,10.70862,0.00,0.00
2015.11.23 14:00:36.667,10.70568,10.70851,0.00,0.00
2015.11.23 14:00:37.089,10.70568,10.70821,0.00,0.00
2015.11.23 14:00:37.140,10.7052,10.70831,0.00,0.00
2015.11.23 14:00:37.241,10.70519,10.70752,0.00,0.00
2015.11.23 14:00:37.443,10.70519,10.70801,0.00,0.00
2015.11.23 14:00:37.979,10.70519,10.708,0.00,0.00
2015.11.23 14:00:38.225,10.70519,10.70771,0.00,0.00
2015.11.23 14:00:38.527,10.70519,10.70641,0.00,0.00
2015.11.23 14:00:38.578,10.70468,10.70641,0.00,0.00
2015.11.23 14:00:38.679,10.70418,10.70701,0.00,0.00
2015.11.23 14:00:38.729,10.70418,10.70682,0.00,0.00
2015.11.23 14:00:38.830,10.70418,10.70701,0.00,0.00
2015.11.23 14:00:39.095,10.70418,10.70692,0.00,0.00
2015.11.23 14:00:39.397,10.70418,10.70641,0.00,0.00
2015.11.23 14:00:39.448,10.70418,10.70701,0.00,0.00
2015.11.23 14:00:39.499,10.70418,10.70711,0.00,0.00
2015.11.23 14:00:40.069,10.70418,10.7071,0.00,0.00
2015.11.23 14:00:40.359,10.70418,10.70701,0.00,0.00
2015.11.23 14:00:40.683,10.70418,10.70662,0.00,0.00
2015.11.23 14:00:40.842,10.70418,10.7071,0.00,0.00
2015.11.23 14:00:41.100,10.70469,10.70722,0.00,0.00
2015.11.23 14:00:41.151,10.70469,10.70779,0.00,0.00
2015.11.23 14:00:41.201,10.70518,10.70779,0.00,0.00
2015.11.23 14:00:41.505,10.70518,10.70772,0.00,0.00
2015.11.23 14:00:41.804,10.70518,10.70779,0.00,0.00
2015.11.23 14:00:42.365,10.70518,10.7078,0.00,0.00
2015.11.23 14:00:42.637,10.70518,10.7081,0.00,0.00
2015.11.23 14:00:42.847,10.70518,10.70802,0.00,0.00
2015.11.23 14:00:43.198,10.70518,10.70811,0.00,0.00
2015.11.23 14:00:44.212,10.70518,10.7081,0.00,0.00
2015.11.23 14:00:44.553,10.70518,10.70801,0.00,0.00
2015.11.23 14:00:44.855,10.70668,10.70901,0.00,0.00
2015.11.23 14:00:45.161,10.70719,10.70939,0.00,0.00
2015.11.23 14:00:45.467,10.70719,10.70992,0.00,0.00
2015.11.23 14:00:45.518,10.70719,10.70961,0.00,0.00
2015.11.23 14:00:46.147,10.70769,10.71011,0.00,0.00
2015.11.23 14:00:46.298,10.70819,10.71072,0.00,0.00
2015.11.23 14:00:46.349,10.70819,10.71011,0.00,0.00
2015.11.23 14:00:46.568,10.70918,10.71138,0.00,0.00
2015.11.23 14:00:46.700,10.7087,10.71138,0.00,0.00
2015.11.23 14:00:46.751,10.70868,10.71101,0.00,0.00
2015.11.23 14:00:46.902,10.70818,10.711,0.00,0.00
2015.11.23 14:00:47.054,10.70818,10.71082,0.00,0.00
2015.11.23 14:00:47.358,10.70818,10.71101,0.00,0.00
2015.11.23 14:00:47.459,10.70818,10.71091,0.00,0.00
2015.11.23 14:00:47.777,10.70918,10.71121,0.00,0.00
2015.11.23 14:00:48.078,10.70918,10.7114,0.00,0.00
2015.11.23 14:00:48.227,10.70918,10.71152,0.00,0.00
2015.11.23 14:00:48.278,10.70918,10.71081,0.00,0.00
2015.11.23 14:00:48.393,10.70918,10.71151,0.00,0.00
2015.11.23 14:00:48.670,10.70918,10.71161,0.00,0.00
2015.11.23 14:00:48.721,10.70918,10.71092,0.00,0.00
2015.11.23 14:00:48.772,10.70918,10.71171,0.00,0.00
2015.11.23 14:00:48.981,10.70918,10.71162,0.00,0.00
2015.11.23 14:00:49.082,10.70918,10.7117,0.00,0.00
2015.11.23 14:00:49.295,10.70918,10.71082,0.00,0.00
2015.11.23 14:00:49.396,10.70918,10.71141,0.00,0.00
2015.11.23 14:00:49.496,10.70918,10.71122,0.00,0.00
2015.11.23 14:00:49.597,10.70918,10.71171,0.00,0.00
2015.11.23 14:00:49.965,10.70918,10.71142,0.00,0.00
2015.11.23 14:00:50.299,10.70918,10.71152,0.00,0.00
2015.11.23 14:00:50.500,10.70918,10.71141,0.00,0.00
2015.11.23 14:00:50.601,10.70918,10.71198,0.00,0.00
2015.11.23 14:00:50.702,10.70918,10.71161,0.00,0.00
2015.11.23 14:00:50.803,10.70961,10.71209,0.00,0.00
2015.11.23 14:00:50.853,10.70969,10.71212,0.00,0.00
2015.11.23 14:00:51.197,10.71092,10.71221,0.00,0.00
2015.11.23 14:00:51.248,10.71118,10.71319,0.00,0.00
2015.11.23 14:00:51.349,10.71018,10.7131,0.00,0.00
2015.11.23 14:00:51.506,10.71018,10.71188,0.00,0.00
2015.11.23 14:00:51.556,10.70969,10.7114,0.00,0.00
2015.11.23 14:00:51.657,10.70969,10.71091,0.00,0.00
2015.11.23 14:00:51.758,10.70819,10.71111,0.00,0.00
2015.11.23 14:00:51.809,10.70819,10.71102,0.00,0.00
2015.11.23 14:00:52.291,10.70868,10.71121,0.00,0.00
2015.11.23 14:00:52.715,10.70868,10.71112,0.00,0.00
2015.11.23 14:00:52.917,10.70868,10.71122,0.00,0.00
2015.11.23 14:00:52.968,10.70868,10.71112,0.00,0.00
2015.11.23 14:00:53.168,10.70868,10.71122,0.00,0.00
2015.11.23 14:00:53.268,10.70868,10.71091,0.00,0.00
2015.11.23 14:00:53.837,10.70868,10.71111,0.00,0.00
2015.11.23 14:00:54.273,10.70868,10.71122,0.00,0.00
2015.11.23 14:00:54.473,10.70868,10.71101,0.00,0.00
2015.11.23 14:00:54.574,10.70868,10.71122,0.00,0.00
2015.11.23 14:00:54.675,10.70868,10.71132,0.00,0.00
2015.11.23 14:00:54.726,10.70919,10.71132,0.00,0.00
2015.11.23 14:00:54.877,10.70919,10.71189,0.00,0.00
2015.11.23 14:00:55.165,10.70969,10.71189,0.00,0.00
2015.11.23 14:00:55.317,10.70969,10.71211,0.00,0.00
2015.11.23 14:00:55.418,10.70969,10.71232,0.00,0.00
2015.11.23 14:00:55.468,10.71019,10.71232,0.00,0.00
2015.11.23 14:00:55.519,10.71019,10.71281,0.00,0.00
2015.11.23 14:00:55.575,10.71118,10.71281,0.00,0.00
2015.11.23 14:00:55.626,10.71118,10.71301,0.00,0.00
2015.11.23 14:00:55.677,10.71118,10.71381,0.00,0.00
2015.11.23 14:00:55.728,10.71168,10.71382,0.00,0.00
2015.11.23 14:00:55.880,10.71168,10.71389,0.00,0.00
2015.11.23 14:00:55.931,10.71219,10.71428,0.00,0.00
2015.11.23 14:00:55.982,10.71219,10.71489,0.00,0.00
2015.11.23 14:00:56.134,10.7117,10.71448,0.00,0.00
2015.11.23 14:00:56.185,10.71169,10.71411,0.00,0.00
2015.11.23 14:00:56.511,10.71119,10.71371,0.00,0.00
2015.11.23 14:00:56.680,10.71119,10.71381,0.00,0.00
2015.11.23 14:00:56.781,10.71119,10.71402,0.00,0.00
2015.11.23 14:00:57.014,10.71119,10.71352,0.00,0.00
2015.11.23 14:00:57.139,10.71069,10.71352,0.00,0.00
2015.11.23 14:00:57.189,10.71068,10.7131,0.00,0.00
2015.11.23 14:00:57.341,10.71019,10.71262,0.00,0.00
2015.11.23 14:00:57.446,10.71019,10.71311,0.00,0.00
2015.11.23 14:00:57.496,10.71018,10.71252,0.00,0.00
2015.11.23 14:00:57.922,10.71118,10.71222,0.00,0.00
2015.11.23 14:00:57.972,10.71118,10.71388,0.00,0.00
2015.11.23 14:00:58.145,10.71069,10.71378,0.00,0.00
2015.11.23 14:00:58.195,10.71068,10.71362,0.00,0.00
2015.11.23 14:00:58.518,10.71119,10.71392,0.00,0.00
2015.11.23 14:00:58.670,10.71068,10.71382,0.00,0.00
2015.11.23 14:00:58.721,10.7107,10.71362,0.00,0.00
2015.11.23 14:00:59.048,10.71118,10.7137,0.00,0.00
2015.11.23 14:00:59.397,10.71169,10.7137,0.00,0.00
2015.11.23 14:00:59.449,10.71219,10.71471,0.00,0.00
2015.11.23 14:00:59.500,10.71219,10.71481,0.00,0.00
2015.11.23 14:00:59.601,10.71219,10.71492,0.00,0.00
2015.11.23 14:00:59.990,10.71219,10.71472,0.00,0.00
2015.11.23 14:01:00.292,10.71219,10.71449,0.00,0.00
2015.11.23 14:01:00.685,10.71068,10.71239,0.00,0.00
2015.11.23 14:01:00.786,10.71068,10.71268,0.00,0.00
2015.11.23 14:01:00.887,10.71118,10.71268,0.00,0.00
2015.11.23 14:01:02.427,10.71069,10.71268,0.00,0.00
2015.11.23 14:01:02.529,10.71018,10.71211,0.00,0.00
2015.11.23 14:01:02.847,10.71018,10.71189,0.00,0.00
2015.11.23 14:01:03.199,10.71117,10.71219,0.00,0.00
2015.11.23 14:01:03.249,10.71119,10.71232,0.00,0.00
2015.11.23 14:01:03.300,10.71068,10.71268,0.00,0.00
2015.11.23 14:01:03.351,10.71068,10.7122,0.00,0.00
2015.11.23 14:01:03.639,10.71018,10.71199,0.00,0.00
2015.11.23 14:01:04.402,10.71068,10.71199,0.00,0.00
2015.11.23 14:01:04.452,10.71068,10.71238,0.00,0.00
2015.11.23 14:01:05.146,10.71118,10.71238,0.00,0.00
2015.11.23 14:01:05.286,10.71118,10.71248,0.00,0.00
2015.11.23 14:01:05.439,10.71118,10.71261,0.00,0.00
2015.11.23 14:01:05.490,10.71068,10.71278,0.00,0.00
2015.11.23 14:01:07.144,10.71018,10.71261,0.00,0.00
2015.11.23 14:01:07.195,10.71018,10.71239,0.00,0.00
2015.11.23 14:01:09.042,10.71018,10.71192,0.00,0.00
2015.11.23 14:01:09.143,10.70969,10.71232,0.00,0.00
2015.11.23 14:01:09.244,10.7097,10.71181,0.00,0.00
2015.11.23 14:01:09.345,10.7082,10.71049,0.00,0.00
2015.11.23 14:01:09.396,10.70818,10.71072,0.00,0.00
2015.11.23 14:01:09.447,10.70818,10.71082,0.00,0.00
2015.11.23 14:01:09.497,10.7084,10.71082,0.00,0.00
2015.11.23 14:01:09.800,10.70919,10.71129,0.00,0.00
2015.11.23 14:01:10.325,10.71018,10.71201,0.00,0.00
2015.11.23 14:01:10.376,10.71018,10.71258,0.00,0.00
2015.11.23 14:01:10.651,10.71018,10.71191,0.00,0.00
2015.11.23 14:01:10.753,10.71018,10.71258,0.00,0.00
2015.11.23 14:01:10.854,10.71018,10.71241,0.00,0.00
2015.11.23 14:01:10.955,10.71018,10.71269,0.00,0.00
2015.11.23 14:01:11.006,10.71018,10.71261,0.00,0.00
2015.11.23 14:01:11.314,10.70969,10.71191,0.00,0.00
2015.11.23 14:01:11.599,10.70969,10.71211,0.00,0.00
2015.11.23 14:01:11.925,10.70969,10.71218,0.00,0.00
2015.11.23 14:01:12.026,10.70969,10.71211,0.00,0.00
2015.11.23 14:01:12.369,10.70969,10.71191,0.00,0.00
2015.11.23 14:01:12.471,10.70969,10.71212,0.00,0.00
2015.11.23 14:01:12.573,10.70969,10.71218,0.00,0.00
2015.11.23 14:01:12.918,10.70969,10.71191,0.00,0.00
2015.11.23 14:01:12.969,10.70969,10.71212,0.00,0.00
2015.11.23 14:01:14.480,10.70969,10.71192,0.00,0.00
2015.11.23 14:01:14.531,10.70969,10.71211,0.00,0.00
2015.11.23 14:01:15.792,10.7097,10.71211,0.00,0.00
2015.11.23 14:01:15.843,10.71019,10.71218,0.00,0.00
2015.11.23 14:01:15.893,10.71019,10.71221,0.00,0.00
2015.11.23 14:01:15.944,10.71019,10.71269,0.00,0.00
2015.11.23 14:01:16.146,10.71069,10.71242,0.00,0.00
2015.11.23 14:01:16.252,10.71069,10.71279,0.00,0.00
2015.11.23 14:01:16.404,10.71068,10.7125,0.00,0.00
2015.11.23 14:01:16.555,10.71068,10.7127,0.00,0.00
2015.11.23 14:01:16.606,10.71068,10.71312,0.00,0.00
2015.11.23 14:01:17.114,10.71068,10.71282,0.00,0.00
2015.11.23 14:01:17.280,10.71068,10.71292,0.00,0.00
2015.11.23 14:01:17.381,10.71019,10.71292,0.00,0.00
2015.11.23 14:01:17.482,10.71018,10.71281,0.00,0.00
2015.11.23 14:01:17.784,10.71018,10.71271,0.00,0.00
2015.11.23 14:01:18.094,10.71118,10.71351,0.00,0.00
2015.11.23 14:01:18.654,10.71118,10.71331,0.00,0.00
2015.11.23 14:01:19.049,10.71118,10.71359,0.00,0.00
2015.11.23 14:01:19.554,10.71118,10.71282,0.00,0.00
2015.11.23 14:01:19.655,10.71118,10.71359,0.00,0.00
2015.11.23 14:01:19.820,10.71168,10.71361,0.00,0.00
2015.11.23 14:01:20.097,10.71168,10.71382,0.00,0.00
2015.11.23 14:01:20.148,10.71269,10.71452,0.00,0.00
2015.11.23 14:01:20.261,10.71269,10.71479,0.00,0.00
2015.11.23 14:01:20.465,10.71269,10.71461,0.00,0.00
2015.11.23 14:01:20.585,10.71269,10.71491,0.00,0.00
2015.11.23 14:01:20.686,10.71319,10.71542,0.00,0.00
2015.11.23 14:01:20.887,10.71319,10.71502,0.00,0.00
2015.11.23 14:01:20.988,10.71319,10.71542,0.00,0.00
2015.11.23 14:01:21.194,10.71319,10.71501,0.00,0.00
2015.11.23 14:01:21.476,10.71218,10.71489,0.00,0.00
2015.11.23 14:01:21.652,10.71268,10.71492,0.00,0.00
2015.11.23 14:01:21.857,10.71268,10.71501,0.00,0.00
2015.11.23 14:01:22.183,10.71268,10.71481,0.00,0.00
2015.11.23 14:01:22.488,10.71318,10.71491,0.00,0.00
2015.11.23 14:01:22.538,10.71269,10.71491,0.00,0.00
2015.11.23 14:01:22.589,10.71269,10.71461,0.00,0.00
2015.11.23 14:01:22.911,10.71389,10.71507,0.00,0.00
2015.11.23 14:01:23.082,10.71509,10.71791,0.00,0.00
2015.11.23 14:01:23.183,10.71529,10.71791,0.00,0.00
2015.11.23 14:01:23.234,10.71529,10.71832,0.00,0.00
2015.11.23 14:01:23.285,10.71569,10.71831,0.00,0.00
2015.11.23 14:01:23.386,10.7153,10.71841,0.00,0.00
2015.11.23 14:01:23.487,10.71549,10.71841,0.00,0.00
2015.11.23 14:01:24.421,10.7159,10.71869,0.00,0.00
2015.11.23 14:01:24.472,10.71578,10.71892,0.00,0.00
2015.11.23 14:01:24.784,10.71609,10.71881,0.00,0.00
2015.11.23 14:01:24.986,10.71628,10.71942,0.00,0.00
2015.11.23 14:01:25.291,10.71679,10.71958,0.00,0.00
2015.11.23 14:01:25.342,10.71679,10.71981,0.00,0.00
2015.11.23 14:01:25.393,10.71678,10.71992,0.00,0.00
2015.11.23 14:01:25.605,10.71678,10.71981,0.00,0.00
2015.11.23 14:01:25.989,10.71729,10.71981,0.00,0.00
2015.11.23 14:01:26.039,10.71728,10.72012,0.00,0.00
2015.11.23 14:01:26.090,10.7169,10.71981,0.00,0.00
2015.11.23 14:01:26.595,10.7168,10.71981,0.00,0.00
2015.11.23 14:01:26.645,10.71728,10.71981,0.00,0.00
2015.11.23 14:01:26.697,10.71728,10.72011,0.00,0.00
2015.11.23 14:01:26.798,10.71728,10.71942,0.00,0.00
2015.11.23 14:01:26.849,10.71679,10.71942,0.00,0.00
2015.11.23 14:01:26.899,10.71679,10.71932,0.00,0.00
2015.11.23 14:01:27.504,10.71728,10.71992,0.00,0.00
2015.11.23 14:01:27.606,10.71739,10.71992,0.00,0.00
2015.11.23 14:01:27.714,10.71739,10.72011,0.00,0.00
2015.11.23 14:01:27.764,10.71789,10.72011,0.00,0.00
2015.11.23 14:01:28.067,10.7208,10.72195,0.00,0.00
2015.11.23 14:01:28.118,10.7208,10.72342,0.00,0.00
2015.11.23 14:01:28.170,10.72189,10.72301,0.00,0.00
2015.11.23 14:01:28.295,10.7222,10.72442,0.00,0.00
2015.11.23 14:01:28.396,10.72219,10.72432,0.00,0.00
2015.11.23 14:01:28.732,10.72279,10.72472,0.00,0.00
2015.11.23 14:01:29.035,10.72328,10.72511,0.00,0.00
2015.11.23 14:01:29.086,10.72328,10.72562,0.00,0.00
2015.11.23 14:01:29.136,10.72319,10.72541,0.00,0.00
2015.11.23 14:01:29.187,10.72289,10.72532,0.00,0.00
2015.11.23 14:01:29.292,10.72292,10.72501,0.00,0.00
2015.11.23 14:01:29.503,10.72279,10.72492,0.00,0.00
2015.11.23 14:01:29.564,10.72249,10.72492,0.00,0.00
2015.11.23 14:01:29.615,10.72229,10.72442,0.00,0.00
2015.11.23 14:01:30.104,10.72328,10.72428,0.00,0.00
2015.11.23 14:01:30.155,10.72328,10.72512,0.00,0.00
2015.11.23 14:01:30.207,10.72328,10.72531,0.00,0.00
2015.11.23 14:01:30.308,10.72328,10.72561,0.00,0.00
2015.11.23 14:01:30.481,10.72319,10.72531,0.00,0.00
2015.11.23 14:01:30.826,10.72328,10.72542,0.00,0.00
2015.11.23 14:01:30.886,10.72279,10.72542,0.00,0.00
2015.11.23 14:01:30.987,10.7228,10.72512,0.00,0.00
2015.11.23 14:01:31.234,10.7228,10.72541,0.00,0.00
2015.11.23 14:01:31.285,10.7228,10.72532,0.00,0.00
2015.11.23 14:01:31.564,10.72249,10.72507,0.00,0.00
2015.11.23 14:01:31.615,10.7225,10.72456,0.00,0.00
2015.11.23 14:01:31.679,10.7225,10.7251,0.00,0.00
2015.11.23 14:01:31.804,10.72249,10.72531,0.00,0.00
2015.11.23 14:01:31.912,10.7219,10.72492,0.00,0.00
2015.11.23 14:01:31.980,10.7219,10.72417,0.00,0.00
2015.11.23 14:01:32.418,10.7226,10.72472,0.00,0.00
2015.11.23 14:01:32.519,10.72229,10.72511,0.00,0.00
2015.11.23 14:01:32.620,10.72229,10.72487,0.00,0.00
2015.11.23 14:01:32.922,10.72201,10.72466,0.00,0.00
2015.11.23 14:01:33.032,10.72179,10.72466,0.00,0.00
2015.11.23 14:01:33.133,10.72229,10.72417,0.00,0.00
2015.11.23 14:01:33.184,10.72229,10.72422,0.00,0.00
2015.11.23 14:01:33.285,10.7223,10.72492,0.00,0.00
2015.11.23 14:01:33.335,10.72228,10.72492,0.00,0.00
2015.11.23 14:01:33.778,10.72228,10.72456,0.00,0.00
2015.11.23 14:01:33.830,10.7224,10.72501,0.00,0.00
2015.11.23 14:01:33.985,10.7224,10.72476,0.00,0.00
2015.11.23 14:01:34.086,10.72239,10.72482,0.00,0.00
2015.11.23 14:01:34.294,10.72239,10.72467,0.00,0.00
2015.11.23 14:01:34.597,10.7226,10.72416,0.00,0.00
2015.11.23 14:01:34.899,10.72392,10.72492,0.00,0.00
2015.11.23 14:01:35.404,10.72539,10.72711,0.00,0.00
2015.11.23 14:01:35.456,10.72498,10.72782,0.00,0.00
2015.11.23 14:01:35.507,10.72489,10.72712,0.00,0.00
2015.11.23 14:01:35.809,10.72519,10.72801,0.00,0.00
2015.11.23 14:01:35.860,10.72578,10.72822,0.00,0.00
2015.11.23 14:01:36.164,10.72629,10.72832,0.00,0.00
2015.11.23 14:01:36.215,10.72592,10.72811,0.00,0.00
2015.11.23 14:01:36.693,10.72592,10.72821,0.00,0.00
2015.11.23 14:01:36.744,10.72619,10.72821,0.00,0.00
2015.11.23 14:01:37.080,10.7262,10.72811,0.00,0.00
2015.11.23 14:01:37.282,10.72559,10.72782,0.00,0.00
2015.11.23 14:01:37.333,10.72559,10.72801,0.00,0.00
2015.11.23 14:01:37.384,10.72528,10.72811,0.00,0.00
2015.11.23 14:01:37.669,10.72528,10.72851,0.00,0.00
2015.11.23 14:01:37.720,10.72528,10.72801,0.00,0.00
2015.11.23 14:01:37.771,10.72541,10.72851,0.00,0.00
2015.11.23 14:01:37.822,10.72541,10.72801,0.00,0.00
2015.11.23 14:01:37.873,10.72501,10.72801,0.00,0.00
2015.11.23 14:01:39.359,10.72501,10.72751,0.00,0.00
2015.11.23 14:01:39.510,10.72529,10.72792,0.00,0.00
2015.11.23 14:01:39.561,10.72549,10.72792,0.00,0.00
2015.11.23 14:01:39.611,10.72549,10.72851,0.00,0.00
2015.11.23 14:01:39.712,10.72578,10.72848,0.00,0.00
2015.11.23 14:01:39.813,10.72501,10.72801,0.00,0.00
2015.11.23 14:01:39.864,10.72542,10.72801,0.00,0.00
2015.11.23 14:01:39.965,10.72501,10.72802,0.00,0.00
2015.11.23 14:01:40.371,10.72528,10.72841,0.00,0.00
2015.11.23 14:01:40.472,10.72528,10.72849,0.00,0.00
2015.11.23 14:01:40.573,10.72528,10.72852,0.00,0.00
2015.11.23 14:01:40.624,10.72541,10.72842,0.00,0.00
2015.11.23 14:01:40.725,10.72541,10.72852,0.00,0.00
2015.11.23 14:01:40.826,10.72541,10.72802,0.00,0.00
2015.11.23 14:01:40.927,10.72502,10.72802,0.00,0.00
2015.11.23 14:01:41.474,10.72579,10.72851,0.00,0.00
2015.11.23 14:01:41.776,10.72532,10.72657,0.00,0.00
2015.11.23 14:01:42.029,10.72372,10.72657,0.00,0.00
2015.11.23 14:01:42.130,10.72361,10.72657,0.00,0.00
2015.11.23 14:01:42.231,10.72329,10.72606,0.00,0.00
2015.11.23 14:01:42.382,10.72279,10.72586,0.00,0.00
2015.11.23 14:01:42.889,10.72279,10.72504,0.00,0.00
2015.11.23 14:01:42.940,10.72189,10.72456,0.00,0.00
2015.11.23 14:01:43.112,10.72208,10.72456,0.00,0.00
2015.11.23 14:01:43.232,10.72139,10.72456,0.00,0.00
2015.11.23 14:01:43.283,10.72129,10.72456,0.00,0.00
2015.11.23 14:01:43.333,10.72169,10.72456,0.00,0.00
2015.11.23 14:01:43.485,10.72032,10.72357,0.00,0.00
2015.11.23 14:01:43.536,10.72069,10.72357,0.00,0.00
2015.11.23 14:01:43.908,10.72109,10.72356,0.00,0.00
2015.11.23 14:01:43.959,10.7206,10.72356,0.00,0.00
2015.11.23 14:01:44.318,10.72092,10.72389,0.00,0.00
2015.11.23 14:01:44.419,10.72011,10.72307,0.00,0.00
2015.11.23 14:01:44.520,10.71989,10.72307,0.00,0.00
2015.11.23 14:01:44.622,10.72001,10.72306,0.00,0.00
2015.11.23 14:01:44.961,10.71842,10.72149,0.00,0.00
2015.11.23 14:01:45.012,10.71889,10.72199,0.00,0.00
2015.11.23 14:01:45.113,10.7189,10.72201,0.00,0.00
2015.11.23 14:01:45.164,10.71921,10.72201,0.00,0.00
2015.11.23 14:01:45.215,10.7198,10.72298,0.00,0.00
2015.11.23 14:01:45.316,10.71949,10.72251,0.00,0.00
2015.11.23 14:01:45.569,10.71889,10.72201,0.00,0.00
2015.11.23 14:01:45.734,10.71891,10.72201,0.00,0.00
2015.11.23 14:01:46.263,10.71891,10.72192,0.00,0.00
2015.11.23 14:01:47.857,10.71928,10.72242,0.00,0.00
2015.11.23 14:01:47.908,10.71939,10.72242,0.00,0.00
2015.11.23 14:01:48.210,10.71978,10.72292,0.00,0.00
2015.11.23 14:01:49.063,10.72028,10.72342,0.00,0.00
2015.11.23 14:01:49.365,10.72079,10.72392,0.00,0.00
2015.11.23 14:01:49.667,10.7204,10.72341,0.00,0.00
2015.11.23 14:01:50.255,10.72278,10.72592,0.00,0.00
2015.11.23 14:01:50.824,10.7237,10.72629,0.00,0.00
2015.11.23 14:01:50.925,10.7228,10.72597,0.00,0.00
2015.11.23 14:01:51.126,10.72278,10.72597,0.00,0.00
2015.11.23 14:01:51.176,10.72269,10.72546,0.00,0.00
2015.11.23 14:01:51.481,10.72328,10.72622,0.00,0.00
2015.11.23 14:01:51.531,10.72369,10.72642,0.00,0.00
2015.11.23 14:01:51.582,10.72379,10.72678,0.00,0.00
2015.11.23 14:01:51.683,10.72379,10.72691,0.00,0.00
2015.11.23 14:01:52.137,10.72429,10.72709,0.00,0.00
2015.11.23 14:01:52.583,10.72378,10.72697,0.00,0.00
2015.11.23 14:01:52.635,10.72378,10.72666,0.00,0.00
2015.11.23 14:01:52.744,10.72378,10.72692,0.00,0.00
2015.11.23 14:01:53.104,10.72359,10.72647,0.00,0.00
2015.11.23 14:01:53.452,10.724,10.72692,0.00,0.00
2015.11.23 14:01:53.586,10.72428,10.72712,0.00,0.00
2015.11.23 14:01:53.687,10.72428,10.72742,0.00,0.00
2015.11.23 14:01:54.014,10.7242,10.72721,0.00,0.00
2015.11.23 14:01:54.318,10.72359,10.72622,0.00,0.00
2015.11.23 14:01:54.369,10.72352,10.72622,0.00,0.00
2015.11.23 14:01:54.424,10.72358,10.72672,0.00,0.00
2015.11.23 14:01:54.590,10.72358,10.72662,0.00,0.00
2015.11.23 14:01:54.942,10.7245,10.72702,0.00,0.00
2015.11.23 14:01:55.282,10.72419,10.72721,0.00,0.00
2015.11.23 14:01:55.656,10.72419,10.72682,0.00,0.00
2015.11.23 14:01:55.796,10.72419,10.72701,0.00,0.00
2015.11.23 14:01:55.846,10.72449,10.72701,0.00,0.00
2015.11.23 14:01:55.897,10.72449,10.72722,0.00,0.00
2015.11.23 14:01:55.998,10.72451,10.72722,0.00,0.00
2015.11.23 14:01:56.355,10.7253,10.72762,0.00,0.00
2015.11.23 14:01:56.524,10.72489,10.72722,0.00,0.00
2015.11.23 14:01:56.575,10.72419,10.72722,0.00,0.00
2015.11.23 14:01:56.676,10.72429,10.72722,0.00,0.00
2015.11.23 14:01:57.002,10.72539,10.72772,0.00,0.00
2015.11.23 14:01:57.103,10.7254,10.72821,0.00,0.00
2015.11.23 14:01:57.162,10.7254,10.72812,0.00,0.00
2015.11.23 14:01:57.682,10.7241,10.72682,0.00,0.00
2015.11.23 14:01:57.784,10.72459,10.72761,0.00,0.00
2015.11.23 14:01:57.946,10.72408,10.72722,0.00,0.00
2015.11.23 14:01:58.098,10.72402,10.72672,0.00,0.00
2015.11.23 14:01:58.199,10.72359,10.72672,0.00,0.00
2015.11.23 14:01:58.308,10.72358,10.72662,0.00,0.00
2015.11.23 14:01:58.510,10.72308,10.72622,0.00,0.00
2015.11.23 14:01:58.611,10.72308,10.72611,0.00,0.00
2015.11.23 14:01:59.072,10.72409,10.7266,0.00,0.00
2015.11.23 14:01:59.122,10.72409,10.72678,0.00,0.00
2015.11.23 14:01:59.173,10.72319,10.72622,0.00,0.00
2015.11.23 14:01:59.274,10.72409,10.72652,0.00,0.00
2015.11.23 14:01:59.375,10.7242,10.72698,0.00,0.00
2015.11.23 14:01:59.426,10.72441,10.72721,0.00,0.00
2015.11.23 14:01:59.476,10.72519,10.72721,0.00,0.00
2015.11.23 14:01:59.527,10.72519,10.72771,0.00,0.00
2015.11.23 14:01:59.628,10.72459,10.7274,0.00,0.00
2015.11.23 14:01:59.729,10.72439,10.72721,0.00,0.00
2015.11.23 14:01:59.932,10.72439,10.72672,0.00,0.00
2015.11.23 14:02:00.033,10.72402,10.72672,0.00,0.00
2015.11.23 14:02:00.084,10.72358,10.72672,0.00,0.00
2015.11.23 14:02:00.370,10.7246,10.72701,0.00,0.00
2015.11.23 14:02:00.421,10.72452,10.72701,0.00,0.00
2015.11.23 14:02:00.472,10.72452,10.72722,0.00,0.00
2015.11.23 14:02:00.522,10.72419,10.72671,0.00,0.00
2015.11.23 14:02:00.763,10.72408,10.72671,0.00,0.00
2015.11.23 14:02:00.870,10.72408,10.72722,0.00,0.00
2015.11.23 14:02:01.257,10.72401,10.72672,0.00,0.00
2015.11.23 14:02:01.409,10.72359,10.72672,0.00,0.00
2015.11.23 14:02:01.694,10.72409,10.72691,0.00,0.00
2015.11.23 14:02:01.795,10.7242,10.72711,0.00,0.00
2015.11.23 14:02:01.896,10.72419,10.72722,0.00,0.00
2015.11.23 14:02:02.047,10.72492,10.72761,0.00,0.00
2015.11.23 14:02:02.098,10.72492,10.72769,0.00,0.00
2015.11.23 14:02:02.148,10.72509,10.72772,0.00,0.00
2015.11.23 14:02:02.199,10.72509,10.72801,0.00,0.00
2015.11.23 14:02:02.300,10.72509,10.72772,0.00,0.00
2015.11.23 14:02:02.401,10.72559,10.72861,0.00,0.00
2015.11.23 14:02:02.452,10.72559,10.7283,0.00,0.00
2015.11.23 14:02:02.604,10.72509,10.72782,0.00,0.00
2015.11.23 14:02:02.953,10.72508,10.72742,0.00,0.00
2015.11.23 14:02:03.005,10.72508,10.72752,0.00,0.00
2015.11.23 14:02:03.106,10.72508,10.72791,0.00,0.00
2015.11.23 14:02:03.460,10.72461,10.72772,0.00,0.00
2015.11.23 14:02:03.561,10.72458,10.72772,0.00,0.00
2015.11.23 14:02:03.611,10.72458,10.72762,0.00,0.00
2015.11.23 14:02:03.712,10.72458,10.72772,0.00,0.00
2015.11.23 14:02:04.116,10.72509,10.72811,0.00,0.00
2015.11.23 14:02:04.218,10.72509,10.72821,0.00,0.00
2015.11.23 14:02:05.356,10.72529,10.72821,0.00,0.00
2015.11.23 14:02:05.619,10.72509,10.72821,0.00,0.00
2015.11.23 14:02:05.669,10.72519,10.72821,0.00,0.00
2015.11.23 14:02:05.821,10.72509,10.72821,0.00,0.00
2015.11.23 14:02:05.972,10.7257,10.72821,0.00,0.00
2015.11.23 14:02:06.124,10.72608,10.72871,0.00,0.00
2015.11.23 14:02:06.428,10.72619,10.7287,0.00,0.00
2015.11.23 14:02:06.630,10.72749,10.73022,0.00,0.00
2015.11.23 14:02:06.731,10.72732,10.73021,0.00,0.00
2015.11.23 14:02:06.781,10.72791,10.73021,0.00,0.00
2015.11.23 14:02:06.883,10.72769,10.73072,0.00,0.00
2015.11.23 14:02:07.189,10.72808,10.73122,0.00,0.00
2015.11.23 14:02:07.619,10.72758,10.73072,0.00,0.00
2015.11.23 14:02:07.973,10.72891,10.73072,0.00,0.00
2015.11.23 14:02:08.074,10.72908,10.73201,0.00,0.00
2015.11.23 14:02:08.193,10.72908,10.73221,0.00,0.00
2015.11.23 14:02:08.448,10.72908,10.73196,0.00,0.00
2015.11.23 14:02:08.499,10.72908,10.73221,0.00,0.00
2015.11.23 14:02:08.600,10.72908,10.73206,0.00,0.00
2015.11.23 14:02:08.941,10.73009,10.73272,0.00,0.00
2015.11.23 14:02:09.093,10.72809,10.73127,0.00,0.00
2015.11.23 14:02:09.143,10.72842,10.73127,0.00,0.00
2015.11.23 14:02:09.449,10.72752,10.73026,0.00,0.00
2015.11.23 14:02:09.499,10.72759,10.73071,0.00,0.00
2015.11.23 14:02:09.601,10.72781,10.73071,0.00,0.00
2015.11.23 14:02:10.070,10.72808,10.73122,0.00,0.00
2015.11.23 14:02:10.133,10.72821,10.73122,0.00,0.00
2015.11.23 14:02:10.435,10.73008,10.73298,0.00,0.00
2015.11.23 14:02:10.536,10.73008,10.73322,0.00,0.00
2015.11.23 14:02:10.637,10.73,10.73277,0.00,0.00
2015.11.23 14:02:10.688,10.72992,10.73277,0.00,0.00
2015.11.23 14:02:10.739,10.73009,10.73321,0.00,0.00
2015.11.23 14:02:11.073,10.73179,10.73372,0.00,0.00
2015.11.23 14:02:11.174,10.73182,10.73492,0.00,0.00
2015.11.23 14:02:11.275,10.73149,10.73392,0.00,0.00
2015.11.23 14:02:11.577,10.73201,10.73402,0.00,0.00
2015.11.23 14:02:11.628,10.73169,10.73441,0.00,0.00
2015.11.23 14:02:11.678,10.73229,10.73442,0.00,0.00
2015.11.23 14:02:11.729,10.73229,10.73471,0.00,0.00
2015.11.23 14:02:11.780,10.73169,10.73471,0.00,0.00
2015.11.23 14:02:11.830,10.73169,10.73452,0.00,0.00
2015.11.23 14:02:11.881,10.73162,10.73452,0.00,0.00
2015.11.23 14:02:11.932,10.73259,10.73482,0.00,0.00
2015.11.23 14:02:12.476,10.73389,10.73489,0.00,0.00
2015.11.23 14:02:12.529,10.73408,10.73721,0.00,0.00
2015.11.23 14:02:12.580,10.73408,10.73711,0.00,0.00
2015.11.23 14:02:12.883,10.73402,10.73651,0.00,0.00
2015.11.23 14:02:12.934,10.73359,10.73651,0.00,0.00
2015.11.23 14:02:12.984,10.73359,10.73611,0.00,0.00
2015.11.23 14:02:13.136,10.7333,10.73588,0.00,0.00
2015.11.23 14:02:13.287,10.73349,10.73588,0.00,0.00
2015.11.23 14:02:13.388,10.73329,10.73588,0.00,0.00
2015.11.23 14:02:13.823,10.73359,10.73561,0.00,0.00
2015.11.23 14:02:14.026,10.73509,10.73728,0.00,0.00
2015.11.23 14:02:14.127,10.73399,10.73672,0.00,0.00
2015.11.23 14:02:14.178,10.73419,10.73672,0.00,0.00
2015.11.23 14:02:14.430,10.73469,10.73752,0.00,0.00
2015.11.23 14:02:14.507,10.73491,10.73771,0.00,0.00
2015.11.23 14:02:14.610,10.73469,10.73752,0.00,0.00
2015.11.23 14:02:14.664,10.73508,10.73752,0.00,0.00
2015.11.23 14:02:14.715,10.73519,10.73772,0.00,0.00
2015.11.23 14:02:14.918,10.73459,10.73732,0.00,0.00
2015.11.23 14:02:15.176,10.7344,10.73622,0.00,0.00
2015.11.23 14:02:15.227,10.73408,10.73652,0.00,0.00
2015.11.23 14:02:15.329,10.73408,10.73692,0.00,0.00
2015.11.23 14:02:15.430,10.73408,10.73602,0.00,0.00
2015.11.23 14:02:15.624,10.73359,10.73621,0.00,0.00
2015.11.23 14:02:15.725,10.73309,10.73621,0.00,0.00
2015.11.23 14:02:15.874,10.73302,10.73522,0.00,0.00
2015.11.23 14:02:16.026,10.73208,10.73449,0.00,0.00
2015.11.23 14:02:16.127,10.7311,10.73421,0.00,0.00
2015.11.23 14:02:16.180,10.73139,10.73421,0.00,0.00
2015.11.23 14:02:16.579,10.73319,10.7344,0.00,0.00
2015.11.23 14:02:16.630,10.7335,10.73521,0.00,0.00
2015.11.23 14:02:16.683,10.73241,10.73521,0.00,0.00
2015.11.23 14:02:16.885,10.73259,10.73568,0.00,0.00
2015.11.23 14:02:17.240,10.73259,10.73562,0.00,0.00
2015.11.23 14:02:17.542,10.73309,10.7349,0.00,0.00
2015.11.23 14:02:17.866,10.73309,10.73599,0.00,0.00
2015.11.23 14:02:17.916,10.73309,10.73592,0.00,0.00
2015.11.23 14:02:18.225,10.73391,10.73641,0.00,0.00
2015.11.23 14:02:18.275,10.73351,10.73641,0.00,0.00
2015.11.23 14:02:18.326,10.73389,10.73642,0.00,0.00
2015.11.23 14:02:18.528,10.73459,10.73741,0.00,0.00
2015.11.23 14:02:18.579,10.73471,10.73741,0.00,0.00
2015.11.23 14:02:18.682,10.73469,10.73741,0.00,0.00
2015.11.23 14:02:18.733,10.73442,10.73741,0.00,0.00
2015.11.23 14:02:18.784,10.73442,10.73642,0.00,0.00
2015.11.23 14:02:19.070,10.73629,10.73841,0.00,0.00
2015.11.23 14:02:19.121,10.73639,10.73841,0.00,0.00
2015.11.23 14:02:19.222,10.73639,10.73891,0.00,0.00
2015.11.23 14:02:19.273,10.73672,10.73891,0.00,0.00
2015.11.23 14:02:19.425,10.73719,10.73942,0.00,0.00
2015.11.23 14:02:19.594,10.7376,10.73942,0.00,0.00
2015.11.23 14:02:19.645,10.7376,10.73991,0.00,0.00
2015.11.23 14:02:19.696,10.73771,10.73991,0.00,0.00
2015.11.23 14:02:19.847,10.73771,10.74042,0.00,0.00
2015.11.23 14:02:19.898,10.73759,10.74042,0.00,0.00
2015.11.23 14:02:19.948,10.73759,10.73991,0.00,0.00
2015.11.23 14:02:20.469,10.7377,10.73992,0.00,0.00
2015.11.23 14:02:20.520,10.73729,10.73992,0.00,0.00
2015.11.23 14:02:20.571,10.73781,10.73992,0.00,0.00
2015.11.23 14:02:20.621,10.73781,10.74042,0.00,0.00
2015.11.23 14:02:20.744,10.7379,10.74042,0.00,0.00
2015.11.23 14:02:20.845,10.73789,10.74091,0.00,0.00
2015.11.23 14:02:20.895,10.73871,10.74091,0.00,0.00
2015.11.23 14:02:21.052,10.73871,10.74142,0.00,0.00
2015.11.23 14:02:21.204,10.73959,10.74142,0.00,0.00
2015.11.23 14:02:21.305,10.7386,10.74142,0.00,0.00
2015.11.23 14:02:21.584,10.73842,10.73991,0.00,0.00
2015.11.23 14:02:21.636,10.73771,10.73991,0.00,0.00
2015.11.23 14:02:21.737,10.73731,10.73991,0.00,0.00
2015.11.23 14:02:21.855,10.73731,10.73942,0.00,0.00
2015.11.23 14:02:22.058,10.73732,10.7401,0.00,0.00
2015.11.23 14:02:22.108,10.73809,10.74041,0.00,0.00
2015.11.23 14:02:22.260,10.73851,10.74092,0.00,0.00
2015.11.23 14:02:22.361,10.73862,10.74092,0.00,0.00
2015.11.23 14:02:22.462,10.73839,10.74092,0.00,0.00
2015.11.23 14:02:22.513,10.73822,10.74042,0.00,0.00
2015.11.23 14:02:22.791,10.73769,10.73991,0.00,0.00
2015.11.23 14:02:22.846,10.73701,10.73991,0.00,0.00
2015.11.23 14:02:22.947,10.73709,10.73951,0.00,0.00
2015.11.23 14:02:23.054,10.7371,10.7399,0.00,0.00
2015.11.23 14:02:23.155,10.73759,10.74041,0.00,0.00
2015.11.23 14:02:23.266,10.7382,10.74051,0.00,0.00
2015.11.23 14:02:23.368,10.7381,10.74102,0.00,0.00
2015.11.23 14:02:23.568,10.73899,10.74102,0.00,0.00
2015.11.23 14:02:23.619,10.73899,10.74151,0.00,0.00
2015.11.23 14:02:23.670,10.7391,10.74151,0.00,0.00
2015.11.23 14:02:23.720,10.7391,10.7419,0.00,0.00
2015.11.23 14:02:23.771,10.74001,10.74202,0.00,0.00
2015.11.23 14:02:23.873,10.73989,10.74202,0.00,0.00
2015.11.23 14:02:24.165,10.74059,10.74291,0.00,0.00
2015.11.23 14:02:24.215,10.74101,10.74291,0.00,0.00
2015.11.23 14:02:24.266,10.74101,10.74391,0.00,0.00
2015.11.23 14:02:24.317,10.74171,10.74391,0.00,0.00
2015.11.23 14:02:24.468,10.74202,10.74451,0.00,0.00
2015.11.23 14:02:24.519,10.74199,10.74451,0.00,0.00
2015.11.23 14:02:24.570,10.7416,10.74382,0.00,0.00
2015.11.23 14:02:24.672,10.74219,10.74452,0.00,0.00
2015.11.23 14:02:24.727,10.7423,10.74452,0.00,0.00
2015.11.23 14:02:24.931,10.7423,10.74462,0.00,0.00
2015.11.23 14:02:25.004,10.7423,10.74482,0.00,0.00
2015.11.23 14:02:25.105,10.74191,10.74482,0.00,0.00
2015.11.23 14:02:25.457,10.7421,10.74482,0.00,0.00
2015.11.23 14:02:25.769,10.74201,10.74482,0.00,0.00
2015.11.23 14:02:25.870,10.74201,10.74472,0.00,0.00
2015.11.23 14:02:26.173,10.74301,10.74581,0.00,0.00
2015.11.23 14:02:26.274,10.74339,10.74532,0.00,0.00
2015.11.23 14:02:26.374,10.74359,10.74592,0.00,0.00
2015.11.23 14:02:26.425,10.74391,10.74592,0.00,0.00
2015.11.23 14:02:26.476,10.74391,10.74632,0.00,0.00
2015.11.23 14:02:26.577,10.74479,10.74681,0.00,0.00
2015.11.23 14:02:26.886,10.74389,10.74632,0.00,0.00
2015.11.23 14:02:26.937,10.74409,10.74632,0.00,0.00
2015.11.23 14:02:26.987,10.74409,10.74681,0.00,0.00
2015.11.23 14:02:27.038,10.74401,10.74631,0.00,0.00
2015.11.23 14:02:27.089,10.74389,10.74631,0.00,0.00
2015.11.23 14:02:27.190,10.74521,10.74742,0.00,0.00
2015.11.23 14:02:27.240,10.74529,10.74771,0.00,0.00
2015.11.23 14:02:27.341,10.74529,10.74741,0.00,0.00
2015.11.23 14:02:27.442,10.74559,10.74841,0.00,0.00
2015.11.23 14:02:27.493,10.74601,10.74841,0.00,0.00
2015.11.23 14:02:27.784,10.74569,10.74841,0.00,0.00
2015.11.23 14:02:27.834,10.74621,10.74841,0.00,0.00
2015.11.23 14:02:28.336,10.74701,10.74841,0.00,0.00
2015.11.23 14:02:28.387,10.74701,10.74892,0.00,0.00
2015.11.23 14:02:28.438,10.74701,10.74942,0.00,0.00
2015.11.23 14:02:28.488,10.74712,10.74942,0.00,0.00
2015.11.23 14:02:28.741,10.7455,10.74842,0.00,0.00
2015.11.23 14:02:28.791,10.7455,10.74792,0.00,0.00
2015.11.23 14:02:29.094,10.74702,10.74941,0.00,0.00
2015.11.23 14:02:29.509,10.74751,10.74941,0.00,0.00
2015.11.23 14:02:29.561,10.74701,10.74941,0.00,0.00
2015.11.23 14:02:30.090,10.74702,10.74892,0.00,0.00
2015.11.23 14:02:30.141,10.74621,10.74882,0.00,0.00
2015.11.23 14:02:30.192,10.74621,10.74742,0.00,0.00
2015.11.23 14:02:30.293,10.74531,10.74801,0.00,0.00
2015.11.23 14:02:30.393,10.74531,10.74831,0.00,0.00
2015.11.23 14:02:30.444,10.74531,10.74822,0.00,0.00
2015.11.23 14:02:30.805,10.74531,10.74831,0.00,0.00
2015.11.23 14:02:30.857,10.74531,10.74822,0.00,0.00
2015.11.23 14:02:31.182,10.74459,10.74722,0.00,0.00
2015.11.23 14:02:31.333,10.74419,10.74722,0.00,0.00
2015.11.23 14:02:31.385,10.74532,10.74742,0.00,0.00
2015.11.23 14:02:31.692,10.74549,10.74742,0.00,0.00
2015.11.23 14:02:32.042,10.74532,10.74742,0.00,0.00
2015.11.23 14:02:32.093,10.74549,10.74791,0.00,0.00
2015.11.23 14:02:32.143,10.74561,10.74791,0.00,0.00
2015.11.23 14:02:32.294,10.74561,10.74872,0.00,0.00
2015.11.23 14:02:32.644,10.74608,10.74882,0.00,0.00
2015.11.23 14:02:32.745,10.74608,10.74922,0.00,0.00
2015.11.23 14:02:32.897,10.7461,10.74922,0.00,0.00
2015.11.23 14:02:33.241,10.74601,10.74872,0.00,0.00
2015.11.23 14:02:33.293,10.74609,10.74921,0.00,0.00
2015.11.23 14:02:33.547,10.74609,10.74902,0.00,0.00
2015.11.23 14:02:33.648,10.74609,10.74911,0.00,0.00
2015.11.23 14:02:33.847,10.74609,10.74902,0.00,0.00
2015.11.23 14:02:34.367,10.74609,10.74921,0.00,0.00
2015.11.23 14:02:34.468,10.74601,10.74872,0.00,0.00
2015.11.23 14:02:34.752,10.74531,10.74821,0.00,0.00
2015.11.23 14:02:34.803,10.74531,10.74771,0.00,0.00
2015.11.23 14:02:35.055,10.74608,10.74922,0.00,0.00
2015.11.23 14:02:35.156,10.74608,10.74912,0.00,0.00
2015.11.23 14:02:35.459,10.74602,10.74822,0.00,0.00
2015.11.23 14:02:35.560,10.7454,10.74822,0.00,0.00
2015.11.23 14:02:36.184,10.74591,10.74822,0.00,0.00
2015.11.23 14:02:36.235,10.74591,10.74872,0.00,0.00
2015.11.23 14:02:36.487,10.74608,10.74911,0.00,0.00
2015.11.23 14:02:36.588,10.74709,10.74922,0.00,0.00
2015.11.23 14:02:36.690,10.74709,10.74992,0.00,0.00
2015.11.23 14:02:36.791,10.74701,10.74922,0.00,0.00
2015.11.23 14:02:36.842,10.74681,10.74922,0.00,0.00
2015.11.23 14:02:36.893,10.74608,10.74882,0.00,0.00
2015.11.23 14:02:37.190,10.74802,10.74902,0.00,0.00
2015.11.23 14:02:37.241,10.7486,10.75091,0.00,0.00
2015.11.23 14:02:37.343,10.74819,10.75122,0.00,0.00
2015.11.23 14:02:37.394,10.74808,10.75101,0.00,0.00
2015.11.23 14:02:37.710,10.74858,10.75142,0.00,0.00
2015.11.23 14:02:37.962,10.74808,10.75102,0.00,0.00
2015.11.23 14:02:38.013,10.74802,10.75071,0.00,0.00
2015.11.23 14:02:38.063,10.74791,10.75071,0.00,0.00
2015.11.23 14:02:38.165,10.7478,10.74992,0.00,0.00
2015.11.23 14:02:38.216,10.74758,10.74992,0.00,0.00
2015.11.23 14:02:38.477,10.74708,10.75001,0.00,0.00
2015.11.23 14:02:38.578,10.74808,10.75001,0.00,0.00
2015.11.23 14:02:38.679,10.7491,10.75212,0.00,0.00
2015.11.23 14:02:38.883,10.74958,10.75182,0.00,0.00
2015.11.23 14:02:38.984,10.74999,10.75271,0.00,0.00
2015.11.23 14:02:39.035,10.74972,10.75271,0.00,0.00
2015.11.23 14:02:39.086,10.74909,10.75221,0.00,0.00
2015.11.23 14:02:39.225,10.74909,10.75212,0.00,0.00
2015.11.23 14:02:39.534,10.74991,10.75272,0.00,0.00
2015.11.23 14:02:39.822,10.75009,10.75321,0.00,0.00
2015.11.23 14:02:39.923,10.75059,10.75321,0.00,0.00
2015.11.23 14:02:40.307,10.75051,10.75321,0.00,0.00
2015.11.23 14:02:40.567,10.75051,10.75302,0.00,0.00
2015.11.23 14:02:40.668,10.75051,10.75321,0.00,0.00
2015.11.23 14:02:41.172,10.75101,10.75321,0.00,0.00
2015.11.23 14:02:41.224,10.75108,10.75422,0.00,0.00
2015.11.23 14:02:41.325,10.75101,10.75372,0.00,0.00
2015.11.23 14:02:41.375,10.75059,10.75372,0.00,0.00
2015.11.23 14:02:41.426,10.75109,10.7542,0.00,0.00
2015.11.23 14:02:41.728,10.75101,10.75372,0.00,0.00
2015.11.23 14:02:41.829,10.75092,10.75372,0.00,0.00
2015.11.23 14:02:41.930,10.7509,10.75372,0.00,0.00
2015.11.23 14:02:41.981,10.75108,10.7542,0.00,0.00
2015.11.23 14:02:42.032,10.75108,10.75391,0.00,0.00
2015.11.23 14:02:42.334,10.75078,10.75241,0.00,0.00
2015.11.23 14:02:42.627,10.74901,10.75092,0.00,0.00
2015.11.23 14:02:42.779,10.74871,10.75092,0.00,0.00
2015.11.23 14:02:42.830,10.74848,10.7509,0.00,0.00
2015.11.23 14:02:42.931,10.74819,10.75091,0.00,0.00
2015.11.23 14:02:42.981,10.74802,10.75042,0.00,0.00
2015.11.23 14:02:44.013,10.7479,10.74941,0.00,0.00
2015.11.23 14:02:44.064,10.74701,10.74941,0.00,0.00
2015.11.23 14:02:44.165,10.7472,10.74941,0.00,0.00
2015.11.23 14:02:44.266,10.74701,10.74941,0.00,0.00
2015.11.23 14:02:44.376,10.74701,10.74892,0.00,0.00
2015.11.23 14:02:44.427,10.74691,10.7489,0.00,0.00
2015.11.23 14:02:44.478,10.74638,10.7489,0.00,0.00
2015.11.23 14:02:44.531,10.74591,10.74791,0.00,0.00
2015.11.23 14:02:44.582,10.74568,10.74791,0.00,0.00
2015.11.23 14:02:44.632,10.7454,10.74742,0.00,0.00
2015.11.23 14:02:44.733,10.74549,10.74792,0.00,0.00
2015.11.23 14:02:44.784,10.74551,10.74792,0.00,0.00
2015.11.23 14:02:44.936,10.74599,10.74841,0.00,0.00
2015.11.23 14:02:44.987,10.74609,10.74841,0.00,0.00
2015.11.23 14:02:45.368,10.74599,10.74841,0.00,0.00
2015.11.23 14:02:45.420,10.74608,10.74841,0.00,0.00
2015.11.23 14:02:45.521,10.74601,10.74841,0.00,0.00
2015.11.23 14:02:45.781,10.74569,10.74841,0.00,0.00
2015.11.23 14:02:45.832,10.74539,10.74741,0.00,0.00
2015.11.23 14:02:45.883,10.74501,10.74741,0.00,0.00
2015.11.23 14:02:46.037,10.74508,10.74822,0.00,0.00
2015.11.23 14:02:46.357,10.74501,10.74645,0.00,0.00
2015.11.23 14:02:46.458,10.74498,10.74622,0.00,0.00
2015.11.23 14:02:46.509,10.74401,10.74622,0.00,0.00
2015.11.23 14:02:46.835,10.74448,10.74721,0.00,0.00
2015.11.23 14:02:47.039,10.74481,10.74771,0.00,0.00
2015.11.23 14:02:47.090,10.74458,10.7476,0.00,0.00
2015.11.23 14:02:47.241,10.74408,10.74722,0.00,0.00
2015.11.23 14:02:47.292,10.74471,10.74722,0.00,0.00
2015.11.23 14:02:47.443,10.74509,10.74821,0.00,0.00
2015.11.23 14:02:47.494,10.74558,10.74821,0.00,0.00
2015.11.23 14:02:47.600,10.74508,10.74772,0.00,0.00
2015.11.23 14:02:47.651,10.74549,10.74772,0.00,0.00
2015.11.23 14:02:47.752,10.7453,10.74772,0.00,0.00
2015.11.23 14:02:47.803,10.74589,10.7482,0.00,0.00
2015.11.23 14:02:47.854,10.74589,10.74822,0.00,0.00
2015.11.23 14:02:47.905,10.74568,10.74822,0.00,0.00
2015.11.23 14:02:48.171,10.74508,10.74822,0.00,0.00
2015.11.23 14:02:48.222,10.74501,10.74772,0.00,0.00
2015.11.23 14:02:48.273,10.74491,10.74772,0.00,0.00
2015.11.23 14:02:48.323,10.74519,10.74772,0.00,0.00
2015.11.23 14:02:48.425,10.74469,10.74772,0.00,0.00
2015.11.23 14:02:48.476,10.74469,10.74721,0.00,0.00
2015.11.23 14:02:48.527,10.74428,10.74721,0.00,0.00
2015.11.23 14:02:48.628,10.74418,10.74721,0.00,0.00
2015.11.23 14:02:48.729,10.74428,10.74721,0.00,0.00
2015.11.23 14:02:48.830,10.74418,10.74721,0.00,0.00
2015.11.23 14:02:48.932,10.74409,10.74721,0.00,0.00
2015.11.23 14:02:49.205,10.74429,10.74721,0.00,0.00
2015.11.23 14:02:49.593,10.74398,10.74671,0.00,0.00
2015.11.23 14:02:49.695,10.74368,10.74671,0.00,0.00
2015.11.23 14:02:49.753,10.74409,10.74711,0.00,0.00
2015.11.23 14:02:49.804,10.74409,10.74721,0.00,0.00
2015.11.23 14:02:49.905,10.74418,10.74701,0.00,0.00
2015.11.23 14:02:50.006,10.74379,10.74671,0.00,0.00
2015.11.23 14:02:50.213,10.74398,10.74622,0.00,0.00
2015.11.23 14:02:50.314,10.74388,10.74622,0.00,0.00
2015.11.23 14:02:50.415,10.74368,10.74622,0.00,0.00
2015.11.23 14:02:50.516,10.74329,10.74622,0.00,0.00
2015.11.23 14:02:50.617,10.74389,10.74622,0.00,0.00
2015.11.23 14:02:50.667,10.74389,10.74672,0.00,0.00
2015.11.23 14:02:50.718,10.74401,10.74672,0.00,0.00
2015.11.23 14:02:51.049,10.74368,10.74671,0.00,0.00
2015.11.23 14:02:51.100,10.74389,10.74671,0.00,0.00
2015.11.23 14:02:51.216,10.74409,10.74721,0.00,0.00
2015.11.23 14:02:51.267,10.74459,10.74721,0.00,0.00
2015.11.23 14:02:51.418,10.74488,10.74772,0.00,0.00
2015.11.23 14:02:51.469,10.74499,10.74772,0.00,0.00
2015.11.23 14:02:51.519,10.74509,10.74818,0.00,0.00
2015.11.23 14:02:51.621,10.74509,10.74821,0.00,0.00
2015.11.23 14:02:51.722,10.74529,10.74821,0.00,0.00
2015.11.23 14:02:52.024,10.74559,10.74822,0.00,0.00
2015.11.23 14:02:52.723,10.74539,10.74822,0.00,0.00
2015.11.23 14:02:52.774,10.74558,10.74811,0.00,0.00
2015.11.23 14:02:52.925,10.74409,10.74721,0.00,0.00
2015.11.23 14:02:53.177,10.74508,10.74782,0.00,0.00
2015.11.23 14:02:53.228,10.74508,10.74798,0.00,0.00
2015.11.23 14:02:53.279,10.74488,10.74722,0.00,0.00
2015.11.23 14:02:53.526,10.74449,10.74722,0.00,0.00
2015.11.23 14:02:53.627,10.74408,10.74722,0.00,0.00
2015.11.23 14:02:53.969,10.74359,10.74671,0.00,0.00
2015.11.23 14:02:54.279,10.74368,10.74671,0.00,0.00
2015.11.23 14:02:54.380,10.74409,10.74721,0.00,0.00
2015.11.23 14:02:54.532,10.74379,10.74672,0.00,0.00
2015.11.23 14:02:54.740,10.74369,10.74672,0.00,0.00
2015.11.23 14:02:54.813,10.74409,10.74721,0.00,0.00
2015.11.23 14:02:55.042,10.74418,10.74721,0.00,0.00
2015.11.23 14:02:55.388,10.74359,10.74672,0.00,0.00
2015.11.23 14:02:55.828,10.74359,10.74509,0.00,0.00
2015.11.23 14:02:55.878,10.74218,10.74422,0.00,0.00
2015.11.23 14:02:55.929,10.74189,10.74472,0.00,0.00
2015.11.23 14:02:56.030,10.74219,10.74522,0.00,0.00
2015.11.23 14:02:56.132,10.74228,10.74522,0.00,0.00
2015.11.23 14:02:56.233,10.74208,10.74522,0.00,0.00
2015.11.23 14:02:56.334,10.74238,10.74521,0.00,0.00
2015.11.23 14:02:56.529,10.74209,10.74521,0.00,0.00
2015.11.23 14:02:56.685,10.74208,10.74471,0.00,0.00
2015.11.23 14:02:57.024,10.74168,10.74421,0.00,0.00
2015.11.23 14:02:57.125,10.74139,10.74421,0.00,0.00
2015.11.23 14:02:57.208,10.74168,10.74421,0.00,0.00
2015.11.23 14:02:57.309,10.74138,10.74421,0.00,0.00
2015.11.23 14:02:57.451,10.74119,10.74421,0.00,0.00
2015.11.23 14:02:57.552,10.74109,10.74421,0.00,0.00
2015.11.23 14:02:57.673,10.74158,10.7445,0.00,0.00
2015.11.23 14:02:57.724,10.7417,10.74472,0.00,0.00
2015.11.23 14:02:57.825,10.74218,10.7451,0.00,0.00
2015.11.23 14:02:57.903,10.74218,10.74522,0.00,0.00
2015.11.23 14:02:58.238,10.74208,10.74522,0.00,0.00
2015.11.23 14:02:58.556,10.74218,10.74522,0.00,0.00
2015.11.23 14:02:58.657,10.74208,10.74522,0.00,0.00
2015.11.23 14:02:58.858,10.74218,10.74522,0.00,0.00
2015.11.23 14:02:59.110,10.74208,10.74522,0.00,0.00
2015.11.23 14:02:59.495,10.74228,10.74522,0.00,0.00
2015.11.23 14:02:59.546,10.74208,10.74522,0.00,0.00
2015.11.23 14:03:00.313,10.74208,10.7452,0.00,0.00
2015.11.23 14:03:01.076,10.74208,10.74471,0.00,0.00
2015.11.23 14:03:01.177,10.74308,10.74591,0.00,0.00
2015.11.23 14:03:01.228,10.74308,10.74622,0.00,0.00
2015.11.23 14:03:01.329,10.74318,10.74622,0.00,0.00
2015.11.23 14:03:01.568,10.74308,10.74622,0.00,0.00
2015.11.23 14:03:01.669,10.74359,10.7466,0.00,0.00
2015.11.23 14:03:01.973,10.74418,10.74672,0.00,0.00
2015.11.23 14:03:02.344,10.74369,10.74621,0.00,0.00
2015.11.23 14:03:02.448,10.74388,10.74672,0.00,0.00
2015.11.23 14:03:02.549,10.74429,10.74672,0.00,0.00
2015.11.23 14:03:02.821,10.74439,10.74721,0.00,0.00
2015.11.23 14:03:02.871,10.74439,10.74672,0.00,0.00
2015.11.23 14:03:02.922,10.74358,10.74672,0.00,0.00
2015.11.23 14:03:03.078,10.74328,10.74621,0.00,0.00
2015.11.23 14:03:03.129,10.74319,10.74621,0.00,0.00
2015.11.23 14:03:03.264,10.74339,10.74621,0.00,0.00
2015.11.23 14:03:03.322,10.74319,10.74621,0.00,0.00
2015.11.23 14:03:03.372,10.7433,10.74621,0.00,0.00
2015.11.23 14:03:03.673,10.74452,10.74622,0.00,0.00
2015.11.23 14:03:03.875,10.74488,10.74722,0.00,0.00
2015.11.23 14:03:03.926,10.74509,10.74722,0.00,0.00
2015.11.23 14:03:04.129,10.74509,10.74822,0.00,0.00
2015.11.23 14:03:04.180,10.74528,10.74822,0.00,0.00
2015.11.23 14:03:04.484,10.74559,10.74822,0.00,0.00
2015.11.23 14:03:04.535,10.74529,10.74822,0.00,0.00
2015.11.23 14:03:04.675,10.74519,10.74822,0.00,0.00
2015.11.23 14:03:04.726,10.74519,10.74771,0.00,0.00
2015.11.23 14:03:04.777,10.74508,10.74771,0.00,0.00
2015.11.23 14:03:05.109,10.7445,10.74722,0.00,0.00
2015.11.23 14:03:05.160,10.7441,10.74722,0.00,0.00
2015.11.23 14:03:05.226,10.74439,10.74722,0.00,0.00
2015.11.23 14:03:05.528,10.74459,10.74722,0.00,0.00
2015.11.23 14:03:05.579,10.74449,10.74722,0.00,0.00
2015.11.23 14:03:05.630,10.7441,10.74722,0.00,0.00
2015.11.23 14:03:05.739,10.74408,10.74722,0.00,0.00
2015.11.23 14:03:06.042,10.7444,10.74722,0.00,0.00
2015.11.23 14:03:06.382,10.74428,10.74722,0.00,0.00
2015.11.23 14:03:06.435,10.74438,10.74722,0.00,0.00
2015.11.23 14:03:06.593,10.74458,10.74772,0.00,0.00
2015.11.23 14:03:06.845,10.74459,10.74722,0.00,0.00
2015.11.23 14:03:06.946,10.7452,10.74792,0.00,0.00
2015.11.23 14:03:07.047,10.74529,10.74822,0.00,0.00
2015.11.23 14:03:07.149,10.74509,10.74822,0.00,0.00
2015.11.23 14:03:07.230,10.74518,10.74822,0.00,0.00
2015.11.23 14:03:07.331,10.74509,10.74822,0.00,0.00
2015.11.23 14:03:07.988,10.74508,10.74812,0.00,0.00
2015.11.23 14:03:08.231,10.74509,10.74821,0.00,0.00
2015.11.23 14:03:08.433,10.74519,10.74821,0.00,0.00
2015.11.23 14:03:08.783,10.7455,10.74821,0.00,0.00
2015.11.23 14:03:09.316,10.74549,10.74821,0.00,0.00
2015.11.23 14:03:09.863,10.74549,10.74741,0.00,0.00
2015.11.23 14:03:09.914,10.7452,10.74741,0.00,0.00
2015.11.23 14:03:10.442,10.74519,10.74741,0.00,0.00
2015.11.23 14:03:10.543,10.74502,10.74741,0.00,0.00
2015.11.23 14:03:10.594,10.74549,10.74741,0.00,0.00
2015.11.23 14:03:11.225,10.74519,10.74741,0.00,0.00
2015.11.23 14:03:11.489,10.74502,10.74741,0.00,0.00
2015.11.23 14:03:11.975,10.74508,10.74818,0.00,0.00
2015.11.23 14:03:12.082,10.74558,10.74818,0.00,0.00
2015.11.23 14:03:12.189,10.74558,10.74859,0.00,0.00
2015.11.23 14:03:12.980,10.74542,10.7482,0.00,0.00
2015.11.23 14:03:13.031,10.7451,10.7482,0.00,0.00
2015.11.23 14:03:13.082,10.74508,10.74702,0.00,0.00
2015.11.23 14:03:13.183,10.74509,10.74771,0.00,0.00
2015.11.23 14:03:13.291,10.74509,10.747,0.00,0.00
2015.11.23 14:03:13.342,10.74402,10.74622,0.00,0.00
2015.11.23 14:03:13.393,10.74308,10.74622,0.00,0.00
2015.11.23 14:03:14.186,10.74308,10.74621,0.00,0.00
2015.11.23 14:03:14.494,10.74308,10.74561,0.00,0.00
2015.11.23 14:03:14.545,10.74291,10.74561,0.00,0.00
2015.11.23 14:03:14.645,10.74259,10.74542,0.00,0.00
2015.11.23 14:03:14.746,10.74209,10.74521,0.00,0.00
2015.11.23 14:03:15.086,10.74209,10.74511,0.00,0.00
2015.11.23 14:03:15.627,10.74109,10.74422,0.00,0.00
2015.11.23 14:03:15.681,10.74119,10.74422,0.00,0.00
2015.11.23 14:03:15.782,10.74108,10.74422,0.00,0.00
2015.11.23 14:03:15.996,10.7414,10.74422,0.00,0.00
2015.11.23 14:03:16.203,10.74108,10.74422,0.00,0.00
2015.11.23 14:03:16.455,10.74119,10.74422,0.00,0.00
2015.11.23 14:03:17.031,10.74108,10.74422,0.00,0.00
2015.11.23 14:03:17.299,10.74091,10.74372,0.00,0.00
2015.11.23 14:03:17.350,10.74058,10.74372,0.00,0.00
2015.11.23 14:03:17.473,10.74052,10.74321,0.00,0.00
2015.11.23 14:03:17.674,10.74009,10.74321,0.00,0.00
2015.11.23 14:03:18.549,10.74008,10.74322,0.00,0.00
2015.11.23 14:03:18.852,10.74029,10.74322,0.00,0.00
2015.11.23 14:03:19.337,10.74059,10.74322,0.00,0.00
2015.11.23 14:03:20.010,10.7401,10.74322,0.00,0.00
2015.11.23 14:03:20.650,10.74008,10.74322,0.00,0.00
2015.11.23 14:03:20.852,10.7402,10.74308,0.00,0.00
2015.11.23 14:03:21.315,10.74008,10.743,0.00,0.00
2015.11.23 14:03:21.366,10.74008,10.74308,0.00,0.00
2015.11.23 14:03:21.682,10.7402,10.74308,0.00,0.00
2015.11.23 14:03:21.817,10.7401,10.74308,0.00,0.00
2015.11.23 14:03:21.966,10.74059,10.74308,0.00,0.00
2015.11.23 14:03:22.067,10.74089,10.74371,0.00,0.00
2015.11.23 14:03:22.169,10.74091,10.74371,0.00,0.00
2015.11.23 14:03:22.220,10.74108,10.74422,0.00,0.00
2015.11.23 14:03:22.450,10.74189,10.74439,0.00,0.00
2015.11.23 14:03:22.501,10.74191,10.74472,0.00,0.00
2015.11.23 14:03:22.552,10.74229,10.74472,0.00,0.00
2015.11.23 14:03:22.653,10.74239,10.74522,0.00,0.00
2015.11.23 14:03:22.753,10.74241,10.74522,0.00,0.00
2015.11.23 14:03:23.188,10.74208,10.74522,0.00,0.00
2015.11.23 14:03:23.340,10.74191,10.74472,0.00,0.00
2015.11.23 14:03:23.390,10.74158,10.74458,0.00,0.00
2015.11.23 14:03:23.441,10.74209,10.74458,0.00,0.00
2015.11.23 14:03:23.642,10.74209,10.74521,0.00,0.00
2015.11.23 14:03:25.847,10.7422,10.74521,0.00,0.00
2015.11.23 14:03:25.949,10.74209,10.74521,0.00,0.00
2015.11.23 14:03:27.384,10.74209,10.74449,0.00,0.00
2015.11.23 14:03:27.435,10.74108,10.74422,0.00,0.00
2015.11.23 14:03:27.700,10.74108,10.74399,0.00,0.00
2015.11.23 14:03:27.751,10.74071,10.74371,0.00,0.00
2015.11.23 14:03:27.802,10.74081,10.74371,0.00,0.00
2015.11.23 14:03:27.965,10.74108,10.74401,0.00,0.00
2015.11.23 14:03:28.016,10.74108,10.74422,0.00,0.00
2015.11.23 14:03:28.709,10.74158,10.74439,0.00,0.00
2015.11.23 14:03:28.923,10.74109,10.74421,0.00,0.00
2015.11.23 14:03:29.024,10.7413,10.74421,0.00,0.00
2015.11.23 14:03:29.276,10.74128,10.74421,0.00,0.00
2015.11.23 14:03:29.377,10.74109,10.74421,0.00,0.00
2015.11.23 14:03:29.597,10.74102,10.74372,0.00,0.00
2015.11.23 14:03:29.648,10.74059,10.74372,0.00,0.00
2015.11.23 14:03:30.180,10.74058,10.74372,0.00,0.00
2015.11.23 14:03:31.120,10.74051,10.74321,0.00,0.00
2015.11.23 14:03:31.171,10.74038,10.74321,0.00,0.00
2015.11.23 14:03:31.448,10.74009,10.74321,0.00,0.00
2015.11.23 14:03:31.511,10.7407,10.74321,0.00,0.00
2015.11.23 14:03:31.612,10.74108,10.74372,0.00,0.00
2015.11.23 14:03:31.713,10.74071,10.74372,0.00,0.00
2015.11.23 14:03:31.764,10.7406,10.74372,0.00,0.00
2015.11.23 14:03:31.915,10.74058,10.74372,0.00,0.00
2015.11.23 14:03:32.667,10.74058,10.74371,0.00,0.00
2015.11.23 14:03:32.718,10.74009,10.74321,0.00,0.00
2015.11.23 14:03:33.021,10.74059,10.74371,0.00,0.00
2015.11.23 14:03:33.346,10.74028,10.74322,0.00,0.00
2015.11.23 14:03:33.397,10.74009,10.74322,0.00,0.00
2015.11.23 14:03:33.584,10.74018,10.74322,0.00,0.00
2015.11.23 14:03:33.974,10.74058,10.74348,0.00,0.00
2015.11.23 14:03:34.125,10.74071,10.74362,0.00,0.00
2015.11.23 14:03:34.226,10.74071,10.74341,0.00,0.00
2015.11.23 14:03:34.277,10.74049,10.74341,0.00,0.00
2015.11.23 14:03:34.328,10.74059,10.74242,0.00,0.00
2015.11.23 14:03:34.387,10.7402,10.74242,0.00,0.00
2015.11.23 14:03:34.538,10.74001,10.74242,0.00,0.00
2015.11.23 14:03:34.809,10.74018,10.74242,0.00,0.00
2015.11.23 14:03:35.511,10.74038,10.74322,0.00,0.00
2015.11.23 14:03:35.612,10.74022,10.74322,0.00,0.00
2015.11.23 14:03:36.274,10.7405,10.74322,0.00,0.00
2015.11.23 14:03:36.325,10.74058,10.74372,0.00,0.00
2015.11.23 14:03:36.837,10.74008,10.74312,0.00,0.00
2015.11.23 14:03:37.145,10.74059,10.74352,0.00,0.00
2015.11.23 14:03:37.196,10.74059,10.74371,0.00,0.00
2015.11.23 14:03:37.297,10.74022,10.74322,0.00,0.00
2015.11.23 14:03:37.600,10.74039,10.74322,0.00,0.00
2015.11.23 14:03:38.253,10.74022,10.74322,0.00,0.00
2015.11.23 14:03:38.883,10.74008,10.7431,0.00,0.00
2015.11.23 14:03:39.503,10.74008,10.74311,0.00,0.00
2015.11.23 14:03:40.354,10.73972,10.74272,0.00,0.00
2015.11.23 14:03:40.428,10.73969,10.74272,0.00,0.00
2015.11.23 14:03:40.479,10.73958,10.74251,0.00,0.00
2015.11.23 14:03:40.580,10.73921,10.74222,0.00,0.00
2015.11.23 14:03:41.265,10.73921,10.74171,0.00,0.00
2015.11.23 14:03:41.316,10.73871,10.74171,0.00,0.00
2015.11.23 14:03:41.367,10.73859,10.74171,0.00,0.00
2015.11.23 14:03:41.468,10.7385,10.74121,0.00,0.00
2015.11.23 14:03:41.719,10.73871,10.74171,0.00,0.00
2015.11.23 14:03:41.871,10.73889,10.74171,0.00,0.00
2015.11.23 14:03:41.921,10.73908,10.74222,0.00,0.00
2015.11.23 14:03:42.912,10.73881,10.74171,0.00,0.00
2015.11.23 14:03:43.113,10.73908,10.74201,0.00,0.00
2015.11.23 14:03:43.164,10.73908,10.74171,0.00,0.00
2015.11.23 14:03:43.214,10.73858,10.74171,0.00,0.00
2015.11.23 14:03:43.265,10.73909,10.74172,0.00,0.00
2015.11.23 14:03:43.366,10.73872,10.74172,0.00,0.00
2015.11.23 14:03:44.223,10.73909,10.74211,0.00,0.00
2015.11.23 14:03:44.325,10.73909,10.74221,0.00,0.00
2015.11.23 14:03:44.426,10.7389,10.74172,0.00,0.00
2015.11.23 14:03:44.477,10.73882,10.74172,0.00,0.00
2015.11.23 14:03:44.528,10.73872,10.74172,0.00,0.00
2015.11.23 14:03:44.679,10.73872,10.74122,0.00,0.00
2015.11.23 14:03:44.730,10.73842,10.74122,0.00,0.00
2015.11.23 14:03:44.781,10.73829,10.74122,0.00,0.00
2015.11.23 14:03:44.832,10.73821,10.74122,0.00,0.00
2015.11.23 14:03:45.461,10.73821,10.73972,0.00,0.00
2015.11.23 14:03:45.663,10.73609,10.73829,0.00,0.00
2015.11.23 14:03:45.764,10.73609,10.73869,0.00,0.00
2015.11.23 14:03:45.865,10.73672,10.73919,0.00,0.00
2015.11.23 14:03:45.966,10.73708,10.73989,0.00,0.00
2015.11.23 14:03:46.696,10.73672,10.73922,0.00,0.00
2015.11.23 14:03:46.747,10.73629,10.73922,0.00,0.00
2015.11.23 14:03:46.797,10.73629,10.73911,0.00,0.00
2015.11.23 14:03:46.848,10.73609,10.73911,0.00,0.00
2015.11.23 14:03:46.949,10.73608,10.73909,0.00,0.00
2015.11.23 14:03:47.254,10.73558,10.73872,0.00,0.00
2015.11.23 14:03:47.460,10.73558,10.73829,0.00,0.00
2015.11.23 14:03:47.762,10.73459,10.73708,0.00,0.00
2015.11.23 14:03:48.251,10.73459,10.73679,0.00,0.00
2015.11.23 14:03:48.302,10.73408,10.73679,0.00,0.00
2015.11.23 14:03:48.627,10.7342,10.73679,0.00,0.00
2015.11.23 14:03:48.801,10.73428,10.73699,0.00,0.00
2015.11.23 14:03:48.852,10.73458,10.73699,0.00,0.00
2015.11.23 14:03:48.953,10.73429,10.73699,0.00,0.00
2015.11.23 14:03:49.054,10.73408,10.73698,0.00,0.00
2015.11.23 14:03:49.903,10.73408,10.73651,0.00,0.00
2015.11.23 14:03:49.953,10.73378,10.73651,0.00,0.00
2015.11.23 14:03:50.004,10.73378,10.73599,0.00,0.00
2015.11.23 14:03:50.155,10.73309,10.73599,0.00,0.00
2015.11.23 14:03:50.321,10.73309,10.73608,0.00,0.00
2015.11.23 14:03:51.546,10.73309,10.73599,0.00,0.00
2015.11.23 14:03:51.849,10.73562,10.73771,0.00,0.00
2015.11.23 14:03:51.902,10.73562,10.73788,0.00,0.00
2015.11.23 14:03:52.517,10.73661,10.73922,0.00,0.00
2015.11.23 14:03:52.863,10.73681,10.73922,0.00,0.00
2015.11.23 14:03:53.401,10.73691,10.73922,0.00,0.00
2015.11.23 14:03:54.219,10.73712,10.73972,0.00,0.00
2015.11.23 14:03:54.320,10.73762,10.73972,0.00,0.00
2015.11.23 14:03:54.370,10.73762,10.74021,0.00,0.00
2015.11.23 14:03:55.650,10.73802,10.74021,0.00,0.00
2015.11.23 14:03:55.826,10.73761,10.74021,0.00,0.00
2015.11.23 14:03:57.337,10.73761,10.7391,0.00,0.00
2015.11.23 14:03:57.387,10.73659,10.73909,0.00,0.00
2015.11.23 14:03:57.538,10.73562,10.73821,0.00,0.00
2015.11.23 14:03:57.589,10.73551,10.73821,0.00,0.00
2015.11.23 14:03:57.639,10.7356,10.73821,0.00,0.00
2015.11.23 14:03:57.740,10.73611,10.73922,0.00,0.00
2015.11.23 14:03:58.431,10.73611,10.73852,0.00,0.00
2015.11.23 14:03:58.746,10.73622,10.73852,0.00,0.00
2015.11.23 14:03:59.011,10.73612,10.73852,0.00,0.00
2015.11.23 14:03:59.262,10.7358,10.73852,0.00,0.00
2015.11.23 14:03:59.313,10.73511,10.73752,0.00,0.00
2015.11.23 14:04:00.201,10.73511,10.73652,0.00,0.00
2015.11.23 14:04:00.251,10.73458,10.73652,0.00,0.00
2015.11.23 14:04:00.774,10.73321,10.73551,0.00,0.00
2015.11.23 14:04:01.945,10.73321,10.73622,0.00,0.00
2015.11.23 14:04:02.484,10.73358,10.73658,0.00,0.00
2015.11.23 14:04:02.811,10.73411,10.7368,0.00,0.00
2015.11.23 14:04:02.862,10.73411,10.73722,0.00,0.00
2015.11.23 14:04:03.306,10.73421,10.73722,0.00,0.00
2015.11.23 14:04:03.521,10.73411,10.73722,0.00,0.00
2015.11.23 14:04:03.571,10.73411,10.7371,0.00,0.00
2015.11.23 14:04:03.904,10.73411,10.737,0.00,0.00
2015.11.23 14:04:04.433,10.73371,10.73672,0.00,0.00
2015.11.23 14:04:05.321,10.73389,10.73672,0.00,0.00
2015.11.23 14:04:05.372,10.73409,10.73708,0.00,0.00
2015.11.23 14:04:05.473,10.73409,10.73721,0.00,0.00
2015.11.23 14:04:06.173,10.73421,10.73721,0.00,0.00
2015.11.23 14:04:06.324,10.73461,10.73771,0.00,0.00
2015.11.23 14:04:06.972,10.73508,10.7379,0.00,0.00
2015.11.23 14:04:07.022,10.73508,10.73819,0.00,0.00
2015.11.23 14:04:07.073,10.73522,10.73822,0.00,0.00
2015.11.23 14:04:07.380,10.73508,10.73822,0.00,0.00
2015.11.23 14:04:08.304,10.73502,10.73771,0.00,0.00
2015.11.23 14:04:08.405,10.73471,10.73771,0.00,0.00
2015.11.23 14:04:08.545,10.73509,10.73819,0.00,0.00
2015.11.23 14:04:09.084,10.73509,10.73821,0.00,0.00
2015.11.23 14:04:09.135,10.73509,10.73811,0.00,0.00
2015.11.23 14:04:09.403,10.73509,10.73821,0.00,0.00
2015.11.23 14:04:10.821,10.73501,10.73752,0.00,0.00
2015.11.23 14:04:10.973,10.73509,10.73821,0.00,0.00
2015.11.23 14:04:11.174,10.73509,10.7381,0.00,0.00
2015.11.23 14:04:12.146,10.7353,10.73821,0.00,0.00
2015.11.23 14:04:12.487,10.73521,10.73821,0.00,0.00
2015.11.23 14:04:13.131,10.73559,10.73871,0.00,0.00
2015.11.23 14:04:13.419,10.73622,10.73871,0.00,0.00
2015.11.23 14:04:13.471,10.73622,10.73921,0.00,0.00
2015.11.23 14:04:14.575,10.73639,10.73921,0.00,0.00
2015.11.23 14:04:14.974,10.73621,10.73921,0.00,0.00
2015.11.23 14:04:15.479,10.73621,10.73821,0.00,0.00
2015.11.23 14:04:15.530,10.73572,10.73821,0.00,0.00
2015.11.23 14:04:15.581,10.73572,10.73872,0.00,0.00
2015.11.23 14:04:16.329,10.73572,10.73791,0.00,0.00
2015.11.23 14:04:16.550,10.73522,10.73742,0.00,0.00
2015.11.23 14:04:17.895,10.73522,10.73691,0.00,0.00
2015.11.23 14:04:17.945,10.73478,10.73691,0.00,0.00
2015.11.23 14:04:18.047,10.73402,10.7369,0.00,0.00
2015.11.23 14:04:18.097,10.73402,10.73642,0.00,0.00
2015.11.23 14:04:20.659,10.73402,10.73502,0.00,0.00
2015.11.23 14:04:20.710,10.73348,10.73448,0.00,0.00
2015.11.23 14:04:20.761,10.73311,10.73442,0.00,0.00
2015.11.23 14:04:20.861,10.73339,10.73541,0.00,0.00
2015.11.23 14:04:20.912,10.73351,10.73541,0.00,0.00
2015.11.23 14:04:20.963,10.73351,10.73591,0.00,0.00
2015.11.23 14:04:21.390,10.73331,10.73542,0.00,0.00
2015.11.23 14:04:21.491,10.73321,10.73542,0.00,0.00
2015.11.23 14:04:21.870,10.73339,10.73592,0.00,0.00
2015.11.23 14:04:21.920,10.73352,10.73592,0.00,0.00
2015.11.23 14:04:22.420,10.73352,10.7364,0.00,0.00
2015.11.23 14:04:22.471,10.73362,10.73641,0.00,0.00
2015.11.23 14:04:22.775,10.734,10.73692,0.00,0.00
2015.11.23 14:04:22.826,10.73452,10.73692,0.00,0.00
2015.11.23 14:04:23.151,10.73452,10.73742,0.00,0.00
2015.11.23 14:04:23.211,10.73472,10.73742,0.00,0.00
2015.11.23 14:04:23.673,10.73501,10.73741,0.00,0.00
2015.11.23 14:04:24.502,10.73489,10.73741,0.00,0.00
2015.11.23 14:04:24.553,10.73482,10.73741,0.00,0.00
2015.11.23 14:04:25.534,10.73491,10.73741,0.00,0.00
2015.11.23 14:04:25.894,10.73499,10.73741,0.00,0.00
2015.11.23 14:04:26.315,10.73499,10.73719,0.00,0.00
2015.11.23 14:04:26.365,10.73341,10.73591,0.00,0.00
2015.11.23 14:04:26.416,10.73371,10.73591,0.00,0.00
2015.11.23 14:04:26.670,10.73481,10.73742,0.00,0.00
2015.11.23 14:04:27.619,10.73471,10.73742,0.00,0.00
2015.11.23 14:04:28.768,10.73471,10.73642,0.00,0.00
2015.11.23 14:04:28.820,10.73439,10.73642,0.00,0.00
2015.11.23 14:04:28.871,10.73428,10.7364,0.00,0.00
2015.11.23 14:04:28.980,10.73372,10.73592,0.00,0.00
2015.11.23 14:04:29.372,10.73351,10.73592,0.00,0.00
2015.11.23 14:04:30.272,10.73362,10.73592,0.00,0.00
2015.11.23 14:04:30.640,10.73362,10.73571,0.00,0.00
2015.11.23 14:04:31.537,10.73362,10.73622,0.00,0.00
2015.11.23 14:04:31.588,10.73381,10.73622,0.00,0.00
2015.11.23 14:04:31.831,10.7339,10.7367,0.00,0.00
2015.11.23 14:04:31.881,10.73429,10.73672,0.00,0.00
2015.11.23 14:04:32.195,10.73411,10.73621,0.00,0.00
2015.11.23 14:04:32.685,10.73362,10.73621,0.00,0.00
2015.11.23 14:04:33.342,10.73411,10.73622,0.00,0.00
2015.11.23 14:04:33.392,10.7344,10.73672,0.00,0.00
2015.11.23 14:04:33.939,10.73441,10.73672,0.00,0.00
2015.11.23 14:04:34.040,10.73412,10.73621,0.00,0.00
2015.11.23 14:04:34.141,10.73372,10.73621,0.00,0.00
2015.11.23 14:04:34.191,10.73372,10.73572,0.00,0.00
2015.11.23 14:04:34.621,10.7343,10.73622,0.00,0.00
2015.11.23 14:04:35.002,10.73398,10.73622,0.00,0.00
2015.11.23 14:04:35.053,10.7339,10.73571,0.00,0.00
2015.11.23 14:04:35.104,10.73291,10.7357,0.00,0.00
2015.11.23 14:04:35.205,10.73271,10.7357,0.00,0.00
2015.11.23 14:04:35.256,10.73271,10.73522,0.00,0.00
2015.11.23 14:04:35.558,10.73299,10.73521,0.00,0.00
2015.11.23 14:04:35.609,10.73271,10.73521,0.00,0.00
2015.11.23 14:04:35.659,10.73292,10.73521,0.00,0.00
2015.11.23 14:04:35.993,10.73319,10.73521,0.00,0.00
2015.11.23 14:04:36.297,10.73411,10.73571,0.00,0.00
2015.11.23 14:04:36.347,10.73382,10.73621,0.00,0.00
2015.11.23 14:04:36.493,10.73371,10.73621,0.00,0.00
2015.11.23 14:04:36.544,10.73371,10.73572,0.00,0.00
2015.11.23 14:04:36.595,10.73371,10.73622,0.00,0.00
2015.11.23 14:04:36.696,10.73362,10.73622,0.00,0.00
2015.11.23 14:04:36.898,10.73362,10.73572,0.00,0.00
2015.11.23 14:04:37.253,10.73371,10.73572,0.00,0.00
2015.11.23 14:04:37.447,10.73371,10.7362,0.00,0.00
2015.11.23 14:04:37.549,10.73361,10.73621,0.00,0.00
2015.11.23 14:04:37.999,10.73361,10.73572,0.00,0.00
2015.11.23 14:04:38.100,10.73311,10.7357,0.00,0.00
2015.11.23 14:04:38.351,10.73311,10.73522,0.00,0.00
2015.11.23 14:04:39.104,10.73311,10.73472,0.00,0.00
2015.11.23 14:04:39.205,10.73271,10.73472,0.00,0.00
2015.11.23 14:04:39.313,10.73271,10.73522,0.00,0.00
2015.11.23 14:04:39.514,10.73319,10.73522,0.00,0.00
2015.11.23 14:04:39.666,10.73341,10.73572,0.00,0.00
2015.11.23 14:04:39.767,10.73341,10.73522,0.00,0.00
2015.11.23 14:04:39.868,10.73311,10.73522,0.00,0.00
2015.11.23 14:04:40.590,10.73312,10.73522,0.00,0.00
2015.11.23 14:04:40.943,10.7332,10.73522,0.00,0.00
2015.11.23 14:04:41.269,10.7333,10.73522,0.00,0.00
2015.11.23 14:04:41.837,10.73351,10.73572,0.00,0.00
2015.11.23 14:04:41.938,10.73371,10.73572,0.00,0.00
2015.11.23 14:04:42.039,10.73352,10.73572,0.00,0.00
2015.11.23 14:04:42.140,10.73371,10.73572,0.00,0.00
2015.11.23 14:04:42.191,10.73371,10.73621,0.00,0.00
2015.11.23 14:04:42.242,10.73381,10.73621,0.00,0.00
2015.11.23 14:04:42.545,10.73361,10.73622,0.00,0.00
2015.11.23 14:04:42.805,10.73351,10.73622,0.00,0.00
2015.11.23 14:04:42.856,10.73351,10.73571,0.00,0.00
2015.11.23 14:04:44.117,10.73361,10.73571,0.00,0.00
2015.11.23 14:04:44.167,10.73361,10.73621,0.00,0.00
2015.11.23 14:04:46.749,10.73361,10.73571,0.00,0.00
2015.11.23 14:04:46.800,10.73361,10.73622,0.00,0.00
2015.11.23 14:04:47.348,10.73311,10.73571,0.00,0.00
2015.11.23 14:04:47.651,10.73311,10.73521,0.00,0.00
2015.11.23 14:04:48.199,10.73282,10.73521,0.00,0.00
2015.11.23 14:04:48.403,10.73271,10.73521,0.00,0.00
2015.11.23 14:04:48.554,10.73271,10.73471,0.00,0.00
2015.11.23 14:04:48.756,10.73232,10.73471,0.00,0.00
2015.11.23 14:04:49.758,10.73229,10.73421,0.00,0.00
2015.11.23 14:04:49.809,10.73162,10.73421,0.00,0.00
2015.11.23 14:04:49.927,10.73179,10.73421,0.00,0.00
2015.11.23 14:04:50.124,10.73169,10.73421,0.00,0.00
2015.11.23 14:04:50.226,10.73162,10.73421,0.00,0.00
2015.11.23 14:04:50.390,10.73168,10.73421,0.00,0.00
2015.11.23 14:04:50.492,10.73162,10.73421,0.00,0.00
2015.11.23 14:04:51.035,10.73168,10.73421,0.00,0.00
2015.11.23 14:04:51.566,10.73169,10.73421,0.00,0.00
2015.11.23 14:04:52.096,10.73161,10.73421,0.00,0.00
2015.11.23 14:04:52.147,10.73159,10.73421,0.00,0.00
2015.11.23 14:04:52.197,10.73169,10.73421,0.00,0.00
2015.11.23 14:04:52.409,10.73162,10.73421,0.00,0.00
2015.11.23 14:04:52.583,10.73149,10.73421,0.00,0.00
2015.11.23 14:04:52.935,10.73181,10.73421,0.00,0.00
2015.11.23 14:04:53.255,10.73199,10.73421,0.00,0.00
2015.11.23 14:04:53.625,10.73218,10.73421,0.00,0.00
2015.11.23 14:04:53.831,10.73218,10.73471,0.00,0.00
2015.11.23 14:04:53.882,10.7328,10.73472,0.00,0.00
2015.11.23 14:04:54.135,10.73308,10.73521,0.00,0.00
2015.11.23 14:04:54.237,10.73299,10.73521,0.00,0.00
2015.11.23 14:04:54.388,10.73309,10.73521,0.00,0.00
2015.11.23 14:04:54.852,10.73309,10.73572,0.00,0.00
2015.11.23 14:04:54.902,10.73362,10.73572,0.00,0.00
2015.11.23 14:04:55.054,10.73362,10.73622,0.00,0.00
2015.11.23 14:04:55.370,10.73362,10.73572,0.00,0.00
2015.11.23 14:04:55.704,10.73312,10.73521,0.00,0.00
2015.11.23 14:04:55.837,10.73312,10.73571,0.00,0.00
2015.11.23 14:04:55.887,10.73362,10.73571,0.00,0.00
2015.11.23 14:04:56.291,10.73362,10.73621,0.00,0.00
2015.11.23 14:04:56.342,10.7337,10.73622,0.00,0.00
2015.11.23 14:04:56.797,10.73361,10.73622,0.00,0.00
2015.11.23 14:04:56.848,10.73361,10.73522,0.00,0.00
2015.11.23 14:04:57.389,10.73302,10.73522,0.00,0.00
2015.11.23 14:04:57.797,10.7332,10.73522,0.00,0.00
2015.11.23 14:04:58.040,10.73311,10.73522,0.00,0.00
2015.11.23 14:04:58.149,10.73311,10.73471,0.00,0.00
2015.11.23 14:04:58.200,10.73279,10.73471,0.00,0.00
2015.11.23 14:04:58.251,10.73249,10.73471,0.00,0.00
2015.11.23 14:04:58.574,10.73212,10.7347,0.00,0.00
2015.11.23 14:04:58.626,10.73212,10.73422,0.00,0.00
2015.11.23 14:04:58.778,10.73182,10.73422,0.00,0.00
2015.11.23 14:04:59.180,10.73172,10.73422,0.00,0.00
2015.11.23 14:05:01.263,10.73269,10.73471,0.00,0.00
2015.11.23 14:05:01.465,10.73301,10.73522,0.00,0.00
2015.11.23 14:05:02.376,10.73292,10.73522,0.00,0.00
2015.11.23 14:05:02.427,10.73292,10.7357,0.00,0.00
2015.11.23 14:05:02.529,10.73361,10.73621,0.00,0.00
2015.11.23 14:05:03.283,10.73369,10.73621,0.00,0.00
2015.11.23 14:05:03.629,10.73389,10.73621,0.00,0.00
2015.11.23 14:05:03.830,10.73382,10.73621,0.00,0.00
2015.11.23 14:05:03.911,10.73372,10.73621,0.00,0.00
2015.11.23 14:05:04.285,10.73398,10.73722,0.00,0.00
2015.11.23 14:05:04.774,10.73511,10.73671,0.00,0.00
2015.11.23 14:05:04.825,10.73422,10.73671,0.00,0.00
2015.11.23 14:05:04.985,10.73422,10.73622,0.00,0.00
2015.11.23 14:05:05.036,10.73411,10.73622,0.00,0.00
2015.11.23 14:05:05.137,10.7343,10.73622,0.00,0.00
2015.11.23 14:05:05.188,10.7343,10.73672,0.00,0.00
2015.11.23 14:05:05.239,10.73452,10.73672,0.00,0.00
2015.11.23 14:05:05.549,10.73429,10.73622,0.00,0.00
2015.11.23 14:05:05.650,10.73472,10.73672,0.00,0.00
2015.11.23 14:05:05.892,10.73472,10.73722,0.00,0.00
2015.11.23 14:05:07.116,10.73501,10.73722,0.00,0.00
2015.11.23 14:05:07.320,10.73471,10.73722,0.00,0.00
2015.11.23 14:05:07.656,10.73512,10.73722,0.00,0.00
2015.11.23 14:05:08.317,10.7352,10.73722,0.00,0.00
2015.11.23 14:05:08.641,10.73511,10.73722,0.00,0.00
2015.11.23 14:05:08.792,10.73511,10.73672,0.00,0.00
2015.11.23 14:05:08.901,10.73481,10.73672,0.00,0.00
2015.11.23 14:05:09.002,10.73471,10.73672,0.00,0.00
2015.11.23 14:05:09.342,10.73471,10.73622,0.00,0.00
2015.11.23 14:05:09.630,10.73411,10.73622,0.00,0.00
2015.11.23 14:05:11.219,10.73411,10.73521,0.00,0.00
2015.11.23 14:05:11.320,10.73301,10.73521,0.00,0.00
2015.11.23 14:05:11.653,10.73301,10.73472,0.00,0.00
2015.11.23 14:05:11.754,10.73271,10.73472,0.00,0.00
2015.11.23 14:05:12.377,10.73271,10.73471,0.00,0.00
2015.11.23 14:05:13.837,10.73261,10.73471,0.00,0.00
2015.11.23 14:05:13.965,10.73261,10.73422,0.00,0.00
2015.11.23 14:05:14.066,10.73201,10.73422,0.00,0.00
2015.11.23 14:05:16.637,10.73201,10.73371,0.00,0.00
2015.11.23 14:05:16.688,10.73172,10.73371,0.00,0.00
2015.11.23 14:05:16.789,10.73161,10.7342,0.00,0.00
2015.11.23 14:05:16.839,10.73169,10.73422,0.00,0.00
2015.11.23 14:05:17.350,10.73181,10.73432,0.00,0.00
2015.11.23 14:05:17.788,10.73172,10.73432,0.00,0.00
2015.11.23 14:05:18.241,10.73181,10.73432,0.00,0.00
2015.11.23 14:05:18.613,10.73201,10.73432,0.00,0.00
2015.11.23 14:05:19.433,10.73212,10.73432,0.00,0.00
2015.11.23 14:05:20.138,10.73272,10.73432,0.00,0.00
2015.11.23 14:05:20.189,10.73272,10.73531,0.00,0.00
2015.11.23 14:05:20.448,10.73281,10.73531,0.00,0.00
2015.11.23 14:05:20.565,10.73281,10.73571,0.00,0.00
2015.11.23 14:05:20.666,10.73371,10.73582,0.00,0.00
2015.11.23 14:05:20.818,10.73371,10.73612,0.00,0.00
2015.11.23 14:05:21.155,10.73361,10.73662,0.00,0.00
2015.11.23 14:05:21.638,10.73471,10.73662,0.00,0.00
2015.11.23 14:05:21.688,10.73471,10.73672,0.00,0.00
2015.11.23 14:05:21.739,10.73471,10.73711,0.00,0.00
2015.11.23 14:05:22.359,10.73471,10.73662,0.00,0.00
2015.11.23 14:05:22.460,10.73471,10.73751,0.00,0.00
2015.11.23 14:05:22.511,10.73481,10.73731,0.00,0.00
2015.11.23 14:05:22.612,10.73481,10.73761,0.00,0.00
2015.11.23 14:05:23.254,10.7353,10.73812,0.00,0.00
2015.11.23 14:05:23.305,10.73571,10.73812,0.00,0.00
2015.11.23 14:05:23.684,10.73552,10.73812,0.00,0.00
2015.11.23 14:05:23.850,10.73561,10.73812,0.00,0.00
2015.11.23 14:05:24.002,10.73562,10.73862,0.00,0.00
2015.11.23 14:05:24.053,10.73561,10.73851,0.00,0.00
2015.11.23 14:05:24.356,10.73551,10.73812,0.00,0.00
2015.11.23 14:05:24.900,10.73511,10.73762,0.00,0.00
2015.11.23 14:05:25.315,10.73511,10.73792,0.00,0.00
2015.11.23 14:05:25.366,10.73592,10.73792,0.00,0.00
2015.11.23 14:05:25.417,10.73592,10.73812,0.00,0.00
2015.11.23 14:05:25.518,10.73572,10.73862,0.00,0.00
2015.11.23 14:05:25.862,10.73649,10.73872,0.00,0.00
2015.11.23 14:05:26.017,10.73712,10.73961,0.00,0.00
2015.11.23 14:05:26.067,10.73712,10.73911,0.00,0.00
2015.11.23 14:05:26.168,10.73618,10.73911,0.00,0.00
2015.11.23 14:05:26.219,10.73648,10.73951,0.00,0.00
2015.11.23 14:05:26.269,10.73702,10.73951,0.00,0.00
2015.11.23 14:05:26.320,10.73702,10.73962,0.00,0.00
2015.11.23 14:05:26.471,10.73681,10.73962,0.00,0.00
2015.11.23 14:05:27.194,10.73701,10.73962,0.00,0.00
2015.11.23 14:05:27.250,10.73701,10.73992,0.00,0.00
2015.11.23 14:05:27.351,10.73701,10.73981,0.00,0.00
2015.11.23 14:05:27.452,10.73711,10.73992,0.00,0.00
2015.11.23 14:05:27.925,10.73701,10.73992,0.00,0.00
2015.11.23 14:05:28.301,10.7371,10.73992,0.00,0.00
2015.11.23 14:05:28.402,10.73778,10.7407,0.00,0.00
2015.11.23 14:05:28.453,10.73801,10.7407,0.00,0.00
2015.11.23 14:05:28.604,10.73801,10.74092,0.00,0.00
2015.11.23 14:05:28.755,10.73801,10.74082,0.00,0.00
2015.11.23 14:05:28.969,10.73801,10.74092,0.00,0.00
2015.11.23 14:05:29.128,10.73801,10.74062,0.00,0.00
2015.11.23 14:05:29.465,10.73811,10.74062,0.00,0.00
2015.11.23 14:05:29.517,10.73811,10.74082,0.00,0.00
2015.11.23 14:05:29.730,10.73811,10.74052,0.00,0.00
2015.11.23 14:05:29.831,10.73811,10.74081,0.00,0.00
2015.11.23 14:05:29.932,10.73811,10.74052,0.00,0.00
2015.11.23 14:05:29.983,10.73801,10.74052,0.00,0.00
2015.11.23 14:05:30.034,10.73801,10.74082,0.00,0.00
2015.11.23 14:05:30.198,10.73769,10.74042,0.00,0.00
2015.11.23 14:05:30.699,10.73711,10.73961,0.00,0.00
2015.11.23 14:05:30.750,10.73711,10.73991,0.00,0.00
2015.11.23 14:05:31.034,10.73711,10.73971,0.00,0.00
2015.11.23 14:05:31.337,10.73661,10.73942,0.00,0.00
2015.11.23 14:05:31.387,10.73661,10.73892,0.00,0.00
2015.11.23 14:05:31.539,10.73612,10.73892,0.00,0.00
2015.11.23 14:05:31.639,10.73612,10.73881,0.00,0.00
2015.11.23 14:05:32.030,10.73581,10.73861,0.00,0.00
2015.11.23 14:05:32.081,10.73542,10.73841,0.00,0.00
2015.11.23 14:05:32.182,10.73512,10.73792,0.00,0.00
2015.11.23 14:05:32.530,10.73542,10.73791,0.00,0.00
2015.11.23 14:05:32.580,10.73542,10.73841,0.00,0.00
2015.11.23 14:05:32.802,10.73542,10.73791,0.00,0.00
2015.11.23 14:05:32.852,10.73511,10.73791,0.00,0.00
2015.11.23 14:05:33.270,10.73528,10.7383,0.00,0.00
2015.11.23 14:05:33.320,10.73552,10.73842,0.00,0.00
2015.11.23 14:05:33.572,10.73529,10.73831,0.00,0.00
2015.11.23 14:05:33.622,10.73541,10.73841,0.00,0.00
2015.11.23 14:05:35.042,10.73552,10.73841,0.00,0.00
2015.11.23 14:05:35.144,10.73579,10.73881,0.00,0.00
2015.11.23 14:05:35.195,10.73611,10.7388,0.00,0.00
2015.11.23 14:05:35.296,10.73579,10.73891,0.00,0.00
2015.11.23 14:05:35.347,10.73578,10.73882,0.00,0.00
2015.11.23 14:05:35.879,10.73711,10.73992,0.00,0.00
2015.11.23 14:05:37.188,10.73701,10.73992,0.00,0.00
2015.11.23 14:05:37.289,10.73691,10.73992,0.00,0.00
2015.11.23 14:05:37.455,10.73691,10.73982,0.00,0.00
2015.11.23 14:05:37.555,10.73691,10.73992,0.00,0.00
2015.11.23 14:05:38.024,10.73682,10.73992,0.00,0.00
2015.11.23 14:05:38.076,10.73682,10.73981,0.00,0.00
2015.11.23 14:05:38.416,10.73678,10.73972,0.00,0.00
2015.11.23 14:05:38.746,10.73702,10.73992,0.00,0.00
2015.11.23 14:05:39.049,10.73729,10.73992,0.00,0.00
2015.11.23 14:05:39.100,10.73729,10.74042,0.00,0.00
2015.11.23 14:05:39.151,10.73802,10.74042,0.00,0.00
2015.11.23 14:05:39.353,10.73712,10.73991,0.00,0.00
2015.11.23 14:05:39.454,10.73711,10.73981,0.00,0.00
2015.11.23 14:05:39.785,10.73761,10.74032,0.00,0.00
2015.11.23 14:05:39.886,10.73761,10.74042,0.00,0.00
2015.11.23 14:05:40.314,10.73761,10.73992,0.00,0.00
2015.11.23 14:05:40.365,10.7368,10.73992,0.00,0.00
2015.11.23 14:05:40.466,10.73678,10.73992,0.00,0.00
2015.11.23 14:05:40.561,10.73678,10.73971,0.00,0.00
2015.11.23 14:05:40.958,10.73678,10.73981,0.00,0.00
2015.11.23 14:05:41.010,10.73678,10.73961,0.00,0.00
2015.11.23 14:05:41.064,10.73678,10.73992,0.00,0.00
2015.11.23 14:05:41.323,10.73682,10.73992,0.00,0.00
2015.11.23 14:05:41.673,10.73678,10.73992,0.00,0.00
2015.11.23 14:05:41.774,10.73678,10.73972,0.00,0.00
2015.11.23 14:05:42.521,10.73678,10.73992,0.00,0.00
2015.11.23 14:05:42.677,10.73681,10.73992,0.00,0.00
2015.11.23 14:05:43.028,10.73678,10.73982,0.00,0.00
2015.11.23 14:05:43.078,10.73678,10.73991,0.00,0.00
2015.11.23 14:05:43.180,10.73678,10.73972,0.00,0.00
2015.11.23 14:05:43.281,10.73629,10.7394,0.00,0.00
2015.11.23 14:05:43.331,10.73629,10.73931,0.00,0.00
2015.11.23 14:05:43.681,10.73611,10.73892,0.00,0.00
2015.11.23 14:05:44.021,10.73629,10.73892,0.00,0.00
2015.11.23 14:05:44.324,10.73662,10.73941,0.00,0.00
2015.11.23 14:05:44.425,10.73678,10.7399,0.00,0.00
2015.11.23 14:05:44.526,10.73678,10.73961,0.00,0.00
2015.11.23 14:05:44.830,10.73611,10.73892,0.00,0.00
2015.11.23 14:05:45.331,10.73591,10.73891,0.00,0.00
2015.11.23 14:05:45.871,10.73591,10.73892,0.00,0.00
2015.11.23 14:05:46.275,10.73582,10.73891,0.00,0.00
2015.11.23 14:05:46.551,10.73582,10.73881,0.00,0.00
2015.11.23 14:05:47.655,10.73582,10.73831,0.00,0.00
2015.11.23 14:05:47.706,10.7358,10.73831,0.00,0.00
2015.11.23 14:05:47.756,10.73639,10.73831,0.00,0.00
2015.11.23 14:05:47.908,10.73729,10.73991,0.00,0.00
2015.11.23 14:05:47.958,10.73761,10.73991,0.00,0.00
2015.11.23 14:05:48.009,10.73768,10.74038,0.00,0.00
2015.11.23 14:05:48.059,10.73812,10.74082,0.00,0.00
2015.11.23 14:05:48.160,10.73771,10.74081,0.00,0.00
2015.11.23 14:05:48.211,10.73771,10.74031,0.00,0.00
2015.11.23 14:05:50.162,10.73771,10.74042,0.00,0.00
2015.11.23 14:05:50.213,10.73771,10.74082,0.00,0.00
2015.11.23 14:05:50.264,10.73822,10.74082,0.00,0.00
2015.11.23 14:05:50.774,10.73822,10.74081,0.00,0.00
2015.11.23 14:05:51.306,10.73822,10.74082,0.00,0.00
2015.11.23 14:05:51.407,10.73811,10.74082,0.00,0.00
2015.11.23 14:05:51.674,10.73822,10.74082,0.00,0.00
2015.11.23 14:05:51.876,10.73871,10.74132,0.00,0.00
2015.11.23 14:05:52.027,10.73861,10.74132,0.00,0.00
2015.11.23 14:05:52.180,10.73869,10.74162,0.00,0.00
2015.11.23 14:05:52.490,10.73921,10.7418,0.00,0.00
2015.11.23 14:05:52.545,10.73921,10.74182,0.00,0.00
2015.11.23 14:05:52.596,10.73959,10.74182,0.00,0.00
2015.11.23 14:05:52.647,10.74001,10.74281,0.00,0.00
2015.11.23 14:05:52.829,10.74001,10.74251,0.00,0.00
2015.11.23 14:05:53.030,10.74001,10.74291,0.00,0.00
2015.11.23 14:05:53.172,10.74001,10.74272,0.00,0.00
2015.11.23 14:05:53.340,10.74021,10.74301,0.00,0.00
2015.11.23 14:05:53.776,10.74022,10.74292,0.00,0.00
2015.11.23 14:05:53.826,10.74022,10.74301,0.00,0.00
2015.11.23 14:05:53.937,10.74022,10.74261,0.00,0.00
2015.11.23 14:05:54.718,10.74022,10.74281,0.00,0.00
2015.11.23 14:05:55.271,10.74022,10.74301,0.00,0.00
2015.11.23 14:05:55.528,10.74022,10.74262,0.00,0.00
2015.11.23 14:05:55.728,10.73959,10.74242,0.00,0.00
2015.11.23 14:05:55.829,10.73952,10.74232,0.00,0.00
2015.11.23 14:05:56.135,10.73922,10.74162,0.00,0.00
2015.11.23 14:05:56.782,10.73922,10.74151,0.00,0.00
2015.11.23 14:05:56.833,10.73849,10.74142,0.00,0.00
2015.11.23 14:05:56.934,10.73839,10.74101,0.00,0.00
2015.11.23 14:05:57.046,10.73812,10.74082,0.00,0.00
2015.11.23 14:05:57.150,10.73812,10.74091,0.00,0.00
2015.11.23 14:05:57.250,10.73812,10.74102,0.00,0.00
2015.11.23 14:05:57.352,10.73812,10.74071,0.00,0.00
2015.11.23 14:05:57.889,10.73759,10.74041,0.00,0.00
2015.11.23 14:05:57.940,10.73751,10.74052,0.00,0.00
2015.11.23 14:05:58.014,10.73751,10.73971,0.00,0.00
2015.11.23 14:05:58.065,10.73689,10.73929,0.00,0.00
2015.11.23 14:05:58.167,10.73689,10.73898,0.00,0.00
2015.11.23 14:05:58.217,10.73588,10.73898,0.00,0.00
2015.11.23 14:05:58.429,10.73609,10.73898,0.00,0.00
2015.11.23 14:05:58.901,10.73739,10.74051,0.00,0.00
2015.11.23 14:05:59.121,10.73919,10.74082,0.00,0.00
2015.11.23 14:05:59.172,10.73919,10.74102,0.00,0.00
2015.11.23 14:05:59.223,10.73939,10.74102,0.00,0.00
2015.11.23 14:05:59.324,10.73949,10.74232,0.00,0.00
2015.11.23 14:05:59.425,10.73968,10.74272,0.00,0.00
2015.11.23 14:05:59.544,10.73969,10.74281,0.00,0.00
2015.11.23 14:05:59.645,10.74018,10.74281,0.00,0.00
2015.11.23 14:06:00.020,10.74068,10.74321,0.00,0.00
2015.11.23 14:06:00.071,10.74068,10.74381,0.00,0.00
2015.11.23 14:06:00.121,10.7407,10.74381,0.00,0.00
2015.11.23 14:06:00.444,10.7437,10.74631,0.00,0.00
2015.11.23 14:06:00.545,10.74368,10.74652,0.00,0.00
2015.11.23 14:06:00.646,10.7437,10.74632,0.00,0.00
2015.11.23 14:06:00.747,10.74318,10.74632,0.00,0.00
2015.11.23 14:06:00.858,10.74369,10.7468,0.00,0.00
2015.11.23 14:06:01.299,10.74339,10.74631,0.00,0.00
2015.11.23 14:06:01.350,10.74319,10.74631,0.00,0.00
2015.11.23 14:06:01.401,10.74369,10.74681,0.00,0.00
2015.11.23 14:06:01.711,10.74389,10.74681,0.00,0.00
2015.11.23 14:06:02.023,10.745,10.74782,0.00,0.00
2015.11.23 14:06:02.563,10.74499,10.74782,0.00,0.00
2015.11.23 14:06:02.616,10.74391,10.74682,0.00,0.00
2015.11.23 14:06:02.937,10.74391,10.74651,0.00,0.00
2015.11.23 14:06:03.088,10.74469,10.74751,0.00,0.00
2015.11.23 14:06:03.140,10.74469,10.74762,0.00,0.00
2015.11.23 14:06:03.467,10.74481,10.74742,0.00,0.00
2015.11.23 14:06:03.830,10.74539,10.74781,0.00,0.00
2015.11.23 14:06:04.232,10.74532,10.74781,0.00,0.00
2015.11.23 14:06:04.384,10.74532,10.74771,0.00,0.00
2015.11.23 14:06:04.434,10.74499,10.74771,0.00,0.00
2015.11.23 14:06:04.584,10.745,10.74752,0.00,0.00
2015.11.23 14:06:04.878,10.745,10.74781,0.00,0.00
2015.11.23 14:06:04.932,10.74512,10.74781,0.00,0.00
2015.11.23 14:06:05.439,10.7453,10.74781,0.00,0.00
2015.11.23 14:06:05.626,10.74568,10.7484,0.00,0.00
2015.11.23 14:06:05.677,10.74568,10.74882,0.00,0.00
2015.11.23 14:06:06.997,10.74568,10.74871,0.00,0.00
2015.11.23 14:06:07.197,10.74568,10.74882,0.00,0.00
2015.11.23 14:06:07.724,10.74672,10.74982,0.00,0.00
2015.11.23 14:06:08.039,10.74672,10.74961,0.00,0.00
2015.11.23 14:06:08.159,10.74672,10.74982,0.00,0.00
2015.11.23 14:06:08.224,10.74719,10.74992,0.00,0.00
2015.11.23 14:06:08.477,10.74791,10.75072,0.00,0.00
2015.11.23 14:06:08.832,10.74731,10.74981,0.00,0.00
2015.11.23 14:06:08.883,10.74731,10.75032,0.00,0.00
2015.11.23 14:06:09.036,10.74718,10.75032,0.00,0.00
2015.11.23 14:06:09.087,10.74718,10.74951,0.00,0.00
2015.11.23 14:06:09.239,10.7461,10.74881,0.00,0.00
2015.11.23 14:06:09.290,10.74629,10.74881,0.00,0.00
2015.11.23 14:06:09.458,10.74591,10.74881,0.00,0.00
2015.11.23 14:06:09.560,10.746,10.74882,0.00,0.00
2015.11.23 14:06:09.932,10.74599,10.74832,0.00,0.00
2015.11.23 14:06:09.983,10.7453,10.74832,0.00,0.00
2015.11.23 14:06:10.061,10.74518,10.74832,0.00,0.00
2015.11.23 14:06:10.112,10.74491,10.74781,0.00,0.00
2015.11.23 14:06:10.463,10.74418,10.74732,0.00,0.00
2015.11.23 14:06:10.564,10.74369,10.74681,0.00,0.00
2015.11.23 14:06:10.985,10.74339,10.74631,0.00,0.00
2015.11.23 14:06:11.086,10.74319,10.74631,0.00,0.00
2015.11.23 14:06:11.186,10.7433,10.74631,0.00,0.00
2015.11.23 14:06:11.237,10.74368,10.74682,0.00,0.00
2015.11.23 14:06:11.391,10.74419,10.74682,0.00,0.00
2015.11.23 14:06:11.442,10.74419,10.74731,0.00,0.00
2015.11.23 14:06:11.543,10.74389,10.74682,0.00,0.00
2015.11.23 14:06:11.668,10.74381,10.74682,0.00,0.00
2015.11.23 14:06:12.126,10.7441,10.74682,0.00,0.00
2015.11.23 14:06:12.490,10.74379,10.74682,0.00,0.00
2015.11.23 14:06:14.825,10.74368,10.74682,0.00,0.00
2015.11.23 14:06:15.127,10.74368,10.74671,0.00,0.00
2015.11.23 14:06:15.552,10.7434,10.74631,0.00,0.00
2015.11.23 14:06:15.805,10.74281,10.74581,0.00,0.00
2015.11.23 14:06:15.856,10.7427,10.74581,0.00,0.00
2015.11.23 14:06:16.390,10.74269,10.74581,0.00,0.00
2015.11.23 14:06:17.108,10.74138,10.74382,0.00,0.00
2015.11.23 14:06:17.187,10.74119,10.74382,0.00,0.00
2015.11.23 14:06:17.287,10.74068,10.74382,0.00,0.00
2015.11.23 14:06:17.489,10.74041,10.74312,0.00,0.00
2015.11.23 14:06:17.791,10.7395,10.74161,0.00,0.00
2015.11.23 14:06:17.842,10.73879,10.74161,0.00,0.00
2015.11.23 14:06:17.942,10.73879,10.74112,0.00,0.00
2015.11.23 14:06:18.266,10.7386,10.74112,0.00,0.00
2015.11.23 14:06:18.367,10.73841,10.74062,0.00,0.00
2015.11.23 14:06:18.417,10.73839,10.74062,0.00,0.00
2015.11.23 14:06:18.781,10.7384,10.74011,0.00,0.00
2015.11.23 14:06:18.831,10.73799,10.74011,0.00,0.00
2015.11.23 14:06:19.316,10.7383,10.74011,0.00,0.00
2015.11.23 14:06:19.614,10.73898,10.7415,0.00,0.00
2015.11.23 14:06:19.665,10.73929,10.74212,0.00,0.00
2015.11.23 14:06:19.715,10.73952,10.74212,0.00,0.00
2015.11.23 14:06:20.399,10.73951,10.74212,0.00,0.00
2015.11.23 14:06:21.200,10.73921,10.74161,0.00,0.00
2015.11.23 14:06:21.250,10.73862,10.74161,0.00,0.00
2015.11.23 14:06:21.351,10.73831,10.74062,0.00,0.00
2015.11.23 14:06:21.553,10.73839,10.74112,0.00,0.00
2015.11.23 14:06:21.604,10.73852,10.74112,0.00,0.00
2015.11.23 14:06:21.961,10.73852,10.74101,0.00,0.00
2015.11.23 14:06:22.282,10.73841,10.74062,0.00,0.00
2015.11.23 14:06:22.606,10.73801,10.74011,0.00,0.00
2015.11.23 14:06:23.258,10.73791,10.74011,0.00,0.00
2015.11.23 14:06:23.666,10.73791,10.74042,0.00,0.00
2015.11.23 14:06:24.015,10.73791,10.74081,0.00,0.00
2015.11.23 14:06:24.117,10.73802,10.74081,0.00,0.00
2015.11.23 14:06:24.380,10.73781,10.74081,0.00,0.00
2015.11.23 14:06:25.114,10.73771,10.74081,0.00,0.00
2015.11.23 14:06:25.385,10.73771,10.73881,0.00,0.00
2015.11.23 14:06:25.631,10.73771,10.7401,0.00,0.00
2015.11.23 14:06:25.682,10.73752,10.74032,0.00,0.00
2015.11.23 14:06:25.783,10.7372,10.74032,0.00,0.00
2015.11.23 14:06:25.884,10.73751,10.74032,0.00,0.00
2015.11.23 14:06:26.200,10.73701,10.73981,0.00,0.00
2015.11.23 14:06:26.633,10.73752,10.74032,0.00,0.00
2015.11.23 14:06:26.734,10.73799,10.74082,0.00,0.00
2015.11.23 14:06:26.785,10.73801,10.74082,0.00,0.00
2015.11.23 14:06:27.278,10.73839,10.74132,0.00,0.00
2015.11.23 14:06:27.379,10.73869,10.74181,0.00,0.00
2015.11.23 14:06:27.429,10.73879,10.74181,0.00,0.00
2015.11.23 14:06:28.100,10.73879,10.74131,0.00,0.00
2015.11.23 14:06:28.150,10.73848,10.74131,0.00,0.00
2015.11.23 14:06:28.272,10.73858,10.74131,0.00,0.00
2015.11.23 14:06:28.574,10.73858,10.74051,0.00,0.00
2015.11.23 14:06:28.676,10.73831,10.74051,0.00,0.00
2015.11.23 14:06:28.729,10.73839,10.74051,0.00,0.00
2015.11.23 14:06:28.830,10.73831,10.74051,0.00,0.00
2015.11.23 14:06:28.881,10.73829,10.74051,0.00,0.00
2015.11.23 14:06:29.465,10.7383,10.741,0.00,0.00
2015.11.23 14:06:29.516,10.73871,10.74101,0.00,0.00
2015.11.23 14:06:29.862,10.73868,10.74002,0.00,0.00
2015.11.23 14:06:29.931,10.7381,10.74002,0.00,0.00
2015.11.23 14:06:30.083,10.7382,10.74002,0.00,0.00
2015.11.23 14:06:30.235,10.73858,10.74051,0.00,0.00
2015.11.23 14:06:30.336,10.73829,10.74051,0.00,0.00
2015.11.23 14:06:30.591,10.73821,10.74002,0.00,0.00
2015.11.23 14:06:30.641,10.73789,10.74002,0.00,0.00
2015.11.23 14:06:30.889,10.7375,10.7385,0.00,0.00
2015.11.23 14:06:30.940,10.73652,10.73802,0.00,0.00
2015.11.23 14:06:31.138,10.73698,10.73803,0.00,0.00
2015.11.23 14:06:31.189,10.73722,10.73902,0.00,0.00
2015.11.23 14:06:31.240,10.73729,10.73952,0.00,0.00
2015.11.23 14:06:31.341,10.73739,10.73901,0.00,0.00
2015.11.23 14:06:31.442,10.7369,10.73901,0.00,0.00
2015.11.23 14:06:31.543,10.73661,10.73901,0.00,0.00
2015.11.23 14:06:31.644,10.73698,10.73901,0.00,0.00
2015.11.23 14:06:31.846,10.73668,10.73901,0.00,0.00
2015.11.23 14:06:32.295,10.73678,10.73901,0.00,0.00
2015.11.23 14:06:32.871,10.73668,10.73901,0.00,0.00
2015.11.23 14:06:32.972,10.73668,10.73851,0.00,0.00
2015.11.23 14:06:33.073,10.73658,10.73851,0.00,0.00
2015.11.23 14:06:33.174,10.73651,10.73851,0.00,0.00
2015.11.23 14:06:33.225,10.73651,10.73901,0.00,0.00
2015.11.23 14:06:33.527,10.73748,10.73941,0.00,0.00
2015.11.23 14:06:33.578,10.73728,10.73941,0.00,0.00
2015.11.23 14:06:33.741,10.73719,10.73941,0.00,0.00
2015.11.23 14:06:33.791,10.73698,10.73892,0.00,0.00
2015.11.23 14:06:33.842,10.73662,10.73892,0.00,0.00
2015.11.23 14:06:33.993,10.73662,10.73842,0.00,0.00
2015.11.23 14:06:34.043,10.73631,10.73842,0.00,0.00
2015.11.23 14:06:34.531,10.73631,10.73791,0.00,0.00
2015.11.23 14:06:34.582,10.73628,10.73791,0.00,0.00
2015.11.23 14:06:34.683,10.73609,10.73791,0.00,0.00
2015.11.23 14:06:34.742,10.73581,10.73791,0.00,0.00
2015.11.23 14:06:35.032,10.73561,10.73791,0.00,0.00
2015.11.23 14:06:35.394,10.73561,10.73741,0.00,0.00
2015.11.23 14:06:35.444,10.73532,10.73741,0.00,0.00
2015.11.23 14:06:35.596,10.73478,10.73741,0.00,0.00
2015.11.23 14:06:35.646,10.73472,10.73692,0.00,0.00
2015.11.23 14:06:35.848,10.73518,10.73742,0.00,0.00
2015.11.23 14:06:36.437,10.73511,10.73742,0.00,0.00
2015.11.23 14:06:36.971,10.73511,10.73626,0.00,0.00
2015.11.23 14:06:37.022,10.73489,10.73594,0.00,0.00
2015.11.23 14:06:37.073,10.73472,10.73591,0.00,0.00
2015.11.23 14:06:37.124,10.73441,10.73591,0.00,0.00
2015.11.23 14:06:37.225,10.73432,10.7369,0.00,0.00
2015.11.23 14:06:37.275,10.73432,10.73642,0.00,0.00
2015.11.23 14:06:37.595,10.73451,10.73691,0.00,0.00
2015.11.23 14:06:38.183,10.73451,10.73641,0.00,0.00
2015.11.23 14:06:38.234,10.73431,10.73641,0.00,0.00
2015.11.23 14:06:38.285,10.73431,10.73592,0.00,0.00
2015.11.23 14:06:38.336,10.73402,10.73592,0.00,0.00
2015.11.23 14:06:38.437,10.73431,10.73592,0.00,0.00
2015.11.23 14:06:38.487,10.73431,10.73642,0.00,0.00
2015.11.23 14:06:38.589,10.73431,10.73591,0.00,0.00
2015.11.23 14:06:38.740,10.73409,10.73591,0.00,0.00
2015.11.23 14:06:39.065,10.73401,10.73591,0.00,0.00
2015.11.23 14:06:40.098,10.73382,10.73591,0.00,0.00
2015.11.23 14:06:40.421,10.73359,10.73492,0.00,0.00
2015.11.23 14:06:40.471,10.73339,10.73491,0.00,0.00
2015.11.23 14:06:40.572,10.73312,10.73491,0.00,0.00
2015.11.23 14:06:40.623,10.73321,10.73491,0.00,0.00
2015.11.23 14:06:40.674,10.73329,10.73591,0.00,0.00
2015.11.23 14:06:40.724,10.73341,10.73591,0.00,0.00
2015.11.23 14:06:41.051,10.73341,10.73542,0.00,0.00
2015.11.23 14:06:41.647,10.73321,10.73542,0.00,0.00
2015.11.23 14:06:42.357,10.73321,10.73491,0.00,0.00
2015.11.23 14:06:42.407,10.73312,10.73491,0.00,0.00
2015.11.23 14:06:42.458,10.73339,10.73592,0.00,0.00
2015.11.23 14:06:42.509,10.73352,10.73592,0.00,0.00
2015.11.23 14:06:43.067,10.73381,10.73591,0.00,0.00
2015.11.23 14:06:43.140,10.7337,10.73591,0.00,0.00
2015.11.23 14:06:43.260,10.73352,10.73591,0.00,0.00
2015.11.23 14:06:43.311,10.73429,10.73591,0.00,0.00
2015.11.23 14:06:43.462,10.73429,10.73642,0.00,0.00
2015.11.23 14:06:43.614,10.73451,10.73642,0.00,0.00
2015.11.23 14:06:43.665,10.73451,10.73691,0.00,0.00
2015.11.23 14:06:43.867,10.7354,10.73741,0.00,0.00
2015.11.23 14:06:44.477,10.73751,10.73991,0.00,0.00
2015.11.23 14:06:44.578,10.73761,10.7399,0.00,0.00
2015.11.23 14:06:44.881,10.73751,10.73941,0.00,0.00
2015.11.23 14:06:45.070,10.73751,10.73952,0.00,0.00
2015.11.23 14:06:45.415,10.73751,10.73901,0.00,0.00
2015.11.23 14:06:45.466,10.7374,10.73901,0.00,0.00
2015.11.23 14:06:45.517,10.73731,10.73901,0.00,0.00
2015.11.23 14:06:45.807,10.73732,10.73951,0.00,0.00
2015.11.23 14:06:45.858,10.73732,10.73991,0.00,0.00
2015.11.23 14:06:45.909,10.73761,10.74001,0.00,0.00
2015.11.23 14:06:46.016,10.73741,10.74001,0.00,0.00
2015.11.23 14:06:46.067,10.73741,10.73951,0.00,0.00
2015.11.23 14:06:46.918,10.73732,10.73951,0.00,0.00
2015.11.23 14:06:47.019,10.73721,10.73951,0.00,0.00
2015.11.23 14:06:47.547,10.73721,10.73952,0.00,0.00
2015.11.23 14:06:47.820,10.73721,10.73941,0.00,0.00
2015.11.23 14:06:48.140,10.73701,10.73902,0.00,0.00
2015.11.23 14:06:50.487,10.73701,10.7389,0.00,0.00
2015.11.23 14:06:50.538,10.73592,10.73841,0.00,0.00
2015.11.23 14:06:50.588,10.73592,10.73752,0.00,0.00
2015.11.23 14:06:50.639,10.73532,10.73752,0.00,0.00
2015.11.23 14:06:50.918,10.73532,10.73791,0.00,0.00
2015.11.23 14:06:50.968,10.73601,10.73791,0.00,0.00
2015.11.23 14:06:51.019,10.73601,10.73802,0.00,0.00
2015.11.23 14:06:51.340,10.73601,10.73752,0.00,0.00
2015.11.23 14:06:51.390,10.73589,10.73752,0.00,0.00
2015.11.23 14:06:51.641,10.73589,10.73702,0.00,0.00
2015.11.23 14:06:51.692,10.73501,10.73702,0.00,0.00
2015.11.23 14:06:52.395,10.73481,10.73702,0.00,0.00
2015.11.23 14:06:52.445,10.73481,10.73652,0.00,0.00
2015.11.23 14:06:52.546,10.73421,10.73652,0.00,0.00
2015.11.23 14:06:52.597,10.73421,10.7369,0.00,0.00
2015.11.23 14:06:53.126,10.73521,10.73751,0.00,0.00
2015.11.23 14:06:53.872,10.73521,10.73701,0.00,0.00
2015.11.23 14:06:54.176,10.73501,10.73701,0.00,0.00
2015.11.23 14:06:55.570,10.7353,10.73751,0.00,0.00
2015.11.23 14:06:55.874,10.7353,10.7379,0.00,0.00
2015.11.23 14:06:55.925,10.73562,10.7379,0.00,0.00
2015.11.23 14:06:55.976,10.73562,10.73802,0.00,0.00
2015.11.23 14:06:56.326,10.73562,10.73832,0.00,0.00
2015.11.23 14:06:56.678,10.73551,10.73782,0.00,0.00
2015.11.23 14:06:56.728,10.73522,10.73782,0.00,0.00
2015.11.23 14:06:57.280,10.73522,10.73821,0.00,0.00
2015.11.23 14:06:57.331,10.73552,10.73821,0.00,0.00
2015.11.23 14:06:57.381,10.73552,10.73832,0.00,0.00
2015.11.23 14:06:57.482,10.73582,10.73832,0.00,0.00
2015.11.23 14:06:58.445,10.73591,10.73832,0.00,0.00
2015.11.23 14:07:00.009,10.73601,10.73832,0.00,0.00
2015.11.23 14:07:01.572,10.73619,10.73871,0.00,0.00
2015.11.23 14:07:01.623,10.73622,10.73871,0.00,0.00
2015.11.23 14:07:01.674,10.73622,10.73882,0.00,0.00
2015.11.23 14:07:01.725,10.73622,10.73831,0.00,0.00
2015.11.23 14:07:01.776,10.73601,10.73831,0.00,0.00
2015.11.23 14:07:02.101,10.73641,10.7387,0.00,0.00
2015.11.23 14:07:02.152,10.73641,10.73882,0.00,0.00
2015.11.23 14:07:02.881,10.73679,10.73882,0.00,0.00
2015.11.23 14:07:02.932,10.73679,10.73932,0.00,0.00
2015.11.23 14:07:02.982,10.73691,10.73932,0.00,0.00
2015.11.23 14:07:03.335,10.73691,10.73971,0.00,0.00
2015.11.23 14:07:03.665,10.73731,10.73982,0.00,0.00
2015.11.23 14:07:04.319,10.73731,10.74021,0.00,0.00
2015.11.23 14:07:04.370,10.73772,10.74021,0.00,0.00
2015.11.23 14:07:04.420,10.73772,10.74032,0.00,0.00
2015.11.23 14:07:04.480,10.73802,10.74032,0.00,0.00
2015.11.23 14:07:04.580,10.73829,10.74082,0.00,0.00
2015.11.23 14:07:05.124,10.7383,10.74082,0.00,0.00
2015.11.23 14:07:05.467,10.7383,10.7412,0.00,0.00
2015.11.23 14:07:05.517,10.73852,10.7412,0.00,0.00
2015.11.23 14:07:05.605,10.73852,10.74132,0.00,0.00
2015.11.23 14:07:05.656,10.73852,10.74082,0.00,0.00
2015.11.23 14:07:05.706,10.73822,10.74082,0.00,0.00
2015.11.23 14:07:05.757,10.73822,10.74032,0.00,0.00
2015.11.23 14:07:05.910,10.73802,10.74032,0.00,0.00
2015.11.23 14:07:06.508,10.73781,10.74032,0.00,0.00
2015.11.23 14:07:06.623,10.73829,10.74032,0.00,0.00
2015.11.23 14:07:06.673,10.73829,10.74081,0.00,0.00
2015.11.23 14:07:06.949,10.73821,10.74081,0.00,0.00
2015.11.23 14:07:07.000,10.73821,10.74132,0.00,0.00
2015.11.23 14:07:07.051,10.73818,10.74069,0.00,0.00
2015.11.23 14:07:07.151,10.73722,10.74021,0.00,0.00
2015.11.23 14:07:07.202,10.73722,10.73982,0.00,0.00
2015.11.23 14:07:07.860,10.73721,10.73981,0.00,0.00
2015.11.23 14:07:07.911,10.73699,10.73981,0.00,0.00
2015.11.23 14:07:07.962,10.73672,10.73931,0.00,0.00
2015.11.23 14:07:08.316,10.73689,10.73931,0.00,0.00
2015.11.23 14:07:08.817,10.7369,10.73931,0.00,0.00
2015.11.23 14:07:09.452,10.73689,10.73882,0.00,0.00
2015.11.23 14:07:09.604,10.7373,10.73931,0.00,0.00
2015.11.23 14:07:10.072,10.73692,10.73931,0.00,0.00
2015.11.23 14:07:10.173,10.73662,10.73931,0.00,0.00
2015.11.23 14:07:10.590,10.73662,10.73882,0.00,0.00
2015.11.23 14:07:10.861,10.73662,10.73931,0.00,0.00
2015.11.23 14:07:10.912,10.7368,10.73931,0.00,0.00
2015.11.23 14:07:11.252,10.73702,10.73931,0.00,0.00
2015.11.23 14:07:11.404,10.73739,10.74001,0.00,0.00
2015.11.23 14:07:11.455,10.73771,10.74012,0.00,0.00
2015.11.23 14:07:11.968,10.73802,10.74012,0.00,0.00
2015.11.23 14:07:12.470,10.73791,10.74012,0.00,0.00
2015.11.23 14:07:12.729,10.73801,10.74012,0.00,0.00
2015.11.23 14:07:13.305,10.73882,10.74012,0.00,0.00
2015.11.23 14:07:13.356,10.73882,10.74111,0.00,0.00
2015.11.23 14:07:13.407,10.73902,10.74111,0.00,0.00
2015.11.23 14:07:14.184,10.73891,10.74111,0.00,0.00
2015.11.23 14:07:14.631,10.73902,10.74111,0.00,0.00
2015.11.23 14:07:15.189,10.73901,10.74111,0.00,0.00
2015.11.23 14:07:15.534,10.73892,10.74061,0.00,0.00
2015.11.23 14:07:15.584,10.73892,10.74111,0.00,0.00
2015.11.23 14:07:15.635,10.73851,10.741,0.00,0.00
2015.11.23 14:07:15.944,10.73841,10.74062,0.00,0.00
2015.11.23 14:07:16.449,10.73841,10.74101,0.00,0.00
2015.11.23 14:07:16.500,10.73841,10.74111,0.00,0.00
2015.11.23 14:07:16.550,10.73852,10.74111,0.00,0.00
2015.11.23 14:07:16.853,10.73902,10.74111,0.00,0.00
2015.11.23 14:07:17.474,10.73901,10.74111,0.00,0.00
2015.11.23 14:07:18.879,10.73891,10.74062,0.00,0.00
2015.11.23 14:07:18.982,10.73891,10.74112,0.00,0.00
2015.11.23 14:07:19.033,10.73851,10.74112,0.00,0.00
2015.11.23 14:07:19.084,10.73842,10.74062,0.00,0.00
2015.11.23 14:07:19.387,10.73891,10.74111,0.00,0.00
2015.11.23 14:07:19.589,10.73841,10.74062,0.00,0.00
2015.11.23 14:07:19.640,10.73801,10.74051,0.00,0.00
2015.11.23 14:07:19.948,10.73791,10.74051,0.00,0.00
2015.11.23 14:07:19.999,10.73791,10.74012,0.00,0.00
2015.11.23 14:07:20.744,10.73749,10.74012,0.00,0.00
2015.11.23 14:07:20.795,10.73649,10.73851,0.00,0.00
2015.11.23 14:07:20.846,10.73591,10.73811,0.00,0.00
2015.11.23 14:07:21.291,10.73541,10.73712,0.00,0.00
2015.11.23 14:07:21.342,10.73491,10.73712,0.00,0.00
2015.11.23 14:07:21.443,10.73441,10.73701,0.00,0.00
2015.11.23 14:07:21.544,10.73491,10.73712,0.00,0.00
2015.11.23 14:07:23.991,10.73501,10.73712,0.00,0.00
2015.11.23 14:07:24.243,10.73492,10.73711,0.00,0.00
2015.11.23 14:07:24.449,10.73492,10.73662,0.00,0.00
2015.11.23 14:07:24.500,10.73442,10.73662,0.00,0.00
2015.11.23 14:07:25.419,10.73491,10.737,0.00,0.00
2015.11.23 14:07:25.470,10.73491,10.73711,0.00,0.00
2015.11.23 14:07:25.807,10.73491,10.73662,0.00,0.00
2015.11.23 14:07:25.858,10.73441,10.73662,0.00,0.00
2015.11.23 14:07:27.103,10.73441,10.73612,0.00,0.00
2015.11.23 14:07:27.204,10.73441,10.73662,0.00,0.00
2015.11.23 14:07:29.199,10.73351,10.73562,0.00,0.00
2015.11.23 14:07:33.671,10.73301,10.73512,0.00,0.00
2015.11.23 14:07:34.021,10.73341,10.73512,0.00,0.00
2015.11.23 14:07:34.173,10.73391,10.73662,0.00,0.00
2015.11.23 14:07:34.224,10.73441,10.73662,0.00,0.00
2015.11.23 14:07:35.340,10.73441,10.73612,0.00,0.00
2015.11.23 14:07:35.391,10.73352,10.73612,0.00,0.00
2015.11.23 14:07:35.594,10.73352,10.73561,0.00,0.00
2015.11.23 14:07:37.412,10.73351,10.73561,0.00,0.00
2015.11.23 14:07:38.733,10.73342,10.73611,0.00,0.00
2015.11.23 14:07:38.859,10.73342,10.73622,0.00,0.00
2015.11.23 14:07:38.910,10.73449,10.73622,0.00,0.00
2015.11.23 14:07:39.112,10.73461,10.73722,0.00,0.00
2015.11.23 14:07:39.304,10.73479,10.73722,0.00,0.00
2015.11.23 14:07:40.407,10.7348,10.73722,0.00,0.00
2015.11.23 14:07:40.993,10.73479,10.73722,0.00,0.00
2015.11.23 14:07:41.044,10.73452,10.73722,0.00,0.00
2015.11.23 14:07:43.866,10.73451,10.73722,0.00,0.00
2015.11.23 14:07:48.598,10.73442,10.73722,0.00,0.00
2015.11.23 14:07:48.852,10.73451,10.73722,0.00,0.00
2015.11.23 14:07:49.738,10.73441,10.73722,0.00,0.00
2015.11.23 14:07:50.726,10.73452,10.73722,0.00,0.00
2015.11.23 14:07:50.827,10.73442,10.73722,0.00,0.00
2015.11.23 14:07:54.003,10.73451,10.73722,0.00,0.00
2015.11.23 14:07:54.109,10.73442,10.73722,0.00,0.00
2015.11.23 14:07:55.909,10.73442,10.73671,0.00,0.00
2015.11.23 14:07:55.960,10.73439,10.73671,0.00,0.00
2015.11.23 14:07:56.061,10.73359,10.73671,0.00,0.00
2015.11.23 14:07:56.162,10.73359,10.73621,0.00,0.00
2015.11.23 14:07:57.101,10.73409,10.73621,0.00,0.00
2015.11.23 14:07:57.340,10.73409,10.73671,0.00,0.00
2015.11.23 14:07:57.391,10.73439,10.73681,0.00,0.00
2015.11.23 14:07:57.492,10.73451,10.73712,0.00,0.00
2015.11.23 14:07:57.556,10.73451,10.73722,0.00,0.00
2015.11.23 14:07:57.607,10.73459,10.73722,0.00,0.00
2015.11.23 14:07:57.708,10.73451,10.73722,0.00,0.00
2015.11.23 14:07:57.810,10.73451,10.73752,0.00,0.00
2015.11.23 14:07:58.644,10.73461,10.73752,0.00,0.00
2015.11.23 14:07:59.031,10.73452,10.73752,0.00,0.00
2015.11.23 14:08:00.686,10.73452,10.73742,0.00,0.00
2015.11.23 14:08:01.099,10.73452,10.73702,0.00,0.00
2015.11.23 14:08:01.150,10.73439,10.73702,0.00,0.00
2015.11.23 14:08:01.627,10.73412,10.73702,0.00,0.00
2015.11.23 14:08:03.208,10.73489,10.73652,0.00,0.00
2015.11.23 14:08:03.316,10.7349,10.73722,0.00,0.00
2015.11.23 14:08:03.367,10.7349,10.73751,0.00,0.00
2015.11.23 14:08:03.660,10.73471,10.73751,0.00,0.00
2015.11.23 14:08:04.063,10.73451,10.73751,0.00,0.00
2015.11.23 14:08:05.062,10.73451,10.73701,0.00,0.00
2015.11.23 14:08:05.113,10.73421,10.73701,0.00,0.00
2015.11.23 14:08:07.366,10.73411,10.73701,0.00,0.00
2015.11.23 14:08:09.238,10.73411,10.73651,0.00,0.00
2015.11.23 14:08:09.445,10.73411,10.73691,0.00,0.00
2015.11.23 14:08:09.576,10.73411,10.73702,0.00,0.00
2015.11.23 14:08:10.035,10.73339,10.73652,0.00,0.00
2015.11.23 14:08:10.198,10.73338,10.73641,0.00,0.00
2015.11.23 14:08:10.552,10.73322,10.73601,0.00,0.00
2015.11.23 14:08:13.533,10.73322,10.73552,0.00,0.00
2015.11.23 14:08:14.072,10.73301,10.73552,0.00,0.00
2015.11.23 14:08:14.766,10.7334,10.73552,0.00,0.00
2015.11.23 14:08:14.969,10.73412,10.73642,0.00,0.00
2015.11.23 14:08:15.020,10.73412,10.73652,0.00,0.00
2015.11.23 14:08:15.070,10.73412,10.73601,0.00,0.00
2015.11.23 14:08:15.121,10.73359,10.73601,0.00,0.00
2015.11.23 14:08:15.222,10.73332,10.73601,0.00,0.00
2015.11.23 14:08:15.618,10.73332,10.73552,0.00,0.00
2015.11.23 14:08:15.669,10.73292,10.73552,0.00,0.00
2015.11.23 14:08:15.720,10.73292,10.73501,0.00,0.00
2015.11.23 14:08:15.771,10.73289,10.73501,0.00,0.00
2015.11.23 14:08:15.872,10.73251,10.73501,0.00,0.00
2015.11.23 14:08:16.806,10.73241,10.73501,0.00,0.00
2015.11.23 14:08:16.858,10.73231,10.73501,0.00,0.00
2015.11.23 14:08:16.960,10.73201,10.73452,0.00,0.00
2015.11.23 14:08:17.158,10.73241,10.73502,0.00,0.00
2015.11.23 14:08:17.310,10.73188,10.7341,0.00,0.00
2015.11.23 14:08:17.361,10.73151,10.73401,0.00,0.00
2015.11.23 14:08:18.264,10.73151,10.73352,0.00,0.00
2015.11.23 14:08:18.315,10.73102,10.73352,0.00,0.00
2015.11.23 14:08:18.571,10.73102,10.73401,0.00,0.00
2015.11.23 14:08:18.622,10.73152,10.73402,0.00,0.00
2015.11.23 14:08:19.264,10.73131,10.73402,0.00,0.00
2015.11.23 14:08:19.901,10.73152,10.73451,0.00,0.00
2015.11.23 14:08:21.355,10.73141,10.73401,0.00,0.00
2015.11.23 14:08:21.557,10.73101,10.73402,0.00,0.00
2015.11.23 14:08:21.608,10.73131,10.73402,0.00,0.00
2015.11.23 14:08:22.138,10.73151,10.73451,0.00,0.00
2015.11.23 14:08:22.310,10.73151,10.73402,0.00,0.00
2015.11.23 14:08:22.360,10.73132,10.73402,0.00,0.00
2015.11.23 14:08:22.462,10.73101,10.73351,0.00,0.00
2015.11.23 14:08:23.401,10.73092,10.73351,0.00,0.00
2015.11.23 14:08:23.665,10.73081,10.73351,0.00,0.00
2015.11.23 14:08:23.766,10.73081,10.73301,0.00,0.00
2015.11.23 14:08:23.867,10.73018,10.73301,0.00,0.00
2015.11.23 14:08:23.918,10.73009,10.73301,0.00,0.00
2015.11.23 14:08:23.969,10.73002,10.73251,0.00,0.00
2015.11.23 14:08:24.288,10.73038,10.7331,0.00,0.00
2015.11.23 14:08:24.389,10.73051,10.73352,0.00,0.00
2015.11.23 14:08:24.439,10.73058,10.73352,0.00,0.00
2015.11.23 14:08:24.924,10.73051,10.73352,0.00,0.00
2015.11.23 14:08:25.608,10.73051,10.73252,0.00,0.00
2015.11.23 14:08:25.768,10.73008,10.73252,0.00,0.00
2015.11.23 14:08:25.821,10.73002,10.73252,0.00,0.00
2015.11.23 14:08:26.820,10.73002,10.73151,0.00,0.00
2015.11.23 14:08:26.972,10.72969,10.73151,0.00,0.00
2015.11.23 14:08:27.086,10.72969,10.73252,0.00,0.00
2015.11.23 14:08:27.253,10.72979,10.73252,0.00,0.00
2015.11.23 14:08:27.576,10.73002,10.73252,0.00,0.00
2015.11.23 14:08:28.244,10.7301,10.73252,0.00,0.00
2015.11.23 14:08:28.688,10.73001,10.73252,0.00,0.00
2015.11.23 14:08:28.739,10.7299,10.73201,0.00,0.00
2015.11.23 14:08:28.789,10.72982,10.73201,0.00,0.00
2015.11.23 14:08:28.840,10.72941,10.73152,0.00,0.00
2015.11.23 14:08:28.941,10.72882,10.73152,0.00,0.00
2015.11.23 14:08:29.293,10.72868,10.73152,0.00,0.00
2015.11.23 14:08:29.615,10.72879,10.73152,0.00,0.00
2015.11.23 14:08:29.934,10.72899,10.73152,0.00,0.00
2015.11.23 14:08:30.085,10.7288,10.73152,0.00,0.00
2015.11.23 14:08:30.186,10.7289,10.73152,0.00,0.00
2015.11.23 14:08:30.489,10.72831,10.73102,0.00,0.00
2015.11.23 14:08:30.974,10.72811,10.73052,0.00,0.00
2015.11.23 14:08:31.227,10.72971,10.73249,0.00,0.00
2015.11.23 14:08:31.378,10.72929,10.73202,0.00,0.00
2015.11.23 14:08:31.689,10.72881,10.73152,0.00,0.00
2015.11.23 14:08:32.243,10.72889,10.73152,0.00,0.00
2015.11.23 14:08:32.429,10.7289,10.73201,0.00,0.00
2015.11.23 14:08:32.480,10.72971,10.73201,0.00,0.00
2015.11.23 14:08:32.581,10.72932,10.73201,0.00,0.00
2015.11.23 14:08:33.448,10.72921,10.73201,0.00,0.00
2015.11.23 14:08:36.325,10.72921,10.73157,0.00,0.00
2015.11.23 14:08:36.426,10.72921,10.73202,0.00,0.00
2015.11.23 14:08:36.843,10.72898,10.73156,0.00,0.00
2015.11.23 14:08:36.894,10.72889,10.73156,0.00,0.00
2015.11.23 14:08:37.490,10.7289,10.73156,0.00,0.00
2015.11.23 14:08:38.041,10.72889,10.73156,0.00,0.00
2015.11.23 14:08:38.204,10.72871,10.73156,0.00,0.00
2015.11.23 14:08:38.867,10.72892,10.73156,0.00,0.00
2015.11.23 14:08:39.972,10.72901,10.73156,0.00,0.00
2015.11.23 14:08:40.464,10.72901,10.73106,0.00,0.00
2015.11.23 14:08:40.515,10.72808,10.73106,0.00,0.00
2015.11.23 14:08:40.566,10.72799,10.73106,0.00,0.00
2015.11.23 14:08:40.616,10.72799,10.73056,0.00,0.00
2015.11.23 14:08:41.018,10.72781,10.73051,0.00,0.00
2015.11.23 14:08:41.520,10.72772,10.73051,0.00,0.00
2015.11.23 14:08:42.582,10.72772,10.73002,0.00,0.00
2015.11.23 14:08:42.819,10.72739,10.73002,0.00,0.00
2015.11.23 14:08:43.475,10.7274,10.73002,0.00,0.00
2015.11.23 14:08:43.778,10.72739,10.73052,0.00,0.00
2015.11.23 14:08:43.829,10.72771,10.73052,0.00,0.00
2015.11.23 14:08:44.767,10.72771,10.73002,0.00,0.00
2015.11.23 14:08:44.819,10.72739,10.73002,0.00,0.00
2015.11.23 14:08:44.870,10.72699,10.73002,0.00,0.00
2015.11.23 14:08:44.971,10.727,10.72951,0.00,0.00
2015.11.23 14:08:45.173,10.72671,10.72951,0.00,0.00
2015.11.23 14:08:45.534,10.72699,10.72951,0.00,0.00
2015.11.23 14:08:46.040,10.727,10.72951,0.00,0.00
2015.11.23 14:08:46.480,10.72679,10.72951,0.00,0.00
2015.11.23 14:08:46.743,10.72689,10.72951,0.00,0.00
2015.11.23 14:08:47.101,10.72699,10.72951,0.00,0.00
2015.11.23 14:08:47.445,10.72671,10.72951,0.00,0.00
2015.11.23 14:08:47.896,10.72669,10.72951,0.00,0.00
2015.11.23 14:08:48.876,10.72651,10.72951,0.00,0.00
2015.11.23 14:08:49.938,10.72651,10.72902,0.00,0.00
2015.11.23 14:08:50.271,10.72581,10.72852,0.00,0.00
2015.11.23 14:08:50.831,10.72569,10.72852,0.00,0.00
2015.11.23 14:08:50.957,10.7258,10.72852,0.00,0.00
2015.11.23 14:08:51.516,10.72561,10.72852,0.00,0.00
2015.11.23 14:08:51.618,10.72541,10.72852,0.00,0.00
2015.11.23 14:08:52.055,10.72552,10.72802,0.00,0.00
2015.11.23 14:08:52.263,10.7259,10.72852,0.00,0.00
2015.11.23 14:08:52.365,10.72572,10.72852,0.00,0.00
2015.11.23 14:08:52.566,10.72579,10.72852,0.00,0.00
2015.11.23 14:08:53.028,10.72581,10.72852,0.00,0.00
2015.11.23 14:08:53.719,10.7258,10.72852,0.00,0.00
2015.11.23 14:08:53.770,10.72571,10.72852,0.00,0.00
2015.11.23 14:08:54.167,10.72569,10.72852,0.00,0.00
2015.11.23 14:08:54.474,10.72561,10.72852,0.00,0.00
2015.11.23 14:08:54.927,10.72559,10.72852,0.00,0.00
2015.11.23 14:08:55.286,10.72561,10.72852,0.00,0.00
2015.11.23 14:08:55.928,10.7256,10.72852,0.00,0.00
2015.11.23 14:08:56.974,10.72579,10.72852,0.00,0.00
2015.11.23 14:08:57.102,10.72552,10.72852,0.00,0.00
2015.11.23 14:08:58.254,10.72562,10.72852,0.00,0.00
2015.11.23 14:08:58.790,10.72571,10.72852,0.00,0.00
2015.11.23 14:08:59.187,10.72569,10.72852,0.00,0.00
2015.11.23 14:08:59.797,10.7257,10.72852,0.00,0.00
2015.11.23 14:09:00.070,10.72561,10.72852,0.00,0.00
2015.11.23 14:09:00.697,10.72562,10.72852,0.00,0.00
2015.11.23 14:09:02.007,10.72569,10.72852,0.00,0.00
2015.11.23 14:09:02.331,10.72589,10.72852,0.00,0.00
2015.11.23 14:09:03.011,10.7257,10.72852,0.00,0.00
2015.11.23 14:09:03.637,10.72559,10.72852,0.00,0.00
2015.11.23 14:09:04.475,10.7256,10.72852,0.00,0.00
2015.11.23 14:09:04.560,10.72569,10.72852,0.00,0.00
2015.11.23 14:09:04.617,10.72561,10.7285,0.00,0.00
2015.11.23 14:09:04.667,10.72561,10.72801,0.00,0.00
2015.11.23 14:09:04.718,10.72539,10.72801,0.00,0.00
2015.11.23 14:09:04.920,10.72541,10.72852,0.00,0.00
2015.11.23 14:09:06.188,10.72531,10.72802,0.00,0.00
2015.11.23 14:09:06.857,10.72531,10.72801,0.00,0.00
2015.11.23 14:09:07.778,10.72552,10.72751,0.00,0.00
2015.11.23 14:09:07.980,10.72552,10.72851,0.00,0.00
2015.11.23 14:09:08.031,10.72539,10.72851,0.00,0.00
2015.11.23 14:09:08.182,10.72539,10.72801,0.00,0.00
2015.11.23 14:09:08.439,10.72531,10.72801,0.00,0.00
2015.11.23 14:09:08.727,10.72531,10.72752,0.00,0.00
2015.11.23 14:09:08.951,10.7252,10.72752,0.00,0.00
2015.11.23 14:09:09.002,10.725,10.72752,0.00,0.00
2015.11.23 14:09:09.183,10.72509,10.72752,0.00,0.00
2015.11.23 14:09:09.602,10.72519,10.72752,0.00,0.00
2015.11.23 14:09:09.734,10.72509,10.72752,0.00,0.00
2015.11.23 14:09:10.055,10.72499,10.72752,0.00,0.00
2015.11.23 14:09:10.377,10.725,10.72801,0.00,0.00
2015.11.23 14:09:10.427,10.72551,10.72801,0.00,0.00
2015.11.23 14:09:10.629,10.72598,10.72852,0.00,0.00
2015.11.23 14:09:10.946,10.72582,10.72852,0.00,0.00
2015.11.23 14:09:11.040,10.72589,10.72852,0.00,0.00
2015.11.23 14:09:11.579,10.72582,10.72852,0.00,0.00
2015.11.23 14:09:11.680,10.72588,10.72852,0.00,0.00
2015.11.23 14:09:11.741,10.72582,10.72852,0.00,0.00
2015.11.23 14:09:11.983,10.72569,10.72852,0.00,0.00
2015.11.23 14:09:12.041,10.72561,10.72852,0.00,0.00
2015.11.23 14:09:12.487,10.7264,10.72852,0.00,0.00
2015.11.23 14:09:12.743,10.72681,10.72912,0.00,0.00
2015.11.23 14:09:12.794,10.72681,10.72951,0.00,0.00
2015.11.23 14:09:12.895,10.72689,10.72951,0.00,0.00
2015.11.23 14:09:13.097,10.7267,10.72951,0.00,0.00
2015.11.23 14:09:13.198,10.72662,10.72951,0.00,0.00
2015.11.23 14:09:14.674,10.72679,10.72951,0.00,0.00
2015.11.23 14:09:14.999,10.72691,10.72951,0.00,0.00
2015.11.23 14:09:16.028,10.72691,10.72952,0.00,0.00
2015.11.23 14:09:16.129,10.72679,10.72952,0.00,0.00
2015.11.23 14:09:16.180,10.7269,10.72952,0.00,0.00
2015.11.23 14:09:16.637,10.72679,10.72952,0.00,0.00
2015.11.23 14:09:17.024,10.72661,10.72952,0.00,0.00
2015.11.23 14:09:17.530,10.72661,10.72901,0.00,0.00
2015.11.23 14:09:17.581,10.72659,10.72901,0.00,0.00
2015.11.23 14:09:17.682,10.72618,10.72852,0.00,0.00
2015.11.23 14:09:17.783,10.72602,10.72852,0.00,0.00
2015.11.23 14:09:18.136,10.72572,10.72852,0.00,0.00
2015.11.23 14:09:20.168,10.72551,10.72852,0.00,0.00
2015.11.23 14:09:20.219,10.72551,10.72801,0.00,0.00
2015.11.23 14:09:20.320,10.72551,10.72852,0.00,0.00
2015.11.23 14:09:20.446,10.72538,10.72852,0.00,0.00
2015.11.23 14:09:20.497,10.72509,10.72752,0.00,0.00
2015.11.23 14:09:20.561,10.72502,10.72752,0.00,0.00
2015.11.23 14:09:20.612,10.72509,10.72752,0.00,0.00
2015.11.23 14:09:21.113,10.72502,10.72752,0.00,0.00
2015.11.23 14:09:22.215,10.72519,10.72752,0.00,0.00
2015.11.23 14:09:22.605,10.72509,10.72752,0.00,0.00
2015.11.23 14:09:23.313,10.72502,10.72752,0.00,0.00
2015.11.23 14:09:24.222,10.72569,10.72752,0.00,0.00
2015.11.23 14:09:24.273,10.72601,10.72801,0.00,0.00
2015.11.23 14:09:24.719,10.72601,10.72852,0.00,0.00
2015.11.23 14:09:25.082,10.7259,10.72852,0.00,0.00
2015.11.23 14:09:25.133,10.72581,10.72852,0.00,0.00
2015.11.23 14:09:25.285,10.72579,10.72852,0.00,0.00
2015.11.23 14:09:25.336,10.72562,10.72852,0.00,0.00
2015.11.23 14:09:25.387,10.72552,10.72801,0.00,0.00
2015.11.23 14:09:27.352,10.72539,10.72751,0.00,0.00
2015.11.23 14:09:27.403,10.72528,10.72751,0.00,0.00
2015.11.23 14:09:27.503,10.72501,10.72751,0.00,0.00
2015.11.23 14:09:27.563,10.72519,10.72751,0.00,0.00
2015.11.23 14:09:28.187,10.7259,10.72751,0.00,0.00
2015.11.23 14:09:28.238,10.72601,10.72802,0.00,0.00
2015.11.23 14:09:28.572,10.72589,10.72851,0.00,0.00
2015.11.23 14:09:28.777,10.72581,10.72851,0.00,0.00
2015.11.23 14:09:28.878,10.72581,10.72842,0.00,0.00
2015.11.23 14:09:29.811,10.72591,10.72842,0.00,0.00
2015.11.23 14:09:30.333,10.72582,10.72842,0.00,0.00
2015.11.23 14:09:32.739,10.7257,10.72842,0.00,0.00
2015.11.23 14:09:33.316,10.72602,10.72842,0.00,0.00
2015.11.23 14:09:34.707,10.72619,10.72892,0.00,0.00
2015.11.23 14:09:34.758,10.72642,10.72892,0.00,0.00
2015.11.23 14:09:35.139,10.72642,10.72942,0.00,0.00
2015.11.23 14:09:35.190,10.72681,10.72942,0.00,0.00
2015.11.23 14:09:36.137,10.72681,10.72891,0.00,0.00
2015.11.23 14:09:36.188,10.72642,10.72891,0.00,0.00
2015.11.23 14:09:36.577,10.72642,10.72941,0.00,0.00
2015.11.23 14:09:36.840,10.7264,10.72842,0.00,0.00
2015.11.23 14:09:37.046,10.72529,10.72791,0.00,0.00
2015.11.23 14:09:37.248,10.72529,10.72742,0.00,0.00
2015.11.23 14:09:37.551,10.72501,10.72742,0.00,0.00
2015.11.23 14:09:39.104,10.72501,10.72642,0.00,0.00
2015.11.23 14:09:39.205,10.72452,10.72642,0.00,0.00
2015.11.23 14:09:39.356,10.72452,10.72691,0.00,0.00
2015.11.23 14:09:39.854,10.72452,10.72642,0.00,0.00
2015.11.23 14:09:39.905,10.72402,10.72642,0.00,0.00
2015.11.23 14:09:42.294,10.72402,10.72591,0.00,0.00
2015.11.23 14:09:42.395,10.72351,10.7259,0.00,0.00
2015.11.23 14:09:42.496,10.72381,10.72589,0.00,0.00
2015.11.23 14:09:42.547,10.72381,10.72591,0.00,0.00
2015.11.23 14:09:42.657,10.72381,10.72641,0.00,0.00
2015.11.23 14:09:42.988,10.72381,10.72591,0.00,0.00
2015.11.23 14:09:43.038,10.72351,10.72591,0.00,0.00
2015.11.23 14:09:43.480,10.72371,10.72591,0.00,0.00
2015.11.23 14:09:43.531,10.72371,10.72641,0.00,0.00
2015.11.23 14:09:43.863,10.72371,10.72592,0.00,0.00
2015.11.23 14:09:43.913,10.72352,10.72592,0.00,0.00
2015.11.23 14:09:45.578,10.72352,10.72642,0.00,0.00
2015.11.23 14:09:45.679,10.7234,10.7261,0.00,0.00
2015.11.23 14:09:45.982,10.72382,10.72641,0.00,0.00
2015.11.23 14:09:46.457,10.72382,10.72541,0.00,0.00
2015.11.23 14:09:46.558,10.72308,10.72541,0.00,0.00
2015.11.23 14:09:46.659,10.72302,10.72541,0.00,0.00
2015.11.23 14:09:46.710,10.72319,10.72541,0.00,0.00
2015.11.23 14:09:46.810,10.72302,10.72541,0.00,0.00
2015.11.23 14:09:47.548,10.72291,10.72541,0.00,0.00
2015.11.23 14:09:48.786,10.72272,10.72491,0.00,0.00
2015.11.23 14:09:48.887,10.72251,10.72491,0.00,0.00
2015.11.23 14:09:49.875,10.72251,10.72441,0.00,0.00
2015.11.23 14:09:49.976,10.7219,10.72441,0.00,0.00
2015.11.23 14:09:50.491,10.72189,10.72441,0.00,0.00
2015.11.23 14:09:51.070,10.7219,10.72441,0.00,0.00
2015.11.23 14:09:51.603,10.72181,10.72441,0.00,0.00
2015.11.23 14:09:53.707,10.72171,10.72441,0.00,0.00
2015.11.23 14:09:54.064,10.72181,10.72441,0.00,0.00
2015.11.23 14:10:00.007,10.72159,10.72441,0.00,0.00
2015.11.23 14:10:00.169,10.72169,10.72441,0.00,0.00
2015.11.23 14:10:00.220,10.72201,10.72491,0.00,0.00
2015.11.23 14:10:00.270,10.7223,10.72481,0.00,0.00
2015.11.23 14:10:00.371,10.72229,10.72492,0.00,0.00
2015.11.23 14:10:00.890,10.7224,10.72541,0.00,0.00
2015.11.23 14:10:01.339,10.72239,10.72492,0.00,0.00
2015.11.23 14:10:01.390,10.72221,10.72492,0.00,0.00
2015.11.23 14:10:01.491,10.72202,10.72492,0.00,0.00
2015.11.23 14:10:01.542,10.72211,10.72492,0.00,0.00
2015.11.23 14:10:01.643,10.72239,10.72541,0.00,0.00
2015.11.23 14:10:02.092,10.72269,10.72541,0.00,0.00
2015.11.23 14:10:02.853,10.7227,10.72541,0.00,0.00
2015.11.23 14:10:03.456,10.72269,10.72541,0.00,0.00
2015.11.23 14:10:03.617,10.72328,10.72601,0.00,0.00
2015.11.23 14:10:03.668,10.72339,10.72601,0.00,0.00
2015.11.23 14:10:03.769,10.72359,10.72642,0.00,0.00
2015.11.23 14:10:04.635,10.72391,10.72642,0.00,0.00
2015.11.23 14:10:04.958,10.72379,10.72642,0.00,0.00
2015.11.23 14:10:05.363,10.72371,10.72642,0.00,0.00
2015.11.23 14:10:05.716,10.72361,10.72642,0.00,0.00
2015.11.23 14:10:07.961,10.7238,10.72642,0.00,0.00
2015.11.23 14:10:08.012,10.72361,10.72642,0.00,0.00
2015.11.23 14:10:09.870,10.72359,10.72642,0.00,0.00
2015.11.23 14:10:10.420,10.724,10.72642,0.00,0.00
2015.11.23 14:10:11.134,10.72399,10.72642,0.00,0.00
2015.11.23 14:10:11.489,10.7245,10.72642,0.00,0.00
2015.11.23 14:10:11.540,10.7245,10.72691,0.00,0.00
2015.11.23 14:10:11.648,10.72449,10.72742,0.00,0.00
2015.11.23 14:10:11.698,10.72459,10.72742,0.00,0.00
2015.11.23 14:10:12.312,10.7245,10.72742,0.00,0.00
2015.11.23 14:10:12.702,10.7244,10.72742,0.00,0.00
2015.11.23 14:10:12.925,10.72449,10.72742,0.00,0.00
2015.11.23 14:10:13.308,10.72459,10.72742,0.00,0.00
2015.11.23 14:10:13.595,10.72439,10.72742,0.00,0.00
2015.11.23 14:10:13.646,10.7242,10.72691,0.00,0.00
2015.11.23 14:10:13.747,10.72401,10.72691,0.00,0.00
2015.11.23 14:10:13.899,10.72379,10.72642,0.00,0.00
2015.11.23 14:10:15.414,10.72409,10.72692,0.00,0.00
2015.11.23 14:10:15.515,10.724,10.72692,0.00,0.00
2015.11.23 14:10:16.150,10.72369,10.72641,0.00,0.00
2015.11.23 14:10:16.310,10.7235,10.72641,0.00,0.00
2015.11.23 14:10:16.952,10.72349,10.72641,0.00,0.00
2015.11.23 14:10:17.147,10.72349,10.72592,0.00,0.00
2015.11.23 14:10:17.481,10.72331,10.72592,0.00,0.00
2015.11.23 14:10:17.532,10.72301,10.72542,0.00,0.00
2015.11.23 14:10:17.755,10.7229,10.72542,0.00,0.00
2015.11.23 14:10:17.855,10.72289,10.72561,0.00,0.00
2015.11.23 14:10:18.459,10.7229,10.72561,0.00,0.00
2015.11.23 14:10:19.081,10.72289,10.72561,0.00,0.00
2015.11.23 14:10:19.421,10.72299,10.72561,0.00,0.00
2015.11.23 14:10:19.762,10.72379,10.72561,0.00,0.00
2015.11.23 14:10:19.812,10.72379,10.72612,0.00,0.00
2015.11.23 14:10:19.863,10.7244,10.72612,0.00,0.00
2015.11.23 14:10:19.913,10.7244,10.72702,0.00,0.00
2015.11.23 14:10:20.478,10.7246,10.72702,0.00,0.00
2015.11.23 14:10:20.529,10.7246,10.72761,0.00,0.00
2015.11.23 14:10:20.579,10.7246,10.72661,0.00,0.00
2015.11.23 14:10:20.630,10.72439,10.72661,0.00,0.00
2015.11.23 14:10:20.681,10.72439,10.72712,0.00,0.00
2015.11.23 14:10:20.795,10.7241,10.72712,0.00,0.00
2015.11.23 14:10:21.016,10.7241,10.72662,0.00,0.00
2015.11.23 14:10:21.067,10.72401,10.72662,0.00,0.00
2015.11.23 14:10:21.168,10.72389,10.72662,0.00,0.00
2015.11.23 14:10:22.165,10.7239,10.72662,0.00,0.00
2015.11.23 14:10:22.731,10.72399,10.72711,0.00,0.00
2015.11.23 14:10:23.343,10.724,10.72711,0.00,0.00
2015.11.23 14:10:23.973,10.72399,10.72711,0.00,0.00
2015.11.23 14:10:24.651,10.724,10.72711,0.00,0.00
2015.11.23 14:10:25.193,10.72399,10.72711,0.00,0.00
2015.11.23 14:10:25.688,10.72401,10.72711,0.00,0.00
2015.11.23 14:10:25.840,10.72448,10.72762,0.00,0.00
2015.11.23 14:10:26.060,10.72499,10.72762,0.00,0.00
2015.11.23 14:10:26.280,10.72448,10.72762,0.00,0.00
2015.11.23 14:10:26.381,10.72539,10.72762,0.00,0.00
2015.11.23 14:10:26.431,10.72548,10.72791,0.00,0.00
2015.11.23 14:10:26.532,10.72548,10.72849,0.00,0.00
2015.11.23 14:10:26.633,10.72539,10.72811,0.00,0.00
2015.11.23 14:10:27.146,10.7254,10.72811,0.00,0.00
2015.11.23 14:10:27.466,10.72492,10.72762,0.00,0.00
2015.11.23 14:10:28.022,10.72482,10.72762,0.00,0.00
2015.11.23 14:10:28.947,10.72449,10.72762,0.00,0.00
2015.11.23 14:10:32.007,10.7245,10.72762,0.00,0.00
2015.11.23 14:10:32.341,10.72481,10.72762,0.00,0.00
2015.11.23 14:10:32.665,10.725,10.72762,0.00,0.00
2015.11.23 14:10:33.688,10.72499,10.72762,0.00,0.00
2015.11.23 14:10:34.939,10.72519,10.72762,0.00,0.00
2015.11.23 14:10:35.754,10.72491,10.72762,0.00,0.00
2015.11.23 14:10:36.292,10.7251,10.72762,0.00,0.00
2015.11.23 14:10:36.934,10.72509,10.72762,0.00,0.00
2015.11.23 14:10:37.207,10.72499,10.72762,0.00,0.00
2015.11.23 14:10:37.773,10.725,10.72762,0.00,0.00
2015.11.23 14:10:38.411,10.72489,10.72762,0.00,0.00
2015.11.23 14:10:38.512,10.72491,10.72762,0.00,0.00
2015.11.23 14:10:39.064,10.72501,10.72762,0.00,0.00
2015.11.23 14:10:39.563,10.7261,10.72861,0.00,0.00
2015.11.23 14:10:39.613,10.72592,10.72861,0.00,0.00
2015.11.23 14:10:40.370,10.72522,10.72811,0.00,0.00
2015.11.23 14:10:40.471,10.72499,10.72811,0.00,0.00
2015.11.23 14:10:40.623,10.72499,10.72762,0.00,0.00
2015.11.23 14:10:41.065,10.72492,10.72762,0.00,0.00
2015.11.23 14:10:41.474,10.72498,10.72791,0.00,0.00
2015.11.23 14:10:41.575,10.72551,10.72812,0.00,0.00
2015.11.23 14:10:41.910,10.72519,10.72761,0.00,0.00
2015.11.23 14:10:41.961,10.72501,10.72761,0.00,0.00
2015.11.23 14:10:44.991,10.72491,10.72761,0.00,0.00
2015.11.23 14:10:45.293,10.7248,10.72761,0.00,0.00
2015.11.23 14:10:45.344,10.72461,10.72761,0.00,0.00
2015.11.23 14:10:45.636,10.72481,10.72761,0.00,0.00
2015.11.23 14:10:46.277,10.72492,10.72761,0.00,0.00
2015.11.23 14:10:46.607,10.72551,10.72861,0.00,0.00
2015.11.23 14:10:46.798,10.72551,10.72851,0.00,0.00
2015.11.23 14:10:46.899,10.72551,10.72861,0.00,0.00
2015.11.23 14:10:47.299,10.72562,10.72861,0.00,0.00
2015.11.23 14:10:47.759,10.72541,10.72812,0.00,0.00
2015.11.23 14:10:48.352,10.72541,10.72811,0.00,0.00
2015.11.23 14:10:49.694,10.72492,10.72762,0.00,0.00
2015.11.23 14:10:49.933,10.72498,10.72812,0.00,0.00
2015.11.23 14:10:50.034,10.72542,10.72812,0.00,0.00
2015.11.23 14:10:51.259,10.72542,10.72761,0.00,0.00
2015.11.23 14:10:51.580,10.72491,10.72761,0.00,0.00
2015.11.23 14:10:52.061,10.72499,10.72811,0.00,0.00
2015.11.23 14:10:52.111,10.72529,10.72811,0.00,0.00
2015.11.23 14:10:52.413,10.7253,10.72762,0.00,0.00
2015.11.23 14:10:52.681,10.72492,10.72762,0.00,0.00
2015.11.23 14:10:53.010,10.7253,10.72762,0.00,0.00
2015.11.23 14:10:53.589,10.72471,10.72761,0.00,0.00
2015.11.23 14:10:54.241,10.72471,10.72762,0.00,0.00
2015.11.23 14:10:54.343,10.72481,10.72762,0.00,0.00
2015.11.23 14:10:55.431,10.7251,10.72781,0.00,0.00
2015.11.23 14:10:55.734,10.725,10.72762,0.00,0.00
2015.11.23 14:10:55.885,10.72541,10.72811,0.00,0.00
2015.11.23 14:10:55.986,10.72481,10.72762,0.00,0.00
2015.11.23 14:10:56.087,10.72468,10.72762,0.00,0.00
2015.11.23 14:10:56.138,10.72452,10.72741,0.00,0.00
2015.11.23 14:10:56.480,10.72452,10.72711,0.00,0.00
2015.11.23 14:10:57.656,10.72452,10.72662,0.00,0.00
2015.11.23 14:10:57.857,10.72451,10.72761,0.00,0.00
2015.11.23 14:10:57.958,10.7241,10.72662,0.00,0.00
2015.11.23 14:10:58.587,10.72402,10.72662,0.00,0.00
2015.11.23 14:10:58.689,10.72429,10.72662,0.00,0.00
2015.11.23 14:10:58.740,10.72429,10.72712,0.00,0.00
2015.11.23 14:10:58.841,10.72451,10.72661,0.00,0.00
2015.11.23 14:10:58.942,10.724,10.72661,0.00,0.00
2015.11.23 14:10:59.392,10.72392,10.72661,0.00,0.00
2015.11.23 14:10:59.544,10.72399,10.72691,0.00,0.00
2015.11.23 14:10:59.594,10.72451,10.72691,0.00,0.00
2015.11.23 14:10:59.645,10.72451,10.72711,0.00,0.00
2015.11.23 14:11:00.484,10.72452,10.72711,0.00,0.00
2015.11.23 14:11:00.535,10.72452,10.72762,0.00,0.00
2015.11.23 14:11:00.636,10.72451,10.72711,0.00,0.00
2015.11.23 14:11:00.742,10.72451,10.72761,0.00,0.00
2015.11.23 14:11:00.843,10.7246,10.72751,0.00,0.00
2015.11.23 14:11:00.949,10.72459,10.72761,0.00,0.00
2015.11.23 14:11:01.579,10.7246,10.72761,0.00,0.00
2015.11.23 14:11:01.630,10.72451,10.72711,0.00,0.00
2015.11.23 14:11:02.390,10.72451,10.72761,0.00,0.00
2015.11.23 14:11:02.441,10.72469,10.72761,0.00,0.00
2015.11.23 14:11:02.907,10.72542,10.72761,0.00,0.00
2015.11.23 14:11:03.265,10.72501,10.72761,0.00,0.00
2015.11.23 14:11:03.459,10.72491,10.72761,0.00,0.00
2015.11.23 14:11:03.787,10.72491,10.72752,0.00,0.00
2015.11.23 14:11:04.996,10.72491,10.72702,0.00,0.00
2015.11.23 14:11:05.097,10.72451,10.72702,0.00,0.00
2015.11.23 14:11:08.766,10.72391,10.72651,0.00,0.00
2015.11.23 14:11:10.636,10.72409,10.72651,0.00,0.00
2015.11.23 14:11:11.783,10.72391,10.72651,0.00,0.00
2015.11.23 14:11:11.985,10.72399,10.72651,0.00,0.00
2015.11.23 14:11:12.589,10.72391,10.72651,0.00,0.00
2015.11.23 14:11:12.969,10.72399,10.72651,0.00,0.00
2015.11.23 14:11:13.535,10.724,10.72651,0.00,0.00
2015.11.23 14:11:13.848,10.72391,10.72651,0.00,0.00
2015.11.23 14:11:13.906,10.72391,10.72702,0.00,0.00
2015.11.23 14:11:13.957,10.72439,10.72692,0.00,0.00
2015.11.23 14:11:14.293,10.72451,10.72702,0.00,0.00
2015.11.23 14:11:15.555,10.72469,10.72702,0.00,0.00
2015.11.23 14:11:15.794,10.72509,10.72752,0.00,0.00
2015.11.23 14:11:15.895,10.72501,10.72752,0.00,0.00
2015.11.23 14:11:16.124,10.72542,10.72752,0.00,0.00
2015.11.23 14:11:19.237,10.72551,10.72802,0.00,0.00
2015.11.23 14:11:19.434,10.72551,10.72851,0.00,0.00
2015.11.23 14:11:19.485,10.72551,10.72826,0.00,0.00
2015.11.23 14:11:19.831,10.72602,10.72851,0.00,0.00
2015.11.23 14:11:19.983,10.72561,10.72851,0.00,0.00
2015.11.23 14:11:20.949,10.72561,10.72846,0.00,0.00
2015.11.23 14:11:21.049,10.72561,10.72851,0.00,0.00
2015.11.23 14:11:22.063,10.72581,10.72851,0.00,0.00
2015.11.23 14:11:22.393,10.72642,10.72902,0.00,0.00
2015.11.23 14:11:22.501,10.72641,10.72932,0.00,0.00
2015.11.23 14:11:22.552,10.72641,10.72952,0.00,0.00
2015.11.23 14:11:22.753,10.72641,10.72922,0.00,0.00
2015.11.23 14:11:23.086,10.72641,10.72901,0.00,0.00
2015.11.23 14:11:24.615,10.726,10.72852,0.00,0.00
2015.11.23 14:11:24.665,10.72589,10.72852,0.00,0.00
2015.11.23 14:11:24.938,10.72589,10.72801,0.00,0.00
2015.11.23 14:11:25.039,10.7253,10.72802,0.00,0.00
2015.11.23 14:11:25.242,10.72501,10.72751,0.00,0.00
2015.11.23 14:11:25.293,10.72499,10.72751,0.00,0.00
2015.11.23 14:11:25.894,10.72489,10.72751,0.00,0.00
2015.11.23 14:11:25.945,10.72469,10.72751,0.00,0.00
2015.11.23 14:11:26.046,10.7248,10.72751,0.00,0.00
2015.11.23 14:11:26.147,10.72459,10.72751,0.00,0.00
2015.11.23 14:11:26.407,10.7247,10.72751,0.00,0.00
2015.11.23 14:11:26.508,10.72489,10.72792,0.00,0.00
2015.11.23 14:11:26.559,10.72539,10.72792,0.00,0.00
2015.11.23 14:11:26.610,10.72539,10.72801,0.00,0.00
2015.11.23 14:11:27.193,10.7252,10.72801,0.00,0.00
2015.11.23 14:11:27.614,10.72509,10.72801,0.00,0.00
2015.11.23 14:11:28.411,10.7251,10.72801,0.00,0.00
2015.11.23 14:11:29.086,10.72538,10.72842,0.00,0.00
2015.11.23 14:11:29.187,10.72539,10.72852,0.00,0.00
2015.11.23 14:11:29.505,10.72539,10.72841,0.00,0.00
2015.11.23 14:11:30.262,10.72539,10.72842,0.00,0.00
2015.11.23 14:11:30.725,10.72528,10.72842,0.00,0.00
2015.11.23 14:11:30.776,10.7251,10.72792,0.00,0.00
2015.11.23 14:11:31.629,10.72509,10.72792,0.00,0.00
2015.11.23 14:11:32.277,10.72509,10.72742,0.00,0.00
2015.11.23 14:11:32.378,10.72489,10.72742,0.00,0.00
2015.11.23 14:11:32.985,10.7249,10.72742,0.00,0.00
2015.11.23 14:11:33.642,10.72489,10.72742,0.00,0.00
2015.11.23 14:11:34.271,10.7248,10.72742,0.00,0.00
2015.11.23 14:11:34.845,10.72479,10.72742,0.00,0.00
2015.11.23 14:11:34.896,10.72469,10.72742,0.00,0.00
2015.11.23 14:11:35.225,10.72449,10.72742,0.00,0.00
2015.11.23 14:11:36.284,10.7245,10.72742,0.00,0.00
2015.11.23 14:11:36.435,10.72439,10.72742,0.00,0.00
2015.11.23 14:11:39.141,10.7244,10.72742,0.00,0.00
2015.11.23 14:11:39.942,10.72439,10.72742,0.00,0.00
2015.11.23 14:11:40.545,10.7244,10.72742,0.00,0.00
2015.11.23 14:11:40.951,10.7246,10.72742,0.00,0.00
2015.11.23 14:11:41.357,10.7251,10.72742,0.00,0.00
2015.11.23 14:11:41.610,10.72379,10.72692,0.00,0.00
2015.11.23 14:11:41.661,10.7238,10.72642,0.00,0.00
2015.11.23 14:11:42.207,10.72379,10.72642,0.00,0.00
2015.11.23 14:11:42.774,10.7238,10.72642,0.00,0.00
2015.11.23 14:11:43.647,10.72379,10.72642,0.00,0.00
2015.11.23 14:11:44.388,10.7238,10.72642,0.00,0.00
2015.11.23 14:11:44.900,10.72379,10.72642,0.00,0.00
2015.11.23 14:11:45.244,10.72369,10.72642,0.00,0.00
2015.11.23 14:11:45.746,10.72359,10.72642,0.00,0.00
2015.11.23 14:11:46.057,10.72389,10.72642,0.00,0.00
2015.11.23 14:11:47.372,10.7242,10.72642,0.00,0.00
2015.11.23 14:11:47.473,10.72399,10.72642,0.00,0.00
2015.11.23 14:11:47.846,10.72379,10.72642,0.00,0.00
2015.11.23 14:11:49.059,10.7238,10.72642,0.00,0.00
2015.11.23 14:11:49.338,10.72379,10.72592,0.00,0.00
2015.11.23 14:11:49.388,10.72318,10.72592,0.00,0.00
2015.11.23 14:11:49.439,10.72288,10.72542,0.00,0.00
2015.11.23 14:11:49.540,10.72259,10.72542,0.00,0.00
2015.11.23 14:11:50.191,10.72249,10.72542,0.00,0.00
2015.11.23 14:11:50.458,10.72242,10.72542,0.00,0.00
2015.11.23 14:11:50.508,10.72249,10.72542,0.00,0.00
2015.11.23 14:11:50.913,10.72259,10.72542,0.00,0.00
2015.11.23 14:11:51.232,10.72269,10.72542,0.00,0.00
2015.11.23 14:11:51.813,10.7227,10.72542,0.00,0.00
2015.11.23 14:11:52.327,10.72241,10.72542,0.00,0.00
2015.11.23 14:11:52.585,10.72239,10.72542,0.00,0.00
2015.11.23 14:11:53.527,10.72239,10.72491,0.00,0.00
2015.11.23 14:11:53.991,10.72239,10.72501,0.00,0.00
2015.11.23 14:11:54.100,10.7222,10.72501,0.00,0.00
2015.11.23 14:11:54.385,10.72228,10.72551,0.00,0.00
2015.11.23 14:11:54.494,10.72239,10.72552,0.00,0.00
2015.11.23 14:11:56.269,10.72249,10.72552,0.00,0.00
2015.11.23 14:11:56.702,10.72239,10.72552,0.00,0.00
2015.11.23 14:11:57.369,10.7224,10.72552,0.00,0.00
2015.11.23 14:11:57.470,10.72321,10.72601,0.00,0.00
2015.11.23 14:11:58.016,10.72321,10.72602,0.00,0.00
2015.11.23 14:11:59.237,10.7234,10.72651,0.00,0.00
2015.11.23 14:11:59.627,10.72372,10.72651,0.00,0.00
2015.11.23 14:12:00.244,10.72419,10.72651,0.00,0.00
2015.11.23 14:12:00.294,10.72451,10.72701,0.00,0.00
2015.11.23 14:12:02.415,10.72451,10.72751,0.00,0.00
2015.11.23 14:12:02.466,10.72459,10.72751,0.00,0.00
2015.11.23 14:12:02.788,10.72492,10.72751,0.00,0.00
2015.11.23 14:12:03.506,10.72482,10.72751,0.00,0.00
2015.11.23 14:12:04.286,10.72492,10.72751,0.00,0.00
2015.11.23 14:12:06.921,10.72481,10.72751,0.00,0.00
2015.11.23 14:12:07.074,10.72481,10.72702,0.00,0.00
2015.11.23 14:12:07.125,10.72452,10.72702,0.00,0.00
2015.11.23 14:12:07.953,10.7242,10.72702,0.00,0.00
2015.11.23 14:12:08.004,10.72392,10.72652,0.00,0.00
2015.11.23 14:12:08.307,10.72452,10.72701,0.00,0.00
2015.11.23 14:12:08.357,10.72452,10.72751,0.00,0.00
2015.11.23 14:12:08.458,10.72471,10.72751,0.00,0.00
2015.11.23 14:12:08.931,10.72491,10.72751,0.00,0.00
2015.11.23 14:12:09.235,10.7251,10.72732,0.00,0.00
2015.11.23 14:12:09.779,10.72509,10.72732,0.00,0.00
2015.11.23 14:12:10.513,10.7251,10.72732,0.00,0.00
2015.11.23 14:12:11.190,10.72509,10.72732,0.00,0.00
2015.11.23 14:12:11.524,10.72541,10.72732,0.00,0.00
2015.11.23 14:12:12.577,10.72489,10.72732,0.00,0.00
2015.11.23 14:12:12.829,10.7248,10.72732,0.00,0.00
2015.11.23 14:12:12.930,10.72519,10.72732,0.00,0.00
2015.11.23 14:12:13.130,10.725,10.72732,0.00,0.00
2015.11.23 14:12:13.840,10.72499,10.72732,0.00,0.00
2015.11.23 14:12:14.159,10.7248,10.72732,0.00,0.00
2015.11.23 14:12:14.838,10.72469,10.72732,0.00,0.00
2015.11.23 14:12:15.208,10.72519,10.72732,0.00,0.00
2015.11.23 14:12:16.043,10.7252,10.72732,0.00,0.00
2015.11.23 14:12:16.770,10.7249,10.72732,0.00,0.00
2015.11.23 14:12:16.888,10.7246,10.72732,0.00,0.00
2015.11.23 14:12:17.202,10.72459,10.72631,0.00,0.00
2015.11.23 14:12:17.252,10.7237,10.72631,0.00,0.00
2015.11.23 14:12:17.474,10.72349,10.72631,0.00,0.00
2015.11.23 14:12:17.737,10.72349,10.72531,0.00,0.00
2015.11.23 14:12:17.787,10.7231,10.72531,0.00,0.00
2015.11.23 14:12:17.898,10.72289,10.72531,0.00,0.00
2015.11.23 14:12:18.491,10.72279,10.72531,0.00,0.00
2015.11.23 14:12:19.064,10.7228,10.72531,0.00,0.00
2015.11.23 14:12:19.376,10.723,10.72531,0.00,0.00
2015.11.23 14:12:19.900,10.72299,10.72531,0.00,0.00
2015.11.23 14:12:20.470,10.723,10.72531,0.00,0.00
2015.11.23 14:12:21.225,10.723,10.7258,0.00,0.00
2015.11.23 14:12:21.326,10.7232,10.72582,0.00,0.00
2015.11.23 14:12:21.932,10.7231,10.72582,0.00,0.00
2015.11.23 14:12:22.500,10.72309,10.72582,0.00,0.00
2015.11.23 14:12:25.122,10.72291,10.72581,0.00,0.00
2015.11.23 14:12:25.174,10.72258,10.72581,0.00,0.00
2015.11.23 14:12:25.225,10.72249,10.72531,0.00,0.00
2015.11.23 14:12:26.218,10.72211,10.72531,0.00,0.00
2015.11.23 14:12:26.325,10.72279,10.72531,0.00,0.00
2015.11.23 14:12:26.770,10.72299,10.72531,0.00,0.00
2015.11.23 14:12:27.274,10.723,10.72531,0.00,0.00
2015.11.23 14:12:27.427,10.72379,10.72631,0.00,0.00
2015.11.23 14:12:27.528,10.72399,10.72631,0.00,0.00
2015.11.23 14:12:27.848,10.7241,10.72631,0.00,0.00
2015.11.23 14:12:28.367,10.72399,10.72631,0.00,0.00
2015.11.23 14:12:28.418,10.72399,10.72681,0.00,0.00
2015.11.23 14:12:29.733,10.72391,10.7268,0.00,0.00
2015.11.23 14:12:29.834,10.72309,10.72631,0.00,0.00
2015.11.23 14:12:30.213,10.7231,10.72582,0.00,0.00
2015.11.23 14:12:31.255,10.7231,10.72532,0.00,0.00
2015.11.23 14:12:31.937,10.72269,10.72532,0.00,0.00
2015.11.23 14:12:32.089,10.72339,10.72532,0.00,0.00
2015.11.23 14:12:32.241,10.72289,10.72532,0.00,0.00
2015.11.23 14:12:32.859,10.72279,10.72532,0.00,0.00
2015.11.23 14:12:33.160,10.7226,10.72532,0.00,0.00
2015.11.23 14:12:33.693,10.72239,10.72532,0.00,0.00
2015.11.23 14:12:34.250,10.7224,10.72532,0.00,0.00
2015.11.23 14:12:34.545,10.72239,10.72432,0.00,0.00
2015.11.23 14:12:34.712,10.72202,10.72432,0.00,0.00
2015.11.23 14:12:35.002,10.72159,10.72432,0.00,0.00
2015.11.23 14:12:35.676,10.7216,10.72432,0.00,0.00
2015.11.23 14:12:36.116,10.72168,10.72432,0.00,0.00
2015.11.23 14:12:36.653,10.72178,10.72432,0.00,0.00
2015.11.23 14:12:36.983,10.72189,10.72432,0.00,0.00
2015.11.23 14:12:37.313,10.72199,10.72432,0.00,0.00
2015.11.23 14:12:37.469,10.7217,10.72432,0.00,0.00
2015.11.23 14:12:37.770,10.7218,10.72432,0.00,0.00
2015.11.23 14:12:38.087,10.72301,10.7248,0.00,0.00
2015.11.23 14:12:38.139,10.72309,10.72532,0.00,0.00
2015.11.23 14:12:38.511,10.72301,10.72532,0.00,0.00
2015.11.23 14:12:38.823,10.72309,10.72532,0.00,0.00
2015.11.23 14:12:38.925,10.72301,10.72532,0.00,0.00
2015.11.23 14:12:39.520,10.7227,10.72532,0.00,0.00
2015.11.23 14:12:40.072,10.72241,10.7253,0.00,0.00
2015.11.23 14:12:40.126,10.72249,10.7253,0.00,0.00
2015.11.23 14:12:40.227,10.7217,10.7248,0.00,0.00
2015.11.23 14:12:40.277,10.72169,10.72432,0.00,0.00
2015.11.23 14:12:40.575,10.72162,10.72431,0.00,0.00
2015.11.23 14:12:40.836,10.72189,10.72431,0.00,0.00
2015.11.23 14:12:41.379,10.7219,10.72431,0.00,0.00
2015.11.23 14:12:41.480,10.72208,10.72481,0.00,0.00
2015.11.23 14:12:41.685,10.72209,10.72531,0.00,0.00
2015.11.23 14:12:41.736,10.72218,10.72531,0.00,0.00
2015.11.23 14:12:42.186,10.72259,10.72531,0.00,0.00
2015.11.23 14:12:42.597,10.7217,10.72432,0.00,0.00
2015.11.23 14:12:42.683,10.72161,10.72432,0.00,0.00
2015.11.23 14:12:42.784,10.72142,10.72381,0.00,0.00
2015.11.23 14:12:42.835,10.72122,10.72381,0.00,0.00
2015.11.23 14:12:44.169,10.72128,10.72381,0.00,0.00
2015.11.23 14:12:44.371,10.72122,10.72381,0.00,0.00
2015.11.23 14:12:48.176,10.72122,10.72332,0.00,0.00
2015.11.23 14:12:48.277,10.72091,10.72332,0.00,0.00
2015.11.23 14:12:48.870,10.7212,10.72332,0.00,0.00
2015.11.23 14:12:49.327,10.72099,10.72332,0.00,0.00
2015.11.23 14:12:50.234,10.721,10.72332,0.00,0.00
2015.11.23 14:12:51.182,10.72098,10.72332,0.00,0.00
2015.11.23 14:12:51.284,10.72109,10.72332,0.00,0.00
2015.11.23 14:12:51.384,10.72138,10.7238,0.00,0.00
2015.11.23 14:12:51.436,10.72141,10.7238,0.00,0.00
2015.11.23 14:12:51.487,10.72141,10.72382,0.00,0.00
2015.11.23 14:12:52.134,10.72141,10.72332,0.00,0.00
2015.11.23 14:12:52.235,10.72102,10.72332,0.00,0.00
2015.11.23 14:12:52.793,10.72129,10.72332,0.00,0.00
2015.11.23 14:12:53.362,10.72102,10.72332,0.00,0.00
2015.11.23 14:12:53.456,10.72118,10.72332,0.00,0.00
2015.11.23 14:12:54.258,10.721,10.72332,0.00,0.00
2015.11.23 14:12:54.516,10.72141,10.72332,0.00,0.00
2015.11.23 14:12:54.567,10.72141,10.72381,0.00,0.00
2015.11.23 14:12:55.896,10.72161,10.72432,0.00,0.00
2015.11.23 14:12:56.747,10.72181,10.72432,0.00,0.00
2015.11.23 14:12:57.841,10.72171,10.72432,0.00,0.00
2015.11.23 14:12:57.942,10.72162,10.72432,0.00,0.00
2015.11.23 14:13:02.328,10.72181,10.72432,0.00,0.00
2015.11.23 14:13:02.884,10.72292,10.72432,0.00,0.00
2015.11.23 14:13:03.185,10.723,10.72531,0.00,0.00
2015.11.23 14:13:03.333,10.72292,10.72531,0.00,0.00
2015.11.23 14:13:04.483,10.72299,10.72531,0.00,0.00
2015.11.23 14:13:04.813,10.72332,10.72531,0.00,0.00
2015.11.23 14:13:05.193,10.72341,10.72531,0.00,0.00
2015.11.23 14:13:05.886,10.72341,10.72581,0.00,0.00
2015.11.23 14:13:05.937,10.7238,10.72631,0.00,0.00
2015.11.23 14:13:05.987,10.72391,10.72631,0.00,0.00
2015.11.23 14:13:06.454,10.724,10.72631,0.00,0.00
2015.11.23 14:13:06.787,10.7243,10.72631,0.00,0.00
2015.11.23 14:13:07.645,10.72439,10.72631,0.00,0.00
2015.11.23 14:13:07.796,10.72441,10.72682,0.00,0.00
2015.11.23 14:13:08.214,10.72441,10.72631,0.00,0.00
2015.11.23 14:13:08.264,10.72391,10.72631,0.00,0.00
2015.11.23 14:13:08.854,10.72391,10.72581,0.00,0.00
2015.11.23 14:13:09.005,10.72292,10.7258,0.00,0.00
2015.11.23 14:13:09.106,10.72292,10.72532,0.00,0.00
2015.11.23 14:13:10.039,10.72339,10.72532,0.00,0.00
2015.11.23 14:13:10.090,10.72342,10.72582,0.00,0.00
2015.11.23 14:13:11.227,10.72341,10.72582,0.00,0.00
2015.11.23 14:13:12.766,10.72381,10.72631,0.00,0.00
2015.11.23 14:13:12.867,10.72341,10.7263,0.00,0.00
2015.11.23 14:13:12.918,10.72341,10.72621,0.00,0.00
2015.11.23 14:13:13.261,10.72292,10.72532,0.00,0.00
2015.11.23 14:13:13.566,10.72292,10.7253,0.00,0.00
2015.11.23 14:13:13.718,10.72241,10.72481,0.00,0.00
2015.11.23 14:13:14.584,10.72241,10.72432,0.00,0.00
2015.11.23 14:13:14.685,10.72242,10.7248,0.00,0.00
2015.11.23 14:13:14.736,10.72242,10.72482,0.00,0.00
2015.11.23 14:13:14.794,10.7229,10.72482,0.00,0.00
2015.11.23 14:13:14.845,10.72292,10.72532,0.00,0.00
2015.11.23 14:13:14.996,10.72319,10.72532,0.00,0.00
2015.11.23 14:13:15.435,10.72329,10.72532,0.00,0.00
2015.11.23 14:13:15.599,10.72309,10.72532,0.00,0.00
2015.11.23 14:13:16.171,10.7231,10.72532,0.00,0.00
2015.11.23 14:13:16.552,10.723,10.72532,0.00,0.00
2015.11.23 14:13:17.105,10.72291,10.72532,0.00,0.00
2015.11.23 14:13:17.257,10.72282,10.72532,0.00,0.00
2015.11.23 14:13:19.305,10.72282,10.72481,0.00,0.00
2015.11.23 14:13:19.355,10.7227,10.72481,0.00,0.00
2015.11.23 14:13:19.456,10.72191,10.72481,0.00,0.00
2015.11.23 14:13:19.566,10.72191,10.72432,0.00,0.00
2015.11.23 14:13:19.976,10.72191,10.7248,0.00,0.00
2015.11.23 14:13:20.026,10.7226,10.72482,0.00,0.00
2015.11.23 14:13:20.191,10.72341,10.72582,0.00,0.00
2015.11.23 14:13:20.853,10.72342,10.72582,0.00,0.00
2015.11.23 14:13:22.384,10.72342,10.7263,0.00,0.00
2015.11.23 14:13:22.435,10.7235,10.72631,0.00,0.00
2015.11.23 14:13:22.934,10.72431,10.72532,0.00,0.00
2015.11.23 14:13:22.985,10.72431,10.72632,0.00,0.00
2015.11.23 14:13:23.277,10.72431,10.72582,0.00,0.00
2015.11.23 14:13:23.328,10.72341,10.72582,0.00,0.00
2015.11.23 14:13:23.632,10.72361,10.72632,0.00,0.00
2015.11.23 14:13:23.901,10.72342,10.72581,0.00,0.00
2015.11.23 14:13:25.498,10.72371,10.72631,0.00,0.00
2015.11.23 14:13:26.049,10.72371,10.72632,0.00,0.00
2015.11.23 14:13:26.149,10.72341,10.72581,0.00,0.00
2015.11.23 14:13:27.333,10.72341,10.72491,0.00,0.00
2015.11.23 14:13:28.562,10.72341,10.72441,0.00,0.00
2015.11.23 14:13:28.613,10.72292,10.72441,0.00,0.00
2015.11.23 14:13:28.807,10.72259,10.72441,0.00,0.00
2015.11.23 14:13:29.400,10.72242,10.72392,0.00,0.00
2015.11.23 14:13:33.868,10.72261,10.72441,0.00,0.00
2015.11.23 14:13:35.623,10.72272,10.72441,0.00,0.00
2015.11.23 14:13:35.981,10.72291,10.72441,0.00,0.00
2015.11.23 14:13:37.563,10.72291,10.72492,0.00,0.00
2015.11.23 14:13:37.614,10.72331,10.72492,0.00,0.00
2015.11.23 14:13:42.536,10.72291,10.72442,0.00,0.00
2015.11.23 14:13:43.447,10.72292,10.72442,0.00,0.00
2015.11.23 14:13:44.214,10.72262,10.72442,0.00,0.00
2015.11.23 14:13:44.444,10.72242,10.72441,0.00,0.00
2015.11.23 14:13:44.495,10.72242,10.72391,0.00,0.00
2015.11.23 14:13:47.014,10.72241,10.72348,0.00,0.00
2015.11.23 14:13:47.065,10.72241,10.72391,0.00,0.00
2015.11.23 14:13:47.576,10.72241,10.72342,0.00,0.00
2015.11.23 14:13:47.627,10.72191,10.72342,0.00,0.00
2015.11.23 14:13:48.892,10.722,10.72342,0.00,0.00
2015.11.23 14:13:49.195,10.72208,10.72342,0.00,0.00
2015.11.23 14:13:49.488,10.72219,10.72392,0.00,0.00
2015.11.23 14:13:49.540,10.72241,10.72392,0.00,0.00
2015.11.23 14:13:51.645,10.72241,10.72355,0.00,0.00
2015.11.23 14:13:51.695,10.72199,10.72343,0.00,0.00
2015.11.23 14:13:51.746,10.72192,10.72341,0.00,0.00
2015.11.23 14:13:55.783,10.72182,10.72341,0.00,0.00
2015.11.23 14:13:56.069,10.72191,10.72341,0.00,0.00
2015.11.23 14:13:57.015,10.72239,10.72392,0.00,0.00
2015.11.23 14:13:57.065,10.72241,10.72392,0.00,0.00
2015.11.23 14:13:57.374,10.72241,10.72442,0.00,0.00
2015.11.23 14:13:57.626,10.72241,10.72392,0.00,0.00
2015.11.23 14:14:00.582,10.72241,10.72362,0.00,0.00
2015.11.23 14:14:00.833,10.72162,10.72302,0.00,0.00
2015.11.23 14:14:01.574,10.72142,10.72268,0.00,0.00
2015.11.23 14:14:02.336,10.72101,10.72253,0.00,0.00
2015.11.23 14:14:02.910,10.72099,10.72233,0.00,0.00
2015.11.23 14:14:04.105,10.72142,10.7226,0.00,0.00
2015.11.23 14:14:07.654,10.72131,10.7226,0.00,0.00
2015.11.23 14:14:07.770,10.72131,10.72252,0.00,0.00
2015.11.23 14:14:07.871,10.72091,10.72205,0.00,0.00
2015.11.23 14:14:08.100,10.72091,10.72251,0.00,0.00
2015.11.23 14:14:08.151,10.72139,10.72251,0.00,0.00
2015.11.23 14:14:08.302,10.72171,10.72301,0.00,0.00
2015.11.23 14:14:08.799,10.72191,10.7232,0.00,0.00
2015.11.23 14:14:10.679,10.72149,10.72301,0.00,0.00
2015.11.23 14:14:10.730,10.72139,10.72268,0.00,0.00
2015.11.23 14:14:11.164,10.72091,10.72214,0.00,0.00
2015.11.23 14:14:11.493,10.721,10.72233,0.00,0.00
2015.11.23 14:14:11.731,10.72098,10.7223,0.00,0.00
2015.11.23 14:14:11.832,10.72091,10.72223,0.00,0.00
2015.11.23 14:14:13.524,10.72109,10.72228,0.00,0.00
2015.11.23 14:14:13.625,10.72132,10.72262,0.00,0.00
2015.11.23 14:14:14.046,10.72119,10.72252,0.00,0.00
2015.11.23 14:14:14.096,10.72091,10.7221,0.00,0.00
2015.11.23 14:14:15.443,10.72082,10.72202,0.00,0.00
2015.11.23 14:14:16.246,10.721,10.72225,0.00,0.00
2015.11.23 14:14:16.347,10.72131,10.72252,0.00,0.00
2015.11.23 14:14:18.004,10.72131,10.72301,0.00,0.00
2015.11.23 14:14:18.054,10.7214,10.72301,0.00,0.00
2015.11.23 14:14:18.399,10.72151,10.72301,0.00,0.00
2015.11.23 14:14:18.970,10.72141,10.7228,0.00,0.00
2015.11.23 14:14:21.078,10.72141,10.72241,0.00,0.00
2015.11.23 14:14:21.179,10.72098,10.72225,0.00,0.00
2015.11.23 14:14:21.230,10.72091,10.72212,0.00,0.00
2015.11.23 14:14:22.493,10.72081,10.72201,0.00,0.00
2015.11.23 14:14:26.578,10.7211,10.72218,0.00,0.00
2015.11.23 14:14:26.679,10.72091,10.72225,0.00,0.00
2015.11.23 14:14:27.149,10.72091,10.72252,0.00,0.00
2015.11.23 14:14:27.200,10.72131,10.72252,0.00,0.00
2015.11.23 14:14:28.195,10.72121,10.72252,0.00,0.00
2015.11.23 14:14:28.296,10.72132,10.72252,0.00,0.00
2015.11.23 14:14:30.417,10.72102,10.72232,0.00,0.00
2015.11.23 14:14:30.518,10.72092,10.72217,0.00,0.00
2015.11.23 14:14:31.581,10.72132,10.72263,0.00,0.00
2015.11.23 14:14:31.881,10.72132,10.72248,0.00,0.00
2015.11.23 14:14:31.932,10.72092,10.72226,0.00,0.00
2015.11.23 14:14:34.914,10.72091,10.72208,0.00,0.00
2015.11.23 14:14:35.020,10.72099,10.72223,0.00,0.00
2015.11.23 14:14:35.120,10.72091,10.72226,0.00,0.00
2015.11.23 14:14:36.732,10.72099,10.7223,0.00,0.00
2015.11.23 14:14:36.875,10.72091,10.72218,0.00,0.00
2015.11.23 14:14:42.076,10.72009,10.7212,0.00,0.00
2015.11.23 14:14:42.489,10.71991,10.72108,0.00,0.00
2015.11.23 14:14:42.841,10.71961,10.72101,0.00,0.00
2015.11.23 14:14:42.942,10.71952,10.72101,0.00,0.00
2015.11.23 14:14:43.336,10.7199,10.72112,0.00,0.00
2015.11.23 14:14:43.638,10.72061,10.72201,0.00,0.00
2015.11.23 14:14:43.841,10.72011,10.72152,0.00,0.00
2015.11.23 14:14:43.942,10.71991,10.72113,0.00,0.00
2015.11.23 14:14:45.105,10.71962,10.72102,0.00,0.00
2015.11.23 14:14:45.257,10.71952,10.72082,0.00,0.00
2015.11.23 14:14:45.358,10.71941,10.72073,0.00,0.00
2015.11.23 14:14:45.509,10.7195,10.7208,0.00,0.00
2015.11.23 14:14:45.711,10.71891,10.72026,0.00,0.00
2015.11.23 14:14:45.845,10.71908,10.72033,0.00,0.00
2015.11.23 14:14:45.946,10.71891,10.72018,0.00,0.00
2015.11.23 14:14:46.997,10.71842,10.72002,0.00,0.00
2015.11.23 14:14:47.048,10.71842,10.71957,0.00,0.00
2015.11.23 14:14:47.149,10.71842,10.72001,0.00,0.00
2015.11.23 14:14:47.200,10.7186,10.72001,0.00,0.00
2015.11.23 14:14:47.513,10.71931,10.72063,0.00,0.00
2015.11.23 14:14:47.829,10.71891,10.72001,0.00,0.00
2015.11.23 14:14:48.182,10.71849,10.71973,0.00,0.00
2015.11.23 14:14:48.233,10.71842,10.71965,0.00,0.00
2015.11.23 14:14:49.004,10.71842,10.71953,0.00,0.00
2015.11.23 14:14:49.109,10.71791,10.71923,0.00,0.00
2015.11.23 14:14:49.160,10.71799,10.71924,0.00,0.00
2015.11.23 14:14:49.261,10.71791,10.71912,0.00,0.00
2015.11.23 14:14:49.362,10.71831,10.72002,0.00,0.00
2015.11.23 14:14:49.413,10.71869,10.72002,0.00,0.00
2015.11.23 14:14:49.868,10.71881,10.72015,0.00,0.00
2015.11.23 14:14:50.473,10.71892,10.72008,0.00,0.00
2015.11.23 14:14:50.645,10.71881,10.72008,0.00,0.00
2015.11.23 14:14:50.846,10.71871,10.72002,0.00,0.00
2015.11.23 14:14:50.897,10.71871,10.71987,0.00,0.00
2015.11.23 14:14:50.948,10.71849,10.71955,0.00,0.00
2015.11.23 14:14:50.998,10.71832,10.71957,0.00,0.00
2015.11.23 14:14:51.586,10.71832,10.71958,0.00,0.00
2015.11.23 14:14:51.939,10.71802,10.71938,0.00,0.00
2015.11.23 14:14:51.990,10.71792,10.71928,0.00,0.00
2015.11.23 14:14:53.494,10.71832,10.71932,0.00,0.00
2015.11.23 14:14:53.812,10.7184,10.71957,0.00,0.00
2015.11.23 14:14:54.649,10.71799,10.71928,0.00,0.00
2015.11.23 14:14:54.699,10.71809,10.7193,0.00,0.00
2015.11.23 14:14:54.800,10.71791,10.71923,0.00,0.00
2015.11.23 14:14:55.168,10.71791,10.71952,0.00,0.00
2015.11.23 14:14:55.218,10.71839,10.71952,0.00,0.00
2015.11.23 14:14:55.320,10.71832,10.71952,0.00,0.00
2015.11.23 14:14:55.421,10.71819,10.71928,0.00,0.00
2015.11.23 14:14:55.474,10.71791,10.71923,0.00,0.00
2015.11.23 14:14:56.421,10.71781,10.71906,0.00,0.00
2015.11.23 14:14:57.027,10.71799,10.71922,0.00,0.00
2015.11.23 14:14:57.595,10.71809,10.71932,0.00,0.00
2015.11.23 14:14:57.850,10.7179,10.7192,0.00,0.00
2015.11.23 14:14:57.951,10.71788,10.71913,0.00,0.00
2015.11.23 14:14:58.002,10.71781,10.71908,0.00,0.00
2015.11.23 14:14:58.840,10.71789,10.71912,0.00,0.00
2015.11.23 14:14:59.143,10.71792,10.71925,0.00,0.00
2015.11.23 14:14:59.595,10.71832,10.71955,0.00,0.00
2015.11.23 14:15:00.658,10.71832,10.71945,0.00,0.00
2015.11.23 14:15:00.809,10.71831,10.71952,0.00,0.00
2015.11.23 14:15:01.589,10.71861,10.72002,0.00,0.00
2015.11.23 14:15:01.754,10.71871,10.72002,0.00,0.00
2015.11.23 14:15:02.123,10.71861,10.72002,0.00,0.00
2015.11.23 14:15:02.224,10.71861,10.7198,0.00,0.00
2015.11.23 14:15:02.325,10.71851,10.71955,0.00,0.00
2015.11.23 14:15:02.426,10.71832,10.71952,0.00,0.00
2015.11.23 14:15:02.964,10.71832,10.71942,0.00,0.00
2015.11.23 14:15:03.067,10.71802,10.71932,0.00,0.00
2015.11.23 14:15:03.118,10.71791,10.71922,0.00,0.00
2015.11.23 14:15:03.734,10.71762,10.71902,0.00,0.00
2015.11.23 14:15:04.325,10.71761,10.71863,0.00,0.00
2015.11.23 14:15:04.437,10.71792,10.71902,0.00,0.00
2015.11.23 14:15:04.978,10.71769,10.71887,0.00,0.00
2015.11.23 14:15:05.028,10.71741,10.7186,0.00,0.00
2015.11.23 14:15:05.544,10.71742,10.71859,0.00,0.00
2015.11.23 14:15:05.846,10.71751,10.71902,0.00,0.00
2015.11.23 14:15:08.913,10.71782,10.71951,0.00,0.00
2015.11.23 14:15:08.963,10.7179,10.71951,0.00,0.00
2015.11.23 14:15:09.266,10.71841,10.72002,0.00,0.00
2015.11.23 14:15:12.610,10.71841,10.71952,0.00,0.00
2015.11.23 14:15:14.119,10.71801,10.7194,0.00,0.00
2015.11.23 14:15:14.220,10.71791,10.71916,0.00,0.00
2015.11.23 14:15:15.183,10.71792,10.71901,0.00,0.00
2015.11.23 14:15:17.077,10.71791,10.71905,0.00,0.00
2015.11.23 14:15:17.379,10.71781,10.71901,0.00,0.00
2015.11.23 14:15:18.475,10.71792,10.7191,0.00,0.00
2015.11.23 14:15:19.134,10.71781,10.71908,0.00,0.00
2015.11.23 14:15:20.368,10.71792,10.71951,0.00,0.00
2015.11.23 14:15:20.418,10.71799,10.71951,0.00,0.00
2015.11.23 14:15:20.721,10.71821,10.71952,0.00,0.00
2015.11.23 14:15:22.027,10.71792,10.71928,0.00,0.00
2015.11.23 14:15:22.322,10.71782,10.7192,0.00,0.00
2015.11.23 14:15:22.373,10.71822,10.71952,0.00,0.00
2015.11.23 14:15:22.889,10.71822,10.72002,0.00,0.00
2015.11.23 14:15:22.990,10.71839,10.72002,0.00,0.00
2015.11.23 14:15:23.362,10.71839,10.71974,0.00,0.00
2015.11.23 14:15:23.413,10.71831,10.7196,0.00,0.00
2015.11.23 14:15:23.464,10.71821,10.71953,0.00,0.00
2015.11.23 14:15:24.193,10.71821,10.71946,0.00,0.00
2015.11.23 14:15:24.345,10.71782,10.7192,0.00,0.00
2015.11.23 14:15:25.524,10.71822,10.71952,0.00,0.00
2015.11.23 14:15:27.384,10.71802,10.71947,0.00,0.00
2015.11.23 14:15:27.535,10.71761,10.71904,0.00,0.00
2015.11.23 14:15:28.521,10.71752,10.71902,0.00,0.00
2015.11.23 14:15:29.366,10.71752,10.71877,0.00,0.00
2015.11.23 14:15:29.706,10.71682,10.71814,0.00,0.00
2015.11.23 14:15:30.169,10.71542,10.71752,0.00,0.00
2015.11.23 14:15:30.471,10.71691,10.71802,0.00,0.00
2015.11.23 14:15:30.673,10.71699,10.7183,0.00,0.00
2015.11.23 14:15:30.952,10.71752,10.71902,0.00,0.00
2015.11.23 14:15:31.053,10.71742,10.71865,0.00,0.00
2015.11.23 14:15:31.377,10.71699,10.71827,0.00,0.00
2015.11.23 14:15:31.427,10.71692,10.71824,0.00,0.00
2015.11.23 14:15:31.679,10.71692,10.71851,0.00,0.00
2015.11.23 14:15:31.781,10.71731,10.71851,0.00,0.00
2015.11.23 14:15:34.108,10.71701,10.71838,0.00,0.00
2015.11.23 14:15:34.209,10.71691,10.71827,0.00,0.00
2015.11.23 14:15:35.395,10.71682,10.71814,0.00,0.00
2015.11.23 14:15:36.103,10.71671,10.71802,0.00,0.00
2015.11.23 14:15:37.635,10.71682,10.71802,0.00,0.00
2015.11.23 14:15:37.736,10.71672,10.71804,0.00,0.00
2015.11.23 14:15:37.837,10.71672,10.71861,0.00,0.00
2015.11.23 14:15:38.966,10.71681,10.71861,0.00,0.00
2015.11.23 14:15:39.067,10.71681,10.719,0.00,0.00
2015.11.23 14:15:39.118,10.7171,10.71962,0.00,0.00
2015.11.23 14:15:39.169,10.71742,10.71962,0.00,0.00
2015.11.23 14:15:39.607,10.71731,10.71911,0.00,0.00
2015.11.23 14:15:40.246,10.71742,10.71911,0.00,0.00
2015.11.23 14:15:40.823,10.71691,10.71861,0.00,0.00
2015.11.23 14:15:41.245,10.71682,10.71812,0.00,0.00
2015.11.23 14:15:41.397,10.71601,10.71812,0.00,0.00
2015.11.23 14:15:41.447,10.71601,10.7181,0.00,0.00
2015.11.23 14:15:41.774,10.71582,10.71761,0.00,0.00
2015.11.23 14:15:42.364,10.71571,10.71761,0.00,0.00
2015.11.23 14:15:42.676,10.71638,10.71811,0.00,0.00
2015.11.23 14:15:42.979,10.71641,10.71812,0.00,0.00
2015.11.23 14:15:43.987,10.71642,10.71812,0.00,0.00
2015.11.23 14:15:44.457,10.71642,10.71861,0.00,0.00
2015.11.23 14:15:44.558,10.71662,10.71862,0.00,0.00
2015.11.23 14:15:44.951,10.71681,10.71862,0.00,0.00
2015.11.23 14:15:46.091,10.71652,10.71862,0.00,0.00
2015.11.23 14:15:46.192,10.71639,10.71862,0.00,0.00
2015.11.23 14:15:46.243,10.71631,10.71762,0.00,0.00
2015.11.23 14:15:46.294,10.71592,10.71762,0.00,0.00
2015.11.23 14:15:46.596,10.71551,10.71762,0.00,0.00
2015.11.23 14:15:48.093,10.71491,10.71712,0.00,0.00
2015.11.23 14:15:48.163,10.71509,10.71712,0.00,0.00
2015.11.23 14:15:48.466,10.71521,10.71711,0.00,0.00
2015.11.23 14:15:50.274,10.71609,10.71762,0.00,0.00
2015.11.23 14:15:50.575,10.7162,10.71762,0.00,0.00
2015.11.23 14:15:50.919,10.71631,10.71811,0.00,0.00
2015.11.23 14:15:52.459,10.71591,10.71811,0.00,0.00
2015.11.23 14:15:52.509,10.71591,10.71761,0.00,0.00
2015.11.23 14:15:52.884,10.71619,10.71761,0.00,0.00
2015.11.23 14:15:52.935,10.71631,10.71811,0.00,0.00
2015.11.23 14:15:53.703,10.71641,10.71811,0.00,0.00
2015.11.23 14:15:54.922,10.71681,10.71862,0.00,0.00
2015.11.23 14:15:54.973,10.7169,10.71862,0.00,0.00
2015.11.23 14:15:55.112,10.71669,10.71862,0.00,0.00
2015.11.23 14:15:55.196,10.71652,10.71862,0.00,0.00
2015.11.23 14:15:56.477,10.71699,10.71862,0.00,0.00
2015.11.23 14:15:57.083,10.717,10.71862,0.00,0.00
2015.11.23 14:15:58.411,10.71699,10.71862,0.00,0.00
2015.11.23 14:15:58.887,10.71689,10.71911,0.00,0.00
2015.11.23 14:15:58.939,10.7172,10.71911,0.00,0.00
2015.11.23 14:15:59.277,10.71732,10.71911,0.00,0.00
2015.11.23 14:15:59.603,10.71732,10.71861,0.00,0.00
2015.11.23 14:15:59.654,10.71682,10.71861,0.00,0.00
2015.11.23 14:16:00.969,10.71709,10.71911,0.00,0.00
2015.11.23 14:16:01.070,10.71731,10.71911,0.00,0.00
2015.11.23 14:16:01.669,10.71731,10.71912,0.00,0.00
2015.11.23 14:16:02.473,10.71702,10.71862,0.00,0.00
2015.11.23 14:16:02.524,10.71699,10.71862,0.00,0.00
2015.11.23 14:16:02.575,10.71732,10.71862,0.00,0.00
2015.11.23 14:16:02.864,10.71732,10.71911,0.00,0.00
2015.11.23 14:16:06.982,10.71732,10.71962,0.00,0.00
2015.11.23 14:16:07.134,10.71742,10.71962,0.00,0.00
2015.11.23 14:16:07.474,10.71742,10.71912,0.00,0.00
2015.11.23 14:16:08.119,10.71732,10.71912,0.00,0.00
2015.11.23 14:16:08.438,10.71732,10.71942,0.00,0.00
2015.11.23 14:16:12.867,10.71732,10.71941,0.00,0.00
2015.11.23 14:16:12.968,10.71691,10.71892,0.00,0.00
2015.11.23 14:16:13.019,10.71682,10.71892,0.00,0.00
2015.11.23 14:16:13.070,10.71682,10.71941,0.00,0.00
2015.11.23 14:16:13.170,10.71751,10.71942,0.00,0.00
2015.11.23 14:16:13.271,10.71781,10.71992,0.00,0.00
2015.11.23 14:16:13.715,10.7179,10.71992,0.00,0.00
2015.11.23 14:16:13.901,10.71781,10.71992,0.00,0.00
2015.11.23 14:16:13.971,10.7179,10.71992,0.00,0.00
2015.11.23 14:16:14.202,10.71781,10.71992,0.00,0.00
2015.11.23 14:16:14.253,10.71762,10.71992,0.00,0.00
2015.11.23 14:16:14.931,10.71762,10.71942,0.00,0.00
2015.11.23 14:16:15.033,10.71681,10.71891,0.00,0.00
2015.11.23 14:16:16.490,10.71731,10.71941,0.00,0.00
2015.11.23 14:16:16.551,10.71731,10.7199,0.00,0.00
2015.11.23 14:16:16.703,10.71751,10.71991,0.00,0.00
2015.11.23 14:16:16.954,10.71692,10.71941,0.00,0.00
2015.11.23 14:16:17.106,10.71732,10.71941,0.00,0.00
2015.11.23 14:16:18.753,10.71732,10.71991,0.00,0.00
2015.11.23 14:16:18.804,10.71739,10.71992,0.00,0.00
2015.11.23 14:16:19.222,10.71751,10.71992,0.00,0.00
2015.11.23 14:16:19.542,10.71781,10.71992,0.00,0.00
2015.11.23 14:16:23.031,10.71789,10.71992,0.00,0.00
2015.11.23 14:16:23.576,10.7179,10.71992,0.00,0.00
2015.11.23 14:16:24.124,10.71789,10.71992,0.00,0.00
2015.11.23 14:16:24.815,10.7179,10.71992,0.00,0.00
2015.11.23 14:16:24.947,10.71781,10.72041,0.00,0.00
2015.11.23 14:16:25.048,10.71839,10.72041,0.00,0.00
2015.11.23 14:16:26.189,10.7184,10.72041,0.00,0.00
2015.11.23 14:16:26.240,10.71841,10.72092,0.00,0.00
2015.11.23 14:16:26.679,10.71841,10.72052,0.00,0.00
2015.11.23 14:16:26.780,10.71778,10.72049,0.00,0.00
2015.11.23 14:16:26.831,10.71732,10.72001,0.00,0.00
2015.11.23 14:16:27.167,10.71681,10.71892,0.00,0.00
2015.11.23 14:16:28.037,10.71689,10.71892,0.00,0.00
2015.11.23 14:16:28.338,10.71699,10.71892,0.00,0.00
2015.11.23 14:16:29.351,10.717,10.71892,0.00,0.00
2015.11.23 14:16:30.417,10.71729,10.71892,0.00,0.00
2015.11.23 14:16:30.468,10.71741,10.71942,0.00,0.00
2015.11.23 14:16:32.006,10.71751,10.71991,0.00,0.00
2015.11.23 14:16:32.622,10.71781,10.71991,0.00,0.00
2015.11.23 14:16:32.925,10.71789,10.71991,0.00,0.00
2015.11.23 14:16:34.475,10.7179,10.71991,0.00,0.00
2015.11.23 14:16:35.338,10.71789,10.71991,0.00,0.00
2015.11.23 14:16:36.048,10.71789,10.72041,0.00,0.00
2015.11.23 14:16:36.099,10.71839,10.72041,0.00,0.00
2015.11.23 14:16:36.564,10.71841,10.72041,0.00,0.00
2015.11.23 14:16:36.615,10.71841,10.72092,0.00,0.00
2015.11.23 14:16:37.156,10.71861,10.72092,0.00,0.00
2015.11.23 14:16:39.165,10.71851,10.72092,0.00,0.00
2015.11.23 14:16:40.000,10.71842,10.72092,0.00,0.00
2015.11.23 14:16:40.797,10.71842,10.72041,0.00,0.00
2015.11.23 14:16:40.898,10.71832,10.72041,0.00,0.00
2015.11.23 14:16:42.842,10.71832,10.71991,0.00,0.00
2015.11.23 14:16:43.172,10.71782,10.71991,0.00,0.00
2015.11.23 14:16:44.317,10.71741,10.71941,0.00,0.00
2015.11.23 14:16:44.368,10.71682,10.71941,0.00,0.00
2015.11.23 14:16:44.954,10.71682,10.71891,0.00,0.00
2015.11.23 14:16:49.797,10.71672,10.71891,0.00,0.00
2015.11.23 14:16:50.380,10.71682,10.71891,0.00,0.00
2015.11.23 14:16:50.702,10.71731,10.71891,0.00,0.00
2015.11.23 14:16:50.803,10.71751,10.71991,0.00,0.00
2015.11.23 14:16:51.548,10.71771,10.71991,0.00,0.00
2015.11.23 14:16:51.850,10.71781,10.71991,0.00,0.00
2015.11.23 14:16:52.001,10.71761,10.71991,0.00,0.00
2015.11.23 14:16:52.604,10.71782,10.71991,0.00,0.00
2015.11.23 14:16:52.908,10.71821,10.71991,0.00,0.00
2015.11.23 14:16:53.223,10.71811,10.71991,0.00,0.00
2015.11.23 14:16:53.934,10.71822,10.72042,0.00,0.00
2015.11.23 14:16:55.417,10.7179,10.71992,0.00,0.00
2015.11.23 14:16:55.468,10.71782,10.71992,0.00,0.00
2015.11.23 14:16:56.508,10.71781,10.71992,0.00,0.00
2015.11.23 14:16:57.035,10.71789,10.71992,0.00,0.00
2015.11.23 14:16:57.700,10.71781,10.71992,0.00,0.00
2015.11.23 14:16:57.801,10.71752,10.71992,0.00,0.00
2015.11.23 14:16:58.630,10.71772,10.71992,0.00,0.00
2015.11.23 14:16:58.954,10.71782,10.71992,0.00,0.00
2015.11.23 14:16:59.488,10.71841,10.7204,0.00,0.00
2015.11.23 14:16:59.539,10.71841,10.72092,0.00,0.00
2015.11.23 14:16:59.836,10.71822,10.72042,0.00,0.00
2015.11.23 14:17:00.459,10.71831,10.72042,0.00,0.00
2015.11.23 14:17:01.162,10.71781,10.72041,0.00,0.00
2015.11.23 14:17:01.213,10.71821,10.72042,0.00,0.00
2015.11.23 14:17:02.387,10.71832,10.72042,0.00,0.00
2015.11.23 14:17:02.538,10.71839,10.72092,0.00,0.00
2015.11.23 14:17:02.589,10.71842,10.72092,0.00,0.00
2015.11.23 14:17:05.037,10.71849,10.72092,0.00,0.00
2015.11.23 14:17:05.449,10.71842,10.72092,0.00,0.00
2015.11.23 14:17:06.141,10.71849,10.72092,0.00,0.00
2015.11.23 14:17:06.944,10.7185,10.72092,0.00,0.00
2015.11.23 14:17:07.321,10.71862,10.72092,0.00,0.00
2015.11.23 14:17:09.814,10.71871,10.72092,0.00,0.00
2015.11.23 14:17:11.879,10.71862,10.72092,0.00,0.00
2015.11.23 14:17:12.773,10.71871,10.72092,0.00,0.00
2015.11.23 14:17:14.886,10.71909,10.72092,0.00,0.00
2015.11.23 14:17:15.236,10.71882,10.72092,0.00,0.00
2015.11.23 14:17:16.191,10.71891,10.72092,0.00,0.00
2015.11.23 14:17:16.540,10.7191,10.72092,0.00,0.00
2015.11.23 14:17:16.644,10.71892,10.72092,0.00,0.00
2015.11.23 14:17:17.204,10.71881,10.72092,0.00,0.00
2015.11.23 14:17:18.178,10.71891,10.72092,0.00,0.00
2015.11.23 14:17:19.438,10.71882,10.72092,0.00,0.00
2015.11.23 14:17:20.584,10.71891,10.72092,0.00,0.00
2015.11.23 14:17:23.727,10.7194,10.72092,0.00,0.00
2015.11.23 14:17:23.777,10.71941,10.72142,0.00,0.00
2015.11.23 14:17:24.029,10.71941,10.72191,0.00,0.00
2015.11.23 14:17:26.219,10.71941,10.72141,0.00,0.00
2015.11.23 14:17:26.320,10.71889,10.72141,0.00,0.00
2015.11.23 14:17:26.371,10.71881,10.7214,0.00,0.00
2015.11.23 14:17:26.421,10.71881,10.72092,0.00,0.00
2015.11.23 14:17:29.474,10.71889,10.72092,0.00,0.00
2015.11.23 14:17:30.060,10.71881,10.72092,0.00,0.00
2015.11.23 14:17:31.033,10.71872,10.72092,0.00,0.00
2015.11.23 14:17:31.370,10.7183,10.72041,0.00,0.00
2015.11.23 14:17:31.747,10.71829,10.71992,0.00,0.00
2015.11.23 14:17:31.900,10.71799,10.71992,0.00,0.00
2015.11.23 14:17:35.993,10.718,10.71992,0.00,0.00
2015.11.23 14:17:36.926,10.71799,10.71992,0.00,0.00
2015.11.23 14:17:37.586,10.718,10.71992,0.00,0.00
2015.11.23 14:17:38.060,10.71799,10.72042,0.00,0.00
2015.11.23 14:17:38.393,10.71841,10.71991,0.00,0.00
2015.11.23 14:17:38.722,10.71841,10.72042,0.00,0.00
2015.11.23 14:17:40.260,10.71841,10.71991,0.00,0.00
2015.11.23 14:17:40.411,10.71781,10.71991,0.00,0.00
2015.11.23 14:17:40.521,10.71751,10.71991,0.00,0.00
2015.11.23 14:17:41.543,10.71739,10.71991,0.00,0.00
2015.11.23 14:17:41.954,10.71732,10.71941,0.00,0.00
2015.11.23 14:17:42.055,10.71669,10.71941,0.00,0.00
2015.11.23 14:17:42.156,10.71669,10.71891,0.00,0.00
2015.11.23 14:17:42.479,10.7177,10.71991,0.00,0.00
2015.11.23 14:17:42.581,10.71769,10.72061,0.00,0.00
2015.11.23 14:17:42.631,10.71831,10.72092,0.00,0.00
2015.11.23 14:17:42.959,10.71782,10.71992,0.00,0.00
2015.11.23 14:17:43.060,10.71769,10.71992,0.00,0.00
2015.11.23 14:17:43.161,10.71751,10.71992,0.00,0.00
2015.11.23 14:17:43.563,10.71751,10.71942,0.00,0.00
2015.11.23 14:17:43.815,10.71821,10.72042,0.00,0.00
2015.11.23 14:17:44.644,10.71841,10.72042,0.00,0.00
2015.11.23 14:17:51.419,10.71841,10.72091,0.00,0.00
2015.11.23 14:17:51.657,10.71862,10.72091,0.00,0.00
2015.11.23 14:17:52.524,10.71871,10.72091,0.00,0.00
2015.11.23 14:17:53.274,10.71919,10.72091,0.00,0.00
2015.11.23 14:17:53.325,10.71972,10.72192,0.00,0.00
2015.11.23 14:17:54.895,10.71972,10.72141,0.00,0.00
2015.11.23 14:17:55.046,10.71931,10.72141,0.00,0.00
2015.11.23 14:17:55.453,10.71922,10.72141,0.00,0.00
2015.11.23 14:17:56.331,10.71922,10.72191,0.00,0.00
2015.11.23 14:17:56.383,10.71971,10.72191,0.00,0.00
2015.11.23 14:17:58.471,10.71972,10.72191,0.00,0.00
2015.11.23 14:17:59.617,10.71972,10.72181,0.00,0.00
2015.11.23 14:18:00.097,10.71882,10.72091,0.00,0.00
2015.11.23 14:18:00.646,10.71871,10.72091,0.00,0.00
2015.11.23 14:18:01.190,10.71871,10.72042,0.00,0.00
2015.11.23 14:18:01.710,10.71871,10.72092,0.00,0.00
2015.11.23 14:18:02.418,10.71872,10.72092,0.00,0.00
2015.11.23 14:18:02.469,10.71879,10.72092,0.00,0.00
2015.11.23 14:18:02.920,10.71889,10.72092,0.00,0.00
2015.11.23 14:18:03.131,10.71872,10.72092,0.00,0.00
2015.11.23 14:18:03.182,10.71872,10.72041,0.00,0.00
2015.11.23 14:18:03.283,10.7184,10.72041,0.00,0.00
2015.11.23 14:18:03.583,10.71839,10.72092,0.00,0.00
2015.11.23 14:18:03.634,10.71871,10.72092,0.00,0.00
2015.11.23 14:18:04.511,10.71849,10.72092,0.00,0.00
2015.11.23 14:18:04.825,10.7183,10.72092,0.00,0.00
2015.11.23 14:18:04.876,10.71829,10.72042,0.00,0.00
2015.11.23 14:18:05.446,10.7183,10.72042,0.00,0.00
2015.11.23 14:18:05.994,10.71829,10.72042,0.00,0.00
2015.11.23 14:18:06.511,10.7183,10.72042,0.00,0.00
2015.11.23 14:18:07.016,10.71829,10.72092,0.00,0.00
2015.11.23 14:18:07.068,10.71808,10.72092,0.00,0.00
2015.11.23 14:18:07.351,10.71859,10.72092,0.00,0.00
2015.11.23 14:18:08.001,10.71859,10.72091,0.00,0.00
2015.11.23 14:18:09.030,10.7187,10.72091,0.00,0.00
2015.11.23 14:18:09.332,10.71851,10.72091,0.00,0.00
2015.11.23 14:18:10.231,10.71839,10.72091,0.00,0.00
2015.11.23 14:18:10.996,10.7184,10.72091,0.00,0.00
2015.11.23 14:18:11.047,10.71831,10.72041,0.00,0.00
2015.11.23 14:18:11.098,10.71811,10.72041,0.00,0.00
2015.11.23 14:18:11.520,10.71802,10.72041,0.00,0.00
2015.11.23 14:18:11.834,10.71802,10.71992,0.00,0.00
2015.11.23 14:18:11.885,10.71789,10.71992,0.00,0.00
2015.11.23 14:18:11.936,10.71781,10.71992,0.00,0.00
2015.11.23 14:18:11.987,10.71809,10.71992,0.00,0.00
2015.11.23 14:18:12.088,10.71842,10.72042,0.00,0.00
2015.11.23 14:18:12.139,10.71869,10.72042,0.00,0.00
2015.11.23 14:18:12.190,10.71869,10.72092,0.00,0.00
2015.11.23 14:18:12.470,10.7185,10.72092,0.00,0.00
2015.11.23 14:18:13.036,10.71842,10.72092,0.00,0.00
2015.11.23 14:18:13.087,10.7184,10.72092,0.00,0.00
2015.11.23 14:18:13.679,10.71839,10.72092,0.00,0.00
2015.11.23 14:18:14.222,10.7184,10.72092,0.00,0.00
2015.11.23 14:18:14.992,10.71831,10.72092,0.00,0.00
2015.11.23 14:18:15.042,10.71808,10.71992,0.00,0.00
2015.11.23 14:18:15.093,10.71742,10.71992,0.00,0.00
2015.11.23 14:18:15.194,10.7183,10.71992,0.00,0.00
2015.11.23 14:18:15.539,10.71881,10.72092,0.00,0.00
2015.11.23 14:18:16.024,10.71858,10.72092,0.00,0.00
2015.11.23 14:18:16.125,10.71851,10.72092,0.00,0.00
2015.11.23 14:18:16.176,10.71849,10.72092,0.00,0.00
2015.11.23 14:18:16.617,10.71818,10.72042,0.00,0.00
2015.11.23 14:18:16.668,10.71801,10.72042,0.00,0.00
2015.11.23 14:18:16.718,10.71801,10.71991,0.00,0.00
2015.11.23 14:18:17.030,10.7177,10.71941,0.00,0.00
2015.11.23 14:18:17.080,10.71759,10.71941,0.00,0.00
2015.11.23 14:18:17.131,10.71702,10.71941,0.00,0.00
2015.11.23 14:18:17.661,10.71702,10.71892,0.00,0.00
2015.11.23 14:18:18.153,10.717,10.71892,0.00,0.00
2015.11.23 14:18:18.204,10.71682,10.71892,0.00,0.00
2015.11.23 14:18:18.540,10.71682,10.71941,0.00,0.00
2015.11.23 14:18:18.591,10.71739,10.71941,0.00,0.00
2015.11.23 14:18:19.433,10.7174,10.71941,0.00,0.00
2015.11.23 14:18:20.125,10.71739,10.71941,0.00,0.00
2015.11.23 14:18:20.716,10.7174,10.71941,0.00,0.00
2015.11.23 14:18:20.969,10.71692,10.71942,0.00,0.00
2015.11.23 14:18:21.146,10.71698,10.71942,0.00,0.00
2015.11.23 14:18:21.354,10.71692,10.71942,0.00,0.00
2015.11.23 14:18:21.556,10.71699,10.71942,0.00,0.00
2015.11.23 14:18:21.748,10.71692,10.71942,0.00,0.00
2015.11.23 14:18:21.854,10.71701,10.71942,0.00,0.00
2015.11.23 14:18:23.776,10.71692,10.71892,0.00,0.00
2015.11.23 14:18:24.057,10.71682,10.71892,0.00,0.00
2015.11.23 14:18:24.842,10.71719,10.71892,0.00,0.00
2015.11.23 14:18:25.440,10.71678,10.71892,0.00,0.00
2015.11.23 14:18:25.541,10.71652,10.71892,0.00,0.00
2015.11.23 14:18:29.139,10.71712,10.71892,0.00,0.00
2015.11.23 14:18:29.376,10.71708,10.71892,0.00,0.00
2015.11.23 14:18:29.477,10.71701,10.71892,0.00,0.00
2015.11.23 14:18:30.031,10.71718,10.71892,0.00,0.00
2015.11.23 14:18:30.132,10.71718,10.7194,0.00,0.00
2015.11.23 14:18:30.183,10.71718,10.71961,0.00,0.00
2015.11.23 14:18:30.234,10.71701,10.71961,0.00,0.00
2015.11.23 14:18:31.667,10.71698,10.71961,0.00,0.00
2015.11.23 14:18:31.768,10.71668,10.71961,0.00,0.00
2015.11.23 14:18:31.837,10.71641,10.71961,0.00,0.00
2015.11.23 14:18:31.976,10.71682,10.71961,0.00,0.00
2015.11.23 14:18:32.288,10.71689,10.71961,0.00,0.00
2015.11.23 14:18:32.839,10.7169,10.71961,0.00,0.00
2015.11.23 14:18:33.396,10.71689,10.71961,0.00,0.00
2015.11.23 14:18:33.776,10.71682,10.71961,0.00,0.00
2015.11.23 14:18:33.953,10.71702,10.71961,0.00,0.00
2015.11.23 14:18:34.336,10.7174,10.71961,0.00,0.00
2015.11.23 14:18:34.793,10.71702,10.71961,0.00,0.00
2015.11.23 14:18:35.862,10.71729,10.71962,0.00,0.00
2015.11.23 14:18:35.913,10.71699,10.71962,0.00,0.00
2015.11.23 14:18:35.964,10.71681,10.71962,0.00,0.00
2015.11.23 14:18:38.067,10.71708,10.71962,0.00,0.00
2015.11.23 14:18:38.119,10.71682,10.71962,0.00,0.00
2015.11.23 14:18:39.356,10.71688,10.71962,0.00,0.00
2015.11.23 14:18:40.825,10.7169,10.71962,0.00,0.00
2015.11.23 14:18:41.419,10.71689,10.71962,0.00,0.00
2015.11.23 14:18:41.520,10.71671,10.71962,0.00,0.00
2015.11.23 14:18:42.080,10.71671,10.71912,0.00,0.00
2015.11.23 14:18:42.231,10.71649,10.71912,0.00,0.00
2015.11.23 14:18:42.282,10.71599,10.71912,0.00,0.00
2015.11.23 14:18:42.782,10.71609,10.71912,0.00,0.00
2015.11.23 14:18:43.192,10.71618,10.71912,0.00,0.00
2015.11.23 14:18:43.467,10.71601,10.71912,0.00,0.00
2015.11.23 14:18:44.586,10.7164,10.71862,0.00,0.00
2015.11.23 14:18:44.737,10.7164,10.71912,0.00,0.00
2015.11.23 14:18:45.521,10.71639,10.71912,0.00,0.00
2015.11.23 14:18:47.035,10.71639,10.71862,0.00,0.00
2015.11.23 14:18:47.137,10.71629,10.71862,0.00,0.00
2015.11.23 14:18:47.608,10.71608,10.71862,0.00,0.00
2015.11.23 14:18:47.660,10.71582,10.71862,0.00,0.00
2015.11.23 14:18:49.570,10.7165,10.71862,0.00,0.00
2015.11.23 14:18:49.671,10.71639,10.71911,0.00,0.00
2015.11.23 14:18:49.823,10.71639,10.71962,0.00,0.00
2015.11.23 14:18:50.067,10.71689,10.71962,0.00,0.00
2015.11.23 14:18:50.303,10.71651,10.71962,0.00,0.00
2015.11.23 14:18:50.564,10.71649,10.71962,0.00,0.00
2015.11.23 14:18:50.734,10.71658,10.71962,0.00,0.00
2015.11.23 14:18:50.835,10.71649,10.71962,0.00,0.00
2015.11.23 14:18:50.936,10.71658,10.71962,0.00,0.00
2015.11.23 14:18:51.798,10.71651,10.71962,0.00,0.00
2015.11.23 14:18:52.146,10.7166,10.71962,0.00,0.00
2015.11.23 14:18:52.448,10.71689,10.71962,0.00,0.00
2015.11.23 14:18:52.947,10.71672,10.71962,0.00,0.00
2015.11.23 14:18:53.439,10.71681,10.71962,0.00,0.00
2015.11.23 14:18:53.540,10.71671,10.71962,0.00,0.00
2015.11.23 14:18:54.621,10.71671,10.71982,0.00,0.00
2015.11.23 14:18:54.861,10.71682,10.71982,0.00,0.00
2015.11.23 14:18:55.248,10.71672,10.71982,0.00,0.00
2015.11.23 14:18:55.653,10.71659,10.71981,0.00,0.00
2015.11.23 14:18:56.103,10.71658,10.71971,0.00,0.00
2015.11.23 14:18:56.204,10.71608,10.71932,0.00,0.00
2015.11.23 14:18:56.425,10.71619,10.71932,0.00,0.00
2015.11.23 14:18:57.079,10.71618,10.71932,0.00,0.00
2015.11.23 14:18:57.716,10.71588,10.71881,0.00,0.00
2015.11.23 14:18:57.829,10.71581,10.71881,0.00,0.00
2015.11.23 14:18:58.484,10.71609,10.71881,0.00,0.00
2015.11.23 14:18:58.826,10.71622,10.71881,0.00,0.00
2015.11.23 14:18:58.930,10.71639,10.71932,0.00,0.00
2015.11.23 14:18:59.090,10.7165,10.71932,0.00,0.00
2015.11.23 14:18:59.141,10.71658,10.71982,0.00,0.00
2015.11.23 14:19:00.201,10.71659,10.71982,0.00,0.00
2015.11.23 14:19:01.170,10.7166,10.71982,0.00,0.00
2015.11.23 14:19:01.833,10.71659,10.71982,0.00,0.00
2015.11.23 14:19:02.548,10.71682,10.71982,0.00,0.00
2015.11.23 14:19:03.367,10.71672,10.71982,0.00,0.00
2015.11.23 14:19:03.468,10.71659,10.71982,0.00,0.00
2015.11.23 14:19:04.132,10.71661,10.71982,0.00,0.00
2015.11.23 14:19:04.518,10.71681,10.71982,0.00,0.00
2015.11.23 14:19:07.642,10.71669,10.71982,0.00,0.00
2015.11.23 14:19:07.878,10.71658,10.71981,0.00,0.00
2015.11.23 14:19:08.095,10.71709,10.71981,0.00,0.00
2015.11.23 14:19:08.247,10.7172,10.72012,0.00,0.00
2015.11.23 14:19:08.348,10.7172,10.72032,0.00,0.00
2015.11.23 14:19:08.929,10.71699,10.71982,0.00,0.00
2015.11.23 14:19:08.980,10.71681,10.71982,0.00,0.00
2015.11.23 14:19:09.616,10.71681,10.71932,0.00,0.00
2015.11.23 14:19:10.009,10.71671,10.71982,0.00,0.00
2015.11.23 14:19:10.173,10.7165,10.71932,0.00,0.00
2015.11.23 14:19:10.274,10.71672,10.71981,0.00,0.00
2015.11.23 14:19:10.536,10.71672,10.71932,0.00,0.00
2015.11.23 14:19:10.587,10.71631,10.71932,0.00,0.00
2015.11.23 14:19:10.638,10.71631,10.71882,0.00,0.00
2015.11.23 14:19:10.840,10.71631,10.71931,0.00,0.00
2015.11.23 14:19:11.220,10.71631,10.71881,0.00,0.00
2015.11.23 14:19:11.270,10.71598,10.71881,0.00,0.00
2015.11.23 14:19:11.389,10.71581,10.71891,0.00,0.00
2015.11.23 14:19:11.743,10.71581,10.71902,0.00,0.00
2015.11.23 14:19:11.844,10.71581,10.71892,0.00,0.00
2015.11.23 14:19:12.243,10.71581,10.71902,0.00,0.00
2015.11.23 14:19:12.627,10.71581,10.71892,0.00,0.00
2015.11.23 14:19:12.744,10.71582,10.71902,0.00,0.00
2015.11.23 14:19:12.845,10.71628,10.71912,0.00,0.00
2015.11.23 14:19:12.896,10.71628,10.71942,0.00,0.00
2015.11.23 14:19:12.947,10.71628,10.71952,0.00,0.00
2015.11.23 14:19:13.359,10.71609,10.71901,0.00,0.00
2015.11.23 14:19:13.460,10.71582,10.71901,0.00,0.00
2015.11.23 14:19:13.547,10.71582,10.71892,0.00,0.00
2015.11.23 14:19:13.850,10.71582,10.71901,0.00,0.00
2015.11.23 14:19:14.549,10.71579,10.71881,0.00,0.00
2015.11.23 14:19:15.068,10.71581,10.71901,0.00,0.00
2015.11.23 14:19:15.120,10.71581,10.71848,0.00,0.00
2015.11.23 14:19:15.373,10.71678,10.7196,0.00,0.00
2015.11.23 14:19:15.473,10.71609,10.71901,0.00,0.00
2015.11.23 14:19:15.551,10.71601,10.71901,0.00,0.00
2015.11.23 14:19:15.602,10.7161,10.71901,0.00,0.00
2015.11.23 14:19:16.480,10.71589,10.71892,0.00,0.00
2015.11.23 14:19:16.680,10.71582,10.71892,0.00,0.00
2015.11.23 14:19:16.755,10.71582,10.71901,0.00,0.00
2015.11.23 14:19:16.856,10.71582,10.71882,0.00,0.00
2015.11.23 14:19:17.185,10.71582,10.71901,0.00,0.00
2015.11.23 14:19:17.657,10.7161,10.71901,0.00,0.00
2015.11.23 14:19:18.317,10.71609,10.71901,0.00,0.00
2015.11.23 14:19:18.402,10.71589,10.71901,0.00,0.00
2015.11.23 14:19:18.711,10.71659,10.71901,0.00,0.00
2015.11.23 14:19:19.047,10.71678,10.71912,0.00,0.00
2015.11.23 14:19:19.098,10.71678,10.71989,0.00,0.00
2015.11.23 14:19:19.199,10.71678,10.71962,0.00,0.00
2015.11.23 14:19:19.300,10.71678,10.71981,0.00,0.00
2015.11.23 14:19:19.662,10.71678,10.71962,0.00,0.00
2015.11.23 14:19:19.986,10.71678,10.71989,0.00,0.00
2015.11.23 14:19:20.292,10.71678,10.71991,0.00,0.00
2015.11.23 14:19:20.342,10.71678,10.71961,0.00,0.00
2015.11.23 14:19:20.592,10.71678,10.72002,0.00,0.00
2015.11.23 14:19:21.552,10.71678,10.71961,0.00,0.00
2015.11.23 14:19:21.602,10.71678,10.71991,0.00,0.00
2015.11.23 14:19:21.703,10.71678,10.71971,0.00,0.00
2015.11.23 14:19:21.805,10.71678,10.71992,0.00,0.00
2015.11.23 14:19:22.781,10.71678,10.71961,0.00,0.00
2015.11.23 14:19:22.882,10.71678,10.71991,0.00,0.00
2015.11.23 14:19:23.069,10.71678,10.71962,0.00,0.00
2015.11.23 14:19:23.377,10.71678,10.71981,0.00,0.00
2015.11.23 14:19:23.478,10.71678,10.72002,0.00,0.00
2015.11.23 14:19:23.778,10.71678,10.71991,0.00,0.00
2015.11.23 14:19:24.427,10.71678,10.71981,0.00,0.00
2015.11.23 14:19:24.685,10.71678,10.72001,0.00,0.00
2015.11.23 14:19:24.796,10.71678,10.71981,0.00,0.00
2015.11.23 14:19:24.897,10.71678,10.72001,0.00,0.00
2015.11.23 14:19:24.977,10.71678,10.71981,0.00,0.00
2015.11.23 14:19:25.295,10.71678,10.71962,0.00,0.00
2015.11.23 14:19:25.933,10.71678,10.71992,0.00,0.00
2015.11.23 14:19:26.303,10.71678,10.72002,0.00,0.00
2015.11.23 14:19:26.761,10.71678,10.71981,0.00,0.00
2015.11.23 14:19:27.277,10.71678,10.71972,0.00,0.00
2015.11.23 14:19:27.327,10.71678,10.7198,0.00,0.00
2015.11.23 14:19:27.936,10.71678,10.71981,0.00,0.00
2015.11.23 14:19:28.073,10.71739,10.71982,0.00,0.00
2015.11.23 14:19:28.124,10.71739,10.72001,0.00,0.00
2015.11.23 14:19:28.225,10.71731,10.72042,0.00,0.00
2015.11.23 14:19:28.326,10.7169,10.72001,0.00,0.00
2015.11.23 14:19:28.628,10.71681,10.71982,0.00,0.00
2015.11.23 14:19:29.134,10.71681,10.71971,0.00,0.00
2015.11.23 14:19:29.307,10.71681,10.72001,0.00,0.00
2015.11.23 14:19:29.422,10.71681,10.71982,0.00,0.00
2015.11.23 14:19:29.523,10.71681,10.72001,0.00,0.00
2015.11.23 14:19:29.624,10.71681,10.71981,0.00,0.00
2015.11.23 14:19:30.025,10.71659,10.71891,0.00,0.00
2015.11.23 14:19:30.076,10.71601,10.71891,0.00,0.00
2015.11.23 14:19:30.248,10.71582,10.71891,0.00,0.00
2015.11.23 14:19:30.348,10.71582,10.71901,0.00,0.00
2015.11.23 14:19:30.399,10.71582,10.71892,0.00,0.00
2015.11.23 14:19:30.536,10.71582,10.71901,0.00,0.00
2015.11.23 14:19:31.416,10.71529,10.71822,0.00,0.00
2015.11.23 14:19:31.745,10.71528,10.71842,0.00,0.00
2015.11.23 14:19:31.899,10.71528,10.71848,0.00,0.00
2015.11.23 14:19:32.099,10.71528,10.71841,0.00,0.00
2015.11.23 14:19:32.658,10.71528,10.71852,0.00,0.00
2015.11.23 14:19:32.931,10.71501,10.71802,0.00,0.00
2015.11.23 14:19:33.032,10.71481,10.71802,0.00,0.00
2015.11.23 14:19:33.184,10.71528,10.71811,0.00,0.00
2015.11.23 14:19:33.235,10.71528,10.71821,0.00,0.00
2015.11.23 14:19:33.286,10.71481,10.71802,0.00,0.00
2015.11.23 14:19:34.248,10.71489,10.71802,0.00,0.00
2015.11.23 14:19:34.552,10.71481,10.71802,0.00,0.00
2015.11.23 14:19:34.603,10.71529,10.71849,0.00,0.00
2015.11.23 14:19:34.944,10.71578,10.71849,0.00,0.00
2015.11.23 14:19:34.995,10.71578,10.71872,0.00,0.00
2015.11.23 14:19:35.046,10.7165,10.71902,0.00,0.00
2015.11.23 14:19:35.261,10.71678,10.71949,0.00,0.00
2015.11.23 14:19:35.313,10.71678,10.71941,0.00,0.00
2015.11.23 14:19:35.464,10.716,10.71902,0.00,0.00
2015.11.23 14:19:35.666,10.71581,10.71902,0.00,0.00
2015.11.23 14:19:36.918,10.71589,10.71902,0.00,0.00
2015.11.23 14:19:37.253,10.71581,10.71902,0.00,0.00
2015.11.23 14:19:38.265,10.71588,10.71902,0.00,0.00
2015.11.23 14:19:38.321,10.71581,10.71902,0.00,0.00
2015.11.23 14:19:38.577,10.71581,10.71882,0.00,0.00
2015.11.23 14:19:39.023,10.71581,10.71902,0.00,0.00
2015.11.23 14:19:39.525,10.71581,10.71891,0.00,0.00
2015.11.23 14:19:39.626,10.71581,10.71902,0.00,0.00
2015.11.23 14:19:39.676,10.7159,10.71902,0.00,0.00
2015.11.23 14:19:40.230,10.71589,10.71902,0.00,0.00
2015.11.23 14:19:41.623,10.71629,10.71951,0.00,0.00
2015.11.23 14:19:42.169,10.71678,10.71972,0.00,0.00
2015.11.23 14:19:42.233,10.71678,10.71978,0.00,0.00
2015.11.23 14:19:42.284,10.7168,10.71982,0.00,0.00
2015.11.23 14:19:42.335,10.7168,10.71989,0.00,0.00
2015.11.23 14:19:42.386,10.717,10.71989,0.00,0.00
2015.11.23 14:19:43.013,10.7169,10.72002,0.00,0.00
2015.11.23 14:19:43.063,10.71689,10.71991,0.00,0.00
2015.11.23 14:19:43.339,10.71699,10.72002,0.00,0.00
2015.11.23 14:19:43.716,10.71729,10.72002,0.00,0.00
2015.11.23 14:19:43.767,10.71729,10.72021,0.00,0.00
2015.11.23 14:19:43.868,10.71729,10.72048,0.00,0.00
2015.11.23 14:19:44.250,10.71729,10.72051,0.00,0.00
2015.11.23 14:19:45.801,10.71779,10.72078,0.00,0.00
2015.11.23 14:19:45.902,10.71782,10.721,0.00,0.00
2015.11.23 14:19:45.953,10.7179,10.72101,0.00,0.00
2015.11.23 14:19:47.178,10.71779,10.72082,0.00,0.00
2015.11.23 14:19:47.388,10.71779,10.72101,0.00,0.00
2015.11.23 14:19:47.554,10.71779,10.72081,0.00,0.00
2015.11.23 14:19:48.091,10.71779,10.72091,0.00,0.00
2015.11.23 14:19:48.142,10.71781,10.72091,0.00,0.00
2015.11.23 14:19:48.299,10.71781,10.72101,0.00,0.00
2015.11.23 14:19:48.553,10.71829,10.72142,0.00,0.00
2015.11.23 14:19:48.755,10.71828,10.72152,0.00,0.00
2015.11.23 14:19:49.124,10.71878,10.72188,0.00,0.00
2015.11.23 14:19:49.455,10.71878,10.72172,0.00,0.00
2015.11.23 14:19:49.607,10.71878,10.72188,0.00,0.00
2015.11.23 14:19:49.708,10.71878,10.72172,0.00,0.00
2015.11.23 14:19:50.075,10.71878,10.72201,0.00,0.00
2015.11.23 14:19:50.614,10.71878,10.72202,0.00,0.00
2015.11.23 14:19:51.971,10.71878,10.72171,0.00,0.00
2015.11.23 14:19:53.190,10.71878,10.72202,0.00,0.00
2015.11.23 14:19:54.178,10.71878,10.72191,0.00,0.00
2015.11.23 14:19:54.713,10.71852,10.72152,0.00,0.00
2015.11.23 14:19:54.828,10.71828,10.72139,0.00,0.00
2015.11.23 14:19:54.929,10.71781,10.72101,0.00,0.00
2015.11.23 14:19:55.399,10.71779,10.72101,0.00,0.00
2015.11.23 14:19:56.501,10.71828,10.72148,0.00,0.00
2015.11.23 14:19:57.108,10.7184,10.72152,0.00,0.00
2015.11.23 14:19:57.158,10.71879,10.72201,0.00,0.00
2015.11.23 14:19:57.604,10.7184,10.72151,0.00,0.00
2015.11.23 14:19:57.711,10.71829,10.72151,0.00,0.00
2015.11.23 14:19:57.939,10.71801,10.72101,0.00,0.00
2015.11.23 14:19:58.233,10.71779,10.72101,0.00,0.00
2015.11.23 14:19:59.454,10.7176,10.72052,0.00,0.00
2015.11.23 14:19:59.781,10.71741,10.72052,0.00,0.00
2015.11.23 14:19:59.832,10.71778,10.72088,0.00,0.00
2015.11.23 14:20:00.511,10.718,10.72102,0.00,0.00
2015.11.23 14:20:00.612,10.71828,10.72152,0.00,0.00
2015.11.23 14:20:01.137,10.71721,10.72001,0.00,0.00
2015.11.23 14:20:01.190,10.71681,10.72001,0.00,0.00
2015.11.23 14:20:05.333,10.71699,10.72001,0.00,0.00
2015.11.23 14:20:06.485,10.71681,10.72001,0.00,0.00
2015.11.23 14:20:06.588,10.71679,10.72001,0.00,0.00
2015.11.23 14:20:07.343,10.71679,10.71991,0.00,0.00
2015.11.23 14:20:07.595,10.71578,10.71902,0.00,0.00
2015.11.23 14:20:07.889,10.7159,10.71902,0.00,0.00
2015.11.23 14:20:08.220,10.716,10.71902,0.00,0.00
2015.11.23 14:20:08.472,10.71628,10.71938,0.00,0.00
2015.11.23 14:20:08.573,10.71628,10.71952,0.00,0.00
2015.11.23 14:20:08.973,10.71628,10.71949,0.00,0.00
2015.11.23 14:20:09.307,10.71582,10.71902,0.00,0.00
2015.11.23 14:20:10.768,10.71588,10.71902,0.00,0.00
2015.11.23 14:20:10.874,10.71582,10.71902,0.00,0.00
2015.11.23 14:20:11.076,10.71589,10.71902,0.00,0.00
2015.11.23 14:20:11.127,10.71582,10.71902,0.00,0.00
2015.11.23 14:20:11.389,10.71582,10.71888,0.00,0.00
2015.11.23 14:20:11.540,10.71532,10.71852,0.00,0.00
2015.11.23 14:20:11.854,10.71539,10.71852,0.00,0.00
2015.11.23 14:20:11.940,10.71532,10.71852,0.00,0.00
2015.11.23 14:20:12.177,10.71538,10.71852,0.00,0.00
2015.11.23 14:20:12.531,10.71579,10.71888,0.00,0.00
2015.11.23 14:20:13.191,10.71579,10.71901,0.00,0.00
2015.11.23 14:20:13.436,10.71579,10.71891,0.00,0.00
2015.11.23 14:20:13.666,10.71579,10.71901,0.00,0.00
2015.11.23 14:20:14.059,10.71579,10.71872,0.00,0.00
2015.11.23 14:20:14.110,10.71529,10.71851,0.00,0.00
2015.11.23 14:20:14.161,10.71539,10.71851,0.00,0.00
2015.11.23 14:20:14.211,10.71578,10.71902,0.00,0.00
2015.11.23 14:20:16.303,10.71501,10.71801,0.00,0.00
2015.11.23 14:20:16.505,10.71579,10.7189,0.00,0.00
2015.11.23 14:20:16.606,10.71579,10.71901,0.00,0.00
2015.11.23 14:20:17.767,10.716,10.71901,0.00,0.00
2015.11.23 14:20:18.366,10.71599,10.71901,0.00,0.00
2015.11.23 14:20:18.843,10.7159,10.71901,0.00,0.00
2015.11.23 14:20:19.102,10.71599,10.71901,0.00,0.00
2015.11.23 14:20:20.010,10.716,10.71901,0.00,0.00
2015.11.23 14:20:20.556,10.71599,10.71901,0.00,0.00
2015.11.23 14:20:20.784,10.71629,10.71951,0.00,0.00
2015.11.23 14:20:20.885,10.7164,10.71951,0.00,0.00
2015.11.23 14:20:21.464,10.71678,10.71989,0.00,0.00
2015.11.23 14:20:22.169,10.71678,10.72002,0.00,0.00
2015.11.23 14:20:22.890,10.71678,10.71981,0.00,0.00
2015.11.23 14:20:22.991,10.71678,10.71992,0.00,0.00
2015.11.23 14:20:23.210,10.71678,10.72002,0.00,0.00
2015.11.23 14:20:23.262,10.71678,10.71991,0.00,0.00
2015.11.23 14:20:23.511,10.71678,10.72002,0.00,0.00
2015.11.23 14:20:23.613,10.7169,10.72002,0.00,0.00
2015.11.23 14:20:24.231,10.71689,10.72002,0.00,0.00
2015.11.23 14:20:24.567,10.71729,10.72002,0.00,0.00
2015.11.23 14:20:24.618,10.71699,10.72002,0.00,0.00
2015.11.23 14:20:24.668,10.71699,10.71981,0.00,0.00
2015.11.23 14:20:24.719,10.71678,10.71981,0.00,0.00
2015.11.23 14:20:24.978,10.71678,10.72002,0.00,0.00
2015.11.23 14:20:25.079,10.71671,10.71952,0.00,0.00
2015.11.23 14:20:25.180,10.71628,10.71939,0.00,0.00
2015.11.23 14:20:25.281,10.71628,10.71921,0.00,0.00
2015.11.23 14:20:25.332,10.71601,10.71902,0.00,0.00
2015.11.23 14:20:25.614,10.71578,10.71901,0.00,0.00
2015.11.23 14:20:26.275,10.71578,10.71902,0.00,0.00
2015.11.23 14:20:27.875,10.71578,10.71901,0.00,0.00
2015.11.23 14:20:27.977,10.71578,10.71891,0.00,0.00
2015.11.23 14:20:28.327,10.7155,10.71802,0.00,0.00
2015.11.23 14:20:28.378,10.71578,10.71882,0.00,0.00
2015.11.23 14:20:28.480,10.71578,10.71902,0.00,0.00
2015.11.23 14:20:28.667,10.71578,10.71889,0.00,0.00
2015.11.23 14:20:29.686,10.7158,10.71881,0.00,0.00
2015.11.23 14:20:29.838,10.71549,10.71852,0.00,0.00
2015.11.23 14:20:29.889,10.71528,10.71852,0.00,0.00
2015.11.23 14:20:32.345,10.71489,10.71802,0.00,0.00
2015.11.23 14:20:32.599,10.71528,10.71848,0.00,0.00
2015.11.23 14:20:32.912,10.71511,10.71792,0.00,0.00
2015.11.23 14:20:32.963,10.71479,10.71792,0.00,0.00
2015.11.23 14:20:33.013,10.71479,10.71782,0.00,0.00
2015.11.23 14:20:33.216,10.71528,10.71848,0.00,0.00
2015.11.23 14:20:33.722,10.71528,10.71852,0.00,0.00
2015.11.23 14:20:33.892,10.71579,10.71879,0.00,0.00
2015.11.23 14:20:33.942,10.71579,10.71889,0.00,0.00
2015.11.23 14:20:34.214,10.71579,10.71861,0.00,0.00
2015.11.23 14:20:34.330,10.71579,10.71881,0.00,0.00
2015.11.23 14:20:34.431,10.71579,10.71889,0.00,0.00
2015.11.23 14:20:34.935,10.71579,10.71852,0.00,0.00
2015.11.23 14:20:35.036,10.71579,10.71882,0.00,0.00
2015.11.23 14:20:35.194,10.71629,10.71882,0.00,0.00
2015.11.23 14:20:35.294,10.71629,10.71941,0.00,0.00
2015.11.23 14:20:35.395,10.71629,10.71948,0.00,0.00
2015.11.23 14:20:35.694,10.71629,10.71942,0.00,0.00
2015.11.23 14:20:35.839,10.71629,10.71948,0.00,0.00
2015.11.23 14:20:36.373,10.71629,10.71942,0.00,0.00
2015.11.23 14:20:36.944,10.71629,10.71951,0.00,0.00
2015.11.23 14:20:37.246,10.71629,10.71922,0.00,0.00
2015.11.23 14:20:37.397,10.71629,10.71931,0.00,0.00
2015.11.23 14:20:37.504,10.71578,10.71881,0.00,0.00
2015.11.23 14:20:37.999,10.71628,10.71922,0.00,0.00
2015.11.23 14:20:38.057,10.71628,10.71951,0.00,0.00
2015.11.23 14:20:39.601,10.71628,10.71921,0.00,0.00
2015.11.23 14:20:39.701,10.71628,10.71932,0.00,0.00
2015.11.23 14:20:40.202,10.71628,10.71912,0.00,0.00
2015.11.23 14:20:40.302,10.71628,10.71931,0.00,0.00
2015.11.23 14:20:40.864,10.71602,10.71901,0.00,0.00
2015.11.23 14:20:41.108,10.71579,10.71901,0.00,0.00
2015.11.23 14:20:42.606,10.71579,10.71892,0.00,0.00
2015.11.23 14:20:43.461,10.71629,10.71942,0.00,0.00
2015.11.23 14:20:43.808,10.71629,10.71951,0.00,0.00
2015.11.23 14:20:49.365,10.71629,10.71939,0.00,0.00
2015.11.23 14:20:52.540,10.71632,10.71939,0.00,0.00
2015.11.23 14:20:52.641,10.71679,10.71988,0.00,0.00
2015.11.23 14:20:52.953,10.71679,10.71982,0.00,0.00
2015.11.23 14:20:53.054,10.71679,10.71988,0.00,0.00
2015.11.23 14:20:54.366,10.71679,10.71972,0.00,0.00
2015.11.23 14:20:55.060,10.71679,10.71988,0.00,0.00
2015.11.23 14:20:55.889,10.71632,10.71942,0.00,0.00
2015.11.23 14:20:55.940,10.71628,10.71938,0.00,0.00
2015.11.23 14:20:56.470,10.71629,10.71939,0.00,0.00
2015.11.23 14:20:56.781,10.71631,10.71939,0.00,0.00
2015.11.23 14:20:57.603,10.71628,10.71939,0.00,0.00
2015.11.23 14:20:58.390,10.71632,10.71939,0.00,0.00
2015.11.23 14:21:00.818,10.71679,10.71939,0.00,0.00
2015.11.23 14:21:00.919,10.71679,10.71971,0.00,0.00
2015.11.23 14:21:01.020,10.71679,10.71989,0.00,0.00
2015.11.23 14:21:01.121,10.71679,10.71971,0.00,0.00
2015.11.23 14:21:01.171,10.71638,10.71951,0.00,0.00
2015.11.23 14:21:01.222,10.71638,10.71938,0.00,0.00
2015.11.23 14:21:01.273,10.71578,10.71902,0.00,0.00
2015.11.23 14:21:01.612,10.71629,10.71888,0.00,0.00
2015.11.23 14:21:02.344,10.71629,10.71951,0.00,0.00
2015.11.23 14:21:02.395,10.71679,10.71972,0.00,0.00
2015.11.23 14:21:02.968,10.71679,10.71989,0.00,0.00
2015.11.23 14:21:03.558,10.71679,10.71972,0.00,0.00
2015.11.23 14:21:03.667,10.71679,10.71989,0.00,0.00
2015.11.23 14:21:04.571,10.71679,10.71981,0.00,0.00
2015.11.23 14:21:04.672,10.71679,10.71989,0.00,0.00
2015.11.23 14:21:05.033,10.71631,10.7195,0.00,0.00
2015.11.23 14:21:05.083,10.71631,10.71889,0.00,0.00
2015.11.23 14:21:05.185,10.71629,10.71889,0.00,0.00
2015.11.23 14:21:05.286,10.71578,10.71889,0.00,0.00
2015.11.23 14:21:05.724,10.71622,10.71889,0.00,0.00
2015.11.23 14:21:05.876,10.71678,10.71989,0.00,0.00
2015.11.23 14:21:07.242,10.71678,10.71981,0.00,0.00
2015.11.23 14:21:07.292,10.71678,10.71989,0.00,0.00
2015.11.23 14:21:08.085,10.71678,10.71981,0.00,0.00
2015.11.23 14:21:08.186,10.71678,10.71989,0.00,0.00
2015.11.23 14:21:08.236,10.71678,10.7195,0.00,0.00
2015.11.23 14:21:08.586,10.71628,10.71939,0.00,0.00
2015.11.23 14:21:10.204,10.71602,10.71901,0.00,0.00
2015.11.23 14:21:10.255,10.71579,10.71888,0.00,0.00
2015.11.23 14:21:11.338,10.71579,10.71901,0.00,0.00
2015.11.23 14:21:11.389,10.71678,10.71932,0.00,0.00
2015.11.23 14:21:11.491,10.71678,10.71989,0.00,0.00
2015.11.23 14:21:11.903,10.71678,10.71972,0.00,0.00
2015.11.23 14:21:12.005,10.71678,10.71989,0.00,0.00
2015.11.23 14:21:12.106,10.71678,10.71971,0.00,0.00
2015.11.23 14:21:12.370,10.71678,10.71982,0.00,0.00
2015.11.23 14:21:12.421,10.71678,10.71971,0.00,0.00
2015.11.23 14:21:13.260,10.71678,10.7197,0.00,0.00
2015.11.23 14:21:13.794,10.71579,10.71891,0.00,0.00
2015.11.23 14:21:13.844,10.71679,10.71891,0.00,0.00
2015.11.23 14:21:14.012,10.71679,10.71939,0.00,0.00
2015.11.23 14:21:15.015,10.71679,10.71989,0.00,0.00
2015.11.23 14:21:15.550,10.71679,10.71982,0.00,0.00
2015.11.23 14:21:15.675,10.71679,10.71989,0.00,0.00
2015.11.23 14:21:19.834,10.71679,10.71981,0.00,0.00
2015.11.23 14:21:20.392,10.71679,10.71962,0.00,0.00
2015.11.23 14:21:20.859,10.71679,10.71889,0.00,0.00
2015.11.23 14:21:20.910,10.7158,10.71889,0.00,0.00
2015.11.23 14:21:20.961,10.7158,10.71852,0.00,0.00
2015.11.23 14:21:21.011,10.71571,10.71852,0.00,0.00
2015.11.23 14:21:21.113,10.71579,10.71852,0.00,0.00
2015.11.23 14:21:21.214,10.71579,10.71889,0.00,0.00
2015.11.23 14:21:21.289,10.71589,10.71889,0.00,0.00
2015.11.23 14:21:21.390,10.71579,10.71889,0.00,0.00
2015.11.23 14:21:22.816,10.71589,10.71889,0.00,0.00
2015.11.23 14:21:23.163,10.7158,10.71889,0.00,0.00
2015.11.23 14:21:23.399,10.71579,10.71881,0.00,0.00
2015.11.23 14:21:23.501,10.71579,10.71889,0.00,0.00
2015.11.23 14:21:23.594,10.71579,10.71881,0.00,0.00
2015.11.23 14:21:24.030,10.71579,10.71889,0.00,0.00
2015.11.23 14:21:24.296,10.71579,10.71881,0.00,0.00
2015.11.23 14:21:24.941,10.71552,10.71851,0.00,0.00
2015.11.23 14:21:24.992,10.71531,10.71851,0.00,0.00
2015.11.23 14:21:25.197,10.71531,10.71839,0.00,0.00
2015.11.23 14:21:25.735,10.71479,10.71791,0.00,0.00
2015.11.23 14:21:25.902,10.71479,10.71801,0.00,0.00
2015.11.23 14:21:26.003,10.71479,10.71791,0.00,0.00
2015.11.23 14:21:26.410,10.71479,10.71801,0.00,0.00
2015.11.23 14:21:26.511,10.71479,10.71792,0.00,0.00
2015.11.23 14:21:26.885,10.71479,10.71782,0.00,0.00
2015.11.23 14:21:27.007,10.71479,10.71789,0.00,0.00
2015.11.23 14:21:27.809,10.71479,10.71781,0.00,0.00
2015.11.23 14:21:28.813,10.71479,10.71789,0.00,0.00
2015.11.23 14:21:32.325,10.71471,10.71701,0.00,0.00
2015.11.23 14:21:32.376,10.71408,10.71701,0.00,0.00
2015.11.23 14:21:32.477,10.71379,10.71688,0.00,0.00
2015.11.23 14:21:33.957,10.71379,10.71701,0.00,0.00
2015.11.23 14:21:35.033,10.71372,10.71652,0.00,0.00
2015.11.23 14:21:35.134,10.71332,10.7165,0.00,0.00
2015.11.23 14:21:35.428,10.71372,10.71651,0.00,0.00
2015.11.23 14:21:35.479,10.71378,10.71689,0.00,0.00
2015.11.23 14:21:36.100,10.71388,10.71689,0.00,0.00
2015.11.23 14:21:36.368,10.71378,10.71689,0.00,0.00
2015.11.23 14:21:36.469,10.71378,10.71701,0.00,0.00
2015.11.23 14:21:36.538,10.71378,10.71692,0.00,0.00
2015.11.23 14:21:37.386,10.71328,10.71651,0.00,0.00
2015.11.23 14:21:37.437,10.71332,10.71651,0.00,0.00
2015.11.23 14:21:38.282,10.71332,10.7165,0.00,0.00
2015.11.23 14:21:38.681,10.71279,10.71601,0.00,0.00
2015.11.23 14:21:38.889,10.71279,10.71591,0.00,0.00
2015.11.23 14:21:39.063,10.71279,10.71601,0.00,0.00
2015.11.23 14:21:39.748,10.71281,10.71601,0.00,0.00
2015.11.23 14:21:40.084,10.71279,10.71601,0.00,0.00
2015.11.23 14:21:41.600,10.71281,10.71601,0.00,0.00
2015.11.23 14:21:42.001,10.71279,10.71601,0.00,0.00
2015.11.23 14:21:45.392,10.71279,10.71592,0.00,0.00
2015.11.23 14:21:45.659,10.71279,10.71601,0.00,0.00
2015.11.23 14:21:46.090,10.71279,10.71591,0.00,0.00
2015.11.23 14:21:47.162,10.71279,10.716,0.00,0.00
2015.11.23 14:21:47.680,10.71279,10.71601,0.00,0.00
2015.11.23 14:21:48.425,10.71279,10.716,0.00,0.00
2015.11.23 14:21:48.476,10.71279,10.71591,0.00,0.00
2015.11.23 14:21:48.861,10.71279,10.716,0.00,0.00
2015.11.23 14:21:48.912,10.71279,10.71591,0.00,0.00
2015.11.23 14:21:49.147,10.71231,10.7155,0.00,0.00
2015.11.23 14:21:49.248,10.71228,10.7152,0.00,0.00
2015.11.23 14:21:49.349,10.71179,10.71501,0.00,0.00
2015.11.23 14:21:49.400,10.71179,10.71492,0.00,0.00
2015.11.23 14:21:49.501,10.71179,10.715,0.00,0.00
2015.11.23 14:21:49.551,10.71158,10.71449,0.00,0.00
2015.11.23 14:21:49.602,10.7113,10.71449,0.00,0.00
2015.11.23 14:21:49.653,10.71128,10.7141,0.00,0.00
2015.11.23 14:21:49.703,10.71079,10.71401,0.00,0.00
2015.11.23 14:21:50.313,10.71079,10.71351,0.00,0.00
2015.11.23 14:21:50.364,10.71079,10.71401,0.00,0.00
2015.11.23 14:21:51.121,10.7106,10.71302,0.00,0.00
2015.11.23 14:21:51.171,10.7103,10.71302,0.00,0.00
2015.11.23 14:21:51.272,10.7104,10.71302,0.00,0.00
2015.11.23 14:21:51.323,10.71079,10.71348,0.00,0.00
2015.11.23 14:21:52.119,10.71129,10.71448,0.00,0.00
2015.11.23 14:21:52.741,10.71179,10.71478,0.00,0.00
2015.11.23 14:21:52.791,10.71179,10.71501,0.00,0.00
2015.11.23 14:21:53.819,10.71199,10.71501,0.00,0.00
2015.11.23 14:21:53.944,10.7118,10.71501,0.00,0.00
2015.11.23 14:21:54.146,10.71189,10.71501,0.00,0.00
2015.11.23 14:21:54.297,10.71228,10.71552,0.00,0.00
2015.11.23 14:21:54.941,10.71229,10.71551,0.00,0.00
2015.11.23 14:21:54.992,10.71191,10.71501,0.00,0.00
2015.11.23 14:21:55.099,10.7118,10.71501,0.00,0.00
2015.11.23 14:21:55.619,10.71179,10.71501,0.00,0.00
2015.11.23 14:21:56.355,10.7118,10.71501,0.00,0.00
2015.11.23 14:21:56.506,10.71228,10.71538,0.00,0.00
2015.11.23 14:21:56.607,10.71228,10.71549,0.00,0.00
2015.11.23 14:21:57.049,10.71228,10.71552,0.00,0.00
2015.11.23 14:21:57.729,10.71278,10.71571,0.00,0.00
2015.11.23 14:21:58.032,10.71389,10.71689,0.00,0.00
2015.11.23 14:21:58.279,10.714,10.71689,0.00,0.00
2015.11.23 14:21:58.481,10.71379,10.71689,0.00,0.00
2015.11.23 14:21:59.237,10.71379,10.71701,0.00,0.00
2015.11.23 14:22:00.537,10.71328,10.71652,0.00,0.00
2015.11.23 14:22:00.588,10.71322,10.71602,0.00,0.00
2015.11.23 14:22:00.789,10.71328,10.71652,0.00,0.00
2015.11.23 14:22:02.254,10.7129,10.71602,0.00,0.00
2015.11.23 14:22:02.598,10.71281,10.71602,0.00,0.00
2015.11.23 14:22:02.700,10.71299,10.71602,0.00,0.00
2015.11.23 14:22:03.283,10.713,10.71602,0.00,0.00
2015.11.23 14:22:03.402,10.71289,10.71602,0.00,0.00
2015.11.23 14:22:04.285,10.7129,10.71602,0.00,0.00
2015.11.23 14:22:04.791,10.71289,10.71602,0.00,0.00
2015.11.23 14:22:05.381,10.71242,10.7155,0.00,0.00
2015.11.23 14:22:05.683,10.71278,10.71539,0.00,0.00
2015.11.23 14:22:05.734,10.7118,10.71502,0.00,0.00
2015.11.23 14:22:06.092,10.71178,10.71502,0.00,0.00
2015.11.23 14:22:06.244,10.71189,10.71502,0.00,0.00
2015.11.23 14:22:06.345,10.71178,10.71502,0.00,0.00
2015.11.23 14:22:06.932,10.71131,10.71452,0.00,0.00
2015.11.23 14:22:07.083,10.71128,10.71452,0.00,0.00
2015.11.23 14:22:07.599,10.71129,10.71452,0.00,0.00
2015.11.23 14:22:08.302,10.7113,10.71452,0.00,0.00
2015.11.23 14:22:08.687,10.7113,10.71401,0.00,0.00
2015.11.23 14:22:08.738,10.71111,10.71401,0.00,0.00
2015.11.23 14:22:08.802,10.71079,10.71401,0.00,0.00
2015.11.23 14:22:09.381,10.71149,10.71401,0.00,0.00
2015.11.23 14:22:09.432,10.71178,10.71489,0.00,0.00
2015.11.23 14:22:09.483,10.71178,10.71502,0.00,0.00
2015.11.23 14:22:09.534,10.71178,10.71492,0.00,0.00
2015.11.23 14:22:09.753,10.71178,10.71502,0.00,0.00
2015.11.23 14:22:09.815,10.71178,10.71492,0.00,0.00
2015.11.23 14:22:09.959,10.71178,10.71502,0.00,0.00
2015.11.23 14:22:10.742,10.71178,10.71501,0.00,0.00
2015.11.23 14:22:10.843,10.71178,10.71491,0.00,0.00
2015.11.23 14:22:11.353,10.71178,10.71481,0.00,0.00
2015.11.23 14:22:11.747,10.71178,10.71501,0.00,0.00
2015.11.23 14:22:12.239,10.71278,10.71522,0.00,0.00
2015.11.23 14:22:12.545,10.71278,10.71511,0.00,0.00
2015.11.23 14:22:12.596,10.71228,10.71552,0.00,0.00
2015.11.23 14:22:13.932,10.71229,10.71552,0.00,0.00
2015.11.23 14:22:13.983,10.71279,10.71552,0.00,0.00
2015.11.23 14:22:14.033,10.71279,10.71589,0.00,0.00
2015.11.23 14:22:15.122,10.71229,10.71551,0.00,0.00
2015.11.23 14:22:15.426,10.71278,10.71581,0.00,0.00
2015.11.23 14:22:15.527,10.71278,10.71592,0.00,0.00
2015.11.23 14:22:15.628,10.71278,10.71602,0.00,0.00
2015.11.23 14:22:16.063,10.71278,10.71591,0.00,0.00
2015.11.23 14:22:16.377,10.71278,10.71571,0.00,0.00
2015.11.23 14:22:16.428,10.71278,10.71591,0.00,0.00
2015.11.23 14:22:18.128,10.71278,10.71592,0.00,0.00
2015.11.23 14:22:18.179,10.71278,10.71572,0.00,0.00
2015.11.23 14:22:19.639,10.71228,10.71552,0.00,0.00
2015.11.23 14:22:21.324,10.71178,10.71502,0.00,0.00
2015.11.23 14:22:21.638,10.71178,10.71492,0.00,0.00
2015.11.23 14:22:21.960,10.71178,10.71472,0.00,0.00
2015.11.23 14:22:22.011,10.7114,10.71452,0.00,0.00
2015.11.23 14:22:22.062,10.71132,10.71451,0.00,0.00
2015.11.23 14:22:22.163,10.71128,10.71451,0.00,0.00
2015.11.23 14:22:22.429,10.71128,10.71428,0.00,0.00
2015.11.23 14:22:22.480,10.71079,10.71401,0.00,0.00
2015.11.23 14:22:22.739,10.71079,10.71391,0.00,0.00
2015.11.23 14:22:23.229,10.7104,10.71352,0.00,0.00
2015.11.23 14:22:23.280,10.71032,10.7135,0.00,0.00
2015.11.23 14:22:23.331,10.71028,10.7135,0.00,0.00
2015.11.23 14:22:23.816,10.71028,10.71352,0.00,0.00
2015.11.23 14:22:25.645,10.71028,10.71351,0.00,0.00
2015.11.23 14:22:26.320,10.71028,10.71352,0.00,0.00
2015.11.23 14:22:26.905,10.71029,10.71341,0.00,0.00
2015.11.23 14:22:27.211,10.71078,10.71381,0.00,0.00
2015.11.23 14:22:27.261,10.71078,10.71402,0.00,0.00
2015.11.23 14:22:29.070,10.71078,10.71391,0.00,0.00
2015.11.23 14:22:29.272,10.71078,10.71402,0.00,0.00
2015.11.23 14:22:29.823,10.7102,10.71301,0.00,0.00
2015.11.23 14:22:29.873,10.70979,10.71301,0.00,0.00
2015.11.23 14:22:29.924,10.71028,10.71328,0.00,0.00
2015.11.23 14:22:30.077,10.71028,10.71332,0.00,0.00
2015.11.23 14:22:30.177,10.71028,10.71352,0.00,0.00
2015.11.23 14:22:31.787,10.71079,10.7136,0.00,0.00
2015.11.23 14:22:31.837,10.71079,10.71368,0.00,0.00
2015.11.23 14:22:31.938,10.71079,10.71401,0.00,0.00
2015.11.23 14:22:32.039,10.71038,10.71302,0.00,0.00
2015.11.23 14:22:32.090,10.71021,10.71302,0.00,0.00
2015.11.23 14:22:32.191,10.70978,10.71302,0.00,0.00
2015.11.23 14:22:32.501,10.70978,10.71291,0.00,0.00
2015.11.23 14:22:32.602,10.70978,10.71301,0.00,0.00
2015.11.23 14:22:33.645,10.70978,10.713,0.00,0.00
2015.11.23 14:22:33.875,10.70978,10.71302,0.00,0.00
2015.11.23 14:22:34.383,10.70978,10.713,0.00,0.00
2015.11.23 14:22:34.649,10.70978,10.71302,0.00,0.00
2015.11.23 14:22:34.858,10.71029,10.71302,0.00,0.00
2015.11.23 14:22:35.010,10.71078,10.71402,0.00,0.00
2015.11.23 14:22:36.254,10.7108,10.71402,0.00,0.00
2015.11.23 14:22:36.682,10.71089,10.71402,0.00,0.00
2015.11.23 14:22:36.877,10.71079,10.71402,0.00,0.00
2015.11.23 14:22:36.993,10.71079,10.71352,0.00,0.00
2015.11.23 14:22:37.246,10.71118,10.71402,0.00,0.00
2015.11.23 14:22:37.297,10.71111,10.71402,0.00,0.00
2015.11.23 14:22:37.505,10.71129,10.71451,0.00,0.00
2015.11.23 14:22:37.746,10.71148,10.71451,0.00,0.00
2015.11.23 14:22:38.066,10.7112,10.71402,0.00,0.00
2015.11.23 14:22:38.472,10.71129,10.71402,0.00,0.00
2015.11.23 14:22:38.573,10.71119,10.71402,0.00,0.00
2015.11.23 14:22:39.087,10.71129,10.71452,0.00,0.00
2015.11.23 14:22:39.510,10.71131,10.71452,0.00,0.00
2015.11.23 14:22:39.820,10.71169,10.71452,0.00,0.00
2015.11.23 14:22:40.208,10.71152,10.71452,0.00,0.00
2015.11.23 14:22:40.875,10.71149,10.71452,0.00,0.00
2015.11.23 14:22:41.027,10.71169,10.71452,0.00,0.00
2015.11.23 14:22:41.329,10.71179,10.71452,0.00,0.00
2015.11.23 14:22:42.403,10.71159,10.71452,0.00,0.00
2015.11.23 14:22:42.625,10.71152,10.71452,0.00,0.00
2015.11.23 14:22:42.938,10.71152,10.7145,0.00,0.00
2015.11.23 14:22:43.039,10.711,10.71402,0.00,0.00
2015.11.23 14:22:43.577,10.71099,10.71402,0.00,0.00
2015.11.23 14:22:43.863,10.71081,10.71402,0.00,0.00
2015.11.23 14:22:44.244,10.7109,10.71402,0.00,0.00
2015.11.23 14:22:44.554,10.7113,10.71452,0.00,0.00
2015.11.23 14:22:44.655,10.71139,10.71452,0.00,0.00
2015.11.23 14:22:45.224,10.7113,10.71401,0.00,0.00
2015.11.23 14:22:45.275,10.71111,10.71401,0.00,0.00
2015.11.23 14:22:45.568,10.711,10.71401,0.00,0.00
2015.11.23 14:22:45.866,10.71091,10.71401,0.00,0.00
2015.11.23 14:22:45.916,10.71088,10.71352,0.00,0.00
2015.11.23 14:22:46.017,10.7108,10.71352,0.00,0.00
2015.11.23 14:22:46.118,10.71111,10.71401,0.00,0.00
2015.11.23 14:22:46.169,10.71179,10.71401,0.00,0.00
2015.11.23 14:22:46.320,10.7118,10.71452,0.00,0.00
2015.11.23 14:22:46.674,10.71152,10.71452,0.00,0.00
2015.11.23 14:22:47.287,10.7115,10.71452,0.00,0.00
2015.11.23 14:22:47.899,10.71149,10.71452,0.00,0.00
2015.11.23 14:22:48.329,10.71149,10.71351,0.00,0.00
2015.11.23 14:22:48.380,10.71131,10.71351,0.00,0.00
2015.11.23 14:22:48.431,10.71098,10.71351,0.00,0.00
2015.11.23 14:22:48.703,10.7113,10.71452,0.00,0.00
2015.11.23 14:22:49.150,10.71128,10.71451,0.00,0.00
2015.11.23 14:22:49.200,10.71122,10.71402,0.00,0.00
2015.11.23 14:22:49.503,10.71111,10.71402,0.00,0.00
2015.11.23 14:22:50.128,10.71129,10.71432,0.00,0.00
2015.11.23 14:22:50.182,10.71171,10.71451,0.00,0.00
2015.11.23 14:22:50.506,10.71189,10.71451,0.00,0.00
2015.11.23 14:22:51.309,10.71139,10.71402,0.00,0.00
2015.11.23 14:22:51.361,10.71119,10.71402,0.00,0.00
2015.11.23 14:22:51.611,10.71119,10.71352,0.00,0.00
2015.11.23 14:22:51.712,10.71072,10.71352,0.00,0.00
2015.11.23 14:22:51.944,10.71078,10.71402,0.00,0.00
2015.11.23 14:22:51.995,10.71088,10.71402,0.00,0.00
2015.11.23 14:22:52.450,10.71111,10.71401,0.00,0.00
2015.11.23 14:22:53.274,10.71139,10.71452,0.00,0.00
2015.11.23 14:22:53.425,10.71128,10.71452,0.00,0.00
2015.11.23 14:22:53.476,10.71121,10.71402,0.00,0.00
2015.11.23 14:22:53.809,10.71119,10.71402,0.00,0.00
2015.11.23 14:22:55.379,10.7112,10.71402,0.00,0.00
2015.11.23 14:22:55.694,10.71108,10.71402,0.00,0.00
2015.11.23 14:22:55.794,10.71129,10.71452,0.00,0.00
2015.11.23 14:22:55.895,10.71139,10.71392,0.00,0.00
2015.11.23 14:22:56.097,10.71161,10.71442,0.00,0.00
2015.11.23 14:22:56.148,10.71168,10.71442,0.00,0.00
2015.11.23 14:22:56.530,10.7117,10.71442,0.00,0.00
2015.11.23 14:22:56.784,10.71161,10.71442,0.00,0.00
2015.11.23 14:22:56.986,10.71149,10.71442,0.00,0.00
2015.11.23 14:22:57.108,10.71139,10.71442,0.00,0.00
2015.11.23 14:22:57.208,10.71129,10.71442,0.00,0.00
2015.11.23 14:22:58.157,10.71209,10.71442,0.00,0.00
2015.11.23 14:22:58.611,10.71199,10.71442,0.00,0.00
2015.11.23 14:22:58.696,10.71188,10.71442,0.00,0.00
2015.11.23 14:22:59.112,10.7121,10.71492,0.00,0.00
2015.11.23 14:22:59.544,10.71218,10.71542,0.00,0.00
2015.11.23 14:22:59.595,10.71239,10.71542,0.00,0.00
2015.11.23 14:22:59.927,10.71271,10.71542,0.00,0.00
2015.11.23 14:23:00.257,10.71279,10.71542,0.00,0.00
2015.11.23 14:23:00.783,10.71201,10.71492,0.00,0.00
2015.11.23 14:23:03.772,10.71219,10.71541,0.00,0.00
2015.11.23 14:23:03.823,10.7123,10.71541,0.00,0.00
2015.11.23 14:23:04.325,10.71229,10.71541,0.00,0.00
2015.11.23 14:23:05.272,10.71229,10.71442,0.00,0.00
2015.11.23 14:23:05.377,10.71142,10.71442,0.00,0.00
2015.11.23 14:23:05.686,10.71142,10.71391,0.00,0.00
2015.11.23 14:23:06.369,10.71174,10.71442,0.00,0.00
2015.11.23 14:23:06.546,10.71159,10.71442,0.00,0.00
2015.11.23 14:23:06.976,10.71164,10.71442,0.00,0.00
2015.11.23 14:23:07.277,10.71166,10.71442,0.00,0.00
2015.11.23 14:23:07.327,10.71159,10.71442,0.00,0.00
2015.11.23 14:23:07.617,10.71129,10.71442,0.00,0.00
2015.11.23 14:23:08.501,10.7113,10.71442,0.00,0.00
2015.11.23 14:23:09.226,10.71129,10.71442,0.00,0.00
2015.11.23 14:23:09.804,10.7113,10.71442,0.00,0.00
2015.11.23 14:23:10.306,10.71129,10.71442,0.00,0.00
2015.11.23 14:23:10.538,10.71129,10.71391,0.00,0.00
2015.11.23 14:23:10.588,10.7112,10.71391,0.00,0.00
2015.11.23 14:23:11.088,10.71139,10.71442,0.00,0.00
2015.11.23 14:23:11.208,10.71144,10.71442,0.00,0.00
2015.11.23 14:23:11.610,10.71184,10.71442,0.00,0.00
2015.11.23 14:23:11.710,10.71179,10.71442,0.00,0.00
2015.11.23 14:23:11.991,10.71179,10.71492,0.00,0.00
2015.11.23 14:23:12.965,10.71213,10.71542,0.00,0.00
2015.11.23 14:23:13.016,10.71224,10.71542,0.00,0.00
2015.11.23 14:23:13.117,10.71218,10.71542,0.00,0.00
2015.11.23 14:23:13.167,10.712,10.71442,0.00,0.00
2015.11.23 14:23:13.218,10.71171,10.71442,0.00,0.00
2015.11.23 14:23:13.569,10.71174,10.71442,0.00,0.00
2015.11.23 14:23:13.619,10.71171,10.71442,0.00,0.00
2015.11.23 14:23:13.720,10.7114,10.71442,0.00,0.00
2015.11.23 14:23:15.509,10.71139,10.71442,0.00,0.00
2015.11.23 14:23:15.828,10.71131,10.71442,0.00,0.00
2015.11.23 14:23:16.895,10.71131,10.71392,0.00,0.00
2015.11.23 14:23:17.046,10.71111,10.71392,0.00,0.00
2015.11.23 14:23:18.457,10.71079,10.71342,0.00,0.00
2015.11.23 14:23:19.023,10.7108,10.71342,0.00,0.00
2015.11.23 14:23:19.557,10.71089,10.71342,0.00,0.00
2015.11.23 14:23:20.090,10.7108,10.71342,0.00,0.00
2015.11.23 14:23:20.596,10.71079,10.71342,0.00,0.00
2015.11.23 14:23:21.233,10.7108,10.71342,0.00,0.00
2015.11.23 14:23:22.667,10.71079,10.71342,0.00,0.00
2015.11.23 14:23:22.948,10.71072,10.71342,0.00,0.00
2015.11.23 14:23:23.807,10.71112,10.71392,0.00,0.00
2015.11.23 14:23:27.920,10.71112,10.71361,0.00,0.00
2015.11.23 14:23:27.970,10.71082,10.71361,0.00,0.00
2015.11.23 14:23:28.308,10.7108,10.71361,0.00,0.00
2015.11.23 14:23:28.692,10.71101,10.71388,0.00,0.00
2015.11.23 14:23:28.764,10.71139,10.71388,0.00,0.00
2015.11.23 14:23:28.814,10.71139,10.71411,0.00,0.00
2015.11.23 14:23:28.971,10.71108,10.71411,0.00,0.00
2015.11.23 14:23:29.022,10.71101,10.71361,0.00,0.00
2015.11.23 14:23:29.773,10.71101,10.71362,0.00,0.00
2015.11.23 14:23:30.145,10.71089,10.71312,0.00,0.00
2015.11.23 14:23:30.315,10.71089,10.71362,0.00,0.00
2015.11.23 14:23:30.547,10.7109,10.7141,0.00,0.00
2015.11.23 14:23:30.597,10.71119,10.71411,0.00,0.00
2015.11.23 14:23:31.123,10.7112,10.71411,0.00,0.00
2015.11.23 14:23:31.733,10.71119,10.71411,0.00,0.00
2015.11.23 14:23:32.278,10.7112,10.71411,0.00,0.00
2015.11.23 14:23:32.701,10.71159,10.71411,0.00,0.00
2015.11.23 14:23:33.393,10.7115,10.71411,0.00,0.00
2015.11.23 14:23:33.895,10.71159,10.71411,0.00,0.00
2015.11.23 14:23:34.610,10.7115,10.71411,0.00,0.00
2015.11.23 14:23:34.882,10.71189,10.71462,0.00,0.00
2015.11.23 14:23:34.932,10.7119,10.7146,0.00,0.00
2015.11.23 14:23:35.250,10.71169,10.71411,0.00,0.00
2015.11.23 14:23:35.301,10.7118,10.71462,0.00,0.00
2015.11.23 14:23:35.802,10.71179,10.71462,0.00,0.00
2015.11.23 14:23:36.260,10.71189,10.71511,0.00,0.00
2015.11.23 14:23:36.310,10.71219,10.71511,0.00,0.00
2015.11.23 14:23:36.842,10.7122,10.71511,0.00,0.00
2015.11.23 14:23:37.424,10.71219,10.71511,0.00,0.00
2015.11.23 14:23:38.469,10.7124,10.71511,0.00,0.00
2015.11.23 14:23:38.852,10.71279,10.71511,0.00,0.00
2015.11.23 14:23:39.222,10.71249,10.71511,0.00,0.00
2015.11.23 14:23:40.652,10.7125,10.71511,0.00,0.00
2015.11.23 14:23:40.956,10.71259,10.71511,0.00,0.00
2015.11.23 14:23:41.512,10.7126,10.71511,0.00,0.00
2015.11.23 14:23:41.816,10.7128,10.71511,0.00,0.00
2015.11.23 14:23:42.659,10.7127,10.71511,0.00,0.00
2015.11.23 14:23:42.774,10.71299,10.71511,0.00,0.00
2015.11.23 14:23:43.381,10.713,10.71511,0.00,0.00
2015.11.23 14:23:43.684,10.71279,10.71462,0.00,0.00
2015.11.23 14:23:43.995,10.71192,10.71462,0.00,0.00
2015.11.23 14:23:44.046,10.71182,10.71461,0.00,0.00
2015.11.23 14:23:44.645,10.71182,10.71462,0.00,0.00
2015.11.23 14:23:45.010,10.71192,10.71462,0.00,0.00
2015.11.23 14:23:47.831,10.71201,10.71462,0.00,0.00
2015.11.23 14:23:52.535,10.71228,10.71511,0.00,0.00
2015.11.23 14:23:52.590,10.71228,10.71541,0.00,0.00
2015.11.23 14:23:52.702,10.71228,10.71552,0.00,0.00
2015.11.23 14:23:52.877,10.71228,10.71532,0.00,0.00
2015.11.23 14:23:53.643,10.71262,10.71502,0.00,0.00
2015.11.23 14:23:53.694,10.71239,10.71502,0.00,0.00
2015.11.23 14:23:53.795,10.71201,10.71502,0.00,0.00
2015.11.23 14:23:54.231,10.71178,10.71502,0.00,0.00
2015.11.23 14:23:55.503,10.71178,10.71492,0.00,0.00
2015.11.23 14:23:56.018,10.71178,10.71472,0.00,0.00
2015.11.23 14:23:56.119,10.71178,10.71481,0.00,0.00
2015.11.23 14:23:56.185,10.71178,10.71462,0.00,0.00
2015.11.23 14:23:56.717,10.71178,10.71501,0.00,0.00
2015.11.23 14:23:57.305,10.71178,10.71491,0.00,0.00
2015.11.23 14:23:58.789,10.71178,10.71502,0.00,0.00
2015.11.23 14:23:58.891,10.71178,10.71472,0.00,0.00
2015.11.23 14:23:59.208,10.71178,10.71481,0.00,0.00
2015.11.23 14:23:59.418,10.71178,10.71501,0.00,0.00
2015.11.23 14:23:59.469,10.71161,10.71441,0.00,0.00
2015.11.23 14:23:59.575,10.71079,10.71392,0.00,0.00
2015.11.23 14:23:59.626,10.71078,10.71372,0.00,0.00
2015.11.23 14:23:59.791,10.71078,10.71402,0.00,0.00
2015.11.23 14:24:00.052,10.71078,10.71392,0.00,0.00
2015.11.23 14:24:00.537,10.71078,10.71371,0.00,0.00
2015.11.23 14:24:00.641,10.71078,10.71402,0.00,0.00
2015.11.23 14:24:01.194,10.71078,10.71372,0.00,0.00
2015.11.23 14:24:01.528,10.71078,10.71402,0.00,0.00
2015.11.23 14:24:01.638,10.71119,10.71402,0.00,0.00
2015.11.23 14:24:01.739,10.71129,10.71422,0.00,0.00
2015.11.23 14:24:01.790,10.71178,10.71422,0.00,0.00
2015.11.23 14:24:01.841,10.71178,10.71481,0.00,0.00
2015.11.23 14:24:01.896,10.71178,10.71502,0.00,0.00
2015.11.23 14:24:01.947,10.71178,10.71481,0.00,0.00
2015.11.23 14:24:02.187,10.71178,10.71501,0.00,0.00
2015.11.23 14:24:02.237,10.71178,10.71491,0.00,0.00
2015.11.23 14:24:02.810,10.71178,10.71472,0.00,0.00
2015.11.23 14:24:03.298,10.71178,10.71481,0.00,0.00
2015.11.23 14:24:03.399,10.71178,10.7149,0.00,0.00
2015.11.23 14:24:05.435,10.71178,10.71478,0.00,0.00
2015.11.23 14:24:05.536,10.71129,10.71451,0.00,0.00
2015.11.23 14:24:09.515,10.71179,10.71451,0.00,0.00
2015.11.23 14:24:09.622,10.71179,10.71501,0.00,0.00
2015.11.23 14:24:10.023,10.71179,10.71482,0.00,0.00
2015.11.23 14:24:10.124,10.71179,10.71501,0.00,0.00
2015.11.23 14:24:10.526,10.71179,10.71462,0.00,0.00
2015.11.23 14:24:10.627,10.71179,10.71492,0.00,0.00
2015.11.23 14:24:10.927,10.71179,10.71482,0.00,0.00
2015.11.23 14:24:11.028,10.71179,10.71492,0.00,0.00
2015.11.23 14:24:11.111,10.71179,10.71472,0.00,0.00
2015.11.23 14:24:11.435,10.71179,10.71501,0.00,0.00
2015.11.23 14:24:11.536,10.71179,10.71492,0.00,0.00
2015.11.23 14:24:11.879,10.71128,10.71441,0.00,0.00
2015.11.23 14:24:11.930,10.71128,10.71452,0.00,0.00
2015.11.23 14:24:12.664,10.71179,10.71452,0.00,0.00
2015.11.23 14:24:12.765,10.71179,10.71472,0.00,0.00
2015.11.23 14:24:12.816,10.71199,10.71501,0.00,0.00
2015.11.23 14:24:13.065,10.71228,10.71552,0.00,0.00
2015.11.23 14:24:13.259,10.71228,10.71542,0.00,0.00
2015.11.23 14:24:13.360,10.71228,10.71552,0.00,0.00
2015.11.23 14:24:13.961,10.71228,10.71542,0.00,0.00
2015.11.23 14:24:14.356,10.71182,10.71502,0.00,0.00
2015.11.23 14:24:15.002,10.7118,10.71502,0.00,0.00
2015.11.23 14:24:15.053,10.71178,10.71502,0.00,0.00
2015.11.23 14:24:16.915,10.71179,10.71502,0.00,0.00
2015.11.23 14:24:16.965,10.71229,10.71481,0.00,0.00
2015.11.23 14:24:17.066,10.71228,10.71532,0.00,0.00
2015.11.23 14:24:17.168,10.71228,10.71551,0.00,0.00
2015.11.23 14:24:18.400,10.71212,10.71461,0.00,0.00
2015.11.23 14:24:18.723,10.71272,10.71511,0.00,0.00
2015.11.23 14:24:18.874,10.7127,10.71511,0.00,0.00
2015.11.23 14:24:18.925,10.7125,10.71511,0.00,0.00
2015.11.23 14:24:19.426,10.71249,10.71511,0.00,0.00
2015.11.23 14:24:19.535,10.71221,10.71462,0.00,0.00
2015.11.23 14:24:20.280,10.71211,10.71462,0.00,0.00
2015.11.23 14:24:21.600,10.71202,10.71462,0.00,0.00
2015.11.23 14:24:22.675,10.71202,10.7151,0.00,0.00
2015.11.23 14:24:22.776,10.7122,10.71512,0.00,0.00
2015.11.23 14:24:22.877,10.7121,10.7151,0.00,0.00
2015.11.23 14:24:22.927,10.7121,10.71462,0.00,0.00
2015.11.23 14:24:23.285,10.71202,10.71462,0.00,0.00
2015.11.23 14:24:27.593,10.7122,10.71462,0.00,0.00
2015.11.23 14:24:27.643,10.7122,10.71512,0.00,0.00
2015.11.23 14:24:27.694,10.71202,10.71511,0.00,0.00
2015.11.23 14:24:27.927,10.71202,10.71461,0.00,0.00
2015.11.23 14:24:28.260,10.71202,10.71412,0.00,0.00
2015.11.23 14:24:28.311,10.71171,10.71412,0.00,0.00
2015.11.23 14:24:28.835,10.71171,10.71461,0.00,0.00
2015.11.23 14:24:28.886,10.71191,10.71462,0.00,0.00
2015.11.23 14:24:29.359,10.71201,10.71462,0.00,0.00
2015.11.23 14:24:31.076,10.7122,10.71512,0.00,0.00
2015.11.23 14:24:31.835,10.71219,10.71512,0.00,0.00
2015.11.23 14:24:33.508,10.7122,10.71512,0.00,0.00
2015.11.23 14:24:34.168,10.71151,10.71412,0.00,0.00
2015.11.23 14:24:34.847,10.71161,10.71412,0.00,0.00
2015.11.23 14:24:40.783,10.71191,10.71412,0.00,0.00
2015.11.23 14:24:40.834,10.71191,10.71462,0.00,0.00
2015.11.23 14:24:41.905,10.71191,10.71461,0.00,0.00
2015.11.23 14:24:41.956,10.71201,10.71461,0.00,0.00
2015.11.23 14:24:43.794,10.71201,10.7151,0.00,0.00
2015.11.23 14:24:43.845,10.71271,10.71511,0.00,0.00
2015.11.23 14:24:44.495,10.71249,10.71511,0.00,0.00
2015.11.23 14:24:44.546,10.7124,10.71511,0.00,0.00
2015.11.23 14:24:45.123,10.71239,10.71511,0.00,0.00
2015.11.23 14:24:45.849,10.7123,10.71511,0.00,0.00
2015.11.23 14:24:47.154,10.71229,10.71511,0.00,0.00
2015.11.23 14:24:47.697,10.7123,10.71511,0.00,0.00
2015.11.23 14:24:48.078,10.7129,10.71511,0.00,0.00
2015.11.23 14:24:48.378,10.7129,10.71562,0.00,0.00
2015.11.23 14:24:48.430,10.71271,10.71562,0.00,0.00
2015.11.23 14:24:51.743,10.71271,10.71591,0.00,0.00
2015.11.23 14:24:51.901,10.71289,10.71591,0.00,0.00
2015.11.23 14:24:52.043,10.71328,10.7165,0.00,0.00
2015.11.23 14:24:52.561,10.71328,10.71642,0.00,0.00
2015.11.23 14:24:52.612,10.71328,10.71651,0.00,0.00
2015.11.23 14:24:53.221,10.71328,10.71652,0.00,0.00
2015.11.23 14:24:53.373,10.71379,10.71672,0.00,0.00
2015.11.23 14:24:53.424,10.71379,10.71682,0.00,0.00
2015.11.23 14:24:53.481,10.71379,10.7167,0.00,0.00
2015.11.23 14:24:54.239,10.71379,10.71671,0.00,0.00
2015.11.23 14:24:54.486,10.71379,10.71701,0.00,0.00
2015.11.23 14:24:54.604,10.71379,10.71681,0.00,0.00
2015.11.23 14:24:55.417,10.71379,10.71701,0.00,0.00
2015.11.23 14:24:55.595,10.71379,10.71681,0.00,0.00
2015.11.23 14:24:55.842,10.71379,10.71701,0.00,0.00
2015.11.23 14:24:55.943,10.71379,10.71681,0.00,0.00
2015.11.23 14:24:56.143,10.71379,10.71701,0.00,0.00
2015.11.23 14:24:57.201,10.71379,10.71691,0.00,0.00
2015.11.23 14:24:57.503,10.71379,10.71671,0.00,0.00
2015.11.23 14:24:57.907,10.71379,10.71691,0.00,0.00
2015.11.23 14:24:58.455,10.71379,10.7169,0.00,0.00
2015.11.23 14:24:58.916,10.71379,10.71671,0.00,0.00
2015.11.23 14:24:59.320,10.71379,10.71691,0.00,0.00
2015.11.23 14:25:00.083,10.71329,10.71652,0.00,0.00
2015.11.23 14:25:00.134,10.71328,10.71628,0.00,0.00
2015.11.23 14:25:00.336,10.71279,10.71592,0.00,0.00
2015.11.23 14:25:00.533,10.71279,10.71601,0.00,0.00
2015.11.23 14:25:01.948,10.71328,10.71611,0.00,0.00
2015.11.23 14:25:02.150,10.71328,10.71652,0.00,0.00
2015.11.23 14:25:02.733,10.7133,10.71652,0.00,0.00
2015.11.23 14:25:03.113,10.71328,10.7164,0.00,0.00
2015.11.23 14:25:04.008,10.71378,10.71691,0.00,0.00
2015.11.23 14:25:04.059,10.71328,10.7162,0.00,0.00
2015.11.23 14:25:04.269,10.71278,10.71591,0.00,0.00
2015.11.23 14:25:04.921,10.71278,10.71601,0.00,0.00
2015.11.23 14:25:06.424,10.71278,10.71602,0.00,0.00
2015.11.23 14:25:07.226,10.71328,10.71622,0.00,0.00
2015.11.23 14:25:07.477,10.71328,10.71629,0.00,0.00
2015.11.23 14:25:07.528,10.71328,10.71652,0.00,0.00
2015.11.23 14:25:07.905,10.71281,10.71602,0.00,0.00
2015.11.23 14:25:08.029,10.71278,10.71602,0.00,0.00
2015.11.23 14:25:10.138,10.71278,10.71592,0.00,0.00
2015.11.23 14:25:11.240,10.71278,10.71602,0.00,0.00
2015.11.23 14:25:11.808,10.71281,10.71602,0.00,0.00
2015.11.23 14:25:11.909,10.71278,10.71602,0.00,0.00
2015.11.23 14:25:13.349,10.71278,10.71601,0.00,0.00
2015.11.23 14:25:14.002,10.71278,10.71602,0.00,0.00
2015.11.23 14:25:14.053,10.71278,10.71581,0.00,0.00
2015.11.23 14:25:14.154,10.71278,10.71602,0.00,0.00
2015.11.23 14:25:14.205,10.71281,10.71602,0.00,0.00
2015.11.23 14:25:18.704,10.71278,10.71602,0.00,0.00
2015.11.23 14:25:19.184,10.71278,10.716,0.00,0.00
2015.11.23 14:25:19.391,10.71278,10.71602,0.00,0.00
2015.11.23 14:25:20.713,10.71278,10.71592,0.00,0.00
2015.11.23 14:25:20.814,10.71278,10.71602,0.00,0.00
2015.11.23 14:25:20.915,10.71278,10.71581,0.00,0.00
2015.11.23 14:25:21.477,10.71278,10.71571,0.00,0.00
2015.11.23 14:25:21.705,10.71278,10.716,0.00,0.00
2015.11.23 14:25:22.018,10.71278,10.71591,0.00,0.00
2015.11.23 14:25:23.130,10.71278,10.71572,0.00,0.00
2015.11.23 14:25:26.641,10.71278,10.71601,0.00,0.00
2015.11.23 14:25:26.894,10.71278,10.71571,0.00,0.00
2015.11.23 14:25:27.001,10.71278,10.716,0.00,0.00
2015.11.23 14:25:27.362,10.71279,10.71602,0.00,0.00
2015.11.23 14:25:27.413,10.71282,10.71602,0.00,0.00
2015.11.23 14:25:27.490,10.71278,10.71602,0.00,0.00
2015.11.23 14:25:27.904,10.713,10.71602,0.00,0.00
2015.11.23 14:25:28.022,10.7128,10.71602,0.00,0.00
2015.11.23 14:25:28.410,10.71278,10.71602,0.00,0.00
2015.11.23 14:25:28.997,10.71228,10.71552,0.00,0.00
2015.11.23 14:25:30.434,10.71228,10.71541,0.00,0.00
2015.11.23 14:25:30.559,10.71228,10.71551,0.00,0.00
2015.11.23 14:25:31.089,10.71228,10.71552,0.00,0.00
2015.11.23 14:25:32.220,10.71228,10.71551,0.00,0.00
2015.11.23 14:25:36.148,10.71228,10.71552,0.00,0.00
2015.11.23 14:25:37.710,10.71279,10.71568,0.00,0.00
2015.11.23 14:25:37.761,10.71279,10.71592,0.00,0.00
2015.11.23 14:25:37.943,10.71279,10.71581,0.00,0.00
2015.11.23 14:25:38.312,10.71279,10.71562,0.00,0.00
2015.11.23 14:25:38.446,10.71279,10.71581,0.00,0.00
2015.11.23 14:25:39.460,10.71279,10.71601,0.00,0.00
2015.11.23 14:25:39.538,10.71279,10.71561,0.00,0.00
2015.11.23 14:25:39.774,10.71279,10.71572,0.00,0.00
2015.11.23 14:25:40.834,10.71279,10.71601,0.00,0.00
2015.11.23 14:25:41.540,10.71279,10.716,0.00,0.00
2015.11.23 14:25:42.210,10.71289,10.71601,0.00,0.00
2015.11.23 14:25:42.740,10.71279,10.7158,0.00,0.00
2015.11.23 14:25:43.141,10.71279,10.71572,0.00,0.00
2015.11.23 14:25:43.407,10.71189,10.71501,0.00,0.00
2015.11.23 14:25:43.558,10.71228,10.71528,0.00,0.00
2015.11.23 14:25:43.663,10.71178,10.71502,0.00,0.00
2015.11.23 14:25:43.955,10.71228,10.7154,0.00,0.00
2015.11.23 14:25:44.006,10.71228,10.71548,0.00,0.00
2015.11.23 14:25:44.581,10.71228,10.71541,0.00,0.00
2015.11.23 14:25:45.481,10.71228,10.71552,0.00,0.00
2015.11.23 14:25:45.836,10.71182,10.71501,0.00,0.00
2015.11.23 14:25:45.937,10.71179,10.71501,0.00,0.00
2015.11.23 14:25:45.988,10.71179,10.71482,0.00,0.00
2015.11.23 14:25:46.388,10.71179,10.71501,0.00,0.00
2015.11.23 14:25:46.890,10.71179,10.715,0.00,0.00
2015.11.23 14:25:47.393,10.71179,10.71501,0.00,0.00
2015.11.23 14:25:48.009,10.71179,10.71492,0.00,0.00
2015.11.23 14:25:48.901,10.71179,10.71501,0.00,0.00
2015.11.23 14:25:51.201,10.71179,10.71492,0.00,0.00
2015.11.23 14:25:51.266,10.71179,10.71501,0.00,0.00
2015.11.23 14:25:51.817,10.71179,10.71492,0.00,0.00
2015.11.23 14:25:52.162,10.71229,10.71541,0.00,0.00
2015.11.23 14:25:52.276,10.71229,10.71551,0.00,0.00
2015.11.23 14:25:53.976,10.71229,10.71542,0.00,0.00
2015.11.23 14:25:54.078,10.71229,10.71551,0.00,0.00
2015.11.23 14:25:54.380,10.71229,10.71542,0.00,0.00
2015.11.23 14:25:54.529,10.71229,10.71551,0.00,0.00
2015.11.23 14:25:55.626,10.71278,10.71561,0.00,0.00
2015.11.23 14:25:55.879,10.71201,10.71502,0.00,0.00
2015.11.23 14:25:56.374,10.71178,10.71502,0.00,0.00
2015.11.23 14:25:56.844,10.71178,10.7147,0.00,0.00
2015.11.23 14:25:57.007,10.71178,10.71481,0.00,0.00
2015.11.23 14:25:57.312,10.71152,10.71451,0.00,0.00
2015.11.23 14:25:57.362,10.71129,10.71451,0.00,0.00
2015.11.23 14:26:02.437,10.71129,10.71442,0.00,0.00
2015.11.23 14:26:02.493,10.71129,10.71451,0.00,0.00
2015.11.23 14:26:08.350,10.71129,10.71441,0.00,0.00
2015.11.23 14:26:08.452,10.71079,10.71401,0.00,0.00
2015.11.23 14:26:08.620,10.71128,10.71412,0.00,0.00
2015.11.23 14:26:08.721,10.71128,10.71448,0.00,0.00
2015.11.23 14:26:09.765,10.71128,10.71452,0.00,0.00
2015.11.23 14:26:11.165,10.71128,10.71428,0.00,0.00
2015.11.23 14:26:11.367,10.71079,10.71392,0.00,0.00
2015.11.23 14:26:11.710,10.71079,10.71401,0.00,0.00
2015.11.23 14:26:11.811,10.71079,10.71381,0.00,0.00
2015.11.23 14:26:12.864,10.71079,10.71381,0.00,0.00
2015.11.23 14:26:13.593,10.71079,10.71401,0.00,0.00
2015.11.23 14:26:14.232,10.71079,10.71382,0.00,0.00
2015.11.23 14:26:14.316,10.71079,10.71401,0.00,0.00
2015.11.23 14:26:15.339,10.71079,10.71392,0.00,0.00
2015.11.23 14:26:16.247,10.71079,10.71382,0.00,0.00
2015.11.23 14:26:16.354,10.71079,10.71401,0.00,0.00
2015.11.23 14:26:17.442,10.71079,10.71371,0.00,0.00
2015.11.23 14:26:17.523,10.71079,10.71401,0.00,0.00
2015.11.23 14:26:17.573,10.71101,10.71401,0.00,0.00
2015.11.23 14:26:17.624,10.71128,10.71429,0.00,0.00
2015.11.23 14:26:17.675,10.71128,10.71452,0.00,0.00
2015.11.23 14:26:17.725,10.71128,10.71441,0.00,0.00
2015.11.23 14:26:18.047,10.71101,10.71392,0.00,0.00
2015.11.23 14:26:18.148,10.71101,10.71401,0.00,0.00
2015.11.23 14:26:18.213,10.71078,10.71401,0.00,0.00
2015.11.23 14:26:18.745,10.71078,10.71402,0.00,0.00
2015.11.23 14:26:18.996,10.7108,10.71402,0.00,0.00
2015.11.23 14:26:19.147,10.71078,10.71402,0.00,0.00
2015.11.23 14:26:19.690,10.71079,10.71401,0.00,0.00
2015.11.23 14:26:20.453,10.71079,10.71392,0.00,0.00
2015.11.23 14:26:20.554,10.71079,10.71401,0.00,0.00
2015.11.23 14:26:21.809,10.71129,10.71428,0.00,0.00
2015.11.23 14:26:21.860,10.71129,10.71448,0.00,0.00
2015.11.23 14:26:21.910,10.71129,10.71441,0.00,0.00
2015.11.23 14:26:22.062,10.71078,10.71402,0.00,0.00
2015.11.23 14:26:24.256,10.71101,10.71402,0.00,0.00
2015.11.23 14:26:24.357,10.71129,10.7144,0.00,0.00
2015.11.23 14:26:24.408,10.71129,10.71429,0.00,0.00
2015.11.23 14:26:24.459,10.71079,10.71401,0.00,0.00
2015.11.23 14:26:25.341,10.7108,10.71401,0.00,0.00
2015.11.23 14:26:25.392,10.71111,10.71401,0.00,0.00
2015.11.23 14:26:25.493,10.71079,10.71401,0.00,0.00
2015.11.23 14:26:25.544,10.71079,10.71392,0.00,0.00
2015.11.23 14:26:25.910,10.71079,10.71401,0.00,0.00
2015.11.23 14:26:26.379,10.71079,10.71391,0.00,0.00
2015.11.23 14:26:26.480,10.71079,10.71401,0.00,0.00
2015.11.23 14:26:28.274,10.71079,10.71392,0.00,0.00
2015.11.23 14:26:28.957,10.71079,10.71349,0.00,0.00
2015.11.23 14:26:29.344,10.71078,10.71401,0.00,0.00
2015.11.23 14:26:29.785,10.71078,10.71372,0.00,0.00
2015.11.23 14:26:29.888,10.71078,10.71392,0.00,0.00
2015.11.23 14:26:30.795,10.71078,10.71382,0.00,0.00
2015.11.23 14:26:30.897,10.71078,10.71392,0.00,0.00
2015.11.23 14:26:31.100,10.71078,10.71381,0.00,0.00
2015.11.23 14:26:31.201,10.71081,10.71402,0.00,0.00
2015.11.23 14:26:31.923,10.71128,10.71441,0.00,0.00
2015.11.23 14:26:32.198,10.71078,10.71401,0.00,0.00
2015.11.23 14:26:32.719,10.71078,10.71402,0.00,0.00
2015.11.23 14:26:33.711,10.71078,10.71392,0.00,0.00
2015.11.23 14:26:33.812,10.71078,10.71402,0.00,0.00
2015.11.23 14:26:34.964,10.71078,10.71391,0.00,0.00
2015.11.23 14:26:35.411,10.71078,10.71402,0.00,0.00
2015.11.23 14:26:38.374,10.71078,10.71381,0.00,0.00
2015.11.23 14:26:38.677,10.71078,10.71402,0.00,0.00
2015.11.23 14:26:39.775,10.71078,10.71392,0.00,0.00
2015.11.23 14:26:39.989,10.71078,10.71402,0.00,0.00
2015.11.23 14:26:44.086,10.71078,10.71401,0.00,0.00
2015.11.23 14:26:44.925,10.71078,10.71402,0.00,0.00
2015.11.23 14:26:48.465,10.71078,10.71381,0.00,0.00
2015.11.23 14:26:48.595,10.71078,10.71402,0.00,0.00
2015.11.23 14:26:48.797,10.71078,10.71382,0.00,0.00
2015.11.23 14:26:48.899,10.71078,10.71392,0.00,0.00
2015.11.23 14:26:49.844,10.71078,10.71381,0.00,0.00
2015.11.23 14:26:49.898,10.71078,10.71401,0.00,0.00
2015.11.23 14:26:50.776,10.71178,10.71401,0.00,0.00
2015.11.23 14:26:50.928,10.71178,10.71429,0.00,0.00
2015.11.23 14:26:50.978,10.71178,10.714,0.00,0.00
2015.11.23 14:26:51.079,10.71078,10.714,0.00,0.00
2015.11.23 14:26:51.130,10.71078,10.71382,0.00,0.00
2015.11.23 14:26:51.400,10.71078,10.71391,0.00,0.00
2015.11.23 14:26:51.451,10.71078,10.71381,0.00,0.00
2015.11.23 14:26:52.106,10.71078,10.71372,0.00,0.00
2015.11.23 14:26:52.502,10.71078,10.7139,0.00,0.00
2015.11.23 14:26:53.004,10.71078,10.71391,0.00,0.00
2015.11.23 14:26:53.649,10.71078,10.71401,0.00,0.00
2015.11.23 14:26:53.751,10.71078,10.71382,0.00,0.00
2015.11.23 14:26:53.805,10.71078,10.714,0.00,0.00
2015.11.23 14:26:54.365,10.71078,10.71401,0.00,0.00
2015.11.23 14:26:54.849,10.71078,10.71392,0.00,0.00
2015.11.23 14:26:55.490,10.7108,10.71402,0.00,0.00
2015.11.23 14:26:55.791,10.71089,10.71402,0.00,0.00
2015.11.23 14:26:56.094,10.71179,10.71411,0.00,0.00
2015.11.23 14:26:56.145,10.71179,10.71471,0.00,0.00
2015.11.23 14:26:56.246,10.7114,10.71401,0.00,0.00
2015.11.23 14:26:56.296,10.71138,10.71401,0.00,0.00
2015.11.23 14:26:56.347,10.71122,10.71401,0.00,0.00
2015.11.23 14:26:56.398,10.71129,10.71401,0.00,0.00
2015.11.23 14:26:56.499,10.71178,10.71469,0.00,0.00
2015.11.23 14:26:56.600,10.71128,10.71452,0.00,0.00
2015.11.23 14:26:58.420,10.71128,10.71441,0.00,0.00
2015.11.23 14:26:58.471,10.71079,10.71401,0.00,0.00
2015.11.23 14:26:59.253,10.71079,10.71382,0.00,0.00
2015.11.23 14:26:59.654,10.71079,10.71401,0.00,0.00
2015.11.23 14:26:59.977,10.71079,10.71371,0.00,0.00
2015.11.23 14:27:00.027,10.71079,10.71391,0.00,0.00
2015.11.23 14:27:00.128,10.71079,10.71371,0.00,0.00
2015.11.23 14:27:00.458,10.71079,10.71381,0.00,0.00
2015.11.23 14:27:02.927,10.71079,10.71391,0.00,0.00
2015.11.23 14:27:03.028,10.71079,10.71371,0.00,0.00
2015.11.23 14:27:03.465,10.71079,10.71352,0.00,0.00
2015.11.23 14:27:03.741,10.71128,10.71442,0.00,0.00
2015.11.23 14:27:04.044,10.71128,10.71451,0.00,0.00
2015.11.23 14:27:04.232,10.71128,10.71441,0.00,0.00
2015.11.23 14:27:04.633,10.71128,10.71451,0.00,0.00
2015.11.23 14:27:04.734,10.71128,10.71441,0.00,0.00
2015.11.23 14:27:05.447,10.71128,10.71422,0.00,0.00
2015.11.23 14:27:05.536,10.71128,10.71441,0.00,0.00
2015.11.23 14:27:05.964,10.71128,10.71421,0.00,0.00
2015.11.23 14:27:06.015,10.71128,10.71441,0.00,0.00
2015.11.23 14:27:06.609,10.71128,10.71452,0.00,0.00
2015.11.23 14:27:08.982,10.71128,10.71442,0.00,0.00
2015.11.23 14:27:09.367,10.71128,10.71452,0.00,0.00
2015.11.23 14:27:10.534,10.71111,10.71401,0.00,0.00
2015.11.23 14:27:10.635,10.71079,10.71401,0.00,0.00
2015.11.23 14:27:11.242,10.71128,10.71449,0.00,0.00
2015.11.23 14:27:11.892,10.71128,10.71452,0.00,0.00
2015.11.23 14:27:16.650,10.71128,10.71448,0.00,0.00
2015.11.23 14:27:16.992,10.71128,10.71418,0.00,0.00
2015.11.23 14:27:17.042,10.71128,10.71431,0.00,0.00
2015.11.23 14:27:17.093,10.71128,10.71448,0.00,0.00
2015.11.23 14:27:17.509,10.71179,10.71448,0.00,0.00
2015.11.23 14:27:17.560,10.71179,10.71451,0.00,0.00
2015.11.23 14:27:17.611,10.71128,10.71452,0.00,0.00
2015.11.23 14:27:18.270,10.71128,10.71451,0.00,0.00
2015.11.23 14:27:19.393,10.71128,10.71452,0.00,0.00
2015.11.23 14:27:19.899,10.71179,10.7147,0.00,0.00
2015.11.23 14:27:20.405,10.71179,10.71489,0.00,0.00
2015.11.23 14:27:20.456,10.71179,10.71501,0.00,0.00
2015.11.23 14:27:20.507,10.71179,10.71482,0.00,0.00
2015.11.23 14:27:20.709,10.71179,10.715,0.00,0.00
2015.11.23 14:27:21.315,10.71179,10.71501,0.00,0.00
2015.11.23 14:27:21.801,10.71162,10.71411,0.00,0.00
2015.11.23 14:27:23.004,10.71151,10.71411,0.00,0.00
2015.11.23 14:27:26.253,10.7112,10.71411,0.00,0.00
2015.11.23 14:27:26.973,10.71119,10.71411,0.00,0.00
2015.11.23 14:27:27.416,10.7111,10.71361,0.00,0.00
2015.11.23 14:27:27.742,10.71102,10.71362,0.00,0.00
2015.11.23 14:27:28.241,10.71121,10.71362,0.00,0.00
2015.11.23 14:27:28.292,10.71121,10.71411,0.00,0.00
2015.11.23 14:27:28.824,10.71151,10.71411,0.00,0.00
2015.11.23 14:27:28.925,10.71132,10.71411,0.00,0.00
2015.11.23 14:27:29.351,10.71122,10.71411,0.00,0.00
2015.11.23 14:27:29.906,10.71122,10.71362,0.00,0.00
2015.11.23 14:27:30.353,10.71151,10.71412,0.00,0.00
2015.11.23 14:27:30.461,10.71151,10.71362,0.00,0.00
2015.11.23 14:27:30.570,10.71102,10.71362,0.00,0.00
2015.11.23 14:27:40.882,10.71079,10.71362,0.00,0.00
2015.11.23 14:27:40.932,10.71062,10.71311,0.00,0.00
2015.11.23 14:27:41.084,10.71051,10.71311,0.00,0.00
2015.11.23 14:27:41.778,10.7102,10.71212,0.00,0.00
2015.11.23 14:27:41.829,10.70969,10.71212,0.00,0.00
2015.11.23 14:27:42.031,10.70962,10.71212,0.00,0.00
2015.11.23 14:27:42.538,10.7097,10.71212,0.00,0.00
2015.11.23 14:27:43.047,10.70962,10.71212,0.00,0.00
2015.11.23 14:27:43.652,10.70951,10.71212,0.00,0.00
2015.11.23 14:27:44.865,10.70961,10.71262,0.00,0.00
2015.11.23 14:27:44.916,10.71019,10.71262,0.00,0.00
2015.11.23 14:27:45.118,10.71052,10.71311,0.00,0.00
2015.11.23 14:27:45.547,10.71031,10.71311,0.00,0.00
2015.11.23 14:27:46.158,10.71052,10.71311,0.00,0.00
2015.11.23 14:27:46.501,10.7107,10.71311,0.00,0.00
2015.11.23 14:27:46.721,10.71031,10.71311,0.00,0.00
2015.11.23 14:27:46.771,10.71031,10.71261,0.00,0.00
2015.11.23 14:27:47.109,10.70961,10.71211,0.00,0.00
2015.11.23 14:27:47.724,10.70962,10.71261,0.00,0.00
2015.11.23 14:27:47.774,10.70979,10.71261,0.00,0.00
2015.11.23 14:27:47.875,10.70962,10.71261,0.00,0.00
2015.11.23 14:27:47.976,10.70962,10.71212,0.00,0.00
2015.11.23 14:27:48.953,10.70951,10.71212,0.00,0.00
2015.11.23 14:27:49.279,10.70931,10.71212,0.00,0.00
2015.11.23 14:27:49.603,10.70939,10.71212,0.00,0.00
2015.11.23 14:27:49.806,10.7094,10.7126,0.00,0.00
2015.11.23 14:27:49.931,10.71032,10.71262,0.00,0.00
2015.11.23 14:27:50.234,10.71001,10.71212,0.00,0.00
2015.11.23 14:27:50.582,10.70969,10.71212,0.00,0.00
2015.11.23 14:27:50.961,10.70961,10.71212,0.00,0.00
2015.11.23 14:27:51.012,10.70941,10.71212,0.00,0.00
2015.11.23 14:27:52.713,10.70941,10.71111,0.00,0.00
2015.11.23 14:27:52.764,10.70868,10.71111,0.00,0.00
2015.11.23 14:27:52.815,10.70861,10.71111,0.00,0.00
2015.11.23 14:27:53.498,10.7087,10.71111,0.00,0.00
2015.11.23 14:27:53.823,10.70899,10.71111,0.00,0.00
2015.11.23 14:27:54.535,10.709,10.71111,0.00,0.00
2015.11.23 14:27:54.969,10.7088,10.71111,0.00,0.00
2015.11.23 14:27:55.678,10.70879,10.71111,0.00,0.00
2015.11.23 14:27:56.033,10.70862,10.71112,0.00,0.00
2015.11.23 14:27:56.084,10.70859,10.71112,0.00,0.00
2015.11.23 14:27:56.858,10.70851,10.71112,0.00,0.00
2015.11.23 14:27:57.951,10.70861,10.71112,0.00,0.00
2015.11.23 14:27:59.043,10.7087,10.71112,0.00,0.00
2015.11.23 14:27:59.254,10.70861,10.71112,0.00,0.00
2015.11.23 14:28:00.165,10.70851,10.71112,0.00,0.00
2015.11.23 14:28:01.893,10.70829,10.71109,0.00,0.00
2015.11.23 14:28:01.944,10.70829,10.71062,0.00,0.00
2015.11.23 14:28:01.995,10.70759,10.71061,0.00,0.00
2015.11.23 14:28:02.045,10.70759,10.71011,0.00,0.00
2015.11.23 14:28:02.348,10.70779,10.71011,0.00,0.00
2015.11.23 14:28:02.399,10.70751,10.71011,0.00,0.00
2015.11.23 14:28:02.810,10.7077,10.71011,0.00,0.00
2015.11.23 14:28:03.149,10.70801,10.71061,0.00,0.00
2015.11.23 14:28:03.880,10.70801,10.71062,0.00,0.00
2015.11.23 14:28:03.931,10.70811,10.71062,0.00,0.00
2015.11.23 14:28:04.272,10.70811,10.71011,0.00,0.00
2015.11.23 14:28:04.323,10.70801,10.71011,0.00,0.00
2015.11.23 14:28:04.474,10.70801,10.71062,0.00,0.00
2015.11.23 14:28:04.670,10.70801,10.71012,0.00,0.00
2015.11.23 14:28:04.821,10.70801,10.71062,0.00,0.00
2015.11.23 14:28:05.109,10.7077,10.7106,0.00,0.00
2015.11.23 14:28:05.268,10.70801,10.7106,0.00,0.00
2015.11.23 14:28:05.572,10.70762,10.71012,0.00,0.00
2015.11.23 14:28:06.317,10.70689,10.7101,0.00,0.00
2015.11.23 14:28:06.368,10.7067,10.70962,0.00,0.00
2015.11.23 14:28:06.419,10.70662,10.7096,0.00,0.00
2015.11.23 14:28:06.469,10.70662,10.70912,0.00,0.00
2015.11.23 14:28:07.186,10.7067,10.70912,0.00,0.00
2015.11.23 14:28:07.888,10.70669,10.70912,0.00,0.00
2015.11.23 14:28:08.215,10.70719,10.70962,0.00,0.00
2015.11.23 14:28:08.316,10.70722,10.71012,0.00,0.00
2015.11.23 14:28:08.567,10.70718,10.70912,0.00,0.00
2015.11.23 14:28:08.618,10.70689,10.70912,0.00,0.00
2015.11.23 14:28:08.742,10.70689,10.70861,0.00,0.00
2015.11.23 14:28:08.795,10.70669,10.70861,0.00,0.00
2015.11.23 14:28:08.846,10.70669,10.70802,0.00,0.00
2015.11.23 14:28:08.897,10.70601,10.70761,0.00,0.00
2015.11.23 14:28:08.998,10.7045,10.70711,0.00,0.00
2015.11.23 14:28:09.210,10.70431,10.70711,0.00,0.00
2015.11.23 14:28:09.640,10.70458,10.70711,0.00,0.00
2015.11.23 14:28:10.167,10.70431,10.70662,0.00,0.00
2015.11.23 14:28:10.289,10.70432,10.70712,0.00,0.00
2015.11.23 14:28:10.402,10.70459,10.70712,0.00,0.00
2015.11.23 14:28:10.944,10.70439,10.70712,0.00,0.00
2015.11.23 14:28:11.158,10.70439,10.70662,0.00,0.00
2015.11.23 14:28:11.209,10.70421,10.70662,0.00,0.00
2015.11.23 14:28:11.447,10.70421,10.70712,0.00,0.00
2015.11.23 14:28:11.500,10.70432,10.70712,0.00,0.00
2015.11.23 14:28:11.809,10.70439,10.70712,0.00,0.00
2015.11.23 14:28:12.248,10.70432,10.70712,0.00,0.00
2015.11.23 14:28:12.360,10.70439,10.70712,0.00,0.00
2015.11.23 14:28:12.981,10.70431,10.70712,0.00,0.00
2015.11.23 14:28:13.284,10.7045,10.70712,0.00,0.00
2015.11.23 14:28:13.465,10.70431,10.70712,0.00,0.00
2015.11.23 14:28:14.056,10.70439,10.70712,0.00,0.00
2015.11.23 14:28:14.402,10.70559,10.70811,0.00,0.00
2015.11.23 14:28:14.958,10.7056,10.70811,0.00,0.00
2015.11.23 14:28:15.827,10.70559,10.70811,0.00,0.00
2015.11.23 14:28:16.108,10.70589,10.70861,0.00,0.00
2015.11.23 14:28:16.158,10.7064,10.7091,0.00,0.00
2015.11.23 14:28:16.548,10.7074,10.71012,0.00,0.00
2015.11.23 14:28:17.084,10.70739,10.71012,0.00,0.00
2015.11.23 14:28:17.937,10.70731,10.70948,0.00,0.00
2015.11.23 14:28:17.998,10.70541,10.70762,0.00,0.00
2015.11.23 14:28:18.099,10.70519,10.70762,0.00,0.00
2015.11.23 14:28:18.200,10.70529,10.70812,0.00,0.00
2015.11.23 14:28:18.301,10.70522,10.70812,0.00,0.00
2015.11.23 14:28:18.402,10.70558,10.70812,0.00,0.00
2015.11.23 14:28:18.653,10.70579,10.70861,0.00,0.00
2015.11.23 14:28:18.754,10.70561,10.70861,0.00,0.00
2015.11.23 14:28:19.021,10.70561,10.70812,0.00,0.00
2015.11.23 14:28:19.072,10.70541,10.70812,0.00,0.00
2015.11.23 14:28:19.225,10.70549,10.70812,0.00,0.00
2015.11.23 14:28:19.543,10.7057,10.70812,0.00,0.00
2015.11.23 14:28:19.845,10.70552,10.70812,0.00,0.00
2015.11.23 14:28:20.494,10.70561,10.70812,0.00,0.00
2015.11.23 14:28:20.798,10.7058,10.70812,0.00,0.00
2015.11.23 14:28:21.372,10.70579,10.70812,0.00,0.00
2015.11.23 14:28:21.423,10.70588,10.7086,0.00,0.00
2015.11.23 14:28:21.474,10.70651,10.70909,0.00,0.00
2015.11.23 14:28:21.575,10.70651,10.70912,0.00,0.00
2015.11.23 14:28:22.687,10.70662,10.70912,0.00,0.00
2015.11.23 14:28:22.738,10.70662,10.70961,0.00,0.00
2015.11.23 14:28:22.788,10.7072,10.70962,0.00,0.00
2015.11.23 14:28:22.940,10.70721,10.71012,0.00,0.00
2015.11.23 14:28:22.991,10.70749,10.71012,0.00,0.00
2015.11.23 14:28:23.399,10.70762,10.71012,0.00,0.00
2015.11.23 14:28:24.020,10.70751,10.71012,0.00,0.00
2015.11.23 14:28:25.122,10.70701,10.70962,0.00,0.00
2015.11.23 14:28:25.673,10.70701,10.70912,0.00,0.00
2015.11.23 14:28:26.416,10.70661,10.70911,0.00,0.00
2015.11.23 14:28:26.660,10.70661,10.70951,0.00,0.00
2015.11.23 14:28:26.784,10.70702,10.70951,0.00,0.00
2015.11.23 14:28:26.835,10.70702,10.70962,0.00,0.00
2015.11.23 14:28:27.788,10.70701,10.70962,0.00,0.00
2015.11.23 14:28:29.134,10.70702,10.70962,0.00,0.00
2015.11.23 14:28:30.784,10.70711,10.70962,0.00,0.00
2015.11.23 14:28:30.963,10.70732,10.71012,0.00,0.00
2015.11.23 14:28:31.749,10.70729,10.71012,0.00,0.00
2015.11.23 14:28:31.952,10.70711,10.70962,0.00,0.00
2015.11.23 14:28:32.414,10.70711,10.71001,0.00,0.00
2015.11.23 14:28:32.465,10.70729,10.71011,0.00,0.00
2015.11.23 14:28:32.819,10.70741,10.71011,0.00,0.00
2015.11.23 14:28:33.121,10.70769,10.71011,0.00,0.00
2015.11.23 14:28:33.611,10.70769,10.70962,0.00,0.00
2015.11.23 14:28:33.661,10.70711,10.70962,0.00,0.00
2015.11.23 14:28:34.272,10.70711,10.70912,0.00,0.00
2015.11.23 14:28:34.373,10.70642,10.70912,0.00,0.00
2015.11.23 14:28:37.378,10.7072,10.70962,0.00,0.00
2015.11.23 14:28:37.580,10.70719,10.71012,0.00,0.00
2015.11.23 14:28:38.115,10.70742,10.71012,0.00,0.00
2015.11.23 14:28:38.392,10.7077,10.71061,0.00,0.00
2015.11.23 14:28:38.443,10.70769,10.71012,0.00,0.00
2015.11.23 14:28:38.882,10.70821,10.71061,0.00,0.00
2015.11.23 14:28:39.154,10.70762,10.71012,0.00,0.00
2015.11.23 14:28:39.208,10.70789,10.71101,0.00,0.00
2015.11.23 14:28:39.259,10.70819,10.71112,0.00,0.00
2015.11.23 14:28:39.641,10.7083,10.71112,0.00,0.00
2015.11.23 14:28:40.447,10.70901,10.71161,0.00,0.00
2015.11.23 14:28:40.548,10.70901,10.71211,0.00,0.00
2015.11.23 14:28:40.598,10.70919,10.71211,0.00,0.00
2015.11.23 14:28:40.901,10.70931,10.71211,0.00,0.00
2015.11.23 14:28:41.435,10.70941,10.71211,0.00,0.00
2015.11.23 14:28:41.739,10.71011,10.71261,0.00,0.00
2015.11.23 14:28:41.891,10.70959,10.71261,0.00,0.00
2015.11.23 14:28:41.991,10.70959,10.71212,0.00,0.00
2015.11.23 14:28:42.262,10.70951,10.71212,0.00,0.00
2015.11.23 14:28:42.312,10.70951,10.71161,0.00,0.00
2015.11.23 14:28:42.927,10.70919,10.71212,0.00,0.00
2015.11.23 14:28:43.092,10.70919,10.71161,0.00,0.00
2015.11.23 14:28:43.193,10.70901,10.71161,0.00,0.00
2015.11.23 14:28:43.627,10.70901,10.71112,0.00,0.00
2015.11.23 14:28:43.779,10.7087,10.71112,0.00,0.00
2015.11.23 14:28:44.152,10.70852,10.71112,0.00,0.00
2015.11.23 14:28:44.203,10.70841,10.71112,0.00,0.00
2015.11.23 14:28:44.632,10.7084,10.71061,0.00,0.00
2015.11.23 14:28:44.683,10.70819,10.71061,0.00,0.00
2015.11.23 14:28:45.389,10.70851,10.71111,0.00,0.00
2015.11.23 14:28:45.446,10.7086,10.71112,0.00,0.00
2015.11.23 14:28:45.772,10.70779,10.71012,0.00,0.00
2015.11.23 14:28:46.085,10.7073,10.70961,0.00,0.00
2015.11.23 14:28:46.236,10.70701,10.70961,0.00,0.00
2015.11.23 14:28:46.615,10.70701,10.71011,0.00,0.00
2015.11.23 14:28:46.944,10.7075,10.71012,0.00,0.00
2015.11.23 14:28:47.204,10.70742,10.71012,0.00,0.00
2015.11.23 14:28:47.927,10.70749,10.71012,0.00,0.00
2015.11.23 14:28:48.028,10.70742,10.71012,0.00,0.00
2015.11.23 14:28:49.722,10.70751,10.71012,0.00,0.00
2015.11.23 14:29:00.122,10.7082,10.71062,0.00,0.00
2015.11.23 14:29:00.323,10.70831,10.71111,0.00,0.00
2015.11.23 14:29:01.020,10.70859,10.71111,0.00,0.00
2015.11.23 14:29:01.775,10.70859,10.71161,0.00,0.00
2015.11.23 14:29:01.826,10.70919,10.71162,0.00,0.00
2015.11.23 14:29:01.927,10.70889,10.71161,0.00,0.00
2015.11.23 14:29:02.005,10.70889,10.71112,0.00,0.00
2015.11.23 14:29:02.056,10.70869,10.71112,0.00,0.00
2015.11.23 14:29:02.298,10.70881,10.71112,0.00,0.00
2015.11.23 14:29:02.349,10.70902,10.71161,0.00,0.00
2015.11.23 14:29:04.324,10.70911,10.71161,0.00,0.00
2015.11.23 14:29:05.179,10.70901,10.71161,0.00,0.00
2015.11.23 14:29:05.599,10.70901,10.71111,0.00,0.00
2015.11.23 14:29:05.751,10.70842,10.71111,0.00,0.00
2015.11.23 14:29:06.286,10.70841,10.71111,0.00,0.00
2015.11.23 14:29:07.193,10.70842,10.71111,0.00,0.00
2015.11.23 14:29:07.244,10.70869,10.71111,0.00,0.00
2015.11.23 14:29:07.294,10.70901,10.71152,0.00,0.00
2015.11.23 14:29:07.395,10.70901,10.71162,0.00,0.00
2015.11.23 14:29:08.179,10.70901,10.71111,0.00,0.00
2015.11.23 14:29:08.280,10.7086,10.71111,0.00,0.00
2015.11.23 14:29:08.382,10.70851,10.71111,0.00,0.00
2015.11.23 14:29:09.660,10.70842,10.71111,0.00,0.00
2015.11.23 14:29:09.929,10.70842,10.71161,0.00,0.00
2015.11.23 14:29:09.980,10.7087,10.71161,0.00,0.00
2015.11.23 14:29:10.319,10.70901,10.71161,0.00,0.00
2015.11.23 14:29:11.459,10.70879,10.71161,0.00,0.00
2015.11.23 14:29:11.510,10.70841,10.71161,0.00,0.00
2015.11.23 14:29:11.561,10.70841,10.71111,0.00,0.00
2015.11.23 14:29:13.092,10.70919,10.71152,0.00,0.00
2015.11.23 14:29:13.143,10.70919,10.71162,0.00,0.00
2015.11.23 14:29:13.294,10.70912,10.71162,0.00,0.00
2015.11.23 14:29:13.688,10.70922,10.7121,0.00,0.00
2015.11.23 14:29:13.789,10.70922,10.71212,0.00,0.00
2015.11.23 14:29:14.193,10.70922,10.71162,0.00,0.00
2015.11.23 14:29:14.244,10.70901,10.71162,0.00,0.00
2015.11.23 14:29:14.922,10.70841,10.71112,0.00,0.00
2015.11.23 14:29:17.998,10.70801,10.71062,0.00,0.00
2015.11.23 14:29:21.169,10.70801,10.71012,0.00,0.00
2015.11.23 14:29:21.371,10.70801,10.71062,0.00,0.00
2015.11.23 14:29:22.585,10.70789,10.71011,0.00,0.00
2015.11.23 14:29:22.636,10.70751,10.71011,0.00,0.00
2015.11.23 14:29:23.012,10.70741,10.71011,0.00,0.00
2015.11.23 14:29:24.742,10.70741,10.70961,0.00,0.00
2015.11.23 14:29:25.045,10.7067,10.70911,0.00,0.00
2015.11.23 14:29:25.146,10.7065,10.70911,0.00,0.00
2015.11.23 14:29:25.940,10.70652,10.70911,0.00,0.00
2015.11.23 14:29:26.397,10.70649,10.70911,0.00,0.00
2015.11.23 14:29:26.750,10.70641,10.70911,0.00,0.00
2015.11.23 14:29:26.851,10.70641,10.70862,0.00,0.00
2015.11.23 14:29:26.902,10.70601,10.70862,0.00,0.00
2015.11.23 14:29:27.508,10.70601,10.70812,0.00,0.00
2015.11.23 14:29:27.659,10.70559,10.70812,0.00,0.00
2015.11.23 14:29:27.943,10.70551,10.70812,0.00,0.00
2015.11.23 14:29:28.029,10.7056,10.70812,0.00,0.00
2015.11.23 14:29:28.180,10.70559,10.70861,0.00,0.00
2015.11.23 14:29:28.231,10.70581,10.70862,0.00,0.00
2015.11.23 14:29:28.569,10.70601,10.70861,0.00,0.00
2015.11.23 14:29:28.997,10.70579,10.70812,0.00,0.00
2015.11.23 14:29:29.049,10.70551,10.70812,0.00,0.00
2015.11.23 14:29:29.493,10.70551,10.70761,0.00,0.00
2015.11.23 14:29:29.594,10.70511,10.70761,0.00,0.00
2015.11.23 14:29:30.000,10.70522,10.7081,0.00,0.00
2015.11.23 14:29:30.547,10.70522,10.70811,0.00,0.00
2015.11.23 14:29:31.337,10.70551,10.70862,0.00,0.00
2015.11.23 14:29:31.449,10.70551,10.70811,0.00,0.00
2015.11.23 14:29:34.207,10.70559,10.70811,0.00,0.00
2015.11.23 14:29:34.784,10.70551,10.70811,0.00,0.00
2015.11.23 14:29:35.271,10.7056,10.70812,0.00,0.00
2015.11.23 14:29:35.322,10.70602,10.70861,0.00,0.00
2015.11.23 14:29:35.772,10.70602,10.70811,0.00,0.00
2015.11.23 14:29:35.873,10.70582,10.70811,0.00,0.00
2015.11.23 14:29:35.924,10.70551,10.70811,0.00,0.00
2015.11.23 14:29:37.941,10.70559,10.70861,0.00,0.00
2015.11.23 14:29:37.992,10.70601,10.70861,0.00,0.00
2015.11.23 14:29:40.082,10.70601,10.70911,0.00,0.00
2015.11.23 14:29:40.132,10.7061,10.70912,0.00,0.00
2015.11.23 14:29:40.468,10.70638,10.70912,0.00,0.00
2015.11.23 14:29:40.518,10.70632,10.70912,0.00,0.00
2015.11.23 14:29:40.866,10.70621,10.70912,0.00,0.00
2015.11.23 14:29:41.024,10.70639,10.70912,0.00,0.00
2015.11.23 14:29:41.125,10.70621,10.70912,0.00,0.00
2015.11.23 14:29:41.427,10.70639,10.70912,0.00,0.00
2015.11.23 14:29:41.583,10.70622,10.70912,0.00,0.00
2015.11.23 14:29:41.783,10.70649,10.70912,0.00,0.00
2015.11.23 14:29:41.884,10.70622,10.70912,0.00,0.00
2015.11.23 14:29:42.418,10.70639,10.70912,0.00,0.00
2015.11.23 14:29:42.723,10.70701,10.70962,0.00,0.00
2015.11.23 14:29:43.026,10.70701,10.70911,0.00,0.00
2015.11.23 14:29:43.077,10.70701,10.70962,0.00,0.00
2015.11.23 14:29:43.727,10.70701,10.70911,0.00,0.00
2015.11.23 14:29:43.828,10.70671,10.70911,0.00,0.00
2015.11.23 14:29:43.930,10.70701,10.70962,0.00,0.00
2015.11.23 14:29:45.609,10.70701,10.70911,0.00,0.00
2015.11.23 14:29:45.660,10.70652,10.70911,0.00,0.00
2015.11.23 14:29:46.476,10.70702,10.70961,0.00,0.00
2015.11.23 14:29:48.123,10.70711,10.7101,0.00,0.00
2015.11.23 14:29:48.224,10.70711,10.70962,0.00,0.00
2015.11.23 14:29:48.325,10.70702,10.70962,0.00,0.00
2015.11.23 14:29:49.436,10.70701,10.70912,0.00,0.00
2015.11.23 14:29:49.537,10.70701,10.7096,0.00,0.00
2015.11.23 14:29:49.588,10.70701,10.70962,0.00,0.00
2015.11.23 14:29:51.060,10.70651,10.70911,0.00,0.00
2015.11.23 14:29:51.330,10.70651,10.7096,0.00,0.00
2015.11.23 14:29:51.380,10.70701,10.70962,0.00,0.00
2015.11.23 14:29:53.391,10.70701,10.70911,0.00,0.00
2015.11.23 14:29:53.736,10.70651,10.70911,0.00,0.00
2015.11.23 14:29:54.449,10.70642,10.70911,0.00,0.00
2015.11.23 14:29:54.601,10.70631,10.70862,0.00,0.00
2015.11.23 14:29:54.702,10.70612,10.70862,0.00,0.00
2015.11.23 14:29:55.469,10.70612,10.70911,0.00,0.00
2015.11.23 14:29:55.721,10.70612,10.70862,0.00,0.00
2015.11.23 14:29:58.914,10.70552,10.70812,0.00,0.00
2015.11.23 14:29:59.223,10.70552,10.70861,0.00,0.00
2015.11.23 14:29:59.325,10.70601,10.70861,0.00,0.00
2015.11.23 14:30:00.235,10.7061,10.70911,0.00,0.00
2015.11.23 14:30:00.337,10.70601,10.7091,0.00,0.00
2015.11.23 14:30:00.388,10.70621,10.7091,0.00,0.00
2015.11.23 14:30:00.439,10.70621,10.70912,0.00,0.00
2015.11.23 14:30:01.250,10.7065,10.70912,0.00,0.00
2015.11.23 14:30:01.452,10.70679,10.70961,0.00,0.00
2015.11.23 14:30:01.503,10.70692,10.70961,0.00,0.00
2015.11.23 14:30:01.836,10.70692,10.70912,0.00,0.00
2015.11.23 14:30:01.886,10.70692,10.7096,0.00,0.00
2015.11.23 14:30:02.280,10.70692,10.70962,0.00,0.00
2015.11.23 14:30:02.331,10.70692,10.70911,0.00,0.00
2015.11.23 14:30:02.382,10.70669,10.70911,0.00,0.00
2015.11.23 14:30:02.534,10.70669,10.70862,0.00,0.00
2015.11.23 14:30:02.649,10.70629,10.70862,0.00,0.00
2015.11.23 14:30:02.765,10.70621,10.70862,0.00,0.00
2015.11.23 14:30:02.866,10.70641,10.70911,0.00,0.00
2015.11.23 14:30:02.919,10.7066,10.70911,0.00,0.00
2015.11.23 14:30:03.477,10.70702,10.70961,0.00,0.00
2015.11.23 14:30:06.586,10.70702,10.70911,0.00,0.00
2015.11.23 14:30:06.802,10.70701,10.70961,0.00,0.00
2015.11.23 14:30:07.447,10.70702,10.70962,0.00,0.00
2015.11.23 14:30:07.943,10.70702,10.70912,0.00,0.00
2015.11.23 14:30:08.232,10.70702,10.70962,0.00,0.00
2015.11.23 14:30:08.445,10.70691,10.70962,0.00,0.00
2015.11.23 14:30:08.789,10.70662,10.7096,0.00,0.00
2015.11.23 14:30:08.840,10.70662,10.70911,0.00,0.00
2015.11.23 14:30:09.140,10.70662,10.7096,0.00,0.00
2015.11.23 14:30:09.190,10.7067,10.70962,0.00,0.00
2015.11.23 14:30:09.495,10.70702,10.70962,0.00,0.00
2015.11.23 14:30:10.198,10.70702,10.70961,0.00,0.00
2015.11.23 14:30:10.253,10.70651,10.70912,0.00,0.00
2015.11.23 14:30:10.304,10.70642,10.70912,0.00,0.00
2015.11.23 14:30:10.543,10.70602,10.70862,0.00,0.00
2015.11.23 14:30:10.694,10.70611,10.70912,0.00,0.00
2015.11.23 14:30:10.745,10.70641,10.70912,0.00,0.00
2015.11.23 14:30:10.850,10.70639,10.70912,0.00,0.00
2015.11.23 14:30:10.901,10.70611,10.7091,0.00,0.00
2015.11.23 14:30:11.016,10.70611,10.70861,0.00,0.00
2015.11.23 14:30:11.864,10.70601,10.70861,0.00,0.00
2015.11.23 14:30:13.958,10.70601,10.70812,0.00,0.00
2015.11.23 14:30:14.059,10.70559,10.70812,0.00,0.00
2015.11.23 14:30:14.442,10.70609,10.70862,0.00,0.00
2015.11.23 14:30:14.986,10.7061,10.70862,0.00,0.00
2015.11.23 14:30:16.049,10.70609,10.70862,0.00,0.00
2015.11.23 14:30:16.100,10.70551,10.70812,0.00,0.00
2015.11.23 14:30:17.707,10.70609,10.70862,0.00,0.00
2015.11.23 14:30:17.917,10.70608,10.70912,0.00,0.00
2015.11.23 14:30:18.018,10.70601,10.7091,0.00,0.00
2015.11.23 14:30:18.068,10.70601,10.70862,0.00,0.00
2015.11.23 14:30:18.618,10.7061,10.70912,0.00,0.00
2015.11.23 14:30:18.668,10.70621,10.70912,0.00,0.00
2015.11.23 14:30:18.994,10.70618,10.70912,0.00,0.00
2015.11.23 14:30:19.143,10.70611,10.70912,0.00,0.00
2015.11.23 14:30:19.194,10.70619,10.70912,0.00,0.00
2015.11.23 14:30:19.497,10.70691,10.70961,0.00,0.00
2015.11.23 14:30:19.799,10.70699,10.70962,0.00,0.00
2015.11.23 14:30:20.051,10.70691,10.70962,0.00,0.00
2015.11.23 14:30:20.356,10.70691,10.70912,0.00,0.00
2015.11.23 14:30:20.407,10.70651,10.70912,0.00,0.00
2015.11.23 14:30:21.581,10.70679,10.70912,0.00,0.00
2015.11.23 14:30:21.632,10.7066,10.70912,0.00,0.00
2015.11.23 14:30:21.733,10.70669,10.70962,0.00,0.00
2015.11.23 14:30:21.783,10.70692,10.70962,0.00,0.00
2015.11.23 14:30:22.887,10.70692,10.70912,0.00,0.00
2015.11.23 14:30:22.988,10.7066,10.70912,0.00,0.00
2015.11.23 14:30:23.531,10.70659,10.70912,0.00,0.00
2015.11.23 14:30:24.246,10.7066,10.70912,0.00,0.00
2015.11.23 14:30:24.487,10.70679,10.70912,0.00,0.00
2015.11.23 14:30:24.538,10.70709,10.71012,0.00,0.00
2015.11.23 14:30:24.639,10.70722,10.71012,0.00,0.00
2015.11.23 14:30:25.179,10.70722,10.70911,0.00,0.00
2015.11.23 14:30:25.519,10.70651,10.70911,0.00,0.00
2015.11.23 14:30:25.892,10.70659,10.70911,0.00,0.00
2015.11.23 14:30:26.214,10.7067,10.70911,0.00,0.00
2015.11.23 14:30:26.694,10.70651,10.70911,0.00,0.00
2015.11.23 14:30:27.155,10.70651,10.70962,0.00,0.00
2015.11.23 14:30:27.312,10.70691,10.70962,0.00,0.00
2015.11.23 14:30:28.113,10.70651,10.70912,0.00,0.00
2015.11.23 14:30:28.444,10.70689,10.70912,0.00,0.00
2015.11.23 14:30:28.495,10.70692,10.70962,0.00,0.00
2015.11.23 14:30:31.019,10.70692,10.71011,0.00,0.00
2015.11.23 14:30:31.070,10.70739,10.71012,0.00,0.00
2015.11.23 14:30:31.560,10.70721,10.71012,0.00,0.00
2015.11.23 14:30:31.861,10.70751,10.71012,0.00,0.00
2015.11.23 14:30:33.554,10.70751,10.71061,0.00,0.00
2015.11.23 14:30:33.605,10.70779,10.71062,0.00,0.00
2015.11.23 14:30:33.911,10.70791,10.71062,0.00,0.00
2015.11.23 14:30:34.307,10.70801,10.71062,0.00,0.00
2015.11.23 14:30:36.076,10.70791,10.71062,0.00,0.00
2015.11.23 14:30:38.608,10.70761,10.71012,0.00,0.00
2015.11.23 14:30:38.709,10.70792,10.71061,0.00,0.00
2015.11.23 14:30:40.021,10.70792,10.71012,0.00,0.00
2015.11.23 14:30:40.374,10.70792,10.71061,0.00,0.00
2015.11.23 14:30:45.314,10.70809,10.71111,0.00,0.00
2015.11.23 14:30:45.415,10.70812,10.71111,0.00,0.00
2015.11.23 14:30:46.551,10.70791,10.7106,0.00,0.00
2015.11.23 14:30:46.652,10.70792,10.71062,0.00,0.00
2015.11.23 14:30:48.089,10.70792,10.71111,0.00,0.00
2015.11.23 14:30:48.140,10.70811,10.71111,0.00,0.00
2015.11.23 14:30:49.384,10.70821,10.71111,0.00,0.00
2015.11.23 14:30:50.236,10.70859,10.71111,0.00,0.00
2015.11.23 14:30:50.773,10.70879,10.71111,0.00,0.00
2015.11.23 14:30:50.823,10.70879,10.71162,0.00,0.00
2015.11.23 14:30:50.925,10.70879,10.71112,0.00,0.00
2015.11.23 14:30:50.976,10.70859,10.71112,0.00,0.00
2015.11.23 14:30:52.271,10.7086,10.71112,0.00,0.00
2015.11.23 14:30:52.372,10.70842,10.71112,0.00,0.00
2015.11.23 14:30:52.697,10.70842,10.71062,0.00,0.00
2015.11.23 14:30:52.798,10.70812,10.71062,0.00,0.00
2015.11.23 14:30:52.900,10.70812,10.71112,0.00,0.00
2015.11.23 14:30:53.052,10.70809,10.71111,0.00,0.00
2015.11.23 14:30:53.323,10.70809,10.71062,0.00,0.00
2015.11.23 14:30:53.579,10.70841,10.71112,0.00,0.00
2015.11.23 14:30:53.694,10.7087,10.71162,0.00,0.00
2015.11.23 14:30:53.799,10.70851,10.71112,0.00,0.00
2015.11.23 14:30:54.628,10.70851,10.71061,0.00,0.00
2015.11.23 14:30:54.679,10.70791,10.71061,0.00,0.00
2015.11.23 14:30:55.222,10.70791,10.71112,0.00,0.00
2015.11.23 14:30:55.272,10.70809,10.71112,0.00,0.00
2015.11.23 14:30:55.623,10.70791,10.71062,0.00,0.00
2015.11.23 14:30:57.841,10.70791,10.71111,0.00,0.00
2015.11.23 14:30:57.942,10.70841,10.71111,0.00,0.00
2015.11.23 14:31:00.705,10.70859,10.71161,0.00,0.00
2015.11.23 14:31:00.756,10.70862,10.71161,0.00,0.00
2015.11.23 14:31:01.246,10.70891,10.7116,0.00,0.00
2015.11.23 14:31:01.752,10.70892,10.71161,0.00,0.00
2015.11.23 14:31:02.247,10.70851,10.7116,0.00,0.00
2015.11.23 14:31:02.299,10.70851,10.71112,0.00,0.00
2015.11.23 14:31:02.711,10.70861,10.7116,0.00,0.00
2015.11.23 14:31:02.812,10.70892,10.71162,0.00,0.00
2015.11.23 14:31:03.673,10.70861,10.71111,0.00,0.00
2015.11.23 14:31:03.723,10.70858,10.71111,0.00,0.00
2015.11.23 14:31:03.824,10.70842,10.71111,0.00,0.00
2015.11.23 14:31:05.026,10.70892,10.71161,0.00,0.00
2015.11.23 14:31:05.189,10.70879,10.71161,0.00,0.00
2015.11.23 14:31:05.239,10.70852,10.71111,0.00,0.00
2015.11.23 14:31:05.546,10.70819,10.71061,0.00,0.00
2015.11.23 14:31:06.019,10.70819,10.71012,0.00,0.00
2015.11.23 14:31:06.072,10.70769,10.71012,0.00,0.00
2015.11.23 14:31:06.123,10.70751,10.71012,0.00,0.00
2015.11.23 14:31:06.402,10.70741,10.71012,0.00,0.00
2015.11.23 14:31:06.553,10.70769,10.71012,0.00,0.00
2015.11.23 14:31:06.890,10.70779,10.71012,0.00,0.00
2015.11.23 14:31:07.558,10.70742,10.70912,0.00,0.00
2015.11.23 14:31:07.905,10.70651,10.70912,0.00,0.00
2015.11.23 14:31:08.548,10.70651,10.70862,0.00,0.00
2015.11.23 14:31:08.600,10.70648,10.70862,0.00,0.00
2015.11.23 14:31:08.747,10.70602,10.70862,0.00,0.00
2015.11.23 14:31:09.039,10.70592,10.70862,0.00,0.00
2015.11.23 14:31:09.610,10.70592,10.7091,0.00,0.00
2015.11.23 14:31:09.661,10.70612,10.70912,0.00,0.00
2015.11.23 14:31:10.155,10.70661,10.70912,0.00,0.00
2015.11.23 14:31:10.206,10.70692,10.70961,0.00,0.00
2015.11.23 14:31:10.543,10.70692,10.7101,0.00,0.00
2015.11.23 14:31:10.594,10.70722,10.71012,0.00,0.00
2015.11.23 14:31:11.388,10.70722,10.70961,0.00,0.00
2015.11.23 14:31:11.489,10.70691,10.70961,0.00,0.00
2015.11.23 14:31:11.590,10.70669,10.70961,0.00,0.00
2015.11.23 14:31:11.641,10.70669,10.70911,0.00,0.00
2015.11.23 14:31:12.461,10.7067,10.70912,0.00,0.00
2015.11.23 14:31:12.511,10.70641,10.70912,0.00,0.00
2015.11.23 14:31:13.016,10.70651,10.70912,0.00,0.00
2015.11.23 14:31:14.025,10.70651,10.70862,0.00,0.00
2015.11.23 14:31:14.126,10.70611,10.70862,0.00,0.00
2015.11.23 14:31:14.177,10.70601,10.70862,0.00,0.00
2015.11.23 14:31:14.665,10.7059,10.70862,0.00,0.00
2015.11.23 14:31:14.716,10.70551,10.70812,0.00,0.00
2015.11.23 14:31:15.982,10.70541,10.70812,0.00,0.00
2015.11.23 14:31:18.028,10.7052,10.70762,0.00,0.00
2015.11.23 14:31:18.079,10.70452,10.70762,0.00,0.00
2015.11.23 14:31:18.130,10.70452,10.70712,0.00,0.00
2015.11.23 14:31:18.391,10.70442,10.70712,0.00,0.00
2015.11.23 14:31:18.566,10.70431,10.70649,0.00,0.00
2015.11.23 14:31:18.768,10.70248,10.70512,0.00,0.00
2015.11.23 14:31:18.869,10.70321,10.70561,0.00,0.00
2015.11.23 14:31:18.919,10.70329,10.70611,0.00,0.00
2015.11.23 14:31:19.179,10.70339,10.70611,0.00,0.00
2015.11.23 14:31:19.498,10.70348,10.70612,0.00,0.00
2015.11.23 14:31:19.548,10.70341,10.70612,0.00,0.00
2015.11.23 14:31:19.951,10.70359,10.70612,0.00,0.00
2015.11.23 14:31:20.528,10.70341,10.70612,0.00,0.00
2015.11.23 14:31:20.772,10.70349,10.70612,0.00,0.00
2015.11.23 14:31:21.098,10.70341,10.70612,0.00,0.00
2015.11.23 14:31:21.617,10.70328,10.70612,0.00,0.00
2015.11.23 14:31:21.718,10.70331,10.70612,0.00,0.00
2015.11.23 14:31:22.370,10.70331,10.70511,0.00,0.00
2015.11.23 14:31:22.471,10.70311,10.70511,0.00,0.00
2015.11.23 14:31:22.522,10.70308,10.70511,0.00,0.00
2015.11.23 14:31:22.763,10.70308,10.70561,0.00,0.00
2015.11.23 14:31:22.814,10.70268,10.70512,0.00,0.00
2015.11.23 14:31:22.965,10.70251,10.70512,0.00,0.00
2015.11.23 14:31:23.271,10.70258,10.70512,0.00,0.00
2015.11.23 14:31:23.576,10.70248,10.70512,0.00,0.00
2015.11.23 14:31:23.678,10.70269,10.70512,0.00,0.00
2015.11.23 14:31:23.728,10.7027,10.70562,0.00,0.00
2015.11.23 14:31:23.779,10.70278,10.70562,0.00,0.00
2015.11.23 14:31:24.217,10.70292,10.70511,0.00,0.00
2015.11.23 14:31:24.268,10.70292,10.70562,0.00,0.00
2015.11.23 14:31:24.587,10.70292,10.70611,0.00,0.00
2015.11.23 14:31:24.638,10.70312,10.70611,0.00,0.00
2015.11.23 14:31:24.940,10.70368,10.70611,0.00,0.00
2015.11.23 14:31:24.991,10.70341,10.70611,0.00,0.00
2015.11.23 14:31:25.091,10.70378,10.70698,0.00,0.00
2015.11.23 14:31:25.142,10.70349,10.70671,0.00,0.00
2015.11.23 14:31:25.426,10.70349,10.70468,0.00,0.00
2015.11.23 14:31:25.480,10.7016,10.70412,0.00,0.00
2015.11.23 14:31:25.782,10.70168,10.70412,0.00,0.00
2015.11.23 14:31:25.885,10.7016,10.70412,0.00,0.00
2015.11.23 14:31:25.985,10.7018,10.70461,0.00,0.00
2015.11.23 14:31:26.087,10.70198,10.70461,0.00,0.00
2015.11.23 14:31:26.289,10.70179,10.70461,0.00,0.00
2015.11.23 14:31:26.733,10.70202,10.70461,0.00,0.00
2015.11.23 14:31:26.784,10.70202,10.70511,0.00,0.00
2015.11.23 14:31:26.885,10.70228,10.7051,0.00,0.00
2015.11.23 14:31:27.100,10.70209,10.70511,0.00,0.00
2015.11.23 14:31:27.405,10.70219,10.70511,0.00,0.00
2015.11.23 14:31:27.506,10.70209,10.70511,0.00,0.00
2015.11.23 14:31:28.502,10.70228,10.70511,0.00,0.00
2015.11.23 14:31:28.603,10.70209,10.70511,0.00,0.00
2015.11.23 14:31:29.388,10.7021,10.70511,0.00,0.00
2015.11.23 14:31:29.540,10.70261,10.70548,0.00,0.00
2015.11.23 14:31:29.865,10.7028,10.70561,0.00,0.00
2015.11.23 14:31:30.167,10.70261,10.70512,0.00,0.00
2015.11.23 14:31:30.506,10.70222,10.70462,0.00,0.00
2015.11.23 14:31:30.556,10.70199,10.70462,0.00,0.00
2015.11.23 14:31:30.607,10.70171,10.70462,0.00,0.00
2015.11.23 14:31:31.397,10.7018,10.70462,0.00,0.00
2015.11.23 14:31:31.654,10.70189,10.70511,0.00,0.00
2015.11.23 14:31:31.706,10.7025,10.70511,0.00,0.00
2015.11.23 14:31:32.481,10.70249,10.70511,0.00,0.00
2015.11.23 14:31:32.830,10.7024,10.70511,0.00,0.00
2015.11.23 14:31:33.075,10.70272,10.70561,0.00,0.00
2015.11.23 14:31:33.126,10.70279,10.70562,0.00,0.00
2015.11.23 14:31:33.428,10.7027,10.70511,0.00,0.00
2015.11.23 14:31:33.995,10.70312,10.70561,0.00,0.00
2015.11.23 14:31:34.046,10.70312,10.70611,0.00,0.00
2015.11.23 14:31:34.096,10.7041,10.70611,0.00,0.00
2015.11.23 14:31:34.147,10.7041,10.70661,0.00,0.00
2015.11.23 14:31:34.198,10.70442,10.70671,0.00,0.00
2015.11.23 14:31:34.304,10.70442,10.70712,0.00,0.00
2015.11.23 14:31:36.694,10.70449,10.70712,0.00,0.00
2015.11.23 14:31:37.035,10.70541,10.70712,0.00,0.00
2015.11.23 14:31:37.085,10.70541,10.70812,0.00,0.00
2015.11.23 14:31:37.157,10.70541,10.70761,0.00,0.00
2015.11.23 14:31:37.258,10.70491,10.70761,0.00,0.00
2015.11.23 14:31:38.483,10.70492,10.70761,0.00,0.00
2015.11.23 14:31:38.790,10.70542,10.70761,0.00,0.00
2015.11.23 14:31:38.842,10.70542,10.70812,0.00,0.00
2015.11.23 14:31:39.337,10.70542,10.70762,0.00,0.00
2015.11.23 14:31:39.388,10.70501,10.70762,0.00,0.00
2015.11.23 14:31:39.489,10.70492,10.70762,0.00,0.00
2015.11.23 14:31:40.690,10.70491,10.70762,0.00,0.00
2015.11.23 14:31:43.171,10.70491,10.70712,0.00,0.00
2015.11.23 14:31:43.272,10.70491,10.70762,0.00,0.00
2015.11.23 14:31:45.467,10.70492,10.70762,0.00,0.00
2015.11.23 14:31:46.682,10.70492,10.70812,0.00,0.00
2015.11.23 14:31:46.733,10.70541,10.70812,0.00,0.00
2015.11.23 14:31:47.291,10.70559,10.70812,0.00,0.00
2015.11.23 14:31:47.602,10.70569,10.70812,0.00,0.00
2015.11.23 14:31:47.703,10.70592,10.70861,0.00,0.00
2015.11.23 14:31:48.550,10.70592,10.70811,0.00,0.00
2015.11.23 14:31:48.704,10.7056,10.70811,0.00,0.00
2015.11.23 14:31:48.755,10.7057,10.70811,0.00,0.00
2015.11.23 14:31:48.805,10.70591,10.70862,0.00,0.00
2015.11.23 14:31:49.347,10.70591,10.70861,0.00,0.00
2015.11.23 14:31:49.540,10.70628,10.70882,0.00,0.00
2015.11.23 14:31:49.641,10.70628,10.70912,0.00,0.00
2015.11.23 14:31:49.692,10.70691,10.70912,0.00,0.00
2015.11.23 14:31:49.743,10.70691,10.70932,0.00,0.00
2015.11.23 14:31:49.793,10.70778,10.70932,0.00,0.00
2015.11.23 14:31:49.844,10.70778,10.71012,0.00,0.00
2015.11.23 14:31:49.945,10.70778,10.71069,0.00,0.00
2015.11.23 14:31:50.045,10.70728,10.71031,0.00,0.00
2015.11.23 14:31:50.209,10.70728,10.71052,0.00,0.00
2015.11.23 14:31:50.507,10.70728,10.70982,0.00,0.00
2015.11.23 14:31:50.558,10.70728,10.70992,0.00,0.00
2015.11.23 14:31:50.660,10.70779,10.70992,0.00,0.00
2015.11.23 14:31:50.710,10.70779,10.71032,0.00,0.00
2015.11.23 14:31:50.812,10.70779,10.71072,0.00,0.00
2015.11.23 14:31:50.913,10.70779,10.71081,0.00,0.00
2015.11.23 14:31:51.132,10.70779,10.71072,0.00,0.00
2015.11.23 14:31:51.233,10.70779,10.71082,0.00,0.00
2015.11.23 14:31:51.813,10.70779,10.71101,0.00,0.00
2015.11.23 14:31:51.914,10.70779,10.71082,0.00,0.00
2015.11.23 14:31:52.615,10.70779,10.71071,0.00,0.00
2015.11.23 14:31:53.206,10.70779,10.71092,0.00,0.00
2015.11.23 14:31:53.257,10.70779,10.71081,0.00,0.00
2015.11.23 14:31:53.658,10.70729,10.71002,0.00,0.00
2015.11.23 14:31:53.759,10.70729,10.71022,0.00,0.00
2015.11.23 14:31:53.860,10.70729,10.71042,0.00,0.00
2015.11.23 14:31:53.961,10.70729,10.71022,0.00,0.00
2015.11.23 14:31:55.420,10.70729,10.71031,0.00,0.00
2015.11.23 14:31:55.533,10.70729,10.71021,0.00,0.00
2015.11.23 14:31:55.993,10.70729,10.71041,0.00,0.00
2015.11.23 14:31:56.043,10.70729,10.71021,0.00,0.00
2015.11.23 14:31:56.249,10.70692,10.71001,0.00,0.00
2015.11.23 14:31:56.350,10.70679,10.71001,0.00,0.00
2015.11.23 14:31:56.451,10.70679,10.70982,0.00,0.00
2015.11.23 14:31:56.552,10.70679,10.71001,0.00,0.00
2015.11.23 14:31:56.652,10.70679,10.70982,0.00,0.00
2015.11.23 14:31:56.824,10.70679,10.70992,0.00,0.00
2015.11.23 14:31:57.251,10.70679,10.70982,0.00,0.00
2015.11.23 14:31:58.536,10.70679,10.70981,0.00,0.00
2015.11.23 14:31:58.638,10.70679,10.71001,0.00,0.00
2015.11.23 14:31:58.697,10.70679,10.7098,0.00,0.00
2015.11.23 14:31:58.798,10.70628,10.70931,0.00,0.00
2015.11.23 14:31:58.849,10.70628,10.70921,0.00,0.00
2015.11.23 14:31:59.602,10.70628,10.70922,0.00,0.00
2015.11.23 14:32:00.269,10.70628,10.70931,0.00,0.00
2015.11.23 14:32:01.619,10.70629,10.7093,0.00,0.00
2015.11.23 14:32:01.791,10.70679,10.7093,0.00,0.00
2015.11.23 14:32:01.842,10.70679,10.70948,0.00,0.00
2015.11.23 14:32:01.893,10.70679,10.70951,0.00,0.00
2015.11.23 14:32:02.366,10.70679,10.70942,0.00,0.00
2015.11.23 14:32:02.416,10.70629,10.70931,0.00,0.00
2015.11.23 14:32:02.669,10.70629,10.70911,0.00,0.00
2015.11.23 14:32:03.572,10.70629,10.7093,0.00,0.00
2015.11.23 14:32:03.822,10.70629,10.70932,0.00,0.00
2015.11.23 14:32:03.873,10.70629,10.70949,0.00,0.00
2015.11.23 14:32:04.978,10.70629,10.70922,0.00,0.00
2015.11.23 14:32:05.079,10.70629,10.70942,0.00,0.00
2015.11.23 14:32:05.481,10.70629,10.70932,0.00,0.00
2015.11.23 14:32:05.542,10.70629,10.70949,0.00,0.00
2015.11.23 14:32:08.169,10.70629,10.70942,0.00,0.00
2015.11.23 14:32:09.233,10.70629,10.70922,0.00,0.00
2015.11.23 14:32:09.284,10.70629,10.70941,0.00,0.00
2015.11.23 14:32:09.697,10.70629,10.70922,0.00,0.00
2015.11.23 14:32:09.899,10.70678,10.70981,0.00,0.00
2015.11.23 14:32:09.950,10.70678,10.7099,0.00,0.00
2015.11.23 14:32:10.074,10.70678,10.70971,0.00,0.00
2015.11.23 14:32:10.657,10.70678,10.70961,0.00,0.00
2015.11.23 14:32:10.764,10.70678,10.70972,0.00,0.00
2015.11.23 14:32:10.882,10.70678,10.70961,0.00,0.00
2015.11.23 14:32:10.951,10.70678,10.70972,0.00,0.00
2015.11.23 14:32:11.002,10.70629,10.70952,0.00,0.00
2015.11.23 14:32:11.169,10.70628,10.70932,0.00,0.00
2015.11.23 14:32:11.890,10.70628,10.70949,0.00,0.00
2015.11.23 14:32:12.468,10.70628,10.70942,0.00,0.00
2015.11.23 14:32:12.775,10.70628,10.70949,0.00,0.00
2015.11.23 14:32:12.902,10.70628,10.70931,0.00,0.00
2015.11.23 14:32:13.055,10.70628,10.70941,0.00,0.00
2015.11.23 14:32:13.408,10.70591,10.70902,0.00,0.00
2015.11.23 14:32:13.782,10.70591,10.70852,0.00,0.00
2015.11.23 14:32:13.833,10.70542,10.70841,0.00,0.00
2015.11.23 14:32:13.884,10.70528,10.7084,0.00,0.00
2015.11.23 14:32:14.165,10.70528,10.70849,0.00,0.00
2015.11.23 14:32:14.358,10.70528,10.70842,0.00,0.00
2015.11.23 14:32:14.858,10.70528,10.70849,0.00,0.00
2015.11.23 14:32:15.204,10.70528,10.70841,0.00,0.00
2015.11.23 14:32:15.660,10.70528,10.70849,0.00,0.00
2015.11.23 14:32:15.983,10.70491,10.70802,0.00,0.00
2015.11.23 14:32:16.161,10.70528,10.70849,0.00,0.00
2015.11.23 14:32:18.465,10.70528,10.70841,0.00,0.00
2015.11.23 14:32:18.566,10.70528,10.70849,0.00,0.00
2015.11.23 14:32:18.765,10.70528,10.70842,0.00,0.00
2015.11.23 14:32:18.867,10.70528,10.70849,0.00,0.00
2015.11.23 14:32:19.066,10.70528,10.70841,0.00,0.00
2015.11.23 14:32:19.168,10.70528,10.70849,0.00,0.00
2015.11.23 14:32:21.571,10.70528,10.70842,0.00,0.00
2015.11.23 14:32:21.672,10.70528,10.70849,0.00,0.00
2015.11.23 14:32:24.482,10.70528,10.70842,0.00,0.00
2015.11.23 14:32:24.583,10.70528,10.70849,0.00,0.00
2015.11.23 14:32:25.306,10.70579,10.7085,0.00,0.00
2015.11.23 14:32:25.559,10.70528,10.70841,0.00,0.00
2015.11.23 14:32:25.610,10.70528,10.70851,0.00,0.00
2015.11.23 14:32:26.139,10.70528,10.7079,0.00,0.00
2015.11.23 14:32:26.190,10.70479,10.7079,0.00,0.00
2015.11.23 14:32:26.342,10.70479,10.70792,0.00,0.00
2015.11.23 14:32:26.393,10.70479,10.70799,0.00,0.00
2015.11.23 14:32:26.723,10.70491,10.70801,0.00,0.00
2015.11.23 14:32:26.773,10.70529,10.70849,0.00,0.00
2015.11.23 14:32:27.098,10.70578,10.70852,0.00,0.00
2015.11.23 14:32:27.199,10.70529,10.70851,0.00,0.00
2015.11.23 14:32:28.514,10.70529,10.70848,0.00,0.00
2015.11.23 14:32:28.836,10.70529,10.70841,0.00,0.00
2015.11.23 14:32:29.398,10.70529,10.70822,0.00,0.00
2015.11.23 14:32:29.694,10.70529,10.70832,0.00,0.00
2015.11.23 14:32:30.302,10.70529,10.70841,0.00,0.00
2015.11.23 14:32:30.703,10.70529,10.70848,0.00,0.00
2015.11.23 14:32:30.804,10.70529,10.70841,0.00,0.00
2015.11.23 14:32:32.838,10.70529,10.70848,0.00,0.00
2015.11.23 14:32:32.939,10.70529,10.70841,0.00,0.00
2015.11.23 14:32:33.220,10.70529,10.70848,0.00,0.00
2015.11.23 14:32:33.614,10.70529,10.70812,0.00,0.00
2015.11.23 14:32:33.665,10.70492,10.70802,0.00,0.00
2015.11.23 14:32:33.766,10.70478,10.70789,0.00,0.00
2015.11.23 14:32:35.725,10.70478,10.70782,0.00,0.00
2015.11.23 14:32:35.956,10.70478,10.70789,0.00,0.00
2015.11.23 14:32:36.057,10.70478,10.70782,0.00,0.00
2015.11.23 14:32:36.158,10.70478,10.70789,0.00,0.00
2015.11.23 14:32:37.356,10.70478,10.70782,0.00,0.00
2015.11.23 14:32:37.457,10.70478,10.70789,0.00,0.00
2015.11.23 14:32:38.278,10.70478,10.70781,0.00,0.00
2015.11.23 14:32:40.125,10.70478,10.70789,0.00,0.00
2015.11.23 14:32:40.723,10.70541,10.70819,0.00,0.00
2015.11.23 14:32:40.773,10.70541,10.70821,0.00,0.00
2015.11.23 14:32:41.303,10.70528,10.70849,0.00,0.00
2015.11.23 14:32:41.354,10.70528,10.70842,0.00,0.00
2015.11.23 14:32:41.455,10.70528,10.70849,0.00,0.00
2015.11.23 14:32:41.849,10.70528,10.70842,0.00,0.00
2015.11.23 14:32:41.950,10.70528,10.70849,0.00,0.00
2015.11.23 14:32:43.333,10.70528,10.70842,0.00,0.00
2015.11.23 14:32:43.634,10.70528,10.70849,0.00,0.00
2015.11.23 14:32:45.702,10.70528,10.70852,0.00,0.00
2015.11.23 14:32:45.753,10.70578,10.70858,0.00,0.00
2015.11.23 14:32:45.854,10.70578,10.70889,0.00,0.00
2015.11.23 14:32:45.904,10.70529,10.70852,0.00,0.00
2015.11.23 14:32:45.955,10.70528,10.70832,0.00,0.00
2015.11.23 14:32:46.250,10.70528,10.70842,0.00,0.00
2015.11.23 14:32:47.776,10.70542,10.70801,0.00,0.00
2015.11.23 14:32:47.877,10.70499,10.70801,0.00,0.00
2015.11.23 14:32:47.978,10.70529,10.70831,0.00,0.00
2015.11.23 14:32:48.079,10.70529,10.70848,0.00,0.00
2015.11.23 14:32:48.911,10.70529,10.70842,0.00,0.00
2015.11.23 14:32:48.962,10.70529,10.70848,0.00,0.00
2015.11.23 14:32:50.420,10.70578,10.70848,0.00,0.00
2015.11.23 14:32:50.937,10.70609,10.70848,0.00,0.00
2015.11.23 14:32:50.988,10.70609,10.70891,0.00,0.00
2015.11.23 14:32:51.039,10.70678,10.70891,0.00,0.00
2015.11.23 14:32:51.090,10.70678,10.70949,0.00,0.00
2015.11.23 14:32:52.007,10.70728,10.70949,0.00,0.00
2015.11.23 14:32:52.059,10.70728,10.7104,0.00,0.00
2015.11.23 14:32:52.255,10.70779,10.7098,0.00,0.00
2015.11.23 14:32:52.507,10.70678,10.70971,0.00,0.00
2015.11.23 14:32:52.858,10.70678,10.70961,0.00,0.00
2015.11.23 14:32:52.959,10.70678,10.70972,0.00,0.00
2015.11.23 14:32:53.099,10.70678,10.70962,0.00,0.00
2015.11.23 14:32:53.157,10.70678,10.70981,0.00,0.00
2015.11.23 14:32:54.148,10.70678,10.70971,0.00,0.00
2015.11.23 14:32:54.199,10.70678,10.70989,0.00,0.00
2015.11.23 14:32:54.558,10.70729,10.70989,0.00,0.00
2015.11.23 14:32:54.810,10.70729,10.71031,0.00,0.00
2015.11.23 14:32:54.911,10.70729,10.71022,0.00,0.00
2015.11.23 14:32:55.087,10.70729,10.71031,0.00,0.00
2015.11.23 14:32:56.261,10.70729,10.7103,0.00,0.00
2015.11.23 14:32:57.248,10.70729,10.71048,0.00,0.00
2015.11.23 14:32:57.299,10.70779,10.71048,0.00,0.00
2015.11.23 14:32:57.350,10.70779,10.71051,0.00,0.00
2015.11.23 14:32:57.451,10.70779,10.71061,0.00,0.00
2015.11.23 14:32:57.552,10.70792,10.71088,0.00,0.00
2015.11.23 14:32:57.653,10.70829,10.71088,0.00,0.00
2015.11.23 14:32:58.758,10.70829,10.71122,0.00,0.00
2015.11.23 14:32:58.809,10.70829,10.71131,0.00,0.00
2015.11.23 14:32:58.910,10.70829,10.71148,0.00,0.00
2015.11.23 14:32:59.471,10.70829,10.71142,0.00,0.00
2015.11.23 14:33:00.774,10.70829,10.71141,0.00,0.00
2015.11.23 14:33:02.177,10.70829,10.71148,0.00,0.00
2015.11.23 14:33:02.278,10.70829,10.71142,0.00,0.00
2015.11.23 14:33:02.682,10.70878,10.71141,0.00,0.00
2015.11.23 14:33:02.734,10.70828,10.71121,0.00,0.00
2015.11.23 14:33:02.979,10.70828,10.71142,0.00,0.00
2015.11.23 14:33:03.986,10.70828,10.71141,0.00,0.00
2015.11.23 14:33:04.682,10.70828,10.71122,0.00,0.00
2015.11.23 14:33:04.783,10.70828,10.71142,0.00,0.00
2015.11.23 14:33:04.891,10.70828,10.71121,0.00,0.00
2015.11.23 14:33:04.992,10.70828,10.71141,0.00,0.00
2015.11.23 14:33:05.584,10.70828,10.71142,0.00,0.00
2015.11.23 14:33:05.985,10.70828,10.71148,0.00,0.00
2015.11.23 14:33:06.086,10.70828,10.71122,0.00,0.00
2015.11.23 14:33:06.203,10.70828,10.71131,0.00,0.00
2015.11.23 14:33:06.386,10.70828,10.71121,0.00,0.00
2015.11.23 14:33:06.487,10.70828,10.71131,0.00,0.00
2015.11.23 14:33:06.588,10.70828,10.71122,0.00,0.00
2015.11.23 14:33:06.850,10.70879,10.71178,0.00,0.00
2015.11.23 14:33:06.901,10.70879,10.71182,0.00,0.00
2015.11.23 14:33:07.511,10.70879,10.71152,0.00,0.00
2015.11.23 14:33:07.612,10.70879,10.71189,0.00,0.00
2015.11.23 14:33:07.789,10.70879,10.71182,0.00,0.00
2015.11.23 14:33:08.395,10.70879,10.71172,0.00,0.00
2015.11.23 14:33:08.764,10.70879,10.71189,0.00,0.00
2015.11.23 14:33:09.618,10.70928,10.71189,0.00,0.00
2015.11.23 14:33:09.668,10.70928,10.71218,0.00,0.00
2015.11.23 14:33:09.719,10.70928,10.71181,0.00,0.00
2015.11.23 14:33:09.971,10.70852,10.71112,0.00,0.00
2015.11.23 14:33:10.022,10.7091,10.71112,0.00,0.00
2015.11.23 14:33:10.072,10.7091,10.71161,0.00,0.00
2015.11.23 14:33:10.123,10.70932,10.71161,0.00,0.00
2015.11.23 14:33:10.224,10.70861,10.71111,0.00,0.00
2015.11.23 14:33:10.275,10.70851,10.71111,0.00,0.00
2015.11.23 14:33:12.617,10.70852,10.71111,0.00,0.00
2015.11.23 14:33:13.378,10.70909,10.71161,0.00,0.00
2015.11.23 14:33:13.880,10.70892,10.71162,0.00,0.00
2015.11.23 14:33:18.528,10.70892,10.71112,0.00,0.00
2015.11.23 14:33:18.579,10.70851,10.71112,0.00,0.00
2015.11.23 14:33:20.308,10.70851,10.71061,0.00,0.00
2015.11.23 14:33:20.359,10.70802,10.71061,0.00,0.00
2015.11.23 14:33:21.967,10.70789,10.71012,0.00,0.00
2015.11.23 14:33:22.018,10.70751,10.71012,0.00,0.00
2015.11.23 14:33:22.557,10.70801,10.71062,0.00,0.00
2015.11.23 14:33:22.939,10.70829,10.71112,0.00,0.00
2015.11.23 14:33:22.990,10.70831,10.71112,0.00,0.00
2015.11.23 14:33:23.303,10.70852,10.71112,0.00,0.00
2015.11.23 14:33:23.404,10.70879,10.71161,0.00,0.00
2015.11.23 14:33:23.510,10.70852,10.71161,0.00,0.00
2015.11.23 14:33:23.611,10.70852,10.71112,0.00,0.00
2015.11.23 14:33:24.280,10.7084,10.71112,0.00,0.00
2015.11.23 14:33:24.381,10.70831,10.71061,0.00,0.00
2015.11.23 14:33:24.482,10.70839,10.71111,0.00,0.00
2015.11.23 14:33:25.009,10.7084,10.71111,0.00,0.00
2015.11.23 14:33:25.060,10.70851,10.71111,0.00,0.00
2015.11.23 14:33:25.391,10.70859,10.71111,0.00,0.00
2015.11.23 14:33:26.058,10.7086,10.71111,0.00,0.00
2015.11.23 14:33:26.625,10.70859,10.71111,0.00,0.00
2015.11.23 14:33:28.672,10.70851,10.71062,0.00,0.00
2015.11.23 14:33:28.722,10.70809,10.71062,0.00,0.00
2015.11.23 14:33:28.773,10.70801,10.71062,0.00,0.00
2015.11.23 14:33:30.418,10.70809,10.71112,0.00,0.00
2015.11.23 14:33:30.469,10.70831,10.71112,0.00,0.00
2015.11.23 14:33:30.783,10.70891,10.71162,0.00,0.00
2015.11.23 14:33:31.084,10.70891,10.71112,0.00,0.00
2015.11.23 14:33:31.235,10.70839,10.71112,0.00,0.00
2015.11.23 14:33:31.286,10.70832,10.71112,0.00,0.00
2015.11.23 14:33:32.745,10.70839,10.71111,0.00,0.00
2015.11.23 14:33:32.796,10.70832,10.71111,0.00,0.00
2015.11.23 14:33:33.655,10.70841,10.71111,0.00,0.00
2015.11.23 14:33:33.934,10.70831,10.71111,0.00,0.00
2015.11.23 14:33:35.613,10.7088,10.7116,0.00,0.00
2015.11.23 14:33:35.915,10.70891,10.71162,0.00,0.00
2015.11.23 14:33:38.135,10.70891,10.71112,0.00,0.00
2015.11.23 14:33:38.185,10.70851,10.71112,0.00,0.00
2015.11.23 14:33:39.042,10.70839,10.71112,0.00,0.00
2015.11.23 14:33:39.093,10.70851,10.71112,0.00,0.00
2015.11.23 14:33:39.903,10.70851,10.71162,0.00,0.00
2015.11.23 14:33:40.004,10.70909,10.71162,0.00,0.00
2015.11.23 14:33:40.105,10.70932,10.71212,0.00,0.00
2015.11.23 14:33:41.662,10.70932,10.71211,0.00,0.00
2015.11.23 14:33:42.207,10.70932,10.71212,0.00,0.00
2015.11.23 14:33:43.277,10.70932,10.71161,0.00,0.00
2015.11.23 14:33:43.428,10.70891,10.71161,0.00,0.00
2015.11.23 14:33:43.730,10.70909,10.71212,0.00,0.00
2015.11.23 14:33:43.781,10.70931,10.71212,0.00,0.00
2015.11.23 14:33:44.424,10.70939,10.71212,0.00,0.00
2015.11.23 14:33:45.358,10.7094,10.71212,0.00,0.00
2015.11.23 14:33:45.934,10.70959,10.71212,0.00,0.00
2015.11.23 14:33:46.035,10.70939,10.71212,0.00,0.00
2015.11.23 14:33:46.412,10.70931,10.71212,0.00,0.00
2015.11.23 14:33:48.370,10.70942,10.71261,0.00,0.00
2015.11.23 14:33:48.529,10.7101,10.71261,0.00,0.00
2015.11.23 14:33:48.838,10.71052,10.71311,0.00,0.00
2015.11.23 14:33:48.939,10.71041,10.71311,0.00,0.00
2015.11.23 14:33:50.649,10.71041,10.71261,0.00,0.00
2015.11.23 14:33:50.699,10.70951,10.71261,0.00,0.00
2015.11.23 14:33:50.750,10.70942,10.71261,0.00,0.00
2015.11.23 14:33:50.801,10.7095,10.71212,0.00,0.00
2015.11.23 14:33:51.158,10.7096,10.71212,0.00,0.00
2015.11.23 14:33:51.309,10.70902,10.71161,0.00,0.00
2015.11.23 14:33:51.360,10.709,10.71161,0.00,0.00
2015.11.23 14:33:51.461,10.70941,10.7121,0.00,0.00
2015.11.23 14:33:51.512,10.70949,10.71211,0.00,0.00
2015.11.23 14:33:51.665,10.7098,10.71249,0.00,0.00
2015.11.23 14:33:51.715,10.70992,10.71249,0.00,0.00
2015.11.23 14:33:51.917,10.71051,10.7136,0.00,0.00
2015.11.23 14:33:52.567,10.71051,10.71311,0.00,0.00
2015.11.23 14:33:52.618,10.71001,10.71262,0.00,0.00
2015.11.23 14:33:52.669,10.70952,10.71212,0.00,0.00
2015.11.23 14:33:52.971,10.70969,10.71261,0.00,0.00
2015.11.23 14:33:53.022,10.70991,10.71261,0.00,0.00
2015.11.23 14:33:56.112,10.71001,10.71261,0.00,0.00
2015.11.23 14:33:56.618,10.70992,10.71261,0.00,0.00
2015.11.23 14:33:56.897,10.7101,10.71261,0.00,0.00
2015.11.23 14:33:56.948,10.71021,10.71311,0.00,0.00
2015.11.23 14:33:57.775,10.71041,10.71311,0.00,0.00
2015.11.23 14:33:58.085,10.71051,10.71311,0.00,0.00
2015.11.23 14:33:58.597,10.71041,10.71311,0.00,0.00
2015.11.23 14:34:00.605,10.71041,10.71262,0.00,0.00
2015.11.23 14:34:00.656,10.70999,10.7126,0.00,0.00
2015.11.23 14:34:00.707,10.70992,10.71212,0.00,0.00
2015.11.23 14:34:00.808,10.70992,10.71262,0.00,0.00
2015.11.23 14:34:01.938,10.70991,10.71262,0.00,0.00
2015.11.23 14:34:04.110,10.70991,10.71311,0.00,0.00
2015.11.23 14:34:04.161,10.71009,10.71311,0.00,0.00
2015.11.23 14:34:04.680,10.71011,10.71311,0.00,0.00
2015.11.23 14:34:05.213,10.71022,10.71311,0.00,0.00
2015.11.23 14:34:05.516,10.71059,10.71311,0.00,0.00
2015.11.23 14:34:05.800,10.71091,10.71362,0.00,0.00
2015.11.23 14:34:06.166,10.71091,10.7141,0.00,0.00
2015.11.23 14:34:06.267,10.71091,10.71412,0.00,0.00
2015.11.23 14:34:06.368,10.71109,10.71411,0.00,0.00
2015.11.23 14:34:06.468,10.71091,10.71411,0.00,0.00
2015.11.23 14:34:06.620,10.71091,10.71361,0.00,0.00
2015.11.23 14:34:07.457,10.71109,10.71361,0.00,0.00
2015.11.23 14:34:07.507,10.71109,10.71412,0.00,0.00
2015.11.23 14:34:07.558,10.71139,10.71412,0.00,0.00
2015.11.23 14:34:08.405,10.71059,10.71312,0.00,0.00
2015.11.23 14:34:08.456,10.71052,10.71312,0.00,0.00
2015.11.23 14:34:08.709,10.71052,10.71261,0.00,0.00
2015.11.23 14:34:08.760,10.71011,10.71261,0.00,0.00
2015.11.23 14:34:08.811,10.71011,10.71311,0.00,0.00
2015.11.23 14:34:08.914,10.71001,10.7131,0.00,0.00
2015.11.23 14:34:08.965,10.71011,10.71311,0.00,0.00
2015.11.23 14:34:09.421,10.70999,10.71262,0.00,0.00
2015.11.23 14:34:09.967,10.71001,10.71262,0.00,0.00
2015.11.23 14:34:10.018,10.71001,10.71311,0.00,0.00
2015.11.23 14:34:10.068,10.7101,10.71311,0.00,0.00
2015.11.23 14:34:10.418,10.71031,10.71311,0.00,0.00
2015.11.23 14:34:10.762,10.71002,10.71262,0.00,0.00
2015.11.23 14:34:11.575,10.7106,10.71312,0.00,0.00
2015.11.23 14:34:12.377,10.71052,10.71312,0.00,0.00
2015.11.23 14:34:12.579,10.71011,10.71312,0.00,0.00
2015.11.23 14:34:14.298,10.71059,10.71312,0.00,0.00
2015.11.23 14:34:14.764,10.71069,10.71312,0.00,0.00
2015.11.23 14:34:14.916,10.71051,10.71312,0.00,0.00
2015.11.23 14:34:16.303,10.71059,10.71361,0.00,0.00
2015.11.23 14:34:16.404,10.71052,10.7136,0.00,0.00
2015.11.23 14:34:16.497,10.71052,10.71312,0.00,0.00
2015.11.23 14:34:17.659,10.71091,10.71312,0.00,0.00
2015.11.23 14:34:17.710,10.7111,10.7141,0.00,0.00
2015.11.23 14:34:17.861,10.71091,10.71362,0.00,0.00
2015.11.23 14:34:18.913,10.71109,10.71362,0.00,0.00
2015.11.23 14:34:19.143,10.71092,10.71362,0.00,0.00
2015.11.23 14:34:19.356,10.71092,10.71411,0.00,0.00
2015.11.23 14:34:19.407,10.71112,10.71411,0.00,0.00
2015.11.23 14:34:19.716,10.71091,10.71362,0.00,0.00
2015.11.23 14:34:20.174,10.71091,10.71411,0.00,0.00
2015.11.23 14:34:20.225,10.7111,10.71412,0.00,0.00
2015.11.23 14:34:20.578,10.71091,10.71362,0.00,0.00
2015.11.23 14:34:20.787,10.71091,10.71411,0.00,0.00
2015.11.23 14:34:20.838,10.71112,10.71411,0.00,0.00
2015.11.23 14:34:21.141,10.71092,10.71362,0.00,0.00
2015.11.23 14:34:21.674,10.71092,10.7141,0.00,0.00
2015.11.23 14:34:21.724,10.7111,10.71412,0.00,0.00
2015.11.23 14:34:22.026,10.71091,10.71362,0.00,0.00
2015.11.23 14:34:22.834,10.71101,10.71362,0.00,0.00
2015.11.23 14:34:23.103,10.71101,10.7141,0.00,0.00
2015.11.23 14:34:23.155,10.71111,10.71412,0.00,0.00
2015.11.23 14:34:23.458,10.71092,10.71361,0.00,0.00
2015.11.23 14:34:24.394,10.71111,10.71411,0.00,0.00
2015.11.23 14:34:24.445,10.71111,10.71362,0.00,0.00
2015.11.23 14:34:24.546,10.71111,10.71412,0.00,0.00
2015.11.23 14:34:25.436,10.71122,10.71412,0.00,0.00
2015.11.23 14:34:25.884,10.71131,10.71412,0.00,0.00
2015.11.23 14:34:26.253,10.71139,10.71412,0.00,0.00
2015.11.23 14:34:26.455,10.71131,10.71412,0.00,0.00
2015.11.23 14:34:27.109,10.7114,10.71412,0.00,0.00
2015.11.23 14:34:27.538,10.71149,10.71412,0.00,0.00
2015.11.23 14:34:27.855,10.71169,10.71412,0.00,0.00
2015.11.23 14:34:28.359,10.71159,10.71412,0.00,0.00
2015.11.23 14:34:29.965,10.7116,10.71412,0.00,0.00
2015.11.23 14:34:30.482,10.71159,10.71412,0.00,0.00
2015.11.23 14:34:31.023,10.7116,10.71412,0.00,0.00
2015.11.23 14:34:31.606,10.71159,10.71412,0.00,0.00
2015.11.23 14:34:31.727,10.71131,10.71412,0.00,0.00
2015.11.23 14:34:32.528,10.71149,10.71412,0.00,0.00
2015.11.23 14:34:33.077,10.71159,10.71412,0.00,0.00
2015.11.23 14:34:33.722,10.7116,10.71412,0.00,0.00
2015.11.23 14:34:34.153,10.71131,10.71412,0.00,0.00
2015.11.23 14:34:39.095,10.71052,10.71311,0.00,0.00
2015.11.23 14:34:39.678,10.71051,10.71311,0.00,0.00
2015.11.23 14:34:39.981,10.71031,10.71311,0.00,0.00
2015.11.23 14:34:42.833,10.71051,10.71311,0.00,0.00
2015.11.23 14:34:43.154,10.7107,10.71311,0.00,0.00
2015.11.23 14:34:43.721,10.71051,10.71311,0.00,0.00
2015.11.23 14:34:45.045,10.71091,10.71311,0.00,0.00
2015.11.23 14:34:45.096,10.71091,10.71361,0.00,0.00
2015.11.23 14:34:45.679,10.7111,10.71412,0.00,0.00
2015.11.23 14:34:45.730,10.71122,10.71411,0.00,0.00
2015.11.23 14:34:46.033,10.7119,10.71412,0.00,0.00
2015.11.23 14:34:46.502,10.71132,10.71412,0.00,0.00
2015.11.23 14:34:46.654,10.71132,10.71361,0.00,0.00
2015.11.23 14:34:46.704,10.71099,10.71361,0.00,0.00
2015.11.23 14:34:47.109,10.71092,10.71361,0.00,0.00
2015.11.23 14:34:48.523,10.71109,10.71401,0.00,0.00
2015.11.23 14:34:48.573,10.71131,10.71401,0.00,0.00
2015.11.23 14:34:48.624,10.71131,10.71411,0.00,0.00
2015.11.23 14:34:48.675,10.71109,10.71411,0.00,0.00
2015.11.23 14:34:48.776,10.7111,10.71361,0.00,0.00
2015.11.23 14:34:49.246,10.71091,10.71361,0.00,0.00
2015.11.23 14:34:49.544,10.71101,10.71361,0.00,0.00
2015.11.23 14:34:49.971,10.71101,10.7141,0.00,0.00
2015.11.23 14:34:50.176,10.71102,10.71362,0.00,0.00
2015.11.23 14:34:51.162,10.7111,10.71411,0.00,0.00
2015.11.23 14:34:51.213,10.71131,10.71411,0.00,0.00
2015.11.23 14:34:52.451,10.71131,10.7141,0.00,0.00
2015.11.23 14:34:52.767,10.71101,10.71362,0.00,0.00
2015.11.23 14:34:54.451,10.7111,10.71411,0.00,0.00
2015.11.23 14:34:54.502,10.71131,10.71411,0.00,0.00
2015.11.23 14:34:55.154,10.71122,10.71362,0.00,0.00
2015.11.23 14:34:55.489,10.71101,10.71362,0.00,0.00
2015.11.23 14:34:59.029,10.71132,10.71362,0.00,0.00
2015.11.23 14:34:59.079,10.71132,10.71411,0.00,0.00
2015.11.23 14:35:00.292,10.71132,10.71362,0.00,0.00
2015.11.23 14:35:00.343,10.71102,10.71362,0.00,0.00
2015.11.23 14:35:00.627,10.71102,10.7141,0.00,0.00
2015.11.23 14:35:00.728,10.71109,10.71412,0.00,0.00
2015.11.23 14:35:01.173,10.7114,10.71412,0.00,0.00
2015.11.23 14:35:01.497,10.71142,10.71412,0.00,0.00
2015.11.23 14:35:01.598,10.71142,10.71448,0.00,0.00
2015.11.23 14:35:01.649,10.7121,10.71461,0.00,0.00
2015.11.23 14:35:02.176,10.71209,10.71462,0.00,0.00
2015.11.23 14:35:03.355,10.71209,10.71511,0.00,0.00
2015.11.23 14:35:03.456,10.71192,10.71471,0.00,0.00
2015.11.23 14:35:03.507,10.71189,10.71471,0.00,0.00
2015.11.23 14:35:03.557,10.71189,10.71411,0.00,0.00
2015.11.23 14:35:03.608,10.71189,10.71461,0.00,0.00
2015.11.23 14:35:03.659,10.71189,10.71422,0.00,0.00
2015.11.23 14:35:03.910,10.71189,10.71461,0.00,0.00
2015.11.23 14:35:03.960,10.71142,10.71412,0.00,0.00
2015.11.23 14:35:04.083,10.71131,10.71412,0.00,0.00
2015.11.23 14:35:04.639,10.71139,10.71412,0.00,0.00
2015.11.23 14:35:04.942,10.71141,10.71412,0.00,0.00
2015.11.23 14:35:05.538,10.71152,10.71412,0.00,0.00
2015.11.23 14:35:05.589,10.71152,10.71461,0.00,0.00
2015.11.23 14:35:05.640,10.71141,10.71461,0.00,0.00
2015.11.23 14:35:05.690,10.71141,10.71412,0.00,0.00
2015.11.23 14:35:06.223,10.71159,10.71412,0.00,0.00
2015.11.23 14:35:06.787,10.7116,10.71412,0.00,0.00
2015.11.23 14:35:07.128,10.7117,10.71412,0.00,0.00
2015.11.23 14:35:07.229,10.71159,10.71412,0.00,0.00
2015.11.23 14:35:08.078,10.71151,10.71412,0.00,0.00
2015.11.23 14:35:08.135,10.71159,10.71412,0.00,0.00
2015.11.23 14:35:08.553,10.7117,10.71412,0.00,0.00
2015.11.23 14:35:09.139,10.71169,10.71412,0.00,0.00
2015.11.23 14:35:09.469,10.71232,10.71461,0.00,0.00
2015.11.23 14:35:09.519,10.71232,10.71511,0.00,0.00
2015.11.23 14:35:09.943,10.7124,10.71511,0.00,0.00
2015.11.23 14:35:10.143,10.71232,10.71511,0.00,0.00
2015.11.23 14:35:10.928,10.7124,10.71511,0.00,0.00
2015.11.23 14:35:11.256,10.71249,10.71511,0.00,0.00
2015.11.23 14:35:11.564,10.71241,10.71511,0.00,0.00
2015.11.23 14:35:12.497,10.71232,10.71511,0.00,0.00
2015.11.23 14:35:13.383,10.7124,10.71511,0.00,0.00
2015.11.23 14:35:14.296,10.71232,10.71511,0.00,0.00
2015.11.23 14:35:15.200,10.71239,10.71511,0.00,0.00
2015.11.23 14:35:15.796,10.71259,10.71511,0.00,0.00
2015.11.23 14:35:16.133,10.71359,10.71611,0.00,0.00
2015.11.23 14:35:16.368,10.71352,10.71611,0.00,0.00
2015.11.23 14:35:16.820,10.71339,10.71611,0.00,0.00
2015.11.23 14:35:16.872,10.71349,10.71611,0.00,0.00
2015.11.23 14:35:17.354,10.71359,10.71611,0.00,0.00
2015.11.23 14:35:17.506,10.71352,10.71611,0.00,0.00
2015.11.23 14:35:18.816,10.71351,10.71611,0.00,0.00
2015.11.23 14:35:19.002,10.7137,10.71611,0.00,0.00
2015.11.23 14:35:19.694,10.71369,10.71611,0.00,0.00
2015.11.23 14:35:20.193,10.71369,10.71661,0.00,0.00
2015.11.23 14:35:20.244,10.7141,10.71662,0.00,0.00
2015.11.23 14:35:20.640,10.7141,10.71612,0.00,0.00
2015.11.23 14:35:20.741,10.71351,10.71612,0.00,0.00
2015.11.23 14:35:22.313,10.7136,10.71612,0.00,0.00
2015.11.23 14:35:22.614,10.71351,10.71612,0.00,0.00
2015.11.23 14:35:23.164,10.7141,10.71661,0.00,0.00
2015.11.23 14:35:23.266,10.71409,10.71711,0.00,0.00
2015.11.23 14:35:23.317,10.71442,10.71711,0.00,0.00
2015.11.23 14:35:23.642,10.7143,10.71712,0.00,0.00
2015.11.23 14:35:23.939,10.71509,10.71739,0.00,0.00
2015.11.23 14:35:23.989,10.71509,10.71761,0.00,0.00
2015.11.23 14:35:24.040,10.71489,10.7176,0.00,0.00
2015.11.23 14:35:24.191,10.71441,10.71711,0.00,0.00
2015.11.23 14:35:24.635,10.71432,10.71711,0.00,0.00
2015.11.23 14:35:25.147,10.71449,10.71711,0.00,0.00
2015.11.23 14:35:25.742,10.71439,10.71711,0.00,0.00
2015.11.23 14:35:26.256,10.71449,10.71661,0.00,0.00
2015.11.23 14:35:26.357,10.71432,10.71661,0.00,0.00
2015.11.23 14:35:26.408,10.71389,10.71661,0.00,0.00
2015.11.23 14:35:26.459,10.7134,10.71612,0.00,0.00
2015.11.23 14:35:27.178,10.71339,10.71612,0.00,0.00
2015.11.23 14:35:27.721,10.7134,10.71612,0.00,0.00
2015.11.23 14:35:28.036,10.71389,10.71612,0.00,0.00
2015.11.23 14:35:28.558,10.71359,10.71561,0.00,0.00
2015.11.23 14:35:28.659,10.71339,10.71611,0.00,0.00
2015.11.23 14:35:28.760,10.7137,10.71611,0.00,0.00
2015.11.23 14:35:29.308,10.71369,10.71611,0.00,0.00
2015.11.23 14:35:29.856,10.7134,10.71611,0.00,0.00
2015.11.23 14:35:30.778,10.71339,10.71611,0.00,0.00
2015.11.23 14:35:31.167,10.71329,10.71611,0.00,0.00
2015.11.23 14:35:31.454,10.7129,10.71562,0.00,0.00
2015.11.23 14:35:32.156,10.71279,10.71562,0.00,0.00
2015.11.23 14:35:33.372,10.7128,10.71562,0.00,0.00
2015.11.23 14:35:34.411,10.71279,10.71562,0.00,0.00
2015.11.23 14:35:35.035,10.7128,10.71562,0.00,0.00
2015.11.23 14:35:35.676,10.71279,10.71562,0.00,0.00
2015.11.23 14:35:36.407,10.7128,10.71562,0.00,0.00
2015.11.23 14:35:37.990,10.71279,10.71562,0.00,0.00
2015.11.23 14:35:39.203,10.7128,10.71562,0.00,0.00
2015.11.23 14:35:39.327,10.71288,10.71601,0.00,0.00
2015.11.23 14:35:39.428,10.7131,10.71612,0.00,0.00
2015.11.23 14:35:40.020,10.71311,10.71612,0.00,0.00
2015.11.23 14:35:40.350,10.71349,10.71612,0.00,0.00
2015.11.23 14:35:41.305,10.7135,10.71612,0.00,0.00
2015.11.23 14:35:41.987,10.71349,10.71612,0.00,0.00
2015.11.23 14:35:42.109,10.71331,10.71612,0.00,0.00
2015.11.23 14:35:43.013,10.7132,10.71612,0.00,0.00
2015.11.23 14:35:43.515,10.71319,10.71612,0.00,0.00
2015.11.23 14:35:43.817,10.7134,10.71612,0.00,0.00
2015.11.23 14:35:44.349,10.7132,10.71612,0.00,0.00
2015.11.23 14:35:44.420,10.71349,10.71612,0.00,0.00
2015.11.23 14:35:44.521,10.7134,10.71612,0.00,0.00
2015.11.23 14:35:44.622,10.7135,10.71612,0.00,0.00
2015.11.23 14:35:45.124,10.71349,10.71612,0.00,0.00
2015.11.23 14:35:45.793,10.7135,10.71612,0.00,0.00
2015.11.23 14:35:46.134,10.7136,10.71612,0.00,0.00
2015.11.23 14:35:46.697,10.71359,10.71612,0.00,0.00
2015.11.23 14:35:47.243,10.7136,10.71612,0.00,0.00
2015.11.23 14:35:47.294,10.71379,10.71662,0.00,0.00
2015.11.23 14:35:47.345,10.7136,10.71662,0.00,0.00
2015.11.23 14:35:47.496,10.71362,10.71662,0.00,0.00
2015.11.23 14:35:47.839,10.7137,10.71662,0.00,0.00
2015.11.23 14:35:48.554,10.71362,10.71662,0.00,0.00
2015.11.23 14:35:50.692,10.71321,10.71612,0.00,0.00
2015.11.23 14:35:52.461,10.7135,10.71612,0.00,0.00
2015.11.23 14:35:52.763,10.71359,10.71612,0.00,0.00
2015.11.23 14:35:53.286,10.7136,10.71612,0.00,0.00
2015.11.23 14:35:53.834,10.71359,10.71612,0.00,0.00
2015.11.23 14:35:54.487,10.7136,10.71612,0.00,0.00
2015.11.23 14:35:54.755,10.71389,10.71661,0.00,0.00
2015.11.23 14:35:55.387,10.71389,10.71702,0.00,0.00
2015.11.23 14:35:55.488,10.71389,10.71711,0.00,0.00
2015.11.23 14:35:55.640,10.71381,10.71662,0.00,0.00
2015.11.23 14:35:55.842,10.71422,10.7171,0.00,0.00
2015.11.23 14:35:55.943,10.71391,10.71662,0.00,0.00
2015.11.23 14:35:58.148,10.71391,10.71711,0.00,0.00
2015.11.23 14:35:58.506,10.71392,10.71662,0.00,0.00
2015.11.23 14:35:59.828,10.7141,10.71712,0.00,0.00
2015.11.23 14:35:59.929,10.71421,10.71712,0.00,0.00
2015.11.23 14:36:00.231,10.71439,10.71712,0.00,0.00
2015.11.23 14:36:00.790,10.71421,10.71712,0.00,0.00
2015.11.23 14:36:01.228,10.7143,10.71712,0.00,0.00
2015.11.23 14:36:01.531,10.71489,10.71762,0.00,0.00
2015.11.23 14:36:01.842,10.7149,10.71812,0.00,0.00
2015.11.23 14:36:01.993,10.71491,10.71762,0.00,0.00
2015.11.23 14:36:02.205,10.71491,10.71811,0.00,0.00
2015.11.23 14:36:02.256,10.7151,10.71811,0.00,0.00
2015.11.23 14:36:02.754,10.71541,10.71812,0.00,0.00
2015.11.23 14:36:03.342,10.71541,10.71762,0.00,0.00
2015.11.23 14:36:03.443,10.7148,10.7176,0.00,0.00
2015.11.23 14:36:03.544,10.71491,10.71762,0.00,0.00
2015.11.23 14:36:03.885,10.71491,10.71801,0.00,0.00
2015.11.23 14:36:03.935,10.7154,10.71801,0.00,0.00
2015.11.23 14:36:03.986,10.7154,10.71812,0.00,0.00
2015.11.23 14:36:04.650,10.71539,10.71812,0.00,0.00
2015.11.23 14:36:05.305,10.7154,10.71812,0.00,0.00
2015.11.23 14:36:05.929,10.71539,10.71812,0.00,0.00
2015.11.23 14:36:06.415,10.71531,10.71812,0.00,0.00
2015.11.23 14:36:06.466,10.71531,10.71712,0.00,0.00
2015.11.23 14:36:06.617,10.715,10.7181,0.00,0.00
2015.11.23 14:36:06.825,10.71499,10.71761,0.00,0.00
2015.11.23 14:36:07.277,10.71491,10.71712,0.00,0.00
2015.11.23 14:36:07.330,10.71451,10.71712,0.00,0.00
2015.11.23 14:36:08.258,10.7148,10.71762,0.00,0.00
2015.11.23 14:36:08.627,10.71531,10.7181,0.00,0.00
2015.11.23 14:36:08.961,10.71549,10.71812,0.00,0.00
2015.11.23 14:36:09.302,10.71531,10.71812,0.00,0.00
2015.11.23 14:36:11.326,10.71552,10.71812,0.00,0.00
2015.11.23 14:36:11.656,10.71559,10.71812,0.00,0.00
2015.11.23 14:36:11.978,10.71569,10.71812,0.00,0.00
2015.11.23 14:36:12.311,10.7161,10.71812,0.00,0.00
2015.11.23 14:36:12.593,10.71601,10.71862,0.00,0.00
2015.11.23 14:36:13.185,10.71609,10.71862,0.00,0.00
2015.11.23 14:36:13.236,10.71631,10.71912,0.00,0.00
2015.11.23 14:36:13.543,10.71631,10.71902,0.00,0.00
2015.11.23 14:36:13.896,10.71602,10.71862,0.00,0.00
2015.11.23 14:36:14.086,10.71602,10.7191,0.00,0.00
2015.11.23 14:36:14.137,10.71621,10.7191,0.00,0.00
2015.11.23 14:36:14.189,10.71621,10.71912,0.00,0.00
2015.11.23 14:36:14.239,10.71632,10.71912,0.00,0.00
2015.11.23 14:36:14.949,10.71641,10.71912,0.00,0.00
2015.11.23 14:36:15.394,10.71639,10.71912,0.00,0.00
2015.11.23 14:36:15.495,10.71632,10.71912,0.00,0.00
2015.11.23 14:36:17.421,10.71659,10.71912,0.00,0.00
2015.11.23 14:36:18.054,10.7166,10.71912,0.00,0.00
2015.11.23 14:36:18.818,10.71679,10.71911,0.00,0.00
2015.11.23 14:36:18.869,10.71669,10.71911,0.00,0.00
2015.11.23 14:36:18.970,10.71652,10.71911,0.00,0.00
2015.11.23 14:36:19.475,10.71651,10.71911,0.00,0.00
2015.11.23 14:36:21.638,10.71689,10.71911,0.00,0.00
2015.11.23 14:36:21.931,10.71669,10.71911,0.00,0.00
2015.11.23 14:36:22.520,10.7167,10.71911,0.00,0.00
2015.11.23 14:36:23.021,10.71669,10.71911,0.00,0.00
2015.11.23 14:36:23.523,10.7167,10.71911,0.00,0.00
2015.11.23 14:36:24.125,10.71669,10.71911,0.00,0.00
2015.11.23 14:36:24.458,10.71689,10.71991,0.00,0.00
2015.11.23 14:36:24.559,10.7168,10.71912,0.00,0.00
2015.11.23 14:36:24.677,10.71659,10.71912,0.00,0.00
2015.11.23 14:36:25.084,10.71651,10.71912,0.00,0.00
2015.11.23 14:36:26.687,10.71501,10.71761,0.00,0.00
2015.11.23 14:36:27.194,10.71492,10.71761,0.00,0.00
2015.11.23 14:36:28.063,10.71492,10.71711,0.00,0.00
2015.11.23 14:36:28.319,10.71491,10.71761,0.00,0.00
2015.11.23 14:36:28.888,10.71501,10.71761,0.00,0.00
2015.11.23 14:36:29.494,10.71501,10.71711,0.00,0.00
2015.11.23 14:36:29.544,10.71472,10.71711,0.00,0.00
2015.11.23 14:36:29.595,10.71452,10.71711,0.00,0.00
2015.11.23 14:36:29.828,10.71452,10.7176,0.00,0.00
2015.11.23 14:36:30.215,10.71531,10.71811,0.00,0.00
2015.11.23 14:36:30.417,10.7155,10.71811,0.00,0.00
2015.11.23 14:36:30.626,10.71452,10.7176,0.00,0.00
2015.11.23 14:36:30.727,10.71452,10.71712,0.00,0.00
2015.11.23 14:36:31.325,10.71451,10.71712,0.00,0.00
2015.11.23 14:36:32.537,10.71502,10.71712,0.00,0.00
2015.11.23 14:36:32.587,10.71502,10.71762,0.00,0.00
2015.11.23 14:36:33.114,10.71502,10.71811,0.00,0.00
2015.11.23 14:36:33.215,10.71532,10.71812,0.00,0.00
2015.11.23 14:36:33.467,10.71579,10.7189,0.00,0.00
2015.11.23 14:36:33.567,10.71629,10.71892,0.00,0.00
2015.11.23 14:36:34.079,10.71629,10.71898,0.00,0.00
2015.11.23 14:36:34.132,10.71629,10.71931,0.00,0.00
2015.11.23 14:36:34.857,10.71629,10.71912,0.00,0.00
2015.11.23 14:36:34.980,10.71629,10.71932,0.00,0.00
2015.11.23 14:36:35.341,10.71579,10.71851,0.00,0.00
2015.11.23 14:36:35.589,10.71579,10.7188,0.00,0.00
2015.11.23 14:36:35.690,10.71579,10.71862,0.00,0.00
2015.11.23 14:36:35.996,10.71628,10.71889,0.00,0.00
2015.11.23 14:36:36.564,10.71628,10.71922,0.00,0.00
2015.11.23 14:36:37.462,10.71628,10.71902,0.00,0.00
2015.11.23 14:36:37.563,10.71628,10.71922,0.00,0.00
2015.11.23 14:36:37.761,10.71591,10.71902,0.00,0.00
2015.11.23 14:36:38.120,10.71628,10.71941,0.00,0.00
2015.11.23 14:36:38.778,10.71628,10.71888,0.00,0.00
2015.11.23 14:36:38.879,10.71579,10.71888,0.00,0.00
2015.11.23 14:36:38.980,10.71579,10.71882,0.00,0.00
2015.11.23 14:36:39.388,10.71579,10.71852,0.00,0.00
2015.11.23 14:36:39.438,10.71579,10.71888,0.00,0.00
2015.11.23 14:36:39.489,10.71579,10.7188,0.00,0.00
2015.11.23 14:36:39.821,10.71628,10.71852,0.00,0.00
2015.11.23 14:36:39.871,10.71628,10.71872,0.00,0.00
2015.11.23 14:36:39.972,10.71628,10.71888,0.00,0.00
2015.11.23 14:36:40.174,10.71628,10.71922,0.00,0.00
2015.11.23 14:36:40.627,10.71628,10.71912,0.00,0.00
2015.11.23 14:36:40.956,10.71628,10.71942,0.00,0.00
2015.11.23 14:36:41.071,10.71628,10.71902,0.00,0.00
2015.11.23 14:36:41.290,10.71628,10.71941,0.00,0.00
2015.11.23 14:36:41.391,10.71628,10.71922,0.00,0.00
2015.11.23 14:36:42.065,10.71628,10.71931,0.00,0.00
2015.11.23 14:36:42.117,10.71628,10.71921,0.00,0.00
2015.11.23 14:36:42.425,10.71628,10.71902,0.00,0.00
2015.11.23 14:36:42.574,10.71628,10.71921,0.00,0.00
2015.11.23 14:36:43.221,10.71679,10.7196,0.00,0.00
2015.11.23 14:36:43.271,10.71631,10.71952,0.00,0.00
2015.11.23 14:36:43.322,10.71628,10.71942,0.00,0.00
2015.11.23 14:36:43.627,10.71679,10.71989,0.00,0.00
2015.11.23 14:36:43.967,10.71679,10.71981,0.00,0.00
2015.11.23 14:36:44.118,10.71679,10.71989,0.00,0.00
2015.11.23 14:36:45.267,10.71679,10.71981,0.00,0.00
2015.11.23 14:36:45.481,10.71679,10.71989,0.00,0.00
2015.11.23 14:36:45.582,10.71679,10.71961,0.00,0.00
2015.11.23 14:36:45.835,10.71679,10.71989,0.00,0.00
2015.11.23 14:36:45.885,10.71679,10.71971,0.00,0.00
2015.11.23 14:36:46.199,10.71679,10.71951,0.00,0.00
2015.11.23 14:36:46.544,10.71679,10.71942,0.00,0.00
2015.11.23 14:36:46.712,10.71679,10.71962,0.00,0.00
2015.11.23 14:36:46.981,10.71679,10.71969,0.00,0.00
2015.11.23 14:36:47.042,10.71679,10.71941,0.00,0.00
2015.11.23 14:36:47.356,10.71679,10.71931,0.00,0.00
2015.11.23 14:36:48.259,10.71679,10.71969,0.00,0.00
2015.11.23 14:36:48.310,10.71679,10.71941,0.00,0.00
2015.11.23 14:36:48.512,10.71679,10.71969,0.00,0.00
2015.11.23 14:36:49.194,10.71679,10.71962,0.00,0.00
2015.11.23 14:36:49.676,10.71652,10.71928,0.00,0.00
2015.11.23 14:36:49.728,10.71628,10.71921,0.00,0.00
2015.11.23 14:36:49.830,10.71628,10.71912,0.00,0.00
2015.11.23 14:36:50.301,10.71628,10.71902,0.00,0.00
2015.11.23 14:36:50.402,10.71628,10.71911,0.00,0.00
2015.11.23 14:36:52.160,10.71628,10.71912,0.00,0.00
2015.11.23 14:36:52.211,10.71628,10.71902,0.00,0.00
2015.11.23 14:36:52.296,10.71628,10.71922,0.00,0.00
2015.11.23 14:36:52.365,10.71601,10.71901,0.00,0.00
2015.11.23 14:36:52.416,10.7158,10.71869,0.00,0.00
2015.11.23 14:36:53.372,10.71579,10.71869,0.00,0.00
2015.11.23 14:36:53.680,10.71531,10.71821,0.00,0.00
2015.11.23 14:36:54.046,10.71528,10.71812,0.00,0.00
2015.11.23 14:36:54.383,10.71528,10.71801,0.00,0.00
2015.11.23 14:36:54.434,10.71528,10.71812,0.00,0.00
2015.11.23 14:36:57.344,10.71528,10.71768,0.00,0.00
2015.11.23 14:36:57.445,10.71492,10.71768,0.00,0.00
2015.11.23 14:36:57.496,10.71478,10.71768,0.00,0.00
2015.11.23 14:36:58.550,10.71528,10.71768,0.00,0.00
2015.11.23 14:36:58.651,10.71479,10.71762,0.00,0.00
2015.11.23 14:36:58.752,10.71479,10.71768,0.00,0.00
2015.11.23 14:36:59.815,10.71479,10.71762,0.00,0.00
2015.11.23 14:37:00.061,10.71479,10.71768,0.00,0.00
2015.11.23 14:37:03.520,10.71528,10.71829,0.00,0.00
2015.11.23 14:37:03.671,10.71531,10.71829,0.00,0.00
2015.11.23 14:37:04.069,10.71578,10.71829,0.00,0.00
2015.11.23 14:37:04.924,10.71578,10.71869,0.00,0.00
2015.11.23 14:37:05.046,10.71531,10.71841,0.00,0.00
2015.11.23 14:37:05.147,10.71528,10.71812,0.00,0.00
2015.11.23 14:37:05.656,10.71528,10.71802,0.00,0.00
2015.11.23 14:37:05.757,10.71528,10.71812,0.00,0.00
2015.11.23 14:37:06.360,10.71528,10.71802,0.00,0.00
2015.11.23 14:37:06.461,10.71528,10.71828,0.00,0.00
2015.11.23 14:37:07.226,10.71528,10.71821,0.00,0.00
2015.11.23 14:37:09.643,10.71528,10.71828,0.00,0.00
2015.11.23 14:37:14.171,10.71528,10.71822,0.00,0.00
2015.11.23 14:37:14.843,10.71528,10.71812,0.00,0.00
2015.11.23 14:37:15.186,10.71428,10.71712,0.00,0.00
2015.11.23 14:37:15.348,10.71428,10.71731,0.00,0.00
2015.11.23 14:37:15.499,10.71391,10.71702,0.00,0.00
2015.11.23 14:37:15.845,10.71428,10.71722,0.00,0.00
2015.11.23 14:37:16.243,10.71428,10.7173,0.00,0.00
2015.11.23 14:37:16.364,10.71428,10.71728,0.00,0.00
2015.11.23 14:37:17.369,10.71428,10.71711,0.00,0.00
2015.11.23 14:37:17.572,10.71428,10.71728,0.00,0.00
2015.11.23 14:37:19.391,10.71428,10.71712,0.00,0.00
2015.11.23 14:37:19.493,10.71428,10.71728,0.00,0.00
2015.11.23 14:37:20.401,10.71428,10.71712,0.00,0.00
2015.11.23 14:37:20.452,10.71428,10.71728,0.00,0.00
2015.11.23 14:37:22.221,10.71392,10.71669,0.00,0.00
2015.11.23 14:37:22.271,10.71378,10.71669,0.00,0.00
2015.11.23 14:37:22.871,10.71378,10.716,0.00,0.00
2015.11.23 14:37:22.923,10.71278,10.71568,0.00,0.00
2015.11.23 14:37:23.611,10.71329,10.71568,0.00,0.00
2015.11.23 14:37:23.662,10.71329,10.71641,0.00,0.00
2015.11.23 14:37:23.764,10.71329,10.71651,0.00,0.00
2015.11.23 14:37:23.815,10.71329,10.71631,0.00,0.00
2015.11.23 14:37:24.361,10.71329,10.7163,0.00,0.00
2015.11.23 14:37:24.862,10.71329,10.71631,0.00,0.00
2015.11.23 14:37:25.182,10.71329,10.71629,0.00,0.00
2015.11.23 14:37:25.814,10.71292,10.716,0.00,0.00
2015.11.23 14:37:25.865,10.71292,10.71592,0.00,0.00
2015.11.23 14:37:26.115,10.71279,10.71591,0.00,0.00
2015.11.23 14:37:26.374,10.71279,10.71569,0.00,0.00
2015.11.23 14:37:27.276,10.71328,10.71569,0.00,0.00
2015.11.23 14:37:27.981,10.71328,10.71629,0.00,0.00
2015.11.23 14:37:29.352,10.71379,10.71648,0.00,0.00
2015.11.23 14:37:29.403,10.71379,10.71661,0.00,0.00
2015.11.23 14:37:29.454,10.71328,10.71652,0.00,0.00
2015.11.23 14:37:29.504,10.71328,10.71649,0.00,0.00
2015.11.23 14:37:29.825,10.71278,10.71591,0.00,0.00
2015.11.23 14:37:30.128,10.71329,10.71641,0.00,0.00
2015.11.23 14:37:30.694,10.71329,10.7164,0.00,0.00
2015.11.23 14:37:31.017,10.71329,10.71629,0.00,0.00
2015.11.23 14:37:31.224,10.71292,10.71602,0.00,0.00
2015.11.23 14:37:31.325,10.71278,10.71602,0.00,0.00
2015.11.23 14:37:31.911,10.71278,10.71599,0.00,0.00
2015.11.23 14:37:32.230,10.71278,10.71569,0.00,0.00
2015.11.23 14:37:33.165,10.71341,10.71611,0.00,0.00
2015.11.23 14:37:33.217,10.71379,10.71669,0.00,0.00
2015.11.23 14:37:33.482,10.71379,10.71661,0.00,0.00
2015.11.23 14:37:33.917,10.71379,10.71669,0.00,0.00
2015.11.23 14:37:37.785,10.71428,10.71708,0.00,0.00
2015.11.23 14:37:37.886,10.71428,10.71729,0.00,0.00
2015.11.23 14:37:39.121,10.71479,10.71769,0.00,0.00
2015.11.23 14:37:39.593,10.71479,10.71762,0.00,0.00
2015.11.23 14:37:39.834,10.71479,10.71769,0.00,0.00
2015.11.23 14:37:40.145,10.71452,10.71701,0.00,0.00
2015.11.23 14:37:40.195,10.7139,10.71669,0.00,0.00
2015.11.23 14:37:40.717,10.71389,10.71669,0.00,0.00
2015.11.23 14:37:41.344,10.7139,10.71669,0.00,0.00
2015.11.23 14:37:41.544,10.71379,10.71669,0.00,0.00
2015.11.23 14:37:43.164,10.7143,10.71669,0.00,0.00
2015.11.23 14:37:43.265,10.71478,10.71731,0.00,0.00
2015.11.23 14:37:43.316,10.71478,10.71761,0.00,0.00
2015.11.23 14:37:43.367,10.71478,10.71769,0.00,0.00
2015.11.23 14:37:43.499,10.71478,10.71751,0.00,0.00
2015.11.23 14:37:43.808,10.71478,10.71769,0.00,0.00
2015.11.23 14:37:43.909,10.71478,10.71761,0.00,0.00
2015.11.23 14:37:44.817,10.71478,10.71769,0.00,0.00
2015.11.23 14:37:44.902,10.71478,10.71762,0.00,0.00
2015.11.23 14:37:44.952,10.71429,10.71752,0.00,0.00
2015.11.23 14:37:45.003,10.71429,10.71742,0.00,0.00
2015.11.23 14:37:45.463,10.71428,10.71721,0.00,0.00
2015.11.23 14:37:45.760,10.71428,10.71729,0.00,0.00
2015.11.23 14:37:50.132,10.71401,10.71701,0.00,0.00
2015.11.23 14:37:50.549,10.71379,10.71668,0.00,0.00
2015.11.23 14:37:51.640,10.71379,10.71662,0.00,0.00
2015.11.23 14:37:51.842,10.71379,10.71668,0.00,0.00
2015.11.23 14:37:54.202,10.71348,10.71651,0.00,0.00
2015.11.23 14:37:54.253,10.71331,10.71651,0.00,0.00
2015.11.23 14:37:54.404,10.71331,10.71611,0.00,0.00
2015.11.23 14:37:54.747,10.71309,10.71562,0.00,0.00
2015.11.23 14:37:55.652,10.71338,10.71562,0.00,0.00
2015.11.23 14:37:55.703,10.71342,10.71611,0.00,0.00
2015.11.23 14:37:55.754,10.71368,10.71611,0.00,0.00
2015.11.23 14:37:56.105,10.71408,10.71611,0.00,0.00
2015.11.23 14:37:56.462,10.71342,10.71611,0.00,0.00
2015.11.23 14:37:56.906,10.71348,10.71611,0.00,0.00
2015.11.23 14:37:57.817,10.7135,10.71611,0.00,0.00
2015.11.23 14:37:57.917,10.71348,10.71611,0.00,0.00
2015.11.23 14:37:57.968,10.71408,10.71611,0.00,0.00
2015.11.23 14:37:58.326,10.71348,10.71611,0.00,0.00
2015.11.23 14:37:58.722,10.71342,10.71611,0.00,0.00
2015.11.23 14:37:59.080,10.71398,10.71611,0.00,0.00
2015.11.23 14:37:59.137,10.71342,10.71611,0.00,0.00
2015.11.23 14:38:00.532,10.7135,10.71611,0.00,0.00
2015.11.23 14:38:00.633,10.71341,10.71611,0.00,0.00
2015.11.23 14:38:01.184,10.71391,10.71662,0.00,0.00
2015.11.23 14:38:02.048,10.71402,10.71662,0.00,0.00
2015.11.23 14:38:04.471,10.71352,10.71662,0.00,0.00
2015.11.23 14:38:04.573,10.71359,10.71612,0.00,0.00
2015.11.23 14:38:04.675,10.71401,10.71661,0.00,0.00
2015.11.23 14:38:05.512,10.71401,10.71669,0.00,0.00
2015.11.23 14:38:05.563,10.71409,10.71669,0.00,0.00
2015.11.23 14:38:05.839,10.71432,10.71712,0.00,0.00
2015.11.23 14:38:05.991,10.71479,10.71762,0.00,0.00
2015.11.23 14:38:06.042,10.71491,10.71762,0.00,0.00
2015.11.23 14:38:07.602,10.71491,10.7181,0.00,0.00
2015.11.23 14:38:07.653,10.71512,10.7181,0.00,0.00
2015.11.23 14:38:08.107,10.71522,10.71811,0.00,0.00
2015.11.23 14:38:08.658,10.71531,10.71811,0.00,0.00
2015.11.23 14:38:09.234,10.71551,10.71811,0.00,0.00
2015.11.23 14:38:10.645,10.7161,10.71862,0.00,0.00
2015.11.23 14:38:11.169,10.71629,10.71912,0.00,0.00
2015.11.23 14:38:11.220,10.71641,10.71912,0.00,0.00
2015.11.23 14:38:12.827,10.71632,10.71912,0.00,0.00
2015.11.23 14:38:13.243,10.71632,10.71862,0.00,0.00
2015.11.23 14:38:13.294,10.7161,10.71862,0.00,0.00
2015.11.23 14:38:13.831,10.71609,10.71862,0.00,0.00
2015.11.23 14:38:15.051,10.7161,10.71862,0.00,0.00
2015.11.23 14:38:15.672,10.71609,10.71862,0.00,0.00
2015.11.23 14:38:16.594,10.71628,10.71862,0.00,0.00
2015.11.23 14:38:16.713,10.71602,10.71862,0.00,0.00
2015.11.23 14:38:20.362,10.71602,10.71812,0.00,0.00
2015.11.23 14:38:20.900,10.71569,10.71812,0.00,0.00
2015.11.23 14:38:21.342,10.71559,10.71812,0.00,0.00
2015.11.23 14:38:21.848,10.7156,10.71812,0.00,0.00
2015.11.23 14:38:22.414,10.71559,10.71812,0.00,0.00
2015.11.23 14:38:23.152,10.7156,10.71812,0.00,0.00
2015.11.23 14:38:23.660,10.71559,10.71812,0.00,0.00
2015.11.23 14:38:23.767,10.7157,10.71812,0.00,0.00
2015.11.23 14:38:24.369,10.71569,10.71812,0.00,0.00
2015.11.23 14:38:26.148,10.7157,10.71812,0.00,0.00
2015.11.23 14:38:27.404,10.7157,10.7186,0.00,0.00
2015.11.23 14:38:27.455,10.71602,10.7186,0.00,0.00
2015.11.23 14:38:28.135,10.71602,10.71861,0.00,0.00
2015.11.23 14:38:28.313,10.71629,10.71911,0.00,0.00
2015.11.23 14:38:28.465,10.71631,10.71911,0.00,0.00
2015.11.23 14:38:29.620,10.7167,10.71912,0.00,0.00
2015.11.23 14:38:30.232,10.71669,10.71912,0.00,0.00
2015.11.23 14:38:30.333,10.71659,10.71912,0.00,0.00
2015.11.23 14:38:30.485,10.7164,10.71912,0.00,0.00
2015.11.23 14:38:30.794,10.7167,10.71912,0.00,0.00
2015.11.23 14:38:31.147,10.71679,10.71912,0.00,0.00
2015.11.23 14:38:31.346,10.71659,10.71912,0.00,0.00
2015.11.23 14:38:31.447,10.71659,10.71961,0.00,0.00
2015.11.23 14:38:31.598,10.71659,10.71912,0.00,0.00
2015.11.23 14:38:32.150,10.7166,10.71912,0.00,0.00
2015.11.23 14:38:32.741,10.71659,10.71912,0.00,0.00
2015.11.23 14:38:33.070,10.71651,10.71912,0.00,0.00
2015.11.23 14:38:33.222,10.71632,10.71912,0.00,0.00
2015.11.23 14:38:34.182,10.71649,10.71912,0.00,0.00
2015.11.23 14:38:34.551,10.71688,10.71961,0.00,0.00
2015.11.23 14:38:34.652,10.71722,10.71961,0.00,0.00
2015.11.23 14:38:34.703,10.71722,10.72012,0.00,0.00
2015.11.23 14:38:34.760,10.71722,10.71992,0.00,0.00
2015.11.23 14:38:34.911,10.7167,10.7196,0.00,0.00
2015.11.23 14:38:35.380,10.71669,10.71911,0.00,0.00
2015.11.23 14:38:35.496,10.7166,10.71911,0.00,0.00
2015.11.23 14:38:35.812,10.71642,10.71911,0.00,0.00
2015.11.23 14:38:35.863,10.71632,10.71911,0.00,0.00
2015.11.23 14:38:36.898,10.71651,10.71911,0.00,0.00
2015.11.23 14:38:37.265,10.7168,10.71911,0.00,0.00
2015.11.23 14:38:38.021,10.71679,10.71911,0.00,0.00
2015.11.23 14:38:38.607,10.717,10.71911,0.00,0.00
2015.11.23 14:38:39.427,10.71699,10.71911,0.00,0.00
2015.11.23 14:38:39.528,10.717,10.7196,0.00,0.00
2015.11.23 14:38:39.846,10.71692,10.71962,0.00,0.00
2015.11.23 14:38:40.577,10.71692,10.71961,0.00,0.00
2015.11.23 14:38:40.833,10.71719,10.72012,0.00,0.00
2015.11.23 14:38:40.884,10.71732,10.72012,0.00,0.00
2015.11.23 14:38:41.537,10.71719,10.72012,0.00,0.00
2015.11.23 14:38:41.818,10.71731,10.72012,0.00,0.00
2015.11.23 14:38:42.588,10.71721,10.72012,0.00,0.00
2015.11.23 14:38:42.740,10.71721,10.71962,0.00,0.00
2015.11.23 14:38:42.791,10.71679,10.71962,0.00,0.00
2015.11.23 14:38:42.841,10.7168,10.7196,0.00,0.00
2015.11.23 14:38:43.222,10.7166,10.71912,0.00,0.00
2015.11.23 14:38:43.910,10.71649,10.71912,0.00,0.00
2015.11.23 14:38:45.483,10.7165,10.71912,0.00,0.00
2015.11.23 14:38:45.685,10.71689,10.71912,0.00,0.00
2015.11.23 14:38:46.090,10.717,10.71912,0.00,0.00
2015.11.23 14:38:46.898,10.71689,10.71912,0.00,0.00
2015.11.23 14:38:47.101,10.71669,10.71912,0.00,0.00
2015.11.23 14:38:47.202,10.71649,10.71912,0.00,0.00
2015.11.23 14:38:47.881,10.71641,10.71912,0.00,0.00
2015.11.23 14:38:48.081,10.71639,10.71912,0.00,0.00
2015.11.23 14:38:48.571,10.71639,10.71812,0.00,0.00
2015.11.23 14:38:48.621,10.71551,10.71812,0.00,0.00
2015.11.23 14:38:48.672,10.71551,10.71861,0.00,0.00
2015.11.23 14:38:48.723,10.71592,10.71861,0.00,0.00
2015.11.23 14:38:48.984,10.71551,10.71861,0.00,0.00
2015.11.23 14:38:49.034,10.71551,10.71842,0.00,0.00
2015.11.23 14:38:49.337,10.71551,10.71812,0.00,0.00
2015.11.23 14:38:49.584,10.71531,10.71812,0.00,0.00
2015.11.23 14:38:50.692,10.71521,10.71812,0.00,0.00
2015.11.23 14:38:51.502,10.71538,10.71842,0.00,0.00
2015.11.23 14:38:51.552,10.71592,10.7186,0.00,0.00
2015.11.23 14:38:51.906,10.71621,10.71911,0.00,0.00
2015.11.23 14:38:52.951,10.71621,10.71862,0.00,0.00
2015.11.23 14:38:53.274,10.71591,10.71862,0.00,0.00
2015.11.23 14:38:55.187,10.71579,10.71862,0.00,0.00
2015.11.23 14:38:55.238,10.71552,10.71812,0.00,0.00
2015.11.23 14:38:55.819,10.71559,10.71812,0.00,0.00
2015.11.23 14:38:56.322,10.7156,10.71812,0.00,0.00
2015.11.23 14:38:56.660,10.71552,10.71812,0.00,0.00
2015.11.23 14:38:56.710,10.71552,10.71762,0.00,0.00
2015.11.23 14:38:56.761,10.71519,10.71762,0.00,0.00
2015.11.23 14:38:56.919,10.71491,10.71761,0.00,0.00
2015.11.23 14:38:57.923,10.71469,10.71761,0.00,0.00
2015.11.23 14:38:58.024,10.71459,10.71711,0.00,0.00
2015.11.23 14:38:58.325,10.71459,10.71761,0.00,0.00
2015.11.23 14:38:58.376,10.71492,10.71762,0.00,0.00
2015.11.23 14:38:58.980,10.71492,10.71711,0.00,0.00
2015.11.23 14:38:59.030,10.71469,10.71711,0.00,0.00
2015.11.23 14:38:59.081,10.7145,10.71711,0.00,0.00
2015.11.23 14:38:59.584,10.71449,10.71711,0.00,0.00
2015.11.23 14:38:59.836,10.71439,10.71711,0.00,0.00
2015.11.23 14:39:00.339,10.7144,10.71711,0.00,0.00
2015.11.23 14:39:00.957,10.71439,10.71711,0.00,0.00
2015.11.23 14:39:01.520,10.71459,10.71711,0.00,0.00
2015.11.23 14:39:01.571,10.71451,10.71761,0.00,0.00
2015.11.23 14:39:01.621,10.71451,10.71712,0.00,0.00
2015.11.23 14:39:02.015,10.7149,10.71712,0.00,0.00
2015.11.23 14:39:02.402,10.71489,10.71761,0.00,0.00
2015.11.23 14:39:02.928,10.71491,10.71761,0.00,0.00
2015.11.23 14:39:02.992,10.71431,10.71711,0.00,0.00
2015.11.23 14:39:03.307,10.71449,10.71711,0.00,0.00
2015.11.23 14:39:03.509,10.71451,10.7176,0.00,0.00
2015.11.23 14:39:03.560,10.71491,10.71761,0.00,0.00
2015.11.23 14:39:04.150,10.71521,10.71812,0.00,0.00
2015.11.23 14:39:04.401,10.71521,10.71761,0.00,0.00
2015.11.23 14:39:04.452,10.71491,10.71761,0.00,0.00
2015.11.23 14:39:04.613,10.71491,10.71812,0.00,0.00
2015.11.23 14:39:04.664,10.71522,10.71812,0.00,0.00
2015.11.23 14:39:05.323,10.71458,10.7176,0.00,0.00
2015.11.23 14:39:05.425,10.71451,10.71761,0.00,0.00
2015.11.23 14:39:05.476,10.71451,10.71711,0.00,0.00
2015.11.23 14:39:06.303,10.71441,10.71711,0.00,0.00
2015.11.23 14:39:06.902,10.7145,10.71761,0.00,0.00
2015.11.23 14:39:06.953,10.71492,10.71761,0.00,0.00
2015.11.23 14:39:09.204,10.71519,10.71812,0.00,0.00
2015.11.23 14:39:09.254,10.71521,10.71812,0.00,0.00
2015.11.23 14:39:11.156,10.7158,10.71812,0.00,0.00
2015.11.23 14:39:11.605,10.71559,10.71812,0.00,0.00
2015.11.23 14:39:11.713,10.71529,10.71812,0.00,0.00
2015.11.23 14:39:11.793,10.7154,10.71812,0.00,0.00
2015.11.23 14:39:12.343,10.71539,10.71812,0.00,0.00
2015.11.23 14:39:12.721,10.71539,10.71762,0.00,0.00
2015.11.23 14:39:12.822,10.71521,10.71762,0.00,0.00
2015.11.23 14:39:12.873,10.71531,10.71762,0.00,0.00
2015.11.23 14:39:12.974,10.7154,10.71812,0.00,0.00
2015.11.23 14:39:13.025,10.71559,10.71812,0.00,0.00
2015.11.23 14:39:13.555,10.7156,10.71812,0.00,0.00
2015.11.23 14:39:13.940,10.71539,10.71812,0.00,0.00
2015.11.23 14:39:14.557,10.7154,10.71812,0.00,0.00
2015.11.23 14:39:15.146,10.71539,10.71812,0.00,0.00
2015.11.23 14:39:15.246,10.71531,10.71812,0.00,0.00
2015.11.23 14:39:15.370,10.71531,10.71762,0.00,0.00
2015.11.23 14:39:15.421,10.71501,10.71762,0.00,0.00
2015.11.23 14:39:17.064,10.71531,10.71762,0.00,0.00
2015.11.23 14:39:17.215,10.71509,10.71762,0.00,0.00
2015.11.23 14:39:18.452,10.7152,10.71812,0.00,0.00
2015.11.23 14:39:18.503,10.71532,10.71812,0.00,0.00
2015.11.23 14:39:18.704,10.71529,10.71812,0.00,0.00
2015.11.23 14:39:18.755,10.71522,10.71812,0.00,0.00
2015.11.23 14:39:19.468,10.71509,10.71762,0.00,0.00
2015.11.23 14:39:20.697,10.7151,10.71762,0.00,0.00
2015.11.23 14:39:20.888,10.71509,10.71811,0.00,0.00
2015.11.23 14:39:20.939,10.71519,10.71812,0.00,0.00
2015.11.23 14:39:21.242,10.71501,10.71761,0.00,0.00
2015.11.23 14:39:21.910,10.7154,10.71812,0.00,0.00
2015.11.23 14:39:22.510,10.71539,10.71812,0.00,0.00
2015.11.23 14:39:22.561,10.71549,10.71812,0.00,0.00
2015.11.23 14:39:23.351,10.71559,10.71812,0.00,0.00
2015.11.23 14:39:23.499,10.7154,10.71812,0.00,0.00
2015.11.23 14:39:23.801,10.71532,10.71812,0.00,0.00
2015.11.23 14:39:23.851,10.71532,10.71761,0.00,0.00
2015.11.23 14:39:24.003,10.7151,10.71761,0.00,0.00
2015.11.23 14:39:24.539,10.71509,10.71761,0.00,0.00
2015.11.23 14:39:25.043,10.71509,10.71811,0.00,0.00
2015.11.23 14:39:25.094,10.71531,10.71811,0.00,0.00
2015.11.23 14:39:25.647,10.7151,10.71761,0.00,0.00
2015.11.23 14:39:26.194,10.71509,10.71761,0.00,0.00
2015.11.23 14:39:26.412,10.71502,10.71761,0.00,0.00
2015.11.23 14:39:26.607,10.71519,10.71811,0.00,0.00
2015.11.23 14:39:27.107,10.71539,10.71811,0.00,0.00
2015.11.23 14:39:27.711,10.71531,10.71762,0.00,0.00
2015.11.23 14:39:27.762,10.71501,10.71762,0.00,0.00
2015.11.23 14:39:28.452,10.71501,10.71712,0.00,0.00
2015.11.23 14:39:28.705,10.71531,10.71812,0.00,0.00
2015.11.23 14:39:28.964,10.71552,10.71812,0.00,0.00
2015.11.23 14:39:29.511,10.71531,10.71812,0.00,0.00
2015.11.23 14:39:29.701,10.71531,10.71762,0.00,0.00
2015.11.23 14:39:29.751,10.71502,10.71762,0.00,0.00
2015.11.23 14:39:30.296,10.71502,10.71761,0.00,0.00
2015.11.23 14:39:30.346,10.71502,10.71712,0.00,0.00
2015.11.23 14:39:30.397,10.71459,10.71712,0.00,0.00
2015.11.23 14:39:30.902,10.7146,10.71712,0.00,0.00
2015.11.23 14:39:31.120,10.71519,10.71761,0.00,0.00
2015.11.23 14:39:31.329,10.71531,10.71812,0.00,0.00
2015.11.23 14:39:32.167,10.71521,10.71812,0.00,0.00
2015.11.23 14:39:32.301,10.71521,10.71762,0.00,0.00
2015.11.23 14:39:32.462,10.71502,10.71762,0.00,0.00
2015.11.23 14:39:32.775,10.71502,10.71712,0.00,0.00
2015.11.23 14:39:32.826,10.71442,10.71712,0.00,0.00
2015.11.23 14:39:35.148,10.71452,10.71712,0.00,0.00
2015.11.23 14:39:35.862,10.71451,10.71712,0.00,0.00
2015.11.23 14:39:36.195,10.71491,10.71761,0.00,0.00
2015.11.23 14:39:36.605,10.71491,10.71712,0.00,0.00
2015.11.23 14:39:36.656,10.71469,10.71712,0.00,0.00
2015.11.23 14:39:37.124,10.71431,10.71712,0.00,0.00
2015.11.23 14:39:38.722,10.71451,10.71712,0.00,0.00
2015.11.23 14:39:39.974,10.7147,10.71712,0.00,0.00
2015.11.23 14:39:40.328,10.7146,10.71712,0.00,0.00
2015.11.23 14:39:40.633,10.71431,10.71712,0.00,0.00
2015.11.23 14:39:41.580,10.71431,10.71661,0.00,0.00
2015.11.23 14:39:41.631,10.7142,10.71661,0.00,0.00
2015.11.23 14:39:41.732,10.71351,10.71652,0.00,0.00
2015.11.23 14:39:41.782,10.71351,10.71611,0.00,0.00
2015.11.23 14:39:42.470,10.71389,10.71611,0.00,0.00
2015.11.23 14:39:43.021,10.7139,10.71611,0.00,0.00
2015.11.23 14:39:43.072,10.71351,10.71611,0.00,0.00
2015.11.23 14:39:43.346,10.71331,10.71611,0.00,0.00
2015.11.23 14:39:43.474,10.7138,10.71611,0.00,0.00
2015.11.23 14:39:43.887,10.71331,10.71561,0.00,0.00
2015.11.23 14:39:43.937,10.71291,10.71561,0.00,0.00
2015.11.23 14:39:45.060,10.71291,10.7161,0.00,0.00
2015.11.23 14:39:45.280,10.71291,10.71562,0.00,0.00
2015.11.23 14:39:45.741,10.71291,10.71512,0.00,0.00
2015.11.23 14:39:45.843,10.71292,10.71561,0.00,0.00
2015.11.23 14:39:46.961,10.71292,10.71511,0.00,0.00
2015.11.23 14:39:47.012,10.71269,10.71511,0.00,0.00
2015.11.23 14:39:47.063,10.71251,10.71511,0.00,0.00
2015.11.23 14:39:47.163,10.7126,10.71561,0.00,0.00
2015.11.23 14:39:47.214,10.71292,10.71561,0.00,0.00
2015.11.23 14:39:48.179,10.71292,10.71611,0.00,0.00
2015.11.23 14:39:48.281,10.71319,10.71612,0.00,0.00
2015.11.23 14:39:48.817,10.71291,10.71562,0.00,0.00
2015.11.23 14:39:49.241,10.71291,10.71512,0.00,0.00
2015.11.23 14:39:49.496,10.71291,10.71561,0.00,0.00
2015.11.23 14:39:49.597,10.71291,10.71511,0.00,0.00
2015.11.23 14:39:49.647,10.71259,10.71511,0.00,0.00
2015.11.23 14:39:49.698,10.71299,10.71561,0.00,0.00
2015.11.23 14:39:50.036,10.71231,10.71512,0.00,0.00
2015.11.23 14:39:50.231,10.71238,10.71552,0.00,0.00
2015.11.23 14:39:50.282,10.71292,10.71552,0.00,0.00
2015.11.23 14:39:50.383,10.71292,10.71562,0.00,0.00
2015.11.23 14:39:51.475,10.71292,10.71512,0.00,0.00
2015.11.23 14:39:51.526,10.71232,10.71512,0.00,0.00
2015.11.23 14:39:52.586,10.71292,10.71542,0.00,0.00
2015.11.23 14:39:52.687,10.71292,10.71561,0.00,0.00
2015.11.23 14:39:52.738,10.71242,10.71561,0.00,0.00
2015.11.23 14:39:52.788,10.71242,10.71512,0.00,0.00
2015.11.23 14:39:52.939,10.71209,10.71511,0.00,0.00
2015.11.23 14:39:52.990,10.71209,10.71462,0.00,0.00
2015.11.23 14:39:53.115,10.71202,10.71462,0.00,0.00
2015.11.23 14:39:53.834,10.71201,10.71462,0.00,0.00
2015.11.23 14:39:56.075,10.71201,10.7151,0.00,0.00
2015.11.23 14:39:56.125,10.71232,10.71512,0.00,0.00
2015.11.23 14:39:57.077,10.71232,10.71462,0.00,0.00
2015.11.23 14:39:57.128,10.71201,10.71462,0.00,0.00
2015.11.23 14:39:57.179,10.71201,10.71412,0.00,0.00
2015.11.23 14:39:57.229,10.71142,10.71412,0.00,0.00
2015.11.23 14:39:57.387,10.71188,10.71452,0.00,0.00
2015.11.23 14:39:57.667,10.71191,10.71462,0.00,0.00
2015.11.23 14:39:57.726,10.71191,10.71468,0.00,0.00
2015.11.23 14:39:57.777,10.71219,10.71468,0.00,0.00
2015.11.23 14:39:57.827,10.71219,10.71512,0.00,0.00
2015.11.23 14:39:58.079,10.71212,10.71412,0.00,0.00
2015.11.23 14:39:58.130,10.71149,10.71412,0.00,0.00
2015.11.23 14:39:58.231,10.71141,10.71412,0.00,0.00
2015.11.23 14:39:59.101,10.71132,10.71412,0.00,0.00
2015.11.23 14:40:00.121,10.71231,10.71421,0.00,0.00
2015.11.23 14:40:00.173,10.71231,10.7151,0.00,0.00
2015.11.23 14:40:00.224,10.7121,10.7151,0.00,0.00
2015.11.23 14:40:00.325,10.71209,10.71501,0.00,0.00
2015.11.23 14:40:00.673,10.71202,10.71462,0.00,0.00
2015.11.23 14:40:00.825,10.71131,10.71398,0.00,0.00
2015.11.23 14:40:00.875,10.71118,10.71369,0.00,0.00
2015.11.23 14:40:00.926,10.71051,10.71312,0.00,0.00
2015.11.23 14:40:01.227,10.71092,10.71312,0.00,0.00
2015.11.23 14:40:01.278,10.71092,10.71362,0.00,0.00
2015.11.23 14:40:03.312,10.71119,10.71362,0.00,0.00
2015.11.23 14:40:03.362,10.71119,10.71401,0.00,0.00
2015.11.23 14:40:03.413,10.71092,10.7141,0.00,0.00
2015.11.23 14:40:03.464,10.71092,10.71362,0.00,0.00
2015.11.23 14:40:03.565,10.71119,10.71411,0.00,0.00
2015.11.23 14:40:03.862,10.71092,10.71362,0.00,0.00
2015.11.23 14:40:04.559,10.71092,10.7141,0.00,0.00
2015.11.23 14:40:04.610,10.71121,10.71411,0.00,0.00
2015.11.23 14:40:04.931,10.71092,10.71361,0.00,0.00
2015.11.23 14:40:06.773,10.71079,10.71361,0.00,0.00
2015.11.23 14:40:06.824,10.71051,10.71361,0.00,0.00
2015.11.23 14:40:06.875,10.71051,10.71312,0.00,0.00
2015.11.23 14:40:07.214,10.71002,10.71261,0.00,0.00
2015.11.23 14:40:07.783,10.7102,10.71261,0.00,0.00
2015.11.23 14:40:07.834,10.7102,10.71312,0.00,0.00
2015.11.23 14:40:07.884,10.71042,10.71312,0.00,0.00
2015.11.23 14:40:08.234,10.71032,10.71262,0.00,0.00
2015.11.23 14:40:08.336,10.70999,10.71262,0.00,0.00
2015.11.23 14:40:08.386,10.70959,10.71211,0.00,0.00
2015.11.23 14:40:08.987,10.70951,10.71211,0.00,0.00
2015.11.23 14:40:10.331,10.70942,10.71211,0.00,0.00
2015.11.23 14:40:14.642,10.70988,10.71261,0.00,0.00
2015.11.23 14:40:14.693,10.71032,10.71312,0.00,0.00
2015.11.23 14:40:14.872,10.71032,10.71261,0.00,0.00
2015.11.23 14:40:14.923,10.70992,10.71261,0.00,0.00
2015.11.23 14:40:17.362,10.71032,10.71312,0.00,0.00
2015.11.23 14:40:17.463,10.71089,10.71312,0.00,0.00
2015.11.23 14:40:17.625,10.7109,10.7136,0.00,0.00
2015.11.23 14:40:17.790,10.7109,10.71362,0.00,0.00
2015.11.23 14:40:18.302,10.71091,10.71362,0.00,0.00
2015.11.23 14:40:18.433,10.71101,10.71362,0.00,0.00
2015.11.23 14:40:20.443,10.71102,10.71362,0.00,0.00
2015.11.23 14:40:21.138,10.71102,10.71361,0.00,0.00
2015.11.23 14:40:21.443,10.71079,10.71311,0.00,0.00
2015.11.23 14:40:21.640,10.71059,10.71311,0.00,0.00
2015.11.23 14:40:22.043,10.71141,10.71311,0.00,0.00
2015.11.23 14:40:22.148,10.71202,10.71452,0.00,0.00
2015.11.23 14:40:22.199,10.71202,10.71462,0.00,0.00
2015.11.23 14:40:22.554,10.71219,10.71462,0.00,0.00
2015.11.23 14:40:22.857,10.7117,10.71411,0.00,0.00
2015.11.23 14:40:23.534,10.71169,10.71411,0.00,0.00
2015.11.23 14:40:23.858,10.71201,10.71411,0.00,0.00
2015.11.23 14:40:24.010,10.71201,10.71462,0.00,0.00
2015.11.23 14:40:25.046,10.71202,10.71462,0.00,0.00
2015.11.23 14:40:25.213,10.71202,10.71511,0.00,0.00
2015.11.23 14:40:25.314,10.7127,10.71512,0.00,0.00
2015.11.23 14:40:25.615,10.7128,10.71512,0.00,0.00
2015.11.23 14:40:26.217,10.71279,10.71512,0.00,0.00
2015.11.23 14:40:26.688,10.71269,10.71512,0.00,0.00
2015.11.23 14:40:27.424,10.7126,10.71512,0.00,0.00
2015.11.23 14:40:28.481,10.71259,10.71512,0.00,0.00
2015.11.23 14:40:28.578,10.7127,10.71512,0.00,0.00
2015.11.23 14:40:29.080,10.71269,10.71512,0.00,0.00
2015.11.23 14:40:29.544,10.71301,10.71512,0.00,0.00
2015.11.23 14:40:30.280,10.71302,10.71512,0.00,0.00
2015.11.23 14:40:30.629,10.71302,10.71561,0.00,0.00
2015.11.23 14:40:31.264,10.71301,10.71562,0.00,0.00
2015.11.23 14:40:31.314,10.71332,10.71562,0.00,0.00
2015.11.23 14:40:31.884,10.71349,10.71602,0.00,0.00
2015.11.23 14:40:31.939,10.7137,10.71611,0.00,0.00
2015.11.23 14:40:32.224,10.7135,10.71611,0.00,0.00
2015.11.23 14:40:32.275,10.7135,10.71562,0.00,0.00
2015.11.23 14:40:32.326,10.71301,10.71562,0.00,0.00
2015.11.23 14:40:32.477,10.71301,10.71581,0.00,0.00
2015.11.23 14:40:32.528,10.7135,10.71591,0.00,0.00
2015.11.23 14:40:32.629,10.7135,10.71612,0.00,0.00
2015.11.23 14:40:32.924,10.71301,10.71511,0.00,0.00
2015.11.23 14:40:33.030,10.71301,10.71561,0.00,0.00
2015.11.23 14:40:33.543,10.71301,10.71562,0.00,0.00
2015.11.23 14:40:36.068,10.71302,10.71562,0.00,0.00
2015.11.23 14:40:36.622,10.71301,10.71562,0.00,0.00
2015.11.23 14:40:37.727,10.71302,10.71562,0.00,0.00
2015.11.23 14:40:38.507,10.71301,10.71562,0.00,0.00
2015.11.23 14:40:39.546,10.71349,10.71611,0.00,0.00
2015.11.23 14:40:39.597,10.71351,10.71611,0.00,0.00
2015.11.23 14:40:40.331,10.71351,10.71561,0.00,0.00
2015.11.23 14:40:40.583,10.71332,10.71561,0.00,0.00
2015.11.23 14:40:40.695,10.7132,10.71561,0.00,0.00
2015.11.23 14:40:41.248,10.71319,10.71561,0.00,0.00
2015.11.23 14:40:41.834,10.7132,10.71561,0.00,0.00
2015.11.23 14:40:42.390,10.71319,10.71561,0.00,0.00
2015.11.23 14:40:42.855,10.71319,10.71511,0.00,0.00
2015.11.23 14:40:42.956,10.71301,10.71531,0.00,0.00
2015.11.23 14:40:43.015,10.71301,10.71562,0.00,0.00
2015.11.23 14:40:43.386,10.71301,10.71512,0.00,0.00
2015.11.23 14:40:43.437,10.7126,10.71512,0.00,0.00
2015.11.23 14:40:43.697,10.71291,10.7156,0.00,0.00
2015.11.23 14:40:43.816,10.71291,10.71562,0.00,0.00
2015.11.23 14:40:43.918,10.71291,10.71568,0.00,0.00
2015.11.23 14:40:43.969,10.7132,10.71568,0.00,0.00
2015.11.23 14:40:44.020,10.7132,10.71612,0.00,0.00
2015.11.23 14:40:44.121,10.71331,10.71612,0.00,0.00
2015.11.23 14:40:44.930,10.71331,10.71611,0.00,0.00
2015.11.23 14:40:45.266,10.7131,10.71562,0.00,0.00
2015.11.23 14:40:45.481,10.71291,10.71562,0.00,0.00
2015.11.23 14:40:45.783,10.71291,10.71569,0.00,0.00
2015.11.23 14:40:46.040,10.7132,10.71582,0.00,0.00
2015.11.23 14:40:46.095,10.71331,10.71611,0.00,0.00
2015.11.23 14:40:48.177,10.71339,10.71611,0.00,0.00
2015.11.23 14:40:48.846,10.7134,10.71611,0.00,0.00
2015.11.23 14:40:49.541,10.71339,10.71611,0.00,0.00
2015.11.23 14:40:49.592,10.71331,10.71611,0.00,0.00
2015.11.23 14:40:49.897,10.71339,10.71611,0.00,0.00
2015.11.23 14:40:50.447,10.7134,10.71611,0.00,0.00
2015.11.23 14:40:51.191,10.71339,10.71611,0.00,0.00
2015.11.23 14:40:51.700,10.71352,10.71611,0.00,0.00
2015.11.23 14:40:52.047,10.71369,10.71611,0.00,0.00
2015.11.23 14:40:52.555,10.7137,10.71611,0.00,0.00
2015.11.23 14:40:52.932,10.71379,10.71611,0.00,0.00
2015.11.23 14:40:53.033,10.71359,10.71611,0.00,0.00
2015.11.23 14:40:54.365,10.7136,10.71611,0.00,0.00
2015.11.23 14:40:55.437,10.71359,10.71611,0.00,0.00
2015.11.23 14:40:56.596,10.7136,10.71611,0.00,0.00
2015.11.23 14:40:57.153,10.71359,10.71611,0.00,0.00
2015.11.23 14:40:57.204,10.71352,10.71611,0.00,0.00
2015.11.23 14:41:00.468,10.71351,10.71611,0.00,0.00
2015.11.23 14:41:01.953,10.71351,10.7166,0.00,0.00
2015.11.23 14:41:02.004,10.7134,10.7166,0.00,0.00
2015.11.23 14:41:02.055,10.71338,10.71662,0.00,0.00
2015.11.23 14:41:02.106,10.71338,10.71642,0.00,0.00
2015.11.23 14:41:02.410,10.71331,10.71611,0.00,0.00
2015.11.23 14:41:05.713,10.71331,10.71561,0.00,0.00
2015.11.23 14:41:05.765,10.71311,10.71561,0.00,0.00
2015.11.23 14:41:05.816,10.71249,10.71561,0.00,0.00
2015.11.23 14:41:05.917,10.71231,10.71512,0.00,0.00
2015.11.23 14:41:09.153,10.71241,10.71512,0.00,0.00
2015.11.23 14:41:10.033,10.71251,10.71512,0.00,0.00
2015.11.23 14:41:10.671,10.71259,10.71512,0.00,0.00
2015.11.23 14:41:10.973,10.71332,10.71562,0.00,0.00
2015.11.23 14:41:11.301,10.71332,10.71612,0.00,0.00
2015.11.23 14:41:14.906,10.71332,10.71569,0.00,0.00
2015.11.23 14:41:15.007,10.71252,10.71511,0.00,0.00
2015.11.23 14:41:20.847,10.71259,10.71511,0.00,0.00
2015.11.23 14:41:21.126,10.71292,10.71561,0.00,0.00
2015.11.23 14:41:21.177,10.71331,10.71562,0.00,0.00
2015.11.23 14:41:21.329,10.71331,10.71612,0.00,0.00
2015.11.23 14:41:37.285,10.71351,10.71612,0.00,0.00
2015.11.23 14:41:38.751,10.71352,10.71612,0.00,0.00
2015.11.23 14:41:41.636,10.71351,10.71612,0.00,0.00
2015.11.23 14:41:42.373,10.71352,10.71612,0.00,0.00
2015.11.23 14:41:43.253,10.71351,10.71612,0.00,0.00
2015.11.23 14:41:43.699,10.71401,10.71612,0.00,0.00
2015.11.23 14:41:44.320,10.71401,10.71661,0.00,0.00
2015.11.23 14:41:45.078,10.71401,10.71662,0.00,0.00
2015.11.23 14:41:45.213,10.71449,10.71712,0.00,0.00
2015.11.23 14:41:45.314,10.71439,10.71712,0.00,0.00
2015.11.23 14:41:45.857,10.7144,10.71712,0.00,0.00
2015.11.23 14:41:46.477,10.71451,10.71712,0.00,0.00
2015.11.23 14:41:46.790,10.71459,10.71712,0.00,0.00
2015.11.23 14:41:47.482,10.7146,10.71712,0.00,0.00
2015.11.23 14:41:48.111,10.71459,10.71712,0.00,0.00
2015.11.23 14:41:48.771,10.7146,10.71712,0.00,0.00
2015.11.23 14:41:49.811,10.71459,10.71712,0.00,0.00
2015.11.23 14:41:50.340,10.71451,10.71712,0.00,0.00
2015.11.23 14:41:52.410,10.7146,10.71712,0.00,0.00
2015.11.23 14:41:52.950,10.71459,10.71712,0.00,0.00
2015.11.23 14:41:53.001,10.71451,10.71712,0.00,0.00
2015.11.23 14:41:53.259,10.71459,10.71712,0.00,0.00
2015.11.23 14:41:54.677,10.71451,10.71712,0.00,0.00
2015.11.23 14:41:55.084,10.71451,10.7176,0.00,0.00
2015.11.23 14:41:55.135,10.7147,10.71761,0.00,0.00
2015.11.23 14:41:55.465,10.7146,10.71712,0.00,0.00
2015.11.23 14:41:55.956,10.71451,10.71712,0.00,0.00
2015.11.23 14:42:01.623,10.71501,10.7176,0.00,0.00
2015.11.23 14:42:01.674,10.71501,10.71762,0.00,0.00
2015.11.23 14:42:02.959,10.71502,10.71762,0.00,0.00
2015.11.23 14:42:28.128,10.71502,10.71811,0.00,0.00
2015.11.23 14:42:28.179,10.71531,10.71811,0.00,0.00
2015.11.23 14:42:30.790,10.71531,10.71761,0.00,0.00
2015.11.23 14:42:30.841,10.71491,10.71761,0.00,0.00
2015.11.23 14:42:31.947,10.71452,10.71751,0.00,0.00
2015.11.23 14:42:31.998,10.71452,10.71712,0.00,0.00
2015.11.23 14:42:34.708,10.71491,10.71762,0.00,0.00
2015.11.23 14:42:34.993,10.71501,10.71762,0.00,0.00
2015.11.23 14:42:37.119,10.71519,10.71811,0.00,0.00
2015.11.23 14:42:37.169,10.71531,10.71811,0.00,0.00
2015.11.23 14:42:37.529,10.7156,10.71811,0.00,0.00
2015.11.23 14:42:37.701,10.71551,10.71811,0.00,0.00
2015.11.23 14:42:38.503,10.7156,10.71811,0.00,0.00
2015.11.23 14:42:38.830,10.71551,10.71811,0.00,0.00
2015.11.23 14:42:41.239,10.7161,10.71811,0.00,0.00
2015.11.23 14:42:41.289,10.7161,10.71862,0.00,0.00
2015.11.23 14:42:41.441,10.71602,10.71861,0.00,0.00
2015.11.23 14:42:42.265,10.71601,10.71861,0.00,0.00
2015.11.23 14:42:43.740,10.71619,10.71861,0.00,0.00
2015.11.23 14:42:43.841,10.71602,10.71862,0.00,0.00
2015.11.23 14:42:48.637,10.71601,10.71862,0.00,0.00
2015.11.23 14:42:51.089,10.71629,10.71862,0.00,0.00
2015.11.23 14:42:51.190,10.71601,10.71862,0.00,0.00
2015.11.23 14:42:52.608,10.71601,10.7191,0.00,0.00
2015.11.23 14:42:52.658,10.7162,10.71912,0.00,0.00
2015.11.23 14:42:52.961,10.71649,10.71912,0.00,0.00
2015.11.23 14:42:53.541,10.7166,10.71912,0.00,0.00
2015.11.23 14:42:53.870,10.7168,10.71912,0.00,0.00
2015.11.23 14:42:54.398,10.71679,10.71912,0.00,0.00
2015.11.23 14:42:55.038,10.7168,10.71912,0.00,0.00
2015.11.23 14:42:55.692,10.71679,10.71912,0.00,0.00
2015.11.23 14:42:55.793,10.71652,10.71912,0.00,0.00
2015.11.23 14:42:56.492,10.71689,10.71912,0.00,0.00
2015.11.23 14:42:56.683,10.71651,10.71912,0.00,0.00
2015.11.23 14:43:03.600,10.71652,10.71912,0.00,0.00
2015.11.23 14:43:04.860,10.71631,10.71731,0.00,0.00
2015.11.23 14:43:04.911,10.71549,10.71669,0.00,0.00
2015.11.23 14:43:04.962,10.71408,10.71612,0.00,0.00
2015.11.23 14:43:05.063,10.71338,10.71612,0.00,0.00
2015.11.23 14:43:05.113,10.71328,10.71428,0.00,0.00
2015.11.23 14:43:05.290,10.71051,10.71212,0.00,0.00
2015.11.23 14:43:05.391,10.70982,10.71212,0.00,0.00
2015.11.23 14:43:05.492,10.70982,10.71231,0.00,0.00
2015.11.23 14:43:05.593,10.70938,10.71262,0.00,0.00
2015.11.23 14:43:05.694,10.7096,10.7126,0.00,0.00
2015.11.23 14:43:06.082,10.70959,10.71212,0.00,0.00
2015.11.23 14:43:06.283,10.70932,10.71212,0.00,0.00
2015.11.23 14:43:06.856,10.70939,10.71212,0.00,0.00
2015.11.23 14:43:08.362,10.70931,10.71212,0.00,0.00
2015.11.23 14:43:09.416,10.70932,10.71212,0.00,0.00
2015.11.23 14:43:10.493,10.70939,10.71212,0.00,0.00
2015.11.23 14:43:11.153,10.70939,10.71261,0.00,0.00
2015.11.23 14:43:11.204,10.7098,10.71262,0.00,0.00
2015.11.23 14:43:11.305,10.70938,10.7126,0.00,0.00
2015.11.23 14:43:11.356,10.70931,10.71211,0.00,0.00
2015.11.23 14:43:11.875,10.70932,10.71211,0.00,0.00
2015.11.23 14:43:12.529,10.70931,10.71211,0.00,0.00
2015.11.23 14:43:12.630,10.70921,10.71211,0.00,0.00
2015.11.23 14:43:13.292,10.70932,10.71211,0.00,0.00
2015.11.23 14:43:13.704,10.7096,10.71211,0.00,0.00
2015.11.23 14:43:14.131,10.71021,10.71311,0.00,0.00
2015.11.23 14:43:15.465,10.71032,10.71311,0.00,0.00
2015.11.23 14:43:17.277,10.71038,10.71361,0.00,0.00
2015.11.23 14:43:17.328,10.7107,10.7136,0.00,0.00
2015.11.23 14:43:17.630,10.71151,10.71411,0.00,0.00
2015.11.23 14:43:18.675,10.71159,10.71411,0.00,0.00
2015.11.23 14:43:19.731,10.71151,10.71411,0.00,0.00
2015.11.23 14:43:25.476,10.71152,10.71411,0.00,0.00
2015.11.23 14:43:26.827,10.71202,10.71411,0.00,0.00
2015.11.23 14:43:26.879,10.71202,10.71462,0.00,0.00
2015.11.23 14:43:30.807,10.71202,10.71511,0.00,0.00
2015.11.23 14:43:30.858,10.71251,10.71512,0.00,0.00
2015.11.23 14:43:31.059,10.71291,10.71561,0.00,0.00
2015.11.23 14:43:33.210,10.71301,10.71561,0.00,0.00
2015.11.23 14:43:33.819,10.71302,10.71561,0.00,0.00
2015.11.23 14:43:34.803,10.71302,10.71611,0.00,0.00
2015.11.23 14:43:34.854,10.7131,10.71612,0.00,0.00
2015.11.23 14:43:35.106,10.71252,10.71562,0.00,0.00
2015.11.23 14:43:35.208,10.71252,10.71512,0.00,0.00
2015.11.23 14:43:36.890,10.71252,10.71561,0.00,0.00
2015.11.23 14:43:37.465,10.71269,10.71561,0.00,0.00
2015.11.23 14:43:37.769,10.71291,10.71562,0.00,0.00
2015.11.23 14:43:40.728,10.71291,10.71511,0.00,0.00
2015.11.23 14:43:40.778,10.71251,10.71511,0.00,0.00
2015.11.23 14:43:48.157,10.71292,10.71511,0.00,0.00
2015.11.23 14:43:48.990,10.71291,10.71511,0.00,0.00
2015.11.23 14:43:52.620,10.7126,10.71511,0.00,0.00
2015.11.23 14:43:52.671,10.71252,10.71511,0.00,0.00
2015.11.23 14:43:52.844,10.7125,10.71511,0.00,0.00
2015.11.23 14:43:53.046,10.71241,10.71511,0.00,0.00
2015.11.23 14:43:54.237,10.71241,10.71462,0.00,0.00
2015.11.23 14:43:54.389,10.71201,10.71462,0.00,0.00
2015.11.23 14:43:57.001,10.71201,10.7151,0.00,0.00
2015.11.23 14:43:57.244,10.71209,10.71512,0.00,0.00
2015.11.23 14:43:57.571,10.71211,10.71512,0.00,0.00
2015.11.23 14:43:58.378,10.71221,10.71512,0.00,0.00
2015.11.23 14:44:00.230,10.71289,10.71512,0.00,0.00
2015.11.23 14:44:00.334,10.71309,10.71608,0.00,0.00
2015.11.23 14:44:00.435,10.71309,10.71612,0.00,0.00
2015.11.23 14:44:00.606,10.71301,10.71611,0.00,0.00
2015.11.23 14:44:00.656,10.71302,10.71562,0.00,0.00
2015.11.23 14:44:03.100,10.71291,10.71562,0.00,0.00
2015.11.23 14:44:03.990,10.71292,10.71562,0.00,0.00
2015.11.23 14:44:05.262,10.71292,10.71512,0.00,0.00
2015.11.23 14:44:05.312,10.71241,10.71512,0.00,0.00
2015.11.23 14:44:15.991,10.7128,10.71512,0.00,0.00
2015.11.23 14:44:16.041,10.7128,10.71562,0.00,0.00
2015.11.23 14:44:16.249,10.71279,10.71511,0.00,0.00
2015.11.23 14:44:16.571,10.71241,10.71511,0.00,0.00
2015.11.23 14:44:18.695,10.71291,10.71562,0.00,0.00
2015.11.23 14:44:21.969,10.71291,10.71512,0.00,0.00
2015.11.23 14:44:22.019,10.71242,10.71512,0.00,0.00
2015.11.23 14:44:25.806,10.71242,10.71511,0.00,0.00
2015.11.23 14:44:27.460,10.71242,10.71461,0.00,0.00
2015.11.23 14:44:27.511,10.71202,10.71461,0.00,0.00
2015.11.23 14:44:29.451,10.71202,10.71412,0.00,0.00
2015.11.23 14:44:29.502,10.71149,10.71412,0.00,0.00
2015.11.23 14:44:30.141,10.71201,10.71412,0.00,0.00
2015.11.23 14:44:30.242,10.71201,10.71462,0.00,0.00
2015.11.23 14:44:30.758,10.71201,10.71469,0.00,0.00
2015.11.23 14:44:30.809,10.71201,10.71502,0.00,0.00
2015.11.23 14:44:31.397,10.71201,10.71528,0.00,0.00
2015.11.23 14:44:31.499,10.71201,10.71521,0.00,0.00
2015.11.23 14:44:31.706,10.71201,10.71528,0.00,0.00
2015.11.23 14:44:32.275,10.71201,10.71522,0.00,0.00
2015.11.23 14:44:32.664,10.71201,10.71501,0.00,0.00
2015.11.23 14:44:32.815,10.71201,10.71528,0.00,0.00
2015.11.23 14:44:33.960,10.71201,10.71521,0.00,0.00
2015.11.23 14:44:34.518,10.71201,10.71492,0.00,0.00
2015.11.23 14:44:34.619,10.71201,10.71522,0.00,0.00
2015.11.23 14:44:34.883,10.71201,10.71501,0.00,0.00
2015.11.23 14:44:36.198,10.71201,10.71492,0.00,0.00
2015.11.23 14:44:36.300,10.71151,10.71469,0.00,0.00
2015.11.23 14:44:40.492,10.71142,10.71469,0.00,0.00
2015.11.23 14:44:40.543,10.71142,10.71442,0.00,0.00
2015.11.23 14:44:40.649,10.71142,10.71469,0.00,0.00
2015.11.23 14:44:41.114,10.7116,10.71469,0.00,0.00
2015.11.23 14:44:41.724,10.71159,10.71469,0.00,0.00
2015.11.23 14:44:42.578,10.71159,10.71502,0.00,0.00
2015.11.23 14:44:42.729,10.71159,10.71492,0.00,0.00
2015.11.23 14:44:43.168,10.71159,10.71461,0.00,0.00
2015.11.23 14:44:43.219,10.71159,10.71468,0.00,0.00
2015.11.23 14:44:43.909,10.71159,10.71451,0.00,0.00
2015.11.23 14:44:44.009,10.7116,10.71468,0.00,0.00
2015.11.23 14:44:44.747,10.71159,10.71468,0.00,0.00
2015.11.23 14:44:45.546,10.7117,10.71502,0.00,0.00
2015.11.23 14:44:45.647,10.71202,10.71521,0.00,0.00
2015.11.23 14:44:46.136,10.71202,10.71482,0.00,0.00
2015.11.23 14:44:46.214,10.71202,10.71512,0.00,0.00
2015.11.23 14:44:46.315,10.71169,10.71462,0.00,0.00
2015.11.23 14:44:46.366,10.71151,10.71462,0.00,0.00
2015.11.23 14:44:46.519,10.71151,10.71491,0.00,0.00
2015.11.23 14:44:47.177,10.71151,10.71452,0.00,0.00
2015.11.23 14:44:47.544,10.71151,10.71469,0.00,0.00
2015.11.23 14:44:48.497,10.71151,10.71461,0.00,0.00
2015.11.23 14:44:48.598,10.7118,10.71492,0.00,0.00
2015.11.23 14:44:48.649,10.71201,10.71522,0.00,0.00
2015.11.23 14:44:48.719,10.71201,10.71482,0.00,0.00
2015.11.23 14:44:49.021,10.71081,10.71292,0.00,0.00
2015.11.23 14:44:49.072,10.70958,10.71268,0.00,0.00
2015.11.23 14:44:49.173,10.70942,10.71268,0.00,0.00
2015.11.23 14:44:49.224,10.70942,10.71222,0.00,0.00
2015.11.23 14:44:49.275,10.70881,10.71208,0.00,0.00
2015.11.23 14:44:49.375,10.70842,10.7114,0.00,0.00
2015.11.23 14:44:49.577,10.70832,10.71151,0.00,0.00
2015.11.23 14:44:49.831,10.70832,10.71158,0.00,0.00
2015.11.23 14:44:49.949,10.70832,10.71169,0.00,0.00
2015.11.23 14:44:50.072,10.70832,10.71198,0.00,0.00
2015.11.23 14:44:50.173,10.70891,10.71249,0.00,0.00
2015.11.23 14:44:50.607,10.70902,10.71251,0.00,0.00
2015.11.23 14:44:51.022,10.70859,10.71199,0.00,0.00
2015.11.23 14:44:51.076,10.70821,10.71199,0.00,0.00
2015.11.23 14:44:51.255,10.70821,10.71191,0.00,0.00
2015.11.23 14:44:51.568,10.70821,10.71199,0.00,0.00
2015.11.23 14:44:52.395,10.70841,10.71202,0.00,0.00
2015.11.23 14:44:52.733,10.70822,10.71151,0.00,0.00
2015.11.23 14:44:53.082,10.70922,10.71212,0.00,0.00
2015.11.23 14:44:53.133,10.7089,10.71202,0.00,0.00
2015.11.23 14:44:53.184,10.70842,10.71202,0.00,0.00
2015.11.23 14:44:53.235,10.70842,10.71172,0.00,0.00
2015.11.23 14:44:53.734,10.70842,10.71182,0.00,0.00
2015.11.23 14:44:53.835,10.70842,10.71171,0.00,0.00
2015.11.23 14:44:54.186,10.70842,10.71151,0.00,0.00
2015.11.23 14:44:54.562,10.70842,10.71161,0.00,0.00
2015.11.23 14:44:54.808,10.70838,10.71102,0.00,0.00
2015.11.23 14:44:54.960,10.70802,10.71101,0.00,0.00
2015.11.23 14:44:55.011,10.70758,10.71101,0.00,0.00
2015.11.23 14:44:55.112,10.70741,10.71101,0.00,0.00
2015.11.23 14:44:55.162,10.70741,10.71082,0.00,0.00
2015.11.23 14:44:55.263,10.70741,10.71091,0.00,0.00
2015.11.23 14:44:55.507,10.70741,10.71101,0.00,0.00
2015.11.23 14:44:55.775,10.70741,10.71109,0.00,0.00
2015.11.23 14:44:55.826,10.7077,10.71109,0.00,0.00
2015.11.23 14:44:56.154,10.70579,10.70951,0.00,0.00
2015.11.23 14:44:56.322,10.70579,10.70902,0.00,0.00
2015.11.23 14:44:56.524,10.70558,10.70901,0.00,0.00
2015.11.23 14:44:56.574,10.70529,10.70872,0.00,0.00
2015.11.23 14:44:56.625,10.70522,10.70872,0.00,0.00
2015.11.23 14:44:56.676,10.70528,10.70902,0.00,0.00
2015.11.23 14:44:56.726,10.70629,10.70912,0.00,0.00
2015.11.23 14:44:56.878,10.70662,10.70951,0.00,0.00
2015.11.23 14:44:56.928,10.70669,10.70951,0.00,0.00
2015.11.23 14:44:56.979,10.70669,10.71012,0.00,0.00
2015.11.23 14:44:57.080,10.70669,10.71041,0.00,0.00
2015.11.23 14:44:57.425,10.70681,10.71041,0.00,0.00
2015.11.23 14:44:57.727,10.70722,10.71002,0.00,0.00
2015.11.23 14:44:57.778,10.70722,10.71091,0.00,0.00
2015.11.23 14:44:57.830,10.70722,10.71052,0.00,0.00
2015.11.23 14:44:57.881,10.70698,10.71052,0.00,0.00
2015.11.23 14:44:57.932,10.70698,10.71001,0.00,0.00
2015.11.23 14:44:57.982,10.70671,10.71001,0.00,0.00
2015.11.23 14:44:58.084,10.70622,10.70992,0.00,0.00
2015.11.23 14:44:58.185,10.70622,10.70962,0.00,0.00
2015.11.23 14:44:58.696,10.70622,10.70992,0.00,0.00
2015.11.23 14:44:58.797,10.70622,10.70951,0.00,0.00
2015.11.23 14:44:58.899,10.70622,10.70992,0.00,0.00
2015.11.23 14:44:59.065,10.70632,10.70992,0.00,0.00
2015.11.23 14:44:59.618,10.70632,10.7099,0.00,0.00
2015.11.23 14:45:00.226,10.70621,10.70982,0.00,0.00
2015.11.23 14:45:00.277,10.70621,10.70991,0.00,0.00
2015.11.23 14:45:00.390,10.70621,10.70952,0.00,0.00
2015.11.23 14:45:00.678,10.70621,10.7097,0.00,0.00
2015.11.23 14:45:00.870,10.7064,10.70962,0.00,0.00
2015.11.23 14:45:01.178,10.70711,10.70962,0.00,0.00
2015.11.23 14:45:01.229,10.70711,10.71071,0.00,0.00
2015.11.23 14:45:01.831,10.70721,10.71071,0.00,0.00
2015.11.23 14:45:02.139,10.70721,10.71031,0.00,0.00
2015.11.23 14:45:02.190,10.70721,10.71042,0.00,0.00
2015.11.23 14:45:02.291,10.70721,10.71062,0.00,0.00
2015.11.23 14:45:02.488,10.70771,10.71032,0.00,0.00
2015.11.23 14:45:02.590,10.70732,10.71101,0.00,0.00
2015.11.23 14:45:02.751,10.70732,10.7108,0.00,0.00
2015.11.23 14:45:03.147,10.70781,10.71121,0.00,0.00
2015.11.23 14:45:03.569,10.70781,10.71091,0.00,0.00
2015.11.23 14:45:03.773,10.70781,10.71132,0.00,0.00
2015.11.23 14:45:03.824,10.70772,10.71102,0.00,0.00
2015.11.23 14:45:04.640,10.70771,10.71101,0.00,0.00
2015.11.23 14:45:04.869,10.70781,10.71132,0.00,0.00
2015.11.23 14:45:05.274,10.70782,10.71121,0.00,0.00
2015.11.23 14:45:05.594,10.70782,10.71111,0.00,0.00
2015.11.23 14:45:06.116,10.70801,10.71111,0.00,0.00
2015.11.23 14:45:07.009,10.70802,10.71111,0.00,0.00
2015.11.23 14:45:07.119,10.70801,10.71132,0.00,0.00
2015.11.23 14:45:07.320,10.70801,10.71111,0.00,0.00
2015.11.23 14:45:07.625,10.70801,10.71102,0.00,0.00
2015.11.23 14:45:07.676,10.70751,10.71091,0.00,0.00
2015.11.23 14:45:07.801,10.70751,10.71071,0.00,0.00
2015.11.23 14:45:08.322,10.70801,10.71121,0.00,0.00
2015.11.23 14:45:08.630,10.70742,10.71101,0.00,0.00
2015.11.23 14:45:08.681,10.70779,10.71061,0.00,0.00
2015.11.23 14:45:08.782,10.70802,10.71142,0.00,0.00
2015.11.23 14:45:09.197,10.70842,10.71142,0.00,0.00
2015.11.23 14:45:09.600,10.70901,10.71168,0.00,0.00
2015.11.23 14:45:10.176,10.70902,10.71168,0.00,0.00
2015.11.23 14:45:10.391,10.70891,10.71168,0.00,0.00
2015.11.23 14:45:10.631,10.70891,10.71222,0.00,0.00
2015.11.23 14:45:10.682,10.70891,10.71182,0.00,0.00
2015.11.23 14:45:10.923,10.70891,10.71192,0.00,0.00
2015.11.23 14:45:11.024,10.70891,10.71212,0.00,0.00
2015.11.23 14:45:12.215,10.70892,10.71212,0.00,0.00
2015.11.23 14:45:12.272,10.70892,10.71229,0.00,0.00
2015.11.23 14:45:12.795,10.70891,10.71229,0.00,0.00
2015.11.23 14:45:14.630,10.70891,10.71212,0.00,0.00
2015.11.23 14:45:15.137,10.70921,10.71212,0.00,0.00
2015.11.23 14:45:15.187,10.70921,10.71232,0.00,0.00
2015.11.23 14:45:15.238,10.70991,10.71232,0.00,0.00
2015.11.23 14:45:15.288,10.70991,10.71269,0.00,0.00
2015.11.23 14:45:15.439,10.7105,10.71269,0.00,0.00
2015.11.23 14:45:15.741,10.71069,10.71269,0.00,0.00
2015.11.23 14:45:15.792,10.71069,10.71369,0.00,0.00
2015.11.23 14:45:16.008,10.7107,10.71341,0.00,0.00
2015.11.23 14:45:16.117,10.71051,10.71341,0.00,0.00
2015.11.23 14:45:16.642,10.71051,10.71342,0.00,0.00
2015.11.23 14:45:17.155,10.71069,10.71342,0.00,0.00
2015.11.23 14:45:17.306,10.71069,10.71369,0.00,0.00
2015.11.23 14:45:17.655,10.71052,10.71369,0.00,0.00
2015.11.23 14:45:17.706,10.71052,10.71361,0.00,0.00
2015.11.23 14:45:18.018,10.71052,10.71351,0.00,0.00
2015.11.23 14:45:18.515,10.71052,10.71369,0.00,0.00
2015.11.23 14:45:18.566,10.71102,10.71369,0.00,0.00
2015.11.23 14:45:19.098,10.71102,10.71421,0.00,0.00
2015.11.23 14:45:19.683,10.71102,10.7142,0.00,0.00
2015.11.23 14:45:20.339,10.71102,10.71421,0.00,0.00
2015.11.23 14:45:20.997,10.71102,10.71452,0.00,0.00
2015.11.23 14:45:21.299,10.71102,10.71431,0.00,0.00
2015.11.23 14:45:21.600,10.71102,10.71452,0.00,0.00
2015.11.23 14:45:21.796,10.71102,10.71458,0.00,0.00
2015.11.23 14:45:21.847,10.71131,10.71431,0.00,0.00
2015.11.23 14:45:22.151,10.71131,10.71472,0.00,0.00
2015.11.23 14:45:22.302,10.71131,10.71452,0.00,0.00
2015.11.23 14:45:22.403,10.71052,10.71418,0.00,0.00
2015.11.23 14:45:22.504,10.71052,10.71392,0.00,0.00
2015.11.23 14:45:22.850,10.71052,10.71382,0.00,0.00
2015.11.23 14:45:23.019,10.71052,10.71392,0.00,0.00
2015.11.23 14:45:23.120,10.71052,10.71372,0.00,0.00
2015.11.23 14:45:23.422,10.71051,10.71391,0.00,0.00
2015.11.23 14:45:24.005,10.71051,10.71401,0.00,0.00
2015.11.23 14:45:24.955,10.71051,10.71382,0.00,0.00
2015.11.23 14:45:25.210,10.71051,10.71391,0.00,0.00
2015.11.23 14:45:25.857,10.71051,10.71382,0.00,0.00
2015.11.23 14:45:26.141,10.71051,10.71391,0.00,0.00
2015.11.23 14:45:26.442,10.71051,10.71401,0.00,0.00
2015.11.23 14:45:27.471,10.71102,10.71452,0.00,0.00
2015.11.23 14:45:28.055,10.71101,10.71452,0.00,0.00
2015.11.23 14:45:28.840,10.71101,10.71401,0.00,0.00
2015.11.23 14:45:29.092,10.71102,10.71452,0.00,0.00
2015.11.23 14:45:29.441,10.71102,10.71432,0.00,0.00
2015.11.23 14:45:29.542,10.71102,10.71452,0.00,0.00
2015.11.23 14:45:30.040,10.71102,10.71361,0.00,0.00
2015.11.23 14:45:30.505,10.71102,10.71312,0.00,0.00
2015.11.23 14:45:30.658,10.71052,10.71312,0.00,0.00
2015.11.23 14:45:35.631,10.71051,10.71312,0.00,0.00
2015.11.23 14:45:37.381,10.71069,10.71312,0.00,0.00
2015.11.23 14:45:37.781,10.71052,10.71312,0.00,0.00
2015.11.23 14:45:38.992,10.71102,10.71362,0.00,0.00
2015.11.23 14:45:41.738,10.71102,10.71312,0.00,0.00
2015.11.23 14:45:41.790,10.71051,10.71312,0.00,0.00
2015.11.23 14:45:42.482,10.71051,10.7136,0.00,0.00
2015.11.23 14:45:42.803,10.71101,10.71362,0.00,0.00
2015.11.23 14:45:43.333,10.71101,10.71361,0.00,0.00
2015.11.23 14:45:43.714,10.71101,10.7141,0.00,0.00
2015.11.23 14:45:44.053,10.71131,10.71412,0.00,0.00
2015.11.23 14:45:45.010,10.71179,10.71412,0.00,0.00
2015.11.23 14:45:45.478,10.71192,10.71412,0.00,0.00
2015.11.23 14:45:45.598,10.71219,10.71461,0.00,0.00
2015.11.23 14:45:45.749,10.71231,10.71461,0.00,0.00
2015.11.23 14:45:45.799,10.71231,10.71512,0.00,0.00
2015.11.23 14:45:49.681,10.71242,10.71512,0.00,0.00
2015.11.23 14:45:52.012,10.71241,10.71532,0.00,0.00
2015.11.23 14:45:52.063,10.71241,10.71512,0.00,0.00
2015.11.23 14:45:53.665,10.71301,10.71562,0.00,0.00
2015.11.23 14:45:53.969,10.71441,10.71712,0.00,0.00
2015.11.23 14:45:54.070,10.71401,10.71711,0.00,0.00
2015.11.23 14:45:54.171,10.71352,10.71612,0.00,0.00
2015.11.23 14:45:55.286,10.71401,10.71661,0.00,0.00
2015.11.23 14:45:55.337,10.7142,10.7171,0.00,0.00
2015.11.23 14:45:55.387,10.71442,10.7171,0.00,0.00
2015.11.23 14:45:55.689,10.71489,10.7176,0.00,0.00
2015.11.23 14:45:55.740,10.71589,10.71811,0.00,0.00
2015.11.23 14:45:55.791,10.71589,10.71858,0.00,0.00
2015.11.23 14:45:55.892,10.71641,10.71911,0.00,0.00
2015.11.23 14:45:56.119,10.71659,10.71952,0.00,0.00
2015.11.23 14:45:56.170,10.71682,10.71961,0.00,0.00
2015.11.23 14:45:56.472,10.71689,10.71961,0.00,0.00
2015.11.23 14:45:56.522,10.71638,10.7196,0.00,0.00
2015.11.23 14:45:56.674,10.71632,10.71912,0.00,0.00
2015.11.23 14:45:56.790,10.71638,10.71961,0.00,0.00
2015.11.23 14:45:56.840,10.71682,10.71962,0.00,0.00
2015.11.23 14:45:57.144,10.7177,10.72011,0.00,0.00
2015.11.23 14:45:57.245,10.71749,10.72011,0.00,0.00
2015.11.23 14:45:57.347,10.7176,10.7206,0.00,0.00
2015.11.23 14:45:57.397,10.71782,10.7206,0.00,0.00
2015.11.23 14:45:57.943,10.7199,10.72091,0.00,0.00
2015.11.23 14:45:57.995,10.72031,10.72261,0.00,0.00
2015.11.23 14:45:58.147,10.72031,10.72311,0.00,0.00
2015.11.23 14:45:58.450,10.72069,10.72311,0.00,0.00
2015.11.23 14:45:58.752,10.72031,10.72311,0.00,0.00
2015.11.23 14:45:59.475,10.72032,10.72311,0.00,0.00
2015.11.23 14:46:00.427,10.72069,10.72311,0.00,0.00
2015.11.23 14:46:00.480,10.72032,10.72311,0.00,0.00
2015.11.23 14:46:00.736,10.72039,10.72361,0.00,0.00
2015.11.23 14:46:00.787,10.72131,10.72361,0.00,0.00
2015.11.23 14:46:01.054,10.72172,10.72411,0.00,0.00
2015.11.23 14:46:01.704,10.7214,10.72412,0.00,0.00
2015.11.23 14:46:01.856,10.72131,10.72412,0.00,0.00
2015.11.23 14:46:02.742,10.72188,10.7246,0.00,0.00
2015.11.23 14:46:03.065,10.72138,10.72431,0.00,0.00
2015.11.23 14:46:03.116,10.72182,10.72442,0.00,0.00
2015.11.23 14:46:03.217,10.72221,10.72511,0.00,0.00
2015.11.23 14:46:03.318,10.72221,10.72501,0.00,0.00
2015.11.23 14:46:03.469,10.72179,10.72461,0.00,0.00
2015.11.23 14:46:03.620,10.7218,10.72412,0.00,0.00
2015.11.23 14:46:03.671,10.72149,10.72412,0.00,0.00
2015.11.23 14:46:04.011,10.7212,10.72432,0.00,0.00
2015.11.23 14:46:04.113,10.72119,10.72422,0.00,0.00
2015.11.23 14:46:04.399,10.72119,10.72432,0.00,0.00
2015.11.23 14:46:04.500,10.72119,10.72411,0.00,0.00
2015.11.23 14:46:04.551,10.72039,10.72411,0.00,0.00
2015.11.23 14:46:04.601,10.72039,10.72311,0.00,0.00
2015.11.23 14:46:04.702,10.72009,10.72332,0.00,0.00
2015.11.23 14:46:04.753,10.7202,10.72332,0.00,0.00
2015.11.23 14:46:04.803,10.7202,10.72362,0.00,0.00
2015.11.23 14:46:05.367,10.71989,10.72261,0.00,0.00
2015.11.23 14:46:05.417,10.71949,10.72252,0.00,0.00
2015.11.23 14:46:05.518,10.71949,10.72261,0.00,0.00
2015.11.23 14:46:05.569,10.71959,10.72261,0.00,0.00
2015.11.23 14:46:05.670,10.71989,10.72311,0.00,0.00
2015.11.23 14:46:05.822,10.71989,10.72301,0.00,0.00
2015.11.23 14:46:05.893,10.71989,10.72311,0.00,0.00
2015.11.23 14:46:06.006,10.72098,10.72311,0.00,0.00
2015.11.23 14:46:06.058,10.72132,10.72361,0.00,0.00
2015.11.23 14:46:06.159,10.72169,10.72402,0.00,0.00
2015.11.23 14:46:06.210,10.72232,10.72511,0.00,0.00
2015.11.23 14:46:06.506,10.72281,10.72511,0.00,0.00
2015.11.23 14:46:06.556,10.72281,10.72562,0.00,0.00
2015.11.23 14:46:06.710,10.72289,10.72602,0.00,0.00
2015.11.23 14:46:06.811,10.72289,10.72561,0.00,0.00
2015.11.23 14:46:06.862,10.72281,10.72561,0.00,0.00
2015.11.23 14:46:06.963,10.72289,10.72561,0.00,0.00
2015.11.23 14:46:07.014,10.72289,10.72601,0.00,0.00
2015.11.23 14:46:07.065,10.72311,10.72601,0.00,0.00
2015.11.23 14:46:07.115,10.72311,10.72612,0.00,0.00
2015.11.23 14:46:07.267,10.72399,10.72642,0.00,0.00
2015.11.23 14:46:07.598,10.72432,10.72711,0.00,0.00
2015.11.23 14:46:07.650,10.72432,10.72702,0.00,0.00
2015.11.23 14:46:07.701,10.72432,10.72712,0.00,0.00
2015.11.23 14:46:08.117,10.72439,10.72702,0.00,0.00
2015.11.23 14:46:08.218,10.7249,10.72761,0.00,0.00
2015.11.23 14:46:08.269,10.72481,10.72761,0.00,0.00
2015.11.23 14:46:08.370,10.72499,10.72761,0.00,0.00
2015.11.23 14:46:08.565,10.72532,10.72812,0.00,0.00
2015.11.23 14:46:09.120,10.72538,10.72861,0.00,0.00
2015.11.23 14:46:09.322,10.72531,10.72812,0.00,0.00
2015.11.23 14:46:09.625,10.73089,10.73211,0.00,0.00
2015.11.23 14:46:09.676,10.72939,10.73162,0.00,0.00
2015.11.23 14:46:09.726,10.73021,10.73162,0.00,0.00
2015.11.23 14:46:09.777,10.73059,10.73292,0.00,0.00
2015.11.23 14:46:09.828,10.73072,10.73361,0.00,0.00
2015.11.23 14:46:09.878,10.73072,10.7331,0.00,0.00
2015.11.23 14:46:10.206,10.72722,10.72992,0.00,0.00
2015.11.23 14:46:10.307,10.72722,10.73011,0.00,0.00
2015.11.23 14:46:10.358,10.72861,10.72961,0.00,0.00
2015.11.23 14:46:10.459,10.72922,10.73222,0.00,0.00
2015.11.23 14:46:10.510,10.72921,10.73171,0.00,0.00
2015.11.23 14:46:10.611,10.72922,10.73191,0.00,0.00
2015.11.23 14:46:10.712,10.72878,10.73201,0.00,0.00
2015.11.23 14:46:10.816,10.72878,10.73182,0.00,0.00
2015.11.23 14:46:11.136,10.72872,10.73112,0.00,0.00
2015.11.23 14:46:11.188,10.72822,10.73112,0.00,0.00
2015.11.23 14:46:11.440,10.72822,10.73062,0.00,0.00
2015.11.23 14:46:11.491,10.72771,10.73062,0.00,0.00
2015.11.23 14:46:11.542,10.72808,10.73062,0.00,0.00
2015.11.23 14:46:11.643,10.72879,10.73161,0.00,0.00
2015.11.23 14:46:11.693,10.72922,10.73202,0.00,0.00
2015.11.23 14:46:12.451,10.73079,10.73179,0.00,0.00
2015.11.23 14:46:12.502,10.73121,10.73401,0.00,0.00
2015.11.23 14:46:12.640,10.73121,10.73372,0.00,0.00
2015.11.23 14:46:12.691,10.73071,10.73372,0.00,0.00
2015.11.23 14:46:13.057,10.73072,10.73311,0.00,0.00
2015.11.23 14:46:13.434,10.73072,10.73361,0.00,0.00
2015.11.23 14:46:13.696,10.7314,10.73361,0.00,0.00
2015.11.23 14:46:13.797,10.73079,10.73361,0.00,0.00
2015.11.23 14:46:13.898,10.73079,10.73411,0.00,0.00
2015.11.23 14:46:13.949,10.73079,10.73362,0.00,0.00
2015.11.23 14:46:14.293,10.73139,10.73362,0.00,0.00
2015.11.23 14:46:14.344,10.73071,10.73362,0.00,0.00
2015.11.23 14:46:15.258,10.73071,10.73312,0.00,0.00
2015.11.23 14:46:15.654,10.73181,10.73431,0.00,0.00
2015.11.23 14:46:15.708,10.73181,10.7351,0.00,0.00
2015.11.23 14:46:15.865,10.73209,10.73512,0.00,0.00
2015.11.23 14:46:16.161,10.73231,10.73562,0.00,0.00
2015.11.23 14:46:16.262,10.73248,10.73562,0.00,0.00
2015.11.23 14:46:16.825,10.73289,10.73562,0.00,0.00
2015.11.23 14:46:17.255,10.73289,10.73611,0.00,0.00
2015.11.23 14:46:17.306,10.73331,10.73611,0.00,0.00
2015.11.23 14:46:17.356,10.73331,10.73622,0.00,0.00
2015.11.23 14:46:17.426,10.73349,10.73622,0.00,0.00
2015.11.23 14:46:17.679,10.73382,10.73661,0.00,0.00
2015.11.23 14:46:17.729,10.73378,10.73652,0.00,0.00
2015.11.23 14:46:18.043,10.7334,10.73621,0.00,0.00
2015.11.23 14:46:18.094,10.73451,10.73622,0.00,0.00
2015.11.23 14:46:18.195,10.73299,10.7361,0.00,0.00
2015.11.23 14:46:18.246,10.73289,10.73561,0.00,0.00
2015.11.23 14:46:18.548,10.73321,10.73511,0.00,0.00
2015.11.23 14:46:18.599,10.73321,10.73562,0.00,0.00
2015.11.23 14:46:18.650,10.7329,10.73562,0.00,0.00
2015.11.23 14:46:18.751,10.73289,10.73611,0.00,0.00
2015.11.23 14:46:18.852,10.73332,10.73612,0.00,0.00
2015.11.23 14:46:19.240,10.73241,10.7335,0.00,0.00
2015.11.23 14:46:19.342,10.73031,10.73312,0.00,0.00
2015.11.23 14:46:19.393,10.73012,10.73312,0.00,0.00
2015.11.23 14:46:19.443,10.73,10.73271,0.00,0.00
2015.11.23 14:46:19.749,10.72971,10.73211,0.00,0.00
2015.11.23 14:46:20.095,10.72971,10.73261,0.00,0.00
2015.11.23 14:46:20.146,10.72999,10.73262,0.00,0.00
2015.11.23 14:46:20.727,10.73011,10.73261,0.00,0.00
2015.11.23 14:46:21.037,10.73011,10.73211,0.00,0.00
2015.11.23 14:46:21.087,10.72961,10.73211,0.00,0.00
2015.11.23 14:46:21.189,10.73001,10.73211,0.00,0.00
2015.11.23 14:46:21.239,10.73001,10.73261,0.00,0.00
2015.11.23 14:46:21.341,10.73001,10.73211,0.00,0.00
2015.11.23 14:46:21.493,10.72889,10.73131,0.00,0.00
2015.11.23 14:46:21.544,10.72871,10.73021,0.00,0.00
2015.11.23 14:46:21.975,10.72781,10.73012,0.00,0.00
2015.11.23 14:46:22.026,10.72802,10.73012,0.00,0.00
2015.11.23 14:46:22.077,10.72802,10.73062,0.00,0.00
2015.11.23 14:46:22.196,10.72802,10.73111,0.00,0.00
2015.11.23 14:46:22.248,10.72839,10.73111,0.00,0.00
2015.11.23 14:46:22.349,10.72828,10.73111,0.00,0.00
2015.11.23 14:46:22.450,10.72818,10.73062,0.00,0.00
2015.11.23 14:46:22.740,10.72812,10.73111,0.00,0.00
2015.11.23 14:46:22.790,10.7284,10.73111,0.00,0.00
2015.11.23 14:46:23.233,10.72829,10.73062,0.00,0.00
2015.11.23 14:46:23.284,10.72801,10.73062,0.00,0.00
2015.11.23 14:46:24.499,10.72808,10.73062,0.00,0.00
2015.11.23 14:46:24.808,10.7283,10.73012,0.00,0.00
2015.11.23 14:46:24.858,10.7289,10.73111,0.00,0.00
2015.11.23 14:46:24.959,10.72921,10.73111,0.00,0.00
2015.11.23 14:46:25.096,10.72928,10.73212,0.00,0.00
2015.11.23 14:46:25.197,10.72938,10.73212,0.00,0.00
2015.11.23 14:46:25.551,10.72921,10.73212,0.00,0.00
2015.11.23 14:46:25.801,10.72938,10.73212,0.00,0.00
2015.11.23 14:46:25.851,10.72922,10.73212,0.00,0.00
2015.11.23 14:46:25.902,10.7298,10.73212,0.00,0.00
2015.11.23 14:46:25.953,10.73012,10.7326,0.00,0.00
2015.11.23 14:46:26.053,10.72978,10.73211,0.00,0.00
2015.11.23 14:46:26.154,10.72949,10.73211,0.00,0.00
2015.11.23 14:46:26.255,10.72941,10.73211,0.00,0.00
2015.11.23 14:46:26.452,10.72949,10.73211,0.00,0.00
2015.11.23 14:46:26.765,10.72959,10.73211,0.00,0.00
2015.11.23 14:46:26.866,10.72941,10.73211,0.00,0.00
2015.11.23 14:46:27.133,10.72989,10.73211,0.00,0.00
2015.11.23 14:46:27.189,10.72989,10.73261,0.00,0.00
2015.11.23 14:46:27.485,10.73021,10.73311,0.00,0.00
2015.11.23 14:46:28.550,10.73029,10.73311,0.00,0.00
2015.11.23 14:46:28.861,10.72972,10.73262,0.00,0.00
2015.11.23 14:46:29.089,10.73019,10.73262,0.00,0.00
2015.11.23 14:46:29.140,10.73019,10.73312,0.00,0.00
2015.11.23 14:46:29.191,10.73009,10.73311,0.00,0.00
2015.11.23 14:46:29.292,10.73019,10.7331,0.00,0.00
2015.11.23 14:46:29.745,10.72979,10.73261,0.00,0.00
2015.11.23 14:46:29.797,10.72972,10.73261,0.00,0.00
2015.11.23 14:46:30.341,10.72988,10.7331,0.00,0.00
2015.11.23 14:46:30.392,10.73012,10.73312,0.00,0.00
2015.11.23 14:46:30.443,10.73038,10.73341,0.00,0.00
2015.11.23 14:46:30.494,10.7308,10.73361,0.00,0.00
2015.11.23 14:46:30.705,10.7312,10.73412,0.00,0.00
2015.11.23 14:46:31.073,10.7313,10.73412,0.00,0.00
2015.11.23 14:46:31.326,10.73102,10.73411,0.00,0.00
2015.11.23 14:46:31.446,10.73111,10.73411,0.00,0.00
2015.11.23 14:46:31.769,10.73139,10.73432,0.00,0.00
2015.11.23 14:46:32.071,10.73221,10.73511,0.00,0.00
2015.11.23 14:46:32.173,10.73311,10.73611,0.00,0.00
2015.11.23 14:46:32.576,10.73329,10.73611,0.00,0.00
2015.11.23 14:46:32.879,10.73359,10.73611,0.00,0.00
2015.11.23 14:46:33.093,10.7337,10.7366,0.00,0.00
2015.11.23 14:46:33.144,10.73411,10.73662,0.00,0.00
2015.11.23 14:46:33.345,10.7342,10.73712,0.00,0.00
2015.11.23 14:46:33.541,10.73479,10.73761,0.00,0.00
2015.11.23 14:46:33.888,10.73429,10.73711,0.00,0.00
2015.11.23 14:46:34.090,10.7338,10.73702,0.00,0.00
2015.11.23 14:46:34.140,10.73429,10.73702,0.00,0.00
2015.11.23 14:46:34.191,10.73429,10.73721,0.00,0.00
2015.11.23 14:46:34.443,10.73428,10.7368,0.00,0.00
2015.11.23 14:46:34.645,10.73428,10.73751,0.00,0.00
2015.11.23 14:46:35.000,10.73379,10.73702,0.00,0.00
2015.11.23 14:46:35.302,10.73378,10.73682,0.00,0.00
2015.11.23 14:46:35.970,10.73429,10.73682,0.00,0.00
2015.11.23 14:46:36.568,10.73429,10.73708,0.00,0.00
2015.11.23 14:46:36.628,10.73379,10.73642,0.00,0.00
2015.11.23 14:46:36.706,10.73339,10.73642,0.00,0.00
2015.11.23 14:46:37.025,10.73352,10.73642,0.00,0.00
2015.11.23 14:46:37.227,10.73389,10.73692,0.00,0.00
2015.11.23 14:46:37.278,10.73438,10.73692,0.00,0.00
2015.11.23 14:46:37.379,10.7344,10.73721,0.00,0.00
2015.11.23 14:46:37.482,10.73438,10.73721,0.00,0.00
2015.11.23 14:46:37.583,10.73438,10.73682,0.00,0.00
2015.11.23 14:46:37.684,10.73438,10.73722,0.00,0.00
2015.11.23 14:46:38.025,10.73469,10.73722,0.00,0.00
2015.11.23 14:46:38.076,10.73438,10.73752,0.00,0.00
2015.11.23 14:46:38.127,10.73438,10.73762,0.00,0.00
2015.11.23 14:46:38.228,10.73438,10.73738,0.00,0.00
2015.11.23 14:46:38.531,10.73438,10.73701,0.00,0.00
2015.11.23 14:46:38.685,10.73438,10.73712,0.00,0.00
2015.11.23 14:46:39.098,10.73438,10.73731,0.00,0.00
2015.11.23 14:46:39.337,10.73438,10.73739,0.00,0.00
2015.11.23 14:46:39.485,10.73438,10.73721,0.00,0.00
2015.11.23 14:46:39.871,10.73438,10.73712,0.00,0.00
2015.11.23 14:46:39.922,10.7342,10.73712,0.00,0.00
2015.11.23 14:46:39.972,10.7344,10.73712,0.00,0.00
2015.11.23 14:46:40.224,10.734,10.73682,0.00,0.00
2015.11.23 14:46:40.275,10.73438,10.73682,0.00,0.00
2015.11.23 14:46:40.326,10.73438,10.73722,0.00,0.00
2015.11.23 14:46:40.493,10.73438,10.73692,0.00,0.00
2015.11.23 14:46:40.826,10.73438,10.73721,0.00,0.00
2015.11.23 14:46:40.994,10.73438,10.73702,0.00,0.00
2015.11.23 14:46:41.247,10.73338,10.73622,0.00,0.00
2015.11.23 14:46:41.423,10.73338,10.73602,0.00,0.00
2015.11.23 14:46:41.524,10.73338,10.73622,0.00,0.00
2015.11.23 14:46:41.575,10.73312,10.73612,0.00,0.00
2015.11.23 14:46:41.626,10.73312,10.73598,0.00,0.00
2015.11.23 14:46:41.676,10.73288,10.73598,0.00,0.00
2015.11.23 14:46:41.727,10.73288,10.73549,0.00,0.00
2015.11.23 14:46:41.777,10.73238,10.73549,0.00,0.00
2015.11.23 14:46:42.140,10.73238,10.73521,0.00,0.00
2015.11.23 14:46:42.241,10.73238,10.73531,0.00,0.00
2015.11.23 14:46:42.294,10.73238,10.73521,0.00,0.00
2015.11.23 14:46:42.409,10.73238,10.73542,0.00,0.00
2015.11.23 14:46:42.460,10.73211,10.73512,0.00,0.00
2015.11.23 14:46:42.662,10.73141,10.73462,0.00,0.00
2015.11.23 14:46:43.315,10.73141,10.73461,0.00,0.00
2015.11.23 14:46:43.819,10.73141,10.73462,0.00,0.00
2015.11.23 14:46:44.525,10.73141,10.73412,0.00,0.00
2015.11.23 14:46:44.626,10.73139,10.73412,0.00,0.00
2015.11.23 14:46:44.728,10.73109,10.73412,0.00,0.00
2015.11.23 14:46:44.779,10.73091,10.73412,0.00,0.00
2015.11.23 14:46:44.956,10.73091,10.73362,0.00,0.00
2015.11.23 14:46:45.057,10.73089,10.73362,0.00,0.00
2015.11.23 14:46:45.107,10.73068,10.73262,0.00,0.00
2015.11.23 14:46:45.209,10.72989,10.73262,0.00,0.00
2015.11.23 14:46:45.636,10.73019,10.73262,0.00,0.00
2015.11.23 14:46:45.687,10.7303,10.73312,0.00,0.00
2015.11.23 14:46:45.788,10.73019,10.73312,0.00,0.00
2015.11.23 14:46:45.839,10.73029,10.73211,0.00,0.00
2015.11.23 14:46:45.941,10.7295,10.73211,0.00,0.00
2015.11.23 14:46:45.992,10.72949,10.73261,0.00,0.00
2015.11.23 14:46:46.154,10.72951,10.73261,0.00,0.00
2015.11.23 14:46:46.457,10.7292,10.73212,0.00,0.00
2015.11.23 14:46:46.767,10.72911,10.73112,0.00,0.00
2015.11.23 14:46:46.818,10.72861,10.73112,0.00,0.00
2015.11.23 14:46:46.954,10.72861,10.73161,0.00,0.00
2015.11.23 14:46:47.136,10.72888,10.73161,0.00,0.00
2015.11.23 14:46:47.258,10.72869,10.73161,0.00,0.00
2015.11.23 14:46:47.657,10.72888,10.73161,0.00,0.00
2015.11.23 14:46:48.050,10.72812,10.73112,0.00,0.00
2015.11.23 14:46:48.456,10.72829,10.73112,0.00,0.00
2015.11.23 14:46:48.776,10.72839,10.73112,0.00,0.00
2015.11.23 14:46:49.065,10.72869,10.73148,0.00,0.00
2015.11.23 14:46:49.116,10.72929,10.73161,0.00,0.00
2015.11.23 14:46:49.407,10.72938,10.73211,0.00,0.00
2015.11.23 14:46:49.527,10.72932,10.73211,0.00,0.00
2015.11.23 14:46:49.577,10.72959,10.73211,0.00,0.00
2015.11.23 14:46:49.633,10.72932,10.73211,0.00,0.00
2015.11.23 14:46:49.685,10.72932,10.73162,0.00,0.00
2015.11.23 14:46:49.937,10.72932,10.73211,0.00,0.00
2015.11.23 14:46:50.345,10.72932,10.73161,0.00,0.00
2015.11.23 14:46:50.446,10.72922,10.73161,0.00,0.00
2015.11.23 14:46:50.741,10.72922,10.73212,0.00,0.00
2015.11.23 14:46:51.338,10.72928,10.73212,0.00,0.00
2015.11.23 14:46:51.439,10.72922,10.73212,0.00,0.00
2015.11.23 14:46:52.635,10.72928,10.73212,0.00,0.00
2015.11.23 14:46:53.023,10.72922,10.73212,0.00,0.00
2015.11.23 14:46:55.446,10.72922,10.73162,0.00,0.00
2015.11.23 14:46:55.547,10.72889,10.73162,0.00,0.00
2015.11.23 14:46:55.648,10.72882,10.73162,0.00,0.00
2015.11.23 14:46:55.749,10.72898,10.73162,0.00,0.00
2015.11.23 14:46:56.067,10.72882,10.73162,0.00,0.00
2015.11.23 14:46:56.350,10.72898,10.73162,0.00,0.00
2015.11.23 14:46:56.552,10.72882,10.73162,0.00,0.00
2015.11.23 14:46:56.869,10.72898,10.73162,0.00,0.00
2015.11.23 14:46:56.945,10.72898,10.73198,0.00,0.00
2015.11.23 14:46:57.049,10.72921,10.73198,0.00,0.00
2015.11.23 14:46:57.099,10.72921,10.73211,0.00,0.00
2015.11.23 14:46:57.200,10.72921,10.73162,0.00,0.00
2015.11.23 14:46:57.264,10.72909,10.73162,0.00,0.00
2015.11.23 14:46:57.566,10.72881,10.73162,0.00,0.00
2015.11.23 14:46:58.042,10.72899,10.73162,0.00,0.00
2015.11.23 14:46:58.155,10.72881,10.73162,0.00,0.00
2015.11.23 14:46:59.787,10.72899,10.73162,0.00,0.00
2015.11.23 14:46:59.938,10.72888,10.73162,0.00,0.00
2015.11.23 14:47:00.580,10.72898,10.73162,0.00,0.00
2015.11.23 14:47:00.877,10.72881,10.73161,0.00,0.00
2015.11.23 14:47:00.928,10.72859,10.73112,0.00,0.00
2015.11.23 14:47:00.979,10.72841,10.73112,0.00,0.00
2015.11.23 14:47:01.084,10.72841,10.73149,0.00,0.00
2015.11.23 14:47:01.134,10.72882,10.73149,0.00,0.00
2015.11.23 14:47:01.235,10.72898,10.73188,0.00,0.00
2015.11.23 14:47:01.286,10.72909,10.73212,0.00,0.00
2015.11.23 14:47:01.337,10.72922,10.73212,0.00,0.00
2015.11.23 14:47:01.925,10.72929,10.73212,0.00,0.00
2015.11.23 14:47:01.976,10.72922,10.73212,0.00,0.00
2015.11.23 14:47:02.181,10.72928,10.73212,0.00,0.00
2015.11.23 14:47:02.448,10.73039,10.73349,0.00,0.00
2015.11.23 14:47:02.499,10.73079,10.73362,0.00,0.00
2015.11.23 14:47:02.651,10.73071,10.73362,0.00,0.00
2015.11.23 14:47:02.753,10.73079,10.73362,0.00,0.00
2015.11.23 14:47:02.850,10.73071,10.73362,0.00,0.00
2015.11.23 14:47:03.171,10.73078,10.73362,0.00,0.00
2015.11.23 14:47:03.272,10.73071,10.73362,0.00,0.00
2015.11.23 14:47:03.323,10.73039,10.73362,0.00,0.00
2015.11.23 14:47:03.905,10.73068,10.73362,0.00,0.00
2015.11.23 14:47:04.006,10.73058,10.73362,0.00,0.00
2015.11.23 14:47:04.107,10.73039,10.73362,0.00,0.00
2015.11.23 14:47:04.570,10.73049,10.73362,0.00,0.00
2015.11.23 14:47:04.759,10.73038,10.73362,0.00,0.00
2015.11.23 14:47:05.439,10.73022,10.73312,0.00,0.00
2015.11.23 14:47:05.540,10.72989,10.73312,0.00,0.00
2015.11.23 14:47:05.838,10.73019,10.73312,0.00,0.00
2015.11.23 14:47:06.191,10.73008,10.73312,0.00,0.00
2015.11.23 14:47:06.292,10.72999,10.73312,0.00,0.00
2015.11.23 14:47:06.343,10.72999,10.73249,0.00,0.00
2015.11.23 14:47:06.394,10.72981,10.73249,0.00,0.00
2015.11.23 14:47:06.445,10.72939,10.73249,0.00,0.00
2015.11.23 14:47:06.546,10.72899,10.73212,0.00,0.00
2015.11.23 14:47:06.681,10.72891,10.73212,0.00,0.00
2015.11.23 14:47:07.469,10.72898,10.73212,0.00,0.00
2015.11.23 14:47:07.570,10.72891,10.73212,0.00,0.00
2015.11.23 14:47:07.724,10.72891,10.73162,0.00,0.00
2015.11.23 14:47:07.825,10.72842,10.73162,0.00,0.00
2015.11.23 14:47:07.926,10.72842,10.73149,0.00,0.00
2015.11.23 14:47:08.670,10.72861,10.73161,0.00,0.00
2015.11.23 14:47:09.019,10.72888,10.73162,0.00,0.00
2015.11.23 14:47:09.075,10.72879,10.73162,0.00,0.00
2015.11.23 14:47:09.366,10.72902,10.73162,0.00,0.00
2015.11.23 14:47:09.417,10.72902,10.73189,0.00,0.00
2015.11.23 14:47:09.518,10.72908,10.73212,0.00,0.00
2015.11.23 14:47:09.625,10.72902,10.73162,0.00,0.00
2015.11.23 14:47:09.887,10.72869,10.73162,0.00,0.00
2015.11.23 14:47:09.938,10.72862,10.73162,0.00,0.00
2015.11.23 14:47:10.480,10.72869,10.73162,0.00,0.00
2015.11.23 14:47:10.582,10.72862,10.73162,0.00,0.00
2015.11.23 14:47:10.683,10.72869,10.73162,0.00,0.00
2015.11.23 14:47:11.138,10.72888,10.73199,0.00,0.00
2015.11.23 14:47:11.189,10.72902,10.73211,0.00,0.00
2015.11.23 14:47:11.502,10.72989,10.73298,0.00,0.00
2015.11.23 14:47:11.553,10.72989,10.7331,0.00,0.00
2015.11.23 14:47:11.604,10.73001,10.7331,0.00,0.00
2015.11.23 14:47:12.255,10.72931,10.73212,0.00,0.00
2015.11.23 14:47:12.460,10.72949,10.73248,0.00,0.00
2015.11.23 14:47:12.511,10.72949,10.73262,0.00,0.00
2015.11.23 14:47:12.631,10.72962,10.73262,0.00,0.00
2015.11.23 14:47:13.050,10.72962,10.73212,0.00,0.00
2015.11.23 14:47:13.101,10.72949,10.73212,0.00,0.00
2015.11.23 14:47:13.152,10.72921,10.73212,0.00,0.00
2015.11.23 14:47:13.444,10.7292,10.73168,0.00,0.00
2015.11.23 14:47:13.495,10.72888,10.73188,0.00,0.00
2015.11.23 14:47:13.697,10.72872,10.73161,0.00,0.00
2015.11.23 14:47:14.586,10.72872,10.73111,0.00,0.00
2015.11.23 14:47:14.636,10.72831,10.73111,0.00,0.00
2015.11.23 14:47:15.025,10.7285,10.73111,0.00,0.00
2015.11.23 14:47:15.452,10.7285,10.73148,0.00,0.00
2015.11.23 14:47:15.502,10.72871,10.73161,0.00,0.00
2015.11.23 14:47:15.805,10.72911,10.73178,0.00,0.00
2015.11.23 14:47:16.018,10.72911,10.73199,0.00,0.00
2015.11.23 14:47:16.239,10.72911,10.73179,0.00,0.00
2015.11.23 14:47:16.782,10.72888,10.73179,0.00,0.00
2015.11.23 14:47:16.836,10.72912,10.73162,0.00,0.00
2015.11.23 14:47:16.937,10.72871,10.73161,0.00,0.00
2015.11.23 14:47:17.224,10.72888,10.73178,0.00,0.00
2015.11.23 14:47:17.770,10.72911,10.73178,0.00,0.00
2015.11.23 14:47:18.016,10.72911,10.73188,0.00,0.00
2015.11.23 14:47:18.384,10.72911,10.73161,0.00,0.00
2015.11.23 14:47:18.486,10.72871,10.73161,0.00,0.00
2015.11.23 14:47:18.536,10.72879,10.73161,0.00,0.00
2015.11.23 14:47:18.638,10.72912,10.73199,0.00,0.00
2015.11.23 14:47:18.689,10.72912,10.73211,0.00,0.00
2015.11.23 14:47:18.790,10.72889,10.7321,0.00,0.00
2015.11.23 14:47:18.840,10.72871,10.73161,0.00,0.00
2015.11.23 14:47:18.982,10.72889,10.73211,0.00,0.00
2015.11.23 14:47:19.033,10.72889,10.73178,0.00,0.00
2015.11.23 14:47:19.084,10.72871,10.73161,0.00,0.00
2015.11.23 14:47:19.274,10.72889,10.73178,0.00,0.00
2015.11.23 14:47:19.325,10.72889,10.73211,0.00,0.00
2015.11.23 14:47:19.376,10.72911,10.73211,0.00,0.00
2015.11.23 14:47:20.360,10.72919,10.73211,0.00,0.00
2015.11.23 14:47:20.695,10.72928,10.73211,0.00,0.00
2015.11.23 14:47:21.017,10.7293,10.73211,0.00,0.00
2015.11.23 14:47:21.321,10.72961,10.73262,0.00,0.00
2015.11.23 14:47:21.556,10.7297,10.73262,0.00,0.00
2015.11.23 14:47:21.657,10.73002,10.73312,0.00,0.00
2015.11.23 14:47:21.759,10.73009,10.73312,0.00,0.00
2015.11.23 14:47:22.103,10.73039,10.73312,0.00,0.00
2015.11.23 14:47:22.204,10.73019,10.73312,0.00,0.00
2015.11.23 14:47:23.579,10.7302,10.73312,0.00,0.00
2015.11.23 14:47:24.266,10.73019,10.73312,0.00,0.00
2015.11.23 14:47:24.845,10.73168,10.73361,0.00,0.00
2015.11.23 14:47:24.896,10.73189,10.73511,0.00,0.00
2015.11.23 14:47:24.947,10.73201,10.73511,0.00,0.00
2015.11.23 14:47:25.436,10.73208,10.73511,0.00,0.00
2015.11.23 14:47:25.818,10.73201,10.73511,0.00,0.00
2015.11.23 14:47:26.038,10.73208,10.73511,0.00,0.00
2015.11.23 14:47:26.253,10.73201,10.73511,0.00,0.00
2015.11.23 14:47:26.567,10.73208,10.73511,0.00,0.00
2015.11.23 14:47:26.669,10.73201,10.73511,0.00,0.00
2015.11.23 14:47:27.086,10.7324,10.73511,0.00,0.00
2015.11.23 14:47:27.244,10.7323,10.73511,0.00,0.00
2015.11.23 14:47:27.345,10.73209,10.73511,0.00,0.00
2015.11.23 14:47:28.275,10.73219,10.73511,0.00,0.00
2015.11.23 14:47:29.000,10.73201,10.73411,0.00,0.00
2015.11.23 14:47:29.051,10.73179,10.73411,0.00,0.00
2015.11.23 14:47:29.151,10.73169,10.73411,0.00,0.00
2015.11.23 14:47:29.202,10.73169,10.73462,0.00,0.00
2015.11.23 14:47:29.303,10.73129,10.73412,0.00,0.00
2015.11.23 14:47:29.619,10.73122,10.73412,0.00,0.00
2015.11.23 14:47:30.192,10.73122,10.73362,0.00,0.00
2015.11.23 14:47:30.242,10.7307,10.73362,0.00,0.00
2015.11.23 14:47:30.293,10.73088,10.73412,0.00,0.00
2015.11.23 14:47:30.344,10.73088,10.73399,0.00,0.00
2015.11.23 14:47:30.657,10.73069,10.73361,0.00,0.00
2015.11.23 14:47:31.036,10.73061,10.73361,0.00,0.00
2015.11.23 14:47:31.086,10.73068,10.73361,0.00,0.00
2015.11.23 14:47:31.288,10.73061,10.73361,0.00,0.00
2015.11.23 14:47:31.490,10.73061,10.73312,0.00,0.00
2015.11.23 14:47:31.591,10.73022,10.73312,0.00,0.00
2015.11.23 14:47:31.792,10.73022,10.73258,0.00,0.00
2015.11.23 14:47:31.894,10.72939,10.73258,0.00,0.00
2015.11.23 14:47:31.944,10.7293,10.73212,0.00,0.00
2015.11.23 14:47:32.664,10.72888,10.73198,0.00,0.00
2015.11.23 14:47:32.715,10.72861,10.73162,0.00,0.00
2015.11.23 14:47:34.275,10.72889,10.73198,0.00,0.00
2015.11.23 14:47:34.326,10.72901,10.73211,0.00,0.00
2015.11.23 14:47:34.476,10.72939,10.73238,0.00,0.00
2015.11.23 14:47:34.822,10.7302,10.73311,0.00,0.00
2015.11.23 14:47:35.248,10.73012,10.73311,0.00,0.00
2015.11.23 14:47:37.540,10.73012,10.73261,0.00,0.00
2015.11.23 14:47:37.642,10.72971,10.73261,0.00,0.00
2015.11.23 14:47:37.743,10.73022,10.73312,0.00,0.00
2015.11.23 14:47:41.104,10.72999,10.73288,0.00,0.00
2015.11.23 14:47:41.154,10.72971,10.73261,0.00,0.00
2015.11.23 14:47:41.542,10.72971,10.73211,0.00,0.00
2015.11.23 14:47:41.593,10.72931,10.73211,0.00,0.00
2015.11.23 14:47:43.412,10.72969,10.73249,0.00,0.00
2015.11.23 14:47:43.804,10.73011,10.73312,0.00,0.00
2015.11.23 14:47:45.160,10.73011,10.73262,0.00,0.00
2015.11.23 14:47:45.211,10.72972,10.73262,0.00,0.00
2015.11.23 14:47:46.423,10.72989,10.73288,0.00,0.00
2015.11.23 14:47:46.524,10.73011,10.73311,0.00,0.00
2015.11.23 14:47:48.328,10.7304,10.73311,0.00,0.00
2015.11.23 14:47:48.445,10.73038,10.73311,0.00,0.00
2015.11.23 14:47:48.546,10.73059,10.73311,0.00,0.00
2015.11.23 14:47:49.406,10.73129,10.73411,0.00,0.00
2015.11.23 14:47:50.048,10.7312,10.73411,0.00,0.00
2015.11.23 14:47:50.894,10.73101,10.73411,0.00,0.00
2015.11.23 14:47:52.521,10.73062,10.73362,0.00,0.00
2015.11.23 14:47:55.166,10.73062,10.73312,0.00,0.00
2015.11.23 14:47:55.216,10.7303,10.73312,0.00,0.00
2015.11.23 14:47:55.267,10.73021,10.73312,0.00,0.00
2015.11.23 14:47:55.574,10.73038,10.73359,0.00,0.00
2015.11.23 14:47:55.675,10.7307,10.73362,0.00,0.00
2015.11.23 14:47:56.783,10.73018,10.73311,0.00,0.00
2015.11.23 14:47:56.834,10.73,10.73311,0.00,0.00
2015.11.23 14:47:57.108,10.73012,10.73312,0.00,0.00
2015.11.23 14:47:57.710,10.7298,10.73262,0.00,0.00
2015.11.23 14:47:58.200,10.72922,10.73212,0.00,0.00
2015.11.23 14:47:58.872,10.72939,10.73212,0.00,0.00
2015.11.23 14:47:58.923,10.72939,10.73219,0.00,0.00
2015.11.23 14:47:59.024,10.72968,10.73261,0.00,0.00
2015.11.23 14:47:59.948,10.72962,10.73261,0.00,0.00
2015.11.23 14:48:00.250,10.72969,10.73261,0.00,0.00
2015.11.23 14:48:00.938,10.72931,10.73212,0.00,0.00
2015.11.23 14:48:03.185,10.72931,10.73161,0.00,0.00
2015.11.23 14:48:03.236,10.72881,10.73161,0.00,0.00
2015.11.23 14:48:03.559,10.72888,10.73161,0.00,0.00
2015.11.23 14:48:03.610,10.72888,10.73212,0.00,0.00
2015.11.23 14:48:03.660,10.72909,10.73212,0.00,0.00
2015.11.23 14:48:04.189,10.72922,10.73211,0.00,0.00
2015.11.23 14:48:04.863,10.72922,10.73162,0.00,0.00
2015.11.23 14:48:04.915,10.72839,10.73111,0.00,0.00
2015.11.23 14:48:05.016,10.72832,10.73111,0.00,0.00
2015.11.23 14:48:08.216,10.72838,10.73111,0.00,0.00
2015.11.23 14:48:08.270,10.72832,10.73111,0.00,0.00
2015.11.23 14:48:08.560,10.72798,10.73062,0.00,0.00
2015.11.23 14:48:08.611,10.72782,10.73062,0.00,0.00
2015.11.23 14:48:08.813,10.72789,10.73062,0.00,0.00
2015.11.23 14:48:09.115,10.72741,10.73049,0.00,0.00
2015.11.23 14:48:09.216,10.72748,10.73049,0.00,0.00
2015.11.23 14:48:09.537,10.72758,10.73012,0.00,0.00
2015.11.23 14:48:09.881,10.72778,10.73012,0.00,0.00
2015.11.23 14:48:09.988,10.72742,10.73012,0.00,0.00
2015.11.23 14:48:10.290,10.72749,10.73012,0.00,0.00
2015.11.23 14:48:10.391,10.72742,10.73012,0.00,0.00
2015.11.23 14:48:10.691,10.72759,10.73012,0.00,0.00
2015.11.23 14:48:10.939,10.72748,10.73012,0.00,0.00
2015.11.23 14:48:11.395,10.72742,10.73012,0.00,0.00
2015.11.23 14:48:14.603,10.72742,10.73019,0.00,0.00
2015.11.23 14:48:14.705,10.72749,10.73062,0.00,0.00
2015.11.23 14:48:14.963,10.72789,10.73061,0.00,0.00
2015.11.23 14:48:15.129,10.72778,10.73061,0.00,0.00
2015.11.23 14:48:15.230,10.72772,10.73061,0.00,0.00
2015.11.23 14:48:15.736,10.72772,10.73012,0.00,0.00
2015.11.23 14:48:15.787,10.72748,10.73012,0.00,0.00
2015.11.23 14:48:15.838,10.72741,10.73012,0.00,0.00
2015.11.23 14:48:16.255,10.72691,10.73009,0.00,0.00
2015.11.23 14:48:16.306,10.72691,10.72962,0.00,0.00
2015.11.23 14:48:16.650,10.72698,10.72962,0.00,0.00
2015.11.23 14:48:16.952,10.72599,10.72911,0.00,0.00
2015.11.23 14:48:17.058,10.72628,10.72911,0.00,0.00
2015.11.23 14:48:17.469,10.72589,10.72861,0.00,0.00
2015.11.23 14:48:18.234,10.72581,10.72811,0.00,0.00
2015.11.23 14:48:18.293,10.72569,10.72811,0.00,0.00
2015.11.23 14:48:18.344,10.72498,10.72799,0.00,0.00
2015.11.23 14:48:18.423,10.72492,10.72799,0.00,0.00
2015.11.23 14:48:18.474,10.72492,10.72711,0.00,0.00
2015.11.23 14:48:18.525,10.72442,10.72711,0.00,0.00
2015.11.23 14:48:18.726,10.72448,10.72711,0.00,0.00
2015.11.23 14:48:18.973,10.72442,10.72711,0.00,0.00
2015.11.23 14:48:19.351,10.72459,10.72711,0.00,0.00
2015.11.23 14:48:19.926,10.72442,10.72711,0.00,0.00
2015.11.23 14:48:20.027,10.72458,10.72738,0.00,0.00
2015.11.23 14:48:20.078,10.72481,10.72762,0.00,0.00
2015.11.23 14:48:20.622,10.72482,10.72762,0.00,0.00
2015.11.23 14:48:20.728,10.72489,10.72762,0.00,0.00
2015.11.23 14:48:21.046,10.72499,10.72762,0.00,0.00
2015.11.23 14:48:21.830,10.72479,10.72762,0.00,0.00
2015.11.23 14:48:21.931,10.72519,10.72762,0.00,0.00
2015.11.23 14:48:22.431,10.72478,10.72762,0.00,0.00
2015.11.23 14:48:23.074,10.72511,10.72758,0.00,0.00
2015.11.23 14:48:23.389,10.72519,10.72762,0.00,0.00
2015.11.23 14:48:23.439,10.72508,10.72762,0.00,0.00
2015.11.23 14:48:23.622,10.72478,10.72762,0.00,0.00
2015.11.23 14:48:23.733,10.72472,10.72762,0.00,0.00
2015.11.23 14:48:23.833,10.72489,10.72762,0.00,0.00
2015.11.23 14:48:24.052,10.72432,10.72712,0.00,0.00
2015.11.23 14:48:24.335,10.72448,10.72712,0.00,0.00
2015.11.23 14:48:24.626,10.72438,10.72712,0.00,0.00
2015.11.23 14:48:24.677,10.72432,10.72712,0.00,0.00
2015.11.23 14:48:25.065,10.72449,10.72712,0.00,0.00
2015.11.23 14:48:25.166,10.72432,10.72712,0.00,0.00
2015.11.23 14:48:26.079,10.72439,10.72712,0.00,0.00
2015.11.23 14:48:26.138,10.72432,10.72712,0.00,0.00
2015.11.23 14:48:26.983,10.72438,10.72712,0.00,0.00
2015.11.23 14:48:27.583,10.72499,10.72712,0.00,0.00
2015.11.23 14:48:27.634,10.72499,10.72739,0.00,0.00
2015.11.23 14:48:27.741,10.72511,10.72812,0.00,0.00
2015.11.23 14:48:27.793,10.72511,10.72789,0.00,0.00
2015.11.23 14:48:27.895,10.72438,10.72749,0.00,0.00
2015.11.23 14:48:27.946,10.72432,10.72711,0.00,0.00
2015.11.23 14:48:28.417,10.72411,10.72711,0.00,0.00
2015.11.23 14:48:29.005,10.72419,10.72711,0.00,0.00
2015.11.23 14:48:30.333,10.72411,10.72711,0.00,0.00
2015.11.23 14:48:30.484,10.72419,10.72711,0.00,0.00
2015.11.23 14:48:30.786,10.72429,10.72711,0.00,0.00
2015.11.23 14:48:31.048,10.72399,10.72711,0.00,0.00
2015.11.23 14:48:31.149,10.72498,10.72719,0.00,0.00
2015.11.23 14:48:31.451,10.72468,10.72712,0.00,0.00
2015.11.23 14:48:31.502,10.72482,10.72712,0.00,0.00
2015.11.23 14:48:31.553,10.72489,10.72761,0.00,0.00
2015.11.23 14:48:31.654,10.72439,10.72748,0.00,0.00
2015.11.23 14:48:31.755,10.72439,10.72719,0.00,0.00
2015.11.23 14:48:31.805,10.72402,10.72711,0.00,0.00
2015.11.23 14:48:33.059,10.72409,10.72711,0.00,0.00
2015.11.23 14:48:33.260,10.72389,10.72711,0.00,0.00
2015.11.23 14:48:34.016,10.72399,10.72711,0.00,0.00
2015.11.23 14:48:34.418,10.72418,10.72711,0.00,0.00
2015.11.23 14:48:35.302,10.724,10.72711,0.00,0.00
2015.11.23 14:48:35.353,10.72389,10.72711,0.00,0.00
2015.11.23 14:48:37.026,10.72389,10.72591,0.00,0.00
2015.11.23 14:48:37.077,10.72382,10.72591,0.00,0.00
2015.11.23 14:48:37.128,10.72369,10.72548,0.00,0.00
2015.11.23 14:48:37.178,10.72221,10.72511,0.00,0.00
2015.11.23 14:48:37.829,10.72211,10.72511,0.00,0.00
2015.11.23 14:48:38.081,10.72219,10.72512,0.00,0.00
2015.11.23 14:48:38.182,10.72211,10.72512,0.00,0.00
2015.11.23 14:48:44.806,10.72219,10.72512,0.00,0.00
2015.11.23 14:48:45.192,10.72211,10.72512,0.00,0.00
2015.11.23 14:48:46.442,10.72188,10.72512,0.00,0.00
2015.11.23 14:48:47.783,10.72219,10.72512,0.00,0.00
2015.11.23 14:48:47.834,10.72208,10.72512,0.00,0.00
2015.11.23 14:48:47.935,10.72199,10.72512,0.00,0.00
2015.11.23 14:48:48.036,10.72189,10.72512,0.00,0.00
2015.11.23 14:48:48.575,10.72188,10.72512,0.00,0.00
2015.11.23 14:48:48.969,10.72199,10.72512,0.00,0.00
2015.11.23 14:48:49.478,10.72209,10.72512,0.00,0.00
2015.11.23 14:48:49.781,10.72188,10.72491,0.00,0.00
2015.11.23 14:48:50.092,10.72119,10.72412,0.00,0.00
2015.11.23 14:48:50.683,10.7211,10.72412,0.00,0.00
2015.11.23 14:48:51.184,10.72109,10.72412,0.00,0.00
2015.11.23 14:48:51.807,10.72109,10.72362,0.00,0.00
2015.11.23 14:48:52.121,10.72102,10.72362,0.00,0.00
2015.11.23 14:48:54.199,10.72102,10.72291,0.00,0.00
2015.11.23 14:48:54.300,10.72078,10.72291,0.00,0.00
2015.11.23 14:48:54.561,10.71992,10.72291,0.00,0.00
2015.11.23 14:48:54.612,10.72039,10.72311,0.00,0.00
2015.11.23 14:48:54.663,10.72039,10.72341,0.00,0.00
2015.11.23 14:48:54.714,10.72071,10.72361,0.00,0.00
2015.11.23 14:48:55.202,10.72078,10.72361,0.00,0.00
2015.11.23 14:48:55.252,10.72071,10.72361,0.00,0.00
2015.11.23 14:48:55.410,10.72071,10.72351,0.00,0.00
2015.11.23 14:48:55.562,10.71941,10.72269,0.00,0.00
2015.11.23 14:48:55.613,10.71949,10.72269,0.00,0.00
2015.11.23 14:48:55.983,10.71959,10.72261,0.00,0.00
2015.11.23 14:48:56.337,10.71932,10.72211,0.00,0.00
2015.11.23 14:48:56.659,10.71939,10.72211,0.00,0.00
2015.11.23 14:48:56.842,10.71939,10.72241,0.00,0.00
2015.11.23 14:48:56.892,10.71972,10.72241,0.00,0.00
2015.11.23 14:48:56.943,10.71972,10.72262,0.00,0.00
2015.11.23 14:48:57.044,10.71978,10.72262,0.00,0.00
2015.11.23 14:48:57.544,10.71978,10.72212,0.00,0.00
2015.11.23 14:48:57.594,10.71938,10.72212,0.00,0.00
2015.11.23 14:48:57.845,10.71938,10.72262,0.00,0.00
2015.11.23 14:48:57.896,10.71971,10.72262,0.00,0.00
2015.11.23 14:48:58.212,10.71978,10.72262,0.00,0.00
2015.11.23 14:48:58.464,10.71971,10.72262,0.00,0.00
2015.11.23 14:48:58.565,10.71979,10.72262,0.00,0.00
2015.11.23 14:48:59.061,10.71971,10.72212,0.00,0.00
2015.11.23 14:48:59.112,10.71948,10.72212,0.00,0.00
2015.11.23 14:48:59.163,10.71931,10.72212,0.00,0.00
2015.11.23 14:48:59.385,10.71931,10.72162,0.00,0.00
2015.11.23 14:48:59.536,10.71909,10.72162,0.00,0.00
2015.11.23 14:48:59.587,10.71942,10.72162,0.00,0.00
2015.11.23 14:48:59.638,10.7198,10.72212,0.00,0.00
2015.11.23 14:48:59.739,10.7199,10.72212,0.00,0.00
2015.11.23 14:48:59.940,10.71999,10.72261,0.00,0.00
2015.11.23 14:49:00.041,10.72009,10.72261,0.00,0.00
2015.11.23 14:49:00.375,10.72019,10.72261,0.00,0.00
2015.11.23 14:49:00.564,10.71971,10.72261,0.00,0.00
2015.11.23 14:49:00.826,10.71999,10.72261,0.00,0.00
2015.11.23 14:49:01.167,10.71971,10.72211,0.00,0.00
2015.11.23 14:49:01.268,10.7196,10.72211,0.00,0.00
2015.11.23 14:49:01.882,10.7198,10.72262,0.00,0.00
2015.11.23 14:49:01.933,10.71979,10.7219,0.00,0.00
2015.11.23 14:49:02.035,10.71921,10.72162,0.00,0.00
2015.11.23 14:49:02.136,10.71899,10.72162,0.00,0.00
2015.11.23 14:49:02.449,10.71959,10.72162,0.00,0.00
2015.11.23 14:49:02.500,10.71959,10.72212,0.00,0.00
2015.11.23 14:49:02.550,10.71972,10.72212,0.00,0.00
2015.11.23 14:49:02.759,10.71939,10.72212,0.00,0.00
2015.11.23 14:49:03.514,10.7194,10.72212,0.00,0.00
2015.11.23 14:49:03.647,10.71931,10.72212,0.00,0.00
2015.11.23 14:49:04.555,10.71941,10.72162,0.00,0.00
2015.11.23 14:49:04.747,10.71968,10.72262,0.00,0.00
2015.11.23 14:49:04.798,10.71971,10.72212,0.00,0.00
2015.11.23 14:49:05.073,10.7194,10.72212,0.00,0.00
2015.11.23 14:49:05.344,10.71931,10.72212,0.00,0.00
2015.11.23 14:49:05.546,10.71941,10.72241,0.00,0.00
2015.11.23 14:49:05.596,10.71972,10.72261,0.00,0.00
2015.11.23 14:49:07.288,10.71972,10.72239,0.00,0.00
2015.11.23 14:49:07.439,10.71889,10.72162,0.00,0.00
2015.11.23 14:49:07.540,10.71939,10.7219,0.00,0.00
2015.11.23 14:49:08.025,10.72038,10.72261,0.00,0.00
2015.11.23 14:49:08.076,10.7202,10.72261,0.00,0.00
2015.11.23 14:49:08.680,10.72019,10.72261,0.00,0.00
2015.11.23 14:49:08.781,10.72029,10.72261,0.00,0.00
2015.11.23 14:49:08.882,10.72019,10.72311,0.00,0.00
2015.11.23 14:49:08.933,10.72099,10.72311,0.00,0.00
2015.11.23 14:49:09.034,10.72081,10.72311,0.00,0.00
2015.11.23 14:49:09.135,10.72078,10.72311,0.00,0.00
2015.11.23 14:49:09.186,10.72059,10.72311,0.00,0.00
2015.11.23 14:49:09.696,10.72171,10.72341,0.00,0.00
2015.11.23 14:49:09.746,10.72199,10.72461,0.00,0.00
2015.11.23 14:49:09.847,10.72198,10.72411,0.00,0.00
2015.11.23 14:49:09.898,10.72179,10.72411,0.00,0.00
2015.11.23 14:49:09.949,10.72171,10.72411,0.00,0.00
2015.11.23 14:49:10.050,10.72159,10.72411,0.00,0.00
2015.11.23 14:49:10.266,10.72229,10.72441,0.00,0.00
2015.11.23 14:49:11.437,10.72229,10.7244,0.00,0.00
2015.11.23 14:49:12.042,10.72229,10.72441,0.00,0.00
2015.11.23 14:49:12.404,10.72278,10.72441,0.00,0.00
2015.11.23 14:49:12.455,10.72278,10.72491,0.00,0.00
2015.11.23 14:49:12.507,10.72278,10.72481,0.00,0.00
2015.11.23 14:49:12.608,10.72278,10.72491,0.00,0.00
2015.11.23 14:49:13.164,10.72278,10.7249,0.00,0.00
2015.11.23 14:49:13.898,10.72278,10.72491,0.00,0.00
2015.11.23 14:49:14.009,10.72219,10.72491,0.00,0.00
2015.11.23 14:49:14.176,10.72209,10.72491,0.00,0.00
2015.11.23 14:49:15.581,10.7221,10.7249,0.00,0.00
2015.11.23 14:49:15.784,10.72229,10.72491,0.00,0.00
2015.11.23 14:49:16.061,10.72209,10.72491,0.00,0.00
2015.11.23 14:49:16.285,10.72239,10.72512,0.00,0.00
2015.11.23 14:49:16.386,10.72209,10.72512,0.00,0.00
2015.11.23 14:49:16.887,10.72199,10.72512,0.00,0.00
2015.11.23 14:49:17.511,10.722,10.72512,0.00,0.00
2015.11.23 14:49:17.892,10.72189,10.72512,0.00,0.00
2015.11.23 14:49:18.895,10.7219,10.72512,0.00,0.00
2015.11.23 14:49:19.247,10.72188,10.72511,0.00,0.00
2015.11.23 14:49:19.297,10.72152,10.72461,0.00,0.00
2015.11.23 14:49:19.699,10.72138,10.72462,0.00,0.00
2015.11.23 14:49:19.750,10.7213,10.72412,0.00,0.00
2015.11.23 14:49:20.006,10.72139,10.72461,0.00,0.00
2015.11.23 14:49:20.057,10.72159,10.72461,0.00,0.00
2015.11.23 14:49:21.369,10.72168,10.72461,0.00,0.00
2015.11.23 14:49:21.421,10.72189,10.72511,0.00,0.00
2015.11.23 14:49:21.749,10.72181,10.72462,0.00,0.00
2015.11.23 14:49:21.800,10.72169,10.72462,0.00,0.00
2015.11.23 14:49:21.851,10.72141,10.72462,0.00,0.00
2015.11.23 14:49:22.109,10.72148,10.72462,0.00,0.00
2015.11.23 14:49:22.210,10.72141,10.72462,0.00,0.00
2015.11.23 14:49:22.593,10.72188,10.7246,0.00,0.00
2015.11.23 14:49:22.644,10.72188,10.72469,0.00,0.00
2015.11.23 14:49:22.846,10.72169,10.72461,0.00,0.00
2015.11.23 14:49:22.947,10.72178,10.72461,0.00,0.00
2015.11.23 14:49:23.009,10.7215,10.72461,0.00,0.00
2015.11.23 14:49:23.261,10.72141,10.72461,0.00,0.00
2015.11.23 14:49:24.015,10.72148,10.72461,0.00,0.00
2015.11.23 14:49:24.113,10.72141,10.72461,0.00,0.00
2015.11.23 14:49:24.314,10.72149,10.72461,0.00,0.00
2015.11.23 14:49:24.415,10.72141,10.72461,0.00,0.00
2015.11.23 14:49:25.364,10.72181,10.72461,0.00,0.00
2015.11.23 14:49:25.415,10.72199,10.72512,0.00,0.00
2015.11.23 14:49:25.518,10.72189,10.72512,0.00,0.00
2015.11.23 14:49:26.582,10.722,10.72512,0.00,0.00
2015.11.23 14:49:26.926,10.7226,10.72512,0.00,0.00
2015.11.23 14:49:26.976,10.7223,10.72512,0.00,0.00
2015.11.23 14:49:27.078,10.7222,10.72512,0.00,0.00
2015.11.23 14:49:27.765,10.7225,10.72512,0.00,0.00
2015.11.23 14:49:27.970,10.72219,10.72512,0.00,0.00
2015.11.23 14:49:28.479,10.7223,10.72512,0.00,0.00
2015.11.23 14:49:28.631,10.72309,10.72601,0.00,0.00
2015.11.23 14:49:28.682,10.72319,10.72611,0.00,0.00
2015.11.23 14:49:29.176,10.72321,10.72611,0.00,0.00
2015.11.23 14:49:29.483,10.724,10.72661,0.00,0.00
2015.11.23 14:49:29.534,10.724,10.72712,0.00,0.00
2015.11.23 14:49:30.127,10.72389,10.72712,0.00,0.00
2015.11.23 14:49:30.178,10.724,10.72712,0.00,0.00
2015.11.23 14:49:30.484,10.72379,10.72662,0.00,0.00
2015.11.23 14:49:30.535,10.72388,10.72711,0.00,0.00
2015.11.23 14:49:30.586,10.72388,10.72702,0.00,0.00
2015.11.23 14:49:30.931,10.72409,10.72712,0.00,0.00
2015.11.23 14:49:30.982,10.724,10.72712,0.00,0.00
2015.11.23 14:49:31.367,10.7239,10.72712,0.00,0.00
2015.11.23 14:49:31.994,10.72399,10.72712,0.00,0.00
2015.11.23 14:49:32.195,10.72341,10.72662,0.00,0.00
2015.11.23 14:49:34.964,10.72359,10.72662,0.00,0.00
2015.11.23 14:49:35.487,10.7236,10.72662,0.00,0.00
2015.11.23 14:49:35.927,10.72489,10.72769,0.00,0.00
2015.11.23 14:49:36.251,10.7254,10.72769,0.00,0.00
2015.11.23 14:49:36.302,10.72539,10.72811,0.00,0.00
2015.11.23 14:49:36.570,10.72509,10.72811,0.00,0.00
2015.11.23 14:49:36.926,10.72539,10.72832,0.00,0.00
2015.11.23 14:49:36.977,10.72549,10.72852,0.00,0.00
2015.11.23 14:49:37.302,10.72539,10.72842,0.00,0.00
2015.11.23 14:49:37.575,10.72539,10.72861,0.00,0.00
2015.11.23 14:49:38.285,10.72539,10.72851,0.00,0.00
2015.11.23 14:49:38.528,10.72539,10.72861,0.00,0.00
2015.11.23 14:49:38.829,10.72539,10.72852,0.00,0.00
2015.11.23 14:49:39.494,10.72539,10.72861,0.00,0.00
2015.11.23 14:49:39.633,10.72539,10.72851,0.00,0.00
2015.11.23 14:49:39.934,10.72522,10.72822,0.00,0.00
2015.11.23 14:49:40.284,10.7251,10.72771,0.00,0.00
2015.11.23 14:49:40.335,10.72548,10.7281,0.00,0.00
2015.11.23 14:49:40.386,10.72549,10.72858,0.00,0.00
2015.11.23 14:49:40.947,10.72521,10.72821,0.00,0.00
2015.11.23 14:49:41.392,10.72521,10.72772,0.00,0.00
2015.11.23 14:49:41.442,10.72481,10.72772,0.00,0.00
2015.11.23 14:49:41.493,10.72481,10.72711,0.00,0.00
2015.11.23 14:49:42.015,10.72481,10.72672,0.00,0.00
2015.11.23 14:49:42.066,10.72391,10.72672,0.00,0.00
2015.11.23 14:49:42.370,10.72391,10.72648,0.00,0.00
2015.11.23 14:49:42.472,10.72358,10.72622,0.00,0.00
2015.11.23 14:49:42.595,10.72291,10.72571,0.00,0.00
2015.11.23 14:49:42.746,10.72291,10.72522,0.00,0.00
2015.11.23 14:49:43.038,10.7223,10.72472,0.00,0.00
2015.11.23 14:49:43.089,10.72221,10.72472,0.00,0.00
2015.11.23 14:49:43.197,10.72219,10.72472,0.00,0.00
2015.11.23 14:49:43.483,10.72219,10.72522,0.00,0.00
2015.11.23 14:49:43.584,10.72222,10.72522,0.00,0.00
2015.11.23 14:49:44.121,10.72249,10.72522,0.00,0.00
2015.11.23 14:49:44.173,10.7225,10.7256,0.00,0.00
2015.11.23 14:49:44.329,10.72272,10.7256,0.00,0.00
2015.11.23 14:49:44.704,10.7233,10.72572,0.00,0.00
2015.11.23 14:49:44.956,10.72359,10.72622,0.00,0.00
2015.11.23 14:49:45.057,10.72359,10.72661,0.00,0.00
2015.11.23 14:49:45.157,10.72359,10.72672,0.00,0.00
2015.11.23 14:49:45.210,10.72371,10.72672,0.00,0.00
2015.11.23 14:49:45.601,10.72359,10.72622,0.00,0.00
2015.11.23 14:49:45.822,10.72348,10.72672,0.00,0.00
2015.11.23 14:49:45.872,10.72372,10.72672,0.00,0.00
2015.11.23 14:49:45.973,10.72348,10.72661,0.00,0.00
2015.11.23 14:49:46.024,10.72339,10.72622,0.00,0.00
2015.11.23 14:49:46.259,10.72349,10.72661,0.00,0.00
2015.11.23 14:49:46.309,10.72372,10.72661,0.00,0.00
2015.11.23 14:49:46.360,10.72372,10.72671,0.00,0.00
2015.11.23 14:49:46.642,10.7236,10.72621,0.00,0.00
2015.11.23 14:49:47.256,10.72359,10.72621,0.00,0.00
2015.11.23 14:49:47.373,10.72339,10.72621,0.00,0.00
2015.11.23 14:49:47.778,10.7234,10.7266,0.00,0.00
2015.11.23 14:49:47.879,10.72339,10.72662,0.00,0.00
2015.11.23 14:49:48.235,10.72339,10.72612,0.00,0.00
2015.11.23 14:49:48.286,10.72319,10.72612,0.00,0.00
2015.11.23 14:49:48.387,10.72338,10.72659,0.00,0.00
2015.11.23 14:49:48.957,10.72338,10.72662,0.00,0.00
2015.11.23 14:49:49.986,10.72389,10.72711,0.00,0.00
2015.11.23 14:49:50.287,10.72338,10.72662,0.00,0.00
2015.11.23 14:49:54.704,10.7231,10.72612,0.00,0.00
2015.11.23 14:49:55.107,10.72299,10.72612,0.00,0.00
2015.11.23 14:49:55.908,10.72299,10.72562,0.00,0.00
2015.11.23 14:49:55.959,10.72238,10.72562,0.00,0.00
2015.11.23 14:49:56.060,10.72288,10.72592,0.00,0.00
2015.11.23 14:49:56.262,10.721,10.72412,0.00,0.00
2015.11.23 14:49:56.514,10.7211,10.72412,0.00,0.00
2015.11.23 14:49:56.765,10.7204,10.72362,0.00,0.00
2015.11.23 14:49:56.928,10.7204,10.72311,0.00,0.00
2015.11.23 14:49:57.478,10.7204,10.72261,0.00,0.00
2015.11.23 14:49:57.529,10.71951,10.72261,0.00,0.00
2015.11.23 14:49:57.580,10.71939,10.72261,0.00,0.00
2015.11.23 14:49:57.903,10.7194,10.72212,0.00,0.00
2015.11.23 14:49:58.255,10.71939,10.72261,0.00,0.00
2015.11.23 14:49:58.469,10.71911,10.72212,0.00,0.00
2015.11.23 14:49:58.791,10.71811,10.72111,0.00,0.00
2015.11.23 14:50:00.312,10.71811,10.72062,0.00,0.00
2015.11.23 14:50:00.363,10.7179,10.72062,0.00,0.00
2015.11.23 14:50:00.577,10.71769,10.72048,0.00,0.00
2015.11.23 14:50:00.628,10.71738,10.72048,0.00,0.00
2015.11.23 14:50:00.679,10.71729,10.72012,0.00,0.00
2015.11.23 14:50:01.114,10.71738,10.72048,0.00,0.00
2015.11.23 14:50:01.215,10.71738,10.72062,0.00,0.00
2015.11.23 14:50:01.266,10.71752,10.72062,0.00,0.00
2015.11.23 14:50:02.240,10.71789,10.72111,0.00,0.00
2015.11.23 14:50:02.291,10.71841,10.72111,0.00,0.00
2015.11.23 14:50:02.341,10.71869,10.72161,0.00,0.00
2015.11.23 14:50:02.392,10.71892,10.72161,0.00,0.00
2015.11.23 14:50:02.442,10.71892,10.72212,0.00,0.00
2015.11.23 14:50:02.645,10.71892,10.72138,0.00,0.00
2015.11.23 14:50:02.696,10.71838,10.72138,0.00,0.00
2015.11.23 14:50:02.847,10.71812,10.72111,0.00,0.00
2015.11.23 14:50:03.750,10.71889,10.72149,0.00,0.00
2015.11.23 14:50:04.002,10.71829,10.72112,0.00,0.00
2015.11.23 14:50:04.053,10.71811,10.72112,0.00,0.00
2015.11.23 14:50:12.110,10.71811,10.72061,0.00,0.00
2015.11.23 14:50:12.212,10.71751,10.72062,0.00,0.00
2015.11.23 14:50:16.390,10.71758,10.72062,0.00,0.00
2015.11.23 14:50:16.724,10.71702,10.72011,0.00,0.00
2015.11.23 14:50:17.040,10.71709,10.72011,0.00,0.00
2015.11.23 14:50:17.091,10.71702,10.72011,0.00,0.00
2015.11.23 14:50:17.469,10.7171,10.72011,0.00,0.00
2015.11.23 14:50:17.790,10.71782,10.72011,0.00,0.00
2015.11.23 14:50:17.841,10.71782,10.72061,0.00,0.00
2015.11.23 14:50:17.942,10.71789,10.72111,0.00,0.00
2015.11.23 14:50:19.281,10.7179,10.72111,0.00,0.00
2015.11.23 14:50:19.828,10.71849,10.72111,0.00,0.00
2015.11.23 14:50:19.880,10.71809,10.72111,0.00,0.00
2015.11.23 14:50:20.282,10.71789,10.72111,0.00,0.00
2015.11.23 14:50:21.043,10.71789,10.72109,0.00,0.00
2015.11.23 14:50:21.351,10.7178,10.72062,0.00,0.00
2015.11.23 14:50:21.909,10.71779,10.72062,0.00,0.00
2015.11.23 14:50:22.438,10.7178,10.72062,0.00,0.00
2015.11.23 14:50:23.308,10.71779,10.72062,0.00,0.00
2015.11.23 14:50:23.659,10.71779,10.72011,0.00,0.00
2015.11.23 14:50:23.711,10.71742,10.72011,0.00,0.00
2015.11.23 14:50:23.762,10.71718,10.72011,0.00,0.00
2015.11.23 14:50:23.864,10.71701,10.72011,0.00,0.00
2015.11.23 14:50:27.480,10.71778,10.72029,0.00,0.00
2015.11.23 14:50:29.303,10.71779,10.72041,0.00,0.00
2015.11.23 14:50:29.354,10.71779,10.72031,0.00,0.00
2015.11.23 14:50:29.691,10.71779,10.72018,0.00,0.00
2015.11.23 14:50:30.285,10.71829,10.72018,0.00,0.00
2015.11.23 14:50:30.335,10.71829,10.72099,0.00,0.00
2015.11.23 14:50:30.599,10.71879,10.72158,0.00,0.00
2015.11.23 14:50:30.650,10.71879,10.72142,0.00,0.00
2015.11.23 14:50:30.973,10.71879,10.72132,0.00,0.00
2015.11.23 14:50:31.028,10.71879,10.72159,0.00,0.00
2015.11.23 14:50:31.346,10.71928,10.72159,0.00,0.00
2015.11.23 14:50:31.803,10.71878,10.72118,0.00,0.00
2015.11.23 14:50:35.114,10.71828,10.72118,0.00,0.00
2015.11.23 14:50:35.164,10.71828,10.72098,0.00,0.00
2015.11.23 14:50:35.786,10.71779,10.72071,0.00,0.00
2015.11.23 14:50:35.837,10.71779,10.72041,0.00,0.00
2015.11.23 14:50:35.938,10.71779,10.72059,0.00,0.00
2015.11.23 14:50:35.988,10.71829,10.72059,0.00,0.00
2015.11.23 14:50:36.277,10.71829,10.72088,0.00,0.00
2015.11.23 14:50:36.525,10.71878,10.72088,0.00,0.00
2015.11.23 14:50:36.576,10.71878,10.72119,0.00,0.00
2015.11.23 14:50:37.090,10.71829,10.72119,0.00,0.00
2015.11.23 14:50:37.141,10.71829,10.72098,0.00,0.00
2015.11.23 14:50:38.856,10.71879,10.72119,0.00,0.00
2015.11.23 14:50:41.147,10.71929,10.72119,0.00,0.00
2015.11.23 14:50:41.198,10.71929,10.72129,0.00,0.00
2015.11.23 14:50:41.349,10.71929,10.72169,0.00,0.00
2015.11.23 14:50:41.925,10.71928,10.72169,0.00,0.00
2015.11.23 14:50:42.229,10.71928,10.72179,0.00,0.00
2015.11.23 14:50:42.591,10.71978,10.72179,0.00,0.00
2015.11.23 14:50:42.898,10.72029,10.72251,0.00,0.00
2015.11.23 14:50:42.949,10.72029,10.72228,0.00,0.00
2015.11.23 14:50:43.050,10.71929,10.72228,0.00,0.00
2015.11.23 14:50:43.100,10.71929,10.72219,0.00,0.00
2015.11.23 14:50:43.514,10.71929,10.72202,0.00,0.00
2015.11.23 14:50:44.649,10.7193,10.72202,0.00,0.00
2015.11.23 14:50:44.981,10.71978,10.72219,0.00,0.00
2015.11.23 14:50:45.205,10.7193,10.72219,0.00,0.00
2015.11.23 14:50:45.718,10.71929,10.72202,0.00,0.00
2015.11.23 14:50:46.049,10.71879,10.72119,0.00,0.00
2015.11.23 14:50:46.254,10.71879,10.72141,0.00,0.00
2015.11.23 14:50:46.458,10.71928,10.7216,0.00,0.00
2015.11.23 14:50:46.559,10.71928,10.72168,0.00,0.00
2015.11.23 14:50:46.935,10.71979,10.72212,0.00,0.00
2015.11.23 14:50:46.988,10.71979,10.72219,0.00,0.00
2015.11.23 14:50:47.140,10.71978,10.72222,0.00,0.00
2015.11.23 14:50:47.191,10.71978,10.72241,0.00,0.00
2015.11.23 14:50:47.342,10.71979,10.72269,0.00,0.00
2015.11.23 14:50:47.393,10.71979,10.72242,0.00,0.00
2015.11.23 14:50:47.494,10.71978,10.72249,0.00,0.00
2015.11.23 14:50:47.684,10.71978,10.72242,0.00,0.00
2015.11.23 14:50:48.061,10.72028,10.72291,0.00,0.00
2015.11.23 14:50:48.163,10.72028,10.72301,0.00,0.00
2015.11.23 14:50:48.561,10.72028,10.72308,0.00,0.00
2015.11.23 14:50:48.912,10.72028,10.72302,0.00,0.00
2015.11.23 14:50:49.505,10.72028,10.72308,0.00,0.00
2015.11.23 14:50:51.852,10.7198,10.72301,0.00,0.00
2015.11.23 14:50:51.903,10.71979,10.72268,0.00,0.00
2015.11.23 14:50:52.221,10.72028,10.7228,0.00,0.00
2015.11.23 14:50:52.790,10.72028,10.72281,0.00,0.00
2015.11.23 14:50:53.372,10.72079,10.7228,0.00,0.00
2015.11.23 14:50:53.424,10.72079,10.72318,0.00,0.00
2015.11.23 14:50:53.564,10.72028,10.72318,0.00,0.00
2015.11.23 14:50:53.665,10.72028,10.72308,0.00,0.00
2015.11.23 14:50:53.995,10.72028,10.72301,0.00,0.00
2015.11.23 14:50:54.349,10.72028,10.72299,0.00,0.00
2015.11.23 14:50:55.175,10.72028,10.72308,0.00,0.00
2015.11.23 14:50:56.243,10.72078,10.72308,0.00,0.00
2015.11.23 14:50:56.294,10.72078,10.72318,0.00,0.00
2015.11.23 14:50:58.521,10.72029,10.72318,0.00,0.00
2015.11.23 14:50:58.571,10.72028,10.72309,0.00,0.00
2015.11.23 14:50:59.283,10.71979,10.72302,0.00,0.00
2015.11.23 14:50:59.339,10.71979,10.72268,0.00,0.00
2015.11.23 14:50:59.696,10.71978,10.72238,0.00,0.00
2015.11.23 14:51:00.400,10.71978,10.72219,0.00,0.00
2015.11.23 14:51:00.905,10.71978,10.72211,0.00,0.00
2015.11.23 14:51:00.956,10.71879,10.72181,0.00,0.00
2015.11.23 14:51:01.007,10.71879,10.72138,0.00,0.00
2015.11.23 14:51:01.209,10.71879,10.72158,0.00,0.00
2015.11.23 14:51:01.853,10.71879,10.72168,0.00,0.00
2015.11.23 14:51:02.005,10.71879,10.72149,0.00,0.00
2015.11.23 14:51:03.311,10.71879,10.72139,0.00,0.00
2015.11.23 14:51:03.655,10.71879,10.72119,0.00,0.00
2015.11.23 14:51:04.457,10.71879,10.72118,0.00,0.00
2015.11.23 14:51:04.986,10.71879,10.72069,0.00,0.00
2015.11.23 14:51:05.037,10.71828,10.72069,0.00,0.00
2015.11.23 14:51:05.088,10.71828,10.72092,0.00,0.00
2015.11.23 14:51:05.289,10.71828,10.72101,0.00,0.00
2015.11.23 14:51:05.445,10.71779,10.72101,0.00,0.00
2015.11.23 14:51:05.495,10.71779,10.72072,0.00,0.00
2015.11.23 14:51:05.880,10.71829,10.72091,0.00,0.00
2015.11.23 14:51:06.209,10.71829,10.72088,0.00,0.00
2015.11.23 14:51:06.590,10.71779,10.72088,0.00,0.00
2015.11.23 14:51:06.641,10.71779,10.72058,0.00,0.00
2015.11.23 14:51:07.131,10.71879,10.72081,0.00,0.00
2015.11.23 14:51:07.182,10.71879,10.72149,0.00,0.00
2015.11.23 14:51:07.642,10.7183,10.72149,0.00,0.00
2015.11.23 14:51:07.693,10.71849,10.72149,0.00,0.00
2015.11.23 14:51:07.744,10.71849,10.72152,0.00,0.00
2015.11.23 14:51:07.795,10.71878,10.72159,0.00,0.00
2015.11.23 14:51:08.722,10.71878,10.72169,0.00,0.00
2015.11.23 14:51:10.137,10.71878,10.7219,0.00,0.00
2015.11.23 14:51:10.188,10.71978,10.72199,0.00,0.00
2015.11.23 14:51:10.289,10.71978,10.72221,0.00,0.00
2015.11.23 14:51:10.390,10.71978,10.72259,0.00,0.00
2015.11.23 14:51:11.108,10.71978,10.72269,0.00,0.00
2015.11.23 14:51:11.691,10.71978,10.72258,0.00,0.00
2015.11.23 14:51:12.227,10.71978,10.72248,0.00,0.00
2015.11.23 14:51:12.592,10.71929,10.72248,0.00,0.00
2015.11.23 14:51:12.643,10.71929,10.72211,0.00,0.00
2015.11.23 14:51:12.958,10.71929,10.72189,0.00,0.00
2015.11.23 14:51:13.502,10.71978,10.72189,0.00,0.00
2015.11.23 14:51:13.553,10.71978,10.72239,0.00,0.00
2015.11.23 14:51:14.099,10.71978,10.72258,0.00,0.00
2015.11.23 14:51:14.682,10.71978,10.72268,0.00,0.00
2015.11.23 14:51:15.068,10.71978,10.72259,0.00,0.00
2015.11.23 14:51:15.516,10.71978,10.72268,0.00,0.00
2015.11.23 14:51:17.464,10.72079,10.72369,0.00,0.00
2015.11.23 14:51:17.794,10.72079,10.72338,0.00,0.00
2015.11.23 14:51:18.229,10.72079,10.72318,0.00,0.00
2015.11.23 14:51:19.171,10.72079,10.72319,0.00,0.00
2015.11.23 14:51:20.076,10.72079,10.72339,0.00,0.00
2015.11.23 14:51:21.479,10.72079,10.72351,0.00,0.00
2015.11.23 14:51:21.530,10.72079,10.72358,0.00,0.00
2015.11.23 14:51:21.631,10.72179,10.72358,0.00,0.00
2015.11.23 14:51:21.682,10.72179,10.72371,0.00,0.00
2015.11.23 14:51:21.733,10.72179,10.72428,0.00,0.00
2015.11.23 14:51:21.783,10.72179,10.72421,0.00,0.00
2015.11.23 14:51:21.834,10.72128,10.72421,0.00,0.00
2015.11.23 14:51:21.935,10.72128,10.72409,0.00,0.00
2015.11.23 14:51:21.986,10.72079,10.7239,0.00,0.00
2015.11.23 14:51:22.037,10.72079,10.72361,0.00,0.00
2015.11.23 14:51:22.438,10.72079,10.72368,0.00,0.00
2015.11.23 14:51:22.539,10.72079,10.72351,0.00,0.00
2015.11.23 14:51:23.050,10.72079,10.72368,0.00,0.00
2015.11.23 14:51:23.233,10.72079,10.72352,0.00,0.00
2015.11.23 14:51:23.582,10.72079,10.72368,0.00,0.00
2015.11.23 14:51:24.336,10.72079,10.72338,0.00,0.00
2015.11.23 14:51:26.482,10.72028,10.72291,0.00,0.00
2015.11.23 14:51:26.533,10.72028,10.72269,0.00,0.00
2015.11.23 14:51:27.075,10.72029,10.72269,0.00,0.00
2015.11.23 14:51:27.919,10.72078,10.72278,0.00,0.00
2015.11.23 14:51:28.178,10.72028,10.72278,0.00,0.00
2015.11.23 14:51:28.229,10.72079,10.72278,0.00,0.00
2015.11.23 14:51:28.280,10.72079,10.72342,0.00,0.00
2015.11.23 14:51:28.381,10.72079,10.72349,0.00,0.00
2015.11.23 14:51:29.942,10.72079,10.72359,0.00,0.00
2015.11.23 14:51:30.313,10.72079,10.72379,0.00,0.00
2015.11.23 14:51:30.364,10.72128,10.72379,0.00,0.00
2015.11.23 14:51:31.211,10.72178,10.72379,0.00,0.00
2015.11.23 14:51:31.262,10.72178,10.7239,0.00,0.00
2015.11.23 14:51:31.362,10.72178,10.72418,0.00,0.00
2015.11.23 14:51:31.413,10.7213,10.72418,0.00,0.00
2015.11.23 14:51:31.732,10.72129,10.72389,0.00,0.00
2015.11.23 14:51:32.266,10.72129,10.72379,0.00,0.00
2015.11.23 14:51:33.356,10.72129,10.72388,0.00,0.00
2015.11.23 14:51:34.348,10.72129,10.72389,0.00,0.00
2015.11.23 14:51:35.346,10.72129,10.72399,0.00,0.00
2015.11.23 14:51:36.749,10.72129,10.72388,0.00,0.00
2015.11.23 14:51:37.648,10.72129,10.72379,0.00,0.00
2015.11.23 14:51:38.513,10.72129,10.72388,0.00,0.00
2015.11.23 14:51:40.689,10.72079,10.72362,0.00,0.00
2015.11.23 14:51:40.739,10.72079,10.72359,0.00,0.00
2015.11.23 14:51:44.465,10.72079,10.72368,0.00,0.00
2015.11.23 14:51:45.672,10.72128,10.72399,0.00,0.00
2015.11.23 14:51:46.447,10.72128,10.72389,0.00,0.00
2015.11.23 14:51:46.739,10.72078,10.72361,0.00,0.00
2015.11.23 14:51:46.877,10.72078,10.72368,0.00,0.00
2015.11.23 14:51:47.235,10.72078,10.72362,0.00,0.00
2015.11.23 14:51:47.287,10.72078,10.72368,0.00,0.00
2015.11.23 14:51:47.407,10.72078,10.72362,0.00,0.00
2015.11.23 14:51:47.508,10.72078,10.72368,0.00,0.00
2015.11.23 14:51:47.912,10.72078,10.72362,0.00,0.00
2015.11.23 14:51:48.220,10.72078,10.72358,0.00,0.00
2015.11.23 14:51:50.278,10.72029,10.72299,0.00,0.00
2015.11.23 14:51:52.641,10.72078,10.72299,0.00,0.00
2015.11.23 14:51:52.979,10.72078,10.72349,0.00,0.00
2015.11.23 14:51:53.688,10.72078,10.72359,0.00,0.00
2015.11.23 14:51:57.468,10.72078,10.72319,0.00,0.00
2015.11.23 14:51:57.621,10.72029,10.72319,0.00,0.00
2015.11.23 14:51:57.671,10.7203,10.72309,0.00,0.00
2015.11.23 14:51:58.022,10.72028,10.72301,0.00,0.00
2015.11.23 14:51:58.276,10.72028,10.72309,0.00,0.00
2015.11.23 14:51:58.872,10.72079,10.72309,0.00,0.00
2015.11.23 14:51:58.923,10.72079,10.72328,0.00,0.00
2015.11.23 14:51:59.075,10.72079,10.72359,0.00,0.00
2015.11.23 14:51:59.728,10.72079,10.72369,0.00,0.00
2015.11.23 14:52:00.581,10.72128,10.72369,0.00,0.00
2015.11.23 14:52:00.632,10.72128,10.72372,0.00,0.00
2015.11.23 14:52:00.734,10.72128,10.72379,0.00,0.00
2015.11.23 14:52:01.378,10.72128,10.72378,0.00,0.00
2015.11.23 14:52:04.238,10.72128,10.72389,0.00,0.00
2015.11.23 14:52:04.919,10.72128,10.72399,0.00,0.00
2015.11.23 14:52:06.821,10.72098,10.72399,0.00,0.00
2015.11.23 14:52:11.506,10.72129,10.72399,0.00,0.00
2015.11.23 14:52:11.809,10.72249,10.72469,0.00,0.00
2015.11.23 14:52:12.421,10.72249,10.72538,0.00,0.00
2015.11.23 14:52:12.608,10.72249,10.72548,0.00,0.00
2015.11.23 14:52:12.958,10.72249,10.72559,0.00,0.00
2015.11.23 14:52:14.114,10.72349,10.72559,0.00,0.00
2015.11.23 14:52:14.164,10.72349,10.72581,0.00,0.00
2015.11.23 14:52:14.265,10.72349,10.72638,0.00,0.00
2015.11.23 14:52:14.369,10.72349,10.72619,0.00,0.00
2015.11.23 14:52:14.743,10.72349,10.72638,0.00,0.00
2015.11.23 14:52:15.551,10.72349,10.72622,0.00,0.00
2015.11.23 14:52:15.639,10.72349,10.72638,0.00,0.00
2015.11.23 14:52:16.525,10.72359,10.72661,0.00,0.00
2015.11.23 14:52:17.429,10.72458,10.72661,0.00,0.00
2015.11.23 14:52:17.581,10.72458,10.72702,0.00,0.00
2015.11.23 14:52:17.877,10.72409,10.72711,0.00,0.00
2015.11.23 14:52:18.588,10.72409,10.7271,0.00,0.00
2015.11.23 14:52:19.277,10.72409,10.72711,0.00,0.00
2015.11.23 14:52:19.582,10.72459,10.72711,0.00,0.00
2015.11.23 14:52:19.682,10.72459,10.7274,0.00,0.00
2015.11.23 14:52:19.783,10.72459,10.7273,0.00,0.00
2015.11.23 14:52:20.250,10.72419,10.72731,0.00,0.00
2015.11.23 14:52:20.300,10.72409,10.72711,0.00,0.00
2015.11.23 14:52:20.351,10.72409,10.72731,0.00,0.00
2015.11.23 14:52:20.402,10.72458,10.72731,0.00,0.00
2015.11.23 14:52:20.453,10.72458,10.72761,0.00,0.00
2015.11.23 14:52:20.977,10.72458,10.7276,0.00,0.00
2015.11.23 14:52:21.078,10.72458,10.7277,0.00,0.00
2015.11.23 14:52:21.609,10.72458,10.72781,0.00,0.00
2015.11.23 14:52:22.292,10.72458,10.7278,0.00,0.00
2015.11.23 14:52:22.810,10.72458,10.72781,0.00,0.00
2015.11.23 14:52:23.510,10.72458,10.7278,0.00,0.00
2015.11.23 14:52:24.216,10.72459,10.72782,0.00,0.00
2015.11.23 14:52:24.317,10.72459,10.72761,0.00,0.00
2015.11.23 14:52:25.050,10.72458,10.7275,0.00,0.00
2015.11.23 14:52:25.101,10.72458,10.7277,0.00,0.00
2015.11.23 14:52:25.748,10.72458,10.7278,0.00,0.00
2015.11.23 14:52:26.103,10.72458,10.72782,0.00,0.00
2015.11.23 14:52:26.853,10.72509,10.7279,0.00,0.00
2015.11.23 14:52:26.954,10.72509,10.7281,0.00,0.00
2015.11.23 14:52:27.206,10.72558,10.7285,0.00,0.00
2015.11.23 14:52:27.307,10.72558,10.72871,0.00,0.00
2015.11.23 14:52:27.846,10.72558,10.7287,0.00,0.00
2015.11.23 14:52:28.545,10.72558,10.72882,0.00,0.00
2015.11.23 14:52:29.061,10.72559,10.72882,0.00,0.00
2015.11.23 14:52:29.592,10.72558,10.72882,0.00,0.00
2015.11.23 14:52:33.987,10.72532,10.72831,0.00,0.00
2015.11.23 14:52:34.327,10.72508,10.72791,0.00,0.00
2015.11.23 14:52:34.428,10.72559,10.72858,0.00,0.00
2015.11.23 14:52:34.479,10.72559,10.72861,0.00,0.00
2015.11.23 14:52:34.530,10.72559,10.72881,0.00,0.00
2015.11.23 14:52:35.200,10.72559,10.72872,0.00,0.00
2015.11.23 14:52:35.250,10.72559,10.72881,0.00,0.00
2015.11.23 14:52:35.582,10.72532,10.72832,0.00,0.00
2015.11.23 14:52:35.632,10.7252,10.72832,0.00,0.00
2015.11.23 14:52:35.683,10.72508,10.7279,0.00,0.00
2015.11.23 14:52:35.916,10.72458,10.72782,0.00,0.00
2015.11.23 14:52:36.168,10.72458,10.7277,0.00,0.00
2015.11.23 14:52:37.259,10.72458,10.72771,0.00,0.00
2015.11.23 14:52:39.592,10.72458,10.7277,0.00,0.00
2015.11.23 14:52:40.320,10.72458,10.72771,0.00,0.00
2015.11.23 14:52:40.371,10.72458,10.7278,0.00,0.00
2015.11.23 14:52:40.824,10.72468,10.72781,0.00,0.00
2015.11.23 14:52:41.142,10.7251,10.72819,0.00,0.00
2015.11.23 14:52:41.513,10.72508,10.72802,0.00,0.00
2015.11.23 14:52:41.564,10.72508,10.72831,0.00,0.00
2015.11.23 14:52:41.790,10.72509,10.72821,0.00,0.00
2015.11.23 14:52:42.093,10.72558,10.72841,0.00,0.00
2015.11.23 14:52:42.144,10.72519,10.72832,0.00,0.00
2015.11.23 14:52:42.245,10.72508,10.72831,0.00,0.00
2015.11.23 14:52:42.550,10.72508,10.7281,0.00,0.00
2015.11.23 14:52:42.600,10.72478,10.72781,0.00,0.00
2015.11.23 14:52:42.651,10.72459,10.72781,0.00,0.00
2015.11.23 14:52:42.802,10.72459,10.72741,0.00,0.00
2015.11.23 14:52:43.147,10.72459,10.72731,0.00,0.00
2015.11.23 14:52:43.455,10.72459,10.72701,0.00,0.00
2015.11.23 14:52:44.214,10.72469,10.72762,0.00,0.00
2015.11.23 14:52:44.264,10.72509,10.72768,0.00,0.00
2015.11.23 14:52:44.931,10.7247,10.72768,0.00,0.00
2015.11.23 14:52:45.233,10.72508,10.72768,0.00,0.00
2015.11.23 14:52:45.590,10.72508,10.7279,0.00,0.00
2015.11.23 14:52:46.129,10.72508,10.72791,0.00,0.00
2015.11.23 14:52:46.230,10.72558,10.72821,0.00,0.00
2015.11.23 14:52:46.330,10.72558,10.72828,0.00,0.00
2015.11.23 14:52:46.911,10.72558,10.72869,0.00,0.00
2015.11.23 14:52:47.410,10.72658,10.72869,0.00,0.00
2015.11.23 14:52:47.566,10.72608,10.72869,0.00,0.00
2015.11.23 14:52:48.316,10.72569,10.72781,0.00,0.00
2015.11.23 14:52:48.366,10.72528,10.72769,0.00,0.00
2015.11.23 14:52:48.417,10.72558,10.72769,0.00,0.00
2015.11.23 14:52:49.001,10.72558,10.72831,0.00,0.00
2015.11.23 14:52:49.624,10.72558,10.72841,0.00,0.00
2015.11.23 14:52:50.289,10.72558,10.72821,0.00,0.00
2015.11.23 14:52:51.130,10.72558,10.7282,0.00,0.00
2015.11.23 14:52:52.050,10.72508,10.7272,0.00,0.00
2015.11.23 14:52:52.302,10.7232,10.7257,0.00,0.00
2015.11.23 14:52:52.403,10.72319,10.72578,0.00,0.00
2015.11.23 14:52:52.504,10.72309,10.72591,0.00,0.00
2015.11.23 14:52:52.554,10.72309,10.72561,0.00,0.00
2015.11.23 14:52:52.948,10.72238,10.72479,0.00,0.00
2015.11.23 14:52:52.999,10.72188,10.72479,0.00,0.00
2015.11.23 14:52:53.110,10.72168,10.72428,0.00,0.00
2015.11.23 14:52:53.161,10.72132,10.72422,0.00,0.00
2015.11.23 14:52:53.212,10.72132,10.72378,0.00,0.00
2015.11.23 14:52:53.313,10.72089,10.72371,0.00,0.00
2015.11.23 14:52:53.364,10.72072,10.72371,0.00,0.00
2015.11.23 14:52:53.992,10.72071,10.72371,0.00,0.00
2015.11.23 14:52:54.046,10.72099,10.72321,0.00,0.00
2015.11.23 14:52:54.097,10.72088,10.72321,0.00,0.00
2015.11.23 14:52:54.198,10.72032,10.72321,0.00,0.00
2015.11.23 14:52:54.366,10.72048,10.72339,0.00,0.00
2015.11.23 14:52:54.467,10.72069,10.72372,0.00,0.00
2015.11.23 14:52:54.518,10.72112,10.72372,0.00,0.00
2015.11.23 14:52:54.619,10.72112,10.72419,0.00,0.00
2015.11.23 14:52:54.670,10.72159,10.72422,0.00,0.00
2015.11.23 14:52:55.257,10.72162,10.72471,0.00,0.00
2015.11.23 14:52:55.307,10.72169,10.72471,0.00,0.00
2015.11.23 14:52:55.498,10.72162,10.72471,0.00,0.00
2015.11.23 14:52:58.410,10.72168,10.72471,0.00,0.00
2015.11.23 14:52:58.719,10.72198,10.72518,0.00,0.00
2015.11.23 14:52:58.820,10.72202,10.72518,0.00,0.00
2015.11.23 14:52:59.875,10.72202,10.72471,0.00,0.00
2015.11.23 14:52:59.926,10.72161,10.72471,0.00,0.00
2015.11.23 14:53:02.535,10.72122,10.72422,0.00,0.00
2015.11.23 14:53:03.106,10.72122,10.72272,0.00,0.00
2015.11.23 14:53:03.156,10.71971,10.72272,0.00,0.00
2015.11.23 14:53:03.589,10.71988,10.72272,0.00,0.00
2015.11.23 14:53:03.690,10.71971,10.72272,0.00,0.00
2015.11.23 14:53:05.675,10.71971,10.72249,0.00,0.00
2015.11.23 14:53:05.826,10.71922,10.72222,0.00,0.00
2015.11.23 14:53:06.294,10.71961,10.72222,0.00,0.00
2015.11.23 14:53:06.346,10.71961,10.72271,0.00,0.00
2015.11.23 14:53:07.041,10.71968,10.72271,0.00,0.00
2015.11.23 14:53:07.546,10.71961,10.72271,0.00,0.00
2015.11.23 14:53:07.647,10.71969,10.72271,0.00,0.00
2015.11.23 14:53:08.018,10.71998,10.72278,0.00,0.00
2015.11.23 14:53:08.069,10.71978,10.72271,0.00,0.00
2015.11.23 14:53:08.120,10.71998,10.72278,0.00,0.00
2015.11.23 14:53:08.170,10.71998,10.72319,0.00,0.00
2015.11.23 14:53:08.271,10.72011,10.72319,0.00,0.00
2015.11.23 14:53:08.774,10.72048,10.72319,0.00,0.00
2015.11.23 14:53:08.825,10.72048,10.72352,0.00,0.00
2015.11.23 14:53:08.900,10.72071,10.72352,0.00,0.00
2015.11.23 14:53:08.950,10.72071,10.72372,0.00,0.00
2015.11.23 14:53:09.311,10.72071,10.72321,0.00,0.00
2015.11.23 14:53:09.462,10.72031,10.72321,0.00,0.00
2015.11.23 14:53:09.907,10.72049,10.72329,0.00,0.00
2015.11.23 14:53:10.159,10.72078,10.72372,0.00,0.00
2015.11.23 14:53:10.739,10.72079,10.72372,0.00,0.00
2015.11.23 14:53:10.790,10.72111,10.72379,0.00,0.00
2015.11.23 14:53:10.841,10.72111,10.72418,0.00,0.00
2015.11.23 14:53:11.190,10.72148,10.72418,0.00,0.00
2015.11.23 14:53:11.241,10.72162,10.7244,0.00,0.00
2015.11.23 14:53:11.342,10.72162,10.72472,0.00,0.00
2015.11.23 14:53:12.282,10.72162,10.72421,0.00,0.00
2015.11.23 14:53:12.433,10.72122,10.72421,0.00,0.00
2015.11.23 14:53:12.535,10.72148,10.72472,0.00,0.00
2015.11.23 14:53:13.466,10.7216,10.72472,0.00,0.00
2015.11.23 14:53:13.568,10.72201,10.72518,0.00,0.00
2015.11.23 14:53:14.020,10.72201,10.72512,0.00,0.00
2015.11.23 14:53:14.373,10.72162,10.72472,0.00,0.00
2015.11.23 14:53:14.998,10.72201,10.72519,0.00,0.00
2015.11.23 14:53:15.178,10.72162,10.72471,0.00,0.00
2015.11.23 14:53:19.422,10.72162,10.72472,0.00,0.00
2015.11.23 14:53:19.523,10.72198,10.72511,0.00,0.00
2015.11.23 14:53:19.574,10.72198,10.72502,0.00,0.00
2015.11.23 14:53:19.675,10.72162,10.72472,0.00,0.00
2015.11.23 14:53:21.337,10.72162,10.72422,0.00,0.00
2015.11.23 14:53:21.784,10.72162,10.72472,0.00,0.00
2015.11.23 14:53:21.889,10.72139,10.72421,0.00,0.00
2015.11.23 14:53:21.940,10.72099,10.7241,0.00,0.00
2015.11.23 14:53:21.991,10.72161,10.7241,0.00,0.00
2015.11.23 14:53:22.041,10.72161,10.72422,0.00,0.00
2015.11.23 14:53:22.107,10.72121,10.72422,0.00,0.00
2015.11.23 14:53:22.208,10.72148,10.72439,0.00,0.00
2015.11.23 14:53:22.259,10.72161,10.72472,0.00,0.00
2015.11.23 14:53:23.106,10.72171,10.72472,0.00,0.00
2015.11.23 14:53:23.444,10.72199,10.72479,0.00,0.00
2015.11.23 14:53:23.495,10.72199,10.72519,0.00,0.00
2015.11.23 14:53:23.546,10.72201,10.72519,0.00,0.00
2015.11.23 14:53:24.076,10.72201,10.72502,0.00,0.00
2015.11.23 14:53:24.521,10.7222,10.72521,0.00,0.00
2015.11.23 14:53:24.931,10.72248,10.72538,0.00,0.00
2015.11.23 14:53:25.032,10.72261,10.72569,0.00,0.00
2015.11.23 14:53:25.133,10.72261,10.72572,0.00,0.00
2015.11.23 14:53:26.602,10.72299,10.72578,0.00,0.00
2015.11.23 14:53:26.703,10.72261,10.72572,0.00,0.00
2015.11.23 14:53:27.678,10.72262,10.72572,0.00,0.00
2015.11.23 14:53:28.581,10.7235,10.72578,0.00,0.00
2015.11.23 14:53:28.882,10.72349,10.72661,0.00,0.00
2015.11.23 14:53:28.939,10.72362,10.72661,0.00,0.00
2015.11.23 14:53:29.099,10.72362,10.72671,0.00,0.00
2015.11.23 14:53:30.159,10.72402,10.72679,0.00,0.00
2015.11.23 14:53:30.260,10.72362,10.72671,0.00,0.00
2015.11.23 14:53:30.430,10.72398,10.72679,0.00,0.00
2015.11.23 14:53:30.531,10.72401,10.72718,0.00,0.00
2015.11.23 14:53:31.526,10.72401,10.72701,0.00,0.00
2015.11.23 14:53:32.011,10.72401,10.72718,0.00,0.00
2015.11.23 14:53:32.061,10.72409,10.72718,0.00,0.00
2015.11.23 14:53:32.213,10.72451,10.72772,0.00,0.00
2015.11.23 14:53:32.412,10.72451,10.72742,0.00,0.00
2015.11.23 14:53:32.513,10.72451,10.72772,0.00,0.00
2015.11.23 14:53:32.568,10.72451,10.72752,0.00,0.00
2015.11.23 14:53:32.919,10.72451,10.72742,0.00,0.00
2015.11.23 14:53:32.970,10.72451,10.72772,0.00,0.00
2015.11.23 14:53:33.529,10.72451,10.72771,0.00,0.00
2015.11.23 14:53:34.248,10.72451,10.72752,0.00,0.00
2015.11.23 14:53:34.299,10.72451,10.72772,0.00,0.00
2015.11.23 14:53:34.772,10.72451,10.72761,0.00,0.00
2015.11.23 14:53:36.106,10.72451,10.72772,0.00,0.00
2015.11.23 14:53:40.303,10.72451,10.72771,0.00,0.00
2015.11.23 14:53:41.024,10.72451,10.72772,0.00,0.00
2015.11.23 14:53:42.502,10.72448,10.72728,0.00,0.00
2015.11.23 14:53:42.554,10.72421,10.72721,0.00,0.00
2015.11.23 14:53:44.020,10.72451,10.72772,0.00,0.00
2015.11.23 14:53:49.618,10.72451,10.72721,0.00,0.00
2015.11.23 14:53:49.668,10.7244,10.72721,0.00,0.00
2015.11.23 14:53:49.769,10.72421,10.72721,0.00,0.00
2015.11.23 14:53:49.820,10.72448,10.72772,0.00,0.00
2015.11.23 14:53:49.871,10.72451,10.72772,0.00,0.00
2015.11.23 14:53:50.305,10.72458,10.72772,0.00,0.00
2015.11.23 14:53:51.211,10.72451,10.72772,0.00,0.00
2015.11.23 14:53:52.015,10.72458,10.72772,0.00,0.00
2015.11.23 14:53:52.757,10.72451,10.72772,0.00,0.00
2015.11.23 14:53:54.030,10.72352,10.72622,0.00,0.00
2015.11.23 14:53:54.081,10.72352,10.72672,0.00,0.00
2015.11.23 14:53:54.232,10.72398,10.72678,0.00,0.00
2015.11.23 14:53:54.434,10.72449,10.72768,0.00,0.00
2015.11.23 14:53:54.680,10.72419,10.72722,0.00,0.00
2015.11.23 14:53:54.730,10.72401,10.72722,0.00,0.00
2015.11.23 14:53:55.248,10.72409,10.72722,0.00,0.00
2015.11.23 14:53:55.551,10.72452,10.72741,0.00,0.00
2015.11.23 14:53:55.897,10.72452,10.72769,0.00,0.00
2015.11.23 14:53:56.859,10.72498,10.72769,0.00,0.00
2015.11.23 14:53:56.909,10.72498,10.72778,0.00,0.00
2015.11.23 14:53:57.061,10.72458,10.72772,0.00,0.00
2015.11.23 14:53:57.162,10.72451,10.72772,0.00,0.00
2015.11.23 14:53:57.859,10.72452,10.72772,0.00,0.00
2015.11.23 14:53:58.039,10.72452,10.72761,0.00,0.00
2015.11.23 14:53:58.359,10.72439,10.72761,0.00,0.00
2015.11.23 14:54:00.169,10.72488,10.72769,0.00,0.00
2015.11.23 14:54:00.717,10.72438,10.72762,0.00,0.00
2015.11.23 14:54:04.981,10.72438,10.72738,0.00,0.00
2015.11.23 14:54:05.032,10.72389,10.72711,0.00,0.00
2015.11.23 14:54:07.970,10.72398,10.72711,0.00,0.00
2015.11.23 14:54:08.296,10.72419,10.72711,0.00,0.00
2015.11.23 14:54:09.302,10.7242,10.72711,0.00,0.00
2015.11.23 14:54:09.703,10.72389,10.72711,0.00,0.00
2015.11.23 14:54:09.753,10.72399,10.72711,0.00,0.00
2015.11.23 14:54:10.104,10.72429,10.72711,0.00,0.00
2015.11.23 14:54:10.604,10.72409,10.72711,0.00,0.00
2015.11.23 14:54:10.907,10.7243,10.72711,0.00,0.00
2015.11.23 14:54:11.457,10.72429,10.72711,0.00,0.00
2015.11.23 14:54:11.732,10.72409,10.72711,0.00,0.00
2015.11.23 14:54:12.267,10.7241,10.72711,0.00,0.00
2015.11.23 14:54:12.318,10.72421,10.72711,0.00,0.00
2015.11.23 14:54:14.077,10.72412,10.72711,0.00,0.00
2015.11.23 14:54:14.311,10.724,10.72711,0.00,0.00
2015.11.23 14:54:14.762,10.72419,10.72711,0.00,0.00
2015.11.23 14:54:14.863,10.72399,10.72711,0.00,0.00
2015.11.23 14:54:15.614,10.724,10.72711,0.00,0.00
2015.11.23 14:54:16.172,10.72399,10.72711,0.00,0.00
2015.11.23 14:54:16.666,10.72408,10.72711,0.00,0.00
2015.11.23 14:54:16.868,10.72458,10.72762,0.00,0.00
2015.11.23 14:54:17.717,10.72452,10.72762,0.00,0.00
2015.11.23 14:54:18.564,10.72509,10.72768,0.00,0.00
2015.11.23 14:54:18.615,10.72509,10.72779,0.00,0.00
2015.11.23 14:54:18.729,10.72458,10.72779,0.00,0.00
2015.11.23 14:54:19.022,10.72458,10.72768,0.00,0.00
2015.11.23 14:54:21.274,10.72412,10.72732,0.00,0.00
2015.11.23 14:54:21.376,10.72428,10.72732,0.00,0.00
2015.11.23 14:54:21.577,10.72411,10.72732,0.00,0.00
2015.11.23 14:54:21.878,10.72419,10.72732,0.00,0.00
2015.11.23 14:54:22.267,10.72429,10.72732,0.00,0.00
2015.11.23 14:54:22.567,10.72421,10.72732,0.00,0.00
2015.11.23 14:54:22.618,10.72458,10.72762,0.00,0.00
2015.11.23 14:54:22.921,10.72382,10.72631,0.00,0.00
2015.11.23 14:54:23.075,10.72311,10.72631,0.00,0.00
2015.11.23 14:54:23.571,10.72358,10.72668,0.00,0.00
2015.11.23 14:54:24.389,10.72358,10.72679,0.00,0.00
2015.11.23 14:54:29.161,10.72358,10.72669,0.00,0.00
2015.11.23 14:54:29.312,10.72261,10.72579,0.00,0.00
2015.11.23 14:54:30.054,10.72309,10.72579,0.00,0.00
2015.11.23 14:54:30.267,10.72309,10.72618,0.00,0.00
2015.11.23 14:54:30.668,10.72309,10.72631,0.00,0.00
2015.11.23 14:54:31.060,10.72358,10.72639,0.00,0.00
2015.11.23 14:54:31.161,10.72319,10.72632,0.00,0.00
2015.11.23 14:54:31.673,10.7232,10.72632,0.00,0.00
2015.11.23 14:54:32.539,10.7232,10.72618,0.00,0.00
2015.11.23 14:54:32.979,10.72311,10.726,0.00,0.00
2015.11.23 14:54:33.687,10.72308,10.72579,0.00,0.00
2015.11.23 14:54:33.738,10.72261,10.72579,0.00,0.00
2015.11.23 14:54:34.377,10.72261,10.72532,0.00,0.00
2015.11.23 14:54:34.428,10.72248,10.72532,0.00,0.00
2015.11.23 14:54:34.539,10.72221,10.72532,0.00,0.00
2015.11.23 14:54:34.825,10.72258,10.72579,0.00,0.00
2015.11.23 14:54:37.491,10.72269,10.72579,0.00,0.00
2015.11.23 14:54:37.648,10.72258,10.72579,0.00,0.00
2015.11.23 14:54:37.750,10.72269,10.72579,0.00,0.00
2015.11.23 14:54:38.071,10.72308,10.72578,0.00,0.00
2015.11.23 14:54:38.222,10.72259,10.72578,0.00,0.00
2015.11.23 14:54:39.024,10.72269,10.72578,0.00,0.00
2015.11.23 14:54:39.354,10.72259,10.72578,0.00,0.00
2015.11.23 14:54:39.415,10.72269,10.72578,0.00,0.00
2015.11.23 14:54:40.317,10.72259,10.72578,0.00,0.00
2015.11.23 14:54:40.617,10.72268,10.72578,0.00,0.00
2015.11.23 14:54:41.052,10.72278,10.72578,0.00,0.00
2015.11.23 14:54:41.432,10.72259,10.72578,0.00,0.00
2015.11.23 14:54:42.700,10.72308,10.72618,0.00,0.00
2015.11.23 14:54:46.628,10.72308,10.72612,0.00,0.00
2015.11.23 14:54:46.780,10.72271,10.72579,0.00,0.00
2015.11.23 14:54:47.104,10.72272,10.72581,0.00,0.00
2015.11.23 14:54:47.155,10.72308,10.72619,0.00,0.00
2015.11.23 14:54:47.210,10.72272,10.72581,0.00,0.00
2015.11.23 14:54:47.260,10.72269,10.72581,0.00,0.00
2015.11.23 14:54:47.311,10.72269,10.72579,0.00,0.00
2015.11.23 14:54:47.362,10.72259,10.72579,0.00,0.00
2015.11.23 14:54:50.586,10.72259,10.72569,0.00,0.00
2015.11.23 14:54:50.687,10.72218,10.72531,0.00,0.00
2015.11.23 14:54:50.738,10.72228,10.72531,0.00,0.00
2015.11.23 14:54:50.839,10.72211,10.72531,0.00,0.00
2015.11.23 14:54:51.251,10.72258,10.72569,0.00,0.00
2015.11.23 14:54:51.998,10.72258,10.72578,0.00,0.00
2015.11.23 14:55:00.468,10.72258,10.72569,0.00,0.00
2015.11.23 14:55:00.969,10.72259,10.72532,0.00,0.00
2015.11.23 14:55:01.070,10.72209,10.72532,0.00,0.00
2015.11.23 14:55:01.417,10.7223,10.72532,0.00,0.00
2015.11.23 14:55:01.816,10.72309,10.72619,0.00,0.00
2015.11.23 14:55:03.038,10.72309,10.72611,0.00,0.00
2015.11.23 14:55:03.578,10.72309,10.7261,0.00,0.00
2015.11.23 14:55:04.651,10.72309,10.72611,0.00,0.00
2015.11.23 14:55:05.701,10.72358,10.72631,0.00,0.00
2015.11.23 14:55:05.752,10.72358,10.72678,0.00,0.00
2015.11.23 14:55:07.375,10.72359,10.72678,0.00,0.00
2015.11.23 14:55:07.888,10.72408,10.72678,0.00,0.00
2015.11.23 14:55:07.989,10.72408,10.72719,0.00,0.00
2015.11.23 14:55:08.845,10.72408,10.72718,0.00,0.00
2015.11.23 14:55:09.408,10.72408,10.72719,0.00,0.00
2015.11.23 14:55:09.459,10.72359,10.7267,0.00,0.00
2015.11.23 14:55:09.859,10.72318,10.72632,0.00,0.00
2015.11.23 14:55:10.380,10.72351,10.72632,0.00,0.00
2015.11.23 14:55:10.431,10.72358,10.72682,0.00,0.00
2015.11.23 14:55:10.482,10.72378,10.72682,0.00,0.00
2015.11.23 14:55:10.532,10.72408,10.72718,0.00,0.00
2015.11.23 14:55:11.414,10.72408,10.72719,0.00,0.00
2015.11.23 14:55:12.343,10.72508,10.72818,0.00,0.00
2015.11.23 14:55:12.669,10.72438,10.72678,0.00,0.00
2015.11.23 14:55:12.719,10.72408,10.72678,0.00,0.00
2015.11.23 14:55:12.770,10.72362,10.72678,0.00,0.00
2015.11.23 14:55:13.543,10.72362,10.72669,0.00,0.00
2015.11.23 14:55:15.108,10.72362,10.72682,0.00,0.00
2015.11.23 14:55:15.159,10.72409,10.72701,0.00,0.00
2015.11.23 14:55:15.210,10.72409,10.72718,0.00,0.00
2015.11.23 14:55:16.358,10.72382,10.72632,0.00,0.00
2015.11.23 14:55:16.602,10.72308,10.726,0.00,0.00
2015.11.23 14:55:16.653,10.72308,10.72579,0.00,0.00
2015.11.23 14:55:16.704,10.72258,10.72579,0.00,0.00
2015.11.23 14:55:18.501,10.72269,10.72579,0.00,0.00
2015.11.23 14:55:18.913,10.72258,10.72579,0.00,0.00
2015.11.23 14:55:20.206,10.7227,10.72579,0.00,0.00
2015.11.23 14:55:20.307,10.72309,10.72631,0.00,0.00
2015.11.23 14:55:24.229,10.7235,10.72631,0.00,0.00
2015.11.23 14:55:24.279,10.72358,10.72681,0.00,0.00
2015.11.23 14:55:24.381,10.72371,10.72682,0.00,0.00
2015.11.23 14:55:24.921,10.72409,10.72719,0.00,0.00
2015.11.23 14:55:25.253,10.72409,10.72729,0.00,0.00
2015.11.23 14:55:25.621,10.72409,10.72719,0.00,0.00
2015.11.23 14:55:29.866,10.72409,10.72728,0.00,0.00
2015.11.23 14:55:30.827,10.72409,10.72721,0.00,0.00
2015.11.23 14:55:30.929,10.72409,10.72728,0.00,0.00
2015.11.23 14:55:32.184,10.72481,10.72728,0.00,0.00
2015.11.23 14:55:32.235,10.72499,10.72781,0.00,0.00
2015.11.23 14:55:32.336,10.72508,10.72829,0.00,0.00
2015.11.23 14:55:33.036,10.72508,10.72832,0.00,0.00
2015.11.23 14:55:33.137,10.72571,10.72832,0.00,0.00
2015.11.23 14:55:33.238,10.72608,10.72871,0.00,0.00
2015.11.23 14:55:33.339,10.72608,10.72929,0.00,0.00
2015.11.23 14:55:34.926,10.72608,10.72911,0.00,0.00
2015.11.23 14:55:35.314,10.72608,10.72892,0.00,0.00
2015.11.23 14:55:35.365,10.72608,10.72928,0.00,0.00
2015.11.23 14:55:35.674,10.72608,10.7288,0.00,0.00
2015.11.23 14:55:35.724,10.72571,10.72869,0.00,0.00
2015.11.23 14:55:35.775,10.72571,10.7283,0.00,0.00
2015.11.23 14:55:35.826,10.72559,10.7283,0.00,0.00
2015.11.23 14:55:35.927,10.72559,10.72862,0.00,0.00
2015.11.23 14:55:36.027,10.72558,10.72869,0.00,0.00
2015.11.23 14:55:36.829,10.72558,10.72878,0.00,0.00
2015.11.23 14:55:37.904,10.72609,10.72918,0.00,0.00
2015.11.23 14:55:38.235,10.72559,10.72879,0.00,0.00
2015.11.23 14:55:39.191,10.7256,10.72879,0.00,0.00
2015.11.23 14:55:39.242,10.72608,10.72921,0.00,0.00
2015.11.23 14:55:39.343,10.72608,10.72929,0.00,0.00
2015.11.23 14:55:40.422,10.72608,10.72912,0.00,0.00
2015.11.23 14:55:40.473,10.72608,10.72929,0.00,0.00
2015.11.23 14:55:40.574,10.72608,10.72912,0.00,0.00
2015.11.23 14:55:40.634,10.72608,10.72929,0.00,0.00
2015.11.23 14:55:41.710,10.72611,10.72932,0.00,0.00
2015.11.23 14:55:42.053,10.72709,10.73018,0.00,0.00
2015.11.23 14:55:42.766,10.72759,10.73029,0.00,0.00
2015.11.23 14:55:42.868,10.72759,10.73069,0.00,0.00
2015.11.23 14:55:43.019,10.72748,10.73032,0.00,0.00
2015.11.23 14:55:43.360,10.72808,10.73132,0.00,0.00
2015.11.23 14:55:44.498,10.72808,10.73128,0.00,0.00
2015.11.23 14:55:44.816,10.72759,10.73078,0.00,0.00
2015.11.23 14:55:45.118,10.7284,10.73128,0.00,0.00
2015.11.23 14:55:45.476,10.72809,10.73128,0.00,0.00
2015.11.23 14:55:45.528,10.72801,10.73082,0.00,0.00
2015.11.23 14:55:45.578,10.72772,10.73082,0.00,0.00
2015.11.23 14:55:45.629,10.72761,10.73082,0.00,0.00
2015.11.23 14:55:45.680,10.72801,10.73082,0.00,0.00
2015.11.23 14:55:45.983,10.72658,10.72921,0.00,0.00
2015.11.23 14:55:46.084,10.72609,10.72921,0.00,0.00
2015.11.23 14:55:46.523,10.72609,10.72929,0.00,0.00
2015.11.23 14:55:46.724,10.72609,10.72918,0.00,0.00
2015.11.23 14:55:47.027,10.72509,10.72798,0.00,0.00
2015.11.23 14:55:47.128,10.72428,10.72728,0.00,0.00
2015.11.23 14:55:47.423,10.72408,10.7271,0.00,0.00
2015.11.23 14:55:47.979,10.72408,10.72711,0.00,0.00
2015.11.23 14:55:48.146,10.72408,10.72709,0.00,0.00
2015.11.23 14:55:48.515,10.72359,10.72679,0.00,0.00
2015.11.23 14:55:49.213,10.7236,10.72679,0.00,0.00
2015.11.23 14:55:49.840,10.72408,10.72679,0.00,0.00
2015.11.23 14:55:49.941,10.72359,10.72679,0.00,0.00
2015.11.23 14:55:50.168,10.72408,10.72678,0.00,0.00
2015.11.23 14:55:50.268,10.72419,10.72732,0.00,0.00
2015.11.23 14:55:50.369,10.72509,10.7278,0.00,0.00
2015.11.23 14:55:50.470,10.72509,10.72828,0.00,0.00
2015.11.23 14:55:51.347,10.7251,10.72828,0.00,0.00
2015.11.23 14:55:51.849,10.72509,10.72829,0.00,0.00
2015.11.23 14:55:51.900,10.72559,10.72828,0.00,0.00
2015.11.23 14:55:52.403,10.72559,10.7287,0.00,0.00
2015.11.23 14:55:52.454,10.7253,10.72829,0.00,0.00
2015.11.23 14:55:52.505,10.72509,10.72829,0.00,0.00
2015.11.23 14:55:52.927,10.72558,10.72829,0.00,0.00
2015.11.23 14:55:53.129,10.72708,10.73019,0.00,0.00
2015.11.23 14:55:53.673,10.72689,10.72982,0.00,0.00
2015.11.23 14:55:54.013,10.72719,10.73028,0.00,0.00
2015.11.23 14:55:54.063,10.7273,10.73028,0.00,0.00
2015.11.23 14:55:54.464,10.72709,10.73028,0.00,0.00
2015.11.23 14:55:55.106,10.72708,10.73029,0.00,0.00
2015.11.23 14:55:55.579,10.7271,10.73029,0.00,0.00
2015.11.23 14:55:55.922,10.72719,10.73029,0.00,0.00
2015.11.23 14:55:56.023,10.7271,10.73029,0.00,0.00
2015.11.23 14:55:56.823,10.72708,10.73029,0.00,0.00
2015.11.23 14:55:57.540,10.72708,10.73028,0.00,0.00
2015.11.23 14:55:58.097,10.72719,10.73028,0.00,0.00
2015.11.23 14:55:58.409,10.72708,10.73011,0.00,0.00
2015.11.23 14:55:59.000,10.72708,10.7301,0.00,0.00
2015.11.23 14:55:59.229,10.72708,10.73018,0.00,0.00
2015.11.23 14:56:00.335,10.72658,10.72979,0.00,0.00
2015.11.23 14:56:00.386,10.72708,10.72979,0.00,0.00
2015.11.23 14:56:00.488,10.72708,10.73019,0.00,0.00
2015.11.23 14:56:01.288,10.72708,10.73018,0.00,0.00
2015.11.23 14:56:02.491,10.72659,10.72981,0.00,0.00
2015.11.23 14:56:02.593,10.72659,10.72979,0.00,0.00
2015.11.23 14:56:03.137,10.72709,10.72979,0.00,0.00
2015.11.23 14:56:03.338,10.72658,10.72979,0.00,0.00
2015.11.23 14:56:07.091,10.72619,10.72929,0.00,0.00
2015.11.23 14:56:07.192,10.72659,10.72978,0.00,0.00
2015.11.23 14:56:07.765,10.72708,10.73019,0.00,0.00
2015.11.23 14:56:08.096,10.72708,10.73028,0.00,0.00
2015.11.23 14:56:09.049,10.72708,10.73029,0.00,0.00
2015.11.23 14:56:12.156,10.72708,10.73019,0.00,0.00
2015.11.23 14:56:12.806,10.72708,10.73018,0.00,0.00
2015.11.23 14:56:14.026,10.72658,10.72979,0.00,0.00
2015.11.23 14:56:14.127,10.72709,10.72979,0.00,0.00
2015.11.23 14:56:14.419,10.72709,10.73019,0.00,0.00
2015.11.23 14:56:14.548,10.72709,10.73028,0.00,0.00
2015.11.23 14:56:14.598,10.72808,10.73028,0.00,0.00
2015.11.23 14:56:14.700,10.72808,10.73072,0.00,0.00
2015.11.23 14:56:14.770,10.72808,10.73129,0.00,0.00
2015.11.23 14:56:15.522,10.72808,10.73132,0.00,0.00
2015.11.23 14:56:17.041,10.72809,10.73132,0.00,0.00
2015.11.23 14:56:17.489,10.72908,10.73181,0.00,0.00
2015.11.23 14:56:17.541,10.72909,10.73232,0.00,0.00
2015.11.23 14:56:17.744,10.72928,10.73229,0.00,0.00
2015.11.23 14:56:17.845,10.72908,10.73229,0.00,0.00
2015.11.23 14:56:18.582,10.72858,10.73182,0.00,0.00
2015.11.23 14:56:18.633,10.72909,10.73211,0.00,0.00
2015.11.23 14:56:18.733,10.72909,10.73218,0.00,0.00
2015.11.23 14:56:19.516,10.72992,10.73231,0.00,0.00
2015.11.23 14:56:19.567,10.72992,10.73242,0.00,0.00
2015.11.23 14:56:19.838,10.73049,10.73291,0.00,0.00
2015.11.23 14:56:20.044,10.73041,10.73291,0.00,0.00
2015.11.23 14:56:20.095,10.73041,10.73341,0.00,0.00
2015.11.23 14:56:20.145,10.73059,10.73342,0.00,0.00
2015.11.23 14:56:20.470,10.73092,10.73292,0.00,0.00
2015.11.23 14:56:20.521,10.73092,10.73341,0.00,0.00
2015.11.23 14:56:21.387,10.73119,10.73341,0.00,0.00
2015.11.23 14:56:21.438,10.7311,10.73341,0.00,0.00
2015.11.23 14:56:21.635,10.73092,10.73341,0.00,0.00
2015.11.23 14:56:21.713,10.731,10.73341,0.00,0.00
2015.11.23 14:56:21.914,10.7306,10.73341,0.00,0.00
2015.11.23 14:56:22.638,10.7317,10.73341,0.00,0.00
2015.11.23 14:56:22.689,10.7317,10.73442,0.00,0.00
2015.11.23 14:56:22.955,10.7323,10.73442,0.00,0.00
2015.11.23 14:56:23.057,10.73179,10.73442,0.00,0.00
2015.11.23 14:56:23.588,10.73159,10.73442,0.00,0.00
2015.11.23 14:56:23.823,10.73249,10.73442,0.00,0.00
2015.11.23 14:56:23.924,10.7318,10.73442,0.00,0.00
2015.11.23 14:56:24.556,10.73179,10.73442,0.00,0.00
2015.11.23 14:56:24.937,10.73169,10.73442,0.00,0.00
2015.11.23 14:56:25.932,10.7317,10.73442,0.00,0.00
2015.11.23 14:56:26.130,10.73249,10.73442,0.00,0.00
2015.11.23 14:56:26.181,10.73229,10.73442,0.00,0.00
2015.11.23 14:56:26.740,10.7323,10.73442,0.00,0.00
2015.11.23 14:56:26.836,10.7318,10.73442,0.00,0.00
2015.11.23 14:56:27.441,10.73179,10.73442,0.00,0.00
2015.11.23 14:56:28.104,10.73171,10.73442,0.00,0.00
2015.11.23 14:56:29.375,10.73171,10.73391,0.00,0.00
2015.11.23 14:56:29.476,10.7308,10.7339,0.00,0.00
2015.11.23 14:56:29.527,10.7308,10.73342,0.00,0.00
2015.11.23 14:56:30.062,10.73079,10.73342,0.00,0.00
2015.11.23 14:56:31.063,10.73029,10.73291,0.00,0.00
2015.11.23 14:56:31.114,10.73021,10.73291,0.00,0.00
2015.11.23 14:56:31.266,10.73011,10.73291,0.00,0.00
2015.11.23 14:56:31.316,10.73011,10.73241,0.00,0.00
2015.11.23 14:56:31.418,10.73011,10.73292,0.00,0.00
2015.11.23 14:56:31.620,10.7298,10.73241,0.00,0.00
2015.11.23 14:56:32.300,10.72979,10.73241,0.00,0.00
2015.11.23 14:56:32.401,10.72979,10.73291,0.00,0.00
2015.11.23 14:56:32.452,10.73012,10.73291,0.00,0.00
2015.11.23 14:56:32.767,10.72999,10.73242,0.00,0.00
2015.11.23 14:56:33.078,10.73009,10.73242,0.00,0.00
2015.11.23 14:56:33.606,10.73029,10.73292,0.00,0.00
2015.11.23 14:56:33.781,10.73011,10.73292,0.00,0.00
2015.11.23 14:56:33.955,10.73011,10.73241,0.00,0.00
2015.11.23 14:56:34.057,10.72999,10.73241,0.00,0.00
2015.11.23 14:56:34.304,10.72979,10.73241,0.00,0.00
2015.11.23 14:56:34.405,10.72971,10.73241,0.00,0.00
2015.11.23 14:56:35.262,10.72899,10.73141,0.00,0.00
2015.11.23 14:56:35.363,10.72899,10.73192,0.00,0.00
2015.11.23 14:56:35.414,10.72959,10.73192,0.00,0.00
2015.11.23 14:56:36.182,10.7296,10.73192,0.00,0.00
2015.11.23 14:56:36.333,10.72948,10.73192,0.00,0.00
2015.11.23 14:56:36.438,10.72948,10.73142,0.00,0.00
2015.11.23 14:56:36.489,10.7293,10.73142,0.00,0.00
2015.11.23 14:56:36.540,10.7294,10.73142,0.00,0.00
2015.11.23 14:56:36.590,10.7294,10.73192,0.00,0.00
2015.11.23 14:56:36.641,10.7293,10.73192,0.00,0.00
2015.11.23 14:56:37.245,10.72929,10.73192,0.00,0.00
2015.11.23 14:56:38.885,10.72929,10.73142,0.00,0.00
2015.11.23 14:56:39.211,10.7289,10.73142,0.00,0.00
2015.11.23 14:56:40.732,10.72889,10.73142,0.00,0.00
2015.11.23 14:56:41.336,10.7289,10.73142,0.00,0.00
2015.11.23 14:56:42.632,10.72889,10.73142,0.00,0.00
2015.11.23 14:56:43.437,10.7289,10.73142,0.00,0.00
2015.11.23 14:56:44.059,10.72872,10.73092,0.00,0.00
2015.11.23 14:56:44.160,10.72819,10.73042,0.00,0.00
2015.11.23 14:56:44.261,10.72782,10.73042,0.00,0.00
2015.11.23 14:56:44.690,10.72782,10.73091,0.00,0.00
2015.11.23 14:56:44.741,10.7283,10.73092,0.00,0.00
2015.11.23 14:56:44.842,10.72821,10.73092,0.00,0.00
2015.11.23 14:56:45.811,10.72821,10.73042,0.00,0.00
2015.11.23 14:56:45.912,10.72742,10.72992,0.00,0.00
2015.11.23 14:56:47.100,10.72729,10.72942,0.00,0.00
2015.11.23 14:56:47.202,10.72709,10.72942,0.00,0.00
2015.11.23 14:56:47.253,10.7273,10.72942,0.00,0.00
2015.11.23 14:56:47.354,10.72729,10.72992,0.00,0.00
2015.11.23 14:56:47.455,10.72739,10.72942,0.00,0.00
2015.11.23 14:56:47.657,10.72761,10.72991,0.00,0.00
2015.11.23 14:56:48.755,10.72771,10.72991,0.00,0.00
2015.11.23 14:56:48.806,10.7278,10.73042,0.00,0.00
2015.11.23 14:56:48.857,10.72791,10.73042,0.00,0.00
2015.11.23 14:56:49.875,10.72761,10.72992,0.00,0.00
2015.11.23 14:56:50.293,10.7274,10.73041,0.00,0.00
2015.11.23 14:56:50.394,10.72739,10.72991,0.00,0.00
2015.11.23 14:56:50.763,10.72711,10.72941,0.00,0.00
2015.11.23 14:56:50.965,10.72621,10.7289,0.00,0.00
2015.11.23 14:56:51.386,10.72621,10.72892,0.00,0.00
2015.11.23 14:56:51.436,10.72672,10.72892,0.00,0.00
2015.11.23 14:56:51.868,10.7269,10.72942,0.00,0.00
2015.11.23 14:56:51.969,10.72721,10.72942,0.00,0.00
2015.11.23 14:56:53.512,10.72728,10.72942,0.00,0.00
2015.11.23 14:56:53.625,10.72721,10.72942,0.00,0.00
2015.11.23 14:56:54.402,10.72761,10.72991,0.00,0.00
2015.11.23 14:56:54.503,10.72761,10.72941,0.00,0.00
2015.11.23 14:56:54.616,10.72722,10.72941,0.00,0.00
2015.11.23 14:56:56.111,10.72722,10.7299,0.00,0.00
2015.11.23 14:56:56.162,10.72762,10.72991,0.00,0.00
2015.11.23 14:56:57.293,10.72721,10.72991,0.00,0.00
2015.11.23 14:56:57.345,10.72689,10.72891,0.00,0.00
2015.11.23 14:56:57.446,10.72661,10.72891,0.00,0.00
2015.11.23 14:56:58.571,10.72621,10.72891,0.00,0.00
2015.11.23 14:56:58.621,10.72621,10.72841,0.00,0.00
2015.11.23 14:57:07.355,10.72629,10.72841,0.00,0.00
2015.11.23 14:57:07.557,10.72621,10.72841,0.00,0.00
2015.11.23 14:57:14.858,10.72601,10.72841,0.00,0.00
2015.11.23 14:57:21.096,10.72601,10.72891,0.00,0.00
2015.11.23 14:57:21.197,10.72692,10.72891,0.00,0.00
2015.11.23 14:57:21.455,10.72651,10.72892,0.00,0.00
2015.11.23 14:57:21.694,10.72651,10.72842,0.00,0.00
2015.11.23 14:57:21.795,10.72629,10.72891,0.00,0.00
2015.11.23 14:57:21.846,10.72649,10.72931,0.00,0.00
2015.11.23 14:57:21.897,10.72651,10.72941,0.00,0.00
2015.11.23 14:57:21.998,10.72651,10.72891,0.00,0.00
2015.11.23 14:57:22.301,10.72611,10.72842,0.00,0.00
2015.11.23 14:57:27.149,10.72611,10.72791,0.00,0.00
2015.11.23 14:57:27.250,10.72571,10.72791,0.00,0.00
2015.11.23 14:57:27.301,10.72521,10.72742,0.00,0.00
2015.11.23 14:57:27.778,10.72521,10.72691,0.00,0.00
2015.11.23 14:57:27.828,10.72449,10.72691,0.00,0.00
2015.11.23 14:57:28.346,10.72462,10.72691,0.00,0.00
2015.11.23 14:57:28.648,10.72362,10.72591,0.00,0.00
2015.11.23 14:57:29.897,10.72362,10.72542,0.00,0.00
2015.11.23 14:57:29.998,10.72322,10.72542,0.00,0.00
2015.11.23 14:57:30.160,10.72361,10.72542,0.00,0.00
2015.11.23 14:57:30.262,10.72361,10.72592,0.00,0.00
2015.11.23 14:57:31.860,10.72361,10.7259,0.00,0.00
2015.11.23 14:57:32.179,10.72321,10.72541,0.00,0.00
2015.11.23 14:57:32.537,10.72321,10.72441,0.00,0.00
2015.11.23 14:57:32.638,10.72272,10.72441,0.00,0.00
2015.11.23 14:57:32.926,10.72312,10.72542,0.00,0.00
2015.11.23 14:57:35.952,10.72312,10.72491,0.00,0.00
2015.11.23 14:57:36.054,10.72272,10.72491,0.00,0.00
2015.11.23 14:57:38.250,10.72311,10.72491,0.00,0.00
2015.11.23 14:57:38.301,10.72311,10.72542,0.00,0.00
2015.11.23 14:57:43.430,10.72311,10.7259,0.00,0.00
2015.11.23 14:57:43.481,10.72329,10.72591,0.00,0.00
2015.11.23 14:57:44.012,10.72329,10.72592,0.00,0.00
2015.11.23 14:57:44.333,10.72329,10.72542,0.00,0.00
2015.11.23 14:57:44.384,10.72321,10.72542,0.00,0.00
2015.11.23 14:57:44.435,10.72299,10.72542,0.00,0.00
2015.11.23 14:57:44.486,10.7229,10.72542,0.00,0.00
2015.11.23 14:57:44.864,10.72322,10.72591,0.00,0.00
2015.11.23 14:57:45.025,10.72329,10.72592,0.00,0.00
2015.11.23 14:57:45.276,10.72322,10.72592,0.00,0.00
2015.11.23 14:57:45.327,10.7231,10.72542,0.00,0.00
2015.11.23 14:57:45.666,10.7231,10.72591,0.00,0.00
2015.11.23 14:57:45.718,10.72329,10.72591,0.00,0.00
2015.11.23 14:57:46.271,10.7233,10.72591,0.00,0.00
2015.11.23 14:57:47.140,10.7234,10.72591,0.00,0.00
2015.11.23 14:57:47.749,10.72339,10.72591,0.00,0.00
2015.11.23 14:57:47.935,10.72339,10.72641,0.00,0.00
2015.11.23 14:57:47.986,10.72322,10.72641,0.00,0.00
2015.11.23 14:57:48.037,10.72322,10.72639,0.00,0.00
2015.11.23 14:57:48.401,10.7223,10.72441,0.00,0.00
2015.11.23 14:57:48.452,10.72181,10.72441,0.00,0.00
2015.11.23 14:57:49.951,10.72262,10.72441,0.00,0.00
2015.11.23 14:57:50.001,10.7227,10.72542,0.00,0.00
2015.11.23 14:57:50.206,10.72262,10.72542,0.00,0.00
2015.11.23 14:57:50.544,10.72268,10.72542,0.00,0.00
2015.11.23 14:57:50.846,10.72289,10.72542,0.00,0.00
2015.11.23 14:57:50.896,10.72279,10.72542,0.00,0.00
2015.11.23 14:57:51.187,10.72269,10.72542,0.00,0.00
2015.11.23 14:57:51.238,10.72269,10.72492,0.00,0.00
2015.11.23 14:57:51.339,10.72261,10.72492,0.00,0.00
2015.11.23 14:57:51.440,10.7223,10.72492,0.00,0.00
2015.11.23 14:57:51.491,10.7223,10.72441,0.00,0.00
2015.11.23 14:57:51.541,10.72221,10.72441,0.00,0.00
2015.11.23 14:57:51.593,10.722,10.72441,0.00,0.00
2015.11.23 14:57:52.103,10.72199,10.72441,0.00,0.00
2015.11.23 14:57:53.109,10.722,10.72441,0.00,0.00
2015.11.23 14:57:53.473,10.72209,10.72441,0.00,0.00
2015.11.23 14:57:53.574,10.72199,10.72441,0.00,0.00
2015.11.23 14:57:53.927,10.7219,10.72441,0.00,0.00
2015.11.23 14:57:54.152,10.72209,10.72441,0.00,0.00
2015.11.23 14:57:54.253,10.72228,10.72491,0.00,0.00
2015.11.23 14:57:54.355,10.72211,10.72491,0.00,0.00
2015.11.23 14:57:54.457,10.72181,10.72441,0.00,0.00
2015.11.23 14:57:55.655,10.72171,10.72441,0.00,0.00
2015.11.23 14:57:56.412,10.72171,10.72392,0.00,0.00
2015.11.23 14:57:56.698,10.7213,10.72392,0.00,0.00
2015.11.23 14:57:56.816,10.72122,10.72392,0.00,0.00
2015.11.23 14:57:56.867,10.72121,10.72342,0.00,0.00
2015.11.23 14:57:56.968,10.7211,10.72342,0.00,0.00
2015.11.23 14:57:57.554,10.72109,10.72342,0.00,0.00
2015.11.23 14:57:58.522,10.7211,10.72342,0.00,0.00
2015.11.23 14:57:58.624,10.72108,10.72342,0.00,0.00
2015.11.23 14:57:58.675,10.72138,10.72342,0.00,0.00
2015.11.23 14:57:58.776,10.72099,10.72342,0.00,0.00
2015.11.23 14:57:58.961,10.72118,10.72342,0.00,0.00
2015.11.23 14:57:59.067,10.72161,10.72392,0.00,0.00
2015.11.23 14:57:59.176,10.72162,10.72442,0.00,0.00
2015.11.23 14:57:59.557,10.72168,10.72442,0.00,0.00
2015.11.23 14:57:59.658,10.72162,10.72442,0.00,0.00
2015.11.23 14:57:59.708,10.72168,10.72442,0.00,0.00
2015.11.23 14:58:00.011,10.7217,10.72442,0.00,0.00
2015.11.23 14:58:00.314,10.72139,10.72391,0.00,0.00
2015.11.23 14:58:00.800,10.72168,10.72442,0.00,0.00
2015.11.23 14:58:01.084,10.72162,10.72442,0.00,0.00
2015.11.23 14:58:01.185,10.72169,10.72442,0.00,0.00
2015.11.23 14:58:01.506,10.72162,10.72442,0.00,0.00
2015.11.23 14:58:01.608,10.72131,10.72391,0.00,0.00
2015.11.23 14:58:02.641,10.72229,10.72391,0.00,0.00
2015.11.23 14:58:02.692,10.72229,10.72441,0.00,0.00
2015.11.23 14:58:02.843,10.72239,10.72441,0.00,0.00
2015.11.23 14:58:02.944,10.72279,10.72491,0.00,0.00
2015.11.23 14:58:02.995,10.72281,10.72491,0.00,0.00
2015.11.23 14:58:03.045,10.72281,10.72541,0.00,0.00
2015.11.23 14:58:03.980,10.72299,10.72541,0.00,0.00
2015.11.23 14:58:04.286,10.7231,10.72541,0.00,0.00
2015.11.23 14:58:04.826,10.72309,10.72541,0.00,0.00
2015.11.23 14:58:05.192,10.7232,10.72541,0.00,0.00
2015.11.23 14:58:05.815,10.72319,10.72541,0.00,0.00
2015.11.23 14:58:06.718,10.72309,10.72541,0.00,0.00
2015.11.23 14:58:07.609,10.72318,10.72541,0.00,0.00
2015.11.23 14:58:07.949,10.72299,10.72541,0.00,0.00
2015.11.23 14:58:08.489,10.723,10.72541,0.00,0.00
2015.11.23 14:58:09.272,10.72299,10.72541,0.00,0.00
2015.11.23 14:58:10.069,10.723,10.72541,0.00,0.00
2015.11.23 14:58:10.673,10.72299,10.72541,0.00,0.00
2015.11.23 14:58:11.789,10.72349,10.72541,0.00,0.00
2015.11.23 14:58:11.840,10.72349,10.72642,0.00,0.00
2015.11.23 14:58:11.941,10.72349,10.72591,0.00,0.00
2015.11.23 14:58:12.379,10.72341,10.72591,0.00,0.00
2015.11.23 14:58:12.912,10.72301,10.72542,0.00,0.00
2015.11.23 14:58:13.334,10.72342,10.72542,0.00,0.00
2015.11.23 14:58:13.385,10.72342,10.72591,0.00,0.00
2015.11.23 14:58:14.257,10.72342,10.72592,0.00,0.00
2015.11.23 14:58:15.002,10.72382,10.72641,0.00,0.00
2015.11.23 14:58:19.571,10.7239,10.72641,0.00,0.00
2015.11.23 14:58:19.991,10.72382,10.72641,0.00,0.00
2015.11.23 14:58:20.251,10.724,10.72641,0.00,0.00
2015.11.23 14:58:20.353,10.7239,10.72641,0.00,0.00
2015.11.23 14:58:20.454,10.72429,10.72691,0.00,0.00
2015.11.23 14:58:20.505,10.72432,10.72691,0.00,0.00
2015.11.23 14:58:21.295,10.72432,10.72642,0.00,0.00
2015.11.23 14:58:21.396,10.72391,10.72642,0.00,0.00
2015.11.23 14:58:25.430,10.72372,10.72642,0.00,0.00
2015.11.23 14:58:25.481,10.7237,10.72542,0.00,0.00
2015.11.23 14:58:25.531,10.72358,10.72542,0.00,0.00
2015.11.23 14:58:25.582,10.72302,10.72542,0.00,0.00
2015.11.23 14:58:28.539,10.72362,10.72592,0.00,0.00
2015.11.23 14:58:28.640,10.72381,10.72641,0.00,0.00
2015.11.23 14:58:29.259,10.72409,10.72641,0.00,0.00
2015.11.23 14:58:29.791,10.72399,10.72641,0.00,0.00
2015.11.23 14:58:30.757,10.72351,10.72591,0.00,0.00
2015.11.23 14:58:31.395,10.72351,10.72542,0.00,0.00
2015.11.23 14:58:31.496,10.72302,10.72542,0.00,0.00
2015.11.23 14:58:32.104,10.72339,10.72542,0.00,0.00
2015.11.23 14:58:32.659,10.7234,10.72542,0.00,0.00
2015.11.23 14:58:33.402,10.7231,10.72542,0.00,0.00
2015.11.23 14:58:33.503,10.72302,10.72542,0.00,0.00
2015.11.23 14:58:38.208,10.72281,10.72542,0.00,0.00
2015.11.23 14:58:39.490,10.7229,10.72542,0.00,0.00
2015.11.23 14:58:40.247,10.72309,10.72542,0.00,0.00
2015.11.23 14:58:40.449,10.723,10.72542,0.00,0.00
2015.11.23 14:58:40.708,10.72281,10.72542,0.00,0.00
2015.11.23 14:58:40.809,10.7229,10.72542,0.00,0.00
2015.11.23 14:58:41.460,10.72299,10.72542,0.00,0.00
2015.11.23 14:58:41.966,10.72289,10.72542,0.00,0.00
2015.11.23 14:58:42.617,10.7231,10.72542,0.00,0.00
2015.11.23 14:58:43.121,10.72299,10.72542,0.00,0.00
2015.11.23 14:58:43.721,10.7231,10.72542,0.00,0.00
2015.11.23 14:58:43.922,10.723,10.72542,0.00,0.00
2015.11.23 14:58:44.601,10.72299,10.72542,0.00,0.00
2015.11.23 14:58:44.726,10.7231,10.72542,0.00,0.00
2015.11.23 14:58:45.701,10.72299,10.72542,0.00,0.00
2015.11.23 14:58:48.141,10.7229,10.72542,0.00,0.00
2015.11.23 14:58:49.044,10.72279,10.72542,0.00,0.00
2015.11.23 14:58:49.446,10.72271,10.72542,0.00,0.00
2015.11.23 14:58:49.948,10.7228,10.72542,0.00,0.00
2015.11.23 14:58:50.284,10.72299,10.72542,0.00,0.00
2015.11.23 14:58:51.012,10.723,10.72542,0.00,0.00
2015.11.23 14:58:51.163,10.72289,10.72542,0.00,0.00
2015.11.23 14:58:51.253,10.72299,10.72542,0.00,0.00
2015.11.23 14:58:52.340,10.723,10.72542,0.00,0.00
2015.11.23 14:58:52.659,10.72289,10.72542,0.00,0.00
2015.11.23 14:58:52.860,10.7233,10.72542,0.00,0.00
2015.11.23 14:58:52.961,10.7229,10.72542,0.00,0.00
2015.11.23 14:58:53.073,10.72309,10.72542,0.00,0.00
2015.11.23 14:58:53.864,10.7231,10.72542,0.00,0.00
2015.11.23 14:58:54.533,10.72309,10.72542,0.00,0.00
2015.11.23 14:58:55.085,10.72331,10.72542,0.00,0.00
2015.11.23 14:58:55.136,10.72389,10.72642,0.00,0.00
2015.11.23 14:58:55.799,10.7239,10.72642,0.00,0.00
2015.11.23 14:58:56.427,10.72389,10.72642,0.00,0.00
2015.11.23 14:58:56.817,10.7238,10.72642,0.00,0.00
2015.11.23 14:58:57.331,10.72379,10.72642,0.00,0.00
2015.11.23 14:58:57.882,10.72369,10.72642,0.00,0.00
2015.11.23 14:58:58.691,10.72379,10.72642,0.00,0.00
2015.11.23 14:58:59.087,10.72409,10.72642,0.00,0.00
2015.11.23 14:58:59.602,10.7241,10.72642,0.00,0.00
2015.11.23 14:58:59.905,10.72462,10.72741,0.00,0.00
2015.11.23 14:59:00.263,10.72421,10.72692,0.00,0.00
2015.11.23 14:59:00.523,10.72419,10.72692,0.00,0.00
2015.11.23 14:59:01.698,10.7242,10.72692,0.00,0.00
2015.11.23 14:59:02.301,10.72419,10.72692,0.00,0.00
2015.11.23 14:59:02.351,10.72439,10.72692,0.00,0.00
2015.11.23 14:59:02.452,10.72419,10.72692,0.00,0.00
2015.11.23 14:59:02.986,10.7242,10.72692,0.00,0.00
2015.11.23 14:59:03.517,10.72439,10.72692,0.00,0.00
2015.11.23 14:59:04.349,10.72419,10.72692,0.00,0.00
2015.11.23 14:59:04.661,10.72439,10.72692,0.00,0.00
2015.11.23 14:59:05.266,10.7244,10.72692,0.00,0.00
2015.11.23 14:59:05.794,10.72461,10.72741,0.00,0.00
2015.11.23 14:59:06.484,10.72461,10.72691,0.00,0.00
2015.11.23 14:59:06.635,10.72449,10.72691,0.00,0.00
2015.11.23 14:59:07.265,10.7245,10.72691,0.00,0.00
2015.11.23 14:59:08.443,10.72449,10.72691,0.00,0.00
2015.11.23 14:59:09.145,10.7245,10.72691,0.00,0.00
2015.11.23 14:59:09.859,10.7243,10.72691,0.00,0.00
2015.11.23 14:59:10.188,10.72499,10.72741,0.00,0.00
2015.11.23 14:59:11.885,10.72489,10.72741,0.00,0.00
2015.11.23 14:59:12.490,10.7249,10.72741,0.00,0.00
2015.11.23 14:59:13.090,10.72489,10.72741,0.00,0.00
2015.11.23 14:59:13.764,10.7249,10.72741,0.00,0.00
2015.11.23 14:59:14.745,10.72479,10.72741,0.00,0.00
2015.11.23 14:59:15.672,10.7248,10.72741,0.00,0.00
2015.11.23 14:59:16.357,10.7249,10.72741,0.00,0.00
2015.11.23 14:59:16.698,10.72499,10.72741,0.00,0.00
2015.11.23 14:59:18.102,10.725,10.72741,0.00,0.00
2015.11.23 14:59:18.645,10.72499,10.72741,0.00,0.00
2015.11.23 14:59:19.204,10.725,10.72741,0.00,0.00
2015.11.23 14:59:21.071,10.72508,10.7279,0.00,0.00
2015.11.23 14:59:21.121,10.72562,10.7284,0.00,0.00
2015.11.23 14:59:21.426,10.72579,10.72842,0.00,0.00
2015.11.23 14:59:21.774,10.72589,10.72842,0.00,0.00
2015.11.23 14:59:22.081,10.72599,10.72842,0.00,0.00
2015.11.23 14:59:22.385,10.72609,10.72842,0.00,0.00
2015.11.23 14:59:22.731,10.7262,10.72842,0.00,0.00
2015.11.23 14:59:23.061,10.72639,10.72842,0.00,0.00
2015.11.23 14:59:23.112,10.72619,10.72842,0.00,0.00
2015.11.23 14:59:23.693,10.726,10.72842,0.00,0.00
2015.11.23 14:59:23.845,10.72579,10.72842,0.00,0.00
2015.11.23 14:59:24.017,10.72589,10.72842,0.00,0.00
2015.11.23 14:59:24.118,10.7257,10.72842,0.00,0.00
2015.11.23 14:59:24.358,10.72569,10.72791,0.00,0.00
2015.11.23 14:59:24.560,10.7257,10.7284,0.00,0.00
2015.11.23 14:59:24.851,10.7263,10.72842,0.00,0.00
2015.11.23 14:59:25.154,10.72649,10.72842,0.00,0.00
2015.11.23 14:59:25.255,10.72619,10.72842,0.00,0.00
2015.11.23 14:59:25.723,10.72609,10.72842,0.00,0.00
2015.11.23 14:59:27.594,10.7261,10.72842,0.00,0.00
2015.11.23 14:59:27.887,10.72659,10.72942,0.00,0.00
2015.11.23 14:59:27.988,10.72629,10.72891,0.00,0.00
2015.11.23 14:59:28.305,10.72649,10.72891,0.00,0.00
2015.11.23 14:59:28.406,10.72671,10.72941,0.00,0.00
2015.11.23 14:59:28.658,10.72679,10.72942,0.00,0.00
2015.11.23 14:59:29.245,10.72639,10.72892,0.00,0.00
2015.11.23 14:59:29.982,10.7264,10.7294,0.00,0.00
2015.11.23 14:59:30.516,10.72639,10.72992,0.00,0.00
2015.11.23 14:59:30.653,10.72649,10.72992,0.00,0.00
2015.11.23 14:59:31.185,10.7265,10.72992,0.00,0.00
2015.11.23 14:59:31.791,10.72699,10.72992,0.00,0.00
2015.11.23 14:59:31.893,10.72622,10.72931,0.00,0.00
2015.11.23 14:59:31.994,10.72622,10.72949,0.00,0.00
2015.11.23 14:59:32.314,10.72579,10.72949,0.00,0.00
2015.11.23 14:59:32.693,10.7258,10.72932,0.00,0.00
2015.11.23 14:59:33.315,10.72619,10.72932,0.00,0.00
2015.11.23 14:59:33.366,10.72619,10.72949,0.00,0.00
2015.11.23 14:59:34.361,10.72619,10.72892,0.00,0.00
2015.11.23 14:59:34.563,10.72639,10.72989,0.00,0.00
2015.11.23 14:59:35.141,10.72659,10.72989,0.00,0.00
2015.11.23 14:59:35.192,10.72638,10.72991,0.00,0.00
2015.11.23 14:59:35.293,10.72649,10.72988,0.00,0.00
2015.11.23 14:59:35.722,10.72658,10.72988,0.00,0.00
2015.11.23 14:59:36.116,10.7265,10.72988,0.00,0.00
2015.11.23 14:59:36.173,10.7263,10.72988,0.00,0.00
2015.11.23 14:59:36.557,10.72648,10.72988,0.00,0.00
2015.11.23 14:59:37.080,10.72661,10.72991,0.00,0.00
2015.11.23 14:59:38.738,10.72661,10.72992,0.00,0.00
2015.11.23 14:59:38.839,10.72609,10.72948,0.00,0.00
2015.11.23 14:59:38.940,10.72599,10.72948,0.00,0.00
2015.11.23 14:59:39.740,10.72599,10.72942,0.00,0.00
2015.11.23 14:59:39.841,10.72599,10.72948,0.00,0.00
2015.11.23 14:59:39.942,10.72618,10.72948,0.00,0.00
2015.11.23 14:59:40.224,10.72621,10.72961,0.00,0.00
2015.11.23 14:59:40.275,10.726,10.72961,0.00,0.00
2015.11.23 14:59:40.714,10.72599,10.72949,0.00,0.00
2015.11.23 14:59:40.896,10.72589,10.72949,0.00,0.00
2015.11.23 14:59:41.117,10.72598,10.72949,0.00,0.00
2015.11.23 14:59:41.549,10.7259,10.72949,0.00,0.00
2015.11.23 14:59:42.100,10.72589,10.72949,0.00,0.00
2015.11.23 14:59:42.304,10.72598,10.72949,0.00,0.00
2015.11.23 14:59:42.749,10.72618,10.72949,0.00,0.00
2015.11.23 14:59:42.950,10.7261,10.72949,0.00,0.00
2015.11.23 14:59:43.291,10.726,10.72949,0.00,0.00
2015.11.23 14:59:44.321,10.72599,10.72949,0.00,0.00
2015.11.23 14:59:44.746,10.72621,10.72892,0.00,0.00
2015.11.23 14:59:45.933,10.72621,10.72859,0.00,0.00
2015.11.23 14:59:45.984,10.72522,10.72859,0.00,0.00
2015.11.23 14:59:46.034,10.72522,10.72811,0.00,0.00
2015.11.23 14:59:46.153,10.72471,10.72811,0.00,0.00
2015.11.23 14:59:46.714,10.72471,10.72842,0.00,0.00
2015.11.23 14:59:46.815,10.72471,10.72792,0.00,0.00
2015.11.23 14:59:47.139,10.72422,10.72721,0.00,0.00
2015.11.23 14:59:47.190,10.7236,10.72689,0.00,0.00
2015.11.23 14:59:47.242,10.72351,10.72689,0.00,0.00
2015.11.23 14:59:47.293,10.72329,10.72689,0.00,0.00
2015.11.23 14:59:47.344,10.72322,10.72681,0.00,0.00
2015.11.23 14:59:47.668,10.72321,10.72678,0.00,0.00
2015.11.23 14:59:48.018,10.72288,10.72669,0.00,0.00
2015.11.23 14:59:48.068,10.7228,10.72661,0.00,0.00
2015.11.23 14:59:48.629,10.72279,10.72661,0.00,0.00
2015.11.23 14:59:49.032,10.72288,10.72669,0.00,0.00
2015.11.23 14:59:49.362,10.72271,10.72652,0.00,0.00
2015.11.23 14:59:50.277,10.72299,10.72669,0.00,0.00
2015.11.23 14:59:50.328,10.72299,10.72678,0.00,0.00
2015.11.23 14:59:50.752,10.72288,10.72672,0.00,0.00
2015.11.23 14:59:50.955,10.72308,10.72678,0.00,0.00
2015.11.23 14:59:51.193,10.72271,10.72642,0.00,0.00
2015.11.23 14:59:51.244,10.72278,10.72662,0.00,0.00
2015.11.23 14:59:51.361,10.72299,10.72641,0.00,0.00
2015.11.23 14:59:51.529,10.72271,10.72641,0.00,0.00
2015.11.23 14:59:51.579,10.7235,10.72689,0.00,0.00
2015.11.23 14:59:52.145,10.72361,10.72692,0.00,0.00
2015.11.23 14:59:55.151,10.72341,10.72689,0.00,0.00
2015.11.23 14:59:55.202,10.72281,10.72679,0.00,0.00
2015.11.23 14:59:55.329,10.7229,10.72679,0.00,0.00
2015.11.23 14:59:56.019,10.72281,10.72679,0.00,0.00
2015.11.23 14:59:56.671,10.72281,10.72669,0.00,0.00
2015.11.23 14:59:57.765,10.72281,10.72622,0.00,0.00
2015.11.23 14:59:57.966,10.72369,10.72722,0.00,0.00
2015.11.23 14:59:58.540,10.7238,10.72722,0.00,0.00
2015.11.23 14:59:59.093,10.72381,10.72722,0.00,0.00
2015.11.23 14:59:59.681,10.7239,10.72722,0.00,0.00
2015.11.23 14:59:59.999,10.72421,10.72722,0.00,0.00
