2016.04.26 05:00:01.099,12.36368,12.36639,0.00,0.00
2016.04.26 05:00:01.201,12.36349,12.36639,0.00,0.00
2016.04.26 05:00:01.311,12.36339,12.36639,0.00,0.00
2016.04.26 05:00:01.782,12.36339,12.36671,0.00,0.00
2016.04.26 05:00:02.335,12.3634,12.3667,0.00,0.00
2016.04.26 05:00:02.839,12.36339,12.36671,0.00,0.00
2016.04.26 05:00:03.408,12.3634,12.3667,0.00,0.00
2016.04.26 05:00:03.909,12.36339,12.36671,0.00,0.00
2016.04.26 05:00:04.410,12.3634,12.3667,0.00,0.00
2016.04.26 05:00:04.911,12.36339,12.36671,0.00,0.00
2016.04.26 05:00:05.460,12.3634,12.3667,0.00,0.00
2016.04.26 05:00:05.837,12.36309,12.36671,0.00,0.00
2016.04.26 05:00:05.888,12.36299,12.36671,0.00,0.00
2016.04.26 05:00:05.989,12.36289,12.36671,0.00,0.00
2016.04.26 05:00:06.089,12.36299,12.3667,0.00,0.00
2016.04.26 05:00:07.239,12.3634,12.36691,0.00,0.00
2016.04.26 05:00:07.290,12.3634,12.367,0.00,0.00
2016.04.26 05:00:07.391,12.36348,12.36701,0.00,0.00
2016.04.26 05:00:07.918,12.36348,12.367,0.00,0.00
2016.04.26 05:00:08.419,12.36348,12.36701,0.00,0.00
2016.04.26 05:00:09.021,12.36348,12.367,0.00,0.00
2016.04.26 05:00:09.272,12.36309,12.36681,0.00,0.00
2016.04.26 05:00:09.773,12.3631,12.3668,0.00,0.00
2016.04.26 05:00:10.232,12.36289,12.36638,0.00,0.00
2016.04.26 05:00:11.327,12.3629,12.36638,0.00,0.00
2016.04.26 05:00:12.329,12.36289,12.36638,0.00,0.00
2016.04.26 05:00:13.332,12.3629,12.36638,0.00,0.00
2016.04.26 05:00:13.836,12.36289,12.36638,0.00,0.00
2016.04.26 05:00:14.552,12.3629,12.36638,0.00,0.00
2016.04.26 05:00:14.602,12.3629,12.3665,0.00,0.00
2016.04.26 05:00:14.653,12.36269,12.3666,0.00,0.00
2016.04.26 05:00:14.704,12.3625,12.36622,0.00,0.00
2016.04.26 05:00:14.805,12.3625,12.36642,0.00,0.00
2016.04.26 05:00:14.956,12.36258,12.36652,0.00,0.00
2016.04.26 05:00:15.396,12.36258,12.36638,0.00,0.00
2016.04.26 05:00:16.204,12.36278,12.36638,0.00,0.00
2016.04.26 05:00:16.541,12.36289,12.36638,0.00,0.00
2016.04.26 05:00:17.645,12.36289,12.36631,0.00,0.00
2016.04.26 05:00:17.746,12.3629,12.36638,0.00,0.00
2016.04.26 05:00:18.291,12.36289,12.36638,0.00,0.00
2016.04.26 05:00:18.798,12.3629,12.36638,0.00,0.00
2016.04.26 05:00:19.520,12.36289,12.36638,0.00,0.00
2016.04.26 05:00:20.551,12.3629,12.36638,0.00,0.00
2016.04.26 05:00:21.199,12.36289,12.36638,0.00,0.00
2016.04.26 05:00:21.882,12.3629,12.36638,0.00,0.00
2016.04.26 05:00:22.492,12.36289,12.36638,0.00,0.00
2016.04.26 05:00:23.257,12.3629,12.36638,0.00,0.00
2016.04.26 05:00:23.758,12.36289,12.36638,0.00,0.00
2016.04.26 05:00:25.764,12.3629,12.36638,0.00,0.00
2016.04.26 05:00:26.767,12.36289,12.36638,0.00,0.00
2016.04.26 05:00:27.770,12.3629,12.36638,0.00,0.00
2016.04.26 05:00:28.271,12.36289,12.36638,0.00,0.00
2016.04.26 05:00:29.273,12.3629,12.36638,0.00,0.00
2016.04.26 05:00:29.890,12.36289,12.36638,0.00,0.00
2016.04.26 05:00:31.084,12.3629,12.36638,0.00,0.00
2016.04.26 05:00:31.389,12.3624,12.3661,0.00,0.00
2016.04.26 05:00:31.494,12.3624,12.36612,0.00,0.00
2016.04.26 05:00:31.578,12.36219,12.36612,0.00,0.00
2016.04.26 05:00:32.109,12.3622,12.36612,0.00,0.00
2016.04.26 05:00:32.490,12.3623,12.36612,0.00,0.00
2016.04.26 05:00:32.681,12.36248,12.36631,0.00,0.00
2016.04.26 05:00:33.201,12.36248,12.3659,0.00,0.00
2016.04.26 05:00:33.251,12.36229,12.3659,0.00,0.00
2016.04.26 05:00:33.302,12.36229,12.36621,0.00,0.00
2016.04.26 05:00:33.352,12.36219,12.36592,0.00,0.00
2016.04.26 05:00:33.554,12.36219,12.36611,0.00,0.00
2016.04.26 05:00:33.655,12.36219,12.36592,0.00,0.00
2016.04.26 05:00:33.756,12.3622,12.36601,0.00,0.00
2016.04.26 05:00:33.857,12.36219,12.36612,0.00,0.00
2016.04.26 05:00:34.011,12.36219,12.36531,0.00,0.00
2016.04.26 05:00:35.231,12.36239,12.36581,0.00,0.00
2016.04.26 05:00:35.282,12.36248,12.36639,0.00,0.00
2016.04.26 05:00:35.332,12.36248,12.3663,0.00,0.00
2016.04.26 05:00:35.575,12.36239,12.36622,0.00,0.00
2016.04.26 05:00:36.889,12.3624,12.36622,0.00,0.00
2016.04.26 05:00:37.391,12.36239,12.36622,0.00,0.00
2016.04.26 05:00:37.442,12.3624,12.3662,0.00,0.00
2016.04.26 05:00:37.792,12.36239,12.36602,0.00,0.00
2016.04.26 05:00:38.101,12.36239,12.36621,0.00,0.00
2016.04.26 05:00:38.624,12.36239,12.36622,0.00,0.00
2016.04.26 05:00:38.679,12.36239,12.36612,0.00,0.00
2016.04.26 05:00:38.931,12.36219,12.36601,0.00,0.00
2016.04.26 05:00:39.696,12.3622,12.366,0.00,0.00
2016.04.26 05:00:39.797,12.36239,12.36601,0.00,0.00
2016.04.26 05:00:40.102,12.36219,12.36592,0.00,0.00
2016.04.26 05:00:40.348,12.36219,12.36601,0.00,0.00
2016.04.26 05:00:40.602,12.36229,12.36601,0.00,0.00
2016.04.26 05:00:41.101,12.3624,12.366,0.00,0.00
2016.04.26 05:00:41.426,12.36248,12.36601,0.00,0.00
2016.04.26 05:00:41.550,12.3624,12.366,0.00,0.00
2016.04.26 05:00:42.302,12.36239,12.36601,0.00,0.00
2016.04.26 05:00:43.604,12.3624,12.366,0.00,0.00
2016.04.26 05:00:44.152,12.36239,12.36601,0.00,0.00
2016.04.26 05:00:45.409,12.3624,12.366,0.00,0.00
2016.04.26 05:00:45.932,12.36239,12.36601,0.00,0.00
2016.04.26 05:00:46.862,12.36248,12.36601,0.00,0.00
2016.04.26 05:00:47.580,12.36248,12.366,0.00,0.00
2016.04.26 05:00:47.681,12.36239,12.36601,0.00,0.00
2016.04.26 05:00:48.214,12.3624,12.366,0.00,0.00
2016.04.26 05:00:48.532,12.36289,12.36612,0.00,0.00
2016.04.26 05:00:48.699,12.36309,12.36661,0.00,0.00
2016.04.26 05:00:49.333,12.36309,12.36639,0.00,0.00
2016.04.26 05:00:50.018,12.3639,12.36639,0.00,0.00
2016.04.26 05:00:50.069,12.3639,12.3667,0.00,0.00
2016.04.26 05:00:50.119,12.36449,12.36701,0.00,0.00
2016.04.26 05:00:50.170,12.36449,12.36712,0.00,0.00
2016.04.26 05:00:50.220,12.36459,12.36712,0.00,0.00
2016.04.26 05:00:50.304,12.36468,12.36769,0.00,0.00
2016.04.26 05:00:50.355,12.36479,12.36838,0.00,0.00
2016.04.26 05:00:50.459,12.36488,12.36838,0.00,0.00
2016.04.26 05:00:50.761,12.3659,12.36838,0.00,0.00
2016.04.26 05:00:51.047,12.366,12.36938,0.00,0.00
2016.04.26 05:00:51.148,12.36629,12.36911,0.00,0.00
2016.04.26 05:00:51.249,12.3654,12.3692,0.00,0.00
2016.04.26 05:00:51.352,12.36539,12.36922,0.00,0.00
2016.04.26 05:00:51.453,12.36569,12.36938,0.00,0.00
2016.04.26 05:00:51.521,12.36548,12.36938,0.00,0.00
2016.04.26 05:00:51.572,12.36559,12.36938,0.00,0.00
2016.04.26 05:00:51.872,12.3654,12.36921,0.00,0.00
2016.04.26 05:00:51.973,12.3654,12.36912,0.00,0.00
2016.04.26 05:00:52.074,12.36539,12.36921,0.00,0.00
2016.04.26 05:00:52.176,12.36539,12.36902,0.00,0.00
2016.04.26 05:00:52.337,12.3654,12.36912,0.00,0.00
2016.04.26 05:00:52.474,12.36539,12.36902,0.00,0.00
2016.04.26 05:00:53.076,12.36539,12.36911,0.00,0.00
2016.04.26 05:00:53.233,12.3654,12.36902,0.00,0.00
2016.04.26 05:00:53.385,12.36539,12.36921,0.00,0.00
2016.04.26 05:00:53.576,12.36539,12.36931,0.00,0.00
2016.04.26 05:00:53.777,12.36539,12.36922,0.00,0.00
2016.04.26 05:00:54.328,12.3654,12.36922,0.00,0.00
2016.04.26 05:00:54.750,12.3654,12.3687,0.00,0.00
2016.04.26 05:00:54.850,12.3654,12.36881,0.00,0.00
2016.04.26 05:00:55.181,12.36539,12.36892,0.00,0.00
2016.04.26 05:00:55.482,12.36539,12.36882,0.00,0.00
2016.04.26 05:00:55.946,12.3654,12.36891,0.00,0.00
2016.04.26 05:00:56.461,12.36539,12.36891,0.00,0.00
2016.04.26 05:00:56.944,12.36499,12.36839,0.00,0.00
2016.04.26 05:00:57.045,12.36479,12.36839,0.00,0.00
2016.04.26 05:00:57.113,12.3645,12.36832,0.00,0.00
2016.04.26 05:00:57.294,12.3644,12.36832,0.00,0.00
2016.04.26 05:00:58.048,12.36439,12.36832,0.00,0.00
2016.04.26 05:00:58.793,12.36459,12.36839,0.00,0.00
2016.04.26 05:00:58.844,12.36459,12.36852,0.00,0.00
2016.04.26 05:00:58.895,12.36539,12.36861,0.00,0.00
2016.04.26 05:00:58.997,12.36539,12.36922,0.00,0.00
2016.04.26 05:00:59.098,12.36549,12.36942,0.00,0.00
2016.04.26 05:00:59.264,12.36549,12.36932,0.00,0.00
2016.04.26 05:00:59.366,12.3656,12.3695,0.00,0.00
2016.04.26 05:00:59.453,12.3657,12.36952,0.00,0.00
2016.04.26 05:00:59.503,12.3657,12.3696,0.00,0.00
2016.04.26 05:00:59.655,12.36569,12.36939,0.00,0.00
2016.04.26 05:00:59.705,12.36548,12.36939,0.00,0.00
2016.04.26 05:00:59.806,12.36539,12.36931,0.00,0.00
2016.04.26 05:00:59.978,12.36549,12.36939,0.00,0.00
2016.04.26 05:01:00.361,12.36569,12.36939,0.00,0.00
2016.04.26 05:01:00.658,12.3655,12.36939,0.00,0.00
2016.04.26 05:01:00.708,12.3655,12.36922,0.00,0.00
2016.04.26 05:01:00.909,12.3655,12.36939,0.00,0.00
2016.04.26 05:01:01.010,12.3654,12.36932,0.00,0.00
2016.04.26 05:01:01.575,12.36539,12.36932,0.00,0.00
2016.04.26 05:01:02.062,12.3655,12.36932,0.00,0.00
2016.04.26 05:01:02.113,12.3655,12.36939,0.00,0.00
2016.04.26 05:01:02.164,12.36559,12.36939,0.00,0.00
2016.04.26 05:01:02.288,12.3655,12.36939,0.00,0.00
2016.04.26 05:01:02.364,12.36548,12.36931,0.00,0.00
2016.04.26 05:01:02.665,12.36539,12.36921,0.00,0.00
2016.04.26 05:01:03.191,12.3654,12.36921,0.00,0.00
2016.04.26 05:01:03.887,12.36539,12.36921,0.00,0.00
2016.04.26 05:01:04.122,12.36539,12.36931,0.00,0.00
2016.04.26 05:01:05.273,12.36539,12.36932,0.00,0.00
2016.04.26 05:01:05.811,12.3654,12.36932,0.00,0.00
2016.04.26 05:01:05.976,12.3655,12.36932,0.00,0.00
2016.04.26 05:01:06.315,12.36559,12.36939,0.00,0.00
2016.04.26 05:01:06.365,12.36549,12.36939,0.00,0.00
2016.04.26 05:01:06.466,12.3655,12.36921,0.00,0.00
2016.04.26 05:01:06.728,12.3655,12.36931,0.00,0.00
2016.04.26 05:01:07.502,12.3654,12.3693,0.00,0.00
2016.04.26 05:01:07.552,12.3654,12.36922,0.00,0.00
2016.04.26 05:01:07.854,12.36539,12.36902,0.00,0.00
2016.04.26 05:01:07.955,12.3654,12.36921,0.00,0.00
2016.04.26 05:01:08.056,12.36539,12.36931,0.00,0.00
2016.04.26 05:01:08.176,12.3654,12.3692,0.00,0.00
2016.04.26 05:01:08.378,12.3647,12.36862,0.00,0.00
2016.04.26 05:01:08.479,12.36469,12.36842,0.00,0.00
2016.04.26 05:01:08.585,12.36461,12.36842,0.00,0.00
2016.04.26 05:01:08.637,12.36468,12.36862,0.00,0.00
2016.04.26 05:01:08.688,12.3647,12.36862,0.00,0.00
2016.04.26 05:01:09.040,12.3646,12.36832,0.00,0.00
2016.04.26 05:01:09.385,12.36519,12.36839,0.00,0.00
2016.04.26 05:01:09.436,12.36489,12.36839,0.00,0.00
2016.04.26 05:01:09.743,12.3648,12.36839,0.00,0.00
2016.04.26 05:01:09.794,12.3648,12.36862,0.00,0.00
2016.04.26 05:01:09.903,12.3648,12.3687,0.00,0.00
2016.04.26 05:01:09.976,12.36538,12.3687,0.00,0.00
2016.04.26 05:01:10.027,12.3654,12.36932,0.00,0.00
2016.04.26 05:01:10.077,12.36559,12.36951,0.00,0.00
2016.04.26 05:01:10.398,12.3659,12.36912,0.00,0.00
2016.04.26 05:01:10.500,12.3659,12.3696,0.00,0.00
2016.04.26 05:01:10.602,12.3659,12.36939,0.00,0.00
2016.04.26 05:01:11.128,12.36589,12.36939,0.00,0.00
2016.04.26 05:01:12.093,12.3659,12.36939,0.00,0.00
2016.04.26 05:01:12.962,12.36589,12.36881,0.00,0.00
2016.04.26 05:01:13.164,12.36639,12.36981,0.00,0.00
2016.04.26 05:01:13.215,12.3664,12.37,0.00,0.00
2016.04.26 05:01:13.791,12.36639,12.37001,0.00,0.00
2016.04.26 05:01:14.901,12.3664,12.37,0.00,0.00
2016.04.26 05:01:15.443,12.36639,12.37001,0.00,0.00
2016.04.26 05:01:15.715,12.36639,12.36981,0.00,0.00
2016.04.26 05:01:15.967,12.36639,12.36991,0.00,0.00
2016.04.26 05:01:16.051,12.36639,12.37001,0.00,0.00
2016.04.26 05:01:16.813,12.3664,12.37,0.00,0.00
2016.04.26 05:01:17.409,12.36639,12.37001,0.00,0.00
2016.04.26 05:01:17.930,12.3664,12.37,0.00,0.00
2016.04.26 05:01:18.462,12.36639,12.37001,0.00,0.00
2016.04.26 05:01:20.167,12.3664,12.36992,0.00,0.00
2016.04.26 05:01:20.268,12.36639,12.37001,0.00,0.00
2016.04.26 05:01:21.017,12.3664,12.37,0.00,0.00
2016.04.26 05:01:21.569,12.3664,12.36992,0.00,0.00
2016.04.26 05:01:22.019,12.3671,12.37,0.00,0.00
2016.04.26 05:01:22.568,12.3664,12.37,0.00,0.00
2016.04.26 05:01:23.122,12.36608,12.3697,0.00,0.00
2016.04.26 05:01:23.173,12.36599,12.3697,0.00,0.00
2016.04.26 05:01:23.301,12.3659,12.36941,0.00,0.00
2016.04.26 05:01:23.540,12.3659,12.36952,0.00,0.00
2016.04.26 05:01:23.673,12.3659,12.36942,0.00,0.00
2016.04.26 05:01:24.029,12.36589,12.36938,0.00,0.00
2016.04.26 05:01:24.376,12.36619,12.36938,0.00,0.00
2016.04.26 05:01:24.427,12.3659,12.36938,0.00,0.00
2016.04.26 05:01:24.676,12.36589,12.36962,0.00,0.00
2016.04.26 05:01:24.943,12.3659,12.3697,0.00,0.00
2016.04.26 05:01:25.277,12.3659,12.36951,0.00,0.00
2016.04.26 05:01:25.624,12.36589,12.36938,0.00,0.00
2016.04.26 05:01:26.040,12.36589,12.36932,0.00,0.00
2016.04.26 05:01:26.730,12.36589,12.36938,0.00,0.00
2016.04.26 05:01:27.321,12.3659,12.36938,0.00,0.00
2016.04.26 05:01:27.991,12.36589,12.36938,0.00,0.00
2016.04.26 05:01:30.137,12.3659,12.36938,0.00,0.00
2016.04.26 05:01:30.681,12.36589,12.36938,0.00,0.00
2016.04.26 05:01:31.671,12.3659,12.36938,0.00,0.00
2016.04.26 05:01:32.281,12.36589,12.36938,0.00,0.00
2016.04.26 05:01:33.152,12.3659,12.36938,0.00,0.00
2016.04.26 05:01:34.184,12.36589,12.36938,0.00,0.00
2016.04.26 05:01:34.685,12.3659,12.36938,0.00,0.00
2016.04.26 05:01:35.194,12.36589,12.36938,0.00,0.00
2016.04.26 05:01:35.777,12.3659,12.36938,0.00,0.00
2016.04.26 05:01:36.759,12.36589,12.36938,0.00,0.00
2016.04.26 05:01:37.260,12.3659,12.36938,0.00,0.00
2016.04.26 05:01:37.761,12.36589,12.36938,0.00,0.00
2016.04.26 05:01:39.305,12.3659,12.36938,0.00,0.00
2016.04.26 05:01:39.866,12.36589,12.36938,0.00,0.00
2016.04.26 05:01:40.367,12.3659,12.36938,0.00,0.00
2016.04.26 05:01:40.418,12.3659,12.3695,0.00,0.00
2016.04.26 05:01:40.468,12.36639,12.36971,0.00,0.00
2016.04.26 05:01:40.519,12.36639,12.37001,0.00,0.00
2016.04.26 05:01:40.570,12.36639,12.37012,0.00,0.00
2016.04.26 05:01:40.671,12.36639,12.37022,0.00,0.00
2016.04.26 05:01:40.818,12.3664,12.37002,0.00,0.00
2016.04.26 05:01:40.869,12.3663,12.37002,0.00,0.00
2016.04.26 05:01:40.919,12.3663,12.36992,0.00,0.00
2016.04.26 05:01:41.021,12.36639,12.37021,0.00,0.00
2016.04.26 05:01:41.219,12.36639,12.37001,0.00,0.00
2016.04.26 05:01:42.289,12.36649,12.37001,0.00,0.00
2016.04.26 05:01:42.340,12.36649,12.37011,0.00,0.00
2016.04.26 05:01:42.491,12.3665,12.3703,0.00,0.00
2016.04.26 05:01:44.074,12.36649,12.37031,0.00,0.00
2016.04.26 05:01:44.325,12.36649,12.37021,0.00,0.00
2016.04.26 05:01:44.376,12.3664,12.37021,0.00,0.00
2016.04.26 05:01:44.477,12.36639,12.37031,0.00,0.00
2016.04.26 05:01:44.527,12.36639,12.37012,0.00,0.00
2016.04.26 05:01:44.880,12.36639,12.36992,0.00,0.00
2016.04.26 05:01:45.532,12.3664,12.36992,0.00,0.00
2016.04.26 05:01:45.633,12.36639,12.37021,0.00,0.00
2016.04.26 05:01:45.734,12.36639,12.36991,0.00,0.00
2016.04.26 05:01:46.104,12.36649,12.37001,0.00,0.00
2016.04.26 05:01:46.631,12.3665,12.3702,0.00,0.00
2016.04.26 05:01:47.190,12.36649,12.37021,0.00,0.00
2016.04.26 05:01:49.085,12.3665,12.37021,0.00,0.00
2016.04.26 05:01:50.086,12.36649,12.37021,0.00,0.00
2016.04.26 05:01:50.588,12.3665,12.37021,0.00,0.00
2016.04.26 05:01:51.167,12.36649,12.37021,0.00,0.00
2016.04.26 05:01:51.867,12.3665,12.37021,0.00,0.00
2016.04.26 05:01:52.391,12.36649,12.37021,0.00,0.00
2016.04.26 05:01:53.092,12.3665,12.37021,0.00,0.00
2016.04.26 05:01:53.631,12.36649,12.37021,0.00,0.00
2016.04.26 05:01:54.178,12.3665,12.37021,0.00,0.00
2016.04.26 05:01:55.096,12.36649,12.37021,0.00,0.00
2016.04.26 05:01:56.098,12.3665,12.37021,0.00,0.00
2016.04.26 05:01:56.600,12.36649,12.37021,0.00,0.00
2016.04.26 05:01:57.606,12.3665,12.37021,0.00,0.00
2016.04.26 05:01:58.107,12.36649,12.37021,0.00,0.00
2016.04.26 05:01:58.710,12.3665,12.37021,0.00,0.00
2016.04.26 05:01:58.761,12.3665,12.37031,0.00,0.00
2016.04.26 05:01:58.976,12.3665,12.37012,0.00,0.00
2016.04.26 05:01:59.488,12.36649,12.37012,0.00,0.00
2016.04.26 05:02:00.115,12.3665,12.37012,0.00,0.00
2016.04.26 05:02:00.616,12.36649,12.37012,0.00,0.00
2016.04.26 05:02:01.118,12.3665,12.37012,0.00,0.00
2016.04.26 05:02:01.619,12.36649,12.37012,0.00,0.00
2016.04.26 05:02:02.223,12.3665,12.37012,0.00,0.00
2016.04.26 05:02:02.789,12.36649,12.37012,0.00,0.00
2016.04.26 05:02:03.448,12.3665,12.37012,0.00,0.00
2016.04.26 05:02:03.701,12.3665,12.3703,0.00,0.00
2016.04.26 05:02:04.265,12.3665,12.37031,0.00,0.00
2016.04.26 05:02:04.315,12.3665,12.37002,0.00,0.00
2016.04.26 05:02:04.869,12.36649,12.37002,0.00,0.00
2016.04.26 05:02:04.919,12.36649,12.37012,0.00,0.00
2016.04.26 05:02:05.734,12.3665,12.37012,0.00,0.00
2016.04.26 05:02:06.939,12.36649,12.37012,0.00,0.00
2016.04.26 05:02:07.542,12.3665,12.37012,0.00,0.00
2016.04.26 05:02:08.096,12.36649,12.37012,0.00,0.00
2016.04.26 05:02:08.526,12.36649,12.37032,0.00,0.00
2016.04.26 05:02:08.640,12.3665,12.37022,0.00,0.00
2016.04.26 05:02:09.249,12.36649,12.37021,0.00,0.00
2016.04.26 05:02:09.552,12.36649,12.36992,0.00,0.00
2016.04.26 05:02:09.603,12.36649,12.37002,0.00,0.00
2016.04.26 05:02:10.986,12.3665,12.37002,0.00,0.00
2016.04.26 05:02:11.770,12.36649,12.37002,0.00,0.00
2016.04.26 05:02:12.326,12.3665,12.37002,0.00,0.00
2016.04.26 05:02:13.254,12.36649,12.37002,0.00,0.00
2016.04.26 05:02:14.257,12.3665,12.37002,0.00,0.00
2016.04.26 05:02:14.759,12.36649,12.37002,0.00,0.00
2016.04.26 05:02:15.461,12.3665,12.37002,0.00,0.00
2016.04.26 05:02:16.264,12.36649,12.37002,0.00,0.00
2016.04.26 05:02:17.267,12.3665,12.37002,0.00,0.00
2016.04.26 05:02:17.538,12.3665,12.37012,0.00,0.00
2016.04.26 05:02:18.270,12.36649,12.37012,0.00,0.00
2016.04.26 05:02:19.274,12.3665,12.37012,0.00,0.00
2016.04.26 05:02:20.277,12.36649,12.37012,0.00,0.00
2016.04.26 05:02:20.742,12.36649,12.36991,0.00,0.00
2016.04.26 05:02:20.887,12.3665,12.37012,0.00,0.00
2016.04.26 05:02:21.628,12.36649,12.37012,0.00,0.00
2016.04.26 05:02:22.283,12.3665,12.37012,0.00,0.00
2016.04.26 05:02:22.784,12.36649,12.37012,0.00,0.00
2016.04.26 05:02:24.690,12.3665,12.37012,0.00,0.00
2016.04.26 05:02:25.258,12.36649,12.37011,0.00,0.00
2016.04.26 05:02:25.794,12.3665,12.37011,0.00,0.00
2016.04.26 05:02:26.299,12.36649,12.37011,0.00,0.00
2016.04.26 05:02:28.279,12.36649,12.37002,0.00,0.00
2016.04.26 05:02:29.178,12.36649,12.37031,0.00,0.00
2016.04.26 05:02:29.799,12.3665,12.37031,0.00,0.00
2016.04.26 05:02:30.281,12.36649,12.37012,0.00,0.00
2016.04.26 05:02:32.414,12.3665,12.37012,0.00,0.00
2016.04.26 05:02:33.417,12.36649,12.37012,0.00,0.00
2016.04.26 05:02:34.019,12.3665,12.37012,0.00,0.00
2016.04.26 05:02:34.551,12.36649,12.37012,0.00,0.00
2016.04.26 05:02:35.144,12.3665,12.37012,0.00,0.00
2016.04.26 05:02:35.386,12.3665,12.37032,0.00,0.00
2016.04.26 05:02:35.437,12.36659,12.37032,0.00,0.00
2016.04.26 05:02:35.488,12.36659,12.37039,0.00,0.00
2016.04.26 05:02:35.680,12.36659,12.37031,0.00,0.00
2016.04.26 05:02:35.870,12.3666,12.37039,0.00,0.00
2016.04.26 05:02:36.429,12.36659,12.37039,0.00,0.00
2016.04.26 05:02:36.731,12.36649,12.37039,0.00,0.00
2016.04.26 05:02:36.782,12.36649,12.37032,0.00,0.00
2016.04.26 05:02:37.141,12.36649,12.37011,0.00,0.00
2016.04.26 05:02:38.364,12.36649,12.37032,0.00,0.00
2016.04.26 05:02:39.937,12.3665,12.37032,0.00,0.00
2016.04.26 05:02:40.989,12.36649,12.37032,0.00,0.00
2016.04.26 05:02:42.949,12.3665,12.37032,0.00,0.00
2016.04.26 05:02:43.170,12.36649,12.37021,0.00,0.00
2016.04.26 05:02:43.644,12.36649,12.37012,0.00,0.00
2016.04.26 05:02:44.403,12.3665,12.37012,0.00,0.00
2016.04.26 05:02:45.447,12.36649,12.37012,0.00,0.00
2016.04.26 05:02:45.989,12.3665,12.37012,0.00,0.00
2016.04.26 05:02:46.343,12.36669,12.37021,0.00,0.00
2016.04.26 05:02:46.443,12.36669,12.37051,0.00,0.00
2016.04.26 05:02:46.988,12.3666,12.3705,0.00,0.00
2016.04.26 05:02:47.043,12.3666,12.37011,0.00,0.00
2016.04.26 05:02:47.144,12.3666,12.37031,0.00,0.00
2016.04.26 05:02:47.195,12.36669,12.37031,0.00,0.00
2016.04.26 05:02:47.344,12.36669,12.37042,0.00,0.00
2016.04.26 05:02:47.852,12.3667,12.37042,0.00,0.00
2016.04.26 05:02:48.398,12.3666,12.37042,0.00,0.00
2016.04.26 05:02:48.617,12.36659,12.37032,0.00,0.00
2016.04.26 05:02:48.667,12.36649,12.37032,0.00,0.00
2016.04.26 05:02:48.718,12.36649,12.37021,0.00,0.00
2016.04.26 05:02:49.117,12.36658,12.3704,0.00,0.00
2016.04.26 05:02:49.168,12.36658,12.3705,0.00,0.00
2016.04.26 05:02:49.218,12.3665,12.37041,0.00,0.00
2016.04.26 05:02:50.219,12.3665,12.37031,0.00,0.00
2016.04.26 05:02:50.819,12.36658,12.3705,0.00,0.00
2016.04.26 05:02:50.870,12.36658,12.37031,0.00,0.00
2016.04.26 05:02:51.171,12.36649,12.37012,0.00,0.00
2016.04.26 05:02:51.222,12.36649,12.37021,0.00,0.00
2016.04.26 05:02:51.322,12.3665,12.37002,0.00,0.00
2016.04.26 05:02:52.009,12.36649,12.37002,0.00,0.00
2016.04.26 05:02:52.560,12.3665,12.37002,0.00,0.00
2016.04.26 05:02:53.062,12.36649,12.37002,0.00,0.00
2016.04.26 05:02:53.462,12.36639,12.37002,0.00,0.00
2016.04.26 05:02:53.963,12.3664,12.37002,0.00,0.00
2016.04.26 05:02:55.466,12.36639,12.37002,0.00,0.00
2016.04.26 05:02:55.710,12.36609,12.36971,0.00,0.00
2016.04.26 05:02:55.918,12.3661,12.3699,0.00,0.00
2016.04.26 05:02:56.019,12.36609,12.36981,0.00,0.00
2016.04.26 05:02:56.150,12.36609,12.36991,0.00,0.00
2016.04.26 05:02:56.769,12.3661,12.36992,0.00,0.00
2016.04.26 05:02:57.270,12.36609,12.36992,0.00,0.00
2016.04.26 05:02:57.773,12.3661,12.36992,0.00,0.00
2016.04.26 05:02:58.322,12.36609,12.36992,0.00,0.00
2016.04.26 05:02:58.939,12.3661,12.36992,0.00,0.00
2016.04.26 05:02:59.474,12.36609,12.36992,0.00,0.00
2016.04.26 05:02:59.625,12.3661,12.36972,0.00,0.00
2016.04.26 05:03:00.143,12.36609,12.36972,0.00,0.00
2016.04.26 05:03:01.378,12.3661,12.36972,0.00,0.00
2016.04.26 05:03:03.419,12.3661,12.36982,0.00,0.00
2016.04.26 05:03:03.929,12.36609,12.36982,0.00,0.00
2016.04.26 05:03:04.566,12.3661,12.36982,0.00,0.00
2016.04.26 05:03:05.090,12.36609,12.36982,0.00,0.00
2016.04.26 05:03:07.089,12.3661,12.36982,0.00,0.00
2016.04.26 05:03:07.522,12.36609,12.36991,0.00,0.00
2016.04.26 05:03:10.259,12.36609,12.36982,0.00,0.00
2016.04.26 05:03:10.896,12.3661,12.36982,0.00,0.00
2016.04.26 05:03:11.898,12.36609,12.36982,0.00,0.00
2016.04.26 05:03:12.259,12.3661,12.36972,0.00,0.00
2016.04.26 05:03:12.800,12.36609,12.36972,0.00,0.00
2016.04.26 05:03:13.477,12.3661,12.36972,0.00,0.00
2016.04.26 05:03:14.002,12.36609,12.36972,0.00,0.00
2016.04.26 05:03:16.241,12.36609,12.36982,0.00,0.00
2016.04.26 05:03:16.779,12.3661,12.36982,0.00,0.00
2016.04.26 05:03:17.439,12.36609,12.36982,0.00,0.00
2016.04.26 05:03:18.521,12.3661,12.36982,0.00,0.00
2016.04.26 05:03:19.023,12.36609,12.36982,0.00,0.00
2016.04.26 05:03:19.525,12.3661,12.36982,0.00,0.00
2016.04.26 05:03:20.026,12.36609,12.36982,0.00,0.00
2016.04.26 05:03:21.109,12.36628,12.37011,0.00,0.00
2016.04.26 05:03:21.159,12.3673,12.37022,0.00,0.00
2016.04.26 05:03:21.210,12.3673,12.37039,0.00,0.00
2016.04.26 05:03:21.760,12.36729,12.37039,0.00,0.00
2016.04.26 05:03:23.039,12.3673,12.37039,0.00,0.00
2016.04.26 05:03:23.738,12.36729,12.37039,0.00,0.00
2016.04.26 05:03:24.246,12.3673,12.37039,0.00,0.00
2016.04.26 05:03:24.851,12.36729,12.37039,0.00,0.00
2016.04.26 05:03:25.052,12.36679,12.36931,0.00,0.00
2016.04.26 05:03:25.103,12.36629,12.36931,0.00,0.00
2016.04.26 05:03:25.154,12.3663,12.3697,0.00,0.00
2016.04.26 05:03:25.208,12.3663,12.36962,0.00,0.00
2016.04.26 05:03:25.309,12.36629,12.36971,0.00,0.00
2016.04.26 05:03:25.885,12.3663,12.36939,0.00,0.00
2016.04.26 05:03:26.763,12.36629,12.36939,0.00,0.00
2016.04.26 05:03:27.268,12.3663,12.36939,0.00,0.00
2016.04.26 05:03:27.319,12.3663,12.3697,0.00,0.00
2016.04.26 05:03:27.370,12.36729,12.37001,0.00,0.00
2016.04.26 05:03:27.498,12.36729,12.37031,0.00,0.00
2016.04.26 05:03:28.588,12.36779,12.37071,0.00,0.00
2016.04.26 05:03:28.809,12.36779,12.37122,0.00,0.00
2016.04.26 05:03:28.963,12.3683,12.3714,0.00,0.00
2016.04.26 05:03:29.289,12.36829,12.37138,0.00,0.00
2016.04.26 05:03:29.621,12.3693,12.37138,0.00,0.00
2016.04.26 05:03:29.722,12.36909,12.37138,0.00,0.00
2016.04.26 05:03:29.773,12.36889,12.37138,0.00,0.00
2016.04.26 05:03:30.032,12.3689,12.37238,0.00,0.00
2016.04.26 05:03:30.319,12.37039,12.37252,0.00,0.00
2016.04.26 05:03:30.445,12.36989,12.37351,0.00,0.00
2016.04.26 05:03:30.725,12.3699,12.37341,0.00,0.00
2016.04.26 05:03:30.875,12.36989,12.37351,0.00,0.00
2016.04.26 05:03:30.926,12.36989,12.37308,0.00,0.00
2016.04.26 05:03:31.277,12.3694,12.37238,0.00,0.00
2016.04.26 05:03:31.778,12.36939,12.37238,0.00,0.00
2016.04.26 05:03:32.229,12.3693,12.3721,0.00,0.00
2016.04.26 05:03:32.788,12.36929,12.37211,0.00,0.00
2016.04.26 05:03:34.297,12.3693,12.3721,0.00,0.00
2016.04.26 05:03:34.398,12.3693,12.37238,0.00,0.00
2016.04.26 05:03:34.962,12.36929,12.37238,0.00,0.00
2016.04.26 05:03:35.406,12.36909,12.37238,0.00,0.00
2016.04.26 05:03:36.010,12.3691,12.37238,0.00,0.00
2016.04.26 05:03:36.695,12.3693,12.37238,0.00,0.00
2016.04.26 05:03:37.196,12.36929,12.37238,0.00,0.00
2016.04.26 05:03:37.718,12.3694,12.3726,0.00,0.00
2016.04.26 05:03:38.249,12.36939,12.37261,0.00,0.00
2016.04.26 05:03:38.800,12.3694,12.3726,0.00,0.00
2016.04.26 05:03:39.304,12.36939,12.37261,0.00,0.00
2016.04.26 05:03:40.303,12.3694,12.3726,0.00,0.00
2016.04.26 05:03:40.854,12.36939,12.37261,0.00,0.00
2016.04.26 05:03:41.145,12.36939,12.37239,0.00,0.00
2016.04.26 05:03:42.107,12.3694,12.37239,0.00,0.00
2016.04.26 05:03:42.708,12.36939,12.37239,0.00,0.00
2016.04.26 05:03:43.209,12.3694,12.37239,0.00,0.00
2016.04.26 05:03:43.710,12.36939,12.37239,0.00,0.00
2016.04.26 05:03:44.111,12.36939,12.37232,0.00,0.00
2016.04.26 05:03:44.399,12.3694,12.37239,0.00,0.00
2016.04.26 05:03:44.916,12.36939,12.37239,0.00,0.00
2016.04.26 05:03:45.426,12.3694,12.37239,0.00,0.00
2016.04.26 05:03:46.819,12.36939,12.37239,0.00,0.00
2016.04.26 05:03:47.506,12.3694,12.37239,0.00,0.00
2016.04.26 05:03:48.224,12.36939,12.37239,0.00,0.00
2016.04.26 05:03:48.926,12.3691,12.37239,0.00,0.00
2016.04.26 05:03:49.077,12.36909,12.37222,0.00,0.00
2016.04.26 05:03:50.029,12.3691,12.37222,0.00,0.00
2016.04.26 05:03:50.180,12.3691,12.37239,0.00,0.00
2016.04.26 05:03:50.756,12.36909,12.37239,0.00,0.00
2016.04.26 05:03:50.807,12.36909,12.37232,0.00,0.00
2016.04.26 05:03:51.467,12.3691,12.37232,0.00,0.00
2016.04.26 05:03:52.129,12.36909,12.37232,0.00,0.00
2016.04.26 05:03:52.488,12.3691,12.37239,0.00,0.00
2016.04.26 05:03:52.989,12.36909,12.37239,0.00,0.00
2016.04.26 05:03:53.490,12.3691,12.37239,0.00,0.00
2016.04.26 05:03:54.343,12.36909,12.37239,0.00,0.00
2016.04.26 05:03:55.151,12.3691,12.37239,0.00,0.00
2016.04.26 05:03:55.805,12.36909,12.37239,0.00,0.00
2016.04.26 05:03:56.438,12.36909,12.37251,0.00,0.00
2016.04.26 05:03:56.488,12.36939,12.37261,0.00,0.00
2016.04.26 05:03:57.050,12.3694,12.3726,0.00,0.00
2016.04.26 05:03:57.553,12.36939,12.37261,0.00,0.00
2016.04.26 05:03:58.055,12.3694,12.3726,0.00,0.00
2016.04.26 05:03:58.813,12.36939,12.37261,0.00,0.00
2016.04.26 05:03:59.193,12.36949,12.37261,0.00,0.00
2016.04.26 05:03:59.605,12.36969,12.37261,0.00,0.00
2016.04.26 05:04:00.114,12.3697,12.3726,0.00,0.00
2016.04.26 05:04:00.463,12.3699,12.3726,0.00,0.00
2016.04.26 05:04:00.965,12.36989,12.37261,0.00,0.00
2016.04.26 05:04:01.066,12.3697,12.3726,0.00,0.00
2016.04.26 05:04:01.167,12.36979,12.37261,0.00,0.00
2016.04.26 05:04:01.564,12.36939,12.37261,0.00,0.00
2016.04.26 05:04:01.665,12.3694,12.37238,0.00,0.00
2016.04.26 05:04:02.263,12.36939,12.37238,0.00,0.00
2016.04.26 05:04:03.064,12.3694,12.37238,0.00,0.00
2016.04.26 05:04:03.165,12.36909,12.37238,0.00,0.00
2016.04.26 05:04:04.066,12.36762,12.37238,0.00,0.00
2016.04.26 05:04:04.167,12.36909,12.37238,0.00,0.00
2016.04.26 05:04:05.369,12.3691,12.37238,0.00,0.00
2016.04.26 05:04:05.940,12.36909,12.37238,0.00,0.00
2016.04.26 05:04:06.019,12.36909,12.37251,0.00,0.00
2016.04.26 05:04:06.737,12.3691,12.3725,0.00,0.00
2016.04.26 05:04:07.276,12.36909,12.37251,0.00,0.00
2016.04.26 05:04:07.778,12.3691,12.3725,0.00,0.00
2016.04.26 05:04:08.784,12.36909,12.37251,0.00,0.00
2016.04.26 05:04:09.024,12.36909,12.37239,0.00,0.00
2016.04.26 05:04:10.027,12.36939,12.37239,0.00,0.00
2016.04.26 05:04:10.570,12.3694,12.37239,0.00,0.00
2016.04.26 05:04:10.621,12.36909,12.37239,0.00,0.00
2016.04.26 05:04:11.193,12.3691,12.37239,0.00,0.00
2016.04.26 05:04:11.997,12.36909,12.37239,0.00,0.00
2016.04.26 05:04:12.499,12.3691,12.37239,0.00,0.00
2016.04.26 05:04:13.000,12.36909,12.37239,0.00,0.00
2016.04.26 05:04:15.610,12.3691,12.37239,0.00,0.00
2016.04.26 05:04:16.112,12.36909,12.37239,0.00,0.00
2016.04.26 05:04:16.613,12.3691,12.37239,0.00,0.00
2016.04.26 05:04:17.372,12.36909,12.37239,0.00,0.00
2016.04.26 05:04:17.716,12.3692,12.3721,0.00,0.00
2016.04.26 05:04:17.827,12.36909,12.37221,0.00,0.00
2016.04.26 05:04:18.239,12.36909,12.37231,0.00,0.00
2016.04.26 05:04:18.745,12.3691,12.3723,0.00,0.00
2016.04.26 05:04:19.321,12.36909,12.37231,0.00,0.00
2016.04.26 05:04:19.853,12.3691,12.3723,0.00,0.00
2016.04.26 05:04:20.418,12.36909,12.37231,0.00,0.00
2016.04.26 05:04:20.843,12.3688,12.3722,0.00,0.00
2016.04.26 05:04:20.927,12.36879,12.37231,0.00,0.00
2016.04.26 05:04:21.129,12.36869,12.37239,0.00,0.00
2016.04.26 05:04:21.731,12.3687,12.37239,0.00,0.00
2016.04.26 05:04:22.333,12.36869,12.37239,0.00,0.00
2016.04.26 05:04:22.834,12.3687,12.37239,0.00,0.00
2016.04.26 05:04:23.361,12.36869,12.37239,0.00,0.00
2016.04.26 05:04:23.864,12.3687,12.37239,0.00,0.00
2016.04.26 05:04:24.389,12.36869,12.37239,0.00,0.00
2016.04.26 05:04:25.142,12.3687,12.37239,0.00,0.00
2016.04.26 05:04:25.722,12.36869,12.37239,0.00,0.00
2016.04.26 05:04:26.247,12.3687,12.37239,0.00,0.00
2016.04.26 05:04:26.748,12.36869,12.37239,0.00,0.00
2016.04.26 05:04:27.321,12.3687,12.37239,0.00,0.00
2016.04.26 05:04:27.982,12.36869,12.37239,0.00,0.00
2016.04.26 05:04:28.643,12.3687,12.37239,0.00,0.00
2016.04.26 05:04:29.682,12.36869,12.37239,0.00,0.00
2016.04.26 05:04:30.293,12.3687,12.37239,0.00,0.00
2016.04.26 05:04:30.944,12.36869,12.37239,0.00,0.00
2016.04.26 05:04:31.613,12.3687,12.37239,0.00,0.00
2016.04.26 05:04:33.468,12.3686,12.3718,0.00,0.00
2016.04.26 05:04:33.687,12.36859,12.37191,0.00,0.00
2016.04.26 05:04:34.900,12.3686,12.3719,0.00,0.00
2016.04.26 05:04:36.178,12.3694,12.37202,0.00,0.00
2016.04.26 05:04:36.232,12.3694,12.37239,0.00,0.00
2016.04.26 05:04:36.384,12.36909,12.37239,0.00,0.00
2016.04.26 05:04:36.930,12.3691,12.37239,0.00,0.00
2016.04.26 05:04:37.595,12.36909,12.37239,0.00,0.00
2016.04.26 05:04:38.184,12.3691,12.37239,0.00,0.00
2016.04.26 05:04:39.188,12.36909,12.37239,0.00,0.00
2016.04.26 05:04:39.711,12.3691,12.37239,0.00,0.00
2016.04.26 05:04:40.266,12.36909,12.37239,0.00,0.00
2016.04.26 05:04:40.926,12.3691,12.37239,0.00,0.00
2016.04.26 05:04:41.497,12.36909,12.37239,0.00,0.00
2016.04.26 05:04:42.123,12.3691,12.37239,0.00,0.00
2016.04.26 05:04:42.701,12.36909,12.37239,0.00,0.00
2016.04.26 05:04:44.436,12.3694,12.37239,0.00,0.00
2016.04.26 05:04:45.009,12.36939,12.37239,0.00,0.00
2016.04.26 05:04:45.544,12.3691,12.37239,0.00,0.00
2016.04.26 05:04:46.205,12.36909,12.37239,0.00,0.00
2016.04.26 05:04:46.816,12.3691,12.37239,0.00,0.00
2016.04.26 05:04:47.518,12.36909,12.37239,0.00,0.00
2016.04.26 05:04:47.619,12.36939,12.37239,0.00,0.00
2016.04.26 05:04:47.945,12.36909,12.37239,0.00,0.00
2016.04.26 05:04:48.021,12.36909,12.37231,0.00,0.00
2016.04.26 05:04:48.221,12.36909,12.37239,0.00,0.00
2016.04.26 05:04:48.885,12.3691,12.37239,0.00,0.00
2016.04.26 05:04:49.425,12.36909,12.37239,0.00,0.00
2016.04.26 05:04:51.029,12.3691,12.37239,0.00,0.00
2016.04.26 05:04:51.832,12.36909,12.37239,0.00,0.00
2016.04.26 05:04:52.335,12.3691,12.37239,0.00,0.00
2016.04.26 05:04:52.836,12.36909,12.37239,0.00,0.00
2016.04.26 05:04:53.087,12.36909,12.37222,0.00,0.00
2016.04.26 05:04:53.439,12.36909,12.37212,0.00,0.00
2016.04.26 05:04:54.596,12.36909,12.37231,0.00,0.00
2016.04.26 05:04:54.698,12.36909,12.37239,0.00,0.00
2016.04.26 05:04:54.800,12.3691,12.37221,0.00,0.00
2016.04.26 05:04:55.146,12.36909,12.37212,0.00,0.00
2016.04.26 05:04:55.546,12.36869,12.37211,0.00,0.00
2016.04.26 05:04:55.646,12.36849,12.37211,0.00,0.00
2016.04.26 05:04:55.797,12.3685,12.37191,0.00,0.00
2016.04.26 05:04:56.187,12.3685,12.37202,0.00,0.00
2016.04.26 05:04:56.299,12.36849,12.37181,0.00,0.00
2016.04.26 05:04:56.806,12.3685,12.37181,0.00,0.00
2016.04.26 05:04:56.907,12.3685,12.37202,0.00,0.00
2016.04.26 05:04:57.051,12.36849,12.37212,0.00,0.00
2016.04.26 05:04:57.102,12.36849,12.37228,0.00,0.00
2016.04.26 05:04:57.203,12.36849,12.37221,0.00,0.00
2016.04.26 05:04:57.554,12.36849,12.37212,0.00,0.00
2016.04.26 05:04:57.605,12.36858,12.37228,0.00,0.00
2016.04.26 05:04:57.706,12.36849,12.37202,0.00,0.00
2016.04.26 05:04:58.609,12.36849,12.37211,0.00,0.00
2016.04.26 05:04:58.660,12.36849,12.37171,0.00,0.00
2016.04.26 05:04:58.862,12.36789,12.37121,0.00,0.00
2016.04.26 05:04:59.011,12.3679,12.37142,0.00,0.00
2016.04.26 05:04:59.061,12.36789,12.37122,0.00,0.00
2016.04.26 05:04:59.663,12.3679,12.37122,0.00,0.00
2016.04.26 05:04:59.842,12.3679,12.37132,0.00,0.00
2016.04.26 05:05:00.170,12.3679,12.37121,0.00,0.00
2016.04.26 05:05:00.239,12.3679,12.37139,0.00,0.00
2016.04.26 05:05:00.767,12.36789,12.37122,0.00,0.00
2016.04.26 05:05:01.242,12.36789,12.37132,0.00,0.00
2016.04.26 05:05:01.743,12.3679,12.37139,0.00,0.00
2016.04.26 05:05:02.572,12.36789,12.37139,0.00,0.00
2016.04.26 05:05:03.092,12.3679,12.37139,0.00,0.00
2016.04.26 05:05:04.676,12.36789,12.37139,0.00,0.00
2016.04.26 05:05:05.095,12.3679,12.37131,0.00,0.00
2016.04.26 05:05:05.679,12.36789,12.37131,0.00,0.00
2016.04.26 05:05:06.280,12.3679,12.37131,0.00,0.00
2016.04.26 05:05:07.130,12.36789,12.37131,0.00,0.00
2016.04.26 05:05:08.115,12.3679,12.37131,0.00,0.00
2016.04.26 05:05:08.726,12.36789,12.37131,0.00,0.00
2016.04.26 05:05:08.952,12.36789,12.37139,0.00,0.00
2016.04.26 05:05:09.353,12.3679,12.37131,0.00,0.00
2016.04.26 05:05:10.046,12.36789,12.37131,0.00,0.00
2016.04.26 05:05:10.591,12.3679,12.37131,0.00,0.00
2016.04.26 05:05:11.292,12.3679,12.37122,0.00,0.00
2016.04.26 05:05:11.978,12.3679,12.37139,0.00,0.00
2016.04.26 05:05:13.601,12.36789,12.37139,0.00,0.00
2016.04.26 05:05:14.102,12.3679,12.37139,0.00,0.00
2016.04.26 05:05:14.720,12.36789,12.37139,0.00,0.00
2016.04.26 05:05:15.330,12.3679,12.37139,0.00,0.00
2016.04.26 05:05:16.110,12.36789,12.37139,0.00,0.00
2016.04.26 05:05:17.788,12.36789,12.37149,0.00,0.00
2016.04.26 05:05:17.839,12.3684,12.37161,0.00,0.00
2016.04.26 05:05:18.030,12.36849,12.37211,0.00,0.00
2016.04.26 05:05:18.335,12.3684,12.37201,0.00,0.00
2016.04.26 05:05:18.514,12.36849,12.37212,0.00,0.00
2016.04.26 05:05:19.136,12.36839,12.37202,0.00,0.00
2016.04.26 05:05:19.806,12.3684,12.37202,0.00,0.00
2016.04.26 05:05:20.249,12.36839,12.37189,0.00,0.00
2016.04.26 05:05:20.577,12.3684,12.37148,0.00,0.00
2016.04.26 05:05:20.628,12.3681,12.37148,0.00,0.00
2016.04.26 05:05:20.717,12.3681,12.37141,0.00,0.00
2016.04.26 05:05:21.029,12.36809,12.37139,0.00,0.00
2016.04.26 05:05:21.571,12.3681,12.37139,0.00,0.00
2016.04.26 05:05:21.823,12.3681,12.37182,0.00,0.00
2016.04.26 05:05:22.220,12.3681,12.37151,0.00,0.00
2016.04.26 05:05:22.321,12.3681,12.37172,0.00,0.00
2016.04.26 05:05:22.973,12.36809,12.37172,0.00,0.00
2016.04.26 05:05:23.539,12.3681,12.3717,0.00,0.00
2016.04.26 05:05:23.914,12.3681,12.37139,0.00,0.00
2016.04.26 05:05:24.573,12.36809,12.37139,0.00,0.00
2016.04.26 05:05:25.748,12.3681,12.37139,0.00,0.00
2016.04.26 05:05:26.398,12.36809,12.37139,0.00,0.00
2016.04.26 05:05:26.702,12.3684,12.37179,0.00,0.00
2016.04.26 05:05:27.252,12.36839,12.37179,0.00,0.00
2016.04.26 05:05:27.873,12.3684,12.37179,0.00,0.00
2016.04.26 05:05:28.534,12.36839,12.37179,0.00,0.00
2016.04.26 05:05:30.266,12.3684,12.37179,0.00,0.00
2016.04.26 05:05:30.787,12.3684,12.37148,0.00,0.00
2016.04.26 05:05:30.889,12.3681,12.37139,0.00,0.00
2016.04.26 05:05:30.998,12.36809,12.37132,0.00,0.00
2016.04.26 05:05:31.158,12.36809,12.37139,0.00,0.00
2016.04.26 05:05:32.914,12.3681,12.37139,0.00,0.00
2016.04.26 05:05:33.905,12.36809,12.37139,0.00,0.00
2016.04.26 05:05:34.515,12.3681,12.37139,0.00,0.00
2016.04.26 05:05:35.418,12.36809,12.37139,0.00,0.00
2016.04.26 05:05:36.065,12.36809,12.37121,0.00,0.00
2016.04.26 05:05:36.580,12.3681,12.37121,0.00,0.00
2016.04.26 05:05:37.157,12.36809,12.37121,0.00,0.00
2016.04.26 05:05:38.269,12.36809,12.37139,0.00,0.00
2016.04.26 05:05:38.806,12.3681,12.37139,0.00,0.00
2016.04.26 05:05:40.071,12.3681,12.37121,0.00,0.00
2016.04.26 05:05:40.122,12.3676,12.37121,0.00,0.00
2016.04.26 05:05:40.172,12.3676,12.37112,0.00,0.00
2016.04.26 05:05:40.223,12.3675,12.37112,0.00,0.00
2016.04.26 05:05:40.274,12.3675,12.37102,0.00,0.00
2016.04.26 05:05:40.590,12.36719,12.37071,0.00,0.00
2016.04.26 05:05:40.711,12.36709,12.37071,0.00,0.00
2016.04.26 05:05:40.772,12.36689,12.37032,0.00,0.00
2016.04.26 05:05:40.823,12.36679,12.37032,0.00,0.00
2016.04.26 05:05:40.924,12.36689,12.37062,0.00,0.00
2016.04.26 05:05:40.974,12.36689,12.37032,0.00,0.00
2016.04.26 05:05:41.091,12.3667,12.37032,0.00,0.00
2016.04.26 05:05:41.192,12.3668,12.37032,0.00,0.00
2016.04.26 05:05:41.243,12.3668,12.37052,0.00,0.00
2016.04.26 05:05:41.344,12.36679,12.37062,0.00,0.00
2016.04.26 05:05:41.606,12.36679,12.37052,0.00,0.00
2016.04.26 05:05:41.743,12.36679,12.37061,0.00,0.00
2016.04.26 05:05:42.819,12.3668,12.37061,0.00,0.00
2016.04.26 05:05:42.946,12.3668,12.37052,0.00,0.00
2016.04.26 05:05:43.597,12.3669,12.37052,0.00,0.00
2016.04.26 05:05:43.749,12.36689,12.37061,0.00,0.00
2016.04.26 05:05:43.850,12.36689,12.37071,0.00,0.00
2016.04.26 05:05:44.141,12.36679,12.37062,0.00,0.00
2016.04.26 05:05:44.349,12.3668,12.37051,0.00,0.00
2016.04.26 05:05:44.852,12.3668,12.37062,0.00,0.00
2016.04.26 05:05:44.910,12.3668,12.3707,0.00,0.00
2016.04.26 05:05:45.132,12.36679,12.37041,0.00,0.00
2016.04.26 05:05:45.742,12.3668,12.37041,0.00,0.00
2016.04.26 05:05:46.401,12.36679,12.37041,0.00,0.00
2016.04.26 05:05:47.112,12.3668,12.37041,0.00,0.00
2016.04.26 05:05:47.722,12.36679,12.37041,0.00,0.00
2016.04.26 05:05:47.958,12.36679,12.37052,0.00,0.00
2016.04.26 05:05:48.014,12.36679,12.37032,0.00,0.00
2016.04.26 05:05:48.115,12.3668,12.37052,0.00,0.00
2016.04.26 05:05:49.538,12.36649,12.37031,0.00,0.00
2016.04.26 05:05:49.639,12.3665,12.37012,0.00,0.00
2016.04.26 05:05:49.924,12.36649,12.37022,0.00,0.00
2016.04.26 05:05:50.014,12.3664,12.37022,0.00,0.00
2016.04.26 05:05:50.064,12.3664,12.37011,0.00,0.00
2016.04.26 05:05:50.326,12.3664,12.37021,0.00,0.00
2016.04.26 05:05:50.950,12.36639,12.37021,0.00,0.00
2016.04.26 05:05:51.630,12.36729,12.37042,0.00,0.00
2016.04.26 05:05:51.735,12.3669,12.3707,0.00,0.00
2016.04.26 05:05:51.868,12.36698,12.37071,0.00,0.00
2016.04.26 05:05:52.036,12.36689,12.37071,0.00,0.00
2016.04.26 05:05:52.137,12.36699,12.37071,0.00,0.00
2016.04.26 05:05:54.726,12.36699,12.3707,0.00,0.00
2016.04.26 05:05:56.626,12.3669,12.3707,0.00,0.00
2016.04.26 05:05:56.727,12.36698,12.37071,0.00,0.00
2016.04.26 05:05:56.777,12.36699,12.37092,0.00,0.00
2016.04.26 05:05:57.234,12.36709,12.37092,0.00,0.00
2016.04.26 05:05:58.337,12.3671,12.37092,0.00,0.00
2016.04.26 05:05:59.254,12.36709,12.37092,0.00,0.00
2016.04.26 05:05:59.658,12.36709,12.37101,0.00,0.00
2016.04.26 05:05:59.759,12.36739,12.37122,0.00,0.00
2016.04.26 05:06:00.092,12.36739,12.37081,0.00,0.00
2016.04.26 05:06:00.230,12.36739,12.37091,0.00,0.00
2016.04.26 05:06:00.431,12.3674,12.37102,0.00,0.00
2016.04.26 05:06:01.448,12.36739,12.37102,0.00,0.00
2016.04.26 05:06:01.832,12.36739,12.37092,0.00,0.00
2016.04.26 05:06:03.755,12.3674,12.37092,0.00,0.00
2016.04.26 05:06:04.308,12.36739,12.37092,0.00,0.00
2016.04.26 05:06:05.511,12.3674,12.37071,0.00,0.00
2016.04.26 05:06:05.612,12.36679,12.37039,0.00,0.00
2016.04.26 05:06:05.663,12.36659,12.37032,0.00,0.00
2016.04.26 05:06:05.764,12.3665,12.37032,0.00,0.00
2016.04.26 05:06:06.113,12.36658,12.37039,0.00,0.00
2016.04.26 05:06:06.384,12.36669,12.37062,0.00,0.00
2016.04.26 05:06:06.464,12.36679,12.37062,0.00,0.00
2016.04.26 05:06:06.766,12.36688,12.37071,0.00,0.00
2016.04.26 05:06:07.317,12.36689,12.37071,0.00,0.00
2016.04.26 05:06:08.169,12.3671,12.3707,0.00,0.00
2016.04.26 05:06:09.171,12.36709,12.37071,0.00,0.00
2016.04.26 05:06:10.073,12.3671,12.3707,0.00,0.00
2016.04.26 05:06:10.574,12.36709,12.37071,0.00,0.00
2016.04.26 05:06:11.175,12.3671,12.3707,0.00,0.00
2016.04.26 05:06:11.491,12.36709,12.37061,0.00,0.00
2016.04.26 05:06:11.727,12.3671,12.3707,0.00,0.00
2016.04.26 05:06:12.232,12.36709,12.37071,0.00,0.00
2016.04.26 05:06:13.682,12.3671,12.3707,0.00,0.00
2016.04.26 05:06:13.907,12.36739,12.37071,0.00,0.00
2016.04.26 05:06:14.008,12.3674,12.37102,0.00,0.00
2016.04.26 05:06:14.209,12.36739,12.37072,0.00,0.00
2016.04.26 05:06:14.336,12.36739,12.37091,0.00,0.00
2016.04.26 05:06:14.643,12.36739,12.37072,0.00,0.00
2016.04.26 05:06:14.744,12.36739,12.37092,0.00,0.00
2016.04.26 05:06:15.532,12.3674,12.37092,0.00,0.00
2016.04.26 05:06:16.496,12.36739,12.37092,0.00,0.00
2016.04.26 05:06:17.498,12.3674,12.37092,0.00,0.00
2016.04.26 05:06:17.872,12.36739,12.37072,0.00,0.00
2016.04.26 05:06:17.922,12.36739,12.37122,0.00,0.00
2016.04.26 05:06:18.240,12.3674,12.37112,0.00,0.00
2016.04.26 05:06:18.801,12.36739,12.37112,0.00,0.00
2016.04.26 05:06:20.304,12.3674,12.37112,0.00,0.00
2016.04.26 05:06:20.650,12.36739,12.37101,0.00,0.00
2016.04.26 05:06:20.957,12.3674,12.37061,0.00,0.00
2016.04.26 05:06:21.207,12.3667,12.37061,0.00,0.00
2016.04.26 05:06:21.257,12.36689,12.3707,0.00,0.00
2016.04.26 05:06:21.358,12.36669,12.37052,0.00,0.00
2016.04.26 05:06:21.459,12.3667,12.37042,0.00,0.00
2016.04.26 05:06:21.806,12.36669,12.37038,0.00,0.00
2016.04.26 05:06:23.010,12.3667,12.37038,0.00,0.00
2016.04.26 05:06:23.612,12.36669,12.37038,0.00,0.00
2016.04.26 05:06:24.414,12.3667,12.37038,0.00,0.00
2016.04.26 05:06:24.915,12.36669,12.37038,0.00,0.00
2016.04.26 05:06:25.043,12.36659,12.37038,0.00,0.00
2016.04.26 05:06:25.553,12.3666,12.37038,0.00,0.00
2016.04.26 05:06:25.604,12.3666,12.37031,0.00,0.00
2016.04.26 05:06:26.217,12.36659,12.37031,0.00,0.00
2016.04.26 05:06:26.476,12.36659,12.37038,0.00,0.00
2016.04.26 05:06:26.618,12.36679,12.37038,0.00,0.00
2016.04.26 05:06:27.136,12.3668,12.37038,0.00,0.00
2016.04.26 05:06:27.720,12.36679,12.37038,0.00,0.00
2016.04.26 05:06:28.722,12.3667,12.37038,0.00,0.00
2016.04.26 05:06:29.255,12.36669,12.37038,0.00,0.00
2016.04.26 05:06:29.857,12.3667,12.37038,0.00,0.00
2016.04.26 05:06:30.388,12.36669,12.37038,0.00,0.00
2016.04.26 05:06:30.627,12.36679,12.37038,0.00,0.00
2016.04.26 05:06:30.769,12.3667,12.37038,0.00,0.00
2016.04.26 05:06:31.229,12.3668,12.37038,0.00,0.00
2016.04.26 05:06:31.830,12.36679,12.37038,0.00,0.00
2016.04.26 05:06:32.031,12.3667,12.37038,0.00,0.00
2016.04.26 05:06:32.132,12.36679,12.37038,0.00,0.00
2016.04.26 05:06:32.832,12.3668,12.37038,0.00,0.00
2016.04.26 05:06:33.215,12.3668,12.37032,0.00,0.00
2016.04.26 05:06:33.279,12.3668,12.37038,0.00,0.00
2016.04.26 05:06:33.821,12.36679,12.37038,0.00,0.00
2016.04.26 05:06:33.972,12.3669,12.37038,0.00,0.00
2016.04.26 05:06:34.537,12.36689,12.37038,0.00,0.00
2016.04.26 05:06:35.151,12.3669,12.37038,0.00,0.00
2016.04.26 05:06:35.856,12.36689,12.37038,0.00,0.00
2016.04.26 05:06:37.086,12.3669,12.37038,0.00,0.00
2016.04.26 05:06:37.686,12.36699,12.37038,0.00,0.00
2016.04.26 05:06:38.246,12.367,12.37038,0.00,0.00
2016.04.26 05:06:38.748,12.36699,12.37038,0.00,0.00
2016.04.26 05:06:38.849,12.3669,12.37038,0.00,0.00
2016.04.26 05:06:39.386,12.36689,12.37038,0.00,0.00
2016.04.26 05:06:40.376,12.3669,12.37038,0.00,0.00
2016.04.26 05:06:40.952,12.36689,12.37038,0.00,0.00
2016.04.26 05:06:42.793,12.36679,12.37038,0.00,0.00
2016.04.26 05:06:43.361,12.3668,12.37038,0.00,0.00
2016.04.26 05:06:44.365,12.36679,12.37038,0.00,0.00
2016.04.26 05:06:44.866,12.3668,12.37038,0.00,0.00
2016.04.26 05:06:45.367,12.36679,12.37038,0.00,0.00
2016.04.26 05:06:45.868,12.3668,12.37038,0.00,0.00
2016.04.26 05:06:46.318,12.3669,12.37038,0.00,0.00
2016.04.26 05:06:46.871,12.36689,12.37038,0.00,0.00
2016.04.26 05:06:47.372,12.3669,12.37038,0.00,0.00
2016.04.26 05:06:47.923,12.36689,12.37038,0.00,0.00
2016.04.26 05:06:48.775,12.3668,12.37038,0.00,0.00
2016.04.26 05:06:49.796,12.36679,12.37038,0.00,0.00
2016.04.26 05:06:51.309,12.3668,12.37038,0.00,0.00
2016.04.26 05:06:52.381,12.36679,12.37038,0.00,0.00
2016.04.26 05:06:52.883,12.3668,12.37038,0.00,0.00
2016.04.26 05:06:53.384,12.36679,12.37038,0.00,0.00
2016.04.26 05:06:54.887,12.3668,12.37038,0.00,0.00
2016.04.26 05:06:55.889,12.36679,12.37038,0.00,0.00
2016.04.26 05:06:55.990,12.3669,12.37038,0.00,0.00
2016.04.26 05:06:56.141,12.36679,12.37038,0.00,0.00
2016.04.26 05:06:56.791,12.36689,12.37038,0.00,0.00
2016.04.26 05:06:57.292,12.3669,12.37038,0.00,0.00
2016.04.26 05:06:57.940,12.36689,12.37038,0.00,0.00
2016.04.26 05:06:58.550,12.3669,12.37038,0.00,0.00
2016.04.26 05:06:59.196,12.36689,12.37038,0.00,0.00
2016.04.26 05:06:59.496,12.36679,12.37038,0.00,0.00
2016.04.26 05:06:59.597,12.36689,12.37038,0.00,0.00
2016.04.26 05:06:59.697,12.3668,12.37038,0.00,0.00
2016.04.26 05:07:00.911,12.36679,12.37038,0.00,0.00
2016.04.26 05:07:01.901,12.3668,12.37038,0.00,0.00
2016.04.26 05:07:02.402,12.36679,12.37038,0.00,0.00
2016.04.26 05:07:02.903,12.3669,12.37038,0.00,0.00
2016.04.26 05:07:03.509,12.36719,12.37038,0.00,0.00
2016.04.26 05:07:03.560,12.36719,12.37062,0.00,0.00
2016.04.26 05:07:03.649,12.36719,12.37071,0.00,0.00
2016.04.26 05:07:03.711,12.36699,12.37071,0.00,0.00
2016.04.26 05:07:03.967,12.36689,12.37071,0.00,0.00
2016.04.26 05:07:04.068,12.36699,12.3707,0.00,0.00
2016.04.26 05:07:04.594,12.36679,12.37051,0.00,0.00
2016.04.26 05:07:05.108,12.3668,12.37052,0.00,0.00
2016.04.26 05:07:05.609,12.36679,12.37052,0.00,0.00
2016.04.26 05:07:06.058,12.36679,12.37039,0.00,0.00
2016.04.26 05:07:06.211,12.36639,12.37001,0.00,0.00
2016.04.26 05:07:06.311,12.36639,12.36972,0.00,0.00
2016.04.26 05:07:06.764,12.36639,12.36962,0.00,0.00
2016.04.26 05:07:08.037,12.3664,12.36962,0.00,0.00
2016.04.26 05:07:08.088,12.3664,12.36982,0.00,0.00
2016.04.26 05:07:08.189,12.36639,12.36972,0.00,0.00
2016.04.26 05:07:08.406,12.36639,12.36981,0.00,0.00
2016.04.26 05:07:08.508,12.3664,12.36971,0.00,0.00
2016.04.26 05:07:08.846,12.36639,12.36952,0.00,0.00
2016.04.26 05:07:08.897,12.36639,12.36972,0.00,0.00
2016.04.26 05:07:08.998,12.36639,12.36981,0.00,0.00
2016.04.26 05:07:09.099,12.36639,12.36972,0.00,0.00
2016.04.26 05:07:09.200,12.3664,12.36982,0.00,0.00
2016.04.26 05:07:09.278,12.3664,12.36972,0.00,0.00
2016.04.26 05:07:10.381,12.3664,12.36981,0.00,0.00
2016.04.26 05:07:10.482,12.3664,12.36972,0.00,0.00
2016.04.26 05:07:11.126,12.36639,12.36972,0.00,0.00
2016.04.26 05:07:11.638,12.3664,12.36972,0.00,0.00
2016.04.26 05:07:12.329,12.36639,12.36972,0.00,0.00
2016.04.26 05:07:12.481,12.36639,12.36982,0.00,0.00
2016.04.26 05:07:12.537,12.36639,12.36972,0.00,0.00
2016.04.26 05:07:13.238,12.36639,12.36952,0.00,0.00
2016.04.26 05:07:13.340,12.3661,12.36939,0.00,0.00
2016.04.26 05:07:13.391,12.3661,12.36921,0.00,0.00
2016.04.26 05:07:13.542,12.36609,12.36939,0.00,0.00
2016.04.26 05:07:13.913,12.36609,12.36932,0.00,0.00
2016.04.26 05:07:14.087,12.36609,12.36939,0.00,0.00
2016.04.26 05:07:14.188,12.36609,12.36932,0.00,0.00
2016.04.26 05:07:14.389,12.36609,12.36939,0.00,0.00
2016.04.26 05:07:15.644,12.3661,12.36939,0.00,0.00
2016.04.26 05:07:16.585,12.3665,12.36939,0.00,0.00
2016.04.26 05:07:17.018,12.36649,12.37001,0.00,0.00
2016.04.26 05:07:17.652,12.36649,12.36971,0.00,0.00
2016.04.26 05:07:17.753,12.36649,12.36981,0.00,0.00
2016.04.26 05:07:17.803,12.36649,12.36971,0.00,0.00
2016.04.26 05:07:17.905,12.3665,12.36991,0.00,0.00
2016.04.26 05:07:18.005,12.3665,12.37011,0.00,0.00
2016.04.26 05:07:18.554,12.36649,12.37011,0.00,0.00
2016.04.26 05:07:18.604,12.36649,12.37002,0.00,0.00
2016.04.26 05:07:19.211,12.3665,12.37002,0.00,0.00
2016.04.26 05:07:19.733,12.36649,12.37002,0.00,0.00
2016.04.26 05:07:21.003,12.3665,12.37002,0.00,0.00
2016.04.26 05:07:21.657,12.36649,12.37002,0.00,0.00
2016.04.26 05:07:22.467,12.3665,12.37002,0.00,0.00
2016.04.26 05:07:22.969,12.36649,12.37002,0.00,0.00
2016.04.26 05:07:23.770,12.3664,12.37,0.00,0.00
2016.04.26 05:07:23.887,12.3664,12.36982,0.00,0.00
2016.04.26 05:07:24.684,12.36639,12.36982,0.00,0.00
2016.04.26 05:07:25.829,12.36639,12.36992,0.00,0.00
2016.04.26 05:07:26.776,12.3664,12.36992,0.00,0.00
2016.04.26 05:07:27.277,12.36639,12.36992,0.00,0.00
2016.04.26 05:07:27.778,12.3664,12.36992,0.00,0.00
2016.04.26 05:07:29.282,12.36639,12.36992,0.00,0.00
2016.04.26 05:07:29.649,12.36639,12.37001,0.00,0.00
2016.04.26 05:07:29.700,12.36639,12.36991,0.00,0.00
2016.04.26 05:07:30.284,12.3664,12.36991,0.00,0.00
2016.04.26 05:07:30.516,12.36639,12.37011,0.00,0.00
2016.04.26 05:07:31.086,12.3664,12.37011,0.00,0.00
2016.04.26 05:07:31.425,12.3666,12.37022,0.00,0.00
2016.04.26 05:07:32.005,12.36659,12.37022,0.00,0.00
2016.04.26 05:07:32.995,12.3665,12.37022,0.00,0.00
2016.04.26 05:07:33.045,12.3665,12.36991,0.00,0.00
2016.04.26 05:07:33.146,12.36649,12.37022,0.00,0.00
2016.04.26 05:07:33.891,12.36659,12.37022,0.00,0.00
2016.04.26 05:07:35.094,12.3666,12.37022,0.00,0.00
2016.04.26 05:07:35.315,12.36649,12.37012,0.00,0.00
2016.04.26 05:07:35.838,12.3665,12.37012,0.00,0.00
2016.04.26 05:07:35.889,12.3665,12.37032,0.00,0.00
2016.04.26 05:07:35.939,12.3672,12.37039,0.00,0.00
2016.04.26 05:07:36.096,12.3668,12.37039,0.00,0.00
2016.04.26 05:07:36.374,12.3668,12.37022,0.00,0.00
2016.04.26 05:07:36.904,12.36679,12.37022,0.00,0.00
2016.04.26 05:07:37.424,12.3668,12.37022,0.00,0.00
2016.04.26 05:07:37.476,12.3668,12.37039,0.00,0.00
2016.04.26 05:07:37.527,12.36689,12.37039,0.00,0.00
2016.04.26 05:07:37.895,12.367,12.37039,0.00,0.00
2016.04.26 05:07:38.605,12.36699,12.37039,0.00,0.00
2016.04.26 05:07:39.310,12.367,12.37039,0.00,0.00
2016.04.26 05:07:39.703,12.36689,12.37039,0.00,0.00
2016.04.26 05:07:39.754,12.36689,12.37021,0.00,0.00
2016.04.26 05:07:40.004,12.3667,12.37011,0.00,0.00
2016.04.26 05:07:40.505,12.3665,12.37011,0.00,0.00
2016.04.26 05:07:40.556,12.3665,12.37001,0.00,0.00
2016.04.26 05:07:40.856,12.3665,12.37032,0.00,0.00
2016.04.26 05:07:40.957,12.36649,12.36992,0.00,0.00
2016.04.26 05:07:41.066,12.36649,12.37022,0.00,0.00
2016.04.26 05:07:41.117,12.36649,12.36992,0.00,0.00
2016.04.26 05:07:42.555,12.36649,12.37002,0.00,0.00
2016.04.26 05:07:42.926,12.3664,12.3697,0.00,0.00
2016.04.26 05:07:43.261,12.3664,12.36922,0.00,0.00
2016.04.26 05:07:43.362,12.3664,12.36941,0.00,0.00
2016.04.26 05:07:43.463,12.3664,12.36951,0.00,0.00
2016.04.26 05:07:43.934,12.36639,12.36932,0.00,0.00
2016.04.26 05:07:44.363,12.3664,12.36952,0.00,0.00
2016.04.26 05:07:44.464,12.3664,12.36922,0.00,0.00
2016.04.26 05:07:46.417,12.36639,12.36922,0.00,0.00
2016.04.26 05:07:46.918,12.3664,12.36922,0.00,0.00
2016.04.26 05:07:47.155,12.36589,12.36938,0.00,0.00
2016.04.26 05:07:47.257,12.3659,12.36922,0.00,0.00
2016.04.26 05:07:47.566,12.36589,12.36938,0.00,0.00
2016.04.26 05:07:47.669,12.36589,12.36912,0.00,0.00
2016.04.26 05:07:47.770,12.36589,12.36931,0.00,0.00
2016.04.26 05:07:49.022,12.3659,12.36931,0.00,0.00
2016.04.26 05:07:50.252,12.36589,12.36931,0.00,0.00
2016.04.26 05:07:50.776,12.3659,12.36938,0.00,0.00
2016.04.26 05:07:53.331,12.36589,12.36938,0.00,0.00
2016.04.26 05:07:53.836,12.3659,12.36938,0.00,0.00
2016.04.26 05:07:54.584,12.3659,12.36931,0.00,0.00
2016.04.26 05:07:55.112,12.36589,12.36931,0.00,0.00
2016.04.26 05:07:57.287,12.3659,12.36931,0.00,0.00
2016.04.26 05:07:57.790,12.36589,12.36931,0.00,0.00
2016.04.26 05:07:58.290,12.36589,12.36922,0.00,0.00
2016.04.26 05:07:58.692,12.3659,12.36932,0.00,0.00
2016.04.26 05:07:59.264,12.36589,12.36932,0.00,0.00
2016.04.26 05:07:59.315,12.36589,12.36938,0.00,0.00
2016.04.26 05:07:59.517,12.36589,12.36931,0.00,0.00
2016.04.26 05:07:59.864,12.36589,12.36902,0.00,0.00
2016.04.26 05:08:00.294,12.3659,12.36938,0.00,0.00
2016.04.26 05:08:00.364,12.3659,12.36912,0.00,0.00
2016.04.26 05:08:00.545,12.3655,12.36902,0.00,0.00
2016.04.26 05:08:00.596,12.3655,12.36881,0.00,0.00
2016.04.26 05:08:01.409,12.3655,12.36902,0.00,0.00
2016.04.26 05:08:01.510,12.36549,12.36892,0.00,0.00
2016.04.26 05:08:01.948,12.3655,12.36881,0.00,0.00
2016.04.26 05:08:02.419,12.36549,12.36932,0.00,0.00
2016.04.26 05:08:02.520,12.36549,12.36912,0.00,0.00
2016.04.26 05:08:02.831,12.3655,12.36901,0.00,0.00
2016.04.26 05:08:02.932,12.3655,12.36912,0.00,0.00
2016.04.26 05:08:03.423,12.36549,12.36932,0.00,0.00
2016.04.26 05:08:03.474,12.36559,12.36932,0.00,0.00
2016.04.26 05:08:04.037,12.36559,12.36911,0.00,0.00
2016.04.26 05:08:04.710,12.36559,12.36912,0.00,0.00
2016.04.26 05:08:05.132,12.3656,12.36931,0.00,0.00
2016.04.26 05:08:05.209,12.3656,12.36911,0.00,0.00
2016.04.26 05:08:05.803,12.36559,12.36911,0.00,0.00
2016.04.26 05:08:08.113,12.36559,12.36891,0.00,0.00
2016.04.26 05:08:08.163,12.36549,12.36891,0.00,0.00
2016.04.26 05:08:08.441,12.36549,12.36902,0.00,0.00
2016.04.26 05:08:09.001,12.3655,12.36902,0.00,0.00
2016.04.26 05:08:09.661,12.36549,12.36902,0.00,0.00
2016.04.26 05:08:09.952,12.36549,12.36931,0.00,0.00
2016.04.26 05:08:10.053,12.3655,12.36902,0.00,0.00
2016.04.26 05:08:10.204,12.3649,12.3687,0.00,0.00
2016.04.26 05:08:10.255,12.3649,12.36832,0.00,0.00
2016.04.26 05:08:10.384,12.36469,12.36832,0.00,0.00
2016.04.26 05:08:10.434,12.36469,12.36822,0.00,0.00
2016.04.26 05:08:10.486,12.36469,12.36841,0.00,0.00
2016.04.26 05:08:10.554,12.36469,12.36812,0.00,0.00
2016.04.26 05:08:10.655,12.3647,12.36832,0.00,0.00
2016.04.26 05:08:10.756,12.36469,12.36842,0.00,0.00
2016.04.26 05:08:10.869,12.36449,12.36842,0.00,0.00
2016.04.26 05:08:10.927,12.36449,12.36839,0.00,0.00
2016.04.26 05:08:11.409,12.3645,12.36821,0.00,0.00
2016.04.26 05:08:11.755,12.36469,12.36821,0.00,0.00
2016.04.26 05:08:11.956,12.36469,12.36832,0.00,0.00
2016.04.26 05:08:12.773,12.3647,12.36832,0.00,0.00
2016.04.26 05:08:13.377,12.36469,12.36832,0.00,0.00
2016.04.26 05:08:13.558,12.36469,12.36822,0.00,0.00
2016.04.26 05:08:14.380,12.3647,12.36822,0.00,0.00
2016.04.26 05:08:16.185,12.36459,12.36822,0.00,0.00
2016.04.26 05:08:16.236,12.36459,12.36832,0.00,0.00
2016.04.26 05:08:16.337,12.36459,12.36811,0.00,0.00
2016.04.26 05:08:16.801,12.3645,12.36811,0.00,0.00
2016.04.26 05:08:17.039,12.36449,12.36822,0.00,0.00
2016.04.26 05:08:17.090,12.36539,12.36822,0.00,0.00
2016.04.26 05:08:17.241,12.3654,12.36881,0.00,0.00
2016.04.26 05:08:17.342,12.3654,12.369,0.00,0.00
2016.04.26 05:08:17.416,12.3654,12.36882,0.00,0.00
2016.04.26 05:08:17.517,12.3654,12.369,0.00,0.00
2016.04.26 05:08:18.994,12.36539,12.36901,0.00,0.00
2016.04.26 05:08:19.566,12.3654,12.369,0.00,0.00
2016.04.26 05:08:19.912,12.36488,12.36882,0.00,0.00
2016.04.26 05:08:19.974,12.3648,12.36851,0.00,0.00
2016.04.26 05:08:20.075,12.36479,12.36861,0.00,0.00
2016.04.26 05:08:20.374,12.36489,12.36881,0.00,0.00
2016.04.26 05:08:20.925,12.3648,12.36871,0.00,0.00
2016.04.26 05:08:21.290,12.36479,12.36862,0.00,0.00
2016.04.26 05:08:21.601,12.36539,12.36901,0.00,0.00
2016.04.26 05:08:21.928,12.3654,12.36892,0.00,0.00
2016.04.26 05:08:22.502,12.36539,12.36892,0.00,0.00
2016.04.26 05:08:23.248,12.3654,12.36892,0.00,0.00
2016.04.26 05:08:23.859,12.36539,12.36892,0.00,0.00
2016.04.26 05:08:25.909,12.3654,12.36892,0.00,0.00
2016.04.26 05:08:26.410,12.36539,12.36892,0.00,0.00
2016.04.26 05:08:26.911,12.3654,12.36892,0.00,0.00
2016.04.26 05:08:27.412,12.36539,12.36892,0.00,0.00
2016.04.26 05:08:27.914,12.36498,12.36892,0.00,0.00
2016.04.26 05:08:28.065,12.36479,12.36851,0.00,0.00
2016.04.26 05:08:28.261,12.36479,12.36872,0.00,0.00
2016.04.26 05:08:28.465,12.36479,12.36851,0.00,0.00
2016.04.26 05:08:28.765,12.36479,12.36871,0.00,0.00
2016.04.26 05:08:28.978,12.36489,12.36881,0.00,0.00
2016.04.26 05:08:29.483,12.3648,12.36872,0.00,0.00
2016.04.26 05:08:29.885,12.36479,12.36861,0.00,0.00
2016.04.26 05:08:30.087,12.36479,12.36871,0.00,0.00
2016.04.26 05:08:31.460,12.36479,12.36862,0.00,0.00
2016.04.26 05:08:31.511,12.3647,12.36862,0.00,0.00
2016.04.26 05:08:31.562,12.3648,12.36862,0.00,0.00
2016.04.26 05:08:31.621,12.3647,12.36862,0.00,0.00
2016.04.26 05:08:31.672,12.36478,12.36872,0.00,0.00
2016.04.26 05:08:44.953,12.3647,12.36862,0.00,0.00
2016.04.26 05:08:45.652,12.36469,12.36862,0.00,0.00
2016.04.26 05:08:46.166,12.3647,12.36862,0.00,0.00
2016.04.26 05:08:47.164,12.3647,12.36841,0.00,0.00
2016.04.26 05:08:47.214,12.36459,12.36838,0.00,0.00
2016.04.26 05:08:47.265,12.36459,12.36832,0.00,0.00
2016.04.26 05:08:47.770,12.3646,12.36832,0.00,0.00
2016.04.26 05:08:48.271,12.36459,12.36832,0.00,0.00
2016.04.26 05:08:48.850,12.36459,12.36838,0.00,0.00
2016.04.26 05:08:48.900,12.36469,12.36838,0.00,0.00
2016.04.26 05:08:49.503,12.3648,12.36861,0.00,0.00
2016.04.26 05:08:49.654,12.36499,12.36871,0.00,0.00
2016.04.26 05:08:49.965,12.3654,12.369,0.00,0.00
2016.04.26 05:08:50.016,12.3654,12.36902,0.00,0.00
2016.04.26 05:08:50.126,12.36539,12.36922,0.00,0.00
2016.04.26 05:08:50.227,12.3654,12.36901,0.00,0.00
2016.04.26 05:08:50.629,12.36539,12.36912,0.00,0.00
2016.04.26 05:08:50.730,12.36539,12.36932,0.00,0.00
2016.04.26 05:08:50.830,12.3654,12.36911,0.00,0.00
2016.04.26 05:08:50.931,12.3654,12.36932,0.00,0.00
2016.04.26 05:08:51.032,12.3654,12.36901,0.00,0.00
2016.04.26 05:08:51.580,12.36539,12.36901,0.00,0.00
2016.04.26 05:08:51.831,12.36539,12.36912,0.00,0.00
2016.04.26 05:08:52.382,12.3654,12.36912,0.00,0.00
2016.04.26 05:08:52.637,12.36539,12.36922,0.00,0.00
2016.04.26 05:08:53.085,12.3655,12.36922,0.00,0.00
2016.04.26 05:08:53.495,12.3654,12.36922,0.00,0.00
2016.04.26 05:08:53.545,12.3654,12.36892,0.00,0.00
2016.04.26 05:08:53.646,12.3654,12.36902,0.00,0.00
2016.04.26 05:08:54.290,12.36539,12.36902,0.00,0.00
2016.04.26 05:08:54.915,12.3654,12.36902,0.00,0.00
2016.04.26 05:08:55.490,12.36539,12.36902,0.00,0.00
2016.04.26 05:08:56.492,12.3654,12.36902,0.00,0.00
2016.04.26 05:08:57.494,12.36539,12.36902,0.00,0.00
2016.04.26 05:08:58.096,12.3654,12.36902,0.00,0.00
2016.04.26 05:08:58.797,12.36539,12.36902,0.00,0.00
2016.04.26 05:09:00.150,12.36539,12.36881,0.00,0.00
2016.04.26 05:09:00.206,12.36539,12.36901,0.00,0.00
2016.04.26 05:09:00.435,12.3655,12.36901,0.00,0.00
2016.04.26 05:09:00.592,12.3655,12.36931,0.00,0.00
2016.04.26 05:09:00.643,12.36549,12.36912,0.00,0.00
2016.04.26 05:09:02.305,12.3655,12.36912,0.00,0.00
2016.04.26 05:09:02.508,12.3651,12.369,0.00,0.00
2016.04.26 05:09:02.559,12.3651,12.36871,0.00,0.00
2016.04.26 05:09:02.958,12.36509,12.36862,0.00,0.00
2016.04.26 05:09:05.214,12.36509,12.36882,0.00,0.00
2016.04.26 05:09:05.807,12.3651,12.36882,0.00,0.00
2016.04.26 05:09:06.417,12.36509,12.36882,0.00,0.00
2016.04.26 05:09:07.419,12.3651,12.36882,0.00,0.00
2016.04.26 05:09:07.920,12.36509,12.36882,0.00,0.00
2016.04.26 05:09:08.021,12.36488,12.36882,0.00,0.00
2016.04.26 05:09:08.271,12.36479,12.36871,0.00,0.00
2016.04.26 05:09:10.026,12.3648,12.36871,0.00,0.00
2016.04.26 05:09:10.780,12.36479,12.36871,0.00,0.00
2016.04.26 05:09:11.931,12.3648,12.36871,0.00,0.00
2016.04.26 05:09:12.241,12.36499,12.36889,0.00,0.00
2016.04.26 05:09:14.279,12.36489,12.36871,0.00,0.00
2016.04.26 05:09:14.814,12.3649,12.36871,0.00,0.00
2016.04.26 05:09:15.401,12.36489,12.36871,0.00,0.00
2016.04.26 05:09:15.780,12.36479,12.36871,0.00,0.00
2016.04.26 05:09:15.882,12.36479,12.36862,0.00,0.00
2016.04.26 05:09:15.942,12.3647,12.36862,0.00,0.00
2016.04.26 05:09:16.448,12.36469,12.36862,0.00,0.00
2016.04.26 05:09:17.948,12.3647,12.36862,0.00,0.00
2016.04.26 05:09:18.484,12.36469,12.36862,0.00,0.00
2016.04.26 05:09:19.039,12.3647,12.36862,0.00,0.00
2016.04.26 05:09:19.552,12.36469,12.36862,0.00,0.00
2016.04.26 05:09:21.456,12.3647,12.36862,0.00,0.00
2016.04.26 05:09:22.459,12.36469,12.36862,0.00,0.00
2016.04.26 05:09:22.960,12.3647,12.36862,0.00,0.00
2016.04.26 05:09:23.561,12.36469,12.36862,0.00,0.00
2016.04.26 05:09:24.064,12.3647,12.36862,0.00,0.00
2016.04.26 05:09:24.565,12.36469,12.36862,0.00,0.00
2016.04.26 05:09:24.699,12.36479,12.36871,0.00,0.00
2016.04.26 05:09:24.865,12.36469,12.36862,0.00,0.00
2016.04.26 05:09:25.567,12.3647,12.36862,0.00,0.00
2016.04.26 05:09:26.068,12.36469,12.36862,0.00,0.00
2016.04.26 05:09:26.183,12.36469,12.36858,0.00,0.00
2016.04.26 05:09:26.593,12.3646,12.36832,0.00,0.00
2016.04.26 05:09:27.332,12.36459,12.36832,0.00,0.00
2016.04.26 05:09:27.871,12.3646,12.36832,0.00,0.00
2016.04.26 05:09:29.074,12.3647,12.36832,0.00,0.00
2016.04.26 05:09:29.230,12.3647,12.36838,0.00,0.00
2016.04.26 05:09:30.076,12.36469,12.36838,0.00,0.00
2016.04.26 05:09:30.401,12.36489,12.36838,0.00,0.00
2016.04.26 05:09:30.754,12.3654,12.36851,0.00,0.00
2016.04.26 05:09:30.805,12.36539,12.36901,0.00,0.00
2016.04.26 05:09:31.008,12.3654,12.36881,0.00,0.00
2016.04.26 05:09:31.117,12.36539,12.36892,0.00,0.00
2016.04.26 05:09:31.169,12.36539,12.36901,0.00,0.00
2016.04.26 05:09:31.270,12.3654,12.36899,0.00,0.00
2016.04.26 05:09:31.582,12.3654,12.36852,0.00,0.00
2016.04.26 05:09:31.683,12.3651,12.36852,0.00,0.00
2016.04.26 05:09:32.590,12.36469,12.36852,0.00,0.00
2016.04.26 05:09:33.183,12.3647,12.36852,0.00,0.00
2016.04.26 05:09:34.993,12.36469,12.36852,0.00,0.00
2016.04.26 05:09:35.602,12.3647,12.36852,0.00,0.00
2016.04.26 05:09:36.189,12.36469,12.36852,0.00,0.00
2016.04.26 05:09:36.890,12.3647,12.36852,0.00,0.00
2016.04.26 05:09:37.691,12.36469,12.36852,0.00,0.00
2016.04.26 05:09:38.192,12.3647,12.36852,0.00,0.00
2016.04.26 05:09:38.793,12.36469,12.36852,0.00,0.00
2016.04.26 05:09:40.206,12.3647,12.36852,0.00,0.00
2016.04.26 05:09:40.907,12.36469,12.36852,0.00,0.00
2016.04.26 05:09:41.566,12.3647,12.36852,0.00,0.00
2016.04.26 05:09:42.200,12.36469,12.36852,0.00,0.00
2016.04.26 05:09:43.201,12.3647,12.36852,0.00,0.00
2016.04.26 05:09:43.702,12.36469,12.36852,0.00,0.00
2016.04.26 05:09:44.209,12.3647,12.36852,0.00,0.00
2016.04.26 05:09:44.815,12.36469,12.36852,0.00,0.00
2016.04.26 05:09:44.996,12.36469,12.36862,0.00,0.00
2016.04.26 05:09:45.298,12.36489,12.36881,0.00,0.00
2016.04.26 05:09:45.606,12.36479,12.36871,0.00,0.00
2016.04.26 05:09:46.308,12.36489,12.36871,0.00,0.00
2016.04.26 05:09:46.384,12.36489,12.36882,0.00,0.00
2016.04.26 05:09:46.509,12.36488,12.3687,0.00,0.00
2016.04.26 05:09:46.849,12.3648,12.36831,0.00,0.00
2016.04.26 05:09:47.010,12.3646,12.36831,0.00,0.00
2016.04.26 05:09:47.085,12.3646,12.36839,0.00,0.00
2016.04.26 05:09:47.186,12.3646,12.36832,0.00,0.00
2016.04.26 05:09:47.812,12.36459,12.36832,0.00,0.00
2016.04.26 05:09:47.913,12.36459,12.36839,0.00,0.00
2016.04.26 05:09:48.014,12.36539,12.36821,0.00,0.00
2016.04.26 05:09:48.115,12.3648,12.36842,0.00,0.00
2016.04.26 05:09:48.218,12.36479,12.36861,0.00,0.00
2016.04.26 05:09:48.398,12.36479,12.36852,0.00,0.00
2016.04.26 05:09:48.606,12.36489,12.36871,0.00,0.00
2016.04.26 05:09:49.160,12.3649,12.3687,0.00,0.00
2016.04.26 05:09:49.715,12.36489,12.36871,0.00,0.00
2016.04.26 05:09:50.289,12.36489,12.36852,0.00,0.00
2016.04.26 05:09:51.851,12.3649,12.36852,0.00,0.00
2016.04.26 05:09:51.920,12.3648,12.36852,0.00,0.00
2016.04.26 05:09:52.120,12.36489,12.36852,0.00,0.00
2016.04.26 05:09:52.645,12.36489,12.36841,0.00,0.00
2016.04.26 05:09:52.722,12.36479,12.36841,0.00,0.00
2016.04.26 05:09:52.823,12.36479,12.36852,0.00,0.00
2016.04.26 05:09:54.042,12.36539,12.36892,0.00,0.00
2016.04.26 05:09:54.207,12.3654,12.369,0.00,0.00
2016.04.26 05:09:54.773,12.36539,12.36901,0.00,0.00
2016.04.26 05:09:56.629,12.3654,12.369,0.00,0.00
2016.04.26 05:09:57.135,12.36539,12.36901,0.00,0.00
2016.04.26 05:09:57.744,12.3654,12.369,0.00,0.00
2016.04.26 05:09:58.410,12.36539,12.36901,0.00,0.00
2016.04.26 05:09:59.064,12.3654,12.369,0.00,0.00
2016.04.26 05:09:59.635,12.36539,12.36901,0.00,0.00
2016.04.26 05:10:00.136,12.3654,12.369,0.00,0.00
2016.04.26 05:10:00.638,12.36539,12.36901,0.00,0.00
2016.04.26 05:10:01.176,12.3654,12.36892,0.00,0.00
2016.04.26 05:10:01.260,12.3654,12.36912,0.00,0.00
2016.04.26 05:10:01.811,12.36539,12.36912,0.00,0.00
2016.04.26 05:10:02.355,12.3654,12.36901,0.00,0.00
2016.04.26 05:10:03.081,12.36539,12.36901,0.00,0.00
2016.04.26 05:10:03.407,12.36539,12.36892,0.00,0.00
2016.04.26 05:10:03.458,12.36539,12.36902,0.00,0.00
2016.04.26 05:10:05.206,12.3654,12.36902,0.00,0.00
2016.04.26 05:10:05.737,12.36539,12.36902,0.00,0.00
2016.04.26 05:10:06.348,12.3654,12.36902,0.00,0.00
2016.04.26 05:10:08.162,12.36539,12.36902,0.00,0.00
2016.04.26 05:10:12.171,12.3654,12.36902,0.00,0.00
2016.04.26 05:10:12.673,12.36539,12.36902,0.00,0.00
2016.04.26 05:10:13.175,12.3654,12.36902,0.00,0.00
2016.04.26 05:10:13.709,12.36539,12.36891,0.00,0.00
2016.04.26 05:10:13.927,12.3654,12.36912,0.00,0.00
2016.04.26 05:10:14.224,12.36539,12.36891,0.00,0.00
2016.04.26 05:10:14.579,12.36539,12.36861,0.00,0.00
2016.04.26 05:10:14.630,12.36539,12.36872,0.00,0.00
2016.04.26 05:10:15.381,12.3654,12.36872,0.00,0.00
2016.04.26 05:10:15.882,12.36539,12.36872,0.00,0.00
2016.04.26 05:10:16.579,12.3654,12.36872,0.00,0.00
2016.04.26 05:10:17.240,12.36539,12.36872,0.00,0.00
2016.04.26 05:10:17.787,12.3654,12.36872,0.00,0.00
2016.04.26 05:10:18.789,12.36539,12.36872,0.00,0.00
2016.04.26 05:10:19.270,12.36539,12.36838,0.00,0.00
2016.04.26 05:10:19.321,12.36509,12.36838,0.00,0.00
2016.04.26 05:10:19.920,12.3651,12.36838,0.00,0.00
2016.04.26 05:10:20.921,12.36509,12.36838,0.00,0.00
2016.04.26 05:10:22.902,12.3651,12.36838,0.00,0.00
2016.04.26 05:10:23.512,12.36509,12.36838,0.00,0.00
2016.04.26 05:10:23.943,12.3647,12.36838,0.00,0.00
2016.04.26 05:10:23.993,12.3647,12.36832,0.00,0.00
2016.04.26 05:10:24.094,12.3647,12.36851,0.00,0.00
2016.04.26 05:10:24.145,12.36539,12.36851,0.00,0.00
2016.04.26 05:10:24.196,12.36539,12.36871,0.00,0.00
2016.04.26 05:10:24.247,12.36498,12.36871,0.00,0.00
2016.04.26 05:10:24.467,12.36489,12.36862,0.00,0.00
2016.04.26 05:10:24.568,12.36489,12.36871,0.00,0.00
2016.04.26 05:10:24.669,12.36499,12.36871,0.00,0.00
2016.04.26 05:10:25.019,12.3651,12.3687,0.00,0.00
2016.04.26 05:10:26.014,12.36509,12.36871,0.00,0.00
2016.04.26 05:10:27.644,12.3654,12.36882,0.00,0.00
2016.04.26 05:10:27.695,12.3654,12.36902,0.00,0.00
2016.04.26 05:10:27.796,12.36539,12.36921,0.00,0.00
2016.04.26 05:10:27.970,12.3654,12.36901,0.00,0.00
2016.04.26 05:10:28.205,12.36539,12.36912,0.00,0.00
2016.04.26 05:10:28.865,12.36539,12.36921,0.00,0.00
2016.04.26 05:10:28.972,12.36539,12.36911,0.00,0.00
2016.04.26 05:10:29.748,12.36549,12.36911,0.00,0.00
2016.04.26 05:10:29.903,12.36549,12.36931,0.00,0.00
2016.04.26 05:10:30.057,12.3655,12.36912,0.00,0.00
2016.04.26 05:10:31.227,12.36549,12.36912,0.00,0.00
2016.04.26 05:10:31.278,12.36549,12.36921,0.00,0.00
2016.04.26 05:10:31.379,12.3655,12.36892,0.00,0.00
2016.04.26 05:10:31.668,12.36549,12.36902,0.00,0.00
2016.04.26 05:10:32.229,12.3655,12.36902,0.00,0.00
2016.04.26 05:10:32.730,12.36549,12.36902,0.00,0.00
2016.04.26 05:10:33.732,12.3655,12.36902,0.00,0.00
2016.04.26 05:10:34.274,12.36549,12.36902,0.00,0.00
2016.04.26 05:10:35.236,12.3655,12.36902,0.00,0.00
2016.04.26 05:10:35.738,12.36549,12.36902,0.00,0.00
2016.04.26 05:10:35.789,12.36549,12.36922,0.00,0.00
2016.04.26 05:10:36.505,12.36549,12.36912,0.00,0.00
2016.04.26 05:10:37.644,12.36539,12.36912,0.00,0.00
2016.04.26 05:10:38.447,12.36549,12.36912,0.00,0.00
2016.04.26 05:10:38.898,12.36549,12.36922,0.00,0.00
2016.04.26 05:10:38.972,12.36549,12.36902,0.00,0.00
2016.04.26 05:10:39.756,12.3655,12.36902,0.00,0.00
2016.04.26 05:10:40.757,12.36549,12.36902,0.00,0.00
2016.04.26 05:10:41.258,12.3655,12.36902,0.00,0.00
2016.04.26 05:10:41.759,12.36549,12.36902,0.00,0.00
2016.04.26 05:10:42.761,12.3655,12.36902,0.00,0.00
2016.04.26 05:10:43.252,12.3655,12.36892,0.00,0.00
2016.04.26 05:10:43.303,12.36539,12.36892,0.00,0.00
2016.04.26 05:10:43.353,12.36539,12.36881,0.00,0.00
2016.04.26 05:10:44.767,12.3654,12.36881,0.00,0.00
2016.04.26 05:10:45.770,12.36539,12.36881,0.00,0.00
2016.04.26 05:10:46.064,12.36539,12.36892,0.00,0.00
2016.04.26 05:10:46.592,12.36539,12.36922,0.00,0.00
2016.04.26 05:10:46.693,12.36539,12.36881,0.00,0.00
2016.04.26 05:10:46.757,12.36539,12.36912,0.00,0.00
2016.04.26 05:10:46.807,12.36549,12.36912,0.00,0.00
2016.04.26 05:10:47.173,12.36539,12.36882,0.00,0.00
2016.04.26 05:10:47.711,12.3654,12.36882,0.00,0.00
2016.04.26 05:10:48.150,12.36539,12.36902,0.00,0.00
2016.04.26 05:10:48.651,12.3654,12.36902,0.00,0.00
2016.04.26 05:10:49.178,12.36539,12.36902,0.00,0.00
2016.04.26 05:10:51.182,12.3654,12.36902,0.00,0.00
2016.04.26 05:10:51.703,12.36539,12.36902,0.00,0.00
2016.04.26 05:10:52.385,12.3654,12.36902,0.00,0.00
2016.04.26 05:10:52.537,12.36539,12.36882,0.00,0.00
2016.04.26 05:10:52.683,12.36539,12.36892,0.00,0.00
2016.04.26 05:10:53.232,12.3654,12.36892,0.00,0.00
2016.04.26 05:10:54.346,12.3654,12.36882,0.00,0.00
2016.04.26 05:10:54.790,12.3654,12.36862,0.00,0.00
2016.04.26 05:10:54.841,12.3654,12.36871,0.00,0.00
2016.04.26 05:10:54.941,12.3654,12.36862,0.00,0.00
2016.04.26 05:10:55.603,12.36539,12.36862,0.00,0.00
2016.04.26 05:10:56.192,12.3654,12.36862,0.00,0.00
2016.04.26 05:10:56.843,12.3654,12.36871,0.00,0.00
2016.04.26 05:10:57.583,12.36539,12.36871,0.00,0.00
2016.04.26 05:10:58.096,12.3654,12.36871,0.00,0.00
2016.04.26 05:10:59.326,12.36539,12.36871,0.00,0.00
2016.04.26 05:11:00.350,12.36539,12.36851,0.00,0.00
2016.04.26 05:11:00.482,12.36539,12.36872,0.00,0.00
2016.04.26 05:11:01.553,12.36539,12.36882,0.00,0.00
2016.04.26 05:11:02.096,12.3654,12.36882,0.00,0.00
2016.04.26 05:11:02.254,12.36539,12.36872,0.00,0.00
2016.04.26 05:11:03.106,12.3654,12.36872,0.00,0.00
2016.04.26 05:11:03.157,12.3654,12.36882,0.00,0.00
2016.04.26 05:11:03.258,12.3654,12.36872,0.00,0.00
2016.04.26 05:11:03.808,12.36539,12.36872,0.00,0.00
2016.04.26 05:11:04.131,12.36509,12.36831,0.00,0.00
2016.04.26 05:11:04.182,12.36509,12.36839,0.00,0.00
2016.04.26 05:11:04.333,12.36469,12.36839,0.00,0.00
2016.04.26 05:11:04.384,12.36469,12.36832,0.00,0.00
2016.04.26 05:11:04.662,12.36469,12.36839,0.00,0.00
2016.04.26 05:11:05.321,12.3647,12.36839,0.00,0.00
2016.04.26 05:11:05.864,12.36469,12.36839,0.00,0.00
2016.04.26 05:11:06.113,12.36469,12.36852,0.00,0.00
2016.04.26 05:11:06.164,12.36489,12.36831,0.00,0.00
2016.04.26 05:11:06.373,12.36489,12.36862,0.00,0.00
2016.04.26 05:11:06.537,12.3648,12.36862,0.00,0.00
2016.04.26 05:11:06.587,12.3648,12.36832,0.00,0.00
2016.04.26 05:11:06.688,12.36479,12.36851,0.00,0.00
2016.04.26 05:11:06.774,12.36479,12.36862,0.00,0.00
2016.04.26 05:11:07.192,12.36479,12.36851,0.00,0.00
2016.04.26 05:11:07.509,12.3648,12.36841,0.00,0.00
2016.04.26 05:11:08.150,12.36479,12.36841,0.00,0.00
2016.04.26 05:11:08.201,12.36479,12.36851,0.00,0.00
2016.04.26 05:11:08.313,12.36479,12.36861,0.00,0.00
2016.04.26 05:11:08.364,12.36539,12.36861,0.00,0.00
2016.04.26 05:11:08.414,12.36539,12.36882,0.00,0.00
2016.04.26 05:11:08.515,12.36539,12.36901,0.00,0.00
2016.04.26 05:11:09.438,12.3654,12.369,0.00,0.00
2016.04.26 05:11:09.489,12.3654,12.36882,0.00,0.00
2016.04.26 05:11:09.581,12.3654,12.369,0.00,0.00
2016.04.26 05:11:10.149,12.36539,12.36901,0.00,0.00
2016.04.26 05:11:10.809,12.3654,12.369,0.00,0.00
2016.04.26 05:11:11.935,12.36539,12.36901,0.00,0.00
2016.04.26 05:11:12.436,12.3654,12.369,0.00,0.00
2016.04.26 05:11:13.439,12.36539,12.36901,0.00,0.00
2016.04.26 05:11:14.743,12.3658,12.36902,0.00,0.00
2016.04.26 05:11:14.844,12.3658,12.3692,0.00,0.00
2016.04.26 05:11:14.945,12.367,12.36938,0.00,0.00
2016.04.26 05:11:15.046,12.3671,12.36951,0.00,0.00
2016.04.26 05:11:15.147,12.36739,12.37038,0.00,0.00
2016.04.26 05:11:15.652,12.36759,12.37092,0.00,0.00
2016.04.26 05:11:15.703,12.36759,12.37121,0.00,0.00
2016.04.26 05:11:15.845,12.36729,12.37121,0.00,0.00
2016.04.26 05:11:16.046,12.3676,12.37121,0.00,0.00
2016.04.26 05:11:16.547,12.36739,12.37121,0.00,0.00
2016.04.26 05:11:16.645,12.36739,12.37131,0.00,0.00
2016.04.26 05:11:16.746,12.36739,12.37101,0.00,0.00
2016.04.26 05:11:16.847,12.36739,12.37121,0.00,0.00
2016.04.26 05:11:17.001,12.3674,12.3713,0.00,0.00
2016.04.26 05:11:17.102,12.3674,12.37102,0.00,0.00
2016.04.26 05:11:17.302,12.3674,12.37112,0.00,0.00
2016.04.26 05:11:18.483,12.36739,12.37112,0.00,0.00
2016.04.26 05:11:18.534,12.36739,12.37092,0.00,0.00
2016.04.26 05:11:18.836,12.3674,12.37102,0.00,0.00
2016.04.26 05:11:19.455,12.36739,12.37102,0.00,0.00
2016.04.26 05:11:20.457,12.3674,12.37102,0.00,0.00
2016.04.26 05:11:22.662,12.36739,12.37102,0.00,0.00
2016.04.26 05:11:23.464,12.3674,12.37102,0.00,0.00
2016.04.26 05:11:24.465,12.36739,12.37102,0.00,0.00
2016.04.26 05:11:24.966,12.3674,12.37102,0.00,0.00
2016.04.26 05:11:26.016,12.36739,12.37102,0.00,0.00
2016.04.26 05:11:27.472,12.3674,12.37102,0.00,0.00
2016.04.26 05:11:28.006,12.36739,12.37102,0.00,0.00
2016.04.26 05:11:28.906,12.36749,12.37102,0.00,0.00
2016.04.26 05:11:28.957,12.36749,12.37121,0.00,0.00
2016.04.26 05:11:29.074,12.36779,12.37121,0.00,0.00
2016.04.26 05:11:29.776,12.3678,12.3712,0.00,0.00
2016.04.26 05:11:30.416,12.36779,12.37121,0.00,0.00
2016.04.26 05:11:31.222,12.3676,12.3712,0.00,0.00
2016.04.26 05:11:31.423,12.36829,12.37131,0.00,0.00
2016.04.26 05:11:31.668,12.36779,12.3713,0.00,0.00
2016.04.26 05:11:31.719,12.36769,12.37131,0.00,0.00
2016.04.26 05:11:32.582,12.3677,12.3713,0.00,0.00
2016.04.26 05:11:33.183,12.36749,12.37121,0.00,0.00
2016.04.26 05:11:33.234,12.36749,12.37111,0.00,0.00
2016.04.26 05:11:33.786,12.36739,12.37112,0.00,0.00
2016.04.26 05:11:34.789,12.3674,12.37112,0.00,0.00
2016.04.26 05:11:36.294,12.36739,12.37112,0.00,0.00
2016.04.26 05:11:36.796,12.3674,12.37112,0.00,0.00
2016.04.26 05:11:36.938,12.3674,12.3712,0.00,0.00
2016.04.26 05:11:37.549,12.36739,12.37121,0.00,0.00
2016.04.26 05:11:39.000,12.3674,12.3712,0.00,0.00
2016.04.26 05:11:39.100,12.36769,12.37121,0.00,0.00
2016.04.26 05:11:39.502,12.3676,12.3712,0.00,0.00
2016.04.26 05:11:39.603,12.3677,12.37121,0.00,0.00
2016.04.26 05:11:39.654,12.3677,12.3713,0.00,0.00
2016.04.26 05:11:39.802,12.3678,12.3713,0.00,0.00
2016.04.26 05:11:40.302,12.3677,12.3713,0.00,0.00
2016.04.26 05:11:40.353,12.3677,12.37122,0.00,0.00
2016.04.26 05:11:40.454,12.36769,12.37131,0.00,0.00
2016.04.26 05:11:41.182,12.3677,12.3713,0.00,0.00
2016.04.26 05:11:41.841,12.36769,12.37131,0.00,0.00
2016.04.26 05:11:42.552,12.36759,12.37112,0.00,0.00
2016.04.26 05:11:42.647,12.36759,12.37131,0.00,0.00
2016.04.26 05:11:42.910,12.36749,12.37121,0.00,0.00
2016.04.26 05:11:43.557,12.3675,12.3712,0.00,0.00
2016.04.26 05:11:44.112,12.36749,12.37121,0.00,0.00
2016.04.26 05:11:44.413,12.36769,12.37131,0.00,0.00
2016.04.26 05:11:45.115,12.3676,12.3713,0.00,0.00
2016.04.26 05:11:45.166,12.3676,12.37122,0.00,0.00
2016.04.26 05:11:45.272,12.3676,12.3713,0.00,0.00
2016.04.26 05:11:46.720,12.36759,12.37131,0.00,0.00
2016.04.26 05:11:47.273,12.36759,12.37112,0.00,0.00
2016.04.26 05:11:47.525,12.36769,12.37131,0.00,0.00
2016.04.26 05:11:47.576,12.36769,12.37122,0.00,0.00
2016.04.26 05:11:47.842,12.36759,12.37122,0.00,0.00
2016.04.26 05:11:47.925,12.36749,12.37122,0.00,0.00
2016.04.26 05:11:48.426,12.3675,12.37121,0.00,0.00
2016.04.26 05:11:49.428,12.36749,12.37121,0.00,0.00
2016.04.26 05:11:50.269,12.36749,12.37131,0.00,0.00
2016.04.26 05:11:51.478,12.3675,12.37111,0.00,0.00
2016.04.26 05:11:51.583,12.36749,12.37122,0.00,0.00
2016.04.26 05:11:52.469,12.3675,12.37122,0.00,0.00
2016.04.26 05:11:52.986,12.36749,12.37112,0.00,0.00
2016.04.26 05:11:53.739,12.3675,12.37112,0.00,0.00
2016.04.26 05:11:53.795,12.3675,12.37122,0.00,0.00
2016.04.26 05:11:53.845,12.36759,12.37122,0.00,0.00
2016.04.26 05:11:53.896,12.36759,12.37131,0.00,0.00
2016.04.26 05:11:54.408,12.3676,12.3713,0.00,0.00
2016.04.26 05:11:56.042,12.3675,12.3713,0.00,0.00
2016.04.26 05:11:56.144,12.36749,12.37121,0.00,0.00
2016.04.26 05:11:56.499,12.36758,12.37131,0.00,0.00
2016.04.26 05:11:56.600,12.3675,12.37122,0.00,0.00
2016.04.26 05:11:57.144,12.36749,12.37122,0.00,0.00
2016.04.26 05:11:57.646,12.3675,12.37122,0.00,0.00
2016.04.26 05:11:58.147,12.36749,12.37122,0.00,0.00
2016.04.26 05:11:59.102,12.36749,12.37131,0.00,0.00
2016.04.26 05:11:59.152,12.3676,12.3713,0.00,0.00
2016.04.26 05:11:59.455,12.36829,12.37121,0.00,0.00
2016.04.26 05:11:59.556,12.36749,12.37111,0.00,0.00
2016.04.26 05:11:59.751,12.3675,12.3712,0.00,0.00
2016.04.26 05:11:59.854,12.3676,12.3713,0.00,0.00
2016.04.26 05:12:00.161,12.3678,12.3713,0.00,0.00
2016.04.26 05:12:00.702,12.36779,12.37131,0.00,0.00
2016.04.26 05:12:01.330,12.3678,12.3713,0.00,0.00
2016.04.26 05:12:01.481,12.36769,12.37131,0.00,0.00
2016.04.26 05:12:01.582,12.3676,12.3713,0.00,0.00
2016.04.26 05:12:01.734,12.36759,12.37122,0.00,0.00
2016.04.26 05:12:02.321,12.3676,12.37122,0.00,0.00
2016.04.26 05:12:02.981,12.36759,12.37122,0.00,0.00
2016.04.26 05:12:04.910,12.36759,12.37131,0.00,0.00
2016.04.26 05:12:06.063,12.3676,12.3713,0.00,0.00
2016.04.26 05:12:08.641,12.36759,12.37131,0.00,0.00
2016.04.26 05:12:09.250,12.3676,12.3713,0.00,0.00
2016.04.26 05:12:09.825,12.36759,12.37131,0.00,0.00
2016.04.26 05:12:10.173,12.36769,12.37131,0.00,0.00
2016.04.26 05:12:10.774,12.3677,12.3713,0.00,0.00
2016.04.26 05:12:11.282,12.36769,12.37131,0.00,0.00
2016.04.26 05:12:11.384,12.3676,12.3713,0.00,0.00
2016.04.26 05:12:11.539,12.36769,12.3713,0.00,0.00
2016.04.26 05:12:11.826,12.3676,12.3713,0.00,0.00
2016.04.26 05:12:11.927,12.36749,12.37131,0.00,0.00
2016.04.26 05:12:11.978,12.36759,12.37131,0.00,0.00
2016.04.26 05:12:12.447,12.36759,12.37112,0.00,0.00
2016.04.26 05:12:12.498,12.36749,12.37112,0.00,0.00
2016.04.26 05:12:12.728,12.36749,12.37121,0.00,0.00
2016.04.26 05:12:12.823,12.36749,12.37101,0.00,0.00
2016.04.26 05:12:12.990,12.36749,12.37121,0.00,0.00
2016.04.26 05:12:13.520,12.3675,12.37121,0.00,0.00
2016.04.26 05:12:14.081,12.36749,12.37121,0.00,0.00
2016.04.26 05:12:14.682,12.3675,12.37121,0.00,0.00
2016.04.26 05:12:14.912,12.3683,12.3713,0.00,0.00
2016.04.26 05:12:15.234,12.36839,12.37131,0.00,0.00
2016.04.26 05:12:16.486,12.3684,12.3713,0.00,0.00
2016.04.26 05:12:17.110,12.36839,12.37131,0.00,0.00
2016.04.26 05:12:17.833,12.3684,12.3713,0.00,0.00
2016.04.26 05:12:18.390,12.36839,12.37131,0.00,0.00
2016.04.26 05:12:19.493,12.3684,12.3713,0.00,0.00
2016.04.26 05:12:20.314,12.36839,12.37131,0.00,0.00
2016.04.26 05:12:20.795,12.36849,12.37131,0.00,0.00
2016.04.26 05:12:21.544,12.3685,12.3713,0.00,0.00
2016.04.26 05:12:21.697,12.36839,12.37131,0.00,0.00
2016.04.26 05:12:22.534,12.3684,12.3713,0.00,0.00
2016.04.26 05:12:23.144,12.36839,12.37131,0.00,0.00
2016.04.26 05:12:24.002,12.3684,12.3713,0.00,0.00
2016.04.26 05:12:25.050,12.36839,12.37131,0.00,0.00
2016.04.26 05:12:25.829,12.3684,12.3713,0.00,0.00
2016.04.26 05:12:26.541,12.36839,12.37131,0.00,0.00
2016.04.26 05:12:27.208,12.3684,12.3713,0.00,0.00
2016.04.26 05:12:28.711,12.36839,12.37131,0.00,0.00
2016.04.26 05:12:28.952,12.36788,12.3713,0.00,0.00
2016.04.26 05:12:29.063,12.36779,12.37131,0.00,0.00
2016.04.26 05:12:29.113,12.36809,12.37131,0.00,0.00
2016.04.26 05:12:29.842,12.3681,12.3713,0.00,0.00
2016.04.26 05:12:30.452,12.36809,12.37131,0.00,0.00
2016.04.26 05:12:31.028,12.3681,12.3713,0.00,0.00
2016.04.26 05:12:31.718,12.36809,12.37131,0.00,0.00
2016.04.26 05:12:32.427,12.3681,12.3713,0.00,0.00
2016.04.26 05:12:33.093,12.36809,12.37131,0.00,0.00
2016.04.26 05:12:33.722,12.3681,12.3713,0.00,0.00
2016.04.26 05:12:34.131,12.36859,12.37131,0.00,0.00
2016.04.26 05:12:34.246,12.3684,12.3713,0.00,0.00
2016.04.26 05:12:34.624,12.3685,12.3713,0.00,0.00
2016.04.26 05:12:34.747,12.3689,12.37201,0.00,0.00
2016.04.26 05:12:34.848,12.36889,12.37238,0.00,0.00
2016.04.26 05:12:34.898,12.36889,12.37232,0.00,0.00
2016.04.26 05:12:35.428,12.36889,12.37222,0.00,0.00
2016.04.26 05:12:35.626,12.36828,12.37222,0.00,0.00
2016.04.26 05:12:35.827,12.36889,12.37222,0.00,0.00
2016.04.26 05:12:36.301,12.36889,12.37212,0.00,0.00
2016.04.26 05:12:36.401,12.36889,12.37231,0.00,0.00
2016.04.26 05:12:36.503,12.3689,12.37238,0.00,0.00
2016.04.26 05:12:36.604,12.36889,12.37231,0.00,0.00
2016.04.26 05:12:36.755,12.3684,12.37211,0.00,0.00
2016.04.26 05:12:36.906,12.3684,12.37201,0.00,0.00
2016.04.26 05:12:37.012,12.36839,12.37212,0.00,0.00
2016.04.26 05:12:37.550,12.3684,12.37231,0.00,0.00
2016.04.26 05:12:37.651,12.36839,12.37201,0.00,0.00
2016.04.26 05:12:37.805,12.36839,12.37221,0.00,0.00
2016.04.26 05:12:38.306,12.36839,12.37222,0.00,0.00
2016.04.26 05:12:39.037,12.3684,12.37222,0.00,0.00
2016.04.26 05:12:39.462,12.3685,12.37222,0.00,0.00
2016.04.26 05:12:39.613,12.3686,12.37238,0.00,0.00
2016.04.26 05:12:39.714,12.3686,12.37222,0.00,0.00
2016.04.26 05:12:39.765,12.36849,12.37222,0.00,0.00
2016.04.26 05:12:39.816,12.36849,12.37212,0.00,0.00
2016.04.26 05:12:39.866,12.3684,12.37212,0.00,0.00
2016.04.26 05:12:39.994,12.36839,12.37191,0.00,0.00
2016.04.26 05:12:40.045,12.36839,12.37201,0.00,0.00
2016.04.26 05:12:40.110,12.36839,12.37182,0.00,0.00
2016.04.26 05:12:40.538,12.36829,12.37182,0.00,0.00
2016.04.26 05:12:40.639,12.36829,12.37191,0.00,0.00
2016.04.26 05:12:40.740,12.36829,12.37182,0.00,0.00
2016.04.26 05:12:41.018,12.36829,12.37192,0.00,0.00
2016.04.26 05:12:41.729,12.36829,12.37201,0.00,0.00
2016.04.26 05:12:42.060,12.3684,12.37201,0.00,0.00
2016.04.26 05:12:42.113,12.3684,12.37212,0.00,0.00
2016.04.26 05:12:42.446,12.36839,12.37202,0.00,0.00
2016.04.26 05:12:42.715,12.3683,12.37212,0.00,0.00
2016.04.26 05:12:43.247,12.36829,12.37212,0.00,0.00
2016.04.26 05:12:44.749,12.3683,12.37212,0.00,0.00
2016.04.26 05:12:44.931,12.3683,12.37202,0.00,0.00
2016.04.26 05:12:45.133,12.36829,12.37212,0.00,0.00
2016.04.26 05:12:45.184,12.36839,12.37212,0.00,0.00
2016.04.26 05:12:45.518,12.36839,12.37192,0.00,0.00
2016.04.26 05:12:45.568,12.36829,12.37192,0.00,0.00
2016.04.26 05:12:46.152,12.3683,12.37192,0.00,0.00
2016.04.26 05:12:46.234,12.3683,12.37202,0.00,0.00
2016.04.26 05:12:46.962,12.36829,12.37202,0.00,0.00
2016.04.26 05:12:47.672,12.3683,12.37202,0.00,0.00
2016.04.26 05:12:47.991,12.36869,12.37202,0.00,0.00
2016.04.26 05:12:48.041,12.36869,12.37212,0.00,0.00
2016.04.26 05:12:48.092,12.36839,12.37212,0.00,0.00
2016.04.26 05:12:48.248,12.3684,12.37191,0.00,0.00
2016.04.26 05:12:48.449,12.3684,12.37201,0.00,0.00
2016.04.26 05:12:48.662,12.3684,12.37222,0.00,0.00
2016.04.26 05:12:49.264,12.36839,12.37222,0.00,0.00
2016.04.26 05:12:49.750,12.3684,12.37211,0.00,0.00
2016.04.26 05:12:50.263,12.36839,12.37211,0.00,0.00
2016.04.26 05:12:50.668,12.36829,12.37182,0.00,0.00
2016.04.26 05:12:50.974,12.36829,12.37162,0.00,0.00
2016.04.26 05:12:51.303,12.36829,12.37152,0.00,0.00
2016.04.26 05:12:51.907,12.3683,12.37152,0.00,0.00
2016.04.26 05:12:51.957,12.3683,12.37161,0.00,0.00
2016.04.26 05:12:52.089,12.36829,12.37152,0.00,0.00
2016.04.26 05:12:52.261,12.36829,12.37162,0.00,0.00
2016.04.26 05:12:52.772,12.3683,12.37162,0.00,0.00
2016.04.26 05:12:53.775,12.36829,12.37162,0.00,0.00
2016.04.26 05:12:54.403,12.36879,12.37191,0.00,0.00
2016.04.26 05:12:54.457,12.36879,12.37221,0.00,0.00
2016.04.26 05:12:54.658,12.36879,12.37211,0.00,0.00
2016.04.26 05:12:54.876,12.36879,12.37232,0.00,0.00
2016.04.26 05:12:54.978,12.36838,12.37232,0.00,0.00
2016.04.26 05:12:56.069,12.3683,12.37212,0.00,0.00
2016.04.26 05:12:56.482,12.3684,12.37212,0.00,0.00
2016.04.26 05:12:57.932,12.36839,12.37212,0.00,0.00
2016.04.26 05:12:58.487,12.3684,12.37212,0.00,0.00
2016.04.26 05:12:58.873,12.36849,12.37221,0.00,0.00
2016.04.26 05:12:59.189,12.36849,12.37212,0.00,0.00
2016.04.26 05:12:59.413,12.3683,12.37212,0.00,0.00
2016.04.26 05:12:59.464,12.3683,12.37201,0.00,0.00
2016.04.26 05:12:59.824,12.3683,12.37192,0.00,0.00
2016.04.26 05:13:00.037,12.3683,12.37202,0.00,0.00
2016.04.26 05:13:00.142,12.36829,12.37212,0.00,0.00
2016.04.26 05:13:00.192,12.36839,12.37212,0.00,0.00
2016.04.26 05:13:00.555,12.36839,12.37201,0.00,0.00
2016.04.26 05:13:02.523,12.36859,12.37201,0.00,0.00
2016.04.26 05:13:02.574,12.36859,12.37212,0.00,0.00
2016.04.26 05:13:02.675,12.36859,12.37232,0.00,0.00
2016.04.26 05:13:03.029,12.3684,12.37232,0.00,0.00
2016.04.26 05:13:03.080,12.3684,12.37211,0.00,0.00
2016.04.26 05:13:03.130,12.36829,12.37211,0.00,0.00
2016.04.26 05:13:03.181,12.36829,12.37192,0.00,0.00
2016.04.26 05:13:04.705,12.3683,12.37192,0.00,0.00
2016.04.26 05:13:04.989,12.3683,12.37221,0.00,0.00
2016.04.26 05:13:05.089,12.3683,12.37201,0.00,0.00
2016.04.26 05:13:05.707,12.36829,12.37201,0.00,0.00
2016.04.26 05:13:06.019,12.3684,12.37201,0.00,0.00
2016.04.26 05:13:06.709,12.36839,12.37201,0.00,0.00
2016.04.26 05:13:07.092,12.36839,12.37212,0.00,0.00
2016.04.26 05:13:07.537,12.36869,12.37239,0.00,0.00
2016.04.26 05:13:08.093,12.3687,12.37222,0.00,0.00
2016.04.26 05:13:08.594,12.36869,12.37239,0.00,0.00
2016.04.26 05:13:08.695,12.36869,12.37231,0.00,0.00
2016.04.26 05:13:09.363,12.3687,12.37231,0.00,0.00
2016.04.26 05:13:10.131,12.36869,12.37231,0.00,0.00
2016.04.26 05:13:10.316,12.36849,12.37231,0.00,0.00
2016.04.26 05:13:10.397,12.36849,12.37239,0.00,0.00
2016.04.26 05:13:10.498,12.36849,12.37222,0.00,0.00
2016.04.26 05:13:11.920,12.3685,12.37222,0.00,0.00
2016.04.26 05:13:12.270,12.3683,12.37181,0.00,0.00
2016.04.26 05:13:12.600,12.3683,12.37202,0.00,0.00
2016.04.26 05:13:12.701,12.36829,12.37212,0.00,0.00
2016.04.26 05:13:12.903,12.36829,12.37202,0.00,0.00
2016.04.26 05:13:13.423,12.3683,12.37202,0.00,0.00
2016.04.26 05:13:13.828,12.3682,12.37182,0.00,0.00
2016.04.26 05:13:13.952,12.36769,12.37161,0.00,0.00
2016.04.26 05:13:14.003,12.36769,12.37142,0.00,0.00
2016.04.26 05:13:14.208,12.36769,12.37162,0.00,0.00
2016.04.26 05:13:14.316,12.36778,12.37172,0.00,0.00
2016.04.26 05:13:14.818,12.3677,12.37162,0.00,0.00
2016.04.26 05:13:15.405,12.36778,12.37172,0.00,0.00
2016.04.26 05:13:17.341,12.3677,12.37161,0.00,0.00
2016.04.26 05:13:17.491,12.36778,12.37172,0.00,0.00
2016.04.26 05:13:18.544,12.36799,12.3719,0.00,0.00
2016.04.26 05:13:18.848,12.3693,12.37292,0.00,0.00
2016.04.26 05:13:18.950,12.3693,12.373,0.00,0.00
2016.04.26 05:13:19.065,12.3693,12.37291,0.00,0.00
2016.04.26 05:13:19.166,12.3693,12.37312,0.00,0.00
2016.04.26 05:13:19.345,12.36929,12.37302,0.00,0.00
2016.04.26 05:13:20.079,12.3693,12.37302,0.00,0.00
2016.04.26 05:13:20.412,12.3693,12.37312,0.00,0.00
2016.04.26 05:13:20.588,12.36929,12.37292,0.00,0.00
2016.04.26 05:13:20.683,12.36929,12.37301,0.00,0.00
2016.04.26 05:13:20.886,12.36929,12.37311,0.00,0.00
2016.04.26 05:13:20.988,12.36929,12.37291,0.00,0.00
2016.04.26 05:13:21.731,12.36929,12.37292,0.00,0.00
2016.04.26 05:13:22.140,12.3693,12.3729,0.00,0.00
2016.04.26 05:13:22.444,12.36889,12.37261,0.00,0.00
2016.04.26 05:13:22.494,12.36889,12.37252,0.00,0.00
2016.04.26 05:13:22.928,12.36889,12.37239,0.00,0.00
2016.04.26 05:13:24.345,12.3689,12.37239,0.00,0.00
2016.04.26 05:13:25.081,12.36889,12.37239,0.00,0.00
2016.04.26 05:13:25.693,12.3689,12.37239,0.00,0.00
2016.04.26 05:13:26.099,12.36889,12.37222,0.00,0.00
2016.04.26 05:13:26.656,12.36889,12.37239,0.00,0.00
2016.04.26 05:13:26.757,12.36889,12.37232,0.00,0.00
2016.04.26 05:13:27.551,12.3689,12.37232,0.00,0.00
2016.04.26 05:13:28.152,12.36889,12.37232,0.00,0.00
2016.04.26 05:13:28.854,12.3689,12.37232,0.00,0.00
2016.04.26 05:13:29.655,12.36889,12.37232,0.00,0.00
2016.04.26 05:13:30.696,12.3689,12.37232,0.00,0.00
2016.04.26 05:13:30.959,12.3684,12.37201,0.00,0.00
2016.04.26 05:13:31.111,12.3684,12.37221,0.00,0.00
2016.04.26 05:13:31.384,12.36829,12.37221,0.00,0.00
2016.04.26 05:13:31.510,12.36829,12.37192,0.00,0.00
2016.04.26 05:13:31.784,12.36829,12.37212,0.00,0.00
2016.04.26 05:13:32.297,12.3683,12.37212,0.00,0.00
2016.04.26 05:13:32.984,12.36829,12.37212,0.00,0.00
2016.04.26 05:13:33.481,12.36819,12.37161,0.00,0.00
2016.04.26 05:13:33.582,12.3679,12.3715,0.00,0.00
2016.04.26 05:13:33.632,12.3679,12.37122,0.00,0.00
2016.04.26 05:13:33.683,12.36749,12.37122,0.00,0.00
2016.04.26 05:13:34.166,12.36759,12.37122,0.00,0.00
2016.04.26 05:13:34.230,12.36759,12.37142,0.00,0.00
2016.04.26 05:13:34.280,12.36759,12.37138,0.00,0.00
2016.04.26 05:13:34.867,12.3676,12.37138,0.00,0.00
2016.04.26 05:13:35.718,12.36759,12.37138,0.00,0.00
2016.04.26 05:13:36.286,12.3676,12.37138,0.00,0.00
2016.04.26 05:13:36.975,12.36819,12.37142,0.00,0.00
2016.04.26 05:13:37.083,12.3682,12.3716,0.00,0.00
2016.04.26 05:13:37.193,12.36809,12.37161,0.00,0.00
2016.04.26 05:13:37.386,12.36769,12.37161,0.00,0.00
2016.04.26 05:13:37.465,12.36769,12.37152,0.00,0.00
2016.04.26 05:13:37.515,12.36759,12.37152,0.00,0.00
2016.04.26 05:13:37.566,12.36759,12.37121,0.00,0.00
2016.04.26 05:13:37.985,12.3676,12.37139,0.00,0.00
2016.04.26 05:13:38.287,12.36809,12.37139,0.00,0.00
2016.04.26 05:13:38.548,12.36778,12.37139,0.00,0.00
2016.04.26 05:13:38.599,12.3677,12.3716,0.00,0.00
2016.04.26 05:13:38.766,12.36769,12.37142,0.00,0.00
2016.04.26 05:13:39.283,12.3674,12.37132,0.00,0.00
2016.04.26 05:13:39.393,12.3677,12.37139,0.00,0.00
2016.04.26 05:13:39.618,12.36768,12.37139,0.00,0.00
2016.04.26 05:13:39.669,12.36759,12.37111,0.00,0.00
2016.04.26 05:13:39.770,12.36759,12.37131,0.00,0.00
2016.04.26 05:13:41.081,12.3676,12.37131,0.00,0.00
2016.04.26 05:13:41.783,12.36759,12.37131,0.00,0.00
2016.04.26 05:13:42.112,12.3677,12.37111,0.00,0.00
2016.04.26 05:13:42.185,12.3676,12.37111,0.00,0.00
2016.04.26 05:13:42.236,12.3676,12.37121,0.00,0.00
2016.04.26 05:13:43.002,12.36759,12.37121,0.00,0.00
2016.04.26 05:13:43.603,12.3676,12.37121,0.00,0.00
2016.04.26 05:13:44.023,12.3676,12.37132,0.00,0.00
2016.04.26 05:13:44.545,12.36759,12.37132,0.00,0.00
2016.04.26 05:13:45.133,12.3676,12.37132,0.00,0.00
2016.04.26 05:13:45.636,12.36759,12.37132,0.00,0.00
2016.04.26 05:13:47.695,12.3676,12.37132,0.00,0.00
2016.04.26 05:13:48.225,12.36759,12.37132,0.00,0.00
2016.04.26 05:13:49.203,12.36738,12.3712,0.00,0.00
2016.04.26 05:13:49.254,12.36729,12.3712,0.00,0.00
2016.04.26 05:13:49.355,12.36719,12.37072,0.00,0.00
2016.04.26 05:13:49.406,12.36709,12.37072,0.00,0.00
2016.04.26 05:13:49.666,12.36709,12.37081,0.00,0.00
2016.04.26 05:13:49.767,12.36709,12.37072,0.00,0.00
2016.04.26 05:13:50.256,12.3671,12.37082,0.00,0.00
2016.04.26 05:13:51.202,12.36709,12.37082,0.00,0.00
2016.04.26 05:13:51.703,12.3671,12.37082,0.00,0.00
2016.04.26 05:13:52.204,12.36709,12.37082,0.00,0.00
2016.04.26 05:13:53.936,12.36709,12.37062,0.00,0.00
2016.04.26 05:13:54.469,12.36709,12.37081,0.00,0.00
2016.04.26 05:13:55.060,12.36709,12.37061,0.00,0.00
2016.04.26 05:13:55.161,12.36709,12.37081,0.00,0.00
2016.04.26 05:13:55.273,12.3671,12.37102,0.00,0.00
2016.04.26 05:13:55.971,12.36709,12.37102,0.00,0.00
2016.04.26 05:13:56.713,12.3671,12.37102,0.00,0.00
2016.04.26 05:13:57.016,12.36708,12.37039,0.00,0.00
2016.04.26 05:13:57.066,12.3669,12.37039,0.00,0.00
2016.04.26 05:13:57.571,12.36689,12.37039,0.00,0.00
2016.04.26 05:13:57.879,12.36698,12.37061,0.00,0.00
2016.04.26 05:13:57.930,12.36698,12.37092,0.00,0.00
2016.04.26 05:13:58.177,12.3669,12.37061,0.00,0.00
2016.04.26 05:13:58.278,12.36699,12.37091,0.00,0.00
2016.04.26 05:14:00.696,12.3669,12.37062,0.00,0.00
2016.04.26 05:14:01.318,12.36689,12.37062,0.00,0.00
2016.04.26 05:14:01.827,12.3669,12.37062,0.00,0.00
2016.04.26 05:14:02.829,12.36689,12.37062,0.00,0.00
2016.04.26 05:14:03.330,12.3669,12.37062,0.00,0.00
2016.04.26 05:14:03.832,12.36689,12.37062,0.00,0.00
2016.04.26 05:14:04.878,12.3669,12.37062,0.00,0.00
2016.04.26 05:14:05.388,12.3669,12.37061,0.00,0.00
2016.04.26 05:14:05.713,12.3669,12.37081,0.00,0.00
2016.04.26 05:14:05.763,12.367,12.37081,0.00,0.00
2016.04.26 05:14:05.814,12.36718,12.3711,0.00,0.00
2016.04.26 05:14:05.865,12.3673,12.37112,0.00,0.00
2016.04.26 05:14:05.915,12.36738,12.37132,0.00,0.00
2016.04.26 05:14:06.105,12.3673,12.37112,0.00,0.00
2016.04.26 05:14:06.330,12.36739,12.37131,0.00,0.00
2016.04.26 05:14:06.846,12.3674,12.37131,0.00,0.00
2016.04.26 05:14:07.463,12.36739,12.37131,0.00,0.00
2016.04.26 05:14:08.246,12.3674,12.37131,0.00,0.00
2016.04.26 05:14:08.849,12.36739,12.37131,0.00,0.00
2016.04.26 05:14:10.139,12.36758,12.37139,0.00,0.00
2016.04.26 05:14:10.623,12.36769,12.37139,0.00,0.00
2016.04.26 05:14:11.179,12.3677,12.37139,0.00,0.00
2016.04.26 05:14:11.758,12.36769,12.37139,0.00,0.00
2016.04.26 05:14:12.259,12.3677,12.37139,0.00,0.00
2016.04.26 05:14:13.261,12.36769,12.37139,0.00,0.00
2016.04.26 05:14:14.767,12.3677,12.37139,0.00,0.00
2016.04.26 05:14:15.295,12.36769,12.37139,0.00,0.00
2016.04.26 05:14:15.905,12.3677,12.37139,0.00,0.00
2016.04.26 05:14:16.190,12.36758,12.37139,0.00,0.00
2016.04.26 05:14:16.291,12.36739,12.37112,0.00,0.00
2016.04.26 05:14:16.875,12.3674,12.37112,0.00,0.00
2016.04.26 05:14:17.376,12.36739,12.37112,0.00,0.00
2016.04.26 05:14:17.605,12.36749,12.37139,0.00,0.00
2016.04.26 05:14:18.268,12.3674,12.37132,0.00,0.00
2016.04.26 05:14:18.479,12.3675,12.37132,0.00,0.00
2016.04.26 05:14:19.081,12.36749,12.37132,0.00,0.00
2016.04.26 05:14:19.655,12.3675,12.37132,0.00,0.00
2016.04.26 05:14:20.160,12.36769,12.37139,0.00,0.00
2016.04.26 05:14:20.384,12.36759,12.37139,0.00,0.00
2016.04.26 05:14:20.904,12.3676,12.37139,0.00,0.00
2016.04.26 05:14:21.514,12.36759,12.37139,0.00,0.00
2016.04.26 05:14:22.175,12.3676,12.37139,0.00,0.00
2016.04.26 05:14:23.389,12.36759,12.37139,0.00,0.00
2016.04.26 05:14:23.440,12.36759,12.37142,0.00,0.00
2016.04.26 05:14:24.944,12.36759,12.37131,0.00,0.00
2016.04.26 05:14:27.401,12.3676,12.37131,0.00,0.00
2016.04.26 05:14:28.138,12.36759,12.37131,0.00,0.00
2016.04.26 05:14:29.004,12.36769,12.37131,0.00,0.00
2016.04.26 05:14:29.054,12.36769,12.37152,0.00,0.00
2016.04.26 05:14:29.105,12.36779,12.37152,0.00,0.00
2016.04.26 05:14:29.156,12.36779,12.37161,0.00,0.00
2016.04.26 05:14:29.257,12.36779,12.37152,0.00,0.00
2016.04.26 05:14:29.808,12.3678,12.37152,0.00,0.00
2016.04.26 05:14:30.502,12.36779,12.37152,0.00,0.00
2016.04.26 05:14:31.108,12.3679,12.37152,0.00,0.00
2016.04.26 05:14:31.596,12.3679,12.3716,0.00,0.00
2016.04.26 05:14:32.411,12.36789,12.37161,0.00,0.00
2016.04.26 05:14:33.144,12.3679,12.3716,0.00,0.00
2016.04.26 05:14:33.715,12.36789,12.37161,0.00,0.00
2016.04.26 05:14:34.096,12.36789,12.37152,0.00,0.00
2016.04.26 05:14:34.197,12.36789,12.37161,0.00,0.00
2016.04.26 05:14:35.698,12.36789,12.37152,0.00,0.00
2016.04.26 05:14:36.228,12.3679,12.37152,0.00,0.00
2016.04.26 05:14:36.729,12.36789,12.37152,0.00,0.00
2016.04.26 05:14:38.233,12.3679,12.37152,0.00,0.00
2016.04.26 05:14:38.944,12.36799,12.37152,0.00,0.00
2016.04.26 05:14:38.995,12.36799,12.37161,0.00,0.00
2016.04.26 05:14:39.535,12.368,12.3716,0.00,0.00
2016.04.26 05:14:40.245,12.36799,12.37161,0.00,0.00
2016.04.26 05:14:41.238,12.368,12.3716,0.00,0.00
2016.04.26 05:14:41.839,12.36799,12.37161,0.00,0.00
2016.04.26 05:14:42.389,12.368,12.3716,0.00,0.00
2016.04.26 05:14:43.242,12.36799,12.37161,0.00,0.00
2016.04.26 05:14:43.760,12.368,12.3716,0.00,0.00
2016.04.26 05:14:43.987,12.36879,12.37171,0.00,0.00
2016.04.26 05:14:44.089,12.369,12.37232,0.00,0.00
2016.04.26 05:14:44.243,12.36889,12.37251,0.00,0.00
2016.04.26 05:14:44.470,12.3692,12.3726,0.00,0.00
2016.04.26 05:14:44.571,12.36889,12.37261,0.00,0.00
2016.04.26 05:14:45.080,12.3689,12.3726,0.00,0.00
2016.04.26 05:14:45.689,12.36889,12.37261,0.00,0.00
2016.04.26 05:14:45.790,12.3689,12.37241,0.00,0.00
2016.04.26 05:14:45.943,12.3689,12.37251,0.00,0.00
2016.04.26 05:14:46.245,12.36889,12.37241,0.00,0.00
2016.04.26 05:14:46.591,12.3689,12.37251,0.00,0.00
2016.04.26 05:14:47.150,12.36889,12.37251,0.00,0.00
2016.04.26 05:14:47.851,12.3689,12.3725,0.00,0.00
2016.04.26 05:14:48.002,12.3689,12.37241,0.00,0.00
2016.04.26 05:14:48.331,12.3689,12.37232,0.00,0.00
2016.04.26 05:14:48.694,12.3689,12.37222,0.00,0.00
2016.04.26 05:14:48.803,12.36889,12.37242,0.00,0.00
2016.04.26 05:14:49.003,12.36889,12.37232,0.00,0.00
2016.04.26 05:14:49.061,12.36889,12.37242,0.00,0.00
2016.04.26 05:14:49.652,12.3689,12.37242,0.00,0.00
2016.04.26 05:14:49.703,12.3689,12.37252,0.00,0.00
2016.04.26 05:14:49.996,12.36889,12.37232,0.00,0.00
2016.04.26 05:14:51.458,12.3689,12.37232,0.00,0.00
2016.04.26 05:14:51.959,12.36889,12.37232,0.00,0.00
2016.04.26 05:14:52.310,12.36889,12.37251,0.00,0.00
2016.04.26 05:14:52.411,12.36889,12.37222,0.00,0.00
2016.04.26 05:14:52.462,12.36849,12.37222,0.00,0.00
2016.04.26 05:14:52.513,12.36849,12.37211,0.00,0.00
2016.04.26 05:14:52.699,12.36859,12.37251,0.00,0.00
2016.04.26 05:14:52.750,12.36859,12.37232,0.00,0.00
2016.04.26 05:14:53.307,12.3686,12.37232,0.00,0.00
2016.04.26 05:14:53.965,12.36859,12.37232,0.00,0.00
2016.04.26 05:14:55.017,12.3686,12.37232,0.00,0.00
2016.04.26 05:14:56.008,12.36859,12.37232,0.00,0.00
2016.04.26 05:14:56.551,12.3686,12.37232,0.00,0.00
2016.04.26 05:14:57.180,12.36859,12.37232,0.00,0.00
2016.04.26 05:14:57.989,12.3686,12.37232,0.00,0.00
2016.04.26 05:14:58.895,12.3686,12.3725,0.00,0.00
2016.04.26 05:14:58.996,12.3685,12.37232,0.00,0.00
2016.04.26 05:14:59.574,12.3685,12.37202,0.00,0.00
2016.04.26 05:14:59.625,12.36839,12.37202,0.00,0.00
2016.04.26 05:14:59.830,12.36839,12.37231,0.00,0.00
2016.04.26 05:15:00.578,12.3684,12.37231,0.00,0.00
2016.04.26 05:15:01.090,12.36839,12.37231,0.00,0.00
2016.04.26 05:15:01.724,12.36839,12.37221,0.00,0.00
2016.04.26 05:15:02.029,12.36831,12.37201,0.00,0.00
2016.04.26 05:15:02.661,12.3683,12.37171,0.00,0.00
2016.04.26 05:15:02.720,12.3679,12.3716,0.00,0.00
2016.04.26 05:15:02.771,12.3679,12.37132,0.00,0.00
2016.04.26 05:15:02.821,12.36749,12.37132,0.00,0.00
2016.04.26 05:15:02.872,12.36749,12.37122,0.00,0.00
2016.04.26 05:15:03.220,12.3674,12.37112,0.00,0.00
2016.04.26 05:15:03.498,12.36749,12.37122,0.00,0.00
2016.04.26 05:15:03.643,12.36749,12.37141,0.00,0.00
2016.04.26 05:15:03.804,12.3676,12.37131,0.00,0.00
2016.04.26 05:15:04.600,12.36759,12.37131,0.00,0.00
2016.04.26 05:15:04.963,12.3676,12.37122,0.00,0.00
2016.04.26 05:15:05.162,12.36759,12.37131,0.00,0.00
2016.04.26 05:15:05.228,12.3675,12.37131,0.00,0.00
2016.04.26 05:15:05.390,12.36769,12.3716,0.00,0.00
2016.04.26 05:15:05.441,12.36819,12.37161,0.00,0.00
2016.04.26 05:15:05.643,12.36769,12.37161,0.00,0.00
2016.04.26 05:15:05.763,12.36769,12.37141,0.00,0.00
2016.04.26 05:15:05.864,12.3677,12.37152,0.00,0.00
2016.04.26 05:15:05.915,12.36829,12.37152,0.00,0.00
2016.04.26 05:15:05.966,12.36829,12.37211,0.00,0.00
2016.04.26 05:15:06.184,12.36831,12.37211,0.00,0.00
2016.04.26 05:15:06.504,12.36839,12.37202,0.00,0.00
2016.04.26 05:15:07.180,12.3684,12.37202,0.00,0.00
2016.04.26 05:15:07.706,12.36839,12.37202,0.00,0.00
2016.04.26 05:15:08.321,12.36889,12.37232,0.00,0.00
2016.04.26 05:15:08.399,12.36889,12.37239,0.00,0.00
2016.04.26 05:15:09.040,12.36879,12.37239,0.00,0.00
2016.04.26 05:15:09.091,12.36879,12.37242,0.00,0.00
2016.04.26 05:15:09.142,12.36858,12.3717,0.00,0.00
2016.04.26 05:15:09.242,12.36848,12.37191,0.00,0.00
2016.04.26 05:15:09.301,12.36769,12.37161,0.00,0.00
2016.04.26 05:15:09.401,12.36769,12.37152,0.00,0.00
2016.04.26 05:15:09.502,12.36779,12.37171,0.00,0.00
2016.04.26 05:15:09.553,12.36829,12.37171,0.00,0.00
2016.04.26 05:15:09.604,12.36829,12.37211,0.00,0.00
2016.04.26 05:15:10.077,12.3685,12.37232,0.00,0.00
2016.04.26 05:15:10.128,12.36839,12.37232,0.00,0.00
2016.04.26 05:15:10.229,12.36849,12.37232,0.00,0.00
2016.04.26 05:15:11.217,12.36859,12.37232,0.00,0.00
2016.04.26 05:15:11.553,12.36859,12.37202,0.00,0.00
2016.04.26 05:15:11.604,12.3688,12.37238,0.00,0.00
2016.04.26 05:15:11.654,12.3689,12.37238,0.00,0.00
2016.04.26 05:15:12.020,12.3687,12.37238,0.00,0.00
2016.04.26 05:15:12.071,12.3687,12.37231,0.00,0.00
2016.04.26 05:15:12.261,12.3687,12.37238,0.00,0.00
2016.04.26 05:15:12.321,12.36889,12.37238,0.00,0.00
2016.04.26 05:15:12.372,12.36889,12.37241,0.00,0.00
2016.04.26 05:15:12.573,12.36889,12.37232,0.00,0.00
2016.04.26 05:15:12.674,12.3689,12.37242,0.00,0.00
2016.04.26 05:15:12.775,12.36889,12.37222,0.00,0.00
2016.04.26 05:15:13.324,12.3689,12.37222,0.00,0.00
2016.04.26 05:15:14.111,12.36889,12.37222,0.00,0.00
2016.04.26 05:15:14.734,12.3689,12.37222,0.00,0.00
2016.04.26 05:15:14.785,12.3689,12.37239,0.00,0.00
2016.04.26 05:15:15.737,12.36889,12.37239,0.00,0.00
2016.04.26 05:15:16.142,12.3686,12.37239,0.00,0.00
2016.04.26 05:15:16.225,12.3686,12.37231,0.00,0.00
2016.04.26 05:15:16.338,12.36849,12.37231,0.00,0.00
2016.04.26 05:15:17.140,12.36839,12.37211,0.00,0.00
2016.04.26 05:15:17.455,12.3683,12.37201,0.00,0.00
2016.04.26 05:15:17.704,12.36829,12.37211,0.00,0.00
2016.04.26 05:15:18.320,12.3683,12.37211,0.00,0.00
2016.04.26 05:15:18.471,12.3684,12.37211,0.00,0.00
2016.04.26 05:15:19.064,12.36839,12.37211,0.00,0.00
2016.04.26 05:15:19.724,12.3684,12.37211,0.00,0.00
2016.04.26 05:15:20.447,12.36839,12.37211,0.00,0.00
2016.04.26 05:15:21.950,12.3684,12.37211,0.00,0.00
2016.04.26 05:15:22.351,12.36829,12.37211,0.00,0.00
2016.04.26 05:15:22.802,12.36838,12.37232,0.00,0.00
2016.04.26 05:15:22.853,12.36859,12.37232,0.00,0.00
2016.04.26 05:15:22.903,12.36859,12.37239,0.00,0.00
2016.04.26 05:15:23.055,12.36889,12.37239,0.00,0.00
2016.04.26 05:15:23.685,12.3689,12.37239,0.00,0.00
2016.04.26 05:15:24.345,12.36889,12.37239,0.00,0.00
2016.04.26 05:15:25.467,12.36859,12.37239,0.00,0.00
2016.04.26 05:15:25.609,12.36839,12.37222,0.00,0.00
2016.04.26 05:15:25.909,12.3684,12.37231,0.00,0.00
2016.04.26 05:15:26.560,12.36839,12.37231,0.00,0.00
2016.04.26 05:15:27.061,12.3684,12.37231,0.00,0.00
2016.04.26 05:15:27.562,12.36839,12.37231,0.00,0.00
2016.04.26 05:15:28.064,12.3684,12.37231,0.00,0.00
2016.04.26 05:15:29.569,12.36839,12.37231,0.00,0.00
2016.04.26 05:15:29.732,12.36859,12.37239,0.00,0.00
2016.04.26 05:15:29.834,12.36839,12.37232,0.00,0.00
2016.04.26 05:15:31.576,12.3684,12.37232,0.00,0.00
2016.04.26 05:15:32.077,12.36839,12.37232,0.00,0.00
2016.04.26 05:15:32.979,12.3684,12.3723,0.00,0.00
2016.04.26 05:15:33.443,12.3684,12.37201,0.00,0.00
2016.04.26 05:15:34.397,12.3684,12.37212,0.00,0.00
2016.04.26 05:15:34.910,12.36839,12.37212,0.00,0.00
2016.04.26 05:15:35.621,12.3684,12.37212,0.00,0.00
2016.04.26 05:15:36.230,12.36839,12.37212,0.00,0.00
2016.04.26 05:15:37.087,12.3684,12.37212,0.00,0.00
2016.04.26 05:15:38.020,12.36839,12.37212,0.00,0.00
2016.04.26 05:15:38.545,12.3684,12.37212,0.00,0.00
2016.04.26 05:15:39.091,12.36839,12.37212,0.00,0.00
2016.04.26 05:15:40.096,12.3684,12.37212,0.00,0.00
2016.04.26 05:15:40.856,12.36839,12.37212,0.00,0.00
2016.04.26 05:15:41.599,12.3684,12.37212,0.00,0.00
2016.04.26 05:15:42.100,12.36839,12.37212,0.00,0.00
2016.04.26 05:15:43.604,12.3684,12.37212,0.00,0.00
2016.04.26 05:15:44.119,12.36839,12.37212,0.00,0.00
2016.04.26 05:15:44.306,12.36879,12.37212,0.00,0.00
2016.04.26 05:15:44.457,12.36889,12.37239,0.00,0.00
2016.04.26 05:15:45.147,12.3689,12.37239,0.00,0.00
2016.04.26 05:15:45.693,12.36889,12.37239,0.00,0.00
2016.04.26 05:15:47.013,12.3689,12.37239,0.00,0.00
2016.04.26 05:15:48.016,12.36889,12.37239,0.00,0.00
2016.04.26 05:15:50.350,12.3689,12.37239,0.00,0.00
2016.04.26 05:15:50.602,12.3689,12.3726,0.00,0.00
2016.04.26 05:15:50.653,12.3692,12.3726,0.00,0.00
2016.04.26 05:15:50.754,12.36898,12.3726,0.00,0.00
2016.04.26 05:15:50.805,12.3689,12.3726,0.00,0.00
2016.04.26 05:15:50.906,12.3689,12.37232,0.00,0.00
2016.04.26 05:15:52.229,12.36889,12.37232,0.00,0.00
2016.04.26 05:15:54.737,12.3689,12.37232,0.00,0.00
2016.04.26 05:15:55.189,12.3689,12.37239,0.00,0.00
2016.04.26 05:15:55.290,12.3689,12.37232,0.00,0.00
2016.04.26 05:15:56.241,12.36889,12.37232,0.00,0.00
2016.04.26 05:15:56.785,12.3689,12.37232,0.00,0.00
2016.04.26 05:15:56.840,12.3689,12.37239,0.00,0.00
2016.04.26 05:15:57.395,12.36889,12.37239,0.00,0.00
2016.04.26 05:15:58.246,12.3689,12.37239,0.00,0.00
2016.04.26 05:15:58.766,12.36889,12.37239,0.00,0.00
2016.04.26 05:15:59.375,12.3689,12.37239,0.00,0.00
2016.04.26 05:16:00.251,12.36889,12.37239,0.00,0.00
2016.04.26 05:16:00.753,12.3689,12.37239,0.00,0.00
2016.04.26 05:16:01.254,12.36889,12.37239,0.00,0.00
2016.04.26 05:16:02.257,12.3689,12.37239,0.00,0.00
2016.04.26 05:16:02.758,12.36889,12.37239,0.00,0.00
2016.04.26 05:16:03.861,12.3689,12.37239,0.00,0.00
2016.04.26 05:16:04.161,12.36889,12.37231,0.00,0.00
2016.04.26 05:16:04.711,12.36889,12.37222,0.00,0.00
2016.04.26 05:16:05.414,12.36889,12.37231,0.00,0.00
2016.04.26 05:16:05.515,12.36889,12.37202,0.00,0.00
2016.04.26 05:16:05.566,12.36829,12.37202,0.00,0.00
2016.04.26 05:16:05.727,12.3683,12.37212,0.00,0.00
2016.04.26 05:16:05.828,12.36829,12.37202,0.00,0.00
2016.04.26 05:16:06.723,12.3683,12.3719,0.00,0.00
2016.04.26 05:16:07.070,12.3683,12.37172,0.00,0.00
2016.04.26 05:16:07.256,12.36829,12.37191,0.00,0.00
2016.04.26 05:16:08.391,12.3683,12.3719,0.00,0.00
2016.04.26 05:16:09.306,12.3683,12.37162,0.00,0.00
2016.04.26 05:16:09.408,12.36829,12.37191,0.00,0.00
2016.04.26 05:16:09.459,12.36829,12.37161,0.00,0.00
2016.04.26 05:16:09.560,12.36829,12.37172,0.00,0.00
2016.04.26 05:16:10.056,12.36829,12.37138,0.00,0.00
2016.04.26 05:16:10.160,12.36749,12.37138,0.00,0.00
2016.04.26 05:16:10.210,12.36759,12.37138,0.00,0.00
2016.04.26 05:16:10.726,12.3676,12.37138,0.00,0.00
2016.04.26 05:16:11.727,12.3677,12.37138,0.00,0.00
2016.04.26 05:16:12.338,12.36769,12.37138,0.00,0.00
2016.04.26 05:16:13.182,12.3678,12.37138,0.00,0.00
2016.04.26 05:16:13.283,12.3677,12.37132,0.00,0.00
2016.04.26 05:16:13.482,12.3678,12.37131,0.00,0.00
2016.04.26 05:16:13.533,12.3678,12.37138,0.00,0.00
2016.04.26 05:16:13.658,12.3677,12.37138,0.00,0.00
2016.04.26 05:16:14.183,12.36769,12.37138,0.00,0.00
2016.04.26 05:16:16.187,12.3677,12.37138,0.00,0.00
2016.04.26 05:16:16.689,12.36769,12.37138,0.00,0.00
2016.04.26 05:16:17.391,12.36769,12.37132,0.00,0.00
2016.04.26 05:16:17.695,12.36779,12.37138,0.00,0.00
2016.04.26 05:16:20.101,12.36769,12.37138,0.00,0.00
2016.04.26 05:16:21.206,12.3676,12.37138,0.00,0.00
2016.04.26 05:16:21.507,12.36749,12.37138,0.00,0.00
2016.04.26 05:16:21.557,12.36779,12.37138,0.00,0.00
2016.04.26 05:16:21.658,12.36739,12.37131,0.00,0.00
2016.04.26 05:16:21.759,12.36739,12.37122,0.00,0.00
2016.04.26 05:16:22.060,12.3673,12.37072,0.00,0.00
2016.04.26 05:16:22.965,12.3673,12.37081,0.00,0.00
2016.04.26 05:16:23.463,12.36729,12.37062,0.00,0.00
2016.04.26 05:16:23.564,12.36729,12.37081,0.00,0.00
2016.04.26 05:16:24.076,12.36729,12.37101,0.00,0.00
2016.04.26 05:16:24.931,12.36729,12.37091,0.00,0.00
2016.04.26 05:16:25.241,12.3673,12.37072,0.00,0.00
2016.04.26 05:16:25.571,12.3673,12.3706,0.00,0.00
2016.04.26 05:16:26.231,12.36729,12.37061,0.00,0.00
2016.04.26 05:16:26.893,12.3673,12.3706,0.00,0.00
2016.04.26 05:16:27.526,12.36729,12.37061,0.00,0.00
2016.04.26 05:16:27.728,12.36689,12.37061,0.00,0.00
2016.04.26 05:16:27.779,12.36689,12.37039,0.00,0.00
2016.04.26 05:16:29.431,12.3669,12.37039,0.00,0.00
2016.04.26 05:16:30.735,12.36689,12.37039,0.00,0.00
2016.04.26 05:16:31.337,12.3669,12.37039,0.00,0.00
2016.04.26 05:16:31.838,12.36689,12.37039,0.00,0.00
2016.04.26 05:16:32.359,12.3669,12.37039,0.00,0.00
2016.04.26 05:16:32.859,12.36648,12.37,0.00,0.00
2016.04.26 05:16:32.910,12.3664,12.37,0.00,0.00
2016.04.26 05:16:32.961,12.3664,12.37002,0.00,0.00
2016.04.26 05:16:33.073,12.3664,12.3703,0.00,0.00
2016.04.26 05:16:33.123,12.36648,12.3703,0.00,0.00
2016.04.26 05:16:33.174,12.36649,12.37039,0.00,0.00
2016.04.26 05:16:33.711,12.36669,12.37039,0.00,0.00
2016.04.26 05:16:34.145,12.3668,12.37039,0.00,0.00
2016.04.26 05:16:34.949,12.36679,12.37039,0.00,0.00
2016.04.26 05:16:35.550,12.3668,12.37039,0.00,0.00
2016.04.26 05:16:36.052,12.36679,12.37039,0.00,0.00
2016.04.26 05:16:36.554,12.3668,12.37039,0.00,0.00
2016.04.26 05:16:37.057,12.3669,12.37039,0.00,0.00
2016.04.26 05:16:37.455,12.36699,12.37039,0.00,0.00
2016.04.26 05:16:38.563,12.367,12.37039,0.00,0.00
2016.04.26 05:16:39.164,12.36699,12.37039,0.00,0.00
2016.04.26 05:16:40.065,12.367,12.37039,0.00,0.00
2016.04.26 05:16:40.566,12.36699,12.37039,0.00,0.00
2016.04.26 05:16:41.067,12.367,12.37039,0.00,0.00
2016.04.26 05:16:42.069,12.36699,12.37039,0.00,0.00
2016.04.26 05:16:42.871,12.3669,12.37039,0.00,0.00
2016.04.26 05:16:44.574,12.36689,12.37039,0.00,0.00
2016.04.26 05:16:47.081,12.3669,12.37039,0.00,0.00
2016.04.26 05:16:47.218,12.367,12.37039,0.00,0.00
2016.04.26 05:16:47.779,12.36699,12.37039,0.00,0.00
2016.04.26 05:16:49.083,12.367,12.37039,0.00,0.00
2016.04.26 05:16:50.586,12.36699,12.37039,0.00,0.00
2016.04.26 05:16:51.087,12.367,12.37039,0.00,0.00
2016.04.26 05:16:51.588,12.36699,12.37039,0.00,0.00
2016.04.26 05:16:52.089,12.367,12.37039,0.00,0.00
2016.04.26 05:16:52.591,12.36699,12.37039,0.00,0.00
2016.04.26 05:16:53.593,12.367,12.37039,0.00,0.00
2016.04.26 05:16:53.909,12.36689,12.37039,0.00,0.00
2016.04.26 05:16:55.097,12.3669,12.37039,0.00,0.00
2016.04.26 05:16:55.598,12.36689,12.37039,0.00,0.00
2016.04.26 05:16:56.099,12.3669,12.37039,0.00,0.00
2016.04.26 05:16:56.600,12.36689,12.37039,0.00,0.00
2016.04.26 05:16:57.102,12.3669,12.37039,0.00,0.00
2016.04.26 05:16:57.644,12.36689,12.37039,0.00,0.00
2016.04.26 05:16:59.626,12.3669,12.37039,0.00,0.00
2016.04.26 05:17:00.166,12.36689,12.37039,0.00,0.00
2016.04.26 05:17:00.897,12.3669,12.37039,0.00,0.00
2016.04.26 05:17:01.556,12.36689,12.37039,0.00,0.00
2016.04.26 05:17:02.111,12.3669,12.37039,0.00,0.00
2016.04.26 05:17:02.712,12.36689,12.37039,0.00,0.00
2016.04.26 05:17:03.273,12.3669,12.37039,0.00,0.00
2016.04.26 05:17:03.866,12.36689,12.37039,0.00,0.00
2016.04.26 05:17:05.567,12.367,12.37039,0.00,0.00
2016.04.26 05:17:05.618,12.3669,12.37039,0.00,0.00
2016.04.26 05:17:06.177,12.36689,12.37039,0.00,0.00
2016.04.26 05:17:06.557,12.3668,12.37039,0.00,0.00
2016.04.26 05:17:07.168,12.36679,12.37039,0.00,0.00
2016.04.26 05:17:07.723,12.3668,12.37039,0.00,0.00
2016.04.26 05:17:08.869,12.36679,12.37039,0.00,0.00
2016.04.26 05:17:09.436,12.3668,12.37039,0.00,0.00
2016.04.26 05:17:09.629,12.36689,12.37039,0.00,0.00
2016.04.26 05:17:10.141,12.3669,12.37039,0.00,0.00
2016.04.26 05:17:10.853,12.36689,12.37039,0.00,0.00
2016.04.26 05:17:11.843,12.3669,12.37039,0.00,0.00
2016.04.26 05:17:12.738,12.36689,12.37039,0.00,0.00
2016.04.26 05:17:13.440,12.3669,12.37039,0.00,0.00
2016.04.26 05:17:14.102,12.36689,12.37039,0.00,0.00
2016.04.26 05:17:14.744,12.3669,12.37039,0.00,0.00
2016.04.26 05:17:15.464,12.3675,12.37039,0.00,0.00
2016.04.26 05:17:15.515,12.3675,12.37082,0.00,0.00
2016.04.26 05:17:15.616,12.3675,12.3711,0.00,0.00
2016.04.26 05:17:15.667,12.36759,12.37142,0.00,0.00
2016.04.26 05:17:16.200,12.36759,12.37122,0.00,0.00
2016.04.26 05:17:16.280,12.36759,12.37131,0.00,0.00
2016.04.26 05:17:17.152,12.3676,12.37131,0.00,0.00
2016.04.26 05:17:18.255,12.36759,12.37131,0.00,0.00
2016.04.26 05:17:19.806,12.3676,12.37131,0.00,0.00
2016.04.26 05:17:20.397,12.36759,12.37131,0.00,0.00
2016.04.26 05:17:20.498,12.3681,12.37131,0.00,0.00
2016.04.26 05:17:20.548,12.3681,12.37142,0.00,0.00
2016.04.26 05:17:20.649,12.36809,12.37161,0.00,0.00
2016.04.26 05:17:20.700,12.36789,12.37161,0.00,0.00
2016.04.26 05:17:21.714,12.36789,12.37141,0.00,0.00
2016.04.26 05:17:21.865,12.3674,12.37132,0.00,0.00
2016.04.26 05:17:22.119,12.36749,12.37138,0.00,0.00
2016.04.26 05:17:22.421,12.36789,12.37138,0.00,0.00
2016.04.26 05:17:23.478,12.3679,12.37138,0.00,0.00
2016.04.26 05:17:24.088,12.36789,12.37138,0.00,0.00
2016.04.26 05:17:24.795,12.3679,12.37138,0.00,0.00
2016.04.26 05:17:25.409,12.36789,12.37138,0.00,0.00
2016.04.26 05:17:25.972,12.3679,12.37138,0.00,0.00
2016.04.26 05:17:26.191,12.3679,12.37152,0.00,0.00
2016.04.26 05:17:26.293,12.3676,12.3712,0.00,0.00
2016.04.26 05:17:26.417,12.36739,12.37112,0.00,0.00
2016.04.26 05:17:26.518,12.3679,12.3716,0.00,0.00
2016.04.26 05:17:27.060,12.36789,12.37161,0.00,0.00
2016.04.26 05:17:28.277,12.3679,12.3716,0.00,0.00
2016.04.26 05:17:29.780,12.36789,12.37161,0.00,0.00
2016.04.26 05:17:30.282,12.3679,12.3716,0.00,0.00
2016.04.26 05:17:31.324,12.36789,12.37161,0.00,0.00
2016.04.26 05:17:32.011,12.3679,12.3716,0.00,0.00
2016.04.26 05:17:32.672,12.36789,12.37161,0.00,0.00
2016.04.26 05:17:33.904,12.36789,12.37152,0.00,0.00
2016.04.26 05:17:34.194,12.36762,12.37142,0.00,0.00
2016.04.26 05:17:34.244,12.36762,12.37131,0.00,0.00
2016.04.26 05:17:34.546,12.3673,12.37038,0.00,0.00
2016.04.26 05:17:34.597,12.36708,12.37038,0.00,0.00
2016.04.26 05:17:34.648,12.36698,12.37038,0.00,0.00
2016.04.26 05:17:34.749,12.36649,12.37038,0.00,0.00
2016.04.26 05:17:34.800,12.36669,12.37038,0.00,0.00
2016.04.26 05:17:36.302,12.3667,12.37038,0.00,0.00
2016.04.26 05:17:36.804,12.36669,12.37038,0.00,0.00
2016.04.26 05:17:37.808,12.3667,12.37038,0.00,0.00
2016.04.26 05:17:38.310,12.36669,12.37038,0.00,0.00
2016.04.26 05:17:40.919,12.3667,12.37038,0.00,0.00
2016.04.26 05:17:41.822,12.36669,12.37038,0.00,0.00
2016.04.26 05:17:42.939,12.3667,12.37038,0.00,0.00
2016.04.26 05:17:43.254,12.36659,12.37038,0.00,0.00
2016.04.26 05:17:43.964,12.36669,12.37038,0.00,0.00
2016.04.26 05:17:45.777,12.3667,12.37038,0.00,0.00
2016.04.26 05:17:46.286,12.36669,12.37038,0.00,0.00
2016.04.26 05:17:47.238,12.3667,12.37038,0.00,0.00
2016.04.26 05:17:47.949,12.36669,12.37038,0.00,0.00
2016.04.26 05:17:49.042,12.3667,12.37038,0.00,0.00
2016.04.26 05:17:49.574,12.36669,12.37038,0.00,0.00
2016.04.26 05:17:50.096,12.3667,12.37038,0.00,0.00
2016.04.26 05:17:50.541,12.36699,12.37061,0.00,0.00
2016.04.26 05:17:52.052,12.367,12.3706,0.00,0.00
2016.04.26 05:17:52.875,12.36699,12.37061,0.00,0.00
2016.04.26 05:17:55.592,12.367,12.3706,0.00,0.00
2016.04.26 05:17:56.201,12.36699,12.37061,0.00,0.00
2016.04.26 05:17:58.075,12.367,12.3706,0.00,0.00
2016.04.26 05:17:59.582,12.36699,12.37061,0.00,0.00
2016.04.26 05:18:00.486,12.367,12.3706,0.00,0.00
2016.04.26 05:18:01.034,12.36699,12.37061,0.00,0.00
2016.04.26 05:18:01.590,12.367,12.3706,0.00,0.00
2016.04.26 05:18:02.994,12.36699,12.37061,0.00,0.00
2016.04.26 05:18:03.514,12.367,12.3706,0.00,0.00
2016.04.26 05:18:04.125,12.36699,12.37061,0.00,0.00
2016.04.26 05:18:04.469,12.36669,12.37061,0.00,0.00
2016.04.26 05:18:05.176,12.36678,12.37061,0.00,0.00
2016.04.26 05:18:05.749,12.36678,12.3706,0.00,0.00
2016.04.26 05:18:06.310,12.36678,12.37061,0.00,0.00
2016.04.26 05:18:06.876,12.36669,12.37039,0.00,0.00
2016.04.26 05:18:06.927,12.36658,12.37039,0.00,0.00
2016.04.26 05:18:06.978,12.3665,12.37032,0.00,0.00
2016.04.26 05:18:07.029,12.36659,12.37032,0.00,0.00
2016.04.26 05:18:07.080,12.36659,12.37039,0.00,0.00
2016.04.26 05:18:07.181,12.36668,12.37039,0.00,0.00
2016.04.26 05:18:07.819,12.36669,12.37032,0.00,0.00
2016.04.26 05:18:07.874,12.36669,12.37039,0.00,0.00
2016.04.26 05:18:08.175,12.3666,12.37031,0.00,0.00
2016.04.26 05:18:08.226,12.3667,12.37031,0.00,0.00
2016.04.26 05:18:08.276,12.3667,12.37039,0.00,0.00
2016.04.26 05:18:08.725,12.36659,12.37031,0.00,0.00
2016.04.26 05:18:08.776,12.36669,12.37039,0.00,0.00
2016.04.26 05:18:09.420,12.3667,12.37039,0.00,0.00
2016.04.26 05:18:09.924,12.36669,12.37039,0.00,0.00
2016.04.26 05:18:10.461,12.3667,12.37039,0.00,0.00
2016.04.26 05:18:11.034,12.36669,12.37039,0.00,0.00
2016.04.26 05:18:11.593,12.3667,12.37039,0.00,0.00
2016.04.26 05:18:11.935,12.36689,12.37039,0.00,0.00
2016.04.26 05:18:12.537,12.3669,12.37039,0.00,0.00
2016.04.26 05:18:13.051,12.36689,12.37039,0.00,0.00
2016.04.26 05:18:13.842,12.36699,12.37039,0.00,0.00
2016.04.26 05:18:14.491,12.367,12.37039,0.00,0.00
2016.04.26 05:18:15.031,12.36699,12.37039,0.00,0.00
2016.04.26 05:18:18.863,12.36689,12.37039,0.00,0.00
2016.04.26 05:18:18.989,12.367,12.37039,0.00,0.00
2016.04.26 05:18:19.506,12.36699,12.37039,0.00,0.00
2016.04.26 05:18:20.166,12.367,12.37039,0.00,0.00
2016.04.26 05:18:20.750,12.36699,12.37049,0.00,0.00
2016.04.26 05:18:20.851,12.367,12.3706,0.00,0.00
2016.04.26 05:18:20.902,12.3671,12.3706,0.00,0.00
2016.04.26 05:18:21.010,12.36699,12.3706,0.00,0.00
2016.04.26 05:18:21.061,12.36689,12.3706,0.00,0.00
2016.04.26 05:18:21.261,12.36679,12.37061,0.00,0.00
2016.04.26 05:18:21.362,12.36688,12.37061,0.00,0.00
2016.04.26 05:18:21.684,12.36699,12.37061,0.00,0.00
2016.04.26 05:18:22.293,12.367,12.3706,0.00,0.00
2016.04.26 05:18:22.953,12.36699,12.37061,0.00,0.00
2016.04.26 05:18:23.105,12.36729,12.37092,0.00,0.00
2016.04.26 05:18:23.163,12.36729,12.37121,0.00,0.00
2016.04.26 05:18:23.513,12.36729,12.37111,0.00,0.00
2016.04.26 05:18:23.865,12.3673,12.37122,0.00,0.00
2016.04.26 05:18:24.622,12.36729,12.37122,0.00,0.00
2016.04.26 05:18:24.991,12.36739,12.37129,0.00,0.00
2016.04.26 05:18:25.168,12.3673,12.37121,0.00,0.00
2016.04.26 05:18:26.698,12.36729,12.37121,0.00,0.00
2016.04.26 05:18:27.803,12.3673,12.37121,0.00,0.00
2016.04.26 05:18:28.104,12.3674,12.37121,0.00,0.00
2016.04.26 05:18:28.807,12.36739,12.37121,0.00,0.00
2016.04.26 05:18:29.309,12.3674,12.37121,0.00,0.00
2016.04.26 05:18:29.935,12.36739,12.37121,0.00,0.00
2016.04.26 05:18:30.517,12.3674,12.37101,0.00,0.00
2016.04.26 05:18:30.814,12.36689,12.37058,0.00,0.00
2016.04.26 05:18:30.865,12.36689,12.37052,0.00,0.00
2016.04.26 05:18:31.217,12.3668,12.37052,0.00,0.00
2016.04.26 05:18:31.368,12.36679,12.37039,0.00,0.00
2016.04.26 05:18:31.877,12.3668,12.37039,0.00,0.00
2016.04.26 05:18:32.537,12.36679,12.37039,0.00,0.00
2016.04.26 05:18:32.876,12.3668,12.37058,0.00,0.00
2016.04.26 05:18:32.927,12.3673,12.3709,0.00,0.00
2016.04.26 05:18:33.248,12.36738,12.37091,0.00,0.00
2016.04.26 05:18:33.425,12.36729,12.37091,0.00,0.00
2016.04.26 05:18:33.527,12.36729,12.37111,0.00,0.00
2016.04.26 05:18:33.827,12.36738,12.37131,0.00,0.00
2016.04.26 05:18:33.928,12.3674,12.37121,0.00,0.00
2016.04.26 05:18:34.441,12.36739,12.37112,0.00,0.00
2016.04.26 05:18:38.048,12.3674,12.37112,0.00,0.00
2016.04.26 05:18:38.569,12.36739,12.37112,0.00,0.00
2016.04.26 05:18:39.178,12.3674,12.37112,0.00,0.00
2016.04.26 05:18:40.051,12.36739,12.37112,0.00,0.00
2016.04.26 05:18:40.134,12.36739,12.37131,0.00,0.00
2016.04.26 05:18:40.185,12.36769,12.37131,0.00,0.00
2016.04.26 05:18:40.235,12.36769,12.37138,0.00,0.00
2016.04.26 05:18:40.753,12.3677,12.37138,0.00,0.00
2016.04.26 05:18:41.355,12.36769,12.37138,0.00,0.00
2016.04.26 05:18:42.058,12.3677,12.37138,0.00,0.00
2016.04.26 05:18:42.560,12.36769,12.37138,0.00,0.00
2016.04.26 05:18:42.793,12.3678,12.37138,0.00,0.00
2016.04.26 05:18:43.865,12.36779,12.37138,0.00,0.00
2016.04.26 05:18:44.367,12.3678,12.37138,0.00,0.00
2016.04.26 05:18:45.370,12.36779,12.37138,0.00,0.00
2016.04.26 05:18:45.872,12.3678,12.37138,0.00,0.00
2016.04.26 05:18:46.491,12.36789,12.37121,0.00,0.00
2016.04.26 05:18:46.553,12.36789,12.37138,0.00,0.00
2016.04.26 05:18:47.880,12.3679,12.37138,0.00,0.00
2016.04.26 05:18:48.383,12.36789,12.37138,0.00,0.00
2016.04.26 05:18:48.485,12.3678,12.37122,0.00,0.00
2016.04.26 05:18:48.986,12.36779,12.37122,0.00,0.00
2016.04.26 05:18:49.130,12.3677,12.37122,0.00,0.00
2016.04.26 05:18:49.181,12.3677,12.37111,0.00,0.00
2016.04.26 05:18:49.282,12.3677,12.37138,0.00,0.00
2016.04.26 05:18:49.990,12.36769,12.37138,0.00,0.00
2016.04.26 05:18:50.732,12.3677,12.37138,0.00,0.00
2016.04.26 05:18:51.243,12.3677,12.37139,0.00,0.00
2016.04.26 05:18:51.294,12.3677,12.37108,0.00,0.00
2016.04.26 05:18:51.494,12.3673,12.37071,0.00,0.00
2016.04.26 05:18:51.961,12.3673,12.37052,0.00,0.00
2016.04.26 05:18:52.162,12.36729,12.37061,0.00,0.00
2016.04.26 05:18:52.902,12.3673,12.3706,0.00,0.00
2016.04.26 05:18:54.099,12.367,12.37051,0.00,0.00
2016.04.26 05:18:54.251,12.36699,12.37039,0.00,0.00
2016.04.26 05:18:54.553,12.36669,12.37039,0.00,0.00
2016.04.26 05:18:54.766,12.36679,12.37039,0.00,0.00
2016.04.26 05:18:54.867,12.3667,12.37039,0.00,0.00
2016.04.26 05:18:55.425,12.36679,12.37039,0.00,0.00
2016.04.26 05:18:55.476,12.3667,12.37039,0.00,0.00
2016.04.26 05:18:56.119,12.36669,12.37039,0.00,0.00
2016.04.26 05:18:56.689,12.3667,12.37039,0.00,0.00
2016.04.26 05:18:56.740,12.36659,12.37039,0.00,0.00
2016.04.26 05:18:57.090,12.3666,12.37032,0.00,0.00
2016.04.26 05:18:57.341,12.3666,12.37039,0.00,0.00
2016.04.26 05:18:57.715,12.36598,12.36961,0.00,0.00
2016.04.26 05:18:57.816,12.36589,12.36961,0.00,0.00
2016.04.26 05:18:57.892,12.36589,12.36951,0.00,0.00
2016.04.26 05:18:57.943,12.36569,12.36951,0.00,0.00
2016.04.26 05:18:57.993,12.36578,12.36938,0.00,0.00
2016.04.26 05:18:58.185,12.36559,12.36938,0.00,0.00
2016.04.26 05:18:58.719,12.3656,12.36938,0.00,0.00
2016.04.26 05:18:58.924,12.36549,12.36938,0.00,0.00
2016.04.26 05:18:59.501,12.36559,12.36938,0.00,0.00
2016.04.26 05:18:59.611,12.36539,12.36932,0.00,0.00
2016.04.26 05:18:59.712,12.36539,12.36911,0.00,0.00
2016.04.26 05:19:00.008,12.36539,12.36932,0.00,0.00
2016.04.26 05:19:00.652,12.3654,12.36932,0.00,0.00
2016.04.26 05:19:01.032,12.3654,12.36912,0.00,0.00
2016.04.26 05:19:01.298,12.36539,12.36931,0.00,0.00
2016.04.26 05:19:01.399,12.3654,12.36911,0.00,0.00
2016.04.26 05:19:01.926,12.36539,12.36911,0.00,0.00
2016.04.26 05:19:05.131,12.3654,12.36901,0.00,0.00
2016.04.26 05:19:05.600,12.3654,12.36872,0.00,0.00
2016.04.26 05:19:05.650,12.3654,12.36891,0.00,0.00
2016.04.26 05:19:05.705,12.3654,12.36871,0.00,0.00
2016.04.26 05:19:06.265,12.36539,12.36871,0.00,0.00
2016.04.26 05:19:06.645,12.3654,12.36891,0.00,0.00
2016.04.26 05:19:06.907,12.3654,12.36872,0.00,0.00
2016.04.26 05:19:07.108,12.3654,12.36892,0.00,0.00
2016.04.26 05:19:08.242,12.36478,12.36861,0.00,0.00
2016.04.26 05:19:08.293,12.36478,12.36838,0.00,0.00
2016.04.26 05:19:08.344,12.3645,12.36838,0.00,0.00
2016.04.26 05:19:08.515,12.36468,12.36838,0.00,0.00
2016.04.26 05:19:08.616,12.36439,12.36822,0.00,0.00
2016.04.26 05:19:08.667,12.36449,12.36822,0.00,0.00
2016.04.26 05:19:09.413,12.36449,12.36838,0.00,0.00
2016.04.26 05:19:10.014,12.36449,12.36832,0.00,0.00
2016.04.26 05:19:10.065,12.36439,12.36832,0.00,0.00
2016.04.26 05:19:10.116,12.36439,12.36812,0.00,0.00
2016.04.26 05:19:10.417,12.36439,12.36831,0.00,0.00
2016.04.26 05:19:10.518,12.36439,12.36822,0.00,0.00
2016.04.26 05:19:11.544,12.3644,12.36822,0.00,0.00
2016.04.26 05:19:11.645,12.36448,12.36838,0.00,0.00
2016.04.26 05:19:11.720,12.3644,12.36811,0.00,0.00
2016.04.26 05:19:12.043,12.36448,12.36831,0.00,0.00
2016.04.26 05:19:12.144,12.3644,12.36811,0.00,0.00
2016.04.26 05:19:12.301,12.36439,12.36822,0.00,0.00
2016.04.26 05:19:12.867,12.3644,12.36822,0.00,0.00
2016.04.26 05:19:13.527,12.36439,12.36822,0.00,0.00
2016.04.26 05:19:13.578,12.36439,12.36802,0.00,0.00
2016.04.26 05:19:14.150,12.3644,12.36802,0.00,0.00
2016.04.26 05:19:14.201,12.3644,12.36831,0.00,0.00
2016.04.26 05:19:14.751,12.36439,12.36831,0.00,0.00
2016.04.26 05:19:14.854,12.3644,12.3677,0.00,0.00
2016.04.26 05:19:15.156,12.36439,12.36762,0.00,0.00
2016.04.26 05:19:15.503,12.3644,12.3677,0.00,0.00
2016.04.26 05:19:15.603,12.3644,12.36762,0.00,0.00
2016.04.26 05:19:15.957,12.3644,12.3677,0.00,0.00
2016.04.26 05:19:16.058,12.36389,12.36761,0.00,0.00
2016.04.26 05:19:16.204,12.3639,12.36738,0.00,0.00
2016.04.26 05:19:16.706,12.36389,12.36738,0.00,0.00
2016.04.26 05:19:17.458,12.3639,12.36738,0.00,0.00
2016.04.26 05:19:17.960,12.36389,12.36738,0.00,0.00
2016.04.26 05:19:19.195,12.3639,12.36738,0.00,0.00
2016.04.26 05:19:19.805,12.36389,12.36738,0.00,0.00
2016.04.26 05:19:20.113,12.36419,12.36761,0.00,0.00
2016.04.26 05:19:20.214,12.36399,12.36761,0.00,0.00
2016.04.26 05:19:20.265,12.36389,12.36761,0.00,0.00
2016.04.26 05:19:20.871,12.3639,12.3676,0.00,0.00
2016.04.26 05:19:21.372,12.3639,12.36739,0.00,0.00
2016.04.26 05:19:21.874,12.36389,12.36739,0.00,0.00
2016.04.26 05:19:23.080,12.3639,12.36739,0.00,0.00
2016.04.26 05:19:23.983,12.36389,12.36739,0.00,0.00
2016.04.26 05:19:24.503,12.3639,12.36739,0.00,0.00
2016.04.26 05:19:25.109,12.36389,12.36739,0.00,0.00
2016.04.26 05:19:25.745,12.3639,12.36739,0.00,0.00
2016.04.26 05:19:26.090,12.3639,12.3669,0.00,0.00
2016.04.26 05:19:26.219,12.36389,12.36712,0.00,0.00
2016.04.26 05:19:26.273,12.36389,12.36721,0.00,0.00
2016.04.26 05:19:26.521,12.3636,12.3672,0.00,0.00
2016.04.26 05:19:26.622,12.36379,12.36711,0.00,0.00
2016.04.26 05:19:26.723,12.36379,12.36721,0.00,0.00
2016.04.26 05:19:26.824,12.36389,12.36751,0.00,0.00
2016.04.26 05:19:26.875,12.36389,12.36758,0.00,0.00
2016.04.26 05:19:27.026,12.36409,12.36758,0.00,0.00
2016.04.26 05:19:27.127,12.36379,12.36758,0.00,0.00
2016.04.26 05:19:27.179,12.36388,12.36758,0.00,0.00
2016.04.26 05:19:27.275,12.36379,12.36758,0.00,0.00
2016.04.26 05:19:27.331,12.36379,12.36739,0.00,0.00
2016.04.26 05:19:28.106,12.3637,12.36739,0.00,0.00
2016.04.26 05:19:29.544,12.36369,12.36739,0.00,0.00
2016.04.26 05:19:30.168,12.3637,12.36739,0.00,0.00
2016.04.26 05:19:30.906,12.36369,12.36739,0.00,0.00
2016.04.26 05:19:31.508,12.3637,12.36739,0.00,0.00
2016.04.26 05:19:32.309,12.36369,12.36739,0.00,0.00
2016.04.26 05:19:33.411,12.3637,12.36739,0.00,0.00
2016.04.26 05:19:33.913,12.36369,12.36739,0.00,0.00
2016.04.26 05:19:35.116,12.3637,12.36739,0.00,0.00
2016.04.26 05:19:35.617,12.36369,12.36739,0.00,0.00
2016.04.26 05:19:36.118,12.3637,12.36739,0.00,0.00
2016.04.26 05:19:36.419,12.36359,12.36739,0.00,0.00
2016.04.26 05:19:38.668,12.3636,12.36739,0.00,0.00
2016.04.26 05:19:39.279,12.36359,12.36739,0.00,0.00
2016.04.26 05:19:40.027,12.3636,12.36739,0.00,0.00
2016.04.26 05:19:40.528,12.36359,12.36739,0.00,0.00
2016.04.26 05:19:41.831,12.3636,12.36739,0.00,0.00
2016.04.26 05:19:42.580,12.36359,12.36739,0.00,0.00
2016.04.26 05:19:43.634,12.3636,12.36739,0.00,0.00
2016.04.26 05:19:44.135,12.36359,12.36739,0.00,0.00
2016.04.26 05:19:44.643,12.3636,12.36739,0.00,0.00
2016.04.26 05:19:46.038,12.36359,12.36739,0.00,0.00
2016.04.26 05:19:46.222,12.36359,12.36751,0.00,0.00
2016.04.26 05:19:46.273,12.36338,12.3669,0.00,0.00
2016.04.26 05:19:46.474,12.3634,12.3673,0.00,0.00
2016.04.26 05:19:46.777,12.3635,12.3675,0.00,0.00
2016.04.26 05:19:46.840,12.36359,12.36751,0.00,0.00
2016.04.26 05:19:47.200,12.36359,12.36738,0.00,0.00
2016.04.26 05:19:47.681,12.36349,12.36738,0.00,0.00
2016.04.26 05:19:49.892,12.3635,12.36738,0.00,0.00
2016.04.26 05:19:50.501,12.36349,12.36738,0.00,0.00
2016.04.26 05:19:51.056,12.3635,12.36738,0.00,0.00
2016.04.26 05:19:51.399,12.36349,12.36731,0.00,0.00
2016.04.26 05:19:51.763,12.36359,12.36738,0.00,0.00
2016.04.26 05:19:52.152,12.3638,12.36738,0.00,0.00
2016.04.26 05:19:53.553,12.36379,12.36738,0.00,0.00
2016.04.26 05:19:54.556,12.3638,12.36738,0.00,0.00
2016.04.26 05:19:55.057,12.36379,12.36738,0.00,0.00
2016.04.26 05:19:55.559,12.3638,12.36738,0.00,0.00
2016.04.26 05:19:56.153,12.36379,12.36738,0.00,0.00
2016.04.26 05:19:56.811,12.3638,12.36738,0.00,0.00
2016.04.26 05:19:57.562,12.36379,12.36738,0.00,0.00
2016.04.26 05:19:58.264,12.36369,12.36738,0.00,0.00
2016.04.26 05:19:58.500,12.36369,12.36671,0.00,0.00
2016.04.26 05:19:58.551,12.36349,12.36671,0.00,0.00
2016.04.26 05:19:58.602,12.3634,12.36691,0.00,0.00
2016.04.26 05:19:58.703,12.36349,12.36702,0.00,0.00
2016.04.26 05:19:58.804,12.36349,12.36691,0.00,0.00
2016.04.26 05:19:58.904,12.36299,12.36661,0.00,0.00
2016.04.26 05:19:59.066,12.3628,12.36651,0.00,0.00
2016.04.26 05:19:59.211,12.36279,12.36639,0.00,0.00
2016.04.26 05:19:59.845,12.3628,12.36639,0.00,0.00
2016.04.26 05:20:00.669,12.36279,12.36639,0.00,0.00
2016.04.26 05:20:01.371,12.3628,12.36639,0.00,0.00
2016.04.26 05:20:02.161,12.36279,12.36639,0.00,0.00
2016.04.26 05:20:02.778,12.3628,12.36639,0.00,0.00
2016.04.26 05:20:03.152,12.36289,12.36639,0.00,0.00
2016.04.26 05:20:03.278,12.36279,12.36639,0.00,0.00
2016.04.26 05:20:03.779,12.3628,12.36639,0.00,0.00
2016.04.26 05:20:04.294,12.36289,12.36639,0.00,0.00
2016.04.26 05:20:04.926,12.36299,12.36639,0.00,0.00
2016.04.26 05:20:05.183,12.36289,12.36639,0.00,0.00
2016.04.26 05:20:05.234,12.3628,12.36639,0.00,0.00
2016.04.26 05:20:05.385,12.36289,12.36639,0.00,0.00
2016.04.26 05:20:06.285,12.3629,12.36639,0.00,0.00
2016.04.26 05:20:06.604,12.3634,12.36639,0.00,0.00
2016.04.26 05:20:06.755,12.3635,12.36721,0.00,0.00
2016.04.26 05:20:06.806,12.36359,12.36739,0.00,0.00
2016.04.26 05:20:06.907,12.3636,12.3667,0.00,0.00
2016.04.26 05:20:07.108,12.36359,12.36739,0.00,0.00
2016.04.26 05:20:07.209,12.3637,12.36739,0.00,0.00
2016.04.26 05:20:07.790,12.36369,12.36739,0.00,0.00
2016.04.26 05:20:08.815,12.36489,12.36739,0.00,0.00
2016.04.26 05:20:08.866,12.36489,12.36752,0.00,0.00
2016.04.26 05:20:08.967,12.36489,12.36859,0.00,0.00
2016.04.26 05:20:09.018,12.365,12.36859,0.00,0.00
2016.04.26 05:20:09.199,12.36498,12.36859,0.00,0.00
2016.04.26 05:20:09.250,12.36489,12.36859,0.00,0.00
2016.04.26 05:20:09.351,12.36499,12.36859,0.00,0.00
2016.04.26 05:20:09.755,12.36499,12.36839,0.00,0.00
2016.04.26 05:20:09.899,12.36489,12.36839,0.00,0.00
2016.04.26 05:20:10.415,12.3649,12.36839,0.00,0.00
2016.04.26 05:20:10.993,12.36489,12.36839,0.00,0.00
2016.04.26 05:20:12.506,12.3649,12.36839,0.00,0.00
2016.04.26 05:20:13.007,12.36489,12.36839,0.00,0.00
2016.04.26 05:20:13.608,12.3649,12.36839,0.00,0.00
2016.04.26 05:20:14.513,12.3653,12.36839,0.00,0.00
2016.04.26 05:20:14.564,12.3653,12.36859,0.00,0.00
2016.04.26 05:20:14.665,12.3649,12.3686,0.00,0.00
2016.04.26 05:20:14.766,12.36489,12.36882,0.00,0.00
2016.04.26 05:20:14.825,12.36508,12.36891,0.00,0.00
2016.04.26 05:20:14.961,12.36498,12.3689,0.00,0.00
2016.04.26 05:20:15.062,12.3649,12.36871,0.00,0.00
2016.04.26 05:20:15.163,12.36498,12.3689,0.00,0.00
2016.04.26 05:20:15.712,12.36498,12.36891,0.00,0.00
2016.04.26 05:20:16.213,12.36498,12.3689,0.00,0.00
2016.04.26 05:20:16.714,12.36498,12.36891,0.00,0.00
2016.04.26 05:20:17.657,12.36489,12.36839,0.00,0.00
2016.04.26 05:20:18.198,12.3649,12.36839,0.00,0.00
2016.04.26 05:20:18.847,12.3646,12.3681,0.00,0.00
2016.04.26 05:20:18.948,12.36489,12.36851,0.00,0.00
2016.04.26 05:20:19.100,12.36489,12.36861,0.00,0.00
2016.04.26 05:20:19.200,12.3649,12.36841,0.00,0.00
2016.04.26 05:20:19.370,12.36489,12.36852,0.00,0.00
2016.04.26 05:20:19.503,12.36489,12.36842,0.00,0.00
2016.04.26 05:20:19.821,12.3649,12.36839,0.00,0.00
2016.04.26 05:20:20.259,12.36448,12.36839,0.00,0.00
2016.04.26 05:20:21.527,12.36448,12.3679,0.00,0.00
2016.04.26 05:20:21.577,12.3643,12.3679,0.00,0.00
2016.04.26 05:20:21.628,12.3643,12.3682,0.00,0.00
2016.04.26 05:20:21.678,12.3643,12.36802,0.00,0.00
2016.04.26 05:20:21.780,12.3643,12.36812,0.00,0.00
2016.04.26 05:20:22.068,12.36429,12.36801,0.00,0.00
2016.04.26 05:20:22.277,12.36429,12.36811,0.00,0.00
2016.04.26 05:20:22.732,12.36429,12.36739,0.00,0.00
2016.04.26 05:20:22.833,12.36388,12.36739,0.00,0.00
2016.04.26 05:20:22.884,12.3636,12.36739,0.00,0.00
2016.04.26 05:20:23.144,12.3637,12.36739,0.00,0.00
2016.04.26 05:20:23.431,12.36358,12.36731,0.00,0.00
2016.04.26 05:20:23.482,12.36339,12.36721,0.00,0.00
2016.04.26 05:20:23.876,12.36358,12.36721,0.00,0.00
2016.04.26 05:20:24.028,12.3643,12.368,0.00,0.00
2016.04.26 05:20:24.129,12.36439,12.36821,0.00,0.00
2016.04.26 05:20:24.677,12.36439,12.36822,0.00,0.00
2016.04.26 05:20:25.181,12.3643,12.36821,0.00,0.00
2016.04.26 05:20:25.236,12.36439,12.36832,0.00,0.00
2016.04.26 05:20:25.785,12.36438,12.36832,0.00,0.00
2016.04.26 05:20:25.836,12.3643,12.3679,0.00,0.00
2016.04.26 05:20:26.358,12.36429,12.36791,0.00,0.00
2016.04.26 05:20:26.917,12.36429,12.36772,0.00,0.00
2016.04.26 05:20:26.968,12.36378,12.36739,0.00,0.00
2016.04.26 05:20:27.024,12.36369,12.36739,0.00,0.00
2016.04.26 05:20:27.418,12.36388,12.36739,0.00,0.00
2016.04.26 05:20:27.918,12.36369,12.36739,0.00,0.00
2016.04.26 05:20:28.269,12.36379,12.36739,0.00,0.00
2016.04.26 05:20:28.618,12.36388,12.36739,0.00,0.00
2016.04.26 05:20:28.668,12.3638,12.36739,0.00,0.00
2016.04.26 05:20:29.658,12.36379,12.36739,0.00,0.00
2016.04.26 05:20:29.989,12.36389,12.36739,0.00,0.00
2016.04.26 05:20:30.522,12.3639,12.36739,0.00,0.00
2016.04.26 05:20:30.573,12.3637,12.36739,0.00,0.00
2016.04.26 05:20:31.098,12.36369,12.36739,0.00,0.00
2016.04.26 05:20:31.152,12.36379,12.36739,0.00,0.00
2016.04.26 05:20:32.155,12.36369,12.36739,0.00,0.00
2016.04.26 05:20:32.658,12.3637,12.36739,0.00,0.00
2016.04.26 05:20:32.758,12.36389,12.36739,0.00,0.00
2016.04.26 05:20:33.279,12.3639,12.36739,0.00,0.00
2016.04.26 05:20:33.661,12.36379,12.36739,0.00,0.00
2016.04.26 05:20:34.176,12.36389,12.36739,0.00,0.00
2016.04.26 05:20:35.008,12.3639,12.36739,0.00,0.00
2016.04.26 05:20:35.552,12.36389,12.36739,0.00,0.00
2016.04.26 05:20:36.069,12.36379,12.36739,0.00,0.00
2016.04.26 05:20:36.971,12.36389,12.36739,0.00,0.00
2016.04.26 05:20:37.592,12.3639,12.36739,0.00,0.00
2016.04.26 05:20:38.174,12.36389,12.36739,0.00,0.00
2016.04.26 05:20:38.491,12.36419,12.36739,0.00,0.00
2016.04.26 05:20:38.591,12.36429,12.36791,0.00,0.00
2016.04.26 05:20:38.743,12.36448,12.3679,0.00,0.00
2016.04.26 05:20:38.844,12.36439,12.36791,0.00,0.00
2016.04.26 05:20:38.894,12.36438,12.3676,0.00,0.00
2016.04.26 05:20:38.945,12.3642,12.3676,0.00,0.00
2016.04.26 05:20:39.046,12.36399,12.36761,0.00,0.00
2016.04.26 05:20:39.147,12.36388,12.36761,0.00,0.00
2016.04.26 05:20:39.248,12.36379,12.36761,0.00,0.00
2016.04.26 05:20:39.396,12.36388,12.3676,0.00,0.00
2016.04.26 05:20:39.942,12.36388,12.36761,0.00,0.00
2016.04.26 05:20:40.299,12.36398,12.36761,0.00,0.00
2016.04.26 05:20:40.431,12.36388,12.36761,0.00,0.00
2016.04.26 05:20:40.932,12.36388,12.3676,0.00,0.00
2016.04.26 05:20:41.810,12.36388,12.36761,0.00,0.00
2016.04.26 05:20:41.861,12.36379,12.36761,0.00,0.00
2016.04.26 05:20:41.962,12.36388,12.36761,0.00,0.00
2016.04.26 05:20:42.063,12.36369,12.36761,0.00,0.00
2016.04.26 05:20:42.164,12.36358,12.36752,0.00,0.00
2016.04.26 05:20:42.338,12.36368,12.3676,0.00,0.00
2016.04.26 05:20:42.768,12.36388,12.36739,0.00,0.00
2016.04.26 05:20:43.572,12.36369,12.36739,0.00,0.00
2016.04.26 05:20:44.732,12.36349,12.36739,0.00,0.00
2016.04.26 05:20:45.087,12.36358,12.36739,0.00,0.00
2016.04.26 05:20:45.388,12.36379,12.36739,0.00,0.00
2016.04.26 05:20:45.590,12.36359,12.36751,0.00,0.00
2016.04.26 05:20:45.641,12.36389,12.36721,0.00,0.00
2016.04.26 05:20:45.742,12.3639,12.3676,0.00,0.00
2016.04.26 05:20:45.792,12.36398,12.3676,0.00,0.00
2016.04.26 05:20:45.843,12.36389,12.36761,0.00,0.00
2016.04.26 05:20:45.992,12.36408,12.36761,0.00,0.00
2016.04.26 05:20:46.294,12.36418,12.3676,0.00,0.00
2016.04.26 05:20:46.345,12.36399,12.3676,0.00,0.00
2016.04.26 05:20:46.494,12.36399,12.36791,0.00,0.00
2016.04.26 05:20:46.652,12.36429,12.3682,0.00,0.00
2016.04.26 05:20:47.152,12.36418,12.36812,0.00,0.00
2016.04.26 05:20:47.255,12.36408,12.36802,0.00,0.00
2016.04.26 05:20:47.597,12.36449,12.36838,0.00,0.00
2016.04.26 05:20:47.966,12.36468,12.36838,0.00,0.00
2016.04.26 05:20:48.268,12.36429,12.36791,0.00,0.00
2016.04.26 05:20:48.999,12.3643,12.3679,0.00,0.00
2016.04.26 05:20:49.390,12.36448,12.3679,0.00,0.00
2016.04.26 05:20:49.490,12.36439,12.36791,0.00,0.00
2016.04.26 05:20:49.908,12.36459,12.36821,0.00,0.00
2016.04.26 05:20:50.013,12.36429,12.36811,0.00,0.00
2016.04.26 05:20:50.291,12.36438,12.36832,0.00,0.00
2016.04.26 05:20:50.391,12.36459,12.36851,0.00,0.00
2016.04.26 05:20:50.492,12.36448,12.36842,0.00,0.00
2016.04.26 05:20:50.681,12.36448,12.36838,0.00,0.00
2016.04.26 05:20:51.005,12.36458,12.36838,0.00,0.00
2016.04.26 05:20:51.092,12.3644,12.36831,0.00,0.00
2016.04.26 05:20:51.193,12.3644,12.36822,0.00,0.00
2016.04.26 05:20:51.244,12.3643,12.36822,0.00,0.00
2016.04.26 05:20:52.008,12.36429,12.36822,0.00,0.00
2016.04.26 05:20:52.310,12.3643,12.36811,0.00,0.00
2016.04.26 05:20:52.394,12.3643,12.3682,0.00,0.00
2016.04.26 05:20:52.495,12.3643,12.36812,0.00,0.00
2016.04.26 05:20:52.695,12.3643,12.3682,0.00,0.00
2016.04.26 05:20:52.796,12.36429,12.36812,0.00,0.00
2016.04.26 05:20:53.016,12.3643,12.36822,0.00,0.00
2016.04.26 05:20:53.117,12.36448,12.36839,0.00,0.00
2016.04.26 05:20:53.446,12.36429,12.36812,0.00,0.00
2016.04.26 05:20:53.813,12.36429,12.36821,0.00,0.00
2016.04.26 05:20:53.914,12.3643,12.36811,0.00,0.00
2016.04.26 05:20:54.297,12.3643,12.3682,0.00,0.00
2016.04.26 05:20:55.115,12.36429,12.36821,0.00,0.00
2016.04.26 05:20:55.165,12.36429,12.36811,0.00,0.00
2016.04.26 05:20:55.766,12.36429,12.36821,0.00,0.00
2016.04.26 05:20:56.368,12.36438,12.36821,0.00,0.00
2016.04.26 05:20:56.918,12.36438,12.3682,0.00,0.00
2016.04.26 05:20:57.419,12.36438,12.36821,0.00,0.00
2016.04.26 05:20:57.920,12.36438,12.3682,0.00,0.00
2016.04.26 05:20:58.421,12.36438,12.36821,0.00,0.00
2016.04.26 05:20:58.922,12.36438,12.3682,0.00,0.00
2016.04.26 05:20:59.423,12.36438,12.36821,0.00,0.00
2016.04.26 05:20:59.924,12.36438,12.3682,0.00,0.00
2016.04.26 05:21:00.927,12.36438,12.36821,0.00,0.00
2016.04.26 05:21:03.868,12.36429,12.36821,0.00,0.00
2016.04.26 05:21:04.383,12.3643,12.3682,0.00,0.00
2016.04.26 05:21:05.337,12.36429,12.36821,0.00,0.00
2016.04.26 05:21:06.238,12.3643,12.3682,0.00,0.00
2016.04.26 05:21:06.289,12.3643,12.36811,0.00,0.00
2016.04.26 05:21:06.591,12.36358,12.36738,0.00,0.00
2016.04.26 05:21:06.990,12.36378,12.36738,0.00,0.00
2016.04.26 05:21:07.791,12.36358,12.36738,0.00,0.00
2016.04.26 05:21:08.815,12.36392,12.36738,0.00,0.00
2016.04.26 05:21:08.916,12.36429,12.36782,0.00,0.00
2016.04.26 05:21:08.967,12.36449,12.36782,0.00,0.00
2016.04.26 05:21:09.017,12.36478,12.36839,0.00,0.00
2016.04.26 05:21:09.144,12.36489,12.36839,0.00,0.00
2016.04.26 05:21:10.685,12.3649,12.36839,0.00,0.00
2016.04.26 05:21:11.649,12.36489,12.36839,0.00,0.00
2016.04.26 05:21:12.150,12.3649,12.36839,0.00,0.00
2016.04.26 05:21:12.751,12.36489,12.36839,0.00,0.00
2016.04.26 05:21:14.054,12.3649,12.36839,0.00,0.00
2016.04.26 05:21:15.487,12.36489,12.36839,0.00,0.00
2016.04.26 05:21:16.664,12.3649,12.36839,0.00,0.00
2016.04.26 05:21:17.166,12.36489,12.36839,0.00,0.00
2016.04.26 05:21:17.932,12.3649,12.36839,0.00,0.00
2016.04.26 05:21:18.270,12.3649,12.36832,0.00,0.00
2016.04.26 05:21:18.529,12.36489,12.36839,0.00,0.00
2016.04.26 05:21:19.221,12.3649,12.36839,0.00,0.00
2016.04.26 05:21:19.851,12.36489,12.36839,0.00,0.00
2016.04.26 05:21:20.487,12.3649,12.36839,0.00,0.00
2016.04.26 05:21:21.479,12.36489,12.36839,0.00,0.00
2016.04.26 05:21:22.482,12.3649,12.36839,0.00,0.00
2016.04.26 05:21:23.602,12.36489,12.36839,0.00,0.00
2016.04.26 05:21:24.211,12.3649,12.36839,0.00,0.00
2016.04.26 05:21:25.290,12.3649,12.3679,0.00,0.00
2016.04.26 05:21:25.991,12.36489,12.36791,0.00,0.00
2016.04.26 05:21:26.522,12.3649,12.3679,0.00,0.00
2016.04.26 05:21:27.182,12.36489,12.36791,0.00,0.00
2016.04.26 05:21:27.894,12.3649,12.3679,0.00,0.00
2016.04.26 05:21:28.438,12.36489,12.36791,0.00,0.00
2016.04.26 05:21:28.696,12.36448,12.36839,0.00,0.00
2016.04.26 05:21:28.746,12.36478,12.36839,0.00,0.00
2016.04.26 05:21:28.847,12.3644,12.36822,0.00,0.00
2016.04.26 05:21:28.946,12.3644,12.36812,0.00,0.00
2016.04.26 05:21:29.147,12.36439,12.36821,0.00,0.00
2016.04.26 05:21:30.901,12.36448,12.36839,0.00,0.00
2016.04.26 05:21:33.406,12.3646,12.36839,0.00,0.00
2016.04.26 05:21:33.785,12.36489,12.36839,0.00,0.00
2016.04.26 05:21:34.759,12.36499,12.36839,0.00,0.00
2016.04.26 05:21:34.959,12.3649,12.36839,0.00,0.00
2016.04.26 05:21:35.117,12.36479,12.36821,0.00,0.00
2016.04.26 05:21:35.168,12.36468,12.36821,0.00,0.00
2016.04.26 05:21:35.309,12.36429,12.36801,0.00,0.00
2016.04.26 05:21:35.409,12.36429,12.36812,0.00,0.00
2016.04.26 05:21:35.610,12.36429,12.36802,0.00,0.00
2016.04.26 05:21:36.711,12.36429,12.36812,0.00,0.00
2016.04.26 05:21:36.911,12.36429,12.36801,0.00,0.00
2016.04.26 05:21:37.012,12.36429,12.36811,0.00,0.00
2016.04.26 05:21:37.113,12.36429,12.36821,0.00,0.00
2016.04.26 05:21:37.217,12.36429,12.36812,0.00,0.00
2016.04.26 05:21:37.720,12.3643,12.36812,0.00,0.00
2016.04.26 05:21:38.356,12.36429,12.36812,0.00,0.00
2016.04.26 05:21:38.916,12.3643,12.36812,0.00,0.00
2016.04.26 05:21:39.457,12.36429,12.36812,0.00,0.00
2016.04.26 05:21:40.821,12.3643,12.36812,0.00,0.00
2016.04.26 05:21:41.382,12.36429,12.36812,0.00,0.00
2016.04.26 05:21:41.926,12.3643,12.36812,0.00,0.00
2016.04.26 05:21:42.301,12.3636,12.36739,0.00,0.00
2016.04.26 05:21:42.625,12.36368,12.36739,0.00,0.00
2016.04.26 05:21:44.027,12.3636,12.36739,0.00,0.00
2016.04.26 05:21:44.630,12.36359,12.36739,0.00,0.00
2016.04.26 05:21:45.732,12.3636,12.36739,0.00,0.00
2016.04.26 05:21:47.636,12.36359,12.36739,0.00,0.00
2016.04.26 05:21:49.638,12.36359,12.36752,0.00,0.00
2016.04.26 05:21:49.689,12.36469,12.36771,0.00,0.00
2016.04.26 05:21:49.799,12.36489,12.36852,0.00,0.00
2016.04.26 05:21:49.903,12.36489,12.36861,0.00,0.00
2016.04.26 05:21:50.004,12.3649,12.36842,0.00,0.00
2016.04.26 05:21:50.105,12.3649,12.36852,0.00,0.00
2016.04.26 05:21:50.206,12.36489,12.36861,0.00,0.00
2016.04.26 05:21:50.307,12.3649,12.36851,0.00,0.00
2016.04.26 05:21:50.662,12.3649,12.36839,0.00,0.00
2016.04.26 05:21:51.047,12.365,12.36839,0.00,0.00
2016.04.26 05:21:51.478,12.3653,12.36839,0.00,0.00
2016.04.26 05:21:52.000,12.36529,12.36839,0.00,0.00
2016.04.26 05:21:53.153,12.3653,12.36839,0.00,0.00
2016.04.26 05:21:54.156,12.36529,12.36839,0.00,0.00
2016.04.26 05:21:56.164,12.3653,12.36839,0.00,0.00
2016.04.26 05:21:56.666,12.36529,12.36839,0.00,0.00
2016.04.26 05:21:57.168,12.3653,12.36839,0.00,0.00
2016.04.26 05:21:58.182,12.36529,12.36839,0.00,0.00
2016.04.26 05:21:58.914,12.3653,12.36839,0.00,0.00
2016.04.26 05:21:59.225,12.36529,12.36861,0.00,0.00
2016.04.26 05:21:59.276,12.36579,12.36891,0.00,0.00
2016.04.26 05:21:59.906,12.3658,12.3689,0.00,0.00
2016.04.26 05:22:01.092,12.36579,12.36891,0.00,0.00
2016.04.26 05:22:01.716,12.3658,12.3689,0.00,0.00
2016.04.26 05:22:02.252,12.36579,12.36891,0.00,0.00
2016.04.26 05:22:02.876,12.3658,12.3689,0.00,0.00
2016.04.26 05:22:03.590,12.36579,12.36891,0.00,0.00
2016.04.26 05:22:04.296,12.3658,12.3689,0.00,0.00
2016.04.26 05:22:04.611,12.36629,12.36938,0.00,0.00
2016.04.26 05:22:05.295,12.3663,12.36938,0.00,0.00
2016.04.26 05:22:05.596,12.3673,12.36938,0.00,0.00
2016.04.26 05:22:05.647,12.3673,12.36992,0.00,0.00
2016.04.26 05:22:05.748,12.3673,12.37039,0.00,0.00
2016.04.26 05:22:07.001,12.36729,12.37039,0.00,0.00
2016.04.26 05:22:07.619,12.3673,12.37039,0.00,0.00
2016.04.26 05:22:08.167,12.36729,12.37039,0.00,0.00
2016.04.26 05:22:08.705,12.3673,12.37039,0.00,0.00
2016.04.26 05:22:09.207,12.36729,12.37039,0.00,0.00
2016.04.26 05:22:09.817,12.3673,12.37039,0.00,0.00
2016.04.26 05:22:10.610,12.36729,12.37039,0.00,0.00
2016.04.26 05:22:11.123,12.3673,12.37039,0.00,0.00
2016.04.26 05:22:11.354,12.3678,12.3706,0.00,0.00
2016.04.26 05:22:11.459,12.3673,12.3706,0.00,0.00
2016.04.26 05:22:11.510,12.3673,12.37052,0.00,0.00
2016.04.26 05:22:11.767,12.36729,12.37061,0.00,0.00
2016.04.26 05:22:11.867,12.36729,12.37052,0.00,0.00
2016.04.26 05:22:12.174,12.3673,12.37039,0.00,0.00
2016.04.26 05:22:12.788,12.36729,12.37039,0.00,0.00
2016.04.26 05:22:13.627,12.3673,12.37039,0.00,0.00
2016.04.26 05:22:14.418,12.36729,12.37039,0.00,0.00
2016.04.26 05:22:15.099,12.3673,12.37039,0.00,0.00
2016.04.26 05:22:15.758,12.36729,12.37039,0.00,0.00
2016.04.26 05:22:16.301,12.3673,12.37039,0.00,0.00
2016.04.26 05:22:16.824,12.36729,12.37039,0.00,0.00
2016.04.26 05:22:17.408,12.3673,12.37039,0.00,0.00
2016.04.26 05:22:18.069,12.36729,12.37039,0.00,0.00
2016.04.26 05:22:18.830,12.3673,12.37039,0.00,0.00
2016.04.26 05:22:19.140,12.3673,12.3706,0.00,0.00
2016.04.26 05:22:19.191,12.36749,12.3706,0.00,0.00
2016.04.26 05:22:19.533,12.36829,12.37139,0.00,0.00
2016.04.26 05:22:19.851,12.36829,12.37131,0.00,0.00
2016.04.26 05:22:20.001,12.36829,12.37139,0.00,0.00
2016.04.26 05:22:20.712,12.3683,12.37139,0.00,0.00
2016.04.26 05:22:21.740,12.36829,12.37139,0.00,0.00
2016.04.26 05:22:22.652,12.3683,12.37139,0.00,0.00
2016.04.26 05:22:22.705,12.3683,12.37131,0.00,0.00
2016.04.26 05:22:24.044,12.3683,12.37139,0.00,0.00
2016.04.26 05:22:24.095,12.36779,12.37051,0.00,0.00
2016.04.26 05:22:24.196,12.36729,12.37051,0.00,0.00
2016.04.26 05:22:24.247,12.3673,12.37012,0.00,0.00
2016.04.26 05:22:24.448,12.36729,12.37051,0.00,0.00
2016.04.26 05:22:24.763,12.3673,12.37039,0.00,0.00
2016.04.26 05:22:25.318,12.36729,12.37039,0.00,0.00
2016.04.26 05:22:26.252,12.3673,12.37039,0.00,0.00
2016.04.26 05:22:27.556,12.36729,12.37039,0.00,0.00
2016.04.26 05:22:28.058,12.3673,12.37039,0.00,0.00
2016.04.26 05:22:29.059,12.36729,12.37039,0.00,0.00
2016.04.26 05:22:30.061,12.3673,12.37039,0.00,0.00
2016.04.26 05:22:30.763,12.36729,12.37039,0.00,0.00
2016.04.26 05:22:31.316,12.3673,12.37039,0.00,0.00
2016.04.26 05:22:32.066,12.36729,12.37039,0.00,0.00
2016.04.26 05:22:33.068,12.3673,12.37039,0.00,0.00
2016.04.26 05:22:34.071,12.36729,12.37039,0.00,0.00
2016.04.26 05:22:35.173,12.3673,12.37039,0.00,0.00
2016.04.26 05:22:35.874,12.36729,12.37039,0.00,0.00
2016.04.26 05:22:37.077,12.3673,12.37039,0.00,0.00
2016.04.26 05:22:37.578,12.36729,12.37039,0.00,0.00
2016.04.26 05:22:38.079,12.3673,12.37039,0.00,0.00
2016.04.26 05:22:39.081,12.36729,12.37039,0.00,0.00
2016.04.26 05:22:39.618,12.3673,12.37039,0.00,0.00
2016.04.26 05:22:40.184,12.36729,12.37039,0.00,0.00
2016.04.26 05:22:40.888,12.3673,12.37039,0.00,0.00
2016.04.26 05:22:41.549,12.36729,12.37039,0.00,0.00
2016.04.26 05:22:42.104,12.36729,12.37071,0.00,0.00
2016.04.26 05:22:42.205,12.36779,12.37071,0.00,0.00
2016.04.26 05:22:43.791,12.3678,12.3707,0.00,0.00
2016.04.26 05:22:44.462,12.36779,12.37071,0.00,0.00
2016.04.26 05:22:45.093,12.3678,12.3707,0.00,0.00
2016.04.26 05:22:45.939,12.36779,12.37071,0.00,0.00
2016.04.26 05:22:46.987,12.36779,12.37039,0.00,0.00
2016.04.26 05:22:47.038,12.3673,12.37039,0.00,0.00
2016.04.26 05:22:47.548,12.36729,12.37039,0.00,0.00
2016.04.26 05:22:48.545,12.3673,12.37039,0.00,0.00
2016.04.26 05:22:48.683,12.3673,12.3706,0.00,0.00
2016.04.26 05:22:48.734,12.36679,12.36971,0.00,0.00
2016.04.26 05:22:48.835,12.36579,12.36931,0.00,0.00
2016.04.26 05:22:48.936,12.36579,12.36922,0.00,0.00
2016.04.26 05:22:49.051,12.36579,12.36931,0.00,0.00
2016.04.26 05:22:49.238,12.36579,12.36921,0.00,0.00
2016.04.26 05:22:49.301,12.36579,12.36931,0.00,0.00
2016.04.26 05:22:49.352,12.36579,12.36912,0.00,0.00
2016.04.26 05:22:49.858,12.3658,12.36912,0.00,0.00
2016.04.26 05:22:50.153,12.3658,12.3694,0.00,0.00
2016.04.26 05:22:50.704,12.36579,12.36941,0.00,0.00
2016.04.26 05:22:50.993,12.36579,12.36938,0.00,0.00
2016.04.26 05:22:51.300,12.36579,12.36871,0.00,0.00
2016.04.26 05:22:51.405,12.36579,12.36931,0.00,0.00
2016.04.26 05:22:51.457,12.36579,12.36901,0.00,0.00
2016.04.26 05:22:51.721,12.36579,12.36912,0.00,0.00
2016.04.26 05:22:52.055,12.3658,12.36932,0.00,0.00
2016.04.26 05:22:53.108,12.36579,12.36932,0.00,0.00
2016.04.26 05:22:53.810,12.3658,12.36932,0.00,0.00
2016.04.26 05:22:54.061,12.3658,12.3694,0.00,0.00
2016.04.26 05:22:54.361,12.3658,12.36922,0.00,0.00
2016.04.26 05:22:56.053,12.3663,12.36939,0.00,0.00
2016.04.26 05:22:56.615,12.36629,12.36939,0.00,0.00
2016.04.26 05:22:59.121,12.3663,12.36939,0.00,0.00
2016.04.26 05:23:00.170,12.36629,12.36939,0.00,0.00
2016.04.26 05:23:00.306,12.36629,12.36961,0.00,0.00
2016.04.26 05:23:00.420,12.3658,12.3694,0.00,0.00
2016.04.26 05:23:00.470,12.36579,12.36922,0.00,0.00
2016.04.26 05:23:00.654,12.36579,12.36931,0.00,0.00
2016.04.26 05:23:00.880,12.36579,12.36921,0.00,0.00
2016.04.26 05:23:01.658,12.36629,12.36939,0.00,0.00
2016.04.26 05:23:02.251,12.3663,12.36939,0.00,0.00
2016.04.26 05:23:02.930,12.36629,12.36939,0.00,0.00
2016.04.26 05:23:03.575,12.3663,12.36939,0.00,0.00
2016.04.26 05:23:04.934,12.36629,12.36939,0.00,0.00
2016.04.26 05:23:06.136,12.3663,12.36939,0.00,0.00
2016.04.26 05:23:06.638,12.36629,12.36939,0.00,0.00
2016.04.26 05:23:07.139,12.3663,12.36939,0.00,0.00
2016.04.26 05:23:08.297,12.3663,12.3696,0.00,0.00
2016.04.26 05:23:08.347,12.36579,12.36871,0.00,0.00
2016.04.26 05:23:08.567,12.36629,12.36951,0.00,0.00
2016.04.26 05:23:08.747,12.3663,12.36942,0.00,0.00
2016.04.26 05:23:08.849,12.36629,12.36961,0.00,0.00
2016.04.26 05:23:09.086,12.36629,12.36938,0.00,0.00
2016.04.26 05:23:10.489,12.3663,12.36938,0.00,0.00
2016.04.26 05:23:11.453,12.36629,12.36938,0.00,0.00
2016.04.26 05:23:12.329,12.36629,12.36961,0.00,0.00
2016.04.26 05:23:12.379,12.3658,12.3688,0.00,0.00
2016.04.26 05:23:12.604,12.36579,12.36921,0.00,0.00
2016.04.26 05:23:12.655,12.36579,12.36931,0.00,0.00
2016.04.26 05:23:12.904,12.36579,12.36922,0.00,0.00
2016.04.26 05:23:13.201,12.3658,12.3694,0.00,0.00
2016.04.26 05:23:13.758,12.36579,12.36941,0.00,0.00
2016.04.26 05:23:14.260,12.3658,12.3694,0.00,0.00
2016.04.26 05:23:14.856,12.36579,12.36941,0.00,0.00
2016.04.26 05:23:15.963,12.3658,12.3694,0.00,0.00
2016.04.26 05:23:16.464,12.36579,12.36941,0.00,0.00
2016.04.26 05:23:16.965,12.3658,12.3694,0.00,0.00
2016.04.26 05:23:17.466,12.36579,12.36941,0.00,0.00
2016.04.26 05:23:17.967,12.3658,12.3694,0.00,0.00
2016.04.26 05:23:18.341,12.3658,12.36938,0.00,0.00
2016.04.26 05:23:18.651,12.3663,12.36938,0.00,0.00
2016.04.26 05:23:19.320,12.36629,12.36938,0.00,0.00
2016.04.26 05:23:20.491,12.3663,12.36938,0.00,0.00
2016.04.26 05:23:21.014,12.36629,12.36938,0.00,0.00
2016.04.26 05:23:22.008,12.3663,12.36938,0.00,0.00
2016.04.26 05:23:22.998,12.36629,12.36938,0.00,0.00
2016.04.26 05:23:23.535,12.3663,12.36938,0.00,0.00
2016.04.26 05:23:24.081,12.36629,12.36938,0.00,0.00
2016.04.26 05:23:24.599,12.3663,12.36938,0.00,0.00
2016.04.26 05:23:25.260,12.36629,12.36938,0.00,0.00
2016.04.26 05:23:25.984,12.3663,12.36938,0.00,0.00
2016.04.26 05:23:26.496,12.36629,12.36938,0.00,0.00
2016.04.26 05:23:27.500,12.3663,12.36938,0.00,0.00
2016.04.26 05:23:28.002,12.36629,12.36938,0.00,0.00
2016.04.26 05:23:29.006,12.3663,12.36938,0.00,0.00
2016.04.26 05:23:29.516,12.36629,12.36938,0.00,0.00
2016.04.26 05:23:29.829,12.36579,12.36881,0.00,0.00
2016.04.26 05:23:29.930,12.36579,12.36931,0.00,0.00
2016.04.26 05:23:30.237,12.3658,12.36922,0.00,0.00
2016.04.26 05:23:30.813,12.36579,12.36922,0.00,0.00
2016.04.26 05:23:31.314,12.3658,12.36922,0.00,0.00
2016.04.26 05:23:32.316,12.36579,12.36922,0.00,0.00
2016.04.26 05:23:32.817,12.3658,12.36922,0.00,0.00
2016.04.26 05:23:33.318,12.36579,12.36922,0.00,0.00
2016.04.26 05:23:33.608,12.3658,12.36932,0.00,0.00
2016.04.26 05:23:34.173,12.36579,12.36932,0.00,0.00
2016.04.26 05:23:34.822,12.3658,12.36932,0.00,0.00
2016.04.26 05:23:36.171,12.36579,12.36932,0.00,0.00
2016.04.26 05:23:36.222,12.36579,12.36921,0.00,0.00
2016.04.26 05:23:36.813,12.3658,12.36921,0.00,0.00
2016.04.26 05:23:37.327,12.36579,12.36921,0.00,0.00
2016.04.26 05:23:38.329,12.3658,12.36921,0.00,0.00
2016.04.26 05:23:39.263,12.36579,12.36921,0.00,0.00
2016.04.26 05:23:40.234,12.3658,12.36921,0.00,0.00
2016.04.26 05:23:40.284,12.3658,12.36932,0.00,0.00
2016.04.26 05:23:40.935,12.36579,12.36932,0.00,0.00
2016.04.26 05:23:41.486,12.36579,12.36922,0.00,0.00
2016.04.26 05:23:42.038,12.36579,12.36911,0.00,0.00
2016.04.26 05:23:42.539,12.3658,12.3691,0.00,0.00
2016.04.26 05:23:44.944,12.36579,12.36911,0.00,0.00
2016.04.26 05:23:45.776,12.3658,12.3691,0.00,0.00
2016.04.26 05:23:46.386,12.36579,12.36911,0.00,0.00
2016.04.26 05:23:47.046,12.3658,12.3691,0.00,0.00
2016.04.26 05:23:47.707,12.36579,12.36911,0.00,0.00
2016.04.26 05:23:48.775,12.3658,12.3691,0.00,0.00
2016.04.26 05:23:49.384,12.36579,12.36911,0.00,0.00
2016.04.26 05:23:50.044,12.3658,12.3691,0.00,0.00
2016.04.26 05:23:50.560,12.36579,12.36911,0.00,0.00
2016.04.26 05:23:51.356,12.3658,12.3691,0.00,0.00
2016.04.26 05:23:51.858,12.36579,12.36911,0.00,0.00
2016.04.26 05:23:52.559,12.3658,12.3691,0.00,0.00
2016.04.26 05:23:53.136,12.36579,12.36892,0.00,0.00
2016.04.26 05:23:53.187,12.3653,12.3687,0.00,0.00
2016.04.26 05:23:53.238,12.3653,12.36838,0.00,0.00
2016.04.26 05:23:54.263,12.36529,12.36838,0.00,0.00
2016.04.26 05:23:55.065,12.3653,12.36838,0.00,0.00
2016.04.26 05:23:55.656,12.36529,12.36838,0.00,0.00
2016.04.26 05:23:56.316,12.3653,12.36838,0.00,0.00
2016.04.26 05:23:57.872,12.36529,12.36838,0.00,0.00
2016.04.26 05:24:00.413,12.3653,12.36838,0.00,0.00
2016.04.26 05:24:00.929,12.36529,12.36838,0.00,0.00
2016.04.26 05:24:02.782,12.3653,12.36838,0.00,0.00
2016.04.26 05:24:03.785,12.36529,12.36838,0.00,0.00
2016.04.26 05:24:04.987,12.3653,12.36838,0.00,0.00
2016.04.26 05:24:05.515,12.36529,12.36838,0.00,0.00
2016.04.26 05:24:06.290,12.3653,12.36838,0.00,0.00
2016.04.26 05:24:06.879,12.36529,12.36838,0.00,0.00
2016.04.26 05:24:07.824,12.36579,12.36838,0.00,0.00
2016.04.26 05:24:07.874,12.36579,12.36871,0.00,0.00
2016.04.26 05:24:08.740,12.36579,12.36839,0.00,0.00
2016.04.26 05:24:08.796,12.36539,12.36839,0.00,0.00
2016.04.26 05:24:08.897,12.3653,12.36839,0.00,0.00
2016.04.26 05:24:09.126,12.3658,12.36839,0.00,0.00
2016.04.26 05:24:09.551,12.36579,12.36871,0.00,0.00
2016.04.26 05:24:10.052,12.3658,12.3687,0.00,0.00
2016.04.26 05:24:10.803,12.36579,12.36871,0.00,0.00
2016.04.26 05:24:11.744,12.36579,12.36838,0.00,0.00
2016.04.26 05:24:11.845,12.3653,12.36838,0.00,0.00
2016.04.26 05:24:12.908,12.36529,12.36838,0.00,0.00
2016.04.26 05:24:14.411,12.3653,12.36838,0.00,0.00
2016.04.26 05:24:14.835,12.3658,12.36838,0.00,0.00
2016.04.26 05:24:14.886,12.3658,12.3687,0.00,0.00
2016.04.26 05:24:15.401,12.36579,12.36871,0.00,0.00
2016.04.26 05:24:16.002,12.3658,12.3687,0.00,0.00
2016.04.26 05:24:16.515,12.36579,12.36871,0.00,0.00
2016.04.26 05:24:17.016,12.3658,12.3687,0.00,0.00
2016.04.26 05:24:17.517,12.36579,12.36871,0.00,0.00
2016.04.26 05:24:18.725,12.3658,12.3687,0.00,0.00
2016.04.26 05:24:19.423,12.36579,12.36871,0.00,0.00
2016.04.26 05:24:20.130,12.36529,12.36871,0.00,0.00
2016.04.26 05:24:20.180,12.36529,12.36838,0.00,0.00
2016.04.26 05:24:20.509,12.3663,12.36838,0.00,0.00
2016.04.26 05:24:20.953,12.36629,12.36939,0.00,0.00
2016.04.26 05:24:22.928,12.3663,12.36939,0.00,0.00
2016.04.26 05:24:23.682,12.36629,12.36939,0.00,0.00
2016.04.26 05:24:25.333,12.3663,12.36939,0.00,0.00
2016.04.26 05:24:25.834,12.36629,12.36939,0.00,0.00
2016.04.26 05:24:26.358,12.3663,12.36939,0.00,0.00
2016.04.26 05:24:27.337,12.36629,12.36939,0.00,0.00
2016.04.26 05:24:29.241,12.3663,12.36939,0.00,0.00
2016.04.26 05:24:29.760,12.36629,12.36939,0.00,0.00
2016.04.26 05:24:31.245,12.3663,12.36939,0.00,0.00
2016.04.26 05:24:31.846,12.36629,12.36939,0.00,0.00
2016.04.26 05:24:32.350,12.3663,12.36939,0.00,0.00
2016.04.26 05:24:32.753,12.36679,12.36939,0.00,0.00
2016.04.26 05:24:32.804,12.36679,12.36971,0.00,0.00
2016.04.26 05:24:32.855,12.3663,12.3697,0.00,0.00
2016.04.26 05:24:33.014,12.3663,12.36962,0.00,0.00
2016.04.26 05:24:33.111,12.3663,12.3697,0.00,0.00
2016.04.26 05:24:33.212,12.36629,12.36962,0.00,0.00
2016.04.26 05:24:33.565,12.36629,12.36939,0.00,0.00
2016.04.26 05:24:34.251,12.3663,12.36939,0.00,0.00
2016.04.26 05:24:34.501,12.3663,12.36962,0.00,0.00
2016.04.26 05:24:34.602,12.36679,12.36971,0.00,0.00
2016.04.26 05:24:34.817,12.36729,12.37061,0.00,0.00
2016.04.26 05:24:35.305,12.3673,12.37039,0.00,0.00
2016.04.26 05:24:37.771,12.36729,12.37039,0.00,0.00
2016.04.26 05:24:38.473,12.3673,12.37039,0.00,0.00
2016.04.26 05:24:39.074,12.36729,12.37039,0.00,0.00
2016.04.26 05:24:40.176,12.3673,12.37039,0.00,0.00
2016.04.26 05:24:40.479,12.36658,12.36931,0.00,0.00
2016.04.26 05:24:40.530,12.36629,12.36931,0.00,0.00
2016.04.26 05:24:40.631,12.3663,12.36961,0.00,0.00
2016.04.26 05:24:40.902,12.3663,12.3697,0.00,0.00
2016.04.26 05:24:40.989,12.3663,12.36962,0.00,0.00
2016.04.26 05:24:41.540,12.36629,12.36939,0.00,0.00
2016.04.26 05:24:42.182,12.3663,12.36939,0.00,0.00
2016.04.26 05:24:42.912,12.36629,12.36939,0.00,0.00
2016.04.26 05:24:43.686,12.3663,12.36939,0.00,0.00
2016.04.26 05:24:44.233,12.36629,12.36939,0.00,0.00
2016.04.26 05:24:44.691,12.3658,12.3691,0.00,0.00
2016.04.26 05:24:44.792,12.36579,12.36871,0.00,0.00
2016.04.26 05:24:44.893,12.3653,12.3686,0.00,0.00
2016.04.26 05:24:45.088,12.3653,12.36862,0.00,0.00
2016.04.26 05:24:45.139,12.3653,12.3687,0.00,0.00
2016.04.26 05:24:45.523,12.3653,12.36838,0.00,0.00
2016.04.26 05:24:46.164,12.36529,12.36838,0.00,0.00
2016.04.26 05:24:46.694,12.3653,12.36838,0.00,0.00
2016.04.26 05:24:47.204,12.3658,12.3687,0.00,0.00
2016.04.26 05:24:47.748,12.36579,12.36871,0.00,0.00
2016.04.26 05:24:48.799,12.3658,12.3687,0.00,0.00
2016.04.26 05:24:49.300,12.36579,12.36871,0.00,0.00
2016.04.26 05:24:50.820,12.36529,12.36838,0.00,0.00
2016.04.26 05:24:51.404,12.3653,12.36838,0.00,0.00
2016.04.26 05:24:52.306,12.36529,12.36838,0.00,0.00
2016.04.26 05:24:53.308,12.3653,12.36838,0.00,0.00
2016.04.26 05:24:54.610,12.36529,12.36838,0.00,0.00
2016.04.26 05:24:55.813,12.3653,12.36838,0.00,0.00
2016.04.26 05:24:56.314,12.36529,12.36838,0.00,0.00
2016.04.26 05:24:57.816,12.3653,12.36838,0.00,0.00
2016.04.26 05:24:58.318,12.36529,12.36838,0.00,0.00
2016.04.26 05:24:59.620,12.36489,12.36838,0.00,0.00
2016.04.26 05:25:00.121,12.3649,12.36838,0.00,0.00
2016.04.26 05:25:00.924,12.3648,12.36838,0.00,0.00
2016.04.26 05:25:00.975,12.3648,12.36832,0.00,0.00
2016.04.26 05:25:01.091,12.3648,12.36838,0.00,0.00
2016.04.26 05:25:02.027,12.36479,12.36838,0.00,0.00
2016.04.26 05:25:04.148,12.3648,12.36838,0.00,0.00
2016.04.26 05:25:04.587,12.36488,12.36838,0.00,0.00
2016.04.26 05:25:04.933,12.3658,12.36938,0.00,0.00
2016.04.26 05:25:06.042,12.36579,12.36938,0.00,0.00
2016.04.26 05:25:07.037,12.3658,12.36938,0.00,0.00
2016.04.26 05:25:07.538,12.36579,12.36938,0.00,0.00
2016.04.26 05:25:08.304,12.3658,12.36938,0.00,0.00
2016.04.26 05:25:09.069,12.36579,12.36938,0.00,0.00
2016.04.26 05:25:10.042,12.3658,12.36938,0.00,0.00
2016.04.26 05:25:10.615,12.36579,12.36938,0.00,0.00
2016.04.26 05:25:11.246,12.3658,12.36938,0.00,0.00
2016.04.26 05:25:11.936,12.36579,12.36938,0.00,0.00
2016.04.26 05:25:12.699,12.36579,12.36931,0.00,0.00
2016.04.26 05:25:12.800,12.36579,12.36938,0.00,0.00
2016.04.26 05:25:13.200,12.3658,12.36931,0.00,0.00
2016.04.26 05:25:13.301,12.36579,12.36938,0.00,0.00
2016.04.26 05:25:13.917,12.3658,12.36938,0.00,0.00
2016.04.26 05:25:14.489,12.36579,12.36938,0.00,0.00
2016.04.26 05:25:15.290,12.3658,12.36938,0.00,0.00
2016.04.26 05:25:15.900,12.36579,12.36938,0.00,0.00
2016.04.26 05:25:17.272,12.3658,12.36938,0.00,0.00
2016.04.26 05:25:17.862,12.36579,12.36938,0.00,0.00
2016.04.26 05:25:18.765,12.3658,12.36938,0.00,0.00
2016.04.26 05:25:19.267,12.36579,12.36938,0.00,0.00
2016.04.26 05:25:19.768,12.3658,12.36938,0.00,0.00
2016.04.26 05:25:20.269,12.36579,12.36938,0.00,0.00
2016.04.26 05:25:21.793,12.3658,12.36938,0.00,0.00
2016.04.26 05:25:22.882,12.36579,12.36938,0.00,0.00
2016.04.26 05:25:23.577,12.3658,12.36938,0.00,0.00
2016.04.26 05:25:24.152,12.36579,12.36938,0.00,0.00
2016.04.26 05:25:25.380,12.3658,12.36938,0.00,0.00
2016.04.26 05:25:25.881,12.36579,12.36938,0.00,0.00
2016.04.26 05:25:26.382,12.3658,12.36938,0.00,0.00
2016.04.26 05:25:26.883,12.36579,12.36938,0.00,0.00
2016.04.26 05:25:28.887,12.3658,12.36938,0.00,0.00
2016.04.26 05:25:30.391,12.36579,12.36938,0.00,0.00
2016.04.26 05:25:31.894,12.3658,12.36938,0.00,0.00
2016.04.26 05:25:32.146,12.36589,12.36938,0.00,0.00
2016.04.26 05:25:33.550,12.36579,12.36938,0.00,0.00
2016.04.26 05:25:34.652,12.3658,12.36938,0.00,0.00
2016.04.26 05:25:35.413,12.36579,12.36938,0.00,0.00
2016.04.26 05:25:35.998,12.3658,12.36938,0.00,0.00
2016.04.26 05:25:36.609,12.36579,12.36938,0.00,0.00
2016.04.26 05:25:36.660,12.36579,12.36932,0.00,0.00
2016.04.26 05:25:37.010,12.36489,12.36841,0.00,0.00
2016.04.26 05:25:37.674,12.36489,12.36839,0.00,0.00
2016.04.26 05:25:38.386,12.3649,12.36839,0.00,0.00
2016.04.26 05:25:39.215,12.36489,12.36839,0.00,0.00
2016.04.26 05:25:40.618,12.36519,12.36839,0.00,0.00
2016.04.26 05:25:40.669,12.36519,12.36881,0.00,0.00
2016.04.26 05:25:40.720,12.36529,12.36881,0.00,0.00
2016.04.26 05:25:40.871,12.36489,12.36861,0.00,0.00
2016.04.26 05:25:40.972,12.3649,12.36851,0.00,0.00
2016.04.26 05:25:41.136,12.3649,12.3686,0.00,0.00
2016.04.26 05:25:41.472,12.36489,12.36838,0.00,0.00
2016.04.26 05:25:42.727,12.3649,12.36838,0.00,0.00
2016.04.26 05:25:43.529,12.36489,12.36838,0.00,0.00
2016.04.26 05:25:44.046,12.3649,12.36838,0.00,0.00
2016.04.26 05:25:45.042,12.36489,12.36838,0.00,0.00
2016.04.26 05:25:48.350,12.3649,12.36838,0.00,0.00
2016.04.26 05:25:49.052,12.36489,12.36838,0.00,0.00
2016.04.26 05:25:51.058,12.3649,12.36838,0.00,0.00
2016.04.26 05:25:51.777,12.36489,12.36838,0.00,0.00
2016.04.26 05:25:52.966,12.3649,12.36838,0.00,0.00
2016.04.26 05:25:53.566,12.36489,12.36838,0.00,0.00
2016.04.26 05:25:54.399,12.3649,12.36838,0.00,0.00
2016.04.26 05:25:54.916,12.36489,12.36838,0.00,0.00
2016.04.26 05:25:55.239,12.3658,12.36861,0.00,0.00
2016.04.26 05:25:55.290,12.36579,12.36951,0.00,0.00
2016.04.26 05:25:55.391,12.36549,12.369,0.00,0.00
2016.04.26 05:25:55.707,12.36579,12.36942,0.00,0.00
2016.04.26 05:25:56.012,12.36579,12.36939,0.00,0.00
2016.04.26 05:25:56.546,12.3658,12.36939,0.00,0.00
2016.04.26 05:25:57.075,12.36579,12.36939,0.00,0.00
2016.04.26 05:25:57.520,12.3658,12.36921,0.00,0.00
2016.04.26 05:25:57.621,12.3658,12.36939,0.00,0.00
2016.04.26 05:25:58.196,12.36579,12.36939,0.00,0.00
2016.04.26 05:25:59.782,12.3658,12.36939,0.00,0.00
2016.04.26 05:26:00.301,12.3658,12.36838,0.00,0.00
2016.04.26 05:26:00.841,12.36579,12.36838,0.00,0.00
2016.04.26 05:26:00.957,12.3658,12.36939,0.00,0.00
2016.04.26 05:26:01.485,12.36579,12.36939,0.00,0.00
2016.04.26 05:26:01.986,12.3658,12.36939,0.00,0.00
2016.04.26 05:26:02.487,12.36579,12.36939,0.00,0.00
2016.04.26 05:26:02.988,12.3658,12.36939,0.00,0.00
2016.04.26 05:26:03.495,12.36579,12.36939,0.00,0.00
2016.04.26 05:26:05.893,12.3658,12.36939,0.00,0.00
2016.04.26 05:26:06.394,12.36579,12.36939,0.00,0.00
2016.04.26 05:26:06.895,12.3658,12.36939,0.00,0.00
2016.04.26 05:26:07.396,12.36579,12.36939,0.00,0.00
2016.04.26 05:26:07.897,12.3658,12.36939,0.00,0.00
2016.04.26 05:26:08.446,12.36579,12.36939,0.00,0.00
2016.04.26 05:26:08.999,12.3658,12.36939,0.00,0.00
2016.04.26 05:26:09.701,12.36579,12.36939,0.00,0.00
2016.04.26 05:26:12.506,12.3658,12.36939,0.00,0.00
2016.04.26 05:26:13.086,12.3658,12.3696,0.00,0.00
2016.04.26 05:26:13.136,12.3663,12.36961,0.00,0.00
2016.04.26 05:26:13.187,12.3663,12.3697,0.00,0.00
2016.04.26 05:26:13.532,12.36589,12.3697,0.00,0.00
2016.04.26 05:26:13.583,12.3658,12.36962,0.00,0.00
2016.04.26 05:26:13.684,12.3658,12.36942,0.00,0.00
2016.04.26 05:26:13.987,12.36579,12.36938,0.00,0.00
2016.04.26 05:26:15.516,12.3658,12.36938,0.00,0.00
2016.04.26 05:26:16.048,12.36579,12.36938,0.00,0.00
2016.04.26 05:26:16.369,12.3658,12.36932,0.00,0.00
2016.04.26 05:26:17.029,12.36579,12.36932,0.00,0.00
2016.04.26 05:26:17.471,12.36579,12.36938,0.00,0.00
2016.04.26 05:26:18.020,12.3658,12.36938,0.00,0.00
2016.04.26 05:26:18.623,12.36579,12.36938,0.00,0.00
2016.04.26 05:26:19.625,12.3658,12.36938,0.00,0.00
2016.04.26 05:26:20.627,12.36579,12.36938,0.00,0.00
2016.04.26 05:26:21.128,12.3658,12.36938,0.00,0.00
2016.04.26 05:26:23.378,12.3658,12.36941,0.00,0.00
2016.04.26 05:26:23.480,12.36629,12.36951,0.00,0.00
2016.04.26 05:26:23.584,12.3663,12.3697,0.00,0.00
2016.04.26 05:26:24.090,12.36629,12.36971,0.00,0.00
2016.04.26 05:26:24.141,12.36599,12.36971,0.00,0.00
2016.04.26 05:26:24.191,12.36579,12.36938,0.00,0.00
2016.04.26 05:26:24.611,12.3658,12.36931,0.00,0.00
2016.04.26 05:26:24.712,12.3658,12.36938,0.00,0.00
2016.04.26 05:26:25.014,12.3658,12.36932,0.00,0.00
2016.04.26 05:26:25.117,12.3658,12.36938,0.00,0.00
2016.04.26 05:26:25.839,12.36579,12.36938,0.00,0.00
2016.04.26 05:26:27.743,12.3658,12.36938,0.00,0.00
2016.04.26 05:26:28.245,12.36579,12.36938,0.00,0.00
2016.04.26 05:26:30.286,12.3658,12.36938,0.00,0.00
2016.04.26 05:26:31.351,12.36579,12.36938,0.00,0.00
2016.04.26 05:26:33.355,12.3658,12.36938,0.00,0.00
2016.04.26 05:26:33.856,12.36579,12.36938,0.00,0.00
2016.04.26 05:26:35.360,12.3658,12.36938,0.00,0.00
2016.04.26 05:26:36.362,12.36579,12.36938,0.00,0.00
2016.04.26 05:26:36.889,12.3658,12.36938,0.00,0.00
2016.04.26 05:26:37.492,12.36579,12.36938,0.00,0.00
2016.04.26 05:26:38.135,12.36579,12.36921,0.00,0.00
2016.04.26 05:26:38.237,12.36579,12.36938,0.00,0.00
2016.04.26 05:26:38.860,12.3658,12.36938,0.00,0.00
2016.04.26 05:26:39.370,12.36579,12.36938,0.00,0.00
2016.04.26 05:26:39.915,12.3658,12.36938,0.00,0.00
2016.04.26 05:26:40.471,12.36579,12.36938,0.00,0.00
2016.04.26 05:26:41.010,12.3658,12.36938,0.00,0.00
2016.04.26 05:26:41.878,12.36579,12.36938,0.00,0.00
2016.04.26 05:26:42.379,12.3658,12.36938,0.00,0.00
2016.04.26 05:26:42.880,12.36579,12.36938,0.00,0.00
2016.04.26 05:26:44.385,12.3658,12.36938,0.00,0.00
2016.04.26 05:26:44.602,12.3658,12.36921,0.00,0.00
2016.04.26 05:26:44.736,12.36579,12.36931,0.00,0.00
2016.04.26 05:26:45.304,12.36579,12.36922,0.00,0.00
2016.04.26 05:26:45.403,12.36579,12.36938,0.00,0.00
2016.04.26 05:26:46.004,12.36579,12.36932,0.00,0.00
2016.04.26 05:26:46.137,12.36579,12.36938,0.00,0.00
2016.04.26 05:26:47.594,12.3658,12.36938,0.00,0.00
2016.04.26 05:26:48.596,12.36579,12.36938,0.00,0.00
2016.04.26 05:26:49.546,12.3658,12.36938,0.00,0.00
2016.04.26 05:26:50.047,12.36579,12.36938,0.00,0.00
2016.04.26 05:26:52.103,12.3658,12.36938,0.00,0.00
2016.04.26 05:26:54.608,12.36579,12.36938,0.00,0.00
2016.04.26 05:26:55.610,12.3658,12.36938,0.00,0.00
2016.04.26 05:26:56.715,12.36579,12.36938,0.00,0.00
2016.04.26 05:26:57.216,12.3658,12.36938,0.00,0.00
2016.04.26 05:26:57.732,12.36579,12.36938,0.00,0.00
2016.04.26 05:26:58.298,12.3658,12.36938,0.00,0.00
2016.04.26 05:26:58.959,12.36579,12.36938,0.00,0.00
2016.04.26 05:26:59.496,12.3658,12.36938,0.00,0.00
2016.04.26 05:27:00.114,12.36579,12.36951,0.00,0.00
2016.04.26 05:27:00.169,12.36579,12.36928,0.00,0.00
2016.04.26 05:27:00.385,12.36489,12.36862,0.00,0.00
2016.04.26 05:27:00.486,12.36489,12.36851,0.00,0.00
2016.04.26 05:27:00.587,12.36489,12.36871,0.00,0.00
2016.04.26 05:27:00.789,12.36489,12.36852,0.00,0.00
2016.04.26 05:27:01.274,12.36489,12.36838,0.00,0.00
2016.04.26 05:27:01.834,12.3649,12.36838,0.00,0.00
2016.04.26 05:27:02.616,12.36489,12.36838,0.00,0.00
2016.04.26 05:27:03.237,12.3649,12.36838,0.00,0.00
2016.04.26 05:27:04.139,12.36489,12.36838,0.00,0.00
2016.04.26 05:27:04.666,12.3649,12.36838,0.00,0.00
2016.04.26 05:27:05.259,12.36489,12.36838,0.00,0.00
2016.04.26 05:27:06.146,12.3649,12.36838,0.00,0.00
2016.04.26 05:27:07.747,12.36489,12.36838,0.00,0.00
2016.04.26 05:27:09.650,12.3649,12.36838,0.00,0.00
2016.04.26 05:27:10.251,12.3649,12.3687,0.00,0.00
2016.04.26 05:27:10.302,12.36529,12.36871,0.00,0.00
2016.04.26 05:27:10.854,12.3653,12.3687,0.00,0.00
2016.04.26 05:27:11.531,12.36529,12.36871,0.00,0.00
2016.04.26 05:27:12.019,12.36539,12.36871,0.00,0.00
2016.04.26 05:27:12.105,12.36529,12.36871,0.00,0.00
2016.04.26 05:27:14.375,12.3653,12.3687,0.00,0.00
2016.04.26 05:27:14.883,12.36529,12.36871,0.00,0.00
2016.04.26 05:27:16.365,12.3653,12.3687,0.00,0.00
2016.04.26 05:27:16.866,12.36529,12.36871,0.00,0.00
2016.04.26 05:27:17.336,12.36529,12.36839,0.00,0.00
2016.04.26 05:27:17.387,12.36489,12.36839,0.00,0.00
2016.04.26 05:27:17.913,12.3649,12.36839,0.00,0.00
2016.04.26 05:27:18.514,12.36489,12.36839,0.00,0.00
2016.04.26 05:27:19.071,12.3649,12.36839,0.00,0.00
2016.04.26 05:27:19.672,12.36489,12.36839,0.00,0.00
2016.04.26 05:27:20.875,12.3649,12.36839,0.00,0.00
2016.04.26 05:27:21.433,12.36489,12.36839,0.00,0.00
2016.04.26 05:27:21.771,12.3649,12.3687,0.00,0.00
2016.04.26 05:27:21.822,12.36529,12.36871,0.00,0.00
2016.04.26 05:27:22.423,12.3653,12.3687,0.00,0.00
2016.04.26 05:27:24.283,12.36529,12.36871,0.00,0.00
2016.04.26 05:27:25.586,12.3653,12.3687,0.00,0.00
2016.04.26 05:27:26.288,12.36529,12.36871,0.00,0.00
2016.04.26 05:27:26.789,12.36529,12.36901,0.00,0.00
2016.04.26 05:27:27.290,12.3653,12.36901,0.00,0.00
2016.04.26 05:27:28.037,12.36529,12.36901,0.00,0.00
2016.04.26 05:27:28.697,12.3653,12.36901,0.00,0.00
2016.04.26 05:27:29.294,12.36529,12.36901,0.00,0.00
2016.04.26 05:27:29.795,12.3653,12.36901,0.00,0.00
2016.04.26 05:27:30.347,12.36529,12.36901,0.00,0.00
2016.04.26 05:27:31.799,12.3653,12.36901,0.00,0.00
2016.04.26 05:27:32.801,12.36529,12.36901,0.00,0.00
2016.04.26 05:27:33.302,12.3653,12.36901,0.00,0.00
2016.04.26 05:27:33.425,12.3653,12.36892,0.00,0.00
2016.04.26 05:27:33.476,12.3653,12.3691,0.00,0.00
2016.04.26 05:27:33.977,12.36529,12.36911,0.00,0.00
2016.04.26 05:27:35.091,12.36529,12.36838,0.00,0.00
2016.04.26 05:27:35.142,12.36499,12.36838,0.00,0.00
2016.04.26 05:27:35.193,12.3649,12.36838,0.00,0.00
2016.04.26 05:27:35.244,12.3653,12.36838,0.00,0.00
2016.04.26 05:27:35.445,12.36528,12.36838,0.00,0.00
2016.04.26 05:27:35.508,12.36509,12.36838,0.00,0.00
2016.04.26 05:27:35.618,12.3649,12.36838,0.00,0.00
2016.04.26 05:27:36.287,12.36489,12.36838,0.00,0.00
2016.04.26 05:27:37.212,12.3649,12.36838,0.00,0.00
2016.04.26 05:27:37.812,12.36489,12.36838,0.00,0.00
2016.04.26 05:27:38.514,12.3649,12.36838,0.00,0.00
2016.04.26 05:27:39.015,12.36489,12.36838,0.00,0.00
2016.04.26 05:27:39.591,12.3649,12.36838,0.00,0.00
2016.04.26 05:27:40.252,12.36489,12.36838,0.00,0.00
2016.04.26 05:27:41.951,12.3649,12.36838,0.00,0.00
2016.04.26 05:27:43.026,12.36489,12.36838,0.00,0.00
2016.04.26 05:27:43.563,12.3649,12.36838,0.00,0.00
2016.04.26 05:27:44.673,12.36489,12.36838,0.00,0.00
2016.04.26 05:27:45.634,12.3649,12.36838,0.00,0.00
2016.04.26 05:27:46.136,12.36489,12.36838,0.00,0.00
2016.04.26 05:27:46.563,12.36579,12.36871,0.00,0.00
2016.04.26 05:27:46.627,12.36579,12.36911,0.00,0.00
2016.04.26 05:27:46.678,12.36579,12.36931,0.00,0.00
2016.04.26 05:27:46.779,12.36579,12.36939,0.00,0.00
2016.04.26 05:27:46.829,12.36579,12.36932,0.00,0.00
2016.04.26 05:27:46.930,12.36579,12.36939,0.00,0.00
2016.04.26 05:27:46.981,12.36629,12.36939,0.00,0.00
2016.04.26 05:27:47.082,12.36588,12.36939,0.00,0.00
2016.04.26 05:27:47.133,12.36579,12.36939,0.00,0.00
2016.04.26 05:27:49.445,12.3658,12.36939,0.00,0.00
2016.04.26 05:27:50.147,12.36579,12.36939,0.00,0.00
2016.04.26 05:27:50.399,12.36579,12.36932,0.00,0.00
2016.04.26 05:27:50.714,12.36579,12.36939,0.00,0.00
2016.04.26 05:27:51.195,12.36579,12.36932,0.00,0.00
2016.04.26 05:27:51.742,12.36579,12.36939,0.00,0.00
2016.04.26 05:27:51.794,12.36579,12.36931,0.00,0.00
2016.04.26 05:27:52.098,12.36489,12.36861,0.00,0.00
2016.04.26 05:27:52.591,12.3649,12.36851,0.00,0.00
2016.04.26 05:27:53.125,12.3649,12.36839,0.00,0.00
2016.04.26 05:27:53.654,12.36489,12.36839,0.00,0.00
2016.04.26 05:27:54.456,12.3649,12.36839,0.00,0.00
2016.04.26 05:27:55.758,12.36489,12.36839,0.00,0.00
2016.04.26 05:27:56.426,12.3649,12.36839,0.00,0.00
2016.04.26 05:27:57.085,12.36489,12.36839,0.00,0.00
2016.04.26 05:27:57.662,12.3649,12.36839,0.00,0.00
2016.04.26 05:27:58.163,12.36489,12.36839,0.00,0.00
2016.04.26 05:27:58.700,12.3649,12.36839,0.00,0.00
2016.04.26 05:27:59.567,12.36489,12.36839,0.00,0.00
2016.04.26 05:28:00.398,12.36459,12.36839,0.00,0.00
2016.04.26 05:28:00.449,12.36439,12.36832,0.00,0.00
2016.04.26 05:28:00.624,12.36449,12.36839,0.00,0.00
2016.04.26 05:28:00.725,12.36439,12.36832,0.00,0.00
2016.04.26 05:28:01.001,12.36449,12.36832,0.00,0.00
2016.04.26 05:28:01.052,12.36449,12.36839,0.00,0.00
2016.04.26 05:28:03.407,12.3645,12.36839,0.00,0.00
2016.04.26 05:28:03.975,12.3645,12.36832,0.00,0.00
2016.04.26 05:28:04.727,12.36449,12.36832,0.00,0.00
2016.04.26 05:28:05.386,12.36449,12.36839,0.00,0.00
2016.04.26 05:28:06.532,12.36449,12.36832,0.00,0.00
2016.04.26 05:28:06.634,12.36449,12.36839,0.00,0.00
2016.04.26 05:28:06.933,12.3644,12.36832,0.00,0.00
2016.04.26 05:28:07.885,12.36439,12.36832,0.00,0.00
2016.04.26 05:28:09.017,12.3644,12.36832,0.00,0.00
2016.04.26 05:28:09.688,12.36439,12.36832,0.00,0.00
2016.04.26 05:28:10.190,12.3644,12.36832,0.00,0.00
2016.04.26 05:28:10.691,12.36439,12.36832,0.00,0.00
2016.04.26 05:28:11.192,12.3644,12.36832,0.00,0.00
2016.04.26 05:28:12.194,12.36439,12.36832,0.00,0.00
2016.04.26 05:28:12.695,12.3644,12.36832,0.00,0.00
2016.04.26 05:28:13.306,12.3644,12.36812,0.00,0.00
2016.04.26 05:28:13.357,12.3644,12.36831,0.00,0.00
2016.04.26 05:28:14.199,12.36439,12.36831,0.00,0.00
2016.04.26 05:28:16.204,12.3644,12.36831,0.00,0.00
2016.04.26 05:28:16.705,12.36439,12.36831,0.00,0.00
2016.04.26 05:28:17.206,12.3644,12.36831,0.00,0.00
2016.04.26 05:28:17.708,12.36439,12.36831,0.00,0.00
2016.04.26 05:28:18.259,12.3644,12.36831,0.00,0.00
2016.04.26 05:28:18.910,12.36439,12.36831,0.00,0.00
2016.04.26 05:28:21.230,12.36449,12.36831,0.00,0.00
2016.04.26 05:28:21.381,12.36448,12.36839,0.00,0.00
2016.04.26 05:28:21.482,12.3644,12.36822,0.00,0.00
2016.04.26 05:28:21.684,12.36449,12.36839,0.00,0.00
2016.04.26 05:28:22.121,12.36449,12.3677,0.00,0.00
2016.04.26 05:28:22.221,12.36379,12.36752,0.00,0.00
2016.04.26 05:28:22.318,12.3637,12.36752,0.00,0.00
2016.04.26 05:28:22.709,12.36369,12.36742,0.00,0.00
2016.04.26 05:28:22.759,12.36359,12.36742,0.00,0.00
2016.04.26 05:28:22.921,12.36349,12.36731,0.00,0.00
2016.04.26 05:28:23.309,12.3634,12.36722,0.00,0.00
2016.04.26 05:28:24.010,12.36349,12.36738,0.00,0.00
2016.04.26 05:28:24.111,12.36339,12.36712,0.00,0.00
2016.04.26 05:28:24.546,12.36349,12.36738,0.00,0.00
2016.04.26 05:28:24.711,12.36339,12.36732,0.00,0.00
2016.04.26 05:28:26.760,12.3634,12.36732,0.00,0.00
2016.04.26 05:28:28.282,12.36389,12.36738,0.00,0.00
2016.04.26 05:28:28.785,12.3639,12.36738,0.00,0.00
2016.04.26 05:28:30.883,12.36369,12.36738,0.00,0.00
2016.04.26 05:28:30.934,12.36349,12.36732,0.00,0.00
2016.04.26 05:28:31.117,12.36349,12.36738,0.00,0.00
2016.04.26 05:28:31.638,12.3635,12.36738,0.00,0.00
2016.04.26 05:28:32.039,12.36348,12.36738,0.00,0.00
2016.04.26 05:28:32.794,12.36339,12.36722,0.00,0.00
2016.04.26 05:28:33.544,12.3634,12.36722,0.00,0.00
2016.04.26 05:28:34.389,12.36339,12.36722,0.00,0.00
2016.04.26 05:28:35.056,12.3634,12.36722,0.00,0.00
2016.04.26 05:28:35.359,12.3634,12.36712,0.00,0.00
2016.04.26 05:28:35.410,12.3634,12.36732,0.00,0.00
2016.04.26 05:28:36.454,12.3635,12.36732,0.00,0.00
2016.04.26 05:28:36.619,12.3635,12.36738,0.00,0.00
2016.04.26 05:28:37.355,12.36349,12.36738,0.00,0.00
2016.04.26 05:28:37.856,12.3635,12.36738,0.00,0.00
2016.04.26 05:28:38.405,12.36349,12.36738,0.00,0.00
2016.04.26 05:28:39.015,12.3635,12.36738,0.00,0.00
2016.04.26 05:28:40.386,12.36349,12.36738,0.00,0.00
2016.04.26 05:28:42.370,12.3635,12.36738,0.00,0.00
2016.04.26 05:28:42.912,12.36359,12.36738,0.00,0.00
2016.04.26 05:28:43.173,12.36349,12.36738,0.00,0.00
2016.04.26 05:28:43.274,12.3634,12.36721,0.00,0.00
2016.04.26 05:28:43.573,12.3634,12.36731,0.00,0.00
2016.04.26 05:28:44.789,12.36339,12.36731,0.00,0.00
2016.04.26 05:28:45.792,12.36349,12.36731,0.00,0.00
2016.04.26 05:28:45.892,12.36339,12.36731,0.00,0.00
2016.04.26 05:28:45.999,12.36349,12.36731,0.00,0.00
2016.04.26 05:28:46.332,12.36368,12.36738,0.00,0.00
2016.04.26 05:28:46.383,12.3635,12.36738,0.00,0.00
2016.04.26 05:28:46.938,12.36349,12.36738,0.00,0.00
2016.04.26 05:28:47.598,12.3635,12.36738,0.00,0.00
2016.04.26 05:28:48.099,12.36349,12.36738,0.00,0.00
2016.04.26 05:28:48.701,12.3635,12.36738,0.00,0.00
2016.04.26 05:28:49.209,12.36349,12.36738,0.00,0.00
2016.04.26 05:28:49.753,12.36339,12.36731,0.00,0.00
2016.04.26 05:28:50.805,12.3634,12.36731,0.00,0.00
2016.04.26 05:28:51.807,12.36339,12.36731,0.00,0.00
2016.04.26 05:28:52.308,12.3634,12.3669,0.00,0.00
2016.04.26 05:28:52.613,12.3634,12.367,0.00,0.00
2016.04.26 05:28:52.664,12.3634,12.36681,0.00,0.00
2016.04.26 05:28:52.765,12.3634,12.367,0.00,0.00
2016.04.26 05:28:53.276,12.36339,12.36701,0.00,0.00
2016.04.26 05:28:53.511,12.36319,12.36711,0.00,0.00
2016.04.26 05:28:53.612,12.36339,12.36701,0.00,0.00
2016.04.26 05:28:54.558,12.3634,12.367,0.00,0.00
2016.04.26 05:28:55.117,12.36339,12.36701,0.00,0.00
2016.04.26 05:28:55.519,12.3635,12.367,0.00,0.00
2016.04.26 05:28:55.821,12.36349,12.36731,0.00,0.00
2016.04.26 05:28:55.922,12.36358,12.36738,0.00,0.00
2016.04.26 05:28:56.024,12.3635,12.36738,0.00,0.00
2016.04.26 05:28:56.531,12.36349,12.36738,0.00,0.00
2016.04.26 05:28:57.926,12.3635,12.36738,0.00,0.00
2016.04.26 05:28:58.427,12.36349,12.36738,0.00,0.00
2016.04.26 05:28:58.540,12.36339,12.36722,0.00,0.00
2016.04.26 05:28:58.842,12.36329,12.36682,0.00,0.00
2016.04.26 05:28:58.930,12.36329,12.36701,0.00,0.00
2016.04.26 05:28:59.126,12.36329,12.36682,0.00,0.00
2016.04.26 05:28:59.329,12.36329,12.36701,0.00,0.00
2016.04.26 05:28:59.430,12.36329,12.36692,0.00,0.00
2016.04.26 05:28:59.553,12.3633,12.367,0.00,0.00
2016.04.26 05:29:00.067,12.36329,12.36701,0.00,0.00
2016.04.26 05:29:00.183,12.3634,12.367,0.00,0.00
2016.04.26 05:29:00.498,12.36348,12.367,0.00,0.00
2016.04.26 05:29:00.599,12.36339,12.36701,0.00,0.00
2016.04.26 05:29:00.700,12.36349,12.36701,0.00,0.00
2016.04.26 05:29:00.773,12.36339,12.36701,0.00,0.00
2016.04.26 05:29:01.415,12.3634,12.367,0.00,0.00
2016.04.26 05:29:01.516,12.36358,12.36701,0.00,0.00
2016.04.26 05:29:01.577,12.36339,12.36701,0.00,0.00
2016.04.26 05:29:01.786,12.36329,12.36671,0.00,0.00
2016.04.26 05:29:01.887,12.36329,12.36681,0.00,0.00
2016.04.26 05:29:02.033,12.36329,12.36692,0.00,0.00
2016.04.26 05:29:02.134,12.36329,12.36701,0.00,0.00
2016.04.26 05:29:02.235,12.36329,12.36691,0.00,0.00
2016.04.26 05:29:02.926,12.36329,12.36688,0.00,0.00
2016.04.26 05:29:03.334,12.36289,12.36639,0.00,0.00
2016.04.26 05:29:04.077,12.3629,12.3667,0.00,0.00
2016.04.26 05:29:04.178,12.36279,12.36671,0.00,0.00
2016.04.26 05:29:04.289,12.36308,12.3667,0.00,0.00
2016.04.26 05:29:04.390,12.3628,12.36662,0.00,0.00
2016.04.26 05:29:04.441,12.36299,12.3667,0.00,0.00
2016.04.26 05:29:04.542,12.3628,12.3667,0.00,0.00
2016.04.26 05:29:04.592,12.36278,12.3666,0.00,0.00
2016.04.26 05:29:04.693,12.36269,12.36652,0.00,0.00
2016.04.26 05:29:04.844,12.36269,12.36638,0.00,0.00
2016.04.26 05:29:05.173,12.36279,12.36638,0.00,0.00
2016.04.26 05:29:05.443,12.36269,12.36638,0.00,0.00
2016.04.26 05:29:06.167,12.36288,12.36638,0.00,0.00
2016.04.26 05:29:06.246,12.36268,12.36638,0.00,0.00
2016.04.26 05:29:06.350,12.3627,12.36638,0.00,0.00
2016.04.26 05:29:07.155,12.36288,12.36638,0.00,0.00
2016.04.26 05:29:07.248,12.3627,12.36638,0.00,0.00
2016.04.26 05:29:07.599,12.36259,12.36638,0.00,0.00
2016.04.26 05:29:07.652,12.36269,12.36638,0.00,0.00
2016.04.26 05:29:07.997,12.36278,12.3657,0.00,0.00
2016.04.26 05:29:08.098,12.36248,12.3657,0.00,0.00
2016.04.26 05:29:08.153,12.36248,12.36561,0.00,0.00
2016.04.26 05:29:08.204,12.36189,12.36561,0.00,0.00
2016.04.26 05:29:08.604,12.36198,12.3656,0.00,0.00
2016.04.26 05:29:08.686,12.3619,12.3656,0.00,0.00
2016.04.26 05:29:08.741,12.3619,12.36539,0.00,0.00
2016.04.26 05:29:09.259,12.36189,12.36539,0.00,0.00
2016.04.26 05:29:09.795,12.3619,12.36539,0.00,0.00
2016.04.26 05:29:10.405,12.36189,12.36539,0.00,0.00
2016.04.26 05:29:11.460,12.3619,12.36539,0.00,0.00
2016.04.26 05:29:12.462,12.36189,12.36539,0.00,0.00
2016.04.26 05:29:13.004,12.3619,12.36539,0.00,0.00
2016.04.26 05:29:13.306,12.3626,12.36568,0.00,0.00
2016.04.26 05:29:13.410,12.3629,12.36638,0.00,0.00
2016.04.26 05:29:13.461,12.36299,12.36638,0.00,0.00
2016.04.26 05:29:13.763,12.3638,12.36638,0.00,0.00
2016.04.26 05:29:14.045,12.3639,12.36738,0.00,0.00
2016.04.26 05:29:14.558,12.36389,12.36738,0.00,0.00
2016.04.26 05:29:15.367,12.36389,12.36639,0.00,0.00
2016.04.26 05:29:15.418,12.3633,12.36639,0.00,0.00
2016.04.26 05:29:15.519,12.3629,12.36639,0.00,0.00
2016.04.26 05:29:15.625,12.36259,12.36639,0.00,0.00
2016.04.26 05:29:15.675,12.36259,12.36631,0.00,0.00
2016.04.26 05:29:15.826,12.36239,12.36631,0.00,0.00
2016.04.26 05:29:16.381,12.3624,12.3663,0.00,0.00
2016.04.26 05:29:16.498,12.36238,12.36561,0.00,0.00
2016.04.26 05:29:16.549,12.36219,12.36561,0.00,0.00
2016.04.26 05:29:16.681,12.3619,12.36551,0.00,0.00
2016.04.26 05:29:17.135,12.3619,12.36541,0.00,0.00
2016.04.26 05:29:17.484,12.36189,12.36538,0.00,0.00
2016.04.26 05:29:18.194,12.3619,12.36538,0.00,0.00
2016.04.26 05:29:18.537,12.36239,12.36538,0.00,0.00
2016.04.26 05:29:18.587,12.36259,12.36638,0.00,0.00
2016.04.26 05:29:18.699,12.36248,12.3662,0.00,0.00
2016.04.26 05:29:18.801,12.3625,12.36632,0.00,0.00
2016.04.26 05:29:18.902,12.36269,12.36638,0.00,0.00
2016.04.26 05:29:19.452,12.3627,12.36652,0.00,0.00
2016.04.26 05:29:19.553,12.36278,12.3667,0.00,0.00
2016.04.26 05:29:19.603,12.36288,12.36651,0.00,0.00
2016.04.26 05:29:19.715,12.36249,12.36642,0.00,0.00
2016.04.26 05:29:20.251,12.3625,12.36638,0.00,0.00
2016.04.26 05:29:20.672,12.36269,12.36638,0.00,0.00
2016.04.26 05:29:21.117,12.36279,12.36638,0.00,0.00
2016.04.26 05:29:21.176,12.36269,12.36638,0.00,0.00
2016.04.26 05:29:22.083,12.3627,12.36638,0.00,0.00
2016.04.26 05:29:23.385,12.36269,12.36638,0.00,0.00
2016.04.26 05:29:23.836,12.36279,12.36638,0.00,0.00
2016.04.26 05:29:23.889,12.36269,12.36638,0.00,0.00
2016.04.26 05:29:24.237,12.36278,12.36638,0.00,0.00
2016.04.26 05:29:24.638,12.36269,12.36638,0.00,0.00
2016.04.26 05:29:25.014,12.36259,12.3658,0.00,0.00
2016.04.26 05:29:25.216,12.36268,12.3662,0.00,0.00
2016.04.26 05:29:25.266,12.3624,12.36592,0.00,0.00
2016.04.26 05:29:25.367,12.36239,12.36602,0.00,0.00
2016.04.26 05:29:25.552,12.36239,12.36612,0.00,0.00
2016.04.26 05:29:25.653,12.3624,12.36602,0.00,0.00
2016.04.26 05:29:26.155,12.36239,12.36611,0.00,0.00
2016.04.26 05:29:26.691,12.3624,12.36611,0.00,0.00
2016.04.26 05:29:27.192,12.36239,12.36611,0.00,0.00
2016.04.26 05:29:28.194,12.3624,12.36611,0.00,0.00
2016.04.26 05:29:28.746,12.3624,12.36601,0.00,0.00
2016.04.26 05:29:29.635,12.36239,12.36601,0.00,0.00
2016.04.26 05:29:30.625,12.3624,12.36601,0.00,0.00
2016.04.26 05:29:31.301,12.36239,12.36601,0.00,0.00
2016.04.26 05:29:31.352,12.36239,12.36611,0.00,0.00
2016.04.26 05:29:31.453,12.36239,12.36621,0.00,0.00
2016.04.26 05:29:32.102,12.3624,12.3662,0.00,0.00
2016.04.26 05:29:32.353,12.36239,12.36611,0.00,0.00
2016.04.26 05:29:33.104,12.3624,12.36611,0.00,0.00
2016.04.26 05:29:33.606,12.36239,12.36611,0.00,0.00
2016.04.26 05:29:34.014,12.36239,12.36601,0.00,0.00
2016.04.26 05:29:34.505,12.36249,12.36621,0.00,0.00
2016.04.26 05:29:34.556,12.36249,12.36638,0.00,0.00
2016.04.26 05:29:34.607,12.36258,12.36638,0.00,0.00
2016.04.26 05:29:34.915,12.36279,12.36638,0.00,0.00
2016.04.26 05:29:35.020,12.36249,12.36638,0.00,0.00
2016.04.26 05:29:35.122,12.36258,12.36638,0.00,0.00
2016.04.26 05:29:35.498,12.36279,12.36638,0.00,0.00
2016.04.26 05:29:35.599,12.36268,12.36638,0.00,0.00
2016.04.26 05:29:36.897,12.36278,12.36638,0.00,0.00
2016.04.26 05:29:37.406,12.36269,12.36638,0.00,0.00
2016.04.26 05:29:37.457,12.36249,12.366,0.00,0.00
2016.04.26 05:29:37.507,12.3624,12.366,0.00,0.00
2016.04.26 05:29:37.659,12.36239,12.36631,0.00,0.00
2016.04.26 05:29:37.781,12.36249,12.36638,0.00,0.00
2016.04.26 05:29:38.167,12.36259,12.36638,0.00,0.00
2016.04.26 05:29:38.475,12.36269,12.36638,0.00,0.00
2016.04.26 05:29:38.946,12.36269,12.36581,0.00,0.00
2016.04.26 05:29:39.097,12.36248,12.36581,0.00,0.00
2016.04.26 05:29:39.148,12.36248,12.36621,0.00,0.00
2016.04.26 05:29:39.199,12.36239,12.36602,0.00,0.00
2016.04.26 05:29:39.300,12.3624,12.3662,0.00,0.00
2016.04.26 05:29:39.401,12.36249,12.3662,0.00,0.00
2016.04.26 05:29:39.603,12.36239,12.36612,0.00,0.00
2016.04.26 05:29:39.740,12.36239,12.36602,0.00,0.00
2016.04.26 05:29:39.790,12.36239,12.36612,0.00,0.00
2016.04.26 05:29:39.956,12.36239,12.36602,0.00,0.00
2016.04.26 05:29:40.500,12.3624,12.36602,0.00,0.00
2016.04.26 05:29:40.802,12.36189,12.36539,0.00,0.00
2016.04.26 05:29:41.622,12.3619,12.36539,0.00,0.00
2016.04.26 05:29:42.123,12.36189,12.36539,0.00,0.00
2016.04.26 05:29:42.625,12.3619,12.36539,0.00,0.00
2016.04.26 05:29:42.775,12.36189,12.36571,0.00,0.00
2016.04.26 05:29:42.826,12.36249,12.36581,0.00,0.00
2016.04.26 05:29:42.884,12.36249,12.36598,0.00,0.00
2016.04.26 05:29:42.935,12.36289,12.36639,0.00,0.00
2016.04.26 05:29:44.710,12.3629,12.36639,0.00,0.00
2016.04.26 05:29:44.930,12.36299,12.36639,0.00,0.00
2016.04.26 05:29:45.148,12.3629,12.36639,0.00,0.00
2016.04.26 05:29:45.381,12.36299,12.36639,0.00,0.00
2016.04.26 05:29:46.435,12.3636,12.36639,0.00,0.00
2016.04.26 05:29:46.486,12.3636,12.3671,0.00,0.00
2016.04.26 05:29:46.537,12.36389,12.36739,0.00,0.00
2016.04.26 05:29:47.136,12.3639,12.36739,0.00,0.00
2016.04.26 05:29:47.686,12.36368,12.36739,0.00,0.00
2016.04.26 05:29:47.788,12.3635,12.36732,0.00,0.00
2016.04.26 05:29:47.989,12.36368,12.36739,0.00,0.00
2016.04.26 05:29:48.120,12.36349,12.36731,0.00,0.00
2016.04.26 05:29:48.183,12.36358,12.36739,0.00,0.00
2016.04.26 05:29:50.077,12.36368,12.36739,0.00,0.00
2016.04.26 05:29:50.695,12.36359,12.36739,0.00,0.00
2016.04.26 05:29:51.118,12.36359,12.36742,0.00,0.00
2016.04.26 05:29:51.169,12.36329,12.36661,0.00,0.00
2016.04.26 05:29:51.270,12.3629,12.3666,0.00,0.00
2016.04.26 05:29:51.654,12.36289,12.36671,0.00,0.00
2016.04.26 05:29:51.881,12.36289,12.36639,0.00,0.00
2016.04.26 05:29:53.069,12.3629,12.36639,0.00,0.00
2016.04.26 05:29:53.402,12.36359,12.36671,0.00,0.00
2016.04.26 05:29:53.452,12.36359,12.36692,0.00,0.00
2016.04.26 05:29:53.503,12.36359,12.36711,0.00,0.00
2016.04.26 05:29:53.553,12.3638,12.36712,0.00,0.00
2016.04.26 05:29:53.604,12.3638,12.36739,0.00,0.00
2016.04.26 05:29:53.655,12.36389,12.36739,0.00,0.00
2016.04.26 05:29:54.008,12.36399,12.36739,0.00,0.00
2016.04.26 05:29:54.754,12.36379,12.36691,0.00,0.00
2016.04.26 05:29:55.200,12.36358,12.36721,0.00,0.00
2016.04.26 05:29:55.251,12.36379,12.36721,0.00,0.00
2016.04.26 05:29:55.352,12.3634,12.3672,0.00,0.00
2016.04.26 05:29:55.580,12.36348,12.3674,0.00,0.00
2016.04.26 05:29:55.685,12.36339,12.36671,0.00,0.00
2016.04.26 05:29:55.887,12.36298,12.36651,0.00,0.00
2016.04.26 05:29:55.988,12.3629,12.36639,0.00,0.00
2016.04.26 05:29:56.539,12.3629,12.36632,0.00,0.00
2016.04.26 05:29:56.690,12.36239,12.36612,0.00,0.00
2016.04.26 05:29:57.304,12.36248,12.36631,0.00,0.00
2016.04.26 05:29:57.845,12.36248,12.3663,0.00,0.00
2016.04.26 05:29:57.896,12.36248,12.3662,0.00,0.00
2016.04.26 05:29:57.947,12.3624,12.3662,0.00,0.00
2016.04.26 05:29:57.998,12.36239,12.36571,0.00,0.00
2016.04.26 05:29:59.106,12.3624,12.36602,0.00,0.00
2016.04.26 05:29:59.207,12.36239,12.36632,0.00,0.00
2016.04.26 05:29:59.257,12.36258,12.36639,0.00,0.00
2016.04.26 05:29:59.561,12.36209,12.36571,0.00,0.00
2016.04.26 05:30:00.264,12.3621,12.3657,0.00,0.00
2016.04.26 05:30:00.466,12.36189,12.36561,0.00,0.00
2016.04.26 05:30:00.626,12.36199,12.36539,0.00,0.00
2016.04.26 05:30:00.727,12.3619,12.36539,0.00,0.00
2016.04.26 05:30:00.910,12.3627,12.36571,0.00,0.00
2016.04.26 05:30:00.961,12.3627,12.36591,0.00,0.00
2016.04.26 05:30:01.012,12.36359,12.36591,0.00,0.00
2016.04.26 05:30:01.062,12.36359,12.36661,0.00,0.00
2016.04.26 05:30:01.119,12.3636,12.36732,0.00,0.00
2016.04.26 05:30:01.171,12.36389,12.36671,0.00,0.00
2016.04.26 05:30:01.423,12.36329,12.36671,0.00,0.00
2016.04.26 05:30:01.474,12.36289,12.36671,0.00,0.00
2016.04.26 05:30:01.524,12.36279,12.36661,0.00,0.00
2016.04.26 05:30:01.845,12.36269,12.36638,0.00,0.00
2016.04.26 05:30:02.233,12.36309,12.36638,0.00,0.00
2016.04.26 05:30:02.435,12.3626,12.36638,0.00,0.00
2016.04.26 05:30:02.536,12.36278,12.3667,0.00,0.00
2016.04.26 05:30:02.786,12.36248,12.36642,0.00,0.00
2016.04.26 05:30:03.306,12.36259,12.36638,0.00,0.00
2016.04.26 05:30:03.367,12.3624,12.36622,0.00,0.00
2016.04.26 05:30:03.886,12.36239,12.36622,0.00,0.00
2016.04.26 05:30:04.187,12.36239,12.36581,0.00,0.00
2016.04.26 05:30:04.288,12.3624,12.36602,0.00,0.00
2016.04.26 05:30:04.561,12.3624,12.3661,0.00,0.00
2016.04.26 05:30:04.712,12.3624,12.366,0.00,0.00
2016.04.26 05:30:05.213,12.3624,12.3658,0.00,0.00
2016.04.26 05:30:05.415,12.3624,12.366,0.00,0.00
2016.04.26 05:30:05.748,12.36239,12.36581,0.00,0.00
2016.04.26 05:30:05.799,12.36249,12.366,0.00,0.00
2016.04.26 05:30:05.990,12.36258,12.36601,0.00,0.00
2016.04.26 05:30:06.063,12.36239,12.36601,0.00,0.00
2016.04.26 05:30:06.114,12.36228,12.3657,0.00,0.00
2016.04.26 05:30:06.164,12.3621,12.3657,0.00,0.00
2016.04.26 05:30:06.265,12.3621,12.36562,0.00,0.00
2016.04.26 05:30:06.469,12.36209,12.36571,0.00,0.00
2016.04.26 05:30:06.764,12.3621,12.36562,0.00,0.00
2016.04.26 05:30:06.964,12.3621,12.3657,0.00,0.00
2016.04.26 05:30:07.095,12.36178,12.3656,0.00,0.00
2016.04.26 05:30:07.146,12.36178,12.36539,0.00,0.00
2016.04.26 05:30:07.197,12.3615,12.36539,0.00,0.00
2016.04.26 05:30:07.298,12.36189,12.36539,0.00,0.00
2016.04.26 05:30:07.966,12.36189,12.36531,0.00,0.00
2016.04.26 05:30:08.167,12.36189,12.36539,0.00,0.00
2016.04.26 05:30:08.770,12.3619,12.36539,0.00,0.00
2016.04.26 05:30:09.798,12.36189,12.36539,0.00,0.00
2016.04.26 05:30:11.506,12.3619,12.36539,0.00,0.00
2016.04.26 05:30:12.064,12.36189,12.36539,0.00,0.00
2016.04.26 05:30:14.007,12.3619,12.36539,0.00,0.00
2016.04.26 05:30:14.859,12.36189,12.36539,0.00,0.00
2016.04.26 05:30:14.910,12.36189,12.36541,0.00,0.00
2016.04.26 05:30:14.960,12.36168,12.3647,0.00,0.00
2016.04.26 05:30:15.011,12.36098,12.3647,0.00,0.00
2016.04.26 05:30:15.112,12.36089,12.36462,0.00,0.00
2016.04.26 05:30:15.314,12.36098,12.36461,0.00,0.00
2016.04.26 05:30:15.368,12.36089,12.36461,0.00,0.00
2016.04.26 05:30:15.469,12.3609,12.36452,0.00,0.00
2016.04.26 05:30:15.669,12.36089,12.36462,0.00,0.00
2016.04.26 05:30:15.720,12.36089,12.36438,0.00,0.00
2016.04.26 05:30:16.416,12.36119,12.36438,0.00,0.00
2016.04.26 05:30:16.517,12.36139,12.36481,0.00,0.00
2016.04.26 05:30:16.618,12.36139,12.36501,0.00,0.00
2016.04.26 05:30:16.671,12.36149,12.36501,0.00,0.00
2016.04.26 05:30:16.772,12.36139,12.36501,0.00,0.00
2016.04.26 05:30:16.823,12.36128,12.365,0.00,0.00
2016.04.26 05:30:16.924,12.36098,12.36492,0.00,0.00
2016.04.26 05:30:17.072,12.36108,12.365,0.00,0.00
2016.04.26 05:30:17.403,12.36089,12.36472,0.00,0.00
2016.04.26 05:30:17.716,12.36089,12.36438,0.00,0.00
2016.04.26 05:30:18.664,12.3609,12.36438,0.00,0.00
2016.04.26 05:30:19.304,12.36089,12.36438,0.00,0.00
2016.04.26 05:30:19.820,12.3609,12.36438,0.00,0.00
2016.04.26 05:30:19.871,12.3609,12.3647,0.00,0.00
2016.04.26 05:30:19.922,12.36109,12.36471,0.00,0.00
2016.04.26 05:30:20.832,12.36109,12.3647,0.00,0.00
2016.04.26 05:30:21.293,12.3609,12.3647,0.00,0.00
2016.04.26 05:30:21.639,12.36089,12.36439,0.00,0.00
2016.04.26 05:30:21.740,12.36058,12.36421,0.00,0.00
2016.04.26 05:30:21.841,12.3605,12.3642,0.00,0.00
2016.04.26 05:30:21.942,12.36048,12.36439,0.00,0.00
2016.04.26 05:30:21.994,12.36038,12.36422,0.00,0.00
2016.04.26 05:30:22.196,12.36049,12.36439,0.00,0.00
2016.04.26 05:30:23.203,12.36039,12.36432,0.00,0.00
2016.04.26 05:30:23.720,12.36038,12.36432,0.00,0.00
2016.04.26 05:30:23.931,12.36058,12.36439,0.00,0.00
2016.04.26 05:30:23.997,12.3603,12.36422,0.00,0.00
2016.04.26 05:30:24.431,12.3603,12.364,0.00,0.00
2016.04.26 05:30:24.980,12.36029,12.36401,0.00,0.00
2016.04.26 05:30:25.285,12.36049,12.36339,0.00,0.00
2016.04.26 05:30:25.655,12.36039,12.36339,0.00,0.00
2016.04.26 05:30:26.134,12.36029,12.36339,0.00,0.00
2016.04.26 05:30:26.538,12.3601,12.36339,0.00,0.00
2016.04.26 05:30:26.758,12.35948,12.36339,0.00,0.00
2016.04.26 05:30:27.007,12.35968,12.36339,0.00,0.00
2016.04.26 05:30:27.308,12.35949,12.36339,0.00,0.00
2016.04.26 05:30:27.508,12.35959,12.36339,0.00,0.00
2016.04.26 05:30:27.733,12.35939,12.36322,0.00,0.00
2016.04.26 05:30:28.047,12.35928,12.3617,0.00,0.00
2016.04.26 05:30:28.139,12.35928,12.36271,0.00,0.00
2016.04.26 05:30:28.321,12.35959,12.36281,0.00,0.00
2016.04.26 05:30:28.372,12.35979,12.36362,0.00,0.00
2016.04.26 05:30:28.428,12.35998,12.36368,0.00,0.00
2016.04.26 05:30:28.479,12.35998,12.3637,0.00,0.00
2016.04.26 05:30:28.530,12.36008,12.3637,0.00,0.00
2016.04.26 05:30:28.783,12.3606,12.36432,0.00,0.00
2016.04.26 05:30:28.833,12.36068,12.36439,0.00,0.00
2016.04.26 05:30:29.142,12.36098,12.36439,0.00,0.00
2016.04.26 05:30:29.330,12.3609,12.36439,0.00,0.00
2016.04.26 05:30:29.381,12.36079,12.3637,0.00,0.00
2016.04.26 05:30:29.433,12.3603,12.3637,0.00,0.00
2016.04.26 05:30:29.486,12.35978,12.3637,0.00,0.00
2016.04.26 05:30:29.537,12.3597,12.36362,0.00,0.00
2016.04.26 05:30:29.644,12.35968,12.36361,0.00,0.00
2016.04.26 05:30:29.745,12.35959,12.36351,0.00,0.00
2016.04.26 05:30:30.071,12.3595,12.36332,0.00,0.00
2016.04.26 05:30:30.433,12.35949,12.36322,0.00,0.00
2016.04.26 05:30:30.484,12.35939,12.36322,0.00,0.00
2016.04.26 05:30:30.568,12.35939,12.36332,0.00,0.00
2016.04.26 05:30:30.670,12.35948,12.36339,0.00,0.00
2016.04.26 05:30:30.985,12.3594,12.36322,0.00,0.00
2016.04.26 05:30:31.489,12.35928,12.3627,0.00,0.00
2016.04.26 05:30:31.539,12.35909,12.3627,0.00,0.00
2016.04.26 05:30:31.640,12.35889,12.36271,0.00,0.00
2016.04.26 05:30:31.741,12.3589,12.36252,0.00,0.00
2016.04.26 05:30:32.049,12.35889,12.36262,0.00,0.00
2016.04.26 05:30:32.251,12.3589,12.36238,0.00,0.00
2016.04.26 05:30:33.287,12.35889,12.36238,0.00,0.00
2016.04.26 05:30:33.954,12.3589,12.36238,0.00,0.00
2016.04.26 05:30:34.701,12.35889,12.36238,0.00,0.00
2016.04.26 05:30:35.758,12.3589,12.36238,0.00,0.00
2016.04.26 05:30:36.159,12.35858,12.36231,0.00,0.00
2016.04.26 05:30:36.278,12.35858,12.3619,0.00,0.00
2016.04.26 05:30:36.329,12.3584,12.3619,0.00,0.00
2016.04.26 05:30:36.480,12.35839,12.36212,0.00,0.00
2016.04.26 05:30:36.531,12.35839,12.36231,0.00,0.00
2016.04.26 05:30:36.632,12.3584,12.36212,0.00,0.00
2016.04.26 05:30:36.792,12.35859,12.36238,0.00,0.00
2016.04.26 05:30:37.102,12.35839,12.36231,0.00,0.00
2016.04.26 05:30:37.599,12.3584,12.36222,0.00,0.00
2016.04.26 05:30:37.965,12.35839,12.36211,0.00,0.00
2016.04.26 05:30:38.266,12.3584,12.36192,0.00,0.00
2016.04.26 05:30:38.316,12.3584,12.36221,0.00,0.00
2016.04.26 05:30:38.417,12.35839,12.36231,0.00,0.00
2016.04.26 05:30:39.219,12.35839,12.36212,0.00,0.00
2016.04.26 05:30:39.320,12.35858,12.36238,0.00,0.00
2016.04.26 05:30:39.421,12.35868,12.36238,0.00,0.00
2016.04.26 05:30:40.472,12.35889,12.36238,0.00,0.00
2016.04.26 05:30:40.972,12.35889,12.36261,0.00,0.00
2016.04.26 05:30:41.023,12.3599,12.36292,0.00,0.00
2016.04.26 05:30:41.133,12.35989,12.36311,0.00,0.00
2016.04.26 05:30:41.184,12.35979,12.36361,0.00,0.00
2016.04.26 05:30:41.234,12.35988,12.36361,0.00,0.00
2016.04.26 05:30:41.442,12.3598,12.3636,0.00,0.00
2016.04.26 05:30:41.801,12.3598,12.36338,0.00,0.00
2016.04.26 05:30:42.326,12.35979,12.36338,0.00,0.00
2016.04.26 05:30:42.977,12.3598,12.36338,0.00,0.00
2016.04.26 05:30:43.652,12.35979,12.36338,0.00,0.00
2016.04.26 05:30:44.174,12.3598,12.36338,0.00,0.00
2016.04.26 05:30:44.696,12.35979,12.36338,0.00,0.00
2016.04.26 05:30:45.182,12.35999,12.36338,0.00,0.00
2016.04.26 05:30:45.483,12.36019,12.36338,0.00,0.00
2016.04.26 05:30:46.284,12.36009,12.36338,0.00,0.00
2016.04.26 05:30:46.786,12.3601,12.36338,0.00,0.00
2016.04.26 05:30:47.336,12.36009,12.36338,0.00,0.00
2016.04.26 05:30:48.084,12.36009,12.36361,0.00,0.00
2016.04.26 05:30:48.135,12.3606,12.3637,0.00,0.00
2016.04.26 05:30:48.236,12.36089,12.36431,0.00,0.00
2016.04.26 05:30:48.337,12.36089,12.36461,0.00,0.00
2016.04.26 05:30:48.389,12.3612,12.3646,0.00,0.00
2016.04.26 05:30:48.590,12.36099,12.36469,0.00,0.00
2016.04.26 05:30:48.791,12.3616,12.36492,0.00,0.00
2016.04.26 05:30:48.842,12.3616,12.36502,0.00,0.00
2016.04.26 05:30:48.892,12.3619,12.36502,0.00,0.00
2016.04.26 05:30:48.943,12.3619,12.36551,0.00,0.00
2016.04.26 05:30:49.044,12.36189,12.36561,0.00,0.00
2016.04.26 05:30:49.369,12.3619,12.36552,0.00,0.00
2016.04.26 05:30:49.470,12.3619,12.3656,0.00,0.00
2016.04.26 05:30:49.571,12.3619,12.36539,0.00,0.00
2016.04.26 05:30:50.143,12.3619,12.36532,0.00,0.00
2016.04.26 05:30:50.244,12.36189,12.36539,0.00,0.00
2016.04.26 05:30:50.796,12.3619,12.36539,0.00,0.00
2016.04.26 05:30:51.076,12.36189,12.36531,0.00,0.00
2016.04.26 05:30:51.536,12.3619,12.36539,0.00,0.00
2016.04.26 05:30:52.238,12.36189,12.36539,0.00,0.00
2016.04.26 05:30:52.899,12.3619,12.36539,0.00,0.00
2016.04.26 05:30:53.259,12.36189,12.36531,0.00,0.00
2016.04.26 05:30:53.739,12.3619,12.36539,0.00,0.00
2016.04.26 05:30:53.940,12.36139,12.36522,0.00,0.00
2016.04.26 05:30:54.061,12.3614,12.36512,0.00,0.00
2016.04.26 05:30:54.641,12.3614,12.36522,0.00,0.00
2016.04.26 05:30:54.980,12.3614,12.36511,0.00,0.00
2016.04.26 05:30:55.515,12.36139,12.36511,0.00,0.00
2016.04.26 05:30:55.868,12.36139,12.36522,0.00,0.00
2016.04.26 05:30:55.969,12.36149,12.3654,0.00,0.00
2016.04.26 05:30:56.075,12.3614,12.36521,0.00,0.00
2016.04.26 05:30:56.176,12.36148,12.36542,0.00,0.00
2016.04.26 05:30:56.377,12.36148,12.36538,0.00,0.00
2016.04.26 05:30:57.132,12.36148,12.3646,0.00,0.00
2016.04.26 05:30:57.283,12.36129,12.3646,0.00,0.00
2016.04.26 05:30:57.334,12.36129,12.36451,0.00,0.00
2016.04.26 05:30:57.385,12.36089,12.36442,0.00,0.00
2016.04.26 05:30:57.486,12.36089,12.36432,0.00,0.00
2016.04.26 05:30:57.737,12.36039,12.36432,0.00,0.00
2016.04.26 05:30:57.988,12.36058,12.36439,0.00,0.00
2016.04.26 05:30:58.046,12.36048,12.36432,0.00,0.00
2016.04.26 05:30:58.825,12.36048,12.36339,0.00,0.00
2016.04.26 05:30:58.875,12.36018,12.36339,0.00,0.00
2016.04.26 05:30:58.976,12.35989,12.36339,0.00,0.00
2016.04.26 05:30:59.077,12.35989,12.36332,0.00,0.00
2016.04.26 05:30:59.128,12.35948,12.3633,0.00,0.00
2016.04.26 05:30:59.178,12.3594,12.36322,0.00,0.00
2016.04.26 05:30:59.577,12.35939,12.36302,0.00,0.00
2016.04.26 05:31:00.428,12.3594,12.36302,0.00,0.00
2016.04.26 05:31:00.479,12.3594,12.36321,0.00,0.00
2016.04.26 05:31:01.025,12.35939,12.36321,0.00,0.00
2016.04.26 05:31:01.363,12.35939,12.36281,0.00,0.00
2016.04.26 05:31:01.477,12.35939,12.36311,0.00,0.00
2016.04.26 05:31:01.528,12.35939,12.36302,0.00,0.00
2016.04.26 05:31:01.683,12.35939,12.36311,0.00,0.00
2016.04.26 05:31:01.751,12.35939,12.36292,0.00,0.00
2016.04.26 05:31:02.284,12.35939,12.36321,0.00,0.00
2016.04.26 05:31:02.877,12.3594,12.36312,0.00,0.00
2016.04.26 05:31:03.237,12.35939,12.36292,0.00,0.00
2016.04.26 05:31:03.287,12.35939,12.36311,0.00,0.00
2016.04.26 05:31:04.038,12.3594,12.36311,0.00,0.00
2016.04.26 05:31:04.566,12.3594,12.3631,0.00,0.00
2016.04.26 05:31:05.176,12.35939,12.36311,0.00,0.00
2016.04.26 05:31:05.836,12.3594,12.3631,0.00,0.00
2016.04.26 05:31:06.144,12.35919,12.36271,0.00,0.00
2016.04.26 05:31:06.295,12.35899,12.3627,0.00,0.00
2016.04.26 05:31:06.346,12.35899,12.36291,0.00,0.00
2016.04.26 05:31:06.396,12.35889,12.36262,0.00,0.00
2016.04.26 05:31:06.457,12.35889,12.36281,0.00,0.00
2016.04.26 05:31:06.695,12.35899,12.36291,0.00,0.00
2016.04.26 05:31:07.096,12.35909,12.36301,0.00,0.00
2016.04.26 05:31:07.447,12.35939,12.36301,0.00,0.00
2016.04.26 05:31:07.749,12.35948,12.36301,0.00,0.00
2016.04.26 05:31:07.917,12.3594,12.363,0.00,0.00
2016.04.26 05:31:08.450,12.35939,12.36301,0.00,0.00
2016.04.26 05:31:09.252,12.3599,12.36312,0.00,0.00
2016.04.26 05:31:09.303,12.3599,12.36322,0.00,0.00
2016.04.26 05:31:09.404,12.3599,12.36338,0.00,0.00
2016.04.26 05:31:09.455,12.36009,12.36338,0.00,0.00
2016.04.26 05:31:09.754,12.35999,12.36338,0.00,0.00
2016.04.26 05:31:10.175,12.35988,12.3632,0.00,0.00
2016.04.26 05:31:10.225,12.3594,12.36301,0.00,0.00
2016.04.26 05:31:10.706,12.35939,12.36312,0.00,0.00
2016.04.26 05:31:11.257,12.3594,12.36312,0.00,0.00
2016.04.26 05:31:11.308,12.35918,12.3627,0.00,0.00
2016.04.26 05:31:11.409,12.35889,12.36271,0.00,0.00
2016.04.26 05:31:11.709,12.35899,12.36281,0.00,0.00
2016.04.26 05:31:11.810,12.35918,12.36301,0.00,0.00
2016.04.26 05:31:12.488,12.3589,12.36281,0.00,0.00
2016.04.26 05:31:12.999,12.35889,12.36238,0.00,0.00
2016.04.26 05:31:14.072,12.3589,12.36238,0.00,0.00
2016.04.26 05:31:14.573,12.35889,12.36238,0.00,0.00
2016.04.26 05:31:16.178,12.3589,12.36238,0.00,0.00
2016.04.26 05:31:16.679,12.35889,12.36238,0.00,0.00
2016.04.26 05:31:16.833,12.35889,12.36252,0.00,0.00
2016.04.26 05:31:16.884,12.35969,12.36291,0.00,0.00
2016.04.26 05:31:16.937,12.35969,12.36311,0.00,0.00
2016.04.26 05:31:16.988,12.35989,12.36342,0.00,0.00
2016.04.26 05:31:17.089,12.35999,12.36361,0.00,0.00
2016.04.26 05:31:17.632,12.36,12.36338,0.00,0.00
2016.04.26 05:31:17.889,12.35979,12.36338,0.00,0.00
2016.04.26 05:31:17.940,12.35949,12.36331,0.00,0.00
2016.04.26 05:31:18.483,12.35949,12.3633,0.00,0.00
2016.04.26 05:31:19.040,12.35949,12.36331,0.00,0.00
2016.04.26 05:31:20.242,12.35978,12.36331,0.00,0.00
2016.04.26 05:31:20.293,12.35978,12.36338,0.00,0.00
2016.04.26 05:31:20.344,12.35948,12.36338,0.00,0.00
2016.04.26 05:31:21.732,12.35949,12.36338,0.00,0.00
2016.04.26 05:31:22.342,12.35948,12.36338,0.00,0.00
2016.04.26 05:31:22.614,12.35948,12.36238,0.00,0.00
2016.04.26 05:31:22.664,12.35939,12.36238,0.00,0.00
2016.04.26 05:31:22.715,12.35918,12.36238,0.00,0.00
2016.04.26 05:31:22.888,12.3589,12.36238,0.00,0.00
2016.04.26 05:31:23.395,12.3594,12.36238,0.00,0.00
2016.04.26 05:31:23.445,12.3594,12.3627,0.00,0.00
2016.04.26 05:31:23.496,12.35959,12.36281,0.00,0.00
2016.04.26 05:31:23.547,12.35959,12.36338,0.00,0.00
2016.04.26 05:31:23.713,12.35989,12.36338,0.00,0.00
2016.04.26 05:31:25.633,12.35969,12.36338,0.00,0.00
2016.04.26 05:31:25.846,12.3596,12.36351,0.00,0.00
2016.04.26 05:31:25.905,12.35978,12.36321,0.00,0.00
2016.04.26 05:31:26.023,12.35918,12.36312,0.00,0.00
2016.04.26 05:31:26.124,12.35898,12.3625,0.00,0.00
2016.04.26 05:31:26.450,12.35819,12.36139,0.00,0.00
2016.04.26 05:31:26.702,12.35809,12.36139,0.00,0.00
2016.04.26 05:31:26.803,12.35789,12.36139,0.00,0.00
2016.04.26 05:31:27.055,12.35808,12.36139,0.00,0.00
2016.04.26 05:31:27.106,12.35789,12.36139,0.00,0.00
2016.04.26 05:31:27.807,12.3588,12.36139,0.00,0.00
2016.04.26 05:31:27.858,12.3588,12.36161,0.00,0.00
2016.04.26 05:31:27.909,12.35909,12.36202,0.00,0.00
2016.04.26 05:31:28.010,12.35909,12.36269,0.00,0.00
2016.04.26 05:31:28.138,12.35938,12.36269,0.00,0.00
2016.04.26 05:31:28.334,12.35939,12.36311,0.00,0.00
2016.04.26 05:31:28.435,12.3594,12.36332,0.00,0.00
2016.04.26 05:31:28.504,12.3595,12.36332,0.00,0.00
2016.04.26 05:31:28.805,12.35969,12.36338,0.00,0.00
2016.04.26 05:31:29.323,12.3597,12.36338,0.00,0.00
2016.04.26 05:31:29.855,12.3598,12.36338,0.00,0.00
2016.04.26 05:31:30.158,12.3599,12.36338,0.00,0.00
2016.04.26 05:31:30.466,12.35939,12.36238,0.00,0.00
2016.04.26 05:31:30.517,12.35889,12.36238,0.00,0.00
2016.04.26 05:31:30.960,12.35908,12.36238,0.00,0.00
2016.04.26 05:31:31.160,12.35889,12.36238,0.00,0.00
2016.04.26 05:31:31.437,12.35849,12.36231,0.00,0.00
2016.04.26 05:31:34.116,12.35849,12.3623,0.00,0.00
2016.04.26 05:31:34.622,12.35849,12.36231,0.00,0.00
2016.04.26 05:31:36.936,12.35889,12.36231,0.00,0.00
2016.04.26 05:31:37.048,12.3589,12.36238,0.00,0.00
2016.04.26 05:31:37.573,12.35889,12.36238,0.00,0.00
2016.04.26 05:31:38.074,12.3589,12.36238,0.00,0.00
2016.04.26 05:31:38.703,12.35889,12.36238,0.00,0.00
2016.04.26 05:31:39.326,12.3589,12.36238,0.00,0.00
2016.04.26 05:31:39.857,12.35889,12.36238,0.00,0.00
2016.04.26 05:31:40.947,12.3589,12.36238,0.00,0.00
2016.04.26 05:31:41.508,12.35889,12.36238,0.00,0.00
2016.04.26 05:31:42.432,12.3589,12.36238,0.00,0.00
2016.04.26 05:31:42.938,12.35889,12.36238,0.00,0.00
2016.04.26 05:31:43.488,12.3589,12.36238,0.00,0.00
2016.04.26 05:31:44.435,12.35889,12.36238,0.00,0.00
2016.04.26 05:31:45.337,12.3589,12.36238,0.00,0.00
2016.04.26 05:31:45.938,12.35889,12.36238,0.00,0.00
2016.04.26 05:31:46.540,12.35989,12.36292,0.00,0.00
2016.04.26 05:31:46.641,12.35989,12.36339,0.00,0.00
2016.04.26 05:31:46.725,12.35998,12.36339,0.00,0.00
2016.04.26 05:31:46.927,12.3599,12.36339,0.00,0.00
2016.04.26 05:31:47.028,12.35998,12.36339,0.00,0.00
2016.04.26 05:31:47.842,12.35999,12.36339,0.00,0.00
2016.04.26 05:31:48.590,12.35989,12.36339,0.00,0.00
2016.04.26 05:31:48.640,12.36008,12.36339,0.00,0.00
2016.04.26 05:31:48.844,12.35939,12.36271,0.00,0.00
2016.04.26 05:31:49.129,12.35958,12.36352,0.00,0.00
2016.04.26 05:31:49.328,12.35939,12.36331,0.00,0.00
2016.04.26 05:31:49.629,12.35948,12.36339,0.00,0.00
2016.04.26 05:31:50.146,12.35949,12.36339,0.00,0.00
2016.04.26 05:31:50.469,12.3596,12.36321,0.00,0.00
2016.04.26 05:31:50.578,12.3597,12.36339,0.00,0.00
2016.04.26 05:31:50.630,12.35978,12.36339,0.00,0.00
2016.04.26 05:31:50.947,12.3597,12.36339,0.00,0.00
2016.04.26 05:31:50.997,12.35989,12.36339,0.00,0.00
2016.04.26 05:31:51.249,12.36039,12.36402,0.00,0.00
2016.04.26 05:31:51.331,12.36048,12.36411,0.00,0.00
2016.04.26 05:31:51.382,12.36059,12.36432,0.00,0.00
2016.04.26 05:31:51.433,12.36059,12.36442,0.00,0.00
2016.04.26 05:31:51.483,12.36089,12.36442,0.00,0.00
2016.04.26 05:31:51.534,12.36089,12.36461,0.00,0.00
2016.04.26 05:31:51.635,12.3609,12.36442,0.00,0.00
2016.04.26 05:31:51.736,12.3609,12.3646,0.00,0.00
2016.04.26 05:31:51.935,12.3609,12.36438,0.00,0.00
2016.04.26 05:31:52.416,12.36089,12.36432,0.00,0.00
2016.04.26 05:31:52.733,12.3609,12.36438,0.00,0.00
2016.04.26 05:31:53.352,12.36089,12.36438,0.00,0.00
2016.04.26 05:31:54.155,12.36139,12.36462,0.00,0.00
2016.04.26 05:31:54.206,12.36139,12.36471,0.00,0.00
2016.04.26 05:31:54.306,12.3609,12.3645,0.00,0.00
2016.04.26 05:31:54.357,12.36089,12.36471,0.00,0.00
2016.04.26 05:31:54.535,12.3609,12.36451,0.00,0.00
2016.04.26 05:31:54.636,12.36089,12.36471,0.00,0.00
2016.04.26 05:31:54.737,12.3609,12.36452,0.00,0.00
2016.04.26 05:31:54.838,12.36089,12.36462,0.00,0.00
2016.04.26 05:31:54.896,12.36089,12.36471,0.00,0.00
2016.04.26 05:31:54.947,12.36089,12.36439,0.00,0.00
2016.04.26 05:31:56.158,12.3609,12.36439,0.00,0.00
2016.04.26 05:31:56.771,12.36089,12.36439,0.00,0.00
2016.04.26 05:31:57.861,12.3609,12.36439,0.00,0.00
2016.04.26 05:31:58.421,12.36089,12.36439,0.00,0.00
2016.04.26 05:31:59.278,12.3609,12.36439,0.00,0.00
2016.04.26 05:31:59.793,12.36089,12.36439,0.00,0.00
2016.04.26 05:32:00.481,12.3609,12.36439,0.00,0.00
2016.04.26 05:32:00.982,12.36089,12.36439,0.00,0.00
2016.04.26 05:32:01.764,12.3609,12.36439,0.00,0.00
2016.04.26 05:32:03.794,12.36089,12.36439,0.00,0.00
2016.04.26 05:32:04.341,12.3609,12.36439,0.00,0.00
2016.04.26 05:32:04.883,12.36089,12.36439,0.00,0.00
2016.04.26 05:32:05.397,12.3609,12.36439,0.00,0.00
2016.04.26 05:32:06.997,12.36089,12.36439,0.00,0.00
2016.04.26 05:32:08.501,12.3609,12.36439,0.00,0.00
2016.04.26 05:32:09.002,12.36089,12.36439,0.00,0.00
2016.04.26 05:32:09.661,12.36089,12.36468,0.00,0.00
2016.04.26 05:32:09.711,12.36078,12.3641,0.00,0.00
2016.04.26 05:32:09.762,12.36068,12.3641,0.00,0.00
2016.04.26 05:32:09.813,12.36068,12.36441,0.00,0.00
2016.04.26 05:32:09.863,12.36049,12.36422,0.00,0.00
2016.04.26 05:32:09.964,12.36049,12.36432,0.00,0.00
2016.04.26 05:32:10.015,12.36048,12.3641,0.00,0.00
2016.04.26 05:32:10.159,12.3601,12.36392,0.00,0.00
2016.04.26 05:32:10.473,12.36009,12.36402,0.00,0.00
2016.04.26 05:32:12.010,12.3601,12.36402,0.00,0.00
2016.04.26 05:32:12.219,12.3605,12.36402,0.00,0.00
2016.04.26 05:32:12.371,12.36058,12.36439,0.00,0.00
2016.04.26 05:32:12.422,12.36058,12.36421,0.00,0.00
2016.04.26 05:32:12.472,12.36049,12.36421,0.00,0.00
2016.04.26 05:32:12.523,12.3605,12.36432,0.00,0.00
2016.04.26 05:32:12.674,12.36058,12.36439,0.00,0.00
2016.04.26 05:32:13.064,12.36049,12.36439,0.00,0.00
2016.04.26 05:32:13.674,12.3605,12.36439,0.00,0.00
2016.04.26 05:32:13.815,12.36059,12.36439,0.00,0.00
2016.04.26 05:32:14.718,12.3606,12.36439,0.00,0.00
2016.04.26 05:32:15.034,12.36189,12.36461,0.00,0.00
2016.04.26 05:32:15.117,12.36189,12.36551,0.00,0.00
2016.04.26 05:32:15.168,12.3619,12.3656,0.00,0.00
2016.04.26 05:32:15.218,12.3619,12.36552,0.00,0.00
2016.04.26 05:32:15.522,12.36189,12.36541,0.00,0.00
2016.04.26 05:32:15.847,12.36189,12.36532,0.00,0.00
2016.04.26 05:32:16.113,12.3619,12.36539,0.00,0.00
2016.04.26 05:32:16.745,12.36179,12.36481,0.00,0.00
2016.04.26 05:32:16.897,12.3609,12.36438,0.00,0.00
2016.04.26 05:32:18.526,12.36089,12.36438,0.00,0.00
2016.04.26 05:32:18.649,12.36159,12.36438,0.00,0.00
2016.04.26 05:32:18.700,12.36159,12.36461,0.00,0.00
2016.04.26 05:32:18.750,12.36189,12.36461,0.00,0.00
2016.04.26 05:32:18.801,12.36189,12.36538,0.00,0.00
2016.04.26 05:32:19.308,12.3619,12.36538,0.00,0.00
2016.04.26 05:32:19.829,12.36189,12.36538,0.00,0.00
2016.04.26 05:32:20.351,12.3619,12.36538,0.00,0.00
2016.04.26 05:32:20.961,12.36189,12.36538,0.00,0.00
2016.04.26 05:32:21.285,12.3619,12.36532,0.00,0.00
2016.04.26 05:32:21.407,12.36189,12.36538,0.00,0.00
2016.04.26 05:32:21.936,12.3619,12.36538,0.00,0.00
2016.04.26 05:32:21.987,12.3619,12.36532,0.00,0.00
2016.04.26 05:32:22.565,12.36149,12.36481,0.00,0.00
2016.04.26 05:32:22.719,12.3609,12.36462,0.00,0.00
2016.04.26 05:32:22.820,12.3609,12.36442,0.00,0.00
2016.04.26 05:32:22.921,12.36089,12.36452,0.00,0.00
2016.04.26 05:32:23.022,12.36089,12.36442,0.00,0.00
2016.04.26 05:32:23.339,12.3609,12.36432,0.00,0.00
2016.04.26 05:32:23.390,12.3609,12.36439,0.00,0.00
2016.04.26 05:32:23.441,12.3609,12.3643,0.00,0.00
2016.04.26 05:32:23.977,12.36089,12.36431,0.00,0.00
2016.04.26 05:32:24.377,12.36189,12.36442,0.00,0.00
2016.04.26 05:32:24.428,12.36189,12.36521,0.00,0.00
2016.04.26 05:32:24.479,12.36189,12.36552,0.00,0.00
2016.04.26 05:32:24.530,12.36189,12.36561,0.00,0.00
2016.04.26 05:32:24.588,12.3625,12.36571,0.00,0.00
2016.04.26 05:32:24.638,12.3625,12.36581,0.00,0.00
2016.04.26 05:32:24.699,12.3625,12.36632,0.00,0.00
2016.04.26 05:32:24.750,12.36269,12.36632,0.00,0.00
2016.04.26 05:32:24.801,12.36269,12.36639,0.00,0.00
2016.04.26 05:32:25.343,12.36279,12.36639,0.00,0.00
2016.04.26 05:32:26.044,12.3628,12.36639,0.00,0.00
2016.04.26 05:32:26.345,12.3627,12.36639,0.00,0.00
2016.04.26 05:32:26.919,12.36269,12.36639,0.00,0.00
2016.04.26 05:32:27.747,12.36249,12.36639,0.00,0.00
2016.04.26 05:32:27.798,12.36249,12.36622,0.00,0.00
2016.04.26 05:32:27.899,12.3626,12.36639,0.00,0.00
2016.04.26 05:32:28.449,12.36259,12.36639,0.00,0.00
2016.04.26 05:32:28.795,12.36278,12.36639,0.00,0.00
2016.04.26 05:32:28.900,12.3626,12.36639,0.00,0.00
2016.04.26 05:32:29.526,12.36259,12.36639,0.00,0.00
2016.04.26 05:32:29.953,12.36259,12.36591,0.00,0.00
2016.04.26 05:32:30.003,12.36238,12.36591,0.00,0.00
2016.04.26 05:32:30.104,12.3622,12.36572,0.00,0.00
2016.04.26 05:32:30.319,12.36219,12.36592,0.00,0.00
2016.04.26 05:32:30.521,12.36219,12.36582,0.00,0.00
2016.04.26 05:32:32.056,12.3622,12.36582,0.00,0.00
2016.04.26 05:32:32.580,12.36219,12.36582,0.00,0.00
2016.04.26 05:32:33.189,12.3622,12.36582,0.00,0.00
2016.04.26 05:32:33.900,12.36219,12.36582,0.00,0.00
2016.04.26 05:32:34.254,12.36219,12.36591,0.00,0.00
2016.04.26 05:32:34.955,12.36219,12.36611,0.00,0.00
2016.04.26 05:32:35.106,12.36249,12.36612,0.00,0.00
2016.04.26 05:32:35.156,12.36249,12.36639,0.00,0.00
2016.04.26 05:32:35.378,12.36249,12.36591,0.00,0.00
2016.04.26 05:32:35.880,12.36249,12.36621,0.00,0.00
2016.04.26 05:32:35.977,12.36249,12.36591,0.00,0.00
2016.04.26 05:32:36.079,12.3625,12.3662,0.00,0.00
2016.04.26 05:32:36.667,12.3622,12.36592,0.00,0.00
2016.04.26 05:32:37.768,12.36219,12.36592,0.00,0.00
2016.04.26 05:32:39.684,12.36219,12.36582,0.00,0.00
2016.04.26 05:32:39.996,12.3619,12.36538,0.00,0.00
2016.04.26 05:32:40.374,12.36208,12.36538,0.00,0.00
2016.04.26 05:32:40.499,12.36208,12.3658,0.00,0.00
2016.04.26 05:32:41.079,12.36198,12.3658,0.00,0.00
2016.04.26 05:32:41.771,12.36198,12.36581,0.00,0.00
2016.04.26 05:32:42.378,12.36198,12.3658,0.00,0.00
2016.04.26 05:32:42.879,12.36198,12.36581,0.00,0.00
2016.04.26 05:32:43.681,12.36198,12.3658,0.00,0.00
2016.04.26 05:32:43.802,12.3619,12.36571,0.00,0.00
2016.04.26 05:32:44.134,12.36199,12.36581,0.00,0.00
2016.04.26 05:32:45.586,12.36199,12.3658,0.00,0.00
2016.04.26 05:32:46.587,12.36199,12.36581,0.00,0.00
2016.04.26 05:32:47.489,12.36199,12.3658,0.00,0.00
2016.04.26 05:32:48.043,12.36199,12.36581,0.00,0.00
2016.04.26 05:32:48.743,12.36218,12.36581,0.00,0.00
2016.04.26 05:32:48.806,12.36208,12.36581,0.00,0.00
2016.04.26 05:32:49.593,12.36208,12.3658,0.00,0.00
2016.04.26 05:32:50.094,12.36208,12.36581,0.00,0.00
2016.04.26 05:32:50.595,12.36208,12.3658,0.00,0.00
2016.04.26 05:32:51.130,12.36208,12.36581,0.00,0.00
2016.04.26 05:32:52.098,12.36208,12.3658,0.00,0.00
2016.04.26 05:32:53.100,12.36208,12.36581,0.00,0.00
2016.04.26 05:32:53.688,12.36208,12.3658,0.00,0.00
2016.04.26 05:32:54.605,12.36208,12.36581,0.00,0.00
2016.04.26 05:32:55.608,12.36208,12.3658,0.00,0.00
2016.04.26 05:32:55.709,12.3619,12.3658,0.00,0.00
2016.04.26 05:32:55.759,12.36208,12.3658,0.00,0.00
2016.04.26 05:32:56.709,12.36208,12.36581,0.00,0.00
2016.04.26 05:32:59.215,12.36208,12.3658,0.00,0.00
2016.04.26 05:32:59.527,12.36219,12.36581,0.00,0.00
2016.04.26 05:32:59.590,12.36208,12.36581,0.00,0.00
2016.04.26 05:33:00.316,12.36208,12.36539,0.00,0.00
2016.04.26 05:33:00.367,12.3619,12.36539,0.00,0.00
2016.04.26 05:33:02.521,12.36189,12.36539,0.00,0.00
2016.04.26 05:33:03.022,12.3619,12.36539,0.00,0.00
2016.04.26 05:33:04.024,12.36189,12.36539,0.00,0.00
2016.04.26 05:33:04.525,12.3619,12.36539,0.00,0.00
2016.04.26 05:33:05.066,12.36189,12.36539,0.00,0.00
2016.04.26 05:33:05.578,12.3619,12.36539,0.00,0.00
2016.04.26 05:33:06.229,12.36189,12.36539,0.00,0.00
2016.04.26 05:33:08.920,12.36189,12.36521,0.00,0.00
2016.04.26 05:33:08.971,12.36149,12.36521,0.00,0.00
2016.04.26 05:33:09.120,12.36149,12.36532,0.00,0.00
2016.04.26 05:33:09.739,12.3615,12.36532,0.00,0.00
2016.04.26 05:33:10.958,12.36149,12.36532,0.00,0.00
2016.04.26 05:33:12.882,12.36158,12.36539,0.00,0.00
2016.04.26 05:33:13.243,12.3618,12.36539,0.00,0.00
2016.04.26 05:33:13.644,12.36188,12.36539,0.00,0.00
2016.04.26 05:33:13.922,12.3618,12.36539,0.00,0.00
2016.04.26 05:33:14.862,12.3617,12.36539,0.00,0.00
2016.04.26 05:33:15.046,12.36168,12.36539,0.00,0.00
2016.04.26 05:33:15.139,12.36159,12.36539,0.00,0.00
2016.04.26 05:33:15.798,12.36179,12.36539,0.00,0.00
2016.04.26 05:33:15.899,12.36158,12.36539,0.00,0.00
2016.04.26 05:33:17.952,12.36159,12.36539,0.00,0.00
2016.04.26 05:33:18.052,12.3618,12.36539,0.00,0.00
2016.04.26 05:33:18.553,12.36178,12.36539,0.00,0.00
2016.04.26 05:33:18.604,12.36169,12.36539,0.00,0.00
2016.04.26 05:33:20.023,12.36169,12.36551,0.00,0.00
2016.04.26 05:33:20.074,12.36249,12.36592,0.00,0.00
2016.04.26 05:33:20.125,12.36249,12.36611,0.00,0.00
2016.04.26 05:33:20.226,12.36268,12.36661,0.00,0.00
2016.04.26 05:33:20.427,12.36249,12.36641,0.00,0.00
2016.04.26 05:33:20.752,12.36268,12.36652,0.00,0.00
2016.04.26 05:33:21.082,12.36278,12.36638,0.00,0.00
2016.04.26 05:33:21.399,12.3629,12.36638,0.00,0.00
2016.04.26 05:33:22.265,12.36289,12.36638,0.00,0.00
2016.04.26 05:33:23.468,12.3629,12.36638,0.00,0.00
2016.04.26 05:33:23.931,12.36298,12.36638,0.00,0.00
2016.04.26 05:33:24.032,12.36289,12.36638,0.00,0.00
2016.04.26 05:33:24.715,12.3629,12.36638,0.00,0.00
2016.04.26 05:33:25.679,12.36289,12.36638,0.00,0.00
2016.04.26 05:33:26.781,12.3629,12.36638,0.00,0.00
2016.04.26 05:33:27.135,12.36299,12.36638,0.00,0.00
2016.04.26 05:33:27.260,12.36319,12.3667,0.00,0.00
2016.04.26 05:33:27.310,12.3645,12.36701,0.00,0.00
2016.04.26 05:33:27.361,12.3645,12.3672,0.00,0.00
2016.04.26 05:33:27.412,12.36479,12.36769,0.00,0.00
2016.04.26 05:33:27.513,12.36529,12.36769,0.00,0.00
2016.04.26 05:33:27.563,12.36529,12.36831,0.00,0.00
2016.04.26 05:33:27.614,12.36489,12.36839,0.00,0.00
2016.04.26 05:33:27.665,12.36499,12.36839,0.00,0.00
2016.04.26 05:33:27.985,12.36529,12.36839,0.00,0.00
2016.04.26 05:33:28.504,12.3653,12.36839,0.00,0.00
2016.04.26 05:33:29.005,12.36529,12.36839,0.00,0.00
2016.04.26 05:33:29.537,12.36489,12.3678,0.00,0.00
2016.04.26 05:33:29.587,12.3648,12.3678,0.00,0.00
2016.04.26 05:33:30.192,12.36479,12.36781,0.00,0.00
2016.04.26 05:33:30.707,12.36449,12.36791,0.00,0.00
2016.04.26 05:33:30.758,12.36449,12.36738,0.00,0.00
2016.04.26 05:33:31.079,12.36479,12.36738,0.00,0.00
2016.04.26 05:33:31.542,12.36479,12.36811,0.00,0.00
2016.04.26 05:33:32.199,12.3648,12.3681,0.00,0.00
2016.04.26 05:33:32.736,12.36479,12.36811,0.00,0.00
2016.04.26 05:33:32.837,12.36479,12.36801,0.00,0.00
2016.04.26 05:33:33.604,12.3648,12.368,0.00,0.00
2016.04.26 05:33:33.705,12.3648,12.3681,0.00,0.00
2016.04.26 05:33:34.251,12.36448,12.36738,0.00,0.00
2016.04.26 05:33:34.351,12.36429,12.36738,0.00,0.00
2016.04.26 05:33:34.481,12.3648,12.36738,0.00,0.00
2016.04.26 05:33:35.008,12.36479,12.36738,0.00,0.00
2016.04.26 05:33:35.059,12.36479,12.36811,0.00,0.00
2016.04.26 05:33:35.607,12.3648,12.3681,0.00,0.00
2016.04.26 05:33:36.175,12.3648,12.36739,0.00,0.00
2016.04.26 05:33:36.225,12.36429,12.36739,0.00,0.00
2016.04.26 05:33:36.928,12.3643,12.36739,0.00,0.00
2016.04.26 05:33:37.466,12.36429,12.36739,0.00,0.00
2016.04.26 05:33:37.950,12.3643,12.3669,0.00,0.00
2016.04.26 05:33:38.051,12.3643,12.3672,0.00,0.00
2016.04.26 05:33:38.430,12.36379,12.36681,0.00,0.00
2016.04.26 05:33:38.531,12.3633,12.3668,0.00,0.00
2016.04.26 05:33:38.783,12.36348,12.36681,0.00,0.00
2016.04.26 05:33:38.985,12.36429,12.36768,0.00,0.00
2016.04.26 05:33:39.086,12.3643,12.3678,0.00,0.00
2016.04.26 05:33:39.136,12.3648,12.3678,0.00,0.00
2016.04.26 05:33:40.223,12.36479,12.36781,0.00,0.00
2016.04.26 05:33:44.155,12.3653,12.36831,0.00,0.00
2016.04.26 05:33:44.490,12.3663,12.36838,0.00,0.00
2016.04.26 05:33:44.591,12.36679,12.36971,0.00,0.00
2016.04.26 05:33:44.642,12.36679,12.36951,0.00,0.00
2016.04.26 05:33:44.743,12.36729,12.37011,0.00,0.00
2016.04.26 05:33:44.844,12.36679,12.37011,0.00,0.00
2016.04.26 05:33:44.894,12.36688,12.37011,0.00,0.00
2016.04.26 05:33:44.974,12.36679,12.37011,0.00,0.00
2016.04.26 05:33:45.541,12.3668,12.3701,0.00,0.00
2016.04.26 05:33:46.201,12.36679,12.37011,0.00,0.00
2016.04.26 05:33:46.847,12.3668,12.3701,0.00,0.00
2016.04.26 05:33:47.449,12.36679,12.37011,0.00,0.00
2016.04.26 05:33:48.050,12.3668,12.3701,0.00,0.00
2016.04.26 05:33:48.651,12.36679,12.37011,0.00,0.00
2016.04.26 05:33:49.053,12.3673,12.3704,0.00,0.00
2016.04.26 05:33:49.555,12.36729,12.37039,0.00,0.00
2016.04.26 05:33:50.096,12.36729,12.36939,0.00,0.00
2016.04.26 05:33:50.204,12.36688,12.36939,0.00,0.00
2016.04.26 05:33:50.306,12.36629,12.36939,0.00,0.00
2016.04.26 05:33:50.957,12.3663,12.36939,0.00,0.00
2016.04.26 05:33:51.968,12.36629,12.36939,0.00,0.00
2016.04.26 05:33:53.901,12.36629,12.36971,0.00,0.00
2016.04.26 05:33:54.002,12.36779,12.37012,0.00,0.00
2016.04.26 05:33:54.053,12.36779,12.37069,0.00,0.00
2016.04.26 05:33:54.103,12.36879,12.37069,0.00,0.00
2016.04.26 05:33:54.204,12.36829,12.37138,0.00,0.00
2016.04.26 05:33:54.305,12.36879,12.37138,0.00,0.00
2016.04.26 05:33:54.557,12.37009,12.37361,0.00,0.00
2016.04.26 05:33:54.608,12.36979,12.37351,0.00,0.00
2016.04.26 05:33:54.709,12.3698,12.3736,0.00,0.00
2016.04.26 05:33:54.810,12.3695,12.37238,0.00,0.00
2016.04.26 05:33:55.140,12.3698,12.37238,0.00,0.00
2016.04.26 05:33:55.603,12.36979,12.37311,0.00,0.00
2016.04.26 05:33:56.368,12.3698,12.3731,0.00,0.00
2016.04.26 05:33:56.488,12.36938,12.37238,0.00,0.00
2016.04.26 05:33:56.539,12.36929,12.37238,0.00,0.00
2016.04.26 05:33:56.625,12.36979,12.37238,0.00,0.00
2016.04.26 05:33:57.314,12.3698,12.3731,0.00,0.00
2016.04.26 05:33:57.808,12.36939,12.3728,0.00,0.00
2016.04.26 05:33:57.909,12.36929,12.37281,0.00,0.00
2016.04.26 05:33:58.119,12.3693,12.37239,0.00,0.00
2016.04.26 05:33:58.798,12.36929,12.37239,0.00,0.00
2016.04.26 05:33:59.118,12.36868,12.37139,0.00,0.00
2016.04.26 05:33:59.169,12.36829,12.37139,0.00,0.00
2016.04.26 05:33:59.676,12.3683,12.37139,0.00,0.00
2016.04.26 05:34:00.478,12.36829,12.37139,0.00,0.00
2016.04.26 05:34:01.379,12.3683,12.37139,0.00,0.00
2016.04.26 05:34:01.963,12.36829,12.37139,0.00,0.00
2016.04.26 05:34:02.495,12.36879,12.37181,0.00,0.00
2016.04.26 05:34:02.696,12.36929,12.37238,0.00,0.00
2016.04.26 05:34:02.983,12.36979,12.37238,0.00,0.00
2016.04.26 05:34:03.084,12.37019,12.37312,0.00,0.00
2016.04.26 05:34:03.135,12.37019,12.37332,0.00,0.00
2016.04.26 05:34:03.186,12.37209,12.37332,0.00,0.00
2016.04.26 05:34:03.236,12.37209,12.37441,0.00,0.00
2016.04.26 05:34:03.287,12.37429,12.37532,0.00,0.00
2016.04.26 05:34:03.388,12.37399,12.37639,0.00,0.00
2016.04.26 05:34:03.439,12.37388,12.37639,0.00,0.00
2016.04.26 05:34:03.490,12.37379,12.37639,0.00,0.00
2016.04.26 05:34:03.719,12.3733,12.37639,0.00,0.00
2016.04.26 05:34:03.886,12.3733,12.376,0.00,0.00
2016.04.26 05:34:03.987,12.37329,12.37639,0.00,0.00
2016.04.26 05:34:04.038,12.37338,12.37639,0.00,0.00
2016.04.26 05:34:04.089,12.3738,12.37732,0.00,0.00
2016.04.26 05:34:04.140,12.3738,12.37741,0.00,0.00
2016.04.26 05:34:04.190,12.37368,12.3767,0.00,0.00
2016.04.26 05:34:04.291,12.37329,12.37681,0.00,0.00
2016.04.26 05:34:04.394,12.37329,12.37671,0.00,0.00
2016.04.26 05:34:04.521,12.37339,12.37721,0.00,0.00
2016.04.26 05:34:04.622,12.37358,12.3758,0.00,0.00
2016.04.26 05:34:04.724,12.37369,12.37671,0.00,0.00
2016.04.26 05:34:04.835,12.3738,12.3767,0.00,0.00
2016.04.26 05:34:04.897,12.37369,12.37671,0.00,0.00
2016.04.26 05:34:04.948,12.37339,12.37671,0.00,0.00
2016.04.26 05:34:05.322,12.3733,12.3767,0.00,0.00
2016.04.26 05:34:05.423,12.37338,12.37681,0.00,0.00
2016.04.26 05:34:05.790,12.37329,12.37681,0.00,0.00
2016.04.26 05:34:06.338,12.3733,12.3768,0.00,0.00
2016.04.26 05:34:06.439,12.37329,12.37671,0.00,0.00
2016.04.26 05:34:06.924,12.37319,12.37581,0.00,0.00
2016.04.26 05:34:06.995,12.37298,12.3766,0.00,0.00
2016.04.26 05:34:07.097,12.37279,12.37642,0.00,0.00
2016.04.26 05:34:07.225,12.3728,12.3765,0.00,0.00
2016.04.26 05:34:07.326,12.37299,12.3766,0.00,0.00
2016.04.26 05:34:07.477,12.37279,12.37641,0.00,0.00
2016.04.26 05:34:07.578,12.3728,12.3766,0.00,0.00
2016.04.26 05:34:07.679,12.37298,12.37661,0.00,0.00
2016.04.26 05:34:08.007,12.37308,12.3766,0.00,0.00
2016.04.26 05:34:08.094,12.37308,12.37671,0.00,0.00
2016.04.26 05:34:08.387,12.37319,12.37671,0.00,0.00
2016.04.26 05:34:08.717,12.37348,12.3768,0.00,0.00
2016.04.26 05:34:09.260,12.37348,12.37681,0.00,0.00
2016.04.26 05:34:09.579,12.37279,12.3757,0.00,0.00
2016.04.26 05:34:09.680,12.37229,12.37571,0.00,0.00
2016.04.26 05:34:09.800,12.3723,12.3758,0.00,0.00
2016.04.26 05:34:10.169,12.37249,12.3758,0.00,0.00
2016.04.26 05:34:10.220,12.37279,12.37641,0.00,0.00
2016.04.26 05:34:10.321,12.37308,12.37671,0.00,0.00
2016.04.26 05:34:10.481,12.37289,12.37671,0.00,0.00
2016.04.26 05:34:10.685,12.37308,12.37671,0.00,0.00
2016.04.26 05:34:11.029,12.3733,12.3767,0.00,0.00
2016.04.26 05:34:11.229,12.37328,12.37671,0.00,0.00
2016.04.26 05:34:11.280,12.37308,12.37671,0.00,0.00
2016.04.26 05:34:11.382,12.37279,12.3767,0.00,0.00
2016.04.26 05:34:11.483,12.37318,12.37671,0.00,0.00
2016.04.26 05:34:11.883,12.37328,12.3767,0.00,0.00
2016.04.26 05:34:12.274,12.37298,12.37671,0.00,0.00
2016.04.26 05:34:12.689,12.37328,12.37671,0.00,0.00
2016.04.26 05:34:12.992,12.37338,12.3767,0.00,0.00
2016.04.26 05:34:13.185,12.37328,12.37671,0.00,0.00
2016.04.26 05:34:13.286,12.37339,12.3767,0.00,0.00
2016.04.26 05:34:13.387,12.37308,12.3767,0.00,0.00
2016.04.26 05:34:13.697,12.37328,12.37671,0.00,0.00
2016.04.26 05:34:14.280,12.37329,12.3767,0.00,0.00
2016.04.26 05:34:14.587,12.37308,12.37611,0.00,0.00
2016.04.26 05:34:14.637,12.37308,12.3762,0.00,0.00
2016.04.26 05:34:14.688,12.37258,12.3762,0.00,0.00
2016.04.26 05:34:15.080,12.37268,12.37621,0.00,0.00
2016.04.26 05:34:15.281,12.3725,12.3762,0.00,0.00
2016.04.26 05:34:15.331,12.37248,12.3758,0.00,0.00
2016.04.26 05:34:15.516,12.37219,12.37571,0.00,0.00
2016.04.26 05:34:15.726,12.37239,12.3757,0.00,0.00
2016.04.26 05:34:16.033,12.37248,12.37571,0.00,0.00
2016.04.26 05:34:16.440,12.37218,12.37571,0.00,0.00
2016.04.26 05:34:16.917,12.37238,12.37571,0.00,0.00
2016.04.26 05:34:17.324,12.37219,12.37571,0.00,0.00
2016.04.26 05:34:17.425,12.37198,12.3757,0.00,0.00
2016.04.26 05:34:17.727,12.37208,12.3757,0.00,0.00
2016.04.26 05:34:18.337,12.37208,12.37571,0.00,0.00
2016.04.26 05:34:18.671,12.37228,12.37571,0.00,0.00
2016.04.26 05:34:18.772,12.37248,12.37611,0.00,0.00
2016.04.26 05:34:18.823,12.37238,12.37611,0.00,0.00
2016.04.26 05:34:18.874,12.37238,12.37571,0.00,0.00
2016.04.26 05:34:19.091,12.37229,12.3757,0.00,0.00
2016.04.26 05:34:20.442,12.37229,12.37571,0.00,0.00
2016.04.26 05:34:20.996,12.37229,12.3757,0.00,0.00
2016.04.26 05:34:21.647,12.37229,12.37571,0.00,0.00
2016.04.26 05:34:21.711,12.37218,12.37571,0.00,0.00
2016.04.26 05:34:22.012,12.37239,12.37571,0.00,0.00
2016.04.26 05:34:22.113,12.37198,12.37571,0.00,0.00
2016.04.26 05:34:22.214,12.37239,12.37571,0.00,0.00
2016.04.26 05:34:23.013,12.37198,12.37571,0.00,0.00
2016.04.26 05:34:23.751,12.37198,12.3757,0.00,0.00
2016.04.26 05:34:24.104,12.37209,12.37571,0.00,0.00
2016.04.26 05:34:24.405,12.37218,12.37571,0.00,0.00
2016.04.26 05:34:24.507,12.37208,12.37571,0.00,0.00
2016.04.26 05:34:24.608,12.37239,12.3757,0.00,0.00
2016.04.26 05:34:24.793,12.37319,12.37671,0.00,0.00
2016.04.26 05:34:25.007,12.37329,12.37671,0.00,0.00
2016.04.26 05:34:25.108,12.37308,12.37671,0.00,0.00
2016.04.26 05:34:25.159,12.37308,12.3762,0.00,0.00
2016.04.26 05:34:25.210,12.37288,12.3762,0.00,0.00
2016.04.26 05:34:25.311,12.37269,12.3762,0.00,0.00
2016.04.26 05:34:25.412,12.37288,12.37621,0.00,0.00
2016.04.26 05:34:25.513,12.37268,12.37621,0.00,0.00
2016.04.26 05:34:26.004,12.37258,12.37621,0.00,0.00
2016.04.26 05:34:26.410,12.37269,12.37621,0.00,0.00
2016.04.26 05:34:27.262,12.37269,12.3762,0.00,0.00
2016.04.26 05:34:27.915,12.37259,12.3762,0.00,0.00
2016.04.26 05:34:28.507,12.37279,12.37661,0.00,0.00
2016.04.26 05:34:28.615,12.37318,12.37671,0.00,0.00
2016.04.26 05:34:28.916,12.37298,12.37671,0.00,0.00
2016.04.26 05:34:29.122,12.37319,12.3767,0.00,0.00
2016.04.26 05:34:29.622,12.37329,12.37671,0.00,0.00
2016.04.26 05:34:30.269,12.37329,12.3767,0.00,0.00
2016.04.26 05:34:30.323,12.37308,12.3767,0.00,0.00
2016.04.26 05:34:30.871,12.37298,12.3767,0.00,0.00
2016.04.26 05:34:31.024,12.37289,12.3767,0.00,0.00
2016.04.26 05:34:31.125,12.37338,12.37671,0.00,0.00
2016.04.26 05:34:31.324,12.37288,12.3767,0.00,0.00
2016.04.26 05:34:31.625,12.37299,12.3767,0.00,0.00
2016.04.26 05:34:32.205,12.37299,12.37671,0.00,0.00
2016.04.26 05:34:32.769,12.37299,12.3767,0.00,0.00
2016.04.26 05:34:33.099,12.37309,12.3767,0.00,0.00
2016.04.26 05:34:33.428,12.37299,12.37671,0.00,0.00
2016.04.26 05:34:33.880,12.37299,12.37661,0.00,0.00
2016.04.26 05:34:34.079,12.37289,12.3767,0.00,0.00
2016.04.26 05:34:34.381,12.37289,12.37661,0.00,0.00
2016.04.26 05:34:34.432,12.37278,12.37661,0.00,0.00
2016.04.26 05:34:34.581,12.37278,12.3767,0.00,0.00
2016.04.26 05:34:34.632,12.37298,12.3767,0.00,0.00
2016.04.26 05:34:34.733,12.37279,12.37671,0.00,0.00
2016.04.26 05:34:35.233,12.37299,12.37671,0.00,0.00
2016.04.26 05:34:35.435,12.37288,12.37671,0.00,0.00
2016.04.26 05:34:35.900,12.37309,12.37671,0.00,0.00
2016.04.26 05:34:36.400,12.37329,12.3767,0.00,0.00
2016.04.26 05:34:36.737,12.37308,12.37671,0.00,0.00
2016.04.26 05:34:36.838,12.37298,12.3767,0.00,0.00
2016.04.26 05:34:37.243,12.37308,12.3767,0.00,0.00
2016.04.26 05:34:37.722,12.37319,12.3767,0.00,0.00
2016.04.26 05:34:38.590,12.37319,12.37661,0.00,0.00
2016.04.26 05:34:38.645,12.37298,12.37661,0.00,0.00
2016.04.26 05:34:38.746,12.37269,12.37661,0.00,0.00
2016.04.26 05:34:38.945,12.37279,12.37661,0.00,0.00
2016.04.26 05:34:39.418,12.37329,12.37671,0.00,0.00
2016.04.26 05:34:39.993,12.3738,12.3768,0.00,0.00
2016.04.26 05:34:40.295,12.3738,12.377,0.00,0.00
2016.04.26 05:34:40.727,12.37379,12.37711,0.00,0.00
2016.04.26 05:34:42.100,12.37429,12.37711,0.00,0.00
2016.04.26 05:34:42.201,12.37449,12.37769,0.00,0.00
2016.04.26 05:34:42.302,12.3745,12.3772,0.00,0.00
2016.04.26 05:34:42.453,12.3743,12.3772,0.00,0.00
2016.04.26 05:34:42.604,12.37429,12.37761,0.00,0.00
2016.04.26 05:34:43.144,12.3743,12.3776,0.00,0.00
2016.04.26 05:34:43.302,12.37399,12.37769,0.00,0.00
2016.04.26 05:34:43.403,12.37429,12.37761,0.00,0.00
2016.04.26 05:34:43.603,12.37429,12.37769,0.00,0.00
2016.04.26 05:34:44.205,12.3743,12.37769,0.00,0.00
2016.04.26 05:34:44.706,12.37429,12.37769,0.00,0.00
2016.04.26 05:34:45.207,12.3743,12.37769,0.00,0.00
2016.04.26 05:34:45.745,12.37429,12.37769,0.00,0.00
2016.04.26 05:34:46.914,12.3743,12.37769,0.00,0.00
2016.04.26 05:34:47.416,12.37429,12.37769,0.00,0.00
2016.04.26 05:34:47.917,12.3743,12.37769,0.00,0.00
2016.04.26 05:34:48.410,12.37448,12.3777,0.00,0.00
2016.04.26 05:34:48.720,12.37579,12.37891,0.00,0.00
2016.04.26 05:34:50.123,12.3758,12.3789,0.00,0.00
2016.04.26 05:34:50.670,12.37579,12.37891,0.00,0.00
2016.04.26 05:34:51.828,12.3763,12.3789,0.00,0.00
2016.04.26 05:34:51.929,12.37598,12.37891,0.00,0.00
2016.04.26 05:34:52.030,12.3763,12.37878,0.00,0.00
2016.04.26 05:34:52.181,12.37529,12.37821,0.00,0.00
2016.04.26 05:34:52.232,12.3753,12.37878,0.00,0.00
2016.04.26 05:34:53.233,12.37539,12.37878,0.00,0.00
2016.04.26 05:34:54.035,12.3753,12.37878,0.00,0.00
2016.04.26 05:34:54.608,12.37529,12.37878,0.00,0.00
2016.04.26 05:34:54.936,12.37579,12.37878,0.00,0.00
2016.04.26 05:34:54.987,12.37579,12.37891,0.00,0.00
2016.04.26 05:34:55.037,12.37588,12.37891,0.00,0.00
2016.04.26 05:34:55.337,12.3753,12.37878,0.00,0.00
2016.04.26 05:34:55.623,12.37538,12.3789,0.00,0.00
2016.04.26 05:34:55.674,12.3758,12.3789,0.00,0.00
2016.04.26 05:34:56.003,12.3763,12.3789,0.00,0.00
2016.04.26 05:34:56.054,12.37608,12.3788,0.00,0.00
2016.04.26 05:34:56.105,12.37599,12.3788,0.00,0.00
2016.04.26 05:34:56.205,12.3758,12.3788,0.00,0.00
2016.04.26 05:34:56.256,12.37629,12.37881,0.00,0.00
2016.04.26 05:34:56.458,12.37629,12.37891,0.00,0.00
2016.04.26 05:34:56.559,12.37589,12.37891,0.00,0.00
2016.04.26 05:34:56.610,12.37579,12.37891,0.00,0.00
2016.04.26 05:34:57.343,12.3758,12.3789,0.00,0.00
2016.04.26 05:34:57.909,12.37579,12.37891,0.00,0.00
2016.04.26 05:34:58.648,12.3763,12.37958,0.00,0.00
2016.04.26 05:34:59.750,12.37629,12.37958,0.00,0.00
2016.04.26 05:35:00.079,12.37618,12.37941,0.00,0.00
2016.04.26 05:35:00.130,12.37588,12.37919,0.00,0.00
2016.04.26 05:35:00.181,12.37588,12.37911,0.00,0.00
2016.04.26 05:35:00.303,12.37579,12.37911,0.00,0.00
2016.04.26 05:35:00.354,12.37588,12.37911,0.00,0.00
2016.04.26 05:35:00.413,12.37579,12.37911,0.00,0.00
2016.04.26 05:35:00.464,12.37629,12.37959,0.00,0.00
2016.04.26 05:35:00.766,12.37679,12.37959,0.00,0.00
2016.04.26 05:35:00.867,12.3763,12.37959,0.00,0.00
2016.04.26 05:35:01.373,12.37629,12.37959,0.00,0.00
2016.04.26 05:35:01.890,12.3763,12.37959,0.00,0.00
2016.04.26 05:35:01.941,12.37588,12.37918,0.00,0.00
2016.04.26 05:35:03.181,12.3763,12.37918,0.00,0.00
2016.04.26 05:35:03.231,12.3763,12.3795,0.00,0.00
2016.04.26 05:35:03.282,12.37629,12.37959,0.00,0.00
2016.04.26 05:35:03.369,12.37639,12.37959,0.00,0.00
2016.04.26 05:35:03.584,12.37629,12.37959,0.00,0.00
2016.04.26 05:35:03.671,12.3763,12.3795,0.00,0.00
2016.04.26 05:35:04.021,12.37608,12.3789,0.00,0.00
2016.04.26 05:35:04.072,12.3758,12.3789,0.00,0.00
2016.04.26 05:35:04.196,12.3758,12.37918,0.00,0.00
2016.04.26 05:35:04.297,12.37579,12.37941,0.00,0.00
2016.04.26 05:35:04.398,12.3763,12.37959,0.00,0.00
2016.04.26 05:35:04.520,12.37608,12.37951,0.00,0.00
2016.04.26 05:35:04.571,12.37599,12.37951,0.00,0.00
2016.04.26 05:35:04.673,12.37599,12.37959,0.00,0.00
2016.04.26 05:35:04.783,12.37619,12.37959,0.00,0.00
2016.04.26 05:35:05.275,12.37608,12.37959,0.00,0.00
2016.04.26 05:35:05.398,12.37639,12.37959,0.00,0.00
2016.04.26 05:35:06.808,12.37618,12.37959,0.00,0.00
2016.04.26 05:35:07.451,12.37638,12.37959,0.00,0.00
2016.04.26 05:35:07.502,12.3766,12.3801,0.00,0.00
2016.04.26 05:35:07.603,12.37699,12.38011,0.00,0.00
2016.04.26 05:35:07.806,12.37698,12.3802,0.00,0.00
2016.04.26 05:35:07.907,12.37719,12.3797,0.00,0.00
2016.04.26 05:35:08.008,12.37628,12.37971,0.00,0.00
2016.04.26 05:35:08.121,12.37619,12.37971,0.00,0.00
2016.04.26 05:35:08.222,12.37639,12.3799,0.00,0.00
2016.04.26 05:35:08.545,12.37658,12.3799,0.00,0.00
2016.04.26 05:35:08.736,12.37618,12.37971,0.00,0.00
2016.04.26 05:35:08.937,12.37618,12.37939,0.00,0.00
2016.04.26 05:35:09.281,12.37638,12.37939,0.00,0.00
2016.04.26 05:35:09.638,12.37679,12.37939,0.00,0.00
2016.04.26 05:35:09.739,12.3768,12.3799,0.00,0.00
2016.04.26 05:35:10.294,12.37679,12.37991,0.00,0.00
2016.04.26 05:35:10.796,12.3768,12.3799,0.00,0.00
2016.04.26 05:35:11.048,12.37688,12.37991,0.00,0.00
2016.04.26 05:35:11.569,12.37688,12.3799,0.00,0.00
2016.04.26 05:35:12.043,12.3768,12.3799,0.00,0.00
2016.04.26 05:35:12.312,12.37729,12.38019,0.00,0.00
2016.04.26 05:35:12.362,12.37729,12.38021,0.00,0.00
2016.04.26 05:35:12.413,12.37699,12.38011,0.00,0.00
2016.04.26 05:35:12.463,12.37719,12.38011,0.00,0.00
2016.04.26 05:35:12.565,12.37698,12.38011,0.00,0.00
2016.04.26 05:35:12.845,12.37679,12.38011,0.00,0.00
2016.04.26 05:35:13.045,12.37688,12.37938,0.00,0.00
2016.04.26 05:35:13.161,12.37668,12.37938,0.00,0.00
2016.04.26 05:35:13.262,12.3763,12.37938,0.00,0.00
2016.04.26 05:35:13.648,12.37638,12.37938,0.00,0.00
2016.04.26 05:35:13.749,12.3763,12.37938,0.00,0.00
2016.04.26 05:35:14.428,12.37629,12.37938,0.00,0.00
2016.04.26 05:35:15.100,12.3763,12.37938,0.00,0.00
2016.04.26 05:35:15.601,12.37629,12.37938,0.00,0.00
2016.04.26 05:35:16.148,12.37588,12.37938,0.00,0.00
2016.04.26 05:35:16.653,12.37588,12.37951,0.00,0.00
2016.04.26 05:35:16.704,12.37588,12.37861,0.00,0.00
2016.04.26 05:35:16.754,12.37558,12.37861,0.00,0.00
2016.04.26 05:35:16.805,12.37558,12.3784,0.00,0.00
2016.04.26 05:35:16.856,12.37498,12.3784,0.00,0.00
2016.04.26 05:35:16.906,12.37498,12.37791,0.00,0.00
2016.04.26 05:35:17.007,12.37478,12.3781,0.00,0.00
2016.04.26 05:35:17.138,12.37459,12.3781,0.00,0.00
2016.04.26 05:35:17.239,12.37489,12.37811,0.00,0.00
2016.04.26 05:35:17.354,12.37449,12.37811,0.00,0.00
2016.04.26 05:35:17.556,12.37489,12.37811,0.00,0.00
2016.04.26 05:35:18.857,12.37459,12.37811,0.00,0.00
2016.04.26 05:35:19.399,12.37459,12.3781,0.00,0.00
2016.04.26 05:35:19.982,12.37459,12.37811,0.00,0.00
2016.04.26 05:35:20.341,12.37459,12.37771,0.00,0.00
2016.04.26 05:35:20.493,12.37419,12.37738,0.00,0.00
2016.04.26 05:35:20.726,12.37438,12.37738,0.00,0.00
2016.04.26 05:35:20.889,12.37429,12.37738,0.00,0.00
2016.04.26 05:35:20.990,12.37408,12.37738,0.00,0.00
2016.04.26 05:35:22.234,12.37438,12.37738,0.00,0.00
2016.04.26 05:35:22.738,12.37418,12.37738,0.00,0.00
2016.04.26 05:35:23.204,12.37439,12.37738,0.00,0.00
2016.04.26 05:35:23.305,12.37418,12.37738,0.00,0.00
2016.04.26 05:35:25.135,12.37428,12.37738,0.00,0.00
2016.04.26 05:35:25.662,12.37428,12.37639,0.00,0.00
2016.04.26 05:35:25.713,12.37389,12.37639,0.00,0.00
2016.04.26 05:35:25.814,12.37379,12.37639,0.00,0.00
2016.04.26 05:35:27.271,12.37379,12.37671,0.00,0.00
2016.04.26 05:35:27.372,12.37379,12.37681,0.00,0.00
2016.04.26 05:35:27.474,12.37388,12.37749,0.00,0.00
2016.04.26 05:35:27.576,12.37409,12.37749,0.00,0.00
2016.04.26 05:35:27.878,12.37398,12.37709,0.00,0.00
2016.04.26 05:35:28.073,12.3738,12.37709,0.00,0.00
2016.04.26 05:35:28.530,12.3738,12.3769,0.00,0.00
2016.04.26 05:35:28.975,12.37379,12.37639,0.00,0.00
2016.04.26 05:35:29.732,12.3738,12.37639,0.00,0.00
2016.04.26 05:35:30.280,12.37379,12.37639,0.00,0.00
2016.04.26 05:35:31.636,12.3738,12.37639,0.00,0.00
2016.04.26 05:35:32.304,12.37379,12.37639,0.00,0.00
2016.04.26 05:35:34.842,12.3738,12.37639,0.00,0.00
2016.04.26 05:35:35.844,12.37379,12.37639,0.00,0.00
2016.04.26 05:35:36.368,12.3738,12.37639,0.00,0.00
2016.04.26 05:35:36.489,12.37339,12.376,0.00,0.00
2016.04.26 05:35:36.540,12.37298,12.376,0.00,0.00
2016.04.26 05:35:36.641,12.37269,12.3762,0.00,0.00
2016.04.26 05:35:36.742,12.37289,12.37639,0.00,0.00
2016.04.26 05:35:37.119,12.37319,12.37639,0.00,0.00
2016.04.26 05:35:39.858,12.37298,12.37639,0.00,0.00
2016.04.26 05:35:40.563,12.37308,12.37639,0.00,0.00
2016.04.26 05:35:42.641,12.37319,12.37639,0.00,0.00
2016.04.26 05:35:43.401,12.3736,12.3771,0.00,0.00
2016.04.26 05:35:43.502,12.37369,12.37749,0.00,0.00
2016.04.26 05:35:43.552,12.37419,12.37749,0.00,0.00
2016.04.26 05:35:43.653,12.37398,12.37749,0.00,0.00
2016.04.26 05:35:43.754,12.37428,12.37749,0.00,0.00
2016.04.26 05:35:44.135,12.37448,12.37749,0.00,0.00
2016.04.26 05:35:44.473,12.37439,12.37739,0.00,0.00
2016.04.26 05:35:45.393,12.37429,12.37739,0.00,0.00
2016.04.26 05:35:45.944,12.3743,12.37739,0.00,0.00
2016.04.26 05:35:46.450,12.37429,12.37739,0.00,0.00
2016.04.26 05:35:46.501,12.37429,12.37771,0.00,0.00
2016.04.26 05:35:46.752,12.37448,12.37771,0.00,0.00
2016.04.26 05:35:47.401,12.37448,12.37791,0.00,0.00
2016.04.26 05:35:48.288,12.37448,12.3779,0.00,0.00
2016.04.26 05:35:49.089,12.37448,12.37791,0.00,0.00
2016.04.26 05:35:49.245,12.3743,12.3779,0.00,0.00
2016.04.26 05:35:49.801,12.37429,12.37791,0.00,0.00
2016.04.26 05:35:50.463,12.3743,12.3779,0.00,0.00
2016.04.26 05:35:50.995,12.37429,12.37791,0.00,0.00
2016.04.26 05:35:51.472,12.37438,12.37791,0.00,0.00
2016.04.26 05:35:51.782,12.3743,12.3777,0.00,0.00
2016.04.26 05:35:52.101,12.37429,12.37781,0.00,0.00
2016.04.26 05:35:52.413,12.3743,12.3779,0.00,0.00
2016.04.26 05:35:52.516,12.3743,12.3777,0.00,0.00
2016.04.26 05:35:53.114,12.375,12.37781,0.00,0.00
2016.04.26 05:35:53.165,12.375,12.3781,0.00,0.00
2016.04.26 05:35:53.216,12.37499,12.37821,0.00,0.00
2016.04.26 05:35:53.267,12.37508,12.37871,0.00,0.00
2016.04.26 05:35:53.368,12.37529,12.37881,0.00,0.00
2016.04.26 05:35:53.653,12.37509,12.37881,0.00,0.00
2016.04.26 05:35:53.758,12.37538,12.3788,0.00,0.00
2016.04.26 05:35:54.045,12.37529,12.37881,0.00,0.00
2016.04.26 05:35:54.257,12.37538,12.37891,0.00,0.00
2016.04.26 05:35:54.812,12.37538,12.3789,0.00,0.00
2016.04.26 05:35:55.313,12.37538,12.37891,0.00,0.00
2016.04.26 05:35:55.364,12.37528,12.37891,0.00,0.00
2016.04.26 05:35:56.419,12.3755,12.3789,0.00,0.00
2016.04.26 05:35:56.541,12.37538,12.37891,0.00,0.00
2016.04.26 05:35:56.592,12.37548,12.37891,0.00,0.00
2016.04.26 05:35:57.119,12.37548,12.3789,0.00,0.00
2016.04.26 05:35:58.654,12.37548,12.37891,0.00,0.00
2016.04.26 05:35:58.765,12.37538,12.3789,0.00,0.00
2016.04.26 05:35:58.824,12.3754,12.3789,0.00,0.00
2016.04.26 05:35:59.641,12.37549,12.37891,0.00,0.00
2016.04.26 05:35:59.754,12.3754,12.3789,0.00,0.00
2016.04.26 05:35:59.830,12.37559,12.3789,0.00,0.00
2016.04.26 05:36:00.078,12.37529,12.37891,0.00,0.00
2016.04.26 05:36:00.179,12.37538,12.37891,0.00,0.00
2016.04.26 05:36:00.575,12.37579,12.37951,0.00,0.00
2016.04.26 05:36:00.629,12.37629,12.37951,0.00,0.00
2016.04.26 05:36:00.680,12.37629,12.37971,0.00,0.00
2016.04.26 05:36:01.735,12.3763,12.3797,0.00,0.00
2016.04.26 05:36:02.339,12.37629,12.37971,0.00,0.00
2016.04.26 05:36:03.241,12.3763,12.3797,0.00,0.00
2016.04.26 05:36:03.742,12.37629,12.37971,0.00,0.00
2016.04.26 05:36:04.243,12.3763,12.3797,0.00,0.00
2016.04.26 05:36:04.895,12.37629,12.37971,0.00,0.00
2016.04.26 05:36:06.849,12.3763,12.3797,0.00,0.00
2016.04.26 05:36:07.350,12.37629,12.37971,0.00,0.00
2016.04.26 05:36:07.408,12.37639,12.37971,0.00,0.00
2016.04.26 05:36:07.954,12.37639,12.3797,0.00,0.00
2016.04.26 05:36:08.505,12.37639,12.37971,0.00,0.00
2016.04.26 05:36:08.555,12.3763,12.3797,0.00,0.00
2016.04.26 05:36:09.244,12.37629,12.37971,0.00,0.00
2016.04.26 05:36:09.754,12.3763,12.3797,0.00,0.00
2016.04.26 05:36:09.942,12.37639,12.37971,0.00,0.00
2016.04.26 05:36:10.244,12.3773,12.3801,0.00,0.00
2016.04.26 05:36:10.395,12.37699,12.38011,0.00,0.00
2016.04.26 05:36:10.446,12.37679,12.38011,0.00,0.00
2016.04.26 05:36:10.597,12.37679,12.38051,0.00,0.00
2016.04.26 05:36:10.648,12.37679,12.38072,0.00,0.00
2016.04.26 05:36:10.749,12.37709,12.38081,0.00,0.00
2016.04.26 05:36:11.258,12.37709,12.3808,0.00,0.00
2016.04.26 05:36:11.859,12.37709,12.38081,0.00,0.00
2016.04.26 05:36:13.083,12.37719,12.3808,0.00,0.00
2016.04.26 05:36:13.212,12.37689,12.38081,0.00,0.00
2016.04.26 05:36:13.814,12.37709,12.38081,0.00,0.00
2016.04.26 05:36:13.864,12.37699,12.38081,0.00,0.00
2016.04.26 05:36:13.973,12.3768,12.38072,0.00,0.00
2016.04.26 05:36:14.114,12.37679,12.38062,0.00,0.00
2016.04.26 05:36:14.394,12.37669,12.38061,0.00,0.00
2016.04.26 05:36:14.495,12.3765,12.3801,0.00,0.00
2016.04.26 05:36:14.866,12.37589,12.38068,0.00,0.00
2016.04.26 05:36:14.967,12.37649,12.38011,0.00,0.00
2016.04.26 05:36:15.468,12.3765,12.3801,0.00,0.00
2016.04.26 05:36:16.001,12.37609,12.37991,0.00,0.00
2016.04.26 05:36:16.470,12.37599,12.37991,0.00,0.00
2016.04.26 05:36:17.605,12.376,12.3799,0.00,0.00
2016.04.26 05:36:18.594,12.37599,12.37991,0.00,0.00
2016.04.26 05:36:19.204,12.376,12.3799,0.00,0.00
2016.04.26 05:36:19.777,12.37599,12.37991,0.00,0.00
2016.04.26 05:36:20.378,12.376,12.3799,0.00,0.00
2016.04.26 05:36:20.900,12.37599,12.37991,0.00,0.00
2016.04.26 05:36:21.456,12.376,12.3799,0.00,0.00
2016.04.26 05:36:22.583,12.37599,12.37991,0.00,0.00
2016.04.26 05:36:23.084,12.376,12.3799,0.00,0.00
2016.04.26 05:36:24.592,12.37599,12.37991,0.00,0.00
2016.04.26 05:36:25.147,12.376,12.3799,0.00,0.00
2016.04.26 05:36:25.807,12.37599,12.37991,0.00,0.00
2016.04.26 05:36:26.192,12.376,12.38,0.00,0.00
2016.04.26 05:36:26.293,12.37589,12.37971,0.00,0.00
2016.04.26 05:36:26.800,12.37589,12.37961,0.00,0.00
2016.04.26 05:36:27.399,12.37589,12.37951,0.00,0.00
2016.04.26 05:36:27.700,12.37589,12.37941,0.00,0.00
2016.04.26 05:36:28.402,12.3759,12.3794,0.00,0.00
2016.04.26 05:36:28.903,12.37589,12.37941,0.00,0.00
2016.04.26 05:36:30.406,12.3759,12.3794,0.00,0.00
2016.04.26 05:36:30.507,12.37589,12.37951,0.00,0.00
2016.04.26 05:36:31.509,12.37589,12.37971,0.00,0.00
2016.04.26 05:36:32.310,12.3759,12.3797,0.00,0.00
2016.04.26 05:36:32.411,12.37489,12.37881,0.00,0.00
2016.04.26 05:36:32.611,12.37489,12.37871,0.00,0.00
2016.04.26 05:36:32.932,12.37389,12.37771,0.00,0.00
2016.04.26 05:36:33.287,12.37389,12.37761,0.00,0.00
2016.04.26 05:36:34.247,12.3739,12.3776,0.00,0.00
2016.04.26 05:36:34.944,12.37389,12.37761,0.00,0.00
2016.04.26 05:36:35.517,12.3739,12.3776,0.00,0.00
2016.04.26 05:36:36.018,12.37389,12.37761,0.00,0.00
2016.04.26 05:36:36.861,12.3739,12.3776,0.00,0.00
2016.04.26 05:36:37.400,12.37389,12.37761,0.00,0.00
2016.04.26 05:36:37.450,12.37461,12.3784,0.00,0.00
2016.04.26 05:36:37.551,12.37461,12.37861,0.00,0.00
2016.04.26 05:36:37.852,12.37461,12.3781,0.00,0.00
2016.04.26 05:36:38.185,12.37479,12.37801,0.00,0.00
2016.04.26 05:36:38.236,12.37479,12.37871,0.00,0.00
2016.04.26 05:36:38.779,12.3748,12.3787,0.00,0.00
2016.04.26 05:36:38.935,12.37469,12.37871,0.00,0.00
2016.04.26 05:36:39.543,12.3747,12.3787,0.00,0.00
2016.04.26 05:36:39.772,12.37489,12.37871,0.00,0.00
2016.04.26 05:36:40.326,12.3749,12.3787,0.00,0.00
2016.04.26 05:36:40.827,12.37489,12.37871,0.00,0.00
2016.04.26 05:36:41.829,12.3749,12.3787,0.00,0.00
2016.04.26 05:36:42.363,12.37489,12.37871,0.00,0.00
2016.04.26 05:36:43.131,12.3749,12.3787,0.00,0.00
2016.04.26 05:36:43.243,12.37479,12.37871,0.00,0.00
2016.04.26 05:36:44.343,12.3748,12.3787,0.00,0.00
2016.04.26 05:36:44.445,12.37469,12.37871,0.00,0.00
2016.04.26 05:36:45.354,12.37461,12.3787,0.00,0.00
2016.04.26 05:36:45.436,12.37469,12.37871,0.00,0.00
2016.04.26 05:36:45.962,12.3747,12.3787,0.00,0.00
2016.04.26 05:36:46.265,12.37449,12.37791,0.00,0.00
2016.04.26 05:36:46.391,12.37449,12.37811,0.00,0.00
2016.04.26 05:36:46.898,12.3745,12.3781,0.00,0.00
2016.04.26 05:36:47.612,12.37449,12.37811,0.00,0.00
2016.04.26 05:36:48.148,12.3745,12.3781,0.00,0.00
2016.04.26 05:36:48.850,12.37379,12.37771,0.00,0.00
2016.04.26 05:36:49.350,12.37369,12.37771,0.00,0.00
2016.04.26 05:36:50.252,12.3737,12.3777,0.00,0.00
2016.04.26 05:36:50.980,12.37369,12.37771,0.00,0.00
2016.04.26 05:36:51.361,12.37362,12.37765,0.00,0.00
2016.04.26 05:36:51.920,12.37362,12.3775,0.00,0.00
2016.04.26 05:36:52.222,12.3727,12.3764,0.00,0.00
2016.04.26 05:36:52.273,12.37269,12.37651,0.00,0.00
2016.04.26 05:36:52.779,12.37261,12.3765,0.00,0.00
2016.04.26 05:36:53.558,12.37261,12.37651,0.00,0.00
2016.04.26 05:36:53.876,12.37349,12.37691,0.00,0.00
2016.04.26 05:36:54.382,12.3735,12.3772,0.00,0.00
2016.04.26 05:36:54.644,12.37361,12.37721,0.00,0.00
2016.04.26 05:36:55.704,12.37361,12.3772,0.00,0.00
2016.04.26 05:36:56.214,12.37361,12.37721,0.00,0.00
2016.04.26 05:36:56.530,12.37359,12.37701,0.00,0.00
2016.04.26 05:36:56.580,12.3735,12.377,0.00,0.00
2016.04.26 05:36:56.634,12.37358,12.377,0.00,0.00
2016.04.26 05:36:56.885,12.37369,12.37751,0.00,0.00
2016.04.26 05:36:56.986,12.37378,12.37762,0.00,0.00
2016.04.26 05:36:58.957,12.37368,12.37752,0.00,0.00
2016.04.26 05:36:59.059,12.37379,12.37771,0.00,0.00
2016.04.26 05:36:59.594,12.37379,12.3777,0.00,0.00
2016.04.26 05:36:59.645,12.37368,12.37762,0.00,0.00
2016.04.26 05:36:59.696,12.37368,12.37758,0.00,0.00
2016.04.26 05:36:59.998,12.37349,12.37692,0.00,0.00
2016.04.26 05:37:00.189,12.3735,12.37701,0.00,0.00
2016.04.26 05:37:00.245,12.3735,12.37692,0.00,0.00
2016.04.26 05:37:01.146,12.3735,12.37701,0.00,0.00
2016.04.26 05:37:01.489,12.37319,12.37671,0.00,0.00
2016.04.26 05:37:01.647,12.37319,12.37651,0.00,0.00
2016.04.26 05:37:01.847,12.37319,12.37661,0.00,0.00
2016.04.26 05:37:01.948,12.37319,12.37652,0.00,0.00
2016.04.26 05:37:02.049,12.37319,12.37671,0.00,0.00
2016.04.26 05:37:02.582,12.3732,12.3767,0.00,0.00
2016.04.26 05:37:03.578,12.37319,12.37671,0.00,0.00
2016.04.26 05:37:04.080,12.3732,12.3767,0.00,0.00
2016.04.26 05:37:04.451,12.3732,12.37651,0.00,0.00
2016.04.26 05:37:04.552,12.37319,12.37661,0.00,0.00
2016.04.26 05:37:06.585,12.3732,12.37661,0.00,0.00
2016.04.26 05:37:07.152,12.37319,12.37661,0.00,0.00
2016.04.26 05:37:07.203,12.37319,12.37671,0.00,0.00
2016.04.26 05:37:07.255,12.37319,12.37652,0.00,0.00
2016.04.26 05:37:07.812,12.3732,12.37652,0.00,0.00
2016.04.26 05:37:08.472,12.37319,12.37652,0.00,0.00
2016.04.26 05:37:08.772,12.37319,12.37671,0.00,0.00
2016.04.26 05:37:09.590,12.3732,12.3767,0.00,0.00
2016.04.26 05:37:10.091,12.37319,12.37671,0.00,0.00
2016.04.26 05:37:10.993,12.3732,12.3767,0.00,0.00
2016.04.26 05:37:12.095,12.3732,12.37662,0.00,0.00
2016.04.26 05:37:13.144,12.37319,12.37662,0.00,0.00
2016.04.26 05:37:14.311,12.37319,12.37671,0.00,0.00
2016.04.26 05:37:14.601,12.3732,12.37682,0.00,0.00
2016.04.26 05:37:14.664,12.3732,12.37711,0.00,0.00
2016.04.26 05:37:14.917,12.37319,12.37701,0.00,0.00
2016.04.26 05:37:15.221,12.3729,12.37651,0.00,0.00
2016.04.26 05:37:15.409,12.3729,12.37661,0.00,0.00
2016.04.26 05:37:15.673,12.37289,12.37671,0.00,0.00
2016.04.26 05:37:16.091,12.3729,12.37661,0.00,0.00
2016.04.26 05:37:17.006,12.37289,12.37661,0.00,0.00
2016.04.26 05:37:18.008,12.3729,12.37661,0.00,0.00
2016.04.26 05:37:18.542,12.37289,12.37661,0.00,0.00
2016.04.26 05:37:19.060,12.3729,12.37661,0.00,0.00
2016.04.26 05:37:19.594,12.37289,12.37661,0.00,0.00
2016.04.26 05:37:20.455,12.37329,12.37672,0.00,0.00
2016.04.26 05:37:20.512,12.37329,12.37711,0.00,0.00
2016.04.26 05:37:20.613,12.37319,12.37711,0.00,0.00
2016.04.26 05:37:20.912,12.3732,12.37692,0.00,0.00
2016.04.26 05:37:21.346,12.3732,12.37682,0.00,0.00
2016.04.26 05:37:21.915,12.37319,12.37682,0.00,0.00
2016.04.26 05:37:23.919,12.3732,12.37682,0.00,0.00
2016.04.26 05:37:24.420,12.37319,12.37682,0.00,0.00
2016.04.26 05:37:24.768,12.37278,12.37662,0.00,0.00
2016.04.26 05:37:24.819,12.37269,12.37642,0.00,0.00
2016.04.26 05:37:25.118,12.37269,12.37651,0.00,0.00
2016.04.26 05:37:25.219,12.3727,12.37632,0.00,0.00
2016.04.26 05:37:25.319,12.37269,12.37652,0.00,0.00
2016.04.26 05:37:25.822,12.3727,12.37652,0.00,0.00
2016.04.26 05:37:26.824,12.37269,12.37652,0.00,0.00
2016.04.26 05:37:29.005,12.37279,12.37661,0.00,0.00
2016.04.26 05:37:29.307,12.37319,12.37691,0.00,0.00
2016.04.26 05:37:29.429,12.3732,12.37702,0.00,0.00
2016.04.26 05:37:29.480,12.3732,12.37711,0.00,0.00
2016.04.26 05:37:29.581,12.3732,12.37681,0.00,0.00
2016.04.26 05:37:30.290,12.3732,12.37691,0.00,0.00
2016.04.26 05:37:31.033,12.37319,12.37691,0.00,0.00
2016.04.26 05:37:34.649,12.3732,12.37691,0.00,0.00
2016.04.26 05:37:34.790,12.37319,12.37702,0.00,0.00
2016.04.26 05:37:35.269,12.37328,12.3772,0.00,0.00
2016.04.26 05:37:35.370,12.3735,12.37742,0.00,0.00
2016.04.26 05:37:35.725,12.37359,12.37742,0.00,0.00
2016.04.26 05:37:36.040,12.37359,12.37721,0.00,0.00
2016.04.26 05:37:36.178,12.3736,12.37731,0.00,0.00
2016.04.26 05:37:37.345,12.37359,12.37731,0.00,0.00
2016.04.26 05:37:37.646,12.3737,12.37731,0.00,0.00
2016.04.26 05:37:37.697,12.3737,12.37742,0.00,0.00
2016.04.26 05:37:37.846,12.37379,12.37742,0.00,0.00
2016.04.26 05:37:39.158,12.37409,12.37742,0.00,0.00
2016.04.26 05:37:39.209,12.37409,12.37762,0.00,0.00
2016.04.26 05:37:39.310,12.3741,12.3777,0.00,0.00
2016.04.26 05:37:39.604,12.37409,12.37762,0.00,0.00
2016.04.26 05:37:39.705,12.37409,12.37771,0.00,0.00
2016.04.26 05:37:39.755,12.3742,12.3777,0.00,0.00
2016.04.26 05:37:40.270,12.37419,12.37771,0.00,0.00
2016.04.26 05:37:41.655,12.3742,12.3777,0.00,0.00
2016.04.26 05:37:42.556,12.3741,12.3777,0.00,0.00
2016.04.26 05:37:42.607,12.3741,12.37762,0.00,0.00
2016.04.26 05:37:42.957,12.37409,12.37732,0.00,0.00
2016.04.26 05:37:43.008,12.37409,12.37761,0.00,0.00
2016.04.26 05:37:43.127,12.37409,12.37771,0.00,0.00
2016.04.26 05:37:43.178,12.37419,12.37771,0.00,0.00
2016.04.26 05:37:43.397,12.37359,12.37751,0.00,0.00
2016.04.26 05:37:43.509,12.3735,12.37712,0.00,0.00
2016.04.26 05:37:43.910,12.3735,12.37702,0.00,0.00
2016.04.26 05:37:44.224,12.37349,12.37712,0.00,0.00
2016.04.26 05:37:44.338,12.37361,12.37712,0.00,0.00
2016.04.26 05:37:44.611,12.37489,12.37842,0.00,0.00
2016.04.26 05:37:44.682,12.37489,12.37832,0.00,0.00
2016.04.26 05:37:44.912,12.3751,12.3786,0.00,0.00
2016.04.26 05:37:45.194,12.37509,12.37851,0.00,0.00
2016.04.26 05:37:45.833,12.37509,12.37861,0.00,0.00
2016.04.26 05:37:45.884,12.37509,12.37851,0.00,0.00
2016.04.26 05:37:46.365,12.3752,12.37851,0.00,0.00
2016.04.26 05:37:47.028,12.37519,12.37851,0.00,0.00
2016.04.26 05:37:47.330,12.3758,12.3787,0.00,0.00
2016.04.26 05:37:47.381,12.37569,12.37871,0.00,0.00
2016.04.26 05:37:47.482,12.3756,12.3787,0.00,0.00
2016.04.26 05:37:47.583,12.37569,12.37871,0.00,0.00
2016.04.26 05:37:48.092,12.3757,12.3787,0.00,0.00
2016.04.26 05:37:48.419,12.37579,12.37871,0.00,0.00
2016.04.26 05:37:48.669,12.37569,12.37871,0.00,0.00
2016.04.26 05:37:48.870,12.37559,12.37871,0.00,0.00
2016.04.26 05:37:49.405,12.3752,12.3787,0.00,0.00
2016.04.26 05:37:49.456,12.3752,12.37851,0.00,0.00
2016.04.26 05:37:49.757,12.37519,12.37861,0.00,0.00
2016.04.26 05:37:49.808,12.3749,12.3786,0.00,0.00
2016.04.26 05:37:49.858,12.3749,12.37831,0.00,0.00
2016.04.26 05:37:49.909,12.3746,12.37831,0.00,0.00
2016.04.26 05:37:49.962,12.3746,12.37822,0.00,0.00
2016.04.26 05:37:50.281,12.3746,12.37831,0.00,0.00
2016.04.26 05:37:50.373,12.3747,12.37831,0.00,0.00
2016.04.26 05:37:50.903,12.37469,12.37831,0.00,0.00
2016.04.26 05:37:51.588,12.37489,12.37831,0.00,0.00
2016.04.26 05:37:51.689,12.37489,12.37852,0.00,0.00
2016.04.26 05:37:51.789,12.37489,12.37861,0.00,0.00
2016.04.26 05:37:52.191,12.37479,12.37841,0.00,0.00
2016.04.26 05:37:52.895,12.37489,12.37821,0.00,0.00
2016.04.26 05:37:52.947,12.37489,12.37852,0.00,0.00
2016.04.26 05:37:53.127,12.37479,12.37852,0.00,0.00
2016.04.26 05:37:53.178,12.37479,12.37822,0.00,0.00
2016.04.26 05:37:53.279,12.37479,12.37841,0.00,0.00
2016.04.26 05:37:53.329,12.37489,12.37841,0.00,0.00
2016.04.26 05:37:53.447,12.3749,12.37851,0.00,0.00
2016.04.26 05:37:54.035,12.37489,12.37851,0.00,0.00
2016.04.26 05:37:54.547,12.3749,12.37851,0.00,0.00
2016.04.26 05:37:55.083,12.37489,12.37851,0.00,0.00
2016.04.26 05:37:55.904,12.3749,12.37851,0.00,0.00
2016.04.26 05:37:56.990,12.37499,12.37851,0.00,0.00
2016.04.26 05:37:57.291,12.37489,12.37851,0.00,0.00
2016.04.26 05:37:58.166,12.37489,12.37861,0.00,0.00
2016.04.26 05:37:58.290,12.3749,12.37851,0.00,0.00
2016.04.26 05:37:58.896,12.37489,12.37851,0.00,0.00
2016.04.26 05:38:00.402,12.3749,12.37851,0.00,0.00
2016.04.26 05:38:00.719,12.37479,12.37832,0.00,0.00
2016.04.26 05:38:01.333,12.3748,12.37832,0.00,0.00
2016.04.26 05:38:01.671,12.37469,12.37821,0.00,0.00
2016.04.26 05:38:02.208,12.3746,12.37821,0.00,0.00
2016.04.26 05:38:02.271,12.3746,12.37851,0.00,0.00
2016.04.26 05:38:02.321,12.3747,12.37851,0.00,0.00
2016.04.26 05:38:02.661,12.37459,12.37831,0.00,0.00
2016.04.26 05:38:02.712,12.37459,12.37852,0.00,0.00
2016.04.26 05:38:02.771,12.37459,12.37832,0.00,0.00
2016.04.26 05:38:03.412,12.3746,12.37832,0.00,0.00
2016.04.26 05:38:03.773,12.3746,12.37821,0.00,0.00
2016.04.26 05:38:04.374,12.3746,12.37832,0.00,0.00
2016.04.26 05:38:04.898,12.37459,12.37832,0.00,0.00
2016.04.26 05:38:05.920,12.3746,12.37832,0.00,0.00
2016.04.26 05:38:06.523,12.37459,12.37832,0.00,0.00
2016.04.26 05:38:08.828,12.3746,12.37832,0.00,0.00
2016.04.26 05:38:09.431,12.37459,12.37832,0.00,0.00
2016.04.26 05:38:09.945,12.37459,12.37851,0.00,0.00
2016.04.26 05:38:10.046,12.37459,12.37811,0.00,0.00
2016.04.26 05:38:10.330,12.37459,12.37822,0.00,0.00
2016.04.26 05:38:10.951,12.3746,12.37841,0.00,0.00
2016.04.26 05:38:11.957,12.37459,12.37841,0.00,0.00
2016.04.26 05:38:12.591,12.3746,12.37841,0.00,0.00
2016.04.26 05:38:13.250,12.37459,12.37841,0.00,0.00
2016.04.26 05:38:13.620,12.37459,12.37832,0.00,0.00
2016.04.26 05:38:14.044,12.3746,12.37802,0.00,0.00
2016.04.26 05:38:14.549,12.37459,12.37802,0.00,0.00
2016.04.26 05:38:15.148,12.3746,12.37802,0.00,0.00
2016.04.26 05:38:15.650,12.37459,12.37802,0.00,0.00
2016.04.26 05:38:16.652,12.3746,12.37802,0.00,0.00
2016.04.26 05:38:17.154,12.37459,12.37802,0.00,0.00
2016.04.26 05:38:17.641,12.37459,12.37791,0.00,0.00
2016.04.26 05:38:17.692,12.3745,12.37791,0.00,0.00
2016.04.26 05:38:17.743,12.3745,12.37782,0.00,0.00
2016.04.26 05:38:18.051,12.37459,12.37811,0.00,0.00
2016.04.26 05:38:18.102,12.37449,12.37781,0.00,0.00
2016.04.26 05:38:18.531,12.37459,12.37781,0.00,0.00
2016.04.26 05:38:18.615,12.37459,12.37802,0.00,0.00
2016.04.26 05:38:18.715,12.3746,12.3781,0.00,0.00
2016.04.26 05:38:19.521,12.37459,12.37811,0.00,0.00
2016.04.26 05:38:20.877,12.3746,12.3781,0.00,0.00
2016.04.26 05:38:21.501,12.37459,12.37811,0.00,0.00
2016.04.26 05:38:22.143,12.37459,12.37802,0.00,0.00
2016.04.26 05:38:23.270,12.3746,12.37802,0.00,0.00
2016.04.26 05:38:23.771,12.37459,12.37802,0.00,0.00
2016.04.26 05:38:24.272,12.3746,12.37802,0.00,0.00
2016.04.26 05:38:24.773,12.37459,12.37802,0.00,0.00
2016.04.26 05:38:25.274,12.3746,12.37801,0.00,0.00
2016.04.26 05:38:25.775,12.37459,12.37801,0.00,0.00
2016.04.26 05:38:26.276,12.3746,12.37801,0.00,0.00
2016.04.26 05:38:27.823,12.37459,12.37801,0.00,0.00
2016.04.26 05:38:28.881,12.37449,12.37801,0.00,0.00
2016.04.26 05:38:28.932,12.37449,12.37796,0.00,0.00
2016.04.26 05:38:29.232,12.37449,12.37802,0.00,0.00
2016.04.26 05:38:29.433,12.37449,12.37811,0.00,0.00
2016.04.26 05:38:29.487,12.37449,12.37807,0.00,0.00
2016.04.26 05:38:30.402,12.3745,12.37807,0.00,0.00
2016.04.26 05:38:30.904,12.37449,12.37807,0.00,0.00
2016.04.26 05:38:31.444,12.3745,12.37807,0.00,0.00
2016.04.26 05:38:32.889,12.37449,12.37807,0.00,0.00
2016.04.26 05:38:33.390,12.3745,12.37807,0.00,0.00
2016.04.26 05:38:33.832,12.3745,12.37797,0.00,0.00
2016.04.26 05:38:34.136,12.3745,12.37777,0.00,0.00
2016.04.26 05:38:34.242,12.37449,12.37802,0.00,0.00
2016.04.26 05:38:34.993,12.3745,12.37802,0.00,0.00
2016.04.26 05:38:35.594,12.37449,12.37802,0.00,0.00
2016.04.26 05:38:36.496,12.3745,12.37802,0.00,0.00
2016.04.26 05:38:36.547,12.3745,12.37781,0.00,0.00
2016.04.26 05:38:36.825,12.3742,12.3777,0.00,0.00
2016.04.26 05:38:36.932,12.37379,12.37751,0.00,0.00
2016.04.26 05:38:37.046,12.37359,12.37742,0.00,0.00
2016.04.26 05:38:37.147,12.3736,12.37712,0.00,0.00
2016.04.26 05:38:37.738,12.3735,12.3772,0.00,0.00
2016.04.26 05:38:37.842,12.37349,12.37692,0.00,0.00
2016.04.26 05:38:37.950,12.3735,12.37722,0.00,0.00
2016.04.26 05:38:38.051,12.37349,12.37702,0.00,0.00
2016.04.26 05:38:38.397,12.37349,12.37692,0.00,0.00
2016.04.26 05:38:39.051,12.37349,12.37682,0.00,0.00
2016.04.26 05:38:39.217,12.37319,12.37671,0.00,0.00
2016.04.26 05:38:39.318,12.37319,12.37641,0.00,0.00
2016.04.26 05:38:39.555,12.37319,12.37661,0.00,0.00
2016.04.26 05:38:39.865,12.3732,12.37642,0.00,0.00
2016.04.26 05:38:40.259,12.37319,12.37652,0.00,0.00
2016.04.26 05:38:40.360,12.3729,12.37631,0.00,0.00
2016.04.26 05:38:40.411,12.3729,12.37621,0.00,0.00
2016.04.26 05:38:40.510,12.37269,12.37621,0.00,0.00
2016.04.26 05:38:41.963,12.37269,12.37661,0.00,0.00
2016.04.26 05:38:42.064,12.3727,12.37622,0.00,0.00
2016.04.26 05:38:42.263,12.3727,12.37631,0.00,0.00
2016.04.26 05:38:43.015,12.37269,12.37631,0.00,0.00
2016.04.26 05:38:43.065,12.37269,12.37627,0.00,0.00
2016.04.26 05:38:43.321,12.37269,12.37642,0.00,0.00
2016.04.26 05:38:44.012,12.3727,12.37642,0.00,0.00
2016.04.26 05:38:44.668,12.3727,12.37626,0.00,0.00
2016.04.26 05:38:45.003,12.3727,12.37617,0.00,0.00
2016.04.26 05:38:45.520,12.37269,12.37617,0.00,0.00
2016.04.26 05:38:45.871,12.37269,12.37632,0.00,0.00
2016.04.26 05:38:46.321,12.37259,12.37632,0.00,0.00
2016.04.26 05:38:46.415,12.37259,12.37612,0.00,0.00
2016.04.26 05:38:47.223,12.3726,12.37612,0.00,0.00
2016.04.26 05:38:47.274,12.3726,12.37642,0.00,0.00
2016.04.26 05:38:47.675,12.3726,12.37621,0.00,0.00
2016.04.26 05:38:48.012,12.3726,12.37612,0.00,0.00
2016.04.26 05:38:48.477,12.37259,12.37621,0.00,0.00
2016.04.26 05:38:49.075,12.3726,12.37621,0.00,0.00
2016.04.26 05:38:49.724,12.3726,12.37632,0.00,0.00
2016.04.26 05:38:50.195,12.3726,12.37622,0.00,0.00
2016.04.26 05:38:50.519,12.37271,12.37602,0.00,0.00
2016.04.26 05:38:50.620,12.37369,12.37721,0.00,0.00
2016.04.26 05:38:50.671,12.37379,12.37731,0.00,0.00
2016.04.26 05:38:50.722,12.37379,12.37741,0.00,0.00
2016.04.26 05:38:50.773,12.37399,12.37741,0.00,0.00
2016.04.26 05:38:50.824,12.37399,12.37751,0.00,0.00
2016.04.26 05:38:50.925,12.37389,12.37762,0.00,0.00
2016.04.26 05:38:51.033,12.37379,12.37762,0.00,0.00
2016.04.26 05:38:51.353,12.3738,12.37738,0.00,0.00
2016.04.26 05:38:52.042,12.37379,12.37738,0.00,0.00
2016.04.26 05:38:52.372,12.37389,12.37738,0.00,0.00
2016.04.26 05:38:52.849,12.3739,12.3769,0.00,0.00
2016.04.26 05:38:52.950,12.3735,12.3772,0.00,0.00
2016.04.26 05:38:53.002,12.3735,12.37682,0.00,0.00
2016.04.26 05:38:53.302,12.3735,12.37701,0.00,0.00
2016.04.26 05:38:53.403,12.37349,12.37692,0.00,0.00
2016.04.26 05:38:53.844,12.3735,12.37712,0.00,0.00
2016.04.26 05:38:54.092,12.3735,12.37732,0.00,0.00
2016.04.26 05:38:54.143,12.3735,12.37727,0.00,0.00
2016.04.26 05:38:54.702,12.3735,12.37726,0.00,0.00
2016.04.26 05:38:55.245,12.37349,12.37726,0.00,0.00
2016.04.26 05:38:55.566,12.37349,12.37696,0.00,0.00
2016.04.26 05:38:55.806,12.37349,12.37702,0.00,0.00
2016.04.26 05:38:55.954,12.3735,12.37697,0.00,0.00
2016.04.26 05:38:56.007,12.3735,12.37701,0.00,0.00
2016.04.26 05:38:56.108,12.3735,12.37712,0.00,0.00
2016.04.26 05:38:56.209,12.37349,12.37732,0.00,0.00
2016.04.26 05:38:56.450,12.37349,12.37717,0.00,0.00
2016.04.26 05:38:56.608,12.3735,12.37732,0.00,0.00
2016.04.26 05:38:57.008,12.37349,12.37726,0.00,0.00
2016.04.26 05:38:57.309,12.37349,12.37707,0.00,0.00
2016.04.26 05:38:57.410,12.37349,12.37721,0.00,0.00
2016.04.26 05:38:57.954,12.3735,12.37721,0.00,0.00
2016.04.26 05:38:58.541,12.37358,12.37738,0.00,0.00
2016.04.26 05:38:58.613,12.3735,12.37712,0.00,0.00
2016.04.26 05:38:58.945,12.37359,12.37738,0.00,0.00
2016.04.26 05:38:59.598,12.37358,12.37738,0.00,0.00
2016.04.26 05:38:59.649,12.37349,12.37731,0.00,0.00
2016.04.26 05:39:00.262,12.3735,12.37731,0.00,0.00
2016.04.26 05:39:00.764,12.37349,12.37731,0.00,0.00
2016.04.26 05:39:02.269,12.3735,12.37731,0.00,0.00
2016.04.26 05:39:02.771,12.37349,12.37731,0.00,0.00
2016.04.26 05:39:04.687,12.37349,12.37721,0.00,0.00
2016.04.26 05:39:05.033,12.3735,12.37701,0.00,0.00
2016.04.26 05:39:05.134,12.3735,12.37712,0.00,0.00
2016.04.26 05:39:05.648,12.37349,12.37712,0.00,0.00
2016.04.26 05:39:06.784,12.3735,12.37712,0.00,0.00
2016.04.26 05:39:07.886,12.37349,12.37712,0.00,0.00
2016.04.26 05:39:10.320,12.3735,12.37712,0.00,0.00
2016.04.26 05:39:10.853,12.37349,12.37712,0.00,0.00
2016.04.26 05:39:11.796,12.3735,12.37712,0.00,0.00
2016.04.26 05:39:12.799,12.37349,12.37712,0.00,0.00
2016.04.26 05:39:13.503,12.37359,12.37712,0.00,0.00
2016.04.26 05:39:13.654,12.37359,12.37722,0.00,0.00
2016.04.26 05:39:13.745,12.37359,12.37739,0.00,0.00
2016.04.26 05:39:14.190,12.37359,12.37731,0.00,0.00
2016.04.26 05:39:15.104,12.3736,12.37731,0.00,0.00
2016.04.26 05:39:15.605,12.37359,12.37731,0.00,0.00
2016.04.26 05:39:16.608,12.3736,12.37731,0.00,0.00
2016.04.26 05:39:17.109,12.37359,12.37731,0.00,0.00
2016.04.26 05:39:17.253,12.37349,12.37731,0.00,0.00
2016.04.26 05:39:17.865,12.3735,12.37731,0.00,0.00
2016.04.26 05:39:18.526,12.37349,12.37731,0.00,0.00
2016.04.26 05:39:20.518,12.3736,12.37731,0.00,0.00
2016.04.26 05:39:21.046,12.37359,12.37731,0.00,0.00
2016.04.26 05:39:21.320,12.37349,12.37731,0.00,0.00
2016.04.26 05:39:21.825,12.3735,12.37731,0.00,0.00
2016.04.26 05:39:22.485,12.37349,12.37731,0.00,0.00
2016.04.26 05:39:22.724,12.3737,12.37731,0.00,0.00
2016.04.26 05:39:22.860,12.3737,12.37739,0.00,0.00
2016.04.26 05:39:23.475,12.37369,12.37739,0.00,0.00
2016.04.26 05:39:24.952,12.37359,12.37739,0.00,0.00
2016.04.26 05:39:25.009,12.37359,12.37721,0.00,0.00
2016.04.26 05:39:25.110,12.37359,12.37739,0.00,0.00
2016.04.26 05:39:25.712,12.37359,12.37731,0.00,0.00
2016.04.26 05:39:28.387,12.3735,12.377,0.00,0.00
2016.04.26 05:39:28.939,12.37349,12.37701,0.00,0.00
2016.04.26 05:39:29.952,12.3735,12.377,0.00,0.00
2016.04.26 05:39:30.477,12.37349,12.37701,0.00,0.00
2016.04.26 05:39:31.025,12.3735,12.37701,0.00,0.00
2016.04.26 05:39:31.342,12.37349,12.37721,0.00,0.00
2016.04.26 05:39:31.696,12.37349,12.37702,0.00,0.00
2016.04.26 05:39:32.048,12.37349,12.37712,0.00,0.00
2016.04.26 05:39:33.348,12.3735,12.37712,0.00,0.00
2016.04.26 05:39:34.251,12.37349,12.37712,0.00,0.00
2016.04.26 05:39:34.502,12.37349,12.37721,0.00,0.00
2016.04.26 05:39:34.569,12.37349,12.37702,0.00,0.00
2016.04.26 05:39:35.353,12.3735,12.37702,0.00,0.00
2016.04.26 05:39:35.904,12.37349,12.37702,0.00,0.00
2016.04.26 05:39:36.256,12.37349,12.37692,0.00,0.00
2016.04.26 05:39:36.307,12.37349,12.37702,0.00,0.00
2016.04.26 05:39:36.699,12.37349,12.37638,0.00,0.00
2016.04.26 05:39:36.758,12.37319,12.37638,0.00,0.00
2016.04.26 05:39:37.339,12.3732,12.37638,0.00,0.00
2016.04.26 05:39:37.933,12.37319,12.37638,0.00,0.00
2016.04.26 05:39:38.176,12.37349,12.37638,0.00,0.00
2016.04.26 05:39:38.227,12.37349,12.37672,0.00,0.00
2016.04.26 05:39:38.328,12.3735,12.3772,0.00,0.00
2016.04.26 05:39:38.429,12.37349,12.37692,0.00,0.00
2016.04.26 05:39:38.530,12.37349,12.37721,0.00,0.00
2016.04.26 05:39:38.631,12.3735,12.37691,0.00,0.00
2016.04.26 05:39:39.263,12.37349,12.37691,0.00,0.00
2016.04.26 05:39:40.165,12.3735,12.37691,0.00,0.00
2016.04.26 05:39:41.269,12.37349,12.37691,0.00,0.00
2016.04.26 05:39:41.870,12.3735,12.37691,0.00,0.00
2016.04.26 05:39:42.873,12.37349,12.37691,0.00,0.00
2016.04.26 05:39:43.374,12.3735,12.37691,0.00,0.00
2016.04.26 05:39:43.999,12.37349,12.37691,0.00,0.00
2016.04.26 05:39:44.134,12.37349,12.37701,0.00,0.00
2016.04.26 05:39:44.310,12.37349,12.37682,0.00,0.00
2016.04.26 05:39:44.411,12.3729,12.37638,0.00,0.00
2016.04.26 05:39:44.512,12.37309,12.37638,0.00,0.00
2016.04.26 05:39:45.130,12.37309,12.37671,0.00,0.00
2016.04.26 05:39:45.681,12.3731,12.37671,0.00,0.00
2016.04.26 05:39:46.108,12.3731,12.37682,0.00,0.00
2016.04.26 05:39:46.183,12.37299,12.37682,0.00,0.00
2016.04.26 05:39:46.684,12.373,12.37682,0.00,0.00
2016.04.26 05:39:47.299,12.37299,12.37682,0.00,0.00
2016.04.26 05:39:48.289,12.37309,12.37682,0.00,0.00
2016.04.26 05:39:48.689,12.37299,12.37672,0.00,0.00
2016.04.26 05:39:49.229,12.373,12.37672,0.00,0.00
2016.04.26 05:39:49.792,12.37299,12.37672,0.00,0.00
2016.04.26 05:39:50.166,12.37299,12.37652,0.00,0.00
2016.04.26 05:39:50.317,12.37169,12.37552,0.00,0.00
2016.04.26 05:39:50.368,12.37169,12.37532,0.00,0.00
2016.04.26 05:39:50.677,12.3717,12.37522,0.00,0.00
2016.04.26 05:39:50.930,12.37159,12.37512,0.00,0.00
2016.04.26 05:39:50.981,12.37159,12.37501,0.00,0.00
2016.04.26 05:39:51.296,12.37159,12.37521,0.00,0.00
2016.04.26 05:39:51.373,12.37159,12.37501,0.00,0.00
2016.04.26 05:39:51.921,12.3716,12.37512,0.00,0.00
2016.04.26 05:39:52.074,12.37159,12.37521,0.00,0.00
2016.04.26 05:39:52.600,12.3716,12.37521,0.00,0.00
2016.04.26 05:39:52.674,12.3716,12.37511,0.00,0.00
2016.04.26 05:39:53.190,12.37159,12.37511,0.00,0.00
2016.04.26 05:39:53.803,12.3716,12.37511,0.00,0.00
2016.04.26 05:39:54.181,12.3716,12.37501,0.00,0.00
2016.04.26 05:39:54.806,12.37159,12.37501,0.00,0.00
2016.04.26 05:39:57.912,12.3716,12.37501,0.00,0.00
2016.04.26 05:39:58.914,12.37159,12.37501,0.00,0.00
2016.04.26 05:39:59.259,12.3718,12.37511,0.00,0.00
2016.04.26 05:39:59.365,12.3718,12.37539,0.00,0.00
2016.04.26 05:39:59.766,12.37179,12.37532,0.00,0.00
2016.04.26 05:40:00.539,12.37159,12.37532,0.00,0.00
2016.04.26 05:40:00.590,12.37159,12.37511,0.00,0.00
2016.04.26 05:40:01.119,12.3716,12.37511,0.00,0.00
2016.04.26 05:40:01.564,12.3716,12.37502,0.00,0.00
2016.04.26 05:40:02.142,12.37159,12.37481,0.00,0.00
2016.04.26 05:40:02.598,12.3716,12.37472,0.00,0.00
2016.04.26 05:40:02.649,12.3715,12.37472,0.00,0.00
2016.04.26 05:40:02.700,12.3715,12.37482,0.00,0.00
2016.04.26 05:40:02.750,12.3716,12.37482,0.00,0.00
2016.04.26 05:40:02.801,12.3716,12.3749,0.00,0.00
2016.04.26 05:40:02.852,12.37159,12.37512,0.00,0.00
2016.04.26 05:40:03.025,12.37169,12.37532,0.00,0.00
2016.04.26 05:40:03.076,12.37169,12.37501,0.00,0.00
2016.04.26 05:40:04.675,12.3717,12.37501,0.00,0.00
2016.04.26 05:40:05.630,12.37169,12.37501,0.00,0.00
2016.04.26 05:40:06.298,12.37169,12.37481,0.00,0.00
2016.04.26 05:40:06.349,12.37149,12.37481,0.00,0.00
2016.04.26 05:40:06.399,12.37149,12.37462,0.00,0.00
2016.04.26 05:40:06.500,12.3715,12.37471,0.00,0.00
2016.04.26 05:40:06.749,12.3715,12.3749,0.00,0.00
2016.04.26 05:40:06.850,12.37149,12.37482,0.00,0.00
2016.04.26 05:40:07.426,12.3715,12.37482,0.00,0.00
2016.04.26 05:40:07.951,12.3715,12.37439,0.00,0.00
2016.04.26 05:40:08.062,12.3712,12.37439,0.00,0.00
2016.04.26 05:40:08.351,12.3715,12.37439,0.00,0.00
2016.04.26 05:40:08.624,12.37149,12.37521,0.00,0.00
2016.04.26 05:40:08.770,12.37159,12.37512,0.00,0.00
2016.04.26 05:40:08.824,12.37159,12.37521,0.00,0.00
2016.04.26 05:40:08.925,12.3716,12.37511,0.00,0.00
2016.04.26 05:40:09.674,12.37159,12.37511,0.00,0.00
2016.04.26 05:40:09.725,12.37159,12.37521,0.00,0.00
2016.04.26 05:40:10.054,12.37149,12.37521,0.00,0.00
2016.04.26 05:40:10.155,12.37159,12.37512,0.00,0.00
2016.04.26 05:40:10.326,12.37179,12.37542,0.00,0.00
2016.04.26 05:40:10.427,12.3718,12.37551,0.00,0.00
2016.04.26 05:40:10.528,12.37179,12.37542,0.00,0.00
2016.04.26 05:40:10.873,12.37159,12.37501,0.00,0.00
2016.04.26 05:40:10.950,12.3715,12.375,0.00,0.00
2016.04.26 05:40:11.056,12.37159,12.37501,0.00,0.00
2016.04.26 05:40:11.127,12.37159,12.37522,0.00,0.00
2016.04.26 05:40:11.228,12.3716,12.37539,0.00,0.00
2016.04.26 05:40:12.097,12.37159,12.37539,0.00,0.00
2016.04.26 05:40:12.347,12.3716,12.37521,0.00,0.00
2016.04.26 05:40:13.036,12.37159,12.37521,0.00,0.00
2016.04.26 05:40:14.156,12.3716,12.37521,0.00,0.00
2016.04.26 05:40:15.659,12.37159,12.37521,0.00,0.00
2016.04.26 05:40:16.160,12.3716,12.37521,0.00,0.00
2016.04.26 05:40:16.461,12.3718,12.37521,0.00,0.00
2016.04.26 05:40:16.512,12.3718,12.37539,0.00,0.00
2016.04.26 05:40:17.162,12.37179,12.37539,0.00,0.00
2016.04.26 05:40:17.213,12.37179,12.37531,0.00,0.00
2016.04.26 05:40:17.366,12.3716,12.3752,0.00,0.00
2016.04.26 05:40:17.764,12.37149,12.37521,0.00,0.00
2016.04.26 05:40:17.865,12.37159,12.37521,0.00,0.00
2016.04.26 05:40:18.191,12.3717,12.3752,0.00,0.00
2016.04.26 05:40:18.978,12.37169,12.37521,0.00,0.00
2016.04.26 05:40:20.569,12.3717,12.3752,0.00,0.00
2016.04.26 05:40:21.105,12.37169,12.37521,0.00,0.00
2016.04.26 05:40:22.072,12.3717,12.3752,0.00,0.00
2016.04.26 05:40:23.074,12.37169,12.37521,0.00,0.00
2016.04.26 05:40:24.076,12.3717,12.3752,0.00,0.00
2016.04.26 05:40:24.577,12.37169,12.37521,0.00,0.00
2016.04.26 05:40:25.325,12.3717,12.3752,0.00,0.00
2016.04.26 05:40:26.313,12.37169,12.37521,0.00,0.00
2016.04.26 05:40:27.331,12.3717,12.3752,0.00,0.00
2016.04.26 05:40:27.914,12.37169,12.37521,0.00,0.00
2016.04.26 05:40:29.116,12.37168,12.37521,0.00,0.00
2016.04.26 05:40:29.625,12.37168,12.3752,0.00,0.00
2016.04.26 05:40:29.735,12.3716,12.3752,0.00,0.00
2016.04.26 05:40:30.289,12.37159,12.37521,0.00,0.00
2016.04.26 05:40:30.604,12.37169,12.37521,0.00,0.00
2016.04.26 05:40:31.101,12.37178,12.3751,0.00,0.00
2016.04.26 05:40:31.221,12.37169,12.37511,0.00,0.00
2016.04.26 05:40:31.424,12.37179,12.37511,0.00,0.00
2016.04.26 05:40:31.727,12.3715,12.3749,0.00,0.00
2016.04.26 05:40:33.199,12.37149,12.37491,0.00,0.00
2016.04.26 05:40:33.700,12.3715,12.3749,0.00,0.00
2016.04.26 05:40:34.703,12.37149,12.37491,0.00,0.00
2016.04.26 05:40:35.605,12.3715,12.3749,0.00,0.00
2016.04.26 05:40:36.106,12.37149,12.37491,0.00,0.00
2016.04.26 05:40:37.248,12.37189,12.37502,0.00,0.00
2016.04.26 05:40:37.298,12.37189,12.37532,0.00,0.00
2016.04.26 05:40:37.399,12.37189,12.37539,0.00,0.00
2016.04.26 05:40:37.657,12.37249,12.37539,0.00,0.00
2016.04.26 05:40:37.859,12.37249,12.37551,0.00,0.00
2016.04.26 05:40:37.910,12.37269,12.37551,0.00,0.00
2016.04.26 05:40:38.558,12.37249,12.37551,0.00,0.00
2016.04.26 05:40:39.062,12.3725,12.3755,0.00,0.00
2016.04.26 05:40:39.214,12.37259,12.37551,0.00,0.00
2016.04.26 05:40:39.661,12.37269,12.37551,0.00,0.00
2016.04.26 05:40:40.172,12.3727,12.3755,0.00,0.00
2016.04.26 05:40:40.916,12.37269,12.37551,0.00,0.00
2016.04.26 05:40:41.718,12.3728,12.3759,0.00,0.00
2016.04.26 05:40:42.219,12.3728,12.37639,0.00,0.00
2016.04.26 05:40:42.720,12.37268,12.37639,0.00,0.00
2016.04.26 05:40:42.837,12.37279,12.37639,0.00,0.00
2016.04.26 05:40:43.923,12.3729,12.37639,0.00,0.00
2016.04.26 05:40:44.725,12.37289,12.37639,0.00,0.00
2016.04.26 05:40:45.631,12.37298,12.37639,0.00,0.00
2016.04.26 05:40:45.682,12.37298,12.37671,0.00,0.00
2016.04.26 05:40:45.733,12.3739,12.3766,0.00,0.00
2016.04.26 05:40:45.834,12.37389,12.37671,0.00,0.00
2016.04.26 05:40:45.935,12.37449,12.37762,0.00,0.00
2016.04.26 05:40:46.036,12.37449,12.37769,0.00,0.00
2016.04.26 05:40:46.356,12.37449,12.37812,0.00,0.00
2016.04.26 05:40:46.518,12.3745,12.37801,0.00,0.00
2016.04.26 05:40:46.724,12.3745,12.37811,0.00,0.00
2016.04.26 05:40:46.832,12.37419,12.37811,0.00,0.00
2016.04.26 05:40:47.032,12.37449,12.37811,0.00,0.00
2016.04.26 05:40:47.408,12.37449,12.37792,0.00,0.00
2016.04.26 05:40:47.989,12.37449,12.37811,0.00,0.00
2016.04.26 05:40:48.535,12.37449,12.37802,0.00,0.00
2016.04.26 05:40:49.338,12.3745,12.37802,0.00,0.00
2016.04.26 05:40:49.440,12.3745,12.3781,0.00,0.00
2016.04.26 05:40:49.491,12.3745,12.37792,0.00,0.00
2016.04.26 05:40:49.821,12.3745,12.37781,0.00,0.00
2016.04.26 05:40:50.292,12.37449,12.37792,0.00,0.00
2016.04.26 05:40:51.090,12.3745,12.37792,0.00,0.00
2016.04.26 05:40:51.643,12.37449,12.37792,0.00,0.00
2016.04.26 05:40:52.359,12.3745,12.37792,0.00,0.00
2016.04.26 05:40:53.020,12.37449,12.37792,0.00,0.00
2016.04.26 05:40:54.550,12.3745,12.37792,0.00,0.00
2016.04.26 05:40:56.062,12.37449,12.37792,0.00,0.00
2016.04.26 05:40:56.153,12.37408,12.3777,0.00,0.00
2016.04.26 05:40:56.204,12.37408,12.37739,0.00,0.00
2016.04.26 05:40:56.254,12.37378,12.37739,0.00,0.00
2016.04.26 05:40:56.331,12.37369,12.37739,0.00,0.00
2016.04.26 05:40:56.837,12.37379,12.37739,0.00,0.00
2016.04.26 05:40:56.932,12.37369,12.37739,0.00,0.00
2016.04.26 05:40:57.756,12.3737,12.37739,0.00,0.00
2016.04.26 05:40:58.304,12.37369,12.37739,0.00,0.00
2016.04.26 05:40:58.985,12.3737,12.37739,0.00,0.00
2016.04.26 05:40:59.628,12.37369,12.37739,0.00,0.00
2016.04.26 05:41:00.361,12.3737,12.37739,0.00,0.00
2016.04.26 05:41:00.686,12.37389,12.37739,0.00,0.00
2016.04.26 05:41:01.160,12.3739,12.37732,0.00,0.00
2016.04.26 05:41:01.864,12.37389,12.37732,0.00,0.00
2016.04.26 05:41:02.438,12.37389,12.37739,0.00,0.00
2016.04.26 05:41:02.947,12.3739,12.37739,0.00,0.00
2016.04.26 05:41:03.597,12.3739,12.37731,0.00,0.00
2016.04.26 05:41:03.799,12.37349,12.37712,0.00,0.00
2016.04.26 05:41:03.849,12.37349,12.37701,0.00,0.00
2016.04.26 05:41:04.170,12.37298,12.37671,0.00,0.00
2016.04.26 05:41:04.241,12.37318,12.37671,0.00,0.00
2016.04.26 05:41:04.342,12.3727,12.37651,0.00,0.00
2016.04.26 05:41:04.392,12.37269,12.37638,0.00,0.00
2016.04.26 05:41:04.742,12.3726,12.37638,0.00,0.00
2016.04.26 05:41:05.257,12.37259,12.37638,0.00,0.00
2016.04.26 05:41:06.106,12.3726,12.37638,0.00,0.00
2016.04.26 05:41:06.625,12.37259,12.37638,0.00,0.00
2016.04.26 05:41:07.376,12.3726,12.37638,0.00,0.00
2016.04.26 05:41:07.898,12.37259,12.37638,0.00,0.00
2016.04.26 05:41:10.582,12.3726,12.37638,0.00,0.00
2016.04.26 05:41:10.683,12.3726,12.37621,0.00,0.00
2016.04.26 05:41:11.243,12.37259,12.37621,0.00,0.00
2016.04.26 05:41:12.787,12.3726,12.37621,0.00,0.00
2016.04.26 05:41:13.687,12.37278,12.37638,0.00,0.00
2016.04.26 05:41:13.788,12.37259,12.37636,0.00,0.00
2016.04.26 05:41:17.238,12.3726,12.37631,0.00,0.00
2016.04.26 05:41:17.898,12.3726,12.37638,0.00,0.00
2016.04.26 05:41:18.227,12.3726,12.3761,0.00,0.00
2016.04.26 05:41:18.801,12.37259,12.37611,0.00,0.00
2016.04.26 05:41:19.804,12.3726,12.3761,0.00,0.00
2016.04.26 05:41:20.305,12.37259,12.37611,0.00,0.00
2016.04.26 05:41:20.818,12.3726,12.3761,0.00,0.00
2016.04.26 05:41:21.509,12.37259,12.37611,0.00,0.00
2016.04.26 05:41:23.311,12.3726,12.3761,0.00,0.00
2016.04.26 05:41:24.314,12.37259,12.37611,0.00,0.00
2016.04.26 05:41:25.315,12.3726,12.3761,0.00,0.00
2016.04.26 05:41:26.066,12.37259,12.37611,0.00,0.00
2016.04.26 05:41:27.274,12.3726,12.3761,0.00,0.00
2016.04.26 05:41:27.780,12.37259,12.37611,0.00,0.00
2016.04.26 05:41:28.831,12.3726,12.3761,0.00,0.00
2016.04.26 05:41:29.430,12.37259,12.37611,0.00,0.00
2016.04.26 05:41:30.089,12.3726,12.3761,0.00,0.00
2016.04.26 05:41:30.732,12.37259,12.37611,0.00,0.00
2016.04.26 05:41:31.836,12.3726,12.3761,0.00,0.00
2016.04.26 05:41:32.839,12.37259,12.37611,0.00,0.00
2016.04.26 05:41:33.340,12.3726,12.3761,0.00,0.00
2016.04.26 05:41:33.841,12.37259,12.37611,0.00,0.00
2016.04.26 05:41:34.342,12.3726,12.3761,0.00,0.00
2016.04.26 05:41:34.843,12.37259,12.37611,0.00,0.00
2016.04.26 05:41:35.344,12.3726,12.3761,0.00,0.00
2016.04.26 05:41:35.845,12.37259,12.37611,0.00,0.00
2016.04.26 05:41:36.246,12.37249,12.37582,0.00,0.00
2016.04.26 05:41:36.296,12.37249,12.37591,0.00,0.00
2016.04.26 05:41:36.598,12.37249,12.37572,0.00,0.00
2016.04.26 05:41:36.998,12.37249,12.37582,0.00,0.00
2016.04.26 05:41:37.548,12.3725,12.37582,0.00,0.00
2016.04.26 05:41:38.550,12.37249,12.37582,0.00,0.00
2016.04.26 05:41:38.601,12.37249,12.37572,0.00,0.00
2016.04.26 05:41:39.353,12.3725,12.37572,0.00,0.00
2016.04.26 05:41:39.909,12.37249,12.37572,0.00,0.00
2016.04.26 05:41:40.334,12.3725,12.37582,0.00,0.00
2016.04.26 05:41:40.955,12.37249,12.37582,0.00,0.00
2016.04.26 05:41:41.456,12.3725,12.37582,0.00,0.00
2016.04.26 05:41:41.958,12.37249,12.37582,0.00,0.00
2016.04.26 05:41:42.459,12.3725,12.37582,0.00,0.00
2016.04.26 05:41:42.960,12.37249,12.37582,0.00,0.00
2016.04.26 05:41:43.461,12.3725,12.37582,0.00,0.00
2016.04.26 05:41:44.141,12.3725,12.3759,0.00,0.00
2016.04.26 05:41:44.266,12.3725,12.37582,0.00,0.00
2016.04.26 05:41:44.964,12.37249,12.37582,0.00,0.00
2016.04.26 05:41:46.468,12.3725,12.37582,0.00,0.00
2016.04.26 05:41:46.808,12.37249,12.37571,0.00,0.00
2016.04.26 05:41:47.024,12.3725,12.37581,0.00,0.00
2016.04.26 05:41:47.075,12.37249,12.37572,0.00,0.00
2016.04.26 05:41:47.186,12.37249,12.37582,0.00,0.00
2016.04.26 05:41:47.260,12.37249,12.37572,0.00,0.00
2016.04.26 05:41:47.635,12.37249,12.37562,0.00,0.00
2016.04.26 05:41:48.295,12.3725,12.37562,0.00,0.00
2016.04.26 05:41:49.074,12.37249,12.37562,0.00,0.00
2016.04.26 05:41:50.229,12.37249,12.37572,0.00,0.00
2016.04.26 05:41:50.767,12.3725,12.37572,0.00,0.00
2016.04.26 05:41:51.574,12.3725,12.3759,0.00,0.00
2016.04.26 05:41:51.674,12.37249,12.37611,0.00,0.00
2016.04.26 05:41:51.974,12.37249,12.37591,0.00,0.00
2016.04.26 05:41:52.309,12.3725,12.37561,0.00,0.00
2016.04.26 05:41:52.360,12.3725,12.37582,0.00,0.00
2016.04.26 05:41:52.432,12.3725,12.37571,0.00,0.00
2016.04.26 05:41:53.086,12.37249,12.37571,0.00,0.00
2016.04.26 05:41:53.630,12.3725,12.37571,0.00,0.00
2016.04.26 05:41:54.489,12.37249,12.37571,0.00,0.00
2016.04.26 05:41:54.769,12.37249,12.37581,0.00,0.00
2016.04.26 05:41:55.676,12.37249,12.37611,0.00,0.00
2016.04.26 05:41:56.247,12.3725,12.3761,0.00,0.00
2016.04.26 05:41:56.298,12.37259,12.37611,0.00,0.00
2016.04.26 05:41:56.794,12.37269,12.37611,0.00,0.00
2016.04.26 05:41:57.098,12.37309,12.37638,0.00,0.00
2016.04.26 05:41:57.495,12.37329,12.37638,0.00,0.00
2016.04.26 05:41:57.796,12.37339,12.37638,0.00,0.00
2016.04.26 05:41:58.297,12.3734,12.37638,0.00,0.00
2016.04.26 05:41:59.399,12.37339,12.37638,0.00,0.00
2016.04.26 05:42:00.301,12.3733,12.37638,0.00,0.00
2016.04.26 05:42:00.702,12.3732,12.37638,0.00,0.00
2016.04.26 05:42:01.202,12.37329,12.37638,0.00,0.00
2016.04.26 05:42:01.303,12.3731,12.37638,0.00,0.00
2016.04.26 05:42:01.354,12.3731,12.37631,0.00,0.00
2016.04.26 05:42:01.455,12.3731,12.37638,0.00,0.00
2016.04.26 05:42:01.804,12.3732,12.37638,0.00,0.00
2016.04.26 05:42:02.305,12.3731,12.37638,0.00,0.00
2016.04.26 05:42:02.806,12.37309,12.37638,0.00,0.00
2016.04.26 05:42:03.307,12.3731,12.37638,0.00,0.00
2016.04.26 05:42:03.808,12.37309,12.37638,0.00,0.00
2016.04.26 05:42:04.309,12.3731,12.37638,0.00,0.00
2016.04.26 05:42:04.810,12.37309,12.37638,0.00,0.00
2016.04.26 05:42:05.345,12.37268,12.37539,0.00,0.00
2016.04.26 05:42:05.446,12.3725,12.37539,0.00,0.00
2016.04.26 05:42:06.048,12.37249,12.37591,0.00,0.00
2016.04.26 05:42:06.251,12.37249,12.37611,0.00,0.00
2016.04.26 05:42:06.935,12.37249,12.37591,0.00,0.00
2016.04.26 05:42:07.495,12.3725,12.37591,0.00,0.00
2016.04.26 05:42:07.759,12.3725,12.3761,0.00,0.00
2016.04.26 05:42:08.852,12.37249,12.37621,0.00,0.00
2016.04.26 05:42:09.388,12.3725,12.3762,0.00,0.00
2016.04.26 05:42:09.439,12.3726,12.3762,0.00,0.00
2016.04.26 05:42:09.962,12.373,12.37638,0.00,0.00
2016.04.26 05:42:10.274,12.37349,12.37661,0.00,0.00
2016.04.26 05:42:10.526,12.3741,12.37732,0.00,0.00
2016.04.26 05:42:10.577,12.3741,12.37739,0.00,0.00
2016.04.26 05:42:10.728,12.37399,12.37739,0.00,0.00
2016.04.26 05:42:11.234,12.3745,12.37739,0.00,0.00
2016.04.26 05:42:11.285,12.3745,12.37762,0.00,0.00
2016.04.26 05:42:11.424,12.3745,12.37782,0.00,0.00
2016.04.26 05:42:11.475,12.37408,12.37792,0.00,0.00
2016.04.26 05:42:11.576,12.3745,12.3781,0.00,0.00
2016.04.26 05:42:11.928,12.37449,12.37791,0.00,0.00
2016.04.26 05:42:12.014,12.37449,12.37801,0.00,0.00
2016.04.26 05:42:12.415,12.3745,12.3781,0.00,0.00
2016.04.26 05:42:12.516,12.37449,12.37792,0.00,0.00
2016.04.26 05:42:13.158,12.37459,12.37811,0.00,0.00
2016.04.26 05:42:13.459,12.37449,12.37811,0.00,0.00
2016.04.26 05:42:13.617,12.37449,12.37802,0.00,0.00
2016.04.26 05:42:13.918,12.3745,12.3781,0.00,0.00
2016.04.26 05:42:15.229,12.3745,12.37802,0.00,0.00
2016.04.26 05:42:15.643,12.37459,12.37811,0.00,0.00
2016.04.26 05:42:15.944,12.3748,12.3782,0.00,0.00
2016.04.26 05:42:16.072,12.37469,12.37821,0.00,0.00
2016.04.26 05:42:16.351,12.37479,12.37821,0.00,0.00
2016.04.26 05:42:16.472,12.3747,12.3782,0.00,0.00
2016.04.26 05:42:16.575,12.37458,12.3779,0.00,0.00
2016.04.26 05:42:16.626,12.3745,12.3779,0.00,0.00
2016.04.26 05:42:16.677,12.3745,12.37739,0.00,0.00
2016.04.26 05:42:17.180,12.37449,12.37739,0.00,0.00
2016.04.26 05:42:17.281,12.37359,12.37691,0.00,0.00
2016.04.26 05:42:17.482,12.37349,12.37691,0.00,0.00
2016.04.26 05:42:17.548,12.37369,12.37712,0.00,0.00
2016.04.26 05:42:17.635,12.37369,12.37739,0.00,0.00
2016.04.26 05:42:17.736,12.37369,12.37722,0.00,0.00
2016.04.26 05:42:17.837,12.37369,12.37729,0.00,0.00
2016.04.26 05:42:17.888,12.3735,12.37638,0.00,0.00
2016.04.26 05:42:17.989,12.3732,12.37638,0.00,0.00
2016.04.26 05:42:18.090,12.37268,12.37601,0.00,0.00
2016.04.26 05:42:18.141,12.37259,12.37601,0.00,0.00
2016.04.26 05:42:18.242,12.37259,12.37621,0.00,0.00
2016.04.26 05:42:18.346,12.37269,12.37638,0.00,0.00
2016.04.26 05:42:18.447,12.37249,12.37591,0.00,0.00
2016.04.26 05:42:19.068,12.37199,12.37571,0.00,0.00
2016.04.26 05:42:19.169,12.37168,12.37562,0.00,0.00
2016.04.26 05:42:19.270,12.3725,12.37531,0.00,0.00
2016.04.26 05:42:19.338,12.3725,12.37552,0.00,0.00
2016.04.26 05:42:19.439,12.37249,12.37591,0.00,0.00
2016.04.26 05:42:19.547,12.37249,12.37602,0.00,0.00
2016.04.26 05:42:20.063,12.3725,12.37562,0.00,0.00
2016.04.26 05:42:20.114,12.3725,12.37572,0.00,0.00
2016.04.26 05:42:20.215,12.3725,12.37561,0.00,0.00
2016.04.26 05:42:20.877,12.37249,12.37561,0.00,0.00
2016.04.26 05:42:20.928,12.37249,12.37571,0.00,0.00
2016.04.26 05:42:21.509,12.3725,12.37542,0.00,0.00
2016.04.26 05:42:21.610,12.37149,12.37492,0.00,0.00
2016.04.26 05:42:21.910,12.37149,12.37511,0.00,0.00
2016.04.26 05:42:22.011,12.37149,12.37521,0.00,0.00
2016.04.26 05:42:22.112,12.37149,12.37531,0.00,0.00
2016.04.26 05:42:22.346,12.37158,12.37538,0.00,0.00
2016.04.26 05:42:22.711,12.3715,12.37522,0.00,0.00
2016.04.26 05:42:23.052,12.37149,12.37501,0.00,0.00
2016.04.26 05:42:23.933,12.37149,12.37511,0.00,0.00
2016.04.26 05:42:24.336,12.37149,12.37538,0.00,0.00
2016.04.26 05:42:24.437,12.37149,12.37511,0.00,0.00
2016.04.26 05:42:24.818,12.37149,12.37491,0.00,0.00
2016.04.26 05:42:25.361,12.3715,12.37491,0.00,0.00
2016.04.26 05:42:25.543,12.37149,12.37501,0.00,0.00
2016.04.26 05:42:25.595,12.37149,12.37499,0.00,0.00
2016.04.26 05:42:25.947,12.3712,12.37438,0.00,0.00
2016.04.26 05:42:26.208,12.3709,12.37431,0.00,0.00
2016.04.26 05:42:26.259,12.3709,12.37422,0.00,0.00
2016.04.26 05:42:26.360,12.3709,12.37438,0.00,0.00
2016.04.26 05:42:26.956,12.37089,12.37438,0.00,0.00
2016.04.26 05:42:27.812,12.3709,12.37438,0.00,0.00
2016.04.26 05:42:28.743,12.3709,12.37412,0.00,0.00
2016.04.26 05:42:28.794,12.37049,12.37412,0.00,0.00
2016.04.26 05:42:29.413,12.3705,12.37412,0.00,0.00
2016.04.26 05:42:29.874,12.3705,12.37402,0.00,0.00
2016.04.26 05:42:30.245,12.3705,12.37411,0.00,0.00
2016.04.26 05:42:30.746,12.37049,12.37401,0.00,0.00
2016.04.26 05:42:31.404,12.37049,12.37382,0.00,0.00
2016.04.26 05:42:31.556,12.37049,12.37392,0.00,0.00
2016.04.26 05:42:31.657,12.37049,12.37411,0.00,0.00
2016.04.26 05:42:31.892,12.37049,12.37391,0.00,0.00
2016.04.26 05:42:32.149,12.37049,12.37411,0.00,0.00
2016.04.26 05:42:32.379,12.3705,12.37392,0.00,0.00
2016.04.26 05:42:32.450,12.3705,12.3741,0.00,0.00
2016.04.26 05:42:32.551,12.3705,12.37372,0.00,0.00
2016.04.26 05:42:32.602,12.36989,12.37371,0.00,0.00
2016.04.26 05:42:32.652,12.36989,12.37341,0.00,0.00
2016.04.26 05:42:32.981,12.3706,12.37338,0.00,0.00
2016.04.26 05:42:33.093,12.37019,12.37338,0.00,0.00
2016.04.26 05:42:33.194,12.36989,12.37338,0.00,0.00
2016.04.26 05:42:33.254,12.36989,12.37332,0.00,0.00
2016.04.26 05:42:33.506,12.3695,12.37311,0.00,0.00
2016.04.26 05:42:33.933,12.3695,12.37301,0.00,0.00
2016.04.26 05:42:34.495,12.36959,12.37301,0.00,0.00
2016.04.26 05:42:34.546,12.36959,12.37321,0.00,0.00
2016.04.26 05:42:34.597,12.36969,12.37321,0.00,0.00
2016.04.26 05:42:34.935,12.3699,12.37332,0.00,0.00
2016.04.26 05:42:35.136,12.3699,12.37338,0.00,0.00
2016.04.26 05:42:35.686,12.36989,12.37338,0.00,0.00
2016.04.26 05:42:36.227,12.36989,12.37332,0.00,0.00
2016.04.26 05:42:36.587,12.3699,12.37321,0.00,0.00
2016.04.26 05:42:36.801,12.36949,12.37321,0.00,0.00
2016.04.26 05:42:36.852,12.36949,12.37338,0.00,0.00
2016.04.26 05:42:36.902,12.3695,12.3733,0.00,0.00
2016.04.26 05:42:37.248,12.3695,12.37301,0.00,0.00
2016.04.26 05:42:37.629,12.3695,12.37322,0.00,0.00
2016.04.26 05:42:38.237,12.36949,12.37322,0.00,0.00
2016.04.26 05:42:39.895,12.3695,12.37322,0.00,0.00
2016.04.26 05:42:40.497,12.3694,12.3728,0.00,0.00
2016.04.26 05:42:40.598,12.36928,12.37271,0.00,0.00
2016.04.26 05:42:40.699,12.36919,12.3727,0.00,0.00
2016.04.26 05:42:40.800,12.36889,12.37241,0.00,0.00
2016.04.26 05:42:40.901,12.36889,12.37271,0.00,0.00
2016.04.26 05:42:40.951,12.36889,12.37252,0.00,0.00
2016.04.26 05:42:41.299,12.36889,12.37231,0.00,0.00
2016.04.26 05:42:41.472,12.36889,12.37239,0.00,0.00
2016.04.26 05:42:41.523,12.36889,12.37231,0.00,0.00
2016.04.26 05:42:41.730,12.36828,12.37212,0.00,0.00
2016.04.26 05:42:42.000,12.3685,12.37212,0.00,0.00
2016.04.26 05:42:42.051,12.3685,12.3722,0.00,0.00
2016.04.26 05:42:42.152,12.3685,12.37212,0.00,0.00
2016.04.26 05:42:42.501,12.3685,12.37201,0.00,0.00
2016.04.26 05:42:42.758,12.36759,12.37131,0.00,0.00
2016.04.26 05:42:43.032,12.36759,12.37141,0.00,0.00
2016.04.26 05:42:43.132,12.36769,12.37159,0.00,0.00
2016.04.26 05:42:43.202,12.36769,12.37141,0.00,0.00
2016.04.26 05:42:43.504,12.36729,12.37081,0.00,0.00
2016.04.26 05:42:43.555,12.36669,12.37081,0.00,0.00
2016.04.26 05:42:43.606,12.36689,12.37081,0.00,0.00
2016.04.26 05:42:43.952,12.36698,12.37071,0.00,0.00
2016.04.26 05:42:44.255,12.3669,12.37039,0.00,0.00
2016.04.26 05:42:44.558,12.36748,12.37039,0.00,0.00
2016.04.26 05:42:44.659,12.36718,12.37039,0.00,0.00
2016.04.26 05:42:44.760,12.36698,12.37039,0.00,0.00
2016.04.26 05:42:44.864,12.36689,12.37039,0.00,0.00
2016.04.26 05:42:44.915,12.36678,12.37039,0.00,0.00
2016.04.26 05:42:45.027,12.36759,12.37039,0.00,0.00
2016.04.26 05:42:45.078,12.36759,12.37042,0.00,0.00
2016.04.26 05:42:45.181,12.36759,12.37092,0.00,0.00
2016.04.26 05:42:45.232,12.36819,12.37111,0.00,0.00
2016.04.26 05:42:45.314,12.36789,12.37131,0.00,0.00
2016.04.26 05:42:45.516,12.3678,12.3713,0.00,0.00
2016.04.26 05:42:45.595,12.36799,12.3713,0.00,0.00
2016.04.26 05:42:45.747,12.3685,12.3721,0.00,0.00
2016.04.26 05:42:45.848,12.36899,12.37238,0.00,0.00
2016.04.26 05:42:46.171,12.36909,12.37238,0.00,0.00
2016.04.26 05:42:46.376,12.36949,12.37281,0.00,0.00
2016.04.26 05:42:46.427,12.36999,12.37311,0.00,0.00
2016.04.26 05:42:46.543,12.36989,12.37311,0.00,0.00
2016.04.26 05:42:46.667,12.36998,12.37311,0.00,0.00
2016.04.26 05:42:46.722,12.36989,12.37311,0.00,0.00
2016.04.26 05:42:47.047,12.37,12.3731,0.00,0.00
2016.04.26 05:42:47.645,12.3708,12.37339,0.00,0.00
2016.04.26 05:42:47.695,12.3708,12.3736,0.00,0.00
2016.04.26 05:42:47.746,12.3709,12.3741,0.00,0.00
2016.04.26 05:42:47.852,12.37108,12.3739,0.00,0.00
2016.04.26 05:42:47.953,12.3709,12.37439,0.00,0.00
2016.04.26 05:42:48.172,12.37108,12.37439,0.00,0.00
2016.04.26 05:42:48.273,12.3709,12.37439,0.00,0.00
2016.04.26 05:42:48.323,12.371,12.37439,0.00,0.00
2016.04.26 05:42:48.670,12.37249,12.37501,0.00,0.00
2016.04.26 05:42:48.734,12.3725,12.37569,0.00,0.00
2016.04.26 05:42:48.785,12.3725,12.3762,0.00,0.00
2016.04.26 05:42:48.836,12.37369,12.37612,0.00,0.00
2016.04.26 05:42:48.937,12.37389,12.37751,0.00,0.00
2016.04.26 05:42:49.038,12.37449,12.37861,0.00,0.00
2016.04.26 05:42:49.088,12.37462,12.37861,0.00,0.00
2016.04.26 05:42:49.423,12.37579,12.37938,0.00,0.00
2016.04.26 05:42:49.726,12.3765,12.3805,0.00,0.00
2016.04.26 05:42:49.830,12.3769,12.3808,0.00,0.00
2016.04.26 05:42:50.153,12.37689,12.38071,0.00,0.00
2016.04.26 05:42:50.455,12.37708,12.38081,0.00,0.00
2016.04.26 05:42:50.506,12.37689,12.38072,0.00,0.00
2016.04.26 05:42:50.624,12.37709,12.38081,0.00,0.00
2016.04.26 05:42:50.725,12.37699,12.38081,0.00,0.00
2016.04.26 05:42:50.827,12.37689,12.38071,0.00,0.00
2016.04.26 05:42:51.032,12.37698,12.38081,0.00,0.00
2016.04.26 05:42:51.104,12.37709,12.38081,0.00,0.00
2016.04.26 05:42:51.205,12.37689,12.38072,0.00,0.00
2016.04.26 05:42:51.406,12.37698,12.3808,0.00,0.00
2016.04.26 05:42:51.705,12.3769,12.38082,0.00,0.00
2016.04.26 05:42:51.806,12.37708,12.38091,0.00,0.00
2016.04.26 05:42:52.095,12.37758,12.38152,0.00,0.00
2016.04.26 05:42:52.146,12.37779,12.38152,0.00,0.00
2016.04.26 05:42:52.385,12.37779,12.3817,0.00,0.00
2016.04.26 05:42:52.486,12.3777,12.38162,0.00,0.00
2016.04.26 05:42:52.537,12.37768,12.38121,0.00,0.00
2016.04.26 05:42:52.587,12.37749,12.38121,0.00,0.00
2016.04.26 05:42:52.638,12.3775,12.3811,0.00,0.00
2016.04.26 05:42:53.141,12.37749,12.38111,0.00,0.00
2016.04.26 05:42:53.242,12.37768,12.38162,0.00,0.00
2016.04.26 05:42:53.571,12.3778,12.38162,0.00,0.00
2016.04.26 05:42:53.622,12.3778,12.38172,0.00,0.00
2016.04.26 05:42:53.723,12.37789,12.38181,0.00,0.00
2016.04.26 05:42:54.088,12.37789,12.38142,0.00,0.00
2016.04.26 05:42:54.189,12.378,12.3818,0.00,0.00
2016.04.26 05:42:54.407,12.378,12.38082,0.00,0.00
2016.04.26 05:42:54.458,12.3772,12.3808,0.00,0.00
2016.04.26 05:42:54.559,12.37699,12.38081,0.00,0.00
2016.04.26 05:42:54.963,12.3769,12.3808,0.00,0.00
2016.04.26 05:42:55.389,12.37689,12.38052,0.00,0.00
2016.04.26 05:42:55.641,12.37659,12.38041,0.00,0.00
2016.04.26 05:42:56.291,12.37668,12.38052,0.00,0.00
2016.04.26 05:42:57.535,12.37668,12.38062,0.00,0.00
2016.04.26 05:42:57.781,12.3768,12.38062,0.00,0.00
2016.04.26 05:42:57.832,12.3768,12.3807,0.00,0.00
2016.04.26 05:42:57.883,12.37689,12.38071,0.00,0.00
2016.04.26 05:42:58.245,12.37698,12.38071,0.00,0.00
2016.04.26 05:42:58.754,12.37698,12.3807,0.00,0.00
2016.04.26 05:42:59.347,12.37698,12.38071,0.00,0.00
2016.04.26 05:42:59.848,12.37698,12.3807,0.00,0.00
2016.04.26 05:43:00.399,12.37689,12.38071,0.00,0.00
2016.04.26 05:43:00.804,12.37698,12.38071,0.00,0.00
2016.04.26 05:43:01.401,12.37689,12.38071,0.00,0.00
2016.04.26 05:43:01.590,12.37689,12.38051,0.00,0.00
2016.04.26 05:43:01.802,12.3769,12.38062,0.00,0.00
2016.04.26 05:43:01.959,12.37739,12.38062,0.00,0.00
2016.04.26 05:43:02.010,12.37739,12.38081,0.00,0.00
2016.04.26 05:43:02.110,12.37708,12.3809,0.00,0.00
2016.04.26 05:43:02.211,12.37728,12.38091,0.00,0.00
2016.04.26 05:43:02.291,12.37719,12.38091,0.00,0.00
2016.04.26 05:43:02.508,12.37728,12.38091,0.00,0.00
2016.04.26 05:43:02.609,12.37699,12.38091,0.00,0.00
2016.04.26 05:43:02.710,12.37728,12.38091,0.00,0.00
2016.04.26 05:43:03.339,12.37719,12.38091,0.00,0.00
2016.04.26 05:43:03.856,12.37719,12.3809,0.00,0.00
2016.04.26 05:43:04.389,12.37719,12.38091,0.00,0.00
2016.04.26 05:43:04.894,12.37718,12.3809,0.00,0.00
2016.04.26 05:43:05.208,12.37748,12.3809,0.00,0.00
2016.04.26 05:43:05.259,12.37749,12.38132,0.00,0.00
2016.04.26 05:43:05.310,12.37759,12.38151,0.00,0.00
2016.04.26 05:43:05.411,12.37779,12.38171,0.00,0.00
2016.04.26 05:43:05.760,12.37789,12.38171,0.00,0.00
2016.04.26 05:43:06.367,12.3779,12.3817,0.00,0.00
2016.04.26 05:43:06.715,12.37809,12.3817,0.00,0.00
2016.04.26 05:43:06.886,12.378,12.3817,0.00,0.00
2016.04.26 05:43:07.667,12.37799,12.38171,0.00,0.00
2016.04.26 05:43:08.670,12.378,12.3817,0.00,0.00
2016.04.26 05:43:08.871,12.37809,12.38171,0.00,0.00
2016.04.26 05:43:10.174,12.3781,12.3817,0.00,0.00
2016.04.26 05:43:10.510,12.37778,12.38171,0.00,0.00
2016.04.26 05:43:10.567,12.37769,12.38162,0.00,0.00
2016.04.26 05:43:10.914,12.37748,12.3807,0.00,0.00
2016.04.26 05:43:11.019,12.3769,12.38062,0.00,0.00
2016.04.26 05:43:11.072,12.3769,12.3807,0.00,0.00
2016.04.26 05:43:11.173,12.3769,12.38062,0.00,0.00
2016.04.26 05:43:11.324,12.3767,12.3806,0.00,0.00
2016.04.26 05:43:11.375,12.3767,12.38052,0.00,0.00
2016.04.26 05:43:11.426,12.3766,12.3805,0.00,0.00
2016.04.26 05:43:11.720,12.3766,12.3804,0.00,0.00
2016.04.26 05:43:12.279,12.37659,12.38041,0.00,0.00
2016.04.26 05:43:12.605,12.37618,12.37971,0.00,0.00
2016.04.26 05:43:12.706,12.37589,12.37972,0.00,0.00
2016.04.26 05:43:12.775,12.37589,12.37981,0.00,0.00
2016.04.26 05:43:12.876,12.37628,12.3799,0.00,0.00
2016.04.26 05:43:13.706,12.37628,12.37991,0.00,0.00
2016.04.26 05:43:14.641,12.37649,12.37991,0.00,0.00
2016.04.26 05:43:14.747,12.37668,12.38062,0.00,0.00
2016.04.26 05:43:15.037,12.3766,12.38052,0.00,0.00
2016.04.26 05:43:15.346,12.3769,12.3807,0.00,0.00
2016.04.26 05:43:15.888,12.377,12.3807,0.00,0.00
2016.04.26 05:43:16.590,12.37699,12.38071,0.00,0.00
2016.04.26 05:43:17.289,12.377,12.3807,0.00,0.00
2016.04.26 05:43:17.793,12.37699,12.38071,0.00,0.00
2016.04.26 05:43:18.896,12.377,12.3807,0.00,0.00
2016.04.26 05:43:19.098,12.37689,12.38071,0.00,0.00
2016.04.26 05:43:19.148,12.37689,12.38061,0.00,0.00
2016.04.26 05:43:19.964,12.37689,12.38031,0.00,0.00
2016.04.26 05:43:20.014,12.3759,12.37941,0.00,0.00
2016.04.26 05:43:20.099,12.3756,12.37941,0.00,0.00
2016.04.26 05:43:20.199,12.37559,12.37891,0.00,0.00
2016.04.26 05:43:20.249,12.37539,12.37891,0.00,0.00
2016.04.26 05:43:20.350,12.37509,12.37891,0.00,0.00
2016.04.26 05:43:20.451,12.375,12.37881,0.00,0.00
2016.04.26 05:43:20.634,12.37489,12.37871,0.00,0.00
2016.04.26 05:43:20.750,12.3749,12.37861,0.00,0.00
2016.04.26 05:43:21.251,12.37489,12.37861,0.00,0.00
2016.04.26 05:43:21.582,12.37489,12.37851,0.00,0.00
2016.04.26 05:43:22.066,12.37489,12.37861,0.00,0.00
2016.04.26 05:43:23.205,12.37489,12.37871,0.00,0.00
2016.04.26 05:43:23.706,12.3749,12.3787,0.00,0.00
2016.04.26 05:43:23.972,12.37508,12.37871,0.00,0.00
2016.04.26 05:43:24.068,12.37489,12.37871,0.00,0.00
2016.04.26 05:43:24.636,12.3749,12.3787,0.00,0.00
2016.04.26 05:43:24.855,12.3759,12.37881,0.00,0.00
2016.04.26 05:43:24.906,12.3759,12.37892,0.00,0.00
2016.04.26 05:43:25.007,12.37598,12.37971,0.00,0.00
2016.04.26 05:43:25.278,12.3759,12.37962,0.00,0.00
2016.04.26 05:43:25.606,12.37599,12.3797,0.00,0.00
2016.04.26 05:43:25.719,12.37589,12.37971,0.00,0.00
2016.04.26 05:43:26.812,12.3759,12.3797,0.00,0.00
2016.04.26 05:43:26.913,12.3764,12.3797,0.00,0.00
2016.04.26 05:43:27.522,12.37639,12.37971,0.00,0.00
2016.04.26 05:43:28.163,12.3764,12.3797,0.00,0.00
2016.04.26 05:43:28.264,12.37599,12.37971,0.00,0.00
2016.04.26 05:43:28.314,12.37608,12.37971,0.00,0.00
2016.04.26 05:43:28.573,12.37599,12.37971,0.00,0.00
2016.04.26 05:43:28.754,12.37609,12.37971,0.00,0.00
2016.04.26 05:43:29.274,12.376,12.3797,0.00,0.00
2016.04.26 05:43:29.819,12.37599,12.37971,0.00,0.00
2016.04.26 05:43:30.276,12.37608,12.37971,0.00,0.00
2016.04.26 05:43:30.620,12.37618,12.37971,0.00,0.00
2016.04.26 05:43:30.820,12.37609,12.37971,0.00,0.00
2016.04.26 05:43:31.322,12.3761,12.3797,0.00,0.00
2016.04.26 05:43:31.872,12.37609,12.37971,0.00,0.00
2016.04.26 05:43:32.475,12.3761,12.3797,0.00,0.00
2016.04.26 05:43:33.326,12.37609,12.37971,0.00,0.00
2016.04.26 05:43:33.846,12.3761,12.3797,0.00,0.00
2016.04.26 05:43:34.830,12.37609,12.37971,0.00,0.00
2016.04.26 05:43:35.454,12.3759,12.3797,0.00,0.00
2016.04.26 05:43:35.505,12.3759,12.37961,0.00,0.00
2016.04.26 05:43:35.704,12.3759,12.3797,0.00,0.00
2016.04.26 05:43:36.205,12.37589,12.37961,0.00,0.00
2016.04.26 05:43:36.533,12.37589,12.37901,0.00,0.00
2016.04.26 05:43:37.141,12.3759,12.379,0.00,0.00
2016.04.26 05:43:37.736,12.37589,12.37901,0.00,0.00
2016.04.26 05:43:38.083,12.37599,12.37901,0.00,0.00
2016.04.26 05:43:38.184,12.37599,12.37971,0.00,0.00
2016.04.26 05:43:38.235,12.37608,12.37971,0.00,0.00
2016.04.26 05:43:38.773,12.37608,12.37901,0.00,0.00
2016.04.26 05:43:38.824,12.37599,12.37901,0.00,0.00
2016.04.26 05:43:38.925,12.3755,12.3792,0.00,0.00
2016.04.26 05:43:39.439,12.37549,12.37921,0.00,0.00
2016.04.26 05:43:40.942,12.3755,12.3792,0.00,0.00
2016.04.26 05:43:41.443,12.37549,12.37921,0.00,0.00
2016.04.26 05:43:41.944,12.3755,12.3792,0.00,0.00
2016.04.26 05:43:42.183,12.37549,12.37871,0.00,0.00
2016.04.26 05:43:42.234,12.37519,12.37871,0.00,0.00
2016.04.26 05:43:42.335,12.3749,12.3787,0.00,0.00
2016.04.26 05:43:42.728,12.37489,12.37852,0.00,0.00
2016.04.26 05:43:43.555,12.3749,12.3784,0.00,0.00
2016.04.26 05:43:43.679,12.3745,12.3784,0.00,0.00
2016.04.26 05:43:43.730,12.37458,12.3784,0.00,0.00
2016.04.26 05:43:43.780,12.37458,12.37851,0.00,0.00
2016.04.26 05:43:43.831,12.37449,12.37842,0.00,0.00
2016.04.26 05:43:44.149,12.37459,12.37851,0.00,0.00
2016.04.26 05:43:44.250,12.37468,12.37861,0.00,0.00
2016.04.26 05:43:44.461,12.37488,12.37871,0.00,0.00
2016.04.26 05:43:44.790,12.3759,12.37851,0.00,0.00
2016.04.26 05:43:44.841,12.3759,12.3789,0.00,0.00
2016.04.26 05:43:44.942,12.37609,12.37971,0.00,0.00
2016.04.26 05:43:45.485,12.37608,12.3797,0.00,0.00
2016.04.26 05:43:46.005,12.37608,12.37971,0.00,0.00
2016.04.26 05:43:46.061,12.3766,12.38002,0.00,0.00
2016.04.26 05:43:46.118,12.3766,12.3801,0.00,0.00
2016.04.26 05:43:46.169,12.37689,12.38071,0.00,0.00
2016.04.26 05:43:46.272,12.37699,12.3807,0.00,0.00
2016.04.26 05:43:46.975,12.37689,12.38061,0.00,0.00
2016.04.26 05:43:47.058,12.37679,12.38061,0.00,0.00
2016.04.26 05:43:47.277,12.3769,12.38061,0.00,0.00
2016.04.26 05:43:47.780,12.377,12.38061,0.00,0.00
2016.04.26 05:43:47.835,12.377,12.3807,0.00,0.00
2016.04.26 05:43:47.936,12.37708,12.3807,0.00,0.00
2016.04.26 05:43:48.235,12.377,12.3807,0.00,0.00
2016.04.26 05:43:48.963,12.37699,12.38071,0.00,0.00
2016.04.26 05:43:49.352,12.37699,12.38051,0.00,0.00
2016.04.26 05:43:49.725,12.37639,12.37991,0.00,0.00
2016.04.26 05:43:50.246,12.3764,12.3799,0.00,0.00
2016.04.26 05:43:50.587,12.3765,12.37992,0.00,0.00
2016.04.26 05:43:50.739,12.37649,12.38002,0.00,0.00
2016.04.26 05:43:50.840,12.3765,12.3802,0.00,0.00
2016.04.26 05:43:50.941,12.3765,12.38011,0.00,0.00
2016.04.26 05:43:51.042,12.37649,12.38021,0.00,0.00
2016.04.26 05:43:51.143,12.37649,12.38001,0.00,0.00
2016.04.26 05:43:51.768,12.3765,12.38001,0.00,0.00
2016.04.26 05:43:52.270,12.37649,12.38001,0.00,0.00
2016.04.26 05:43:52.766,12.37649,12.38011,0.00,0.00
2016.04.26 05:43:52.867,12.37649,12.38021,0.00,0.00
2016.04.26 05:43:53.370,12.3765,12.3802,0.00,0.00
2016.04.26 05:43:53.873,12.37649,12.38021,0.00,0.00
2016.04.26 05:43:54.875,12.3765,12.3802,0.00,0.00
2016.04.26 05:43:55.877,12.37649,12.38021,0.00,0.00
2016.04.26 05:43:56.380,12.3765,12.3802,0.00,0.00
2016.04.26 05:43:56.913,12.37628,12.37971,0.00,0.00
2016.04.26 05:43:56.963,12.37619,12.37971,0.00,0.00
2016.04.26 05:43:57.014,12.37619,12.37991,0.00,0.00
2016.04.26 05:43:57.065,12.37619,12.37982,0.00,0.00
2016.04.26 05:43:57.166,12.37619,12.37991,0.00,0.00
2016.04.26 05:43:57.248,12.37628,12.38001,0.00,0.00
2016.04.26 05:43:57.349,12.37619,12.38001,0.00,0.00
2016.04.26 05:43:57.450,12.37629,12.3802,0.00,0.00
2016.04.26 05:43:58.883,12.37629,12.38021,0.00,0.00
2016.04.26 05:44:00.887,12.37629,12.3802,0.00,0.00
2016.04.26 05:44:01.388,12.37629,12.38021,0.00,0.00
2016.04.26 05:44:01.788,12.37629,12.37971,0.00,0.00
2016.04.26 05:44:01.890,12.37619,12.37971,0.00,0.00
2016.04.26 05:44:03.244,12.37619,12.37938,0.00,0.00
2016.04.26 05:44:03.391,12.37598,12.37938,0.00,0.00
2016.04.26 05:44:03.480,12.3759,12.37938,0.00,0.00
2016.04.26 05:44:03.823,12.3764,12.37938,0.00,0.00
2016.04.26 05:44:04.031,12.37638,12.37938,0.00,0.00
2016.04.26 05:44:04.082,12.37628,12.38021,0.00,0.00
2016.04.26 05:44:04.381,12.3762,12.38002,0.00,0.00
2016.04.26 05:44:04.694,12.37609,12.37991,0.00,0.00
2016.04.26 05:44:05.034,12.37629,12.3802,0.00,0.00
2016.04.26 05:44:05.084,12.37619,12.38001,0.00,0.00
2016.04.26 05:44:05.236,12.37638,12.38021,0.00,0.00
2016.04.26 05:44:05.497,12.37628,12.3802,0.00,0.00
2016.04.26 05:44:06.058,12.37628,12.38021,0.00,0.00
2016.04.26 05:44:06.576,12.37628,12.3802,0.00,0.00
2016.04.26 05:44:07.399,12.37628,12.37881,0.00,0.00
2016.04.26 05:44:07.504,12.37608,12.37921,0.00,0.00
2016.04.26 05:44:07.605,12.37529,12.3787,0.00,0.00
2016.04.26 05:44:07.655,12.37529,12.37838,0.00,0.00
2016.04.26 05:44:07.706,12.37519,12.37838,0.00,0.00
2016.04.26 05:44:07.938,12.37508,12.37838,0.00,0.00
2016.04.26 05:44:08.039,12.37499,12.37838,0.00,0.00
2016.04.26 05:44:08.143,12.37489,12.37838,0.00,0.00
2016.04.26 05:44:08.296,12.37508,12.37838,0.00,0.00
2016.04.26 05:44:08.397,12.37489,12.37838,0.00,0.00
2016.04.26 05:44:08.713,12.37498,12.37838,0.00,0.00
2016.04.26 05:44:08.795,12.3749,12.37838,0.00,0.00
2016.04.26 05:44:08.925,12.37498,12.37838,0.00,0.00
2016.04.26 05:44:09.429,12.37489,12.37838,0.00,0.00
2016.04.26 05:44:09.684,12.37479,12.37838,0.00,0.00
2016.04.26 05:44:09.734,12.37479,12.37791,0.00,0.00
2016.04.26 05:44:09.835,12.3745,12.3779,0.00,0.00
2016.04.26 05:44:10.047,12.37439,12.3779,0.00,0.00
2016.04.26 05:44:10.098,12.37409,12.3779,0.00,0.00
2016.04.26 05:44:10.148,12.37409,12.37771,0.00,0.00
2016.04.26 05:44:10.199,12.37389,12.37762,0.00,0.00
2016.04.26 05:44:10.590,12.3739,12.37739,0.00,0.00
2016.04.26 05:44:11.185,12.37389,12.37739,0.00,0.00
2016.04.26 05:44:11.700,12.3739,12.37739,0.00,0.00
2016.04.26 05:44:12.248,12.37389,12.37739,0.00,0.00
2016.04.26 05:44:12.757,12.3739,12.37739,0.00,0.00
2016.04.26 05:44:13.311,12.37389,12.37739,0.00,0.00
2016.04.26 05:44:13.738,12.37399,12.37739,0.00,0.00
2016.04.26 05:44:14.839,12.3739,12.37739,0.00,0.00
2016.04.26 05:44:15.620,12.37389,12.37739,0.00,0.00
2016.04.26 05:44:17.148,12.3739,12.37739,0.00,0.00
2016.04.26 05:44:18.627,12.37389,12.37739,0.00,0.00
2016.04.26 05:44:19.159,12.3739,12.37739,0.00,0.00
2016.04.26 05:44:20.269,12.3741,12.37739,0.00,0.00
2016.04.26 05:44:20.832,12.37409,12.37739,0.00,0.00
2016.04.26 05:44:21.533,12.3741,12.37739,0.00,0.00
2016.04.26 05:44:21.847,12.37408,12.37739,0.00,0.00
2016.04.26 05:44:21.898,12.37389,12.37739,0.00,0.00
2016.04.26 05:44:22.408,12.3739,12.37739,0.00,0.00
2016.04.26 05:44:22.936,12.37389,12.37739,0.00,0.00
2016.04.26 05:44:23.839,12.3739,12.37739,0.00,0.00
2016.04.26 05:44:24.341,12.37389,12.37739,0.00,0.00
2016.04.26 05:44:24.842,12.3739,12.37739,0.00,0.00
2016.04.26 05:44:26.172,12.37389,12.37739,0.00,0.00
2016.04.26 05:44:27.673,12.3739,12.37739,0.00,0.00
2016.04.26 05:44:28.226,12.37389,12.37739,0.00,0.00
2016.04.26 05:44:28.831,12.3739,12.37739,0.00,0.00
2016.04.26 05:44:29.369,12.37389,12.37739,0.00,0.00
2016.04.26 05:44:29.916,12.3739,12.37739,0.00,0.00
2016.04.26 05:44:30.560,12.37389,12.37739,0.00,0.00
2016.04.26 05:44:31.069,12.3739,12.37739,0.00,0.00
2016.04.26 05:44:31.679,12.37389,12.37739,0.00,0.00
2016.04.26 05:44:32.389,12.3739,12.37739,0.00,0.00
2016.04.26 05:44:32.968,12.37389,12.37739,0.00,0.00
2016.04.26 05:44:34.070,12.3739,12.37739,0.00,0.00
2016.04.26 05:44:34.872,12.37389,12.37739,0.00,0.00
2016.04.26 05:44:35.223,12.3739,12.37732,0.00,0.00
2016.04.26 05:44:35.274,12.37359,12.37732,0.00,0.00
2016.04.26 05:44:35.874,12.3736,12.37732,0.00,0.00
2016.04.26 05:44:36.275,12.37369,12.37732,0.00,0.00
2016.04.26 05:44:36.325,12.37369,12.37739,0.00,0.00
2016.04.26 05:44:36.976,12.37409,12.37739,0.00,0.00
2016.04.26 05:44:37.688,12.37419,12.37739,0.00,0.00
2016.04.26 05:44:39.080,12.3742,12.37739,0.00,0.00
2016.04.26 05:44:39.581,12.37419,12.37739,0.00,0.00
2016.04.26 05:44:40.183,12.3741,12.37739,0.00,0.00
2016.04.26 05:44:41.185,12.37409,12.37739,0.00,0.00
2016.04.26 05:44:42.187,12.3741,12.37739,0.00,0.00
2016.04.26 05:44:44.191,12.37409,12.37739,0.00,0.00
2016.04.26 05:44:45.002,12.3741,12.37739,0.00,0.00
2016.04.26 05:44:45.561,12.37409,12.37739,0.00,0.00
2016.04.26 05:44:46.914,12.37399,12.37739,0.00,0.00
2016.04.26 05:44:47.999,12.374,12.37739,0.00,0.00
2016.04.26 05:44:48.400,12.37389,12.37739,0.00,0.00
2016.04.26 05:44:48.911,12.3739,12.37739,0.00,0.00
2016.04.26 05:44:49.030,12.37489,12.37771,0.00,0.00
2016.04.26 05:44:49.080,12.37489,12.37792,0.00,0.00
2016.04.26 05:44:49.142,12.37489,12.37838,0.00,0.00
2016.04.26 05:44:49.244,12.375,12.37838,0.00,0.00
2016.04.26 05:44:49.642,12.37509,12.37838,0.00,0.00
2016.04.26 05:44:50.336,12.3751,12.37838,0.00,0.00
2016.04.26 05:44:50.842,12.37509,12.37838,0.00,0.00
2016.04.26 05:44:51.215,12.3749,12.37838,0.00,0.00
2016.04.26 05:44:51.747,12.37489,12.37838,0.00,0.00
2016.04.26 05:44:53.310,12.3749,12.37838,0.00,0.00
2016.04.26 05:44:53.811,12.37489,12.37838,0.00,0.00
2016.04.26 05:44:54.813,12.3749,12.37838,0.00,0.00
2016.04.26 05:44:55.132,12.3756,12.37862,0.00,0.00
2016.04.26 05:44:55.217,12.37489,12.37831,0.00,0.00
2016.04.26 05:44:55.268,12.37518,12.37891,0.00,0.00
2016.04.26 05:44:55.319,12.37518,12.37871,0.00,0.00
2016.04.26 05:44:55.369,12.37489,12.37871,0.00,0.00
2016.04.26 05:44:55.470,12.37462,12.37842,0.00,0.00
2016.04.26 05:44:55.672,12.37469,12.37852,0.00,0.00
2016.04.26 05:44:55.792,12.37469,12.37839,0.00,0.00
2016.04.26 05:44:56.316,12.3747,12.37839,0.00,0.00
2016.04.26 05:44:56.817,12.37469,12.37839,0.00,0.00
2016.04.26 05:44:57.318,12.3747,12.37839,0.00,0.00
2016.04.26 05:44:57.819,12.37469,12.37839,0.00,0.00
2016.04.26 05:44:58.320,12.3747,12.37839,0.00,0.00
2016.04.26 05:44:59.122,12.37469,12.37839,0.00,0.00
2016.04.26 05:45:01.027,12.3747,12.37839,0.00,0.00
2016.04.26 05:45:02.463,12.37469,12.37839,0.00,0.00
2016.04.26 05:45:03.557,12.37489,12.37839,0.00,0.00
2016.04.26 05:45:04.059,12.3749,12.37839,0.00,0.00
2016.04.26 05:45:04.359,12.37479,12.37831,0.00,0.00
2016.04.26 05:45:04.425,12.37479,12.37839,0.00,0.00
2016.04.26 05:45:05.061,12.37489,12.37839,0.00,0.00
2016.04.26 05:45:05.362,12.37539,12.37839,0.00,0.00
2016.04.26 05:45:06.496,12.3751,12.37839,0.00,0.00
2016.04.26 05:45:06.565,12.375,12.37839,0.00,0.00
2016.04.26 05:45:06.616,12.37508,12.37839,0.00,0.00
2016.04.26 05:45:06.717,12.37499,12.37839,0.00,0.00
2016.04.26 05:45:06.818,12.37509,12.37839,0.00,0.00
2016.04.26 05:45:07.217,12.37499,12.37839,0.00,0.00
2016.04.26 05:45:08.570,12.375,12.37839,0.00,0.00
2016.04.26 05:45:08.672,12.3749,12.37839,0.00,0.00
2016.04.26 05:45:09.418,12.37489,12.37839,0.00,0.00
2016.04.26 05:45:10.173,12.3749,12.37839,0.00,0.00
2016.04.26 05:45:10.675,12.37489,12.37839,0.00,0.00
2016.04.26 05:45:11.217,12.3749,12.37839,0.00,0.00
2016.04.26 05:45:11.798,12.37489,12.37839,0.00,0.00
2016.04.26 05:45:14.697,12.3749,12.37839,0.00,0.00
2016.04.26 05:45:15.321,12.37479,12.37839,0.00,0.00
2016.04.26 05:45:15.825,12.3748,12.37839,0.00,0.00
2016.04.26 05:45:15.926,12.37459,12.37839,0.00,0.00
2016.04.26 05:45:16.783,12.37468,12.37839,0.00,0.00
2016.04.26 05:45:17.166,12.3747,12.37839,0.00,0.00
2016.04.26 05:45:17.889,12.37469,12.37839,0.00,0.00
2016.04.26 05:45:18.390,12.3747,12.37839,0.00,0.00
2016.04.26 05:45:18.892,12.37469,12.37839,0.00,0.00
2016.04.26 05:45:19.813,12.3749,12.37839,0.00,0.00
2016.04.26 05:45:20.297,12.37498,12.37839,0.00,0.00
2016.04.26 05:45:20.394,12.3749,12.37839,0.00,0.00
2016.04.26 05:45:21.088,12.37489,12.37839,0.00,0.00
2016.04.26 05:45:21.801,12.3749,12.37839,0.00,0.00
2016.04.26 05:45:22.804,12.37489,12.37839,0.00,0.00
2016.04.26 05:45:23.306,12.3749,12.37839,0.00,0.00
2016.04.26 05:45:24.310,12.37489,12.37839,0.00,0.00
2016.04.26 05:45:24.811,12.3749,12.37839,0.00,0.00
2016.04.26 05:45:25.246,12.37479,12.37839,0.00,0.00
2016.04.26 05:45:25.760,12.3748,12.37839,0.00,0.00
2016.04.26 05:45:26.318,12.37479,12.37839,0.00,0.00
2016.04.26 05:45:26.421,12.37559,12.37839,0.00,0.00
2016.04.26 05:45:26.472,12.37559,12.37862,0.00,0.00
2016.04.26 05:45:26.599,12.37559,12.37892,0.00,0.00
2016.04.26 05:45:26.700,12.37549,12.37891,0.00,0.00
2016.04.26 05:45:26.751,12.37518,12.3787,0.00,0.00
2016.04.26 05:45:26.852,12.37489,12.3787,0.00,0.00
2016.04.26 05:45:26.903,12.3747,12.37861,0.00,0.00
2016.04.26 05:45:27.171,12.3747,12.37839,0.00,0.00
2016.04.26 05:45:27.690,12.37469,12.37839,0.00,0.00
2016.04.26 05:45:28.125,12.3748,12.37839,0.00,0.00
2016.04.26 05:45:28.631,12.37479,12.37839,0.00,0.00
2016.04.26 05:45:29.331,12.3748,12.37839,0.00,0.00
2016.04.26 05:45:29.649,12.3749,12.37839,0.00,0.00
2016.04.26 05:45:30.331,12.37489,12.37839,0.00,0.00
2016.04.26 05:45:30.637,12.37478,12.37839,0.00,0.00
2016.04.26 05:45:30.739,12.37469,12.37839,0.00,0.00
2016.04.26 05:45:30.850,12.37459,12.37839,0.00,0.00
2016.04.26 05:45:31.842,12.3745,12.37839,0.00,0.00
2016.04.26 05:45:32.363,12.37449,12.37839,0.00,0.00
2016.04.26 05:45:33.448,12.3745,12.37839,0.00,0.00
2016.04.26 05:45:33.965,12.37449,12.37839,0.00,0.00
2016.04.26 05:45:34.765,12.37459,12.37839,0.00,0.00
2016.04.26 05:45:35.285,12.37468,12.37839,0.00,0.00
2016.04.26 05:45:39.735,12.3745,12.37832,0.00,0.00
2016.04.26 05:45:39.851,12.37459,12.37839,0.00,0.00
2016.04.26 05:45:40.153,12.3745,12.37821,0.00,0.00
2016.04.26 05:45:41.367,12.37449,12.37821,0.00,0.00
2016.04.26 05:45:41.868,12.3745,12.37821,0.00,0.00
2016.04.26 05:45:41.919,12.3745,12.37839,0.00,0.00
2016.04.26 05:45:42.550,12.37449,12.37839,0.00,0.00
2016.04.26 05:45:43.371,12.3745,12.37839,0.00,0.00
2016.04.26 05:45:43.581,12.37459,12.37801,0.00,0.00
2016.04.26 05:45:43.681,12.37459,12.37821,0.00,0.00
2016.04.26 05:45:43.732,12.37459,12.37811,0.00,0.00
2016.04.26 05:45:43.783,12.37449,12.37811,0.00,0.00
2016.04.26 05:45:43.833,12.37449,12.37802,0.00,0.00
2016.04.26 05:45:43.884,12.3741,12.37802,0.00,0.00
2016.04.26 05:45:44.082,12.37408,12.37802,0.00,0.00
2016.04.26 05:45:44.132,12.37399,12.37792,0.00,0.00
2016.04.26 05:45:44.474,12.37418,12.37739,0.00,0.00
2016.04.26 05:45:44.632,12.37398,12.37739,0.00,0.00
2016.04.26 05:45:44.733,12.37369,12.37739,0.00,0.00
2016.04.26 05:45:45.237,12.3737,12.37739,0.00,0.00
2016.04.26 05:45:45.727,12.37388,12.37739,0.00,0.00
2016.04.26 05:45:47.800,12.37379,12.37739,0.00,0.00
2016.04.26 05:45:48.410,12.37378,12.37739,0.00,0.00
2016.04.26 05:45:48.962,12.37369,12.37739,0.00,0.00
2016.04.26 05:45:49.491,12.37368,12.37739,0.00,0.00
2016.04.26 05:45:51.994,12.37368,12.37752,0.00,0.00
2016.04.26 05:45:52.045,12.3746,12.37752,0.00,0.00
2016.04.26 05:45:52.096,12.3746,12.37801,0.00,0.00
2016.04.26 05:45:52.197,12.37459,12.37851,0.00,0.00
2016.04.26 05:45:52.248,12.37499,12.37851,0.00,0.00
2016.04.26 05:45:52.299,12.37499,12.37859,0.00,0.00
2016.04.26 05:45:52.349,12.37499,12.37801,0.00,0.00
2016.04.26 05:45:52.450,12.37498,12.37859,0.00,0.00
2016.04.26 05:45:52.501,12.37479,12.37859,0.00,0.00
2016.04.26 05:45:52.603,12.37479,12.37831,0.00,0.00
2016.04.26 05:45:52.682,12.37479,12.37852,0.00,0.00
2016.04.26 05:45:52.750,12.37479,12.37838,0.00,0.00
2016.04.26 05:45:53.103,12.37488,12.37838,0.00,0.00
2016.04.26 05:45:53.503,12.37479,12.37838,0.00,0.00
2016.04.26 05:45:54.105,12.3748,12.37838,0.00,0.00
2016.04.26 05:45:54.606,12.37479,12.37838,0.00,0.00
2016.04.26 05:45:55.407,12.37489,12.37838,0.00,0.00
2016.04.26 05:45:55.708,12.37469,12.37771,0.00,0.00
2016.04.26 05:45:56.409,12.3747,12.3777,0.00,0.00
2016.04.26 05:45:56.620,12.37459,12.37771,0.00,0.00
2016.04.26 05:45:57.912,12.3746,12.3777,0.00,0.00
2016.04.26 05:45:58.413,12.37459,12.37771,0.00,0.00
2016.04.26 05:45:58.914,12.3746,12.3777,0.00,0.00
2016.04.26 05:45:59.415,12.37459,12.37771,0.00,0.00
2016.04.26 05:46:01.515,12.3746,12.3777,0.00,0.00
2016.04.26 05:46:02.074,12.37459,12.37771,0.00,0.00
2016.04.26 05:46:02.734,12.3746,12.3777,0.00,0.00
2016.04.26 05:46:03.469,12.37459,12.37771,0.00,0.00
2016.04.26 05:46:04.076,12.3746,12.3777,0.00,0.00
2016.04.26 05:46:04.649,12.37459,12.37771,0.00,0.00
2016.04.26 05:46:04.864,12.374,12.3767,0.00,0.00
2016.04.26 05:46:04.965,12.37389,12.37671,0.00,0.00
2016.04.26 05:46:05.530,12.3739,12.3767,0.00,0.00
2016.04.26 05:46:06.835,12.37389,12.37671,0.00,0.00
2016.04.26 05:46:06.885,12.37439,12.37671,0.00,0.00
2016.04.26 05:46:06.936,12.37459,12.37771,0.00,0.00
2016.04.26 05:46:07.639,12.3746,12.3777,0.00,0.00
2016.04.26 05:46:08.643,12.37459,12.37771,0.00,0.00
2016.04.26 05:46:09.145,12.3746,12.3777,0.00,0.00
2016.04.26 05:46:09.646,12.37459,12.37771,0.00,0.00
2016.04.26 05:46:10.148,12.3746,12.3777,0.00,0.00
2016.04.26 05:46:10.649,12.37459,12.37771,0.00,0.00
2016.04.26 05:46:11.164,12.3746,12.3777,0.00,0.00
2016.04.26 05:46:11.702,12.37459,12.37771,0.00,0.00
2016.04.26 05:46:14.159,12.3746,12.3777,0.00,0.00
2016.04.26 05:46:14.687,12.37459,12.37771,0.00,0.00
2016.04.26 05:46:17.268,12.3746,12.3777,0.00,0.00
2016.04.26 05:46:17.769,12.37459,12.37771,0.00,0.00
2016.04.26 05:46:18.318,12.3746,12.3777,0.00,0.00
2016.04.26 05:46:18.927,12.37459,12.37771,0.00,0.00
2016.04.26 05:46:21.703,12.37419,12.37671,0.00,0.00
2016.04.26 05:46:21.754,12.37408,12.37671,0.00,0.00
2016.04.26 05:46:21.855,12.374,12.3767,0.00,0.00
2016.04.26 05:46:22.001,12.37369,12.37671,0.00,0.00
2016.04.26 05:46:22.083,12.3738,12.3767,0.00,0.00
2016.04.26 05:46:22.395,12.37359,12.37671,0.00,0.00
2016.04.26 05:46:22.936,12.3736,12.3767,0.00,0.00
2016.04.26 05:46:23.547,12.37359,12.37671,0.00,0.00
2016.04.26 05:46:24.589,12.3736,12.3767,0.00,0.00
2016.04.26 05:46:24.703,12.3737,12.3767,0.00,0.00
2016.04.26 05:46:25.063,12.3738,12.3767,0.00,0.00
2016.04.26 05:46:25.568,12.37379,12.37671,0.00,0.00
2016.04.26 05:46:26.141,12.3738,12.3767,0.00,0.00
2016.04.26 05:46:26.724,12.3739,12.3767,0.00,0.00
2016.04.26 05:46:26.825,12.37379,12.37671,0.00,0.00
2016.04.26 05:46:27.395,12.3738,12.3767,0.00,0.00
2016.04.26 05:46:27.896,12.37379,12.37671,0.00,0.00
2016.04.26 05:46:28.734,12.37359,12.37621,0.00,0.00
2016.04.26 05:46:28.835,12.37298,12.3767,0.00,0.00
2016.04.26 05:46:28.885,12.37298,12.37642,0.00,0.00
2016.04.26 05:46:29.200,12.37279,12.37571,0.00,0.00
2016.04.26 05:46:29.300,12.37269,12.3757,0.00,0.00
2016.04.26 05:46:29.351,12.3726,12.3757,0.00,0.00
2016.04.26 05:46:29.701,12.37269,12.37571,0.00,0.00
2016.04.26 05:46:29.900,12.37259,12.37571,0.00,0.00
2016.04.26 05:46:30.213,12.37249,12.37571,0.00,0.00
2016.04.26 05:46:30.528,12.37259,12.37571,0.00,0.00
2016.04.26 05:46:30.853,12.3727,12.3757,0.00,0.00
2016.04.26 05:46:31.154,12.3728,12.3757,0.00,0.00
2016.04.26 05:46:31.470,12.37289,12.37571,0.00,0.00
2016.04.26 05:46:32.004,12.3729,12.3757,0.00,0.00
2016.04.26 05:46:32.706,12.37289,12.37571,0.00,0.00
2016.04.26 05:46:33.207,12.3729,12.3757,0.00,0.00
2016.04.26 05:46:33.831,12.3726,12.3757,0.00,0.00
2016.04.26 05:46:34.610,12.37259,12.37571,0.00,0.00
2016.04.26 05:46:36.214,12.3726,12.3757,0.00,0.00
2016.04.26 05:46:36.751,12.37259,12.37571,0.00,0.00
2016.04.26 05:46:37.462,12.37249,12.37571,0.00,0.00
2016.04.26 05:46:37.563,12.37249,12.37521,0.00,0.00
2016.04.26 05:46:38.068,12.3725,12.3752,0.00,0.00
2016.04.26 05:46:38.838,12.37249,12.37521,0.00,0.00
2016.04.26 05:46:39.622,12.3725,12.3752,0.00,0.00
2016.04.26 05:46:41.031,12.37169,12.3747,0.00,0.00
2016.04.26 05:46:41.131,12.37159,12.37471,0.00,0.00
2016.04.26 05:46:41.745,12.3716,12.3747,0.00,0.00
2016.04.26 05:46:42.247,12.37159,12.37471,0.00,0.00
2016.04.26 05:46:42.353,12.37119,12.3742,0.00,0.00
2016.04.26 05:46:42.404,12.3709,12.3742,0.00,0.00
2016.04.26 05:46:42.455,12.37089,12.37371,0.00,0.00
2016.04.26 05:46:42.556,12.37059,12.37371,0.00,0.00
2016.04.26 05:46:42.898,12.37078,12.37371,0.00,0.00
2016.04.26 05:46:43.531,12.37079,12.37371,0.00,0.00
2016.04.26 05:46:44.535,12.3716,12.3747,0.00,0.00
2016.04.26 05:46:45.190,12.37159,12.37471,0.00,0.00
2016.04.26 05:46:46.044,12.3716,12.3747,0.00,0.00
2016.04.26 05:46:46.638,12.37159,12.37471,0.00,0.00
2016.04.26 05:46:47.640,12.3716,12.3747,0.00,0.00
2016.04.26 05:46:48.141,12.37159,12.37471,0.00,0.00
2016.04.26 05:46:48.355,12.37159,12.37511,0.00,0.00
2016.04.26 05:46:48.542,12.37169,12.37511,0.00,0.00
2016.04.26 05:46:48.643,12.37179,12.37538,0.00,0.00
2016.04.26 05:46:48.744,12.37178,12.3751,0.00,0.00
2016.04.26 05:46:48.795,12.37169,12.3751,0.00,0.00
2016.04.26 05:46:48.896,12.37118,12.37502,0.00,0.00
2016.04.26 05:46:48.997,12.37108,12.37492,0.00,0.00
2016.04.26 05:46:49.193,12.37119,12.37511,0.00,0.00
2016.04.26 05:46:49.351,12.37108,12.37492,0.00,0.00
2016.04.26 05:46:50.296,12.37118,12.37511,0.00,0.00
2016.04.26 05:46:50.996,12.37159,12.37511,0.00,0.00
2016.04.26 05:46:51.097,12.37178,12.37538,0.00,0.00
2016.04.26 05:46:51.248,12.37259,12.37538,0.00,0.00
2016.04.26 05:46:51.605,12.37259,12.37611,0.00,0.00
2016.04.26 05:46:51.757,12.3727,12.3761,0.00,0.00
2016.04.26 05:46:52.000,12.3726,12.3761,0.00,0.00
2016.04.26 05:46:52.300,12.37278,12.37611,0.00,0.00
2016.04.26 05:46:52.500,12.37259,12.37611,0.00,0.00
2016.04.26 05:46:53.376,12.37259,12.37601,0.00,0.00
2016.04.26 05:46:53.603,12.37259,12.37611,0.00,0.00
2016.04.26 05:46:53.804,12.3726,12.37601,0.00,0.00
2016.04.26 05:46:54.004,12.3726,12.3761,0.00,0.00
2016.04.26 05:46:54.055,12.37228,12.37539,0.00,0.00
2016.04.26 05:46:54.206,12.3716,12.37539,0.00,0.00
2016.04.26 05:46:54.357,12.37159,12.37511,0.00,0.00
2016.04.26 05:46:54.660,12.37078,12.37371,0.00,0.00
2016.04.26 05:46:54.711,12.37039,12.37362,0.00,0.00
2016.04.26 05:46:54.812,12.36989,12.37352,0.00,0.00
2016.04.26 05:46:54.913,12.36959,12.37351,0.00,0.00
2016.04.26 05:46:55.014,12.36959,12.37332,0.00,0.00
2016.04.26 05:46:55.215,12.36968,12.37351,0.00,0.00
2016.04.26 05:46:55.296,12.36959,12.37332,0.00,0.00
2016.04.26 05:46:55.707,12.36969,12.37339,0.00,0.00
2016.04.26 05:46:56.112,12.36978,12.37339,0.00,0.00
2016.04.26 05:46:56.414,12.36991,12.3737,0.00,0.00
2016.04.26 05:46:56.465,12.371,12.37372,0.00,0.00
2016.04.26 05:46:56.515,12.371,12.37402,0.00,0.00
2016.04.26 05:46:56.616,12.37128,12.37432,0.00,0.00
2016.04.26 05:46:56.717,12.37128,12.37511,0.00,0.00
2016.04.26 05:46:56.925,12.37119,12.37511,0.00,0.00
2016.04.26 05:46:57.026,12.37138,12.3751,0.00,0.00
2016.04.26 05:46:57.416,12.37118,12.3751,0.00,0.00
2016.04.26 05:46:58.369,12.37118,12.37511,0.00,0.00
2016.04.26 05:46:59.111,12.37118,12.3751,0.00,0.00
2016.04.26 05:46:59.221,12.37108,12.37502,0.00,0.00
2016.04.26 05:46:59.511,12.37119,12.37511,0.00,0.00
2016.04.26 05:47:00.274,12.37119,12.3751,0.00,0.00
2016.04.26 05:47:00.615,12.37059,12.37411,0.00,0.00
2016.04.26 05:47:00.716,12.3706,12.3742,0.00,0.00
2016.04.26 05:47:00.817,12.37059,12.37432,0.00,0.00
2016.04.26 05:47:00.867,12.37088,12.37439,0.00,0.00
2016.04.26 05:47:00.968,12.37059,12.37439,0.00,0.00
2016.04.26 05:47:01.069,12.37089,12.37439,0.00,0.00
2016.04.26 05:47:02.617,12.37098,12.37439,0.00,0.00
2016.04.26 05:47:03.323,12.37098,12.37471,0.00,0.00
2016.04.26 05:47:03.424,12.37139,12.37471,0.00,0.00
2016.04.26 05:47:03.925,12.37089,12.37471,0.00,0.00
2016.04.26 05:47:03.975,12.37079,12.37461,0.00,0.00
2016.04.26 05:47:04.278,12.37069,12.37439,0.00,0.00
2016.04.26 05:47:05.076,12.37078,12.37439,0.00,0.00
2016.04.26 05:47:05.608,12.37069,12.37439,0.00,0.00
2016.04.26 05:47:05.808,12.37079,12.37439,0.00,0.00
2016.04.26 05:47:05.878,12.37069,12.37439,0.00,0.00
2016.04.26 05:47:06.378,12.37059,12.37439,0.00,0.00
2016.04.26 05:47:06.798,12.3706,12.3743,0.00,0.00
2016.04.26 05:47:07.209,12.37059,12.37421,0.00,0.00
2016.04.26 05:47:07.531,12.37068,12.37431,0.00,0.00
2016.04.26 05:47:07.632,12.37059,12.37439,0.00,0.00
2016.04.26 05:47:08.199,12.3706,12.37439,0.00,0.00
2016.04.26 05:47:08.396,12.3706,12.3743,0.00,0.00
2016.04.26 05:47:08.697,12.37059,12.37422,0.00,0.00
2016.04.26 05:47:08.748,12.37059,12.37432,0.00,0.00
2016.04.26 05:47:08.849,12.37079,12.37439,0.00,0.00
2016.04.26 05:47:10.281,12.37068,12.37439,0.00,0.00
2016.04.26 05:47:10.983,12.37059,12.37439,0.00,0.00
2016.04.26 05:47:11.272,12.37068,12.37439,0.00,0.00
2016.04.26 05:47:11.603,12.3707,12.37439,0.00,0.00
2016.04.26 05:47:11.768,12.37059,12.37439,0.00,0.00
2016.04.26 05:47:11.873,12.37059,12.37401,0.00,0.00
2016.04.26 05:47:11.923,12.3706,12.3741,0.00,0.00
2016.04.26 05:47:11.974,12.3706,12.37402,0.00,0.00
2016.04.26 05:47:12.294,12.3706,12.3741,0.00,0.00
2016.04.26 05:47:12.805,12.37059,12.37411,0.00,0.00
2016.04.26 05:47:13.349,12.3709,12.37448,0.00,0.00
2016.04.26 05:47:13.400,12.37108,12.3747,0.00,0.00
2016.04.26 05:47:13.451,12.37108,12.37502,0.00,0.00
2016.04.26 05:47:13.501,12.37128,12.37511,0.00,0.00
2016.04.26 05:47:13.671,12.37118,12.37511,0.00,0.00
2016.04.26 05:47:13.804,12.37139,12.37511,0.00,0.00
2016.04.26 05:47:13.972,12.37108,12.37502,0.00,0.00
2016.04.26 05:47:14.073,12.37138,12.3751,0.00,0.00
2016.04.26 05:47:14.174,12.37118,12.3751,0.00,0.00
2016.04.26 05:47:14.275,12.37128,12.3751,0.00,0.00
2016.04.26 05:47:14.410,12.37119,12.37511,0.00,0.00
2016.04.26 05:47:15.037,12.37119,12.37438,0.00,0.00
2016.04.26 05:47:15.087,12.37098,12.37438,0.00,0.00
2016.04.26 05:47:15.188,12.37079,12.37438,0.00,0.00
2016.04.26 05:47:15.502,12.37088,12.37438,0.00,0.00
2016.04.26 05:47:15.606,12.37059,12.37438,0.00,0.00
2016.04.26 05:47:15.912,12.37069,12.37438,0.00,0.00
2016.04.26 05:47:16.265,12.37069,12.37461,0.00,0.00
2016.04.26 05:47:16.316,12.37089,12.37472,0.00,0.00
2016.04.26 05:47:16.627,12.37118,12.37511,0.00,0.00
2016.04.26 05:47:16.828,12.37109,12.37501,0.00,0.00
2016.04.26 05:47:18.267,12.37088,12.37439,0.00,0.00
2016.04.26 05:47:18.419,12.3699,12.3737,0.00,0.00
2016.04.26 05:47:18.525,12.3698,12.3737,0.00,0.00
2016.04.26 05:47:18.660,12.36998,12.3737,0.00,0.00
2016.04.26 05:47:18.970,12.37039,12.37339,0.00,0.00
2016.04.26 05:47:19.320,12.37018,12.37339,0.00,0.00
2016.04.26 05:47:19.371,12.36969,12.37339,0.00,0.00
2016.04.26 05:47:19.571,12.36978,12.37339,0.00,0.00
2016.04.26 05:47:19.672,12.36959,12.37339,0.00,0.00
2016.04.26 05:47:19.803,12.36999,12.37339,0.00,0.00
2016.04.26 05:47:20.472,12.36988,12.37339,0.00,0.00
2016.04.26 05:47:20.523,12.37059,12.37339,0.00,0.00
2016.04.26 05:47:20.574,12.37059,12.37391,0.00,0.00
2016.04.26 05:47:20.675,12.37078,12.37411,0.00,0.00
2016.04.26 05:47:20.864,12.3706,12.3741,0.00,0.00
2016.04.26 05:47:21.024,12.37059,12.37401,0.00,0.00
2016.04.26 05:47:21.268,12.3706,12.3741,0.00,0.00
2016.04.26 05:47:22.427,12.37059,12.37411,0.00,0.00
2016.04.26 05:47:23.180,12.3706,12.3741,0.00,0.00
2016.04.26 05:47:23.384,12.37059,12.37398,0.00,0.00
2016.04.26 05:47:23.435,12.37009,12.37371,0.00,0.00
2016.04.26 05:47:23.536,12.36999,12.37371,0.00,0.00
2016.04.26 05:47:23.683,12.37018,12.37371,0.00,0.00
2016.04.26 05:47:23.784,12.37009,12.37371,0.00,0.00
2016.04.26 05:47:23.885,12.37,12.37339,0.00,0.00
2016.04.26 05:47:24.188,12.37038,12.37339,0.00,0.00
2016.04.26 05:47:24.289,12.3699,12.37339,0.00,0.00
2016.04.26 05:47:24.416,12.36978,12.37339,0.00,0.00
2016.04.26 05:47:24.484,12.37009,12.37339,0.00,0.00
2016.04.26 05:47:24.684,12.36988,12.37339,0.00,0.00
2016.04.26 05:47:25.083,12.36989,12.3737,0.00,0.00
2016.04.26 05:47:25.134,12.37089,12.37391,0.00,0.00
2016.04.26 05:47:25.185,12.37089,12.37438,0.00,0.00
2016.04.26 05:47:25.286,12.37108,12.37438,0.00,0.00
2016.04.26 05:47:25.388,12.3708,12.37438,0.00,0.00
2016.04.26 05:47:25.586,12.37099,12.37438,0.00,0.00
2016.04.26 05:47:25.932,12.37118,12.37438,0.00,0.00
2016.04.26 05:47:26.232,12.3711,12.37438,0.00,0.00
2016.04.26 05:47:26.283,12.37099,12.37438,0.00,0.00
2016.04.26 05:47:26.334,12.37109,12.37438,0.00,0.00
2016.04.26 05:47:26.937,12.3711,12.37438,0.00,0.00
2016.04.26 05:47:27.138,12.371,12.37438,0.00,0.00
2016.04.26 05:47:27.285,12.3709,12.37438,0.00,0.00
2016.04.26 05:47:27.345,12.37078,12.37438,0.00,0.00
2016.04.26 05:47:27.769,12.3706,12.37438,0.00,0.00
2016.04.26 05:47:27.835,12.37089,12.37438,0.00,0.00
2016.04.26 05:47:28.036,12.37069,12.37438,0.00,0.00
2016.04.26 05:47:30.445,12.3706,12.37438,0.00,0.00
2016.04.26 05:47:30.543,12.37068,12.37438,0.00,0.00
2016.04.26 05:47:31.357,12.37058,12.3737,0.00,0.00
2016.04.26 05:47:31.458,12.37059,12.37411,0.00,0.00
2016.04.26 05:47:31.699,12.37068,12.3741,0.00,0.00
2016.04.26 05:47:31.866,12.37059,12.37411,0.00,0.00
2016.04.26 05:47:32.029,12.37068,12.3741,0.00,0.00
2016.04.26 05:47:32.080,12.3706,12.3741,0.00,0.00
2016.04.26 05:47:32.668,12.37068,12.37411,0.00,0.00
2016.04.26 05:47:33.395,12.37068,12.3741,0.00,0.00
2016.04.26 05:47:33.954,12.37068,12.37411,0.00,0.00
2016.04.26 05:47:34.327,12.37059,12.37411,0.00,0.00
2016.04.26 05:47:35.256,12.3706,12.3741,0.00,0.00
2016.04.26 05:47:35.958,12.37059,12.37411,0.00,0.00
2016.04.26 05:47:36.554,12.3706,12.3741,0.00,0.00
2016.04.26 05:47:37.461,12.37059,12.37411,0.00,0.00
2016.04.26 05:47:38.311,12.37028,12.37411,0.00,0.00
2016.04.26 05:47:38.362,12.37008,12.37402,0.00,0.00
2016.04.26 05:47:38.463,12.37008,12.37389,0.00,0.00
2016.04.26 05:47:38.665,12.36969,12.37361,0.00,0.00
2016.04.26 05:47:38.951,12.3697,12.37339,0.00,0.00
2016.04.26 05:47:39.267,12.36989,12.37339,0.00,0.00
2016.04.26 05:47:39.532,12.36959,12.37311,0.00,0.00
2016.04.26 05:47:39.683,12.36968,12.37311,0.00,0.00
2016.04.26 05:47:39.804,12.36959,12.37311,0.00,0.00
2016.04.26 05:47:39.978,12.37059,12.37341,0.00,0.00
2016.04.26 05:47:40.028,12.37059,12.37362,0.00,0.00
2016.04.26 05:47:40.079,12.3707,12.37362,0.00,0.00
2016.04.26 05:47:40.130,12.3707,12.3741,0.00,0.00
2016.04.26 05:47:40.281,12.3708,12.3741,0.00,0.00
2016.04.26 05:47:40.621,12.37069,12.37401,0.00,0.00
2016.04.26 05:47:40.672,12.3708,12.3741,0.00,0.00
2016.04.26 05:47:40.986,12.37088,12.37411,0.00,0.00
2016.04.26 05:47:41.093,12.3708,12.3741,0.00,0.00
2016.04.26 05:47:41.573,12.37089,12.37411,0.00,0.00
2016.04.26 05:47:41.774,12.3708,12.3741,0.00,0.00
2016.04.26 05:47:42.174,12.37069,12.37411,0.00,0.00
2016.04.26 05:47:43.627,12.3707,12.3741,0.00,0.00
2016.04.26 05:47:44.141,12.37069,12.37411,0.00,0.00
2016.04.26 05:47:44.323,12.3705,12.3741,0.00,0.00
2016.04.26 05:47:44.374,12.3705,12.37399,0.00,0.00
2016.04.26 05:47:44.424,12.37009,12.37371,0.00,0.00
2016.04.26 05:47:44.475,12.36989,12.37371,0.00,0.00
2016.04.26 05:47:44.805,12.36989,12.37351,0.00,0.00
2016.04.26 05:47:44.856,12.36998,12.37371,0.00,0.00
2016.04.26 05:47:44.957,12.36989,12.37361,0.00,0.00
2016.04.26 05:47:45.259,12.36989,12.37339,0.00,0.00
2016.04.26 05:47:45.382,12.36968,12.37339,0.00,0.00
2016.04.26 05:47:45.787,12.36959,12.37339,0.00,0.00
2016.04.26 05:47:46.042,12.36979,12.37339,0.00,0.00
2016.04.26 05:47:46.394,12.36989,12.37339,0.00,0.00
2016.04.26 05:47:46.455,12.36979,12.37339,0.00,0.00
2016.04.26 05:47:47.102,12.36998,12.37339,0.00,0.00
2016.04.26 05:47:47.447,12.37059,12.37382,0.00,0.00
2016.04.26 05:47:47.498,12.3706,12.37401,0.00,0.00
2016.04.26 05:47:47.599,12.3706,12.3741,0.00,0.00
2016.04.26 05:47:48.190,12.37059,12.37411,0.00,0.00
2016.04.26 05:47:48.694,12.3706,12.3741,0.00,0.00
2016.04.26 05:47:49.391,12.37059,12.37411,0.00,0.00
2016.04.26 05:47:49.928,12.3706,12.3741,0.00,0.00
2016.04.26 05:47:50.228,12.37069,12.37411,0.00,0.00
2016.04.26 05:47:50.895,12.3707,12.3741,0.00,0.00
2016.04.26 05:47:51.296,12.3706,12.3741,0.00,0.00
2016.04.26 05:47:51.697,12.3707,12.3741,0.00,0.00
2016.04.26 05:47:52.208,12.3706,12.3741,0.00,0.00
2016.04.26 05:47:52.400,12.3707,12.3741,0.00,0.00
2016.04.26 05:47:52.539,12.3706,12.3741,0.00,0.00
2016.04.26 05:47:52.643,12.37048,12.37401,0.00,0.00
2016.04.26 05:47:52.744,12.37039,12.37371,0.00,0.00
2016.04.26 05:47:52.795,12.36999,12.37371,0.00,0.00
2016.04.26 05:47:52.945,12.36998,12.37311,0.00,0.00
2016.04.26 05:47:53.197,12.36859,12.37211,0.00,0.00
2016.04.26 05:47:53.248,12.36858,12.37181,0.00,0.00
2016.04.26 05:47:53.298,12.36799,12.37181,0.00,0.00
2016.04.26 05:47:53.349,12.368,12.3717,0.00,0.00
2016.04.26 05:47:53.659,12.36808,12.3717,0.00,0.00
2016.04.26 05:47:54.006,12.36859,12.37138,0.00,0.00
2016.04.26 05:47:54.359,12.3687,12.37138,0.00,0.00
2016.04.26 05:47:54.410,12.36929,12.37211,0.00,0.00
2016.04.26 05:47:54.513,12.36899,12.3717,0.00,0.00
2016.04.26 05:47:54.563,12.36859,12.3717,0.00,0.00
2016.04.26 05:47:54.614,12.36859,12.37211,0.00,0.00
2016.04.26 05:47:54.967,12.36868,12.37211,0.00,0.00
2016.04.26 05:47:55.521,12.36868,12.3721,0.00,0.00
2016.04.26 05:47:55.572,12.3686,12.3721,0.00,0.00
2016.04.26 05:47:55.951,12.3687,12.3721,0.00,0.00
2016.04.26 05:47:56.465,12.36869,12.37211,0.00,0.00
2016.04.26 05:47:56.772,12.3686,12.372,0.00,0.00
2016.04.26 05:47:56.916,12.36869,12.37211,0.00,0.00
2016.04.26 05:47:57.318,12.36879,12.37211,0.00,0.00
2016.04.26 05:47:57.841,12.36859,12.37181,0.00,0.00
2016.04.26 05:47:58.031,12.36859,12.37211,0.00,0.00
2016.04.26 05:47:58.623,12.3686,12.3721,0.00,0.00
2016.04.26 05:47:59.322,12.3686,12.37202,0.00,0.00
2016.04.26 05:47:59.522,12.3686,12.3721,0.00,0.00
2016.04.26 05:47:59.791,12.36859,12.37139,0.00,0.00
2016.04.26 05:47:59.842,12.36798,12.37139,0.00,0.00
2016.04.26 05:47:59.957,12.3679,12.37139,0.00,0.00
2016.04.26 05:48:00.223,12.36799,12.37139,0.00,0.00
2016.04.26 05:48:00.750,12.36808,12.37139,0.00,0.00
2016.04.26 05:48:00.924,12.36799,12.37139,0.00,0.00
2016.04.26 05:48:01.060,12.36789,12.37139,0.00,0.00
2016.04.26 05:48:01.471,12.36798,12.37139,0.00,0.00
2016.04.26 05:48:01.776,12.36808,12.37139,0.00,0.00
2016.04.26 05:48:01.877,12.36818,12.3717,0.00,0.00
2016.04.26 05:48:01.935,12.36818,12.3719,0.00,0.00
2016.04.26 05:48:02.036,12.36838,12.37191,0.00,0.00
2016.04.26 05:48:02.137,12.36838,12.3721,0.00,0.00
2016.04.26 05:48:02.527,12.36829,12.3721,0.00,0.00
2016.04.26 05:48:02.727,12.36809,12.37201,0.00,0.00
2016.04.26 05:48:02.828,12.36828,12.3721,0.00,0.00
2016.04.26 05:48:03.276,12.36859,12.37211,0.00,0.00
2016.04.26 05:48:03.834,12.3686,12.3721,0.00,0.00
2016.04.26 05:48:04.343,12.36859,12.37211,0.00,0.00
2016.04.26 05:48:05.091,12.3686,12.3721,0.00,0.00
2016.04.26 05:48:05.703,12.36859,12.37211,0.00,0.00
2016.04.26 05:48:06.447,12.3686,12.3721,0.00,0.00
2016.04.26 05:48:06.751,12.36859,12.37201,0.00,0.00
2016.04.26 05:48:06.802,12.36809,12.372,0.00,0.00
2016.04.26 05:48:07.084,12.3686,12.3721,0.00,0.00
2016.04.26 05:48:07.399,12.3679,12.3717,0.00,0.00
2016.04.26 05:48:07.500,12.3679,12.37138,0.00,0.00
2016.04.26 05:48:07.985,12.36799,12.37138,0.00,0.00
2016.04.26 05:48:08.087,12.3679,12.37138,0.00,0.00
2016.04.26 05:48:08.188,12.36799,12.37138,0.00,0.00
2016.04.26 05:48:08.283,12.3679,12.37138,0.00,0.00
2016.04.26 05:48:08.775,12.3681,12.37138,0.00,0.00
2016.04.26 05:48:09.153,12.36819,12.37138,0.00,0.00
2016.04.26 05:48:09.299,12.36809,12.37138,0.00,0.00
2016.04.26 05:48:09.400,12.36818,12.37171,0.00,0.00
2016.04.26 05:48:09.501,12.3683,12.37152,0.00,0.00
2016.04.26 05:48:09.634,12.36759,12.37152,0.00,0.00
2016.04.26 05:48:09.684,12.36758,12.37121,0.00,0.00
2016.04.26 05:48:09.805,12.36719,12.37101,0.00,0.00
2016.04.26 05:48:09.855,12.36719,12.3695,0.00,0.00
2016.04.26 05:48:09.906,12.36698,12.3695,0.00,0.00
2016.04.26 05:48:09.957,12.36698,12.37011,0.00,0.00
2016.04.26 05:48:10.058,12.36638,12.37011,0.00,0.00
2016.04.26 05:48:10.159,12.36618,12.3701,0.00,0.00
2016.04.26 05:48:10.305,12.36649,12.37011,0.00,0.00
2016.04.26 05:48:10.406,12.36628,12.37011,0.00,0.00
2016.04.26 05:48:10.507,12.36618,12.37002,0.00,0.00
2016.04.26 05:48:10.901,12.36689,12.37052,0.00,0.00
2016.04.26 05:48:11.089,12.36699,12.37068,0.00,0.00
2016.04.26 05:48:11.155,12.36718,12.37068,0.00,0.00
2016.04.26 05:48:11.206,12.36708,12.37068,0.00,0.00
2016.04.26 05:48:11.296,12.36698,12.37068,0.00,0.00
2016.04.26 05:48:11.397,12.36718,12.37101,0.00,0.00
2016.04.26 05:48:11.959,12.36718,12.37102,0.00,0.00
2016.04.26 05:48:12.110,12.36728,12.37111,0.00,0.00
2016.04.26 05:48:12.448,12.36749,12.37039,0.00,0.00
2016.04.26 05:48:12.877,12.36719,12.37039,0.00,0.00
2016.04.26 05:48:12.928,12.36719,12.37111,0.00,0.00
2016.04.26 05:48:12.979,12.36688,12.3707,0.00,0.00
2016.04.26 05:48:13.112,12.36678,12.37062,0.00,0.00
2016.04.26 05:48:13.319,12.36709,12.3707,0.00,0.00
2016.04.26 05:48:13.370,12.36709,12.37091,0.00,0.00
2016.04.26 05:48:13.471,12.367,12.37082,0.00,0.00
2016.04.26 05:48:13.794,12.36699,12.37039,0.00,0.00
2016.04.26 05:48:14.264,12.36668,12.36981,0.00,0.00
2016.04.26 05:48:14.315,12.36649,12.36981,0.00,0.00
2016.04.26 05:48:14.366,12.36608,12.3698,0.00,0.00
2016.04.26 05:48:14.417,12.366,12.36938,0.00,0.00
2016.04.26 05:48:15.367,12.36599,12.36938,0.00,0.00
2016.04.26 05:48:15.810,12.36608,12.36938,0.00,0.00
2016.04.26 05:48:15.987,12.36599,12.36938,0.00,0.00
2016.04.26 05:48:16.218,12.36609,12.36938,0.00,0.00
2016.04.26 05:48:16.521,12.366,12.36938,0.00,0.00
2016.04.26 05:48:17.081,12.36599,12.36938,0.00,0.00
2016.04.26 05:48:17.672,12.366,12.36938,0.00,0.00
2016.04.26 05:48:18.247,12.36599,12.36938,0.00,0.00
2016.04.26 05:48:18.812,12.366,12.36938,0.00,0.00
2016.04.26 05:48:19.505,12.36599,12.36938,0.00,0.00
2016.04.26 05:48:19.626,12.36608,12.36938,0.00,0.00
2016.04.26 05:48:19.841,12.36608,12.3699,0.00,0.00
2016.04.26 05:48:19.891,12.36699,12.36992,0.00,0.00
2016.04.26 05:48:20.127,12.367,12.3701,0.00,0.00
2016.04.26 05:48:21.093,12.36699,12.37011,0.00,0.00
2016.04.26 05:48:21.780,12.367,12.3701,0.00,0.00
2016.04.26 05:48:22.281,12.36699,12.37011,0.00,0.00
2016.04.26 05:48:23.083,12.367,12.3701,0.00,0.00
2016.04.26 05:48:23.885,12.36699,12.37011,0.00,0.00
2016.04.26 05:48:24.987,12.367,12.3701,0.00,0.00
2016.04.26 05:48:25.488,12.36699,12.37011,0.00,0.00
2016.04.26 05:48:27.095,12.36659,12.37011,0.00,0.00
2016.04.26 05:48:27.165,12.36649,12.37011,0.00,0.00
2016.04.26 05:48:27.692,12.3665,12.3701,0.00,0.00
2016.04.26 05:48:28.294,12.36649,12.37011,0.00,0.00
2016.04.26 05:48:28.795,12.3665,12.3701,0.00,0.00
2016.04.26 05:48:29.297,12.36649,12.37011,0.00,0.00
2016.04.26 05:48:29.524,12.367,12.3701,0.00,0.00
2016.04.26 05:48:30.099,12.36699,12.37011,0.00,0.00
2016.04.26 05:48:30.316,12.36668,12.37,0.00,0.00
2016.04.26 05:48:30.367,12.36658,12.37,0.00,0.00
2016.04.26 05:48:30.497,12.3665,12.37,0.00,0.00
2016.04.26 05:48:30.548,12.3665,12.3701,0.00,0.00
2016.04.26 05:48:30.600,12.36699,12.37011,0.00,0.00
2016.04.26 05:48:31.252,12.36699,12.37039,0.00,0.00
2016.04.26 05:48:33.005,12.367,12.37039,0.00,0.00
2016.04.26 05:48:33.055,12.36709,12.37039,0.00,0.00
2016.04.26 05:48:33.880,12.367,12.37039,0.00,0.00
2016.04.26 05:48:34.057,12.36719,12.37039,0.00,0.00
2016.04.26 05:48:35.135,12.367,12.37039,0.00,0.00
2016.04.26 05:48:35.336,12.36709,12.37039,0.00,0.00
2016.04.26 05:48:36.130,12.367,12.37039,0.00,0.00
2016.04.26 05:48:36.854,12.36699,12.37039,0.00,0.00
2016.04.26 05:48:36.987,12.36702,12.37039,0.00,0.00
2016.04.26 05:48:37.164,12.36818,12.37168,0.00,0.00
2016.04.26 05:48:37.844,12.36818,12.37138,0.00,0.00
2016.04.26 05:48:41.374,12.36809,12.37138,0.00,0.00
2016.04.26 05:48:41.425,12.368,12.37138,0.00,0.00
2016.04.26 05:48:42.085,12.36799,12.37138,0.00,0.00
2016.04.26 05:48:42.727,12.368,12.37138,0.00,0.00
2016.04.26 05:48:43.406,12.36799,12.37138,0.00,0.00
2016.04.26 05:48:43.930,12.368,12.37138,0.00,0.00
2016.04.26 05:48:44.147,12.368,12.371,0.00,0.00
2016.04.26 05:48:44.727,12.36799,12.37101,0.00,0.00
2016.04.26 05:48:45.413,12.368,12.371,0.00,0.00
2016.04.26 05:48:46.044,12.36799,12.37101,0.00,0.00
2016.04.26 05:48:46.342,12.36799,12.37138,0.00,0.00
2016.04.26 05:48:46.846,12.368,12.37138,0.00,0.00
2016.04.26 05:48:47.589,12.368,12.371,0.00,0.00
2016.04.26 05:48:48.489,12.36799,12.37101,0.00,0.00
2016.04.26 05:48:49.043,12.368,12.371,0.00,0.00
2016.04.26 05:48:49.568,12.36799,12.37138,0.00,0.00
2016.04.26 05:48:49.754,12.36799,12.371,0.00,0.00
2016.04.26 05:48:49.804,12.36758,12.371,0.00,0.00
2016.04.26 05:48:49.905,12.36749,12.37101,0.00,0.00
2016.04.26 05:48:50.200,12.36759,12.37101,0.00,0.00
2016.04.26 05:48:50.250,12.36759,12.37111,0.00,0.00
2016.04.26 05:48:50.599,12.36749,12.37111,0.00,0.00
2016.04.26 05:48:51.371,12.368,12.3711,0.00,0.00
2016.04.26 05:48:51.886,12.36799,12.37111,0.00,0.00
2016.04.26 05:48:52.994,12.368,12.3711,0.00,0.00
2016.04.26 05:48:53.164,12.36799,12.37139,0.00,0.00
2016.04.26 05:48:53.215,12.36808,12.37139,0.00,0.00
2016.04.26 05:48:53.573,12.36799,12.37139,0.00,0.00
2016.04.26 05:48:53.816,12.36809,12.37139,0.00,0.00
2016.04.26 05:48:56.068,12.368,12.37139,0.00,0.00
2016.04.26 05:48:56.621,12.36799,12.37139,0.00,0.00
2016.04.26 05:48:56.922,12.36808,12.37139,0.00,0.00
2016.04.26 05:48:58.120,12.36829,12.37139,0.00,0.00
2016.04.26 05:48:58.171,12.36829,12.3718,0.00,0.00
2016.04.26 05:48:58.272,12.36908,12.37261,0.00,0.00
2016.04.26 05:48:58.322,12.36919,12.37269,0.00,0.00
2016.04.26 05:48:58.526,12.36899,12.37269,0.00,0.00
2016.04.26 05:48:58.728,12.36918,12.37269,0.00,0.00
2016.04.26 05:48:58.829,12.36909,12.37269,0.00,0.00
2016.04.26 05:48:58.930,12.36909,12.37238,0.00,0.00
2016.04.26 05:48:59.300,12.36949,12.37238,0.00,0.00
2016.04.26 05:48:59.401,12.36929,12.37238,0.00,0.00
2016.04.26 05:48:59.452,12.36919,12.37238,0.00,0.00
2016.04.26 05:48:59.629,12.36899,12.37238,0.00,0.00
2016.04.26 05:48:59.722,12.36908,12.37238,0.00,0.00
2016.04.26 05:48:59.930,12.36899,12.37238,0.00,0.00
2016.04.26 05:49:00.240,12.36908,12.37238,0.00,0.00
2016.04.26 05:49:00.595,12.36899,12.37221,0.00,0.00
2016.04.26 05:49:00.782,12.36899,12.37238,0.00,0.00
2016.04.26 05:49:01.393,12.369,12.37238,0.00,0.00
2016.04.26 05:49:01.936,12.36899,12.37238,0.00,0.00
2016.04.26 05:49:02.488,12.369,12.37238,0.00,0.00
2016.04.26 05:49:02.991,12.36899,12.37238,0.00,0.00
2016.04.26 05:49:03.691,12.369,12.37238,0.00,0.00
2016.04.26 05:49:04.605,12.36899,12.37238,0.00,0.00
2016.04.26 05:49:05.546,12.36949,12.37271,0.00,0.00
2016.04.26 05:49:05.647,12.3687,12.37261,0.00,0.00
2016.04.26 05:49:05.828,12.36869,12.37251,0.00,0.00
2016.04.26 05:49:05.930,12.36859,12.37242,0.00,0.00
2016.04.26 05:49:06.047,12.36869,12.37252,0.00,0.00
2016.04.26 05:49:06.499,12.36888,12.37239,0.00,0.00
2016.04.26 05:49:07.845,12.36879,12.37239,0.00,0.00
2016.04.26 05:49:08.154,12.36889,12.37239,0.00,0.00
2016.04.26 05:49:09.657,12.3693,12.37302,0.00,0.00
2016.04.26 05:49:09.709,12.36908,12.37302,0.00,0.00
2016.04.26 05:49:09.761,12.36928,12.37311,0.00,0.00
2016.04.26 05:49:10.106,12.36919,12.37301,0.00,0.00
2016.04.26 05:49:10.939,12.36919,12.37238,0.00,0.00
2016.04.26 05:49:11.043,12.36898,12.37238,0.00,0.00
2016.04.26 05:49:11.147,12.36869,12.37238,0.00,0.00
2016.04.26 05:49:11.248,12.36898,12.37238,0.00,0.00
2016.04.26 05:49:11.586,12.36889,12.37238,0.00,0.00
2016.04.26 05:49:11.687,12.36898,12.37238,0.00,0.00
2016.04.26 05:49:11.865,12.36888,12.37238,0.00,0.00
2016.04.26 05:49:13.170,12.36908,12.37238,0.00,0.00
2016.04.26 05:49:13.272,12.36888,12.37238,0.00,0.00
2016.04.26 05:49:13.572,12.36879,12.37238,0.00,0.00
2016.04.26 05:49:14.594,12.36859,12.37238,0.00,0.00
2016.04.26 05:49:15.626,12.3686,12.37238,0.00,0.00
2016.04.26 05:49:15.864,12.3686,12.37231,0.00,0.00
2016.04.26 05:49:16.428,12.3686,12.3723,0.00,0.00
2016.04.26 05:49:16.779,12.36868,12.37238,0.00,0.00
2016.04.26 05:49:17.567,12.3686,12.37222,0.00,0.00
2016.04.26 05:49:17.680,12.36809,12.372,0.00,0.00
2016.04.26 05:49:17.897,12.36838,12.3721,0.00,0.00
2016.04.26 05:49:18.056,12.36819,12.3721,0.00,0.00
2016.04.26 05:49:18.886,12.36809,12.37201,0.00,0.00
2016.04.26 05:49:20.207,12.36819,12.37211,0.00,0.00
2016.04.26 05:49:20.848,12.36819,12.3721,0.00,0.00
2016.04.26 05:49:20.998,12.36798,12.37192,0.00,0.00
2016.04.26 05:49:21.355,12.36798,12.37138,0.00,0.00
2016.04.26 05:49:21.405,12.36789,12.37138,0.00,0.00
2016.04.26 05:49:21.686,12.36818,12.37138,0.00,0.00
2016.04.26 05:49:21.800,12.36799,12.37138,0.00,0.00
2016.04.26 05:49:21.901,12.36818,12.37138,0.00,0.00
2016.04.26 05:49:21.961,12.36798,12.37138,0.00,0.00
2016.04.26 05:49:22.102,12.36828,12.37138,0.00,0.00
2016.04.26 05:49:22.152,12.36828,12.37211,0.00,0.00
2016.04.26 05:49:22.562,12.36809,12.37201,0.00,0.00
2016.04.26 05:49:23.105,12.36798,12.37192,0.00,0.00
2016.04.26 05:49:23.672,12.36808,12.37202,0.00,0.00
2016.04.26 05:49:24.009,12.36818,12.37202,0.00,0.00
2016.04.26 05:49:24.329,12.36829,12.37211,0.00,0.00
2016.04.26 05:49:24.725,12.36809,12.37191,0.00,0.00
2016.04.26 05:49:28.054,12.36828,12.3721,0.00,0.00
2016.04.26 05:49:28.625,12.36828,12.37211,0.00,0.00
2016.04.26 05:49:29.500,12.36839,12.37139,0.00,0.00
2016.04.26 05:49:29.580,12.36809,12.37139,0.00,0.00
2016.04.26 05:49:29.631,12.36769,12.37139,0.00,0.00
2016.04.26 05:49:29.984,12.36759,12.37139,0.00,0.00
2016.04.26 05:49:30.322,12.36768,12.37139,0.00,0.00
2016.04.26 05:49:33.845,12.36759,12.37139,0.00,0.00
2016.04.26 05:49:34.246,12.36778,12.37139,0.00,0.00
2016.04.26 05:49:34.532,12.3676,12.37139,0.00,0.00
2016.04.26 05:49:34.832,12.36768,12.37139,0.00,0.00
2016.04.26 05:49:35.399,12.36769,12.37139,0.00,0.00
2016.04.26 05:49:35.900,12.36799,12.37139,0.00,0.00
2016.04.26 05:49:36.837,12.36789,12.37139,0.00,0.00
2016.04.26 05:49:37.253,12.36768,12.37139,0.00,0.00
2016.04.26 05:49:37.855,12.3676,12.37139,0.00,0.00
2016.04.26 05:49:38.632,12.36759,12.37139,0.00,0.00
2016.04.26 05:49:38.856,12.36769,12.37139,0.00,0.00
2016.04.26 05:49:40.861,12.36759,12.37139,0.00,0.00
2016.04.26 05:49:40.962,12.36779,12.37139,0.00,0.00
2016.04.26 05:49:41.653,12.36769,12.37139,0.00,0.00
2016.04.26 05:49:41.704,12.36769,12.37151,0.00,0.00
2016.04.26 05:49:41.766,12.36749,12.37111,0.00,0.00
2016.04.26 05:49:41.817,12.36728,12.3712,0.00,0.00
2016.04.26 05:49:41.918,12.36759,12.37122,0.00,0.00
2016.04.26 05:49:41.968,12.36768,12.37151,0.00,0.00
2016.04.26 05:49:42.069,12.36778,12.37151,0.00,0.00
2016.04.26 05:49:42.120,12.36778,12.37161,0.00,0.00
2016.04.26 05:49:42.264,12.36759,12.37141,0.00,0.00
2016.04.26 05:49:42.594,12.36759,12.37138,0.00,0.00
2016.04.26 05:49:42.897,12.36779,12.37138,0.00,0.00
2016.04.26 05:49:43.049,12.36718,12.3711,0.00,0.00
2016.04.26 05:49:43.576,12.36738,12.37111,0.00,0.00
2016.04.26 05:49:43.677,12.36779,12.37161,0.00,0.00
2016.04.26 05:49:44.081,12.36779,12.37138,0.00,0.00
2016.04.26 05:49:44.294,12.3676,12.37138,0.00,0.00
2016.04.26 05:49:44.674,12.3676,12.37132,0.00,0.00
2016.04.26 05:49:45.150,12.3676,12.37138,0.00,0.00
2016.04.26 05:49:45.272,12.3676,12.37142,0.00,0.00
2016.04.26 05:49:45.322,12.36748,12.3708,0.00,0.00
2016.04.26 05:49:45.373,12.36738,12.3708,0.00,0.00
2016.04.26 05:49:45.424,12.36738,12.3707,0.00,0.00
2016.04.26 05:49:45.474,12.36679,12.3707,0.00,0.00
2016.04.26 05:49:45.555,12.36679,12.37061,0.00,0.00
2016.04.26 05:49:45.796,12.36688,12.37071,0.00,0.00
2016.04.26 05:49:45.897,12.36679,12.37061,0.00,0.00
2016.04.26 05:49:46.223,12.36699,12.37039,0.00,0.00
2016.04.26 05:49:46.452,12.36689,12.37039,0.00,0.00
2016.04.26 05:49:46.576,12.36709,12.37039,0.00,0.00
2016.04.26 05:49:46.676,12.36689,12.37039,0.00,0.00
2016.04.26 05:49:47.177,12.36699,12.37039,0.00,0.00
2016.04.26 05:49:47.278,12.3669,12.37039,0.00,0.00
2016.04.26 05:49:47.528,12.36679,12.37039,0.00,0.00
2016.04.26 05:49:48.130,12.3668,12.37039,0.00,0.00
2016.04.26 05:49:48.474,12.3668,12.3707,0.00,0.00
2016.04.26 05:49:48.576,12.3668,12.37072,0.00,0.00
2016.04.26 05:49:48.631,12.3669,12.37072,0.00,0.00
2016.04.26 05:49:48.682,12.36718,12.3711,0.00,0.00
2016.04.26 05:49:49.239,12.36759,12.37111,0.00,0.00
2016.04.26 05:49:49.441,12.36749,12.3711,0.00,0.00
2016.04.26 05:49:49.542,12.36738,12.37111,0.00,0.00
2016.04.26 05:49:49.731,12.36699,12.37091,0.00,0.00
2016.04.26 05:49:50.285,12.36728,12.3711,0.00,0.00
2016.04.26 05:49:50.564,12.36708,12.37102,0.00,0.00
2016.04.26 05:49:51.491,12.36688,12.37082,0.00,0.00
2016.04.26 05:49:51.793,12.36708,12.37038,0.00,0.00
2016.04.26 05:49:51.894,12.36678,12.37038,0.00,0.00
2016.04.26 05:49:52.141,12.3668,12.37038,0.00,0.00
2016.04.26 05:49:52.442,12.36698,12.37038,0.00,0.00
2016.04.26 05:49:52.493,12.36679,12.37038,0.00,0.00
2016.04.26 05:49:52.606,12.36688,12.37038,0.00,0.00
2016.04.26 05:49:54.347,12.3669,12.37038,0.00,0.00
2016.04.26 05:49:54.863,12.36689,12.37038,0.00,0.00
2016.04.26 05:49:54.913,12.36689,12.37082,0.00,0.00
2016.04.26 05:49:55.014,12.36708,12.37092,0.00,0.00
2016.04.26 05:49:55.350,12.36718,12.37102,0.00,0.00
2016.04.26 05:49:55.784,12.36729,12.37111,0.00,0.00
2016.04.26 05:49:55.885,12.36708,12.37102,0.00,0.00
2016.04.26 05:49:56.267,12.36699,12.37091,0.00,0.00
2016.04.26 05:49:56.603,12.36718,12.3711,0.00,0.00
2016.04.26 05:49:56.703,12.36708,12.37102,0.00,0.00
2016.04.26 05:49:56.805,12.36718,12.37111,0.00,0.00
2016.04.26 05:49:57.113,12.36759,12.37111,0.00,0.00
2016.04.26 05:49:57.354,12.36729,12.37111,0.00,0.00
2016.04.26 05:49:57.455,12.36718,12.37102,0.00,0.00
2016.04.26 05:49:57.556,12.36698,12.37092,0.00,0.00
2016.04.26 05:49:57.610,12.36729,12.3711,0.00,0.00
2016.04.26 05:49:57.669,12.36718,12.37102,0.00,0.00
2016.04.26 05:49:57.878,12.36728,12.3711,0.00,0.00
2016.04.26 05:49:58.437,12.36719,12.37101,0.00,0.00
2016.04.26 05:49:58.757,12.36759,12.37111,0.00,0.00
2016.04.26 05:49:59.315,12.3676,12.3711,0.00,0.00
2016.04.26 05:49:59.759,12.36728,12.37111,0.00,0.00
2016.04.26 05:49:59.810,12.36718,12.37111,0.00,0.00
2016.04.26 05:49:59.911,12.36699,12.37091,0.00,0.00
2016.04.26 05:50:00.349,12.36689,12.37071,0.00,0.00
2016.04.26 05:50:00.662,12.36699,12.37039,0.00,0.00
2016.04.26 05:50:00.981,12.36728,12.37039,0.00,0.00
2016.04.26 05:50:01.083,12.36709,12.37039,0.00,0.00
2016.04.26 05:50:01.213,12.36719,12.37039,0.00,0.00
2016.04.26 05:50:01.286,12.36719,12.3711,0.00,0.00
2016.04.26 05:50:01.413,12.36698,12.37092,0.00,0.00
2016.04.26 05:50:01.991,12.36718,12.3711,0.00,0.00
2016.04.26 05:50:02.570,12.36718,12.37111,0.00,0.00
2016.04.26 05:50:03.772,12.36718,12.37081,0.00,0.00
2016.04.26 05:50:04.026,12.36668,12.37038,0.00,0.00
2016.04.26 05:50:04.985,12.3666,12.37038,0.00,0.00
2016.04.26 05:50:05.089,12.36678,12.37038,0.00,0.00
2016.04.26 05:50:08.451,12.36659,12.37038,0.00,0.00
2016.04.26 05:50:09.388,12.3666,12.37038,0.00,0.00
2016.04.26 05:50:09.998,12.36659,12.37038,0.00,0.00
2016.04.26 05:50:11.490,12.3666,12.37038,0.00,0.00
2016.04.26 05:50:11.672,12.3666,12.37032,0.00,0.00
2016.04.26 05:50:12.292,12.36659,12.37032,0.00,0.00
2016.04.26 05:50:13.294,12.3666,12.37032,0.00,0.00
2016.04.26 05:50:13.437,12.3666,12.37038,0.00,0.00
2016.04.26 05:50:13.596,12.3666,12.3701,0.00,0.00
2016.04.26 05:50:14.196,12.36659,12.37011,0.00,0.00
2016.04.26 05:50:14.898,12.36659,12.37038,0.00,0.00
2016.04.26 05:50:14.948,12.36679,12.37038,0.00,0.00
2016.04.26 05:50:15.353,12.36669,12.37038,0.00,0.00
2016.04.26 05:50:15.454,12.36688,12.37038,0.00,0.00
2016.04.26 05:50:16.052,12.36659,12.37038,0.00,0.00
2016.04.26 05:50:17.640,12.3666,12.37038,0.00,0.00
2016.04.26 05:50:18.278,12.36659,12.37038,0.00,0.00
2016.04.26 05:50:18.561,12.36678,12.37038,0.00,0.00
2016.04.26 05:50:18.662,12.36659,12.37038,0.00,0.00
2016.04.26 05:50:20.615,12.3666,12.37038,0.00,0.00
2016.04.26 05:50:21.117,12.36659,12.37038,0.00,0.00
2016.04.26 05:50:21.619,12.3666,12.37038,0.00,0.00
2016.04.26 05:50:22.720,12.36659,12.37038,0.00,0.00
2016.04.26 05:50:23.510,12.36659,12.37051,0.00,0.00
2016.04.26 05:50:23.561,12.36661,12.37051,0.00,0.00
2016.04.26 05:50:23.611,12.36678,12.37071,0.00,0.00
2016.04.26 05:50:23.712,12.36699,12.37081,0.00,0.00
2016.04.26 05:50:23.813,12.36708,12.37092,0.00,0.00
2016.04.26 05:50:23.969,12.36698,12.37082,0.00,0.00
2016.04.26 05:50:24.284,12.36708,12.37092,0.00,0.00
2016.04.26 05:50:24.969,12.36699,12.37091,0.00,0.00
2016.04.26 05:50:25.129,12.36699,12.37039,0.00,0.00
2016.04.26 05:50:25.179,12.36688,12.37039,0.00,0.00
2016.04.26 05:50:25.280,12.36659,12.37039,0.00,0.00
2016.04.26 05:50:25.448,12.36679,12.37039,0.00,0.00
2016.04.26 05:50:25.679,12.3666,12.37039,0.00,0.00
2016.04.26 05:50:25.780,12.36669,12.37039,0.00,0.00
2016.04.26 05:50:29.161,12.36659,12.37039,0.00,0.00
2016.04.26 05:50:29.937,12.3666,12.37039,0.00,0.00
2016.04.26 05:50:30.109,12.36668,12.37039,0.00,0.00
2016.04.26 05:50:30.411,12.36759,12.37111,0.00,0.00
2016.04.26 05:50:30.738,12.36769,12.37111,0.00,0.00
2016.04.26 05:50:31.047,12.36779,12.37111,0.00,0.00
2016.04.26 05:50:31.139,12.36759,12.37111,0.00,0.00
2016.04.26 05:50:31.339,12.36719,12.37111,0.00,0.00
2016.04.26 05:50:31.390,12.36708,12.37102,0.00,0.00
2016.04.26 05:50:31.491,12.36698,12.37082,0.00,0.00
2016.04.26 05:50:31.592,12.36708,12.37102,0.00,0.00
2016.04.26 05:50:31.699,12.36718,12.3711,0.00,0.00
2016.04.26 05:50:32.016,12.3676,12.3711,0.00,0.00
2016.04.26 05:50:32.534,12.36759,12.37111,0.00,0.00
2016.04.26 05:50:32.976,12.36778,12.37111,0.00,0.00
2016.04.26 05:50:33.544,12.36778,12.3711,0.00,0.00
2016.04.26 05:50:33.946,12.36759,12.37111,0.00,0.00
2016.04.26 05:50:34.755,12.36769,12.3711,0.00,0.00
2016.04.26 05:50:34.837,12.3676,12.3711,0.00,0.00
2016.04.26 05:50:35.548,12.36759,12.37111,0.00,0.00
2016.04.26 05:50:36.065,12.3676,12.3711,0.00,0.00
2016.04.26 05:50:36.600,12.36759,12.37111,0.00,0.00
2016.04.26 05:50:37.372,12.3676,12.3711,0.00,0.00
2016.04.26 05:50:38.258,12.36759,12.37111,0.00,0.00
2016.04.26 05:50:38.872,12.36738,12.3709,0.00,0.00
2016.04.26 05:50:38.973,12.36729,12.37091,0.00,0.00
2016.04.26 05:50:39.082,12.36689,12.37081,0.00,0.00
2016.04.26 05:50:39.183,12.3678,12.37131,0.00,0.00
2016.04.26 05:50:39.284,12.36779,12.37161,0.00,0.00
2016.04.26 05:50:39.345,12.36789,12.37169,0.00,0.00
2016.04.26 05:50:39.679,12.36789,12.37111,0.00,0.00
2016.04.26 05:50:39.730,12.36759,12.37111,0.00,0.00
2016.04.26 05:50:41.460,12.3676,12.3711,0.00,0.00
2016.04.26 05:50:41.961,12.36759,12.37111,0.00,0.00
2016.04.26 05:50:42.463,12.3676,12.3711,0.00,0.00
2016.04.26 05:50:42.589,12.36768,12.3711,0.00,0.00
2016.04.26 05:50:42.690,12.36759,12.37121,0.00,0.00
2016.04.26 05:50:42.807,12.36759,12.37111,0.00,0.00
2016.04.26 05:50:43.293,12.36759,12.37092,0.00,0.00
2016.04.26 05:50:43.344,12.36708,12.37092,0.00,0.00
2016.04.26 05:50:43.395,12.36679,12.37071,0.00,0.00
2016.04.26 05:50:43.446,12.36679,12.37038,0.00,0.00
2016.04.26 05:50:43.816,12.36708,12.37038,0.00,0.00
2016.04.26 05:50:44.519,12.36679,12.37038,0.00,0.00
2016.04.26 05:50:44.620,12.3667,12.37038,0.00,0.00
2016.04.26 05:50:44.906,12.36679,12.37038,0.00,0.00
2016.04.26 05:50:45.021,12.36668,12.37038,0.00,0.00
2016.04.26 05:50:45.823,12.36688,12.37038,0.00,0.00
2016.04.26 05:50:47.429,12.36669,12.37038,0.00,0.00
2016.04.26 05:50:47.480,12.36679,12.37038,0.00,0.00
2016.04.26 05:50:47.694,12.36669,12.37038,0.00,0.00
2016.04.26 05:50:49.357,12.36688,12.37038,0.00,0.00
2016.04.26 05:50:49.659,12.3668,12.37038,0.00,0.00
2016.04.26 05:50:49.710,12.36668,12.37038,0.00,0.00
2016.04.26 05:50:49.761,12.36698,12.37038,0.00,0.00
2016.04.26 05:50:49.811,12.36669,12.37038,0.00,0.00
2016.04.26 05:50:50.312,12.36679,12.37038,0.00,0.00
2016.04.26 05:50:51.833,12.36698,12.37038,0.00,0.00
2016.04.26 05:50:53.148,12.36678,12.37038,0.00,0.00
2016.04.26 05:50:53.699,12.3669,12.37038,0.00,0.00
2016.04.26 05:50:54.000,12.36699,12.37038,0.00,0.00
2016.04.26 05:50:54.302,12.36708,12.37038,0.00,0.00
2016.04.26 05:50:54.768,12.36699,12.37038,0.00,0.00
2016.04.26 05:50:55.412,12.367,12.37038,0.00,0.00
2016.04.26 05:50:56.710,12.3671,12.37038,0.00,0.00
2016.04.26 05:50:57.163,12.36709,12.37071,0.00,0.00
2016.04.26 05:50:57.213,12.3675,12.3709,0.00,0.00
2016.04.26 05:50:57.314,12.36709,12.3709,0.00,0.00
2016.04.26 05:50:57.365,12.36728,12.3709,0.00,0.00
2016.04.26 05:50:57.714,12.36728,12.37111,0.00,0.00
2016.04.26 05:50:57.765,12.36709,12.37091,0.00,0.00
2016.04.26 05:50:58.078,12.3676,12.3711,0.00,0.00
2016.04.26 05:50:58.229,12.36779,12.37139,0.00,0.00
2016.04.26 05:50:58.570,12.36789,12.37139,0.00,0.00
2016.04.26 05:50:58.671,12.3677,12.37139,0.00,0.00
2016.04.26 05:50:59.118,12.3676,12.37139,0.00,0.00
2016.04.26 05:50:59.270,12.36768,12.37139,0.00,0.00
2016.04.26 05:50:59.620,12.3677,12.37139,0.00,0.00
2016.04.26 05:51:00.122,12.36769,12.37139,0.00,0.00
2016.04.26 05:51:00.586,12.36788,12.37139,0.00,0.00
2016.04.26 05:51:00.687,12.36769,12.37139,0.00,0.00
2016.04.26 05:51:02.852,12.36779,12.37139,0.00,0.00
2016.04.26 05:51:03.744,12.3678,12.37139,0.00,0.00
2016.04.26 05:51:03.913,12.36769,12.37139,0.00,0.00
2016.04.26 05:51:04.014,12.36789,12.37139,0.00,0.00
2016.04.26 05:51:04.925,12.36778,12.37139,0.00,0.00
2016.04.26 05:51:04.976,12.36769,12.37139,0.00,0.00
2016.04.26 05:51:05.544,12.36768,12.37139,0.00,0.00
2016.04.26 05:51:05.782,12.36788,12.37139,0.00,0.00
2016.04.26 05:51:06.137,12.36798,12.37139,0.00,0.00
2016.04.26 05:51:06.298,12.3679,12.37139,0.00,0.00
2016.04.26 05:51:06.591,12.36799,12.37139,0.00,0.00
2016.04.26 05:51:06.713,12.3679,12.37139,0.00,0.00
2016.04.26 05:51:07.323,12.36789,12.37139,0.00,0.00
2016.04.26 05:51:07.898,12.3676,12.37139,0.00,0.00
2016.04.26 05:51:08.414,12.36779,12.37139,0.00,0.00
2016.04.26 05:51:09.987,12.3678,12.37139,0.00,0.00
2016.04.26 05:51:10.859,12.36779,12.37139,0.00,0.00
2016.04.26 05:51:11.111,12.36769,12.37139,0.00,0.00
2016.04.26 05:51:11.368,12.36778,12.37139,0.00,0.00
2016.04.26 05:51:11.532,12.36769,12.37139,0.00,0.00
2016.04.26 05:51:12.563,12.3677,12.37139,0.00,0.00
2016.04.26 05:51:13.105,12.3676,12.37139,0.00,0.00
2016.04.26 05:51:13.630,12.36759,12.37139,0.00,0.00
2016.04.26 05:51:14.289,12.3676,12.37139,0.00,0.00
2016.04.26 05:51:14.869,12.36759,12.37139,0.00,0.00
2016.04.26 05:51:15.871,12.3676,12.37139,0.00,0.00
2016.04.26 05:51:15.937,12.36769,12.37139,0.00,0.00
2016.04.26 05:51:16.249,12.3676,12.37122,0.00,0.00
2016.04.26 05:51:16.538,12.3669,12.37072,0.00,0.00
2016.04.26 05:51:16.589,12.36678,12.3707,0.00,0.00
2016.04.26 05:51:16.690,12.36668,12.37062,0.00,0.00
2016.04.26 05:51:16.755,12.36668,12.37038,0.00,0.00
2016.04.26 05:51:17.264,12.36659,12.37038,0.00,0.00
2016.04.26 05:51:17.365,12.36659,12.37031,0.00,0.00
2016.04.26 05:51:17.675,12.3657,12.36939,0.00,0.00
2016.04.26 05:51:17.775,12.36568,12.36939,0.00,0.00
2016.04.26 05:51:17.840,12.36588,12.36939,0.00,0.00
2016.04.26 05:51:17.941,12.36578,12.36939,0.00,0.00
2016.04.26 05:51:18.042,12.36559,12.36939,0.00,0.00
2016.04.26 05:51:18.476,12.36559,12.36932,0.00,0.00
2016.04.26 05:51:18.792,12.36559,12.36901,0.00,0.00
2016.04.26 05:51:18.994,12.3656,12.3691,0.00,0.00
2016.04.26 05:51:19.044,12.36569,12.3691,0.00,0.00
2016.04.26 05:51:19.160,12.36559,12.36911,0.00,0.00
2016.04.26 05:51:19.458,12.36569,12.36911,0.00,0.00
2016.04.26 05:51:19.677,12.36559,12.36911,0.00,0.00
2016.04.26 05:51:20.430,12.3656,12.3691,0.00,0.00
2016.04.26 05:51:21.273,12.36568,12.3691,0.00,0.00
2016.04.26 05:51:21.762,12.3656,12.3691,0.00,0.00
2016.04.26 05:51:22.223,12.36529,12.36861,0.00,0.00
2016.04.26 05:51:22.275,12.36479,12.36861,0.00,0.00
2016.04.26 05:51:22.376,12.3647,12.36842,0.00,0.00
2016.04.26 05:51:22.528,12.36479,12.3686,0.00,0.00
2016.04.26 05:51:22.680,12.3647,12.36842,0.00,0.00
2016.04.26 05:51:22.730,12.36459,12.36842,0.00,0.00
2016.04.26 05:51:22.781,12.36478,12.36861,0.00,0.00
2016.04.26 05:51:23.083,12.36478,12.36839,0.00,0.00
2016.04.26 05:51:23.708,12.36468,12.36801,0.00,0.00
2016.04.26 05:51:23.766,12.36459,12.36801,0.00,0.00
2016.04.26 05:51:24.139,12.36459,12.36831,0.00,0.00
2016.04.26 05:51:24.469,12.36459,12.36839,0.00,0.00
2016.04.26 05:51:24.570,12.36479,12.36839,0.00,0.00
2016.04.26 05:51:24.671,12.3646,12.36839,0.00,0.00
2016.04.26 05:51:24.772,12.36498,12.36839,0.00,0.00
2016.04.26 05:51:24.988,12.36478,12.36839,0.00,0.00
2016.04.26 05:51:26.680,12.3646,12.36839,0.00,0.00
2016.04.26 05:51:26.781,12.3646,12.36832,0.00,0.00
2016.04.26 05:51:27.290,12.36459,12.36831,0.00,0.00
2016.04.26 05:51:27.601,12.3636,12.3673,0.00,0.00
2016.04.26 05:51:27.702,12.3636,12.36738,0.00,0.00
2016.04.26 05:51:27.752,12.3636,12.36722,0.00,0.00
2016.04.26 05:51:27.853,12.36359,12.36738,0.00,0.00
2016.04.26 05:51:27.913,12.36359,12.36722,0.00,0.00
2016.04.26 05:51:28.213,12.36339,12.36711,0.00,0.00
2016.04.26 05:51:28.263,12.36349,12.36711,0.00,0.00
2016.04.26 05:51:28.451,12.36259,12.36651,0.00,0.00
2016.04.26 05:51:28.551,12.36298,12.36671,0.00,0.00
2016.04.26 05:51:28.653,12.36278,12.36671,0.00,0.00
2016.04.26 05:51:28.705,12.36278,12.36661,0.00,0.00
2016.04.26 05:51:28.756,12.36269,12.36661,0.00,0.00
2016.04.26 05:51:28.907,12.36279,12.36661,0.00,0.00
2016.04.26 05:51:29.222,12.36278,12.36591,0.00,0.00
2016.04.26 05:51:29.355,12.3617,12.3657,0.00,0.00
2016.04.26 05:51:29.406,12.36169,12.36521,0.00,0.00
2016.04.26 05:51:29.708,12.36229,12.36601,0.00,0.00
2016.04.26 05:51:29.809,12.36218,12.36539,0.00,0.00
2016.04.26 05:51:29.961,12.36189,12.36539,0.00,0.00
2016.04.26 05:51:30.257,12.36208,12.36539,0.00,0.00
2016.04.26 05:51:30.524,12.3619,12.36539,0.00,0.00
2016.04.26 05:51:30.909,12.36199,12.36539,0.00,0.00
2016.04.26 05:51:31.212,12.36218,12.36539,0.00,0.00
2016.04.26 05:51:31.262,12.36189,12.36539,0.00,0.00
2016.04.26 05:51:31.363,12.36198,12.36539,0.00,0.00
2016.04.26 05:51:31.515,12.36208,12.3657,0.00,0.00
2016.04.26 05:51:31.608,12.36239,12.3657,0.00,0.00
2016.04.26 05:51:31.659,12.36209,12.3657,0.00,0.00
2016.04.26 05:51:31.763,12.3619,12.36561,0.00,0.00
2016.04.26 05:51:31.814,12.3629,12.36561,0.00,0.00
2016.04.26 05:51:31.865,12.3629,12.3657,0.00,0.00
2016.04.26 05:51:31.916,12.3626,12.36571,0.00,0.00
2016.04.26 05:51:32.016,12.3627,12.3661,0.00,0.00
2016.04.26 05:51:32.117,12.36289,12.36611,0.00,0.00
2016.04.26 05:51:32.916,12.36299,12.36611,0.00,0.00
2016.04.26 05:51:33.318,12.3631,12.3661,0.00,0.00
2016.04.26 05:51:33.727,12.36185,12.36332,0.00,0.00
2016.04.26 05:51:33.828,12.36259,12.36381,0.00,0.00
2016.04.26 05:51:33.928,12.36049,12.3638,0.00,0.00
2016.04.26 05:51:33.979,12.35998,12.3638,0.00,0.00
2016.04.26 05:51:34.030,12.36029,12.36311,0.00,0.00
2016.04.26 05:51:34.131,12.36029,12.36351,0.00,0.00
2016.04.26 05:51:34.231,12.36029,12.36371,0.00,0.00
2016.04.26 05:51:34.332,12.3603,12.3638,0.00,0.00
2016.04.26 05:51:34.383,12.3603,12.36339,0.00,0.00
2016.04.26 05:51:34.693,12.36079,12.36339,0.00,0.00
2016.04.26 05:51:34.744,12.36068,12.36339,0.00,0.00
2016.04.26 05:51:34.795,12.36038,12.36339,0.00,0.00
2016.04.26 05:51:34.896,12.36029,12.36339,0.00,0.00
2016.04.26 05:51:35.371,12.36029,12.36311,0.00,0.00
2016.04.26 05:51:35.972,12.3603,12.3631,0.00,0.00
2016.04.26 05:51:36.073,12.36029,12.36339,0.00,0.00
2016.04.26 05:51:36.124,12.36098,12.36339,0.00,0.00
2016.04.26 05:51:36.325,12.36129,12.36438,0.00,0.00
2016.04.26 05:51:36.831,12.3613,12.36438,0.00,0.00
2016.04.26 05:51:37.534,12.36129,12.36438,0.00,0.00
2016.04.26 05:51:38.035,12.3613,12.36438,0.00,0.00
2016.04.26 05:51:38.888,12.36129,12.36438,0.00,0.00
2016.04.26 05:51:40.140,12.3613,12.36438,0.00,0.00
2016.04.26 05:51:40.690,12.36129,12.36438,0.00,0.00
2016.04.26 05:51:40.742,12.36159,12.36438,0.00,0.00
2016.04.26 05:51:40.792,12.36159,12.36502,0.00,0.00
2016.04.26 05:51:40.843,12.36229,12.36491,0.00,0.00
2016.04.26 05:51:40.905,12.36229,12.36511,0.00,0.00
2016.04.26 05:51:41.056,12.3623,12.3652,0.00,0.00
2016.04.26 05:51:41.157,12.36279,12.36569,0.00,0.00
2016.04.26 05:51:41.216,12.36279,12.36602,0.00,0.00
2016.04.26 05:51:41.266,12.36329,12.36602,0.00,0.00
2016.04.26 05:51:41.317,12.36329,12.36621,0.00,0.00
2016.04.26 05:51:41.368,12.36329,12.36639,0.00,0.00
2016.04.26 05:51:41.677,12.36379,12.36639,0.00,0.00
2016.04.26 05:51:41.941,12.3643,12.36739,0.00,0.00
2016.04.26 05:51:42.093,12.3638,12.3671,0.00,0.00
2016.04.26 05:51:42.145,12.36429,12.36711,0.00,0.00
2016.04.26 05:51:42.888,12.3643,12.3671,0.00,0.00
2016.04.26 05:51:42.998,12.36479,12.36771,0.00,0.00
2016.04.26 05:51:43.099,12.36429,12.36801,0.00,0.00
2016.04.26 05:51:43.695,12.3643,12.368,0.00,0.00
2016.04.26 05:51:43.805,12.3643,12.36738,0.00,0.00
2016.04.26 05:51:44.149,12.36479,12.36738,0.00,0.00
2016.04.26 05:51:44.597,12.36479,12.36811,0.00,0.00
2016.04.26 05:51:44.698,12.36529,12.36811,0.00,0.00
2016.04.26 05:51:44.880,12.3653,12.36869,0.00,0.00
2016.04.26 05:51:44.981,12.3658,12.3689,0.00,0.00
2016.04.26 05:51:45.587,12.3663,12.3691,0.00,0.00
2016.04.26 05:51:45.653,12.3663,12.3698,0.00,0.00
2016.04.26 05:51:46.203,12.36729,12.37041,0.00,0.00
2016.04.26 05:51:46.318,12.3674,12.3709,0.00,0.00
2016.04.26 05:51:46.369,12.3678,12.3709,0.00,0.00
2016.04.26 05:51:46.856,12.3678,12.3711,0.00,0.00
2016.04.26 05:51:47.403,12.36779,12.37111,0.00,0.00
2016.04.26 05:51:47.504,12.36729,12.37101,0.00,0.00
2016.04.26 05:51:47.557,12.3673,12.3709,0.00,0.00
2016.04.26 05:51:48.059,12.36729,12.37091,0.00,0.00
2016.04.26 05:51:48.372,12.3673,12.3707,0.00,0.00
2016.04.26 05:51:48.459,12.36729,12.37081,0.00,0.00
2016.04.26 05:51:48.961,12.3673,12.3707,0.00,0.00
2016.04.26 05:51:49.267,12.36679,12.37061,0.00,0.00
2016.04.26 05:51:49.368,12.36679,12.37041,0.00,0.00
2016.04.26 05:51:49.715,12.3673,12.3708,0.00,0.00
2016.04.26 05:51:50.303,12.36729,12.37081,0.00,0.00
2016.04.26 05:51:50.867,12.36679,12.37071,0.00,0.00
2016.04.26 05:51:51.066,12.36679,12.37041,0.00,0.00
2016.04.26 05:51:51.623,12.3668,12.3704,0.00,0.00
2016.04.26 05:51:51.965,12.36729,12.37051,0.00,0.00
2016.04.26 05:51:52.073,12.36729,12.37081,0.00,0.00
2016.04.26 05:51:52.296,12.36729,12.37071,0.00,0.00
2016.04.26 05:51:52.804,12.3673,12.3707,0.00,0.00
2016.04.26 05:51:53.126,12.3673,12.3706,0.00,0.00
2016.04.26 05:51:53.227,12.3666,12.3707,0.00,0.00
2016.04.26 05:51:53.429,12.36659,12.37021,0.00,0.00
2016.04.26 05:51:53.732,12.36459,12.36861,0.00,0.00
2016.04.26 05:51:53.783,12.3646,12.368,0.00,0.00
2016.04.26 05:51:53.884,12.3646,12.3681,0.00,0.00
2016.04.26 05:51:53.985,12.3642,12.3681,0.00,0.00
2016.04.26 05:51:54.086,12.36369,12.36761,0.00,0.00
2016.04.26 05:51:54.188,12.3636,12.3674,0.00,0.00
2016.04.26 05:51:54.584,12.36359,12.36711,0.00,0.00
2016.04.26 05:51:55.887,12.3636,12.3671,0.00,0.00
2016.04.26 05:51:56.304,12.3629,12.3661,0.00,0.00
2016.04.26 05:51:56.490,12.36259,12.36611,0.00,0.00
2016.04.26 05:51:57.517,12.36208,12.36511,0.00,0.00
2016.04.26 05:51:57.568,12.36179,12.36511,0.00,0.00
2016.04.26 05:51:57.669,12.36169,12.36511,0.00,0.00
2016.04.26 05:51:57.720,12.36159,12.36511,0.00,0.00
2016.04.26 05:51:57.921,12.3611,12.3651,0.00,0.00
2016.04.26 05:51:58.633,12.36099,12.36511,0.00,0.00
2016.04.26 05:51:58.695,12.36109,12.36511,0.00,0.00
2016.04.26 05:51:59.039,12.36059,12.36481,0.00,0.00
2016.04.26 05:51:59.140,12.36079,12.36481,0.00,0.00
2016.04.26 05:51:59.442,12.36199,12.36562,0.00,0.00
2016.04.26 05:51:59.493,12.36199,12.36581,0.00,0.00
2016.04.26 05:51:59.644,12.3621,12.3658,0.00,0.00
2016.04.26 05:51:59.697,12.36199,12.36581,0.00,0.00
2016.04.26 05:52:00.098,12.36209,12.36581,0.00,0.00
2016.04.26 05:52:00.532,12.36199,12.36611,0.00,0.00
2016.04.26 05:52:00.632,12.36219,12.36611,0.00,0.00
2016.04.26 05:52:00.800,12.3618,12.3658,0.00,0.00
2016.04.26 05:52:01.039,12.36209,12.36611,0.00,0.00
2016.04.26 05:52:01.685,12.36259,12.36611,0.00,0.00
2016.04.26 05:52:02.342,12.36219,12.36611,0.00,0.00
2016.04.26 05:52:02.506,12.36209,12.36611,0.00,0.00
2016.04.26 05:52:02.843,12.3619,12.3658,0.00,0.00
2016.04.26 05:52:03.295,12.36179,12.36581,0.00,0.00
2016.04.26 05:52:03.346,12.36089,12.36501,0.00,0.00
2016.04.26 05:52:03.447,12.36089,12.36481,0.00,0.00
2016.04.26 05:52:03.794,12.3608,12.3647,0.00,0.00
2016.04.26 05:52:03.844,12.3606,12.3648,0.00,0.00
2016.04.26 05:52:03.945,12.3606,12.3646,0.00,0.00
2016.04.26 05:52:04.734,12.36059,12.36461,0.00,0.00
2016.04.26 05:52:04.946,12.3606,12.3647,0.00,0.00
2016.04.26 05:52:05.051,12.36,12.3641,0.00,0.00
2016.04.26 05:52:05.412,12.3606,12.3641,0.00,0.00
2016.04.26 05:52:06.214,12.36059,12.36411,0.00,0.00
2016.04.26 05:52:06.540,12.36229,12.36511,0.00,0.00
2016.04.26 05:52:06.927,12.36229,12.36571,0.00,0.00
2016.04.26 05:52:07.116,12.3623,12.3658,0.00,0.00
2016.04.26 05:52:07.256,12.3623,12.3659,0.00,0.00
2016.04.26 05:52:07.818,12.36229,12.36591,0.00,0.00
2016.04.26 05:52:09.475,12.3623,12.3659,0.00,0.00
2016.04.26 05:52:09.525,12.36229,12.36491,0.00,0.00
2016.04.26 05:52:09.626,12.3623,12.3658,0.00,0.00
2016.04.26 05:52:10.178,12.36229,12.36581,0.00,0.00
2016.04.26 05:52:10.828,12.3623,12.3658,0.00,0.00
2016.04.26 05:52:11.330,12.36229,12.36581,0.00,0.00
2016.04.26 05:52:11.664,12.3623,12.3659,0.00,0.00
2016.04.26 05:52:11.766,12.36299,12.36611,0.00,0.00
2016.04.26 05:52:12.156,12.36329,12.36639,0.00,0.00
2016.04.26 05:52:12.257,12.3638,12.3671,0.00,0.00
2016.04.26 05:52:12.358,12.36429,12.36711,0.00,0.00
2016.04.26 05:52:12.582,12.3643,12.3675,0.00,0.00
2016.04.26 05:52:12.683,12.3643,12.3679,0.00,0.00
2016.04.26 05:52:12.884,12.36429,12.36781,0.00,0.00
2016.04.26 05:52:13.263,12.36429,12.36761,0.00,0.00
2016.04.26 05:52:13.369,12.36429,12.36771,0.00,0.00
2016.04.26 05:52:14.241,12.3643,12.3678,0.00,0.00
2016.04.26 05:52:14.849,12.36429,12.36791,0.00,0.00
2016.04.26 05:52:15.057,12.3648,12.3681,0.00,0.00
2016.04.26 05:52:15.976,12.3643,12.3674,0.00,0.00
2016.04.26 05:52:16.077,12.36429,12.36771,0.00,0.00
2016.04.26 05:52:16.480,12.36429,12.36781,0.00,0.00
2016.04.26 05:52:16.782,12.36479,12.36791,0.00,0.00
2016.04.26 05:52:17.250,12.3648,12.3681,0.00,0.00
2016.04.26 05:52:17.806,12.36479,12.36811,0.00,0.00
2016.04.26 05:52:18.384,12.36529,12.36811,0.00,0.00
2016.04.26 05:52:18.705,12.3653,12.368,0.00,0.00
2016.04.26 05:52:18.756,12.36529,12.36811,0.00,0.00
2016.04.26 05:52:19.392,12.3653,12.3681,0.00,0.00
2016.04.26 05:52:19.940,12.36529,12.36811,0.00,0.00
2016.04.26 05:52:20.446,12.3653,12.3681,0.00,0.00
2016.04.26 05:52:20.597,12.36479,12.36811,0.00,0.00
2016.04.26 05:52:21.407,12.36379,12.36811,0.00,0.00
2016.04.26 05:52:21.911,12.36389,12.36811,0.00,0.00
2016.04.26 05:52:22.227,12.3636,12.3677,0.00,0.00
2016.04.26 05:52:22.529,12.36359,12.36731,0.00,0.00
2016.04.26 05:52:22.620,12.36388,12.36771,0.00,0.00
2016.04.26 05:52:22.671,12.3643,12.36782,0.00,0.00
2016.04.26 05:52:22.873,12.36408,12.36761,0.00,0.00
2016.04.26 05:52:22.974,12.36328,12.3671,0.00,0.00
2016.04.26 05:52:23.104,12.36319,12.3671,0.00,0.00
2016.04.26 05:52:23.368,12.36329,12.36711,0.00,0.00
2016.04.26 05:52:23.975,12.36329,12.3671,0.00,0.00
2016.04.26 05:52:24.177,12.36388,12.3677,0.00,0.00
2016.04.26 05:52:24.306,12.36429,12.36801,0.00,0.00
2016.04.26 05:52:24.370,12.36438,12.36811,0.00,0.00
2016.04.26 05:52:24.471,12.36429,12.36811,0.00,0.00
2016.04.26 05:52:24.572,12.36399,12.36791,0.00,0.00
2016.04.26 05:52:24.714,12.36429,12.3681,0.00,0.00
2016.04.26 05:52:24.876,12.36409,12.36801,0.00,0.00
2016.04.26 05:52:24.977,12.36419,12.36801,0.00,0.00
2016.04.26 05:52:27.675,12.36429,12.3681,0.00,0.00
2016.04.26 05:52:27.875,12.36419,12.36801,0.00,0.00
2016.04.26 05:52:28.640,12.36419,12.368,0.00,0.00
2016.04.26 05:52:28.741,12.36409,12.3677,0.00,0.00
2016.04.26 05:52:28.843,12.36369,12.36761,0.00,0.00
2016.04.26 05:52:29.442,12.36389,12.36772,0.00,0.00
2016.04.26 05:52:29.746,12.36419,12.3679,0.00,0.00
2016.04.26 05:52:29.895,12.36419,12.36811,0.00,0.00
2016.04.26 05:52:29.946,12.36428,12.36811,0.00,0.00
2016.04.26 05:52:30.232,12.36418,12.36811,0.00,0.00
2016.04.26 05:52:30.797,12.36418,12.3681,0.00,0.00
2016.04.26 05:52:31.299,12.36418,12.36811,0.00,0.00
2016.04.26 05:52:31.700,12.36459,12.36811,0.00,0.00
2016.04.26 05:52:32.051,12.36478,12.36811,0.00,0.00
2016.04.26 05:52:32.152,12.36459,12.36811,0.00,0.00
2016.04.26 05:52:33.103,12.3646,12.3681,0.00,0.00
2016.04.26 05:52:34.105,12.36469,12.36811,0.00,0.00
2016.04.26 05:52:34.407,12.36479,12.36811,0.00,0.00
2016.04.26 05:52:34.608,12.36459,12.36811,0.00,0.00
2016.04.26 05:52:34.808,12.36469,12.3681,0.00,0.00
2016.04.26 05:52:35.056,12.36459,12.36811,0.00,0.00
2016.04.26 05:52:35.158,12.36469,12.36811,0.00,0.00
2016.04.26 05:52:35.259,12.36459,12.36811,0.00,0.00
2016.04.26 05:52:36.126,12.3646,12.3681,0.00,0.00
2016.04.26 05:52:37.333,12.36438,12.36791,0.00,0.00
2016.04.26 05:52:37.434,12.36368,12.36752,0.00,0.00
2016.04.26 05:52:37.748,12.3644,12.36762,0.00,0.00
2016.04.26 05:52:37.799,12.3644,12.36782,0.00,0.00
2016.04.26 05:52:37.899,12.36429,12.36811,0.00,0.00
2016.04.26 05:52:38.337,12.36398,12.3677,0.00,0.00
2016.04.26 05:52:38.438,12.36379,12.36762,0.00,0.00
2016.04.26 05:52:38.541,12.36388,12.36772,0.00,0.00
2016.04.26 05:52:38.894,12.36409,12.36801,0.00,0.00
2016.04.26 05:52:38.964,12.36419,12.3681,0.00,0.00
2016.04.26 05:52:39.266,12.36459,12.36811,0.00,0.00
2016.04.26 05:52:39.868,12.36469,12.36811,0.00,0.00
2016.04.26 05:52:40.287,12.36478,12.3681,0.00,0.00
2016.04.26 05:52:40.506,12.36469,12.36811,0.00,0.00
2016.04.26 05:52:40.607,12.36479,12.36811,0.00,0.00
2016.04.26 05:52:41.163,12.36489,12.36851,0.00,0.00
2016.04.26 05:52:41.214,12.36499,12.36871,0.00,0.00
2016.04.26 05:52:41.708,12.36528,12.3687,0.00,0.00
2016.04.26 05:52:41.860,12.36579,12.3697,0.00,0.00
2016.04.26 05:52:41.911,12.36608,12.3697,0.00,0.00
2016.04.26 05:52:41.961,12.36608,12.36991,0.00,0.00
2016.04.26 05:52:42.012,12.36628,12.36991,0.00,0.00
2016.04.26 05:52:42.063,12.36628,12.3701,0.00,0.00
2016.04.26 05:52:42.261,12.36628,12.3695,0.00,0.00
2016.04.26 05:52:42.312,12.36579,12.3695,0.00,0.00
2016.04.26 05:52:42.413,12.36588,12.36951,0.00,0.00
2016.04.26 05:52:42.483,12.36588,12.36971,0.00,0.00
2016.04.26 05:52:43.427,12.36588,12.3697,0.00,0.00
2016.04.26 05:52:43.824,12.3658,12.36961,0.00,0.00
2016.04.26 05:52:44.176,12.3656,12.3691,0.00,0.00
2016.04.26 05:52:44.678,12.36559,12.36911,0.00,0.00
2016.04.26 05:52:44.866,12.36559,12.36952,0.00,0.00
2016.04.26 05:52:44.967,12.36568,12.36961,0.00,0.00
2016.04.26 05:52:45.329,12.36628,12.36991,0.00,0.00
2016.04.26 05:52:45.380,12.36628,12.37011,0.00,0.00
2016.04.26 05:52:45.645,12.3667,12.37001,0.00,0.00
2016.04.26 05:52:45.768,12.36669,12.37052,0.00,0.00
2016.04.26 05:52:45.830,12.36679,12.37071,0.00,0.00
2016.04.26 05:52:46.031,12.3666,12.37042,0.00,0.00
2016.04.26 05:52:46.132,12.36678,12.37071,0.00,0.00
2016.04.26 05:52:46.183,12.36678,12.37049,0.00,0.00
2016.04.26 05:52:46.234,12.36659,12.37042,0.00,0.00
2016.04.26 05:52:46.284,12.36648,12.36971,0.00,0.00
2016.04.26 05:52:46.335,12.36589,12.36971,0.00,0.00
2016.04.26 05:52:46.436,12.36589,12.36962,0.00,0.00
2016.04.26 05:52:46.487,12.3657,12.36962,0.00,0.00
2016.04.26 05:52:46.538,12.36568,12.3696,0.00,0.00
2016.04.26 05:52:46.916,12.36559,12.36942,0.00,0.00
2016.04.26 05:52:48.304,12.36588,12.36951,0.00,0.00
2016.04.26 05:52:48.355,12.36588,12.3696,0.00,0.00
2016.04.26 05:52:48.566,12.36568,12.3696,0.00,0.00
2016.04.26 05:52:48.617,12.3656,12.36942,0.00,0.00
2016.04.26 05:52:48.818,12.3656,12.36952,0.00,0.00
2016.04.26 05:52:48.919,12.36579,12.36961,0.00,0.00
2016.04.26 05:52:49.174,12.36579,12.36971,0.00,0.00
2016.04.26 05:52:49.319,12.36559,12.36952,0.00,0.00
2016.04.26 05:52:49.886,12.3656,12.36952,0.00,0.00
2016.04.26 05:52:50.317,12.36568,12.36962,0.00,0.00
2016.04.26 05:52:52.779,12.36568,12.3696,0.00,0.00
2016.04.26 05:52:53.204,12.3656,12.36951,0.00,0.00
2016.04.26 05:52:53.758,12.36559,12.36951,0.00,0.00
2016.04.26 05:52:54.259,12.3656,12.36951,0.00,0.00
2016.04.26 05:52:54.760,12.36559,12.36951,0.00,0.00
2016.04.26 05:52:55.360,12.3656,12.3695,0.00,0.00
2016.04.26 05:52:55.864,12.36559,12.36941,0.00,0.00
2016.04.26 05:52:56.507,12.3656,12.36942,0.00,0.00
2016.04.26 05:52:57.090,12.36559,12.36942,0.00,0.00
2016.04.26 05:52:58.366,12.3656,12.36942,0.00,0.00
2016.04.26 05:52:58.778,12.36559,12.36951,0.00,0.00
2016.04.26 05:52:59.179,12.36559,12.36911,0.00,0.00
2016.04.26 05:52:59.985,12.36569,12.36951,0.00,0.00
2016.04.26 05:53:00.849,12.36559,12.36931,0.00,0.00
2016.04.26 05:53:01.194,12.36559,12.36911,0.00,0.00
2016.04.26 05:53:01.998,12.36528,12.3689,0.00,0.00
2016.04.26 05:53:02.054,12.36509,12.3689,0.00,0.00
2016.04.26 05:53:02.105,12.36509,12.36811,0.00,0.00
2016.04.26 05:53:02.156,12.36479,12.36811,0.00,0.00
2016.04.26 05:53:02.257,12.3647,12.36861,0.00,0.00
2016.04.26 05:53:02.358,12.36498,12.3687,0.00,0.00
2016.04.26 05:53:02.702,12.36528,12.36891,0.00,0.00
2016.04.26 05:53:03.056,12.36518,12.36891,0.00,0.00
2016.04.26 05:53:03.230,12.36499,12.36891,0.00,0.00
2016.04.26 05:53:04.531,12.36528,12.3691,0.00,0.00
2016.04.26 05:53:05.032,12.36519,12.36901,0.00,0.00
2016.04.26 05:53:05.387,12.36519,12.36841,0.00,0.00
2016.04.26 05:53:05.438,12.36489,12.36841,0.00,0.00
2016.04.26 05:53:06.196,12.3649,12.3684,0.00,0.00
2016.04.26 05:53:06.767,12.36489,12.36841,0.00,0.00
2016.04.26 05:53:07.106,12.3647,12.3679,0.00,0.00
2016.04.26 05:53:07.323,12.36459,12.36791,0.00,0.00
2016.04.26 05:53:08.138,12.3647,12.3679,0.00,0.00
2016.04.26 05:53:08.693,12.36469,12.36791,0.00,0.00
2016.04.26 05:53:09.127,12.3646,12.3679,0.00,0.00
2016.04.26 05:53:09.945,12.36459,12.36791,0.00,0.00
2016.04.26 05:53:10.496,12.3646,12.3679,0.00,0.00
2016.04.26 05:53:10.798,12.36469,12.36791,0.00,0.00
2016.04.26 05:53:11.434,12.3646,12.3679,0.00,0.00
2016.04.26 05:53:11.922,12.36438,12.36691,0.00,0.00
2016.04.26 05:53:12.023,12.36429,12.36741,0.00,0.00
2016.04.26 05:53:12.124,12.36379,12.36741,0.00,0.00
2016.04.26 05:53:12.387,12.36389,12.36741,0.00,0.00
2016.04.26 05:53:12.803,12.36389,12.36691,0.00,0.00
2016.04.26 05:53:12.905,12.36379,12.36691,0.00,0.00
2016.04.26 05:53:13.046,12.36389,12.36691,0.00,0.00
2016.04.26 05:53:13.752,12.364,12.3669,0.00,0.00
2016.04.26 05:53:13.953,12.3647,12.3679,0.00,0.00
2016.04.26 05:53:14.242,12.36489,12.36791,0.00,0.00
2016.04.26 05:53:14.412,12.36479,12.36791,0.00,0.00
2016.04.26 05:53:14.826,12.36469,12.36791,0.00,0.00
2016.04.26 05:53:15.344,12.3646,12.3679,0.00,0.00
2016.04.26 05:53:15.445,12.36438,12.36741,0.00,0.00
2016.04.26 05:53:15.496,12.36419,12.36741,0.00,0.00
2016.04.26 05:53:15.547,12.36419,12.3669,0.00,0.00
2016.04.26 05:53:15.598,12.3639,12.3669,0.00,0.00
2016.04.26 05:53:15.749,12.3638,12.3669,0.00,0.00
2016.04.26 05:53:15.945,12.36369,12.36691,0.00,0.00
2016.04.26 05:53:16.310,12.36379,12.36691,0.00,0.00
2016.04.26 05:53:16.654,12.36359,12.36641,0.00,0.00
2016.04.26 05:53:16.756,12.36359,12.36691,0.00,0.00
2016.04.26 05:53:16.908,12.36368,12.36691,0.00,0.00
2016.04.26 05:53:17.181,12.3636,12.3669,0.00,0.00
2016.04.26 05:53:17.763,12.36369,12.36691,0.00,0.00
2016.04.26 05:53:18.022,12.36398,12.36741,0.00,0.00
2016.04.26 05:53:18.083,12.36389,12.36741,0.00,0.00
2016.04.26 05:53:18.815,12.3639,12.3674,0.00,0.00
2016.04.26 05:53:19.617,12.36389,12.36741,0.00,0.00
2016.04.26 05:53:20.346,12.3639,12.3674,0.00,0.00
2016.04.26 05:53:20.726,12.36459,12.36791,0.00,0.00
2016.04.26 05:53:21.040,12.3648,12.3679,0.00,0.00
2016.04.26 05:53:21.621,12.36459,12.36791,0.00,0.00
2016.04.26 05:53:22.327,12.36469,12.36791,0.00,0.00
2016.04.26 05:53:22.449,12.36459,12.36791,0.00,0.00
2016.04.26 05:53:23.656,12.3646,12.3679,0.00,0.00
2016.04.26 05:53:24.179,12.36459,12.36791,0.00,0.00
2016.04.26 05:53:24.866,12.36439,12.36691,0.00,0.00
2016.04.26 05:53:24.967,12.36369,12.36691,0.00,0.00
2016.04.26 05:53:25.335,12.3636,12.3669,0.00,0.00
2016.04.26 05:53:25.901,12.36359,12.36691,0.00,0.00
2016.04.26 05:53:26.336,12.3637,12.3669,0.00,0.00
2016.04.26 05:53:26.665,12.36369,12.3664,0.00,0.00
2016.04.26 05:53:26.731,12.36369,12.36691,0.00,0.00
2016.04.26 05:53:26.782,12.36359,12.36691,0.00,0.00
2016.04.26 05:53:28.677,12.3637,12.3669,0.00,0.00
2016.04.26 05:53:29.738,12.36379,12.36691,0.00,0.00
2016.04.26 05:53:30.239,12.3646,12.3674,0.00,0.00
2016.04.26 05:53:30.340,12.3647,12.3679,0.00,0.00
2016.04.26 05:53:30.441,12.36479,12.36791,0.00,0.00
2016.04.26 05:53:30.643,12.3647,12.3679,0.00,0.00
2016.04.26 05:53:30.840,12.36479,12.36791,0.00,0.00
2016.04.26 05:53:31.288,12.3649,12.3679,0.00,0.00
2016.04.26 05:53:31.593,12.3666,12.3694,0.00,0.00
2016.04.26 05:53:31.644,12.36609,12.36941,0.00,0.00
2016.04.26 05:53:31.742,12.36659,12.36991,0.00,0.00
2016.04.26 05:53:32.045,12.36689,12.36991,0.00,0.00
2016.04.26 05:53:32.146,12.36679,12.36991,0.00,0.00
2016.04.26 05:53:32.794,12.367,12.3699,0.00,0.00
2016.04.26 05:53:33.319,12.36699,12.36991,0.00,0.00
2016.04.26 05:53:33.650,12.36689,12.36991,0.00,0.00
2016.04.26 05:53:34.202,12.36699,12.36991,0.00,0.00
2016.04.26 05:53:34.253,12.3669,12.3699,0.00,0.00
2016.04.26 05:53:34.852,12.36689,12.36991,0.00,0.00
2016.04.26 05:53:35.354,12.3669,12.3699,0.00,0.00
2016.04.26 05:53:35.779,12.36669,12.36941,0.00,0.00
2016.04.26 05:53:35.880,12.36659,12.36991,0.00,0.00
2016.04.26 05:53:36.475,12.3666,12.3699,0.00,0.00
2016.04.26 05:53:37.659,12.36659,12.36991,0.00,0.00
2016.04.26 05:53:38.214,12.3666,12.3699,0.00,0.00
2016.04.26 05:53:38.266,12.3667,12.3699,0.00,0.00
2016.04.26 05:53:38.876,12.3668,12.3699,0.00,0.00
2016.04.26 05:53:39.379,12.3666,12.3699,0.00,0.00
2016.04.26 05:53:39.914,12.36659,12.36991,0.00,0.00
2016.04.26 05:53:40.434,12.36671,12.36991,0.00,0.00
2016.04.26 05:53:40.485,12.36759,12.37091,0.00,0.00
2016.04.26 05:53:40.586,12.3677,12.3709,0.00,0.00
2016.04.26 05:53:40.688,12.36769,12.37139,0.00,0.00
2016.04.26 05:53:40.792,12.36779,12.37139,0.00,0.00
2016.04.26 05:53:41.145,12.36789,12.37139,0.00,0.00
2016.04.26 05:53:41.268,12.3678,12.37139,0.00,0.00
2016.04.26 05:53:41.499,12.36769,12.37139,0.00,0.00
2016.04.26 05:53:41.688,12.3676,12.37139,0.00,0.00
2016.04.26 05:53:42.270,12.36759,12.37139,0.00,0.00
2016.04.26 05:53:42.598,12.36759,12.37161,0.00,0.00
2016.04.26 05:53:42.671,12.36889,12.37161,0.00,0.00
2016.04.26 05:53:42.773,12.3686,12.37222,0.00,0.00
2016.04.26 05:53:42.886,12.36879,12.37239,0.00,0.00
2016.04.26 05:53:43.001,12.36869,12.37239,0.00,0.00
2016.04.26 05:53:43.569,12.3687,12.3724,0.00,0.00
2016.04.26 05:53:43.673,12.36832,12.37332,0.00,0.00
2016.04.26 05:53:43.876,12.36879,12.37271,0.00,0.00
2016.04.26 05:53:44.375,12.36869,12.37271,0.00,0.00
2016.04.26 05:53:44.943,12.3687,12.3727,0.00,0.00
2016.04.26 05:53:45.377,12.3688,12.3727,0.00,0.00
2016.04.26 05:53:46.079,12.36879,12.37271,0.00,0.00
2016.04.26 05:53:46.580,12.3688,12.3727,0.00,0.00
2016.04.26 05:53:46.780,12.3687,12.3727,0.00,0.00
2016.04.26 05:53:46.932,12.3687,12.37232,0.00,0.00
2016.04.26 05:53:47.083,12.36789,12.37171,0.00,0.00
2016.04.26 05:53:47.185,12.3686,12.3719,0.00,0.00
2016.04.26 05:53:47.404,12.36799,12.37171,0.00,0.00
2016.04.26 05:53:47.505,12.36859,12.37211,0.00,0.00
2016.04.26 05:53:47.809,12.36789,12.37171,0.00,0.00
2016.04.26 05:53:47.937,12.36859,12.37201,0.00,0.00
2016.04.26 05:53:48.089,12.36818,12.37201,0.00,0.00
2016.04.26 05:53:48.190,12.36829,12.37201,0.00,0.00
2016.04.26 05:53:48.291,12.36809,12.37192,0.00,0.00
2016.04.26 05:53:48.530,12.36838,12.37201,0.00,0.00
2016.04.26 05:53:48.709,12.36838,12.37211,0.00,0.00
2016.04.26 05:53:48.760,12.36819,12.37211,0.00,0.00
2016.04.26 05:53:48.861,12.36828,12.37211,0.00,0.00
2016.04.26 05:53:49.163,12.36809,12.37192,0.00,0.00
2016.04.26 05:53:49.465,12.36789,12.37171,0.00,0.00
2016.04.26 05:53:49.768,12.36798,12.37171,0.00,0.00
2016.04.26 05:53:50.388,12.36798,12.3717,0.00,0.00
2016.04.26 05:53:50.889,12.36798,12.37171,0.00,0.00
2016.04.26 05:53:51.257,12.3678,12.37161,0.00,0.00
2016.04.26 05:53:51.358,12.36779,12.37152,0.00,0.00
2016.04.26 05:53:51.691,12.3678,12.3714,0.00,0.00
2016.04.26 05:53:51.814,12.36769,12.37141,0.00,0.00
2016.04.26 05:53:51.865,12.36769,12.37131,0.00,0.00
2016.04.26 05:53:52.392,12.3677,12.37131,0.00,0.00
2016.04.26 05:53:52.443,12.3677,12.3714,0.00,0.00
2016.04.26 05:53:52.493,12.36829,12.37151,0.00,0.00
2016.04.26 05:53:52.693,12.36788,12.37171,0.00,0.00
2016.04.26 05:53:52.893,12.36788,12.3716,0.00,0.00
2016.04.26 05:53:53.195,12.36769,12.37141,0.00,0.00
2016.04.26 05:53:53.754,12.3677,12.3714,0.00,0.00
2016.04.26 05:53:54.560,12.3677,12.37131,0.00,0.00
2016.04.26 05:53:54.724,12.3666,12.37031,0.00,0.00
2016.04.26 05:53:54.876,12.36668,12.37051,0.00,0.00
2016.04.26 05:53:54.978,12.3666,12.37032,0.00,0.00
2016.04.26 05:53:55.368,12.36659,12.37042,0.00,0.00
2016.04.26 05:53:55.469,12.36659,12.37032,0.00,0.00
2016.04.26 05:53:55.771,12.3666,12.3701,0.00,0.00
2016.04.26 05:53:56.348,12.36632,12.36961,0.00,0.00
2016.04.26 05:53:56.399,12.36618,12.36961,0.00,0.00
2016.04.26 05:53:56.500,12.36569,12.36942,0.00,0.00
2016.04.26 05:53:57.001,12.3657,12.36942,0.00,0.00
2016.04.26 05:53:57.107,12.3656,12.36942,0.00,0.00
2016.04.26 05:53:57.208,12.36569,12.36942,0.00,0.00
2016.04.26 05:53:57.258,12.36589,12.36971,0.00,0.00
2016.04.26 05:53:57.359,12.36599,12.3697,0.00,0.00
2016.04.26 05:53:58.204,12.36599,12.36971,0.00,0.00
2016.04.26 05:53:58.754,12.36599,12.3697,0.00,0.00
2016.04.26 05:53:59.306,12.36599,12.36971,0.00,0.00
2016.04.26 05:53:59.726,12.36579,12.36971,0.00,0.00
2016.04.26 05:53:59.827,12.36578,12.36961,0.00,0.00
2016.04.26 05:54:00.405,12.36578,12.36962,0.00,0.00
2016.04.26 05:54:01.047,12.36589,12.36971,0.00,0.00
2016.04.26 05:54:01.373,12.3657,12.3695,0.00,0.00
2016.04.26 05:54:01.912,12.36569,12.36951,0.00,0.00
2016.04.26 05:54:02.141,12.36568,12.3696,0.00,0.00
2016.04.26 05:54:02.312,12.36568,12.36951,0.00,0.00
2016.04.26 05:54:03.014,12.36568,12.3695,0.00,0.00
2016.04.26 05:54:03.716,12.36568,12.36951,0.00,0.00
2016.04.26 05:54:04.102,12.36569,12.36941,0.00,0.00
2016.04.26 05:54:05.018,12.36569,12.3694,0.00,0.00
2016.04.26 05:54:05.422,12.36578,12.36941,0.00,0.00
2016.04.26 05:54:05.704,12.36559,12.36941,0.00,0.00
2016.04.26 05:54:05.820,12.36569,12.36941,0.00,0.00
2016.04.26 05:54:05.904,12.36569,12.36951,0.00,0.00
2016.04.26 05:54:06.005,12.36609,12.36971,0.00,0.00
2016.04.26 05:54:06.811,12.36579,12.36971,0.00,0.00
2016.04.26 05:54:07.925,12.36579,12.3697,0.00,0.00
2016.04.26 05:54:08.326,12.36579,12.3696,0.00,0.00
2016.04.26 05:54:08.927,12.36579,12.36961,0.00,0.00
2016.04.26 05:54:09.453,12.36579,12.3696,0.00,0.00
2016.04.26 05:54:09.829,12.36579,12.36951,0.00,0.00
2016.04.26 05:54:10.392,12.36579,12.3695,0.00,0.00
2016.04.26 05:54:10.443,12.36579,12.36961,0.00,0.00
2016.04.26 05:54:10.631,12.36579,12.3697,0.00,0.00
2016.04.26 05:54:10.707,12.3657,12.36961,0.00,0.00
2016.04.26 05:54:11.032,12.36588,12.3696,0.00,0.00
2016.04.26 05:54:11.940,12.36588,12.3697,0.00,0.00
2016.04.26 05:54:11.991,12.36609,12.3697,0.00,0.00
2016.04.26 05:54:12.702,12.36609,12.36971,0.00,0.00
2016.04.26 05:54:12.860,12.36578,12.36962,0.00,0.00
2016.04.26 05:54:13.397,12.36598,12.36971,0.00,0.00
2016.04.26 05:54:14.439,12.36598,12.3697,0.00,0.00
2016.04.26 05:54:14.940,12.36598,12.36971,0.00,0.00
2016.04.26 05:54:15.563,12.36598,12.3697,0.00,0.00
2016.04.26 05:54:16.068,12.36598,12.36971,0.00,0.00
2016.04.26 05:54:17.145,12.36598,12.3697,0.00,0.00
2016.04.26 05:54:17.646,12.36598,12.36971,0.00,0.00
2016.04.26 05:54:18.999,12.36589,12.36971,0.00,0.00
2016.04.26 05:54:19.100,12.36599,12.36971,0.00,0.00
2016.04.26 05:54:19.650,12.36599,12.3697,0.00,0.00
2016.04.26 05:54:20.161,12.36599,12.36951,0.00,0.00
2016.04.26 05:54:20.211,12.36588,12.36951,0.00,0.00
2016.04.26 05:54:20.312,12.36579,12.36951,0.00,0.00
2016.04.26 05:54:20.711,12.3657,12.3695,0.00,0.00
2016.04.26 05:54:20.853,12.3657,12.3694,0.00,0.00
2016.04.26 05:54:21.383,12.3657,12.3695,0.00,0.00
2016.04.26 05:54:21.434,12.36579,12.3695,0.00,0.00
2016.04.26 05:54:22.156,12.36579,12.36951,0.00,0.00
2016.04.26 05:54:22.859,12.36579,12.36941,0.00,0.00
2016.04.26 05:54:23.364,12.36579,12.3694,0.00,0.00
2016.04.26 05:54:23.440,12.3657,12.3694,0.00,0.00
2016.04.26 05:54:23.491,12.3657,12.3695,0.00,0.00
2016.04.26 05:54:24.163,12.36569,12.36951,0.00,0.00
2016.04.26 05:54:24.916,12.36589,12.36951,0.00,0.00
2016.04.26 05:54:24.967,12.36589,12.3696,0.00,0.00
2016.04.26 05:54:25.239,12.36579,12.3696,0.00,0.00
2016.04.26 05:54:25.340,12.36589,12.3696,0.00,0.00
2016.04.26 05:54:25.954,12.36589,12.36961,0.00,0.00
2016.04.26 05:54:26.270,12.36589,12.36971,0.00,0.00
2016.04.26 05:54:26.320,12.36608,12.36971,0.00,0.00
2016.04.26 05:54:26.400,12.36579,12.36971,0.00,0.00
2016.04.26 05:54:26.471,12.36579,12.3694,0.00,0.00
2016.04.26 05:54:26.522,12.36569,12.3694,0.00,0.00
2016.04.26 05:54:26.665,12.3656,12.3694,0.00,0.00
2016.04.26 05:54:27.266,12.36559,12.36941,0.00,0.00
2016.04.26 05:54:29.324,12.3655,12.369,0.00,0.00
2016.04.26 05:54:29.481,12.36518,12.3687,0.00,0.00
2016.04.26 05:54:29.533,12.3651,12.3687,0.00,0.00
2016.04.26 05:54:29.684,12.36559,12.36892,0.00,0.00
2016.04.26 05:54:29.735,12.36559,12.36911,0.00,0.00
2016.04.26 05:54:29.786,12.3656,12.36931,0.00,0.00
2016.04.26 05:54:29.886,12.36559,12.36941,0.00,0.00
2016.04.26 05:54:30.987,12.36569,12.36941,0.00,0.00
2016.04.26 05:54:31.288,12.36559,12.36941,0.00,0.00
2016.04.26 05:54:31.388,12.3657,12.3694,0.00,0.00
2016.04.26 05:54:31.488,12.3656,12.3694,0.00,0.00
2016.04.26 05:54:32.291,12.36559,12.36941,0.00,0.00
2016.04.26 05:54:32.398,12.36569,12.36941,0.00,0.00
2016.04.26 05:54:32.944,12.3657,12.3694,0.00,0.00
2016.04.26 05:54:32.995,12.3658,12.3697,0.00,0.00
2016.04.26 05:54:33.196,12.36589,12.36971,0.00,0.00
2016.04.26 05:54:34.200,12.3659,12.3697,0.00,0.00
2016.04.26 05:54:34.301,12.3658,12.3697,0.00,0.00
2016.04.26 05:54:35.204,12.36579,12.36971,0.00,0.00
2016.04.26 05:54:35.934,12.3657,12.3697,0.00,0.00
2016.04.26 05:54:36.445,12.36669,12.37011,0.00,0.00
2016.04.26 05:54:36.647,12.3667,12.3704,0.00,0.00
2016.04.26 05:54:36.937,12.36679,12.37041,0.00,0.00
2016.04.26 05:54:37.040,12.3668,12.3707,0.00,0.00
2016.04.26 05:54:37.242,12.3669,12.3707,0.00,0.00
2016.04.26 05:54:37.561,12.36689,12.37039,0.00,0.00
2016.04.26 05:54:38.313,12.3669,12.37039,0.00,0.00
2016.04.26 05:54:38.714,12.36679,12.37039,0.00,0.00
2016.04.26 05:54:39.527,12.3668,12.37039,0.00,0.00
2016.04.26 05:54:40.187,12.36679,12.37039,0.00,0.00
2016.04.26 05:54:41.724,12.36689,12.37039,0.00,0.00
2016.04.26 05:54:42.226,12.36719,12.37039,0.00,0.00
2016.04.26 05:54:42.549,12.3679,12.37039,0.00,0.00
2016.04.26 05:54:42.600,12.3679,12.371,0.00,0.00
2016.04.26 05:54:42.701,12.36789,12.37168,0.00,0.00
2016.04.26 05:54:43.140,12.36799,12.37168,0.00,0.00
2016.04.26 05:54:43.291,12.36799,12.37211,0.00,0.00
2016.04.26 05:54:43.820,12.368,12.3721,0.00,0.00
2016.04.26 05:54:44.332,12.36799,12.37211,0.00,0.00
2016.04.26 05:54:44.643,12.3686,12.3721,0.00,0.00
2016.04.26 05:54:45.191,12.36859,12.37211,0.00,0.00
2016.04.26 05:54:45.292,12.3687,12.37239,0.00,0.00
2016.04.26 05:54:45.817,12.36869,12.37239,0.00,0.00
2016.04.26 05:54:46.347,12.3687,12.37239,0.00,0.00
2016.04.26 05:54:47.849,12.36869,12.37239,0.00,0.00
2016.04.26 05:54:48.351,12.3686,12.37239,0.00,0.00
2016.04.26 05:54:48.852,12.36859,12.37239,0.00,0.00
2016.04.26 05:54:49.069,12.36839,12.37191,0.00,0.00
2016.04.26 05:54:49.170,12.3679,12.3717,0.00,0.00
2016.04.26 05:54:49.698,12.36789,12.37171,0.00,0.00
2016.04.26 05:54:49.804,12.36789,12.37138,0.00,0.00
2016.04.26 05:54:50.804,12.3679,12.37138,0.00,0.00
2016.04.26 05:54:51.414,12.36789,12.37138,0.00,0.00
2016.04.26 05:54:51.917,12.3679,12.37138,0.00,0.00
2016.04.26 05:54:52.736,12.36789,12.37138,0.00,0.00
2016.04.26 05:54:53.263,12.3679,12.37138,0.00,0.00
2016.04.26 05:54:53.777,12.36789,12.37138,0.00,0.00
2016.04.26 05:54:54.093,12.36789,12.37169,0.00,0.00
2016.04.26 05:54:54.194,12.3678,12.3712,0.00,0.00
2016.04.26 05:54:54.295,12.36759,12.37121,0.00,0.00
2016.04.26 05:54:54.867,12.3676,12.3712,0.00,0.00
2016.04.26 05:54:55.368,12.36759,12.37121,0.00,0.00
2016.04.26 05:54:55.770,12.36759,12.37138,0.00,0.00
2016.04.26 05:54:56.198,12.3677,12.37138,0.00,0.00
2016.04.26 05:54:56.772,12.36769,12.37138,0.00,0.00
2016.04.26 05:54:56.874,12.36759,12.37138,0.00,0.00
2016.04.26 05:54:57.375,12.3676,12.37138,0.00,0.00
2016.04.26 05:54:59.680,12.36759,12.37138,0.00,0.00
2016.04.26 05:54:59.879,12.36759,12.37131,0.00,0.00
2016.04.26 05:55:00.891,12.36759,12.37138,0.00,0.00
2016.04.26 05:55:01.785,12.3676,12.37138,0.00,0.00
2016.04.26 05:55:01.886,12.3676,12.3712,0.00,0.00
2016.04.26 05:55:02.396,12.36759,12.37121,0.00,0.00
2016.04.26 05:55:02.980,12.3676,12.3712,0.00,0.00
2016.04.26 05:55:03.288,12.36689,12.37071,0.00,0.00
2016.04.26 05:55:03.339,12.36689,12.37038,0.00,0.00
2016.04.26 05:55:03.641,12.3676,12.37038,0.00,0.00
2016.04.26 05:55:04.022,12.36769,12.37138,0.00,0.00
2016.04.26 05:55:04.792,12.36759,12.37138,0.00,0.00
2016.04.26 05:55:05.393,12.3676,12.37138,0.00,0.00
2016.04.26 05:55:05.900,12.36759,12.37138,0.00,0.00
2016.04.26 05:55:07.397,12.3676,12.37138,0.00,0.00
2016.04.26 05:55:08.399,12.36759,12.37138,0.00,0.00
2016.04.26 05:55:08.900,12.3676,12.37138,0.00,0.00
2016.04.26 05:55:10.808,12.36709,12.37111,0.00,0.00
2016.04.26 05:55:11.305,12.367,12.3711,0.00,0.00
2016.04.26 05:55:12.308,12.36699,12.37111,0.00,0.00
2016.04.26 05:55:12.901,12.36709,12.37111,0.00,0.00
2016.04.26 05:55:14.045,12.3669,12.37038,0.00,0.00
2016.04.26 05:55:14.388,12.36699,12.37038,0.00,0.00
2016.04.26 05:55:14.512,12.36689,12.37038,0.00,0.00
2016.04.26 05:55:14.934,12.36699,12.37038,0.00,0.00
2016.04.26 05:55:15.925,12.367,12.37038,0.00,0.00
2016.04.26 05:55:16.517,12.36689,12.37038,0.00,0.00
2016.04.26 05:55:17.619,12.3669,12.37038,0.00,0.00
2016.04.26 05:55:18.236,12.36689,12.37038,0.00,0.00
2016.04.26 05:55:19.226,12.3669,12.37038,0.00,0.00
2016.04.26 05:55:19.835,12.36689,12.37038,0.00,0.00
2016.04.26 05:55:20.726,12.3669,12.37038,0.00,0.00
2016.04.26 05:55:20.955,12.36679,12.37038,0.00,0.00
2016.04.26 05:55:21.628,12.3668,12.37038,0.00,0.00
2016.04.26 05:55:22.130,12.36679,12.37038,0.00,0.00
2016.04.26 05:55:22.337,12.36689,12.37111,0.00,0.00
2016.04.26 05:55:22.558,12.36709,12.37111,0.00,0.00
2016.04.26 05:55:23.158,12.367,12.3711,0.00,0.00
2016.04.26 05:55:23.670,12.36699,12.37111,0.00,0.00
2016.04.26 05:55:24.234,12.367,12.3711,0.00,0.00
2016.04.26 05:55:25.035,12.36699,12.37111,0.00,0.00
2016.04.26 05:55:26.189,12.367,12.3711,0.00,0.00
2016.04.26 05:55:26.744,12.36699,12.37111,0.00,0.00
2016.04.26 05:55:27.352,12.36719,12.37111,0.00,0.00
2016.04.26 05:55:27.954,12.36709,12.37091,0.00,0.00
2016.04.26 05:55:28.093,12.36718,12.37111,0.00,0.00
2016.04.26 05:55:28.744,12.36718,12.3711,0.00,0.00
2016.04.26 05:55:29.245,12.36718,12.37111,0.00,0.00
2016.04.26 05:55:29.788,12.36718,12.3711,0.00,0.00
2016.04.26 05:55:31.252,12.36718,12.37111,0.00,0.00
2016.04.26 05:55:31.853,12.36718,12.3711,0.00,0.00
2016.04.26 05:55:33.258,12.36718,12.37111,0.00,0.00
2016.04.26 05:55:33.759,12.36718,12.3711,0.00,0.00
2016.04.26 05:55:34.762,12.36718,12.37111,0.00,0.00
2016.04.26 05:55:35.514,12.36699,12.37092,0.00,0.00
2016.04.26 05:55:36.008,12.36718,12.37111,0.00,0.00
2016.04.26 05:55:36.769,12.36718,12.3711,0.00,0.00
2016.04.26 05:55:37.271,12.36718,12.37111,0.00,0.00
2016.04.26 05:55:38.274,12.36718,12.3711,0.00,0.00
2016.04.26 05:55:38.650,12.36738,12.3711,0.00,0.00
2016.04.26 05:55:39.181,12.36738,12.37111,0.00,0.00
2016.04.26 05:55:39.595,12.36689,12.37039,0.00,0.00
2016.04.26 05:55:39.828,12.36678,12.37039,0.00,0.00
2016.04.26 05:55:40.184,12.36698,12.37039,0.00,0.00
2016.04.26 05:55:41.534,12.36708,12.37039,0.00,0.00
2016.04.26 05:55:41.737,12.36708,12.37071,0.00,0.00
2016.04.26 05:55:41.788,12.36759,12.37102,0.00,0.00
2016.04.26 05:55:41.897,12.36769,12.37151,0.00,0.00
2016.04.26 05:55:42.002,12.36779,12.37169,0.00,0.00
2016.04.26 05:55:42.571,12.36779,12.37138,0.00,0.00
2016.04.26 05:55:42.738,12.3676,12.37138,0.00,0.00
2016.04.26 05:55:42.839,12.36778,12.37138,0.00,0.00
2016.04.26 05:55:43.200,12.36768,12.37101,0.00,0.00
2016.04.26 05:55:43.323,12.36759,12.37101,0.00,0.00
2016.04.26 05:55:44.684,12.36759,12.37099,0.00,0.00
2016.04.26 05:55:44.942,12.367,12.3707,0.00,0.00
2016.04.26 05:55:44.993,12.36688,12.3707,0.00,0.00
2016.04.26 05:55:45.044,12.3668,12.37062,0.00,0.00
2016.04.26 05:55:45.101,12.3668,12.3707,0.00,0.00
2016.04.26 05:55:45.201,12.36689,12.3707,0.00,0.00
2016.04.26 05:55:45.547,12.36689,12.37039,0.00,0.00
2016.04.26 05:55:47.704,12.36779,12.37039,0.00,0.00
2016.04.26 05:55:47.754,12.36779,12.37081,0.00,0.00
2016.04.26 05:55:47.805,12.36779,12.37111,0.00,0.00
2016.04.26 05:55:47.913,12.3678,12.37169,0.00,0.00
2016.04.26 05:55:48.014,12.36788,12.37169,0.00,0.00
2016.04.26 05:55:48.115,12.36779,12.37161,0.00,0.00
2016.04.26 05:55:48.249,12.36798,12.37169,0.00,0.00
2016.04.26 05:55:48.313,12.36788,12.37169,0.00,0.00
2016.04.26 05:55:48.466,12.36788,12.37138,0.00,0.00
2016.04.26 05:55:48.618,12.36769,12.37138,0.00,0.00
2016.04.26 05:55:49.213,12.3677,12.37138,0.00,0.00
2016.04.26 05:55:49.301,12.36768,12.37138,0.00,0.00
2016.04.26 05:55:49.428,12.36789,12.37138,0.00,0.00
2016.04.26 05:55:49.508,12.36759,12.37132,0.00,0.00
2016.04.26 05:55:49.830,12.3676,12.37138,0.00,0.00
2016.04.26 05:55:50.503,12.36759,12.37138,0.00,0.00
2016.04.26 05:55:50.705,12.3676,12.371,0.00,0.00
2016.04.26 05:55:51.306,12.36759,12.37101,0.00,0.00
2016.04.26 05:55:51.807,12.3676,12.371,0.00,0.00
2016.04.26 05:55:53.310,12.36759,12.37101,0.00,0.00
2016.04.26 05:55:53.811,12.3676,12.371,0.00,0.00
2016.04.26 05:55:54.216,12.36759,12.37121,0.00,0.00
2016.04.26 05:55:54.664,12.36759,12.37101,0.00,0.00
2016.04.26 05:55:54.815,12.36759,12.37121,0.00,0.00
2016.04.26 05:55:55.448,12.3676,12.3712,0.00,0.00
2016.04.26 05:55:55.673,12.3676,12.37039,0.00,0.00
2016.04.26 05:55:55.724,12.36748,12.37039,0.00,0.00
2016.04.26 05:55:55.843,12.36718,12.37039,0.00,0.00
2016.04.26 05:55:55.966,12.36668,12.37039,0.00,0.00
2016.04.26 05:55:56.017,12.36659,12.37039,0.00,0.00
2016.04.26 05:55:56.467,12.36669,12.37039,0.00,0.00
2016.04.26 05:55:56.835,12.36688,12.37039,0.00,0.00
2016.04.26 05:55:57.318,12.36698,12.37039,0.00,0.00
2016.04.26 05:55:59.221,12.36688,12.37039,0.00,0.00
2016.04.26 05:56:00.723,12.36679,12.37039,0.00,0.00
2016.04.26 05:56:00.824,12.36659,12.37039,0.00,0.00
2016.04.26 05:56:01.428,12.3666,12.37039,0.00,0.00
2016.04.26 05:56:02.231,12.36659,12.37039,0.00,0.00
2016.04.26 05:56:03.227,12.36669,12.37039,0.00,0.00
2016.04.26 05:56:03.538,12.36659,12.37039,0.00,0.00
2016.04.26 05:56:03.639,12.36659,12.37032,0.00,0.00
2016.04.26 05:56:04.186,12.36659,12.37022,0.00,0.00
2016.04.26 05:56:04.454,12.36589,12.3697,0.00,0.00
2016.04.26 05:56:04.587,12.36569,12.36961,0.00,0.00
2016.04.26 05:56:04.840,12.36598,12.3697,0.00,0.00
2016.04.26 05:56:05.188,12.36578,12.36938,0.00,0.00
2016.04.26 05:56:05.697,12.36568,12.36938,0.00,0.00
2016.04.26 05:56:05.798,12.36588,12.36938,0.00,0.00
2016.04.26 05:56:06.090,12.36569,12.36938,0.00,0.00
2016.04.26 05:56:13.651,12.36589,12.36938,0.00,0.00
2016.04.26 05:56:14.956,12.36598,12.36938,0.00,0.00
2016.04.26 05:56:24.318,12.36619,12.36938,0.00,0.00
2016.04.26 05:56:24.680,12.36619,12.36971,0.00,0.00
2016.04.26 05:56:24.731,12.36628,12.36971,0.00,0.00
2016.04.26 05:56:24.832,12.367,12.37062,0.00,0.00
2016.04.26 05:56:24.933,12.3671,12.37068,0.00,0.00
2016.04.26 05:56:25.138,12.367,12.37068,0.00,0.00
2016.04.26 05:56:25.189,12.36689,12.37068,0.00,0.00
2016.04.26 05:56:25.284,12.36709,12.37068,0.00,0.00
2016.04.26 05:56:25.620,12.36698,12.37038,0.00,0.00
2016.04.26 05:56:25.722,12.3669,12.37038,0.00,0.00
2016.04.26 05:56:25.823,12.3664,12.3699,0.00,0.00
2016.04.26 05:56:25.885,12.3664,12.36972,0.00,0.00
2016.04.26 05:56:25.936,12.3659,12.3697,0.00,0.00
2016.04.26 05:56:26.087,12.36599,12.3697,0.00,0.00
2016.04.26 05:56:26.437,12.36619,12.36939,0.00,0.00
2016.04.26 05:56:26.487,12.3659,12.36939,0.00,0.00
2016.04.26 05:56:26.652,12.36568,12.36939,0.00,0.00
2016.04.26 05:56:26.703,12.36559,12.36939,0.00,0.00
2016.04.26 05:56:28.642,12.3656,12.36939,0.00,0.00
2016.04.26 05:56:28.949,12.36568,12.36939,0.00,0.00
2016.04.26 05:56:32.279,12.36568,12.3695,0.00,0.00
2016.04.26 05:56:32.331,12.36579,12.36962,0.00,0.00
2016.04.26 05:56:32.382,12.36579,12.36971,0.00,0.00
2016.04.26 05:56:32.432,12.366,12.36971,0.00,0.00
2016.04.26 05:56:32.757,12.36629,12.3699,0.00,0.00
2016.04.26 05:56:33.408,12.36629,12.36991,0.00,0.00
2016.04.26 05:56:33.922,12.36629,12.3699,0.00,0.00
2016.04.26 05:56:34.532,12.36629,12.36991,0.00,0.00
2016.04.26 05:56:35.412,12.36629,12.3699,0.00,0.00
2016.04.26 05:56:36.421,12.36629,12.36991,0.00,0.00
2016.04.26 05:56:37.423,12.36629,12.3699,0.00,0.00
2016.04.26 05:56:38.213,12.36629,12.36939,0.00,0.00
2016.04.26 05:56:38.264,12.36618,12.36939,0.00,0.00
2016.04.26 05:56:38.375,12.36578,12.36939,0.00,0.00
2016.04.26 05:56:38.762,12.36588,12.36939,0.00,0.00
2016.04.26 05:56:38.873,12.3657,12.36939,0.00,0.00
2016.04.26 05:56:38.927,12.36568,12.36939,0.00,0.00
2016.04.26 05:56:38.978,12.36578,12.36939,0.00,0.00
2016.04.26 05:56:40.230,12.36659,12.36939,0.00,0.00
2016.04.26 05:56:40.482,12.36659,12.36971,0.00,0.00
2016.04.26 05:56:40.583,12.36699,12.37021,0.00,0.00
2016.04.26 05:56:40.684,12.36699,12.37038,0.00,0.00
2016.04.26 05:56:40.785,12.36738,12.37038,0.00,0.00
2016.04.26 05:56:41.082,12.36718,12.37038,0.00,0.00
2016.04.26 05:56:41.183,12.36728,12.37038,0.00,0.00
2016.04.26 05:56:41.279,12.36728,12.37111,0.00,0.00
2016.04.26 05:56:41.933,12.36728,12.3711,0.00,0.00
2016.04.26 05:56:42.435,12.36728,12.37111,0.00,0.00
2016.04.26 05:56:43.103,12.36728,12.3711,0.00,0.00
2016.04.26 05:56:43.205,12.36699,12.37039,0.00,0.00
2016.04.26 05:56:43.305,12.36678,12.37039,0.00,0.00
2016.04.26 05:56:43.437,12.3668,12.37039,0.00,0.00
2016.04.26 05:56:43.739,12.36689,12.37039,0.00,0.00
2016.04.26 05:56:44.054,12.36699,12.37039,0.00,0.00
2016.04.26 05:56:47.412,12.36679,12.37039,0.00,0.00
2016.04.26 05:56:47.693,12.36698,12.37039,0.00,0.00
2016.04.26 05:56:48.294,12.36688,12.37039,0.00,0.00
2016.04.26 05:56:48.815,12.36699,12.37039,0.00,0.00
2016.04.26 05:56:49.184,12.36718,12.37039,0.00,0.00
2016.04.26 05:56:49.299,12.3669,12.37039,0.00,0.00
2016.04.26 05:56:49.350,12.36688,12.37039,0.00,0.00
2016.04.26 05:56:55.266,12.3669,12.37039,0.00,0.00
2016.04.26 05:56:55.661,12.36718,12.37039,0.00,0.00
2016.04.26 05:56:56.193,12.36718,12.37071,0.00,0.00
2016.04.26 05:56:56.293,12.36749,12.37102,0.00,0.00
2016.04.26 05:56:56.344,12.36749,12.37111,0.00,0.00
2016.04.26 05:56:56.395,12.36729,12.37111,0.00,0.00
2016.04.26 05:56:56.445,12.36749,12.37111,0.00,0.00
2016.04.26 05:56:56.546,12.36728,12.37111,0.00,0.00
2016.04.26 05:56:57.311,12.36728,12.3711,0.00,0.00
2016.04.26 05:56:58.174,12.36728,12.37111,0.00,0.00
2016.04.26 05:56:59.125,12.36728,12.3711,0.00,0.00
2016.04.26 05:56:59.894,12.36728,12.37111,0.00,0.00
2016.04.26 05:57:00.194,12.36719,12.37101,0.00,0.00
2016.04.26 05:57:00.531,12.3669,12.37039,0.00,0.00
2016.04.26 05:57:01.044,12.36718,12.37039,0.00,0.00
2016.04.26 05:57:01.732,12.36728,12.37071,0.00,0.00
2016.04.26 05:57:01.784,12.36859,12.37122,0.00,0.00
2016.04.26 05:57:01.834,12.36859,12.37181,0.00,0.00
2016.04.26 05:57:01.935,12.36898,12.37181,0.00,0.00
2016.04.26 05:57:01.986,12.36898,12.37211,0.00,0.00
2016.04.26 05:57:02.037,12.36868,12.37211,0.00,0.00
2016.04.26 05:57:02.138,12.3686,12.37139,0.00,0.00
2016.04.26 05:57:02.188,12.36828,12.37139,0.00,0.00
2016.04.26 05:57:02.239,12.3679,12.37139,0.00,0.00
2016.04.26 05:57:02.417,12.36818,12.37139,0.00,0.00
2016.04.26 05:57:02.535,12.36789,12.37139,0.00,0.00
2016.04.26 05:57:02.786,12.36859,12.37139,0.00,0.00
2016.04.26 05:57:03.291,12.36839,12.37139,0.00,0.00
2016.04.26 05:57:03.342,12.36808,12.37139,0.00,0.00
2016.04.26 05:57:03.443,12.36789,12.37139,0.00,0.00
2016.04.26 05:57:03.723,12.36859,12.37172,0.00,0.00
2016.04.26 05:57:03.824,12.3686,12.3721,0.00,0.00
2016.04.26 05:57:03.988,12.36859,12.37201,0.00,0.00
2016.04.26 05:57:04.140,12.36828,12.37171,0.00,0.00
2016.04.26 05:57:04.240,12.36798,12.37171,0.00,0.00
2016.04.26 05:57:04.500,12.36798,12.37139,0.00,0.00
2016.04.26 05:57:04.944,12.3679,12.37139,0.00,0.00
2016.04.26 05:57:05.233,12.36799,12.37139,0.00,0.00
2016.04.26 05:57:07.695,12.3686,12.37139,0.00,0.00
2016.04.26 05:57:07.746,12.3686,12.37191,0.00,0.00
2016.04.26 05:57:07.847,12.3686,12.3721,0.00,0.00
2016.04.26 05:57:08.397,12.36859,12.37211,0.00,0.00
2016.04.26 05:57:08.697,12.36858,12.372,0.00,0.00
2016.04.26 05:57:09.099,12.36799,12.37138,0.00,0.00
2016.04.26 05:57:09.230,12.36788,12.37138,0.00,0.00
2016.04.26 05:57:09.281,12.36809,12.37138,0.00,0.00
2016.04.26 05:57:09.382,12.36789,12.37138,0.00,0.00
2016.04.26 05:57:09.483,12.36808,12.37138,0.00,0.00
2016.04.26 05:57:10.342,12.36799,12.37138,0.00,0.00
2016.04.26 05:57:11.203,12.36859,12.37138,0.00,0.00
2016.04.26 05:57:11.254,12.36859,12.37171,0.00,0.00
2016.04.26 05:57:11.355,12.3686,12.3721,0.00,0.00
2016.04.26 05:57:11.556,12.36839,12.3721,0.00,0.00
2016.04.26 05:57:11.776,12.36808,12.37202,0.00,0.00
2016.04.26 05:57:12.756,12.36819,12.37211,0.00,0.00
2016.04.26 05:57:13.059,12.36788,12.37138,0.00,0.00
2016.04.26 05:57:13.146,12.36768,12.37138,0.00,0.00
2016.04.26 05:57:13.247,12.36779,12.37138,0.00,0.00
2016.04.26 05:57:13.457,12.36769,12.37138,0.00,0.00
2016.04.26 05:57:13.758,12.36798,12.37138,0.00,0.00
2016.04.26 05:57:14.059,12.36789,12.37138,0.00,0.00
2016.04.26 05:57:16.225,12.368,12.37171,0.00,0.00
2016.04.26 05:57:16.326,12.368,12.37192,0.00,0.00
2016.04.26 05:57:16.376,12.36839,12.3721,0.00,0.00
2016.04.26 05:57:16.491,12.36829,12.37211,0.00,0.00
2016.04.26 05:57:18.117,12.36829,12.3721,0.00,0.00
2016.04.26 05:57:19.019,12.36829,12.37211,0.00,0.00
2016.04.26 05:57:19.527,12.36829,12.3721,0.00,0.00
2016.04.26 05:57:19.631,12.36808,12.37202,0.00,0.00
2016.04.26 05:57:19.815,12.36839,12.37211,0.00,0.00
2016.04.26 05:57:19.916,12.36829,12.37211,0.00,0.00
2016.04.26 05:57:20.017,12.36809,12.37201,0.00,0.00
2016.04.26 05:57:20.316,12.36838,12.37211,0.00,0.00
2016.04.26 05:57:20.618,12.36878,12.37239,0.00,0.00
2016.04.26 05:57:20.798,12.36859,12.37239,0.00,0.00
2016.04.26 05:57:21.214,12.36868,12.37239,0.00,0.00
2016.04.26 05:57:21.600,12.36898,12.37239,0.00,0.00
2016.04.26 05:57:21.751,12.3689,12.37272,0.00,0.00
2016.04.26 05:57:21.801,12.36929,12.3729,0.00,0.00
2016.04.26 05:57:21.852,12.36929,12.37311,0.00,0.00
2016.04.26 05:57:21.903,12.36949,12.37311,0.00,0.00
2016.04.26 05:57:21.953,12.36959,12.37331,0.00,0.00
2016.04.26 05:57:22.004,12.36978,12.37368,0.00,0.00
2016.04.26 05:57:22.327,12.36959,12.37301,0.00,0.00
2016.04.26 05:57:22.552,12.3696,12.37338,0.00,0.00
2016.04.26 05:57:22.660,12.36978,12.37338,0.00,0.00
2016.04.26 05:57:23.013,12.36998,12.37338,0.00,0.00
2016.04.26 05:57:25.005,12.3699,12.37338,0.00,0.00
2016.04.26 05:57:25.271,12.36988,12.37338,0.00,0.00
2016.04.26 05:57:26.335,12.37039,12.37338,0.00,0.00
2016.04.26 05:57:26.436,12.37008,12.37338,0.00,0.00
2016.04.26 05:57:26.541,12.36998,12.37338,0.00,0.00
2016.04.26 05:57:27.106,12.36978,12.37338,0.00,0.00
2016.04.26 05:57:27.207,12.36969,12.37338,0.00,0.00
2016.04.26 05:57:27.308,12.36959,12.37338,0.00,0.00
2016.04.26 05:57:27.459,12.36959,12.37321,0.00,0.00
2016.04.26 05:57:27.838,12.36959,12.37312,0.00,0.00
2016.04.26 05:57:27.989,12.36959,12.37321,0.00,0.00
2016.04.26 05:57:28.423,12.36959,12.37338,0.00,0.00
2016.04.26 05:57:28.474,12.36969,12.37338,0.00,0.00
2016.04.26 05:57:29.392,12.36989,12.37338,0.00,0.00
2016.04.26 05:57:29.493,12.36969,12.37338,0.00,0.00
2016.04.26 05:57:29.762,12.3698,12.37338,0.00,0.00
2016.04.26 05:57:30.344,12.36979,12.37338,0.00,0.00
2016.04.26 05:57:30.647,12.36998,12.37338,0.00,0.00
2016.04.26 05:57:32.148,12.36998,12.37321,0.00,0.00
2016.04.26 05:57:32.450,12.36959,12.37271,0.00,0.00
2016.04.26 05:57:33.022,12.3696,12.3727,0.00,0.00
2016.04.26 05:57:33.531,12.3696,12.37292,0.00,0.00
2016.04.26 05:57:33.632,12.3696,12.3732,0.00,0.00
2016.04.26 05:57:33.754,12.36969,12.37321,0.00,0.00
2016.04.26 05:57:34.078,12.36959,12.37271,0.00,0.00
2016.04.26 05:57:34.130,12.36909,12.37271,0.00,0.00
2016.04.26 05:57:34.181,12.36899,12.37271,0.00,0.00
2016.04.26 05:57:34.232,12.36889,12.37271,0.00,0.00
2016.04.26 05:57:34.333,12.36899,12.3727,0.00,0.00
2016.04.26 05:57:34.658,12.36909,12.37271,0.00,0.00
2016.04.26 05:57:35.142,12.36928,12.37271,0.00,0.00
2016.04.26 05:57:35.493,12.36979,12.37321,0.00,0.00
2016.04.26 05:57:35.823,12.37059,12.37339,0.00,0.00
2016.04.26 05:57:35.975,12.3706,12.3737,0.00,0.00
2016.04.26 05:57:36.076,12.37,12.3737,0.00,0.00
2016.04.26 05:57:36.374,12.37009,12.37371,0.00,0.00
2016.04.26 05:57:36.730,12.37018,12.37371,0.00,0.00
2016.04.26 05:57:36.883,12.36998,12.37371,0.00,0.00
2016.04.26 05:57:37.872,12.36998,12.3737,0.00,0.00
2016.04.26 05:57:38.173,12.36998,12.37321,0.00,0.00
2016.04.26 05:57:38.324,12.36979,12.37321,0.00,0.00
2016.04.26 05:57:39.202,12.3698,12.3732,0.00,0.00
2016.04.26 05:57:39.879,12.36979,12.37321,0.00,0.00
2016.04.26 05:57:40.281,12.3697,12.3732,0.00,0.00
2016.04.26 05:57:40.512,12.36959,12.37321,0.00,0.00
2016.04.26 05:57:41.385,12.37039,12.37321,0.00,0.00
2016.04.26 05:57:41.486,12.36968,12.37362,0.00,0.00
2016.04.26 05:57:41.587,12.36978,12.37321,0.00,0.00
2016.04.26 05:57:41.688,12.36959,12.37321,0.00,0.00
2016.04.26 05:57:42.423,12.3696,12.3732,0.00,0.00
2016.04.26 05:57:42.928,12.36959,12.37321,0.00,0.00
2016.04.26 05:57:43.484,12.3696,12.3732,0.00,0.00
2016.04.26 05:57:44.692,12.36959,12.37321,0.00,0.00
2016.04.26 05:57:44.876,12.36968,12.37321,0.00,0.00
2016.04.26 05:57:44.977,12.36959,12.37321,0.00,0.00
2016.04.26 05:57:45.078,12.36968,12.37321,0.00,0.00
2016.04.26 05:57:45.802,12.36969,12.37321,0.00,0.00
2016.04.26 05:57:46.211,12.3698,12.3732,0.00,0.00
2016.04.26 05:57:46.889,12.36979,12.37321,0.00,0.00
2016.04.26 05:57:48.401,12.3698,12.3732,0.00,0.00
2016.04.26 05:57:49.804,12.36979,12.37321,0.00,0.00
2016.04.26 05:57:50.107,12.37069,12.37392,0.00,0.00
2016.04.26 05:57:50.157,12.37069,12.37411,0.00,0.00
2016.04.26 05:57:50.406,12.37049,12.37381,0.00,0.00
2016.04.26 05:57:50.457,12.37019,12.37381,0.00,0.00
2016.04.26 05:57:50.558,12.36979,12.37362,0.00,0.00
2016.04.26 05:57:50.692,12.36979,12.37351,0.00,0.00
2016.04.26 05:57:51.008,12.36979,12.37339,0.00,0.00
2016.04.26 05:57:52.264,12.36989,12.37339,0.00,0.00
2016.04.26 05:57:52.662,12.36979,12.37339,0.00,0.00
2016.04.26 05:57:53.214,12.3706,12.37339,0.00,0.00
2016.04.26 05:57:53.265,12.3706,12.37381,0.00,0.00
2016.04.26 05:57:53.316,12.3707,12.37381,0.00,0.00
2016.04.26 05:57:53.366,12.3707,12.3741,0.00,0.00
2016.04.26 05:57:53.417,12.37049,12.37411,0.00,0.00
2016.04.26 05:57:53.518,12.37069,12.37432,0.00,0.00
2016.04.26 05:57:53.568,12.37069,12.37401,0.00,0.00
2016.04.26 05:57:53.669,12.3707,12.3741,0.00,0.00
2016.04.26 05:57:53.720,12.3707,12.37431,0.00,0.00
2016.04.26 05:57:53.915,12.37079,12.37451,0.00,0.00
2016.04.26 05:57:54.016,12.37119,12.37471,0.00,0.00
2016.04.26 05:57:54.117,12.37079,12.37461,0.00,0.00
2016.04.26 05:57:54.182,12.3707,12.37442,0.00,0.00
2016.04.26 05:57:54.384,12.37088,12.37472,0.00,0.00
2016.04.26 05:57:54.485,12.3708,12.37452,0.00,0.00
2016.04.26 05:57:54.853,12.37079,12.37439,0.00,0.00
2016.04.26 05:57:55.352,12.37089,12.37439,0.00,0.00
2016.04.26 05:57:55.820,12.37099,12.37439,0.00,0.00
2016.04.26 05:57:56.868,12.371,12.37439,0.00,0.00
2016.04.26 05:57:57.042,12.3709,12.37439,0.00,0.00
2016.04.26 05:57:57.345,12.37079,12.37439,0.00,0.00
2016.04.26 05:57:58.153,12.3707,12.37439,0.00,0.00
2016.04.26 05:57:58.254,12.37069,12.37421,0.00,0.00
2016.04.26 05:57:58.930,12.37069,12.37439,0.00,0.00
2016.04.26 05:58:00.334,12.3707,12.37439,0.00,0.00
2016.04.26 05:58:01.138,12.37069,12.37439,0.00,0.00
2016.04.26 05:58:01.239,12.37069,12.37411,0.00,0.00
2016.04.26 05:58:01.340,12.37019,12.37372,0.00,0.00
2016.04.26 05:58:01.441,12.3697,12.37352,0.00,0.00
2016.04.26 05:58:01.542,12.3697,12.37342,0.00,0.00
2016.04.26 05:58:01.933,12.36999,12.3736,0.00,0.00
2016.04.26 05:58:02.138,12.37019,12.37411,0.00,0.00
2016.04.26 05:58:03.187,12.3702,12.3741,0.00,0.00
2016.04.26 05:58:03.334,12.3702,12.37391,0.00,0.00
2016.04.26 05:58:03.771,12.37009,12.37391,0.00,0.00
2016.04.26 05:58:03.822,12.36998,12.37382,0.00,0.00
2016.04.26 05:58:03.873,12.36998,12.37339,0.00,0.00
2016.04.26 05:58:03.923,12.36979,12.37339,0.00,0.00
2016.04.26 05:58:04.144,12.37039,12.37339,0.00,0.00
2016.04.26 05:58:04.245,12.3702,12.37339,0.00,0.00
2016.04.26 05:58:04.691,12.3706,12.3741,0.00,0.00
2016.04.26 05:58:04.792,12.3707,12.3741,0.00,0.00
2016.04.26 05:58:05.295,12.37069,12.37411,0.00,0.00
2016.04.26 05:58:05.818,12.3707,12.3741,0.00,0.00
2016.04.26 05:58:06.847,12.37069,12.37411,0.00,0.00
2016.04.26 05:58:07.349,12.3707,12.3741,0.00,0.00
2016.04.26 05:58:07.900,12.37069,12.37411,0.00,0.00
2016.04.26 05:58:08.551,12.3707,12.3741,0.00,0.00
2016.04.26 05:58:09.077,12.37069,12.37411,0.00,0.00
2016.04.26 05:58:11.858,12.3707,12.3741,0.00,0.00
2016.04.26 05:58:12.159,12.37069,12.37401,0.00,0.00
2016.04.26 05:58:12.310,12.36999,12.37339,0.00,0.00
2016.04.26 05:58:12.411,12.3699,12.37339,0.00,0.00
2016.04.26 05:58:13.161,12.36989,12.37339,0.00,0.00
2016.04.26 05:58:13.863,12.36979,12.37339,0.00,0.00
2016.04.26 05:58:14.783,12.3697,12.37339,0.00,0.00
2016.04.26 05:58:14.885,12.36979,12.37339,0.00,0.00
2016.04.26 05:58:15.216,12.37059,12.37339,0.00,0.00
2016.04.26 05:58:15.367,12.37028,12.37339,0.00,0.00
2016.04.26 05:58:15.418,12.36978,12.37339,0.00,0.00
2016.04.26 05:58:15.519,12.36969,12.37339,0.00,0.00
2016.04.26 05:58:15.670,12.3698,12.37339,0.00,0.00
2016.04.26 05:58:16.255,12.36979,12.37339,0.00,0.00
2016.04.26 05:58:16.583,12.37,12.37339,0.00,0.00
2016.04.26 05:58:17.156,12.36999,12.37339,0.00,0.00
2016.04.26 05:58:17.458,12.3701,12.37339,0.00,0.00
2016.04.26 05:58:17.972,12.37009,12.37339,0.00,0.00
2016.04.26 05:58:18.617,12.3706,12.3741,0.00,0.00
2016.04.26 05:58:19.877,12.37059,12.37411,0.00,0.00
2016.04.26 05:58:20.109,12.37069,12.37411,0.00,0.00
2016.04.26 05:58:20.210,12.3707,12.37438,0.00,0.00
2016.04.26 05:58:20.378,12.3707,12.37432,0.00,0.00
2016.04.26 05:58:20.429,12.3706,12.37432,0.00,0.00
2016.04.26 05:58:20.479,12.3706,12.37411,0.00,0.00
2016.04.26 05:58:20.821,12.37018,12.37401,0.00,0.00
2016.04.26 05:58:20.922,12.3699,12.37371,0.00,0.00
2016.04.26 05:58:21.023,12.36979,12.37371,0.00,0.00
2016.04.26 05:58:21.219,12.36999,12.37381,0.00,0.00
2016.04.26 05:58:21.380,12.37009,12.37401,0.00,0.00
2016.04.26 05:58:22.791,12.36998,12.37392,0.00,0.00
2016.04.26 05:58:23.321,12.37009,12.37401,0.00,0.00
2016.04.26 05:58:24.883,12.37009,12.37391,0.00,0.00
2016.04.26 05:58:26.126,12.3706,12.3741,0.00,0.00
2016.04.26 05:58:26.229,12.37059,12.37439,0.00,0.00
2016.04.26 05:58:26.330,12.37068,12.37439,0.00,0.00
2016.04.26 05:58:26.705,12.37059,12.37431,0.00,0.00
2016.04.26 05:58:26.942,12.3706,12.37439,0.00,0.00
2016.04.26 05:58:27.024,12.37068,12.37439,0.00,0.00
2016.04.26 05:58:27.793,12.3707,12.37439,0.00,0.00
2016.04.26 05:58:28.590,12.3707,12.3744,0.00,0.00
2016.04.26 05:58:28.949,12.37059,12.37422,0.00,0.00
2016.04.26 05:58:29.050,12.37059,12.37441,0.00,0.00
2016.04.26 05:58:29.150,12.37069,12.37461,0.00,0.00
2016.04.26 05:58:29.398,12.37069,12.37439,0.00,0.00
2016.04.26 05:58:29.702,12.37079,12.37439,0.00,0.00
2016.04.26 05:58:30.302,12.37079,12.37421,0.00,0.00
2016.04.26 05:58:30.861,12.3708,12.3737,0.00,0.00
2016.04.26 05:58:31.231,12.37259,12.37402,0.00,0.00
2016.04.26 05:58:31.332,12.37259,12.37472,0.00,0.00
2016.04.26 05:58:31.433,12.3726,12.3752,0.00,0.00
2016.04.26 05:58:31.650,12.3719,12.3747,0.00,0.00
2016.04.26 05:58:31.809,12.37169,12.37471,0.00,0.00
2016.04.26 05:58:32.351,12.3717,12.3747,0.00,0.00
2016.04.26 05:58:32.411,12.37179,12.37471,0.00,0.00
2016.04.26 05:58:32.912,12.37189,12.37471,0.00,0.00
2016.04.26 05:58:33.501,12.3719,12.3747,0.00,0.00
2016.04.26 05:58:34.161,12.37189,12.37471,0.00,0.00
2016.04.26 05:58:34.446,12.3718,12.3747,0.00,0.00
2016.04.26 05:58:34.847,12.37169,12.37471,0.00,0.00
2016.04.26 05:58:35.444,12.3717,12.3747,0.00,0.00
2016.04.26 05:58:35.634,12.3716,12.3742,0.00,0.00
2016.04.26 05:58:36.166,12.37159,12.37421,0.00,0.00
2016.04.26 05:58:37.561,12.37159,12.37462,0.00,0.00
2016.04.26 05:58:37.612,12.37159,12.37471,0.00,0.00
2016.04.26 05:58:37.965,12.3717,12.3747,0.00,0.00
2016.04.26 05:58:38.248,12.37159,12.37471,0.00,0.00
2016.04.26 05:58:38.782,12.3716,12.3747,0.00,0.00
2016.04.26 05:58:39.162,12.37169,12.37471,0.00,0.00
2016.04.26 05:58:40.152,12.3717,12.3747,0.00,0.00
2016.04.26 05:58:40.227,12.37159,12.37471,0.00,0.00
2016.04.26 05:58:40.427,12.37169,12.37471,0.00,0.00
2016.04.26 05:58:40.628,12.37159,12.37471,0.00,0.00
2016.04.26 05:58:40.730,12.37159,12.37421,0.00,0.00
2016.04.26 05:58:41.252,12.3716,12.3742,0.00,0.00
2016.04.26 05:58:41.790,12.37159,12.37421,0.00,0.00
2016.04.26 05:58:42.331,12.3716,12.3742,0.00,0.00
2016.04.26 05:58:42.832,12.37159,12.37421,0.00,0.00
2016.04.26 05:58:43.333,12.3716,12.3742,0.00,0.00
2016.04.26 05:58:43.835,12.37159,12.37421,0.00,0.00
2016.04.26 05:58:44.776,12.3716,12.3742,0.00,0.00
2016.04.26 05:58:45.271,12.37159,12.37462,0.00,0.00
2016.04.26 05:58:45.423,12.37159,12.37471,0.00,0.00
2016.04.26 05:58:45.870,12.3716,12.3742,0.00,0.00
2016.04.26 05:58:46.393,12.37159,12.37421,0.00,0.00
2016.04.26 05:58:46.911,12.3716,12.3742,0.00,0.00
2016.04.26 05:58:47.513,12.37159,12.37421,0.00,0.00
2016.04.26 05:58:48.077,12.3716,12.3742,0.00,0.00
2016.04.26 05:58:48.687,12.37159,12.37421,0.00,0.00
2016.04.26 05:58:53.564,12.3716,12.3742,0.00,0.00
2016.04.26 05:58:54.069,12.37159,12.37471,0.00,0.00
2016.04.26 05:58:54.569,12.37159,12.37421,0.00,0.00
2016.04.26 05:58:55.070,12.3716,12.3747,0.00,0.00
2016.04.26 05:58:55.171,12.3717,12.3747,0.00,0.00
2016.04.26 05:58:55.570,12.37159,12.37471,0.00,0.00
2016.04.26 05:58:55.880,12.37159,12.37421,0.00,0.00
2016.04.26 05:58:56.422,12.3716,12.3742,0.00,0.00
2016.04.26 05:58:56.972,12.37159,12.37421,0.00,0.00
2016.04.26 05:58:57.474,12.3716,12.3742,0.00,0.00
2016.04.26 05:58:58.022,12.37159,12.37421,0.00,0.00
2016.04.26 05:58:59.013,12.3716,12.3742,0.00,0.00
2016.04.26 05:58:59.480,12.37139,12.37422,0.00,0.00
2016.04.26 05:59:00.009,12.3714,12.37422,0.00,0.00
2016.04.26 05:59:00.196,12.3709,12.3742,0.00,0.00
2016.04.26 05:59:00.328,12.37089,12.37422,0.00,0.00
2016.04.26 05:59:00.698,12.37059,12.37422,0.00,0.00
2016.04.26 05:59:01.296,12.3706,12.37422,0.00,0.00
2016.04.26 05:59:02.285,12.37059,12.37422,0.00,0.00
2016.04.26 05:59:03.327,12.37059,12.37421,0.00,0.00
2016.04.26 05:59:03.382,12.37059,12.37411,0.00,0.00
2016.04.26 05:59:04.418,12.3706,12.37411,0.00,0.00
2016.04.26 05:59:04.992,12.3706,12.37421,0.00,0.00
2016.04.26 05:59:05.793,12.37059,12.37371,0.00,0.00
2016.04.26 05:59:07.097,12.3706,12.3737,0.00,0.00
2016.04.26 05:59:07.604,12.37059,12.37371,0.00,0.00
2016.04.26 05:59:10.504,12.3706,12.3737,0.00,0.00
2016.04.26 05:59:11.006,12.37059,12.37371,0.00,0.00
2016.04.26 05:59:12.509,12.3706,12.3737,0.00,0.00
2016.04.26 05:59:13.010,12.37059,12.37371,0.00,0.00
2016.04.26 05:59:13.317,12.37069,12.37371,0.00,0.00
2016.04.26 05:59:13.913,12.3707,12.3737,0.00,0.00
2016.04.26 05:59:14.715,12.37069,12.37371,0.00,0.00
2016.04.26 05:59:15.962,12.3706,12.3737,0.00,0.00
2016.04.26 05:59:16.552,12.37059,12.37371,0.00,0.00
2016.04.26 05:59:17.212,12.3706,12.3737,0.00,0.00
2016.04.26 05:59:17.840,12.37059,12.37371,0.00,0.00
2016.04.26 05:59:19.361,12.3706,12.3737,0.00,0.00
2016.04.26 05:59:19.927,12.37059,12.37371,0.00,0.00
2016.04.26 05:59:20.472,12.3708,12.3737,0.00,0.00
2016.04.26 05:59:20.775,12.3709,12.3737,0.00,0.00
2016.04.26 05:59:21.076,12.3715,12.3742,0.00,0.00
2016.04.26 05:59:21.130,12.37128,12.37421,0.00,0.00
2016.04.26 05:59:21.185,12.37119,12.37421,0.00,0.00
2016.04.26 05:59:21.432,12.37159,12.37471,0.00,0.00
2016.04.26 05:59:21.541,12.3717,12.3747,0.00,0.00
2016.04.26 05:59:22.133,12.37169,12.37471,0.00,0.00
2016.04.26 05:59:22.522,12.3718,12.3747,0.00,0.00
2016.04.26 05:59:22.833,12.37189,12.37471,0.00,0.00
2016.04.26 05:59:23.182,12.37199,12.37471,0.00,0.00
2016.04.26 05:59:23.836,12.372,12.3747,0.00,0.00
2016.04.26 05:59:24.883,12.37199,12.37471,0.00,0.00
2016.04.26 05:59:25.239,12.37209,12.37471,0.00,0.00
2016.04.26 05:59:25.873,12.3721,12.3747,0.00,0.00
2016.04.26 05:59:26.572,12.37209,12.37471,0.00,0.00
2016.04.26 05:59:28.346,12.3721,12.3747,0.00,0.00
2016.04.26 05:59:28.897,12.37209,12.37471,0.00,0.00
2016.04.26 05:59:31.353,12.3721,12.3747,0.00,0.00
2016.04.26 05:59:31.555,12.37199,12.37471,0.00,0.00
2016.04.26 05:59:32.152,12.372,12.3747,0.00,0.00
2016.04.26 05:59:32.758,12.37199,12.37471,0.00,0.00
2016.04.26 05:59:33.002,12.37189,12.37471,0.00,0.00
2016.04.26 05:59:33.193,12.37199,12.37471,0.00,0.00
2016.04.26 05:59:33.708,12.37189,12.37471,0.00,0.00
2016.04.26 05:59:34.111,12.3721,12.3747,0.00,0.00
2016.04.26 05:59:35.010,12.37199,12.37471,0.00,0.00
2016.04.26 05:59:35.565,12.372,12.3747,0.00,0.00
2016.04.26 05:59:36.066,12.37199,12.37471,0.00,0.00
2016.04.26 05:59:37.569,12.372,12.3747,0.00,0.00
2016.04.26 05:59:38.271,12.37199,12.37471,0.00,0.00
2016.04.26 05:59:38.774,12.37179,12.37471,0.00,0.00
2016.04.26 05:59:39.273,12.3717,12.3747,0.00,0.00
2016.04.26 05:59:39.793,12.37169,12.37471,0.00,0.00
2016.04.26 05:59:40.784,12.3717,12.3747,0.00,0.00
2016.04.26 05:59:41.879,12.3718,12.3747,0.00,0.00
2016.04.26 05:59:42.614,12.3725,12.37521,0.00,0.00
2016.04.26 05:59:42.665,12.3725,12.3757,0.00,0.00
2016.04.26 05:59:42.716,12.37249,12.37521,0.00,0.00
2016.04.26 05:59:43.582,12.3725,12.3752,0.00,0.00
2016.04.26 05:59:44.139,12.37249,12.37521,0.00,0.00
2016.04.26 05:59:44.399,12.3725,12.3757,0.00,0.00
2016.04.26 05:59:44.500,12.3726,12.3757,0.00,0.00
2016.04.26 05:59:44.701,12.37199,12.37521,0.00,0.00
2016.04.26 05:59:44.802,12.37161,12.3747,0.00,0.00
2016.04.26 05:59:45.061,12.37159,12.37471,0.00,0.00
2016.04.26 05:59:45.399,12.3715,12.3742,0.00,0.00
2016.04.26 05:59:45.502,12.3716,12.3747,0.00,0.00
2016.04.26 05:59:45.603,12.37149,12.37471,0.00,0.00
2016.04.26 05:59:45.704,12.37149,12.37421,0.00,0.00
2016.04.26 05:59:46.689,12.3715,12.3742,0.00,0.00
2016.04.26 05:59:47.322,12.37149,12.37421,0.00,0.00
2016.04.26 05:59:48.096,12.3715,12.3742,0.00,0.00
2016.04.26 05:59:48.707,12.37149,12.37421,0.00,0.00
2016.04.26 05:59:48.931,12.37149,12.37471,0.00,0.00
2016.04.26 05:59:49.033,12.3716,12.3747,0.00,0.00
2016.04.26 05:59:49.345,12.37169,12.37471,0.00,0.00
2016.04.26 05:59:49.868,12.3717,12.3747,0.00,0.00
2016.04.26 05:59:50.197,12.3716,12.3747,0.00,0.00
2016.04.26 05:59:50.298,12.3716,12.37492,0.00,0.00
2016.04.26 05:59:50.349,12.3716,12.3752,0.00,0.00
2016.04.26 05:59:50.999,12.37159,12.37521,0.00,0.00
2016.04.26 05:59:52.603,12.3716,12.3752,0.00,0.00
2016.04.26 05:59:52.653,12.3716,12.37502,0.00,0.00
2016.04.26 05:59:52.754,12.37159,12.37521,0.00,0.00
2016.04.26 05:59:53.373,12.3716,12.3752,0.00,0.00
2016.04.26 05:59:53.622,12.37149,12.37501,0.00,0.00
2016.04.26 05:59:53.926,12.37149,12.37491,0.00,0.00
2016.04.26 05:59:54.128,12.37149,12.37502,0.00,0.00
2016.04.26 05:59:54.257,12.3715,12.3752,0.00,0.00
2016.04.26 05:59:54.429,12.3715,12.37512,0.00,0.00
2016.04.26 05:59:54.658,12.37149,12.37521,0.00,0.00
2016.04.26 05:59:54.759,12.37149,12.37511,0.00,0.00
2016.04.26 05:59:55.062,12.3715,12.37502,0.00,0.00
2016.04.26 05:59:55.308,12.37149,12.37511,0.00,0.00
2016.04.26 05:59:55.808,12.37152,12.37511,0.00,0.00
2016.04.26 05:59:56.111,12.37249,12.37571,0.00,0.00
2016.04.26 05:59:56.612,12.3725,12.3757,0.00,0.00
2016.04.26 05:59:57.916,12.37249,12.37571,0.00,0.00
2016.04.26 05:59:58.417,12.3725,12.3757,0.00,0.00
2016.04.26 05:59:59.011,12.37249,12.37571,0.00,0.00
2016.04.26 05:59:59.621,12.3725,12.3757,0.00,0.00
2016.04.26 05:59:59.972,12.37249,12.37539,0.00,0.00
