2015.01.08 19:00:00.851,12.07799,12.08088,0.00,0.00
2015.01.08 19:00:01.679,12.07744,12.08042,0.00,0.00
2015.01.08 19:00:01.734,12.07688,12.08027,0.00,0.00
2015.01.08 19:00:02.042,12.07688,12.07971,0.00,0.00
2015.01.08 19:00:02.092,12.07669,12.07969,0.00,0.00
2015.01.08 19:00:02.193,12.0759,12.07932,0.00,0.00
2015.01.08 19:00:02.294,12.07589,12.07907,0.00,0.00
2015.01.08 19:00:02.596,12.07539,12.07838,0.00,0.00
2015.01.08 19:00:02.646,12.07511,12.07838,0.00,0.00
2015.01.08 19:00:02.697,12.07511,12.07842,0.00,0.00
2015.01.08 19:00:02.747,12.07538,12.07852,0.00,0.00
2015.01.08 19:00:02.798,12.07538,12.07873,0.00,0.00
2015.01.08 19:00:03.712,12.07529,12.07861,0.00,0.00
2015.01.08 19:00:03.863,12.07495,12.07837,0.00,0.00
2015.01.08 19:00:04.074,12.07495,12.07822,0.00,0.00
2015.01.08 19:00:04.174,12.07399,12.07743,0.00,0.00
2015.01.08 19:00:04.275,12.07384,12.07728,0.00,0.00
2015.01.08 19:00:04.940,12.07384,12.07721,0.00,0.00
2015.01.08 19:00:04.991,12.07365,12.07707,0.00,0.00
2015.01.08 19:00:05.092,12.07339,12.07683,0.00,0.00
2015.01.08 19:00:05.394,12.0732,12.07664,0.00,0.00
2015.01.08 19:00:06.742,12.07319,12.07721,0.00,0.00
2015.01.08 19:00:08.155,12.0729,12.07672,0.00,0.00
2015.01.08 19:00:08.206,12.07279,12.07672,0.00,0.00
2015.01.08 19:00:08.971,12.07279,12.07669,0.00,0.00
2015.01.08 19:00:09.179,12.07268,12.07669,0.00,0.00
2015.01.08 19:00:11.602,12.07268,12.07661,0.00,0.00
2015.01.08 19:00:13.743,12.07268,12.07669,0.00,0.00
2015.01.08 19:00:14.050,12.07268,12.0766,0.00,0.00
2015.01.08 19:00:14.558,12.07268,12.07669,0.00,0.00
2015.01.08 19:00:15.070,12.07268,12.07661,0.00,0.00
2015.01.08 19:00:16.070,12.07268,12.07629,0.00,0.00
2015.01.08 19:00:16.120,12.07179,12.07569,0.00,0.00
2015.01.08 19:00:16.509,12.07219,12.07569,0.00,0.00
2015.01.08 19:00:17.013,12.07219,12.07621,0.00,0.00
2015.01.08 19:00:17.385,12.07268,12.07639,0.00,0.00
2015.01.08 19:00:17.486,12.07219,12.07621,0.00,0.00
2015.01.08 19:00:30.306,12.07219,12.0762,0.00,0.00
2015.01.08 19:00:30.356,12.07182,12.07568,0.00,0.00
2015.01.08 19:00:30.407,12.0718,12.07568,0.00,0.00
2015.01.08 19:00:30.558,12.07218,12.07568,0.00,0.00
2015.01.08 19:00:30.885,12.07232,12.07568,0.00,0.00
2015.01.08 19:00:31.333,12.07232,12.07574,0.00,0.00
2015.01.08 19:00:31.691,12.07244,12.07586,0.00,0.00
2015.01.08 19:00:32.648,12.07229,12.07573,0.00,0.00
2015.01.08 19:00:35.460,12.0725,12.07592,0.00,0.00
2015.01.08 19:00:35.775,12.07268,12.07592,0.00,0.00
2015.01.08 19:00:35.941,12.0725,12.07592,0.00,0.00
2015.01.08 19:00:36.192,12.07212,12.07548,0.00,0.00
2015.01.08 19:00:36.360,12.07204,12.07548,0.00,0.00
2015.01.08 19:00:36.536,12.07219,12.07548,0.00,0.00
2015.01.08 19:00:36.586,12.07223,12.07565,0.00,0.00
2015.01.08 19:00:36.687,12.07244,12.07569,0.00,0.00
2015.01.08 19:00:36.989,12.07271,12.07569,0.00,0.00
2015.01.08 19:00:37.040,12.07271,12.07615,0.00,0.00
2015.01.08 19:00:57.308,12.0727,12.07612,0.00,0.00
2015.01.08 19:00:58.340,12.07218,12.07543,0.00,0.00
2015.01.08 19:00:58.390,12.07199,12.07543,0.00,0.00
2015.01.08 19:01:00.465,12.07169,12.07508,0.00,0.00
2015.01.08 19:01:00.634,12.07176,12.0752,0.00,0.00
2015.01.08 19:01:00.735,12.07135,12.07477,0.00,0.00
2015.01.08 19:01:01.841,12.07119,12.07458,0.00,0.00
2015.01.08 19:01:03.091,12.07102,12.07446,0.00,0.00
2015.01.08 19:01:05.267,12.07074,12.07418,0.00,0.00
2015.01.08 19:01:06.249,12.07096,12.0744,0.00,0.00
2015.01.08 19:01:06.651,12.07076,12.07418,0.00,0.00
2015.01.08 19:01:08.793,12.07103,12.07447,0.00,0.00
2015.01.08 19:01:10.495,12.07081,12.07423,0.00,0.00
2015.01.08 19:01:10.864,12.07092,12.07436,0.00,0.00
2015.01.08 19:01:12.083,12.07069,12.07411,0.00,0.00
2015.01.08 19:01:13.105,12.07078,12.07422,0.00,0.00
2015.01.08 19:01:13.383,12.07091,12.07433,0.00,0.00
2015.01.08 19:01:14.111,12.07103,12.07447,0.00,0.00
2015.01.08 19:01:14.989,12.07118,12.07447,0.00,0.00
2015.01.08 19:01:15.090,12.07155,12.07499,0.00,0.00
2015.01.08 19:01:15.245,12.07169,12.07499,0.00,0.00
2015.01.08 19:01:16.845,12.07182,12.0752,0.00,0.00
2015.01.08 19:01:16.982,12.07182,12.07526,0.00,0.00
2015.01.08 19:01:17.175,12.07169,12.07507,0.00,0.00
2015.01.08 19:01:17.276,12.07183,12.07527,0.00,0.00
2015.01.08 19:01:17.903,12.07172,12.07516,0.00,0.00
2015.01.08 19:01:19.078,12.07184,12.07528,0.00,0.00
2015.01.08 19:01:19.908,12.07173,12.07515,0.00,0.00
2015.01.08 19:01:20.250,12.07219,12.07551,0.00,0.00
2015.01.08 19:01:20.682,12.07219,12.07532,0.00,0.00
2015.01.08 19:01:20.784,12.07219,12.07553,0.00,0.00
2015.01.08 19:01:21.088,12.07219,12.0754,0.00,0.00
2015.01.08 19:01:21.289,12.07174,12.07518,0.00,0.00
2015.01.08 19:01:24.439,12.07186,12.0753,0.00,0.00
2015.01.08 19:01:25.950,12.07118,12.07453,0.00,0.00
2015.01.08 19:01:26.000,12.07068,12.07408,0.00,0.00
2015.01.08 19:01:26.994,12.07064,12.07408,0.00,0.00
2015.01.08 19:01:27.045,12.07011,12.07333,0.00,0.00
2015.01.08 19:01:27.459,12.0697,12.07312,0.00,0.00
2015.01.08 19:01:28.006,12.06981,12.07325,0.00,0.00
2015.01.08 19:01:28.207,12.06969,12.07313,0.00,0.00
2015.01.08 19:01:32.417,12.06959,12.07292,0.00,0.00
2015.01.08 19:01:32.518,12.0695,12.07292,0.00,0.00
2015.01.08 19:01:32.619,12.0693,12.07272,0.00,0.00
2015.01.08 19:01:32.969,12.07068,12.07339,0.00,0.00
2015.01.08 19:01:33.070,12.07008,12.07339,0.00,0.00
2015.01.08 19:01:33.180,12.06995,12.07339,0.00,0.00
2015.01.08 19:01:33.420,12.06984,12.07328,0.00,0.00
2015.01.08 19:01:35.709,12.07009,12.07328,0.00,0.00
2015.01.08 19:01:35.759,12.07009,12.07342,0.00,0.00
2015.01.08 19:01:36.262,12.07068,12.07342,0.00,0.00
2015.01.08 19:01:36.365,12.07068,12.07382,0.00,0.00
2015.01.08 19:01:37.665,12.07068,12.07399,0.00,0.00
2015.01.08 19:01:37.929,12.07073,12.07415,0.00,0.00
2015.01.08 19:01:39.741,12.07073,12.07412,0.00,0.00
2015.01.08 19:01:39.842,12.07039,12.07383,0.00,0.00
2015.01.08 19:01:40.043,12.07014,12.07358,0.00,0.00
2015.01.08 19:01:40.557,12.07028,12.0737,0.00,0.00
2015.01.08 19:01:41.059,12.07069,12.0737,0.00,0.00
2015.01.08 19:01:41.160,12.07069,12.07384,0.00,0.00
2015.01.08 19:01:41.651,12.07069,12.07404,0.00,0.00
2015.01.08 19:01:42.860,12.07034,12.07378,0.00,0.00
2015.01.08 19:01:42.961,12.07014,12.07358,0.00,0.00
2015.01.08 19:01:44.639,12.07068,12.07396,0.00,0.00
2015.01.08 19:01:44.689,12.07052,12.07396,0.00,0.00
2015.01.08 19:01:44.790,12.07025,12.07367,0.00,0.00
2015.01.08 19:01:45.092,12.07119,12.07434,0.00,0.00
2015.01.08 19:01:45.401,12.07169,12.07434,0.00,0.00
2015.01.08 19:01:45.452,12.07191,12.07535,0.00,0.00
2015.01.08 19:01:45.603,12.07218,12.07535,0.00,0.00
2015.01.08 19:01:46.580,12.07218,12.07546,0.00,0.00
2015.01.08 19:01:46.850,12.0722,12.07562,0.00,0.00
2015.01.08 19:01:47.484,12.07268,12.07562,0.00,0.00
2015.01.08 19:01:47.585,12.07268,12.07599,0.00,0.00
2015.01.08 19:01:47.879,12.07255,12.07599,0.00,0.00
2015.01.08 19:01:47.980,12.07226,12.07568,0.00,0.00
2015.01.08 19:01:52.801,12.07218,12.07548,0.00,0.00
2015.01.08 19:01:52.852,12.07204,12.07548,0.00,0.00
2015.01.08 19:01:53.829,12.0719,12.07532,0.00,0.00
2015.01.08 19:01:54.114,12.07125,12.07469,0.00,0.00
2015.01.08 19:01:55.149,12.07168,12.07469,0.00,0.00
2015.01.08 19:01:55.199,12.07168,12.0748,0.00,0.00
2015.01.08 19:01:55.300,12.07168,12.07499,0.00,0.00
2015.01.08 19:01:56.239,12.07218,12.07499,0.00,0.00
2015.01.08 19:01:56.290,12.07218,12.0751,0.00,0.00
2015.01.08 19:01:56.391,12.0722,12.07562,0.00,0.00
2015.01.08 19:01:56.491,12.07268,12.07562,0.00,0.00
2015.01.08 19:01:56.901,12.07268,12.07595,0.00,0.00
2015.01.08 19:01:57.102,12.07268,12.07583,0.00,0.00
2015.01.08 19:01:58.697,12.07219,12.07559,0.00,0.00
2015.01.08 19:02:00.969,12.07268,12.07559,0.00,0.00
2015.01.08 19:02:01.120,12.07268,12.07602,0.00,0.00
2015.01.08 19:02:02.599,12.07329,12.07602,0.00,0.00
2015.01.08 19:02:02.650,12.07329,12.07635,0.00,0.00
2015.01.08 19:02:02.750,12.07368,12.0769,0.00,0.00
2015.01.08 19:02:02.851,12.07368,12.0771,0.00,0.00
2015.01.08 19:02:03.197,12.07419,12.0771,0.00,0.00
2015.01.08 19:02:03.248,12.0744,12.07784,0.00,0.00
2015.01.08 19:02:03.298,12.07459,12.07784,0.00,0.00
2015.01.08 19:02:07.928,12.07508,12.07784,0.00,0.00
2015.01.08 19:02:07.978,12.07569,12.07888,0.00,0.00
2015.01.08 19:02:13.069,12.07569,12.07946,0.00,0.00
2015.01.08 19:02:13.529,12.07668,12.07946,0.00,0.00
2015.01.08 19:02:13.580,12.07668,12.07966,0.00,0.00
2015.01.08 19:02:13.631,12.07619,12.07966,0.00,0.00
2015.01.08 19:02:13.681,12.07619,12.07962,0.00,0.00
2015.01.08 19:02:14.323,12.07668,12.07962,0.00,0.00
2015.01.08 19:02:14.373,12.07668,12.0797,0.00,0.00
2015.01.08 19:02:15.081,12.07669,12.0797,0.00,0.00
2015.01.08 19:02:15.162,12.07618,12.0797,0.00,0.00
2015.01.08 19:02:15.364,12.07618,12.07961,0.00,0.00
2015.01.08 19:02:20.261,12.07569,12.07884,0.00,0.00
2015.01.08 19:02:20.462,12.07514,12.07858,0.00,0.00
2015.01.08 19:02:20.512,12.07479,12.07823,0.00,0.00
2015.01.08 19:02:22.026,12.07465,12.07807,0.00,0.00
2015.01.08 19:02:23.781,12.07476,12.07818,0.00,0.00
2015.01.08 19:02:33.181,12.07476,12.07771,0.00,0.00
2015.01.08 19:02:33.231,12.0745,12.07771,0.00,0.00
2015.01.08 19:02:33.332,12.07384,12.07728,0.00,0.00
2015.01.08 19:02:33.433,12.07368,12.07708,0.00,0.00
2015.01.08 19:02:34.233,12.07418,12.07708,0.00,0.00
2015.01.08 19:02:34.334,12.07418,12.07727,0.00,0.00
2015.01.08 19:02:34.541,12.07418,12.07742,0.00,0.00
2015.01.08 19:02:35.879,12.07418,12.07731,0.00,0.00
2015.01.08 19:02:39.500,12.07418,12.07744,0.00,0.00
2015.01.08 19:02:43.328,12.07418,12.07729,0.00,0.00
2015.01.08 19:02:45.440,12.07418,12.07753,0.00,0.00
2015.01.08 19:02:45.841,12.07435,12.07779,0.00,0.00
2015.01.08 19:02:46.057,12.07418,12.07759,0.00,0.00
2015.01.08 19:02:47.058,12.07415,12.07759,0.00,0.00
2015.01.08 19:02:47.260,12.07383,12.07725,0.00,0.00
2015.01.08 19:02:48.602,12.07372,12.07716,0.00,0.00
2015.01.08 19:02:48.653,12.07343,12.07685,0.00,0.00
2015.01.08 19:02:48.718,12.07323,12.07667,0.00,0.00
2015.01.08 19:02:50.020,12.07334,12.07678,0.00,0.00
2015.01.08 19:02:50.430,12.07346,12.0769,0.00,0.00
2015.01.08 19:02:51.246,12.07334,12.07678,0.00,0.00
2015.01.08 19:02:51.555,12.0732,12.07664,0.00,0.00
2015.01.08 19:02:51.949,12.07319,12.07623,0.00,0.00
2015.01.08 19:02:52.050,12.07269,12.07602,0.00,0.00
2015.01.08 19:02:53.034,12.0728,12.0762,0.00,0.00
2015.01.08 19:02:53.328,12.07269,12.07612,0.00,0.00
2015.01.08 19:02:53.435,12.07269,12.07599,0.00,0.00
2015.01.08 19:02:54.871,12.07284,12.07621,0.00,0.00
2015.01.08 19:02:55.431,12.07271,12.07615,0.00,0.00
2015.01.08 19:02:55.932,12.07283,12.07621,0.00,0.00
2015.01.08 19:02:56.452,12.07283,12.0762,0.00,0.00
2015.01.08 19:02:56.778,12.07318,12.07621,0.00,0.00
2015.01.08 19:02:59.056,12.07458,12.07621,0.00,0.00
2015.01.08 19:02:59.107,12.07458,12.07771,0.00,0.00
2015.01.08 19:03:00.149,12.07458,12.0777,0.00,0.00
2015.01.08 19:03:00.759,12.07458,12.07771,0.00,0.00
2015.01.08 19:03:03.932,12.07458,12.0777,0.00,0.00
2015.01.08 19:03:05.400,12.07458,12.07771,0.00,0.00
2015.01.08 19:03:07.234,12.07458,12.0777,0.00,0.00
2015.01.08 19:03:08.728,12.07458,12.07771,0.00,0.00
2015.01.08 19:03:11.703,12.07549,12.07871,0.00,0.00
2015.01.08 19:03:11.827,12.07569,12.07871,0.00,0.00
2015.01.08 19:03:12.387,12.07569,12.0787,0.00,0.00
2015.01.08 19:03:13.023,12.07585,12.07929,0.00,0.00
2015.01.08 19:03:14.013,12.07569,12.07908,0.00,0.00
2015.01.08 19:03:15.259,12.07569,12.07893,0.00,0.00
2015.01.08 19:03:15.798,12.07536,12.07878,0.00,0.00
2015.01.08 19:03:15.899,12.07516,12.07858,0.00,0.00
2015.01.08 19:03:16.304,12.07526,12.0787,0.00,0.00
2015.01.08 19:03:17.796,12.07515,12.07859,0.00,0.00
2015.01.08 19:03:18.636,12.07526,12.0787,0.00,0.00
2015.01.08 19:03:24.677,12.07526,12.07862,0.00,0.00
2015.01.08 19:03:24.728,12.07459,12.07836,0.00,0.00
2015.01.08 19:03:24.778,12.07458,12.07821,0.00,0.00
2015.01.08 19:03:25.397,12.07458,12.0782,0.00,0.00
2015.01.08 19:03:26.057,12.07458,12.07821,0.00,0.00
2015.01.08 19:03:28.418,12.07458,12.0782,0.00,0.00
2015.01.08 19:03:28.771,12.07458,12.0785,0.00,0.00
2015.01.08 19:03:29.333,12.07458,12.07851,0.00,0.00
2015.01.08 19:03:30.067,12.07465,12.07809,0.00,0.00
2015.01.08 19:03:31.686,12.07465,12.0777,0.00,0.00
2015.01.08 19:03:32.016,12.07458,12.07759,0.00,0.00
2015.01.08 19:03:32.067,12.07458,12.07771,0.00,0.00
2015.01.08 19:03:32.573,12.07458,12.0777,0.00,0.00
2015.01.08 19:03:33.325,12.07458,12.07771,0.00,0.00
2015.01.08 19:03:33.375,12.07458,12.07756,0.00,0.00
2015.01.08 19:03:33.709,12.07458,12.07741,0.00,0.00
2015.01.08 19:03:33.759,12.07458,12.07771,0.00,0.00
2015.01.08 19:03:33.860,12.07483,12.07827,0.00,0.00
2015.01.08 19:03:34.284,12.07465,12.07809,0.00,0.00
2015.01.08 19:03:34.648,12.07484,12.07828,0.00,0.00
2015.01.08 19:03:35.336,12.07511,12.07828,0.00,0.00
2015.01.08 19:03:35.487,12.07568,12.07902,0.00,0.00
2015.01.08 19:03:43.069,12.07558,12.07871,0.00,0.00
2015.01.08 19:03:43.120,12.07546,12.07871,0.00,0.00
2015.01.08 19:03:43.220,12.07511,12.07854,0.00,0.00
2015.01.08 19:03:43.321,12.07508,12.0783,0.00,0.00
2015.01.08 19:03:43.523,12.07508,12.07843,0.00,0.00
2015.01.08 19:03:44.054,12.07508,12.07831,0.00,0.00
2015.01.08 19:03:45.696,12.07568,12.07897,0.00,0.00
2015.01.08 19:03:46.489,12.07568,12.07884,0.00,0.00
2015.01.08 19:03:46.590,12.07568,12.07897,0.00,0.00
2015.01.08 19:03:47.195,12.07568,12.07874,0.00,0.00
2015.01.08 19:03:47.296,12.07568,12.07901,0.00,0.00
2015.01.08 19:03:49.217,12.0753,12.07874,0.00,0.00
2015.01.08 19:03:49.324,12.07568,12.07874,0.00,0.00
2015.01.08 19:03:52.942,12.07568,12.07898,0.00,0.00
2015.01.08 19:03:54.903,12.07568,12.07887,0.00,0.00
2015.01.08 19:03:55.048,12.07568,12.07898,0.00,0.00
2015.01.08 19:03:56.052,12.07556,12.07898,0.00,0.00
2015.01.08 19:03:56.153,12.0752,12.07864,0.00,0.00
2015.01.08 19:03:56.254,12.07508,12.07844,0.00,0.00
2015.01.08 19:03:59.640,12.07511,12.07844,0.00,0.00
2015.01.08 19:03:59.791,12.07519,12.07861,0.00,0.00
2015.01.08 19:03:59.892,12.07548,12.07892,0.00,0.00
2015.01.08 19:03:59.993,12.07568,12.07892,0.00,0.00
2015.01.08 19:04:01.016,12.07568,12.07902,0.00,0.00
2015.01.08 19:04:01.517,12.07568,12.07893,0.00,0.00
2015.01.08 19:04:01.718,12.07571,12.07913,0.00,0.00
2015.01.08 19:04:12.545,12.07568,12.07894,0.00,0.00
2015.01.08 19:04:13.641,12.07469,12.07809,0.00,0.00
2015.01.08 19:04:24.283,12.07485,12.07829,0.00,0.00
2015.01.08 19:04:25.156,12.07469,12.07809,0.00,0.00
2015.01.08 19:04:28.459,12.07488,12.07832,0.00,0.00
2015.01.08 19:04:30.563,12.07469,12.07808,0.00,0.00
2015.01.08 19:04:32.676,12.07489,12.07833,0.00,0.00
2015.01.08 19:04:34.097,12.07519,12.07857,0.00,0.00
2015.01.08 19:04:34.409,12.07568,12.079,0.00,0.00
2015.01.08 19:04:36.274,12.07568,12.07889,0.00,0.00
2015.01.08 19:04:38.892,12.0761,12.07921,0.00,0.00
2015.01.08 19:04:38.993,12.0761,12.07954,0.00,0.00
2015.01.08 19:04:39.044,12.07628,12.07954,0.00,0.00
2015.01.08 19:04:39.378,12.07628,12.07941,0.00,0.00
2015.01.08 19:04:41.679,12.07628,12.07928,0.00,0.00
2015.01.08 19:04:41.830,12.07569,12.07894,0.00,0.00
2015.01.08 19:04:42.121,12.0755,12.07894,0.00,0.00
2015.01.08 19:04:42.322,12.07531,12.07873,0.00,0.00
2015.01.08 19:04:46.771,12.07544,12.07886,0.00,0.00
2015.01.08 19:04:47.014,12.07585,12.07929,0.00,0.00
2015.01.08 19:04:48.067,12.07628,12.07929,0.00,0.00
2015.01.08 19:04:48.117,12.07628,12.07954,0.00,0.00
2015.01.08 19:04:48.495,12.07628,12.07939,0.00,0.00
2015.01.08 19:04:48.798,12.07669,12.07952,0.00,0.00
2015.01.08 19:04:48.849,12.07628,12.07952,0.00,0.00
2015.01.08 19:04:49.006,12.07628,12.07965,0.00,0.00
2015.01.08 19:04:49.297,12.07633,12.07977,0.00,0.00
2015.01.08 19:04:49.398,12.07628,12.07965,0.00,0.00
2015.01.08 19:04:49.727,12.07628,12.07958,0.00,0.00
2015.01.08 19:04:49.827,12.07616,12.07958,0.00,0.00
2015.01.08 19:04:49.928,12.076,12.07944,0.00,0.00
2015.01.08 19:04:50.030,12.07568,12.07909,0.00,0.00
2015.01.08 19:04:50.198,12.07576,12.0792,0.00,0.00
2015.01.08 19:04:50.736,12.07628,12.07933,0.00,0.00
2015.01.08 19:04:50.837,12.07628,12.07969,0.00,0.00
2015.01.08 19:04:51.338,12.07628,12.0797,0.00,0.00
2015.01.08 19:04:53.419,12.07628,12.07959,0.00,0.00
2015.01.08 19:04:53.648,12.07649,12.07993,0.00,0.00
2015.01.08 19:04:54.435,12.07668,12.07993,0.00,0.00
2015.01.08 19:04:54.536,12.07676,12.08018,0.00,0.00
2015.01.08 19:04:56.031,12.0773,12.08018,0.00,0.00
2015.01.08 19:04:56.132,12.07778,12.08088,0.00,0.00
2015.01.08 19:04:56.232,12.07778,12.08114,0.00,0.00
2015.01.08 19:04:57.232,12.07828,12.08133,0.00,0.00
2015.01.08 19:04:57.553,12.07878,12.08164,0.00,0.00
2015.01.08 19:04:57.654,12.07878,12.08209,0.00,0.00
2015.01.08 19:04:57.959,12.07919,12.08223,0.00,0.00
2015.01.08 19:04:58.060,12.07919,12.08234,0.00,0.00
2015.01.08 19:04:58.552,12.07919,12.08256,0.00,0.00
2015.01.08 19:04:58.602,12.0793,12.08256,0.00,0.00
2015.01.08 19:04:58.653,12.07981,12.08323,0.00,0.00
2015.01.08 19:04:59.313,12.08019,12.08323,0.00,0.00
2015.01.08 19:04:59.363,12.08019,12.08327,0.00,0.00
2015.01.08 19:05:00.616,12.08019,12.0832,0.00,0.00
2015.01.08 19:05:01.418,12.08019,12.08337,0.00,0.00
2015.01.08 19:05:02.463,12.08031,12.08373,0.00,0.00
2015.01.08 19:05:02.564,12.08019,12.08359,0.00,0.00
2015.01.08 19:05:03.086,12.08019,12.0836,0.00,0.00
2015.01.08 19:05:03.137,12.08028,12.08372,0.00,0.00
2015.01.08 19:05:03.237,12.08019,12.08359,0.00,0.00
2015.01.08 19:05:04.324,12.08019,12.08411,0.00,0.00
2015.01.08 19:05:05.662,12.08069,12.08461,0.00,0.00
2015.01.08 19:05:06.803,12.07968,12.08362,0.00,0.00
2015.01.08 19:05:06.985,12.08019,12.08368,0.00,0.00
2015.01.08 19:05:07.637,12.08019,12.08411,0.00,0.00
2015.01.08 19:05:07.897,12.08068,12.08439,0.00,0.00
2015.01.08 19:05:08.627,12.08068,12.08444,0.00,0.00
2015.01.08 19:05:13.149,12.08068,12.08461,0.00,0.00
2015.01.08 19:05:21.409,12.08168,12.08461,0.00,0.00
2015.01.08 19:05:21.460,12.08168,12.0849,0.00,0.00
2015.01.08 19:05:21.683,12.08158,12.085,0.00,0.00
2015.01.08 19:05:21.983,12.08175,12.08517,0.00,0.00
2015.01.08 19:05:22.398,12.08218,12.08517,0.00,0.00
2015.01.08 19:05:22.986,12.08218,12.08531,0.00,0.00
2015.01.08 19:05:23.188,12.08278,12.08546,0.00,0.00
2015.01.08 19:05:23.288,12.08218,12.08546,0.00,0.00
2015.01.08 19:05:24.014,12.08279,12.08571,0.00,0.00
2015.01.08 19:05:24.065,12.0823,12.08574,0.00,0.00
2015.01.08 19:05:24.736,12.08257,12.08599,0.00,0.00
2015.01.08 19:05:25.219,12.08278,12.08618,0.00,0.00
2015.01.08 19:05:25.941,12.08278,12.08605,0.00,0.00
2015.01.08 19:05:26.042,12.08261,12.08605,0.00,0.00
2015.01.08 19:05:26.295,12.08229,12.08559,0.00,0.00
2015.01.08 19:05:26.396,12.08169,12.0851,0.00,0.00
2015.01.08 19:05:26.497,12.08166,12.0851,0.00,0.00
2015.01.08 19:05:26.886,12.08166,12.08461,0.00,0.00
2015.01.08 19:05:26.936,12.08147,12.08461,0.00,0.00
2015.01.08 19:05:27.037,12.0813,12.08454,0.00,0.00
2015.01.08 19:05:27.198,12.08129,12.08437,0.00,0.00
2015.01.08 19:05:27.299,12.08134,12.08478,0.00,0.00
2015.01.08 19:05:27.399,12.08153,12.08497,0.00,0.00
2015.01.08 19:05:27.701,12.0821,12.08554,0.00,0.00
2015.01.08 19:05:28.799,12.08232,12.08576,0.00,0.00
2015.01.08 19:05:29.123,12.08218,12.08559,0.00,0.00
2015.01.08 19:05:30.118,12.08278,12.08602,0.00,0.00
2015.01.08 19:05:31.324,12.08278,12.08614,0.00,0.00
2015.01.08 19:05:31.921,12.08278,12.086,0.00,0.00
2015.01.08 19:05:34.642,12.08278,12.0857,0.00,0.00
2015.01.08 19:05:35.651,12.08278,12.08587,0.00,0.00
2015.01.08 19:05:35.955,12.08278,12.08618,0.00,0.00
2015.01.08 19:05:47.993,12.08278,12.08595,0.00,0.00
2015.01.08 19:05:48.422,12.08278,12.08585,0.00,0.00
2015.01.08 19:05:48.489,12.08278,12.08596,0.00,0.00
2015.01.08 19:05:48.590,12.08278,12.08584,0.00,0.00
2015.01.08 19:05:49.989,12.08268,12.08584,0.00,0.00
2015.01.08 19:05:50.353,12.08268,12.086,0.00,0.00
2015.01.08 19:05:51.905,12.08238,12.0858,0.00,0.00
2015.01.08 19:05:54.111,12.08251,12.08595,0.00,0.00
2015.01.08 19:05:58.605,12.08278,12.08595,0.00,0.00
2015.01.08 19:05:58.656,12.08278,12.08607,0.00,0.00
2015.01.08 19:05:58.757,12.08295,12.08637,0.00,0.00
2015.01.08 19:05:59.157,12.08254,12.08598,0.00,0.00
2015.01.08 19:05:59.258,12.08228,12.0857,0.00,0.00
2015.01.08 19:05:59.558,12.08239,12.08583,0.00,0.00
2015.01.08 19:06:00.331,12.08226,12.0857,0.00,0.00
2015.01.08 19:06:04.046,12.08243,12.08585,0.00,0.00
2015.01.08 19:06:04.147,12.0823,12.08574,0.00,0.00
2015.01.08 19:06:04.610,12.08243,12.08585,0.00,0.00
2015.01.08 19:06:05.608,12.08243,12.08561,0.00,0.00
2015.01.08 19:06:05.659,12.08188,12.0853,0.00,0.00
2015.01.08 19:06:06.743,12.08218,12.0856,0.00,0.00
2015.01.08 19:06:07.202,12.08186,12.08528,0.00,0.00
2015.01.08 19:06:07.745,12.08197,12.08541,0.00,0.00
2015.01.08 19:06:07.962,12.08186,12.08528,0.00,0.00
2015.01.08 19:06:11.669,12.08186,12.08522,0.00,0.00
2015.01.08 19:06:11.921,12.08085,12.08427,0.00,0.00
2015.01.08 19:06:14.587,12.08111,12.08455,0.00,0.00
2015.01.08 19:06:14.945,12.08085,12.08427,0.00,0.00
2015.01.08 19:06:15.493,12.08109,12.08453,0.00,0.00
2015.01.08 19:06:15.748,12.08098,12.08442,0.00,0.00
2015.01.08 19:06:16.625,12.08087,12.08429,0.00,0.00
2015.01.08 19:06:17.555,12.0811,12.08452,0.00,0.00
2015.01.08 19:06:17.857,12.08086,12.08428,0.00,0.00
2015.01.08 19:06:18.195,12.08086,12.08412,0.00,0.00
2015.01.08 19:06:18.296,12.08007,12.08351,0.00,0.00
2015.01.08 19:06:18.396,12.07981,12.08312,0.00,0.00
2015.01.08 19:06:18.770,12.07999,12.08312,0.00,0.00
2015.01.08 19:06:19.475,12.07991,12.08312,0.00,0.00
2015.01.08 19:06:19.784,12.0797,12.08312,0.00,0.00
2015.01.08 19:06:19.835,12.0797,12.08271,0.00,0.00
2015.01.08 19:06:19.886,12.07955,12.08271,0.00,0.00
2015.01.08 19:06:19.936,12.07955,12.08269,0.00,0.00
2015.01.08 19:06:20.559,12.07967,12.08269,0.00,0.00
2015.01.08 19:06:20.895,12.07999,12.08312,0.00,0.00
2015.01.08 19:06:22.494,12.07982,12.08312,0.00,0.00
2015.01.08 19:06:22.989,12.07982,12.08268,0.00,0.00
2015.01.08 19:06:23.089,12.07945,12.08268,0.00,0.00
2015.01.08 19:06:24.552,12.07989,12.08312,0.00,0.00
2015.01.08 19:06:27.021,12.08005,12.08312,0.00,0.00
2015.01.08 19:06:27.071,12.08005,12.08347,0.00,0.00
2015.01.08 19:06:28.580,12.08005,12.08298,0.00,0.00
2015.01.08 19:06:28.631,12.07966,12.08271,0.00,0.00
2015.01.08 19:06:28.681,12.07966,12.08198,0.00,0.00
2015.01.08 19:06:28.732,12.0786,12.0817,0.00,0.00
2015.01.08 19:06:28.835,12.07784,12.08128,0.00,0.00
2015.01.08 19:06:29.013,12.07797,12.08139,0.00,0.00
2015.01.08 19:06:29.220,12.0778,12.08124,0.00,0.00
2015.01.08 19:06:29.270,12.0778,12.08111,0.00,0.00
2015.01.08 19:06:29.321,12.0777,12.08111,0.00,0.00
2015.01.08 19:06:29.960,12.07758,12.08102,0.00,0.00
2015.01.08 19:06:30.010,12.07775,12.08111,0.00,0.00
2015.01.08 19:06:30.340,12.07759,12.08103,0.00,0.00
2015.01.08 19:06:30.644,12.07775,12.08111,0.00,0.00
2015.01.08 19:06:32.912,12.07763,12.08105,0.00,0.00
2015.01.08 19:06:33.599,12.07804,12.08148,0.00,0.00
2015.01.08 19:06:33.827,12.07825,12.08167,0.00,0.00
2015.01.08 19:06:34.215,12.07798,12.08142,0.00,0.00
2015.01.08 19:06:34.421,12.07872,12.08168,0.00,0.00
2015.01.08 19:06:34.472,12.07878,12.08189,0.00,0.00
2015.01.08 19:06:34.572,12.07878,12.08214,0.00,0.00
2015.01.08 19:06:34.623,12.0789,12.08234,0.00,0.00
2015.01.08 19:06:37.445,12.07878,12.08153,0.00,0.00
2015.01.08 19:06:38.602,12.07789,12.08111,0.00,0.00
2015.01.08 19:06:38.924,12.07771,12.08111,0.00,0.00
2015.01.08 19:06:39.156,12.07783,12.08111,0.00,0.00
2015.01.08 19:06:39.485,12.07783,12.08068,0.00,0.00
2015.01.08 19:06:39.535,12.0773,12.0805,0.00,0.00
2015.01.08 19:06:39.586,12.07708,12.0805,0.00,0.00
2015.01.08 19:06:41.061,12.07688,12.08032,0.00,0.00
2015.01.08 19:06:41.162,12.07708,12.0805,0.00,0.00
2015.01.08 19:06:42.471,12.07683,12.08025,0.00,0.00
2015.01.08 19:06:47.875,12.07705,12.08049,0.00,0.00
2015.01.08 19:06:48.089,12.07677,12.07962,0.00,0.00
2015.01.08 19:06:48.190,12.07638,12.07962,0.00,0.00
2015.01.08 19:06:48.866,12.07625,12.07962,0.00,0.00
2015.01.08 19:06:50.502,12.07604,12.07948,0.00,0.00
2015.01.08 19:06:57.854,12.07629,12.07948,0.00,0.00
2015.01.08 19:06:57.905,12.07664,12.08008,0.00,0.00
2015.01.08 19:06:58.006,12.07684,12.08021,0.00,0.00
2015.01.08 19:06:59.032,12.07709,12.08021,0.00,0.00
2015.01.08 19:06:59.082,12.07709,12.08051,0.00,0.00
2015.01.08 19:07:04.109,12.07687,12.08029,0.00,0.00
2015.01.08 19:07:04.943,12.07699,12.08041,0.00,0.00
2015.01.08 19:07:06.615,12.07709,12.08053,0.00,0.00
2015.01.08 19:07:09.205,12.07709,12.08038,0.00,0.00
2015.01.08 19:07:09.256,12.07683,12.08025,0.00,0.00
2015.01.08 19:07:09.306,12.07683,12.08022,0.00,0.00
2015.01.08 19:07:09.356,12.07667,12.08011,0.00,0.00
2015.01.08 19:07:09.409,12.07667,12.07962,0.00,0.00
2015.01.08 19:07:09.459,12.07627,12.07962,0.00,0.00
2015.01.08 19:07:14.335,12.07599,12.07943,0.00,0.00
2015.01.08 19:07:27.101,12.07599,12.07921,0.00,0.00
2015.01.08 19:07:27.202,12.07554,12.07898,0.00,0.00
2015.01.08 19:07:27.253,12.07554,12.07861,0.00,0.00
2015.01.08 19:07:27.557,12.07542,12.07861,0.00,0.00
2015.01.08 19:07:27.760,12.0753,12.07861,0.00,0.00
2015.01.08 19:07:31.260,12.07518,12.07861,0.00,0.00
2015.01.08 19:07:33.952,12.07574,12.07912,0.00,0.00
2015.01.08 19:07:34.366,12.07561,12.07905,0.00,0.00
2015.01.08 19:07:34.668,12.07575,12.07912,0.00,0.00
2015.01.08 19:07:38.978,12.076,12.07912,0.00,0.00
2015.01.08 19:07:39.029,12.076,12.07938,0.00,0.00
2015.01.08 19:07:39.252,12.076,12.07942,0.00,0.00
2015.01.08 19:07:44.418,12.0765,12.07992,0.00,0.00
2015.01.08 19:07:46.297,12.07605,12.07949,0.00,0.00
2015.01.08 19:07:46.474,12.07605,12.07912,0.00,0.00
2015.01.08 19:07:46.525,12.07582,12.07912,0.00,0.00
2015.01.08 19:07:50.353,12.07582,12.07869,0.00,0.00
2015.01.08 19:07:50.454,12.07535,12.07861,0.00,0.00
2015.01.08 19:07:51.732,12.07559,12.07861,0.00,0.00
2015.01.08 19:07:51.782,12.07568,12.07903,0.00,0.00
2015.01.08 19:07:51.933,12.07589,12.07933,0.00,0.00
2015.01.08 19:07:52.647,12.0761,12.07952,0.00,0.00
2015.01.08 19:07:55.241,12.07634,12.07962,0.00,0.00
2015.01.08 19:07:55.292,12.07634,12.07978,0.00,0.00
2015.01.08 19:07:55.342,12.07689,12.08021,0.00,0.00
2015.01.08 19:07:55.392,12.07689,12.08033,0.00,0.00
2015.01.08 19:07:55.443,12.0771,12.08039,0.00,0.00
2015.01.08 19:07:55.643,12.07699,12.08039,0.00,0.00
2015.01.08 19:07:56.045,12.07677,12.08019,0.00,0.00
2015.01.08 19:07:56.351,12.07666,12.08008,0.00,0.00
2015.01.08 19:07:57.373,12.07666,12.07968,0.00,0.00
2015.01.08 19:07:57.481,12.0763,12.07962,0.00,0.00
2015.01.08 19:07:58.246,12.07618,12.0796,0.00,0.00
2015.01.08 19:07:58.972,12.07628,12.07962,0.00,0.00
2015.01.08 19:07:59.073,12.07616,12.0796,0.00,0.00
2015.01.08 19:07:59.683,12.07629,12.07962,0.00,0.00
2015.01.08 19:08:00.573,12.07616,12.0796,0.00,0.00
2015.01.08 19:08:02.238,12.07579,12.07888,0.00,0.00
2015.01.08 19:08:02.289,12.07544,12.07861,0.00,0.00
2015.01.08 19:08:06.800,12.07524,12.07861,0.00,0.00
2015.01.08 19:08:18.712,12.07507,12.07851,0.00,0.00
2015.01.08 19:08:19.438,12.07525,12.07861,0.00,0.00
2015.01.08 19:08:30.755,12.0751,12.07852,0.00,0.00
2015.01.08 19:08:32.133,12.07512,12.07852,0.00,0.00
2015.01.08 19:08:32.435,12.07668,12.07968,0.00,0.00
2015.01.08 19:08:32.886,12.07709,12.07968,0.00,0.00
2015.01.08 19:08:32.937,12.07709,12.08053,0.00,0.00
2015.01.08 19:08:44.784,12.07709,12.08038,0.00,0.00
2015.01.08 19:08:44.834,12.07691,12.08033,0.00,0.00
2015.01.08 19:08:44.956,12.07691,12.08021,0.00,0.00
2015.01.08 19:08:45.007,12.0768,12.08021,0.00,0.00
2015.01.08 19:08:47.202,12.0768,12.07969,0.00,0.00
2015.01.08 19:08:47.253,12.07634,12.07962,0.00,0.00
2015.01.08 19:08:52.935,12.07619,12.07962,0.00,0.00
2015.01.08 19:08:53.036,12.07634,12.07962,0.00,0.00
2015.01.08 19:08:54.738,12.07568,12.07886,0.00,0.00
2015.01.08 19:08:54.920,12.07542,12.07862,0.00,0.00
2015.01.08 19:08:54.971,12.07526,12.07862,0.00,0.00
2015.01.08 19:08:56.859,12.07508,12.07852,0.00,0.00
2015.01.08 19:09:03.273,12.07519,12.07852,0.00,0.00
2015.01.08 19:09:03.596,12.07609,12.07939,0.00,0.00
2015.01.08 19:09:04.333,12.07609,12.07953,0.00,0.00
2015.01.08 19:09:04.501,12.07589,12.07933,0.00,0.00
2015.01.08 19:09:05.300,12.07609,12.07953,0.00,0.00
2015.01.08 19:09:11.162,12.07609,12.07868,0.00,0.00
2015.01.08 19:09:11.212,12.07549,12.07861,0.00,0.00
2015.01.08 19:09:13.174,12.07537,12.07861,0.00,0.00
2015.01.08 19:09:18.062,12.07522,12.07861,0.00,0.00
2015.01.08 19:09:19.024,12.07522,12.07812,0.00,0.00
2015.01.08 19:09:19.124,12.0744,12.07772,0.00,0.00
2015.01.08 19:09:19.225,12.07429,12.07771,0.00,0.00
2015.01.08 19:09:19.926,12.0744,12.07772,0.00,0.00
2015.01.08 19:09:20.232,12.0744,12.07769,0.00,0.00
2015.01.08 19:09:20.433,12.07424,12.07768,0.00,0.00
2015.01.08 19:09:35.132,12.07424,12.07669,0.00,0.00
2015.01.08 19:09:35.182,12.07413,12.07669,0.00,0.00
2015.01.08 19:09:35.283,12.07325,12.07667,0.00,0.00
2015.01.08 19:09:35.442,12.07301,12.07645,0.00,0.00
2015.01.08 19:09:39.028,12.07301,12.07621,0.00,0.00
2015.01.08 19:09:39.078,12.07283,12.07621,0.00,0.00
2015.01.08 19:09:40.064,12.07283,12.0762,0.00,0.00
2015.01.08 19:09:41.323,12.07283,12.07621,0.00,0.00
2015.01.08 19:09:41.376,12.07261,12.07605,0.00,0.00
2015.01.08 19:09:42.112,12.07261,12.0757,0.00,0.00
2015.01.08 19:09:42.263,12.07184,12.07522,0.00,0.00
2015.01.08 19:09:44.826,12.07184,12.0752,0.00,0.00
2015.01.08 19:09:45.280,12.07145,12.07461,0.00,0.00
2015.01.08 19:09:45.381,12.07129,12.07461,0.00,0.00
2015.01.08 19:09:47.630,12.07129,12.07469,0.00,0.00
2015.01.08 19:09:47.681,12.07185,12.07521,0.00,0.00
2015.01.08 19:09:47.871,12.0717,12.07512,0.00,0.00
2015.01.08 19:09:53.401,12.0715,12.07492,0.00,0.00
2015.01.08 19:09:55.570,12.07185,12.0752,0.00,0.00
2015.01.08 19:09:58.899,12.07185,12.07521,0.00,0.00
2015.01.08 19:10:01.852,12.07185,12.0752,0.00,0.00
2015.01.08 19:10:01.902,12.07169,12.07513,0.00,0.00
2015.01.08 19:10:02.057,12.07169,12.07461,0.00,0.00
2015.01.08 19:10:02.108,12.0714,12.07461,0.00,0.00
2015.01.08 19:10:02.824,12.07124,12.07461,0.00,0.00
2015.01.08 19:10:14.773,12.07128,12.07468,0.00,0.00
2015.01.08 19:10:14.824,12.0713,12.07468,0.00,0.00
2015.01.08 19:10:14.874,12.0714,12.07482,0.00,0.00
2015.01.08 19:10:14.925,12.07168,12.07482,0.00,0.00
2015.01.08 19:10:15.312,12.07185,12.07521,0.00,0.00
2015.01.08 19:10:16.276,12.07168,12.07512,0.00,0.00
2015.01.08 19:10:17.033,12.07157,12.07501,0.00,0.00
2015.01.08 19:10:20.052,12.07168,12.07501,0.00,0.00
2015.01.08 19:10:22.164,12.07169,12.07513,0.00,0.00
2015.01.08 19:10:22.274,12.07184,12.0752,0.00,0.00
2015.01.08 19:10:23.587,12.07184,12.07521,0.00,0.00
2015.01.08 19:10:24.147,12.07284,12.07621,0.00,0.00
2015.01.08 19:10:24.783,12.0733,12.07628,0.00,0.00
2015.01.08 19:10:25.105,12.07409,12.07669,0.00,0.00
2015.01.08 19:10:25.402,12.07409,12.07753,0.00,0.00
2015.01.08 19:10:26.344,12.07396,12.0774,0.00,0.00
2015.01.08 19:10:27.065,12.07408,12.07752,0.00,0.00
2015.01.08 19:10:29.792,12.0743,12.07752,0.00,0.00
2015.01.08 19:10:29.842,12.07509,12.07838,0.00,0.00
2015.01.08 19:10:30.064,12.07509,12.07811,0.00,0.00
2015.01.08 19:10:30.164,12.07461,12.07805,0.00,0.00
2015.01.08 19:10:30.365,12.07442,12.07784,0.00,0.00
2015.01.08 19:10:30.759,12.07454,12.07796,0.00,0.00
2015.01.08 19:10:33.253,12.07469,12.07796,0.00,0.00
2015.01.08 19:10:33.303,12.07509,12.07838,0.00,0.00
2015.01.08 19:10:33.583,12.07509,12.07853,0.00,0.00
2015.01.08 19:10:35.765,12.07469,12.07861,0.00,0.00
2015.01.08 19:10:37.830,12.0743,12.07771,0.00,0.00
2015.01.08 19:10:37.881,12.07395,12.07769,0.00,0.00
2015.01.08 19:10:38.873,12.07347,12.07721,0.00,0.00
2015.01.08 19:10:39.208,12.07392,12.07721,0.00,0.00
2015.01.08 19:10:40.980,12.07334,12.07668,0.00,0.00
2015.01.08 19:10:43.219,12.07344,12.07668,0.00,0.00
2015.01.08 19:10:43.320,12.07333,12.07668,0.00,0.00
2015.01.08 19:10:45.400,12.07331,12.07668,0.00,0.00
2015.01.08 19:10:45.776,12.07345,12.07668,0.00,0.00
2015.01.08 19:10:46.010,12.07331,12.07668,0.00,0.00
2015.01.08 19:10:48.084,12.07302,12.07644,0.00,0.00
2015.01.08 19:10:57.002,12.07354,12.07672,0.00,0.00
2015.01.08 19:10:57.052,12.07354,12.07698,0.00,0.00
2015.01.08 19:10:57.103,12.07375,12.07717,0.00,0.00
2015.01.08 19:11:00.134,12.07409,12.07753,0.00,0.00
2015.01.08 19:11:07.124,12.07434,12.07769,0.00,0.00
2015.01.08 19:11:07.174,12.07434,12.07778,0.00,0.00
2015.01.08 19:11:07.225,12.07484,12.07811,0.00,0.00
2015.01.08 19:11:07.275,12.07484,12.07828,0.00,0.00
2015.01.08 19:11:07.326,12.07524,12.07862,0.00,0.00
2015.01.08 19:11:08.933,12.07499,12.07811,0.00,0.00
2015.01.08 19:11:09.034,12.07484,12.07811,0.00,0.00
2015.01.08 19:11:09.135,12.07459,12.07803,0.00,0.00
2015.01.08 19:11:10.442,12.07484,12.07828,0.00,0.00
2015.01.08 19:11:11.817,12.0751,12.07852,0.00,0.00
2015.01.08 19:11:12.663,12.0751,12.07812,0.00,0.00
2015.01.08 19:11:12.763,12.07497,12.07812,0.00,0.00
2015.01.08 19:11:12.864,12.07481,12.07812,0.00,0.00
2015.01.08 19:11:25.778,12.0747,12.07812,0.00,0.00
2015.01.08 19:11:28.856,12.07484,12.07828,0.00,0.00
2015.01.08 19:11:30.546,12.07485,12.07827,0.00,0.00
2015.01.08 19:11:30.596,12.07485,12.07812,0.00,0.00
2015.01.08 19:11:30.647,12.07423,12.07765,0.00,0.00
2015.01.08 19:11:31.365,12.07389,12.07733,0.00,0.00
2015.01.08 19:11:31.491,12.07389,12.07722,0.00,0.00
2015.01.08 19:11:32.322,12.07389,12.07733,0.00,0.00
2015.01.08 19:11:32.373,12.07379,12.07717,0.00,0.00
2015.01.08 19:11:32.543,12.07373,12.07717,0.00,0.00
2015.01.08 19:11:38.974,12.07363,12.07705,0.00,0.00
2015.01.08 19:11:45.968,12.07363,12.07669,0.00,0.00
2015.01.08 19:11:46.018,12.07344,12.07669,0.00,0.00
2015.01.08 19:11:46.119,12.0732,12.07664,0.00,0.00
2015.01.08 19:11:52.587,12.07301,12.07643,0.00,0.00
2015.01.08 19:11:56.491,12.07319,12.07663,0.00,0.00
2015.01.08 19:11:57.202,12.07303,12.07647,0.00,0.00
2015.01.08 19:11:59.597,12.07315,12.07657,0.00,0.00
2015.01.08 19:12:02.189,12.0736,12.07702,0.00,0.00
2015.01.08 19:12:07.080,12.07379,12.07702,0.00,0.00
2015.01.08 19:12:07.230,12.07374,12.07718,0.00,0.00
2015.01.08 19:12:19.940,12.07364,12.07706,0.00,0.00
2015.01.08 19:12:21.253,12.07353,12.07697,0.00,0.00
2015.01.08 19:12:21.303,12.07378,12.07697,0.00,0.00
2015.01.08 19:12:21.404,12.0732,12.07664,0.00,0.00
2015.01.08 19:12:21.583,12.07312,12.07648,0.00,0.00
2015.01.08 19:12:21.929,12.07306,12.07648,0.00,0.00
2015.01.08 19:12:39.384,12.07266,12.0761,0.00,0.00
2015.01.08 19:12:40.868,12.07255,12.07599,0.00,0.00
2015.01.08 19:12:42.059,12.07255,12.07561,0.00,0.00
2015.01.08 19:12:42.110,12.07239,12.07561,0.00,0.00
2015.01.08 19:12:42.210,12.07223,12.07561,0.00,0.00
2015.01.08 19:12:49.961,12.07109,12.07453,0.00,0.00
2015.01.08 19:13:09.325,12.07167,12.07461,0.00,0.00
2015.01.08 19:13:09.476,12.07187,12.0752,0.00,0.00
2015.01.08 19:13:10.049,12.07187,12.07531,0.00,0.00
2015.01.08 19:13:10.109,12.07219,12.07531,0.00,0.00
2015.01.08 19:13:10.159,12.07238,12.0758,0.00,0.00
2015.01.08 19:13:12.565,12.07279,12.076,0.00,0.00
2015.01.08 19:13:12.666,12.07258,12.076,0.00,0.00
2015.01.08 19:13:13.842,12.07245,12.07587,0.00,0.00
2015.01.08 19:13:16.048,12.07245,12.07562,0.00,0.00
2015.01.08 19:13:16.149,12.07229,12.07562,0.00,0.00
2015.01.08 19:13:21.571,12.07195,12.07521,0.00,0.00
2015.01.08 19:13:22.341,12.07195,12.07461,0.00,0.00
2015.01.08 19:13:22.392,12.07181,12.07461,0.00,0.00
2015.01.08 19:13:22.492,12.07133,12.07461,0.00,0.00
2015.01.08 19:13:25.400,12.07133,12.07469,0.00,0.00
2015.01.08 19:13:26.491,12.07188,12.07469,0.00,0.00
2015.01.08 19:13:26.542,12.07188,12.07521,0.00,0.00
2015.01.08 19:13:30.597,12.07188,12.0752,0.00,0.00
2015.01.08 19:13:31.749,12.07188,12.0753,0.00,0.00
2015.01.08 19:13:31.799,12.07218,12.0753,0.00,0.00
2015.01.08 19:13:31.849,12.07262,12.07606,0.00,0.00
2015.01.08 19:13:31.900,12.07278,12.07606,0.00,0.00
2015.01.08 19:13:40.604,12.07212,12.07556,0.00,0.00
2015.01.08 19:13:40.655,12.07198,12.07542,0.00,0.00
2015.01.08 19:13:41.047,12.07211,12.07553,0.00,0.00
2015.01.08 19:13:43.053,12.07197,12.07541,0.00,0.00
2015.01.08 19:13:43.154,12.07197,12.0752,0.00,0.00
2015.01.08 19:13:43.204,12.07169,12.07501,0.00,0.00
2015.01.08 19:13:43.255,12.07159,12.07501,0.00,0.00
2015.01.08 19:13:43.978,12.07129,12.07471,0.00,0.00
2015.01.08 19:13:44.522,12.07129,12.07462,0.00,0.00
2015.01.08 19:13:45.193,12.07103,12.07447,0.00,0.00
2015.01.08 19:13:46.706,12.07123,12.07462,0.00,0.00
2015.01.08 19:13:49.615,12.07103,12.07447,0.00,0.00
2015.01.08 19:14:00.919,12.07129,12.07447,0.00,0.00
2015.01.08 19:14:00.971,12.07188,12.0752,0.00,0.00
2015.01.08 19:14:02.808,12.07188,12.07521,0.00,0.00
2015.01.08 19:14:03.722,12.07218,12.07521,0.00,0.00
2015.01.08 19:14:03.773,12.07238,12.0758,0.00,0.00
2015.01.08 19:14:04.558,12.07238,12.07561,0.00,0.00
2015.01.08 19:14:04.699,12.07222,12.07561,0.00,0.00
2015.01.08 19:14:04.799,12.07237,12.07568,0.00,0.00
2015.01.08 19:14:05.797,12.07237,12.07581,0.00,0.00
2015.01.08 19:14:08.847,12.07237,12.07561,0.00,0.00
2015.01.08 19:14:08.898,12.07221,12.07561,0.00,0.00
2015.01.08 19:14:10.874,12.07221,12.07565,0.00,0.00
2015.01.08 19:14:10.925,12.07237,12.07581,0.00,0.00
2015.01.08 19:14:14.909,12.07225,12.07561,0.00,0.00
2015.01.08 19:14:16.494,12.07214,12.07558,0.00,0.00
2015.01.08 19:14:17.997,12.07214,12.07556,0.00,0.00
2015.01.08 19:14:19.902,12.07197,12.07541,0.00,0.00
2015.01.08 19:14:23.713,12.07217,12.07561,0.00,0.00
2015.01.08 19:14:30.461,12.07195,12.07539,0.00,0.00
2015.01.08 19:14:33.071,12.07184,12.07528,0.00,0.00
2015.01.08 19:14:33.433,12.07143,12.07462,0.00,0.00
2015.01.08 19:14:33.649,12.07132,12.07462,0.00,0.00
2015.01.08 19:14:34.191,12.07142,12.07462,0.00,0.00
2015.01.08 19:14:34.392,12.07123,12.07462,0.00,0.00
2015.01.08 19:14:35.195,12.07111,12.07453,0.00,0.00
2015.01.08 19:14:37.023,12.07111,12.07411,0.00,0.00
2015.01.08 19:14:37.124,12.0709,12.07411,0.00,0.00
2015.01.08 19:14:37.225,12.07037,12.07379,0.00,0.00
2015.01.08 19:14:37.276,12.07037,12.07362,0.00,0.00
2015.01.08 19:14:37.829,12.0699,12.07321,0.00,0.00
2015.01.08 19:14:39.109,12.0699,12.0732,0.00,0.00
2015.01.08 19:14:39.614,12.0699,12.07321,0.00,0.00
2015.01.08 19:14:40.417,12.07018,12.07321,0.00,0.00
2015.01.08 19:14:40.467,12.07018,12.07334,0.00,0.00
2015.01.08 19:14:40.518,12.07038,12.0738,0.00,0.00
2015.01.08 19:14:40.619,12.07087,12.07412,0.00,0.00
2015.01.08 19:14:40.669,12.07087,12.07421,0.00,0.00
2015.01.08 19:14:40.719,12.07069,12.07391,0.00,0.00
2015.01.08 19:14:40.820,12.07023,12.07362,0.00,0.00
2015.01.08 19:14:42.712,12.0701,12.07354,0.00,0.00
2015.01.08 19:14:44.124,12.07038,12.07362,0.00,0.00
2015.01.08 19:14:44.175,12.07038,12.07368,0.00,0.00
2015.01.08 19:14:44.328,12.07038,12.0738,0.00,0.00
2015.01.08 19:14:45.436,12.07038,12.07369,0.00,0.00
2015.01.08 19:14:45.767,12.07038,12.07361,0.00,0.00
2015.01.08 19:14:46.577,12.07038,12.07369,0.00,0.00
2015.01.08 19:14:46.628,12.07038,12.0738,0.00,0.00
2015.01.08 19:14:47.942,12.07023,12.07362,0.00,0.00
2015.01.08 19:14:48.020,12.07011,12.07355,0.00,0.00
2015.01.08 19:14:55.312,12.07011,12.07311,0.00,0.00
2015.01.08 19:14:55.362,12.06994,12.07311,0.00,0.00
2015.01.08 19:14:55.467,12.06969,12.07311,0.00,0.00
2015.01.08 19:14:55.574,12.06948,12.0729,0.00,0.00
2015.01.08 19:14:56.276,12.06934,12.07278,0.00,0.00
2015.01.08 19:14:57.357,12.06934,12.07272,0.00,0.00
2015.01.08 19:14:57.457,12.06924,12.07268,0.00,0.00
2015.01.08 19:14:57.558,12.06913,12.07257,0.00,0.00
2015.01.08 19:14:59.623,12.06927,12.07269,0.00,0.00
2015.01.08 19:15:00.658,12.06911,12.07253,0.00,0.00
2015.01.08 19:15:02.353,12.06911,12.0722,0.00,0.00
2015.01.08 19:15:02.454,12.06887,12.0722,0.00,0.00
2015.01.08 19:15:04.532,12.06887,12.07221,0.00,0.00
2015.01.08 19:15:05.511,12.06887,12.0722,0.00,0.00
2015.01.08 19:15:06.554,12.06887,12.07221,0.00,0.00
2015.01.08 19:15:06.784,12.06878,12.07215,0.00,0.00
2015.01.08 19:15:08.456,12.06917,12.07221,0.00,0.00
2015.01.08 19:15:08.506,12.06917,12.07261,0.00,0.00
2015.01.08 19:15:08.556,12.06968,12.07272,0.00,0.00
2015.01.08 19:15:08.607,12.06968,12.0731,0.00,0.00
2015.01.08 19:15:08.981,12.06969,12.07291,0.00,0.00
2015.01.08 19:15:09.392,12.06969,12.07305,0.00,0.00
2015.01.08 19:15:10.664,12.06963,12.07305,0.00,0.00
2015.01.08 19:15:10.714,12.06947,12.07272,0.00,0.00
2015.01.08 19:15:10.764,12.06933,12.07272,0.00,0.00
2015.01.08 19:15:11.567,12.06933,12.07268,0.00,0.00
2015.01.08 19:15:12.683,12.06933,12.07275,0.00,0.00
2015.01.08 19:15:18.550,12.06933,12.07271,0.00,0.00
2015.01.08 19:15:18.898,12.06874,12.07216,0.00,0.00
2015.01.08 19:15:20.373,12.06853,12.07197,0.00,0.00
2015.01.08 19:15:20.484,12.06838,12.07168,0.00,0.00
2015.01.08 19:15:21.475,12.06814,12.07156,0.00,0.00
2015.01.08 19:15:22.243,12.06814,12.07138,0.00,0.00
2015.01.08 19:15:22.293,12.06778,12.0712,0.00,0.00
2015.01.08 19:15:22.344,12.06778,12.07112,0.00,0.00
2015.01.08 19:15:22.394,12.06763,12.07107,0.00,0.00
2015.01.08 19:15:22.495,12.06733,12.07077,0.00,0.00
2015.01.08 19:15:22.842,12.06733,12.07062,0.00,0.00
2015.01.08 19:15:25.435,12.06733,12.0702,0.00,0.00
2015.01.08 19:15:25.588,12.06699,12.07021,0.00,0.00
2015.01.08 19:15:25.638,12.06878,12.07021,0.00,0.00
2015.01.08 19:15:25.689,12.06878,12.07132,0.00,0.00
2015.01.08 19:15:25.740,12.06829,12.07132,0.00,0.00
2015.01.08 19:15:25.891,12.06828,12.07172,0.00,0.00
2015.01.08 19:15:26.472,12.06829,12.07172,0.00,0.00
2015.01.08 19:15:28.118,12.06829,12.07169,0.00,0.00
2015.01.08 19:15:28.833,12.06828,12.07169,0.00,0.00
2015.01.08 19:15:29.058,12.06828,12.07171,0.00,0.00
2015.01.08 19:15:29.680,12.06828,12.07172,0.00,0.00
2015.01.08 19:15:29.792,12.06818,12.07162,0.00,0.00
2015.01.08 19:15:30.108,12.06878,12.07207,0.00,0.00
2015.01.08 19:15:30.389,12.06863,12.07207,0.00,0.00
2015.01.08 19:15:30.440,12.06878,12.07221,0.00,0.00
2015.01.08 19:15:32.494,12.06878,12.0722,0.00,0.00
2015.01.08 19:15:33.709,12.06878,12.07221,0.00,0.00
2015.01.08 19:15:34.317,12.06878,12.0722,0.00,0.00
2015.01.08 19:15:39.172,12.06878,12.07221,0.00,0.00
2015.01.08 19:15:42.829,12.06878,12.0722,0.00,0.00
2015.01.08 19:15:45.094,12.06878,12.07221,0.00,0.00
2015.01.08 19:15:48.424,12.06878,12.0722,0.00,0.00
2015.01.08 19:15:50.355,12.06878,12.07221,0.00,0.00
2015.01.08 19:15:51.334,12.06888,12.07221,0.00,0.00
2015.01.08 19:15:51.680,12.06863,12.07207,0.00,0.00
2015.01.08 19:15:51.735,12.06838,12.07182,0.00,0.00
2015.01.08 19:15:52.077,12.06878,12.07182,0.00,0.00
2015.01.08 19:15:52.178,12.06878,12.07216,0.00,0.00
2015.01.08 19:15:52.930,12.06874,12.07216,0.00,0.00
2015.01.08 19:15:53.031,12.06858,12.07202,0.00,0.00
2015.01.08 19:15:53.179,12.06838,12.07182,0.00,0.00
2015.01.08 19:15:56.985,12.06838,12.07172,0.00,0.00
2015.01.08 19:15:57.085,12.06823,12.07167,0.00,0.00
2015.01.08 19:15:57.666,12.06829,12.07167,0.00,0.00
2015.01.08 19:15:57.987,12.06853,12.07171,0.00,0.00
2015.01.08 19:16:00.214,12.06878,12.07211,0.00,0.00
2015.01.08 19:16:00.608,12.06869,12.07211,0.00,0.00
2015.01.08 19:16:00.880,12.06853,12.07197,0.00,0.00
2015.01.08 19:16:02.911,12.06879,12.07221,0.00,0.00
2015.01.08 19:16:03.471,12.06864,12.07206,0.00,0.00
2015.01.08 19:16:19.067,12.06878,12.07221,0.00,0.00
2015.01.08 19:16:19.781,12.06879,12.07221,0.00,0.00
2015.01.08 19:16:22.566,12.06879,12.0722,0.00,0.00
2015.01.08 19:16:24.495,12.06879,12.07221,0.00,0.00
2015.01.08 19:16:25.111,12.06879,12.0722,0.00,0.00
2015.01.08 19:16:26.032,12.06879,12.07221,0.00,0.00
2015.01.08 19:16:26.608,12.06879,12.0722,0.00,0.00
2015.01.08 19:16:28.333,12.06879,12.07221,0.00,0.00
2015.01.08 19:16:31.658,12.06879,12.07206,0.00,0.00
2015.01.08 19:16:31.759,12.06852,12.07196,0.00,0.00
2015.01.08 19:16:36.001,12.06864,12.07206,0.00,0.00
2015.01.08 19:16:36.307,12.06836,12.07169,0.00,0.00
2015.01.08 19:16:36.611,12.06849,12.07169,0.00,0.00
2015.01.08 19:16:37.465,12.06837,12.07169,0.00,0.00
2015.01.08 19:16:45.785,12.06853,12.07169,0.00,0.00
2015.01.08 19:16:45.886,12.06853,12.07197,0.00,0.00
2015.01.08 19:16:47.717,12.06879,12.07217,0.00,0.00
2015.01.08 19:16:48.267,12.06888,12.0722,0.00,0.00
2015.01.08 19:16:48.921,12.06888,12.07221,0.00,0.00
2015.01.08 19:16:53.707,12.06888,12.0722,0.00,0.00
2015.01.08 19:16:54.010,12.06879,12.07219,0.00,0.00
2015.01.08 19:17:00.586,12.06877,12.07219,0.00,0.00
2015.01.08 19:17:00.637,12.0685,12.07171,0.00,0.00
2015.01.08 19:17:00.738,12.06828,12.07159,0.00,0.00
2015.01.08 19:17:00.865,12.06829,12.07173,0.00,0.00
2015.01.08 19:17:02.373,12.06829,12.07169,0.00,0.00
2015.01.08 19:17:02.475,12.06809,12.07153,0.00,0.00
2015.01.08 19:17:03.426,12.06798,12.07142,0.00,0.00
2015.01.08 19:17:03.728,12.06747,12.07089,0.00,0.00
2015.01.08 19:17:08.103,12.06747,12.07069,0.00,0.00
2015.01.08 19:17:08.153,12.06711,12.07053,0.00,0.00
2015.01.08 19:17:12.473,12.06699,12.07041,0.00,0.00
2015.01.08 19:17:12.949,12.06699,12.0702,0.00,0.00
2015.01.08 19:17:13.626,12.06699,12.07041,0.00,0.00
2015.01.08 19:17:13.676,12.06734,12.07076,0.00,0.00
2015.01.08 19:17:14.073,12.06734,12.07061,0.00,0.00
2015.01.08 19:17:14.562,12.06734,12.07076,0.00,0.00
2015.01.08 19:17:14.662,12.06738,12.07082,0.00,0.00
2015.01.08 19:17:15.585,12.06727,12.07068,0.00,0.00
2015.01.08 19:17:15.917,12.06744,12.07068,0.00,0.00
2015.01.08 19:17:16.127,12.06731,12.07068,0.00,0.00
2015.01.08 19:17:16.546,12.06731,12.07073,0.00,0.00
2015.01.08 19:17:20.506,12.06731,12.07069,0.00,0.00
2015.01.08 19:17:20.612,12.06717,12.07061,0.00,0.00
2015.01.08 19:17:21.791,12.06729,12.07061,0.00,0.00
2015.01.08 19:17:22.034,12.06729,12.07071,0.00,0.00
2015.01.08 19:17:24.755,12.06778,12.07071,0.00,0.00
2015.01.08 19:17:24.806,12.06778,12.07112,0.00,0.00
2015.01.08 19:17:28.502,12.06778,12.07097,0.00,0.00
2015.01.08 19:17:29.543,12.06778,12.07112,0.00,0.00
2015.01.08 19:17:30.290,12.06768,12.07112,0.00,0.00
2015.01.08 19:17:30.391,12.06768,12.07071,0.00,0.00
2015.01.08 19:17:30.441,12.06732,12.07071,0.00,0.00
2015.01.08 19:17:30.542,12.06718,12.07055,0.00,0.00
2015.01.08 19:17:30.844,12.06723,12.07067,0.00,0.00
2015.01.08 19:17:31.525,12.06718,12.07054,0.00,0.00
2015.01.08 19:17:32.242,12.06738,12.07082,0.00,0.00
2015.01.08 19:17:34.118,12.06779,12.07082,0.00,0.00
2015.01.08 19:17:34.219,12.06779,12.0712,0.00,0.00
2015.01.08 19:17:34.931,12.06779,12.07121,0.00,0.00
2015.01.08 19:17:35.948,12.06779,12.07122,0.00,0.00
2015.01.08 19:17:35.998,12.06878,12.07122,0.00,0.00
2015.01.08 19:17:36.049,12.06878,12.07161,0.00,0.00
2015.01.08 19:17:36.150,12.06878,12.07217,0.00,0.00
2015.01.08 19:17:36.560,12.06878,12.07198,0.00,0.00
2015.01.08 19:17:36.661,12.06878,12.07211,0.00,0.00
2015.01.08 19:17:36.745,12.06867,12.07211,0.00,0.00
2015.01.08 19:17:36.796,12.06867,12.07121,0.00,0.00
2015.01.08 19:17:36.846,12.06854,12.07121,0.00,0.00
2015.01.08 19:17:36.947,12.06828,12.0712,0.00,0.00
2015.01.08 19:17:36.998,12.06806,12.07121,0.00,0.00
2015.01.08 19:17:37.098,12.06786,12.0712,0.00,0.00
2015.01.08 19:17:39.545,12.06798,12.0712,0.00,0.00
2015.01.08 19:17:40.254,12.06828,12.07169,0.00,0.00
2015.01.08 19:17:40.323,12.06819,12.07161,0.00,0.00
2015.01.08 19:17:40.524,12.06801,12.07145,0.00,0.00
2015.01.08 19:17:40.724,12.06785,12.07129,0.00,0.00
2015.01.08 19:17:41.085,12.06785,12.07121,0.00,0.00
2015.01.08 19:17:41.555,12.06799,12.0712,0.00,0.00
2015.01.08 19:17:41.626,12.06784,12.0712,0.00,0.00
2015.01.08 19:17:42.404,12.06784,12.07121,0.00,0.00
2015.01.08 19:17:48.215,12.06829,12.07128,0.00,0.00
2015.01.08 19:17:48.266,12.06868,12.07212,0.00,0.00
2015.01.08 19:17:48.467,12.06835,12.07179,0.00,0.00
2015.01.08 19:17:48.777,12.06878,12.07207,0.00,0.00
2015.01.08 19:17:49.132,12.06918,12.07221,0.00,0.00
2015.01.08 19:17:49.615,12.06918,12.0721,0.00,0.00
2015.01.08 19:17:49.744,12.06918,12.07221,0.00,0.00
2015.01.08 19:17:50.275,12.06918,12.0722,0.00,0.00
2015.01.08 19:17:51.120,12.06918,12.07222,0.00,0.00
2015.01.08 19:17:51.171,12.06969,12.07222,0.00,0.00
2015.01.08 19:17:51.271,12.07008,12.0735,0.00,0.00
2015.01.08 19:17:53.094,12.07037,12.07381,0.00,0.00
2015.01.08 19:17:54.376,12.07068,12.07381,0.00,0.00
2015.01.08 19:17:54.699,12.07182,12.07468,0.00,0.00
2015.01.08 19:17:55.095,12.07182,12.07521,0.00,0.00
2015.01.08 19:17:55.156,12.07171,12.07513,0.00,0.00
2015.01.08 19:17:55.487,12.07183,12.0752,0.00,0.00
2015.01.08 19:17:55.803,12.07227,12.07568,0.00,0.00
2015.01.08 19:17:56.098,12.07227,12.07571,0.00,0.00
2015.01.08 19:17:57.309,12.0723,12.07571,0.00,0.00
2015.01.08 19:17:57.409,12.07302,12.07668,0.00,0.00
2015.01.08 19:17:57.535,12.07329,12.07668,0.00,0.00
2015.01.08 19:17:58.286,12.07329,12.07721,0.00,0.00
2015.01.08 19:17:58.775,12.07469,12.07738,0.00,0.00
2015.01.08 19:17:58.976,12.07419,12.07738,0.00,0.00
2015.01.08 19:17:59.064,12.07419,12.07811,0.00,0.00
2015.01.08 19:17:59.930,12.07429,12.07811,0.00,0.00
2015.01.08 19:18:00.324,12.07511,12.07862,0.00,0.00
2015.01.08 19:18:00.595,12.07468,12.07862,0.00,0.00
2015.01.08 19:18:00.724,12.07455,12.07812,0.00,0.00
2015.01.08 19:18:00.775,12.07418,12.07812,0.00,0.00
2015.01.08 19:18:00.876,12.07469,12.07801,0.00,0.00
2015.01.08 19:18:00.976,12.07412,12.07772,0.00,0.00
2015.01.08 19:18:01.388,12.07378,12.07769,0.00,0.00
2015.01.08 19:18:01.667,12.07396,12.07769,0.00,0.00
2015.01.08 19:18:02.361,12.07484,12.07769,0.00,0.00
2015.01.08 19:18:02.411,12.07484,12.07828,0.00,0.00
2015.01.08 19:18:02.695,12.07473,12.07817,0.00,0.00
2015.01.08 19:18:03.269,12.07484,12.07828,0.00,0.00
2015.01.08 19:18:04.398,12.07519,12.07842,0.00,0.00
2015.01.08 19:18:04.499,12.07498,12.07842,0.00,0.00
2015.01.08 19:18:05.408,12.07473,12.07817,0.00,0.00
2015.01.08 19:18:07.310,12.07487,12.07831,0.00,0.00
2015.01.08 19:18:07.628,12.07473,12.07817,0.00,0.00
2015.01.08 19:18:07.967,12.07512,12.07817,0.00,0.00
2015.01.08 19:18:08.017,12.07569,12.07891,0.00,0.00
2015.01.08 19:18:08.118,12.07573,12.07917,0.00,0.00
2015.01.08 19:18:09.180,12.07584,12.07928,0.00,0.00
2015.01.08 19:18:09.626,12.07574,12.07916,0.00,0.00
2015.01.08 19:18:09.948,12.07585,12.07927,0.00,0.00
2015.01.08 19:18:10.559,12.07668,12.0797,0.00,0.00
2015.01.08 19:18:11.140,12.07668,12.07979,0.00,0.00
2015.01.08 19:18:11.240,12.07669,12.08013,0.00,0.00
2015.01.08 19:18:11.486,12.07684,12.08026,0.00,0.00
2015.01.08 19:18:15.325,12.07689,12.08031,0.00,0.00
2015.01.08 19:18:15.527,12.07722,12.08069,0.00,0.00
2015.01.08 19:18:15.577,12.07828,12.08166,0.00,0.00
2015.01.08 19:18:16.264,12.07828,12.08169,0.00,0.00
2015.01.08 19:18:16.546,12.07828,12.08221,0.00,0.00
2015.01.08 19:18:16.927,12.07878,12.08221,0.00,0.00
2015.01.08 19:18:16.977,12.07878,12.08239,0.00,0.00
2015.01.08 19:18:17.129,12.07919,12.08239,0.00,0.00
2015.01.08 19:18:17.204,12.07919,12.0827,0.00,0.00
2015.01.08 19:18:17.905,12.07919,12.08271,0.00,0.00
2015.01.08 19:18:18.185,12.07919,12.083,0.00,0.00
2015.01.08 19:18:18.235,12.07969,12.08339,0.00,0.00
2015.01.08 19:18:18.336,12.07918,12.08312,0.00,0.00
2015.01.08 19:18:18.542,12.07918,12.08268,0.00,0.00
2015.01.08 19:18:18.592,12.07881,12.08268,0.00,0.00
2015.01.08 19:18:18.643,12.07878,12.08268,0.00,0.00
2015.01.08 19:18:18.943,12.07878,12.0824,0.00,0.00
2015.01.08 19:18:19.184,12.07778,12.08168,0.00,0.00
2015.01.08 19:18:19.548,12.07828,12.08168,0.00,0.00
2015.01.08 19:18:21.325,12.07779,12.08067,0.00,0.00
2015.01.08 19:18:21.375,12.07723,12.08067,0.00,0.00
2015.01.08 19:18:23.604,12.07778,12.08067,0.00,0.00
2015.01.08 19:18:23.755,12.07778,12.08096,0.00,0.00
2015.01.08 19:18:24.745,12.07754,12.08096,0.00,0.00
2015.01.08 19:18:24.867,12.07739,12.08081,0.00,0.00
2015.01.08 19:18:25.305,12.07724,12.08066,0.00,0.00
2015.01.08 19:18:26.275,12.07724,12.08062,0.00,0.00
2015.01.08 19:18:26.642,12.07668,12.08035,0.00,0.00
2015.01.08 19:18:26.746,12.07668,12.08062,0.00,0.00
2015.01.08 19:18:27.047,12.07668,12.08054,0.00,0.00
2015.01.08 19:18:28.146,12.07668,12.08062,0.00,0.00
2015.01.08 19:18:31.351,12.07679,12.08021,0.00,0.00
2015.01.08 19:18:32.524,12.07719,12.08021,0.00,0.00
2015.01.08 19:18:32.574,12.07729,12.08041,0.00,0.00
2015.01.08 19:18:32.675,12.07779,12.08104,0.00,0.00
2015.01.08 19:18:32.776,12.07781,12.08125,0.00,0.00
2015.01.08 19:18:40.669,12.07829,12.08138,0.00,0.00
2015.01.08 19:18:40.770,12.07796,12.08138,0.00,0.00
2015.01.08 19:18:41.412,12.0778,12.08124,0.00,0.00
2015.01.08 19:18:42.884,12.07768,12.08112,0.00,0.00
2015.01.08 19:18:43.197,12.07748,12.08092,0.00,0.00
2015.01.08 19:18:43.539,12.07778,12.08107,0.00,0.00
2015.01.08 19:18:43.640,12.07784,12.08126,0.00,0.00
2015.01.08 19:18:44.444,12.07787,12.08129,0.00,0.00
2015.01.08 19:18:45.097,12.07778,12.08114,0.00,0.00
2015.01.08 19:18:45.407,12.07796,12.0814,0.00,0.00
2015.01.08 19:18:49.818,12.07778,12.081,0.00,0.00
2015.01.08 19:18:49.918,12.07709,12.08051,0.00,0.00
2015.01.08 19:18:50.037,12.07669,12.08013,0.00,0.00
2015.01.08 19:18:50.138,12.07625,12.07962,0.00,0.00
2015.01.08 19:18:50.238,12.07603,12.07947,0.00,0.00
2015.01.08 19:18:50.347,12.07603,12.07912,0.00,0.00
2015.01.08 19:18:50.448,12.0759,12.07912,0.00,0.00
2015.01.08 19:18:50.549,12.07576,12.07912,0.00,0.00
2015.01.08 19:18:50.657,12.07564,12.07908,0.00,0.00
2015.01.08 19:18:50.951,12.07576,12.07912,0.00,0.00
2015.01.08 19:18:51.009,12.07562,12.07906,0.00,0.00
2015.01.08 19:18:51.324,12.07569,12.07906,0.00,0.00
2015.01.08 19:18:51.454,12.0761,12.07952,0.00,0.00
2015.01.08 19:18:51.957,12.07604,12.07948,0.00,0.00
2015.01.08 19:18:52.010,12.07618,12.07961,0.00,0.00
2015.01.08 19:18:53.619,12.07608,12.0795,0.00,0.00
2015.01.08 19:18:54.415,12.07593,12.07937,0.00,0.00
2015.01.08 19:18:55.511,12.07628,12.07937,0.00,0.00
2015.01.08 19:18:55.561,12.07661,12.07971,0.00,0.00
2015.01.08 19:18:55.612,12.07661,12.08005,0.00,0.00
2015.01.08 19:18:55.662,12.07688,12.08022,0.00,0.00
2015.01.08 19:18:55.768,12.07723,12.08067,0.00,0.00
2015.01.08 19:18:56.612,12.07778,12.08067,0.00,0.00
2015.01.08 19:18:57.064,12.07782,12.08071,0.00,0.00
2015.01.08 19:18:57.121,12.07778,12.08071,0.00,0.00
2015.01.08 19:18:57.221,12.07783,12.0807,0.00,0.00
2015.01.08 19:18:57.272,12.07783,12.08127,0.00,0.00
2015.01.08 19:18:57.322,12.0781,12.08152,0.00,0.00
2015.01.08 19:18:58.799,12.07811,12.08153,0.00,0.00
2015.01.08 19:18:59.129,12.07879,12.0817,0.00,0.00
2015.01.08 19:18:59.684,12.0788,12.08171,0.00,0.00
2015.01.08 19:19:00.237,12.07906,12.08171,0.00,0.00
2015.01.08 19:19:00.306,12.07906,12.08248,0.00,0.00
2015.01.08 19:19:00.356,12.07918,12.08248,0.00,0.00
2015.01.08 19:19:05.458,12.07918,12.08226,0.00,0.00
2015.01.08 19:19:05.636,12.07918,12.08251,0.00,0.00
2015.01.08 19:19:09.543,12.07918,12.08229,0.00,0.00
2015.01.08 19:19:10.703,12.07968,12.08229,0.00,0.00
2015.01.08 19:19:10.754,12.07968,12.08285,0.00,0.00
2015.01.08 19:19:10.804,12.08019,12.08285,0.00,0.00
2015.01.08 19:19:10.855,12.08019,12.084,0.00,0.00
2015.01.08 19:19:10.955,12.07969,12.08361,0.00,0.00
2015.01.08 19:19:11.245,12.08018,12.084,0.00,0.00
2015.01.08 19:19:11.707,12.08069,12.084,0.00,0.00
2015.01.08 19:19:11.758,12.08069,12.08423,0.00,0.00
2015.01.08 19:19:11.905,12.08019,12.08411,0.00,0.00
2015.01.08 19:19:13.685,12.08069,12.08423,0.00,0.00
2015.01.08 19:19:14.050,12.08012,12.08334,0.00,0.00
2015.01.08 19:19:14.293,12.0799,12.08334,0.00,0.00
2015.01.08 19:19:19.695,12.08005,12.08349,0.00,0.00
2015.01.08 19:19:19.997,12.08026,12.0837,0.00,0.00
2015.01.08 19:19:20.298,12.07971,12.08313,0.00,0.00
2015.01.08 19:19:20.604,12.07984,12.08328,0.00,0.00
2015.01.08 19:19:21.914,12.0797,12.08314,0.00,0.00
2015.01.08 19:19:22.986,12.07983,12.08325,0.00,0.00
2015.01.08 19:19:23.307,12.07971,12.08313,0.00,0.00
2015.01.08 19:19:25.670,12.07971,12.08312,0.00,0.00
2015.01.08 19:19:25.721,12.07946,12.08288,0.00,0.00
2015.01.08 19:19:25.837,12.07921,12.08263,0.00,0.00
2015.01.08 19:19:26.818,12.07931,12.08275,0.00,0.00
2015.01.08 19:19:26.869,12.07931,12.08272,0.00,0.00
2015.01.08 19:19:26.919,12.07891,12.08233,0.00,0.00
2015.01.08 19:19:27.393,12.0791,12.08254,0.00,0.00
2015.01.08 19:19:27.444,12.07918,12.08254,0.00,0.00
2015.01.08 19:19:27.603,12.07931,12.08268,0.00,0.00
2015.01.08 19:19:27.933,12.07931,12.08275,0.00,0.00
2015.01.08 19:19:30.449,12.08035,12.08312,0.00,0.00
2015.01.08 19:19:30.500,12.08069,12.08388,0.00,0.00
2015.01.08 19:19:31.562,12.08071,12.08413,0.00,0.00
2015.01.08 19:19:35.233,12.08029,12.08348,0.00,0.00
2015.01.08 19:19:35.283,12.08019,12.08348,0.00,0.00
2015.01.08 19:19:35.405,12.08019,12.08324,0.00,0.00
2015.01.08 19:19:35.763,12.0798,12.08324,0.00,0.00
2015.01.08 19:19:40.766,12.07991,12.08335,0.00,0.00
2015.01.08 19:19:41.108,12.08018,12.08335,0.00,0.00
2015.01.08 19:19:41.315,12.08018,12.08345,0.00,0.00
2015.01.08 19:19:41.819,12.0808,12.08422,0.00,0.00
2015.01.08 19:19:42.328,12.08069,12.08412,0.00,0.00
2015.01.08 19:19:44.129,12.0808,12.08424,0.00,0.00
2015.01.08 19:19:44.555,12.08069,12.08412,0.00,0.00
2015.01.08 19:19:46.264,12.08081,12.08423,0.00,0.00
2015.01.08 19:19:46.574,12.08019,12.08361,0.00,0.00
2015.01.08 19:19:46.762,12.08036,12.0838,0.00,0.00
2015.01.08 19:19:47.568,12.08024,12.08368,0.00,0.00
2015.01.08 19:19:51.335,12.08019,12.08361,0.00,0.00
2015.01.08 19:19:54.617,12.08083,12.08427,0.00,0.00
2015.01.08 19:19:54.745,12.08068,12.0841,0.00,0.00
2015.01.08 19:19:57.451,12.08112,12.08454,0.00,0.00
2015.01.08 19:19:57.754,12.08131,12.08473,0.00,0.00
2015.01.08 19:19:57.957,12.08149,12.08493,0.00,0.00
2015.01.08 19:19:58.007,12.08169,12.08493,0.00,0.00
2015.01.08 19:19:58.058,12.08174,12.08516,0.00,0.00
2015.01.08 19:20:03.468,12.08185,12.08529,0.00,0.00
2015.01.08 19:20:03.519,12.08278,12.08529,0.00,0.00
2015.01.08 19:20:03.569,12.08278,12.08544,0.00,0.00
2015.01.08 19:20:03.620,12.08218,12.08544,0.00,0.00
2015.01.08 19:20:03.670,12.08218,12.08531,0.00,0.00
2015.01.08 19:20:07.553,12.08187,12.08531,0.00,0.00
2015.01.08 19:20:07.654,12.08172,12.08516,0.00,0.00
2015.01.08 19:20:10.682,12.08278,12.08536,0.00,0.00
2015.01.08 19:20:10.783,12.08218,12.08547,0.00,0.00
2015.01.08 19:20:15.143,12.08278,12.08547,0.00,0.00
2015.01.08 19:20:15.193,12.08278,12.08604,0.00,0.00
2015.01.08 19:20:16.375,12.08278,12.0862,0.00,0.00
2015.01.08 19:20:18.958,12.08289,12.08631,0.00,0.00
2015.01.08 19:20:19.467,12.08333,12.08677,0.00,0.00
2015.01.08 19:20:19.568,12.08379,12.08677,0.00,0.00
2015.01.08 19:20:20.409,12.08379,12.08678,0.00,0.00
2015.01.08 19:20:20.740,12.08379,12.08662,0.00,0.00
2015.01.08 19:20:20.791,12.08379,12.08678,0.00,0.00
2015.01.08 19:20:24.870,12.08379,12.08665,0.00,0.00
2015.01.08 19:20:26.271,12.08344,12.08688,0.00,0.00
2015.01.08 19:20:27.375,12.08279,12.08615,0.00,0.00
2015.01.08 19:20:30.894,12.08295,12.08639,0.00,0.00
2015.01.08 19:20:31.399,12.08279,12.08614,0.00,0.00
2015.01.08 19:20:32.984,12.08286,12.08628,0.00,0.00
2015.01.08 19:20:37.410,12.08299,12.08641,0.00,0.00
2015.01.08 19:20:38.462,12.08328,12.08641,0.00,0.00
2015.01.08 19:20:38.613,12.08285,12.08629,0.00,0.00
2015.01.08 19:20:38.715,12.08278,12.08614,0.00,0.00
2015.01.08 19:20:39.713,12.08294,12.08638,0.00,0.00
2015.01.08 19:20:41.837,12.08278,12.08614,0.00,0.00
2015.01.08 19:20:42.299,12.08281,12.08625,0.00,0.00
2015.01.08 19:20:45.217,12.08295,12.08637,0.00,0.00
2015.01.08 19:20:46.028,12.08278,12.08614,0.00,0.00
2015.01.08 19:20:47.730,12.08294,12.08638,0.00,0.00
2015.01.08 19:20:48.499,12.08278,12.08613,0.00,0.00
2015.01.08 19:20:49.151,12.08307,12.08649,0.00,0.00
2015.01.08 19:20:50.344,12.08282,12.08624,0.00,0.00
2015.01.08 19:20:53.729,12.0828,12.08624,0.00,0.00
2015.01.08 19:20:55.164,12.08278,12.08562,0.00,0.00
2015.01.08 19:20:55.214,12.08182,12.08524,0.00,0.00
2015.01.08 19:20:55.265,12.08192,12.08536,0.00,0.00
2015.01.08 19:20:55.952,12.08218,12.08536,0.00,0.00
2015.01.08 19:20:56.053,12.08236,12.0858,0.00,0.00
2015.01.08 19:20:56.153,12.08255,12.08599,0.00,0.00
2015.01.08 19:20:57.528,12.08255,12.08562,0.00,0.00
2015.01.08 19:20:57.578,12.08203,12.08545,0.00,0.00
2015.01.08 19:20:58.082,12.08218,12.08561,0.00,0.00
2015.01.08 19:20:58.183,12.08233,12.08577,0.00,0.00
2015.01.08 19:20:58.283,12.08255,12.08598,0.00,0.00
2015.01.08 19:20:58.618,12.08279,12.0862,0.00,0.00
2015.01.08 19:20:58.669,12.08306,12.0865,0.00,0.00
2015.01.08 19:20:58.719,12.08328,12.0865,0.00,0.00
2015.01.08 19:21:06.952,12.08306,12.0865,0.00,0.00
2015.01.08 19:21:07.002,12.08285,12.08627,0.00,0.00
2015.01.08 19:21:08.051,12.08285,12.08612,0.00,0.00
2015.01.08 19:21:08.102,12.08232,12.08576,0.00,0.00
2015.01.08 19:21:08.152,12.08232,12.08571,0.00,0.00
2015.01.08 19:21:09.192,12.08248,12.08571,0.00,0.00
2015.01.08 19:21:09.517,12.08279,12.0857,0.00,0.00
2015.01.08 19:21:11.080,12.08279,12.08571,0.00,0.00
2015.01.08 19:21:11.488,12.08298,12.0857,0.00,0.00
2015.01.08 19:21:11.538,12.08298,12.08642,0.00,0.00
2015.01.08 19:21:12.093,12.08322,12.08666,0.00,0.00
2015.01.08 19:21:12.487,12.08379,12.08671,0.00,0.00
2015.01.08 19:21:15.028,12.08378,12.08671,0.00,0.00
2015.01.08 19:21:15.155,12.08378,12.08702,0.00,0.00
2015.01.08 19:21:15.205,12.08464,12.08772,0.00,0.00
2015.01.08 19:21:15.357,12.08478,12.08812,0.00,0.00
2015.01.08 19:21:15.535,12.08478,12.0882,0.00,0.00
2015.01.08 19:21:15.636,12.08504,12.0882,0.00,0.00
2015.01.08 19:21:15.686,12.08504,12.08846,0.00,0.00
2015.01.08 19:21:15.737,12.0853,12.08862,0.00,0.00
2015.01.08 19:21:15.988,12.08779,12.09119,0.00,0.00
2015.01.08 19:21:16.039,12.08779,12.09171,0.00,0.00
2015.01.08 19:21:16.089,12.08762,12.09111,0.00,0.00
2015.01.08 19:21:16.193,12.08779,12.09171,0.00,0.00
2015.01.08 19:21:16.728,12.08779,12.09164,0.00,0.00
2015.01.08 19:21:16.828,12.08722,12.09111,0.00,0.00
2015.01.08 19:21:17.057,12.08719,12.09111,0.00,0.00
2015.01.08 19:21:18.656,12.08768,12.09158,0.00,0.00
2015.01.08 19:21:18.807,12.08829,12.09221,0.00,0.00
2015.01.08 19:21:19.563,12.08829,12.0922,0.00,0.00
2015.01.08 19:21:19.964,12.08829,12.09189,0.00,0.00
2015.01.08 19:21:20.322,12.08719,12.09112,0.00,0.00
2015.01.08 19:21:20.484,12.08689,12.09061,0.00,0.00
2015.01.08 19:21:20.534,12.08669,12.09061,0.00,0.00
2015.01.08 19:21:23.437,12.08554,12.08896,0.00,0.00
2015.01.08 19:21:23.664,12.08529,12.08873,0.00,0.00
2015.01.08 19:21:24.783,12.08541,12.08885,0.00,0.00
2015.01.08 19:21:26.455,12.08527,12.08869,0.00,0.00
2015.01.08 19:21:27.761,12.08518,12.08912,0.00,0.00
2015.01.08 19:21:28.393,12.08518,12.08899,0.00,0.00
2015.01.08 19:21:28.444,12.08468,12.08862,0.00,0.00
2015.01.08 19:21:29.000,12.08468,12.08819,0.00,0.00
2015.01.08 19:21:29.122,12.08378,12.08772,0.00,0.00
2015.01.08 19:21:30.931,12.08418,12.08798,0.00,0.00
2015.01.08 19:21:31.032,12.08418,12.08812,0.00,0.00
2015.01.08 19:21:33.194,12.08422,12.08812,0.00,0.00
2015.01.08 19:21:33.806,12.08469,12.0882,0.00,0.00
2015.01.08 19:21:35.201,12.08469,12.08821,0.00,0.00
2015.01.08 19:21:35.743,12.08469,12.0882,0.00,0.00
2015.01.08 19:21:37.210,12.08469,12.08821,0.00,0.00
2015.01.08 19:21:37.954,12.08469,12.0882,0.00,0.00
2015.01.08 19:21:38.530,12.08469,12.08821,0.00,0.00
2015.01.08 19:21:39.074,12.08469,12.0882,0.00,0.00
2015.01.08 19:21:39.850,12.08469,12.08821,0.00,0.00
2015.01.08 19:21:40.521,12.08469,12.0882,0.00,0.00
2015.01.08 19:21:41.060,12.08428,12.08811,0.00,0.00
2015.01.08 19:21:41.160,12.08419,12.08808,0.00,0.00
2015.01.08 19:21:41.211,12.08469,12.08781,0.00,0.00
2015.01.08 19:21:41.383,12.08418,12.08754,0.00,0.00
2015.01.08 19:21:41.824,12.08421,12.08765,0.00,0.00
2015.01.08 19:21:42.213,12.08439,12.08783,0.00,0.00
2015.01.08 19:21:43.524,12.08468,12.08805,0.00,0.00
2015.01.08 19:21:43.900,12.08494,12.08821,0.00,0.00
2015.01.08 19:21:44.396,12.08483,12.0882,0.00,0.00
2015.01.08 19:21:44.998,12.08497,12.0882,0.00,0.00
2015.01.08 19:21:45.099,12.08471,12.08815,0.00,0.00
2015.01.08 19:21:45.314,12.08495,12.08821,0.00,0.00
2015.01.08 19:21:46.482,12.08495,12.08837,0.00,0.00
2015.01.08 19:21:48.111,12.08507,12.08849,0.00,0.00
2015.01.08 19:21:48.458,12.08471,12.08813,0.00,0.00
2015.01.08 19:21:48.559,12.08495,12.08839,0.00,0.00
2015.01.08 19:21:49.972,12.08495,12.08811,0.00,0.00
2015.01.08 19:21:50.023,12.08446,12.08788,0.00,0.00
2015.01.08 19:21:51.226,12.08447,12.08791,0.00,0.00
2015.01.08 19:21:52.091,12.08468,12.08791,0.00,0.00
2015.01.08 19:21:52.141,12.08496,12.08838,0.00,0.00
2015.01.08 19:21:52.191,12.08518,12.08838,0.00,0.00
2015.01.08 19:21:52.242,12.08531,12.08873,0.00,0.00
2015.01.08 19:21:54.036,12.08543,12.08885,0.00,0.00
2015.01.08 19:21:54.396,12.08572,12.08871,0.00,0.00
2015.01.08 19:21:54.447,12.08568,12.08871,0.00,0.00
2015.01.08 19:21:55.171,12.08568,12.0887,0.00,0.00
2015.01.08 19:21:55.830,12.08568,12.08871,0.00,0.00
2015.01.08 19:21:57.228,12.08568,12.0887,0.00,0.00
2015.01.08 19:21:58.040,12.08568,12.08871,0.00,0.00
2015.01.08 19:22:00.371,12.08568,12.0887,0.00,0.00
2015.01.08 19:22:00.521,12.08552,12.08871,0.00,0.00
2015.01.08 19:22:00.622,12.08538,12.0887,0.00,0.00
2015.01.08 19:22:00.723,12.08525,12.08867,0.00,0.00
2015.01.08 19:22:00.773,12.08569,12.08867,0.00,0.00
2015.01.08 19:22:01.083,12.08569,12.0887,0.00,0.00
2015.01.08 19:22:03.305,12.08537,12.0887,0.00,0.00
2015.01.08 19:22:03.478,12.08518,12.08852,0.00,0.00
2015.01.08 19:22:03.682,12.08522,12.08864,0.00,0.00
2015.01.08 19:22:03.859,12.08518,12.08852,0.00,0.00
2015.01.08 19:22:05.124,12.0852,12.08864,0.00,0.00
2015.01.08 19:22:10.984,12.08518,12.08851,0.00,0.00
2015.01.08 19:22:14.304,12.08521,12.08863,0.00,0.00
2015.01.08 19:22:18.973,12.08516,12.0886,0.00,0.00
2015.01.08 19:22:22.324,12.08499,12.08843,0.00,0.00
2015.01.08 19:22:23.726,12.08493,12.08835,0.00,0.00
2015.01.08 19:22:24.928,12.08506,12.0885,0.00,0.00
2015.01.08 19:22:25.028,12.08494,12.08838,0.00,0.00
2015.01.08 19:22:25.349,12.08467,12.08809,0.00,0.00
2015.01.08 19:22:25.650,12.08506,12.0885,0.00,0.00
2015.01.08 19:22:28.124,12.08522,12.08861,0.00,0.00
2015.01.08 19:22:28.333,12.08511,12.08853,0.00,0.00
2015.01.08 19:22:28.434,12.08494,12.08838,0.00,0.00
2015.01.08 19:22:29.535,12.08511,12.08855,0.00,0.00
2015.01.08 19:22:33.004,12.08496,12.0884,0.00,0.00
2015.01.08 19:22:34.751,12.08512,12.08854,0.00,0.00
2015.01.08 19:22:42.209,12.08595,12.08912,0.00,0.00
2015.01.08 19:22:42.320,12.0857,12.08912,0.00,0.00
2015.01.08 19:22:42.371,12.08569,12.08891,0.00,0.00
2015.01.08 19:22:42.871,12.08569,12.08902,0.00,0.00
2015.01.08 19:22:45.301,12.08628,12.08902,0.00,0.00
2015.01.08 19:22:45.402,12.08634,12.08978,0.00,0.00
2015.01.08 19:22:46.979,12.08636,12.08978,0.00,0.00
2015.01.08 19:22:48.617,12.08669,12.08978,0.00,0.00
2015.01.08 19:22:48.819,12.08778,12.09099,0.00,0.00
2015.01.08 19:22:49.300,12.08736,12.0908,0.00,0.00
2015.01.08 19:22:49.504,12.08719,12.09057,0.00,0.00
2015.01.08 19:22:49.713,12.08732,12.09076,0.00,0.00
2015.01.08 19:22:50.240,12.08732,12.09062,0.00,0.00
2015.01.08 19:22:50.391,12.08704,12.09048,0.00,0.00
2015.01.08 19:22:50.577,12.08718,12.09048,0.00,0.00
2015.01.08 19:22:50.678,12.08733,12.09069,0.00,0.00
2015.01.08 19:22:50.778,12.08718,12.09058,0.00,0.00
2015.01.08 19:22:50.829,12.08716,12.09058,0.00,0.00
2015.01.08 19:22:51.077,12.08704,12.09046,0.00,0.00
2015.01.08 19:22:51.681,12.08732,12.09076,0.00,0.00
2015.01.08 19:22:51.879,12.08723,12.09065,0.00,0.00
2015.01.08 19:22:52.252,12.08778,12.09105,0.00,0.00
2015.01.08 19:22:53.647,12.08783,12.09121,0.00,0.00
2015.01.08 19:22:53.698,12.08883,12.09169,0.00,0.00
2015.01.08 19:22:53.748,12.08883,12.09172,0.00,0.00
2015.01.08 19:22:53.799,12.08918,12.09225,0.00,0.00
2015.01.08 19:22:53.900,12.08932,12.09276,0.00,0.00
2015.01.08 19:22:54.212,12.08952,12.09294,0.00,0.00
2015.01.08 19:22:55.919,12.08935,12.09279,0.00,0.00
2015.01.08 19:22:57.090,12.08948,12.0929,0.00,0.00
2015.01.08 19:23:00.723,12.08935,12.09279,0.00,0.00
2015.01.08 19:23:01.906,12.0903,12.09295,0.00,0.00
2015.01.08 19:23:02.007,12.09094,12.09362,0.00,0.00
2015.01.08 19:23:02.158,12.09094,12.09368,0.00,0.00
2015.01.08 19:23:02.560,12.09094,12.09421,0.00,0.00
2015.01.08 19:23:03.002,12.09078,12.09421,0.00,0.00
2015.01.08 19:23:03.514,12.09078,12.0942,0.00,0.00
2015.01.08 19:23:03.715,12.09101,12.09421,0.00,0.00
2015.01.08 19:23:03.904,12.09077,12.09421,0.00,0.00
2015.01.08 19:23:04.205,12.09101,12.0942,0.00,0.00
2015.01.08 19:23:05.926,12.09078,12.0942,0.00,0.00
2015.01.08 19:23:06.385,12.09101,12.0942,0.00,0.00
2015.01.08 19:23:06.620,12.09019,12.09411,0.00,0.00
2015.01.08 19:23:06.671,12.09019,12.09389,0.00,0.00
2015.01.08 19:23:06.771,12.08988,12.09361,0.00,0.00
2015.01.08 19:23:06.904,12.09005,12.09361,0.00,0.00
2015.01.08 19:23:06.979,12.08982,12.09361,0.00,0.00
2015.01.08 19:23:07.480,12.09,12.09361,0.00,0.00
2015.01.08 19:23:11.704,12.0903,12.09361,0.00,0.00
2015.01.08 19:23:11.755,12.0903,12.09412,0.00,0.00
2015.01.08 19:23:18.999,12.09068,12.09421,0.00,0.00
2015.01.08 19:23:19.510,12.09068,12.0942,0.00,0.00
2015.01.08 19:23:20.879,12.09068,12.09421,0.00,0.00
2015.01.08 19:23:22.916,12.09068,12.0942,0.00,0.00
2015.01.08 19:23:24.079,12.0908,12.09421,0.00,0.00
2015.01.08 19:23:24.717,12.09128,12.09421,0.00,0.00
2015.01.08 19:23:24.768,12.09128,12.09433,0.00,0.00
2015.01.08 19:23:24.869,12.09145,12.09487,0.00,0.00
2015.01.08 19:23:25.218,12.09128,12.09463,0.00,0.00
2015.01.08 19:23:25.545,12.0921,12.09539,0.00,0.00
2015.01.08 19:23:25.796,12.0921,12.09554,0.00,0.00
2015.01.08 19:23:27.022,12.09285,12.09562,0.00,0.00
2015.01.08 19:23:27.123,12.09285,12.09621,0.00,0.00
2015.01.08 19:23:28.677,12.09278,12.09612,0.00,0.00
2015.01.08 19:23:30.944,12.09219,12.09547,0.00,0.00
2015.01.08 19:23:31.096,12.09203,12.09547,0.00,0.00
2015.01.08 19:23:31.146,12.09185,12.09527,0.00,0.00
2015.01.08 19:23:31.423,12.09196,12.0954,0.00,0.00
2015.01.08 19:23:31.523,12.09184,12.09526,0.00,0.00
2015.01.08 19:23:32.256,12.09194,12.09538,0.00,0.00
2015.01.08 19:23:32.357,12.09207,12.09551,0.00,0.00
2015.01.08 19:23:32.659,12.09182,12.09526,0.00,0.00
2015.01.08 19:23:33.265,12.09194,12.09538,0.00,0.00
2015.01.08 19:23:35.723,12.09182,12.09524,0.00,0.00
2015.01.08 19:23:35.962,12.09207,12.09551,0.00,0.00
2015.01.08 19:23:36.124,12.09196,12.09538,0.00,0.00
2015.01.08 19:23:36.524,12.09207,12.09551,0.00,0.00
2015.01.08 19:23:37.298,12.09183,12.09527,0.00,0.00
2015.01.08 19:23:37.975,12.09195,12.09539,0.00,0.00
2015.01.08 19:23:39.525,12.09219,12.09539,0.00,0.00
2015.01.08 19:23:39.676,12.09233,12.09575,0.00,0.00
2015.01.08 19:23:42.798,12.09128,12.09442,0.00,0.00
2015.01.08 19:23:42.972,12.09128,12.09468,0.00,0.00
2015.01.08 19:23:43.136,12.09128,12.09459,0.00,0.00
2015.01.08 19:23:43.778,12.09148,12.09468,0.00,0.00
2015.01.08 19:23:43.829,12.09148,12.0949,0.00,0.00
2015.01.08 19:23:44.288,12.09128,12.09451,0.00,0.00
2015.01.08 19:23:44.440,12.09128,12.09459,0.00,0.00
2015.01.08 19:23:45.047,12.09132,12.09476,0.00,0.00
2015.01.08 19:23:45.148,12.09147,12.09462,0.00,0.00
2015.01.08 19:23:45.249,12.09117,12.09461,0.00,0.00
2015.01.08 19:23:45.349,12.09103,12.09445,0.00,0.00
2015.01.08 19:23:46.763,12.09091,12.09435,0.00,0.00
2015.01.08 19:23:47.771,12.09116,12.09458,0.00,0.00
2015.01.08 19:23:49.083,12.09097,12.09439,0.00,0.00
2015.01.08 19:23:49.441,12.09129,12.09439,0.00,0.00
2015.01.08 19:23:49.491,12.0913,12.09474,0.00,0.00
2015.01.08 19:23:51.856,12.09048,12.0939,0.00,0.00
2015.01.08 19:23:52.863,12.09035,12.09377,0.00,0.00
2015.01.08 19:23:53.290,12.09019,12.09363,0.00,0.00
2015.01.08 19:23:56.824,12.09019,12.09359,0.00,0.00
2015.01.08 19:23:58.389,12.09028,12.09372,0.00,0.00
2015.01.08 19:23:59.699,12.09069,12.09394,0.00,0.00
2015.01.08 19:23:59.800,12.09023,12.09365,0.00,0.00
2015.01.08 19:23:59.901,12.09011,12.09345,0.00,0.00
2015.01.08 19:24:00.309,12.08983,12.09327,0.00,0.00
2015.01.08 19:24:00.866,12.09008,12.0935,0.00,0.00
2015.01.08 19:24:03.285,12.08969,12.09311,0.00,0.00
2015.01.08 19:24:03.621,12.08979,12.0932,0.00,0.00
2015.01.08 19:24:06.376,12.08993,12.0932,0.00,0.00
2015.01.08 19:24:06.949,12.08993,12.09321,0.00,0.00
2015.01.08 19:24:09.657,12.08993,12.0932,0.00,0.00
2015.01.08 19:24:11.051,12.08993,12.09321,0.00,0.00
2015.01.08 19:24:13.730,12.08969,12.09311,0.00,0.00
2015.01.08 19:24:15.336,12.08929,12.09255,0.00,0.00
2015.01.08 19:24:15.638,12.08888,12.0922,0.00,0.00
2015.01.08 19:24:16.292,12.08888,12.09221,0.00,0.00
2015.01.08 19:24:16.623,12.08878,12.0922,0.00,0.00
2015.01.08 19:24:20.601,12.08906,12.0922,0.00,0.00
2015.01.08 19:24:21.145,12.08906,12.09221,0.00,0.00
2015.01.08 19:24:22.186,12.08906,12.0922,0.00,0.00
2015.01.08 19:24:22.404,12.08881,12.0922,0.00,0.00
2015.01.08 19:24:23.119,12.0888,12.0922,0.00,0.00
2015.01.08 19:24:23.785,12.0888,12.09221,0.00,0.00
2015.01.08 19:24:28.697,12.0888,12.0922,0.00,0.00
2015.01.08 19:24:29.286,12.0888,12.0917,0.00,0.00
2015.01.08 19:24:29.387,12.08761,12.09062,0.00,0.00
2015.01.08 19:24:29.437,12.08797,12.09062,0.00,0.00
2015.01.08 19:24:29.540,12.08741,12.09062,0.00,0.00
2015.01.08 19:24:29.591,12.08741,12.09069,0.00,0.00
2015.01.08 19:24:29.641,12.08764,12.09069,0.00,0.00
2015.01.08 19:24:29.745,12.08754,12.09069,0.00,0.00
2015.01.08 19:24:29.848,12.08742,12.09069,0.00,0.00
2015.01.08 19:24:29.917,12.08718,12.09069,0.00,0.00
2015.01.08 19:24:30.347,12.08718,12.09112,0.00,0.00
2015.01.08 19:24:30.550,12.0872,12.09112,0.00,0.00
2015.01.08 19:24:31.831,12.08718,12.09112,0.00,0.00
2015.01.08 19:24:32.909,12.08676,12.08961,0.00,0.00
2015.01.08 19:24:32.960,12.08639,12.08961,0.00,0.00
2015.01.08 19:24:33.060,12.08569,12.08961,0.00,0.00
2015.01.08 19:24:33.273,12.08569,12.08921,0.00,0.00
2015.01.08 19:24:34.181,12.08569,12.0892,0.00,0.00
2015.01.08 19:24:34.791,12.08569,12.08921,0.00,0.00
2015.01.08 19:24:35.603,12.08569,12.0892,0.00,0.00
2015.01.08 19:24:36.718,12.08569,12.08921,0.00,0.00
2015.01.08 19:24:36.825,12.08579,12.08961,0.00,0.00
2015.01.08 19:24:36.876,12.08632,12.09021,0.00,0.00
2015.01.08 19:24:36.938,12.08668,12.09021,0.00,0.00
2015.01.08 19:24:37.530,12.08629,12.09021,0.00,0.00
2015.01.08 19:24:40.700,12.08629,12.0902,0.00,0.00
2015.01.08 19:24:42.439,12.08629,12.09018,0.00,0.00
2015.01.08 19:24:42.762,12.08518,12.0887,0.00,0.00
2015.01.08 19:24:43.357,12.08519,12.08871,0.00,0.00
2015.01.08 19:24:44.792,12.08568,12.08871,0.00,0.00
2015.01.08 19:24:45.321,12.08568,12.0887,0.00,0.00
2015.01.08 19:24:48.273,12.08518,12.08871,0.00,0.00
2015.01.08 19:24:50.382,12.08518,12.0887,0.00,0.00
2015.01.08 19:24:53.018,12.08468,12.0882,0.00,0.00
2015.01.08 19:24:53.644,12.08468,12.08821,0.00,0.00
2015.01.08 19:24:54.490,12.08468,12.0882,0.00,0.00
2015.01.08 19:24:55.061,12.08468,12.08821,0.00,0.00
2015.01.08 19:24:56.795,12.08468,12.0882,0.00,0.00
2015.01.08 19:24:59.304,12.0855,12.0882,0.00,0.00
2015.01.08 19:24:59.455,12.08586,12.08911,0.00,0.00
2015.01.08 19:24:59.505,12.08632,12.08939,0.00,0.00
2015.01.08 19:25:00.398,12.08632,12.08968,0.00,0.00
2015.01.08 19:25:00.598,12.08629,12.0889,0.00,0.00
2015.01.08 19:25:00.700,12.08546,12.0889,0.00,0.00
2015.01.08 19:25:05.509,12.08673,12.08911,0.00,0.00
2015.01.08 19:25:05.559,12.08673,12.08962,0.00,0.00
2015.01.08 19:25:05.660,12.08673,12.09017,0.00,0.00
2015.01.08 19:25:05.710,12.08688,12.09021,0.00,0.00
2015.01.08 19:25:05.936,12.08669,12.09007,0.00,0.00
2015.01.08 19:25:06.945,12.08628,12.0897,0.00,0.00
2015.01.08 19:25:14.459,12.08638,12.0898,0.00,0.00
2015.01.08 19:25:15.063,12.08669,12.09011,0.00,0.00
2015.01.08 19:25:16.016,12.08668,12.08992,0.00,0.00
2015.01.08 19:25:16.723,12.08674,12.09018,0.00,0.00
2015.01.08 19:25:17.267,12.08675,12.09017,0.00,0.00
2015.01.08 19:25:22.549,12.08685,12.09029,0.00,0.00
2015.01.08 19:25:22.650,12.08674,12.09018,0.00,0.00
2015.01.08 19:25:31.367,12.08686,12.09028,0.00,0.00
2015.01.08 19:25:31.998,12.08698,12.09042,0.00,0.00
2015.01.08 19:25:32.390,12.08687,12.09029,0.00,0.00
2015.01.08 19:25:34.930,12.087,12.09042,0.00,0.00
2015.01.08 19:25:35.708,12.08728,12.0907,0.00,0.00
2015.01.08 19:25:36.010,12.0888,12.09139,0.00,0.00
2015.01.08 19:25:36.061,12.0888,12.09222,0.00,0.00
2015.01.08 19:25:36.162,12.08899,12.09243,0.00,0.00
2015.01.08 19:25:36.416,12.08878,12.09218,0.00,0.00
2015.01.08 19:25:36.995,12.08898,12.09242,0.00,0.00
2015.01.08 19:25:38.024,12.08878,12.09218,0.00,0.00
2015.01.08 19:25:39.837,12.08878,12.09202,0.00,0.00
2015.01.08 19:25:41.520,12.08879,12.0922,0.00,0.00
2015.01.08 19:25:44.624,12.08879,12.09221,0.00,0.00
2015.01.08 19:25:46.268,12.08878,12.09202,0.00,0.00
2015.01.08 19:25:48.746,12.08881,12.09221,0.00,0.00
2015.01.08 19:25:49.134,12.08878,12.09202,0.00,0.00
2015.01.08 19:25:51.141,12.08878,12.09214,0.00,0.00
2015.01.08 19:25:51.660,12.08878,12.09213,0.00,0.00
2015.01.08 19:25:54.569,12.08878,12.09203,0.00,0.00
2015.01.08 19:25:56.279,12.08881,12.0922,0.00,0.00
2015.01.08 19:25:56.734,12.08881,12.09168,0.00,0.00
2015.01.08 19:25:56.785,12.08821,12.09165,0.00,0.00
2015.01.08 19:25:56.887,12.088,12.09144,0.00,0.00
2015.01.08 19:25:57.269,12.0879,12.09132,0.00,0.00
2015.01.08 19:25:58.558,12.0879,12.09112,0.00,0.00
2015.01.08 19:25:58.608,12.08758,12.09102,0.00,0.00
2015.01.08 19:25:58.715,12.08743,12.09087,0.00,0.00
2015.01.08 19:25:59.175,12.08723,12.09065,0.00,0.00
2015.01.08 19:26:00.704,12.08733,12.09077,0.00,0.00
2015.01.08 19:26:18.028,12.08733,12.09062,0.00,0.00
2015.01.08 19:26:18.078,12.08715,12.09059,0.00,0.00
2015.01.08 19:26:18.179,12.08701,12.09045,0.00,0.00
2015.01.08 19:26:18.531,12.08692,12.09034,0.00,0.00
2015.01.08 19:26:18.851,12.0869,12.09032,0.00,0.00
2015.01.08 19:26:18.952,12.08662,12.09006,0.00,0.00
2015.01.08 19:26:19.053,12.08644,12.08986,0.00,0.00
2015.01.08 19:26:19.254,12.08616,12.0896,0.00,0.00
2015.01.08 19:26:19.735,12.08605,12.08949,0.00,0.00
2015.01.08 19:26:20.343,12.08687,12.08969,0.00,0.00
2015.01.08 19:26:20.670,12.08673,12.08969,0.00,0.00
2015.01.08 19:26:20.832,12.08673,12.09015,0.00,0.00
2015.01.08 19:26:23.840,12.08733,12.09062,0.00,0.00
2015.01.08 19:26:24.177,12.08708,12.0905,0.00,0.00
2015.01.08 19:26:26.105,12.08708,12.09052,0.00,0.00
2015.01.08 19:26:26.982,12.08733,12.09077,0.00,0.00
2015.01.08 19:26:27.288,12.08704,12.09048,0.00,0.00
2015.01.08 19:26:27.686,12.08686,12.09028,0.00,0.00
2015.01.08 19:26:28.046,12.08686,12.09022,0.00,0.00
2015.01.08 19:26:28.191,12.08655,12.08999,0.00,0.00
2015.01.08 19:26:28.693,12.08668,12.0901,0.00,0.00
2015.01.08 19:26:30.834,12.0865,12.08994,0.00,0.00
2015.01.08 19:26:31.449,12.08668,12.08994,0.00,0.00
2015.01.08 19:26:31.550,12.08735,12.09062,0.00,0.00
2015.01.08 19:26:31.826,12.08735,12.09069,0.00,0.00
2015.01.08 19:26:32.467,12.08735,12.09077,0.00,0.00
2015.01.08 19:26:49.057,12.08779,12.09093,0.00,0.00
2015.01.08 19:26:49.158,12.08779,12.09118,0.00,0.00
2015.01.08 19:26:51.957,12.08779,12.09096,0.00,0.00
2015.01.08 19:26:55.467,12.08779,12.09119,0.00,0.00
2015.01.08 19:26:55.539,12.08807,12.0912,0.00,0.00
2015.01.08 19:26:55.590,12.08807,12.09151,0.00,0.00
2015.01.08 19:26:55.640,12.08826,12.09168,0.00,0.00
2015.01.08 19:26:55.959,12.08808,12.0915,0.00,0.00
2015.01.08 19:26:56.060,12.0878,12.09124,0.00,0.00
2015.01.08 19:27:02.366,12.08828,12.09124,0.00,0.00
2015.01.08 19:27:02.467,12.08828,12.09144,0.00,0.00
2015.01.08 19:27:05.885,12.08828,12.09162,0.00,0.00
2015.01.08 19:27:08.292,12.0879,12.09132,0.00,0.00
2015.01.08 19:27:08.732,12.08813,12.09155,0.00,0.00
2015.01.08 19:27:11.716,12.08829,12.09172,0.00,0.00
2015.01.08 19:27:11.817,12.08829,12.09161,0.00,0.00
2015.01.08 19:27:20.939,12.08836,12.0918,0.00,0.00
2015.01.08 19:27:20.989,12.08878,12.0918,0.00,0.00
2015.01.08 19:27:21.040,12.08878,12.0922,0.00,0.00
2015.01.08 19:27:21.339,12.08878,12.09203,0.00,0.00
2015.01.08 19:27:29.762,12.08878,12.0922,0.00,0.00
2015.01.08 19:27:29.863,12.08878,12.09197,0.00,0.00
2015.01.08 19:27:33.471,12.08878,12.09212,0.00,0.00
2015.01.08 19:27:36.122,12.08878,12.09198,0.00,0.00
2015.01.08 19:27:41.305,12.08856,12.09198,0.00,0.00
2015.01.08 19:27:41.356,12.08829,12.09164,0.00,0.00
2015.01.08 19:27:49.379,12.08829,12.09121,0.00,0.00
2015.01.08 19:27:49.546,12.08722,12.09064,0.00,0.00
2015.01.08 19:27:49.697,12.08711,12.09041,0.00,0.00
2015.01.08 19:27:50.640,12.08722,12.09061,0.00,0.00
2015.01.08 19:27:51.156,12.08694,12.09036,0.00,0.00
2015.01.08 19:27:55.429,12.08703,12.09047,0.00,0.00
2015.01.08 19:27:55.480,12.0873,12.0906,0.00,0.00
2015.01.08 19:27:55.806,12.08828,12.0912,0.00,0.00
2015.01.08 19:27:55.856,12.08788,12.0912,0.00,0.00
2015.01.08 19:27:55.907,12.08779,12.09112,0.00,0.00
2015.01.08 19:27:57.263,12.08792,12.09121,0.00,0.00
2015.01.08 19:27:59.676,12.08828,12.09121,0.00,0.00
2015.01.08 19:27:59.727,12.08828,12.09169,0.00,0.00
2015.01.08 19:27:59.877,12.08837,12.09179,0.00,0.00
2015.01.08 19:28:00.997,12.08878,12.09153,0.00,0.00
2015.01.08 19:28:01.099,12.08878,12.09211,0.00,0.00
2015.01.08 19:28:01.200,12.08919,12.0922,0.00,0.00
2015.01.08 19:28:01.401,12.09041,12.09385,0.00,0.00
2015.01.08 19:28:01.470,12.09028,12.09372,0.00,0.00
2015.01.08 19:28:01.982,12.09019,12.0936,0.00,0.00
2015.01.08 19:28:02.222,12.09079,12.09421,0.00,0.00
2015.01.08 19:28:02.273,12.09068,12.09439,0.00,0.00
2015.01.08 19:28:02.430,12.09018,12.09412,0.00,0.00
2015.01.08 19:28:03.744,12.08983,12.09362,0.00,0.00
2015.01.08 19:28:03.795,12.08968,12.09351,0.00,0.00
2015.01.08 19:28:04.523,12.08919,12.09311,0.00,0.00
2015.01.08 19:28:05.601,12.0896,12.09302,0.00,0.00
2015.01.08 19:28:05.701,12.08943,12.09287,0.00,0.00
2015.01.08 19:28:05.752,12.08969,12.09287,0.00,0.00
2015.01.08 19:28:05.853,12.08919,12.09253,0.00,0.00
2015.01.08 19:28:05.980,12.08937,12.09279,0.00,0.00
2015.01.08 19:28:07.743,12.08937,12.09272,0.00,0.00
2015.01.08 19:28:07.793,12.08882,12.09224,0.00,0.00
2015.01.08 19:28:09.346,12.08878,12.09207,0.00,0.00
2015.01.08 19:28:09.635,12.08888,12.0923,0.00,0.00
2015.01.08 19:28:09.685,12.08888,12.09221,0.00,0.00
2015.01.08 19:28:09.736,12.08866,12.0921,0.00,0.00
2015.01.08 19:28:09.787,12.08879,12.0921,0.00,0.00
2015.01.08 19:28:10.092,12.08879,12.09197,0.00,0.00
2015.01.08 19:28:10.192,12.0889,12.09234,0.00,0.00
2015.01.08 19:28:10.243,12.0889,12.09221,0.00,0.00
2015.01.08 19:28:10.602,12.08914,12.09238,0.00,0.00
2015.01.08 19:28:10.653,12.08914,12.09256,0.00,0.00
2015.01.08 19:28:11.070,12.08894,12.09236,0.00,0.00
2015.01.08 19:28:13.280,12.08913,12.09257,0.00,0.00
2015.01.08 19:28:13.416,12.08919,12.09257,0.00,0.00
2015.01.08 19:28:13.718,12.09176,12.09362,0.00,0.00
2015.01.08 19:28:13.869,12.09198,12.09522,0.00,0.00
2015.01.08 19:28:13.969,12.09198,12.09542,0.00,0.00
2015.01.08 19:28:14.290,12.09169,12.09507,0.00,0.00
2015.01.08 19:28:14.694,12.09175,12.09517,0.00,0.00
2015.01.08 19:28:15.009,12.09201,12.09545,0.00,0.00
2015.01.08 19:28:16.401,12.09178,12.0952,0.00,0.00
2015.01.08 19:28:16.998,12.09202,12.09546,0.00,0.00
2015.01.08 19:28:17.421,12.09177,12.09521,0.00,0.00
2015.01.08 19:28:17.622,12.09168,12.09539,0.00,0.00
2015.01.08 19:28:18.578,12.09168,12.0956,0.00,0.00
2015.01.08 19:28:18.681,12.09168,12.09562,0.00,0.00
2015.01.08 19:28:19.333,12.09168,12.09468,0.00,0.00
2015.01.08 19:28:19.384,12.09129,12.09468,0.00,0.00
2015.01.08 19:28:19.485,12.09068,12.09462,0.00,0.00
2015.01.08 19:28:20.333,12.0907,12.09462,0.00,0.00
2015.01.08 19:28:20.490,12.09068,12.09462,0.00,0.00
2015.01.08 19:28:21.605,12.0907,12.09462,0.00,0.00
2015.01.08 19:28:21.711,12.09068,12.09462,0.00,0.00
2015.01.08 19:28:23.900,12.09074,12.09462,0.00,0.00
2015.01.08 19:28:25.153,12.09068,12.09462,0.00,0.00
2015.01.08 19:28:27.758,12.09128,12.095,0.00,0.00
2015.01.08 19:28:27.808,12.09128,12.09517,0.00,0.00
2015.01.08 19:28:35.233,12.09134,12.09478,0.00,0.00
2015.01.08 19:28:37.516,12.09116,12.09458,0.00,0.00
2015.01.08 19:28:38.285,12.09139,12.09461,0.00,0.00
2015.01.08 19:28:38.386,12.09168,12.09508,0.00,0.00
2015.01.08 19:28:39.882,12.09168,12.09493,0.00,0.00
2015.01.08 19:28:39.983,12.09168,12.09504,0.00,0.00
2015.01.08 19:28:40.480,12.09174,12.09518,0.00,0.00
2015.01.08 19:28:42.345,12.09168,12.09493,0.00,0.00
2015.01.08 19:28:42.457,12.09168,12.09506,0.00,0.00
2015.01.08 19:28:43.666,12.09168,12.09503,0.00,0.00
2015.01.08 19:28:46.864,12.09168,12.09491,0.00,0.00
2015.01.08 19:28:47.795,12.09173,12.09515,0.00,0.00
2015.01.08 19:28:48.287,12.09168,12.09505,0.00,0.00
2015.01.08 19:28:49.458,12.09177,12.09521,0.00,0.00
2015.01.08 19:28:51.479,12.09192,12.09521,0.00,0.00
2015.01.08 19:28:55.202,12.09222,12.09562,0.00,0.00
2015.01.08 19:28:55.302,12.09283,12.09612,0.00,0.00
2015.01.08 19:28:55.353,12.09283,12.09621,0.00,0.00
2015.01.08 19:28:56.468,12.09278,12.09608,0.00,0.00
2015.01.08 19:28:56.644,12.09264,12.09608,0.00,0.00
2015.01.08 19:28:56.695,12.09247,12.09591,0.00,0.00
2015.01.08 19:28:57.415,12.09279,12.09591,0.00,0.00
2015.01.08 19:28:57.515,12.09291,12.0962,0.00,0.00
2015.01.08 19:28:58.038,12.09291,12.09621,0.00,0.00
2015.01.08 19:28:59.214,12.0926,12.09604,0.00,0.00
2015.01.08 19:28:59.315,12.09245,12.09587,0.00,0.00
2015.01.08 19:28:59.873,12.09255,12.09599,0.00,0.00
2015.01.08 19:29:00.690,12.09291,12.09611,0.00,0.00
2015.01.08 19:29:00.741,12.09291,12.09633,0.00,0.00
2015.01.08 19:29:01.505,12.09262,12.09606,0.00,0.00
2015.01.08 19:29:01.606,12.09247,12.09589,0.00,0.00
2015.01.08 19:29:02.403,12.0921,12.09552,0.00,0.00
2015.01.08 19:29:03.003,12.0925,12.09592,0.00,0.00
2015.01.08 19:29:05.706,12.09281,12.09621,0.00,0.00
2015.01.08 19:29:06.818,12.09281,12.0962,0.00,0.00
2015.01.08 19:29:07.325,12.09281,12.09621,0.00,0.00
2015.01.08 19:29:07.786,12.09278,12.09601,0.00,0.00
2015.01.08 19:29:07.887,12.09234,12.09578,0.00,0.00
2015.01.08 19:29:08.087,12.09222,12.09566,0.00,0.00
2015.01.08 19:29:08.644,12.09208,12.09552,0.00,0.00
2015.01.08 19:29:08.990,12.09242,12.09568,0.00,0.00
2015.01.08 19:29:09.205,12.09212,12.09554,0.00,0.00
2015.01.08 19:29:09.306,12.09237,12.09568,0.00,0.00
2015.01.08 19:29:09.490,12.09223,12.09565,0.00,0.00
2015.01.08 19:29:09.690,12.09235,12.09568,0.00,0.00
2015.01.08 19:29:09.931,12.09235,12.09579,0.00,0.00
2015.01.08 19:29:10.032,12.09222,12.09566,0.00,0.00
2015.01.08 19:29:10.399,12.09235,12.09579,0.00,0.00
2015.01.08 19:29:11.808,12.09248,12.09592,0.00,0.00
2015.01.08 19:29:12.614,12.09237,12.09581,0.00,0.00
2015.01.08 19:29:13.825,12.09285,12.0962,0.00,0.00
2015.01.08 19:29:14.759,12.09285,12.09621,0.00,0.00
2015.01.08 19:29:14.809,12.09216,12.0956,0.00,0.00
2015.01.08 19:29:15.806,12.09193,12.09537,0.00,0.00
2015.01.08 19:29:16.122,12.09266,12.09608,0.00,0.00
2015.01.08 19:29:16.747,12.09278,12.09608,0.00,0.00
2015.01.08 19:29:17.808,12.0928,12.09621,0.00,0.00
2015.01.08 19:29:18.397,12.0928,12.0962,0.00,0.00
2015.01.08 19:29:19.763,12.0933,12.09674,0.00,0.00
2015.01.08 19:29:20.246,12.09328,12.09654,0.00,0.00
2015.01.08 19:29:31.842,12.09331,12.09673,0.00,0.00
2015.01.08 19:29:31.953,12.09378,12.09673,0.00,0.00
2015.01.08 19:29:32.054,12.09378,12.09704,0.00,0.00
2015.01.08 19:29:33.763,12.09279,12.09412,0.00,0.00
2015.01.08 19:29:33.814,12.09131,12.09412,0.00,0.00
2015.01.08 19:29:33.865,12.09045,12.09389,0.00,0.00
2015.01.08 19:29:33.966,12.09075,12.09412,0.00,0.00
2015.01.08 19:29:34.068,12.0909,12.09434,0.00,0.00
2015.01.08 19:29:34.169,12.0909,12.09411,0.00,0.00
2015.01.08 19:29:34.270,12.09076,12.09411,0.00,0.00
2015.01.08 19:29:34.370,12.09066,12.0941,0.00,0.00
2015.01.08 19:29:34.471,12.09044,12.09388,0.00,0.00
2015.01.08 19:29:34.805,12.09055,12.09391,0.00,0.00
2015.01.08 19:29:34.957,12.08997,12.09339,0.00,0.00
2015.01.08 19:29:35.693,12.09018,12.09339,0.00,0.00
2015.01.08 19:29:35.794,12.0903,12.09374,0.00,0.00
2015.01.08 19:29:44.399,12.08997,12.09341,0.00,0.00
2015.01.08 19:29:45.189,12.09009,12.09353,0.00,0.00
2015.01.08 19:29:48.812,12.09025,12.09369,0.00,0.00
2015.01.08 19:29:49.247,12.0904,12.09384,0.00,0.00
2015.01.08 19:29:52.116,12.09021,12.09365,0.00,0.00
2015.01.08 19:29:52.617,12.09041,12.09383,0.00,0.00
2015.01.08 19:29:53.183,12.09041,12.09362,0.00,0.00
2015.01.08 19:29:53.335,12.09003,12.09345,0.00,0.00
2015.01.08 19:29:54.855,12.09019,12.09345,0.00,0.00
2015.01.08 19:29:54.956,12.09045,12.09389,0.00,0.00
2015.01.08 19:29:59.424,12.09045,12.09369,0.00,0.00
2015.01.08 19:29:59.579,12.09009,12.09353,0.00,0.00
2015.01.08 19:30:00.594,12.09019,12.09353,0.00,0.00
2015.01.08 19:30:00.695,12.09003,12.09347,0.00,0.00
2015.01.08 19:30:01.955,12.08932,12.09248,0.00,0.00
2015.01.08 19:30:02.007,12.08906,12.09248,0.00,0.00
2015.01.08 19:30:02.107,12.08918,12.09262,0.00,0.00
2015.01.08 19:30:02.486,12.08903,12.09245,0.00,0.00
2015.01.08 19:30:03.942,12.08889,12.09233,0.00,0.00
2015.01.08 19:30:04.753,12.08905,12.09249,0.00,0.00
2015.01.08 19:30:18.014,12.08905,12.09238,0.00,0.00
2015.01.08 19:30:18.115,12.08888,12.09222,0.00,0.00
2015.01.08 19:30:18.166,12.08888,12.09172,0.00,0.00
2015.01.08 19:30:18.216,12.08837,12.09172,0.00,0.00
2015.01.08 19:30:18.280,12.08817,12.09161,0.00,0.00
2015.01.08 19:30:20.102,12.08806,12.0915,0.00,0.00
2015.01.08 19:30:20.603,12.0882,12.09164,0.00,0.00
2015.01.08 19:30:22.425,12.08806,12.09148,0.00,0.00
2015.01.08 19:30:23.695,12.08821,12.09163,0.00,0.00
2015.01.08 19:30:24.017,12.088,12.09144,0.00,0.00
2015.01.08 19:30:24.096,12.08789,12.09133,0.00,0.00
2015.01.08 19:30:25.228,12.08778,12.09118,0.00,0.00
2015.01.08 19:30:25.329,12.0873,12.09072,0.00,0.00
2015.01.08 19:30:25.430,12.08704,12.09048,0.00,0.00
2015.01.08 19:30:25.699,12.08715,12.09059,0.00,0.00
2015.01.08 19:30:26.173,12.08705,12.09047,0.00,0.00
2015.01.08 19:30:28.294,12.08718,12.09047,0.00,0.00
2015.01.08 19:30:28.345,12.08718,12.09058,0.00,0.00
2015.01.08 19:30:28.446,12.08746,12.09088,0.00,0.00
2015.01.08 19:30:29.799,12.08721,12.09063,0.00,0.00
2015.01.08 19:30:30.127,12.08718,12.09052,0.00,0.00
2015.01.08 19:30:31.110,12.08721,12.09063,0.00,0.00
2015.01.08 19:30:31.211,12.08718,12.09053,0.00,0.00
2015.01.08 19:30:37.534,12.08929,12.09053,0.00,0.00
2015.01.08 19:30:37.637,12.0893,12.09169,0.00,0.00
2015.01.08 19:30:37.814,12.0893,12.09272,0.00,0.00
2015.01.08 19:30:37.865,12.08995,12.09272,0.00,0.00
2015.01.08 19:30:37.954,12.08995,12.09339,0.00,0.00
2015.01.08 19:30:38.222,12.09011,12.09353,0.00,0.00
2015.01.08 19:30:42.565,12.08998,12.09321,0.00,0.00
2015.01.08 19:30:42.733,12.08918,12.09249,0.00,0.00
2015.01.08 19:30:44.536,12.08921,12.09263,0.00,0.00
2015.01.08 19:30:45.440,12.08907,12.09249,0.00,0.00
2015.01.08 19:30:52.146,12.08968,12.09249,0.00,0.00
2015.01.08 19:30:52.255,12.0897,12.09314,0.00,0.00
2015.01.08 19:30:52.356,12.0898,12.0932,0.00,0.00
2015.01.08 19:30:53.345,12.09036,12.09378,0.00,0.00
2015.01.08 19:30:54.053,12.09024,12.09366,0.00,0.00
2015.01.08 19:30:59.643,12.09069,12.09366,0.00,0.00
2015.01.08 19:30:59.694,12.09069,12.09388,0.00,0.00
2015.01.08 19:30:59.795,12.09046,12.09388,0.00,0.00
2015.01.08 19:31:00.202,12.09018,12.09361,0.00,0.00
2015.01.08 19:31:00.391,12.0903,12.09372,0.00,0.00
2015.01.08 19:31:00.914,12.09018,12.0936,0.00,0.00
2015.01.08 19:31:00.964,12.09016,12.0936,0.00,0.00
2015.01.08 19:31:01.015,12.09002,12.09344,0.00,0.00
2015.01.08 19:31:01.504,12.08994,12.09338,0.00,0.00
2015.01.08 19:31:01.605,12.09011,12.09355,0.00,0.00
2015.01.08 19:31:04.497,12.09025,12.09361,0.00,0.00
2015.01.08 19:31:07.916,12.09025,12.09369,0.00,0.00
2015.01.08 19:31:07.966,12.0903,12.09369,0.00,0.00
2015.01.08 19:31:08.017,12.09069,12.09411,0.00,0.00
2015.01.08 19:31:08.117,12.09069,12.09413,0.00,0.00
2015.01.08 19:31:11.980,12.09092,12.09436,0.00,0.00
2015.01.08 19:31:13.857,12.0907,12.09412,0.00,0.00
2015.01.08 19:31:14.821,12.09081,12.09423,0.00,0.00
2015.01.08 19:31:15.836,12.09094,12.09438,0.00,0.00
2015.01.08 19:31:17.266,12.0907,12.09414,0.00,0.00
2015.01.08 19:31:17.675,12.09095,12.09439,0.00,0.00
2015.01.08 19:31:19.637,12.09081,12.09425,0.00,0.00
2015.01.08 19:31:20.239,12.09082,12.09424,0.00,0.00
2015.01.08 19:31:21.037,12.09068,12.09412,0.00,0.00
2015.01.08 19:31:21.134,12.09068,12.09396,0.00,0.00
2015.01.08 19:31:22.633,12.09054,12.09396,0.00,0.00
2015.01.08 19:31:23.137,12.0907,12.09412,0.00,0.00
2015.01.08 19:31:23.237,12.09046,12.0939,0.00,0.00
2015.01.08 19:31:26.642,12.09057,12.09401,0.00,0.00
2015.01.08 19:31:42.612,12.09046,12.09388,0.00,0.00
2015.01.08 19:31:44.996,12.09056,12.094,0.00,0.00
2015.01.08 19:31:47.004,12.09056,12.09369,0.00,0.00
2015.01.08 19:31:47.105,12.09034,12.09361,0.00,0.00
2015.01.08 19:31:47.205,12.09017,12.09361,0.00,0.00
2015.01.08 19:31:47.574,12.09041,12.09361,0.00,0.00
2015.01.08 19:31:47.625,12.09041,12.09369,0.00,0.00
2015.01.08 19:31:48.589,12.09023,12.09365,0.00,0.00
2015.01.08 19:31:54.398,12.09046,12.0939,0.00,0.00
2015.01.08 19:31:55.401,12.09013,12.09357,0.00,0.00
2015.01.08 19:31:55.838,12.09019,12.09357,0.00,0.00
2015.01.08 19:31:56.153,12.09037,12.09362,0.00,0.00
2015.01.08 19:31:57.606,12.09061,12.09403,0.00,0.00
2015.01.08 19:31:57.707,12.09069,12.09403,0.00,0.00
2015.01.08 19:31:58.108,12.09069,12.0939,0.00,0.00
2015.01.08 19:31:58.209,12.09071,12.09413,0.00,0.00
2015.01.08 19:32:03.025,12.09069,12.09396,0.00,0.00
2015.01.08 19:32:03.882,12.09054,12.09396,0.00,0.00
2015.01.08 19:32:03.933,12.09032,12.09376,0.00,0.00
2015.01.08 19:32:11.409,12.09054,12.09396,0.00,0.00
2015.01.08 19:32:13.669,12.09278,12.09396,0.00,0.00
2015.01.08 19:32:13.719,12.09278,12.09413,0.00,0.00
2015.01.08 19:32:13.770,12.09389,12.09489,0.00,0.00
2015.01.08 19:32:13.820,12.09429,12.09669,0.00,0.00
2015.01.08 19:32:13.921,12.09455,12.09669,0.00,0.00
2015.01.08 19:32:13.972,12.09455,12.09722,0.00,0.00
2015.01.08 19:32:14.072,12.09463,12.09772,0.00,0.00
2015.01.08 19:32:14.123,12.09468,12.09805,0.00,0.00
2015.01.08 19:32:14.423,12.09468,12.09785,0.00,0.00
2015.01.08 19:32:14.774,12.09425,12.09769,0.00,0.00
2015.01.08 19:32:14.824,12.09418,12.09758,0.00,0.00
2015.01.08 19:32:14.975,12.09414,12.09758,0.00,0.00
2015.01.08 19:32:15.025,12.09396,12.0974,0.00,0.00
2015.01.08 19:32:15.515,12.09408,12.09752,0.00,0.00
2015.01.08 19:32:16.638,12.09408,12.09638,0.00,0.00
2015.01.08 19:32:16.689,12.09255,12.09562,0.00,0.00
2015.01.08 19:32:16.811,12.09218,12.09562,0.00,0.00
2015.01.08 19:32:17.346,12.09241,12.09562,0.00,0.00
2015.01.08 19:32:18.460,12.09212,12.09556,0.00,0.00
2015.01.08 19:32:18.723,12.09188,12.0953,0.00,0.00
2015.01.08 19:32:19.138,12.09089,12.09431,0.00,0.00
2015.01.08 19:32:20.128,12.09104,12.09448,0.00,0.00
2015.01.08 19:32:20.229,12.09069,12.09461,0.00,0.00
2015.01.08 19:32:20.331,12.09079,12.09461,0.00,0.00
2015.01.08 19:32:22.981,12.09069,12.09461,0.00,0.00
2015.01.08 19:32:23.675,12.09069,12.09438,0.00,0.00
2015.01.08 19:32:23.786,12.09019,12.09411,0.00,0.00
2015.01.08 19:32:23.889,12.08974,12.09361,0.00,0.00
2015.01.08 19:32:24.005,12.09019,12.09411,0.00,0.00
2015.01.08 19:32:24.105,12.08992,12.09361,0.00,0.00
2015.01.08 19:32:24.156,12.08969,12.09361,0.00,0.00
2015.01.08 19:32:33.634,12.09008,12.09361,0.00,0.00
2015.01.08 19:32:33.685,12.09029,12.09412,0.00,0.00
2015.01.08 19:32:33.783,12.09068,12.09421,0.00,0.00
2015.01.08 19:32:37.435,12.09068,12.0942,0.00,0.00
2015.01.08 19:32:45.359,12.09068,12.09462,0.00,0.00
2015.01.08 19:33:00.355,12.09087,12.09429,0.00,0.00
2015.01.08 19:33:01.281,12.09087,12.09412,0.00,0.00
2015.01.08 19:33:01.381,12.09066,12.09408,0.00,0.00
2015.01.08 19:33:01.482,12.09043,12.09387,0.00,0.00
2015.01.08 19:33:02.271,12.09043,12.09361,0.00,0.00
2015.01.08 19:33:02.371,12.0901,12.09354,0.00,0.00
2015.01.08 19:33:04.178,12.0901,12.09269,0.00,0.00
2015.01.08 19:33:04.279,12.08919,12.09261,0.00,0.00
2015.01.08 19:33:04.476,12.08895,12.09237,0.00,0.00
2015.01.08 19:33:05.880,12.0888,12.09222,0.00,0.00
2015.01.08 19:33:05.981,12.08831,12.09175,0.00,0.00
2015.01.08 19:33:06.032,12.08831,12.09171,0.00,0.00
2015.01.08 19:33:06.083,12.08812,12.09154,0.00,0.00
2015.01.08 19:33:10.891,12.08779,12.09168,0.00,0.00
2015.01.08 19:33:13.160,12.08735,12.09111,0.00,0.00
2015.01.08 19:33:13.211,12.08719,12.09111,0.00,0.00
2015.01.08 19:33:16.348,12.08729,12.09111,0.00,0.00
2015.01.08 19:33:16.398,12.08768,12.09162,0.00,0.00
2015.01.08 19:33:16.499,12.08829,12.0917,0.00,0.00
2015.01.08 19:33:18.254,12.08829,12.09221,0.00,0.00
2015.01.08 19:33:18.305,12.08842,12.09221,0.00,0.00
2015.01.08 19:33:18.355,12.08879,12.09268,0.00,0.00
2015.01.08 19:33:20.600,12.08879,12.09221,0.00,0.00
2015.01.08 19:33:21.034,12.08879,12.09212,0.00,0.00
2015.01.08 19:33:22.180,12.08879,12.09168,0.00,0.00
2015.01.08 19:33:22.231,12.08848,12.09168,0.00,0.00
2015.01.08 19:33:22.350,12.08817,12.09161,0.00,0.00
2015.01.08 19:33:22.451,12.08794,12.09138,0.00,0.00
2015.01.08 19:33:24.055,12.08829,12.09138,0.00,0.00
2015.01.08 19:33:24.438,12.08829,12.09173,0.00,0.00
2015.01.08 19:33:29.379,12.08829,12.09149,0.00,0.00
2015.01.08 19:33:29.480,12.08794,12.09136,0.00,0.00
2015.01.08 19:33:29.583,12.0876,12.09102,0.00,0.00
2015.01.08 19:33:29.785,12.08737,12.09081,0.00,0.00
2015.01.08 19:33:32.056,12.0872,12.09064,0.00,0.00
2015.01.08 19:33:34.882,12.0876,12.09102,0.00,0.00
2015.01.08 19:33:35.306,12.08778,12.09102,0.00,0.00
2015.01.08 19:33:35.653,12.0876,12.09062,0.00,0.00
2015.01.08 19:33:35.966,12.08779,12.09069,0.00,0.00
2015.01.08 19:33:36.151,12.08779,12.09107,0.00,0.00
2015.01.08 19:33:38.323,12.08729,12.09062,0.00,0.00
2015.01.08 19:33:38.647,12.0872,12.09062,0.00,0.00
2015.01.08 19:33:47.239,12.08739,12.09083,0.00,0.00
2015.01.08 19:33:47.290,12.08778,12.09083,0.00,0.00
2015.01.08 19:33:47.340,12.08779,12.09121,0.00,0.00
2015.01.08 19:33:48.010,12.08778,12.09111,0.00,0.00
2015.01.08 19:33:48.211,12.08779,12.09121,0.00,0.00
2015.01.08 19:33:51.059,12.08779,12.0912,0.00,0.00
2015.01.08 19:33:51.422,12.08778,12.09111,0.00,0.00
2015.01.08 19:33:51.522,12.08779,12.09121,0.00,0.00
2015.01.08 19:33:53.489,12.08779,12.0912,0.00,0.00
2015.01.08 19:33:56.523,12.08779,12.09121,0.00,0.00
2015.01.08 19:33:57.347,12.08779,12.0912,0.00,0.00
2015.01.08 19:33:57.900,12.08779,12.09121,0.00,0.00
2015.01.08 19:34:01.586,12.08779,12.0912,0.00,0.00
2015.01.08 19:34:05.399,12.08778,12.0911,0.00,0.00
2015.01.08 19:34:05.500,12.08779,12.0912,0.00,0.00
2015.01.08 19:34:06.009,12.08779,12.09121,0.00,0.00
2015.01.08 19:34:06.260,12.08778,12.09099,0.00,0.00
2015.01.08 19:34:09.222,12.08721,12.09065,0.00,0.00
2015.01.08 19:34:12.230,12.08778,12.09065,0.00,0.00
2015.01.08 19:34:12.280,12.08778,12.09102,0.00,0.00
2015.01.08 19:34:12.777,12.08778,12.09088,0.00,0.00
2015.01.08 19:34:12.828,12.08746,12.09088,0.00,0.00
2015.01.08 19:34:12.879,12.08719,12.09063,0.00,0.00
2015.01.08 19:34:20.155,12.08719,12.09061,0.00,0.00
2015.01.08 19:34:20.206,12.08689,12.09033,0.00,0.00
2015.01.08 19:34:20.592,12.08669,12.09013,0.00,0.00
2015.01.08 19:34:23.820,12.08647,12.08989,0.00,0.00
2015.01.08 19:34:24.177,12.08628,12.08968,0.00,0.00
2015.01.08 19:34:28.293,12.08626,12.08962,0.00,0.00
2015.01.08 19:34:28.344,12.08609,12.08951,0.00,0.00
2015.01.08 19:34:28.445,12.08595,12.08939,0.00,0.00
2015.01.08 19:34:38.850,12.08595,12.08862,0.00,0.00
2015.01.08 19:34:38.951,12.08514,12.08858,0.00,0.00
2015.01.08 19:34:39.052,12.08494,12.08838,0.00,0.00
2015.01.08 19:34:43.041,12.08469,12.08769,0.00,0.00
2015.01.08 19:34:43.142,12.08414,12.08758,0.00,0.00
2015.01.08 19:34:43.242,12.08394,12.08738,0.00,0.00
2015.01.08 19:34:43.696,12.08419,12.08738,0.00,0.00
2015.01.08 19:34:43.747,12.08419,12.08757,0.00,0.00
2015.01.08 19:34:43.956,12.08429,12.08769,0.00,0.00
2015.01.08 19:34:44.129,12.08429,12.08773,0.00,0.00
2015.01.08 19:34:53.247,12.08429,12.08668,0.00,0.00
2015.01.08 19:34:53.347,12.08329,12.08658,0.00,0.00
2015.01.08 19:34:53.398,12.08314,12.08658,0.00,0.00
2015.01.08 19:34:53.448,12.08294,12.08638,0.00,0.00
2015.01.08 19:34:53.957,12.08329,12.08658,0.00,0.00
2015.01.08 19:35:00.849,12.08379,12.08658,0.00,0.00
2015.01.08 19:35:00.983,12.08379,12.08671,0.00,0.00
2015.01.08 19:35:03.493,12.08329,12.08667,0.00,0.00
2015.01.08 19:35:03.594,12.08329,12.08647,0.00,0.00
2015.01.08 19:35:11.660,12.08378,12.08647,0.00,0.00
2015.01.08 19:35:11.711,12.08378,12.08671,0.00,0.00
2015.01.08 19:35:12.420,12.0834,12.08671,0.00,0.00
2015.01.08 19:35:12.521,12.08378,12.08667,0.00,0.00
2015.01.08 19:35:12.621,12.08378,12.0867,0.00,0.00
2015.01.08 19:35:13.276,12.08378,12.08671,0.00,0.00
2015.01.08 19:35:15.570,12.08511,12.08671,0.00,0.00
2015.01.08 19:35:15.620,12.0853,12.08772,0.00,0.00
2015.01.08 19:35:15.721,12.0861,12.08812,0.00,0.00
2015.01.08 19:35:15.831,12.08625,12.08912,0.00,0.00
2015.01.08 19:35:15.932,12.08659,12.08961,0.00,0.00
2015.01.08 19:35:16.033,12.08659,12.08969,0.00,0.00
2015.01.08 19:35:16.133,12.08644,12.08969,0.00,0.00
2015.01.08 19:35:16.333,12.0866,12.08969,0.00,0.00
2015.01.08 19:35:16.633,12.08644,12.08969,0.00,0.00
2015.01.08 19:35:16.684,12.08644,12.08988,0.00,0.00
2015.01.08 19:35:18.040,12.08628,12.08965,0.00,0.00
2015.01.08 19:35:26.071,12.08568,12.08962,0.00,0.00
2015.01.08 19:35:26.178,12.08629,12.08968,0.00,0.00
2015.01.08 19:35:27.010,12.08629,12.09021,0.00,0.00
2015.01.08 19:35:27.962,12.08629,12.0902,0.00,0.00
2015.01.08 19:35:31.446,12.08629,12.09021,0.00,0.00
2015.01.08 19:35:34.147,12.08629,12.09005,0.00,0.00
2015.01.08 19:35:34.197,12.08569,12.08961,0.00,0.00
2015.01.08 19:35:34.248,12.08569,12.08889,0.00,0.00
2015.01.08 19:35:34.298,12.08545,12.08889,0.00,0.00
2015.01.08 19:35:34.349,12.08524,12.08868,0.00,0.00
2015.01.08 19:35:38.674,12.08519,12.0885,0.00,0.00
2015.01.08 19:35:38.725,12.08508,12.0885,0.00,0.00
2015.01.08 19:35:38.985,12.08496,12.0884,0.00,0.00
2015.01.08 19:35:39.086,12.08473,12.08815,0.00,0.00
2015.01.08 19:35:39.671,12.08468,12.08768,0.00,0.00
2015.01.08 19:35:39.722,12.08461,12.08768,0.00,0.00
2015.01.08 19:35:39.823,12.08434,12.08768,0.00,0.00
2015.01.08 19:35:39.924,12.08415,12.08757,0.00,0.00
2015.01.08 19:35:40.009,12.08418,12.08757,0.00,0.00
2015.01.08 19:35:40.479,12.08439,12.08768,0.00,0.00
2015.01.08 19:35:40.649,12.08439,12.08781,0.00,0.00
2015.01.08 19:35:46.043,12.08439,12.08768,0.00,0.00
2015.01.08 19:35:46.093,12.08393,12.08737,0.00,0.00
2015.01.08 19:35:46.862,12.08367,12.0867,0.00,0.00
2015.01.08 19:35:47.013,12.08278,12.08668,0.00,0.00
2015.01.08 19:35:51.690,12.08218,12.08612,0.00,0.00
2015.01.08 19:35:54.115,12.08169,12.08561,0.00,0.00
2015.01.08 19:35:59.685,12.08211,12.08561,0.00,0.00
2015.01.08 19:36:00.916,12.08169,12.0856,0.00,0.00
2015.01.08 19:36:01.128,12.08128,12.08522,0.00,0.00
2015.01.08 19:36:01.580,12.08169,12.08536,0.00,0.00
2015.01.08 19:36:01.635,12.08169,12.08539,0.00,0.00
2015.01.08 19:36:02.428,12.08169,12.08561,0.00,0.00
2015.01.08 19:36:06.719,12.08169,12.0856,0.00,0.00
2015.01.08 19:36:08.309,12.08218,12.0856,0.00,0.00
2015.01.08 19:36:08.651,12.08218,12.08547,0.00,0.00
2015.01.08 19:36:09.488,12.08205,12.08547,0.00,0.00
2015.01.08 19:36:09.539,12.08205,12.08521,0.00,0.00
2015.01.08 19:36:09.690,12.08169,12.08497,0.00,0.00
2015.01.08 19:36:09.791,12.0813,12.08472,0.00,0.00
2015.01.08 19:36:15.172,12.08144,12.08488,0.00,0.00
2015.01.08 19:36:27.661,12.08168,12.08488,0.00,0.00
2015.01.08 19:36:27.712,12.08199,12.08543,0.00,0.00
2015.01.08 19:36:31.471,12.08199,12.08538,0.00,0.00
2015.01.08 19:36:31.522,12.08184,12.08526,0.00,0.00
2015.01.08 19:36:31.641,12.08184,12.08521,0.00,0.00
2015.01.08 19:36:31.709,12.08184,12.08526,0.00,0.00
2015.01.08 19:36:32.216,12.08194,12.08538,0.00,0.00
2015.01.08 19:36:38.778,12.08194,12.08522,0.00,0.00
2015.01.08 19:36:38.829,12.08181,12.08522,0.00,0.00
2015.01.08 19:36:38.929,12.08171,12.08513,0.00,0.00
2015.01.08 19:36:39.145,12.08189,12.08533,0.00,0.00
2015.01.08 19:36:59.317,12.08199,12.08543,0.00,0.00
2015.01.08 19:37:02.884,12.08188,12.0853,0.00,0.00
2015.01.08 19:37:03.237,12.08185,12.08529,0.00,0.00
2015.01.08 19:37:04.972,12.08199,12.08543,0.00,0.00
2015.01.08 19:37:05.434,12.08184,12.08528,0.00,0.00
2015.01.08 19:37:06.146,12.08199,12.08543,0.00,0.00
2015.01.08 19:37:06.647,12.082,12.08542,0.00,0.00
2015.01.08 19:37:06.748,12.08186,12.0853,0.00,0.00
2015.01.08 19:37:07.148,12.08199,12.08543,0.00,0.00
2015.01.08 19:37:07.650,12.08187,12.08531,0.00,0.00
2015.01.08 19:37:08.083,12.08199,12.08543,0.00,0.00
2015.01.08 19:37:09.348,12.08199,12.08468,0.00,0.00
2015.01.08 19:37:09.398,12.0818,12.08468,0.00,0.00
2015.01.08 19:37:09.449,12.0818,12.08461,0.00,0.00
2015.01.08 19:37:09.499,12.08114,12.08458,0.00,0.00
2015.01.08 19:37:09.600,12.08094,12.08436,0.00,0.00
2015.01.08 19:37:13.321,12.08066,12.0841,0.00,0.00
2015.01.08 19:37:13.372,12.08066,12.08371,0.00,0.00
2015.01.08 19:37:13.422,12.08018,12.08362,0.00,0.00
2015.01.08 19:37:13.473,12.07994,12.08338,0.00,0.00
2015.01.08 19:37:13.777,12.07969,12.08311,0.00,0.00
2015.01.08 19:37:13.897,12.07944,12.08288,0.00,0.00
2015.01.08 19:37:18.348,12.07944,12.08271,0.00,0.00
2015.01.08 19:37:18.399,12.07925,12.08267,0.00,0.00
2015.01.08 19:37:18.499,12.07894,12.08238,0.00,0.00
2015.01.08 19:37:20.299,12.07924,12.08268,0.00,0.00
2015.01.08 19:37:20.601,12.07995,12.08337,0.00,0.00
2015.01.08 19:37:21.007,12.08019,12.08337,0.00,0.00
2015.01.08 19:37:35.630,12.08068,12.08337,0.00,0.00
2015.01.08 19:37:35.837,12.08018,12.08337,0.00,0.00
2015.01.08 19:37:40.835,12.07993,12.08337,0.00,0.00
2015.01.08 19:37:45.457,12.07993,12.0832,0.00,0.00
2015.01.08 19:37:45.508,12.07971,12.08315,0.00,0.00
2015.01.08 19:37:48.376,12.07969,12.08296,0.00,0.00
2015.01.08 19:37:49.734,12.08012,12.08296,0.00,0.00
2015.01.08 19:37:49.784,12.08012,12.08318,0.00,0.00
2015.01.08 19:37:49.835,12.08068,12.08318,0.00,0.00
2015.01.08 19:37:49.885,12.08069,12.08413,0.00,0.00
2015.01.08 19:37:49.986,12.08095,12.08437,0.00,0.00
2015.01.08 19:37:50.920,12.08092,12.08436,0.00,0.00
2015.01.08 19:37:52.186,12.08079,12.08423,0.00,0.00
2015.01.08 19:37:52.737,12.08078,12.08422,0.00,0.00
2015.01.08 19:37:53.728,12.08089,12.08433,0.00,0.00
2015.01.08 19:37:58.401,12.08079,12.08421,0.00,0.00
2015.01.08 19:37:59.309,12.08094,12.08438,0.00,0.00
2015.01.08 19:37:59.596,12.08082,12.08426,0.00,0.00
2015.01.08 19:38:00.396,12.08095,12.08437,0.00,0.00
2015.01.08 19:38:07.952,12.08078,12.08422,0.00,0.00
2015.01.08 19:38:11.200,12.08092,12.08436,0.00,0.00
2015.01.08 19:38:11.965,12.0808,12.08424,0.00,0.00
2015.01.08 19:38:12.318,12.08094,12.08438,0.00,0.00
2015.01.08 19:38:12.718,12.0808,12.08424,0.00,0.00
2015.01.08 19:38:14.722,12.08092,12.08436,0.00,0.00
2015.01.08 19:38:35.257,12.08094,12.08438,0.00,0.00
2015.01.08 19:38:39.714,12.08099,12.08443,0.00,0.00
2015.01.08 19:38:53.367,12.08115,12.08457,0.00,0.00
2015.01.08 19:38:53.742,12.081,12.08442,0.00,0.00
2015.01.08 19:38:56.263,12.08088,12.08432,0.00,0.00
2015.01.08 19:38:57.075,12.081,12.08442,0.00,0.00
2015.01.08 19:38:57.567,12.08088,12.08432,0.00,0.00
2015.01.08 19:39:00.696,12.08114,12.08458,0.00,0.00
2015.01.08 19:39:00.997,12.08088,12.08432,0.00,0.00
2015.01.08 19:39:01.666,12.081,12.08442,0.00,0.00
2015.01.08 19:39:01.782,12.08088,12.08432,0.00,0.00
2015.01.08 19:39:03.319,12.081,12.08442,0.00,0.00
2015.01.08 19:39:06.391,12.08089,12.08431,0.00,0.00
2015.01.08 19:39:11.233,12.08099,12.08443,0.00,0.00
2015.01.08 19:39:11.533,12.08087,12.08431,0.00,0.00
2015.01.08 19:39:11.837,12.08129,12.08457,0.00,0.00
2015.01.08 19:39:13.158,12.08129,12.08438,0.00,0.00
2015.01.08 19:39:17.630,12.0814,12.08471,0.00,0.00
2015.01.08 19:39:17.731,12.0823,12.08484,0.00,0.00
2015.01.08 19:39:17.781,12.08246,12.08549,0.00,0.00
2015.01.08 19:39:17.832,12.08246,12.08569,0.00,0.00
2015.01.08 19:39:18.033,12.08232,12.08569,0.00,0.00
2015.01.08 19:39:18.234,12.08262,12.08569,0.00,0.00
2015.01.08 19:39:18.536,12.08237,12.08571,0.00,0.00
2015.01.08 19:39:18.755,12.08261,12.08571,0.00,0.00
2015.01.08 19:39:20.283,12.08237,12.0857,0.00,0.00
2015.01.08 19:39:20.384,12.08249,12.08571,0.00,0.00
2015.01.08 19:39:20.745,12.08261,12.0857,0.00,0.00
2015.01.08 19:39:20.796,12.08261,12.08605,0.00,0.00
2015.01.08 19:39:21.752,12.08263,12.08605,0.00,0.00
2015.01.08 19:39:22.053,12.08287,12.08611,0.00,0.00
2015.01.08 19:39:22.971,12.08276,12.08611,0.00,0.00
2015.01.08 19:39:23.760,12.08262,12.08606,0.00,0.00
2015.01.08 19:39:25.367,12.08275,12.08611,0.00,0.00
2015.01.08 19:39:27.675,12.08248,12.08592,0.00,0.00
2015.01.08 19:39:30.303,12.08271,12.08611,0.00,0.00
2015.01.08 19:39:31.273,12.0826,12.08602,0.00,0.00
2015.01.08 19:39:31.877,12.08246,12.0859,0.00,0.00
2015.01.08 19:39:31.991,12.08219,12.08534,0.00,0.00
2015.01.08 19:39:32.296,12.08071,12.08415,0.00,0.00
2015.01.08 19:39:32.610,12.08068,12.08398,0.00,0.00
2015.01.08 19:39:33.020,12.08068,12.0841,0.00,0.00
2015.01.08 19:39:33.199,12.0808,12.08421,0.00,0.00
2015.01.08 19:39:34.360,12.08068,12.08411,0.00,0.00
2015.01.08 19:39:36.305,12.08068,12.08399,0.00,0.00
2015.01.08 19:39:37.420,12.08093,12.08437,0.00,0.00
2015.01.08 19:39:37.521,12.08081,12.08423,0.00,0.00
2015.01.08 19:39:38.460,12.08068,12.08412,0.00,0.00
2015.01.08 19:39:40.143,12.08041,12.08321,0.00,0.00
2015.01.08 19:39:40.244,12.07968,12.0831,0.00,0.00
2015.01.08 19:39:40.344,12.07968,12.08289,0.00,0.00
2015.01.08 19:39:40.882,12.07968,12.08305,0.00,0.00
2015.01.08 19:39:40.933,12.07878,12.08253,0.00,0.00
2015.01.08 19:39:41.267,12.07878,12.08269,0.00,0.00
2015.01.08 19:39:42.727,12.07878,12.08253,0.00,0.00
2015.01.08 19:39:43.935,12.07878,12.08238,0.00,0.00
2015.01.08 19:39:43.985,12.07828,12.08222,0.00,0.00
2015.01.08 19:39:44.086,12.07828,12.08171,0.00,0.00
2015.01.08 19:39:44.534,12.07778,12.0817,0.00,0.00
2015.01.08 19:39:45.035,12.07778,12.08169,0.00,0.00
2015.01.08 19:39:51.084,12.07778,12.08171,0.00,0.00
2015.01.08 19:39:51.135,12.07829,12.08171,0.00,0.00
2015.01.08 19:39:53.815,12.07829,12.0817,0.00,0.00
2015.01.08 19:39:55.760,12.07829,12.08171,0.00,0.00
2015.01.08 19:40:01.255,12.07878,12.08171,0.00,0.00
2015.01.08 19:40:02.623,12.07878,12.08179,0.00,0.00
2015.01.08 19:40:02.674,12.07878,12.0825,0.00,0.00
2015.01.08 19:40:03.131,12.07878,12.08234,0.00,0.00
2015.01.08 19:40:05.223,12.07828,12.08222,0.00,0.00
2015.01.08 19:40:05.273,12.07828,12.08171,0.00,0.00
2015.01.08 19:40:05.920,12.07828,12.0817,0.00,0.00
2015.01.08 19:40:07.411,12.07828,12.08171,0.00,0.00
2015.01.08 19:40:07.747,12.07828,12.08168,0.00,0.00
2015.01.08 19:40:08.886,12.07829,12.08192,0.00,0.00
2015.01.08 19:40:08.987,12.07878,12.08269,0.00,0.00
2015.01.08 19:40:09.256,12.07878,12.08248,0.00,0.00
2015.01.08 19:40:10.574,12.07878,12.08266,0.00,0.00
2015.01.08 19:40:12.686,12.07878,12.08236,0.00,0.00
2015.01.08 19:40:13.391,12.07829,12.08206,0.00,0.00
2015.01.08 19:40:13.480,12.07829,12.08188,0.00,0.00
2015.01.08 19:40:14.183,12.07829,12.0822,0.00,0.00
2015.01.08 19:40:14.283,12.07879,12.08239,0.00,0.00
2015.01.08 19:40:14.334,12.07879,12.08251,0.00,0.00
2015.01.08 19:40:15.185,12.07879,12.08227,0.00,0.00
2015.01.08 19:40:15.586,12.07879,12.08251,0.00,0.00
2015.01.08 19:40:15.687,12.07879,12.08269,0.00,0.00
2015.01.08 19:40:17.020,12.07919,12.08269,0.00,0.00
2015.01.08 19:40:17.356,12.07968,12.0827,0.00,0.00
2015.01.08 19:40:18.861,12.0793,12.0827,0.00,0.00
2015.01.08 19:40:18.976,12.07918,12.08271,0.00,0.00
2015.01.08 19:40:22.714,12.07879,12.08271,0.00,0.00
2015.01.08 19:40:22.814,12.07879,12.08269,0.00,0.00
2015.01.08 19:40:23.323,12.07879,12.08208,0.00,0.00
2015.01.08 19:40:23.525,12.07888,12.08232,0.00,0.00
2015.01.08 19:40:23.632,12.07918,12.08232,0.00,0.00
2015.01.08 19:40:26.466,12.07918,12.0821,0.00,0.00
2015.01.08 19:40:26.690,12.07878,12.0821,0.00,0.00
2015.01.08 19:40:26.945,12.07888,12.08232,0.00,0.00
2015.01.08 19:40:27.046,12.07878,12.08219,0.00,0.00
2015.01.08 19:40:28.066,12.07888,12.08232,0.00,0.00
2015.01.08 19:40:28.117,12.07918,12.08232,0.00,0.00
2015.01.08 19:40:28.454,12.07918,12.08209,0.00,0.00
2015.01.08 19:40:28.777,12.07878,12.08209,0.00,0.00
2015.01.08 19:40:29.197,12.07918,12.08209,0.00,0.00
2015.01.08 19:40:29.298,12.07918,12.08234,0.00,0.00
2015.01.08 19:40:30.921,12.07918,12.08222,0.00,0.00
2015.01.08 19:40:32.870,12.07879,12.08222,0.00,0.00
2015.01.08 19:40:32.971,12.07914,12.08258,0.00,0.00
2015.01.08 19:40:33.022,12.07879,12.08221,0.00,0.00
2015.01.08 19:40:33.325,12.07918,12.08221,0.00,0.00
2015.01.08 19:40:34.986,12.07918,12.08209,0.00,0.00
2015.01.08 19:40:35.385,12.07918,12.08235,0.00,0.00
2015.01.08 19:40:36.535,12.07918,12.08218,0.00,0.00
2015.01.08 19:40:36.686,12.07918,12.08237,0.00,0.00
2015.01.08 19:40:36.737,12.07918,12.0823,0.00,0.00
2015.01.08 19:40:37.039,12.07918,12.08223,0.00,0.00
2015.01.08 19:40:37.509,12.07918,12.08234,0.00,0.00
2015.01.08 19:40:37.716,12.07918,12.08222,0.00,0.00
2015.01.08 19:40:37.917,12.07878,12.08199,0.00,0.00
2015.01.08 19:40:38.018,12.07859,12.08199,0.00,0.00
2015.01.08 19:40:38.119,12.07831,12.08168,0.00,0.00
2015.01.08 19:40:38.421,12.07828,12.08162,0.00,0.00
2015.01.08 19:40:38.777,12.07828,12.08148,0.00,0.00
2015.01.08 19:40:40.007,12.07829,12.08173,0.00,0.00
2015.01.08 19:40:42.506,12.07829,12.08172,0.00,0.00
2015.01.08 19:40:42.625,12.07807,12.08149,0.00,0.00
2015.01.08 19:40:42.927,12.07828,12.08149,0.00,0.00
2015.01.08 19:40:43.325,12.07828,12.08161,0.00,0.00
2015.01.08 19:40:43.386,12.07817,12.08161,0.00,0.00
2015.01.08 19:40:43.437,12.07797,12.08139,0.00,0.00
2015.01.08 19:40:44.892,12.07778,12.08118,0.00,0.00
2015.01.08 19:40:45.240,12.07778,12.08107,0.00,0.00
2015.01.08 19:40:45.537,12.07788,12.0813,0.00,0.00
2015.01.08 19:40:48.063,12.07778,12.08108,0.00,0.00
2015.01.08 19:40:48.177,12.07778,12.08121,0.00,0.00
2015.01.08 19:40:51.891,12.07764,12.08108,0.00,0.00
2015.01.08 19:40:51.992,12.07721,12.08063,0.00,0.00
2015.01.08 19:40:52.300,12.07732,12.08076,0.00,0.00
2015.01.08 19:40:52.501,12.07719,12.08063,0.00,0.00
2015.01.08 19:40:53.111,12.07744,12.08088,0.00,0.00
2015.01.08 19:40:54.202,12.07744,12.08061,0.00,0.00
2015.01.08 19:40:54.303,12.07708,12.0805,0.00,0.00
2015.01.08 19:40:54.404,12.07695,12.08039,0.00,0.00
2015.01.08 19:40:54.585,12.07689,12.08033,0.00,0.00
2015.01.08 19:40:54.917,12.07725,12.08068,0.00,0.00
2015.01.08 19:40:55.256,12.07744,12.08088,0.00,0.00
2015.01.08 19:40:55.490,12.07733,12.08075,0.00,0.00
2015.01.08 19:40:58.833,12.07806,12.08111,0.00,0.00
2015.01.08 19:40:58.884,12.07806,12.08148,0.00,0.00
2015.01.08 19:40:58.935,12.07878,12.08148,0.00,0.00
2015.01.08 19:40:59.007,12.07828,12.08148,0.00,0.00
2015.01.08 19:40:59.108,12.07828,12.08127,0.00,0.00
2015.01.08 19:40:59.300,12.07828,12.08139,0.00,0.00
2015.01.08 19:40:59.401,12.07828,12.08126,0.00,0.00
2015.01.08 19:40:59.502,12.07828,12.0814,0.00,0.00
2015.01.08 19:41:00.769,12.07879,12.0814,0.00,0.00
2015.01.08 19:41:00.920,12.07918,12.08232,0.00,0.00
2015.01.08 19:41:01.312,12.07918,12.08211,0.00,0.00
2015.01.08 19:41:01.527,12.07918,12.08235,0.00,0.00
2015.01.08 19:41:02.513,12.07918,12.08225,0.00,0.00
2015.01.08 19:41:05.929,12.07918,12.08209,0.00,0.00
2015.01.08 19:41:05.979,12.07865,12.08171,0.00,0.00
2015.01.08 19:41:06.030,12.07819,12.08119,0.00,0.00
2015.01.08 19:41:06.080,12.07779,12.08119,0.00,0.00
2015.01.08 19:41:06.131,12.07779,12.08062,0.00,0.00
2015.01.08 19:41:06.232,12.07778,12.08118,0.00,0.00
2015.01.08 19:41:06.516,12.07778,12.08094,0.00,0.00
2015.01.08 19:41:06.617,12.07778,12.08119,0.00,0.00
2015.01.08 19:41:07.769,12.07778,12.08108,0.00,0.00
2015.01.08 19:41:08.323,12.07778,12.08119,0.00,0.00
2015.01.08 19:41:08.857,12.07778,12.08094,0.00,0.00
2015.01.08 19:41:13.262,12.07778,12.08118,0.00,0.00
2015.01.08 19:41:18.684,12.07778,12.08106,0.00,0.00
2015.01.08 19:41:19.893,12.07778,12.08096,0.00,0.00
2015.01.08 19:41:21.078,12.07789,12.08131,0.00,0.00
2015.01.08 19:41:21.915,12.07779,12.08121,0.00,0.00
2015.01.08 19:41:22.240,12.07829,12.08121,0.00,0.00
2015.01.08 19:41:22.290,12.07829,12.08134,0.00,0.00
2015.01.08 19:41:25.420,12.07779,12.08109,0.00,0.00
2015.01.08 19:41:25.637,12.07788,12.08132,0.00,0.00
2015.01.08 19:41:25.738,12.07779,12.08107,0.00,0.00
2015.01.08 19:41:26.900,12.07788,12.08132,0.00,0.00
2015.01.08 19:41:27.807,12.07779,12.08107,0.00,0.00
2015.01.08 19:41:29.096,12.07788,12.08132,0.00,0.00
2015.01.08 19:41:29.147,12.07829,12.08132,0.00,0.00
2015.01.08 19:41:30.098,12.07935,12.0817,0.00,0.00
2015.01.08 19:41:30.199,12.07935,12.08271,0.00,0.00
2015.01.08 19:41:30.249,12.07968,12.08271,0.00,0.00
2015.01.08 19:41:32.411,12.07968,12.0827,0.00,0.00
2015.01.08 19:41:33.026,12.08068,12.0837,0.00,0.00
2015.01.08 19:41:34.206,12.08068,12.08353,0.00,0.00
2015.01.08 19:41:34.725,12.08068,12.08367,0.00,0.00
2015.01.08 19:41:35.049,12.08068,12.0837,0.00,0.00
2015.01.08 19:41:36.002,12.07968,12.08299,0.00,0.00
2015.01.08 19:41:36.431,12.07968,12.0831,0.00,0.00
2015.01.08 19:41:36.555,12.07978,12.08322,0.00,0.00
2015.01.08 19:41:36.656,12.07968,12.0831,0.00,0.00
2015.01.08 19:41:36.862,12.07978,12.08322,0.00,0.00
2015.01.08 19:41:37.563,12.07968,12.0831,0.00,0.00
2015.01.08 19:41:38.534,12.07968,12.08299,0.00,0.00
2015.01.08 19:41:39.261,12.07978,12.08322,0.00,0.00
2015.01.08 19:41:42.274,12.07968,12.08311,0.00,0.00
2015.01.08 19:41:42.880,12.0798,12.08322,0.00,0.00
2015.01.08 19:41:48.151,12.07968,12.08312,0.00,0.00
2015.01.08 19:41:55.379,12.07968,12.08299,0.00,0.00
2015.01.08 19:42:03.065,12.08018,12.08299,0.00,0.00
2015.01.08 19:42:03.788,12.08068,12.08371,0.00,0.00
2015.01.08 19:42:03.939,12.08068,12.08353,0.00,0.00
2015.01.08 19:42:04.457,12.08068,12.08364,0.00,0.00
2015.01.08 19:42:08.492,12.08068,12.08371,0.00,0.00
2015.01.08 19:42:09.120,12.08068,12.08357,0.00,0.00
2015.01.08 19:42:09.221,12.08018,12.08357,0.00,0.00
2015.01.08 19:42:09.330,12.08018,12.08336,0.00,0.00
2015.01.08 19:42:09.731,12.08018,12.08334,0.00,0.00
2015.01.08 19:42:10.524,12.08018,12.08347,0.00,0.00
2015.01.08 19:42:14.137,12.0797,12.08314,0.00,0.00
2015.01.08 19:42:14.288,12.08018,12.08314,0.00,0.00
2015.01.08 19:42:14.338,12.08018,12.08345,0.00,0.00
2015.01.08 19:42:17.945,12.08018,12.08321,0.00,0.00
2015.01.08 19:42:21.050,12.08018,12.08306,0.00,0.00
2015.01.08 19:42:21.101,12.07968,12.08306,0.00,0.00
2015.01.08 19:42:21.285,12.08018,12.08306,0.00,0.00
2015.01.08 19:42:21.386,12.08018,12.08334,0.00,0.00
2015.01.08 19:42:23.274,12.08018,12.08322,0.00,0.00
2015.01.08 19:42:23.752,12.08018,12.08333,0.00,0.00
2015.01.08 19:42:27.154,12.08018,12.08349,0.00,0.00
2015.01.08 19:42:37.934,12.08068,12.08349,0.00,0.00
2015.01.08 19:42:37.985,12.08068,12.08378,0.00,0.00
2015.01.08 19:42:38.035,12.08129,12.08378,0.00,0.00
2015.01.08 19:42:38.086,12.08129,12.08421,0.00,0.00
2015.01.08 19:42:39.010,12.08129,12.0841,0.00,0.00
2015.01.08 19:42:39.768,12.08129,12.08424,0.00,0.00
2015.01.08 19:42:40.128,12.0808,12.08424,0.00,0.00
2015.01.08 19:42:40.178,12.08068,12.08369,0.00,0.00
2015.01.08 19:42:40.229,12.08027,12.08369,0.00,0.00
2015.01.08 19:42:40.279,12.08018,12.08349,0.00,0.00
2015.01.08 19:42:40.470,12.08018,12.08362,0.00,0.00
2015.01.08 19:42:40.784,12.08018,12.0835,0.00,0.00
2015.01.08 19:42:45.724,12.08068,12.08375,0.00,0.00
2015.01.08 19:42:45.825,12.08081,12.08423,0.00,0.00
2015.01.08 19:42:46.308,12.0807,12.08412,0.00,0.00
2015.01.08 19:42:46.663,12.08069,12.084,0.00,0.00
2015.01.08 19:42:46.995,12.08128,12.08423,0.00,0.00
2015.01.08 19:42:47.095,12.08128,12.0844,0.00,0.00
2015.01.08 19:42:47.322,12.08128,12.08427,0.00,0.00
2015.01.08 19:42:50.430,12.08128,12.08349,0.00,0.00
2015.01.08 19:42:50.481,12.08018,12.08349,0.00,0.00
2015.01.08 19:42:53.137,12.08018,12.08362,0.00,0.00
2015.01.08 19:42:55.543,12.08018,12.08337,0.00,0.00
2015.01.08 19:42:59.913,12.08069,12.0837,0.00,0.00
2015.01.08 19:42:59.964,12.08069,12.08378,0.00,0.00
2015.01.08 19:43:00.015,12.08128,12.08433,0.00,0.00
2015.01.08 19:43:00.445,12.08128,12.08421,0.00,0.00
2015.01.08 19:43:00.602,12.08128,12.08434,0.00,0.00
2015.01.08 19:43:01.009,12.08128,12.08423,0.00,0.00
2015.01.08 19:43:05.228,12.08128,12.08411,0.00,0.00
2015.01.08 19:43:05.731,12.08128,12.08423,0.00,0.00
2015.01.08 19:43:05.832,12.08128,12.08435,0.00,0.00
2015.01.08 19:43:06.133,12.08128,12.08423,0.00,0.00
2015.01.08 19:43:08.201,12.08128,12.08411,0.00,0.00
2015.01.08 19:43:09.465,12.08069,12.08411,0.00,0.00
2015.01.08 19:43:09.727,12.08091,12.08433,0.00,0.00
2015.01.08 19:43:10.155,12.08128,12.08433,0.00,0.00
2015.01.08 19:43:11.305,12.08128,12.08411,0.00,0.00
2015.01.08 19:43:11.806,12.08128,12.08436,0.00,0.00
2015.01.08 19:43:12.007,12.08128,12.08424,0.00,0.00
2015.01.08 19:43:12.107,12.08128,12.08438,0.00,0.00
2015.01.08 19:43:18.665,12.08069,12.08407,0.00,0.00
2015.01.08 19:43:20.542,12.08087,12.08431,0.00,0.00
2015.01.08 19:43:24.564,12.08129,12.08431,0.00,0.00
2015.01.08 19:43:26.600,12.08129,12.08461,0.00,0.00
2015.01.08 19:43:26.651,12.08168,12.08461,0.00,0.00
2015.01.08 19:43:26.941,12.08168,12.0847,0.00,0.00
2015.01.08 19:43:27.648,12.08168,12.08471,0.00,0.00
2015.01.08 19:43:30.946,12.08168,12.08447,0.00,0.00
2015.01.08 19:43:34.166,12.08168,12.08459,0.00,0.00
2015.01.08 19:43:36.471,12.08168,12.08446,0.00,0.00
2015.01.08 19:43:36.673,12.08129,12.08421,0.00,0.00
2015.01.08 19:43:38.386,12.08129,12.08445,0.00,0.00
2015.01.08 19:43:39.466,12.08129,12.08422,0.00,0.00
2015.01.08 19:43:41.517,12.08129,12.08421,0.00,0.00
2015.01.08 19:43:42.488,12.08168,12.08455,0.00,0.00
2015.01.08 19:43:42.589,12.08168,12.08507,0.00,0.00
2015.01.08 19:43:42.651,12.08168,12.08482,0.00,0.00
2015.01.08 19:43:43.043,12.0814,12.08482,0.00,0.00
2015.01.08 19:43:43.093,12.08128,12.08454,0.00,0.00
2015.01.08 19:43:43.440,12.08128,12.08431,0.00,0.00
2015.01.08 19:43:43.491,12.08128,12.08443,0.00,0.00
2015.01.08 19:43:44.293,12.08128,12.08422,0.00,0.00
2015.01.08 19:43:44.695,12.08128,12.08435,0.00,0.00
2015.01.08 19:43:46.403,12.08128,12.08446,0.00,0.00
2015.01.08 19:43:48.708,12.08128,12.08421,0.00,0.00
2015.01.08 19:43:50.053,12.08079,12.08421,0.00,0.00
2015.01.08 19:43:55.287,12.08071,12.08415,0.00,0.00
2015.01.08 19:43:59.891,12.08092,12.08436,0.00,0.00
2015.01.08 19:44:00.494,12.08079,12.08423,0.00,0.00
2015.01.08 19:44:00.881,12.08093,12.08435,0.00,0.00
2015.01.08 19:44:01.483,12.0808,12.08422,0.00,0.00
2015.01.08 19:44:02.196,12.08068,12.08411,0.00,0.00
2015.01.08 19:44:03.723,12.08128,12.08436,0.00,0.00
2015.01.08 19:44:10.109,12.08128,12.08459,0.00,0.00
2015.01.08 19:44:13.751,12.08128,12.08425,0.00,0.00
2015.01.08 19:44:15.422,12.08128,12.08436,0.00,0.00
2015.01.08 19:44:17.351,12.08128,12.08448,0.00,0.00
2015.01.08 19:44:28.273,12.08128,12.08428,0.00,0.00
2015.01.08 19:44:28.374,12.08128,12.0844,0.00,0.00
2015.01.08 19:44:29.758,12.08128,12.0842,0.00,0.00
2015.01.08 19:44:29.983,12.08076,12.08418,0.00,0.00
2015.01.08 19:44:30.084,12.08068,12.0837,0.00,0.00
2015.01.08 19:44:33.691,12.08068,12.08371,0.00,0.00
2015.01.08 19:44:35.953,12.08128,12.08371,0.00,0.00
2015.01.08 19:44:36.004,12.08128,12.0845,0.00,0.00
2015.01.08 19:44:41.539,12.08168,12.0845,0.00,0.00
2015.01.08 19:44:41.602,12.08168,12.0847,0.00,0.00
2015.01.08 19:44:44.093,12.08131,12.0847,0.00,0.00
2015.01.08 19:44:44.143,12.08128,12.08455,0.00,0.00
2015.01.08 19:44:44.689,12.08128,12.08428,0.00,0.00
2015.01.08 19:44:50.996,12.08086,12.08428,0.00,0.00
2015.01.08 19:44:54.182,12.08128,12.08428,0.00,0.00
2015.01.08 19:44:54.282,12.08128,12.08451,0.00,0.00
2015.01.08 19:44:57.044,12.08168,12.08451,0.00,0.00
2015.01.08 19:44:57.195,12.08168,12.08471,0.00,0.00
2015.01.08 19:44:58.975,12.08168,12.0847,0.00,0.00
2015.01.08 19:45:01.710,12.08168,12.08471,0.00,0.00
2015.01.08 19:45:04.716,12.08168,12.08469,0.00,0.00
2015.01.08 19:45:07.292,12.08128,12.08454,0.00,0.00
2015.01.08 19:45:07.506,12.08128,12.08432,0.00,0.00
2015.01.08 19:45:09.564,12.08128,12.08444,0.00,0.00
2015.01.08 19:45:11.121,12.08102,12.08444,0.00,0.00
2015.01.08 19:45:11.272,12.08082,12.08426,0.00,0.00
2015.01.08 19:45:27.347,12.08097,12.08441,0.00,0.00
2015.01.08 19:45:27.707,12.08074,12.08416,0.00,0.00
2015.01.08 19:45:28.310,12.08074,12.08371,0.00,0.00
2015.01.08 19:45:28.411,12.08068,12.08371,0.00,0.00
2015.01.08 19:45:33.270,12.08068,12.0837,0.00,0.00
2015.01.08 19:45:40.345,12.08068,12.08371,0.00,0.00
2015.01.08 19:45:41.898,12.08068,12.0837,0.00,0.00
2015.01.08 19:45:42.419,12.08068,12.08371,0.00,0.00
2015.01.08 19:45:44.284,12.08068,12.0837,0.00,0.00
2015.01.08 19:45:46.251,12.08068,12.08371,0.00,0.00
2015.01.08 19:45:49.756,12.08068,12.08387,0.00,0.00
2015.01.08 19:45:51.779,12.08068,12.0837,0.00,0.00
2015.01.08 19:45:53.618,12.08068,12.08371,0.00,0.00
2015.01.08 19:45:54.720,12.08068,12.0837,0.00,0.00
2015.01.08 19:45:55.291,12.08068,12.08371,0.00,0.00
2015.01.08 19:45:55.952,12.08068,12.0837,0.00,0.00
2015.01.08 19:45:59.106,12.08068,12.08371,0.00,0.00
2015.01.08 19:46:00.518,12.08068,12.0837,0.00,0.00
2015.01.08 19:46:01.342,12.08068,12.08371,0.00,0.00
2015.01.08 19:46:02.946,12.08068,12.0837,0.00,0.00
2015.01.08 19:46:06.782,12.08068,12.08371,0.00,0.00
2015.01.08 19:46:11.278,12.08046,12.08371,0.00,0.00
2015.01.08 19:46:15.624,12.08057,12.08371,0.00,0.00
2015.01.08 19:46:15.724,12.08108,12.0845,0.00,0.00
2015.01.08 19:46:15.825,12.08129,12.0845,0.00,0.00
2015.01.08 19:46:17.562,12.08129,12.08439,0.00,0.00
2015.01.08 19:46:19.118,12.08129,12.08429,0.00,0.00
2015.01.08 19:46:19.782,12.08129,12.08407,0.00,0.00
2015.01.08 19:46:20.110,12.08069,12.08407,0.00,0.00
2015.01.08 19:46:25.454,12.08069,12.08371,0.00,0.00
2015.01.08 19:46:32.920,12.08068,12.08371,0.00,0.00
2015.01.08 19:46:42.071,12.08068,12.0837,0.00,0.00
2015.01.08 19:46:45.381,12.08068,12.08371,0.00,0.00
2015.01.08 19:46:48.994,12.08122,12.08371,0.00,0.00
2015.01.08 19:46:49.095,12.08122,12.08441,0.00,0.00
2015.01.08 19:46:49.145,12.08168,12.0847,0.00,0.00
2015.01.08 19:46:50.336,12.08168,12.08464,0.00,0.00
2015.01.08 19:46:50.638,12.08168,12.08452,0.00,0.00
2015.01.08 19:46:50.739,12.08168,12.08464,0.00,0.00
2015.01.08 19:46:55.346,12.08168,12.0847,0.00,0.00
2015.01.08 19:46:57.806,12.08168,12.08471,0.00,0.00
2015.01.08 19:46:58.664,12.08168,12.08454,0.00,0.00
2015.01.08 19:46:58.971,12.08168,12.08415,0.00,0.00
2015.01.08 19:46:59.330,12.08128,12.0837,0.00,0.00
2015.01.08 19:46:59.380,12.08068,12.0837,0.00,0.00
2015.01.08 19:47:00.937,12.08068,12.08371,0.00,0.00
2015.01.08 19:47:01.975,12.08068,12.0837,0.00,0.00
2015.01.08 19:47:02.585,12.08068,12.08371,0.00,0.00
2015.01.08 19:47:03.245,12.08068,12.0837,0.00,0.00
2015.01.08 19:47:05.134,12.08069,12.0837,0.00,0.00
2015.01.08 19:47:05.835,12.08068,12.08371,0.00,0.00
2015.01.08 19:47:07.586,12.08068,12.0837,0.00,0.00
2015.01.08 19:47:08.196,12.08068,12.08371,0.00,0.00
2015.01.08 19:47:10.580,12.08068,12.0837,0.00,0.00
2015.01.08 19:47:14.512,12.08068,12.08371,0.00,0.00
2015.01.08 19:47:20.888,12.08121,12.08371,0.00,0.00
2015.01.08 19:47:20.989,12.08168,12.0849,0.00,0.00
2015.01.08 19:47:21.040,12.08168,12.08471,0.00,0.00
2015.01.08 19:47:21.725,12.08168,12.0847,0.00,0.00
2015.01.08 19:47:24.552,12.08168,12.08471,0.00,0.00
2015.01.08 19:47:26.599,12.08168,12.0837,0.00,0.00
2015.01.08 19:47:26.649,12.08068,12.0837,0.00,0.00
2015.01.08 19:47:27.168,12.08068,12.08371,0.00,0.00
2015.01.08 19:47:29.621,12.08068,12.0837,0.00,0.00
2015.01.08 19:47:32.587,12.08168,12.08463,0.00,0.00
2015.01.08 19:47:32.738,12.08128,12.08463,0.00,0.00
2015.01.08 19:47:33.096,12.08128,12.08456,0.00,0.00
2015.01.08 19:47:33.197,12.08128,12.0847,0.00,0.00
2015.01.08 19:47:33.290,12.08128,12.08451,0.00,0.00
2015.01.08 19:47:33.994,12.08128,12.08435,0.00,0.00
2015.01.08 19:47:42.478,12.08168,12.08435,0.00,0.00
2015.01.08 19:47:42.528,12.08168,12.08469,0.00,0.00
2015.01.08 19:47:42.629,12.08168,12.08471,0.00,0.00
2015.01.08 19:47:43.209,12.08168,12.08469,0.00,0.00
2015.01.08 19:47:43.259,12.08129,12.08469,0.00,0.00
2015.01.08 19:47:43.310,12.08129,12.08446,0.00,0.00
2015.01.08 19:47:43.628,12.08129,12.08437,0.00,0.00
2015.01.08 19:47:43.839,12.08129,12.08451,0.00,0.00
2015.01.08 19:47:54.156,12.08129,12.08427,0.00,0.00
2015.01.08 19:48:00.302,12.08168,12.08427,0.00,0.00
2015.01.08 19:48:00.352,12.08168,12.0847,0.00,0.00
2015.01.08 19:48:01.126,12.08168,12.08471,0.00,0.00
2015.01.08 19:48:02.167,12.08168,12.0847,0.00,0.00
2015.01.08 19:48:03.346,12.08168,12.08463,0.00,0.00
2015.01.08 19:48:10.049,12.08168,12.08471,0.00,0.00
2015.01.08 19:48:10.150,12.08199,12.08541,0.00,0.00
2015.01.08 19:48:20.202,12.08182,12.08526,0.00,0.00
2015.01.08 19:48:20.865,12.08274,12.08562,0.00,0.00
2015.01.08 19:48:21.016,12.08294,12.08638,0.00,0.00
2015.01.08 19:48:21.513,12.08281,12.08625,0.00,0.00
2015.01.08 19:48:21.857,12.08294,12.08638,0.00,0.00
2015.01.08 19:48:22.412,12.08278,12.08615,0.00,0.00
2015.01.08 19:48:23.768,12.08283,12.08625,0.00,0.00
2015.01.08 19:48:23.871,12.08294,12.08638,0.00,0.00
2015.01.08 19:48:26.671,12.08278,12.08613,0.00,0.00
2015.01.08 19:48:27.772,12.08298,12.0864,0.00,0.00
2015.01.08 19:48:28.315,12.08285,12.08629,0.00,0.00
2015.01.08 19:48:33.620,12.08285,12.0857,0.00,0.00
2015.01.08 19:48:33.721,12.08278,12.0857,0.00,0.00
2015.01.08 19:48:34.886,12.08278,12.08571,0.00,0.00
2015.01.08 19:48:35.550,12.08278,12.0857,0.00,0.00
2015.01.08 19:48:37.949,12.08238,12.0857,0.00,0.00
2015.01.08 19:48:38.000,12.08223,12.08567,0.00,0.00
2015.01.08 19:48:38.101,12.08218,12.0852,0.00,0.00
2015.01.08 19:48:38.202,12.08151,12.08461,0.00,0.00
2015.01.08 19:48:38.302,12.08119,12.08461,0.00,0.00
2015.01.08 19:48:41.670,12.08128,12.08461,0.00,0.00
2015.01.08 19:48:41.821,12.08148,12.08492,0.00,0.00
2015.01.08 19:48:42.322,12.08178,12.08522,0.00,0.00
2015.01.08 19:48:44.226,12.08199,12.08541,0.00,0.00
2015.01.08 19:48:44.657,12.08224,12.08566,0.00,0.00
2015.01.08 19:48:45.107,12.08218,12.08544,0.00,0.00
2015.01.08 19:48:45.666,12.08278,12.0857,0.00,0.00
2015.01.08 19:48:46.845,12.08278,12.08558,0.00,0.00
2015.01.08 19:48:48.410,12.08278,12.08571,0.00,0.00
2015.01.08 19:48:53.317,12.08228,12.08571,0.00,0.00
2015.01.08 19:48:53.568,12.08219,12.08542,0.00,0.00
2015.01.08 19:49:07.748,12.08169,12.08471,0.00,0.00
2015.01.08 19:49:08.095,12.08139,12.08471,0.00,0.00
2015.01.08 19:49:08.246,12.08129,12.08452,0.00,0.00
2015.01.08 19:49:21.602,12.08168,12.0847,0.00,0.00
2015.01.08 19:49:22.180,12.08168,12.08471,0.00,0.00
2015.01.08 19:49:29.410,12.08168,12.0847,0.00,0.00
2015.01.08 19:49:30.985,12.08168,12.08471,0.00,0.00
2015.01.08 19:49:38.870,12.08168,12.0847,0.00,0.00
2015.01.08 19:49:42.972,12.08168,12.08471,0.00,0.00
2015.01.08 19:49:46.608,12.08168,12.0847,0.00,0.00
2015.01.08 19:49:48.422,12.08168,12.08471,0.00,0.00
2015.01.08 19:49:50.358,12.08168,12.0847,0.00,0.00
2015.01.08 19:49:52.684,12.08168,12.08471,0.00,0.00
2015.01.08 19:49:53.805,12.08168,12.0847,0.00,0.00
2015.01.08 19:49:55.773,12.08168,12.08471,0.00,0.00
2015.01.08 19:50:00.618,12.08168,12.0847,0.00,0.00
2015.01.08 19:50:01.782,12.08168,12.08471,0.00,0.00
2015.01.08 19:50:02.086,12.0814,12.08471,0.00,0.00
2015.01.08 19:50:02.142,12.0814,12.08421,0.00,0.00
2015.01.08 19:50:02.243,12.08104,12.08421,0.00,0.00
2015.01.08 19:50:02.344,12.08098,12.0842,0.00,0.00
2015.01.08 19:50:02.499,12.08078,12.0842,0.00,0.00
2015.01.08 19:50:03.953,12.08078,12.08421,0.00,0.00
2015.01.08 19:50:05.168,12.08078,12.0842,0.00,0.00
2015.01.08 19:50:05.692,12.08078,12.08421,0.00,0.00
2015.01.08 19:50:06.403,12.08078,12.0837,0.00,0.00
2015.01.08 19:50:06.505,12.08069,12.0837,0.00,0.00
2015.01.08 19:50:07.013,12.08069,12.08371,0.00,0.00
2015.01.08 19:50:08.820,12.08069,12.0837,0.00,0.00
2015.01.08 19:50:09.331,12.08069,12.08371,0.00,0.00
2015.01.08 19:50:10.963,12.08069,12.0837,0.00,0.00
2015.01.08 19:50:12.662,12.08069,12.08371,0.00,0.00
2015.01.08 19:50:19.335,12.08069,12.0837,0.00,0.00
2015.01.08 19:50:22.122,12.08069,12.08371,0.00,0.00
2015.01.08 19:50:24.858,12.08069,12.0837,0.00,0.00
2015.01.08 19:50:25.865,12.08069,12.08371,0.00,0.00
2015.01.08 19:50:26.719,12.08129,12.08371,0.00,0.00
2015.01.08 19:50:26.869,12.08168,12.08468,0.00,0.00
2015.01.08 19:50:26.936,12.08168,12.08493,0.00,0.00
2015.01.08 19:50:27.037,12.08149,12.08493,0.00,0.00
2015.01.08 19:50:27.188,12.08149,12.08462,0.00,0.00
2015.01.08 19:50:27.238,12.08132,12.08462,0.00,0.00
2015.01.08 19:50:27.339,12.08107,12.08451,0.00,0.00
2015.01.08 19:50:29.726,12.08129,12.08451,0.00,0.00
2015.01.08 19:50:30.026,12.08107,12.08451,0.00,0.00
2015.01.08 19:50:32.006,12.08128,12.08451,0.00,0.00
2015.01.08 19:50:32.343,12.08107,12.08451,0.00,0.00
2015.01.08 19:50:32.444,12.08128,12.08451,0.00,0.00
2015.01.08 19:50:32.756,12.08107,12.08451,0.00,0.00
2015.01.08 19:50:34.150,12.0814,12.08462,0.00,0.00
2015.01.08 19:50:34.201,12.0814,12.08471,0.00,0.00
2015.01.08 19:50:34.324,12.08168,12.0847,0.00,0.00
2015.01.08 19:50:34.446,12.0814,12.0847,0.00,0.00
2015.01.08 19:50:34.496,12.08129,12.0837,0.00,0.00
2015.01.08 19:50:34.747,12.0808,12.0837,0.00,0.00
2015.01.08 19:50:35.255,12.0808,12.08371,0.00,0.00
2015.01.08 19:50:36.701,12.0808,12.0837,0.00,0.00
2015.01.08 19:50:37.470,12.0808,12.08371,0.00,0.00
2015.01.08 19:50:42.395,12.0808,12.0837,0.00,0.00
2015.01.08 19:50:44.845,12.0808,12.08371,0.00,0.00
2015.01.08 19:50:48.908,12.0808,12.0837,0.00,0.00
2015.01.08 19:50:50.983,12.0815,12.0837,0.00,0.00
2015.01.08 19:50:51.083,12.08168,12.0847,0.00,0.00
2015.01.08 19:50:51.584,12.08168,12.08471,0.00,0.00
2015.01.08 19:50:51.785,12.08139,12.08471,0.00,0.00
2015.01.08 19:50:52.562,12.08139,12.08371,0.00,0.00
2015.01.08 19:50:52.613,12.08069,12.08371,0.00,0.00
2015.01.08 19:50:54.239,12.08128,12.08371,0.00,0.00
2015.01.08 19:50:54.452,12.08069,12.08371,0.00,0.00
2015.01.08 19:50:59.585,12.08069,12.0837,0.00,0.00
2015.01.08 19:51:03.370,12.08069,12.08371,0.00,0.00
2015.01.08 19:51:07.216,12.08069,12.0837,0.00,0.00
2015.01.08 19:51:11.114,12.08069,12.08371,0.00,0.00
2015.01.08 19:51:14.801,12.08069,12.0837,0.00,0.00
2015.01.08 19:51:18.535,12.08069,12.08371,0.00,0.00
2015.01.08 19:51:19.242,12.08069,12.0837,0.00,0.00
2015.01.08 19:51:20.185,12.08074,12.08371,0.00,0.00
2015.01.08 19:51:20.236,12.08069,12.08371,0.00,0.00
2015.01.08 19:51:22.338,12.08069,12.0837,0.00,0.00
2015.01.08 19:51:23.398,12.08059,12.08371,0.00,0.00
2015.01.08 19:51:23.448,12.08029,12.08333,0.00,0.00
2015.01.08 19:51:23.499,12.08018,12.08333,0.00,0.00
2015.01.08 19:51:23.550,12.08018,12.08337,0.00,0.00
2015.01.08 19:51:23.765,12.08018,12.0831,0.00,0.00
2015.01.08 19:51:24.870,12.08018,12.08271,0.00,0.00
2015.01.08 19:51:25.912,12.08069,12.08342,0.00,0.00
2015.01.08 19:51:26.013,12.08129,12.08423,0.00,0.00
2015.01.08 19:51:26.063,12.08169,12.08462,0.00,0.00
2015.01.08 19:51:26.114,12.08169,12.08469,0.00,0.00
2015.01.08 19:51:26.214,12.08169,12.08471,0.00,0.00
2015.01.08 19:51:26.366,12.08141,12.08471,0.00,0.00
2015.01.08 19:51:26.467,12.08141,12.08463,0.00,0.00
2015.01.08 19:51:26.827,12.08169,12.0847,0.00,0.00
2015.01.08 19:51:26.878,12.08141,12.08462,0.00,0.00
2015.01.08 19:51:27.044,12.08141,12.08442,0.00,0.00
2015.01.08 19:51:27.246,12.08174,12.08518,0.00,0.00
2015.01.08 19:51:27.347,12.08149,12.08493,0.00,0.00
2015.01.08 19:51:27.678,12.08113,12.08457,0.00,0.00
2015.01.08 19:51:28.971,12.08129,12.0837,0.00,0.00
2015.01.08 19:51:29.072,12.08129,12.08467,0.00,0.00
2015.01.08 19:51:29.173,12.08134,12.08478,0.00,0.00
2015.01.08 19:51:30.977,12.08129,12.08462,0.00,0.00
2015.01.08 19:51:33.829,12.08118,12.08421,0.00,0.00
2015.01.08 19:51:34.150,12.08069,12.08371,0.00,0.00
2015.01.08 19:51:35.854,12.08069,12.08362,0.00,0.00
2015.01.08 19:51:35.904,12.08018,12.08362,0.00,0.00
2015.01.08 19:51:35.955,12.08018,12.08342,0.00,0.00
2015.01.08 19:51:40.636,12.08068,12.08342,0.00,0.00
2015.01.08 19:51:40.686,12.08068,12.08362,0.00,0.00
2015.01.08 19:51:40.794,12.08068,12.0837,0.00,0.00
2015.01.08 19:51:44.519,12.08068,12.08371,0.00,0.00
2015.01.08 19:51:46.755,12.08068,12.0837,0.00,0.00
2015.01.08 19:51:47.761,12.08135,12.0837,0.00,0.00
2015.01.08 19:51:47.812,12.08169,12.08477,0.00,0.00
2015.01.08 19:51:47.912,12.08169,12.08492,0.00,0.00
2015.01.08 19:51:48.195,12.08169,12.0848,0.00,0.00
2015.01.08 19:51:48.245,12.08138,12.0848,0.00,0.00
2015.01.08 19:51:48.296,12.08129,12.08461,0.00,0.00
2015.01.08 19:51:48.754,12.08129,12.08446,0.00,0.00
2015.01.08 19:52:04.274,12.08104,12.08446,0.00,0.00
2015.01.08 19:52:04.425,12.08069,12.08371,0.00,0.00
2015.01.08 19:52:07.039,12.08069,12.0837,0.00,0.00
2015.01.08 19:52:08.988,12.08069,12.08371,0.00,0.00
2015.01.08 19:52:17.118,12.08069,12.0837,0.00,0.00
2015.01.08 19:52:17.740,12.08069,12.08371,0.00,0.00
2015.01.08 19:52:22.952,12.08069,12.0837,0.00,0.00
2015.01.08 19:52:26.070,12.08069,12.08371,0.00,0.00
2015.01.08 19:52:32.676,12.08069,12.0837,0.00,0.00
2015.01.08 19:52:33.288,12.08069,12.08371,0.00,0.00
2015.01.08 19:52:36.121,12.08069,12.0837,0.00,0.00
2015.01.08 19:52:38.788,12.08069,12.08321,0.00,0.00
2015.01.08 19:52:38.838,12.08024,12.08321,0.00,0.00
2015.01.08 19:52:38.889,12.08018,12.08354,0.00,0.00
2015.01.08 19:52:38.989,12.07975,12.08319,0.00,0.00
2015.01.08 19:52:39.511,12.07975,12.08312,0.00,0.00
2015.01.08 19:52:39.562,12.07953,12.08295,0.00,0.00
2015.01.08 19:52:39.663,12.07934,12.08276,0.00,0.00
2015.01.08 19:52:40.253,12.0792,12.08262,0.00,0.00
2015.01.08 19:52:40.555,12.07919,12.08171,0.00,0.00
2015.01.08 19:52:40.827,12.07878,12.08171,0.00,0.00
2015.01.08 19:52:41.610,12.07878,12.0817,0.00,0.00
2015.01.08 19:52:42.497,12.07878,12.08171,0.00,0.00
2015.01.08 19:52:43.816,12.07878,12.0817,0.00,0.00
2015.01.08 19:52:44.863,12.07878,12.08171,0.00,0.00
2015.01.08 19:52:44.914,12.07918,12.08171,0.00,0.00
2015.01.08 19:52:45.083,12.07878,12.08171,0.00,0.00
2015.01.08 19:52:45.523,12.07919,12.08171,0.00,0.00
2015.01.08 19:52:45.573,12.07924,12.08268,0.00,0.00
2015.01.08 19:52:45.674,12.07919,12.08243,0.00,0.00
2015.01.08 19:53:02.621,12.07879,12.0818,0.00,0.00
2015.01.08 19:53:02.823,12.07841,12.08161,0.00,0.00
2015.01.08 19:53:03.573,12.07828,12.08161,0.00,0.00
2015.01.08 19:53:04.497,12.07828,12.08148,0.00,0.00
2015.01.08 19:53:04.886,12.07828,12.08113,0.00,0.00
2015.01.08 19:53:05.226,12.07779,12.08071,0.00,0.00
2015.01.08 19:53:07.088,12.07779,12.0807,0.00,0.00
2015.01.08 19:53:07.307,12.07829,12.08149,0.00,0.00
2015.01.08 19:53:07.458,12.07829,12.08152,0.00,0.00
2015.01.08 19:53:08.853,12.07842,12.08152,0.00,0.00
2015.01.08 19:53:08.903,12.07849,12.0817,0.00,0.00
2015.01.08 19:53:08.954,12.07878,12.08171,0.00,0.00
2015.01.08 19:53:09.679,12.07878,12.0817,0.00,0.00
2015.01.08 19:53:09.729,12.07842,12.0817,0.00,0.00
2015.01.08 19:53:09.830,12.07842,12.08162,0.00,0.00
2015.01.08 19:53:10.184,12.07828,12.08143,0.00,0.00
2015.01.08 19:53:25.301,12.07878,12.08143,0.00,0.00
2015.01.08 19:53:25.351,12.07918,12.08248,0.00,0.00
2015.01.08 19:53:25.402,12.07918,12.08252,0.00,0.00
2015.01.08 19:53:25.684,12.07918,12.08221,0.00,0.00
2015.01.08 19:53:27.945,12.07918,12.0822,0.00,0.00
2015.01.08 19:53:34.369,12.07918,12.08171,0.00,0.00
2015.01.08 19:53:45.083,12.07918,12.0817,0.00,0.00
2015.01.08 19:53:46.407,12.07918,12.08171,0.00,0.00
2015.01.08 19:53:48.844,12.07918,12.0817,0.00,0.00
2015.01.08 19:53:51.099,12.07918,12.08171,0.00,0.00
2015.01.08 19:53:51.302,12.07879,12.0817,0.00,0.00
2015.01.08 19:53:51.889,12.07879,12.08171,0.00,0.00
2015.01.08 19:53:53.107,12.07919,12.08171,0.00,0.00
2015.01.08 19:53:53.282,12.07878,12.08171,0.00,0.00
2015.01.08 19:53:55.255,12.07878,12.0817,0.00,0.00
2015.01.08 19:53:57.539,12.07878,12.08171,0.00,0.00
2015.01.08 19:53:58.245,12.07842,12.08171,0.00,0.00
2015.01.08 19:53:58.296,12.07828,12.08163,0.00,0.00
2015.01.08 19:53:58.396,12.07829,12.08142,0.00,0.00
2015.01.08 19:53:59.369,12.07778,12.08108,0.00,0.00
2015.01.08 19:53:59.419,12.07778,12.08071,0.00,0.00
2015.01.08 19:54:01.247,12.07778,12.0807,0.00,0.00
2015.01.08 19:54:03.678,12.07778,12.08071,0.00,0.00
2015.01.08 19:54:05.557,12.07778,12.0807,0.00,0.00
2015.01.08 19:54:11.479,12.07778,12.08071,0.00,0.00
2015.01.08 19:54:22.296,12.07778,12.0807,0.00,0.00
2015.01.08 19:54:26.043,12.07778,12.08071,0.00,0.00
2015.01.08 19:54:26.539,12.07828,12.08071,0.00,0.00
2015.01.08 19:54:26.589,12.07828,12.08133,0.00,0.00
2015.01.08 19:54:41.901,12.07789,12.08061,0.00,0.00
2015.01.08 19:54:42.002,12.07745,12.08061,0.00,0.00
2015.01.08 19:54:42.052,12.07745,12.08011,0.00,0.00
2015.01.08 19:54:42.103,12.07685,12.08011,0.00,0.00
2015.01.08 19:54:42.153,12.07685,12.0792,0.00,0.00
2015.01.08 19:54:42.204,12.07669,12.0792,0.00,0.00
2015.01.08 19:54:42.305,12.07628,12.07953,0.00,0.00
2015.01.08 19:54:42.997,12.07628,12.07921,0.00,0.00
2015.01.08 19:54:44.369,12.07628,12.07912,0.00,0.00
2015.01.08 19:54:44.661,12.0757,12.0787,0.00,0.00
2015.01.08 19:54:45.372,12.0757,12.07871,0.00,0.00
2015.01.08 19:54:48.352,12.07621,12.07871,0.00,0.00
2015.01.08 19:54:48.403,12.07669,12.07947,0.00,0.00
2015.01.08 19:54:48.504,12.07669,12.0797,0.00,0.00
2015.01.08 19:54:49.321,12.07629,12.07971,0.00,0.00
2015.01.08 19:54:49.422,12.07628,12.07942,0.00,0.00
2015.01.08 19:54:55.881,12.07668,12.07942,0.00,0.00
2015.01.08 19:54:55.932,12.07668,12.07963,0.00,0.00
2015.01.08 19:54:56.041,12.07668,12.07971,0.00,0.00
2015.01.08 19:54:57.863,12.07668,12.0797,0.00,0.00
2015.01.08 19:55:00.601,12.07654,12.0797,0.00,0.00
2015.01.08 19:55:00.752,12.07631,12.07971,0.00,0.00
2015.01.08 19:55:00.858,12.07609,12.07953,0.00,0.00
2015.01.08 19:55:01.082,12.07609,12.0792,0.00,0.00
2015.01.08 19:55:01.852,12.07585,12.07921,0.00,0.00
2015.01.08 19:55:03.967,12.07585,12.0792,0.00,0.00
2015.01.08 19:55:04.977,12.07585,12.0787,0.00,0.00
2015.01.08 19:55:05.028,12.07569,12.0787,0.00,0.00
2015.01.08 19:55:07.910,12.07569,12.07871,0.00,0.00
2015.01.08 19:55:15.789,12.07569,12.0787,0.00,0.00
2015.01.08 19:55:17.111,12.07569,12.07862,0.00,0.00
2015.01.08 19:55:17.161,12.07525,12.07862,0.00,0.00
2015.01.08 19:55:17.381,12.075,12.07842,0.00,0.00
2015.01.08 19:55:17.865,12.07468,12.07771,0.00,0.00
2015.01.08 19:55:18.285,12.0747,12.07771,0.00,0.00
2015.01.08 19:55:19.338,12.0747,12.0777,0.00,0.00
2015.01.08 19:55:20.402,12.07468,12.0777,0.00,0.00
2015.01.08 19:55:21.066,12.07468,12.07771,0.00,0.00
2015.01.08 19:55:27.236,12.07468,12.0777,0.00,0.00
2015.01.08 19:55:28.135,12.07468,12.07771,0.00,0.00
2015.01.08 19:55:34.524,12.07468,12.0777,0.00,0.00
2015.01.08 19:55:38.319,12.07468,12.07771,0.00,0.00
2015.01.08 19:55:39.695,12.07468,12.0777,0.00,0.00
2015.01.08 19:55:39.795,12.07451,12.0777,0.00,0.00
2015.01.08 19:55:39.896,12.07469,12.07771,0.00,0.00
2015.01.08 19:55:41.684,12.07469,12.0777,0.00,0.00
2015.01.08 19:55:43.417,12.07469,12.07771,0.00,0.00
2015.01.08 19:55:56.988,12.07469,12.0777,0.00,0.00
2015.01.08 19:55:59.628,12.07469,12.07771,0.00,0.00
2015.01.08 19:56:06.061,12.07427,12.07769,0.00,0.00
2015.01.08 19:56:06.111,12.07427,12.07671,0.00,0.00
2015.01.08 19:56:06.162,12.07379,12.07671,0.00,0.00
2015.01.08 19:56:06.776,12.07379,12.0767,0.00,0.00
2015.01.08 19:56:07.486,12.07379,12.07671,0.00,0.00
2015.01.08 19:56:07.689,12.07379,12.07715,0.00,0.00
2015.01.08 19:56:08.626,12.07379,12.07671,0.00,0.00
2015.01.08 19:56:16.162,12.07379,12.0767,0.00,0.00
2015.01.08 19:56:18.056,12.07371,12.0767,0.00,0.00
2015.01.08 19:56:18.157,12.07378,12.0767,0.00,0.00
2015.01.08 19:56:18.894,12.07378,12.07671,0.00,0.00
2015.01.08 19:56:20.206,12.07378,12.0767,0.00,0.00
2015.01.08 19:56:21.926,12.07378,12.07671,0.00,0.00
2015.01.08 19:56:25.200,12.07342,12.07671,0.00,0.00
2015.01.08 19:56:25.301,12.07329,12.07669,0.00,0.00
2015.01.08 19:56:25.401,12.07329,12.07654,0.00,0.00
2015.01.08 19:56:25.630,12.07292,12.07634,0.00,0.00
2015.01.08 19:56:25.799,12.07286,12.0763,0.00,0.00
2015.01.08 19:56:25.900,12.07328,12.07665,0.00,0.00
2015.01.08 19:56:26.191,12.07286,12.0763,0.00,0.00
2015.01.08 19:56:27.653,12.07328,12.07644,0.00,0.00
2015.01.08 19:56:30.070,12.07328,12.07629,0.00,0.00
2015.01.08 19:56:30.581,12.07328,12.07614,0.00,0.00
2015.01.08 19:56:31.595,12.07328,12.0763,0.00,0.00
2015.01.08 19:56:34.588,12.07378,12.07671,0.00,0.00
2015.01.08 19:56:43.326,12.07378,12.0767,0.00,0.00
2015.01.08 19:56:44.918,12.07378,12.07671,0.00,0.00
2015.01.08 19:56:45.840,12.07378,12.0767,0.00,0.00
2015.01.08 19:56:46.576,12.07378,12.07671,0.00,0.00
2015.01.08 19:56:49.185,12.07378,12.0767,0.00,0.00
2015.01.08 19:56:51.661,12.07378,12.07671,0.00,0.00
2015.01.08 19:56:57.246,12.07378,12.0767,0.00,0.00
2015.01.08 19:56:58.411,12.07332,12.07671,0.00,0.00
2015.01.08 19:56:58.690,12.07328,12.07634,0.00,0.00
2015.01.08 19:57:08.111,12.07341,12.07685,0.00,0.00
2015.01.08 19:57:08.203,12.07328,12.0767,0.00,0.00
2015.01.08 19:57:08.720,12.07328,12.07644,0.00,0.00
2015.01.08 19:57:11.279,12.07379,12.07644,0.00,0.00
2015.01.08 19:57:11.331,12.07379,12.0766,0.00,0.00
2015.01.08 19:57:11.432,12.07379,12.07671,0.00,0.00
2015.01.08 19:57:14.359,12.07346,12.07671,0.00,0.00
2015.01.08 19:57:14.410,12.07346,12.07669,0.00,0.00
2015.01.08 19:57:14.661,12.07265,12.07607,0.00,0.00
2015.01.08 19:57:14.712,12.07278,12.07607,0.00,0.00
2015.01.08 19:57:15.234,12.07287,12.07629,0.00,0.00
2015.01.08 19:57:25.814,12.07328,12.07629,0.00,0.00
2015.01.08 19:57:25.864,12.07328,12.07649,0.00,0.00
2015.01.08 19:57:46.260,12.07328,12.07645,0.00,0.00
2015.01.08 19:57:48.703,12.07378,12.07665,0.00,0.00
2015.01.08 19:57:57.368,12.07418,12.07665,0.00,0.00
2015.01.08 19:57:57.478,12.07418,12.07684,0.00,0.00
2015.01.08 19:57:57.579,12.07418,12.07739,0.00,0.00
2015.01.08 19:57:57.630,12.07418,12.0772,0.00,0.00
2015.01.08 19:57:58.014,12.07418,12.07725,0.00,0.00
2015.01.08 19:57:58.080,12.07418,12.07739,0.00,0.00
2015.01.08 19:58:05.509,12.07436,12.0777,0.00,0.00
2015.01.08 19:58:05.559,12.07468,12.07771,0.00,0.00
2015.01.08 19:58:13.838,12.07468,12.0777,0.00,0.00
2015.01.08 19:58:16.355,12.07468,12.07771,0.00,0.00
2015.01.08 19:58:22.446,12.07468,12.0777,0.00,0.00
2015.01.08 19:58:23.584,12.07468,12.07771,0.00,0.00
2015.01.08 19:58:26.021,12.07468,12.0777,0.00,0.00
2015.01.08 19:58:28.661,12.07468,12.07771,0.00,0.00
2015.01.08 19:58:30.869,12.07468,12.0777,0.00,0.00
2015.01.08 19:58:32.480,12.07468,12.07771,0.00,0.00
2015.01.08 19:58:33.600,12.07468,12.0777,0.00,0.00
2015.01.08 19:58:35.158,12.07468,12.07771,0.00,0.00
2015.01.08 19:58:36.803,12.07468,12.07768,0.00,0.00
2015.01.08 19:58:40.486,12.07468,12.07771,0.00,0.00
2015.01.08 19:58:41.649,12.07468,12.0777,0.00,0.00
2015.01.08 19:58:42.346,12.07468,12.07767,0.00,0.00
2015.01.08 19:58:58.049,12.07512,12.0777,0.00,0.00
2015.01.08 19:58:58.099,12.07468,12.0777,0.00,0.00
2015.01.08 19:59:01.174,12.07468,12.07766,0.00,0.00
2015.01.08 19:59:01.608,12.07422,12.07766,0.00,0.00
2015.01.08 19:59:01.658,12.07419,12.07754,0.00,0.00
2015.01.08 19:59:02.870,12.07329,12.07654,0.00,0.00
2015.01.08 19:59:16.911,12.07378,12.07671,0.00,0.00
2015.01.08 19:59:18.348,12.07346,12.07671,0.00,0.00
2015.01.08 19:59:18.399,12.07329,12.07671,0.00,0.00
2015.01.08 19:59:18.600,12.07329,12.07651,0.00,0.00
2015.01.08 19:59:19.688,12.07328,12.07651,0.00,0.00
2015.01.08 19:59:20.537,12.07378,12.07651,0.00,0.00
2015.01.08 19:59:20.587,12.07378,12.0767,0.00,0.00
2015.01.08 19:59:21.154,12.07378,12.07671,0.00,0.00
2015.01.08 19:59:22.703,12.07378,12.0767,0.00,0.00
2015.01.08 19:59:23.306,12.07378,12.07671,0.00,0.00
2015.01.08 19:59:24.839,12.07378,12.0767,0.00,0.00
2015.01.08 19:59:25.168,12.07418,12.07695,0.00,0.00
2015.01.08 19:59:25.870,12.07518,12.0785,0.00,0.00
2015.01.08 19:59:26.122,12.07518,12.07839,0.00,0.00
2015.01.08 19:59:26.425,12.07518,12.0785,0.00,0.00
2015.01.08 19:59:26.730,12.07518,12.07833,0.00,0.00
2015.01.08 19:59:28.605,12.07569,12.07885,0.00,0.00
2015.01.08 19:59:28.706,12.07626,12.07961,0.00,0.00
2015.01.08 19:59:28.807,12.07596,12.0794,0.00,0.00
2015.01.08 19:59:29.008,12.07584,12.07928,0.00,0.00
2015.01.08 19:59:29.493,12.07596,12.0794,0.00,0.00
2015.01.08 19:59:31.741,12.07596,12.07938,0.00,0.00
2015.01.08 19:59:32.048,12.07582,12.07924,0.00,0.00
2015.01.08 19:59:32.369,12.07719,12.0796,0.00,0.00
2015.01.08 19:59:32.419,12.07719,12.07971,0.00,0.00
2015.01.08 19:59:32.567,12.07668,12.07971,0.00,0.00
2015.01.08 19:59:32.718,12.07646,12.07962,0.00,0.00
2015.01.08 19:59:32.769,12.07622,12.07962,0.00,0.00
2015.01.08 19:59:32.870,12.07622,12.07935,0.00,0.00
2015.01.08 19:59:32.988,12.07591,12.07935,0.00,0.00
2015.01.08 19:59:33.652,12.07568,12.07871,0.00,0.00
2015.01.08 19:59:34.348,12.07568,12.0787,0.00,0.00
2015.01.08 19:59:35.831,12.07568,12.0791,0.00,0.00
2015.01.08 19:59:35.882,12.07611,12.07955,0.00,0.00
2015.01.08 19:59:36.243,12.07598,12.07942,0.00,0.00
2015.01.08 19:59:37.657,12.07628,12.07942,0.00,0.00
2015.01.08 19:59:37.846,12.07598,12.07942,0.00,0.00
2015.01.08 19:59:37.947,12.07586,12.0793,0.00,0.00
2015.01.08 19:59:42.389,12.07628,12.0793,0.00,0.00
2015.01.08 19:59:42.490,12.07629,12.07945,0.00,0.00
2015.01.08 19:59:43.289,12.07629,12.0792,0.00,0.00
2015.01.08 19:59:43.390,12.07588,12.0792,0.00,0.00
2015.01.08 19:59:43.490,12.07544,12.07888,0.00,0.00
2015.01.08 19:59:43.591,12.07526,12.07868,0.00,0.00
2015.01.08 19:59:45.019,12.07469,12.078,0.00,0.00
2015.01.08 19:59:45.340,12.07469,12.0777,0.00,0.00
2015.01.08 19:59:45.846,12.07469,12.07771,0.00,0.00
2015.01.08 19:59:45.897,12.07518,12.07855,0.00,0.00
2015.01.08 19:59:45.997,12.07518,12.07835,0.00,0.00
2015.01.08 19:59:52.258,12.07491,12.07835,0.00,0.00
2015.01.08 19:59:54.311,12.07542,12.0787,0.00,0.00
2015.01.08 19:59:54.632,12.07568,12.0787,0.00,0.00
2015.01.08 19:59:56.200,12.07568,12.07871,0.00,0.00
2015.01.08 19:59:56.907,12.07469,12.07861,0.00,0.00
2015.01.08 19:59:57.008,12.07518,12.0787,0.00,0.00
2015.01.08 19:59:57.516,12.07569,12.07871,0.00,0.00
