2012.08.20 05:00:03.599,16.19284,16.19647,0.00,0.00
2012.08.20 05:00:03.709,16.1925,16.19613,0.00,0.00
2012.08.20 05:00:04.055,16.1924,16.19603,0.00,0.00
2012.08.20 05:00:04.731,16.19216,16.19517,0.00,0.00
2012.08.20 05:00:05.028,16.19233,16.19596,0.00,0.00
2012.08.20 05:00:06.878,16.19253,16.19616,0.00,0.00
2012.08.20 05:00:07.210,16.19173,16.19536,0.00,0.00
2012.08.20 05:00:07.319,16.19159,16.19522,0.00,0.00
2012.08.20 05:00:07.420,16.19147,16.19448,0.00,0.00
2012.08.20 05:00:10.611,16.19137,16.19437,0.00,0.00
2012.08.20 05:00:10.974,16.19147,16.19448,0.00,0.00
2012.08.20 05:00:11.163,16.1908,16.19443,0.00,0.00
2012.08.20 05:00:11.587,16.19048,16.19348,0.00,0.00
2012.08.20 05:00:13.116,16.19071,16.19434,0.00,0.00
2012.08.20 05:00:33.099,16.19067,16.1943,0.00,0.00
2012.08.20 05:00:38.609,16.19076,16.19439,0.00,0.00
2012.08.20 05:00:48.453,16.19061,16.19424,0.00,0.00
2012.08.20 05:00:49.630,16.19076,16.19439,0.00,0.00
2012.08.20 05:00:50.161,16.19082,16.19445,0.00,0.00
2012.08.20 05:00:54.956,16.19045,16.19408,0.00,0.00
2012.08.20 05:00:55.257,16.19061,16.19424,0.00,0.00
2012.08.20 05:00:57.889,16.19049,16.19412,0.00,0.00
2012.08.20 05:00:58.960,16.19094,16.19457,0.00,0.00
2012.08.20 05:00:59.018,16.19094,16.19437,0.00,0.00
2012.08.20 05:01:00.173,16.1911,16.19473,0.00,0.00
2012.08.20 05:01:00.231,16.1911,16.19457,0.00,0.00
2012.08.20 05:01:01.202,16.19094,16.19457,0.00,0.00
2012.08.20 05:01:02.387,16.19103,16.19466,0.00,0.00
2012.08.20 05:01:03.712,16.19095,16.19459,0.00,0.00
2012.08.20 05:01:04.974,16.1913,16.19493,0.00,0.00
2012.08.20 05:01:13.421,16.1911,16.19473,0.00,0.00
2012.08.20 05:01:15.743,16.19098,16.19398,0.00,0.00
2012.08.20 05:01:17.609,16.19125,16.19488,0.00,0.00
2012.08.20 05:01:20.280,16.19077,16.19377,0.00,0.00
2012.08.20 05:01:20.652,16.19111,16.19474,0.00,0.00
2012.08.20 05:01:22.279,16.19081,16.19444,0.00,0.00
2012.08.20 05:01:32.286,16.19113,16.19476,0.00,0.00
2012.08.20 05:01:33.655,16.19075,16.19438,0.00,0.00
2012.08.20 05:01:43.678,16.19111,16.19474,0.00,0.00
2012.08.20 05:01:44.039,16.19111,16.19474,0.00,0.00
2012.08.20 05:01:44.111,16.19111,16.19448,0.00,0.00
2012.08.20 05:01:45.492,16.19131,16.19494,0.00,0.00
2012.08.20 05:01:51.092,16.19067,16.19367,0.00,0.00
2012.08.20 05:01:51.202,16.19113,16.19476,0.00,0.00
2012.08.20 05:01:51.310,16.19084,16.19447,0.00,0.00
2012.08.20 05:01:52.403,16.19113,16.19476,0.00,0.00
2012.08.20 05:01:52.618,16.19099,16.19462,0.00,0.00
2012.08.20 05:01:53.894,16.19107,16.1947,0.00,0.00
2012.08.20 05:01:56.600,16.19093,16.19456,0.00,0.00
2012.08.20 05:01:58.880,16.19101,16.19464,0.00,0.00
2012.08.20 05:02:00.649,16.19047,16.19347,0.00,0.00
2012.08.20 05:02:01.291,16.19077,16.1944,0.00,0.00
2012.08.20 05:02:04.441,16.19027,16.19327,0.00,0.00
2012.08.20 05:02:07.571,16.19086,16.19449,0.00,0.00
2012.08.20 05:02:27.742,16.19088,16.19451,0.00,0.00
2012.08.20 05:02:33.580,16.18957,16.19257,0.00,0.00
2012.08.20 05:02:33.641,16.19069,16.19432,0.00,0.00
2012.08.20 05:02:33.754,16.19052,16.19415,0.00,0.00
2012.08.20 05:02:34.353,16.18957,16.19258,0.00,0.00
2012.08.20 05:02:34.412,16.19036,16.19399,0.00,0.00
2012.08.20 05:02:35.391,16.19047,16.1941,0.00,0.00
2012.08.20 05:02:35.709,16.18937,16.19237,0.00,0.00
2012.08.20 05:02:40.411,16.19039,16.19402,0.00,0.00
2012.08.20 05:02:44.491,16.19054,16.19417,0.00,0.00
2012.08.20 05:02:45.860,16.19038,16.19401,0.00,0.00
2012.08.20 05:02:46.015,16.18916,16.19217,0.00,0.00
2012.08.20 05:02:46.475,16.1902,16.19383,0.00,0.00
2012.08.20 05:02:48.428,16.18938,16.19238,0.00,0.00
2012.08.20 05:02:48.487,16.18946,16.19247,0.00,0.00
2012.08.20 05:02:48.864,16.19042,16.19405,0.00,0.00
2012.08.20 05:02:54.482,16.18996,16.19297,0.00,0.00
2012.08.20 05:02:54.636,16.19077,16.1944,0.00,0.00
2012.08.20 05:03:03.364,16.19064,16.19427,0.00,0.00
2012.08.20 05:03:03.481,16.19079,16.19442,0.00,0.00
2012.08.20 05:03:05.240,16.19057,16.1942,0.00,0.00
2012.08.20 05:03:05.300,16.18967,16.19267,0.00,0.00
2012.08.20 05:03:05.358,16.19037,16.194,0.00,0.00
2012.08.20 05:03:07.654,16.19058,16.19421,0.00,0.00
2012.08.20 05:03:08.942,16.19067,16.1943,0.00,0.00
2012.08.20 05:03:09.212,16.19106,16.19407,0.00,0.00
2012.08.20 05:03:09.337,16.19169,16.19532,0.00,0.00
2012.08.20 05:03:09.464,16.19137,16.19437,0.00,0.00
2012.08.20 05:03:09.533,16.19194,16.19557,0.00,0.00
2012.08.20 05:03:09.943,16.1918,16.19543,0.00,0.00
2012.08.20 05:03:10.003,16.19137,16.19437,0.00,0.00
2012.08.20 05:03:10.115,16.19187,16.1955,0.00,0.00
2012.08.20 05:03:10.812,16.19167,16.1953,0.00,0.00
2012.08.20 05:03:13.709,16.19184,16.19547,0.00,0.00
2012.08.20 05:03:21.334,16.19176,16.19477,0.00,0.00
2012.08.20 05:03:21.392,16.19176,16.19477,0.00,0.00
2012.08.20 05:03:21.761,16.19106,16.19407,0.00,0.00
2012.08.20 05:03:25.018,16.1923,16.19593,0.00,0.00
2012.08.20 05:03:25.448,16.19216,16.19579,0.00,0.00
2012.08.20 05:03:26.198,16.1923,16.19593,0.00,0.00
2012.08.20 05:03:29.237,16.19126,16.19427,0.00,0.00
2012.08.20 05:03:29.297,16.19249,16.19612,0.00,0.00
2012.08.20 05:03:29.712,16.19261,16.19624,0.00,0.00
2012.08.20 05:03:31.023,16.1925,16.19613,0.00,0.00
2012.08.20 05:03:31.267,16.19277,16.1964,0.00,0.00
2012.08.20 05:03:39.543,16.19264,16.19627,0.00,0.00
2012.08.20 05:03:39.666,16.19279,16.19642,0.00,0.00
2012.08.20 05:03:40.189,16.19247,16.19548,0.00,0.00
2012.08.20 05:03:40.533,16.19272,16.19635,0.00,0.00
2012.08.20 05:03:41.598,16.19251,16.19614,0.00,0.00
2012.08.20 05:03:42.253,16.19238,16.19601,0.00,0.00
2012.08.20 05:03:43.160,16.19127,16.19427,0.00,0.00
2012.08.20 05:03:44.671,16.19249,16.19612,0.00,0.00
2012.08.20 05:03:46.543,16.19053,16.19425,0.00,0.00
2012.08.20 05:03:46.600,16.19262,16.19625,0.00,0.00
2012.08.20 05:03:46.714,16.19234,16.19597,0.00,0.00
2012.08.20 05:03:46.781,16.19052,16.19407,0.00,0.00
2012.08.20 05:03:46.892,16.19235,16.19598,0.00,0.00
2012.08.20 05:03:47.083,16.19219,16.19582,0.00,0.00
2012.08.20 05:03:52.841,16.19245,16.19608,0.00,0.00
2012.08.20 05:03:54.901,16.19224,16.19587,0.00,0.00
2012.08.20 05:03:55.136,16.19136,16.19437,0.00,0.00
2012.08.20 05:03:56.111,16.19256,16.19619,0.00,0.00
2012.08.20 05:04:01.277,16.19172,16.19536,0.00,0.00
2012.08.20 05:04:01.343,16.19188,16.19551,0.00,0.00
2012.08.20 05:04:01.783,16.19172,16.19536,0.00,0.00
2012.08.20 05:04:13.978,16.19194,16.19557,0.00,0.00
2012.08.20 05:04:21.375,16.19202,16.19565,0.00,0.00
2012.08.20 05:04:24.303,16.19218,16.19581,0.00,0.00
2012.08.20 05:04:24.743,16.19192,16.19555,0.00,0.00
2012.08.20 05:04:31.193,16.19217,16.1958,0.00,0.00
2012.08.20 05:04:33.391,16.19204,16.19567,0.00,0.00
2012.08.20 05:04:33.968,16.19117,16.19417,0.00,0.00
2012.08.20 05:04:34.164,16.1925,16.19613,0.00,0.00
2012.08.20 05:04:34.224,16.19137,16.19437,0.00,0.00
2012.08.20 05:04:34.493,16.19273,16.19636,0.00,0.00
2012.08.20 05:04:35.749,16.19289,16.19652,0.00,0.00
2012.08.20 05:04:38.314,16.19267,16.1963,0.00,0.00
2012.08.20 05:04:38.434,16.19282,16.19645,0.00,0.00
2012.08.20 05:04:38.973,16.19177,16.19477,0.00,0.00
2012.08.20 05:04:39.039,16.19299,16.19662,0.00,0.00
2012.08.20 05:04:39.307,16.19277,16.1964,0.00,0.00
2012.08.20 05:04:39.474,16.19167,16.19467,0.00,0.00
2012.08.20 05:04:39.825,16.19258,16.19558,0.00,0.00
2012.08.20 05:04:39.946,16.19176,16.19477,0.00,0.00
2012.08.20 05:04:40.005,16.19315,16.19678,0.00,0.00
2012.08.20 05:04:40.067,16.19196,16.19497,0.00,0.00
2012.08.20 05:04:40.126,16.19338,16.19701,0.00,0.00
2012.08.20 05:04:40.457,16.19197,16.19497,0.00,0.00
2012.08.20 05:04:44.319,16.19332,16.19695,0.00,0.00
2012.08.20 05:04:48.938,16.19346,16.19709,0.00,0.00
2012.08.20 05:04:50.257,16.19331,16.19694,0.00,0.00
2012.08.20 05:04:54.596,16.1934,16.19703,0.00,0.00
2012.08.20 05:05:14.621,16.19338,16.19701,0.00,0.00
2012.08.20 05:05:20.696,16.19207,16.19507,0.00,0.00
2012.08.20 05:05:29.215,16.19252,16.19616,0.00,0.00
2012.08.20 05:05:39.421,16.19345,16.19708,0.00,0.00
2012.08.20 05:05:44.284,16.19331,16.19694,0.00,0.00
2012.08.20 05:05:44.943,16.19361,16.19724,0.00,0.00
2012.08.20 05:05:45.923,16.19339,16.19702,0.00,0.00
2012.08.20 05:05:49.762,16.19355,16.19718,0.00,0.00
2012.08.20 05:05:52.256,16.19278,16.19578,0.00,0.00
2012.08.20 05:05:52.354,16.19324,16.19687,0.00,0.00
2012.08.20 05:05:52.981,16.19342,16.19705,0.00,0.00
2012.08.20 05:05:54.302,16.19328,16.19691,0.00,0.00
2012.08.20 05:05:55.392,16.19351,16.19714,0.00,0.00
2012.08.20 05:06:00.492,16.19329,16.19692,0.00,0.00
2012.08.20 05:06:02.747,16.19352,16.19715,0.00,0.00
2012.08.20 05:06:02.967,16.1933,16.19693,0.00,0.00
2012.08.20 05:06:03.399,16.19322,16.19685,0.00,0.00
2012.08.20 05:06:03.565,16.19301,16.19664,0.00,0.00
2012.08.20 05:06:03.626,16.19187,16.19487,0.00,0.00
2012.08.20 05:06:04.194,16.19286,16.19649,0.00,0.00
2012.08.20 05:06:04.256,16.19157,16.19457,0.00,0.00
2012.08.20 05:06:06.569,16.19302,16.19665,0.00,0.00
2012.08.20 05:06:10.209,16.19279,16.19642,0.00,0.00
2012.08.20 05:06:17.986,16.19136,16.19437,0.00,0.00
2012.08.20 05:06:20.115,16.19291,16.19654,0.00,0.00
2012.08.20 05:06:39.106,16.19308,16.19671,0.00,0.00
2012.08.20 05:06:43.679,16.193,16.19663,0.00,0.00
2012.08.20 05:06:44.536,16.19241,16.19604,0.00,0.00
2012.08.20 05:06:44.596,16.19227,16.1959,0.00,0.00
2012.08.20 05:06:45.409,16.19107,16.19407,0.00,0.00
2012.08.20 05:06:54.238,16.19252,16.19615,0.00,0.00
2012.08.20 05:06:55.647,16.19267,16.1963,0.00,0.00
2012.08.20 05:06:55.811,16.19251,16.19614,0.00,0.00
2012.08.20 05:06:56.306,16.19087,16.19387,0.00,0.00
2012.08.20 05:06:57.130,16.19267,16.1963,0.00,0.00
2012.08.20 05:06:58.937,16.19281,16.19644,0.00,0.00
2012.08.20 05:07:00.647,16.19268,16.19631,0.00,0.00
2012.08.20 05:07:01.300,16.19283,16.19646,0.00,0.00
2012.08.20 05:07:01.860,16.19275,16.19638,0.00,0.00
2012.08.20 05:07:02.158,16.19257,16.1962,0.00,0.00
2012.08.20 05:07:04.777,16.19057,16.19357,0.00,0.00
2012.08.20 05:07:04.966,16.19197,16.1956,0.00,0.00
2012.08.20 05:07:05.202,16.19189,16.19552,0.00,0.00
2012.08.20 05:07:05.318,16.19027,16.19327,0.00,0.00
2012.08.20 05:07:09.602,16.19168,16.19531,0.00,0.00
2012.08.20 05:07:09.855,16.19007,16.19307,0.00,0.00
2012.08.20 05:07:11.120,16.19156,16.19519,0.00,0.00
2012.08.20 05:07:14.688,16.19136,16.19499,0.00,0.00
2012.08.20 05:07:15.218,16.19038,16.19338,0.00,0.00
2012.08.20 05:07:15.276,16.18916,16.19217,0.00,0.00
2012.08.20 05:07:15.335,16.19009,16.19372,0.00,0.00
2012.08.20 05:07:15.478,16.18866,16.19167,0.00,0.00
2012.08.20 05:07:16.025,16.18957,16.19258,0.00,0.00
2012.08.20 05:07:20.674,16.18897,16.19197,0.00,0.00
2012.08.20 05:07:24.635,16.18927,16.19227,0.00,0.00
2012.08.20 05:07:25.911,16.18999,16.19362,0.00,0.00
2012.08.20 05:07:35.188,16.18981,16.19344,0.00,0.00
2012.08.20 05:07:47.993,16.19002,16.19365,0.00,0.00
2012.08.20 05:07:55.542,16.18975,16.19338,0.00,0.00
2012.08.20 05:07:57.531,16.18953,16.19316,0.00,0.00
2012.08.20 05:07:57.643,16.18976,16.1934,0.00,0.00
2012.08.20 05:07:59.562,16.18994,16.19357,0.00,0.00
2012.08.20 05:08:00.870,16.19013,16.19376,0.00,0.00
2012.08.20 05:08:01.314,16.18947,16.19247,0.00,0.00
2012.08.20 05:08:01.768,16.18992,16.19355,0.00,0.00
2012.08.20 05:08:02.304,16.18916,16.19217,0.00,0.00
2012.08.20 05:08:03.278,16.19008,16.19371,0.00,0.00
2012.08.20 05:08:07.673,16.18991,16.19354,0.00,0.00
2012.08.20 05:08:07.978,16.19007,16.1937,0.00,0.00
2012.08.20 05:08:10.058,16.18971,16.19334,0.00,0.00
2012.08.20 05:08:10.118,16.1894,16.19303,0.00,0.00
2012.08.20 05:08:12.631,16.18957,16.1932,0.00,0.00
2012.08.20 05:08:14.267,16.18935,16.19298,0.00,0.00
2012.08.20 05:08:15.432,16.18869,16.19232,0.00,0.00
2012.08.20 05:08:15.629,16.18847,16.19148,0.00,0.00
2012.08.20 05:08:15.970,16.18847,16.19147,0.00,0.00
2012.08.20 05:08:16.036,16.1884,16.19148,0.00,0.00
2012.08.20 05:08:16.383,16.18816,16.19117,0.00,0.00
2012.08.20 05:08:17.393,16.1882,16.19183,0.00,0.00
2012.08.20 05:08:23.596,16.18756,16.19057,0.00,0.00
2012.08.20 05:08:23.943,16.18797,16.19097,0.00,0.00
2012.08.20 05:08:25.911,16.18867,16.1923,0.00,0.00
2012.08.20 05:08:29.999,16.18896,16.19259,0.00,0.00
2012.08.20 05:08:30.111,16.18856,16.19157,0.00,0.00
2012.08.20 05:08:30.169,16.18914,16.19278,0.00,0.00
2012.08.20 05:08:30.228,16.18876,16.19177,0.00,0.00
2012.08.20 05:08:31.326,16.18896,16.19259,0.00,0.00
2012.08.20 05:08:36.715,16.18976,16.19339,0.00,0.00
2012.08.20 05:08:37.274,16.18956,16.19319,0.00,0.00
2012.08.20 05:08:37.586,16.18975,16.19338,0.00,0.00
2012.08.20 05:08:38.066,16.18968,16.19268,0.00,0.00
2012.08.20 05:08:44.460,16.18942,16.19305,0.00,0.00
2012.08.20 05:08:44.882,16.18965,16.19328,0.00,0.00
2012.08.20 05:08:46.089,16.18942,16.19305,0.00,0.00
2012.08.20 05:08:46.189,16.18965,16.19328,0.00,0.00
2012.08.20 05:08:46.699,16.18897,16.19197,0.00,0.00
2012.08.20 05:08:46.761,16.18942,16.19306,0.00,0.00
2012.08.20 05:08:49.341,16.18966,16.19329,0.00,0.00
2012.08.20 05:08:51.954,16.18916,16.19217,0.00,0.00
2012.08.20 05:08:55.107,16.1895,16.19313,0.00,0.00
2012.08.20 05:08:56.762,16.18973,16.19336,0.00,0.00
2012.08.20 05:09:01.297,16.18954,16.19317,0.00,0.00
2012.08.20 05:09:02.092,16.18975,16.19338,0.00,0.00
2012.08.20 05:09:02.306,16.18953,16.19316,0.00,0.00
2012.08.20 05:09:03.274,16.1898,16.19343,0.00,0.00
2012.08.20 05:09:03.741,16.18952,16.19315,0.00,0.00
2012.08.20 05:09:04.199,16.18975,16.19338,0.00,0.00
2012.08.20 05:09:05.262,16.18952,16.19315,0.00,0.00
2012.08.20 05:09:05.849,16.18974,16.19337,0.00,0.00
2012.08.20 05:09:06.244,16.18953,16.19316,0.00,0.00
2012.08.20 05:09:11.452,16.18973,16.19336,0.00,0.00
2012.08.20 05:09:16.716,16.18991,16.19354,0.00,0.00
2012.08.20 05:09:21.891,16.18947,16.19247,0.00,0.00
2012.08.20 05:09:33.358,16.19009,16.19372,0.00,0.00
2012.08.20 05:09:45.145,16.18852,16.19247,0.00,0.00
2012.08.20 05:09:45.221,16.18962,16.19325,0.00,0.00
2012.08.20 05:09:45.581,16.18916,16.19217,0.00,0.00
2012.08.20 05:09:53.210,16.18979,16.19342,0.00,0.00
2012.08.20 05:09:59.553,16.18963,16.19327,0.00,0.00
2012.08.20 05:10:03.503,16.18856,16.19157,0.00,0.00
2012.08.20 05:10:03.580,16.18801,16.19165,0.00,0.00
2012.08.20 05:10:03.702,16.18767,16.19067,0.00,0.00
2012.08.20 05:10:03.991,16.18785,16.19148,0.00,0.00
2012.08.20 05:10:04.491,16.18727,16.19027,0.00,0.00
2012.08.20 05:10:12.925,16.18656,16.18957,0.00,0.00
2012.08.20 05:10:13.031,16.18697,16.18997,0.00,0.00
2012.08.20 05:10:13.898,16.18788,16.19151,0.00,0.00
2012.08.20 05:10:15.649,16.18746,16.19109,0.00,0.00
2012.08.20 05:10:17.697,16.18772,16.19135,0.00,0.00
2012.08.20 05:10:19.646,16.18752,16.19115,0.00,0.00
2012.08.20 05:10:21.516,16.18735,16.19098,0.00,0.00
2012.08.20 05:10:21.627,16.18667,16.18967,0.00,0.00
2012.08.20 05:10:22.204,16.18717,16.19081,0.00,0.00
2012.08.20 05:10:22.325,16.18695,16.19058,0.00,0.00
2012.08.20 05:10:22.384,16.18637,16.18937,0.00,0.00
2012.08.20 05:10:22.731,16.18679,16.19043,0.00,0.00
2012.08.20 05:10:22.843,16.18617,16.18917,0.00,0.00
2012.08.20 05:10:24.805,16.18661,16.19024,0.00,0.00
2012.08.20 05:10:25.081,16.18587,16.18887,0.00,0.00
2012.08.20 05:10:25.140,16.18645,16.19008,0.00,0.00
2012.08.20 05:10:25.200,16.18547,16.18847,0.00,0.00
2012.08.20 05:10:25.456,16.18661,16.19024,0.00,0.00
2012.08.20 05:10:25.781,16.18597,16.18897,0.00,0.00
2012.08.20 05:10:25.840,16.18683,16.19046,0.00,0.00
2012.08.20 05:10:26.059,16.18616,16.18917,0.00,0.00
2012.08.20 05:10:26.335,16.18719,16.19083,0.00,0.00
2012.08.20 05:10:27.542,16.18647,16.18947,0.00,0.00
2012.08.20 05:10:29.255,16.18703,16.19066,0.00,0.00
2012.08.20 05:10:29.315,16.18719,16.19083,0.00,0.00
2012.08.20 05:10:29.742,16.18667,16.18967,0.00,0.00
2012.08.20 05:10:30.621,16.18687,16.18987,0.00,0.00
2012.08.20 05:10:31.023,16.18736,16.191,0.00,0.00
2012.08.20 05:10:33.771,16.18756,16.19119,0.00,0.00
2012.08.20 05:10:41.337,16.18706,16.19007,0.00,0.00
2012.08.20 05:10:41.395,16.18775,16.19138,0.00,0.00
2012.08.20 05:10:42.181,16.18755,16.19118,0.00,0.00
2012.08.20 05:10:42.902,16.18772,16.19135,0.00,0.00
2012.08.20 05:10:44.272,16.18749,16.19112,0.00,0.00
2012.08.20 05:10:48.981,16.18687,16.18987,0.00,0.00
2012.08.20 05:10:49.422,16.18732,16.19095,0.00,0.00
2012.08.20 05:10:49.556,16.18666,16.18967,0.00,0.00
2012.08.20 05:10:56.812,16.18715,16.19078,0.00,0.00
2012.08.20 05:10:59.541,16.18647,16.18947,0.00,0.00
2012.08.20 05:11:13.563,16.18679,16.19042,0.00,0.00
2012.08.20 05:11:22.965,16.18701,16.19064,0.00,0.00
2012.08.20 05:11:24.295,16.18617,16.18917,0.00,0.00
2012.08.20 05:11:25.997,16.18718,16.19082,0.00,0.00
2012.08.20 05:11:46.159,16.18713,16.19076,0.00,0.00
2012.08.20 05:11:50.238,16.18731,16.19094,0.00,0.00
2012.08.20 05:12:06.754,16.18636,16.18937,0.00,0.00
2012.08.20 05:12:07.934,16.18674,16.19037,0.00,0.00
2012.08.20 05:12:12.222,16.18632,16.18995,0.00,0.00
2012.08.20 05:12:12.280,16.18616,16.18917,0.00,0.00
2012.08.20 05:12:16.459,16.18586,16.18887,0.00,0.00
2012.08.20 05:12:16.529,16.18616,16.1898,0.00,0.00
2012.08.20 05:12:17.918,16.18676,16.19039,0.00,0.00
2012.08.20 05:12:23.670,16.1866,16.19023,0.00,0.00
2012.08.20 05:12:43.824,16.18606,16.18907,0.00,0.00
2012.08.20 05:12:43.882,16.18702,16.19065,0.00,0.00
2012.08.20 05:12:49.002,16.18744,16.19107,0.00,0.00
2012.08.20 05:12:49.127,16.18637,16.18937,0.00,0.00
2012.08.20 05:12:49.560,16.18657,16.18957,0.00,0.00
2012.08.20 05:12:50.049,16.18769,16.19132,0.00,0.00
2012.08.20 05:12:52.034,16.18798,16.19161,0.00,0.00
2012.08.20 05:13:03.554,16.18716,16.19017,0.00,0.00
2012.08.20 05:13:12.263,16.18804,16.19167,0.00,0.00
2012.08.20 05:13:24.760,16.18786,16.19087,0.00,0.00
2012.08.20 05:13:25.110,16.18835,16.19198,0.00,0.00
2012.08.20 05:13:25.485,16.18874,16.19237,0.00,0.00
2012.08.20 05:13:28.074,16.18849,16.19212,0.00,0.00
2012.08.20 05:13:29.203,16.18911,16.19274,0.00,0.00
2012.08.20 05:13:29.270,16.18816,16.19117,0.00,0.00
2012.08.20 05:13:29.329,16.18847,16.19147,0.00,0.00
2012.08.20 05:13:29.709,16.1889,16.19253,0.00,0.00
2012.08.20 05:13:30.785,16.18924,16.19287,0.00,0.00
2012.08.20 05:13:30.846,16.18866,16.19167,0.00,0.00
2012.08.20 05:13:30.904,16.18906,16.19269,0.00,0.00
2012.08.20 05:13:41.952,16.18926,16.1929,0.00,0.00
2012.08.20 05:13:43.131,16.18867,16.19167,0.00,0.00
2012.08.20 05:13:44.596,16.18964,16.19327,0.00,0.00
2012.08.20 05:13:46.190,16.18981,16.19344,0.00,0.00
2012.08.20 05:13:47.270,16.18958,16.19321,0.00,0.00
2012.08.20 05:13:49.397,16.1894,16.19303,0.00,0.00
2012.08.20 05:13:49.480,16.18888,16.19251,0.00,0.00
2012.08.20 05:13:49.619,16.18866,16.19167,0.00,0.00
2012.08.20 05:13:50.106,16.18871,16.19178,0.00,0.00
2012.08.20 05:13:50.861,16.18852,16.19215,0.00,0.00
2012.08.20 05:13:59.428,16.18766,16.19067,0.00,0.00
2012.08.20 05:13:59.488,16.18807,16.19108,0.00,0.00
2012.08.20 05:14:01.706,16.18799,16.19162,0.00,0.00
2012.08.20 05:14:06.714,16.1878,16.19143,0.00,0.00
2012.08.20 05:14:06.773,16.18746,16.19047,0.00,0.00
2012.08.20 05:14:11.731,16.18825,16.19188,0.00,0.00
2012.08.20 05:14:13.263,16.18797,16.1916,0.00,0.00
2012.08.20 05:14:13.375,16.18717,16.19017,0.00,0.00
2012.08.20 05:14:13.433,16.18776,16.19139,0.00,0.00
2012.08.20 05:14:14.911,16.1876,16.19123,0.00,0.00
2012.08.20 05:14:19.723,16.18743,16.19106,0.00,0.00
2012.08.20 05:14:21.251,16.1877,16.19133,0.00,0.00
2012.08.20 05:14:25.500,16.18754,16.19117,0.00,0.00
2012.08.20 05:14:36.511,16.18772,16.19135,0.00,0.00
2012.08.20 05:14:42.915,16.18792,16.19155,0.00,0.00
2012.08.20 05:14:42.975,16.18746,16.19047,0.00,0.00
2012.08.20 05:14:43.033,16.18809,16.19172,0.00,0.00
2012.08.20 05:14:48.077,16.18767,16.19067,0.00,0.00
2012.08.20 05:14:58.722,16.18825,16.19189,0.00,0.00
2012.08.20 05:15:03.051,16.18803,16.19166,0.00,0.00
2012.08.20 05:15:03.672,16.18787,16.19087,0.00,0.00
2012.08.20 05:15:03.729,16.18819,16.19182,0.00,0.00
2012.08.20 05:15:04.456,16.18835,16.19198,0.00,0.00
2012.08.20 05:15:05.047,16.18818,16.19181,0.00,0.00
2012.08.20 05:15:08.996,16.18855,16.19218,0.00,0.00
2012.08.20 05:15:09.143,16.18837,16.192,0.00,0.00
2012.08.20 05:15:09.201,16.18807,16.19107,0.00,0.00
2012.08.20 05:15:09.258,16.18845,16.19208,0.00,0.00
2012.08.20 05:15:09.542,16.18833,16.19197,0.00,0.00
2012.08.20 05:15:09.958,16.18827,16.19128,0.00,0.00
2012.08.20 05:15:10.296,16.18787,16.19087,0.00,0.00
2012.08.20 05:15:11.159,16.18812,16.19175,0.00,0.00
2012.08.20 05:15:11.513,16.18766,16.19067,0.00,0.00
2012.08.20 05:15:12.833,16.18805,16.19168,0.00,0.00
2012.08.20 05:15:13.368,16.18827,16.19191,0.00,0.00
2012.08.20 05:15:13.427,16.18797,16.19097,0.00,0.00
2012.08.20 05:15:13.484,16.18846,16.19209,0.00,0.00
2012.08.20 05:15:14.261,16.18816,16.19117,0.00,0.00
2012.08.20 05:15:14.682,16.18821,16.19185,0.00,0.00
2012.08.20 05:15:15.564,16.18805,16.19168,0.00,0.00
2012.08.20 05:15:15.622,16.18797,16.19097,0.00,0.00
2012.08.20 05:15:15.679,16.18785,16.19148,0.00,0.00
2012.08.20 05:15:16.204,16.18807,16.1917,0.00,0.00
2012.08.20 05:15:19.894,16.18791,16.19154,0.00,0.00
2012.08.20 05:15:20.442,16.18807,16.1917,0.00,0.00
2012.08.20 05:15:21.521,16.18777,16.19077,0.00,0.00
2012.08.20 05:15:45.361,16.1875,16.19114,0.00,0.00
2012.08.20 05:15:45.831,16.18746,16.19047,0.00,0.00
2012.08.20 05:15:46.240,16.1877,16.19133,0.00,0.00
2012.08.20 05:15:46.352,16.18745,16.19108,0.00,0.00
2012.08.20 05:15:46.931,16.18727,16.19027,0.00,0.00
2012.08.20 05:15:55.463,16.1878,16.19144,0.00,0.00
2012.08.20 05:16:16.333,16.18786,16.19149,0.00,0.00
2012.08.20 05:16:19.611,16.18763,16.19126,0.00,0.00
2012.08.20 05:16:30.443,16.18784,16.19148,0.00,0.00
2012.08.20 05:16:46.687,16.18756,16.19057,0.00,0.00
2012.08.20 05:16:48.357,16.18776,16.19077,0.00,0.00
2012.08.20 05:16:48.422,16.18808,16.19171,0.00,0.00
2012.08.20 05:17:09.189,16.18801,16.19165,0.00,0.00
2012.08.20 05:17:11.899,16.18817,16.1918,0.00,0.00
2012.08.20 05:17:12.008,16.18797,16.19097,0.00,0.00
2012.08.20 05:17:12.065,16.188,16.19164,0.00,0.00
2012.08.20 05:17:21.970,16.188,16.19127,0.00,0.00
2012.08.20 05:17:25.385,16.18796,16.19097,0.00,0.00
2012.08.20 05:17:32.194,16.18792,16.19155,0.00,0.00
2012.08.20 05:17:35.507,16.18767,16.19067,0.00,0.00
2012.08.20 05:17:48.631,16.18737,16.19037,0.00,0.00
2012.08.20 05:17:48.846,16.18747,16.19047,0.00,0.00
2012.08.20 05:17:48.903,16.18756,16.1912,0.00,0.00
2012.08.20 05:17:49.718,16.18706,16.19007,0.00,0.00
2012.08.20 05:18:09.263,16.18744,16.19107,0.00,0.00
2012.08.20 05:18:10.456,16.18727,16.1909,0.00,0.00
2012.08.20 05:18:19.526,16.18743,16.19106,0.00,0.00
2012.08.20 05:18:27.260,16.18727,16.1909,0.00,0.00
2012.08.20 05:18:33.888,16.18749,16.19112,0.00,0.00
2012.08.20 05:18:45.307,16.18729,16.19092,0.00,0.00
2012.08.20 05:19:06.328,16.18742,16.19105,0.00,0.00
2012.08.20 05:19:11.258,16.18668,16.18968,0.00,0.00
2012.08.20 05:19:11.315,16.18637,16.18937,0.00,0.00
2012.08.20 05:19:11.490,16.18657,16.1902,0.00,0.00
2012.08.20 05:19:11.820,16.18634,16.18997,0.00,0.00
2012.08.20 05:19:14.329,16.1865,16.19013,0.00,0.00
2012.08.20 05:19:15.898,16.18576,16.18877,0.00,0.00
2012.08.20 05:19:16.078,16.18603,16.18966,0.00,0.00
2012.08.20 05:19:16.210,16.18547,16.18848,0.00,0.00
2012.08.20 05:19:16.564,16.18526,16.18827,0.00,0.00
2012.08.20 05:19:17.060,16.18562,16.18925,0.00,0.00
2012.08.20 05:19:17.179,16.18578,16.18941,0.00,0.00
2012.08.20 05:19:17.760,16.18594,16.18898,0.00,0.00
2012.08.20 05:19:17.894,16.18576,16.18877,0.00,0.00
2012.08.20 05:19:18.443,16.18596,16.18897,0.00,0.00
2012.08.20 05:19:18.501,16.18628,16.18991,0.00,0.00
2012.08.20 05:19:18.807,16.18612,16.18975,0.00,0.00
2012.08.20 05:19:19.858,16.18566,16.18867,0.00,0.00
2012.08.20 05:19:20.138,16.18585,16.18948,0.00,0.00
2012.08.20 05:19:20.220,16.18547,16.18848,0.00,0.00
2012.08.20 05:19:20.955,16.18547,16.18847,0.00,0.00
2012.08.20 05:19:21.962,16.18487,16.18787,0.00,0.00
2012.08.20 05:19:22.277,16.18457,16.18757,0.00,0.00
2012.08.20 05:19:28.238,16.18607,16.1897,0.00,0.00
2012.08.20 05:19:42.050,16.18585,16.18948,0.00,0.00
2012.08.20 05:19:50.348,16.18426,16.18727,0.00,0.00
2012.08.20 05:19:50.409,16.18569,16.18932,0.00,0.00
2012.08.20 05:19:50.471,16.18447,16.18747,0.00,0.00
2012.08.20 05:19:50.530,16.18538,16.18838,0.00,0.00
2012.08.20 05:19:53.298,16.18571,16.18934,0.00,0.00
2012.08.20 05:19:57.806,16.18549,16.18912,0.00,0.00
2012.08.20 05:20:02.574,16.18477,16.18777,0.00,0.00
2012.08.20 05:20:02.632,16.18566,16.1893,0.00,0.00
2012.08.20 05:20:03.962,16.18511,16.18874,0.00,0.00
2012.08.20 05:20:04.021,16.18447,16.18747,0.00,0.00
2012.08.20 05:20:04.080,16.18492,16.18855,0.00,0.00
2012.08.20 05:20:04.318,16.18406,16.18707,0.00,0.00
2012.08.20 05:20:14.548,16.18426,16.18727,0.00,0.00
2012.08.20 05:20:14.606,16.18532,16.18895,0.00,0.00
2012.08.20 05:20:19.063,16.18489,16.18852,0.00,0.00
2012.08.20 05:20:26.531,16.18518,16.18881,0.00,0.00
2012.08.20 05:20:27.731,16.18496,16.1886,0.00,0.00
2012.08.20 05:20:30.066,16.1861,16.18973,0.00,0.00
2012.08.20 05:20:30.214,16.18487,16.18787,0.00,0.00
2012.08.20 05:20:30.371,16.1859,16.18953,0.00,0.00
2012.08.20 05:20:30.500,16.18546,16.18847,0.00,0.00
2012.08.20 05:20:31.061,16.18609,16.18972,0.00,0.00
2012.08.20 05:20:32.791,16.1859,16.18953,0.00,0.00
2012.08.20 05:20:33.079,16.18526,16.18827,0.00,0.00
2012.08.20 05:20:36.469,16.18606,16.18969,0.00,0.00
2012.08.20 05:20:37.670,16.18635,16.18998,0.00,0.00
2012.08.20 05:20:37.881,16.18557,16.18857,0.00,0.00
2012.08.20 05:20:38.222,16.18586,16.18887,0.00,0.00
2012.08.20 05:20:38.427,16.18706,16.19069,0.00,0.00
2012.08.20 05:20:38.540,16.18607,16.18907,0.00,0.00
2012.08.20 05:20:39.973,16.18724,16.19088,0.00,0.00
2012.08.20 05:20:40.176,16.18741,16.19104,0.00,0.00
2012.08.20 05:20:40.237,16.18667,16.18967,0.00,0.00
2012.08.20 05:20:40.508,16.18724,16.19087,0.00,0.00
2012.08.20 05:20:41.319,16.18744,16.19107,0.00,0.00
2012.08.20 05:20:41.731,16.18748,16.19048,0.00,0.00
2012.08.20 05:20:41.820,16.18686,16.18987,0.00,0.00
2012.08.20 05:20:42.652,16.18776,16.1914,0.00,0.00
2012.08.20 05:20:42.933,16.18726,16.19027,0.00,0.00
2012.08.20 05:20:43.043,16.18794,16.19157,0.00,0.00
2012.08.20 05:20:43.191,16.18746,16.19047,0.00,0.00
2012.08.20 05:20:43.376,16.1881,16.19173,0.00,0.00
2012.08.20 05:20:43.697,16.18766,16.19067,0.00,0.00
2012.08.20 05:20:43.811,16.18875,16.19238,0.00,0.00
2012.08.20 05:20:43.920,16.18807,16.19107,0.00,0.00
2012.08.20 05:20:44.007,16.18846,16.1921,0.00,0.00
2012.08.20 05:20:44.336,16.18879,16.19242,0.00,0.00
2012.08.20 05:20:45.430,16.18855,16.19218,0.00,0.00
2012.08.20 05:20:45.714,16.1883,16.19193,0.00,0.00
2012.08.20 05:20:45.825,16.18808,16.19171,0.00,0.00
2012.08.20 05:20:45.936,16.18776,16.19077,0.00,0.00
2012.08.20 05:20:46.556,16.18756,16.19057,0.00,0.00
2012.08.20 05:20:46.680,16.18791,16.19154,0.00,0.00
2012.08.20 05:20:47.540,16.18773,16.19137,0.00,0.00
2012.08.20 05:20:47.599,16.18727,16.19027,0.00,0.00
2012.08.20 05:20:48.617,16.18774,16.19138,0.00,0.00
2012.08.20 05:20:48.676,16.18756,16.19057,0.00,0.00
2012.08.20 05:20:48.746,16.18804,16.19167,0.00,0.00
2012.08.20 05:20:49.186,16.18822,16.19185,0.00,0.00
2012.08.20 05:20:49.246,16.18796,16.19097,0.00,0.00
2012.08.20 05:20:49.626,16.18841,16.19204,0.00,0.00
2012.08.20 05:20:49.736,16.18818,16.19182,0.00,0.00
2012.08.20 05:20:51.685,16.18841,16.19204,0.00,0.00
2012.08.20 05:20:51.819,16.18819,16.19182,0.00,0.00
2012.08.20 05:20:52.455,16.18837,16.192,0.00,0.00
2012.08.20 05:20:53.222,16.18817,16.19117,0.00,0.00
2012.08.20 05:20:53.280,16.18862,16.19218,0.00,0.00
2012.08.20 05:20:53.602,16.18835,16.19199,0.00,0.00
2012.08.20 05:20:53.986,16.18835,16.19137,0.00,0.00
2012.08.20 05:20:54.044,16.18857,16.19218,0.00,0.00
2012.08.20 05:20:54.886,16.18874,16.19237,0.00,0.00
2012.08.20 05:20:55.238,16.18897,16.19197,0.00,0.00
2012.08.20 05:20:55.659,16.18975,16.19308,0.00,0.00
2012.08.20 05:20:59.353,16.18954,16.19317,0.00,0.00
2012.08.20 05:20:59.581,16.18947,16.19311,0.00,0.00
2012.08.20 05:20:59.641,16.18927,16.19227,0.00,0.00
2012.08.20 05:21:00.163,16.18897,16.19197,0.00,0.00
2012.08.20 05:21:05.476,16.18967,16.19308,0.00,0.00
2012.08.20 05:21:05.588,16.18927,16.19227,0.00,0.00
2012.08.20 05:21:05.831,16.18947,16.1931,0.00,0.00
2012.08.20 05:21:14.585,16.18897,16.19197,0.00,0.00
2012.08.20 05:21:17.802,16.18965,16.19328,0.00,0.00
2012.08.20 05:21:17.862,16.18927,16.19227,0.00,0.00
2012.08.20 05:21:18.899,16.18982,16.19345,0.00,0.00
2012.08.20 05:21:19.010,16.18957,16.1932,0.00,0.00
2012.08.20 05:21:19.396,16.18957,16.19297,0.00,0.00
2012.08.20 05:21:21.102,16.1898,16.19343,0.00,0.00
2012.08.20 05:21:26.053,16.18963,16.19326,0.00,0.00
2012.08.20 05:21:26.461,16.18947,16.19267,0.00,0.00
2012.08.20 05:21:27.174,16.18927,16.19248,0.00,0.00
2012.08.20 05:21:27.476,16.18927,16.19227,0.00,0.00
2012.08.20 05:21:37.561,16.18943,16.19306,0.00,0.00
2012.08.20 05:21:43.493,16.18964,16.19327,0.00,0.00
2012.08.20 05:21:43.975,16.18956,16.19257,0.00,0.00
2012.08.20 05:21:44.032,16.18956,16.19257,0.00,0.00
2012.08.20 05:21:50.453,16.18948,16.19248,0.00,0.00
2012.08.20 05:21:50.510,16.18941,16.19305,0.00,0.00
2012.08.20 05:21:50.582,16.18927,16.19227,0.00,0.00
2012.08.20 05:22:03.285,16.18836,16.19137,0.00,0.00
2012.08.20 05:22:03.624,16.18819,16.19183,0.00,0.00
2012.08.20 05:22:03.735,16.18799,16.19162,0.00,0.00
2012.08.20 05:22:03.835,16.18797,16.19097,0.00,0.00
2012.08.20 05:22:13.221,16.18816,16.19179,0.00,0.00
2012.08.20 05:22:14.542,16.18837,16.192,0.00,0.00
2012.08.20 05:22:30.195,16.18756,16.19057,0.00,0.00
2012.08.20 05:22:33.151,16.18727,16.19027,0.00,0.00
2012.08.20 05:22:33.232,16.18797,16.1916,0.00,0.00
2012.08.20 05:22:34.454,16.18797,16.19117,0.00,0.00
2012.08.20 05:22:34.511,16.18817,16.1918,0.00,0.00
2012.08.20 05:22:38.299,16.18842,16.19206,0.00,0.00
2012.08.20 05:22:39.719,16.18834,16.19197,0.00,0.00
2012.08.20 05:22:39.778,16.18834,16.19147,0.00,0.00
2012.08.20 05:22:40.148,16.18818,16.19181,0.00,0.00
2012.08.20 05:22:40.915,16.18816,16.19117,0.00,0.00
2012.08.20 05:22:41.234,16.18843,16.19147,0.00,0.00
2012.08.20 05:22:41.291,16.18865,16.19228,0.00,0.00
2012.08.20 05:22:45.598,16.18889,16.19252,0.00,0.00
2012.08.20 05:22:47.116,16.18867,16.19167,0.00,0.00
2012.08.20 05:22:47.557,16.18911,16.19274,0.00,0.00
2012.08.20 05:22:47.668,16.18897,16.19197,0.00,0.00
2012.08.20 05:22:47.726,16.18897,16.19197,0.00,0.00
2012.08.20 05:22:48.135,16.18929,16.19292,0.00,0.00
2012.08.20 05:22:48.757,16.18909,16.19273,0.00,0.00
2012.08.20 05:22:49.345,16.18964,16.19327,0.00,0.00
2012.08.20 05:22:49.457,16.18916,16.19217,0.00,0.00
2012.08.20 05:22:49.543,16.18946,16.19247,0.00,0.00
2012.08.20 05:22:51.926,16.18946,16.1931,0.00,0.00
2012.08.20 05:22:53.158,16.18938,16.19238,0.00,0.00
2012.08.20 05:22:53.676,16.18913,16.19276,0.00,0.00
2012.08.20 05:22:58.034,16.18897,16.19198,0.00,0.00
2012.08.20 05:22:58.286,16.18818,16.19181,0.00,0.00
2012.08.20 05:22:59.487,16.18863,16.19226,0.00,0.00
2012.08.20 05:22:59.836,16.18868,16.19168,0.00,0.00
2012.08.20 05:23:01.003,16.1887,16.19233,0.00,0.00
2012.08.20 05:23:01.544,16.18892,16.19255,0.00,0.00
2012.08.20 05:23:06.573,16.18874,16.19237,0.00,0.00
2012.08.20 05:23:14.750,16.18856,16.1922,0.00,0.00
2012.08.20 05:23:21.340,16.18875,16.19238,0.00,0.00
2012.08.20 05:23:21.919,16.18867,16.19167,0.00,0.00
2012.08.20 05:23:21.983,16.18895,16.19258,0.00,0.00
2012.08.20 05:23:22.042,16.18895,16.19197,0.00,0.00
2012.08.20 05:23:22.099,16.18911,16.19275,0.00,0.00
2012.08.20 05:23:22.425,16.18887,16.19187,0.00,0.00
2012.08.20 05:23:35.925,16.18867,16.19168,0.00,0.00
2012.08.20 05:23:36.113,16.18894,16.19257,0.00,0.00
2012.08.20 05:23:36.234,16.18856,16.19157,0.00,0.00
2012.08.20 05:23:53.611,16.18915,16.19279,0.00,0.00
2012.08.20 05:23:53.670,16.18877,16.19177,0.00,0.00
2012.08.20 05:23:55.140,16.18899,16.19262,0.00,0.00
2012.08.20 05:23:55.544,16.18867,16.19168,0.00,0.00
2012.08.20 05:23:56.501,16.18857,16.19157,0.00,0.00
2012.08.20 05:23:58.809,16.18872,16.19235,0.00,0.00
2012.08.20 05:24:01.985,16.18888,16.19251,0.00,0.00
2012.08.20 05:24:07.937,16.18904,16.19267,0.00,0.00
2012.08.20 05:24:08.574,16.18876,16.19177,0.00,0.00
2012.08.20 05:24:08.632,16.18921,16.19284,0.00,0.00
2012.08.20 05:24:16.185,16.18879,16.19242,0.00,0.00
2012.08.20 05:24:16.275,16.18857,16.19157,0.00,0.00
2012.08.20 05:24:32.798,16.18904,16.19267,0.00,0.00
2012.08.20 05:24:32.917,16.18888,16.19251,0.00,0.00
2012.08.20 05:24:33.258,16.19037,16.19348,0.00,0.00
2012.08.20 05:24:33.320,16.19037,16.19348,0.00,0.00
2012.08.20 05:24:33.377,16.19094,16.19457,0.00,0.00
2012.08.20 05:24:33.651,16.19076,16.19439,0.00,0.00
2012.08.20 05:24:38.291,16.19001,16.19364,0.00,0.00
2012.08.20 05:24:38.570,16.18979,16.19342,0.00,0.00
2012.08.20 05:24:38.994,16.18957,16.19257,0.00,0.00
2012.08.20 05:24:41.153,16.18979,16.19287,0.00,0.00
2012.08.20 05:24:41.256,16.18967,16.19268,0.00,0.00
2012.08.20 05:24:41.583,16.18962,16.19268,0.00,0.00
2012.08.20 05:24:42.043,16.18896,16.19197,0.00,0.00
2012.08.20 05:24:42.102,16.18918,16.19281,0.00,0.00
2012.08.20 05:24:44.013,16.18918,16.19227,0.00,0.00
2012.08.20 05:24:44.138,16.18987,16.1935,0.00,0.00
2012.08.20 05:24:44.608,16.18901,16.19264,0.00,0.00
2012.08.20 05:24:46.338,16.18887,16.19188,0.00,0.00
2012.08.20 05:24:46.659,16.18853,16.19216,0.00,0.00
2012.08.20 05:24:48.937,16.1883,16.19193,0.00,0.00
2012.08.20 05:24:50.405,16.18826,16.19127,0.00,0.00
2012.08.20 05:24:50.925,16.18837,16.19138,0.00,0.00
2012.08.20 05:24:51.163,16.18847,16.19147,0.00,0.00
2012.08.20 05:24:57.215,16.18861,16.19217,0.00,0.00
2012.08.20 05:24:57.272,16.18983,16.19346,0.00,0.00
2012.08.20 05:24:57.332,16.18967,16.19267,0.00,0.00
2012.08.20 05:25:02.924,16.18957,16.19258,0.00,0.00
2012.08.20 05:25:03.236,16.18947,16.19247,0.00,0.00
2012.08.20 05:25:04.256,16.18958,16.19322,0.00,0.00
2012.08.20 05:25:05.555,16.18977,16.1934,0.00,0.00
2012.08.20 05:25:06.490,16.18977,16.19277,0.00,0.00
2012.08.20 05:25:10.303,16.18977,16.19278,0.00,0.00
2012.08.20 05:25:10.360,16.18999,16.19362,0.00,0.00
2012.08.20 05:25:10.419,16.18997,16.19298,0.00,0.00
2012.08.20 05:25:19.648,16.19018,16.19381,0.00,0.00
2012.08.20 05:25:19.707,16.19018,16.19327,0.00,0.00
2012.08.20 05:25:24.932,16.18966,16.19267,0.00,0.00
2012.08.20 05:25:26.356,16.18997,16.1936,0.00,0.00
2012.08.20 05:25:29.616,16.18979,16.19342,0.00,0.00
2012.08.20 05:25:31.816,16.18995,16.19358,0.00,0.00
2012.08.20 05:25:51.122,16.19017,16.1938,0.00,0.00
2012.08.20 05:26:11.150,16.18991,16.19354,0.00,0.00
2012.08.20 05:26:18.581,16.18947,16.19247,0.00,0.00
2012.08.20 05:26:31.211,16.18983,16.19347,0.00,0.00
2012.08.20 05:26:42.470,16.18927,16.19227,0.00,0.00
2012.08.20 05:26:42.528,16.18965,16.19328,0.00,0.00
2012.08.20 05:26:58.630,16.18983,16.19346,0.00,0.00
2012.08.20 05:27:00.967,16.18947,16.19247,0.00,0.00
2012.08.20 05:27:01.134,16.19001,16.19364,0.00,0.00
2012.08.20 05:27:02.239,16.19043,16.19406,0.00,0.00
2012.08.20 05:27:02.298,16.18997,16.19297,0.00,0.00
2012.08.20 05:27:03.088,16.19027,16.19327,0.00,0.00
2012.08.20 05:27:03.146,16.1906,16.19424,0.00,0.00
2012.08.20 05:27:03.349,16.18983,16.19346,0.00,0.00
2012.08.20 05:27:03.407,16.18937,16.19237,0.00,0.00
2012.08.20 05:27:06.461,16.18917,16.19217,0.00,0.00
2012.08.20 05:27:19.321,16.18944,16.19307,0.00,0.00
2012.08.20 05:27:19.491,16.18886,16.19187,0.00,0.00
2012.08.20 05:27:20.768,16.18847,16.19147,0.00,0.00
2012.08.20 05:27:20.827,16.18925,16.19288,0.00,0.00
2012.08.20 05:27:23.290,16.18877,16.19177,0.00,0.00
2012.08.20 05:27:23.348,16.18947,16.19248,0.00,0.00
2012.08.20 05:27:25.270,16.18937,16.19237,0.00,0.00
2012.08.20 05:27:32.292,16.18954,16.19317,0.00,0.00
2012.08.20 05:27:32.739,16.18928,16.19291,0.00,0.00
2012.08.20 05:27:32.799,16.18916,16.19217,0.00,0.00
2012.08.20 05:27:32.856,16.18855,16.19219,0.00,0.00
2012.08.20 05:27:33.303,16.18827,16.19127,0.00,0.00
2012.08.20 05:27:37.527,16.18807,16.19107,0.00,0.00
2012.08.20 05:27:37.638,16.18839,16.19203,0.00,0.00
2012.08.20 05:27:37.719,16.18862,16.19225,0.00,0.00
2012.08.20 05:27:38.060,16.1884,16.19203,0.00,0.00
2012.08.20 05:27:38.175,16.18818,16.19118,0.00,0.00
2012.08.20 05:27:38.493,16.18806,16.19107,0.00,0.00
2012.08.20 05:27:43.353,16.18798,16.19098,0.00,0.00
2012.08.20 05:27:44.434,16.18786,16.19087,0.00,0.00
2012.08.20 05:27:47.303,16.18816,16.19179,0.00,0.00
2012.08.20 05:27:51.040,16.18756,16.19057,0.00,0.00
2012.08.20 05:27:51.968,16.18768,16.19068,0.00,0.00
2012.08.20 05:27:53.980,16.18786,16.19087,0.00,0.00
2012.08.20 05:27:57.281,16.18768,16.19068,0.00,0.00
2012.08.20 05:27:57.791,16.18797,16.1916,0.00,0.00
2012.08.20 05:27:58.013,16.18742,16.19105,0.00,0.00
2012.08.20 05:27:58.381,16.18736,16.19037,0.00,0.00
2012.08.20 05:28:00.190,16.18728,16.19028,0.00,0.00
2012.08.20 05:28:01.054,16.18721,16.19084,0.00,0.00
2012.08.20 05:28:01.700,16.18703,16.19066,0.00,0.00
2012.08.20 05:28:01.790,16.18697,16.18997,0.00,0.00
2012.08.20 05:28:02.270,16.18667,16.18968,0.00,0.00
2012.08.20 05:28:03.033,16.18685,16.19048,0.00,0.00
2012.08.20 05:28:15.644,16.18702,16.19065,0.00,0.00
2012.08.20 05:28:24.344,16.18728,16.19091,0.00,0.00
2012.08.20 05:28:24.450,16.18728,16.19047,0.00,0.00
2012.08.20 05:28:24.508,16.18767,16.1913,0.00,0.00
2012.08.20 05:28:26.658,16.18767,16.19067,0.00,0.00
2012.08.20 05:28:26.971,16.18744,16.19107,0.00,0.00
2012.08.20 05:28:27.199,16.18736,16.19037,0.00,0.00
2012.08.20 05:28:27.510,16.1875,16.19113,0.00,0.00
2012.08.20 05:28:27.960,16.18766,16.19129,0.00,0.00
2012.08.20 05:28:28.080,16.1875,16.19113,0.00,0.00
2012.08.20 05:28:28.200,16.18766,16.19129,0.00,0.00
2012.08.20 05:28:28.320,16.1875,16.19113,0.00,0.00
2012.08.20 05:28:29.380,16.18766,16.19129,0.00,0.00
2012.08.20 05:28:29.501,16.18734,16.19097,0.00,0.00
2012.08.20 05:28:32.422,16.1875,16.19113,0.00,0.00
2012.08.20 05:28:33.652,16.18732,16.19095,0.00,0.00
2012.08.20 05:28:34.310,16.18755,16.19118,0.00,0.00
2012.08.20 05:28:36.439,16.18737,16.19037,0.00,0.00
2012.08.20 05:28:36.551,16.18755,16.19067,0.00,0.00
2012.08.20 05:28:36.608,16.18774,16.19137,0.00,0.00
2012.08.20 05:28:37.350,16.18742,16.19105,0.00,0.00
2012.08.20 05:28:39.062,16.18749,16.19112,0.00,0.00
2012.08.20 05:28:44.801,16.18772,16.19135,0.00,0.00
2012.08.20 05:28:46.213,16.1875,16.19113,0.00,0.00
2012.08.20 05:28:46.448,16.18766,16.19129,0.00,0.00
2012.08.20 05:28:52.773,16.1875,16.19113,0.00,0.00
2012.08.20 05:28:57.015,16.1875,16.19067,0.00,0.00
2012.08.20 05:28:57.072,16.18773,16.19136,0.00,0.00
2012.08.20 05:29:00.550,16.18767,16.19068,0.00,0.00
2012.08.20 05:29:00.616,16.18773,16.19087,0.00,0.00
2012.08.20 05:29:01.775,16.18791,16.19154,0.00,0.00
2012.08.20 05:29:18.353,16.18769,16.19132,0.00,0.00
2012.08.20 05:29:24.711,16.18767,16.19067,0.00,0.00
2012.08.20 05:29:27.571,16.18667,16.18967,0.00,0.00
2012.08.20 05:29:27.736,16.18669,16.19032,0.00,0.00
2012.08.20 05:29:27.824,16.18642,16.19005,0.00,0.00
2012.08.20 05:29:28.344,16.18586,16.18887,0.00,0.00
2012.08.20 05:29:28.475,16.18613,16.18977,0.00,0.00
2012.08.20 05:29:28.583,16.18596,16.1896,0.00,0.00
2012.08.20 05:29:29.661,16.18556,16.18857,0.00,0.00
2012.08.20 05:29:37.836,16.18572,16.18935,0.00,0.00
2012.08.20 05:29:37.911,16.18516,16.18817,0.00,0.00
2012.08.20 05:29:38.275,16.18517,16.18818,0.00,0.00
2012.08.20 05:29:38.395,16.18477,16.18777,0.00,0.00
2012.08.20 05:29:38.619,16.18507,16.1887,0.00,0.00
2012.08.20 05:29:38.681,16.18437,16.18737,0.00,0.00
2012.08.20 05:29:39.892,16.18367,16.18667,0.00,0.00
2012.08.20 05:29:40.004,16.1845,16.18813,0.00,0.00
2012.08.20 05:29:40.334,16.18316,16.18617,0.00,0.00
2012.08.20 05:29:40.394,16.18348,16.18648,0.00,0.00
2012.08.20 05:29:40.754,16.18382,16.18745,0.00,0.00
2012.08.20 05:29:42.844,16.18411,16.18774,0.00,0.00
2012.08.20 05:29:43.277,16.1838,16.18743,0.00,0.00
2012.08.20 05:29:44.274,16.184,16.18763,0.00,0.00
2012.08.20 05:29:44.785,16.18347,16.18648,0.00,0.00
2012.08.20 05:29:50.645,16.18467,16.1883,0.00,0.00
2012.08.20 05:29:50.946,16.18467,16.18818,0.00,0.00
2012.08.20 05:29:51.006,16.18416,16.18717,0.00,0.00
2012.08.20 05:29:51.117,16.18516,16.18817,0.00,0.00
2012.08.20 05:29:51.227,16.18604,16.18967,0.00,0.00
2012.08.20 05:29:51.440,16.18538,16.18838,0.00,0.00
2012.08.20 05:29:51.498,16.18556,16.18857,0.00,0.00
2012.08.20 05:29:51.565,16.1862,16.18984,0.00,0.00
2012.08.20 05:29:51.717,16.18601,16.18964,0.00,0.00
2012.08.20 05:29:52.032,16.18624,16.18987,0.00,0.00
2012.08.20 05:29:54.096,16.18527,16.18827,0.00,0.00
2012.08.20 05:29:55.071,16.18506,16.18807,0.00,0.00
2012.08.20 05:29:55.183,16.18585,16.18948,0.00,0.00
2012.08.20 05:29:57.685,16.18568,16.18931,0.00,0.00
2012.08.20 05:29:58.867,16.18584,16.18947,0.00,0.00
2012.08.20 05:30:00.938,16.18624,16.18987,0.00,0.00
2012.08.20 05:30:01.051,16.18537,16.18837,0.00,0.00
2012.08.20 05:30:02.859,16.18507,16.18807,0.00,0.00
2012.08.20 05:30:03.007,16.18607,16.1897,0.00,0.00
2012.08.20 05:30:03.121,16.18583,16.18946,0.00,0.00
2012.08.20 05:30:03.600,16.18476,16.18777,0.00,0.00
2012.08.20 05:30:04.962,16.18666,16.19029,0.00,0.00
2012.08.20 05:30:05.026,16.18537,16.18837,0.00,0.00
2012.08.20 05:30:05.185,16.18646,16.19009,0.00,0.00
2012.08.20 05:30:05.250,16.18557,16.18857,0.00,0.00
2012.08.20 05:30:06.367,16.18668,16.19031,0.00,0.00
2012.08.20 05:30:06.513,16.18547,16.18848,0.00,0.00
2012.08.20 05:30:06.696,16.18647,16.1901,0.00,0.00
2012.08.20 05:30:07.415,16.1869,16.19053,0.00,0.00
2012.08.20 05:30:07.477,16.18547,16.18847,0.00,0.00
2012.08.20 05:30:07.538,16.18706,16.19069,0.00,0.00
2012.08.20 05:30:07.733,16.18596,16.18897,0.00,0.00
2012.08.20 05:30:10.860,16.18628,16.18928,0.00,0.00
2012.08.20 05:30:10.947,16.18646,16.18947,0.00,0.00
2012.08.20 05:30:11.056,16.18772,16.19135,0.00,0.00
2012.08.20 05:30:11.630,16.18677,16.18977,0.00,0.00
2012.08.20 05:30:11.965,16.18716,16.19017,0.00,0.00
2012.08.20 05:30:12.026,16.18828,16.19191,0.00,0.00
2012.08.20 05:30:12.977,16.18808,16.19171,0.00,0.00
2012.08.20 05:30:13.037,16.18879,16.19242,0.00,0.00
2012.08.20 05:30:13.343,16.18953,16.19253,0.00,0.00
2012.08.20 05:30:14.010,16.18757,16.19057,0.00,0.00
2012.08.20 05:30:17.052,16.19033,16.19333,0.00,0.00
2012.08.20 05:30:17.115,16.18787,16.19087,0.00,0.00
2012.08.20 05:30:17.174,16.18993,16.19356,0.00,0.00
2012.08.20 05:30:17.500,16.18757,16.19057,0.00,0.00
2012.08.20 05:30:17.613,16.18954,16.19317,0.00,0.00
2012.08.20 05:30:22.900,16.18707,16.19007,0.00,0.00
2012.08.20 05:30:22.960,16.18841,16.19204,0.00,0.00
2012.08.20 05:30:23.022,16.18656,16.18957,0.00,0.00
2012.08.20 05:30:23.165,16.18772,16.19135,0.00,0.00
2012.08.20 05:30:23.572,16.18626,16.18927,0.00,0.00
2012.08.20 05:30:23.632,16.18754,16.19117,0.00,0.00
2012.08.20 05:30:25.020,16.18647,16.18947,0.00,0.00
2012.08.20 05:30:25.135,16.18772,16.19135,0.00,0.00
2012.08.20 05:30:25.650,16.18626,16.18927,0.00,0.00
2012.08.20 05:30:27.115,16.18756,16.19119,0.00,0.00
2012.08.20 05:30:28.569,16.18789,16.19152,0.00,0.00
2012.08.20 05:30:29.537,16.18769,16.19132,0.00,0.00
2012.08.20 05:30:29.655,16.18799,16.19162,0.00,0.00
2012.08.20 05:30:30.053,16.18667,16.18967,0.00,0.00
2012.08.20 05:30:31.858,16.18818,16.19181,0.00,0.00
2012.08.20 05:30:31.920,16.18717,16.19017,0.00,0.00
2012.08.20 05:30:31.979,16.18846,16.19209,0.00,0.00
2012.08.20 05:30:32.476,16.18747,16.19047,0.00,0.00
2012.08.20 05:30:34.119,16.18828,16.19191,0.00,0.00
2012.08.20 05:30:34.181,16.18717,16.19017,0.00,0.00
2012.08.20 05:30:34.390,16.18791,16.19154,0.00,0.00
2012.08.20 05:30:34.535,16.18707,16.19008,0.00,0.00
2012.08.20 05:30:34.885,16.18677,16.18977,0.00,0.00
2012.08.20 05:30:36.083,16.18769,16.19132,0.00,0.00
2012.08.20 05:30:36.143,16.18656,16.18957,0.00,0.00
2012.08.20 05:30:36.614,16.18786,16.19149,0.00,0.00
2012.08.20 05:30:40.663,16.18767,16.1913,0.00,0.00
2012.08.20 05:30:41.489,16.18687,16.18988,0.00,0.00
2012.08.20 05:30:41.549,16.18783,16.19146,0.00,0.00
2012.08.20 05:30:42.985,16.18754,16.19117,0.00,0.00
2012.08.20 05:30:43.045,16.18686,16.18987,0.00,0.00
2012.08.20 05:30:43.580,16.18656,16.18957,0.00,0.00
2012.08.20 05:30:50.138,16.18737,16.191,0.00,0.00
2012.08.20 05:30:51.878,16.18587,16.18887,0.00,0.00
2012.08.20 05:30:51.990,16.18642,16.19006,0.00,0.00
2012.08.20 05:30:52.269,16.18537,16.18837,0.00,0.00
2012.08.20 05:30:52.436,16.18626,16.18989,0.00,0.00
2012.08.20 05:30:52.684,16.18652,16.19015,0.00,0.00
2012.08.20 05:30:52.981,16.18636,16.18999,0.00,0.00
2012.08.20 05:30:55.466,16.18652,16.19015,0.00,0.00
2012.08.20 05:30:55.696,16.18644,16.19007,0.00,0.00
2012.08.20 05:30:56.211,16.18622,16.18985,0.00,0.00
2012.08.20 05:30:56.655,16.18642,16.19005,0.00,0.00
2012.08.20 05:30:56.895,16.18621,16.18984,0.00,0.00
2012.08.20 05:30:57.132,16.18642,16.19005,0.00,0.00
2012.08.20 05:30:57.517,16.18621,16.18984,0.00,0.00
2012.08.20 05:30:57.778,16.18641,16.19004,0.00,0.00
2012.08.20 05:30:58.071,16.1862,16.18984,0.00,0.00
2012.08.20 05:30:58.278,16.18641,16.19004,0.00,0.00
2012.08.20 05:30:58.496,16.1862,16.18984,0.00,0.00
2012.08.20 05:30:59.599,16.18644,16.19007,0.00,0.00
2012.08.20 05:31:00.046,16.18628,16.18991,0.00,0.00
2012.08.20 05:31:04.177,16.18612,16.18975,0.00,0.00
2012.08.20 05:31:04.415,16.18628,16.18991,0.00,0.00
2012.08.20 05:31:04.536,16.18612,16.18975,0.00,0.00
2012.08.20 05:31:04.717,16.18631,16.18994,0.00,0.00
2012.08.20 05:31:04.957,16.18615,16.18979,0.00,0.00
2012.08.20 05:31:05.065,16.18632,16.18995,0.00,0.00
2012.08.20 05:31:06.157,16.18611,16.18974,0.00,0.00
2012.08.20 05:31:07.786,16.18627,16.1899,0.00,0.00
2012.08.20 05:31:07.905,16.18611,16.18974,0.00,0.00
2012.08.20 05:31:12.966,16.18613,16.18977,0.00,0.00
2012.08.20 05:31:13.276,16.18617,16.18981,0.00,0.00
2012.08.20 05:31:14.266,16.18633,16.18996,0.00,0.00
2012.08.20 05:31:14.326,16.18617,16.18981,0.00,0.00
2012.08.20 05:31:19.249,16.18507,16.18807,0.00,0.00
2012.08.20 05:31:19.308,16.18599,16.18962,0.00,0.00
2012.08.20 05:31:23.578,16.18619,16.18983,0.00,0.00
2012.08.20 05:31:24.820,16.18596,16.18959,0.00,0.00
2012.08.20 05:31:25.189,16.18467,16.18767,0.00,0.00
2012.08.20 05:31:26.824,16.18538,16.18838,0.00,0.00
2012.08.20 05:31:29.580,16.18608,16.18971,0.00,0.00
2012.08.20 05:31:29.949,16.18447,16.18747,0.00,0.00
2012.08.20 05:31:30.023,16.18582,16.18945,0.00,0.00
2012.08.20 05:31:30.136,16.1856,16.18923,0.00,0.00
2012.08.20 05:31:30.469,16.18407,16.18707,0.00,0.00
2012.08.20 05:31:34.576,16.18544,16.18907,0.00,0.00
2012.08.20 05:31:35.009,16.18528,16.18891,0.00,0.00
2012.08.20 05:31:35.122,16.18387,16.18687,0.00,0.00
2012.08.20 05:31:35.542,16.18407,16.18707,0.00,0.00
2012.08.20 05:31:36.209,16.18535,16.18898,0.00,0.00
2012.08.20 05:31:40.261,16.18386,16.18687,0.00,0.00
2012.08.20 05:31:40.874,16.18407,16.18707,0.00,0.00
2012.08.20 05:31:50.319,16.18581,16.18944,0.00,0.00
2012.08.20 05:31:50.527,16.18447,16.18747,0.00,0.00
2012.08.20 05:31:51.319,16.18568,16.18868,0.00,0.00
2012.08.20 05:31:51.518,16.18507,16.18807,0.00,0.00
2012.08.20 05:31:51.948,16.18642,16.19005,0.00,0.00
2012.08.20 05:31:52.067,16.18487,16.18787,0.00,0.00
2012.08.20 05:31:52.637,16.18564,16.18927,0.00,0.00
2012.08.20 05:31:52.750,16.1862,16.18984,0.00,0.00
2012.08.20 05:31:52.863,16.18496,16.18797,0.00,0.00
2012.08.20 05:31:52.975,16.18567,16.1893,0.00,0.00
2012.08.20 05:31:53.058,16.18477,16.18777,0.00,0.00
2012.08.20 05:31:53.116,16.1859,16.18953,0.00,0.00
2012.08.20 05:31:53.229,16.18527,16.18828,0.00,0.00
2012.08.20 05:31:53.420,16.18591,16.18954,0.00,0.00
2012.08.20 05:31:53.761,16.18447,16.18747,0.00,0.00
2012.08.20 05:31:53.821,16.18566,16.18929,0.00,0.00
2012.08.20 05:31:54.052,16.18549,16.18912,0.00,0.00
2012.08.20 05:31:54.137,16.18527,16.1889,0.00,0.00
2012.08.20 05:31:54.197,16.18407,16.18707,0.00,0.00
2012.08.20 05:31:54.610,16.18506,16.18869,0.00,0.00
2012.08.20 05:31:54.671,16.18387,16.18687,0.00,0.00
2012.08.20 05:31:55.066,16.18467,16.18768,0.00,0.00
2012.08.20 05:31:56.824,16.18543,16.18906,0.00,0.00
2012.08.20 05:31:58.358,16.18427,16.18727,0.00,0.00
2012.08.20 05:31:58.685,16.18562,16.18925,0.00,0.00
2012.08.20 05:31:59.303,16.18507,16.18808,0.00,0.00
2012.08.20 05:31:59.364,16.18447,16.18747,0.00,0.00
2012.08.20 05:31:59.424,16.186,16.18963,0.00,0.00
2012.08.20 05:31:59.839,16.18466,16.18767,0.00,0.00
2012.08.20 05:32:00.643,16.18573,16.18936,0.00,0.00
2012.08.20 05:32:00.704,16.18447,16.18747,0.00,0.00
2012.08.20 05:32:00.763,16.18553,16.18916,0.00,0.00
2012.08.20 05:32:01.570,16.18416,16.18717,0.00,0.00
2012.08.20 05:32:01.978,16.18488,16.18788,0.00,0.00
2012.08.20 05:32:02.099,16.18447,16.18747,0.00,0.00
2012.08.20 05:32:02.570,16.18447,16.18747,0.00,0.00
2012.08.20 05:32:03.187,16.18596,16.18959,0.00,0.00
2012.08.20 05:32:03.517,16.18613,16.18977,0.00,0.00
2012.08.20 05:32:03.659,16.18466,16.18767,0.00,0.00
2012.08.20 05:32:04.093,16.18466,16.18767,0.00,0.00
2012.08.20 05:32:04.967,16.18487,16.18787,0.00,0.00
2012.08.20 05:32:05.280,16.18621,16.18984,0.00,0.00
2012.08.20 05:32:06.068,16.18648,16.19011,0.00,0.00
2012.08.20 05:32:06.462,16.18631,16.18994,0.00,0.00
2012.08.20 05:32:07.390,16.18557,16.18857,0.00,0.00
2012.08.20 05:32:07.562,16.18702,16.19065,0.00,0.00
2012.08.20 05:32:07.781,16.18678,16.19041,0.00,0.00
2012.08.20 05:32:13.913,16.18702,16.19065,0.00,0.00
2012.08.20 05:32:14.532,16.18685,16.19048,0.00,0.00
2012.08.20 05:32:14.638,16.18557,16.18857,0.00,0.00
2012.08.20 05:32:14.698,16.18658,16.19021,0.00,0.00
2012.08.20 05:32:14.989,16.1864,16.19003,0.00,0.00
2012.08.20 05:32:15.348,16.18446,16.18747,0.00,0.00
2012.08.20 05:32:15.409,16.18624,16.18987,0.00,0.00
2012.08.20 05:32:15.627,16.18537,16.189,0.00,0.00
2012.08.20 05:32:16.178,16.18417,16.18717,0.00,0.00
2012.08.20 05:32:16.758,16.18542,16.18905,0.00,0.00
2012.08.20 05:32:16.878,16.18526,16.18889,0.00,0.00
2012.08.20 05:32:18.336,16.18509,16.18872,0.00,0.00
2012.08.20 05:32:18.397,16.18387,16.18687,0.00,0.00
2012.08.20 05:32:18.465,16.18491,16.18854,0.00,0.00
2012.08.20 05:32:31.524,16.18514,16.18877,0.00,0.00
2012.08.20 05:32:32.238,16.18407,16.18707,0.00,0.00
2012.08.20 05:32:32.678,16.18386,16.18687,0.00,0.00
2012.08.20 05:32:36.554,16.18531,16.18894,0.00,0.00
2012.08.20 05:32:37.078,16.18406,16.18707,0.00,0.00
2012.08.20 05:32:37.137,16.1855,16.18913,0.00,0.00
2012.08.20 05:32:37.424,16.18531,16.18894,0.00,0.00
2012.08.20 05:32:38.948,16.18436,16.18737,0.00,0.00
2012.08.20 05:32:39.179,16.18565,16.18928,0.00,0.00
2012.08.20 05:32:40.273,16.18587,16.1895,0.00,0.00
2012.08.20 05:32:40.818,16.18564,16.18927,0.00,0.00
2012.08.20 05:32:41.243,16.18587,16.1895,0.00,0.00
2012.08.20 05:32:41.683,16.18564,16.18927,0.00,0.00
2012.08.20 05:32:41.798,16.18548,16.18911,0.00,0.00
2012.08.20 05:32:41.858,16.18426,16.18727,0.00,0.00
2012.08.20 05:32:44.241,16.18437,16.18737,0.00,0.00
2012.08.20 05:32:45.271,16.18457,16.18757,0.00,0.00
2012.08.20 05:32:45.330,16.18588,16.18951,0.00,0.00
2012.08.20 05:32:45.443,16.18562,16.18925,0.00,0.00
2012.08.20 05:32:45.528,16.18539,16.18902,0.00,0.00
2012.08.20 05:32:45.877,16.18426,16.18727,0.00,0.00
2012.08.20 05:32:46.512,16.18561,16.18924,0.00,0.00
2012.08.20 05:32:48.263,16.18545,16.18908,0.00,0.00
2012.08.20 05:32:48.324,16.18525,16.18888,0.00,0.00
2012.08.20 05:32:48.943,16.18541,16.18904,0.00,0.00
2012.08.20 05:32:49.310,16.18497,16.18798,0.00,0.00
2012.08.20 05:32:49.706,16.18536,16.18899,0.00,0.00
2012.08.20 05:32:49.767,16.18476,16.18777,0.00,0.00
2012.08.20 05:32:49.825,16.1859,16.18953,0.00,0.00
2012.08.20 05:32:50.042,16.18573,16.18936,0.00,0.00
2012.08.20 05:32:50.154,16.18599,16.18962,0.00,0.00
2012.08.20 05:32:50.278,16.18497,16.18797,0.00,0.00
2012.08.20 05:32:51.031,16.18605,16.18968,0.00,0.00
2012.08.20 05:32:51.342,16.18585,16.18948,0.00,0.00
2012.08.20 05:32:51.454,16.18634,16.18997,0.00,0.00
2012.08.20 05:32:51.567,16.18618,16.18981,0.00,0.00
2012.08.20 05:32:51.701,16.18703,16.19066,0.00,0.00
2012.08.20 05:32:51.763,16.18577,16.18877,0.00,0.00
2012.08.20 05:32:51.870,16.18663,16.19026,0.00,0.00
2012.08.20 05:32:51.931,16.18567,16.18867,0.00,0.00
2012.08.20 05:32:51.989,16.18648,16.19011,0.00,0.00
2012.08.20 05:32:52.049,16.18517,16.18817,0.00,0.00
2012.08.20 05:32:52.353,16.18537,16.18837,0.00,0.00
2012.08.20 05:32:52.532,16.1863,16.18993,0.00,0.00
2012.08.20 05:32:52.655,16.18596,16.18959,0.00,0.00
2012.08.20 05:32:52.715,16.18507,16.18807,0.00,0.00
2012.08.20 05:32:52.774,16.18574,16.18938,0.00,0.00
2012.08.20 05:32:52.887,16.18556,16.18919,0.00,0.00
2012.08.20 05:32:52.947,16.18457,16.18757,0.00,0.00
2012.08.20 05:32:53.274,16.18578,16.18878,0.00,0.00
2012.08.20 05:32:53.358,16.18507,16.18807,0.00,0.00
2012.08.20 05:32:53.523,16.18663,16.19026,0.00,0.00
2012.08.20 05:32:53.586,16.18556,16.18857,0.00,0.00
2012.08.20 05:32:53.646,16.18683,16.19046,0.00,0.00
2012.08.20 05:32:54.780,16.18647,16.18948,0.00,0.00
2012.08.20 05:32:54.841,16.18607,16.18907,0.00,0.00
2012.08.20 05:32:54.901,16.18668,16.18968,0.00,0.00
2012.08.20 05:32:54.982,16.18697,16.18997,0.00,0.00
2012.08.20 05:32:55.068,16.18785,16.19148,0.00,0.00
2012.08.20 05:32:55.188,16.1877,16.19133,0.00,0.00
2012.08.20 05:32:55.250,16.18716,16.19017,0.00,0.00
2012.08.20 05:32:55.309,16.1879,16.19153,0.00,0.00
2012.08.20 05:32:55.908,16.18686,16.18987,0.00,0.00
2012.08.20 05:32:55.967,16.18773,16.19136,0.00,0.00
2012.08.20 05:32:56.159,16.18757,16.1912,0.00,0.00
2012.08.20 05:32:56.491,16.18667,16.18967,0.00,0.00
2012.08.20 05:32:56.550,16.1874,16.19058,0.00,0.00
2012.08.20 05:32:56.609,16.18696,16.18997,0.00,0.00
2012.08.20 05:32:56.667,16.18772,16.19135,0.00,0.00
2012.08.20 05:32:56.929,16.18764,16.19127,0.00,0.00
2012.08.20 05:32:57.061,16.18781,16.19144,0.00,0.00
2012.08.20 05:32:57.269,16.18757,16.1912,0.00,0.00
2012.08.20 05:32:57.338,16.18656,16.18957,0.00,0.00
2012.08.20 05:32:57.941,16.18844,16.19207,0.00,0.00
2012.08.20 05:32:58.005,16.18776,16.19077,0.00,0.00
2012.08.20 05:32:58.064,16.18776,16.19077,0.00,0.00
2012.08.20 05:32:58.125,16.18796,16.19097,0.00,0.00
2012.08.20 05:33:00.165,16.1882,16.19183,0.00,0.00
2012.08.20 05:33:00.226,16.18757,16.19057,0.00,0.00
2012.08.20 05:33:00.603,16.18819,16.19182,0.00,0.00
2012.08.20 05:33:01.918,16.18836,16.19199,0.00,0.00
2012.08.20 05:33:01.979,16.18766,16.19067,0.00,0.00
2012.08.20 05:33:02.137,16.18808,16.19171,0.00,0.00
2012.08.20 05:33:02.248,16.18836,16.19199,0.00,0.00
2012.08.20 05:33:04.485,16.18765,16.19128,0.00,0.00
2012.08.20 05:33:04.544,16.18727,16.19027,0.00,0.00
2012.08.20 05:33:04.927,16.18687,16.18987,0.00,0.00
2012.08.20 05:33:06.291,16.18742,16.19105,0.00,0.00
2012.08.20 05:33:06.359,16.18676,16.18977,0.00,0.00
2012.08.20 05:33:07.553,16.18721,16.19084,0.00,0.00
2012.08.20 05:33:07.754,16.18626,16.18927,0.00,0.00
2012.08.20 05:33:08.798,16.18741,16.19104,0.00,0.00
2012.08.20 05:33:08.859,16.18646,16.18947,0.00,0.00
2012.08.20 05:33:08.918,16.1876,16.19123,0.00,0.00
2012.08.20 05:33:09.210,16.18676,16.18977,0.00,0.00
2012.08.20 05:33:09.779,16.1878,16.19143,0.00,0.00
2012.08.20 05:33:09.891,16.18696,16.18997,0.00,0.00
2012.08.20 05:33:10.876,16.188,16.19163,0.00,0.00
2012.08.20 05:33:13.170,16.18726,16.19027,0.00,0.00
2012.08.20 05:33:14.705,16.18816,16.1918,0.00,0.00
2012.08.20 05:33:14.797,16.18756,16.19057,0.00,0.00
2012.08.20 05:33:14.855,16.18834,16.19138,0.00,0.00
2012.08.20 05:33:14.914,16.18776,16.19077,0.00,0.00
2012.08.20 05:33:16.942,16.1885,16.19213,0.00,0.00
2012.08.20 05:33:17.008,16.18816,16.19179,0.00,0.00
2012.08.20 05:33:17.547,16.18746,16.19047,0.00,0.00
2012.08.20 05:33:17.610,16.18799,16.19163,0.00,0.00
2012.08.20 05:33:19.130,16.18707,16.19007,0.00,0.00
2012.08.20 05:33:19.192,16.1876,16.19123,0.00,0.00
2012.08.20 05:33:19.638,16.18686,16.18987,0.00,0.00
2012.08.20 05:33:20.273,16.18781,16.19144,0.00,0.00
2012.08.20 05:33:20.333,16.18747,16.19047,0.00,0.00
2012.08.20 05:33:20.814,16.18817,16.1918,0.00,0.00
2012.08.20 05:33:23.223,16.18764,16.19127,0.00,0.00
2012.08.20 05:33:23.282,16.18716,16.19017,0.00,0.00
2012.08.20 05:33:26.127,16.18746,16.19047,0.00,0.00
2012.08.20 05:33:29.537,16.18716,16.19017,0.00,0.00
2012.08.20 05:33:29.700,16.18748,16.19111,0.00,0.00
2012.08.20 05:33:29.772,16.18755,16.19118,0.00,0.00
2012.08.20 05:33:38.017,16.18747,16.19047,0.00,0.00
2012.08.20 05:33:38.271,16.18767,16.19067,0.00,0.00
2012.08.20 05:33:38.968,16.18828,16.19191,0.00,0.00
2012.08.20 05:33:39.028,16.18786,16.19087,0.00,0.00
2012.08.20 05:33:39.563,16.1881,16.19173,0.00,0.00
2012.08.20 05:33:42.674,16.1881,16.19127,0.00,0.00
2012.08.20 05:33:42.732,16.18928,16.19291,0.00,0.00
2012.08.20 05:33:42.794,16.18876,16.19177,0.00,0.00
2012.08.20 05:33:42.952,16.18946,16.19309,0.00,0.00
2012.08.20 05:33:43.012,16.18896,16.19197,0.00,0.00
2012.08.20 05:33:43.145,16.18806,16.19107,0.00,0.00
2012.08.20 05:33:44.523,16.18776,16.19077,0.00,0.00
2012.08.20 05:33:44.582,16.18843,16.19206,0.00,0.00
2012.08.20 05:33:44.641,16.18807,16.19107,0.00,0.00
2012.08.20 05:33:45.947,16.18787,16.19087,0.00,0.00
2012.08.20 05:33:46.442,16.18736,16.19037,0.00,0.00
2012.08.20 05:33:46.502,16.18765,16.19128,0.00,0.00
2012.08.20 05:33:47.927,16.18707,16.19007,0.00,0.00
2012.08.20 05:33:49.432,16.18742,16.19105,0.00,0.00
2012.08.20 05:33:50.740,16.18773,16.19136,0.00,0.00
2012.08.20 05:33:59.679,16.1879,16.19153,0.00,0.00
2012.08.20 05:34:05.777,16.18736,16.19037,0.00,0.00
2012.08.20 05:34:10.131,16.18811,16.19174,0.00,0.00
2012.08.20 05:34:10.191,16.18757,16.19057,0.00,0.00
2012.08.20 05:34:12.130,16.1878,16.19143,0.00,0.00
2012.08.20 05:34:14.500,16.18652,16.19055,0.00,0.00
2012.08.20 05:34:14.620,16.18652,16.19039,0.00,0.00
2012.08.20 05:34:27.456,16.18652,16.19021,0.00,0.00
2012.08.20 05:34:27.568,16.1858,16.19021,0.00,0.00
2012.08.20 05:34:29.239,16.18603,16.19037,0.00,0.00
2012.08.20 05:34:49.261,16.18652,16.19037,0.00,0.00
2012.08.20 05:34:53.060,16.18652,16.19024,0.00,0.00
2012.08.20 05:34:53.117,16.18583,16.19024,0.00,0.00
2012.08.20 05:34:58.551,16.18602,16.19007,0.00,0.00
2012.08.20 05:34:58.917,16.18626,16.19007,0.00,0.00
2012.08.20 05:35:01.006,16.18652,16.19007,0.00,0.00
2012.08.20 05:35:01.772,16.18652,16.19007,0.00,0.00
2012.08.20 05:35:04.491,16.18663,16.19026,0.00,0.00
2012.08.20 05:35:04.547,16.18663,16.19067,0.00,0.00
2012.08.20 05:35:06.117,16.18652,16.19067,0.00,0.00
2012.08.20 05:35:09.316,16.18664,16.19067,0.00,0.00
2012.08.20 05:35:10.034,16.18652,16.19067,0.00,0.00
2012.08.20 05:35:10.901,16.18652,16.19067,0.00,0.00
2012.08.20 05:35:11.351,16.18674,16.19097,0.00,0.00
2012.08.20 05:35:12.461,16.18693,16.19097,0.00,0.00
2012.08.20 05:35:14.415,16.18752,16.19097,0.00,0.00
2012.08.20 05:35:17.138,16.18752,16.19117,0.00,0.00
2012.08.20 05:35:18.545,16.18752,16.19117,0.00,0.00
2012.08.20 05:35:20.532,16.18752,16.19117,0.00,0.00
2012.08.20 05:35:20.651,16.18752,16.19117,0.00,0.00
2012.08.20 05:35:21.603,16.18752,16.19117,0.00,0.00
2012.08.20 05:35:30.052,16.18687,16.19107,0.00,0.00
2012.08.20 05:35:31.052,16.18719,16.19107,0.00,0.00
2012.08.20 05:35:38.570,16.18752,16.19117,0.00,0.00
2012.08.20 05:35:38.680,16.18752,16.19167,0.00,0.00
2012.08.20 05:35:41.667,16.18752,16.19167,0.00,0.00
2012.08.20 05:35:42.393,16.18752,16.19167,0.00,0.00
2012.08.20 05:35:43.667,16.18783,16.19204,0.00,0.00
2012.08.20 05:35:46.151,16.18788,16.19229,0.00,0.00
2012.08.20 05:35:47.914,16.18783,16.1921,0.00,0.00
2012.08.20 05:36:02.305,16.18783,16.19199,0.00,0.00
2012.08.20 05:36:03.693,16.18783,16.19216,0.00,0.00
2012.08.20 05:36:04.059,16.18805,16.19246,0.00,0.00
2012.08.20 05:36:04.935,16.18852,16.19224,0.00,0.00
2012.08.20 05:36:06.273,16.18852,16.1924,0.00,0.00
2012.08.20 05:36:06.538,16.18852,16.19233,0.00,0.00
2012.08.20 05:36:06.841,16.18852,16.19241,0.00,0.00
2012.08.20 05:36:07.149,16.18852,16.19251,0.00,0.00
2012.08.20 05:36:07.499,16.18852,16.19267,0.00,0.00
2012.08.20 05:36:07.844,16.18852,16.19233,0.00,0.00
2012.08.20 05:36:08.203,16.18852,16.19268,0.00,0.00
2012.08.20 05:36:09.237,16.18852,16.19252,0.00,0.00
2012.08.20 05:36:10.206,16.18852,16.19233,0.00,0.00
2012.08.20 05:36:13.542,16.18852,16.19217,0.00,0.00
2012.08.20 05:36:16.693,16.18852,16.19235,0.00,0.00
2012.08.20 05:36:16.924,16.18833,16.19212,0.00,0.00
2012.08.20 05:36:25.728,16.18832,16.19211,0.00,0.00
2012.08.20 05:36:25.786,16.18783,16.19211,0.00,0.00
2012.08.20 05:36:25.843,16.18783,16.19194,0.00,0.00
2012.08.20 05:36:28.596,16.18783,16.19217,0.00,0.00
2012.08.20 05:36:29.024,16.18852,16.19235,0.00,0.00
2012.08.20 05:36:36.564,16.18852,16.19256,0.00,0.00
2012.08.20 05:36:40.234,16.18852,16.19233,0.00,0.00
2012.08.20 05:36:48.223,16.18852,16.19251,0.00,0.00
2012.08.20 05:36:49.126,16.18852,16.19234,0.00,0.00
2012.08.20 05:36:49.505,16.18834,16.19213,0.00,0.00
2012.08.20 05:36:55.504,16.18852,16.1923,0.00,0.00
2012.08.20 05:36:59.201,16.18852,16.19251,0.00,0.00
2012.08.20 05:36:59.644,16.18852,16.19257,0.00,0.00
2012.08.20 05:37:00.839,16.18852,16.19257,0.00,0.00
2012.08.20 05:37:01.838,16.18852,16.19287,0.00,0.00
2012.08.20 05:37:03.024,16.18852,16.19261,0.00,0.00
2012.08.20 05:37:08.556,16.18852,16.19267,0.00,0.00
2012.08.20 05:37:09.572,16.18852,16.19257,0.00,0.00
2012.08.20 05:37:12.556,16.18882,16.19317,0.00,0.00
2012.08.20 05:37:13.054,16.18952,16.19323,0.00,0.00
2012.08.20 05:37:16.315,16.18923,16.19302,0.00,0.00
2012.08.20 05:37:16.590,16.18853,16.19286,0.00,0.00
2012.08.20 05:37:16.674,16.18853,16.19264,0.00,0.00
2012.08.20 05:37:16.987,16.18853,16.19246,0.00,0.00
2012.08.20 05:37:19.098,16.18852,16.19224,0.00,0.00
2012.08.20 05:37:33.956,16.18852,16.19246,0.00,0.00
2012.08.20 05:37:34.696,16.18852,16.19226,0.00,0.00
2012.08.20 05:37:35.196,16.18819,16.19198,0.00,0.00
2012.08.20 05:37:35.327,16.18757,16.19198,0.00,0.00
2012.08.20 05:37:36.870,16.18774,16.19215,0.00,0.00
2012.08.20 05:37:38.940,16.18753,16.19172,0.00,0.00
2012.08.20 05:37:40.265,16.18752,16.19151,0.00,0.00
2012.08.20 05:37:42.429,16.18752,16.19169,0.00,0.00
2012.08.20 05:37:43.666,16.18752,16.19186,0.00,0.00
2012.08.20 05:37:47.140,16.18752,16.19166,0.00,0.00
2012.08.20 05:37:50.335,16.18752,16.1915,0.00,0.00
2012.08.20 05:38:06.393,16.18752,16.19168,0.00,0.00
2012.08.20 05:38:07.953,16.18752,16.19152,0.00,0.00
2012.08.20 05:38:11.532,16.18752,16.19177,0.00,0.00
2012.08.20 05:38:12.554,16.18752,16.19159,0.00,0.00
2012.08.20 05:38:31.845,16.18752,16.1914,0.00,0.00
2012.08.20 05:38:38.391,16.18752,16.19121,0.00,0.00
2012.08.20 05:38:49.818,16.18752,16.19138,0.00,0.00
2012.08.20 05:38:50.045,16.18752,16.19168,0.00,0.00
2012.08.20 05:39:02.877,16.18752,16.19152,0.00,0.00
2012.08.20 05:39:03.839,16.18752,16.19174,0.00,0.00
2012.08.20 05:39:12.100,16.18752,16.19156,0.00,0.00
2012.08.20 05:39:13.051,16.18752,16.19176,0.00,0.00
2012.08.20 05:39:14.420,16.18752,16.19153,0.00,0.00
2012.08.20 05:39:15.465,16.18752,16.19132,0.00,0.00
2012.08.20 05:39:19.907,16.18752,16.19116,0.00,0.00
2012.08.20 05:39:21.535,16.18716,16.19095,0.00,0.00
2012.08.20 05:39:22.027,16.18654,16.19095,0.00,0.00
2012.08.20 05:39:36.661,16.18654,16.19027,0.00,0.00
2012.08.20 05:39:39.808,16.18653,16.19027,0.00,0.00
2012.08.20 05:39:41.829,16.18653,16.19027,0.00,0.00
2012.08.20 05:39:43.039,16.18652,16.19007,0.00,0.00
2012.08.20 05:39:46.767,16.18593,16.18977,0.00,0.00
2012.08.20 05:39:51.694,16.18593,16.18977,0.00,0.00
2012.08.20 05:40:00.300,16.18714,16.19077,0.00,0.00
2012.08.20 05:40:00.360,16.18783,16.19147,0.00,0.00
2012.08.20 05:40:00.470,16.18733,16.19127,0.00,0.00
2012.08.20 05:40:00.851,16.18733,16.19127,0.00,0.00
2012.08.20 05:40:01.288,16.18733,16.19087,0.00,0.00
2012.08.20 05:40:01.451,16.18683,16.19067,0.00,0.00
2012.08.20 05:40:02.329,16.18663,16.19027,0.00,0.00
2012.08.20 05:40:04.302,16.18663,16.19027,0.00,0.00
2012.08.20 05:40:04.816,16.18683,16.19057,0.00,0.00
2012.08.20 05:40:06.361,16.18671,16.19037,0.00,0.00
2012.08.20 05:40:06.820,16.18663,16.19037,0.00,0.00
2012.08.20 05:40:12.353,16.18673,16.19037,0.00,0.00
2012.08.20 05:40:13.852,16.18673,16.19037,0.00,0.00
2012.08.20 05:40:14.529,16.18673,16.19037,0.00,0.00
2012.08.20 05:40:14.842,16.18653,16.19016,0.00,0.00
2012.08.20 05:40:16.274,16.18643,16.19016,0.00,0.00
2012.08.20 05:40:16.381,16.18643,16.19017,0.00,0.00
2012.08.20 05:40:19.129,16.18663,16.19034,0.00,0.00
2012.08.20 05:40:19.218,16.18663,16.19037,0.00,0.00
2012.08.20 05:40:24.469,16.18663,16.19037,0.00,0.00
2012.08.20 05:40:31.978,16.18663,16.19037,0.00,0.00
2012.08.20 05:40:34.823,16.18633,16.19007,0.00,0.00
2012.08.20 05:40:42.590,16.18573,16.18937,0.00,0.00
2012.08.20 05:40:48.403,16.18573,16.18937,0.00,0.00
2012.08.20 05:40:49.783,16.18588,16.18951,0.00,0.00
2012.08.20 05:40:50.400,16.18588,16.18957,0.00,0.00
2012.08.20 05:40:55.361,16.18593,16.18957,0.00,0.00
2012.08.20 05:40:58.320,16.18573,16.18937,0.00,0.00
2012.08.20 05:40:58.640,16.18573,16.18937,0.00,0.00
2012.08.20 05:41:00.301,16.18563,16.18917,0.00,0.00
2012.08.20 05:41:04.859,16.18552,16.18917,0.00,0.00
2012.08.20 05:41:06.860,16.18566,16.18929,0.00,0.00
2012.08.20 05:41:10.530,16.18566,16.18887,0.00,0.00
2012.08.20 05:41:10.587,16.18552,16.18912,0.00,0.00
2012.08.20 05:41:26.480,16.18552,16.18897,0.00,0.00
2012.08.20 05:41:31.270,16.18552,16.18915,0.00,0.00
2012.08.20 05:41:46.168,16.18552,16.18907,0.00,0.00
2012.08.20 05:41:54.818,16.18552,16.18897,0.00,0.00
2012.08.20 05:41:59.631,16.1853,16.18897,0.00,0.00
2012.08.20 05:42:03.990,16.18552,16.18897,0.00,0.00
2012.08.20 05:42:11.666,16.18552,16.18897,0.00,0.00
2012.08.20 05:42:15.371,16.18552,16.18897,0.00,0.00
2012.08.20 05:42:23.424,16.18552,16.18897,0.00,0.00
2012.08.20 05:42:26.690,16.18552,16.18897,0.00,0.00
2012.08.20 05:42:28.700,16.18521,16.18867,0.00,0.00
2012.08.20 05:42:29.483,16.18552,16.18892,0.00,0.00
2012.08.20 05:42:29.679,16.18552,16.18887,0.00,0.00
2012.08.20 05:42:30.451,16.18552,16.18887,0.00,0.00
2012.08.20 05:42:32.432,16.18552,16.18897,0.00,0.00
2012.08.20 05:42:32.761,16.18553,16.18916,0.00,0.00
2012.08.20 05:42:38.259,16.18553,16.18917,0.00,0.00
2012.08.20 05:42:38.442,16.18571,16.18934,0.00,0.00
2012.08.20 05:42:38.554,16.18552,16.18917,0.00,0.00
2012.08.20 05:42:40.924,16.18569,16.18932,0.00,0.00
2012.08.20 05:42:41.144,16.18552,16.18917,0.00,0.00
2012.08.20 05:42:41.891,16.18569,16.18932,0.00,0.00
2012.08.20 05:42:44.963,16.18569,16.18887,0.00,0.00
2012.08.20 05:42:45.020,16.18552,16.18907,0.00,0.00
2012.08.20 05:42:52.393,16.18562,16.18925,0.00,0.00
2012.08.20 05:42:52.559,16.18562,16.18917,0.00,0.00
2012.08.20 05:42:58.462,16.18552,16.18917,0.00,0.00
2012.08.20 05:42:58.671,16.18552,16.18917,0.00,0.00
2012.08.20 05:42:58.828,16.18552,16.18887,0.00,0.00
2012.08.20 05:43:05.592,16.18556,16.18919,0.00,0.00
2012.08.20 05:43:05.931,16.18503,16.18881,0.00,0.00
2012.08.20 05:43:05.988,16.18452,16.18807,0.00,0.00
2012.08.20 05:43:06.308,16.18452,16.18797,0.00,0.00
2012.08.20 05:43:06.726,16.1844,16.18767,0.00,0.00
2012.08.20 05:43:06.798,16.18421,16.18784,0.00,0.00
2012.08.20 05:43:07.909,16.18439,16.18802,0.00,0.00
2012.08.20 05:43:08.288,16.18439,16.18787,0.00,0.00
2012.08.20 05:43:11.434,16.18456,16.18819,0.00,0.00
2012.08.20 05:43:11.491,16.18456,16.18807,0.00,0.00
2012.08.20 05:43:11.548,16.18433,16.18807,0.00,0.00
2012.08.20 05:43:12.477,16.18432,16.18807,0.00,0.00
2012.08.20 05:43:14.337,16.18451,16.18817,0.00,0.00
2012.08.20 05:43:15.675,16.18467,16.18807,0.00,0.00
2012.08.20 05:43:22.765,16.18452,16.18807,0.00,0.00
2012.08.20 05:43:23.205,16.18452,16.18807,0.00,0.00
2012.08.20 05:43:23.263,16.18416,16.18777,0.00,0.00
2012.08.20 05:43:25.668,16.18416,16.18797,0.00,0.00
2012.08.20 05:43:36.384,16.18383,16.18797,0.00,0.00
2012.08.20 05:43:40.201,16.18366,16.18767,0.00,0.00
2012.08.20 05:43:41.617,16.18352,16.18747,0.00,0.00
2012.08.20 05:43:42.203,16.18352,16.18747,0.00,0.00
2012.08.20 05:43:43.855,16.18365,16.18747,0.00,0.00
2012.08.20 05:43:47.780,16.18352,16.18747,0.00,0.00
2012.08.20 05:43:49.309,16.18374,16.18747,0.00,0.00
2012.08.20 05:43:49.366,16.18374,16.18767,0.00,0.00
2012.08.20 05:43:58.633,16.18352,16.18767,0.00,0.00
2012.08.20 05:43:59.623,16.18369,16.18767,0.00,0.00
2012.08.20 05:44:10.427,16.18352,16.18767,0.00,0.00
2012.08.20 05:44:19.451,16.18368,16.18767,0.00,0.00
2012.08.20 05:44:19.960,16.18352,16.18767,0.00,0.00
2012.08.20 05:44:30.528,16.18352,16.18759,0.00,0.00
2012.08.20 05:44:31.577,16.18352,16.18743,0.00,0.00
2012.08.20 05:44:31.985,16.18279,16.18687,0.00,0.00
2012.08.20 05:44:34.097,16.18259,16.18687,0.00,0.00
2012.08.20 05:44:35.436,16.18279,16.18687,0.00,0.00
2012.08.20 05:44:56.355,16.1827,16.18687,0.00,0.00
2012.08.20 05:44:58.535,16.18254,16.18687,0.00,0.00
2012.08.20 05:44:59.200,16.18252,16.18667,0.00,0.00
2012.08.20 05:44:59.541,16.18252,16.18637,0.00,0.00
2012.08.20 05:45:02.815,16.18261,16.18687,0.00,0.00
2012.08.20 05:45:03.342,16.18339,16.18737,0.00,0.00
2012.08.20 05:45:03.957,16.18362,16.18767,0.00,0.00
2012.08.20 05:45:04.420,16.18378,16.18767,0.00,0.00
2012.08.20 05:45:05.090,16.18362,16.18767,0.00,0.00
2012.08.20 05:45:08.917,16.18382,16.18767,0.00,0.00
2012.08.20 05:45:09.587,16.18366,16.18767,0.00,0.00
2012.08.20 05:45:10.998,16.18394,16.18767,0.00,0.00
2012.08.20 05:45:11.877,16.18394,16.18797,0.00,0.00
2012.08.20 05:45:12.188,16.18433,16.18797,0.00,0.00
2012.08.20 05:45:12.300,16.18452,16.18797,0.00,0.00
2012.08.20 05:45:12.539,16.18385,16.18797,0.00,0.00
2012.08.20 05:45:12.649,16.18366,16.18767,0.00,0.00
2012.08.20 05:45:14.477,16.18389,16.18767,0.00,0.00
2012.08.20 05:45:14.928,16.18358,16.18767,0.00,0.00
2012.08.20 05:45:17.328,16.18374,16.18767,0.00,0.00
2012.08.20 05:45:23.539,16.18357,16.18767,0.00,0.00
2012.08.20 05:45:23.915,16.18293,16.1868,0.00,0.00
2012.08.20 05:45:24.304,16.18252,16.18648,0.00,0.00
2012.08.20 05:45:25.817,16.18252,16.18648,0.00,0.00
2012.08.20 05:45:26.391,16.18252,16.18648,0.00,0.00
2012.08.20 05:45:27.490,16.18252,16.18648,0.00,0.00
2012.08.20 05:45:28.475,16.18252,16.18648,0.00,0.00
2012.08.20 05:45:29.663,16.18254,16.18667,0.00,0.00
2012.08.20 05:45:30.229,16.18271,16.18697,0.00,0.00
2012.08.20 05:45:33.369,16.18252,16.1869,0.00,0.00
2012.08.20 05:45:38.041,16.18252,16.18653,0.00,0.00
2012.08.20 05:45:40.708,16.18252,16.18637,0.00,0.00
2012.08.20 05:45:41.838,16.18152,16.18537,0.00,0.00
2012.08.20 05:45:43.655,16.18152,16.18537,0.00,0.00
2012.08.20 05:45:44.013,16.18086,16.18497,0.00,0.00
2012.08.20 05:45:44.656,16.18068,16.18477,0.00,0.00
2012.08.20 05:45:52.175,16.18068,16.18427,0.00,0.00
2012.08.20 05:45:54.535,16.18052,16.18427,0.00,0.00
2012.08.20 05:45:55.175,16.18052,16.18407,0.00,0.00
2012.08.20 05:45:55.232,16.18052,16.18407,0.00,0.00
2012.08.20 05:45:59.507,16.18052,16.18417,0.00,0.00
2012.08.20 05:46:01.478,16.18069,16.18432,0.00,0.00
2012.08.20 05:46:01.956,16.18069,16.18437,0.00,0.00
2012.08.20 05:46:12.745,16.18087,16.1845,0.00,0.00
2012.08.20 05:46:12.966,16.18087,16.18457,0.00,0.00
2012.08.20 05:46:13.122,16.18106,16.18469,0.00,0.00
2012.08.20 05:46:14.628,16.18089,16.18457,0.00,0.00
2012.08.20 05:46:15.508,16.18113,16.18476,0.00,0.00
2012.08.20 05:46:15.669,16.18113,16.18477,0.00,0.00
2012.08.20 05:46:36.158,16.18152,16.18487,0.00,0.00
2012.08.20 05:46:44.088,16.18152,16.18477,0.00,0.00
2012.08.20 05:46:49.128,16.18152,16.18487,0.00,0.00
2012.08.20 05:46:54.183,16.18152,16.18477,0.00,0.00
2012.08.20 05:46:57.350,16.18152,16.18477,0.00,0.00
2012.08.20 05:46:58.229,16.18152,16.18492,0.00,0.00
2012.08.20 05:47:00.711,16.18152,16.18477,0.00,0.00
2012.08.20 05:47:01.587,16.18152,16.18477,0.00,0.00
2012.08.20 05:47:09.898,16.18152,16.18477,0.00,0.00
2012.08.20 05:47:11.287,16.18152,16.18477,0.00,0.00
2012.08.20 05:47:12.409,16.18174,16.18537,0.00,0.00
2012.08.20 05:47:12.572,16.18261,16.18657,0.00,0.00
2012.08.20 05:47:14.490,16.18282,16.18677,0.00,0.00
2012.08.20 05:47:15.265,16.18266,16.18677,0.00,0.00
2012.08.20 05:47:17.218,16.18289,16.18697,0.00,0.00
2012.08.20 05:47:22.316,16.18252,16.18678,0.00,0.00
2012.08.20 05:47:25.057,16.18259,16.18657,0.00,0.00
2012.08.20 05:47:32.964,16.18252,16.18677,0.00,0.00
2012.08.20 05:47:43.321,16.18252,16.18658,0.00,0.00
2012.08.20 05:47:43.751,16.18303,16.18675,0.00,0.00
2012.08.20 05:47:44.301,16.18293,16.18657,0.00,0.00
2012.08.20 05:47:47.982,16.18283,16.18657,0.00,0.00
2012.08.20 05:47:48.118,16.18273,16.18639,0.00,0.00
2012.08.20 05:47:52.899,16.18283,16.18662,0.00,0.00
2012.08.20 05:47:56.443,16.18303,16.18662,0.00,0.00
2012.08.20 05:47:56.720,16.18303,16.1868,0.00,0.00
2012.08.20 05:48:08.329,16.18293,16.18664,0.00,0.00
2012.08.20 05:48:13.979,16.18303,16.1868,0.00,0.00
2012.08.20 05:48:20.538,16.18293,16.18658,0.00,0.00
2012.08.20 05:48:20.840,16.18283,16.18658,0.00,0.00
2012.08.20 05:48:20.897,16.18273,16.18639,0.00,0.00
2012.08.20 05:48:21.006,16.18283,16.18662,0.00,0.00
2012.08.20 05:48:21.181,16.18273,16.1864,0.00,0.00
2012.08.20 05:48:21.299,16.18283,16.18662,0.00,0.00
2012.08.20 05:48:41.812,16.18273,16.1864,0.00,0.00
2012.08.20 05:48:42.732,16.18263,16.1864,0.00,0.00
2012.08.20 05:48:44.922,16.18443,16.18744,0.00,0.00
2012.08.20 05:48:55.283,16.18452,16.18752,0.00,0.00
2012.08.20 05:48:55.341,16.18308,16.18671,0.00,0.00
2012.08.20 05:48:55.400,16.18473,16.18773,0.00,0.00
2012.08.20 05:48:55.459,16.18452,16.18752,0.00,0.00
2012.08.20 05:48:55.517,16.18523,16.18823,0.00,0.00
2012.08.20 05:49:01.004,16.1831,16.18673,0.00,0.00
2012.08.20 05:49:01.118,16.18329,16.18692,0.00,0.00
2012.08.20 05:49:01.313,16.18543,16.18843,0.00,0.00
2012.08.20 05:49:01.450,16.18352,16.18715,0.00,0.00
2012.08.20 05:49:01.863,16.18563,16.18863,0.00,0.00
2012.08.20 05:49:01.923,16.18582,16.18882,0.00,0.00
2012.08.20 05:49:01.983,16.18613,16.18913,0.00,0.00
2012.08.20 05:49:02.043,16.18403,16.18766,0.00,0.00
2012.08.20 05:49:02.303,16.18603,16.18903,0.00,0.00
2012.08.20 05:49:02.468,16.18433,16.18796,0.00,0.00
2012.08.20 05:49:02.529,16.18612,16.18913,0.00,0.00
2012.08.20 05:49:02.933,16.18633,16.18933,0.00,0.00
2012.08.20 05:49:04.230,16.18603,16.18903,0.00,0.00
2012.08.20 05:49:04.305,16.18422,16.18785,0.00,0.00
2012.08.20 05:49:05.381,16.1844,16.18803,0.00,0.00
2012.08.20 05:49:11.072,16.18424,16.18787,0.00,0.00
2012.08.20 05:49:16.073,16.18643,16.18943,0.00,0.00
2012.08.20 05:49:16.133,16.18479,16.18842,0.00,0.00
2012.08.20 05:49:29.486,16.18463,16.18826,0.00,0.00
2012.08.20 05:49:34.892,16.18613,16.18913,0.00,0.00
2012.08.20 05:49:34.951,16.18447,16.1881,0.00,0.00
2012.08.20 05:49:39.183,16.18593,16.18894,0.00,0.00
2012.08.20 05:49:54.640,16.18613,16.18914,0.00,0.00
2012.08.20 05:49:54.700,16.18505,16.18868,0.00,0.00
2012.08.20 05:49:55.088,16.18523,16.18886,0.00,0.00
2012.08.20 05:49:55.148,16.18653,16.18954,0.00,0.00
2012.08.20 05:49:56.948,16.18501,16.18864,0.00,0.00
2012.08.20 05:49:58.490,16.18517,16.1888,0.00,0.00
2012.08.20 05:49:59.525,16.1857,16.18933,0.00,0.00
2012.08.20 05:49:59.585,16.18723,16.19023,0.00,0.00
2012.08.20 05:50:06.394,16.18742,16.19043,0.00,0.00
2012.08.20 05:50:06.453,16.18586,16.18949,0.00,0.00
2012.08.20 05:50:06.514,16.18753,16.19053,0.00,0.00
2012.08.20 05:50:10.202,16.18773,16.19073,0.00,0.00
2012.08.20 05:50:19.993,16.18802,16.19102,0.00,0.00
2012.08.20 05:50:20.052,16.18863,16.19164,0.00,0.00
2012.08.20 05:50:20.112,16.18687,16.1905,0.00,0.00
2012.08.20 05:50:20.602,16.18903,16.19203,0.00,0.00
2012.08.20 05:50:20.663,16.18738,16.19101,0.00,0.00
2012.08.20 05:50:20.824,16.18718,16.19081,0.00,0.00
2012.08.20 05:50:21.960,16.1875,16.19113,0.00,0.00
2012.08.20 05:50:28.390,16.18731,16.19094,0.00,0.00
2012.08.20 05:50:37.725,16.18748,16.19111,0.00,0.00
2012.08.20 05:50:39.710,16.18754,16.19117,0.00,0.00
2012.08.20 05:50:39.829,16.18611,16.18911,0.00,0.00
2012.08.20 05:50:43.377,16.18755,16.19118,0.00,0.00
2012.08.20 05:50:51.072,16.18923,16.19223,0.00,0.00
2012.08.20 05:50:51.405,16.18913,16.19248,0.00,0.00
2012.08.20 05:50:55.442,16.18762,16.19125,0.00,0.00
2012.08.20 05:51:01.741,16.18943,16.19244,0.00,0.00
2012.08.20 05:51:02.082,16.18717,16.19017,0.00,0.00
2012.08.20 05:51:02.182,16.18724,16.19024,0.00,0.00
2012.08.20 05:51:02.702,16.1883,16.19193,0.00,0.00
2012.08.20 05:51:02.762,16.19003,16.19303,0.00,0.00
2012.08.20 05:51:03.252,16.18718,16.19081,0.00,0.00
2012.08.20 05:51:03.315,16.18843,16.19143,0.00,0.00
2012.08.20 05:51:03.703,16.18707,16.1907,0.00,0.00
2012.08.20 05:51:03.763,16.18823,16.19124,0.00,0.00
2012.08.20 05:51:04.407,16.18773,16.19074,0.00,0.00
2012.08.20 05:51:06.321,16.18728,16.19091,0.00,0.00
2012.08.20 05:51:08.276,16.18793,16.19093,0.00,0.00
2012.08.20 05:51:08.954,16.18823,16.19123,0.00,0.00
2012.08.20 05:51:09.012,16.18813,16.1918,0.00,0.00
2012.08.20 05:51:09.303,16.18852,16.1918,0.00,0.00
2012.08.20 05:51:10.675,16.18853,16.1918,0.00,0.00
2012.08.20 05:51:17.586,16.18797,16.1916,0.00,0.00
2012.08.20 05:51:18.363,16.18781,16.19144,0.00,0.00
2012.08.20 05:51:19.013,16.18797,16.1916,0.00,0.00
2012.08.20 05:51:30.141,16.18903,16.19204,0.00,0.00
2012.08.20 05:51:39.163,16.18796,16.19159,0.00,0.00
2012.08.20 05:51:41.542,16.18779,16.19142,0.00,0.00
2012.08.20 05:51:41.903,16.18883,16.19183,0.00,0.00
2012.08.20 05:51:45.793,16.1874,16.19103,0.00,0.00
2012.08.20 05:51:46.891,16.18756,16.19119,0.00,0.00
2012.08.20 05:51:53.134,16.18739,16.19102,0.00,0.00
2012.08.20 05:51:53.203,16.18853,16.19154,0.00,0.00
2012.08.20 05:51:56.804,16.18758,16.19121,0.00,0.00
2012.08.20 05:51:59.345,16.18741,16.19104,0.00,0.00
2012.08.20 05:52:03.937,16.1876,16.19123,0.00,0.00
2012.08.20 05:52:10.095,16.18873,16.19173,0.00,0.00
2012.08.20 05:52:13.715,16.18796,16.19159,0.00,0.00
2012.08.20 05:52:13.955,16.18812,16.19175,0.00,0.00
2012.08.20 05:52:16.895,16.18777,16.1914,0.00,0.00
2012.08.20 05:52:17.665,16.1876,16.19123,0.00,0.00
2012.08.20 05:52:17.916,16.18853,16.19153,0.00,0.00
2012.08.20 05:52:28.000,16.18823,16.19123,0.00,0.00
2012.08.20 05:52:28.158,16.18803,16.19123,0.00,0.00
2012.08.20 05:52:28.215,16.18709,16.19072,0.00,0.00
2012.08.20 05:52:28.481,16.18773,16.19073,0.00,0.00
2012.08.20 05:52:29.540,16.18743,16.19049,0.00,0.00
2012.08.20 05:52:31.410,16.18723,16.19049,0.00,0.00
2012.08.20 05:52:31.468,16.18649,16.19012,0.00,0.00
2012.08.20 05:52:32.125,16.18668,16.19031,0.00,0.00
2012.08.20 05:52:32.320,16.1865,16.19013,0.00,0.00
2012.08.20 05:52:32.435,16.1867,16.19033,0.00,0.00
2012.08.20 05:52:33.314,16.18654,16.19017,0.00,0.00
2012.08.20 05:52:33.435,16.18673,16.19036,0.00,0.00
2012.08.20 05:52:34.839,16.18657,16.1902,0.00,0.00
2012.08.20 05:52:35.370,16.18693,16.1902,0.00,0.00
2012.08.20 05:52:35.841,16.18646,16.19009,0.00,0.00
2012.08.20 05:52:36.152,16.18623,16.18935,0.00,0.00
2012.08.20 05:52:36.249,16.18593,16.18935,0.00,0.00
2012.08.20 05:52:36.376,16.1855,16.18913,0.00,0.00
2012.08.20 05:52:36.909,16.18613,16.18913,0.00,0.00
2012.08.20 05:52:36.985,16.18571,16.18934,0.00,0.00
2012.08.20 05:52:43.205,16.18547,16.1891,0.00,0.00
2012.08.20 05:52:43.527,16.18568,16.18931,0.00,0.00
2012.08.20 05:52:43.847,16.18552,16.18915,0.00,0.00
2012.08.20 05:52:44.396,16.18575,16.18938,0.00,0.00
2012.08.20 05:52:53.899,16.18643,16.18944,0.00,0.00
2012.08.20 05:53:03.089,16.18623,16.18938,0.00,0.00
2012.08.20 05:53:03.749,16.18593,16.18938,0.00,0.00
2012.08.20 05:53:03.859,16.18534,16.18897,0.00,0.00
2012.08.20 05:53:13.265,16.18436,16.18799,0.00,0.00
2012.08.20 05:53:13.377,16.18323,16.18743,0.00,0.00
2012.08.20 05:53:13.729,16.18327,16.18747,0.00,0.00
2012.08.20 05:53:14.530,16.18323,16.18727,0.00,0.00
2012.08.20 05:53:24.255,16.18303,16.18726,0.00,0.00
2012.08.20 05:53:25.008,16.18303,16.18697,0.00,0.00
2012.08.20 05:53:29.601,16.18293,16.18707,0.00,0.00
2012.08.20 05:53:38.103,16.18301,16.18707,0.00,0.00
2012.08.20 05:53:38.666,16.18278,16.18707,0.00,0.00
2012.08.20 05:53:39.184,16.18452,16.18807,0.00,0.00
2012.08.20 05:53:39.597,16.18452,16.1887,0.00,0.00
2012.08.20 05:53:39.920,16.18453,16.18877,0.00,0.00
2012.08.20 05:53:40.933,16.18452,16.18864,0.00,0.00
2012.08.20 05:53:44.092,16.18479,16.1892,0.00,0.00
2012.08.20 05:53:52.890,16.18473,16.18886,0.00,0.00
2012.08.20 05:53:53.330,16.18452,16.18867,0.00,0.00
2012.08.20 05:53:53.746,16.18402,16.18843,0.00,0.00
2012.08.20 05:54:00.448,16.18425,16.18827,0.00,0.00
2012.08.20 05:54:04.537,16.18402,16.18827,0.00,0.00
2012.08.20 05:54:12.644,16.18418,16.18827,0.00,0.00
2012.08.20 05:54:13.105,16.18452,16.18827,0.00,0.00
2012.08.20 05:54:16.395,16.18452,16.18857,0.00,0.00
2012.08.20 05:54:27.680,16.18383,16.18819,0.00,0.00
2012.08.20 05:54:29.481,16.18396,16.18797,0.00,0.00
2012.08.20 05:54:45.597,16.18452,16.18797,0.00,0.00
2012.08.20 05:54:46.060,16.18452,16.18817,0.00,0.00
2012.08.20 05:54:46.884,16.18452,16.18847,0.00,0.00
2012.08.20 05:54:48.540,16.18452,16.18827,0.00,0.00
2012.08.20 05:54:51.438,16.18422,16.18827,0.00,0.00
2012.08.20 05:54:52.566,16.18405,16.18827,0.00,0.00
2012.08.20 05:54:53.414,16.18382,16.18807,0.00,0.00
2012.08.20 05:54:53.860,16.18399,16.18807,0.00,0.00
2012.08.20 05:54:56.768,16.18393,16.18761,0.00,0.00
2012.08.20 05:54:56.878,16.18323,16.18761,0.00,0.00
2012.08.20 05:54:59.300,16.18335,16.18727,0.00,0.00
2012.08.20 05:55:03.088,16.18352,16.18727,0.00,0.00
2012.08.20 05:55:23.348,16.18352,16.18757,0.00,0.00
2012.08.20 05:55:44.269,16.18352,16.18762,0.00,0.00
2012.08.20 05:55:46.991,16.18352,16.18745,0.00,0.00
2012.08.20 05:55:48.310,16.18283,16.18653,0.00,0.00
2012.08.20 05:55:48.442,16.18164,16.18585,0.00,0.00
2012.08.20 05:55:49.322,16.18152,16.18563,0.00,0.00
2012.08.20 05:55:50.169,16.18152,16.18533,0.00,0.00
2012.08.20 05:55:50.503,16.18152,16.1853,0.00,0.00
2012.08.20 05:55:50.805,16.18152,16.18537,0.00,0.00
2012.08.20 05:55:51.167,16.18152,16.18537,0.00,0.00
2012.08.20 05:55:51.853,16.18152,16.18567,0.00,0.00
2012.08.20 05:55:52.470,16.18152,16.18561,0.00,0.00
2012.08.20 05:55:56.529,16.18152,16.18537,0.00,0.00
2012.08.20 05:56:04.449,16.18152,16.18537,0.00,0.00
2012.08.20 05:56:05.147,16.18152,16.18537,0.00,0.00
2012.08.20 05:56:09.369,16.18152,16.18537,0.00,0.00
2012.08.20 05:56:09.915,16.18152,16.18537,0.00,0.00
2012.08.20 05:56:14.452,16.18152,16.18529,0.00,0.00
2012.08.20 05:56:14.999,16.18152,16.18537,0.00,0.00
2012.08.20 05:56:15.979,16.18152,16.18537,0.00,0.00
2012.08.20 05:56:16.419,16.18152,16.18552,0.00,0.00
2012.08.20 05:56:17.476,16.18152,16.18536,0.00,0.00
2012.08.20 05:56:24.015,16.18152,16.18518,0.00,0.00
2012.08.20 05:56:44.208,16.18152,16.18516,0.00,0.00
2012.08.20 05:56:51.565,16.18119,16.18498,0.00,0.00
2012.08.20 05:56:55.980,16.18057,16.18498,0.00,0.00
2012.08.20 05:56:56.915,16.18052,16.18482,0.00,0.00
2012.08.20 05:56:57.354,16.18057,16.18498,0.00,0.00
2012.08.20 05:56:58.021,16.18056,16.18497,0.00,0.00
2012.08.20 05:57:04.024,16.18052,16.1848,0.00,0.00
2012.08.20 05:57:12.830,16.18052,16.18461,0.00,0.00
2012.08.20 05:57:17.919,16.18052,16.18457,0.00,0.00
2012.08.20 05:57:18.242,16.18062,16.18503,0.00,0.00
2012.08.20 05:57:18.607,16.18085,16.18507,0.00,0.00
2012.08.20 05:57:20.232,16.18084,16.18525,0.00,0.00
2012.08.20 05:57:26.696,16.18052,16.18473,0.00,0.00
2012.08.20 05:57:27.152,16.18052,16.18447,0.00,0.00
2012.08.20 05:57:32.555,16.18052,16.18424,0.00,0.00
2012.08.20 05:57:32.622,16.18052,16.18471,0.00,0.00
2012.08.20 05:57:53.261,16.18052,16.18483,0.00,0.00
2012.08.20 05:57:55.246,16.18052,16.18435,0.00,0.00
2012.08.20 05:57:57.730,16.18052,16.18447,0.00,0.00
2012.08.20 05:57:58.813,16.1806,16.18501,0.00,0.00
2012.08.20 05:57:59.144,16.18098,16.18539,0.00,0.00
2012.08.20 05:57:59.704,16.18069,16.1851,0.00,0.00
2012.08.20 05:58:14.652,16.18086,16.18527,0.00,0.00
2012.08.20 05:58:15.038,16.18107,16.18548,0.00,0.00
2012.08.20 05:58:15.409,16.18153,16.18594,0.00,0.00
2012.08.20 05:58:16.404,16.18152,16.1855,0.00,0.00
2012.08.20 05:58:24.036,16.18152,16.18533,0.00,0.00
2012.08.20 05:58:24.425,16.18129,16.18508,0.00,0.00
2012.08.20 05:58:38.044,16.18152,16.18535,0.00,0.00
2012.08.20 05:58:53.625,16.18152,16.18516,0.00,0.00
2012.08.20 05:59:05.249,16.18152,16.18534,0.00,0.00
2012.08.20 05:59:07.532,16.18152,16.18573,0.00,0.00
2012.08.20 05:59:08.435,16.18152,16.18538,0.00,0.00
2012.08.20 05:59:16.695,16.18152,16.18521,0.00,0.00
2012.08.20 05:59:30.466,16.18163,16.18521,0.00,0.00
2012.08.20 05:59:30.523,16.18163,16.18577,0.00,0.00
2012.08.20 05:59:30.710,16.18163,16.18564,0.00,0.00
2012.08.20 05:59:31.156,16.18183,16.18577,0.00,0.00
2012.08.20 05:59:31.668,16.18152,16.18528,0.00,0.00
2012.08.20 05:59:33.436,16.18152,16.18507,0.00,0.00
2012.08.20 05:59:41.152,16.18153,16.18537,0.00,0.00
2012.08.20 05:59:56.530,16.18153,16.18537,0.00,0.00
2012.08.20 05:59:59.257,16.18153,16.18537,0.00,0.00
