2017.08.09 03:00:00.175,12.64968,12.65218,0.00,0.00
2017.08.09 03:00:00.377,12.64958,12.65219,0.00,0.00
2017.08.09 03:00:00.576,12.64979,12.65219,0.00,0.00
2017.08.09 03:00:00.685,12.64968,12.65219,0.00,0.00
2017.08.09 03:00:01.279,12.64978,12.65218,0.00,0.00
2017.08.09 03:00:01.380,12.64958,12.65218,0.00,0.00
2017.08.09 03:00:02.641,12.64958,12.65219,0.00,0.00
2017.08.09 03:00:02.792,12.64979,12.65218,0.00,0.00
2017.08.09 03:00:02.884,12.64958,12.65218,0.00,0.00
2017.08.09 03:00:03.649,12.64958,12.65219,0.00,0.00
2017.08.09 03:00:04.271,12.64959,12.65219,0.00,0.00
2017.08.09 03:00:05.262,12.64959,12.65218,0.00,0.00
2017.08.09 03:00:05.917,12.64958,12.65219,0.00,0.00
2017.08.09 03:00:06.381,12.64959,12.65179,0.00,0.00
2017.08.09 03:00:06.849,12.64958,12.65182,0.00,0.00
2017.08.09 03:00:06.900,12.64958,12.65198,0.00,0.00
2017.08.09 03:00:07.419,12.64958,12.65199,0.00,0.00
2017.08.09 03:00:08.352,12.64958,12.65202,0.00,0.00
2017.08.09 03:00:08.514,12.64958,12.65219,0.00,0.00
2017.08.09 03:00:09.044,12.64958,12.65218,0.00,0.00
2017.08.09 03:00:09.175,12.64958,12.65178,0.00,0.00
2017.08.09 03:00:09.705,12.64958,12.65179,0.00,0.00
2017.08.09 03:00:10.420,12.64958,12.65172,0.00,0.00
2017.08.09 03:00:11.223,12.64958,12.65178,0.00,0.00
2017.08.09 03:00:11.890,12.64958,12.65201,0.00,0.00
2017.08.09 03:00:12.101,12.64958,12.65172,0.00,0.00
2017.08.09 03:00:12.152,12.64958,12.65212,0.00,0.00
2017.08.09 03:00:12.203,12.64958,12.65218,0.00,0.00
2017.08.09 03:00:13.120,12.64958,12.65219,0.00,0.00
2017.08.09 03:00:13.851,12.64958,12.65218,0.00,0.00
2017.08.09 03:00:14.121,12.64968,12.65219,0.00,0.00
2017.08.09 03:00:14.605,12.64978,12.65218,0.00,0.00
2017.08.09 03:00:15.571,12.64978,12.65219,0.00,0.00
2017.08.09 03:00:15.704,12.64958,12.65219,0.00,0.00
2017.08.09 03:00:18.113,12.64958,12.65218,0.00,0.00
2017.08.09 03:00:18.625,12.64958,12.65219,0.00,0.00
2017.08.09 03:00:18.735,12.64968,12.65219,0.00,0.00
2017.08.09 03:00:19.139,12.64958,12.65219,0.00,0.00
2017.08.09 03:00:21.120,12.64958,12.65218,0.00,0.00
2017.08.09 03:00:21.258,12.64968,12.65218,0.00,0.00
2017.08.09 03:00:22.031,12.64968,12.65219,0.00,0.00
2017.08.09 03:00:22.513,12.64958,12.65219,0.00,0.00
2017.08.09 03:00:23.072,12.64958,12.65218,0.00,0.00
2017.08.09 03:00:23.845,12.64959,12.65219,0.00,0.00
2017.08.09 03:00:23.914,12.64958,12.65212,0.00,0.00
2017.08.09 03:00:27.273,12.64958,12.65219,0.00,0.00
2017.08.09 03:00:27.424,12.64958,12.65211,0.00,0.00
2017.08.09 03:00:28.236,12.64958,12.65219,0.00,0.00
2017.08.09 03:00:28.320,12.64958,12.65182,0.00,0.00
2017.08.09 03:00:28.521,12.64958,12.65191,0.00,0.00
2017.08.09 03:00:30.574,12.64969,12.65219,0.00,0.00
2017.08.09 03:00:30.777,12.64958,12.65219,0.00,0.00
2017.08.09 03:00:31.025,12.64958,12.65212,0.00,0.00
2017.08.09 03:00:31.220,12.64958,12.65218,0.00,0.00
2017.08.09 03:00:32.149,12.64959,12.65218,0.00,0.00
2017.08.09 03:00:32.759,12.64958,12.65219,0.00,0.00
2017.08.09 03:00:33.328,12.64959,12.65218,0.00,0.00
2017.08.09 03:00:34.081,12.64958,12.65218,0.00,0.00
2017.08.09 03:00:35.119,12.64958,12.65219,0.00,0.00
2017.08.09 03:00:35.840,12.64958,12.65218,0.00,0.00
2017.08.09 03:00:36.692,12.64958,12.65219,0.00,0.00
2017.08.09 03:00:37.034,12.64968,12.65219,0.00,0.00
2017.08.09 03:00:37.234,12.64959,12.65219,0.00,0.00
2017.08.09 03:00:37.635,12.64958,12.65211,0.00,0.00
2017.08.09 03:00:37.760,12.64958,12.65219,0.00,0.00
2017.08.09 03:00:38.941,12.64958,12.65218,0.00,0.00
2017.08.09 03:00:40.673,12.64958,12.65221,0.00,0.00
2017.08.09 03:00:40.724,12.64958,12.65219,0.00,0.00
2017.08.09 03:00:40.825,12.64958,12.65221,0.00,0.00
2017.08.09 03:00:40.980,12.64958,12.65219,0.00,0.00
2017.08.09 03:00:41.610,12.64958,12.65218,0.00,0.00
2017.08.09 03:00:42.050,12.64958,12.65211,0.00,0.00
2017.08.09 03:00:42.643,12.64958,12.65192,0.00,0.00
2017.08.09 03:00:43.556,12.64958,12.65219,0.00,0.00
2017.08.09 03:00:43.607,12.64958,12.65119,0.00,0.00
2017.08.09 03:00:43.796,12.64858,12.65119,0.00,0.00
2017.08.09 03:00:44.381,12.64858,12.65118,0.00,0.00
2017.08.09 03:00:44.891,12.64858,12.65119,0.00,0.00
2017.08.09 03:00:45.080,12.64868,12.65119,0.00,0.00
2017.08.09 03:00:45.467,12.64859,12.65119,0.00,0.00
2017.08.09 03:00:46.047,12.64858,12.65118,0.00,0.00
2017.08.09 03:00:47.153,12.64858,12.65119,0.00,0.00
2017.08.09 03:00:47.748,12.64858,12.65118,0.00,0.00
2017.08.09 03:00:47.850,12.64868,12.65119,0.00,0.00
2017.08.09 03:00:48.359,12.64879,12.65119,0.00,0.00
2017.08.09 03:00:48.899,12.64888,12.65119,0.00,0.00
2017.08.09 03:00:49.271,12.64859,12.65119,0.00,0.00
2017.08.09 03:00:49.652,12.64868,12.65119,0.00,0.00
2017.08.09 03:00:50.228,12.64868,12.65118,0.00,0.00
2017.08.09 03:00:50.923,12.64868,12.65119,0.00,0.00
2017.08.09 03:00:51.255,12.64888,12.65118,0.00,0.00
2017.08.09 03:00:51.577,12.64858,12.65118,0.00,0.00
2017.08.09 03:00:52.240,12.64882,12.65142,0.00,0.00
2017.08.09 03:00:52.560,12.64958,12.65178,0.00,0.00
2017.08.09 03:00:52.952,12.64958,12.65191,0.00,0.00
2017.08.09 03:00:53.045,12.64958,12.65181,0.00,0.00
2017.08.09 03:00:53.377,12.64958,12.65179,0.00,0.00
2017.08.09 03:00:53.954,12.64949,12.65119,0.00,0.00
2017.08.09 03:00:54.105,12.64861,12.65119,0.00,0.00
2017.08.09 03:00:56.654,12.64862,12.65118,0.00,0.00
2017.08.09 03:00:57.909,12.64861,12.65119,0.00,0.00
2017.08.09 03:00:58.270,12.64888,12.65118,0.00,0.00
2017.08.09 03:00:58.500,12.64861,12.65119,0.00,0.00
2017.08.09 03:00:59.370,12.64862,12.65118,0.00,0.00
2017.08.09 03:00:59.770,12.64859,12.65118,0.00,0.00
2017.08.09 03:01:00.088,12.64868,12.65118,0.00,0.00
2017.08.09 03:01:00.190,12.64859,12.65119,0.00,0.00
2017.08.09 03:01:01.542,12.64958,12.65119,0.00,0.00
2017.08.09 03:01:01.593,12.64958,12.65182,0.00,0.00
2017.08.09 03:01:01.694,12.64958,12.65192,0.00,0.00
2017.08.09 03:01:01.745,12.64908,12.65119,0.00,0.00
2017.08.09 03:01:01.796,12.64879,12.65118,0.00,0.00
2017.08.09 03:01:01.897,12.64861,12.65119,0.00,0.00
2017.08.09 03:01:02.462,12.64862,12.65118,0.00,0.00
2017.08.09 03:01:02.686,12.64921,12.65132,0.00,0.00
2017.08.09 03:01:02.887,12.64959,12.65179,0.00,0.00
2017.08.09 03:01:02.988,12.64909,12.65169,0.00,0.00
2017.08.09 03:01:03.119,12.64909,12.65152,0.00,0.00
2017.08.09 03:01:03.221,12.64909,12.65161,0.00,0.00
2017.08.09 03:01:04.206,12.64909,12.65169,0.00,0.00
2017.08.09 03:01:05.117,12.64958,12.65172,0.00,0.00
2017.08.09 03:01:05.218,12.64959,12.65218,0.00,0.00
2017.08.09 03:01:05.319,12.64958,12.65211,0.00,0.00
2017.08.09 03:01:05.669,12.64969,12.65198,0.00,0.00
2017.08.09 03:01:06.004,12.64958,12.65171,0.00,0.00
2017.08.09 03:01:06.105,12.64958,12.65179,0.00,0.00
2017.08.09 03:01:06.403,12.64958,12.65198,0.00,0.00
2017.08.09 03:01:06.504,12.64958,12.65171,0.00,0.00
2017.08.09 03:01:08.614,12.64958,12.65198,0.00,0.00
2017.08.09 03:01:09.394,12.64958,12.65199,0.00,0.00
2017.08.09 03:01:11.151,12.64958,12.65179,0.00,0.00
2017.08.09 03:01:11.533,12.64958,12.65172,0.00,0.00
2017.08.09 03:01:11.913,12.64958,12.65179,0.00,0.00
2017.08.09 03:01:13.758,12.64958,12.65178,0.00,0.00
2017.08.09 03:01:15.071,12.64958,12.65199,0.00,0.00
2017.08.09 03:01:15.289,12.64958,12.65172,0.00,0.00
2017.08.09 03:01:16.291,12.64958,12.65199,0.00,0.00
2017.08.09 03:01:16.833,12.64958,12.65179,0.00,0.00
2017.08.09 03:01:17.152,12.64958,12.65172,0.00,0.00
2017.08.09 03:01:17.392,12.64958,12.65179,0.00,0.00
2017.08.09 03:01:19.051,12.64908,12.65168,0.00,0.00
2017.08.09 03:01:19.101,12.64908,12.65129,0.00,0.00
2017.08.09 03:01:19.152,12.64892,12.65128,0.00,0.00
2017.08.09 03:01:19.695,12.64891,12.65129,0.00,0.00
2017.08.09 03:01:20.201,12.64892,12.65128,0.00,0.00
2017.08.09 03:01:21.727,12.64891,12.65129,0.00,0.00
2017.08.09 03:01:22.174,12.64932,12.65172,0.00,0.00
2017.08.09 03:01:22.275,12.64932,12.65178,0.00,0.00
2017.08.09 03:01:22.589,12.64908,12.65118,0.00,0.00
2017.08.09 03:01:22.741,12.64849,12.65079,0.00,0.00
2017.08.09 03:01:23.910,12.64842,12.65078,0.00,0.00
2017.08.09 03:01:24.102,12.64848,12.65079,0.00,0.00
2017.08.09 03:01:24.713,12.64848,12.65078,0.00,0.00
2017.08.09 03:01:25.099,12.64868,12.65079,0.00,0.00
2017.08.09 03:01:25.212,12.64858,12.65079,0.00,0.00
2017.08.09 03:01:26.254,12.64859,12.65119,0.00,0.00
2017.08.09 03:01:26.386,12.64859,12.65141,0.00,0.00
2017.08.09 03:01:26.437,12.64869,12.65141,0.00,0.00
2017.08.09 03:01:26.791,12.64888,12.65119,0.00,0.00
2017.08.09 03:01:28.468,12.64958,12.65172,0.00,0.00
2017.08.09 03:01:28.519,12.64958,12.65212,0.00,0.00
2017.08.09 03:01:29.050,12.64958,12.65201,0.00,0.00
2017.08.09 03:01:29.154,12.64969,12.65218,0.00,0.00
2017.08.09 03:01:29.310,12.64959,12.65218,0.00,0.00
2017.08.09 03:01:30.874,12.64959,12.65219,0.00,0.00
2017.08.09 03:01:31.212,12.64968,12.65219,0.00,0.00
2017.08.09 03:01:31.613,12.64958,12.65219,0.00,0.00
2017.08.09 03:01:36.842,12.64969,12.65219,0.00,0.00
2017.08.09 03:01:36.943,12.64958,12.65218,0.00,0.00
2017.08.09 03:01:37.282,12.64958,12.65172,0.00,0.00
2017.08.09 03:01:37.536,12.64958,12.65199,0.00,0.00
2017.08.09 03:01:38.059,12.64958,12.65168,0.00,0.00
2017.08.09 03:01:38.722,12.64958,12.65169,0.00,0.00
2017.08.09 03:01:40.979,12.64958,12.65171,0.00,0.00
2017.08.09 03:01:41.030,12.64958,12.65169,0.00,0.00
2017.08.09 03:01:41.693,12.64958,12.65168,0.00,0.00
2017.08.09 03:01:44.608,12.64958,12.65199,0.00,0.00
2017.08.09 03:01:45.325,12.64958,12.65198,0.00,0.00
2017.08.09 03:01:45.984,12.64958,12.65199,0.00,0.00
2017.08.09 03:01:46.741,12.64958,12.65198,0.00,0.00
2017.08.09 03:01:47.040,12.64958,12.65212,0.00,0.00
2017.08.09 03:01:47.142,12.64958,12.65201,0.00,0.00
2017.08.09 03:01:47.433,12.64958,12.65211,0.00,0.00
2017.08.09 03:01:47.633,12.64958,12.65219,0.00,0.00
2017.08.09 03:01:48.049,12.64958,12.65172,0.00,0.00
2017.08.09 03:01:49.235,12.64958,12.65191,0.00,0.00
2017.08.09 03:01:50.236,12.64958,12.65172,0.00,0.00
2017.08.09 03:01:50.342,12.64958,12.65182,0.00,0.00
2017.08.09 03:01:50.650,12.64958,12.65219,0.00,0.00
2017.08.09 03:01:51.560,12.64958,12.65218,0.00,0.00
2017.08.09 03:01:51.661,12.64958,12.65162,0.00,0.00
2017.08.09 03:01:53.979,12.64958,12.65192,0.00,0.00
2017.08.09 03:01:54.041,12.64958,12.65199,0.00,0.00
2017.08.09 03:01:54.669,12.64958,12.65219,0.00,0.00
2017.08.09 03:01:55.143,12.64958,12.65202,0.00,0.00
2017.08.09 03:01:56.545,12.64958,12.65219,0.00,0.00
2017.08.09 03:01:56.947,12.64958,12.65172,0.00,0.00
2017.08.09 03:01:58.347,12.64958,12.65218,0.00,0.00
2017.08.09 03:02:00.079,12.64958,12.65219,0.00,0.00
2017.08.09 03:02:01.449,12.64958,12.65218,0.00,0.00
2017.08.09 03:02:01.568,12.64958,12.65201,0.00,0.00
2017.08.09 03:02:02.574,12.64958,12.65211,0.00,0.00
2017.08.09 03:02:05.244,12.64958,12.65202,0.00,0.00
2017.08.09 03:02:08.183,12.64958,12.65218,0.00,0.00
2017.08.09 03:02:08.799,12.64958,12.65219,0.00,0.00
2017.08.09 03:02:08.860,12.64969,12.65219,0.00,0.00
2017.08.09 03:02:09.461,12.64958,12.65219,0.00,0.00
2017.08.09 03:02:14.314,12.65058,12.65229,0.00,0.00
2017.08.09 03:02:14.416,12.64991,12.65229,0.00,0.00
2017.08.09 03:02:14.467,12.64981,12.65229,0.00,0.00
2017.08.09 03:02:14.769,12.64969,12.65219,0.00,0.00
2017.08.09 03:02:14.894,12.64959,12.65219,0.00,0.00
2017.08.09 03:02:15.556,12.64959,12.65218,0.00,0.00
2017.08.09 03:02:16.084,12.64959,12.65219,0.00,0.00
2017.08.09 03:02:19.159,12.64959,12.65218,0.00,0.00
2017.08.09 03:02:19.844,12.64959,12.65219,0.00,0.00
2017.08.09 03:02:21.960,12.64959,12.65218,0.00,0.00
2017.08.09 03:02:22.011,12.64959,12.65172,0.00,0.00
2017.08.09 03:02:22.213,12.64959,12.65218,0.00,0.00
2017.08.09 03:02:22.277,12.64968,12.65218,0.00,0.00
2017.08.09 03:02:22.485,12.64959,12.65211,0.00,0.00
2017.08.09 03:02:24.079,12.64959,12.65218,0.00,0.00
2017.08.09 03:02:26.010,12.64959,12.65171,0.00,0.00
2017.08.09 03:02:27.019,12.64969,12.65218,0.00,0.00
2017.08.09 03:02:27.130,12.64969,12.65179,0.00,0.00
2017.08.09 03:02:27.282,12.64939,12.65179,0.00,0.00
2017.08.09 03:02:27.383,12.64948,12.65179,0.00,0.00
2017.08.09 03:02:28.467,12.64948,12.65178,0.00,0.00
2017.08.09 03:02:28.517,12.64938,12.65179,0.00,0.00
2017.08.09 03:02:28.618,12.64948,12.65178,0.00,0.00
2017.08.09 03:02:29.430,12.64948,12.65179,0.00,0.00
2017.08.09 03:02:29.603,12.64928,12.65178,0.00,0.00
2017.08.09 03:02:29.985,12.64939,12.65179,0.00,0.00
2017.08.09 03:02:30.409,12.64922,12.65161,0.00,0.00
2017.08.09 03:02:30.586,12.64922,12.65172,0.00,0.00
2017.08.09 03:02:30.986,12.64949,12.65178,0.00,0.00
2017.08.09 03:02:31.899,12.64949,12.65179,0.00,0.00
2017.08.09 03:02:32.088,12.64938,12.65179,0.00,0.00
2017.08.09 03:02:34.673,12.64921,12.65179,0.00,0.00
2017.08.09 03:02:35.091,12.64938,12.65179,0.00,0.00
2017.08.09 03:02:35.531,12.64948,12.65179,0.00,0.00
2017.08.09 03:02:36.894,12.64939,12.65179,0.00,0.00
2017.08.09 03:02:43.412,12.64939,12.65178,0.00,0.00
2017.08.09 03:02:43.513,12.64929,12.65179,0.00,0.00
2017.08.09 03:02:44.021,12.64929,12.65178,0.00,0.00
2017.08.09 03:02:44.103,12.64938,12.65178,0.00,0.00
2017.08.09 03:02:48.901,12.64938,12.65179,0.00,0.00
2017.08.09 03:02:49.305,12.64922,12.65162,0.00,0.00
2017.08.09 03:02:49.819,12.64921,12.65171,0.00,0.00
2017.08.09 03:02:49.920,12.64921,12.65179,0.00,0.00
2017.08.09 03:02:50.652,12.64922,12.65178,0.00,0.00
2017.08.09 03:02:54.122,12.64939,12.65178,0.00,0.00
2017.08.09 03:02:55.107,12.64939,12.65179,0.00,0.00
2017.08.09 03:02:55.602,12.64948,12.65178,0.00,0.00
2017.08.09 03:02:56.127,12.64938,12.65179,0.00,0.00
2017.08.09 03:02:56.229,12.64928,12.65179,0.00,0.00
2017.08.09 03:02:56.445,12.64939,12.65179,0.00,0.00
2017.08.09 03:02:57.059,12.64939,12.65178,0.00,0.00
2017.08.09 03:02:57.431,12.64948,12.65179,0.00,0.00
2017.08.09 03:02:57.600,12.64991,12.65232,0.00,0.00
2017.08.09 03:02:57.751,12.64991,12.65229,0.00,0.00
2017.08.09 03:02:58.320,12.65021,12.65229,0.00,0.00
2017.08.09 03:02:58.371,12.65021,12.65261,0.00,0.00
2017.08.09 03:02:58.472,12.65021,12.65272,0.00,0.00
2017.08.09 03:02:58.642,12.65038,12.65279,0.00,0.00
2017.08.09 03:02:58.870,12.65022,12.65278,0.00,0.00
2017.08.09 03:02:59.562,12.65021,12.65279,0.00,0.00
2017.08.09 03:02:59.664,12.65029,12.65278,0.00,0.00
2017.08.09 03:02:59.971,12.65021,12.65251,0.00,0.00
2017.08.09 03:03:00.740,12.65021,12.65262,0.00,0.00
2017.08.09 03:03:01.173,12.65048,12.65278,0.00,0.00
2017.08.09 03:03:01.676,12.65021,12.65279,0.00,0.00
2017.08.09 03:03:01.957,12.65029,12.65278,0.00,0.00
2017.08.09 03:03:02.294,12.65022,12.65261,0.00,0.00
2017.08.09 03:03:02.985,12.65021,12.65261,0.00,0.00
2017.08.09 03:03:03.086,12.65022,12.65278,0.00,0.00
2017.08.09 03:03:03.635,12.65021,12.65279,0.00,0.00
2017.08.09 03:03:03.686,12.65021,12.65261,0.00,0.00
2017.08.09 03:03:04.015,12.65059,12.65279,0.00,0.00
2017.08.09 03:03:04.066,12.65029,12.65279,0.00,0.00
2017.08.09 03:03:04.777,12.65048,12.65279,0.00,0.00
2017.08.09 03:03:04.900,12.65028,12.65278,0.00,0.00
2017.08.09 03:03:05.002,12.65021,12.65252,0.00,0.00
2017.08.09 03:03:06.054,12.65021,12.65271,0.00,0.00
2017.08.09 03:03:06.256,12.65022,12.65278,0.00,0.00
2017.08.09 03:03:06.357,12.65048,12.65279,0.00,0.00
2017.08.09 03:03:08.860,12.65039,12.65279,0.00,0.00
2017.08.09 03:03:09.409,12.65039,12.65278,0.00,0.00
2017.08.09 03:03:09.460,12.65049,12.65278,0.00,0.00
2017.08.09 03:03:09.562,12.65028,12.65268,0.00,0.00
2017.08.09 03:03:09.810,12.65022,12.65242,0.00,0.00
2017.08.09 03:03:09.861,12.65022,12.65262,0.00,0.00
2017.08.09 03:03:10.190,12.65022,12.65278,0.00,0.00
2017.08.09 03:03:10.240,12.65021,12.65269,0.00,0.00
2017.08.09 03:03:10.568,12.65021,12.65262,0.00,0.00
2017.08.09 03:03:11.064,12.65022,12.65251,0.00,0.00
2017.08.09 03:03:11.465,12.65022,12.65262,0.00,0.00
2017.08.09 03:03:12.185,12.65021,12.65269,0.00,0.00
2017.08.09 03:03:12.286,12.65021,12.65251,0.00,0.00
2017.08.09 03:03:13.499,12.65021,12.65269,0.00,0.00
2017.08.09 03:03:13.600,12.65049,12.65269,0.00,0.00
2017.08.09 03:03:14.069,12.65038,12.65269,0.00,0.00
2017.08.09 03:03:15.027,12.65028,12.65269,0.00,0.00
2017.08.09 03:03:16.072,12.65038,12.65269,0.00,0.00
2017.08.09 03:03:16.373,12.65049,12.65269,0.00,0.00
2017.08.09 03:03:21.100,12.65049,12.65268,0.00,0.00
2017.08.09 03:03:21.277,12.65039,12.65268,0.00,0.00
2017.08.09 03:03:23.528,12.65039,12.65279,0.00,0.00
2017.08.09 03:03:23.680,12.65049,12.65278,0.00,0.00
2017.08.09 03:03:24.080,12.65021,12.65262,0.00,0.00
2017.08.09 03:03:24.182,12.65048,12.65279,0.00,0.00
2017.08.09 03:03:24.681,12.65021,12.65279,0.00,0.00
2017.08.09 03:03:25.712,12.65022,12.65278,0.00,0.00
2017.08.09 03:03:26.183,12.65039,12.65279,0.00,0.00
2017.08.09 03:03:26.584,12.65049,12.65279,0.00,0.00
2017.08.09 03:03:27.130,12.65038,12.65279,0.00,0.00
2017.08.09 03:03:27.686,12.65028,12.65279,0.00,0.00
2017.08.09 03:03:28.101,12.65022,12.65262,0.00,0.00
2017.08.09 03:03:28.189,12.65022,12.65278,0.00,0.00
2017.08.09 03:03:29.097,12.65021,12.65279,0.00,0.00
2017.08.09 03:03:29.189,12.65059,12.65279,0.00,0.00
2017.08.09 03:03:30.692,12.65028,12.65279,0.00,0.00
2017.08.09 03:03:32.994,12.65038,12.65279,0.00,0.00
2017.08.09 03:03:38.226,12.65038,12.65278,0.00,0.00
2017.08.09 03:03:38.559,12.65021,12.65261,0.00,0.00
2017.08.09 03:03:39.057,12.65059,12.65279,0.00,0.00
2017.08.09 03:03:39.203,12.65039,12.65279,0.00,0.00
2017.08.09 03:03:39.437,12.65028,12.65279,0.00,0.00
2017.08.09 03:03:40.489,12.65028,12.65278,0.00,0.00
2017.08.09 03:03:40.747,12.65022,12.65262,0.00,0.00
2017.08.09 03:03:40.949,12.65029,12.65278,0.00,0.00
2017.08.09 03:03:41.006,12.65022,12.65278,0.00,0.00
2017.08.09 03:03:41.664,12.65021,12.65279,0.00,0.00
2017.08.09 03:03:41.714,12.65049,12.65279,0.00,0.00
2017.08.09 03:03:43.790,12.65049,12.65278,0.00,0.00
2017.08.09 03:03:44.210,12.65038,12.65278,0.00,0.00
2017.08.09 03:03:44.511,12.65048,12.65279,0.00,0.00
2017.08.09 03:03:44.912,12.65039,12.65279,0.00,0.00
2017.08.09 03:03:45.112,12.65021,12.65279,0.00,0.00
2017.08.09 03:03:45.463,12.65039,12.65279,0.00,0.00
2017.08.09 03:03:46.714,12.65048,12.65279,0.00,0.00
2017.08.09 03:03:48.416,12.65021,12.65279,0.00,0.00
2017.08.09 03:03:49.398,12.65022,12.65278,0.00,0.00
2017.08.09 03:03:49.517,12.65022,12.65261,0.00,0.00
2017.08.09 03:03:50.348,12.65021,12.65261,0.00,0.00
2017.08.09 03:03:51.671,12.65049,12.65278,0.00,0.00
2017.08.09 03:03:51.850,12.65021,12.65251,0.00,0.00
2017.08.09 03:03:52.022,12.65048,12.65279,0.00,0.00
2017.08.09 03:03:52.852,12.65028,12.65278,0.00,0.00
2017.08.09 03:03:53.013,12.65038,12.65278,0.00,0.00
2017.08.09 03:03:53.689,12.65038,12.65279,0.00,0.00
2017.08.09 03:03:53.990,12.65021,12.65262,0.00,0.00
2017.08.09 03:03:54.572,12.65049,12.65279,0.00,0.00
2017.08.09 03:03:55.340,12.65049,12.65278,0.00,0.00
2017.08.09 03:03:55.427,12.65028,12.65278,0.00,0.00
2017.08.09 03:03:55.986,12.65028,12.65279,0.00,0.00
2017.08.09 03:03:56.365,12.65048,12.65279,0.00,0.00
2017.08.09 03:03:56.976,12.65048,12.65278,0.00,0.00
2017.08.09 03:03:57.030,12.65028,12.65278,0.00,0.00
2017.08.09 03:03:58.270,12.65028,12.65279,0.00,0.00
2017.08.09 03:04:00.033,12.65049,12.65279,0.00,0.00
2017.08.09 03:04:01.430,12.65049,12.65269,0.00,0.00
2017.08.09 03:04:01.582,12.65031,12.65269,0.00,0.00
2017.08.09 03:04:01.746,12.65031,12.65261,0.00,0.00
2017.08.09 03:04:01.847,12.65031,12.65278,0.00,0.00
2017.08.09 03:04:01.980,12.65049,12.65278,0.00,0.00
2017.08.09 03:04:02.612,12.65049,12.65289,0.00,0.00
2017.08.09 03:04:02.738,12.65038,12.65289,0.00,0.00
2017.08.09 03:04:03.290,12.65038,12.65288,0.00,0.00
2017.08.09 03:04:03.442,12.65059,12.65288,0.00,0.00
2017.08.09 03:04:03.777,12.65029,12.65288,0.00,0.00
2017.08.09 03:04:04.061,12.65049,12.65288,0.00,0.00
2017.08.09 03:04:04.263,12.65029,12.65288,0.00,0.00
2017.08.09 03:04:04.364,12.65058,12.65289,0.00,0.00
2017.08.09 03:04:05.332,12.65058,12.65288,0.00,0.00
2017.08.09 03:04:05.802,12.65111,12.65339,0.00,0.00
2017.08.09 03:04:05.852,12.65111,12.65342,0.00,0.00
2017.08.09 03:04:05.953,12.65159,12.65388,0.00,0.00
2017.08.09 03:04:06.054,12.65111,12.65381,0.00,0.00
2017.08.09 03:04:06.145,12.65149,12.65389,0.00,0.00
2017.08.09 03:04:06.448,12.65132,12.65362,0.00,0.00
2017.08.09 03:04:07.266,12.65132,12.65368,0.00,0.00
2017.08.09 03:04:07.858,12.65131,12.65369,0.00,0.00
2017.08.09 03:04:08.050,12.65149,12.65368,0.00,0.00
2017.08.09 03:04:08.450,12.65132,12.65352,0.00,0.00
2017.08.09 03:04:08.612,12.65081,12.65289,0.00,0.00
2017.08.09 03:04:08.663,12.65082,12.65291,0.00,0.00
2017.08.09 03:04:08.714,12.65041,12.65291,0.00,0.00
2017.08.09 03:04:08.765,12.65059,12.65341,0.00,0.00
2017.08.09 03:04:08.815,12.65059,12.65248,0.00,0.00
2017.08.09 03:04:08.866,12.65048,12.65242,0.00,0.00
2017.08.09 03:04:08.970,12.64958,12.65232,0.00,0.00
2017.08.09 03:04:09.172,12.64958,12.65222,0.00,0.00
2017.08.09 03:04:09.869,12.64958,12.65221,0.00,0.00
2017.08.09 03:04:10.171,12.64979,12.65229,0.00,0.00
2017.08.09 03:04:10.474,12.65008,12.65242,0.00,0.00
2017.08.09 03:04:10.776,12.65058,12.65268,0.00,0.00
2017.08.09 03:04:11.469,12.65058,12.65269,0.00,0.00
2017.08.09 03:04:11.986,12.65058,12.65268,0.00,0.00
2017.08.09 03:04:12.491,12.65058,12.65269,0.00,0.00
2017.08.09 03:04:12.542,12.65058,12.65298,0.00,0.00
2017.08.09 03:04:12.693,12.65058,12.65282,0.00,0.00
2017.08.09 03:04:13.008,12.65058,12.65292,0.00,0.00
2017.08.09 03:04:14.160,12.65058,12.65299,0.00,0.00
2017.08.09 03:04:15.049,12.65058,12.65279,0.00,0.00
2017.08.09 03:04:15.949,12.65058,12.65298,0.00,0.00
2017.08.09 03:04:16.429,12.65058,12.65279,0.00,0.00
2017.08.09 03:04:16.816,12.65058,12.65271,0.00,0.00
2017.08.09 03:04:19.166,12.65058,12.65278,0.00,0.00
2017.08.09 03:04:19.866,12.65058,12.65279,0.00,0.00
2017.08.09 03:04:20.368,12.65058,12.65278,0.00,0.00
2017.08.09 03:04:20.918,12.65058,12.65279,0.00,0.00
2017.08.09 03:04:21.600,12.65058,12.65278,0.00,0.00
2017.08.09 03:04:22.933,12.65058,12.65279,0.00,0.00
2017.08.09 03:04:23.452,12.65058,12.65278,0.00,0.00
2017.08.09 03:04:24.350,12.65058,12.65279,0.00,0.00
2017.08.09 03:04:25.928,12.65058,12.65299,0.00,0.00
2017.08.09 03:04:26.488,12.65059,12.65298,0.00,0.00
2017.08.09 03:04:26.973,12.65059,12.65328,0.00,0.00
2017.08.09 03:04:27.092,12.65058,12.65312,0.00,0.00
2017.08.09 03:04:27.194,12.65059,12.65328,0.00,0.00
2017.08.09 03:04:28.409,12.65059,12.65329,0.00,0.00
2017.08.09 03:04:28.510,12.65058,12.65322,0.00,0.00
2017.08.09 03:04:29.129,12.65058,12.65272,0.00,0.00
2017.08.09 03:04:29.782,12.65058,12.65282,0.00,0.00
2017.08.09 03:04:31.487,12.65058,12.65328,0.00,0.00
2017.08.09 03:04:31.588,12.65058,12.65261,0.00,0.00
2017.08.09 03:04:32.650,12.64979,12.65229,0.00,0.00
2017.08.09 03:04:32.801,12.64958,12.65228,0.00,0.00
2017.08.09 03:04:32.957,12.64962,12.65242,0.00,0.00
2017.08.09 03:04:33.109,12.64978,12.65228,0.00,0.00
2017.08.09 03:04:33.253,12.64958,12.65228,0.00,0.00
2017.08.09 03:04:34.111,12.64958,12.65229,0.00,0.00
2017.08.09 03:04:34.191,12.64968,12.65229,0.00,0.00
2017.08.09 03:04:34.329,12.64958,12.65229,0.00,0.00
2017.08.09 03:04:35.520,12.64978,12.65228,0.00,0.00
2017.08.09 03:04:35.993,12.64958,12.65228,0.00,0.00
2017.08.09 03:04:36.551,12.64958,12.65229,0.00,0.00
2017.08.09 03:04:37.170,12.64958,12.65228,0.00,0.00
2017.08.09 03:04:38.092,12.64958,12.65229,0.00,0.00
2017.08.09 03:04:38.253,12.64978,12.65229,0.00,0.00
2017.08.09 03:04:38.833,12.65031,12.65262,0.00,0.00
2017.08.09 03:04:39.180,12.65059,12.65268,0.00,0.00
2017.08.09 03:04:39.689,12.65059,12.65261,0.00,0.00
2017.08.09 03:04:39.800,12.65059,12.65269,0.00,0.00
2017.08.09 03:04:40.352,12.65059,12.65268,0.00,0.00
2017.08.09 03:04:41.400,12.65059,12.65279,0.00,0.00
2017.08.09 03:04:42.731,12.65059,12.65281,0.00,0.00
2017.08.09 03:04:42.906,12.65059,12.65332,0.00,0.00
2017.08.09 03:04:44.208,12.65059,12.65322,0.00,0.00
2017.08.09 03:04:46.419,12.65059,12.65278,0.00,0.00
2017.08.09 03:04:46.954,12.65059,12.65279,0.00,0.00
2017.08.09 03:04:47.336,12.65059,12.65298,0.00,0.00
2017.08.09 03:04:48.119,12.65059,12.65299,0.00,0.00
2017.08.09 03:04:49.179,12.65059,12.65298,0.00,0.00
2017.08.09 03:04:49.417,12.65059,12.65271,0.00,0.00
2017.08.09 03:04:49.515,12.65059,12.65282,0.00,0.00
2017.08.09 03:04:53.786,12.65008,12.65268,0.00,0.00
2017.08.09 03:04:53.937,12.65008,12.65241,0.00,0.00
2017.08.09 03:04:54.266,12.64961,12.65229,0.00,0.00
2017.08.09 03:04:54.739,12.64959,12.65228,0.00,0.00
2017.08.09 03:04:55.537,12.64959,12.65229,0.00,0.00
2017.08.09 03:04:56.530,12.64979,12.65229,0.00,0.00
2017.08.09 03:04:56.626,12.64958,12.65221,0.00,0.00
2017.08.09 03:04:57.251,12.64958,12.65211,0.00,0.00
2017.08.09 03:04:57.847,12.64958,12.65181,0.00,0.00
2017.08.09 03:04:59.230,12.64958,12.65191,0.00,0.00
2017.08.09 03:04:59.330,12.64968,12.65229,0.00,0.00
2017.08.09 03:04:59.731,12.64958,12.65228,0.00,0.00
2017.08.09 03:05:00.540,12.64958,12.65229,0.00,0.00
2017.08.09 03:05:01.362,12.64958,12.65178,0.00,0.00
2017.08.09 03:05:02.140,12.64958,12.65179,0.00,0.00
2017.08.09 03:05:03.736,12.64958,12.65192,0.00,0.00
2017.08.09 03:05:03.837,12.64958,12.65201,0.00,0.00
2017.08.09 03:05:03.936,12.64958,12.65228,0.00,0.00
2017.08.09 03:05:05.486,12.64958,12.65229,0.00,0.00
2017.08.09 03:05:05.638,12.64968,12.65228,0.00,0.00
2017.08.09 03:05:06.557,12.64968,12.65229,0.00,0.00
2017.08.09 03:05:06.639,12.64958,12.65222,0.00,0.00
2017.08.09 03:05:06.917,12.64958,12.65199,0.00,0.00
2017.08.09 03:05:07.240,12.64958,12.65162,0.00,0.00
2017.08.09 03:05:08.344,12.64958,12.65172,0.00,0.00
2017.08.09 03:05:08.647,12.64959,12.65199,0.00,0.00
2017.08.09 03:05:09.335,12.64958,12.65229,0.00,0.00
2017.08.09 03:05:09.483,12.64958,12.65171,0.00,0.00
2017.08.09 03:05:09.551,12.64958,12.65229,0.00,0.00
2017.08.09 03:05:09.659,12.64958,12.65179,0.00,0.00
2017.08.09 03:05:09.861,12.64958,12.65181,0.00,0.00
2017.08.09 03:05:09.962,12.64958,12.65179,0.00,0.00
2017.08.09 03:05:10.505,12.64958,12.65178,0.00,0.00
2017.08.09 03:05:11.557,12.64958,12.65179,0.00,0.00
2017.08.09 03:05:12.114,12.64958,12.65172,0.00,0.00
2017.08.09 03:05:12.494,12.64958,12.65178,0.00,0.00
2017.08.09 03:05:12.698,12.64958,12.65192,0.00,0.00
2017.08.09 03:05:12.799,12.64958,12.65172,0.00,0.00
2017.08.09 03:05:12.901,12.64958,12.65201,0.00,0.00
2017.08.09 03:05:13.001,12.64958,12.65228,0.00,0.00
2017.08.09 03:05:13.103,12.64969,12.65229,0.00,0.00
2017.08.09 03:05:13.817,12.64969,12.65228,0.00,0.00
2017.08.09 03:05:14.179,12.64958,12.65229,0.00,0.00
2017.08.09 03:05:18.522,12.64958,12.65228,0.00,0.00
2017.08.09 03:05:19.879,12.64969,12.65228,0.00,0.00
2017.08.09 03:05:22.985,12.64958,12.65228,0.00,0.00
2017.08.09 03:05:25.927,12.64958,12.65229,0.00,0.00
2017.08.09 03:05:28.495,12.64958,12.65222,0.00,0.00
2017.08.09 03:05:29.399,12.64958,12.65221,0.00,0.00
2017.08.09 03:05:31.828,12.64958,12.65181,0.00,0.00
2017.08.09 03:05:31.929,12.64958,12.65228,0.00,0.00
2017.08.09 03:05:32.039,12.64958,12.65199,0.00,0.00
2017.08.09 03:05:32.426,12.64958,12.65182,0.00,0.00
2017.08.09 03:05:32.706,12.64958,12.65201,0.00,0.00
2017.08.09 03:05:34.209,12.64968,12.65229,0.00,0.00
2017.08.09 03:05:35.016,12.64968,12.65178,0.00,0.00
2017.08.09 03:05:35.118,12.64908,12.65142,0.00,0.00
2017.08.09 03:05:35.219,12.64881,12.65141,0.00,0.00
2017.08.09 03:05:36.697,12.64861,12.65129,0.00,0.00
2017.08.09 03:05:36.815,12.64879,12.65129,0.00,0.00
2017.08.09 03:05:36.916,12.64861,12.65129,0.00,0.00
2017.08.09 03:05:36.967,12.64858,12.65129,0.00,0.00
2017.08.09 03:05:37.710,12.64858,12.65128,0.00,0.00
2017.08.09 03:05:38.462,12.64879,12.65128,0.00,0.00
2017.08.09 03:05:38.520,12.64869,12.65128,0.00,0.00
2017.08.09 03:05:38.920,12.64878,12.65128,0.00,0.00
2017.08.09 03:05:39.817,12.64891,12.65142,0.00,0.00
2017.08.09 03:05:39.868,12.64959,12.65162,0.00,0.00
2017.08.09 03:05:39.969,12.64959,12.65168,0.00,0.00
2017.08.09 03:05:40.020,12.64959,12.65172,0.00,0.00
2017.08.09 03:05:40.071,12.64959,12.65178,0.00,0.00
2017.08.09 03:05:40.647,12.64939,12.65179,0.00,0.00
2017.08.09 03:05:40.748,12.64958,12.65162,0.00,0.00
2017.08.09 03:05:40.949,12.64958,12.65179,0.00,0.00
2017.08.09 03:05:41.036,12.64958,12.65199,0.00,0.00
2017.08.09 03:05:41.137,12.64918,12.65169,0.00,0.00
2017.08.09 03:05:41.238,12.64909,12.65151,0.00,0.00
2017.08.09 03:05:41.751,12.64908,12.65168,0.00,0.00
2017.08.09 03:05:41.829,12.64908,12.65162,0.00,0.00
2017.08.09 03:05:42.329,12.64908,12.65152,0.00,0.00
2017.08.09 03:05:42.630,12.64908,12.65161,0.00,0.00
2017.08.09 03:05:44.547,12.64879,12.65128,0.00,0.00
2017.08.09 03:05:44.648,12.64858,12.65128,0.00,0.00
2017.08.09 03:05:44.760,12.64858,12.65122,0.00,0.00
2017.08.09 03:05:45.856,12.64858,12.65112,0.00,0.00
2017.08.09 03:05:45.934,12.64858,12.65128,0.00,0.00
2017.08.09 03:05:50.063,12.64869,12.65129,0.00,0.00
2017.08.09 03:05:50.380,12.64879,12.65129,0.00,0.00
2017.08.09 03:05:50.526,12.64889,12.65142,0.00,0.00
2017.08.09 03:05:50.866,12.64908,12.65169,0.00,0.00
2017.08.09 03:05:51.441,12.64908,12.65162,0.00,0.00
2017.08.09 03:05:53.781,12.64958,12.65162,0.00,0.00
2017.08.09 03:05:53.882,12.64958,12.65181,0.00,0.00
2017.08.09 03:05:53.983,12.64958,12.65228,0.00,0.00
2017.08.09 03:05:54.246,12.64958,12.65199,0.00,0.00
2017.08.09 03:05:54.670,12.64958,12.65182,0.00,0.00
2017.08.09 03:05:55.986,12.64958,12.65178,0.00,0.00
2017.08.09 03:05:56.705,12.64958,12.65179,0.00,0.00
2017.08.09 03:05:57.745,12.64949,12.65169,0.00,0.00
2017.08.09 03:05:57.896,12.64909,12.65152,0.00,0.00
2017.08.09 03:06:02.698,12.64909,12.65169,0.00,0.00
2017.08.09 03:06:03.756,12.64909,12.65168,0.00,0.00
2017.08.09 03:06:04.416,12.64909,12.65169,0.00,0.00
2017.08.09 03:06:08.866,12.64909,12.65161,0.00,0.00
2017.08.09 03:06:09.960,12.64958,12.65161,0.00,0.00
2017.08.09 03:06:10.112,12.64958,12.65228,0.00,0.00
2017.08.09 03:06:10.416,12.64958,12.65199,0.00,0.00
2017.08.09 03:06:10.768,12.64958,12.65192,0.00,0.00
2017.08.09 03:06:11.103,12.64959,12.65228,0.00,0.00
2017.08.09 03:06:11.891,12.64959,12.65229,0.00,0.00
2017.08.09 03:06:12.972,12.64958,12.65221,0.00,0.00
2017.08.09 03:06:14.173,12.64958,12.65228,0.00,0.00
2017.08.09 03:06:14.518,12.64958,12.65199,0.00,0.00
2017.08.09 03:06:15.075,12.64958,12.65182,0.00,0.00
2017.08.09 03:06:15.979,12.64958,12.65229,0.00,0.00
2017.08.09 03:06:17.582,12.64958,12.65228,0.00,0.00
2017.08.09 03:06:18.838,12.65059,12.65242,0.00,0.00
2017.08.09 03:06:18.989,12.65059,12.65278,0.00,0.00
2017.08.09 03:06:19.533,12.65059,12.65279,0.00,0.00
2017.08.09 03:06:19.698,12.65059,12.65329,0.00,0.00
2017.08.09 03:06:20.156,12.65059,12.65321,0.00,0.00
2017.08.09 03:06:21.586,12.65059,12.65312,0.00,0.00
2017.08.09 03:06:22.387,12.65059,12.65322,0.00,0.00
2017.08.09 03:06:24.791,12.65059,12.65328,0.00,0.00
2017.08.09 03:06:25.592,12.65059,12.65312,0.00,0.00
2017.08.09 03:06:25.994,12.65059,12.65328,0.00,0.00
2017.08.09 03:06:29.299,12.65059,12.65282,0.00,0.00
2017.08.09 03:06:31.830,12.65059,12.65329,0.00,0.00
2017.08.09 03:06:32.236,12.65059,12.65322,0.00,0.00
2017.08.09 03:06:32.605,12.65059,12.65302,0.00,0.00
2017.08.09 03:06:36.826,12.65059,12.65328,0.00,0.00
2017.08.09 03:06:36.927,12.65068,12.65329,0.00,0.00
2017.08.09 03:06:37.763,12.65068,12.65328,0.00,0.00
2017.08.09 03:06:38.335,12.65059,12.65302,0.00,0.00
2017.08.09 03:06:43.234,12.65059,12.65321,0.00,0.00
2017.08.09 03:06:43.420,12.65059,12.65272,0.00,0.00
2017.08.09 03:06:44.221,12.65059,12.65329,0.00,0.00
2017.08.09 03:06:48.843,12.65069,12.65329,0.00,0.00
2017.08.09 03:06:49.938,12.65059,12.65322,0.00,0.00
2017.08.09 03:06:52.442,12.65059,12.65282,0.00,0.00
2017.08.09 03:06:52.830,12.65059,12.65292,0.00,0.00
2017.08.09 03:06:54.132,12.65069,12.65329,0.00,0.00
2017.08.09 03:06:54.926,12.65069,12.65328,0.00,0.00
2017.08.09 03:06:55.502,12.65068,12.65329,0.00,0.00
2017.08.09 03:06:55.553,12.65059,12.65329,0.00,0.00
2017.08.09 03:06:57.913,12.65061,12.65329,0.00,0.00
2017.08.09 03:06:58.216,12.65068,12.65329,0.00,0.00
2017.08.09 03:06:58.267,12.65059,12.65322,0.00,0.00
2017.08.09 03:06:58.338,12.65059,12.65282,0.00,0.00
2017.08.09 03:07:00.241,12.65059,12.65329,0.00,0.00
2017.08.09 03:07:00.926,12.65059,12.65328,0.00,0.00
2017.08.09 03:07:02.096,12.65059,12.65329,0.00,0.00
2017.08.09 03:07:02.622,12.65059,12.65341,0.00,0.00
2017.08.09 03:07:02.673,12.65059,12.65322,0.00,0.00
2017.08.09 03:07:02.844,12.65059,12.65329,0.00,0.00
2017.08.09 03:07:02.945,12.65059,12.65311,0.00,0.00
2017.08.09 03:07:03.977,12.65059,12.65329,0.00,0.00
2017.08.09 03:07:04.346,12.65059,12.65312,0.00,0.00
2017.08.09 03:07:05.748,12.65059,12.65329,0.00,0.00
2017.08.09 03:07:09.537,12.65059,12.65328,0.00,0.00
2017.08.09 03:07:10.553,12.65059,12.65311,0.00,0.00
2017.08.09 03:07:11.056,12.65059,12.65329,0.00,0.00
2017.08.09 03:07:11.107,12.65079,12.65329,0.00,0.00
2017.08.09 03:07:13.008,12.65079,12.65328,0.00,0.00
2017.08.09 03:07:13.609,12.65131,12.65361,0.00,0.00
2017.08.09 03:07:13.926,12.65159,12.65368,0.00,0.00
2017.08.09 03:07:14.430,12.65159,12.65369,0.00,0.00
2017.08.09 03:07:15.112,12.65159,12.65368,0.00,0.00
2017.08.09 03:07:15.466,12.65159,12.65361,0.00,0.00
2017.08.09 03:07:15.567,12.65159,12.65369,0.00,0.00
2017.08.09 03:07:15.870,12.65159,12.65361,0.00,0.00
2017.08.09 03:07:16.073,12.65159,12.65368,0.00,0.00
2017.08.09 03:07:16.461,12.65159,12.65362,0.00,0.00
2017.08.09 03:07:16.561,12.65159,12.65368,0.00,0.00
2017.08.09 03:07:17.062,12.65159,12.65369,0.00,0.00
2017.08.09 03:07:17.738,12.65159,12.65368,0.00,0.00
2017.08.09 03:07:17.863,12.65159,12.65362,0.00,0.00
2017.08.09 03:07:18.056,12.65159,12.65368,0.00,0.00
2017.08.09 03:07:18.364,12.65159,12.65362,0.00,0.00
2017.08.09 03:07:18.477,12.65159,12.65368,0.00,0.00
2017.08.09 03:07:18.908,12.65159,12.65362,0.00,0.00
2017.08.09 03:07:19.009,12.65159,12.65369,0.00,0.00
2017.08.09 03:07:19.164,12.65159,12.65362,0.00,0.00
2017.08.09 03:07:19.265,12.65159,12.65368,0.00,0.00
2017.08.09 03:07:19.680,12.65159,12.65361,0.00,0.00
2017.08.09 03:07:19.799,12.65159,12.65369,0.00,0.00
2017.08.09 03:07:20.316,12.65159,12.65368,0.00,0.00
2017.08.09 03:07:20.465,12.65159,12.65362,0.00,0.00
2017.08.09 03:07:20.766,12.65159,12.65368,0.00,0.00
2017.08.09 03:07:20.966,12.65159,12.65351,0.00,0.00
2017.08.09 03:07:21.267,12.65159,12.65362,0.00,0.00
2017.08.09 03:07:21.469,12.65159,12.65369,0.00,0.00
2017.08.09 03:07:21.570,12.65159,12.65362,0.00,0.00
2017.08.09 03:07:22.015,12.65159,12.65368,0.00,0.00
2017.08.09 03:07:22.068,12.65159,12.65362,0.00,0.00
2017.08.09 03:07:22.269,12.65159,12.65368,0.00,0.00
2017.08.09 03:07:22.370,12.65159,12.65362,0.00,0.00
2017.08.09 03:07:22.771,12.65159,12.65369,0.00,0.00
2017.08.09 03:07:22.873,12.65159,12.65361,0.00,0.00
2017.08.09 03:07:23.418,12.65159,12.65352,0.00,0.00
2017.08.09 03:07:23.577,12.65159,12.65362,0.00,0.00
2017.08.09 03:07:23.678,12.65159,12.65368,0.00,0.00
2017.08.09 03:07:24.188,12.65168,12.65369,0.00,0.00
2017.08.09 03:07:24.289,12.65159,12.65369,0.00,0.00
2017.08.09 03:07:24.391,12.65159,12.65362,0.00,0.00
2017.08.09 03:07:24.592,12.65159,12.65369,0.00,0.00
2017.08.09 03:07:24.794,12.65159,12.65362,0.00,0.00
2017.08.09 03:07:25.097,12.65159,12.65368,0.00,0.00
2017.08.09 03:07:25.519,12.65159,12.65362,0.00,0.00
2017.08.09 03:07:25.620,12.65159,12.65368,0.00,0.00
2017.08.09 03:07:25.787,12.65159,12.65362,0.00,0.00
2017.08.09 03:07:25.886,12.65159,12.65368,0.00,0.00
2017.08.09 03:07:27.192,12.65159,12.65361,0.00,0.00
2017.08.09 03:07:27.393,12.65159,12.65368,0.00,0.00
2017.08.09 03:07:27.693,12.65159,12.65361,0.00,0.00
2017.08.09 03:07:27.918,12.65159,12.65369,0.00,0.00
2017.08.09 03:07:28.220,12.65159,12.65361,0.00,0.00
2017.08.09 03:07:28.426,12.65159,12.65369,0.00,0.00
2017.08.09 03:07:28.708,12.65159,12.65361,0.00,0.00
2017.08.09 03:07:28.927,12.65159,12.65368,0.00,0.00
2017.08.09 03:07:29.137,12.65159,12.65362,0.00,0.00
2017.08.09 03:07:29.238,12.65159,12.65369,0.00,0.00
2017.08.09 03:07:29.340,12.65159,12.65352,0.00,0.00
2017.08.09 03:07:29.539,12.65159,12.65361,0.00,0.00
2017.08.09 03:07:29.640,12.65159,12.65352,0.00,0.00
2017.08.09 03:07:29.741,12.65159,12.65362,0.00,0.00
2017.08.09 03:07:30.015,12.65159,12.65368,0.00,0.00
2017.08.09 03:07:30.217,12.65168,12.65368,0.00,0.00
2017.08.09 03:07:30.405,12.65159,12.65368,0.00,0.00
2017.08.09 03:07:30.506,12.65169,12.65369,0.00,0.00
2017.08.09 03:07:30.607,12.65159,12.65369,0.00,0.00
2017.08.09 03:07:31.130,12.65159,12.65368,0.00,0.00
2017.08.09 03:07:31.649,12.65159,12.65369,0.00,0.00
2017.08.09 03:07:32.222,12.65159,12.65368,0.00,0.00
2017.08.09 03:07:32.767,12.65159,12.65369,0.00,0.00
2017.08.09 03:07:33.276,12.65159,12.65368,0.00,0.00
2017.08.09 03:07:33.808,12.65159,12.65369,0.00,0.00
2017.08.09 03:07:34.174,12.65169,12.65369,0.00,0.00
2017.08.09 03:07:34.224,12.65159,12.65369,0.00,0.00
2017.08.09 03:07:34.325,12.65159,12.65351,0.00,0.00
2017.08.09 03:07:34.537,12.65159,12.65369,0.00,0.00
2017.08.09 03:07:34.650,12.65159,12.65362,0.00,0.00
2017.08.09 03:07:35.146,12.65159,12.65368,0.00,0.00
2017.08.09 03:07:35.322,12.65159,12.65362,0.00,0.00
2017.08.09 03:07:35.476,12.65159,12.65369,0.00,0.00
2017.08.09 03:07:36.017,12.65159,12.65368,0.00,0.00
2017.08.09 03:07:36.269,12.65159,12.65362,0.00,0.00
2017.08.09 03:07:36.370,12.65159,12.65369,0.00,0.00
2017.08.09 03:07:36.774,12.65159,12.65362,0.00,0.00
2017.08.09 03:07:36.878,12.65159,12.65369,0.00,0.00
2017.08.09 03:07:37.181,12.65159,12.65362,0.00,0.00
2017.08.09 03:07:37.286,12.65159,12.65369,0.00,0.00
2017.08.09 03:07:37.640,12.65159,12.65362,0.00,0.00
2017.08.09 03:07:37.853,12.65159,12.65369,0.00,0.00
2017.08.09 03:07:37.963,12.65169,12.65369,0.00,0.00
2017.08.09 03:07:38.064,12.65159,12.65362,0.00,0.00
2017.08.09 03:07:38.282,12.65159,12.65369,0.00,0.00
2017.08.09 03:07:38.802,12.65159,12.65368,0.00,0.00
2017.08.09 03:07:38.904,12.65159,12.65362,0.00,0.00
2017.08.09 03:07:39.055,12.65159,12.65369,0.00,0.00
2017.08.09 03:07:39.367,12.65159,12.65362,0.00,0.00
2017.08.09 03:07:39.675,12.65159,12.65369,0.00,0.00
2017.08.09 03:07:39.877,12.65159,12.65361,0.00,0.00
2017.08.09 03:07:40.097,12.65159,12.65368,0.00,0.00
2017.08.09 03:07:40.300,12.65131,12.65369,0.00,0.00
2017.08.09 03:07:40.507,12.65131,12.65361,0.00,0.00
2017.08.09 03:07:40.709,12.65132,12.65368,0.00,0.00
2017.08.09 03:07:40.862,12.65132,12.65378,0.00,0.00
2017.08.09 03:07:40.913,12.65221,12.65391,0.00,0.00
2017.08.09 03:07:40.963,12.65221,12.65459,0.00,0.00
2017.08.09 03:07:41.428,12.65221,12.65469,0.00,0.00
2017.08.09 03:07:41.478,12.65221,12.65452,0.00,0.00
2017.08.09 03:07:41.686,12.65221,12.65479,0.00,0.00
2017.08.09 03:07:41.871,12.65222,12.65471,0.00,0.00
2017.08.09 03:07:42.180,12.65222,12.65468,0.00,0.00
2017.08.09 03:07:42.572,12.65221,12.65452,0.00,0.00
2017.08.09 03:07:43.247,12.65222,12.65452,0.00,0.00
2017.08.09 03:07:43.299,12.65221,12.65462,0.00,0.00
2017.08.09 03:07:44.074,12.65259,12.65468,0.00,0.00
2017.08.09 03:07:44.521,12.65248,12.65469,0.00,0.00
2017.08.09 03:07:47.108,12.65221,12.65432,0.00,0.00
2017.08.09 03:07:48.481,12.65221,12.65469,0.00,0.00
2017.08.09 03:07:49.188,12.65228,12.65392,0.00,0.00
2017.08.09 03:07:49.289,12.65138,12.65379,0.00,0.00
2017.08.09 03:07:49.696,12.65148,12.65378,0.00,0.00
2017.08.09 03:07:50.030,12.65168,12.65378,0.00,0.00
2017.08.09 03:07:50.238,12.65132,12.65362,0.00,0.00
2017.08.09 03:07:50.479,12.65131,12.65379,0.00,0.00
2017.08.09 03:07:50.530,12.65168,12.65379,0.00,0.00
2017.08.09 03:07:51.650,12.65168,12.65378,0.00,0.00
2017.08.09 03:07:51.701,12.65149,12.65378,0.00,0.00
2017.08.09 03:07:51.800,12.65158,12.65378,0.00,0.00
2017.08.09 03:07:52.201,12.65148,12.65378,0.00,0.00
2017.08.09 03:07:52.301,12.65159,12.65378,0.00,0.00
2017.08.09 03:07:52.518,12.65139,12.65379,0.00,0.00
2017.08.09 03:07:54.107,12.65149,12.65379,0.00,0.00
2017.08.09 03:07:54.648,12.65138,12.65379,0.00,0.00
2017.08.09 03:07:54.749,12.65131,12.65371,0.00,0.00
2017.08.09 03:07:55.031,12.65132,12.65378,0.00,0.00
2017.08.09 03:07:55.513,12.65159,12.65378,0.00,0.00
2017.08.09 03:07:56.576,12.65159,12.65379,0.00,0.00
2017.08.09 03:07:56.627,12.65148,12.65379,0.00,0.00
2017.08.09 03:07:56.728,12.65138,12.65379,0.00,0.00
2017.08.09 03:07:57.167,12.65131,12.65371,0.00,0.00
2017.08.09 03:07:57.639,12.65139,12.65379,0.00,0.00
2017.08.09 03:07:57.970,12.65169,12.65379,0.00,0.00
2017.08.09 03:07:58.226,12.65132,12.65362,0.00,0.00
2017.08.09 03:07:59.276,12.65131,12.65362,0.00,0.00
2017.08.09 03:07:59.427,12.65169,12.65379,0.00,0.00
2017.08.09 03:08:00.134,12.65139,12.65379,0.00,0.00
2017.08.09 03:08:00.527,12.65132,12.65372,0.00,0.00
2017.08.09 03:08:00.637,12.65121,12.65372,0.00,0.00
2017.08.09 03:08:00.927,12.65121,12.65379,0.00,0.00
2017.08.09 03:08:01.597,12.65122,12.65378,0.00,0.00
2017.08.09 03:08:02.656,12.65121,12.65379,0.00,0.00
2017.08.09 03:08:04.136,12.65168,12.65379,0.00,0.00
2017.08.09 03:08:04.900,12.65168,12.65378,0.00,0.00
2017.08.09 03:08:05.870,12.65138,12.65378,0.00,0.00
2017.08.09 03:08:06.047,12.65169,12.65378,0.00,0.00
2017.08.09 03:08:07.082,12.65138,12.65378,0.00,0.00
2017.08.09 03:08:07.848,12.65138,12.65379,0.00,0.00
2017.08.09 03:08:08.000,12.65158,12.65379,0.00,0.00
2017.08.09 03:08:08.053,12.65121,12.65372,0.00,0.00
2017.08.09 03:08:08.169,12.65121,12.65362,0.00,0.00
2017.08.09 03:08:08.371,12.65121,12.65379,0.00,0.00
2017.08.09 03:08:08.759,12.65121,12.65372,0.00,0.00
2017.08.09 03:08:09.977,12.65121,12.65362,0.00,0.00
2017.08.09 03:08:10.062,12.65121,12.65379,0.00,0.00
2017.08.09 03:08:10.641,12.65122,12.65378,0.00,0.00
2017.08.09 03:08:11.161,12.65121,12.65379,0.00,0.00
2017.08.09 03:08:13.133,12.65121,12.65371,0.00,0.00
2017.08.09 03:08:13.677,12.65122,12.65378,0.00,0.00
2017.08.09 03:08:14.179,12.65159,12.65378,0.00,0.00
2017.08.09 03:08:14.480,12.65138,12.65378,0.00,0.00
2017.08.09 03:08:15.477,12.65138,12.65379,0.00,0.00
2017.08.09 03:08:15.609,12.65149,12.65379,0.00,0.00
2017.08.09 03:08:16.219,12.65158,12.65379,0.00,0.00
2017.08.09 03:08:18.186,12.65148,12.65379,0.00,0.00
2017.08.09 03:08:18.287,12.65122,12.65372,0.00,0.00
2017.08.09 03:08:19.806,12.65122,12.65378,0.00,0.00
2017.08.09 03:08:20.411,12.65121,12.65379,0.00,0.00
2017.08.09 03:08:23.980,12.65122,12.65378,0.00,0.00
2017.08.09 03:08:24.195,12.65168,12.65378,0.00,0.00
2017.08.09 03:08:24.641,12.65148,12.65378,0.00,0.00
2017.08.09 03:08:25.199,12.65148,12.65379,0.00,0.00
2017.08.09 03:08:25.300,12.65168,12.65379,0.00,0.00
2017.08.09 03:08:26.898,12.65138,12.65379,0.00,0.00
2017.08.09 03:08:26.999,12.65149,12.65379,0.00,0.00
2017.08.09 03:08:27.299,12.65138,12.65378,0.00,0.00
2017.08.09 03:08:28.628,12.65138,12.65379,0.00,0.00
2017.08.09 03:08:28.729,12.65149,12.65379,0.00,0.00
2017.08.09 03:08:28.830,12.65121,12.65361,0.00,0.00
2017.08.09 03:08:31.957,12.65122,12.65361,0.00,0.00
2017.08.09 03:08:32.109,12.65139,12.65379,0.00,0.00
2017.08.09 03:08:33.912,12.65148,12.65379,0.00,0.00
2017.08.09 03:08:36.166,12.65148,12.65378,0.00,0.00
2017.08.09 03:08:36.519,12.65122,12.65351,0.00,0.00
2017.08.09 03:08:36.611,12.65122,12.65362,0.00,0.00
2017.08.09 03:08:37.178,12.65121,12.65362,0.00,0.00
2017.08.09 03:08:37.676,12.65078,12.65288,0.00,0.00
2017.08.09 03:08:37.828,12.65059,12.65278,0.00,0.00
2017.08.09 03:08:37.929,12.65021,12.65279,0.00,0.00
2017.08.09 03:08:38.013,12.65068,12.65279,0.00,0.00
2017.08.09 03:08:38.113,12.65048,12.65279,0.00,0.00
2017.08.09 03:08:38.651,12.65049,12.65278,0.00,0.00
2017.08.09 03:08:39.158,12.65049,12.65279,0.00,0.00
2017.08.09 03:08:39.258,12.65021,12.65279,0.00,0.00
2017.08.09 03:08:39.615,12.65068,12.65278,0.00,0.00
2017.08.09 03:08:39.847,12.65038,12.65279,0.00,0.00
2017.08.09 03:08:40.877,12.65038,12.65278,0.00,0.00
2017.08.09 03:08:40.927,12.65022,12.65262,0.00,0.00
2017.08.09 03:08:41.117,12.65022,12.65272,0.00,0.00
2017.08.09 03:08:42.219,12.65022,12.65278,0.00,0.00
2017.08.09 03:08:42.654,12.65021,12.65272,0.00,0.00
2017.08.09 03:08:43.162,12.65058,12.65279,0.00,0.00
2017.08.09 03:08:43.321,12.65049,12.65278,0.00,0.00
2017.08.09 03:08:43.549,12.65038,12.65279,0.00,0.00
2017.08.09 03:08:44.122,12.65049,12.65279,0.00,0.00
2017.08.09 03:08:44.736,12.65049,12.65269,0.00,0.00
2017.08.09 03:08:44.919,12.65039,12.65269,0.00,0.00
2017.08.09 03:08:45.624,12.65049,12.65269,0.00,0.00
2017.08.09 03:08:52.366,12.65021,12.65269,0.00,0.00
2017.08.09 03:08:53.235,12.65058,12.65269,0.00,0.00
2017.08.09 03:08:53.939,12.65058,12.65229,0.00,0.00
2017.08.09 03:08:53.990,12.65058,12.65242,0.00,0.00
2017.08.09 03:08:54.041,12.65022,12.65242,0.00,0.00
2017.08.09 03:08:54.142,12.65029,12.65269,0.00,0.00
2017.08.09 03:08:54.243,12.65022,12.65268,0.00,0.00
2017.08.09 03:08:54.426,12.65009,12.65268,0.00,0.00
2017.08.09 03:08:54.578,12.64991,12.65269,0.00,0.00
2017.08.09 03:08:54.638,12.65028,12.65269,0.00,0.00
2017.08.09 03:08:54.852,12.65022,12.65268,0.00,0.00
2017.08.09 03:08:55.028,12.65022,12.65278,0.00,0.00
2017.08.09 03:08:55.079,12.65059,12.65278,0.00,0.00
2017.08.09 03:08:55.387,12.65059,12.65269,0.00,0.00
2017.08.09 03:08:55.488,12.65022,12.65262,0.00,0.00
2017.08.09 03:08:55.589,12.65022,12.65268,0.00,0.00
2017.08.09 03:08:55.641,12.65058,12.65268,0.00,0.00
2017.08.09 03:08:55.692,12.65058,12.65279,0.00,0.00
2017.08.09 03:08:55.842,12.65048,12.65279,0.00,0.00
2017.08.09 03:08:56.787,12.65048,12.65278,0.00,0.00
2017.08.09 03:08:56.943,12.65058,12.65278,0.00,0.00
2017.08.09 03:08:57.597,12.65058,12.65279,0.00,0.00
2017.08.09 03:08:57.653,12.65049,12.65279,0.00,0.00
2017.08.09 03:08:59.049,12.65058,12.65279,0.00,0.00
2017.08.09 03:08:59.694,12.65122,12.65342,0.00,0.00
2017.08.09 03:08:59.795,12.65122,12.65351,0.00,0.00
2017.08.09 03:08:59.896,12.65121,12.65379,0.00,0.00
2017.08.09 03:09:00.052,12.65158,12.65378,0.00,0.00
2017.08.09 03:09:00.282,12.65148,12.65379,0.00,0.00
2017.08.09 03:09:00.669,12.65148,12.65368,0.00,0.00
2017.08.09 03:09:00.770,12.65138,12.65369,0.00,0.00
2017.08.09 03:09:00.872,12.65121,12.65352,0.00,0.00
2017.08.09 03:09:01.058,12.65121,12.65362,0.00,0.00
2017.08.09 03:09:01.159,12.65121,12.65372,0.00,0.00
2017.08.09 03:09:01.859,12.65159,12.65379,0.00,0.00
2017.08.09 03:09:02.059,12.65149,12.65379,0.00,0.00
2017.08.09 03:09:02.500,12.65158,12.65379,0.00,0.00
2017.08.09 03:09:02.601,12.65121,12.65362,0.00,0.00
2017.08.09 03:09:02.881,12.65121,12.65379,0.00,0.00
2017.08.09 03:09:03.441,12.65122,12.65378,0.00,0.00
2017.08.09 03:09:03.598,12.65159,12.65379,0.00,0.00
2017.08.09 03:09:03.698,12.65108,12.65392,0.00,0.00
2017.08.09 03:09:03.749,12.65121,12.65369,0.00,0.00
2017.08.09 03:09:04.074,12.65158,12.65369,0.00,0.00
2017.08.09 03:09:04.726,12.65158,12.65368,0.00,0.00
2017.08.09 03:09:05.144,12.65159,12.65378,0.00,0.00
2017.08.09 03:09:05.266,12.65122,12.65361,0.00,0.00
2017.08.09 03:09:06.463,12.65121,12.65361,0.00,0.00
2017.08.09 03:09:07.068,12.65121,12.65371,0.00,0.00
2017.08.09 03:09:07.887,12.65158,12.65379,0.00,0.00
2017.08.09 03:09:08.441,12.65158,12.65378,0.00,0.00
2017.08.09 03:09:08.593,12.65139,12.65378,0.00,0.00
2017.08.09 03:09:08.672,12.65122,12.65352,0.00,0.00
2017.08.09 03:09:08.972,12.65122,12.65372,0.00,0.00
2017.08.09 03:09:09.066,12.65121,12.65369,0.00,0.00
2017.08.09 03:09:09.268,12.65091,12.65362,0.00,0.00
2017.08.09 03:09:09.319,12.65091,12.65352,0.00,0.00
2017.08.09 03:09:09.818,12.65159,12.65369,0.00,0.00
2017.08.09 03:09:11.078,12.65128,12.65369,0.00,0.00
2017.08.09 03:09:11.179,12.65092,12.65352,0.00,0.00
2017.08.09 03:09:14.181,12.65148,12.65368,0.00,0.00
2017.08.09 03:09:15.249,12.65148,12.65369,0.00,0.00
2017.08.09 03:09:16.382,12.65128,12.65369,0.00,0.00
2017.08.09 03:09:18.046,12.65128,12.65368,0.00,0.00
2017.08.09 03:09:18.096,12.65138,12.65368,0.00,0.00
2017.08.09 03:09:18.919,12.65091,12.65362,0.00,0.00
2017.08.09 03:09:19.387,12.65091,12.65369,0.00,0.00
2017.08.09 03:09:20.478,12.65092,12.65368,0.00,0.00
2017.08.09 03:09:20.840,12.65091,12.65371,0.00,0.00
2017.08.09 03:09:20.991,12.65158,12.65378,0.00,0.00
2017.08.09 03:09:21.191,12.65128,12.65378,0.00,0.00
2017.08.09 03:09:21.892,12.65148,12.65378,0.00,0.00
2017.08.09 03:09:22.440,12.65129,12.65379,0.00,0.00
2017.08.09 03:09:23.106,12.65149,12.65379,0.00,0.00
2017.08.09 03:09:25.939,12.65158,12.65379,0.00,0.00
2017.08.09 03:09:27.299,12.65148,12.65379,0.00,0.00
2017.08.09 03:09:29.502,12.65129,12.65379,0.00,0.00
2017.08.09 03:09:29.617,12.65149,12.65379,0.00,0.00
2017.08.09 03:09:29.990,12.65158,12.65379,0.00,0.00
2017.08.09 03:09:32.205,12.65148,12.65379,0.00,0.00
2017.08.09 03:09:35.131,12.65158,12.65378,0.00,0.00
2017.08.09 03:09:35.232,12.65128,12.65379,0.00,0.00
2017.08.09 03:09:36.376,12.65128,12.65369,0.00,0.00
2017.08.09 03:09:36.427,12.65091,12.65369,0.00,0.00
2017.08.09 03:09:36.528,12.65091,12.65361,0.00,0.00
2017.08.09 03:09:36.910,12.65148,12.65368,0.00,0.00
2017.08.09 03:09:37.011,12.65129,12.65368,0.00,0.00
2017.08.09 03:09:37.112,12.65092,12.65351,0.00,0.00
2017.08.09 03:09:37.915,12.65091,12.65351,0.00,0.00
2017.08.09 03:09:39.044,12.65091,12.65369,0.00,0.00
2017.08.09 03:09:39.183,12.65108,12.65379,0.00,0.00
2017.08.09 03:09:39.546,12.65099,12.65378,0.00,0.00
2017.08.09 03:09:39.647,12.65158,12.65379,0.00,0.00
2017.08.09 03:09:40.277,12.65158,12.65378,0.00,0.00
2017.08.09 03:09:40.426,12.65138,12.65379,0.00,0.00
2017.08.09 03:09:42.471,12.65138,12.65378,0.00,0.00
2017.08.09 03:09:42.522,12.65128,12.65378,0.00,0.00
2017.08.09 03:09:42.623,12.65091,12.65369,0.00,0.00
2017.08.09 03:09:42.724,12.65138,12.65369,0.00,0.00
2017.08.09 03:09:43.195,12.65158,12.65369,0.00,0.00
2017.08.09 03:09:43.617,12.65158,12.65378,0.00,0.00
2017.08.09 03:09:43.668,12.65128,12.65378,0.00,0.00
2017.08.09 03:09:43.919,12.65158,12.65379,0.00,0.00
2017.08.09 03:09:44.515,12.65158,12.65378,0.00,0.00
2017.08.09 03:09:46.035,12.65158,12.65379,0.00,0.00
2017.08.09 03:09:46.266,12.65128,12.65368,0.00,0.00
2017.08.09 03:09:46.367,12.65091,12.65362,0.00,0.00
2017.08.09 03:09:46.550,12.65158,12.65368,0.00,0.00
2017.08.09 03:09:46.652,12.65129,12.65369,0.00,0.00
2017.08.09 03:09:46.925,12.65158,12.65369,0.00,0.00
2017.08.09 03:09:47.229,12.65092,12.65372,0.00,0.00
2017.08.09 03:09:47.537,12.65098,12.65379,0.00,0.00
2017.08.09 03:09:48.425,12.65159,12.65379,0.00,0.00
2017.08.09 03:09:53.810,12.65159,12.65368,0.00,0.00
2017.08.09 03:09:53.957,12.65092,12.65362,0.00,0.00
2017.08.09 03:09:54.058,12.65149,12.65369,0.00,0.00
2017.08.09 03:09:55.462,12.65149,12.65378,0.00,0.00
2017.08.09 03:09:58.747,12.65149,12.65379,0.00,0.00
2017.08.09 03:10:00.076,12.65149,12.65378,0.00,0.00
2017.08.09 03:10:00.647,12.65149,12.65379,0.00,0.00
2017.08.09 03:10:00.740,12.65131,12.65379,0.00,0.00
2017.08.09 03:10:02.206,12.65132,12.65378,0.00,0.00
2017.08.09 03:10:02.256,12.65148,12.65378,0.00,0.00
2017.08.09 03:10:02.841,12.65132,12.65378,0.00,0.00
2017.08.09 03:10:03.040,12.65149,12.65379,0.00,0.00
2017.08.09 03:10:03.264,12.65132,12.65378,0.00,0.00
2017.08.09 03:10:03.464,12.65138,12.65379,0.00,0.00
2017.08.09 03:10:03.942,12.65131,12.65361,0.00,0.00
2017.08.09 03:10:04.387,12.65159,12.65379,0.00,0.00
2017.08.09 03:10:04.443,12.65148,12.65379,0.00,0.00
2017.08.09 03:10:05.097,12.65148,12.65378,0.00,0.00
2017.08.09 03:10:05.265,12.65159,12.65379,0.00,0.00
2017.08.09 03:10:07.074,12.65149,12.65379,0.00,0.00
2017.08.09 03:10:07.175,12.65131,12.65372,0.00,0.00
2017.08.09 03:10:07.704,12.65132,12.65372,0.00,0.00
2017.08.09 03:10:07.754,12.65158,12.65378,0.00,0.00
2017.08.09 03:10:08.134,12.65158,12.65369,0.00,0.00
2017.08.09 03:10:08.294,12.65132,12.65361,0.00,0.00
2017.08.09 03:10:08.395,12.65132,12.65352,0.00,0.00
2017.08.09 03:10:08.450,12.65132,12.65361,0.00,0.00
2017.08.09 03:10:08.657,12.65149,12.65378,0.00,0.00
2017.08.09 03:10:08.972,12.65159,12.65379,0.00,0.00
2017.08.09 03:10:09.073,12.65131,12.65379,0.00,0.00
2017.08.09 03:10:10.962,12.65131,12.65369,0.00,0.00
2017.08.09 03:10:11.265,12.65131,12.65331,0.00,0.00
2017.08.09 03:10:11.467,12.65131,12.65369,0.00,0.00
2017.08.09 03:10:12.043,12.65132,12.65368,0.00,0.00
2017.08.09 03:10:12.893,12.65131,12.65369,0.00,0.00
2017.08.09 03:10:12.995,12.65149,12.65369,0.00,0.00
2017.08.09 03:10:13.359,12.65131,12.65342,0.00,0.00
2017.08.09 03:10:14.159,12.65148,12.65369,0.00,0.00
2017.08.09 03:10:15.460,12.65138,12.65369,0.00,0.00
2017.08.09 03:10:20.114,12.65149,12.65369,0.00,0.00
2017.08.09 03:10:20.807,12.65131,12.65332,0.00,0.00
2017.08.09 03:10:20.908,12.65131,12.65361,0.00,0.00
2017.08.09 03:10:20.968,12.65149,12.65369,0.00,0.00
2017.08.09 03:10:21.168,12.65139,12.65369,0.00,0.00
2017.08.09 03:10:22.433,12.65139,12.65368,0.00,0.00
2017.08.09 03:10:22.584,12.65118,12.65402,0.00,0.00
2017.08.09 03:10:22.688,12.65131,12.65342,0.00,0.00
2017.08.09 03:10:23.176,12.65131,12.65352,0.00,0.00
2017.08.09 03:10:23.313,12.65148,12.65378,0.00,0.00
2017.08.09 03:10:24.172,12.65138,12.65378,0.00,0.00
2017.08.09 03:10:24.536,12.65138,12.65368,0.00,0.00
2017.08.09 03:10:24.787,12.65131,12.65362,0.00,0.00
2017.08.09 03:10:25.030,12.65132,12.65368,0.00,0.00
2017.08.09 03:10:25.080,12.65131,12.65361,0.00,0.00
2017.08.09 03:10:25.173,12.65131,12.65369,0.00,0.00
2017.08.09 03:10:25.624,12.65132,12.65352,0.00,0.00
2017.08.09 03:10:25.775,12.65131,12.65369,0.00,0.00
2017.08.09 03:10:26.454,12.65132,12.65369,0.00,0.00
2017.08.09 03:10:26.504,12.65132,12.65336,0.00,0.00
2017.08.09 03:10:26.714,12.65132,12.65362,0.00,0.00
2017.08.09 03:10:26.815,12.65132,12.65347,0.00,0.00
2017.08.09 03:10:26.916,12.65148,12.65369,0.00,0.00
2017.08.09 03:10:27.017,12.65131,12.65369,0.00,0.00
2017.08.09 03:10:28.255,12.65131,12.65372,0.00,0.00
2017.08.09 03:10:28.407,12.65132,12.65367,0.00,0.00
2017.08.09 03:10:28.508,12.65131,12.65369,0.00,0.00
2017.08.09 03:10:28.609,12.65131,12.65356,0.00,0.00
2017.08.09 03:10:28.878,12.65131,12.65369,0.00,0.00
2017.08.09 03:10:28.937,12.65119,12.65369,0.00,0.00
2017.08.09 03:10:29.514,12.65119,12.65369,0.00,0.00
2017.08.09 03:10:29.704,12.65099,12.65369,0.00,0.00
2017.08.09 03:10:30.200,12.65092,12.65336,0.00,0.00
2017.08.09 03:10:30.402,12.65108,12.65368,0.00,0.00
2017.08.09 03:10:30.505,12.65092,12.65368,0.00,0.00
2017.08.09 03:10:30.693,12.65091,12.65357,0.00,0.00
2017.08.09 03:10:30.819,12.65091,12.65369,0.00,0.00
2017.08.09 03:10:31.385,12.65092,12.65368,0.00,0.00
2017.08.09 03:10:32.084,12.65092,12.65352,0.00,0.00
2017.08.09 03:10:32.484,12.65111,12.65361,0.00,0.00
2017.08.09 03:10:32.806,12.65112,12.65368,0.00,0.00
2017.08.09 03:10:33.773,12.65111,12.65369,0.00,0.00
2017.08.09 03:10:33.824,12.65111,12.65352,0.00,0.00
2017.08.09 03:10:34.187,12.65149,12.65369,0.00,0.00
2017.08.09 03:10:37.408,12.65119,12.65369,0.00,0.00
2017.08.09 03:10:37.491,12.65109,12.65369,0.00,0.00
2017.08.09 03:10:37.802,12.65091,12.65341,0.00,0.00
2017.08.09 03:10:38.393,12.65092,12.65351,0.00,0.00
2017.08.09 03:10:38.494,12.65111,12.65351,0.00,0.00
2017.08.09 03:10:38.595,12.65092,12.65341,0.00,0.00
2017.08.09 03:10:38.696,12.65092,12.65361,0.00,0.00
2017.08.09 03:10:38.794,12.65092,12.65332,0.00,0.00
2017.08.09 03:10:39.094,12.65092,12.65352,0.00,0.00
2017.08.09 03:10:39.277,12.65111,12.65352,0.00,0.00
2017.08.09 03:10:39.529,12.65111,12.65369,0.00,0.00
2017.08.09 03:10:39.936,12.65111,12.65362,0.00,0.00
2017.08.09 03:10:40.927,12.65112,12.65362,0.00,0.00
2017.08.09 03:10:41.582,12.65091,12.65362,0.00,0.00
2017.08.09 03:10:41.830,12.65091,12.65341,0.00,0.00
2017.08.09 03:10:42.177,12.65038,12.65278,0.00,0.00
2017.08.09 03:10:42.228,12.65011,12.65262,0.00,0.00
2017.08.09 03:10:44.135,12.65011,12.65271,0.00,0.00
2017.08.09 03:10:44.236,12.65049,12.65279,0.00,0.00
2017.08.09 03:10:44.502,12.65039,12.65278,0.00,0.00
2017.08.09 03:10:44.552,12.65039,12.65269,0.00,0.00
2017.08.09 03:10:44.603,12.65012,12.65261,0.00,0.00
2017.08.09 03:10:44.734,12.65011,12.65251,0.00,0.00
2017.08.09 03:10:45.685,12.65011,12.65229,0.00,0.00
2017.08.09 03:10:45.736,12.65011,12.65241,0.00,0.00
2017.08.09 03:10:45.787,12.65011,12.65251,0.00,0.00
2017.08.09 03:10:45.838,12.64978,12.65179,0.00,0.00
2017.08.09 03:10:45.889,12.65011,12.65229,0.00,0.00
2017.08.09 03:10:45.939,12.65012,12.65222,0.00,0.00
2017.08.09 03:10:46.040,12.65049,12.65268,0.00,0.00
2017.08.09 03:10:46.236,12.65011,12.65252,0.00,0.00
2017.08.09 03:10:46.305,12.65048,12.65269,0.00,0.00
2017.08.09 03:10:46.617,12.65011,12.65262,0.00,0.00
2017.08.09 03:10:47.854,12.65012,12.65262,0.00,0.00
2017.08.09 03:10:47.907,12.65048,12.65268,0.00,0.00
2017.08.09 03:10:48.244,12.65048,12.65278,0.00,0.00
2017.08.09 03:10:48.483,12.65048,12.65269,0.00,0.00
2017.08.09 03:10:48.534,12.65019,12.65269,0.00,0.00
2017.08.09 03:10:48.753,12.65019,12.65279,0.00,0.00
2017.08.09 03:10:48.854,12.65048,12.65278,0.00,0.00
2017.08.09 03:10:48.955,12.65011,12.65279,0.00,0.00
2017.08.09 03:10:49.487,12.65012,12.65278,0.00,0.00
2017.08.09 03:10:50.144,12.65011,12.65279,0.00,0.00
2017.08.09 03:10:50.647,12.65049,12.65279,0.00,0.00
2017.08.09 03:10:52.113,12.65049,12.65278,0.00,0.00
2017.08.09 03:10:52.715,12.65028,12.65278,0.00,0.00
2017.08.09 03:10:53.015,12.65038,12.65278,0.00,0.00
2017.08.09 03:10:53.716,12.65049,12.65278,0.00,0.00
2017.08.09 03:10:54.117,12.65038,12.65278,0.00,0.00
2017.08.09 03:10:55.718,12.65029,12.65278,0.00,0.00
2017.08.09 03:10:56.874,12.65029,12.65279,0.00,0.00
2017.08.09 03:10:57.020,12.65039,12.65279,0.00,0.00
2017.08.09 03:10:57.450,12.65048,12.65279,0.00,0.00
2017.08.09 03:10:57.521,12.65029,12.65279,0.00,0.00
2017.08.09 03:10:57.636,12.65011,12.65262,0.00,0.00
2017.08.09 03:10:57.821,12.65048,12.65279,0.00,0.00
2017.08.09 03:10:58.409,12.65048,12.65278,0.00,0.00
2017.08.09 03:10:58.522,12.65028,12.65278,0.00,0.00
2017.08.09 03:10:59.235,12.65028,12.65279,0.00,0.00
2017.08.09 03:11:00.077,12.65028,12.65278,0.00,0.00
2017.08.09 03:11:00.127,12.65039,12.65279,0.00,0.00
2017.08.09 03:11:00.504,12.65059,12.65279,0.00,0.00
2017.08.09 03:11:01.266,12.65038,12.65279,0.00,0.00
2017.08.09 03:11:02.728,12.65058,12.65279,0.00,0.00
2017.08.09 03:11:03.245,12.65058,12.65278,0.00,0.00
2017.08.09 03:11:03.476,12.65039,12.65278,0.00,0.00
2017.08.09 03:11:03.629,12.65059,12.65279,0.00,0.00
2017.08.09 03:11:03.932,12.65121,12.65311,0.00,0.00
2017.08.09 03:11:04.033,12.65122,12.65368,0.00,0.00
2017.08.09 03:11:04.224,12.65099,12.65328,0.00,0.00
2017.08.09 03:11:04.337,12.65091,12.65329,0.00,0.00
2017.08.09 03:11:04.845,12.65092,12.65328,0.00,0.00
2017.08.09 03:11:05.368,12.65091,12.65329,0.00,0.00
2017.08.09 03:11:08.527,12.65069,12.65279,0.00,0.00
2017.08.09 03:11:08.679,12.65041,12.65279,0.00,0.00
2017.08.09 03:11:09.109,12.65122,12.65322,0.00,0.00
2017.08.09 03:11:09.160,12.65121,12.65331,0.00,0.00
2017.08.09 03:11:09.261,12.65122,12.65362,0.00,0.00
2017.08.09 03:11:09.375,12.65122,12.65368,0.00,0.00
2017.08.09 03:11:09.738,12.65122,12.65342,0.00,0.00
2017.08.09 03:11:09.966,12.65091,12.65329,0.00,0.00
2017.08.09 03:11:10.787,12.65092,12.65328,0.00,0.00
2017.08.09 03:11:13.482,12.65048,12.65279,0.00,0.00
2017.08.09 03:11:13.583,12.65041,12.65279,0.00,0.00
2017.08.09 03:11:14.157,12.65042,12.65278,0.00,0.00
2017.08.09 03:11:14.748,12.65041,12.65279,0.00,0.00
2017.08.09 03:11:14.987,12.65049,12.65278,0.00,0.00
2017.08.09 03:11:15.740,12.65049,12.65279,0.00,0.00
2017.08.09 03:11:18.675,12.65042,12.65278,0.00,0.00
2017.08.09 03:11:18.776,12.65059,12.65278,0.00,0.00
2017.08.09 03:11:19.250,12.65049,12.65278,0.00,0.00
2017.08.09 03:11:23.085,12.65049,12.65279,0.00,0.00
2017.08.09 03:11:24.654,12.65049,12.65278,0.00,0.00
2017.08.09 03:11:24.757,12.65041,12.65279,0.00,0.00
2017.08.09 03:11:25.278,12.65042,12.65278,0.00,0.00
2017.08.09 03:11:27.046,12.65029,12.65312,0.00,0.00
2017.08.09 03:11:27.161,12.65099,12.65341,0.00,0.00
2017.08.09 03:11:27.369,12.65111,12.65361,0.00,0.00
2017.08.09 03:11:27.471,12.65112,12.65352,0.00,0.00
2017.08.09 03:11:27.985,12.65112,12.65341,0.00,0.00
2017.08.09 03:11:28.063,12.65112,12.65352,0.00,0.00
2017.08.09 03:11:29.155,12.65111,12.65352,0.00,0.00
2017.08.09 03:11:29.696,12.65138,12.65369,0.00,0.00
2017.08.09 03:11:31.116,12.65138,12.65368,0.00,0.00
2017.08.09 03:11:31.403,12.65082,12.65328,0.00,0.00
2017.08.09 03:11:34.562,12.65081,12.65329,0.00,0.00
2017.08.09 03:11:35.283,12.65082,12.65328,0.00,0.00
2017.08.09 03:11:40.106,12.65069,12.65328,0.00,0.00
2017.08.09 03:11:40.233,12.65112,12.65351,0.00,0.00
2017.08.09 03:11:40.385,12.65101,12.65362,0.00,0.00
2017.08.09 03:11:40.480,12.65128,12.65369,0.00,0.00
2017.08.09 03:11:40.680,12.65118,12.65369,0.00,0.00
2017.08.09 03:11:40.731,12.65118,12.65329,0.00,0.00
2017.08.09 03:11:40.781,12.65109,12.65329,0.00,0.00
2017.08.09 03:11:40.832,12.65109,12.65368,0.00,0.00
2017.08.09 03:11:40.883,12.65102,12.65332,0.00,0.00
2017.08.09 03:11:40.984,12.65102,12.65368,0.00,0.00
2017.08.09 03:11:41.181,12.65128,12.65368,0.00,0.00
2017.08.09 03:11:41.506,12.65108,12.65369,0.00,0.00
2017.08.09 03:11:41.608,12.65101,12.65352,0.00,0.00
2017.08.09 03:11:42.783,12.65101,12.65369,0.00,0.00
2017.08.09 03:11:42.834,12.65088,12.65319,0.00,0.00
2017.08.09 03:11:43.015,12.65031,12.65279,0.00,0.00
2017.08.09 03:11:43.484,12.65058,12.65279,0.00,0.00
2017.08.09 03:11:44.185,12.65049,12.65279,0.00,0.00
2017.08.09 03:11:44.492,12.65111,12.65329,0.00,0.00
2017.08.09 03:11:44.542,12.65112,12.65331,0.00,0.00
2017.08.09 03:11:44.593,12.65111,12.65362,0.00,0.00
2017.08.09 03:11:44.696,12.65112,12.65368,0.00,0.00
2017.08.09 03:11:44.797,12.65138,12.65369,0.00,0.00
2017.08.09 03:11:45.135,12.65111,12.65341,0.00,0.00
2017.08.09 03:11:45.610,12.65111,12.65369,0.00,0.00
2017.08.09 03:11:46.575,12.65112,12.65368,0.00,0.00
2017.08.09 03:11:46.625,12.65112,12.65341,0.00,0.00
2017.08.09 03:11:46.928,12.65112,12.65332,0.00,0.00
2017.08.09 03:11:47.831,12.65048,12.65318,0.00,0.00
2017.08.09 03:11:47.882,12.65048,12.65279,0.00,0.00
2017.08.09 03:11:47.933,12.65038,12.65278,0.00,0.00
2017.08.09 03:11:48.034,12.65029,12.65279,0.00,0.00
2017.08.09 03:11:48.085,12.65112,12.65311,0.00,0.00
2017.08.09 03:11:48.236,12.65111,12.65362,0.00,0.00
2017.08.09 03:11:48.337,12.65111,12.65369,0.00,0.00
2017.08.09 03:11:48.694,12.65111,12.65332,0.00,0.00
2017.08.09 03:11:48.943,12.65091,12.65329,0.00,0.00
2017.08.09 03:11:51.008,12.65049,12.65279,0.00,0.00
2017.08.09 03:11:51.109,12.65028,12.65278,0.00,0.00
2017.08.09 03:11:51.160,12.65091,12.65279,0.00,0.00
2017.08.09 03:11:51.211,12.65082,12.65312,0.00,0.00
2017.08.09 03:11:51.313,12.65082,12.65328,0.00,0.00
2017.08.09 03:11:51.364,12.65078,12.65328,0.00,0.00
2017.08.09 03:11:51.464,12.65078,12.65319,0.00,0.00
2017.08.09 03:11:51.616,12.65029,12.65278,0.00,0.00
2017.08.09 03:11:52.154,12.65029,12.65279,0.00,0.00
2017.08.09 03:11:52.729,12.65028,12.65279,0.00,0.00
2017.08.09 03:11:53.724,12.65028,12.65278,0.00,0.00
2017.08.09 03:11:53.825,12.65059,12.65279,0.00,0.00
2017.08.09 03:11:53.927,12.65028,12.65279,0.00,0.00
2017.08.09 03:11:54.028,12.65021,12.65261,0.00,0.00
2017.08.09 03:11:54.129,12.65028,12.65279,0.00,0.00
2017.08.09 03:11:54.230,12.65049,12.65279,0.00,0.00
2017.08.09 03:11:54.301,12.65028,12.65279,0.00,0.00
2017.08.09 03:11:54.905,12.65049,12.65279,0.00,0.00
2017.08.09 03:11:56.812,12.65049,12.65278,0.00,0.00
2017.08.09 03:11:58.534,12.65038,12.65278,0.00,0.00
2017.08.09 03:11:58.635,12.65049,12.65278,0.00,0.00
2017.08.09 03:11:58.707,12.65029,12.65278,0.00,0.00
2017.08.09 03:11:59.907,12.65029,12.65279,0.00,0.00
2017.08.09 03:12:00.058,12.65048,12.65278,0.00,0.00
2017.08.09 03:12:00.260,12.65111,12.65369,0.00,0.00
2017.08.09 03:12:00.604,12.65121,12.65369,0.00,0.00
2017.08.09 03:12:00.924,12.65122,12.65351,0.00,0.00
2017.08.09 03:12:01.012,12.65122,12.65362,0.00,0.00
2017.08.09 03:12:01.800,12.65121,12.65362,0.00,0.00
2017.08.09 03:12:02.855,12.65121,12.65369,0.00,0.00
2017.08.09 03:12:03.615,12.65121,12.65361,0.00,0.00
2017.08.09 03:12:04.513,12.65138,12.65369,0.00,0.00
2017.08.09 03:12:05.017,12.65129,12.65369,0.00,0.00
2017.08.09 03:12:07.534,12.65129,12.65392,0.00,0.00
2017.08.09 03:12:07.584,12.65129,12.65369,0.00,0.00
2017.08.09 03:12:07.635,12.65122,12.65368,0.00,0.00
2017.08.09 03:12:07.737,12.65129,12.65369,0.00,0.00
2017.08.09 03:12:07.838,12.65121,12.65369,0.00,0.00
2017.08.09 03:12:08.040,12.65128,12.65369,0.00,0.00
2017.08.09 03:12:08.347,12.65121,12.65332,0.00,0.00
2017.08.09 03:12:08.435,12.65121,12.65352,0.00,0.00
2017.08.09 03:12:08.537,12.65128,12.65368,0.00,0.00
2017.08.09 03:12:08.638,12.65121,12.65352,0.00,0.00
2017.08.09 03:12:09.062,12.65121,12.65342,0.00,0.00
2017.08.09 03:12:09.726,12.65121,12.65352,0.00,0.00
2017.08.09 03:12:11.314,12.65122,12.65352,0.00,0.00
2017.08.09 03:12:13.542,12.65121,12.65352,0.00,0.00
2017.08.09 03:12:13.643,12.65121,12.65341,0.00,0.00
2017.08.09 03:12:14.137,12.65122,12.65368,0.00,0.00
2017.08.09 03:12:15.038,12.65121,12.65369,0.00,0.00
2017.08.09 03:12:16.235,12.65121,12.65351,0.00,0.00
2017.08.09 03:12:20.434,12.65122,12.65351,0.00,0.00
2017.08.09 03:12:20.485,12.65122,12.65362,0.00,0.00
2017.08.09 03:12:20.538,12.65122,12.65341,0.00,0.00
2017.08.09 03:12:21.239,12.65138,12.65368,0.00,0.00
2017.08.09 03:12:22.164,12.65138,12.65369,0.00,0.00
2017.08.09 03:12:24.142,12.65128,12.65369,0.00,0.00
2017.08.09 03:12:24.844,12.65129,12.65369,0.00,0.00
2017.08.09 03:12:25.353,12.65122,12.65341,0.00,0.00
2017.08.09 03:12:26.014,12.65121,12.65341,0.00,0.00
2017.08.09 03:12:26.276,12.65138,12.65368,0.00,0.00
2017.08.09 03:12:27.264,12.65128,12.65368,0.00,0.00
2017.08.09 03:12:27.383,12.65122,12.65368,0.00,0.00
2017.08.09 03:12:28.165,12.65121,12.65369,0.00,0.00
2017.08.09 03:12:28.266,12.65122,12.65342,0.00,0.00
2017.08.09 03:12:28.373,12.65121,12.65369,0.00,0.00
2017.08.09 03:12:28.767,12.65122,12.65332,0.00,0.00
2017.08.09 03:12:29.152,12.65122,12.65342,0.00,0.00
2017.08.09 03:12:29.739,12.65121,12.65341,0.00,0.00
2017.08.09 03:12:31.316,12.65122,12.65341,0.00,0.00
2017.08.09 03:12:31.683,12.65059,12.65278,0.00,0.00
2017.08.09 03:12:31.785,12.65032,12.65278,0.00,0.00
2017.08.09 03:12:32.311,12.65031,12.65279,0.00,0.00
2017.08.09 03:12:33.162,12.65048,12.65279,0.00,0.00
2017.08.09 03:12:33.947,12.65048,12.65278,0.00,0.00
2017.08.09 03:12:34.164,12.65038,12.65278,0.00,0.00
2017.08.09 03:12:34.793,12.65038,12.65279,0.00,0.00
2017.08.09 03:12:35.166,12.65048,12.65279,0.00,0.00
2017.08.09 03:12:38.064,12.65048,12.65278,0.00,0.00
2017.08.09 03:12:38.115,12.65038,12.65278,0.00,0.00
2017.08.09 03:12:38.216,12.65032,12.65278,0.00,0.00
2017.08.09 03:12:39.794,12.65039,12.65278,0.00,0.00
2017.08.09 03:12:40.306,12.65049,12.65279,0.00,0.00
2017.08.09 03:12:40.407,12.65038,12.65278,0.00,0.00
2017.08.09 03:12:41.589,12.65038,12.65279,0.00,0.00
2017.08.09 03:12:41.673,12.65031,12.65279,0.00,0.00
2017.08.09 03:12:42.165,12.65021,12.65279,0.00,0.00
2017.08.09 03:12:42.274,12.65021,12.65262,0.00,0.00
2017.08.09 03:12:42.984,12.65022,12.65262,0.00,0.00
2017.08.09 03:12:43.517,12.65038,12.65278,0.00,0.00
2017.08.09 03:12:44.076,12.65038,12.65279,0.00,0.00
2017.08.09 03:12:44.180,12.65028,12.65279,0.00,0.00
2017.08.09 03:12:44.814,12.65028,12.65278,0.00,0.00
2017.08.09 03:12:44.979,12.65048,12.65279,0.00,0.00
2017.08.09 03:12:45.081,12.65029,12.65279,0.00,0.00
2017.08.09 03:12:45.182,12.65022,12.65278,0.00,0.00
2017.08.09 03:12:45.278,12.65022,12.65261,0.00,0.00
2017.08.09 03:12:45.778,12.65049,12.65279,0.00,0.00
2017.08.09 03:12:48.354,12.65049,12.65278,0.00,0.00
2017.08.09 03:12:48.405,12.65028,12.65279,0.00,0.00
2017.08.09 03:12:48.506,12.65049,12.65278,0.00,0.00
2017.08.09 03:12:51.428,12.65049,12.65279,0.00,0.00
2017.08.09 03:12:51.823,12.65021,12.65252,0.00,0.00
2017.08.09 03:12:52.061,12.64979,12.65252,0.00,0.00
2017.08.09 03:12:52.190,12.65038,12.65291,0.00,0.00
2017.08.09 03:12:52.496,12.65038,12.65279,0.00,0.00
2017.08.09 03:12:53.221,12.65038,12.65278,0.00,0.00
2017.08.09 03:12:53.544,12.65048,12.65279,0.00,0.00
2017.08.09 03:12:53.693,12.65022,12.65278,0.00,0.00
2017.08.09 03:12:54.094,12.65021,12.65261,0.00,0.00
2017.08.09 03:12:54.444,12.65048,12.65279,0.00,0.00
2017.08.09 03:12:54.834,12.65039,12.65279,0.00,0.00
2017.08.09 03:12:57.624,12.65039,12.65278,0.00,0.00
2017.08.09 03:12:57.825,12.65021,12.65279,0.00,0.00
2017.08.09 03:12:59.844,12.65022,12.65278,0.00,0.00
2017.08.09 03:13:00.102,12.65039,12.65279,0.00,0.00
2017.08.09 03:13:00.403,12.65022,12.65278,0.00,0.00
2017.08.09 03:13:01.098,12.65021,12.65279,0.00,0.00
2017.08.09 03:13:01.874,12.65022,12.65278,0.00,0.00
2017.08.09 03:13:02.005,12.65028,12.65278,0.00,0.00
2017.08.09 03:13:02.421,12.65022,12.65252,0.00,0.00
2017.08.09 03:13:03.753,12.65021,12.65252,0.00,0.00
2017.08.09 03:13:04.094,12.65048,12.65279,0.00,0.00
2017.08.09 03:13:04.209,12.65021,12.65279,0.00,0.00
2017.08.09 03:13:05.847,12.65022,12.65278,0.00,0.00
2017.08.09 03:13:06.213,12.65038,12.65279,0.00,0.00
2017.08.09 03:13:08.474,12.65038,12.65278,0.00,0.00
2017.08.09 03:13:08.624,12.65021,12.65279,0.00,0.00
2017.08.09 03:13:09.306,12.65018,12.65291,0.00,0.00
2017.08.09 03:13:09.357,12.65021,12.65279,0.00,0.00
2017.08.09 03:13:09.671,12.65038,12.65279,0.00,0.00
2017.08.09 03:13:09.721,12.65021,12.65279,0.00,0.00
2017.08.09 03:13:09.822,12.65038,12.65279,0.00,0.00
2017.08.09 03:13:10.364,12.65038,12.65278,0.00,0.00
2017.08.09 03:13:10.745,12.65022,12.65278,0.00,0.00
2017.08.09 03:13:12.025,12.65038,12.65278,0.00,0.00
2017.08.09 03:13:12.226,12.65028,12.65278,0.00,0.00
2017.08.09 03:13:12.327,12.65022,12.65278,0.00,0.00
2017.08.09 03:13:13.484,12.65021,12.65279,0.00,0.00
2017.08.09 03:13:14.033,12.65022,12.65278,0.00,0.00
2017.08.09 03:13:14.137,12.65022,12.65252,0.00,0.00
2017.08.09 03:13:14.239,12.65021,12.65279,0.00,0.00
2017.08.09 03:13:14.931,12.65028,12.65279,0.00,0.00
2017.08.09 03:13:15.032,12.65022,12.65278,0.00,0.00
2017.08.09 03:13:16.763,12.65039,12.65278,0.00,0.00
2017.08.09 03:13:20.976,12.65039,12.65279,0.00,0.00
2017.08.09 03:13:22.425,12.65039,12.65278,0.00,0.00
2017.08.09 03:13:22.677,12.65022,12.65278,0.00,0.00
2017.08.09 03:13:23.330,12.65021,12.65279,0.00,0.00
2017.08.09 03:13:23.894,12.65022,12.65278,0.00,0.00
2017.08.09 03:13:23.945,12.65028,12.65278,0.00,0.00
2017.08.09 03:13:24.248,12.65021,12.65279,0.00,0.00
2017.08.09 03:13:24.445,12.65039,12.65279,0.00,0.00
2017.08.09 03:13:26.548,12.65028,12.65279,0.00,0.00
2017.08.09 03:13:29.983,12.65021,12.65279,0.00,0.00
2017.08.09 03:13:30.589,12.65022,12.65278,0.00,0.00
2017.08.09 03:13:31.301,12.65028,12.65279,0.00,0.00
2017.08.09 03:13:31.910,12.65039,12.65279,0.00,0.00
2017.08.09 03:13:32.883,12.65039,12.65278,0.00,0.00
2017.08.09 03:13:33.085,12.65028,12.65278,0.00,0.00
2017.08.09 03:13:33.158,12.65022,12.65278,0.00,0.00
2017.08.09 03:13:34.159,12.65028,12.65278,0.00,0.00
2017.08.09 03:13:36.815,12.65028,12.65279,0.00,0.00
2017.08.09 03:13:36.967,12.65021,12.65279,0.00,0.00
2017.08.09 03:13:40.203,12.65022,12.65278,0.00,0.00
2017.08.09 03:13:40.367,12.65038,12.65278,0.00,0.00
2017.08.09 03:13:42.154,12.65038,12.65279,0.00,0.00
2017.08.09 03:13:42.204,12.65022,12.65278,0.00,0.00
2017.08.09 03:13:42.870,12.65029,12.65279,0.00,0.00
2017.08.09 03:13:48.076,12.65039,12.65279,0.00,0.00
2017.08.09 03:13:48.175,12.65028,12.65279,0.00,0.00
2017.08.09 03:13:48.599,12.65022,12.65278,0.00,0.00
2017.08.09 03:13:51.434,12.65021,12.65279,0.00,0.00
2017.08.09 03:13:51.722,12.65039,12.65279,0.00,0.00
2017.08.09 03:13:51.899,12.65022,12.65278,0.00,0.00
2017.08.09 03:13:52.329,12.65038,12.65279,0.00,0.00
2017.08.09 03:13:53.074,12.65038,12.65278,0.00,0.00
2017.08.09 03:13:53.125,12.65029,12.65279,0.00,0.00
2017.08.09 03:13:53.226,12.65038,12.65279,0.00,0.00
2017.08.09 03:13:53.284,12.65021,12.65279,0.00,0.00
2017.08.09 03:13:53.384,12.65039,12.65279,0.00,0.00
2017.08.09 03:13:54.211,12.65028,12.65279,0.00,0.00
2017.08.09 03:13:56.373,12.65028,12.65278,0.00,0.00
2017.08.09 03:13:56.424,12.65038,12.65278,0.00,0.00
2017.08.09 03:13:57.133,12.65038,12.65279,0.00,0.00
2017.08.09 03:13:58.025,12.65021,12.65279,0.00,0.00
2017.08.09 03:13:58.090,12.65038,12.65279,0.00,0.00
2017.08.09 03:13:58.696,12.65028,12.65279,0.00,0.00
2017.08.09 03:13:58.797,12.65021,12.65279,0.00,0.00
2017.08.09 03:13:59.444,12.65022,12.65278,0.00,0.00
2017.08.09 03:13:59.495,12.65028,12.65278,0.00,0.00
2017.08.09 03:14:00.064,12.65028,12.65279,0.00,0.00
2017.08.09 03:14:00.624,12.65028,12.65278,0.00,0.00
2017.08.09 03:14:00.694,12.65021,12.65279,0.00,0.00
2017.08.09 03:14:00.795,12.65038,12.65279,0.00,0.00
2017.08.09 03:14:00.896,12.65028,12.65279,0.00,0.00
2017.08.09 03:14:01.196,12.65021,12.65279,0.00,0.00
2017.08.09 03:14:02.130,12.65022,12.65278,0.00,0.00
2017.08.09 03:14:04.299,12.65029,12.65278,0.00,0.00
2017.08.09 03:14:05.185,12.65029,12.65279,0.00,0.00
2017.08.09 03:14:05.816,12.65021,12.65279,0.00,0.00
2017.08.09 03:14:06.531,12.65011,12.65229,0.00,0.00
2017.08.09 03:14:06.582,12.65011,12.65242,0.00,0.00
2017.08.09 03:14:06.633,12.65011,12.65252,0.00,0.00
2017.08.09 03:14:06.805,12.65012,12.65272,0.00,0.00
2017.08.09 03:14:06.993,12.65011,12.65269,0.00,0.00
2017.08.09 03:14:07.945,12.65011,12.65242,0.00,0.00
2017.08.09 03:14:08.390,12.65012,12.65231,0.00,0.00
2017.08.09 03:14:08.934,12.65012,12.65242,0.00,0.00
2017.08.09 03:14:09.036,12.65012,12.65268,0.00,0.00
2017.08.09 03:14:09.137,12.65011,12.65251,0.00,0.00
2017.08.09 03:14:09.238,12.65028,12.65269,0.00,0.00
2017.08.09 03:14:09.373,12.65011,12.65269,0.00,0.00
2017.08.09 03:14:09.524,12.65039,12.65269,0.00,0.00
2017.08.09 03:14:10.091,12.65039,12.65278,0.00,0.00
2017.08.09 03:14:10.665,12.65039,12.65279,0.00,0.00
2017.08.09 03:14:10.716,12.65011,12.65279,0.00,0.00
2017.08.09 03:14:10.817,12.65038,12.65279,0.00,0.00
2017.08.09 03:14:11.555,12.65038,12.65278,0.00,0.00
2017.08.09 03:14:12.265,12.65038,12.65279,0.00,0.00
2017.08.09 03:14:12.415,12.65018,12.65279,0.00,0.00
2017.08.09 03:14:12.517,12.65012,12.65278,0.00,0.00
2017.08.09 03:14:12.619,12.65038,12.65278,0.00,0.00
2017.08.09 03:14:13.543,12.65038,12.65279,0.00,0.00
2017.08.09 03:14:13.839,12.65028,12.65279,0.00,0.00
2017.08.09 03:14:15.764,12.65028,12.65278,0.00,0.00
2017.08.09 03:14:15.865,12.65018,12.65278,0.00,0.00
2017.08.09 03:14:16.220,12.65028,12.65278,0.00,0.00
2017.08.09 03:14:17.084,12.65028,12.65279,0.00,0.00
2017.08.09 03:14:18.154,12.65038,12.65279,0.00,0.00
2017.08.09 03:14:18.741,12.65038,12.65278,0.00,0.00
2017.08.09 03:14:19.303,12.65038,12.65279,0.00,0.00
2017.08.09 03:14:19.455,12.65011,12.65279,0.00,0.00
2017.08.09 03:14:19.525,12.65011,12.65241,0.00,0.00
2017.08.09 03:14:19.778,12.65011,12.65262,0.00,0.00
2017.08.09 03:14:21.510,12.65012,12.65262,0.00,0.00
2017.08.09 03:14:22.045,12.65028,12.65279,0.00,0.00
2017.08.09 03:14:24.135,12.65011,12.65279,0.00,0.00
2017.08.09 03:14:24.235,12.65028,12.65279,0.00,0.00
2017.08.09 03:14:24.906,12.65028,12.65278,0.00,0.00
2017.08.09 03:14:24.956,12.65012,12.65278,0.00,0.00
2017.08.09 03:14:25.437,12.65012,12.65242,0.00,0.00
2017.08.09 03:14:28.285,12.65012,12.65252,0.00,0.00
2017.08.09 03:14:28.386,12.65012,12.65242,0.00,0.00
2017.08.09 03:14:30.071,12.65011,12.65242,0.00,0.00
2017.08.09 03:14:34.151,12.65038,12.65279,0.00,0.00
2017.08.09 03:14:34.876,12.65038,12.65278,0.00,0.00
2017.08.09 03:14:35.453,12.65011,12.65279,0.00,0.00
2017.08.09 03:14:38.151,12.65012,12.65278,0.00,0.00
2017.08.09 03:14:38.657,12.65012,12.65242,0.00,0.00
2017.08.09 03:14:38.758,12.65011,12.65279,0.00,0.00
2017.08.09 03:14:38.897,12.65011,12.65231,0.00,0.00
2017.08.09 03:14:38.998,12.65011,12.65251,0.00,0.00
2017.08.09 03:14:39.058,12.65011,12.65231,0.00,0.00
2017.08.09 03:14:39.598,12.65012,12.65231,0.00,0.00
2017.08.09 03:14:40.098,12.65012,12.65268,0.00,0.00
2017.08.09 03:14:40.394,12.65011,12.65279,0.00,0.00
2017.08.09 03:14:43.773,12.65012,12.65278,0.00,0.00
2017.08.09 03:14:43.874,12.65012,12.65268,0.00,0.00
2017.08.09 03:14:44.510,12.65011,12.65269,0.00,0.00
2017.08.09 03:14:45.134,12.65012,12.65268,0.00,0.00
2017.08.09 03:14:45.506,12.65011,12.65222,0.00,0.00
2017.08.09 03:14:45.785,12.65012,12.65242,0.00,0.00
2017.08.09 03:14:45.887,12.65012,12.65261,0.00,0.00
2017.08.09 03:14:46.378,12.65011,12.65231,0.00,0.00
2017.08.09 03:14:47.175,12.65011,12.65262,0.00,0.00
2017.08.09 03:14:47.844,12.65012,12.65262,0.00,0.00
2017.08.09 03:14:47.969,12.65011,12.65269,0.00,0.00
2017.08.09 03:14:49.335,12.65012,12.65268,0.00,0.00
2017.08.09 03:14:49.934,12.65011,12.65269,0.00,0.00
2017.08.09 03:14:49.985,12.65011,12.65242,0.00,0.00
2017.08.09 03:14:51.075,12.65012,12.65242,0.00,0.00
2017.08.09 03:14:51.276,12.65012,12.65261,0.00,0.00
2017.08.09 03:14:51.373,12.65012,12.65232,0.00,0.00
2017.08.09 03:14:53.778,12.65012,12.65268,0.00,0.00
2017.08.09 03:14:56.996,12.65011,12.65269,0.00,0.00
2017.08.09 03:14:58.809,12.65012,12.65268,0.00,0.00
2017.08.09 03:15:00.153,12.65011,12.65269,0.00,0.00
2017.08.09 03:15:00.781,12.65011,12.65279,0.00,0.00
2017.08.09 03:15:01.494,12.65021,12.65279,0.00,0.00
2017.08.09 03:15:03.225,12.65022,12.65278,0.00,0.00
2017.08.09 03:15:04.552,12.65021,12.65279,0.00,0.00
2017.08.09 03:15:05.266,12.65022,12.65278,0.00,0.00
2017.08.09 03:15:06.015,12.65021,12.65279,0.00,0.00
2017.08.09 03:15:07.421,12.65022,12.65278,0.00,0.00
2017.08.09 03:15:08.934,12.65021,12.65279,0.00,0.00
2017.08.09 03:15:09.680,12.65022,12.65278,0.00,0.00
2017.08.09 03:15:10.491,12.65021,12.65279,0.00,0.00
2017.08.09 03:15:11.738,12.65022,12.65278,0.00,0.00
2017.08.09 03:15:14.588,12.65021,12.65279,0.00,0.00
2017.08.09 03:15:14.915,12.65111,12.65302,0.00,0.00
2017.08.09 03:15:15.066,12.65111,12.65332,0.00,0.00
2017.08.09 03:15:15.274,12.65112,12.65312,0.00,0.00
2017.08.09 03:15:15.430,12.65112,12.65342,0.00,0.00
2017.08.09 03:15:15.746,12.65112,12.65322,0.00,0.00
2017.08.09 03:15:16.144,12.65032,12.65278,0.00,0.00
2017.08.09 03:15:16.346,12.64979,12.65291,0.00,0.00
2017.08.09 03:15:16.437,12.65032,12.65278,0.00,0.00
2017.08.09 03:15:16.947,12.65031,12.65279,0.00,0.00
2017.08.09 03:15:17.477,12.65032,12.65278,0.00,0.00
2017.08.09 03:15:18.267,12.65031,12.65279,0.00,0.00
2017.08.09 03:15:18.978,12.65032,12.65278,0.00,0.00
2017.08.09 03:15:19.506,12.65031,12.65279,0.00,0.00
2017.08.09 03:15:22.086,12.65032,12.65278,0.00,0.00
2017.08.09 03:15:22.609,12.65022,12.65278,0.00,0.00
2017.08.09 03:15:23.129,12.64979,12.65291,0.00,0.00
2017.08.09 03:15:23.179,12.65022,12.65278,0.00,0.00
2017.08.09 03:15:24.125,12.65021,12.65279,0.00,0.00
2017.08.09 03:15:25.579,12.65022,12.65278,0.00,0.00
2017.08.09 03:15:26.357,12.65021,12.65279,0.00,0.00
2017.08.09 03:15:28.434,12.65022,12.65278,0.00,0.00
2017.08.09 03:15:29.179,12.65021,12.65279,0.00,0.00
2017.08.09 03:15:33.166,12.65022,12.65278,0.00,0.00
2017.08.09 03:15:33.825,12.65021,12.65279,0.00,0.00
2017.08.09 03:15:34.344,12.65022,12.65278,0.00,0.00
2017.08.09 03:15:35.045,12.65021,12.65279,0.00,0.00
2017.08.09 03:15:35.561,12.65022,12.65278,0.00,0.00
2017.08.09 03:15:36.238,12.65021,12.65279,0.00,0.00
2017.08.09 03:15:37.394,12.65022,12.65278,0.00,0.00
2017.08.09 03:15:38.374,12.65021,12.65279,0.00,0.00
2017.08.09 03:15:39.924,12.65022,12.65278,0.00,0.00
2017.08.09 03:15:41.935,12.65021,12.65279,0.00,0.00
2017.08.09 03:15:44.727,12.65022,12.65278,0.00,0.00
2017.08.09 03:15:45.488,12.65021,12.65279,0.00,0.00
2017.08.09 03:15:46.111,12.65022,12.65278,0.00,0.00
2017.08.09 03:15:48.304,12.65021,12.65279,0.00,0.00
2017.08.09 03:15:51.416,12.65022,12.65278,0.00,0.00
2017.08.09 03:15:52.098,12.65021,12.65279,0.00,0.00
2017.08.09 03:15:55.314,12.65022,12.65278,0.00,0.00
2017.08.09 03:15:55.824,12.65021,12.65279,0.00,0.00
2017.08.09 03:15:56.338,12.65022,12.65278,0.00,0.00
2017.08.09 03:15:57.379,12.64931,12.65192,0.00,0.00
2017.08.09 03:15:57.990,12.64932,12.65192,0.00,0.00
2017.08.09 03:15:59.284,12.64931,12.65192,0.00,0.00
2017.08.09 03:15:59.969,12.64931,12.65191,0.00,0.00
2017.08.09 03:16:05.154,12.64932,12.65191,0.00,0.00
2017.08.09 03:16:05.911,12.64932,12.65192,0.00,0.00
2017.08.09 03:16:06.619,12.64931,12.65192,0.00,0.00
2017.08.09 03:16:07.939,12.64932,12.65191,0.00,0.00
2017.08.09 03:16:08.270,12.64931,12.65182,0.00,0.00
2017.08.09 03:16:09.835,12.64931,12.65192,0.00,0.00
2017.08.09 03:16:10.553,12.64932,12.65192,0.00,0.00
2017.08.09 03:16:11.385,12.64931,12.65192,0.00,0.00
2017.08.09 03:16:11.922,12.64922,12.65192,0.00,0.00
2017.08.09 03:16:12.252,12.64922,12.65181,0.00,0.00
2017.08.09 03:16:12.838,12.64921,12.65192,0.00,0.00
2017.08.09 03:16:13.396,12.64922,12.65192,0.00,0.00
2017.08.09 03:16:17.496,12.64921,12.65192,0.00,0.00
2017.08.09 03:16:17.546,12.64921,12.65181,0.00,0.00
2017.08.09 03:16:18.165,12.64922,12.65181,0.00,0.00
2017.08.09 03:16:18.645,12.64922,12.65192,0.00,0.00
2017.08.09 03:16:21.543,12.64922,12.65182,0.00,0.00
2017.08.09 03:16:23.546,12.64922,12.65192,0.00,0.00
2017.08.09 03:16:23.647,12.64921,12.65182,0.00,0.00
2017.08.09 03:16:24.748,12.64921,12.65192,0.00,0.00
2017.08.09 03:16:25.750,12.64921,12.65182,0.00,0.00
2017.08.09 03:16:26.256,12.64921,12.65179,0.00,0.00
2017.08.09 03:16:26.458,12.64831,12.65101,0.00,0.00
2017.08.09 03:16:26.509,12.64832,12.65078,0.00,0.00
2017.08.09 03:16:27.497,12.64831,12.65079,0.00,0.00
2017.08.09 03:16:29.696,12.64832,12.65078,0.00,0.00
2017.08.09 03:16:30.376,12.64831,12.65079,0.00,0.00
2017.08.09 03:16:31.544,12.64832,12.65078,0.00,0.00
2017.08.09 03:16:32.055,12.64831,12.65079,0.00,0.00
2017.08.09 03:16:34.317,12.64832,12.65078,0.00,0.00
2017.08.09 03:16:34.546,12.64778,12.65082,0.00,0.00
2017.08.09 03:16:34.596,12.64832,12.65078,0.00,0.00
2017.08.09 03:16:37.056,12.64732,12.65028,0.00,0.00
2017.08.09 03:16:37.106,12.64731,12.64979,0.00,0.00
2017.08.09 03:16:37.666,12.64732,12.64978,0.00,0.00
2017.08.09 03:16:38.198,12.64731,12.64979,0.00,0.00
2017.08.09 03:16:38.988,12.64732,12.64978,0.00,0.00
2017.08.09 03:16:39.555,12.64731,12.64979,0.00,0.00
2017.08.09 03:16:39.825,12.64678,12.64992,0.00,0.00
2017.08.09 03:16:41.769,12.64731,12.64979,0.00,0.00
2017.08.09 03:16:42.482,12.64732,12.64978,0.00,0.00
2017.08.09 03:16:43.496,12.64731,12.64979,0.00,0.00
2017.08.09 03:16:44.455,12.64732,12.64978,0.00,0.00
2017.08.09 03:16:44.968,12.64731,12.64979,0.00,0.00
2017.08.09 03:16:48.652,12.64732,12.64978,0.00,0.00
2017.08.09 03:16:49.260,12.64731,12.64979,0.00,0.00
2017.08.09 03:16:50.477,12.64732,12.64978,0.00,0.00
2017.08.09 03:16:52.174,12.64731,12.64979,0.00,0.00
2017.08.09 03:16:53.724,12.64732,12.64978,0.00,0.00
2017.08.09 03:16:54.265,12.64731,12.64979,0.00,0.00
2017.08.09 03:17:00.074,12.64732,12.64978,0.00,0.00
2017.08.09 03:17:01.526,12.64731,12.64979,0.00,0.00
2017.08.09 03:17:02.459,12.64732,12.64978,0.00,0.00
2017.08.09 03:17:03.128,12.64731,12.64979,0.00,0.00
2017.08.09 03:17:07.786,12.64732,12.64978,0.00,0.00
2017.08.09 03:17:08.725,12.64731,12.64979,0.00,0.00
2017.08.09 03:17:09.864,12.64831,12.65011,0.00,0.00
2017.08.09 03:17:09.965,12.64831,12.65042,0.00,0.00
2017.08.09 03:17:10.067,12.64831,12.65062,0.00,0.00
2017.08.09 03:17:10.118,12.64831,12.65069,0.00,0.00
2017.08.09 03:17:13.722,12.64831,12.65032,0.00,0.00
2017.08.09 03:17:14.122,12.64831,12.65069,0.00,0.00
2017.08.09 03:17:15.724,12.64832,12.65068,0.00,0.00
2017.08.09 03:17:18.754,12.64831,12.65069,0.00,0.00
2017.08.09 03:17:21.641,12.64831,12.65022,0.00,0.00
2017.08.09 03:17:23.596,12.64832,12.65022,0.00,0.00
2017.08.09 03:17:24.135,12.64832,12.65068,0.00,0.00
2017.08.09 03:17:27.426,12.64831,12.65069,0.00,0.00
2017.08.09 03:17:27.579,12.64831,12.65021,0.00,0.00
2017.08.09 03:17:27.781,12.64831,12.65069,0.00,0.00
2017.08.09 03:17:30.944,12.64831,12.65022,0.00,0.00
2017.08.09 03:17:34.148,12.64831,12.65069,0.00,0.00
2017.08.09 03:17:34.664,12.64832,12.65068,0.00,0.00
2017.08.09 03:17:36.340,12.64831,12.65069,0.00,0.00
2017.08.09 03:17:38.404,12.64832,12.65078,0.00,0.00
2017.08.09 03:17:38.801,12.64832,12.65022,0.00,0.00
2017.08.09 03:17:39.860,12.64831,12.65022,0.00,0.00
2017.08.09 03:17:39.911,12.64831,12.65041,0.00,0.00
2017.08.09 03:17:40.012,12.64832,12.65078,0.00,0.00
2017.08.09 03:17:40.301,12.64832,12.65072,0.00,0.00
2017.08.09 03:17:41.567,12.64831,12.65072,0.00,0.00
2017.08.09 03:17:41.770,12.64832,12.65078,0.00,0.00
2017.08.09 03:17:42.281,12.64832,12.65072,0.00,0.00
2017.08.09 03:17:43.964,12.64831,12.65072,0.00,0.00
2017.08.09 03:17:44.015,12.64831,12.65079,0.00,0.00
2017.08.09 03:17:47.088,12.64832,12.65078,0.00,0.00
2017.08.09 03:17:47.175,12.64832,12.65071,0.00,0.00
2017.08.09 03:17:47.276,12.64831,12.65079,0.00,0.00
2017.08.09 03:17:47.377,12.64831,12.65022,0.00,0.00
2017.08.09 03:17:48.778,12.64831,12.65031,0.00,0.00
2017.08.09 03:17:50.862,12.64832,12.65031,0.00,0.00
2017.08.09 03:17:51.082,12.64832,12.65052,0.00,0.00
2017.08.09 03:17:54.087,12.64832,12.65078,0.00,0.00
2017.08.09 03:17:55.074,12.64831,12.65079,0.00,0.00
2017.08.09 03:17:57.892,12.64832,12.65078,0.00,0.00
2017.08.09 03:18:00.107,12.64831,12.65079,0.00,0.00
2017.08.09 03:18:00.517,12.64921,12.65079,0.00,0.00
2017.08.09 03:18:00.568,12.64921,12.65111,0.00,0.00
2017.08.09 03:18:00.669,12.64931,12.65111,0.00,0.00
2017.08.09 03:18:00.720,12.64932,12.65178,0.00,0.00
2017.08.09 03:18:00.897,12.64932,12.65152,0.00,0.00
2017.08.09 03:18:00.996,12.64932,12.65178,0.00,0.00
2017.08.09 03:18:01.914,12.64931,12.65179,0.00,0.00
2017.08.09 03:18:02.499,12.64932,12.65178,0.00,0.00
2017.08.09 03:18:04.555,12.64931,12.65179,0.00,0.00
2017.08.09 03:18:06.397,12.64932,12.65178,0.00,0.00
2017.08.09 03:18:07.058,12.64931,12.65179,0.00,0.00
2017.08.09 03:18:10.764,12.64932,12.65178,0.00,0.00
2017.08.09 03:18:10.916,12.64931,12.65142,0.00,0.00
2017.08.09 03:18:11.214,12.64932,12.65178,0.00,0.00
2017.08.09 03:18:11.965,12.64931,12.65179,0.00,0.00
2017.08.09 03:18:18.433,12.64932,12.65178,0.00,0.00
2017.08.09 03:18:19.447,12.64931,12.65179,0.00,0.00
2017.08.09 03:18:20.134,12.64932,12.65178,0.00,0.00
2017.08.09 03:18:21.114,12.64931,12.65179,0.00,0.00
2017.08.09 03:18:21.895,12.64932,12.65178,0.00,0.00
2017.08.09 03:18:22.675,12.64931,12.65179,0.00,0.00
2017.08.09 03:18:34.054,12.64932,12.65178,0.00,0.00
2017.08.09 03:18:36.264,12.64931,12.65179,0.00,0.00
2017.08.09 03:18:44.037,12.64932,12.65178,0.00,0.00
2017.08.09 03:18:44.789,12.64931,12.65179,0.00,0.00
2017.08.09 03:18:48.040,12.64932,12.65178,0.00,0.00
2017.08.09 03:18:48.624,12.64931,12.65179,0.00,0.00
2017.08.09 03:18:48.776,12.64938,12.65178,0.00,0.00
2017.08.09 03:18:49.404,12.64938,12.65179,0.00,0.00
2017.08.09 03:18:50.045,12.64939,12.65179,0.00,0.00
2017.08.09 03:18:50.374,12.64931,12.65179,0.00,0.00
2017.08.09 03:18:52.457,12.64932,12.65178,0.00,0.00
2017.08.09 03:18:53.604,12.64931,12.65179,0.00,0.00
2017.08.09 03:18:56.174,12.64932,12.65178,0.00,0.00
2017.08.09 03:18:56.715,12.64939,12.65179,0.00,0.00
2017.08.09 03:18:57.733,12.64939,12.65178,0.00,0.00
2017.08.09 03:18:57.787,12.64932,12.65178,0.00,0.00
2017.08.09 03:18:58.356,12.64931,12.65179,0.00,0.00
2017.08.09 03:18:59.188,12.64932,12.65178,0.00,0.00
2017.08.09 03:19:00.011,12.64931,12.65179,0.00,0.00
2017.08.09 03:19:01.133,12.64932,12.65178,0.00,0.00
2017.08.09 03:19:01.506,12.64938,12.65179,0.00,0.00
2017.08.09 03:19:02.306,12.64938,12.65178,0.00,0.00
2017.08.09 03:19:02.494,12.64931,12.65179,0.00,0.00
2017.08.09 03:19:04.475,12.64932,12.65178,0.00,0.00
2017.08.09 03:19:05.024,12.64931,12.65179,0.00,0.00
2017.08.09 03:19:06.109,12.64932,12.65178,0.00,0.00
2017.08.09 03:19:06.674,12.64931,12.65179,0.00,0.00
2017.08.09 03:19:09.510,12.64931,12.65142,0.00,0.00
2017.08.09 03:19:09.960,12.64938,12.65178,0.00,0.00
2017.08.09 03:19:10.472,12.64938,12.65222,0.00,0.00
2017.08.09 03:19:10.624,12.64938,12.65178,0.00,0.00
2017.08.09 03:19:11.513,12.64932,12.65178,0.00,0.00
2017.08.09 03:19:15.028,12.64931,12.65179,0.00,0.00
2017.08.09 03:19:15.640,12.64932,12.65178,0.00,0.00
2017.08.09 03:19:16.212,12.64908,12.65091,0.00,0.00
2017.08.09 03:19:16.263,12.64839,12.65091,0.00,0.00
2017.08.09 03:19:16.364,12.64832,12.65061,0.00,0.00
2017.08.09 03:19:16.465,12.64832,12.65091,0.00,0.00
2017.08.09 03:19:16.523,12.64838,12.65091,0.00,0.00
2017.08.09 03:19:17.429,12.64831,12.65091,0.00,0.00
2017.08.09 03:19:17.827,12.64849,12.65091,0.00,0.00
2017.08.09 03:19:17.929,12.64832,12.65091,0.00,0.00
2017.08.09 03:19:18.281,12.64828,12.65091,0.00,0.00
2017.08.09 03:19:18.382,12.64831,12.65091,0.00,0.00
2017.08.09 03:19:18.901,12.64832,12.65091,0.00,0.00
2017.08.09 03:19:19.428,12.64831,12.65091,0.00,0.00
2017.08.09 03:19:20.120,12.64832,12.65091,0.00,0.00
2017.08.09 03:19:21.924,12.64831,12.65091,0.00,0.00
2017.08.09 03:19:22.284,12.64832,12.65052,0.00,0.00
2017.08.09 03:19:22.690,12.64779,12.65029,0.00,0.00
2017.08.09 03:19:22.740,12.64779,12.64979,0.00,0.00
2017.08.09 03:19:22.841,12.64741,12.64979,0.00,0.00
2017.08.09 03:19:23.180,12.64748,12.64979,0.00,0.00
2017.08.09 03:19:23.344,12.64742,12.64978,0.00,0.00
2017.08.09 03:19:24.394,12.64741,12.64979,0.00,0.00
2017.08.09 03:19:24.445,12.64749,12.64978,0.00,0.00
2017.08.09 03:19:24.546,12.64742,12.64978,0.00,0.00
2017.08.09 03:19:24.670,12.64748,12.64978,0.00,0.00
2017.08.09 03:19:25.309,12.64748,12.64979,0.00,0.00
2017.08.09 03:19:26.254,12.64748,12.64978,0.00,0.00
2017.08.09 03:19:26.960,12.64749,12.64978,0.00,0.00
2017.08.09 03:19:27.143,12.64741,12.64979,0.00,0.00
2017.08.09 03:19:28.332,12.64759,12.65001,0.00,0.00
2017.08.09 03:19:28.383,12.64759,12.65029,0.00,0.00
2017.08.09 03:19:30.537,12.64759,12.65028,0.00,0.00
2017.08.09 03:19:31.287,12.64759,12.65029,0.00,0.00
2017.08.09 03:19:31.389,12.64759,12.65012,0.00,0.00
2017.08.09 03:19:31.550,12.64759,12.65022,0.00,0.00
2017.08.09 03:19:31.850,12.64759,12.65029,0.00,0.00
2017.08.09 03:19:34.837,12.64759,12.65028,0.00,0.00
2017.08.09 03:19:34.888,12.64759,12.65022,0.00,0.00
2017.08.09 03:19:35.191,12.64759,12.65028,0.00,0.00
2017.08.09 03:19:38.978,12.64768,12.65028,0.00,0.00
2017.08.09 03:19:39.542,12.64768,12.65029,0.00,0.00
2017.08.09 03:19:39.905,12.64759,12.65029,0.00,0.00
2017.08.09 03:19:42.044,12.64759,12.65028,0.00,0.00
2017.08.09 03:19:42.165,12.64759,12.65021,0.00,0.00
2017.08.09 03:19:43.066,12.64759,12.65029,0.00,0.00
2017.08.09 03:19:44.404,12.64768,12.65029,0.00,0.00
2017.08.09 03:19:44.869,12.64759,12.65022,0.00,0.00
2017.08.09 03:19:46.816,12.64759,12.65028,0.00,0.00
2017.08.09 03:19:47.720,12.64759,12.65029,0.00,0.00
2017.08.09 03:19:47.821,12.64759,12.65022,0.00,0.00
2017.08.09 03:19:50.827,12.64759,12.65028,0.00,0.00
2017.08.09 03:19:50.979,12.64759,12.65021,0.00,0.00
2017.08.09 03:19:53.132,12.64759,12.65028,0.00,0.00
2017.08.09 03:19:53.234,12.64769,12.65029,0.00,0.00
2017.08.09 03:19:54.184,12.64759,12.65029,0.00,0.00
2017.08.09 03:19:54.734,12.64759,12.65028,0.00,0.00
2017.08.09 03:19:55.466,12.64759,12.65029,0.00,0.00
2017.08.09 03:19:56.860,12.64759,12.65028,0.00,0.00
2017.08.09 03:19:57.011,12.64769,12.65029,0.00,0.00
2017.08.09 03:19:57.112,12.64759,12.65021,0.00,0.00
2017.08.09 03:19:57.213,12.64759,12.65011,0.00,0.00
2017.08.09 03:19:59.494,12.64759,12.65012,0.00,0.00
2017.08.09 03:20:00.326,12.64759,12.65022,0.00,0.00
2017.08.09 03:20:01.925,12.64759,12.65028,0.00,0.00
2017.08.09 03:20:02.527,12.64759,12.65029,0.00,0.00
2017.08.09 03:20:03.406,12.64759,12.65028,0.00,0.00
2017.08.09 03:20:05.054,12.64759,12.65029,0.00,0.00
2017.08.09 03:20:05.104,12.64759,12.65021,0.00,0.00
2017.08.09 03:20:05.433,12.64759,12.65012,0.00,0.00
2017.08.09 03:20:06.900,12.64759,12.65022,0.00,0.00
2017.08.09 03:20:10.624,12.64759,12.65029,0.00,0.00
2017.08.09 03:20:11.484,12.64759,12.65028,0.00,0.00
2017.08.09 03:20:11.612,12.64759,12.65012,0.00,0.00
2017.08.09 03:20:12.525,12.64759,12.65029,0.00,0.00
2017.08.09 03:20:12.614,12.64759,12.65012,0.00,0.00
2017.08.09 03:20:14.115,12.64759,12.65022,0.00,0.00
2017.08.09 03:20:15.336,12.64759,12.65012,0.00,0.00
2017.08.09 03:20:15.634,12.64759,12.65029,0.00,0.00
2017.08.09 03:20:15.718,12.64759,12.65012,0.00,0.00
2017.08.09 03:20:17.120,12.64759,12.65022,0.00,0.00
2017.08.09 03:20:19.244,12.64759,12.65029,0.00,0.00
2017.08.09 03:20:19.824,12.64759,12.65028,0.00,0.00
2017.08.09 03:20:20.633,12.64759,12.65029,0.00,0.00
2017.08.09 03:20:21.796,12.64759,12.65028,0.00,0.00
2017.08.09 03:20:22.334,12.64759,12.65029,0.00,0.00
2017.08.09 03:20:24.093,12.64759,12.65009,0.00,0.00
2017.08.09 03:20:24.144,12.64748,12.65002,0.00,0.00
2017.08.09 03:20:24.266,12.64739,12.65002,0.00,0.00
2017.08.09 03:20:28.886,12.64738,12.65002,0.00,0.00
2017.08.09 03:20:31.829,12.64738,12.64902,0.00,0.00
2017.08.09 03:20:31.880,12.64729,12.64902,0.00,0.00
2017.08.09 03:20:31.981,12.64631,12.64902,0.00,0.00
2017.08.09 03:20:32.183,12.64648,12.64902,0.00,0.00
2017.08.09 03:20:32.487,12.64748,12.64999,0.00,0.00
2017.08.09 03:20:33.096,12.64749,12.64999,0.00,0.00
2017.08.09 03:20:33.355,12.64749,12.65002,0.00,0.00
2017.08.09 03:20:33.457,12.64738,12.65002,0.00,0.00
2017.08.09 03:20:34.255,12.64748,12.65002,0.00,0.00
2017.08.09 03:20:36.074,12.64738,12.65002,0.00,0.00
2017.08.09 03:20:36.175,12.64731,12.65002,0.00,0.00
2017.08.09 03:20:36.356,12.64739,12.65002,0.00,0.00
2017.08.09 03:20:36.675,12.64749,12.65002,0.00,0.00
2017.08.09 03:20:37.198,12.64748,12.65002,0.00,0.00
2017.08.09 03:20:37.478,12.64738,12.65002,0.00,0.00
2017.08.09 03:20:37.580,12.64791,12.65009,0.00,0.00
2017.08.09 03:20:37.630,12.64791,12.65031,0.00,0.00
2017.08.09 03:20:37.681,12.64792,12.65052,0.00,0.00
2017.08.09 03:20:37.732,12.64788,12.65051,0.00,0.00
2017.08.09 03:20:37.783,12.64778,12.65051,0.00,0.00
2017.08.09 03:20:37.935,12.64809,12.65062,0.00,0.00
2017.08.09 03:20:38.113,12.64779,12.65041,0.00,0.00
2017.08.09 03:20:39.094,12.64779,12.65061,0.00,0.00
2017.08.09 03:20:39.764,12.64779,12.65042,0.00,0.00
2017.08.09 03:20:40.165,12.64779,12.65061,0.00,0.00
2017.08.09 03:20:41.168,12.64779,12.65051,0.00,0.00
2017.08.09 03:20:44.357,12.64832,12.65051,0.00,0.00
2017.08.09 03:20:44.408,12.64832,12.65062,0.00,0.00
2017.08.09 03:20:44.978,12.64831,12.65062,0.00,0.00
2017.08.09 03:20:45.105,12.64832,12.65071,0.00,0.00
2017.08.09 03:20:45.274,12.64839,12.65079,0.00,0.00
2017.08.09 03:20:45.878,12.64839,12.65078,0.00,0.00
2017.08.09 03:20:46.028,12.64832,12.65078,0.00,0.00
2017.08.09 03:20:46.079,12.64832,12.65042,0.00,0.00
2017.08.09 03:20:47.643,12.64831,12.65042,0.00,0.00
2017.08.09 03:20:47.694,12.64831,12.65051,0.00,0.00
2017.08.09 03:20:47.778,12.64831,12.65061,0.00,0.00
2017.08.09 03:20:49.279,12.64831,12.65071,0.00,0.00
2017.08.09 03:20:49.780,12.64832,12.65052,0.00,0.00
2017.08.09 03:20:50.281,12.64832,12.65071,0.00,0.00
2017.08.09 03:20:51.613,12.64831,12.65069,0.00,0.00
2017.08.09 03:20:52.033,12.64849,12.65078,0.00,0.00
2017.08.09 03:20:53.514,12.64849,12.65079,0.00,0.00
2017.08.09 03:20:54.189,12.64838,12.65079,0.00,0.00
2017.08.09 03:20:54.740,12.64838,12.65078,0.00,0.00
2017.08.09 03:20:56.163,12.64838,12.65079,0.00,0.00
2017.08.09 03:20:56.493,12.64828,12.65062,0.00,0.00
2017.08.09 03:20:57.225,12.64828,12.65079,0.00,0.00
2017.08.09 03:20:57.326,12.64828,12.65061,0.00,0.00
2017.08.09 03:20:58.212,12.64858,12.65099,0.00,0.00
2017.08.09 03:20:58.557,12.64858,12.65079,0.00,0.00
2017.08.09 03:20:59.032,12.64898,12.65119,0.00,0.00
2017.08.09 03:20:59.692,12.64898,12.65118,0.00,0.00
2017.08.09 03:21:00.011,12.64898,12.65092,0.00,0.00
2017.08.09 03:21:00.403,12.64898,12.65098,0.00,0.00
2017.08.09 03:21:00.502,12.64898,12.65052,0.00,0.00
2017.08.09 03:21:00.736,12.64898,12.65079,0.00,0.00
2017.08.09 03:21:01.342,12.64898,12.65078,0.00,0.00
2017.08.09 03:21:06.533,12.64898,12.65099,0.00,0.00
2017.08.09 03:21:06.744,12.64898,12.65092,0.00,0.00
2017.08.09 03:21:06.910,12.64898,12.65099,0.00,0.00
2017.08.09 03:21:07.357,12.64898,12.65079,0.00,0.00
2017.08.09 03:21:07.660,12.64898,12.65068,0.00,0.00
2017.08.09 03:21:08.273,12.64898,12.65051,0.00,0.00
2017.08.09 03:21:09.944,12.64898,12.65099,0.00,0.00
2017.08.09 03:21:10.621,12.64898,12.65098,0.00,0.00
2017.08.09 03:21:11.216,12.64898,12.65099,0.00,0.00
2017.08.09 03:21:12.533,12.64898,12.65098,0.00,0.00
2017.08.09 03:21:13.314,12.64898,12.65099,0.00,0.00
2017.08.09 03:21:17.222,12.64898,12.65112,0.00,0.00
2017.08.09 03:21:17.323,12.64898,12.65099,0.00,0.00
2017.08.09 03:21:18.612,12.64898,12.65112,0.00,0.00
2017.08.09 03:21:18.663,12.64898,12.65092,0.00,0.00
2017.08.09 03:21:18.764,12.64898,12.65118,0.00,0.00
2017.08.09 03:21:19.933,12.64898,12.65119,0.00,0.00
2017.08.09 03:21:21.524,12.64898,12.65118,0.00,0.00
2017.08.09 03:21:22.698,12.64898,12.65119,0.00,0.00
2017.08.09 03:21:23.309,12.64898,12.65118,0.00,0.00
2017.08.09 03:21:28.895,12.64898,12.65129,0.00,0.00
2017.08.09 03:21:29.580,12.64898,12.65128,0.00,0.00
2017.08.09 03:21:31.063,12.64898,12.65129,0.00,0.00
2017.08.09 03:21:31.281,12.64898,12.65121,0.00,0.00
2017.08.09 03:21:31.453,12.64898,12.65129,0.00,0.00
2017.08.09 03:21:31.884,12.64898,12.65122,0.00,0.00
2017.08.09 03:21:31.935,12.64858,12.65122,0.00,0.00
2017.08.09 03:21:32.219,12.64858,12.65128,0.00,0.00
2017.08.09 03:21:32.590,12.64858,12.65121,0.00,0.00
2017.08.09 03:21:36.773,12.64839,12.65042,0.00,0.00
2017.08.09 03:21:36.874,12.64859,12.65079,0.00,0.00
2017.08.09 03:21:36.925,12.64859,12.65098,0.00,0.00
2017.08.09 03:21:36.976,12.64859,12.65082,0.00,0.00
2017.08.09 03:21:37.077,12.64859,12.65099,0.00,0.00
2017.08.09 03:21:37.266,12.64859,12.65081,0.00,0.00
2017.08.09 03:21:37.366,12.64859,12.65092,0.00,0.00
2017.08.09 03:21:37.467,12.64859,12.65098,0.00,0.00
2017.08.09 03:21:37.753,12.64859,12.65119,0.00,0.00
2017.08.09 03:21:37.904,12.64869,12.65119,0.00,0.00
2017.08.09 03:21:39.033,12.64869,12.65118,0.00,0.00
2017.08.09 03:21:39.503,12.64859,12.65119,0.00,0.00
2017.08.09 03:21:39.604,12.64859,12.65082,0.00,0.00
2017.08.09 03:21:39.705,12.64859,12.65119,0.00,0.00
2017.08.09 03:21:40.477,12.64859,12.65118,0.00,0.00
2017.08.09 03:21:42.054,12.64859,12.65119,0.00,0.00
2017.08.09 03:21:42.176,12.64868,12.65119,0.00,0.00
2017.08.09 03:21:42.675,12.64859,12.65118,0.00,0.00
2017.08.09 03:21:43.446,12.64859,12.65119,0.00,0.00
2017.08.09 03:21:44.119,12.64859,12.65111,0.00,0.00
2017.08.09 03:21:45.980,12.64859,12.65119,0.00,0.00
2017.08.09 03:21:48.267,12.64859,12.65118,0.00,0.00
2017.08.09 03:21:49.161,12.64909,12.65119,0.00,0.00
2017.08.09 03:21:49.566,12.64909,12.65141,0.00,0.00
2017.08.09 03:21:49.626,12.64909,12.65119,0.00,0.00
2017.08.09 03:21:50.040,12.64909,12.65141,0.00,0.00
2017.08.09 03:21:50.197,12.64909,12.65118,0.00,0.00
2017.08.09 03:21:51.847,12.64868,12.65119,0.00,0.00
2017.08.09 03:21:52.002,12.64859,12.65119,0.00,0.00
2017.08.09 03:21:52.435,12.64959,12.65161,0.00,0.00
2017.08.09 03:21:52.537,12.64959,12.65191,0.00,0.00
2017.08.09 03:21:52.639,12.64959,12.65198,0.00,0.00
2017.08.09 03:21:53.339,12.64959,12.65199,0.00,0.00
2017.08.09 03:21:53.644,12.64959,12.65182,0.00,0.00
2017.08.09 03:21:54.202,12.64968,12.65199,0.00,0.00
2017.08.09 03:21:55.232,12.64968,12.65198,0.00,0.00
2017.08.09 03:21:55.824,12.64959,12.65179,0.00,0.00
2017.08.09 03:21:56.145,12.64959,12.65171,0.00,0.00
2017.08.09 03:21:58.115,12.64959,12.65178,0.00,0.00
2017.08.09 03:21:58.708,12.64959,12.65172,0.00,0.00
2017.08.09 03:22:00.153,12.64959,12.65178,0.00,0.00
2017.08.09 03:22:01.275,12.64959,12.65179,0.00,0.00
2017.08.09 03:22:01.810,12.64959,12.65178,0.00,0.00
2017.08.09 03:22:02.154,12.64959,12.65171,0.00,0.00
2017.08.09 03:22:02.212,12.64959,12.65179,0.00,0.00
2017.08.09 03:22:02.576,12.64959,12.65169,0.00,0.00
2017.08.09 03:22:03.130,12.64959,12.65168,0.00,0.00
2017.08.09 03:22:04.338,12.64959,12.65231,0.00,0.00
2017.08.09 03:22:05.063,12.64959,12.65178,0.00,0.00
2017.08.09 03:22:05.712,12.64959,12.65191,0.00,0.00
2017.08.09 03:22:05.864,12.64959,12.65199,0.00,0.00
2017.08.09 03:22:06.337,12.64959,12.65179,0.00,0.00
2017.08.09 03:22:06.761,12.64968,12.65178,0.00,0.00
2017.08.09 03:22:06.919,12.64959,12.65178,0.00,0.00
2017.08.09 03:22:10.583,12.64959,12.65179,0.00,0.00
2017.08.09 03:22:14.399,12.64959,12.65178,0.00,0.00
2017.08.09 03:22:14.897,12.64939,12.65148,0.00,0.00
2017.08.09 03:22:15.049,12.64869,12.65141,0.00,0.00
2017.08.09 03:22:15.448,12.64878,12.65141,0.00,0.00
2017.08.09 03:22:16.495,12.64892,12.65141,0.00,0.00
2017.08.09 03:22:16.953,12.64958,12.65198,0.00,0.00
2017.08.09 03:22:17.378,12.64958,12.65181,0.00,0.00
2017.08.09 03:22:18.032,12.64958,12.65191,0.00,0.00
2017.08.09 03:22:18.233,12.64958,12.65181,0.00,0.00
2017.08.09 03:22:18.751,12.64958,12.65191,0.00,0.00
2017.08.09 03:22:21.337,12.64958,12.65199,0.00,0.00
2017.08.09 03:22:22.137,12.64958,12.65191,0.00,0.00
2017.08.09 03:22:24.140,12.64968,12.65199,0.00,0.00
2017.08.09 03:22:28.524,12.64968,12.65198,0.00,0.00
2017.08.09 03:22:28.575,12.64958,12.65198,0.00,0.00
2017.08.09 03:22:28.676,12.64969,12.65198,0.00,0.00
2017.08.09 03:22:31.150,12.64959,12.65198,0.00,0.00
2017.08.09 03:22:31.500,12.64959,12.65169,0.00,0.00
2017.08.09 03:22:32.009,12.64958,12.65168,0.00,0.00
2017.08.09 03:22:32.765,12.64932,12.65141,0.00,0.00
2017.08.09 03:22:32.816,12.64898,12.65129,0.00,0.00
2017.08.09 03:22:32.917,12.64879,12.65128,0.00,0.00
2017.08.09 03:22:33.018,12.64859,12.65129,0.00,0.00
2017.08.09 03:22:33.946,12.64859,12.65128,0.00,0.00
2017.08.09 03:22:34.293,12.64879,12.65129,0.00,0.00
2017.08.09 03:22:34.395,12.64859,12.65128,0.00,0.00
2017.08.09 03:22:34.456,12.64859,12.65082,0.00,0.00
2017.08.09 03:22:37.161,12.64859,12.65101,0.00,0.00
2017.08.09 03:22:37.301,12.64859,12.65091,0.00,0.00
2017.08.09 03:22:37.402,12.64859,12.65101,0.00,0.00
2017.08.09 03:22:37.768,12.64878,12.65128,0.00,0.00
2017.08.09 03:22:37.963,12.64868,12.65128,0.00,0.00
2017.08.09 03:22:40.343,12.64868,12.65129,0.00,0.00
2017.08.09 03:22:41.282,12.64868,12.65128,0.00,0.00
2017.08.09 03:22:41.403,12.64859,12.65128,0.00,0.00
2017.08.09 03:22:43.172,12.64869,12.65128,0.00,0.00
2017.08.09 03:22:43.690,12.64859,12.65091,0.00,0.00
2017.08.09 03:22:44.173,12.64878,12.65129,0.00,0.00
2017.08.09 03:22:47.585,12.64859,12.65129,0.00,0.00
2017.08.09 03:22:47.686,12.64868,12.65129,0.00,0.00
2017.08.09 03:22:47.881,12.64859,12.65129,0.00,0.00
2017.08.09 03:22:48.646,12.64859,12.65128,0.00,0.00
2017.08.09 03:22:51.989,12.64859,12.65129,0.00,0.00
2017.08.09 03:22:52.039,12.64859,12.65091,0.00,0.00
2017.08.09 03:22:52.709,12.64868,12.65129,0.00,0.00
2017.08.09 03:22:54.193,12.64859,12.65129,0.00,0.00
2017.08.09 03:22:55.631,12.64859,12.65092,0.00,0.00
2017.08.09 03:22:56.235,12.64878,12.65129,0.00,0.00
2017.08.09 03:22:56.897,12.64869,12.65129,0.00,0.00
2017.08.09 03:22:58.667,12.64869,12.65128,0.00,0.00
2017.08.09 03:22:59.232,12.64868,12.65129,0.00,0.00
2017.08.09 03:22:59.717,12.64859,12.65128,0.00,0.00
2017.08.09 03:23:03.244,12.64859,12.65092,0.00,0.00
2017.08.09 03:23:04.108,12.64878,12.65128,0.00,0.00
2017.08.09 03:23:04.964,12.64878,12.65129,0.00,0.00
2017.08.09 03:23:05.109,12.64868,12.65129,0.00,0.00
2017.08.09 03:23:05.316,12.64859,12.65128,0.00,0.00
2017.08.09 03:23:06.912,12.64879,12.65128,0.00,0.00
2017.08.09 03:23:07.012,12.64869,12.65128,0.00,0.00
2017.08.09 03:23:07.534,12.64869,12.65129,0.00,0.00
2017.08.09 03:23:07.637,12.64878,12.65129,0.00,0.00
2017.08.09 03:23:08.614,12.64868,12.65129,0.00,0.00
2017.08.09 03:23:09.845,12.64868,12.65128,0.00,0.00
2017.08.09 03:23:09.916,12.64878,12.65128,0.00,0.00
2017.08.09 03:23:10.456,12.64879,12.65129,0.00,0.00
2017.08.09 03:23:10.658,12.64868,12.65129,0.00,0.00
2017.08.09 03:23:11.369,12.64868,12.65128,0.00,0.00
2017.08.09 03:23:11.767,12.64878,12.65128,0.00,0.00
2017.08.09 03:23:11.928,12.64859,12.65128,0.00,0.00
2017.08.09 03:23:12.029,12.64868,12.65129,0.00,0.00
2017.08.09 03:23:12.436,12.64878,12.65129,0.00,0.00
2017.08.09 03:23:12.487,12.64878,12.65141,0.00,0.00
2017.08.09 03:23:12.538,12.64878,12.65128,0.00,0.00
2017.08.09 03:23:12.639,12.64868,12.65129,0.00,0.00
2017.08.09 03:23:13.426,12.64868,12.65128,0.00,0.00
2017.08.09 03:23:16.779,12.64868,12.65129,0.00,0.00
2017.08.09 03:23:16.928,12.64859,12.65129,0.00,0.00
2017.08.09 03:23:17.128,12.64879,12.65129,0.00,0.00
2017.08.09 03:23:17.629,12.64859,12.65129,0.00,0.00
2017.08.09 03:23:18.731,12.64879,12.65129,0.00,0.00
2017.08.09 03:23:19.232,12.64859,12.65128,0.00,0.00
2017.08.09 03:23:20.837,12.64859,12.65129,0.00,0.00
2017.08.09 03:23:20.938,12.64879,12.65129,0.00,0.00
2017.08.09 03:23:21.236,12.64859,12.65129,0.00,0.00
2017.08.09 03:23:22.173,12.64859,12.65131,0.00,0.00
2017.08.09 03:23:22.863,12.64859,12.65129,0.00,0.00
2017.08.09 03:23:23.339,12.64868,12.65128,0.00,0.00
2017.08.09 03:23:24.364,12.64868,12.65129,0.00,0.00
2017.08.09 03:23:28.851,12.64859,12.65129,0.00,0.00
2017.08.09 03:23:32.887,12.64858,12.65129,0.00,0.00
2017.08.09 03:23:32.958,12.64869,12.65129,0.00,0.00
2017.08.09 03:23:33.260,12.64848,12.65129,0.00,0.00
2017.08.09 03:23:33.784,12.64848,12.65128,0.00,0.00
2017.08.09 03:23:33.862,12.64868,12.65128,0.00,0.00
2017.08.09 03:23:34.061,12.64848,12.65128,0.00,0.00
2017.08.09 03:23:34.162,12.64859,12.65128,0.00,0.00
2017.08.09 03:23:35.153,12.64859,12.65129,0.00,0.00
2017.08.09 03:23:35.264,12.64848,12.65129,0.00,0.00
2017.08.09 03:23:36.371,12.64858,12.65129,0.00,0.00
2017.08.09 03:23:36.702,12.64848,12.65129,0.00,0.00
2017.08.09 03:23:36.866,12.64868,12.65128,0.00,0.00
2017.08.09 03:23:37.513,12.64868,12.65129,0.00,0.00
2017.08.09 03:23:37.614,12.64858,12.65128,0.00,0.00
2017.08.09 03:23:37.715,12.64848,12.65128,0.00,0.00
2017.08.09 03:23:38.270,12.64858,12.65128,0.00,0.00
2017.08.09 03:23:38.776,12.64831,12.65092,0.00,0.00
2017.08.09 03:23:40.235,12.64832,12.65092,0.00,0.00
2017.08.09 03:23:40.285,12.64839,12.65121,0.00,0.00
2017.08.09 03:23:40.373,12.64878,12.65128,0.00,0.00
2017.08.09 03:23:40.575,12.64858,12.65128,0.00,0.00
2017.08.09 03:23:42.878,12.64869,12.65128,0.00,0.00
2017.08.09 03:23:45.824,12.64869,12.65129,0.00,0.00
2017.08.09 03:23:46.983,12.64868,12.65129,0.00,0.00
2017.08.09 03:23:48.085,12.64858,12.65129,0.00,0.00
2017.08.09 03:23:49.961,12.64848,12.65129,0.00,0.00
2017.08.09 03:23:50.012,12.64868,12.65129,0.00,0.00
2017.08.09 03:23:52.216,12.64859,12.65128,0.00,0.00
2017.08.09 03:23:52.288,12.64848,12.65128,0.00,0.00
2017.08.09 03:23:54.196,12.64858,12.65128,0.00,0.00
2017.08.09 03:23:56.062,12.64858,12.65129,0.00,0.00
2017.08.09 03:23:56.837,12.64858,12.65128,0.00,0.00
2017.08.09 03:23:58.364,12.64858,12.65129,0.00,0.00
2017.08.09 03:23:58.768,12.64832,12.65092,0.00,0.00
2017.08.09 03:23:59.134,12.64878,12.65129,0.00,0.00
2017.08.09 03:23:59.298,12.64848,12.65129,0.00,0.00
2017.08.09 03:23:59.698,12.64879,12.65129,0.00,0.00
2017.08.09 03:23:59.999,12.64888,12.65129,0.00,0.00
2017.08.09 03:24:00.100,12.64858,12.65129,0.00,0.00
2017.08.09 03:24:00.397,12.64858,12.65099,0.00,0.00
2017.08.09 03:24:00.448,12.64849,12.65098,0.00,0.00
2017.08.09 03:24:00.548,12.64831,12.65081,0.00,0.00
2017.08.09 03:24:00.810,12.64831,12.65099,0.00,0.00
2017.08.09 03:24:00.861,12.64818,12.65029,0.00,0.00
2017.08.09 03:24:00.912,12.64809,12.65028,0.00,0.00
2017.08.09 03:24:01.014,12.64758,12.65029,0.00,0.00
2017.08.09 03:24:01.235,12.64758,12.64992,0.00,0.00
2017.08.09 03:24:01.506,12.64768,12.65028,0.00,0.00
2017.08.09 03:24:01.917,12.64758,12.65029,0.00,0.00
2017.08.09 03:24:02.008,12.64769,12.65029,0.00,0.00
2017.08.09 03:24:02.108,12.64758,12.65029,0.00,0.00
2017.08.09 03:24:02.708,12.64758,12.65028,0.00,0.00
2017.08.09 03:24:02.758,12.64768,12.65029,0.00,0.00
2017.08.09 03:24:02.810,12.64758,12.65022,0.00,0.00
2017.08.09 03:24:03.224,12.64768,12.65028,0.00,0.00
2017.08.09 03:24:04.033,12.64768,12.65029,0.00,0.00
2017.08.09 03:24:04.135,12.64758,12.65029,0.00,0.00
2017.08.09 03:24:04.533,12.64778,12.65029,0.00,0.00
2017.08.09 03:24:04.831,12.64758,12.65029,0.00,0.00
2017.08.09 03:24:05.018,12.64788,12.65029,0.00,0.00
2017.08.09 03:24:05.364,12.64788,12.65042,0.00,0.00
2017.08.09 03:24:05.465,12.64758,12.65042,0.00,0.00
2017.08.09 03:24:05.566,12.64758,12.65029,0.00,0.00
2017.08.09 03:24:05.919,12.64778,12.65042,0.00,0.00
2017.08.09 03:24:05.970,12.64758,12.65031,0.00,0.00
2017.08.09 03:24:06.071,12.64789,12.65042,0.00,0.00
2017.08.09 03:24:06.466,12.64799,12.65042,0.00,0.00
2017.08.09 03:24:07.733,12.64808,12.65069,0.00,0.00
2017.08.09 03:24:09.753,12.64808,12.65068,0.00,0.00
2017.08.09 03:24:09.854,12.64808,12.65062,0.00,0.00
2017.08.09 03:24:12.352,12.64808,12.65069,0.00,0.00
2017.08.09 03:24:12.403,12.64789,12.65029,0.00,0.00
2017.08.09 03:24:12.454,12.64779,12.65029,0.00,0.00
2017.08.09 03:24:12.556,12.64769,12.65029,0.00,0.00
2017.08.09 03:24:13.035,12.64779,12.65028,0.00,0.00
2017.08.09 03:24:14.754,12.64779,12.65029,0.00,0.00
2017.08.09 03:24:14.939,12.64769,12.65029,0.00,0.00
2017.08.09 03:24:16.313,12.64769,12.65028,0.00,0.00
2017.08.09 03:24:16.464,12.64789,12.65029,0.00,0.00
2017.08.09 03:24:16.541,12.64759,12.65029,0.00,0.00
2017.08.09 03:24:16.741,12.64789,12.65028,0.00,0.00
2017.08.09 03:24:17.259,12.64789,12.65029,0.00,0.00
2017.08.09 03:24:17.383,12.64768,12.65029,0.00,0.00
2017.08.09 03:24:17.442,12.64788,12.65029,0.00,0.00
2017.08.09 03:24:17.587,12.64758,12.65029,0.00,0.00
2017.08.09 03:24:19.063,12.64758,12.65028,0.00,0.00
2017.08.09 03:24:19.329,12.64779,12.65029,0.00,0.00
2017.08.09 03:24:19.845,12.64759,12.65028,0.00,0.00
2017.08.09 03:24:22.554,12.64759,12.65029,0.00,0.00
2017.08.09 03:24:22.655,12.64758,12.65022,0.00,0.00
2017.08.09 03:24:23.495,12.64758,12.65029,0.00,0.00
2017.08.09 03:24:23.672,12.64758,12.65022,0.00,0.00
2017.08.09 03:24:24.059,12.64768,12.65029,0.00,0.00
2017.08.09 03:24:24.796,12.64758,12.65029,0.00,0.00
2017.08.09 03:24:25.244,12.64758,12.64998,0.00,0.00
2017.08.09 03:24:25.753,12.64758,12.64999,0.00,0.00
2017.08.09 03:24:26.184,12.64768,12.64998,0.00,0.00
2017.08.09 03:24:26.306,12.64758,12.64998,0.00,0.00
2017.08.09 03:24:26.407,12.64758,12.64972,0.00,0.00
2017.08.09 03:24:27.479,12.64758,12.64992,0.00,0.00
2017.08.09 03:24:30.586,12.64768,12.64998,0.00,0.00
2017.08.09 03:24:31.138,12.64758,12.64972,0.00,0.00
2017.08.09 03:24:31.494,12.64758,12.64982,0.00,0.00
2017.08.09 03:24:31.595,12.64758,12.64998,0.00,0.00
2017.08.09 03:24:32.183,12.64758,12.64999,0.00,0.00
2017.08.09 03:24:32.964,12.64758,12.64998,0.00,0.00
2017.08.09 03:24:33.136,12.64728,12.64928,0.00,0.00
2017.08.09 03:24:33.294,12.64659,12.64928,0.00,0.00
2017.08.09 03:24:33.345,12.64658,12.64879,0.00,0.00
2017.08.09 03:24:33.396,12.64658,12.64898,0.00,0.00
2017.08.09 03:24:33.499,12.64668,12.64899,0.00,0.00
2017.08.09 03:24:34.095,12.64668,12.64928,0.00,0.00
2017.08.09 03:24:34.146,12.64659,12.64928,0.00,0.00
2017.08.09 03:24:34.247,12.64668,12.64928,0.00,0.00
2017.08.09 03:24:34.600,12.64658,12.64922,0.00,0.00
2017.08.09 03:24:34.701,12.64659,12.64929,0.00,0.00
2017.08.09 03:24:35.814,12.64658,12.64921,0.00,0.00
2017.08.09 03:24:36.839,12.64669,12.64929,0.00,0.00
2017.08.09 03:24:37.161,12.64669,12.64899,0.00,0.00
2017.08.09 03:24:37.212,12.64658,12.64898,0.00,0.00
2017.08.09 03:24:37.313,12.64658,12.64929,0.00,0.00
2017.08.09 03:24:38.304,12.64658,12.64922,0.00,0.00
2017.08.09 03:24:39.005,12.64668,12.64929,0.00,0.00
2017.08.09 03:24:39.555,12.64668,12.64928,0.00,0.00
2017.08.09 03:24:39.815,12.64658,12.64929,0.00,0.00
2017.08.09 03:24:39.952,12.64679,12.64929,0.00,0.00
2017.08.09 03:24:40.003,12.64679,12.64942,0.00,0.00
2017.08.09 03:24:40.053,12.64679,12.64929,0.00,0.00
2017.08.09 03:24:40.155,12.64658,12.64929,0.00,0.00
2017.08.09 03:24:40.256,12.64669,12.64929,0.00,0.00
2017.08.09 03:24:40.437,12.64659,12.64929,0.00,0.00
2017.08.09 03:24:42.145,12.64659,12.64928,0.00,0.00
2017.08.09 03:24:42.247,12.64669,12.64928,0.00,0.00
2017.08.09 03:24:42.511,12.64658,12.64929,0.00,0.00
2017.08.09 03:24:43.305,12.64658,12.64928,0.00,0.00
2017.08.09 03:24:43.456,12.64658,12.64921,0.00,0.00
2017.08.09 03:24:43.712,12.64658,12.64929,0.00,0.00
2017.08.09 03:24:44.048,12.64668,12.64929,0.00,0.00
2017.08.09 03:24:44.451,12.64658,12.64928,0.00,0.00
2017.08.09 03:24:44.614,12.64679,12.64929,0.00,0.00
2017.08.09 03:24:44.944,12.64658,12.64929,0.00,0.00
2017.08.09 03:24:45.416,12.64679,12.64929,0.00,0.00
2017.08.09 03:24:45.931,12.64679,12.64928,0.00,0.00
2017.08.09 03:24:47.157,12.64659,12.64928,0.00,0.00
2017.08.09 03:24:47.679,12.64658,12.64928,0.00,0.00
2017.08.09 03:24:47.729,12.64678,12.64928,0.00,0.00
2017.08.09 03:24:47.780,12.64678,12.64942,0.00,0.00
2017.08.09 03:24:47.831,12.64731,12.64969,0.00,0.00
2017.08.09 03:24:48.136,12.64769,12.64979,0.00,0.00
2017.08.09 03:24:48.338,12.64758,12.64979,0.00,0.00
2017.08.09 03:24:51.273,12.64758,12.64991,0.00,0.00
2017.08.09 03:24:51.343,12.64758,12.64978,0.00,0.00
2017.08.09 03:24:53.135,12.64758,12.64968,0.00,0.00
2017.08.09 03:24:53.511,12.64708,12.64928,0.00,0.00
2017.08.09 03:24:53.562,12.64731,12.64959,0.00,0.00
2017.08.09 03:24:53.613,12.64759,12.64969,0.00,0.00
2017.08.09 03:24:53.806,12.64681,12.64929,0.00,0.00
2017.08.09 03:24:53.857,12.64668,12.64942,0.00,0.00
2017.08.09 03:24:54.132,12.64688,12.64942,0.00,0.00
2017.08.09 03:24:54.435,12.64708,12.64969,0.00,0.00
2017.08.09 03:24:54.537,12.64708,12.64961,0.00,0.00
2017.08.09 03:24:54.734,12.64708,12.64969,0.00,0.00
2017.08.09 03:24:55.441,12.64708,12.64952,0.00,0.00
2017.08.09 03:24:55.788,12.64668,12.64929,0.00,0.00
2017.08.09 03:24:56.076,12.64668,12.64942,0.00,0.00
2017.08.09 03:24:56.177,12.64678,12.64942,0.00,0.00
2017.08.09 03:24:56.481,12.64758,12.64968,0.00,0.00
2017.08.09 03:24:56.788,12.64709,12.64968,0.00,0.00
2017.08.09 03:24:56.839,12.64709,12.64962,0.00,0.00
2017.08.09 03:24:56.973,12.64678,12.64941,0.00,0.00
2017.08.09 03:24:57.074,12.64668,12.64941,0.00,0.00
2017.08.09 03:24:57.538,12.64678,12.64941,0.00,0.00
2017.08.09 03:24:58.356,12.64678,12.64899,0.00,0.00
2017.08.09 03:24:58.407,12.64678,12.64929,0.00,0.00
2017.08.09 03:24:58.508,12.64659,12.64929,0.00,0.00
2017.08.09 03:24:58.745,12.64688,12.64929,0.00,0.00
2017.08.09 03:24:58.846,12.64678,12.64928,0.00,0.00
2017.08.09 03:24:59.340,12.64659,12.64929,0.00,0.00
2017.08.09 03:25:00.183,12.64678,12.64929,0.00,0.00
2017.08.09 03:25:00.784,12.64668,12.64929,0.00,0.00
2017.08.09 03:25:00.886,12.64659,12.64928,0.00,0.00
2017.08.09 03:25:01.429,12.64659,12.64929,0.00,0.00
2017.08.09 03:25:02.177,12.64659,12.64928,0.00,0.00
2017.08.09 03:25:02.279,12.64668,12.64929,0.00,0.00
2017.08.09 03:25:02.582,12.64689,12.64929,0.00,0.00
2017.08.09 03:25:03.248,12.64668,12.64929,0.00,0.00
2017.08.09 03:25:03.997,12.64668,12.64941,0.00,0.00
2017.08.09 03:25:04.098,12.64679,12.64941,0.00,0.00
2017.08.09 03:25:04.419,12.64689,12.64941,0.00,0.00
2017.08.09 03:25:05.298,12.64732,12.64962,0.00,0.00
2017.08.09 03:25:05.610,12.64759,12.64969,0.00,0.00
2017.08.09 03:25:05.788,12.64708,12.64969,0.00,0.00
2017.08.09 03:25:05.889,12.64708,12.64962,0.00,0.00
2017.08.09 03:25:08.856,12.64708,12.64968,0.00,0.00
2017.08.09 03:25:10.644,12.64708,12.64969,0.00,0.00
2017.08.09 03:25:12.273,12.64758,12.64969,0.00,0.00
2017.08.09 03:25:12.773,12.64708,12.64962,0.00,0.00
2017.08.09 03:25:14.976,12.64698,12.64929,0.00,0.00
2017.08.09 03:25:15.078,12.64669,12.64928,0.00,0.00
2017.08.09 03:25:15.722,12.64669,12.64929,0.00,0.00
2017.08.09 03:25:16.466,12.64679,12.64929,0.00,0.00
2017.08.09 03:25:18.869,12.64689,12.64929,0.00,0.00
2017.08.09 03:25:18.920,12.64689,12.64942,0.00,0.00
2017.08.09 03:25:18.970,12.64732,12.64968,0.00,0.00
2017.08.09 03:25:19.369,12.64758,12.64969,0.00,0.00
2017.08.09 03:25:20.063,12.64758,12.64968,0.00,0.00
2017.08.09 03:25:20.746,12.64758,12.64969,0.00,0.00
2017.08.09 03:25:22.116,12.64758,12.64968,0.00,0.00
2017.08.09 03:25:22.729,12.64758,12.64969,0.00,0.00
2017.08.09 03:25:23.472,12.64758,12.64968,0.00,0.00
2017.08.09 03:25:24.048,12.64768,12.64969,0.00,0.00
2017.08.09 03:25:24.176,12.64758,12.64969,0.00,0.00
2017.08.09 03:25:25.895,12.64758,12.64968,0.00,0.00
2017.08.09 03:25:29.786,12.64758,12.64969,0.00,0.00
2017.08.09 03:25:30.412,12.64758,12.64968,0.00,0.00
2017.08.09 03:25:30.513,12.64719,12.64969,0.00,0.00
2017.08.09 03:25:30.564,12.64731,12.64969,0.00,0.00
2017.08.09 03:25:30.879,12.64759,12.64968,0.00,0.00
2017.08.09 03:25:31.435,12.64759,12.65012,0.00,0.00
2017.08.09 03:25:31.543,12.64759,12.64968,0.00,0.00
2017.08.09 03:25:32.769,12.64759,12.64969,0.00,0.00
2017.08.09 03:25:33.419,12.64759,12.64968,0.00,0.00
2017.08.09 03:25:34.313,12.64759,12.64969,0.00,0.00
2017.08.09 03:25:38.421,12.64759,12.64969,0.00,0.00
2017.08.09 03:25:42.223,12.64759,12.64969,0.00,0.00
2017.08.09 03:25:42.728,12.64759,12.64968,0.00,0.00
2017.08.09 03:25:43.148,12.64759,12.64962,0.00,0.00
2017.08.09 03:25:43.402,12.64759,12.64968,0.00,0.00
2017.08.09 03:25:45.171,12.64759,12.64969,0.00,0.00
2017.08.09 03:25:45.749,12.64759,12.64968,0.00,0.00
2017.08.09 03:25:45.850,12.64759,12.64961,0.00,0.00
2017.08.09 03:25:46.248,12.64759,12.64969,0.00,0.00
2017.08.09 03:25:46.299,12.64728,12.64909,0.00,0.00
2017.08.09 03:25:46.349,12.64708,12.64909,0.00,0.00
2017.08.09 03:25:46.402,12.64668,12.64908,0.00,0.00
2017.08.09 03:25:46.453,12.64659,12.64908,0.00,0.00
2017.08.09 03:25:48.187,12.64659,12.64909,0.00,0.00
2017.08.09 03:25:48.339,12.64709,12.64952,0.00,0.00
2017.08.09 03:25:48.684,12.64758,12.64968,0.00,0.00
2017.08.09 03:25:49.265,12.64758,12.64969,0.00,0.00
2017.08.09 03:25:49.904,12.64758,12.64968,0.00,0.00
2017.08.09 03:25:50.210,12.64732,12.64968,0.00,0.00
2017.08.09 03:25:50.261,12.64718,12.64969,0.00,0.00
2017.08.09 03:25:50.312,12.64708,12.64941,0.00,0.00
2017.08.09 03:25:51.626,12.64708,12.64942,0.00,0.00
2017.08.09 03:25:52.814,12.64708,12.64952,0.00,0.00
2017.08.09 03:25:54.914,12.64758,12.64952,0.00,0.00
2017.08.09 03:25:54.965,12.64758,12.64969,0.00,0.00
2017.08.09 03:25:55.423,12.64758,12.64962,0.00,0.00
2017.08.09 03:25:55.525,12.64758,12.64968,0.00,0.00
2017.08.09 03:25:56.812,12.64758,12.64969,0.00,0.00
2017.08.09 03:25:57.363,12.64758,12.64968,0.00,0.00
2017.08.09 03:25:57.515,12.64708,12.64969,0.00,0.00
2017.08.09 03:25:57.566,12.64708,12.64952,0.00,0.00
2017.08.09 03:25:57.919,12.64708,12.64942,0.00,0.00
2017.08.09 03:25:58.270,12.64708,12.64951,0.00,0.00
2017.08.09 03:25:58.374,12.64669,12.64919,0.00,0.00
2017.08.09 03:25:58.425,12.64659,12.64919,0.00,0.00
2017.08.09 03:25:59.443,12.64659,12.64918,0.00,0.00
2017.08.09 03:26:01.282,12.64659,12.64919,0.00,0.00
2017.08.09 03:26:02.053,12.64659,12.64918,0.00,0.00
2017.08.09 03:26:03.034,12.64659,12.64919,0.00,0.00
2017.08.09 03:26:03.135,12.64678,12.64919,0.00,0.00
2017.08.09 03:26:04.128,12.64659,12.64919,0.00,0.00
2017.08.09 03:26:05.464,12.64721,12.64919,0.00,0.00
2017.08.09 03:26:06.131,12.64722,12.64918,0.00,0.00
2017.08.09 03:26:06.817,12.64721,12.64919,0.00,0.00
2017.08.09 03:26:07.361,12.64722,12.64918,0.00,0.00
2017.08.09 03:26:07.412,12.64758,12.64959,0.00,0.00
2017.08.09 03:26:07.882,12.64758,12.64962,0.00,0.00
2017.08.09 03:26:08.163,12.64808,12.64962,0.00,0.00
2017.08.09 03:26:08.264,12.64808,12.64968,0.00,0.00
2017.08.09 03:26:08.765,12.64808,12.64952,0.00,0.00
2017.08.09 03:26:10.074,12.64808,12.64969,0.00,0.00
2017.08.09 03:26:11.154,12.64808,12.64962,0.00,0.00
2017.08.09 03:26:14.170,12.64808,12.64969,0.00,0.00
2017.08.09 03:26:17.190,12.64808,12.64968,0.00,0.00
2017.08.09 03:26:17.709,12.64808,12.65011,0.00,0.00
2017.08.09 03:26:17.759,12.64808,12.64942,0.00,0.00
2017.08.09 03:26:19.250,12.64808,12.64969,0.00,0.00
2017.08.09 03:26:19.951,12.64808,12.64961,0.00,0.00
2017.08.09 03:26:21.553,12.64808,12.64941,0.00,0.00
2017.08.09 03:26:22.255,12.64808,12.64969,0.00,0.00
2017.08.09 03:26:23.173,12.64808,12.64968,0.00,0.00
2017.08.09 03:26:24.737,12.64808,12.64969,0.00,0.00
2017.08.09 03:26:24.989,12.64808,12.64962,0.00,0.00
2017.08.09 03:26:25.090,12.64808,12.64972,0.00,0.00
2017.08.09 03:26:25.159,12.64808,12.64979,0.00,0.00
2017.08.09 03:26:25.517,12.64808,12.64968,0.00,0.00
2017.08.09 03:26:25.823,12.64808,12.64952,0.00,0.00
2017.08.09 03:26:26.166,12.64808,12.64979,0.00,0.00
2017.08.09 03:26:26.496,12.64808,12.64962,0.00,0.00
2017.08.09 03:26:26.562,12.64808,12.64979,0.00,0.00
2017.08.09 03:26:29.614,12.64808,12.64978,0.00,0.00
2017.08.09 03:26:29.717,12.64808,12.64999,0.00,0.00
2017.08.09 03:26:31.068,12.64808,12.64979,0.00,0.00
2017.08.09 03:26:31.470,12.64808,12.64971,0.00,0.00
2017.08.09 03:26:31.771,12.64808,12.64979,0.00,0.00
2017.08.09 03:26:32.302,12.64808,12.64962,0.00,0.00
2017.08.09 03:26:32.606,12.64808,12.64978,0.00,0.00
2017.08.09 03:26:35.403,12.64808,12.64961,0.00,0.00
2017.08.09 03:26:36.013,12.64808,12.64969,0.00,0.00
2017.08.09 03:26:36.525,12.64808,12.64968,0.00,0.00
2017.08.09 03:26:37.116,12.64808,12.64969,0.00,0.00
2017.08.09 03:26:42.910,12.64808,12.64968,0.00,0.00
2017.08.09 03:26:43.012,12.64808,12.64962,0.00,0.00
2017.08.09 03:26:43.514,12.64808,12.64968,0.00,0.00
2017.08.09 03:26:43.587,12.64808,12.64951,0.00,0.00
2017.08.09 03:26:44.087,12.64808,12.64968,0.00,0.00
2017.08.09 03:26:45.441,12.64749,12.64929,0.00,0.00
2017.08.09 03:26:45.492,12.64722,12.64928,0.00,0.00
2017.08.09 03:26:45.925,12.64721,12.64879,0.00,0.00
2017.08.09 03:26:46.424,12.64721,12.64899,0.00,0.00
2017.08.09 03:26:46.927,12.64722,12.64898,0.00,0.00
2017.08.09 03:26:47.430,12.64721,12.64899,0.00,0.00
2017.08.09 03:26:49.335,12.64722,12.64898,0.00,0.00
2017.08.09 03:26:51.537,12.64722,12.64902,0.00,0.00
2017.08.09 03:26:51.638,12.64721,12.64929,0.00,0.00
2017.08.09 03:26:52.233,12.64722,12.64928,0.00,0.00
2017.08.09 03:26:53.153,12.64721,12.64929,0.00,0.00
2017.08.09 03:26:54.081,12.64722,12.64928,0.00,0.00
2017.08.09 03:26:54.363,12.64721,12.64949,0.00,0.00
2017.08.09 03:26:54.415,12.64721,12.64929,0.00,0.00
2017.08.09 03:26:56.485,12.64722,12.64928,0.00,0.00
2017.08.09 03:26:57.033,12.64721,12.64929,0.00,0.00
2017.08.09 03:27:00.538,12.64721,12.64921,0.00,0.00
2017.08.09 03:27:00.847,12.64722,12.64878,0.00,0.00
2017.08.09 03:27:00.944,12.64708,12.64879,0.00,0.00
2017.08.09 03:27:02.193,12.64722,12.64878,0.00,0.00
2017.08.09 03:27:03.919,12.64721,12.64899,0.00,0.00
2017.08.09 03:27:07.352,12.64721,12.64929,0.00,0.00
2017.08.09 03:27:07.643,12.64721,12.64921,0.00,0.00
2017.08.09 03:27:07.740,12.64721,12.64929,0.00,0.00
2017.08.09 03:27:08.291,12.64722,12.64928,0.00,0.00
2017.08.09 03:27:08.915,12.64721,12.64929,0.00,0.00
2017.08.09 03:27:09.145,12.64722,12.64922,0.00,0.00
2017.08.09 03:27:09.557,12.64721,12.64911,0.00,0.00
2017.08.09 03:27:10.271,12.64722,12.64911,0.00,0.00
2017.08.09 03:27:12.034,12.64721,12.64911,0.00,0.00
2017.08.09 03:27:12.153,12.64721,12.64929,0.00,0.00
2017.08.09 03:27:13.293,12.64721,12.64922,0.00,0.00
2017.08.09 03:27:13.924,12.64722,12.64922,0.00,0.00
2017.08.09 03:27:13.975,12.64722,12.64928,0.00,0.00
2017.08.09 03:27:14.566,12.64721,12.64929,0.00,0.00
2017.08.09 03:27:15.823,12.64722,12.64928,0.00,0.00
2017.08.09 03:27:16.859,12.64722,12.64922,0.00,0.00
2017.08.09 03:27:17.614,12.64721,12.64922,0.00,0.00
2017.08.09 03:27:20.074,12.64721,12.64929,0.00,0.00
2017.08.09 03:27:20.562,12.64722,12.64922,0.00,0.00
2017.08.09 03:27:22.064,12.64722,12.64928,0.00,0.00
2017.08.09 03:27:22.421,12.64721,12.64939,0.00,0.00
2017.08.09 03:27:22.673,12.64721,12.64932,0.00,0.00
2017.08.09 03:27:23.253,12.64722,12.64932,0.00,0.00
2017.08.09 03:27:23.566,12.64722,12.64938,0.00,0.00
2017.08.09 03:27:25.084,12.64721,12.64939,0.00,0.00
2017.08.09 03:27:25.233,12.64759,12.64968,0.00,0.00
2017.08.09 03:27:25.570,12.64808,12.64968,0.00,0.00
2017.08.09 03:27:25.621,12.64808,12.65011,0.00,0.00
2017.08.09 03:27:25.671,12.64808,12.64969,0.00,0.00
2017.08.09 03:27:30.173,12.64808,12.64968,0.00,0.00
2017.08.09 03:27:31.321,12.64808,12.64969,0.00,0.00
2017.08.09 03:27:33.926,12.64808,12.64942,0.00,0.00
2017.08.09 03:27:34.084,12.64808,12.64969,0.00,0.00
2017.08.09 03:27:39.863,12.64759,12.64969,0.00,0.00
2017.08.09 03:27:40.015,12.64759,12.64942,0.00,0.00
2017.08.09 03:27:44.096,12.64759,12.64962,0.00,0.00
2017.08.09 03:27:45.655,12.64809,12.64962,0.00,0.00
2017.08.09 03:27:45.705,12.64809,12.64969,0.00,0.00
2017.08.09 03:27:46.236,12.64809,12.64968,0.00,0.00
2017.08.09 03:27:46.832,12.64809,12.64969,0.00,0.00
2017.08.09 03:27:47.115,12.64809,12.64961,0.00,0.00
2017.08.09 03:27:47.217,12.64809,12.64969,0.00,0.00
2017.08.09 03:27:47.737,12.64809,12.64968,0.00,0.00
2017.08.09 03:27:48.302,12.64809,12.64951,0.00,0.00
2017.08.09 03:27:48.564,12.64758,12.64931,0.00,0.00
2017.08.09 03:27:48.615,12.64758,12.64952,0.00,0.00
2017.08.09 03:27:48.854,12.64722,12.64928,0.00,0.00
2017.08.09 03:27:49.006,12.64722,12.64912,0.00,0.00
2017.08.09 03:27:49.433,12.64721,12.64922,0.00,0.00
2017.08.09 03:27:50.173,12.64758,12.64922,0.00,0.00
2017.08.09 03:27:50.223,12.64758,12.64968,0.00,0.00
2017.08.09 03:27:50.855,12.64758,12.64969,0.00,0.00
2017.08.09 03:27:51.465,12.64758,12.64968,0.00,0.00
2017.08.09 03:27:52.028,12.64758,12.64969,0.00,0.00
2017.08.09 03:27:53.133,12.64722,12.64928,0.00,0.00
2017.08.09 03:27:53.514,12.64721,12.64922,0.00,0.00
2017.08.09 03:27:53.634,12.64722,12.64928,0.00,0.00
2017.08.09 03:27:54.082,12.64721,12.64939,0.00,0.00
2017.08.09 03:27:54.133,12.64759,12.64942,0.00,0.00
2017.08.09 03:27:54.234,12.64759,12.64969,0.00,0.00
2017.08.09 03:27:54.643,12.64759,12.64961,0.00,0.00
2017.08.09 03:27:57.862,12.64722,12.64928,0.00,0.00
2017.08.09 03:27:57.963,12.64721,12.64922,0.00,0.00
2017.08.09 03:27:58.298,12.64721,12.64912,0.00,0.00
2017.08.09 03:27:58.451,12.64721,12.64929,0.00,0.00
2017.08.09 03:27:59.903,12.64722,12.64928,0.00,0.00
2017.08.09 03:28:00.514,12.64721,12.64939,0.00,0.00
2017.08.09 03:28:00.565,12.64722,12.64921,0.00,0.00
2017.08.09 03:28:00.666,12.64721,12.64929,0.00,0.00
2017.08.09 03:28:01.176,12.64722,12.64928,0.00,0.00
2017.08.09 03:28:01.277,12.64721,12.64939,0.00,0.00
2017.08.09 03:28:01.327,12.64759,12.64939,0.00,0.00
2017.08.09 03:28:01.378,12.64759,12.64962,0.00,0.00
2017.08.09 03:28:01.429,12.64759,12.64968,0.00,0.00
2017.08.09 03:28:01.479,12.64808,12.64969,0.00,0.00
2017.08.09 03:28:01.968,12.64808,12.64942,0.00,0.00
2017.08.09 03:28:02.522,12.64808,12.64962,0.00,0.00
2017.08.09 03:28:04.124,12.64808,12.64968,0.00,0.00
2017.08.09 03:28:06.215,12.64808,12.64969,0.00,0.00
2017.08.09 03:28:06.366,12.64808,12.64941,0.00,0.00
2017.08.09 03:28:06.867,12.64808,12.64962,0.00,0.00
2017.08.09 03:28:07.334,12.64808,12.64942,0.00,0.00
2017.08.09 03:28:07.435,12.64808,12.64969,0.00,0.00
2017.08.09 03:28:10.106,12.64759,12.64969,0.00,0.00
2017.08.09 03:28:10.260,12.64759,12.64942,0.00,0.00
2017.08.09 03:28:10.537,12.64721,12.64929,0.00,0.00
2017.08.09 03:28:10.639,12.64722,12.64922,0.00,0.00
2017.08.09 03:28:11.058,12.64721,12.64929,0.00,0.00
2017.08.09 03:28:12.197,12.64722,12.64928,0.00,0.00
2017.08.09 03:28:12.349,12.64721,12.64932,0.00,0.00
2017.08.09 03:28:12.450,12.64771,12.64962,0.00,0.00
2017.08.09 03:28:12.501,12.64759,12.64962,0.00,0.00
2017.08.09 03:28:12.607,12.64759,12.64969,0.00,0.00
2017.08.09 03:28:12.737,12.64759,12.64951,0.00,0.00
2017.08.09 03:28:12.838,12.64759,12.64968,0.00,0.00
2017.08.09 03:28:15.763,12.64721,12.64929,0.00,0.00
2017.08.09 03:28:16.215,12.64722,12.64912,0.00,0.00
2017.08.09 03:28:16.266,12.64722,12.64928,0.00,0.00
2017.08.09 03:28:16.755,12.64709,12.64879,0.00,0.00
2017.08.09 03:28:17.152,12.64722,12.64878,0.00,0.00
2017.08.09 03:28:17.763,12.64722,12.64911,0.00,0.00
2017.08.09 03:28:17.864,12.64722,12.64928,0.00,0.00
2017.08.09 03:28:20.159,12.64721,12.64929,0.00,0.00
2017.08.09 03:28:20.694,12.64722,12.64928,0.00,0.00
2017.08.09 03:28:20.904,12.64722,12.64938,0.00,0.00
2017.08.09 03:28:20.955,12.64722,12.64921,0.00,0.00
2017.08.09 03:28:21.057,12.64722,12.64938,0.00,0.00
2017.08.09 03:28:22.335,12.64721,12.64939,0.00,0.00
2017.08.09 03:28:22.726,12.64721,12.64942,0.00,0.00
2017.08.09 03:28:22.851,12.64721,12.64949,0.00,0.00
2017.08.09 03:28:23.621,12.64722,12.64948,0.00,0.00
2017.08.09 03:28:23.722,12.64722,12.64928,0.00,0.00
2017.08.09 03:28:23.933,12.64721,12.64942,0.00,0.00
2017.08.09 03:28:24.084,12.64721,12.64949,0.00,0.00
2017.08.09 03:28:25.644,12.64722,12.64948,0.00,0.00
2017.08.09 03:28:25.745,12.64758,12.64952,0.00,0.00
2017.08.09 03:28:25.795,12.64758,12.64958,0.00,0.00
2017.08.09 03:28:25.846,12.64721,12.64959,0.00,0.00
2017.08.09 03:28:26.157,12.64722,12.64931,0.00,0.00
2017.08.09 03:28:26.976,12.64721,12.64931,0.00,0.00
2017.08.09 03:28:27.077,12.64722,12.64942,0.00,0.00
2017.08.09 03:28:27.340,12.64731,12.64942,0.00,0.00
2017.08.09 03:28:27.660,12.64808,12.64942,0.00,0.00
2017.08.09 03:28:27.761,12.64808,12.64968,0.00,0.00
2017.08.09 03:28:27.961,12.64808,12.64952,0.00,0.00
2017.08.09 03:28:28.063,12.64808,12.64968,0.00,0.00
2017.08.09 03:28:31.230,12.64808,12.64969,0.00,0.00
2017.08.09 03:28:32.104,12.64808,12.64968,0.00,0.00
2017.08.09 03:28:33.073,12.64808,12.64969,0.00,0.00
2017.08.09 03:28:33.273,12.64808,12.64951,0.00,0.00
2017.08.09 03:28:34.170,12.64808,12.64968,0.00,0.00
2017.08.09 03:28:34.484,12.64808,12.64979,0.00,0.00
2017.08.09 03:28:37.325,12.64808,12.64978,0.00,0.00
2017.08.09 03:28:37.863,12.64808,12.64979,0.00,0.00
2017.08.09 03:28:40.873,12.64808,12.64978,0.00,0.00
2017.08.09 03:28:41.600,12.64808,12.64962,0.00,0.00
2017.08.09 03:28:41.779,12.64808,12.64969,0.00,0.00
2017.08.09 03:28:42.310,12.64808,12.64968,0.00,0.00
2017.08.09 03:28:43.165,12.64808,12.64969,0.00,0.00
2017.08.09 03:28:43.962,12.64808,12.64968,0.00,0.00
2017.08.09 03:28:50.719,12.64808,12.64969,0.00,0.00
2017.08.09 03:28:50.991,12.64808,12.64962,0.00,0.00
2017.08.09 03:28:52.420,12.64808,12.64968,0.00,0.00
2017.08.09 03:28:55.003,12.64808,12.64951,0.00,0.00
2017.08.09 03:28:56.715,12.64808,12.64969,0.00,0.00
2017.08.09 03:28:57.324,12.64808,12.64968,0.00,0.00
2017.08.09 03:28:57.425,12.64808,12.64952,0.00,0.00
2017.08.09 03:28:58.148,12.64808,12.64969,0.00,0.00
2017.08.09 03:28:58.924,12.64808,12.64968,0.00,0.00
2017.08.09 03:28:59.455,12.64808,12.64969,0.00,0.00
2017.08.09 03:29:01.286,12.64808,12.64968,0.00,0.00
2017.08.09 03:29:01.896,12.64808,12.64969,0.00,0.00
2017.08.09 03:29:02.607,12.64808,12.64968,0.00,0.00
2017.08.09 03:29:03.093,12.64808,12.64979,0.00,0.00
2017.08.09 03:29:03.877,12.64808,12.64978,0.00,0.00
2017.08.09 03:29:05.579,12.64808,12.64979,0.00,0.00
2017.08.09 03:29:05.680,12.64808,12.65028,0.00,0.00
2017.08.09 03:29:05.781,12.64859,12.65032,0.00,0.00
2017.08.09 03:29:05.831,12.64859,12.65052,0.00,0.00
2017.08.09 03:29:05.932,12.64909,12.65052,0.00,0.00
2017.08.09 03:29:06.019,12.64909,12.65068,0.00,0.00
2017.08.09 03:29:06.848,12.64909,12.65069,0.00,0.00
2017.08.09 03:29:07.285,12.64909,12.65098,0.00,0.00
2017.08.09 03:29:07.723,12.64909,12.65102,0.00,0.00
2017.08.09 03:29:07.824,12.64909,12.65128,0.00,0.00
2017.08.09 03:29:08.154,12.64922,12.65128,0.00,0.00
2017.08.09 03:29:08.698,12.64921,12.65129,0.00,0.00
2017.08.09 03:29:09.290,12.64922,12.65128,0.00,0.00
2017.08.09 03:29:09.818,12.64921,12.65129,0.00,0.00
2017.08.09 03:29:11.775,12.64922,12.65121,0.00,0.00
2017.08.09 03:29:11.876,12.64921,12.65129,0.00,0.00
2017.08.09 03:29:12.234,12.64921,12.65121,0.00,0.00
2017.08.09 03:29:12.434,12.64922,12.65128,0.00,0.00
2017.08.09 03:29:12.636,12.64922,12.65112,0.00,0.00
2017.08.09 03:29:12.737,12.64921,12.65122,0.00,0.00
2017.08.09 03:29:13.936,12.64921,12.65129,0.00,0.00
2017.08.09 03:29:14.537,12.64921,12.65122,0.00,0.00
2017.08.09 03:29:15.101,12.64922,12.65122,0.00,0.00
2017.08.09 03:29:16.515,12.64921,12.65122,0.00,0.00
2017.08.09 03:29:16.856,12.64921,12.65111,0.00,0.00
2017.08.09 03:29:17.179,12.64921,12.65129,0.00,0.00
2017.08.09 03:29:17.299,12.64921,12.65111,0.00,0.00
2017.08.09 03:29:21.249,12.64922,12.65078,0.00,0.00
2017.08.09 03:29:21.363,12.64909,12.65079,0.00,0.00
2017.08.09 03:29:21.464,12.64909,12.65052,0.00,0.00
2017.08.09 03:29:22.454,12.64922,12.65052,0.00,0.00
2017.08.09 03:29:22.555,12.64921,12.65099,0.00,0.00
2017.08.09 03:29:24.579,12.64922,12.65061,0.00,0.00
2017.08.09 03:29:25.382,12.64921,12.65061,0.00,0.00
2017.08.09 03:29:25.433,12.64858,12.65061,0.00,0.00
2017.08.09 03:29:25.556,12.64858,12.65099,0.00,0.00
2017.08.09 03:29:26.324,12.64858,12.65098,0.00,0.00
2017.08.09 03:29:26.396,12.64858,12.65101,0.00,0.00
2017.08.09 03:29:30.006,12.64858,12.65099,0.00,0.00
2017.08.09 03:29:35.127,12.64858,12.65098,0.00,0.00
2017.08.09 03:29:37.723,12.64858,12.65099,0.00,0.00
2017.08.09 03:29:38.283,12.64858,12.65071,0.00,0.00
2017.08.09 03:29:41.114,12.64858,12.65091,0.00,0.00
2017.08.09 03:29:41.219,12.64858,12.65098,0.00,0.00
2017.08.09 03:29:41.269,12.64858,12.65079,0.00,0.00
2017.08.09 03:29:41.585,12.64858,12.65071,0.00,0.00
2017.08.09 03:29:42.015,12.64858,12.65078,0.00,0.00
2017.08.09 03:29:42.573,12.64858,12.65079,0.00,0.00
2017.08.09 03:29:43.290,12.64858,12.65072,0.00,0.00
2017.08.09 03:29:44.091,12.64858,12.65079,0.00,0.00
2017.08.09 03:29:44.604,12.64858,12.65122,0.00,0.00
2017.08.09 03:29:45.136,12.64858,12.65102,0.00,0.00
2017.08.09 03:29:46.194,12.64858,12.65071,0.00,0.00
2017.08.09 03:29:46.895,12.64858,12.65081,0.00,0.00
2017.08.09 03:29:48.699,12.64858,12.65091,0.00,0.00
2017.08.09 03:29:49.310,12.64858,12.65071,0.00,0.00
2017.08.09 03:29:49.411,12.64858,12.65128,0.00,0.00
2017.08.09 03:29:51.113,12.64858,12.65129,0.00,0.00
2017.08.09 03:29:51.714,12.64858,12.65112,0.00,0.00
2017.08.09 03:29:51.944,12.64858,12.65128,0.00,0.00
2017.08.09 03:29:52.563,12.64858,12.65129,0.00,0.00
2017.08.09 03:29:53.915,12.64858,12.65128,0.00,0.00
2017.08.09 03:29:54.016,12.64858,12.65121,0.00,0.00
2017.08.09 03:29:54.407,12.64858,12.65102,0.00,0.00
2017.08.09 03:29:54.458,12.64858,12.65128,0.00,0.00
2017.08.09 03:29:54.852,12.64858,12.65122,0.00,0.00
2017.08.09 03:29:54.953,12.64858,12.65129,0.00,0.00
2017.08.09 03:29:55.154,12.64858,12.65122,0.00,0.00
2017.08.09 03:30:00.113,12.64838,12.65042,0.00,0.00
2017.08.09 03:30:00.365,12.64758,12.65028,0.00,0.00
2017.08.09 03:30:00.628,12.64758,12.65008,0.00,0.00
2017.08.09 03:30:00.966,12.64768,12.65009,0.00,0.00
2017.08.09 03:30:01.517,12.64768,12.65008,0.00,0.00
2017.08.09 03:30:01.876,12.64758,12.65009,0.00,0.00
2017.08.09 03:30:02.499,12.64758,12.65008,0.00,0.00
2017.08.09 03:30:02.651,12.64758,12.65002,0.00,0.00
2017.08.09 03:30:02.940,12.64758,12.65008,0.00,0.00
2017.08.09 03:30:03.141,12.64758,12.65002,0.00,0.00
2017.08.09 03:30:04.130,12.64758,12.65009,0.00,0.00
2017.08.09 03:30:06.068,12.64758,12.65008,0.00,0.00
2017.08.09 03:30:06.169,12.64758,12.65002,0.00,0.00
2017.08.09 03:30:06.233,12.64758,12.65008,0.00,0.00
2017.08.09 03:30:06.849,12.64758,12.65009,0.00,0.00
2017.08.09 03:30:07.753,12.64758,12.65002,0.00,0.00
2017.08.09 03:30:10.548,12.64758,12.65008,0.00,0.00
2017.08.09 03:30:11.067,12.64758,12.65009,0.00,0.00
2017.08.09 03:30:15.143,12.64758,12.65008,0.00,0.00
2017.08.09 03:30:15.678,12.64758,12.65009,0.00,0.00
2017.08.09 03:30:19.210,12.64758,12.65012,0.00,0.00
2017.08.09 03:30:19.261,12.64758,12.64961,0.00,0.00
2017.08.09 03:30:19.362,12.64758,12.64991,0.00,0.00
2017.08.09 03:30:19.413,12.64732,12.64938,0.00,0.00
2017.08.09 03:30:19.463,12.64709,12.64919,0.00,0.00
2017.08.09 03:30:19.564,12.64658,12.64919,0.00,0.00
2017.08.09 03:30:20.164,12.64669,12.64919,0.00,0.00
2017.08.09 03:30:20.493,12.64759,12.64951,0.00,0.00
2017.08.09 03:30:20.594,12.64759,12.64969,0.00,0.00
2017.08.09 03:30:20.694,12.64759,12.64978,0.00,0.00
2017.08.09 03:30:21.097,12.64759,12.64962,0.00,0.00
2017.08.09 03:30:21.346,12.64678,12.64928,0.00,0.00
2017.08.09 03:30:21.397,12.64658,12.64928,0.00,0.00
2017.08.09 03:30:21.607,12.64658,12.64912,0.00,0.00
2017.08.09 03:30:22.696,12.64658,12.64929,0.00,0.00
2017.08.09 03:30:22.797,12.64658,12.64922,0.00,0.00
2017.08.09 03:30:23.866,12.64658,12.64929,0.00,0.00
2017.08.09 03:30:24.168,12.64658,12.64911,0.00,0.00
2017.08.09 03:30:26.216,12.64659,12.64928,0.00,0.00
2017.08.09 03:30:26.358,12.64659,12.64898,0.00,0.00
2017.08.09 03:30:27.048,12.64658,12.64898,0.00,0.00
2017.08.09 03:30:27.265,12.64658,12.64911,0.00,0.00
2017.08.09 03:30:27.372,12.64658,12.64929,0.00,0.00
2017.08.09 03:30:27.759,12.64658,12.64878,0.00,0.00
2017.08.09 03:30:28.419,12.64658,12.64912,0.00,0.00
2017.08.09 03:30:28.521,12.64658,12.64928,0.00,0.00
2017.08.09 03:30:29.078,12.64658,12.64871,0.00,0.00
2017.08.09 03:30:29.229,12.64658,12.64899,0.00,0.00
2017.08.09 03:30:29.339,12.64658,12.64872,0.00,0.00
2017.08.09 03:30:29.689,12.64658,12.64868,0.00,0.00
2017.08.09 03:30:30.225,12.64658,12.64892,0.00,0.00
2017.08.09 03:30:30.528,12.64658,12.64898,0.00,0.00
2017.08.09 03:30:30.670,12.64658,12.64869,0.00,0.00
2017.08.09 03:30:30.771,12.64618,12.64869,0.00,0.00
2017.08.09 03:30:30.821,12.64608,12.64842,0.00,0.00
2017.08.09 03:30:31.166,12.64658,12.64871,0.00,0.00
2017.08.09 03:30:31.217,12.64658,12.64879,0.00,0.00
2017.08.09 03:30:32.480,12.64658,12.64838,0.00,0.00
2017.08.09 03:30:32.531,12.64608,12.64828,0.00,0.00
2017.08.09 03:30:32.632,12.64562,12.64828,0.00,0.00
2017.08.09 03:30:32.981,12.64562,12.64822,0.00,0.00
2017.08.09 03:30:33.467,12.64562,12.64819,0.00,0.00
2017.08.09 03:30:33.684,12.64558,12.64819,0.00,0.00
2017.08.09 03:30:34.185,12.64558,12.64818,0.00,0.00
2017.08.09 03:30:34.714,12.64558,12.64811,0.00,0.00
2017.08.09 03:30:35.016,12.64608,12.64811,0.00,0.00
2017.08.09 03:30:35.286,12.64608,12.64819,0.00,0.00
2017.08.09 03:30:35.904,12.64608,12.64818,0.00,0.00
2017.08.09 03:30:36.389,12.64608,12.64811,0.00,0.00
2017.08.09 03:30:37.138,12.64608,12.64819,0.00,0.00
2017.08.09 03:30:37.889,12.64608,12.64818,0.00,0.00
2017.08.09 03:30:37.940,12.64608,12.64768,0.00,0.00
2017.08.09 03:30:39.125,12.64608,12.64769,0.00,0.00
2017.08.09 03:30:39.641,12.64558,12.64728,0.00,0.00
2017.08.09 03:30:39.742,12.64522,12.64728,0.00,0.00
2017.08.09 03:30:40.148,12.64499,12.64729,0.00,0.00
2017.08.09 03:30:40.725,12.64499,12.64722,0.00,0.00
2017.08.09 03:30:40.899,12.64499,12.64728,0.00,0.00
2017.08.09 03:30:41.484,12.64499,12.64729,0.00,0.00
2017.08.09 03:30:42.015,12.64499,12.64728,0.00,0.00
2017.08.09 03:30:42.645,12.64499,12.64729,0.00,0.00
2017.08.09 03:30:44.426,12.64499,12.64722,0.00,0.00
2017.08.09 03:30:45.418,12.64499,12.64728,0.00,0.00
2017.08.09 03:30:45.805,12.64499,12.64722,0.00,0.00
2017.08.09 03:30:46.186,12.64499,12.64711,0.00,0.00
2017.08.09 03:30:46.237,12.64499,12.64729,0.00,0.00
2017.08.09 03:30:46.825,12.64499,12.64728,0.00,0.00
2017.08.09 03:30:47.417,12.64499,12.64729,0.00,0.00
2017.08.09 03:30:47.746,12.64499,12.64712,0.00,0.00
2017.08.09 03:30:48.510,12.64499,12.64729,0.00,0.00
2017.08.09 03:30:49.065,12.64499,12.64728,0.00,0.00
2017.08.09 03:30:49.115,12.64499,12.64711,0.00,0.00
2017.08.09 03:30:49.216,12.64499,12.64722,0.00,0.00
2017.08.09 03:30:49.305,12.64499,12.64699,0.00,0.00
2017.08.09 03:30:49.863,12.64499,12.64722,0.00,0.00
2017.08.09 03:30:49.914,12.64499,12.64702,0.00,0.00
2017.08.09 03:30:50.015,12.64499,12.64728,0.00,0.00
2017.08.09 03:30:50.564,12.64499,12.64729,0.00,0.00
2017.08.09 03:30:50.615,12.64499,12.64678,0.00,0.00
2017.08.09 03:30:50.854,12.64499,12.64702,0.00,0.00
2017.08.09 03:30:50.905,12.64499,12.64699,0.00,0.00
2017.08.09 03:30:51.160,12.64459,12.64699,0.00,0.00
2017.08.09 03:30:52.197,12.64459,12.64698,0.00,0.00
2017.08.09 03:30:52.275,12.64459,12.64679,0.00,0.00
2017.08.09 03:30:52.906,12.64459,12.64678,0.00,0.00
2017.08.09 03:30:53.444,12.64459,12.64692,0.00,0.00
2017.08.09 03:30:53.545,12.64459,12.64698,0.00,0.00
2017.08.09 03:30:54.072,12.64459,12.64699,0.00,0.00
2017.08.09 03:30:54.223,12.64459,12.64721,0.00,0.00
2017.08.09 03:30:54.480,12.64459,12.64678,0.00,0.00
2017.08.09 03:30:54.924,12.64459,12.64662,0.00,0.00
2017.08.09 03:30:55.687,12.64459,12.64638,0.00,0.00
2017.08.09 03:30:55.738,12.64431,12.64662,0.00,0.00
2017.08.09 03:30:55.878,12.64431,12.64642,0.00,0.00
2017.08.09 03:30:55.928,12.64458,12.64699,0.00,0.00
2017.08.09 03:30:56.295,12.64458,12.64711,0.00,0.00
2017.08.09 03:30:56.446,12.64458,12.64732,0.00,0.00
2017.08.09 03:30:56.927,12.64458,12.64711,0.00,0.00
2017.08.09 03:30:57.346,12.64432,12.64588,0.00,0.00
2017.08.09 03:30:57.397,12.64431,12.64641,0.00,0.00
2017.08.09 03:30:57.498,12.64458,12.64669,0.00,0.00
2017.08.09 03:30:58.055,12.64458,12.64668,0.00,0.00
2017.08.09 03:30:59.103,12.64458,12.64721,0.00,0.00
2017.08.09 03:30:59.254,12.64458,12.64732,0.00,0.00
2017.08.09 03:30:59.355,12.64458,12.64691,0.00,0.00
2017.08.09 03:30:59.456,12.64458,12.64721,0.00,0.00
2017.08.09 03:30:59.633,12.64458,12.64712,0.00,0.00
2017.08.09 03:31:00.536,12.64458,12.64739,0.00,0.00
2017.08.09 03:31:00.737,12.64458,12.64711,0.00,0.00
2017.08.09 03:31:00.983,12.64458,12.64731,0.00,0.00
2017.08.09 03:31:02.465,12.64458,12.64701,0.00,0.00
2017.08.09 03:31:03.281,12.64458,12.64661,0.00,0.00
2017.08.09 03:31:03.382,12.64458,12.64692,0.00,0.00
2017.08.09 03:31:04.235,12.64508,12.64692,0.00,0.00
2017.08.09 03:31:04.286,12.64508,12.64731,0.00,0.00
2017.08.09 03:31:04.387,12.64458,12.64699,0.00,0.00
2017.08.09 03:31:04.588,12.64458,12.64672,0.00,0.00
2017.08.09 03:31:04.642,12.64458,12.64699,0.00,0.00
2017.08.09 03:31:04.693,12.64458,12.64679,0.00,0.00
2017.08.09 03:31:04.844,12.64458,12.64699,0.00,0.00
2017.08.09 03:31:04.974,12.64458,12.64701,0.00,0.00
2017.08.09 03:31:05.025,12.64462,12.64701,0.00,0.00
2017.08.09 03:31:05.146,12.64462,12.64722,0.00,0.00
2017.08.09 03:31:05.247,12.64462,12.64702,0.00,0.00
2017.08.09 03:31:05.460,12.64462,12.64721,0.00,0.00
2017.08.09 03:31:05.827,12.64462,12.64668,0.00,0.00
2017.08.09 03:31:06.361,12.64461,12.64669,0.00,0.00
2017.08.09 03:31:06.766,12.64462,12.64661,0.00,0.00
2017.08.09 03:31:07.068,12.64372,12.64638,0.00,0.00
2017.08.09 03:31:07.169,12.64371,12.64611,0.00,0.00
2017.08.09 03:31:07.696,12.64372,12.64632,0.00,0.00
2017.08.09 03:31:08.166,12.64371,12.64639,0.00,0.00
2017.08.09 03:31:08.586,12.64372,12.64621,0.00,0.00
2017.08.09 03:31:08.915,12.64371,12.64612,0.00,0.00
2017.08.09 03:31:09.066,12.64371,12.64631,0.00,0.00
2017.08.09 03:31:09.482,12.64358,12.64631,0.00,0.00
2017.08.09 03:31:09.723,12.64371,12.64631,0.00,0.00
2017.08.09 03:31:10.827,12.64372,12.64631,0.00,0.00
2017.08.09 03:31:10.878,12.64371,12.64639,0.00,0.00
2017.08.09 03:31:11.075,12.64371,12.64622,0.00,0.00
2017.08.09 03:31:11.785,12.64372,12.64622,0.00,0.00
2017.08.09 03:31:12.158,12.64371,12.64639,0.00,0.00
2017.08.09 03:31:12.320,12.64391,12.64639,0.00,0.00
2017.08.09 03:31:12.622,12.64459,12.64682,0.00,0.00
2017.08.09 03:31:12.775,12.64408,12.64638,0.00,0.00
2017.08.09 03:31:12.876,12.64362,12.64638,0.00,0.00
2017.08.09 03:31:13.073,12.64361,12.64622,0.00,0.00
2017.08.09 03:31:13.469,12.64358,12.64622,0.00,0.00
2017.08.09 03:31:13.863,12.64358,12.64638,0.00,0.00
2017.08.09 03:31:14.197,12.64358,12.64622,0.00,0.00
2017.08.09 03:31:14.770,12.64358,12.64642,0.00,0.00
2017.08.09 03:31:15.477,12.64358,12.64622,0.00,0.00
2017.08.09 03:31:15.815,12.64358,12.64601,0.00,0.00
2017.08.09 03:31:15.916,12.64358,12.64631,0.00,0.00
2017.08.09 03:31:17.323,12.64358,12.64611,0.00,0.00
2017.08.09 03:31:17.925,12.64358,12.64642,0.00,0.00
2017.08.09 03:31:18.325,12.64358,12.64621,0.00,0.00
2017.08.09 03:31:19.116,12.64358,12.64642,0.00,0.00
2017.08.09 03:31:19.180,12.64358,12.64621,0.00,0.00
2017.08.09 03:31:19.395,12.64358,12.64642,0.00,0.00
2017.08.09 03:31:19.496,12.64358,12.64601,0.00,0.00
2017.08.09 03:31:19.596,12.64358,12.64621,0.00,0.00
2017.08.09 03:31:19.984,12.64358,12.64631,0.00,0.00
2017.08.09 03:31:20.523,12.64358,12.64632,0.00,0.00
2017.08.09 03:31:20.647,12.64358,12.64599,0.00,0.00
2017.08.09 03:31:21.195,12.64358,12.64598,0.00,0.00
2017.08.09 03:31:21.842,12.64358,12.64599,0.00,0.00
2017.08.09 03:31:22.187,12.64309,12.64548,0.00,0.00
2017.08.09 03:31:22.238,12.64268,12.64542,0.00,0.00
2017.08.09 03:31:22.289,12.64262,12.64542,0.00,0.00
2017.08.09 03:31:22.498,12.64342,12.64542,0.00,0.00
2017.08.09 03:31:22.599,12.64341,12.64579,0.00,0.00
2017.08.09 03:31:22.650,12.64358,12.64579,0.00,0.00
2017.08.09 03:31:22.701,12.64358,12.64638,0.00,0.00
2017.08.09 03:31:22.938,12.64358,12.64642,0.00,0.00
2017.08.09 03:31:22.989,12.64358,12.64611,0.00,0.00
2017.08.09 03:31:23.086,12.64358,12.64621,0.00,0.00
2017.08.09 03:31:23.535,12.64358,12.64642,0.00,0.00
2017.08.09 03:31:24.087,12.64358,12.64631,0.00,0.00
2017.08.09 03:31:24.388,12.64358,12.64622,0.00,0.00
2017.08.09 03:31:24.888,12.64358,12.64632,0.00,0.00
2017.08.09 03:31:26.513,12.64358,12.64642,0.00,0.00
2017.08.09 03:31:27.206,12.64368,12.64642,0.00,0.00
2017.08.09 03:31:28.092,12.64358,12.64642,0.00,0.00
2017.08.09 03:31:28.826,12.64358,12.64631,0.00,0.00
2017.08.09 03:31:29.194,12.64359,12.64641,0.00,0.00
2017.08.09 03:31:29.394,12.64358,12.64622,0.00,0.00
2017.08.09 03:31:29.594,12.64358,12.64642,0.00,0.00
2017.08.09 03:31:29.925,12.64369,12.64642,0.00,0.00
2017.08.09 03:31:30.808,12.64358,12.64642,0.00,0.00
2017.08.09 03:31:31.296,12.64368,12.64642,0.00,0.00
2017.08.09 03:31:31.749,12.64358,12.64621,0.00,0.00
2017.08.09 03:31:34.199,12.64358,12.64632,0.00,0.00
2017.08.09 03:31:34.436,12.64358,12.64621,0.00,0.00
2017.08.09 03:31:34.817,12.64358,12.64632,0.00,0.00
2017.08.09 03:31:34.900,12.64359,12.64641,0.00,0.00
2017.08.09 03:31:35.100,12.64358,12.64622,0.00,0.00
2017.08.09 03:31:35.801,12.64358,12.64631,0.00,0.00
2017.08.09 03:31:38.739,12.64368,12.64642,0.00,0.00
2017.08.09 03:31:39.126,12.64378,12.64642,0.00,0.00
2017.08.09 03:31:39.405,12.64361,12.64632,0.00,0.00
2017.08.09 03:31:39.477,12.64408,12.64632,0.00,0.00
2017.08.09 03:31:39.730,12.64458,12.64692,0.00,0.00
2017.08.09 03:31:39.831,12.64458,12.64698,0.00,0.00
2017.08.09 03:31:40.357,12.64458,12.64699,0.00,0.00
2017.08.09 03:31:41.254,12.64458,12.64712,0.00,0.00
2017.08.09 03:31:41.417,12.64458,12.64722,0.00,0.00
2017.08.09 03:31:41.758,12.64458,12.64711,0.00,0.00
2017.08.09 03:31:41.809,12.64458,12.64731,0.00,0.00
2017.08.09 03:31:42.027,12.64458,12.64738,0.00,0.00
2017.08.09 03:31:42.224,12.64458,12.64712,0.00,0.00
2017.08.09 03:31:42.710,12.64458,12.64722,0.00,0.00
2017.08.09 03:31:43.510,12.64458,12.64669,0.00,0.00
2017.08.09 03:31:44.212,12.64458,12.64668,0.00,0.00
2017.08.09 03:31:44.917,12.64458,12.64711,0.00,0.00
2017.08.09 03:31:45.018,12.64458,12.64722,0.00,0.00
2017.08.09 03:31:46.320,12.64458,12.64732,0.00,0.00
2017.08.09 03:31:48.920,12.64458,12.64739,0.00,0.00
2017.08.09 03:31:49.420,12.64458,12.64711,0.00,0.00
2017.08.09 03:31:50.056,12.64459,12.64741,0.00,0.00
2017.08.09 03:31:51.123,12.64458,12.64722,0.00,0.00
2017.08.09 03:31:52.366,12.64458,12.64712,0.00,0.00
2017.08.09 03:31:54.233,12.64458,12.64721,0.00,0.00
2017.08.09 03:31:54.335,12.64458,12.64711,0.00,0.00
2017.08.09 03:31:56.641,12.64458,12.64722,0.00,0.00
2017.08.09 03:31:56.930,12.64458,12.64731,0.00,0.00
2017.08.09 03:31:57.659,12.64458,12.64711,0.00,0.00
2017.08.09 03:31:58.032,12.64458,12.64732,0.00,0.00
2017.08.09 03:31:59.435,12.64509,12.64732,0.00,0.00
2017.08.09 03:31:59.737,12.64509,12.64742,0.00,0.00
2017.08.09 03:31:59.887,12.64521,12.64742,0.00,0.00
2017.08.09 03:32:00.436,12.64521,12.64722,0.00,0.00
2017.08.09 03:32:00.537,12.64522,12.64741,0.00,0.00
2017.08.09 03:32:01.245,12.64521,12.64741,0.00,0.00
2017.08.09 03:32:01.906,12.64522,12.64741,0.00,0.00
2017.08.09 03:32:02.370,12.64609,12.64741,0.00,0.00
2017.08.09 03:32:02.499,12.64609,12.64751,0.00,0.00
2017.08.09 03:32:02.600,12.64609,12.64792,0.00,0.00
2017.08.09 03:32:02.651,12.64609,12.64841,0.00,0.00
2017.08.09 03:32:03.440,12.64609,12.64848,0.00,0.00
2017.08.09 03:32:03.540,12.64609,12.64822,0.00,0.00
2017.08.09 03:32:04.265,12.64609,12.64841,0.00,0.00
2017.08.09 03:32:04.441,12.64609,12.64822,0.00,0.00
2017.08.09 03:32:04.541,12.64609,12.64848,0.00,0.00
2017.08.09 03:32:05.183,12.64609,12.64849,0.00,0.00
2017.08.09 03:32:05.384,12.64609,12.64832,0.00,0.00
2017.08.09 03:32:05.652,12.64609,12.64849,0.00,0.00
2017.08.09 03:32:08.046,12.64609,12.64841,0.00,0.00
2017.08.09 03:32:09.367,12.64609,12.64822,0.00,0.00
2017.08.09 03:32:10.249,12.64609,12.64849,0.00,0.00
2017.08.09 03:32:12.251,12.64609,12.64842,0.00,0.00
2017.08.09 03:32:12.952,12.64609,12.64848,0.00,0.00
2017.08.09 03:32:13.715,12.64609,12.64849,0.00,0.00
2017.08.09 03:32:13.903,12.64609,12.64821,0.00,0.00
2017.08.09 03:32:14.172,12.64609,12.64832,0.00,0.00
2017.08.09 03:32:15.305,12.64622,12.64832,0.00,0.00
2017.08.09 03:32:15.356,12.64622,12.64848,0.00,0.00
2017.08.09 03:32:16.746,12.64621,12.64849,0.00,0.00
2017.08.09 03:32:17.424,12.64622,12.64848,0.00,0.00
2017.08.09 03:32:17.845,12.64609,12.64852,0.00,0.00
2017.08.09 03:32:18.005,12.64621,12.64849,0.00,0.00
2017.08.09 03:32:20.004,12.64622,12.64848,0.00,0.00
2017.08.09 03:32:21.562,12.64622,12.64831,0.00,0.00
2017.08.09 03:32:22.462,12.64622,12.64848,0.00,0.00
2017.08.09 03:32:23.614,12.64621,12.64849,0.00,0.00
2017.08.09 03:32:23.665,12.64621,12.64832,0.00,0.00
2017.08.09 03:32:23.764,12.64621,12.64849,0.00,0.00
2017.08.09 03:32:23.865,12.64621,12.64831,0.00,0.00
2017.08.09 03:32:24.165,12.64621,12.64841,0.00,0.00
2017.08.09 03:32:25.035,12.64622,12.64841,0.00,0.00
2017.08.09 03:32:25.386,12.64621,12.64832,0.00,0.00
2017.08.09 03:32:25.764,12.64622,12.64822,0.00,0.00
2017.08.09 03:32:26.061,12.64609,12.64822,0.00,0.00
2017.08.09 03:32:26.165,12.64621,12.64809,0.00,0.00
2017.08.09 03:32:26.960,12.64622,12.64808,0.00,0.00
2017.08.09 03:32:27.489,12.64621,12.64809,0.00,0.00
2017.08.09 03:32:28.025,12.64622,12.64808,0.00,0.00
2017.08.09 03:32:28.736,12.64621,12.64809,0.00,0.00
2017.08.09 03:32:30.106,12.64622,12.64808,0.00,0.00
2017.08.09 03:32:31.097,12.64621,12.64809,0.00,0.00
2017.08.09 03:32:32.451,12.64622,12.64808,0.00,0.00
2017.08.09 03:32:34.779,12.64621,12.64809,0.00,0.00
2017.08.09 03:32:35.311,12.64622,12.64808,0.00,0.00
2017.08.09 03:32:38.279,12.64621,12.64809,0.00,0.00
2017.08.09 03:32:38.883,12.64622,12.64808,0.00,0.00
2017.08.09 03:32:39.630,12.64621,12.64809,0.00,0.00
2017.08.09 03:32:40.288,12.64622,12.64808,0.00,0.00
2017.08.09 03:32:41.224,12.64621,12.64809,0.00,0.00
2017.08.09 03:32:43.347,12.64622,12.64808,0.00,0.00
2017.08.09 03:32:44.075,12.64621,12.64809,0.00,0.00
2017.08.09 03:32:45.386,12.64622,12.64828,0.00,0.00
2017.08.09 03:32:46.135,12.64621,12.64829,0.00,0.00
2017.08.09 03:32:46.962,12.64621,12.64822,0.00,0.00
2017.08.09 03:32:47.571,12.64622,12.64822,0.00,0.00
2017.08.09 03:32:48.943,12.64622,12.64828,0.00,0.00
2017.08.09 03:32:50.274,12.64621,12.64829,0.00,0.00
2017.08.09 03:32:50.425,12.64622,12.64801,0.00,0.00
2017.08.09 03:32:51.115,12.64622,12.64812,0.00,0.00
2017.08.09 03:32:51.205,12.64622,12.64828,0.00,0.00
2017.08.09 03:32:53.671,12.64621,12.64829,0.00,0.00
2017.08.09 03:32:53.722,12.64622,12.64812,0.00,0.00
2017.08.09 03:32:53.809,12.64622,12.64828,0.00,0.00
2017.08.09 03:32:56.707,12.64621,12.64829,0.00,0.00
2017.08.09 03:32:57.058,12.64621,12.64821,0.00,0.00
2017.08.09 03:32:57.162,12.64608,12.64821,0.00,0.00
2017.08.09 03:32:57.212,12.64622,12.64821,0.00,0.00
2017.08.09 03:32:57.468,12.64621,12.64829,0.00,0.00
2017.08.09 03:32:58.190,12.64622,12.64828,0.00,0.00
2017.08.09 03:32:58.743,12.64621,12.64829,0.00,0.00
2017.08.09 03:33:02.937,12.64621,12.64799,0.00,0.00
2017.08.09 03:33:03.331,12.64622,12.64802,0.00,0.00
2017.08.09 03:33:04.045,12.64621,12.64802,0.00,0.00
2017.08.09 03:33:04.146,12.64622,12.64828,0.00,0.00
2017.08.09 03:33:04.795,12.64621,12.64829,0.00,0.00
2017.08.09 03:33:06.207,12.64622,12.64828,0.00,0.00
2017.08.09 03:33:17.578,12.64708,12.64828,0.00,0.00
2017.08.09 03:33:17.629,12.64708,12.64869,0.00,0.00
2017.08.09 03:33:18.086,12.64708,12.64861,0.00,0.00
2017.08.09 03:33:18.293,12.64708,12.64869,0.00,0.00
2017.08.09 03:33:18.874,12.64708,12.64868,0.00,0.00
2017.08.09 03:33:19.572,12.64708,12.64869,0.00,0.00
2017.08.09 03:33:23.124,12.64708,12.64868,0.00,0.00
2017.08.09 03:33:23.515,12.64708,12.64891,0.00,0.00
2017.08.09 03:33:23.616,12.64708,12.64899,0.00,0.00
2017.08.09 03:33:24.182,12.64708,12.64898,0.00,0.00
2017.08.09 03:33:29.194,12.64708,12.64899,0.00,0.00
2017.08.09 03:33:31.884,12.64708,12.64898,0.00,0.00
2017.08.09 03:33:32.444,12.64708,12.64899,0.00,0.00
2017.08.09 03:33:35.055,12.64708,12.64898,0.00,0.00
2017.08.09 03:33:35.749,12.64708,12.64899,0.00,0.00
2017.08.09 03:33:36.305,12.64708,12.64898,0.00,0.00
2017.08.09 03:33:42.163,12.64708,12.64899,0.00,0.00
2017.08.09 03:33:42.703,12.64708,12.64898,0.00,0.00
2017.08.09 03:33:42.855,12.64708,12.64879,0.00,0.00
2017.08.09 03:33:43.163,12.64708,12.64861,0.00,0.00
2017.08.09 03:33:43.214,12.64708,12.64878,0.00,0.00
2017.08.09 03:33:43.427,12.64708,12.64869,0.00,0.00
2017.08.09 03:33:45.353,12.64659,12.64869,0.00,0.00
2017.08.09 03:33:45.453,12.64659,12.64862,0.00,0.00
2017.08.09 03:33:46.729,12.64709,12.64862,0.00,0.00
2017.08.09 03:33:46.830,12.64709,12.64879,0.00,0.00
2017.08.09 03:33:47.220,12.64709,12.64869,0.00,0.00
2017.08.09 03:33:47.671,12.64709,12.64852,0.00,0.00
2017.08.09 03:33:48.909,12.64709,12.64861,0.00,0.00
2017.08.09 03:33:54.132,12.64709,12.64869,0.00,0.00
2017.08.09 03:33:54.207,12.64709,12.64921,0.00,0.00
2017.08.09 03:33:54.499,12.64709,12.64878,0.00,0.00
2017.08.09 03:33:54.741,12.64709,12.64898,0.00,0.00
2017.08.09 03:33:56.060,12.64709,12.64899,0.00,0.00
2017.08.09 03:33:58.514,12.64709,12.64921,0.00,0.00
2017.08.09 03:33:58.565,12.64709,12.64902,0.00,0.00
2017.08.09 03:33:58.642,12.64709,12.64928,0.00,0.00
2017.08.09 03:33:59.227,12.64709,12.64929,0.00,0.00
2017.08.09 03:34:00.075,12.64709,12.64928,0.00,0.00
2017.08.09 03:34:00.292,12.64709,12.64921,0.00,0.00
2017.08.09 03:34:00.590,12.64709,12.64929,0.00,0.00
2017.08.09 03:34:01.184,12.64709,12.64928,0.00,0.00
2017.08.09 03:34:01.949,12.64709,12.64929,0.00,0.00
2017.08.09 03:34:02.659,12.64709,12.64928,0.00,0.00
2017.08.09 03:34:03.738,12.64709,12.64929,0.00,0.00
2017.08.09 03:34:04.261,12.64709,12.64928,0.00,0.00
2017.08.09 03:34:07.128,12.64709,12.64929,0.00,0.00
2017.08.09 03:34:08.125,12.64709,12.64928,0.00,0.00
2017.08.09 03:34:08.649,12.64709,12.64929,0.00,0.00
2017.08.09 03:34:15.435,12.64709,12.64928,0.00,0.00
2017.08.09 03:34:15.690,12.64808,12.64951,0.00,0.00
2017.08.09 03:34:15.791,12.64808,12.64981,0.00,0.00
2017.08.09 03:34:15.892,12.64808,12.64999,0.00,0.00
2017.08.09 03:34:16.435,12.64808,12.64998,0.00,0.00
2017.08.09 03:34:16.959,12.64808,12.64999,0.00,0.00
2017.08.09 03:34:17.287,12.64808,12.65031,0.00,0.00
2017.08.09 03:34:17.397,12.64808,12.64999,0.00,0.00
2017.08.09 03:34:20.176,12.64808,12.64998,0.00,0.00
2017.08.09 03:34:22.238,12.64808,12.64962,0.00,0.00
2017.08.09 03:34:22.541,12.64808,12.64998,0.00,0.00
2017.08.09 03:34:27.571,12.64808,12.64999,0.00,0.00
2017.08.09 03:34:28.705,12.64808,12.64998,0.00,0.00
2017.08.09 03:34:29.763,12.64808,12.65021,0.00,0.00
2017.08.09 03:34:32.244,12.64808,12.64999,0.00,0.00
2017.08.09 03:34:33.677,12.64808,12.64961,0.00,0.00
2017.08.09 03:34:34.132,12.64808,12.64998,0.00,0.00
2017.08.09 03:34:34.742,12.64808,12.64999,0.00,0.00
2017.08.09 03:34:37.045,12.64808,12.64998,0.00,0.00
2017.08.09 03:34:39.294,12.64808,12.64999,0.00,0.00
2017.08.09 03:34:39.818,12.64808,12.64998,0.00,0.00
2017.08.09 03:34:40.699,12.64808,12.64999,0.00,0.00
2017.08.09 03:34:44.748,12.64808,12.65022,0.00,0.00
2017.08.09 03:34:46.069,12.64808,12.65012,0.00,0.00
2017.08.09 03:34:49.072,12.64808,12.64998,0.00,0.00
2017.08.09 03:34:49.681,12.64808,12.64999,0.00,0.00
2017.08.09 03:34:51.053,12.64808,12.64998,0.00,0.00
2017.08.09 03:34:51.698,12.64808,12.64999,0.00,0.00
2017.08.09 03:34:54.665,12.64808,12.64998,0.00,0.00
2017.08.09 03:34:55.436,12.64808,12.64999,0.00,0.00
2017.08.09 03:34:58.838,12.64808,12.64998,0.00,0.00
2017.08.09 03:34:59.423,12.64808,12.64999,0.00,0.00
2017.08.09 03:35:00.051,12.64808,12.65012,0.00,0.00
2017.08.09 03:35:00.202,12.64808,12.65031,0.00,0.00
2017.08.09 03:35:00.893,12.64808,12.65022,0.00,0.00
2017.08.09 03:35:01.603,12.64808,12.65001,0.00,0.00
2017.08.09 03:35:02.204,12.64808,12.65021,0.00,0.00
2017.08.09 03:35:03.905,12.64808,12.65039,0.00,0.00
2017.08.09 03:35:04.206,12.64808,12.65022,0.00,0.00
2017.08.09 03:35:08.425,12.64808,12.65012,0.00,0.00
2017.08.09 03:35:08.952,12.64808,12.65011,0.00,0.00
2017.08.09 03:35:09.287,12.64808,12.64961,0.00,0.00
2017.08.09 03:35:09.713,12.64808,12.65021,0.00,0.00
2017.08.09 03:35:10.518,12.64808,12.65038,0.00,0.00
2017.08.09 03:35:11.120,12.64808,12.65012,0.00,0.00
2017.08.09 03:35:12.354,12.64808,12.64962,0.00,0.00
2017.08.09 03:35:12.825,12.64808,12.64972,0.00,0.00
2017.08.09 03:35:14.228,12.64808,12.65029,0.00,0.00
2017.08.09 03:35:15.935,12.64791,12.65029,0.00,0.00
2017.08.09 03:35:17.142,12.64792,12.65001,0.00,0.00
2017.08.09 03:35:17.848,12.64791,12.65001,0.00,0.00
2017.08.09 03:35:20.636,12.64792,12.65001,0.00,0.00
2017.08.09 03:35:21.237,12.64792,12.64961,0.00,0.00
2017.08.09 03:35:22.394,12.64791,12.64961,0.00,0.00
2017.08.09 03:35:22.843,12.64792,12.65021,0.00,0.00
2017.08.09 03:35:23.783,12.64791,12.65021,0.00,0.00
2017.08.09 03:35:24.145,12.64791,12.65012,0.00,0.00
2017.08.09 03:35:24.356,12.64791,12.65029,0.00,0.00
2017.08.09 03:35:24.872,12.64792,12.65028,0.00,0.00
2017.08.09 03:35:27.452,12.64792,12.65021,0.00,0.00
2017.08.09 03:35:30.864,12.64791,12.65021,0.00,0.00
2017.08.09 03:35:31.472,12.64792,12.65021,0.00,0.00
2017.08.09 03:35:34.044,12.64791,12.65021,0.00,0.00
2017.08.09 03:35:34.380,12.64791,12.65012,0.00,0.00
2017.08.09 03:35:34.582,12.64792,12.65022,0.00,0.00
2017.08.09 03:35:36.283,12.64758,12.65022,0.00,0.00
2017.08.09 03:35:36.467,12.64758,12.65028,0.00,0.00
2017.08.09 03:35:37.215,12.64758,12.65029,0.00,0.00
2017.08.09 03:35:37.316,12.64758,12.65022,0.00,0.00
2017.08.09 03:35:37.626,12.64758,12.64972,0.00,0.00
2017.08.09 03:35:37.778,12.64758,12.65002,0.00,0.00
2017.08.09 03:35:38.673,12.64758,12.64981,0.00,0.00
2017.08.09 03:35:44.182,12.64758,12.65029,0.00,0.00
2017.08.09 03:35:49.591,12.64758,12.65028,0.00,0.00
2017.08.09 03:35:50.357,12.64758,12.65029,0.00,0.00
2017.08.09 03:35:50.491,12.64758,12.65011,0.00,0.00
2017.08.09 03:35:53.904,12.64758,12.64972,0.00,0.00
2017.08.09 03:35:54.210,12.64758,12.65029,0.00,0.00
2017.08.09 03:35:54.698,12.64758,12.65022,0.00,0.00
2017.08.09 03:35:56.319,12.64758,12.64972,0.00,0.00
2017.08.09 03:35:58.295,12.64708,12.64938,0.00,0.00
2017.08.09 03:35:58.396,12.64688,12.64939,0.00,0.00
2017.08.09 03:35:58.447,12.64658,12.64922,0.00,0.00
2017.08.09 03:35:59.334,12.64658,12.64939,0.00,0.00
2017.08.09 03:35:59.443,12.64658,12.64912,0.00,0.00
2017.08.09 03:36:00.024,12.64658,12.64931,0.00,0.00
2017.08.09 03:36:00.110,12.64658,12.64939,0.00,0.00
2017.08.09 03:36:01.277,12.64658,12.64938,0.00,0.00
2017.08.09 03:36:01.817,12.64659,12.64939,0.00,0.00
2017.08.09 03:36:03.317,12.64658,12.64922,0.00,0.00
2017.08.09 03:36:04.890,12.64658,12.64911,0.00,0.00
2017.08.09 03:36:06.263,12.64658,12.64882,0.00,0.00
2017.08.09 03:36:06.453,12.64658,12.64891,0.00,0.00
2017.08.09 03:36:06.526,12.64658,12.64919,0.00,0.00
2017.08.09 03:36:06.756,12.64658,12.64912,0.00,0.00
2017.08.09 03:36:07.630,12.64658,12.64902,0.00,0.00
2017.08.09 03:36:13.453,12.64658,12.64912,0.00,0.00
2017.08.09 03:36:13.538,12.64658,12.64902,0.00,0.00
2017.08.09 03:36:13.843,12.64658,12.64872,0.00,0.00
2017.08.09 03:36:14.139,12.64658,12.64919,0.00,0.00
2017.08.09 03:36:14.318,12.64648,12.64829,0.00,0.00
2017.08.09 03:36:14.471,12.64559,12.64829,0.00,0.00
2017.08.09 03:36:14.840,12.64578,12.64829,0.00,0.00
2017.08.09 03:36:15.103,12.64581,12.64841,0.00,0.00
2017.08.09 03:36:15.153,12.64609,12.64849,0.00,0.00
2017.08.09 03:36:16.342,12.64609,12.64848,0.00,0.00
2017.08.09 03:36:17.735,12.64609,12.64849,0.00,0.00
2017.08.09 03:36:17.886,12.64609,12.64861,0.00,0.00
2017.08.09 03:36:17.937,12.64659,12.64861,0.00,0.00
2017.08.09 03:36:18.089,12.64659,12.64901,0.00,0.00
2017.08.09 03:36:18.395,12.64659,12.64879,0.00,0.00
2017.08.09 03:36:20.083,12.64659,12.64878,0.00,0.00
2017.08.09 03:36:20.885,12.64659,12.64879,0.00,0.00
2017.08.09 03:36:21.392,12.64659,12.64878,0.00,0.00
2017.08.09 03:36:21.842,12.64659,12.64871,0.00,0.00
2017.08.09 03:36:21.994,12.64659,12.64879,0.00,0.00
2017.08.09 03:36:24.143,12.64659,12.64878,0.00,0.00
2017.08.09 03:36:24.596,12.64659,12.64861,0.00,0.00
2017.08.09 03:36:26.803,12.64659,12.64878,0.00,0.00
2017.08.09 03:36:27.005,12.64659,12.64872,0.00,0.00
2017.08.09 03:36:29.771,12.64659,12.64878,0.00,0.00
2017.08.09 03:36:33.599,12.64609,12.64828,0.00,0.00
2017.08.09 03:36:33.700,12.64559,12.64829,0.00,0.00
2017.08.09 03:36:34.314,12.64559,12.64822,0.00,0.00
2017.08.09 03:36:34.775,12.64568,12.64828,0.00,0.00
2017.08.09 03:36:35.214,12.64559,12.64812,0.00,0.00
2017.08.09 03:36:35.778,12.64559,12.64828,0.00,0.00
2017.08.09 03:36:36.313,12.64568,12.64828,0.00,0.00
2017.08.09 03:36:37.080,12.64568,12.64829,0.00,0.00
2017.08.09 03:36:37.231,12.64559,12.64828,0.00,0.00
2017.08.09 03:36:38.025,12.64559,12.64829,0.00,0.00
2017.08.09 03:36:38.126,12.64569,12.64829,0.00,0.00
2017.08.09 03:36:38.844,12.64569,12.64828,0.00,0.00
2017.08.09 03:36:39.301,12.64559,12.64828,0.00,0.00
2017.08.09 03:36:39.493,12.64608,12.64841,0.00,0.00
2017.08.09 03:36:39.745,12.64609,12.64849,0.00,0.00
2017.08.09 03:36:40.203,12.64658,12.64852,0.00,0.00
2017.08.09 03:36:40.305,12.64658,12.64872,0.00,0.00
2017.08.09 03:36:40.406,12.64658,12.64879,0.00,0.00
2017.08.09 03:36:40.672,12.64658,12.64901,0.00,0.00
2017.08.09 03:36:40.790,12.64658,12.64932,0.00,0.00
2017.08.09 03:36:40.992,12.64658,12.64901,0.00,0.00
2017.08.09 03:36:41.123,12.64658,12.64932,0.00,0.00
2017.08.09 03:36:41.224,12.64658,12.64902,0.00,0.00
2017.08.09 03:36:41.426,12.64658,12.64931,0.00,0.00
2017.08.09 03:36:41.527,12.64658,12.64922,0.00,0.00
2017.08.09 03:36:41.594,12.64658,12.64931,0.00,0.00
2017.08.09 03:36:42.797,12.64669,12.64939,0.00,0.00
2017.08.09 03:36:42.898,12.64658,12.64931,0.00,0.00
2017.08.09 03:36:43.944,12.64668,12.64939,0.00,0.00
2017.08.09 03:36:44.454,12.64668,12.64938,0.00,0.00
2017.08.09 03:36:44.898,12.64658,12.64939,0.00,0.00
2017.08.09 03:36:45.825,12.64708,12.64939,0.00,0.00
2017.08.09 03:36:45.926,12.64739,12.64992,0.00,0.00
2017.08.09 03:36:46.027,12.64758,12.64992,0.00,0.00
2017.08.09 03:36:46.100,12.64758,12.65028,0.00,0.00
2017.08.09 03:36:46.201,12.64758,12.65002,0.00,0.00
2017.08.09 03:36:46.544,12.64758,12.65022,0.00,0.00
2017.08.09 03:36:47.394,12.64738,12.64939,0.00,0.00
2017.08.09 03:36:47.444,12.64729,12.64938,0.00,0.00
2017.08.09 03:36:47.502,12.64658,12.64938,0.00,0.00
2017.08.09 03:36:47.553,12.64662,12.64938,0.00,0.00
2017.08.09 03:36:48.086,12.64658,12.64931,0.00,0.00
2017.08.09 03:36:48.415,12.64679,12.64939,0.00,0.00
2017.08.09 03:36:49.305,12.64661,12.64931,0.00,0.00
2017.08.09 03:36:49.717,12.64658,12.64931,0.00,0.00
2017.08.09 03:36:49.919,12.64658,12.64922,0.00,0.00
2017.08.09 03:36:50.443,12.64658,12.64912,0.00,0.00
2017.08.09 03:36:50.807,12.64658,12.64921,0.00,0.00
2017.08.09 03:36:52.621,12.64658,12.64912,0.00,0.00
2017.08.09 03:36:53.433,12.64658,12.64922,0.00,0.00
2017.08.09 03:36:53.534,12.64658,12.64939,0.00,0.00
2017.08.09 03:36:53.636,12.64661,12.64942,0.00,0.00
2017.08.09 03:36:54.054,12.64668,12.64938,0.00,0.00
2017.08.09 03:36:54.211,12.64659,12.64938,0.00,0.00
2017.08.09 03:36:54.434,12.64679,12.64939,0.00,0.00
2017.08.09 03:36:54.744,12.64731,12.64942,0.00,0.00
2017.08.09 03:36:54.845,12.64759,12.64992,0.00,0.00
2017.08.09 03:36:54.946,12.64759,12.65021,0.00,0.00
2017.08.09 03:36:55.047,12.64759,12.64992,0.00,0.00
2017.08.09 03:36:55.193,12.64708,12.64949,0.00,0.00
2017.08.09 03:36:55.333,12.64669,12.64941,0.00,0.00
2017.08.09 03:36:55.434,12.64661,12.64941,0.00,0.00
2017.08.09 03:36:55.803,12.64661,12.64939,0.00,0.00
2017.08.09 03:36:55.954,12.64659,12.64939,0.00,0.00
2017.08.09 03:36:56.106,12.64661,12.64941,0.00,0.00
2017.08.09 03:36:56.408,12.64708,12.64948,0.00,0.00
2017.08.09 03:36:57.026,12.64708,12.64949,0.00,0.00
2017.08.09 03:36:58.482,12.64708,12.64948,0.00,0.00
2017.08.09 03:36:58.534,12.64678,12.64939,0.00,0.00
2017.08.09 03:36:58.635,12.64659,12.64931,0.00,0.00
2017.08.09 03:36:58.736,12.64659,12.64921,0.00,0.00
2017.08.09 03:37:00.240,12.64659,12.64912,0.00,0.00
2017.08.09 03:37:01.225,12.64659,12.64921,0.00,0.00
2017.08.09 03:37:01.733,12.64659,12.64931,0.00,0.00
2017.08.09 03:37:01.951,12.64659,12.64902,0.00,0.00
2017.08.09 03:37:04.130,12.64659,12.64921,0.00,0.00
2017.08.09 03:37:04.563,12.64659,12.64932,0.00,0.00
2017.08.09 03:37:04.633,12.64659,12.64871,0.00,0.00
2017.08.09 03:37:09.346,12.64659,12.64882,0.00,0.00
2017.08.09 03:37:14.152,12.64659,12.64921,0.00,0.00
2017.08.09 03:37:14.655,12.64659,12.64871,0.00,0.00
2017.08.09 03:37:14.855,12.64659,12.64881,0.00,0.00
2017.08.09 03:37:16.493,12.64659,12.64931,0.00,0.00
2017.08.09 03:37:16.787,12.64659,12.64902,0.00,0.00
2017.08.09 03:37:20.261,12.64659,12.64911,0.00,0.00
2017.08.09 03:37:22.067,12.64629,12.64849,0.00,0.00
2017.08.09 03:37:22.168,12.64621,12.64842,0.00,0.00
2017.08.09 03:37:22.219,12.64659,12.64842,0.00,0.00
2017.08.09 03:37:22.269,12.64659,12.64872,0.00,0.00
2017.08.09 03:37:22.370,12.64659,12.64902,0.00,0.00
2017.08.09 03:37:22.471,12.64659,12.64928,0.00,0.00
2017.08.09 03:37:22.764,12.64659,12.64912,0.00,0.00
2017.08.09 03:37:22.983,12.64659,12.64929,0.00,0.00
2017.08.09 03:37:23.084,12.64659,12.64912,0.00,0.00
2017.08.09 03:37:24.146,12.64659,12.64922,0.00,0.00
2017.08.09 03:37:30.223,12.64659,12.64928,0.00,0.00
2017.08.09 03:37:30.373,12.64659,12.64922,0.00,0.00
2017.08.09 03:37:33.777,12.64659,12.64911,0.00,0.00
2017.08.09 03:37:36.480,12.64659,12.64929,0.00,0.00
2017.08.09 03:37:41.272,12.64659,12.64928,0.00,0.00
2017.08.09 03:37:43.433,12.64659,12.64929,0.00,0.00
2017.08.09 03:37:49.973,12.64659,12.64928,0.00,0.00
2017.08.09 03:37:50.125,12.64669,12.64929,0.00,0.00
2017.08.09 03:37:50.708,12.64659,12.64928,0.00,0.00
2017.08.09 03:37:51.033,12.64659,12.64932,0.00,0.00
2017.08.09 03:37:56.428,12.64668,12.64939,0.00,0.00
2017.08.09 03:37:56.825,12.64659,12.64931,0.00,0.00
2017.08.09 03:37:56.913,12.64659,12.64938,0.00,0.00
2017.08.09 03:37:57.014,12.64659,12.64931,0.00,0.00
2017.08.09 03:37:59.247,12.64659,12.64922,0.00,0.00
2017.08.09 03:38:00.842,12.64659,12.64911,0.00,0.00
2017.08.09 03:38:05.427,12.64659,12.64921,0.00,0.00
2017.08.09 03:38:08.944,12.64659,12.64932,0.00,0.00
2017.08.09 03:38:09.629,12.64659,12.64931,0.00,0.00
2017.08.09 03:38:11.761,12.64659,12.64939,0.00,0.00
2017.08.09 03:38:11.944,12.64668,12.64939,0.00,0.00
2017.08.09 03:38:12.238,12.64659,12.64939,0.00,0.00
2017.08.09 03:38:12.339,12.64659,12.64921,0.00,0.00
2017.08.09 03:38:12.440,12.64659,12.64931,0.00,0.00
2017.08.09 03:38:12.540,12.64659,12.64922,0.00,0.00
2017.08.09 03:38:14.142,12.64659,12.64932,0.00,0.00
2017.08.09 03:38:18.954,12.64668,12.64939,0.00,0.00
2017.08.09 03:38:19.849,12.64659,12.64939,0.00,0.00
2017.08.09 03:38:20.833,12.64659,12.64938,0.00,0.00
2017.08.09 03:38:20.883,12.64659,12.64921,0.00,0.00
2017.08.09 03:38:22.208,12.64642,12.64921,0.00,0.00
2017.08.09 03:38:28.058,12.64668,12.64938,0.00,0.00
2017.08.09 03:38:28.811,12.64668,12.64939,0.00,0.00
2017.08.09 03:38:29.059,12.64658,12.64939,0.00,0.00
2017.08.09 03:38:30.513,12.64658,12.64938,0.00,0.00
2017.08.09 03:38:32.272,12.64658,12.64939,0.00,0.00
2017.08.09 03:38:32.373,12.64668,12.64938,0.00,0.00
2017.08.09 03:38:34.164,12.64659,12.64938,0.00,0.00
2017.08.09 03:38:36.585,12.64659,12.64939,0.00,0.00
2017.08.09 03:38:36.735,12.64759,12.64991,0.00,0.00
2017.08.09 03:38:36.785,12.64759,12.65012,0.00,0.00
2017.08.09 03:38:36.993,12.64759,12.64991,0.00,0.00
2017.08.09 03:38:37.112,12.64759,12.65002,0.00,0.00
2017.08.09 03:38:37.216,12.64759,12.65029,0.00,0.00
2017.08.09 03:38:37.669,12.64759,12.65022,0.00,0.00
2017.08.09 03:38:40.106,12.64759,12.65028,0.00,0.00
2017.08.09 03:38:40.206,12.64759,12.65012,0.00,0.00
2017.08.09 03:38:41.888,12.64759,12.65029,0.00,0.00
2017.08.09 03:38:42.385,12.64809,12.65051,0.00,0.00
2017.08.09 03:38:42.486,12.64879,12.65139,0.00,0.00
2017.08.09 03:38:42.637,12.64958,12.65139,0.00,0.00
2017.08.09 03:38:42.688,12.64958,12.65158,0.00,0.00
2017.08.09 03:38:42.915,12.64958,12.65229,0.00,0.00
2017.08.09 03:38:43.076,12.64958,12.65211,0.00,0.00
2017.08.09 03:38:43.177,12.64958,12.65229,0.00,0.00
2017.08.09 03:38:43.378,12.64958,12.65212,0.00,0.00
2017.08.09 03:38:44.077,12.64958,12.65229,0.00,0.00
2017.08.09 03:38:44.223,12.64958,12.65212,0.00,0.00
2017.08.09 03:38:44.779,12.64958,12.65229,0.00,0.00
2017.08.09 03:38:45.423,12.64948,12.65148,0.00,0.00
2017.08.09 03:38:45.524,12.64909,12.65138,0.00,0.00
2017.08.09 03:38:45.575,12.64859,12.65138,0.00,0.00
2017.08.09 03:38:45.625,12.64858,12.65132,0.00,0.00
2017.08.09 03:38:48.093,12.64858,12.65122,0.00,0.00
2017.08.09 03:38:48.414,12.64859,12.65062,0.00,0.00
2017.08.09 03:38:48.516,12.64859,12.65101,0.00,0.00
2017.08.09 03:38:48.712,12.64859,12.65072,0.00,0.00
2017.08.09 03:38:48.785,12.64859,12.65102,0.00,0.00
2017.08.09 03:38:49.686,12.64859,12.65082,0.00,0.00
2017.08.09 03:38:49.886,12.64859,12.65092,0.00,0.00
2017.08.09 03:38:50.213,12.64788,12.65041,0.00,0.00
2017.08.09 03:38:50.314,12.64759,12.65032,0.00,0.00
2017.08.09 03:38:50.416,12.64759,12.65021,0.00,0.00
2017.08.09 03:38:50.974,12.64809,12.65021,0.00,0.00
2017.08.09 03:38:51.024,12.64809,12.65042,0.00,0.00
2017.08.09 03:38:51.125,12.64809,12.65072,0.00,0.00
2017.08.09 03:38:51.226,12.64809,12.65081,0.00,0.00
2017.08.09 03:38:51.489,12.64809,12.65071,0.00,0.00
2017.08.09 03:38:53.735,12.64818,12.65089,0.00,0.00
2017.08.09 03:38:54.094,12.64809,12.65082,0.00,0.00
2017.08.09 03:38:54.823,12.64818,12.65089,0.00,0.00
2017.08.09 03:38:54.940,12.64809,12.65081,0.00,0.00
2017.08.09 03:38:57.060,12.64858,12.65081,0.00,0.00
2017.08.09 03:38:57.111,12.64858,12.65128,0.00,0.00
2017.08.09 03:38:57.859,12.64858,12.65129,0.00,0.00
2017.08.09 03:38:59.644,12.64858,12.65128,0.00,0.00
2017.08.09 03:39:00.137,12.64858,12.65111,0.00,0.00
2017.08.09 03:39:00.499,12.64858,12.65102,0.00,0.00
2017.08.09 03:39:01.002,12.64858,12.65101,0.00,0.00
2017.08.09 03:39:01.237,12.64858,12.65132,0.00,0.00
2017.08.09 03:39:01.288,12.64858,12.65129,0.00,0.00
2017.08.09 03:39:01.439,12.64759,12.65038,0.00,0.00
2017.08.09 03:39:01.870,12.64761,12.65039,0.00,0.00
2017.08.09 03:39:02.183,12.64778,12.65039,0.00,0.00
2017.08.09 03:39:02.485,12.64859,12.65112,0.00,0.00
2017.08.09 03:39:02.760,12.64862,12.65118,0.00,0.00
2017.08.09 03:39:02.811,12.64879,12.65119,0.00,0.00
2017.08.09 03:39:03.303,12.64908,12.65139,0.00,0.00
2017.08.09 03:39:03.404,12.64881,12.65139,0.00,0.00
2017.08.09 03:39:03.455,12.64879,12.65139,0.00,0.00
2017.08.09 03:39:03.813,12.64868,12.65138,0.00,0.00
2017.08.09 03:39:03.911,12.64862,12.65138,0.00,0.00
2017.08.09 03:39:04.211,12.64869,12.65138,0.00,0.00
2017.08.09 03:39:04.756,12.64859,12.65138,0.00,0.00
2017.08.09 03:39:04.912,12.64858,12.65132,0.00,0.00
2017.08.09 03:39:05.754,12.64858,12.65121,0.00,0.00
2017.08.09 03:39:05.955,12.64858,12.65138,0.00,0.00
2017.08.09 03:39:06.059,12.64869,12.65138,0.00,0.00
2017.08.09 03:39:07.352,12.64869,12.65139,0.00,0.00
2017.08.09 03:39:07.760,12.64858,12.65122,0.00,0.00
2017.08.09 03:39:08.439,12.64858,12.65139,0.00,0.00
2017.08.09 03:39:09.100,12.64858,12.65138,0.00,0.00
2017.08.09 03:39:09.718,12.64858,12.65139,0.00,0.00
2017.08.09 03:39:09.769,12.64868,12.65139,0.00,0.00
2017.08.09 03:39:10.116,12.64958,12.65162,0.00,0.00
2017.08.09 03:39:10.166,12.64908,12.65139,0.00,0.00
2017.08.09 03:39:10.217,12.64908,12.65158,0.00,0.00
2017.08.09 03:39:10.319,12.64931,12.65139,0.00,0.00
2017.08.09 03:39:10.369,12.64908,12.65139,0.00,0.00
2017.08.09 03:39:10.470,12.64958,12.65138,0.00,0.00
2017.08.09 03:39:10.571,12.64859,12.65132,0.00,0.00
2017.08.09 03:39:10.876,12.64909,12.65132,0.00,0.00
2017.08.09 03:39:10.927,12.64909,12.65149,0.00,0.00
2017.08.09 03:39:11.465,12.64959,12.65172,0.00,0.00
2017.08.09 03:39:11.617,12.64909,12.65158,0.00,0.00
2017.08.09 03:39:11.810,12.64909,12.65171,0.00,0.00
2017.08.09 03:39:11.861,12.64909,12.65178,0.00,0.00
2017.08.09 03:39:11.923,12.64909,12.65151,0.00,0.00
2017.08.09 03:39:11.974,12.64869,12.65128,0.00,0.00
2017.08.09 03:39:12.125,12.64858,12.65129,0.00,0.00
2017.08.09 03:39:13.225,12.64859,12.65129,0.00,0.00
2017.08.09 03:39:16.228,12.64858,12.65129,0.00,0.00
2017.08.09 03:39:19.779,12.64858,12.65128,0.00,0.00
2017.08.09 03:39:20.387,12.64858,12.65129,0.00,0.00
2017.08.09 03:39:20.438,12.64858,12.65121,0.00,0.00
2017.08.09 03:39:22.380,12.64868,12.65129,0.00,0.00
2017.08.09 03:39:22.701,12.64878,12.65128,0.00,0.00
2017.08.09 03:39:22.752,12.64858,12.65128,0.00,0.00
2017.08.09 03:39:23.810,12.64858,12.65129,0.00,0.00
2017.08.09 03:39:23.861,12.64879,12.65129,0.00,0.00
2017.08.09 03:39:24.037,12.64858,12.65129,0.00,0.00
2017.08.09 03:39:24.755,12.64859,12.65128,0.00,0.00
2017.08.09 03:39:24.848,12.64859,12.65141,0.00,0.00
2017.08.09 03:39:24.899,12.64859,12.65129,0.00,0.00
2017.08.09 03:39:25.288,12.64869,12.65128,0.00,0.00
2017.08.09 03:39:25.466,12.64858,12.65128,0.00,0.00
2017.08.09 03:39:25.516,12.64862,12.65128,0.00,0.00
2017.08.09 03:39:26.015,12.64878,12.65128,0.00,0.00
2017.08.09 03:39:27.775,12.64878,12.65129,0.00,0.00
2017.08.09 03:39:27.927,12.64908,12.65162,0.00,0.00
2017.08.09 03:39:28.078,12.64908,12.65178,0.00,0.00
2017.08.09 03:39:29.584,12.64888,12.65129,0.00,0.00
2017.08.09 03:39:29.685,12.64869,12.65128,0.00,0.00
2017.08.09 03:39:29.786,12.64859,12.65128,0.00,0.00
2017.08.09 03:39:30.364,12.64859,12.65129,0.00,0.00
2017.08.09 03:39:32.523,12.64862,12.65128,0.00,0.00
2017.08.09 03:39:32.826,12.64878,12.65129,0.00,0.00
2017.08.09 03:39:32.984,12.64859,12.65128,0.00,0.00
2017.08.09 03:39:33.187,12.64859,12.65121,0.00,0.00
2017.08.09 03:39:33.249,12.64859,12.65128,0.00,0.00
2017.08.09 03:39:33.350,12.64878,12.65129,0.00,0.00
2017.08.09 03:39:33.884,12.64878,12.65128,0.00,0.00
2017.08.09 03:39:33.950,12.64868,12.65128,0.00,0.00
2017.08.09 03:39:35.156,12.64882,12.65128,0.00,0.00
2017.08.09 03:39:35.460,12.64958,12.65202,0.00,0.00
2017.08.09 03:39:35.854,12.64958,12.65192,0.00,0.00
2017.08.09 03:39:36.305,12.64958,12.65182,0.00,0.00
2017.08.09 03:39:37.055,12.64958,12.65191,0.00,0.00
2017.08.09 03:39:37.574,12.64958,12.65182,0.00,0.00
2017.08.09 03:39:37.675,12.64958,12.65218,0.00,0.00
2017.08.09 03:39:38.005,12.64958,12.65211,0.00,0.00
2017.08.09 03:39:39.497,12.64958,12.65202,0.00,0.00
2017.08.09 03:39:39.558,12.64958,12.65219,0.00,0.00
2017.08.09 03:39:41.584,12.64958,12.65218,0.00,0.00
2017.08.09 03:39:41.999,12.64958,12.65202,0.00,0.00
2017.08.09 03:39:42.367,12.64958,12.65211,0.00,0.00
2017.08.09 03:39:42.465,12.64958,12.65202,0.00,0.00
2017.08.09 03:39:43.065,12.64958,12.65212,0.00,0.00
2017.08.09 03:39:43.398,12.64958,12.65201,0.00,0.00
2017.08.09 03:39:43.466,12.64958,12.65219,0.00,0.00
2017.08.09 03:39:43.866,12.64958,12.65211,0.00,0.00
2017.08.09 03:39:44.389,12.65008,12.65219,0.00,0.00
2017.08.09 03:39:44.692,12.65059,12.65272,0.00,0.00
2017.08.09 03:39:44.793,12.65012,12.65242,0.00,0.00
2017.08.09 03:39:44.844,12.65058,12.65249,0.00,0.00
2017.08.09 03:39:45.073,12.65058,12.65258,0.00,0.00
2017.08.09 03:39:45.375,12.65058,12.65272,0.00,0.00
2017.08.09 03:39:45.476,12.65058,12.65279,0.00,0.00
2017.08.09 03:39:46.673,12.65058,12.65258,0.00,0.00
2017.08.09 03:39:47.007,12.65058,12.65252,0.00,0.00
2017.08.09 03:39:47.172,12.65058,12.65258,0.00,0.00
2017.08.09 03:39:47.990,12.65008,12.65238,0.00,0.00
2017.08.09 03:39:48.091,12.64958,12.65239,0.00,0.00
2017.08.09 03:39:48.192,12.64958,12.65231,0.00,0.00
2017.08.09 03:39:48.516,12.64958,12.65211,0.00,0.00
2017.08.09 03:39:48.574,12.64958,12.65239,0.00,0.00
2017.08.09 03:39:48.675,12.64958,12.65211,0.00,0.00
2017.08.09 03:39:49.323,12.64958,12.65231,0.00,0.00
2017.08.09 03:39:49.375,12.64958,12.65212,0.00,0.00
2017.08.09 03:39:50.124,12.64958,12.65238,0.00,0.00
2017.08.09 03:39:50.300,12.64958,12.65212,0.00,0.00
2017.08.09 03:39:50.611,12.64958,12.65222,0.00,0.00
2017.08.09 03:39:50.712,12.64958,12.65239,0.00,0.00
2017.08.09 03:39:50.814,12.64968,12.65239,0.00,0.00
2017.08.09 03:39:51.585,12.65061,12.65239,0.00,0.00
2017.08.09 03:39:51.635,12.65062,12.65252,0.00,0.00
2017.08.09 03:39:51.686,12.65061,12.65262,0.00,0.00
2017.08.09 03:39:51.737,12.65058,12.65262,0.00,0.00
2017.08.09 03:39:51.838,12.65058,12.65302,0.00,0.00
2017.08.09 03:39:51.990,12.65058,12.65318,0.00,0.00
2017.08.09 03:39:52.380,12.65058,12.65302,0.00,0.00
2017.08.09 03:39:52.981,12.65058,12.65318,0.00,0.00
2017.08.09 03:39:53.081,12.65058,12.65301,0.00,0.00
2017.08.09 03:39:53.683,12.65058,12.65311,0.00,0.00
2017.08.09 03:39:53.844,12.65058,12.65318,0.00,0.00
2017.08.09 03:39:54.579,12.65058,12.65319,0.00,0.00
2017.08.09 03:39:58.088,12.65058,12.65301,0.00,0.00
2017.08.09 03:40:00.193,12.65058,12.65312,0.00,0.00
2017.08.09 03:40:00.543,12.65058,12.65272,0.00,0.00
2017.08.09 03:40:00.792,12.65058,12.65299,0.00,0.00
2017.08.09 03:40:00.990,12.65058,12.65301,0.00,0.00
2017.08.09 03:40:01.040,12.65058,12.65299,0.00,0.00
2017.08.09 03:40:01.366,12.65058,12.65262,0.00,0.00
2017.08.09 03:40:01.517,12.64958,12.65209,0.00,0.00
2017.08.09 03:40:01.683,12.64958,12.65202,0.00,0.00
2017.08.09 03:40:02.290,12.64958,12.65199,0.00,0.00
2017.08.09 03:40:03.242,12.64958,12.65198,0.00,0.00
2017.08.09 03:40:05.288,12.64959,12.65198,0.00,0.00
2017.08.09 03:40:07.775,12.64959,12.65199,0.00,0.00
2017.08.09 03:40:08.077,12.64891,12.65119,0.00,0.00
2017.08.09 03:40:08.128,12.64891,12.65139,0.00,0.00
2017.08.09 03:40:08.178,12.64879,12.65119,0.00,0.00
2017.08.09 03:40:08.330,12.64859,12.65109,0.00,0.00
2017.08.09 03:40:08.460,12.64908,12.65132,0.00,0.00
2017.08.09 03:40:08.512,12.64881,12.65139,0.00,0.00
2017.08.09 03:40:08.563,12.64878,12.65128,0.00,0.00
2017.08.09 03:40:08.715,12.64859,12.65122,0.00,0.00
2017.08.09 03:40:09.101,12.64859,12.65128,0.00,0.00
2017.08.09 03:40:09.202,12.64859,12.65121,0.00,0.00
2017.08.09 03:40:09.696,12.64859,12.65128,0.00,0.00
2017.08.09 03:40:10.132,12.64869,12.65129,0.00,0.00
2017.08.09 03:40:10.791,12.64869,12.65128,0.00,0.00
2017.08.09 03:40:11.199,12.64859,12.65122,0.00,0.00
2017.08.09 03:40:11.898,12.64868,12.65128,0.00,0.00
2017.08.09 03:40:12.299,12.64878,12.65128,0.00,0.00
2017.08.09 03:40:12.500,12.64862,12.65128,0.00,0.00
2017.08.09 03:40:12.551,12.64859,12.65129,0.00,0.00
2017.08.09 03:40:12.822,12.64859,12.65122,0.00,0.00
2017.08.09 03:40:13.301,12.64859,12.65129,0.00,0.00
2017.08.09 03:40:13.402,12.64859,12.65118,0.00,0.00
2017.08.09 03:40:14.161,12.64859,12.65119,0.00,0.00
2017.08.09 03:40:14.464,12.64868,12.65118,0.00,0.00
2017.08.09 03:40:14.905,12.64859,12.65119,0.00,0.00
2017.08.09 03:40:17.710,12.64868,12.65119,0.00,0.00
2017.08.09 03:40:17.811,12.64859,12.65119,0.00,0.00
2017.08.09 03:40:18.311,12.64859,12.65111,0.00,0.00
2017.08.09 03:40:18.912,12.64859,12.65118,0.00,0.00
2017.08.09 03:40:19.701,12.64859,12.65119,0.00,0.00
2017.08.09 03:40:20.360,12.64859,12.65118,0.00,0.00
2017.08.09 03:40:21.020,12.64859,12.65119,0.00,0.00
2017.08.09 03:40:22.450,12.64859,12.65118,0.00,0.00
2017.08.09 03:40:24.276,12.64859,12.65119,0.00,0.00
2017.08.09 03:40:24.327,12.64868,12.65119,0.00,0.00
2017.08.09 03:40:25.081,12.64868,12.65118,0.00,0.00
2017.08.09 03:40:25.462,12.64859,12.65119,0.00,0.00
2017.08.09 03:40:26.231,12.64859,12.65118,0.00,0.00
2017.08.09 03:40:26.735,12.64859,12.65119,0.00,0.00
2017.08.09 03:40:30.242,12.64859,12.65118,0.00,0.00
2017.08.09 03:40:30.444,12.64859,12.65102,0.00,0.00
2017.08.09 03:40:31.010,12.64859,12.65072,0.00,0.00
2017.08.09 03:40:31.562,12.64859,12.65101,0.00,0.00
2017.08.09 03:40:31.663,12.64819,12.65042,0.00,0.00
2017.08.09 03:40:31.764,12.64809,12.65049,0.00,0.00
2017.08.09 03:40:31.865,12.64809,12.65041,0.00,0.00
2017.08.09 03:40:32.162,12.64762,12.65041,0.00,0.00
2017.08.09 03:40:32.212,12.64781,12.65041,0.00,0.00
2017.08.09 03:40:32.638,12.64809,12.65048,0.00,0.00
2017.08.09 03:40:34.362,12.64779,12.65018,0.00,0.00
2017.08.09 03:40:34.563,12.64759,12.65019,0.00,0.00
2017.08.09 03:40:35.075,12.64759,12.65018,0.00,0.00
2017.08.09 03:40:35.361,12.64761,12.65019,0.00,0.00
2017.08.09 03:40:35.861,12.64781,12.65019,0.00,0.00
2017.08.09 03:40:35.911,12.64808,12.65049,0.00,0.00
2017.08.09 03:40:36.451,12.64808,12.65048,0.00,0.00
2017.08.09 03:40:41.061,12.64758,12.65019,0.00,0.00
2017.08.09 03:40:41.571,12.64758,12.65018,0.00,0.00
2017.08.09 03:40:41.963,12.64758,12.65012,0.00,0.00
2017.08.09 03:40:42.271,12.64758,12.65019,0.00,0.00
2017.08.09 03:40:42.851,12.64758,12.65012,0.00,0.00
2017.08.09 03:40:43.952,12.64758,12.65019,0.00,0.00
2017.08.09 03:40:45.253,12.64758,12.65011,0.00,0.00
2017.08.09 03:40:46.767,12.64758,12.65019,0.00,0.00
2017.08.09 03:40:47.277,12.64758,12.65018,0.00,0.00
2017.08.09 03:40:47.939,12.64759,12.65018,0.00,0.00
2017.08.09 03:40:49.971,12.64768,12.65019,0.00,0.00
2017.08.09 03:40:50.060,12.64758,12.65019,0.00,0.00
2017.08.09 03:40:50.360,12.64768,12.65019,0.00,0.00
2017.08.09 03:40:51.364,12.64759,12.65019,0.00,0.00
2017.08.09 03:40:51.414,12.64859,12.65041,0.00,0.00
2017.08.09 03:40:51.565,12.64859,12.65102,0.00,0.00
2017.08.09 03:40:51.667,12.64859,12.65108,0.00,0.00
2017.08.09 03:40:52.282,12.64859,12.65109,0.00,0.00
2017.08.09 03:40:53.092,12.64868,12.65109,0.00,0.00
2017.08.09 03:40:53.344,12.64868,12.65118,0.00,0.00
2017.08.09 03:40:53.504,12.64859,12.65119,0.00,0.00
2017.08.09 03:40:53.873,12.64869,12.65118,0.00,0.00
2017.08.09 03:40:54.222,12.64859,12.65119,0.00,0.00
2017.08.09 03:40:55.584,12.64859,12.65118,0.00,0.00
2017.08.09 03:40:56.193,12.64859,12.65119,0.00,0.00
2017.08.09 03:40:56.952,12.64859,12.65118,0.00,0.00
2017.08.09 03:40:57.104,12.64859,12.65111,0.00,0.00
2017.08.09 03:41:00.084,12.64859,12.65119,0.00,0.00
2017.08.09 03:41:02.187,12.64859,12.65112,0.00,0.00
2017.08.09 03:41:02.689,12.64859,12.65119,0.00,0.00
2017.08.09 03:41:03.290,12.64859,12.65118,0.00,0.00
2017.08.09 03:41:05.816,12.64859,12.65119,0.00,0.00
2017.08.09 03:41:05.917,12.64859,12.65112,0.00,0.00
2017.08.09 03:41:06.409,12.64859,12.65118,0.00,0.00
2017.08.09 03:41:06.460,12.64859,12.65131,0.00,0.00
2017.08.09 03:41:06.510,12.64859,12.65122,0.00,0.00
2017.08.09 03:41:07.087,12.64859,12.65119,0.00,0.00
2017.08.09 03:41:08.419,12.64859,12.65118,0.00,0.00
2017.08.09 03:41:08.912,12.64859,12.65102,0.00,0.00
2017.08.09 03:41:09.222,12.64859,12.65111,0.00,0.00
2017.08.09 03:41:09.379,12.64859,12.65082,0.00,0.00
2017.08.09 03:41:10.223,12.64859,12.65102,0.00,0.00
2017.08.09 03:41:10.315,12.64859,12.65119,0.00,0.00
2017.08.09 03:41:10.615,12.64859,12.65112,0.00,0.00
2017.08.09 03:41:11.416,12.64859,12.65119,0.00,0.00
2017.08.09 03:41:11.994,12.64859,12.65118,0.00,0.00
2017.08.09 03:41:12.419,12.64859,12.65102,0.00,0.00
2017.08.09 03:41:13.283,12.64892,12.65102,0.00,0.00
2017.08.09 03:41:13.485,12.64862,12.65118,0.00,0.00
2017.08.09 03:41:13.535,12.64869,12.65118,0.00,0.00
2017.08.09 03:41:13.932,12.64861,12.65119,0.00,0.00
2017.08.09 03:41:14.331,12.64881,12.65119,0.00,0.00
2017.08.09 03:41:14.432,12.64909,12.65148,0.00,0.00
2017.08.09 03:41:15.164,12.64909,12.65149,0.00,0.00
2017.08.09 03:41:17.945,12.64878,12.65118,0.00,0.00
2017.08.09 03:41:18.046,12.64858,12.65118,0.00,0.00
2017.08.09 03:41:18.553,12.64869,12.65118,0.00,0.00
2017.08.09 03:41:18.730,12.64858,12.65118,0.00,0.00
2017.08.09 03:41:18.831,12.64858,12.65112,0.00,0.00
2017.08.09 03:41:20.566,12.64858,12.65108,0.00,0.00
2017.08.09 03:41:21.738,12.64858,12.65109,0.00,0.00
2017.08.09 03:41:24.064,12.64858,12.65102,0.00,0.00
2017.08.09 03:41:24.166,12.64858,12.65109,0.00,0.00
2017.08.09 03:41:25.469,12.64858,12.65108,0.00,0.00
2017.08.09 03:41:26.080,12.64858,12.65109,0.00,0.00
2017.08.09 03:41:26.740,12.64858,12.65108,0.00,0.00
2017.08.09 03:41:27.239,12.64862,12.65108,0.00,0.00
2017.08.09 03:41:27.576,12.64959,12.65198,0.00,0.00
2017.08.09 03:41:27.778,12.64959,12.65202,0.00,0.00
2017.08.09 03:41:27.879,12.64959,12.65209,0.00,0.00
2017.08.09 03:41:27.930,12.64959,12.65228,0.00,0.00
2017.08.09 03:41:28.553,12.64959,12.65212,0.00,0.00
2017.08.09 03:41:30.461,12.64959,12.65172,0.00,0.00
2017.08.09 03:41:31.201,12.64959,12.65228,0.00,0.00
2017.08.09 03:41:31.302,12.64959,12.65212,0.00,0.00
2017.08.09 03:41:31.409,12.64959,12.65229,0.00,0.00
2017.08.09 03:41:34.166,12.64959,12.65222,0.00,0.00
2017.08.09 03:41:34.803,12.64959,12.65228,0.00,0.00
2017.08.09 03:41:35.772,12.64959,12.65229,0.00,0.00
2017.08.09 03:41:35.985,12.64959,12.65221,0.00,0.00
2017.08.09 03:41:36.379,12.64959,12.65172,0.00,0.00
2017.08.09 03:41:38.274,12.64959,12.65202,0.00,0.00
2017.08.09 03:41:38.375,12.64959,12.65229,0.00,0.00
2017.08.09 03:41:39.511,12.64959,12.65228,0.00,0.00
2017.08.09 03:41:39.713,12.64969,12.65229,0.00,0.00
2017.08.09 03:41:40.808,12.64969,12.65228,0.00,0.00
2017.08.09 03:41:40.909,12.64959,12.65229,0.00,0.00
2017.08.09 03:41:41.009,12.64968,12.65228,0.00,0.00
2017.08.09 03:41:41.660,12.64968,12.65229,0.00,0.00
2017.08.09 03:41:41.922,12.64959,12.65229,0.00,0.00
2017.08.09 03:41:42.023,12.64959,12.65222,0.00,0.00
2017.08.09 03:41:42.581,12.64959,12.65221,0.00,0.00
2017.08.09 03:41:43.382,12.64959,12.65201,0.00,0.00
2017.08.09 03:41:43.701,12.64959,12.65228,0.00,0.00
2017.08.09 03:41:43.802,12.64969,12.65229,0.00,0.00
2017.08.09 03:41:44.004,12.64959,12.65221,0.00,0.00
2017.08.09 03:41:45.407,12.64959,12.65211,0.00,0.00
2017.08.09 03:41:46.723,12.64968,12.65228,0.00,0.00
2017.08.09 03:41:46.831,12.65021,12.65229,0.00,0.00
2017.08.09 03:41:46.933,12.65059,12.65299,0.00,0.00
2017.08.09 03:41:47.034,12.65059,12.65291,0.00,0.00
2017.08.09 03:41:47.135,12.65059,12.65299,0.00,0.00
2017.08.09 03:41:49.650,12.65059,12.65298,0.00,0.00
2017.08.09 03:41:50.200,12.65059,12.65299,0.00,0.00
2017.08.09 03:41:51.561,12.65059,12.65298,0.00,0.00
2017.08.09 03:41:52.320,12.65059,12.65299,0.00,0.00
2017.08.09 03:41:54.491,12.65059,12.65298,0.00,0.00
2017.08.09 03:41:55.027,12.65059,12.65299,0.00,0.00
2017.08.09 03:41:55.128,12.65059,12.65272,0.00,0.00
2017.08.09 03:41:55.432,12.65059,12.65282,0.00,0.00
2017.08.09 03:41:56.469,12.65059,12.65322,0.00,0.00
2017.08.09 03:41:56.520,12.65059,12.65298,0.00,0.00
2017.08.09 03:41:56.621,12.65059,12.65319,0.00,0.00
2017.08.09 03:41:56.671,12.65059,12.65301,0.00,0.00
2017.08.09 03:41:56.945,12.65059,12.65319,0.00,0.00
2017.08.09 03:41:57.046,12.65059,12.65311,0.00,0.00
2017.08.09 03:41:57.651,12.65059,12.65319,0.00,0.00
2017.08.09 03:41:57.853,12.65059,12.65302,0.00,0.00
2017.08.09 03:41:58.164,12.65059,12.65272,0.00,0.00
2017.08.09 03:41:58.265,12.65059,12.65318,0.00,0.00
2017.08.09 03:41:58.316,12.65059,12.65299,0.00,0.00
2017.08.09 03:41:58.707,12.65059,12.65271,0.00,0.00
2017.08.09 03:41:59.591,12.65059,12.65298,0.00,0.00
2017.08.09 03:42:01.491,12.65059,12.65299,0.00,0.00
2017.08.09 03:42:02.830,12.65048,12.65239,0.00,0.00
2017.08.09 03:42:02.881,12.65008,12.65239,0.00,0.00
2017.08.09 03:42:02.932,12.64959,12.65239,0.00,0.00
2017.08.09 03:42:03.661,12.64959,12.65238,0.00,0.00
2017.08.09 03:42:04.167,12.64968,12.65238,0.00,0.00
2017.08.09 03:42:04.468,12.64959,12.65239,0.00,0.00
2017.08.09 03:42:04.834,12.65022,12.65238,0.00,0.00
2017.08.09 03:42:04.971,12.65058,12.65301,0.00,0.00
2017.08.09 03:42:05.072,12.65058,12.65318,0.00,0.00
2017.08.09 03:42:08.901,12.65058,12.65319,0.00,0.00
2017.08.09 03:42:09.002,12.65069,12.65318,0.00,0.00
2017.08.09 03:42:09.212,12.65058,12.65312,0.00,0.00
2017.08.09 03:42:09.680,12.65058,12.65319,0.00,0.00
2017.08.09 03:42:09.831,12.65058,12.65312,0.00,0.00
2017.08.09 03:42:09.882,12.65058,12.65319,0.00,0.00
2017.08.09 03:42:10.596,12.65058,12.65318,0.00,0.00
2017.08.09 03:42:14.428,12.65058,12.65319,0.00,0.00
2017.08.09 03:42:14.493,12.65058,12.65312,0.00,0.00
2017.08.09 03:42:14.602,12.65058,12.65318,0.00,0.00
2017.08.09 03:42:15.012,12.65069,12.65319,0.00,0.00
2017.08.09 03:42:15.901,12.65059,12.65319,0.00,0.00
2017.08.09 03:42:17.465,12.65059,12.65318,0.00,0.00
2017.08.09 03:42:17.670,12.65058,12.65312,0.00,0.00
2017.08.09 03:42:18.332,12.65058,12.65319,0.00,0.00
2017.08.09 03:42:19.507,12.65058,12.65342,0.00,0.00
2017.08.09 03:42:19.651,12.65058,12.65319,0.00,0.00
2017.08.09 03:42:21.679,12.65058,12.65318,0.00,0.00
2017.08.09 03:42:22.196,12.65058,12.65319,0.00,0.00
2017.08.09 03:42:22.609,12.65069,12.65338,0.00,0.00
2017.08.09 03:42:23.568,12.65069,12.65339,0.00,0.00
2017.08.09 03:42:23.619,12.65058,12.65332,0.00,0.00
2017.08.09 03:42:25.213,12.65068,12.65339,0.00,0.00
2017.08.09 03:42:25.657,12.65058,12.65322,0.00,0.00
2017.08.09 03:42:26.057,12.65069,12.65338,0.00,0.00
2017.08.09 03:42:26.322,12.65058,12.65339,0.00,0.00
2017.08.09 03:42:26.825,12.65059,12.65339,0.00,0.00
2017.08.09 03:42:27.126,12.65058,12.65321,0.00,0.00
2017.08.09 03:42:28.029,12.65058,12.65312,0.00,0.00
2017.08.09 03:42:28.674,12.65058,12.65331,0.00,0.00
2017.08.09 03:42:30.152,12.65058,12.65311,0.00,0.00
2017.08.09 03:42:30.465,12.65058,12.65339,0.00,0.00
2017.08.09 03:42:31.163,12.65058,12.65338,0.00,0.00
2017.08.09 03:42:31.263,12.65058,12.65322,0.00,0.00
2017.08.09 03:42:34.065,12.65058,12.65311,0.00,0.00
2017.08.09 03:42:34.297,12.65058,12.65322,0.00,0.00
2017.08.09 03:42:34.352,12.65058,12.65339,0.00,0.00
2017.08.09 03:42:35.106,12.65058,12.65338,0.00,0.00
2017.08.09 03:42:35.273,12.65058,12.65321,0.00,0.00
2017.08.09 03:42:35.375,12.65058,12.65332,0.00,0.00
2017.08.09 03:42:35.476,12.65058,12.65321,0.00,0.00
2017.08.09 03:42:38.075,12.65068,12.65338,0.00,0.00
2017.08.09 03:42:38.176,12.65058,12.65322,0.00,0.00
2017.08.09 03:42:38.963,12.65058,12.65321,0.00,0.00
2017.08.09 03:42:39.812,12.65058,12.65332,0.00,0.00
2017.08.09 03:42:39.870,12.65058,12.65311,0.00,0.00
2017.08.09 03:42:41.073,12.65058,12.65321,0.00,0.00
2017.08.09 03:42:44.356,12.65039,12.65239,0.00,0.00
2017.08.09 03:42:44.407,12.65018,12.65238,0.00,0.00
2017.08.09 03:42:44.508,12.64958,12.65232,0.00,0.00
2017.08.09 03:42:45.118,12.64959,12.65238,0.00,0.00
2017.08.09 03:42:45.219,12.64978,12.65238,0.00,0.00
2017.08.09 03:42:45.746,12.64958,12.65238,0.00,0.00
2017.08.09 03:42:46.261,12.64958,12.65239,0.00,0.00
2017.08.09 03:42:46.680,12.64968,12.65239,0.00,0.00
2017.08.09 03:42:47.881,12.64958,12.65232,0.00,0.00
2017.08.09 03:42:49.344,12.65059,12.65232,0.00,0.00
2017.08.09 03:42:49.395,12.65059,12.65261,0.00,0.00
2017.08.09 03:42:49.496,12.65059,12.65302,0.00,0.00
2017.08.09 03:42:49.583,12.65059,12.65309,0.00,0.00
2017.08.09 03:42:50.286,12.65059,12.65308,0.00,0.00
2017.08.09 03:42:51.142,12.65059,12.65309,0.00,0.00
2017.08.09 03:42:52.844,12.65059,12.65308,0.00,0.00
2017.08.09 03:42:53.636,12.65059,12.65228,0.00,0.00
2017.08.09 03:42:53.687,12.65048,12.65219,0.00,0.00
2017.08.09 03:42:53.788,12.64988,12.65218,0.00,0.00
2017.08.09 03:42:53.889,12.64958,12.65218,0.00,0.00
2017.08.09 03:42:53.939,12.64958,12.65211,0.00,0.00
2017.08.09 03:42:54.234,12.64959,12.65219,0.00,0.00
2017.08.09 03:42:54.906,12.64958,12.65219,0.00,0.00
2017.08.09 03:42:55.781,12.64958,12.65218,0.00,0.00
2017.08.09 03:42:57.122,12.64958,12.65219,0.00,0.00
2017.08.09 03:42:57.424,12.64968,12.65219,0.00,0.00
2017.08.09 03:42:58.118,12.64958,12.65219,0.00,0.00
2017.08.09 03:42:59.171,12.64958,12.65218,0.00,0.00
2017.08.09 03:42:59.800,12.64958,12.65219,0.00,0.00
2017.08.09 03:43:01.024,12.64958,12.65218,0.00,0.00
2017.08.09 03:43:01.163,12.64978,12.65219,0.00,0.00
2017.08.09 03:43:01.223,12.64958,12.65219,0.00,0.00
2017.08.09 03:43:02.760,12.64968,12.65219,0.00,0.00
2017.08.09 03:43:03.229,12.64958,12.65218,0.00,0.00
2017.08.09 03:43:03.330,12.64969,12.65219,0.00,0.00
2017.08.09 03:43:03.431,12.64958,12.65219,0.00,0.00
2017.08.09 03:43:04.106,12.64958,12.65218,0.00,0.00
2017.08.09 03:43:04.723,12.64958,12.65219,0.00,0.00
2017.08.09 03:43:05.265,12.64969,12.65219,0.00,0.00
2017.08.09 03:43:05.467,12.64958,12.65219,0.00,0.00
2017.08.09 03:43:05.568,12.64968,12.65219,0.00,0.00
2017.08.09 03:43:06.091,12.64968,12.65218,0.00,0.00
2017.08.09 03:43:06.404,12.65159,12.65339,0.00,0.00
2017.08.09 03:43:06.556,12.65159,12.65409,0.00,0.00
2017.08.09 03:43:07.200,12.65159,12.65408,0.00,0.00
2017.08.09 03:43:07.731,12.65159,12.65409,0.00,0.00
2017.08.09 03:43:08.282,12.65159,12.65408,0.00,0.00
2017.08.09 03:43:10.300,12.65159,12.65422,0.00,0.00
2017.08.09 03:43:10.350,12.65159,12.65409,0.00,0.00
2017.08.09 03:43:10.650,12.65159,12.65441,0.00,0.00
2017.08.09 03:43:10.700,12.65159,12.65408,0.00,0.00
2017.08.09 03:43:12.394,12.65159,12.65409,0.00,0.00
2017.08.09 03:43:14.285,12.65159,12.65408,0.00,0.00
2017.08.09 03:43:16.204,12.65168,12.65408,0.00,0.00
2017.08.09 03:43:16.406,12.65159,12.65408,0.00,0.00
2017.08.09 03:43:16.972,12.65159,12.65409,0.00,0.00
2017.08.09 03:43:17.942,12.65159,12.65408,0.00,0.00
2017.08.09 03:43:18.531,12.65159,12.65409,0.00,0.00
2017.08.09 03:43:18.900,12.65168,12.65408,0.00,0.00
2017.08.09 03:43:19.112,12.65159,12.65408,0.00,0.00
2017.08.09 03:43:20.092,12.65159,12.65409,0.00,0.00
2017.08.09 03:43:20.701,12.65159,12.65408,0.00,0.00
2017.08.09 03:43:21.260,12.65159,12.65409,0.00,0.00
2017.08.09 03:43:22.681,12.65159,12.65408,0.00,0.00
2017.08.09 03:43:23.013,12.65159,12.65419,0.00,0.00
2017.08.09 03:43:23.571,12.65159,12.65418,0.00,0.00
2017.08.09 03:43:24.172,12.65159,12.65419,0.00,0.00
2017.08.09 03:43:24.377,12.65168,12.65419,0.00,0.00
2017.08.09 03:43:24.682,12.65159,12.65419,0.00,0.00
2017.08.09 03:43:25.221,12.65159,12.65418,0.00,0.00
2017.08.09 03:43:25.543,12.65159,12.65421,0.00,0.00
2017.08.09 03:43:25.593,12.65159,12.65419,0.00,0.00
2017.08.09 03:43:25.896,12.65159,12.65412,0.00,0.00
2017.08.09 03:43:26.373,12.65168,12.65418,0.00,0.00
2017.08.09 03:43:28.083,12.65159,12.65418,0.00,0.00
2017.08.09 03:43:28.332,12.65159,12.65441,0.00,0.00
2017.08.09 03:43:28.382,12.65159,12.65418,0.00,0.00
2017.08.09 03:43:29.323,12.65159,12.65419,0.00,0.00
2017.08.09 03:43:33.931,12.65159,12.65418,0.00,0.00
2017.08.09 03:43:34.845,12.65222,12.65468,0.00,0.00
2017.08.09 03:43:35.147,12.65259,12.65478,0.00,0.00
2017.08.09 03:43:35.725,12.65259,12.65469,0.00,0.00
2017.08.09 03:43:36.267,12.65259,12.65468,0.00,0.00
2017.08.09 03:43:36.926,12.65259,12.65469,0.00,0.00
2017.08.09 03:43:38.234,12.65259,12.65468,0.00,0.00
2017.08.09 03:43:39.814,12.65259,12.65469,0.00,0.00
2017.08.09 03:43:39.876,12.65259,12.65531,0.00,0.00
2017.08.09 03:43:39.975,12.65259,12.65468,0.00,0.00
2017.08.09 03:43:40.026,12.65208,12.65428,0.00,0.00
2017.08.09 03:43:40.077,12.65158,12.65428,0.00,0.00
2017.08.09 03:43:40.646,12.65158,12.65429,0.00,0.00
2017.08.09 03:43:41.148,12.65158,12.65428,0.00,0.00
2017.08.09 03:43:42.421,12.65158,12.65429,0.00,0.00
2017.08.09 03:43:43.516,12.65158,12.65442,0.00,0.00
2017.08.09 03:43:43.567,12.65158,12.65428,0.00,0.00
2017.08.09 03:43:44.298,12.65158,12.65429,0.00,0.00
2017.08.09 03:43:45.132,12.65158,12.65428,0.00,0.00
2017.08.09 03:43:45.482,12.65158,12.65419,0.00,0.00
2017.08.09 03:43:46.330,12.65158,12.65418,0.00,0.00
2017.08.09 03:43:46.941,12.65158,12.65419,0.00,0.00
2017.08.09 03:43:47.563,12.65158,12.65418,0.00,0.00
2017.08.09 03:43:48.250,12.65158,12.65419,0.00,0.00
2017.08.09 03:43:48.813,12.65158,12.65418,0.00,0.00
2017.08.09 03:43:49.368,12.65158,12.65419,0.00,0.00
2017.08.09 03:43:52.195,12.65158,12.65418,0.00,0.00
2017.08.09 03:43:52.733,12.65158,12.65419,0.00,0.00
2017.08.09 03:43:53.312,12.65158,12.65418,0.00,0.00
2017.08.09 03:43:53.896,12.65158,12.65419,0.00,0.00
2017.08.09 03:43:56.575,12.65158,12.65418,0.00,0.00
2017.08.09 03:43:59.491,12.65158,12.65419,0.00,0.00
2017.08.09 03:44:00.151,12.65158,12.65418,0.00,0.00
2017.08.09 03:44:00.820,12.65158,12.65419,0.00,0.00
2017.08.09 03:44:01.330,12.65158,12.65418,0.00,0.00
2017.08.09 03:44:01.908,12.65158,12.65419,0.00,0.00
2017.08.09 03:44:02.469,12.65158,12.65418,0.00,0.00
2017.08.09 03:44:03.001,12.65158,12.65419,0.00,0.00
2017.08.09 03:44:06.749,12.65158,12.65402,0.00,0.00
2017.08.09 03:44:06.944,12.65158,12.65419,0.00,0.00
2017.08.09 03:44:07.897,12.65158,12.65418,0.00,0.00
2017.08.09 03:44:08.463,12.65158,12.65442,0.00,0.00
2017.08.09 03:44:08.564,12.65158,12.65419,0.00,0.00
2017.08.09 03:44:11.089,12.65158,12.65442,0.00,0.00
2017.08.09 03:44:11.151,12.65158,12.65431,0.00,0.00
2017.08.09 03:44:11.571,12.65158,12.65419,0.00,0.00
2017.08.09 03:44:14.281,12.65158,12.65418,0.00,0.00
2017.08.09 03:44:18.038,12.65158,12.65419,0.00,0.00
2017.08.09 03:44:18.368,12.65158,12.65409,0.00,0.00
2017.08.09 03:44:19.461,12.65158,12.65401,0.00,0.00
2017.08.09 03:44:23.114,12.65158,12.65409,0.00,0.00
2017.08.09 03:44:23.932,12.65158,12.65408,0.00,0.00
2017.08.09 03:44:24.473,12.65158,12.65409,0.00,0.00
2017.08.09 03:44:28.974,12.65118,12.65402,0.00,0.00
2017.08.09 03:44:29.192,12.65118,12.65381,0.00,0.00
2017.08.09 03:44:29.293,12.65118,12.65402,0.00,0.00
2017.08.09 03:44:42.664,12.65141,12.65402,0.00,0.00
2017.08.09 03:44:48.221,12.65118,12.65402,0.00,0.00
2017.08.09 03:44:52.256,12.65141,12.65402,0.00,0.00
2017.08.09 03:44:53.866,12.65118,12.65402,0.00,0.00
2017.08.09 03:44:56.433,12.65141,12.65402,0.00,0.00
2017.08.09 03:44:57.996,12.65118,12.65402,0.00,0.00
2017.08.09 03:44:58.046,12.65088,12.65349,0.00,0.00
2017.08.09 03:44:58.198,12.65118,12.65402,0.00,0.00
2017.08.09 03:44:58.248,12.65118,12.65348,0.00,0.00
2017.08.09 03:44:58.393,12.65112,12.65351,0.00,0.00
2017.08.09 03:44:58.444,12.65118,12.65371,0.00,0.00
2017.08.09 03:44:58.545,12.65118,12.65402,0.00,0.00
2017.08.09 03:44:58.697,12.65141,12.65402,0.00,0.00
2017.08.09 03:45:12.128,12.65161,12.65402,0.00,0.00
2017.08.09 03:45:12.179,12.65192,12.65452,0.00,0.00
2017.08.09 03:45:12.229,12.65221,12.65452,0.00,0.00
2017.08.09 03:45:12.280,12.65221,12.65499,0.00,0.00
2017.08.09 03:45:12.381,12.65222,12.65491,0.00,0.00
2017.08.09 03:45:12.482,12.65221,12.65499,0.00,0.00
2017.08.09 03:45:12.533,12.65259,12.65499,0.00,0.00
2017.08.09 03:45:12.978,12.65259,12.65492,0.00,0.00
2017.08.09 03:45:13.080,12.65259,12.65499,0.00,0.00
2017.08.09 03:45:15.540,12.65259,12.65498,0.00,0.00
2017.08.09 03:45:15.591,12.65259,12.65491,0.00,0.00
2017.08.09 03:45:16.197,12.65259,12.65458,0.00,0.00
2017.08.09 03:45:16.760,12.65259,12.65459,0.00,0.00
2017.08.09 03:45:17.406,12.65232,12.65458,0.00,0.00
2017.08.09 03:45:17.457,12.65259,12.65428,0.00,0.00
2017.08.09 03:45:17.558,12.65169,12.65428,0.00,0.00
2017.08.09 03:45:17.685,12.65158,12.65429,0.00,0.00
2017.08.09 03:45:19.133,12.65158,12.65428,0.00,0.00
2017.08.09 03:45:19.385,12.65158,12.65409,0.00,0.00
2017.08.09 03:45:20.258,12.65158,12.65408,0.00,0.00
2017.08.09 03:45:20.987,12.65158,12.65409,0.00,0.00
2017.08.09 03:45:22.030,12.65158,12.65408,0.00,0.00
2017.08.09 03:45:22.572,12.65158,12.65442,0.00,0.00
2017.08.09 03:45:22.758,12.65158,12.65409,0.00,0.00
2017.08.09 03:45:23.300,12.65158,12.65408,0.00,0.00
2017.08.09 03:45:23.959,12.65158,12.65409,0.00,0.00
2017.08.09 03:45:24.771,12.65158,12.65408,0.00,0.00
2017.08.09 03:45:25.443,12.65158,12.65409,0.00,0.00
2017.08.09 03:45:26.010,12.65158,12.65408,0.00,0.00
2017.08.09 03:45:27.051,12.65158,12.65409,0.00,0.00
2017.08.09 03:45:27.558,12.65161,12.65409,0.00,0.00
2017.08.09 03:45:27.872,12.65259,12.65499,0.00,0.00
2017.08.09 03:45:28.418,12.65259,12.65498,0.00,0.00
2017.08.09 03:45:28.981,12.65259,12.65499,0.00,0.00
2017.08.09 03:45:30.080,12.65259,12.65498,0.00,0.00
2017.08.09 03:45:30.443,12.65359,12.65498,0.00,0.00
2017.08.09 03:45:30.494,12.65359,12.65562,0.00,0.00
2017.08.09 03:45:30.595,12.65359,12.65578,0.00,0.00
2017.08.09 03:45:30.646,12.65359,12.65609,0.00,0.00
2017.08.09 03:45:30.897,12.65359,12.65602,0.00,0.00
2017.08.09 03:45:31.250,12.65359,12.65579,0.00,0.00
2017.08.09 03:45:31.352,12.65322,12.65592,0.00,0.00
2017.08.09 03:45:31.402,12.65332,12.65592,0.00,0.00
2017.08.09 03:45:31.766,12.65358,12.65609,0.00,0.00
2017.08.09 03:45:32.746,12.65358,12.65608,0.00,0.00
2017.08.09 03:45:33.249,12.65358,12.65609,0.00,0.00
2017.08.09 03:45:34.069,12.65358,12.65608,0.00,0.00
2017.08.09 03:45:34.594,12.65358,12.65602,0.00,0.00
2017.08.09 03:45:35.193,12.65358,12.65578,0.00,0.00
2017.08.09 03:45:35.515,12.65358,12.65558,0.00,0.00
2017.08.09 03:45:35.565,12.65331,12.65559,0.00,0.00
2017.08.09 03:45:35.616,12.65308,12.65558,0.00,0.00
2017.08.09 03:45:35.970,12.65282,12.65528,0.00,0.00
2017.08.09 03:45:36.497,12.65281,12.65529,0.00,0.00
2017.08.09 03:45:37.280,12.65282,12.65528,0.00,0.00
2017.08.09 03:45:37.829,12.65281,12.65529,0.00,0.00
2017.08.09 03:45:38.210,12.65292,12.65528,0.00,0.00
2017.08.09 03:45:38.261,12.65308,12.65558,0.00,0.00
2017.08.09 03:45:38.362,12.65259,12.65529,0.00,0.00
2017.08.09 03:45:39.096,12.65259,12.65528,0.00,0.00
2017.08.09 03:45:39.333,12.65259,12.65501,0.00,0.00
2017.08.09 03:45:39.434,12.65259,12.65528,0.00,0.00
2017.08.09 03:45:40.072,12.65259,12.65529,0.00,0.00
2017.08.09 03:45:41.708,12.65259,12.65519,0.00,0.00
2017.08.09 03:45:42.011,12.65181,12.65419,0.00,0.00
2017.08.09 03:45:42.061,12.65158,12.65419,0.00,0.00
2017.08.09 03:45:42.513,12.65162,12.65418,0.00,0.00
2017.08.09 03:45:43.255,12.65161,12.65419,0.00,0.00
2017.08.09 03:45:43.558,12.65258,12.65509,0.00,0.00
2017.08.09 03:45:43.916,12.65258,12.65501,0.00,0.00
2017.08.09 03:45:44.115,12.65258,12.65508,0.00,0.00
2017.08.09 03:45:44.820,12.65258,12.65509,0.00,0.00
2017.08.09 03:45:45.816,12.65258,12.65508,0.00,0.00
2017.08.09 03:45:46.330,12.65258,12.65509,0.00,0.00
2017.08.09 03:45:46.913,12.65258,12.65508,0.00,0.00
2017.08.09 03:45:47.064,12.65258,12.65502,0.00,0.00
2017.08.09 03:45:47.367,12.65181,12.65429,0.00,0.00
2017.08.09 03:45:47.418,12.65158,12.65429,0.00,0.00
2017.08.09 03:45:47.741,12.65208,12.65452,0.00,0.00
2017.08.09 03:45:47.842,12.65231,12.65492,0.00,0.00
2017.08.09 03:45:47.892,12.65259,12.65498,0.00,0.00
2017.08.09 03:45:48.280,12.65259,12.65519,0.00,0.00
2017.08.09 03:45:48.807,12.65259,12.65518,0.00,0.00
2017.08.09 03:45:50.425,12.65259,12.65519,0.00,0.00
2017.08.09 03:45:50.769,12.65281,12.65519,0.00,0.00
2017.08.09 03:45:51.188,12.65261,12.65519,0.00,0.00
2017.08.09 03:45:51.239,12.65281,12.65519,0.00,0.00
2017.08.09 03:45:51.942,12.65282,12.65518,0.00,0.00
2017.08.09 03:45:53.239,12.65291,12.65519,0.00,0.00
2017.08.09 03:45:53.539,12.65322,12.65558,0.00,0.00
2017.08.09 03:45:53.590,12.65358,12.65559,0.00,0.00
2017.08.09 03:45:54.230,12.65358,12.65558,0.00,0.00
2017.08.09 03:45:54.781,12.65358,12.65559,0.00,0.00
2017.08.09 03:45:54.896,12.65292,12.65528,0.00,0.00
2017.08.09 03:45:55.097,12.65282,12.65528,0.00,0.00
2017.08.09 03:45:57.429,12.65291,12.65529,0.00,0.00
2017.08.09 03:45:57.936,12.65292,12.65528,0.00,0.00
2017.08.09 03:45:58.459,12.65259,12.65528,0.00,0.00
2017.08.09 03:45:59.279,12.65259,12.65529,0.00,0.00
2017.08.09 03:45:59.967,12.65259,12.65528,0.00,0.00
2017.08.09 03:46:00.508,12.65259,12.65508,0.00,0.00
2017.08.09 03:46:01.521,12.65261,12.65509,0.00,0.00
2017.08.09 03:46:01.817,12.65259,12.65508,0.00,0.00
2017.08.09 03:46:01.868,12.65261,12.65509,0.00,0.00
2017.08.09 03:46:02.241,12.65259,12.65509,0.00,0.00
2017.08.09 03:46:02.934,12.65259,12.65508,0.00,0.00
2017.08.09 03:46:03.490,12.65259,12.65502,0.00,0.00
2017.08.09 03:46:03.591,12.65259,12.65509,0.00,0.00
2017.08.09 03:46:04.278,12.65259,12.65501,0.00,0.00
2017.08.09 03:46:04.672,12.65219,12.65501,0.00,0.00
2017.08.09 03:46:04.723,12.65221,12.65501,0.00,0.00
2017.08.09 03:46:05.048,12.65219,12.65501,0.00,0.00
2017.08.09 03:46:05.149,12.65219,12.65491,0.00,0.00
2017.08.09 03:46:05.250,12.65222,12.65501,0.00,0.00
2017.08.09 03:46:05.971,12.65221,12.65501,0.00,0.00
2017.08.09 03:46:08.969,12.65222,12.65501,0.00,0.00
2017.08.09 03:46:09.485,12.65221,12.65501,0.00,0.00
2017.08.09 03:46:10.071,12.65191,12.65449,0.00,0.00
2017.08.09 03:46:10.172,12.65191,12.65452,0.00,0.00
2017.08.09 03:46:10.680,12.65192,12.65452,0.00,0.00
2017.08.09 03:46:13.306,12.65221,12.65499,0.00,0.00
2017.08.09 03:46:13.852,12.65222,12.65498,0.00,0.00
2017.08.09 03:46:14.464,12.65221,12.65499,0.00,0.00
2017.08.09 03:46:15.736,12.65222,12.65498,0.00,0.00
2017.08.09 03:46:16.446,12.65221,12.65499,0.00,0.00
2017.08.09 03:46:18.960,12.65222,12.65498,0.00,0.00
2017.08.09 03:46:20.321,12.65221,12.65499,0.00,0.00
2017.08.09 03:46:20.593,12.65258,12.65499,0.00,0.00
2017.08.09 03:46:21.453,12.65258,12.65498,0.00,0.00
2017.08.09 03:46:22.351,12.65258,12.65499,0.00,0.00
2017.08.09 03:46:22.853,12.65258,12.65498,0.00,0.00
2017.08.09 03:46:23.284,12.65249,12.65498,0.00,0.00
2017.08.09 03:46:23.844,12.65249,12.65499,0.00,0.00
2017.08.09 03:46:24.169,12.65238,12.65499,0.00,0.00
2017.08.09 03:46:27.773,12.65239,12.65499,0.00,0.00
2017.08.09 03:46:29.484,12.65239,12.65498,0.00,0.00
2017.08.09 03:46:29.585,12.65221,12.65499,0.00,0.00
2017.08.09 03:46:29.686,12.65248,12.65501,0.00,0.00
2017.08.09 03:46:30.076,12.65238,12.65501,0.00,0.00
2017.08.09 03:46:36.726,12.65228,12.65501,0.00,0.00
2017.08.09 03:46:36.894,12.65239,12.65501,0.00,0.00
2017.08.09 03:46:38.686,12.65228,12.65501,0.00,0.00
2017.08.09 03:46:38.737,12.65248,12.65501,0.00,0.00
2017.08.09 03:46:39.389,12.65239,12.65501,0.00,0.00
2017.08.09 03:46:40.196,12.65228,12.65501,0.00,0.00
2017.08.09 03:46:42.732,12.65238,12.65501,0.00,0.00
2017.08.09 03:46:43.403,12.65228,12.65501,0.00,0.00
2017.08.09 03:46:43.605,12.65221,12.65461,0.00,0.00
2017.08.09 03:46:43.655,12.65202,12.65448,0.00,0.00
2017.08.09 03:46:43.706,12.65221,12.65441,0.00,0.00
2017.08.09 03:46:43.807,12.65238,12.65499,0.00,0.00
2017.08.09 03:46:43.908,12.65238,12.65472,0.00,0.00
2017.08.09 03:46:44.093,12.65249,12.65499,0.00,0.00
2017.08.09 03:46:44.295,12.65238,12.65499,0.00,0.00
2017.08.09 03:46:47.952,12.65238,12.65498,0.00,0.00
2017.08.09 03:46:48.449,12.65259,12.65498,0.00,0.00
2017.08.09 03:46:48.920,12.65248,12.65498,0.00,0.00
2017.08.09 03:46:49.022,12.65259,12.65499,0.00,0.00
2017.08.09 03:46:49.441,12.65238,12.65499,0.00,0.00
2017.08.09 03:46:49.902,12.65238,12.65461,0.00,0.00
2017.08.09 03:46:50.202,12.65249,12.65499,0.00,0.00
2017.08.09 03:46:51.178,12.65249,12.65498,0.00,0.00
2017.08.09 03:46:51.303,12.65238,12.65499,0.00,0.00
2017.08.09 03:46:52.004,12.65238,12.65451,0.00,0.00
2017.08.09 03:46:52.230,12.65238,12.65472,0.00,0.00
2017.08.09 03:46:52.305,12.65238,12.65482,0.00,0.00
2017.08.09 03:46:54.106,12.65248,12.65499,0.00,0.00
2017.08.09 03:46:55.020,12.65238,12.65499,0.00,0.00
2017.08.09 03:46:56.179,12.65238,12.65498,0.00,0.00
2017.08.09 03:46:57.532,12.65248,12.65498,0.00,0.00
2017.08.09 03:46:57.974,12.65238,12.65442,0.00,0.00
2017.08.09 03:46:58.126,12.65238,12.65482,0.00,0.00
2017.08.09 03:46:58.227,12.65249,12.65499,0.00,0.00
2017.08.09 03:46:58.328,12.65238,12.65481,0.00,0.00
2017.08.09 03:47:01.585,12.65199,12.65408,0.00,0.00
2017.08.09 03:47:01.636,12.65139,12.65409,0.00,0.00
2017.08.09 03:47:02.051,12.65161,12.65409,0.00,0.00
2017.08.09 03:47:03.151,12.65162,12.65408,0.00,0.00
2017.08.09 03:47:07.490,12.65139,12.65399,0.00,0.00
2017.08.09 03:47:09.520,12.65139,12.65398,0.00,0.00
2017.08.09 03:47:09.653,12.65139,12.65362,0.00,0.00
2017.08.09 03:47:09.934,12.65139,12.65372,0.00,0.00
2017.08.09 03:47:11.170,12.65139,12.65362,0.00,0.00
2017.08.09 03:47:11.271,12.65148,12.65398,0.00,0.00
2017.08.09 03:47:12.723,12.65148,12.65399,0.00,0.00
2017.08.09 03:47:12.774,12.65139,12.65399,0.00,0.00
2017.08.09 03:47:13.381,12.65139,12.65398,0.00,0.00
2017.08.09 03:47:14.448,12.65139,12.65399,0.00,0.00
2017.08.09 03:47:14.597,12.65139,12.65421,0.00,0.00
2017.08.09 03:47:14.648,12.65139,12.65398,0.00,0.00
2017.08.09 03:47:15.050,12.65139,12.65342,0.00,0.00
2017.08.09 03:47:15.247,12.65139,12.65361,0.00,0.00
2017.08.09 03:47:15.643,12.65148,12.65399,0.00,0.00
2017.08.09 03:47:16.180,12.65148,12.65398,0.00,0.00
2017.08.09 03:47:16.701,12.65148,12.65399,0.00,0.00
2017.08.09 03:47:17.285,12.65148,12.65398,0.00,0.00
2017.08.09 03:47:17.561,12.65139,12.65399,0.00,0.00
2017.08.09 03:47:19.062,12.65139,12.65398,0.00,0.00
2017.08.09 03:47:19.952,12.65149,12.65398,0.00,0.00
2017.08.09 03:47:20.542,12.65149,12.65399,0.00,0.00
2017.08.09 03:47:20.592,12.65139,12.65399,0.00,0.00
2017.08.09 03:47:20.954,12.65148,12.65399,0.00,0.00
2017.08.09 03:47:21.155,12.65139,12.65399,0.00,0.00
2017.08.09 03:47:22.762,12.65148,12.65399,0.00,0.00
2017.08.09 03:47:23.302,12.65139,12.65351,0.00,0.00
2017.08.09 03:47:24.160,12.65149,12.65398,0.00,0.00
2017.08.09 03:47:25.262,12.65139,12.65398,0.00,0.00
2017.08.09 03:47:26.072,12.65139,12.65362,0.00,0.00
2017.08.09 03:47:26.371,12.65139,12.65372,0.00,0.00
2017.08.09 03:47:26.471,12.65149,12.65399,0.00,0.00
2017.08.09 03:47:26.572,12.65139,12.65341,0.00,0.00
2017.08.09 03:47:28.108,12.65139,12.65361,0.00,0.00
2017.08.09 03:47:28.209,12.65139,12.65372,0.00,0.00
2017.08.09 03:47:28.310,12.65149,12.65398,0.00,0.00
2017.08.09 03:47:28.411,12.65139,12.65372,0.00,0.00
2017.08.09 03:47:31.306,12.65139,12.65351,0.00,0.00
2017.08.09 03:47:31.370,12.65139,12.65362,0.00,0.00
2017.08.09 03:47:32.098,12.65139,12.65371,0.00,0.00
2017.08.09 03:47:32.198,12.65139,12.65362,0.00,0.00
2017.08.09 03:47:33.089,12.65139,12.65352,0.00,0.00
2017.08.09 03:47:33.819,12.65139,12.65398,0.00,0.00
2017.08.09 03:47:33.920,12.65139,12.65341,0.00,0.00
2017.08.09 03:47:34.174,12.65139,12.65399,0.00,0.00
2017.08.09 03:47:36.426,12.65139,12.65362,0.00,0.00
2017.08.09 03:47:36.477,12.65139,12.65371,0.00,0.00
2017.08.09 03:47:37.800,12.65139,12.65351,0.00,0.00
2017.08.09 03:47:37.901,12.65139,12.65398,0.00,0.00
2017.08.09 03:47:39.871,12.65139,12.65412,0.00,0.00
2017.08.09 03:47:39.923,12.65139,12.65399,0.00,0.00
2017.08.09 03:47:40.326,12.65139,12.65352,0.00,0.00
2017.08.09 03:47:40.484,12.65139,12.65398,0.00,0.00
2017.08.09 03:47:41.293,12.65139,12.65399,0.00,0.00
2017.08.09 03:47:42.021,12.65139,12.65398,0.00,0.00
2017.08.09 03:47:42.088,12.65139,12.65341,0.00,0.00
2017.08.09 03:47:42.139,12.65089,12.65309,0.00,0.00
2017.08.09 03:47:42.190,12.65089,12.65301,0.00,0.00
2017.08.09 03:47:42.240,12.65038,12.65301,0.00,0.00
2017.08.09 03:47:42.460,12.65038,12.65299,0.00,0.00
2017.08.09 03:47:42.763,12.65049,12.65298,0.00,0.00
2017.08.09 03:47:43.259,12.65081,12.65299,0.00,0.00
2017.08.09 03:47:43.935,12.65082,12.65298,0.00,0.00
2017.08.09 03:47:45.359,12.65081,12.65299,0.00,0.00
2017.08.09 03:47:46.689,12.65082,12.65298,0.00,0.00
2017.08.09 03:47:47.206,12.65081,12.65299,0.00,0.00
2017.08.09 03:47:47.709,12.65082,12.65298,0.00,0.00
2017.08.09 03:47:48.225,12.65081,12.65299,0.00,0.00
2017.08.09 03:47:49.539,12.65082,12.65298,0.00,0.00
2017.08.09 03:47:51.249,12.65061,12.65299,0.00,0.00
2017.08.09 03:47:52.038,12.65082,12.65298,0.00,0.00
2017.08.09 03:47:52.622,12.65062,12.65298,0.00,0.00
2017.08.09 03:47:52.773,12.65081,12.65299,0.00,0.00
2017.08.09 03:47:53.059,12.65061,12.65299,0.00,0.00
2017.08.09 03:47:54.550,12.65059,12.65308,0.00,0.00
2017.08.09 03:47:54.651,12.65038,12.65308,0.00,0.00
2017.08.09 03:47:55.018,12.65038,12.65322,0.00,0.00
2017.08.09 03:47:55.069,12.65068,12.65308,0.00,0.00
2017.08.09 03:47:55.611,12.65062,12.65308,0.00,0.00
2017.08.09 03:47:56.680,12.65061,12.65309,0.00,0.00
2017.08.09 03:47:57.510,12.65062,12.65308,0.00,0.00
2017.08.09 03:47:59.004,12.65122,12.65322,0.00,0.00
2017.08.09 03:47:59.054,12.65122,12.65351,0.00,0.00
2017.08.09 03:47:59.105,12.65138,12.65351,0.00,0.00
2017.08.09 03:47:59.155,12.65138,12.65382,0.00,0.00
2017.08.09 03:47:59.550,12.65138,12.65362,0.00,0.00
2017.08.09 03:47:59.651,12.65149,12.65408,0.00,0.00
2017.08.09 03:48:00.231,12.65139,12.65409,0.00,0.00
2017.08.09 03:48:00.333,12.65138,12.65351,0.00,0.00
2017.08.09 03:48:00.556,12.65149,12.65409,0.00,0.00
2017.08.09 03:48:00.829,12.65128,12.65372,0.00,0.00
2017.08.09 03:48:00.930,12.65149,12.65418,0.00,0.00
2017.08.09 03:48:01.234,12.65139,12.65418,0.00,0.00
2017.08.09 03:48:01.352,12.65139,12.65362,0.00,0.00
2017.08.09 03:48:01.706,12.65139,12.65351,0.00,0.00
2017.08.09 03:48:01.757,12.65149,12.65419,0.00,0.00
2017.08.09 03:48:01.962,12.65139,12.65362,0.00,0.00
2017.08.09 03:48:02.027,12.65148,12.65418,0.00,0.00
2017.08.09 03:48:02.246,12.65139,12.65418,0.00,0.00
2017.08.09 03:48:02.636,12.65139,12.65412,0.00,0.00
2017.08.09 03:48:02.737,12.65139,12.65419,0.00,0.00
2017.08.09 03:48:02.939,12.65148,12.65418,0.00,0.00
2017.08.09 03:48:03.734,12.65139,12.65418,0.00,0.00
2017.08.09 03:48:04.253,12.65148,12.65419,0.00,0.00
2017.08.09 03:48:05.309,12.65139,12.65412,0.00,0.00
2017.08.09 03:48:05.359,12.65148,12.65419,0.00,0.00
2017.08.09 03:48:05.549,12.65139,12.65411,0.00,0.00
2017.08.09 03:48:05.749,12.65139,12.65418,0.00,0.00
2017.08.09 03:48:05.859,12.65148,12.65419,0.00,0.00
2017.08.09 03:48:06.353,12.65139,12.65411,0.00,0.00
2017.08.09 03:48:06.877,12.65139,12.65419,0.00,0.00
2017.08.09 03:48:07.151,12.65139,12.65411,0.00,0.00
2017.08.09 03:48:07.453,12.65158,12.65419,0.00,0.00
2017.08.09 03:48:07.552,12.65139,12.65412,0.00,0.00
2017.08.09 03:48:07.747,12.65139,12.65351,0.00,0.00
2017.08.09 03:48:07.848,12.65139,12.65412,0.00,0.00
2017.08.09 03:48:08.267,12.65139,12.65419,0.00,0.00
2017.08.09 03:48:15.276,12.65139,12.65418,0.00,0.00
2017.08.09 03:48:15.885,12.65139,12.65419,0.00,0.00
2017.08.09 03:48:16.761,12.65088,12.65328,0.00,0.00
2017.08.09 03:48:17.206,12.65081,12.65321,0.00,0.00
2017.08.09 03:48:17.258,12.65091,12.65349,0.00,0.00
2017.08.09 03:48:17.309,12.65121,12.65371,0.00,0.00
2017.08.09 03:48:17.492,12.65139,12.65419,0.00,0.00
2017.08.09 03:48:19.271,12.65139,12.65418,0.00,0.00
2017.08.09 03:48:19.847,12.65139,12.65419,0.00,0.00
2017.08.09 03:48:20.507,12.65139,12.65418,0.00,0.00
2017.08.09 03:48:21.049,12.65139,12.65419,0.00,0.00
2017.08.09 03:48:21.150,12.65139,12.65421,0.00,0.00
2017.08.09 03:48:29.620,12.65139,12.65398,0.00,0.00
2017.08.09 03:48:30.181,12.65139,12.65421,0.00,0.00
2017.08.09 03:48:30.370,12.65139,12.65399,0.00,0.00
2017.08.09 03:48:30.714,12.65112,12.65391,0.00,0.00
2017.08.09 03:48:30.938,12.65109,12.65391,0.00,0.00
2017.08.09 03:48:45.233,12.65109,12.65359,0.00,0.00
2017.08.09 03:48:45.391,12.64931,12.65191,0.00,0.00
2017.08.09 03:48:46.617,12.64909,12.65191,0.00,0.00
2017.08.09 03:48:47.935,12.64891,12.65099,0.00,0.00
2017.08.09 03:48:47.985,12.64891,12.65142,0.00,0.00
2017.08.09 03:48:48.036,12.64909,12.65189,0.00,0.00
2017.08.09 03:48:48.859,12.64909,12.65188,0.00,0.00
2017.08.09 03:48:49.781,12.64909,12.65189,0.00,0.00
2017.08.09 03:48:50.527,12.64909,12.65188,0.00,0.00
2017.08.09 03:48:51.186,12.64909,12.65189,0.00,0.00
2017.08.09 03:48:52.598,12.64909,12.65188,0.00,0.00
2017.08.09 03:48:53.167,12.64909,12.65189,0.00,0.00
2017.08.09 03:48:54.868,12.64909,12.65188,0.00,0.00
2017.08.09 03:48:54.919,12.64891,12.65179,0.00,0.00
2017.08.09 03:48:55.479,12.64892,12.65178,0.00,0.00
2017.08.09 03:48:57.359,12.64891,12.65179,0.00,0.00
2017.08.09 03:48:58.710,12.64828,12.65109,0.00,0.00
2017.08.09 03:48:59.110,12.64822,12.65078,0.00,0.00
2017.08.09 03:48:59.940,12.64822,12.65079,0.00,0.00
2017.08.09 03:49:00.141,12.64792,12.65078,0.00,0.00
2017.08.09 03:49:00.481,12.64862,12.65078,0.00,0.00
2017.08.09 03:49:01.168,12.64861,12.65079,0.00,0.00
2017.08.09 03:49:02.669,12.64862,12.65078,0.00,0.00
2017.08.09 03:49:03.226,12.64861,12.65079,0.00,0.00
2017.08.09 03:49:04.238,12.64862,12.65078,0.00,0.00
2017.08.09 03:49:05.663,12.64892,12.65128,0.00,0.00
2017.08.09 03:49:05.714,12.64891,12.65142,0.00,0.00
2017.08.09 03:49:05.815,12.64891,12.65179,0.00,0.00
2017.08.09 03:49:06.503,12.64892,12.65178,0.00,0.00
2017.08.09 03:49:08.330,12.64891,12.65192,0.00,0.00
2017.08.09 03:49:08.382,12.64891,12.65179,0.00,0.00
2017.08.09 03:49:09.089,12.64892,12.65178,0.00,0.00
2017.08.09 03:49:09.613,12.64891,12.65179,0.00,0.00
2017.08.09 03:49:12.092,12.64892,12.65178,0.00,0.00
2017.08.09 03:49:12.612,12.64891,12.65179,0.00,0.00
2017.08.09 03:49:14.239,12.64892,12.65178,0.00,0.00
2017.08.09 03:49:14.838,12.64891,12.65179,0.00,0.00
2017.08.09 03:49:19.288,12.64892,12.65178,0.00,0.00
2017.08.09 03:49:19.839,12.64891,12.65179,0.00,0.00
2017.08.09 03:49:23.607,12.64892,12.65178,0.00,0.00
2017.08.09 03:49:24.199,12.64891,12.65179,0.00,0.00
2017.08.09 03:49:29.397,12.64891,12.65192,0.00,0.00
2017.08.09 03:49:29.639,12.64892,12.65178,0.00,0.00
2017.08.09 03:49:34.713,12.64891,12.65179,0.00,0.00
2017.08.09 03:49:35.243,12.64892,12.65178,0.00,0.00
2017.08.09 03:49:38.121,12.64892,12.65179,0.00,0.00
2017.08.09 03:49:40.198,12.64892,12.65178,0.00,0.00
2017.08.09 03:49:40.806,12.64892,12.65179,0.00,0.00
2017.08.09 03:49:44.838,12.64892,12.65178,0.00,0.00
2017.08.09 03:49:53.509,12.64892,12.65179,0.00,0.00
2017.08.09 03:49:59.890,12.64892,12.65178,0.00,0.00
2017.08.09 03:50:00.682,12.64902,12.65162,0.00,0.00
2017.08.09 03:50:00.884,12.64892,12.65178,0.00,0.00
2017.08.09 03:50:01.388,12.64891,12.65179,0.00,0.00
2017.08.09 03:50:01.919,12.64892,12.65178,0.00,0.00
2017.08.09 03:50:05.825,12.64891,12.65179,0.00,0.00
2017.08.09 03:50:06.577,12.64892,12.65178,0.00,0.00
2017.08.09 03:50:06.998,12.64891,12.65162,0.00,0.00
2017.08.09 03:50:07.123,12.64891,12.65179,0.00,0.00
2017.08.09 03:50:07.324,12.64891,12.65171,0.00,0.00
2017.08.09 03:50:07.994,12.64892,12.65171,0.00,0.00
2017.08.09 03:50:08.954,12.64892,12.65178,0.00,0.00
2017.08.09 03:50:12.192,12.64891,12.65179,0.00,0.00
2017.08.09 03:50:12.394,12.64892,12.65172,0.00,0.00
2017.08.09 03:50:12.501,12.64892,12.65178,0.00,0.00
2017.08.09 03:50:13.796,12.64891,12.65179,0.00,0.00
2017.08.09 03:50:18.091,12.64892,12.65178,0.00,0.00
2017.08.09 03:50:18.605,12.64892,12.65171,0.00,0.00
2017.08.09 03:50:18.910,12.64892,12.65178,0.00,0.00
2017.08.09 03:50:19.236,12.64891,12.65191,0.00,0.00
2017.08.09 03:50:19.286,12.64891,12.65179,0.00,0.00
2017.08.09 03:50:19.604,12.64892,12.65161,0.00,0.00
2017.08.09 03:50:19.705,12.64891,12.65179,0.00,0.00
2017.08.09 03:50:20.533,12.64892,12.65178,0.00,0.00
2017.08.09 03:50:21.105,12.64891,12.65179,0.00,0.00
2017.08.09 03:50:22.501,12.64892,12.65178,0.00,0.00
2017.08.09 03:50:23.160,12.64891,12.65179,0.00,0.00
2017.08.09 03:50:23.845,12.64892,12.65178,0.00,0.00
2017.08.09 03:50:26.130,12.64891,12.65179,0.00,0.00
2017.08.09 03:50:26.735,12.64892,12.65178,0.00,0.00
2017.08.09 03:50:27.296,12.64892,12.65179,0.00,0.00
2017.08.09 03:50:29.691,12.64892,12.65178,0.00,0.00
2017.08.09 03:50:30.492,12.64892,12.65179,0.00,0.00
2017.08.09 03:50:33.317,12.64892,12.65178,0.00,0.00
2017.08.09 03:50:34.500,12.64889,12.65142,0.00,0.00
2017.08.09 03:50:34.687,12.64821,12.65078,0.00,0.00
2017.08.09 03:50:35.522,12.64769,12.65019,0.00,0.00
2017.08.09 03:50:35.674,12.64721,12.64978,0.00,0.00
2017.08.09 03:50:36.211,12.64721,12.64979,0.00,0.00
2017.08.09 03:50:37.047,12.64729,12.64979,0.00,0.00
2017.08.09 03:50:37.200,12.64792,12.65052,0.00,0.00
2017.08.09 03:50:37.251,12.64792,12.65078,0.00,0.00
2017.08.09 03:50:37.453,12.64792,12.65028,0.00,0.00
2017.08.09 03:50:37.604,12.64801,12.65079,0.00,0.00
2017.08.09 03:50:38.171,12.64802,12.65078,0.00,0.00
2017.08.09 03:50:38.860,12.64801,12.65079,0.00,0.00
2017.08.09 03:50:41.025,12.64802,12.65078,0.00,0.00
2017.08.09 03:50:47.567,12.64801,12.65079,0.00,0.00
2017.08.09 03:50:47.784,12.64891,12.65119,0.00,0.00
2017.08.09 03:50:48.036,12.64892,12.65128,0.00,0.00
2017.08.09 03:50:50.933,12.64892,12.65092,0.00,0.00
2017.08.09 03:50:50.984,12.64862,12.65078,0.00,0.00
2017.08.09 03:50:51.035,12.64811,12.65079,0.00,0.00
2017.08.09 03:50:51.808,12.64812,12.65078,0.00,0.00
2017.08.09 03:50:52.849,12.64811,12.65079,0.00,0.00
2017.08.09 03:50:53.508,12.64812,12.65078,0.00,0.00
2017.08.09 03:50:53.676,12.64802,12.65042,0.00,0.00
2017.08.09 03:50:53.835,12.64801,12.65049,0.00,0.00
2017.08.09 03:50:53.886,12.64801,12.65079,0.00,0.00
2017.08.09 03:50:54.416,12.64802,12.65078,0.00,0.00
2017.08.09 03:50:55.197,12.64801,12.65079,0.00,0.00
2017.08.09 03:50:58.425,12.64802,12.65078,0.00,0.00
2017.08.09 03:50:59.213,12.64801,12.65079,0.00,0.00
2017.08.09 03:50:59.894,12.64802,12.65078,0.00,0.00
2017.08.09 03:51:01.196,12.64801,12.65079,0.00,0.00
2017.08.09 03:51:02.175,12.64802,12.65079,0.00,0.00
2017.08.09 03:51:02.865,12.64801,12.65079,0.00,0.00
2017.08.09 03:51:04.436,12.64802,12.65078,0.00,0.00
2017.08.09 03:51:11.717,12.64801,12.65079,0.00,0.00
2017.08.09 03:51:12.451,12.64802,12.65078,0.00,0.00
2017.08.09 03:51:12.604,12.64801,12.65072,0.00,0.00
2017.08.09 03:51:13.798,12.64801,12.65079,0.00,0.00
2017.08.09 03:51:13.899,12.64801,12.65062,0.00,0.00
2017.08.09 03:51:14.097,12.64801,12.65079,0.00,0.00
2017.08.09 03:51:18.103,12.64802,12.65078,0.00,0.00
2017.08.09 03:51:18.902,12.64801,12.65079,0.00,0.00
2017.08.09 03:51:19.491,12.64802,12.65078,0.00,0.00
2017.08.09 03:51:20.018,12.64801,12.65079,0.00,0.00
2017.08.09 03:51:20.913,12.64802,12.65078,0.00,0.00
2017.08.09 03:51:21.471,12.64801,12.65079,0.00,0.00
2017.08.09 03:51:22.370,12.64802,12.65078,0.00,0.00
2017.08.09 03:51:24.312,12.64801,12.65079,0.00,0.00
2017.08.09 03:51:24.398,12.64791,12.65092,0.00,0.00
2017.08.09 03:51:24.513,12.64802,12.65078,0.00,0.00
2017.08.09 03:51:25.123,12.64801,12.65079,0.00,0.00
2017.08.09 03:51:27.209,12.64802,12.65078,0.00,0.00
2017.08.09 03:51:27.733,12.64801,12.65079,0.00,0.00
2017.08.09 03:51:29.447,12.64802,12.65078,0.00,0.00
2017.08.09 03:51:30.239,12.64778,12.65092,0.00,0.00
2017.08.09 03:51:34.202,12.64801,12.65079,0.00,0.00
2017.08.09 03:51:35.411,12.64802,12.65078,0.00,0.00
2017.08.09 03:51:36.717,12.64811,12.65079,0.00,0.00
2017.08.09 03:51:40.220,12.64812,12.65078,0.00,0.00
2017.08.09 03:51:41.091,12.64798,12.65092,0.00,0.00
2017.08.09 03:51:41.142,12.64811,12.65079,0.00,0.00
2017.08.09 03:51:42.355,12.64812,12.65078,0.00,0.00
2017.08.09 03:51:43.175,12.64811,12.65079,0.00,0.00
2017.08.09 03:51:43.792,12.64812,12.65078,0.00,0.00
2017.08.09 03:51:44.293,12.64811,12.65079,0.00,0.00
2017.08.09 03:51:45.670,12.64812,12.65078,0.00,0.00
2017.08.09 03:51:46.183,12.64811,12.65079,0.00,0.00
2017.08.09 03:51:49.020,12.64812,12.65078,0.00,0.00
2017.08.09 03:51:52.182,12.64811,12.65079,0.00,0.00
2017.08.09 03:51:57.000,12.64812,12.65078,0.00,0.00
2017.08.09 03:51:57.823,12.64811,12.65079,0.00,0.00
2017.08.09 03:52:09.065,12.64791,12.65141,0.00,0.00
2017.08.09 03:52:09.116,12.64891,12.65079,0.00,0.00
2017.08.09 03:52:09.167,12.64911,12.65129,0.00,0.00
2017.08.09 03:52:09.218,12.64911,12.65142,0.00,0.00
2017.08.09 03:52:09.269,12.64912,12.65158,0.00,0.00
2017.08.09 03:52:09.513,12.64911,12.65152,0.00,0.00
2017.08.09 03:52:09.615,12.64912,12.65158,0.00,0.00
2017.08.09 03:52:09.716,12.64911,12.65179,0.00,0.00
2017.08.09 03:52:09.918,12.64911,12.65172,0.00,0.00
2017.08.09 03:52:10.246,12.64911,12.65161,0.00,0.00
2017.08.09 03:52:10.386,12.64911,12.65179,0.00,0.00
2017.08.09 03:52:15.897,12.64912,12.65178,0.00,0.00
2017.08.09 03:52:17.001,12.64911,12.65179,0.00,0.00
2017.08.09 03:52:17.523,12.64912,12.65178,0.00,0.00
2017.08.09 03:52:18.041,12.64911,12.65179,0.00,0.00
2017.08.09 03:52:22.469,12.64912,12.65178,0.00,0.00
2017.08.09 03:52:22.970,12.64911,12.65179,0.00,0.00
2017.08.09 03:52:24.740,12.64912,12.65178,0.00,0.00
2017.08.09 03:52:26.414,12.64911,12.65179,0.00,0.00
2017.08.09 03:52:26.627,12.64891,12.65192,0.00,0.00
2017.08.09 03:52:26.678,12.64912,12.65178,0.00,0.00
2017.08.09 03:52:27.390,12.64911,12.65179,0.00,0.00
2017.08.09 03:52:28.904,12.64912,12.65178,0.00,0.00
2017.08.09 03:52:29.540,12.64911,12.65179,0.00,0.00
2017.08.09 03:52:30.511,12.64912,12.65178,0.00,0.00
2017.08.09 03:52:31.236,12.64911,12.65179,0.00,0.00
2017.08.09 03:52:31.908,12.64912,12.65178,0.00,0.00
2017.08.09 03:52:34.322,12.64911,12.65179,0.00,0.00
2017.08.09 03:52:37.719,12.64912,12.65178,0.00,0.00
2017.08.09 03:52:39.049,12.64911,12.65179,0.00,0.00
2017.08.09 03:52:43.619,12.64912,12.65178,0.00,0.00
2017.08.09 03:52:46.858,12.64911,12.65179,0.00,0.00
2017.08.09 03:52:47.441,12.64912,12.65178,0.00,0.00
2017.08.09 03:52:50.049,12.64911,12.65179,0.00,0.00
2017.08.09 03:52:51.991,12.64912,12.65178,0.00,0.00
2017.08.09 03:52:52.910,12.64911,12.65179,0.00,0.00
2017.08.09 03:52:53.473,12.64912,12.65178,0.00,0.00
2017.08.09 03:52:54.844,12.64911,12.65179,0.00,0.00
2017.08.09 03:52:57.866,12.64912,12.65178,0.00,0.00
2017.08.09 03:52:58.434,12.64911,12.65179,0.00,0.00
2017.08.09 03:52:59.542,12.64912,12.65178,0.00,0.00
2017.08.09 03:53:00.402,12.64911,12.65179,0.00,0.00
2017.08.09 03:53:00.453,12.64891,12.65192,0.00,0.00
2017.08.09 03:53:00.504,12.64911,12.65179,0.00,0.00
2017.08.09 03:53:00.863,12.64912,12.65172,0.00,0.00
2017.08.09 03:53:00.964,12.64912,12.65178,0.00,0.00
2017.08.09 03:53:02.521,12.64911,12.65179,0.00,0.00
2017.08.09 03:53:03.341,12.64912,12.65178,0.00,0.00
2017.08.09 03:53:04.181,12.64911,12.65149,0.00,0.00
2017.08.09 03:53:04.282,12.64911,12.65171,0.00,0.00
2017.08.09 03:53:04.722,12.64878,12.65171,0.00,0.00
2017.08.09 03:53:04.773,12.64911,12.65171,0.00,0.00
2017.08.09 03:53:04.865,12.64911,12.65179,0.00,0.00
2017.08.09 03:53:12.275,12.64912,12.65178,0.00,0.00
2017.08.09 03:53:14.869,12.64911,12.65179,0.00,0.00
2017.08.09 03:53:15.199,12.64911,12.65079,0.00,0.00
2017.08.09 03:53:15.250,12.64911,12.65092,0.00,0.00
2017.08.09 03:53:15.351,12.64911,12.65171,0.00,0.00
2017.08.09 03:53:15.401,12.64911,12.65162,0.00,0.00
2017.08.09 03:53:15.589,12.64912,12.65178,0.00,0.00
2017.08.09 03:53:15.669,12.64891,12.65179,0.00,0.00
2017.08.09 03:53:15.719,12.64891,12.65171,0.00,0.00
2017.08.09 03:53:15.776,12.64891,12.65179,0.00,0.00
2017.08.09 03:53:17.179,12.64892,12.65128,0.00,0.00
2017.08.09 03:53:17.331,12.64812,12.65078,0.00,0.00
2017.08.09 03:53:20.313,12.64811,12.65079,0.00,0.00
2017.08.09 03:53:21.089,12.64812,12.65078,0.00,0.00
2017.08.09 03:53:21.592,12.64811,12.65079,0.00,0.00
2017.08.09 03:53:22.284,12.64812,12.65078,0.00,0.00
2017.08.09 03:53:22.790,12.64811,12.65079,0.00,0.00
2017.08.09 03:53:23.295,12.64812,12.65078,0.00,0.00
2017.08.09 03:53:24.239,12.64811,12.65079,0.00,0.00
2017.08.09 03:53:24.795,12.64812,12.65078,0.00,0.00
2017.08.09 03:53:26.110,12.64811,12.65079,0.00,0.00
2017.08.09 03:53:26.794,12.64812,12.65078,0.00,0.00
2017.08.09 03:53:28.163,12.64811,12.65079,0.00,0.00
2017.08.09 03:53:29.917,12.64812,12.65078,0.00,0.00
2017.08.09 03:53:31.933,12.64811,12.65079,0.00,0.00
2017.08.09 03:53:34.713,12.64812,12.65078,0.00,0.00
2017.08.09 03:53:35.461,12.64811,12.65079,0.00,0.00
2017.08.09 03:53:37.596,12.64812,12.65078,0.00,0.00
2017.08.09 03:53:38.100,12.64811,12.65079,0.00,0.00
2017.08.09 03:53:38.967,12.64812,12.65078,0.00,0.00
2017.08.09 03:53:39.862,12.64811,12.65079,0.00,0.00
2017.08.09 03:53:42.433,12.64791,12.65082,0.00,0.00
2017.08.09 03:53:42.483,12.64812,12.65078,0.00,0.00
2017.08.09 03:53:42.795,12.64729,12.65009,0.00,0.00
2017.08.09 03:53:42.937,12.64701,12.64979,0.00,0.00
2017.08.09 03:53:43.293,12.64678,12.64992,0.00,0.00
2017.08.09 03:53:43.344,12.64702,12.64978,0.00,0.00
2017.08.09 03:53:43.807,12.64702,12.64972,0.00,0.00
2017.08.09 03:53:44.026,12.64701,12.64979,0.00,0.00
2017.08.09 03:53:44.720,12.64702,12.64978,0.00,0.00
2017.08.09 03:53:45.278,12.64752,12.64978,0.00,0.00
2017.08.09 03:53:45.480,12.64811,12.65079,0.00,0.00
2017.08.09 03:53:46.116,12.64812,12.65078,0.00,0.00
2017.08.09 03:53:46.770,12.64811,12.65079,0.00,0.00
2017.08.09 03:53:50.173,12.64812,12.65078,0.00,0.00
2017.08.09 03:53:50.740,12.64811,12.65079,0.00,0.00
2017.08.09 03:53:51.421,12.64812,12.65078,0.00,0.00
2017.08.09 03:53:51.927,12.64811,12.65079,0.00,0.00
2017.08.09 03:53:52.180,12.64861,12.65079,0.00,0.00
2017.08.09 03:53:52.331,12.64811,12.65079,0.00,0.00
2017.08.09 03:53:52.990,12.64812,12.65078,0.00,0.00
2017.08.09 03:53:53.710,12.64811,12.65079,0.00,0.00
2017.08.09 03:53:55.000,12.64792,12.65078,0.00,0.00
2017.08.09 03:53:55.151,12.64792,12.65062,0.00,0.00
2017.08.09 03:53:56.122,12.64791,12.65062,0.00,0.00
2017.08.09 03:53:56.464,12.64782,12.65028,0.00,0.00
2017.08.09 03:53:57.082,12.64791,12.65029,0.00,0.00
2017.08.09 03:53:57.132,12.64792,12.65078,0.00,0.00
2017.08.09 03:53:57.672,12.64791,12.65079,0.00,0.00
2017.08.09 03:53:59.271,12.64792,12.65078,0.00,0.00
2017.08.09 03:53:59.984,12.64791,12.65079,0.00,0.00
2017.08.09 03:54:00.632,12.64792,12.65078,0.00,0.00
2017.08.09 03:54:01.205,12.64791,12.65079,0.00,0.00
2017.08.09 03:54:01.442,12.64799,12.65079,0.00,0.00
2017.08.09 03:54:03.742,12.64799,12.65078,0.00,0.00
2017.08.09 03:54:03.893,12.64791,12.65079,0.00,0.00
2017.08.09 03:54:05.646,12.64792,12.65078,0.00,0.00
2017.08.09 03:54:05.882,12.64818,12.65078,0.00,0.00
2017.08.09 03:54:06.403,12.64791,12.65079,0.00,0.00
2017.08.09 03:54:06.504,12.64798,12.65079,0.00,0.00
2017.08.09 03:54:06.565,12.64791,12.65079,0.00,0.00
2017.08.09 03:54:06.967,12.64799,12.65078,0.00,0.00
2017.08.09 03:54:07.541,12.64799,12.65079,0.00,0.00
2017.08.09 03:54:07.667,12.64791,12.65079,0.00,0.00
2017.08.09 03:54:08.368,12.64819,12.65079,0.00,0.00
2017.08.09 03:54:08.695,12.64791,12.65079,0.00,0.00
2017.08.09 03:54:08.769,12.64798,12.65079,0.00,0.00
2017.08.09 03:54:09.087,12.64808,12.65078,0.00,0.00
2017.08.09 03:54:09.188,12.64799,12.65079,0.00,0.00
2017.08.09 03:54:09.289,12.64791,12.65079,0.00,0.00
2017.08.09 03:54:09.471,12.64819,12.65079,0.00,0.00
2017.08.09 03:54:09.721,12.64792,12.65078,0.00,0.00
2017.08.09 03:54:09.822,12.64798,12.65079,0.00,0.00
2017.08.09 03:54:09.873,12.64791,12.65079,0.00,0.00
2017.08.09 03:54:09.974,12.64798,12.65078,0.00,0.00
2017.08.09 03:54:10.385,12.64819,12.65079,0.00,0.00
2017.08.09 03:54:12.282,12.64798,12.65079,0.00,0.00
2017.08.09 03:54:12.383,12.64818,12.65079,0.00,0.00
2017.08.09 03:54:13.137,12.64818,12.65092,0.00,0.00
2017.08.09 03:54:13.285,12.64818,12.65078,0.00,0.00
2017.08.09 03:54:13.840,12.64818,12.65079,0.00,0.00
2017.08.09 03:54:13.979,12.64809,12.65079,0.00,0.00
2017.08.09 03:54:18.288,12.64892,12.65128,0.00,0.00
2017.08.09 03:54:18.439,12.64801,12.65079,0.00,0.00
2017.08.09 03:54:18.490,12.64862,12.65092,0.00,0.00
2017.08.09 03:54:18.540,12.64862,12.65128,0.00,0.00
2017.08.09 03:54:18.759,12.64881,12.65129,0.00,0.00
2017.08.09 03:54:19.525,12.64882,12.65128,0.00,0.00
2017.08.09 03:54:22.273,12.64891,12.65162,0.00,0.00
2017.08.09 03:54:22.489,12.64891,12.65179,0.00,0.00
2017.08.09 03:54:22.590,12.64892,12.65162,0.00,0.00
2017.08.09 03:54:22.691,12.64908,12.65179,0.00,0.00
2017.08.09 03:54:22.742,12.64908,12.65129,0.00,0.00
2017.08.09 03:54:22.913,12.64881,12.65129,0.00,0.00
2017.08.09 03:54:24.802,12.64829,12.65079,0.00,0.00
2017.08.09 03:54:24.903,12.64819,12.65078,0.00,0.00
2017.08.09 03:54:24.993,12.64802,12.65078,0.00,0.00
2017.08.09 03:54:25.411,12.64808,12.65078,0.00,0.00
2017.08.09 03:54:25.512,12.64802,12.65078,0.00,0.00
2017.08.09 03:54:26.094,12.64808,12.65078,0.00,0.00
2017.08.09 03:54:26.456,12.64818,12.65079,0.00,0.00
2017.08.09 03:54:26.812,12.64808,12.65079,0.00,0.00
2017.08.09 03:54:26.895,12.64818,12.65079,0.00,0.00
2017.08.09 03:54:27.216,12.64891,12.65129,0.00,0.00
2017.08.09 03:54:27.267,12.64892,12.65141,0.00,0.00
2017.08.09 03:54:27.318,12.64892,12.65178,0.00,0.00
2017.08.09 03:54:28.106,12.64891,12.65179,0.00,0.00
2017.08.09 03:54:29.262,12.64892,12.65178,0.00,0.00
2017.08.09 03:54:29.399,12.64891,12.65171,0.00,0.00
2017.08.09 03:54:29.721,12.64908,12.65179,0.00,0.00
2017.08.09 03:54:29.899,12.64899,12.65179,0.00,0.00
2017.08.09 03:54:30.419,12.64899,12.65178,0.00,0.00
2017.08.09 03:54:30.801,12.64891,12.65179,0.00,0.00
2017.08.09 03:54:32.185,12.64892,12.65178,0.00,0.00
2017.08.09 03:54:32.728,12.64891,12.65179,0.00,0.00
2017.08.09 03:54:33.304,12.64908,12.65179,0.00,0.00
2017.08.09 03:54:33.804,12.64898,12.65179,0.00,0.00
2017.08.09 03:54:34.952,12.64909,12.65179,0.00,0.00
2017.08.09 03:54:35.698,12.64909,12.65178,0.00,0.00
2017.08.09 03:54:36.244,12.64909,12.65179,0.00,0.00
2017.08.09 03:54:37.018,12.64908,12.65179,0.00,0.00
2017.08.09 03:54:37.763,12.64908,12.65178,0.00,0.00
2017.08.09 03:54:37.814,12.64892,12.65178,0.00,0.00
2017.08.09 03:54:38.339,12.64891,12.65179,0.00,0.00
2017.08.09 03:54:39.049,12.64892,12.65178,0.00,0.00
2017.08.09 03:54:39.250,12.64892,12.65161,0.00,0.00
2017.08.09 03:54:39.989,12.64891,12.65161,0.00,0.00
2017.08.09 03:54:42.564,12.64892,12.65161,0.00,0.00
2017.08.09 03:54:42.665,12.64891,12.65171,0.00,0.00
2017.08.09 03:54:42.717,12.64908,12.65179,0.00,0.00
2017.08.09 03:54:44.219,12.64891,12.65179,0.00,0.00
2017.08.09 03:54:45.830,12.64892,12.65178,0.00,0.00
2017.08.09 03:54:46.823,12.64908,12.65178,0.00,0.00
2017.08.09 03:54:48.113,12.64908,12.65179,0.00,0.00
2017.08.09 03:54:48.224,12.64891,12.65179,0.00,0.00
2017.08.09 03:54:48.951,12.64899,12.65179,0.00,0.00
2017.08.09 03:54:49.789,12.64899,12.65178,0.00,0.00
2017.08.09 03:54:51.280,12.64899,12.65179,0.00,0.00
2017.08.09 03:54:51.620,12.64892,12.65152,0.00,0.00
2017.08.09 03:54:51.740,12.64891,12.65179,0.00,0.00
2017.08.09 03:54:52.349,12.64892,12.65178,0.00,0.00
2017.08.09 03:54:53.726,12.64891,12.65179,0.00,0.00
2017.08.09 03:54:53.877,12.64898,12.65179,0.00,0.00
2017.08.09 03:54:54.233,12.64891,12.65161,0.00,0.00
2017.08.09 03:55:03.188,12.64892,12.65161,0.00,0.00
2017.08.09 03:55:03.290,12.64891,12.65179,0.00,0.00
2017.08.09 03:55:03.391,12.64909,12.65178,0.00,0.00
2017.08.09 03:55:04.126,12.64909,12.65179,0.00,0.00
2017.08.09 03:55:04.277,12.64891,12.65179,0.00,0.00
2017.08.09 03:55:04.651,12.64891,12.65172,0.00,0.00
2017.08.09 03:55:05.065,12.64909,12.65178,0.00,0.00
2017.08.09 03:55:05.600,12.64909,12.65179,0.00,0.00
2017.08.09 03:55:06.149,12.64891,12.65179,0.00,0.00
2017.08.09 03:55:06.951,12.64898,12.65179,0.00,0.00
2017.08.09 03:55:07.375,12.64928,12.65179,0.00,0.00
2017.08.09 03:55:08.970,12.64928,12.65178,0.00,0.00
2017.08.09 03:55:09.196,12.64919,12.65178,0.00,0.00
2017.08.09 03:55:09.298,12.64929,12.65179,0.00,0.00
2017.08.09 03:55:09.640,12.64939,12.65178,0.00,0.00
2017.08.09 03:55:09.785,12.64928,12.65179,0.00,0.00
2017.08.09 03:55:10.369,12.64918,12.65192,0.00,0.00
2017.08.09 03:55:10.455,12.64891,12.65151,0.00,0.00
2017.08.09 03:55:11.807,12.64892,12.65151,0.00,0.00
2017.08.09 03:55:12.158,12.64918,12.65178,0.00,0.00
2017.08.09 03:55:12.661,12.64918,12.65179,0.00,0.00
2017.08.09 03:55:14.159,12.64929,12.65179,0.00,0.00
2017.08.09 03:55:14.960,12.64919,12.65179,0.00,0.00
2017.08.09 03:55:18.965,12.64918,12.65179,0.00,0.00
2017.08.09 03:55:20.862,12.64918,12.65178,0.00,0.00
2017.08.09 03:55:21.014,12.64938,12.65179,0.00,0.00
2017.08.09 03:55:21.411,12.64918,12.65179,0.00,0.00
2017.08.09 03:55:22.370,12.64928,12.65179,0.00,0.00
2017.08.09 03:55:22.901,12.64928,12.65178,0.00,0.00
2017.08.09 03:55:23.275,12.64938,12.65179,0.00,0.00
2017.08.09 03:55:24.173,12.64929,12.65179,0.00,0.00
2017.08.09 03:55:25.760,12.64929,12.65178,0.00,0.00
2017.08.09 03:55:25.913,12.64919,12.65178,0.00,0.00
2017.08.09 03:55:26.014,12.64928,12.65178,0.00,0.00
2017.08.09 03:55:26.297,12.64919,12.65179,0.00,0.00
2017.08.09 03:55:26.785,12.64891,12.65152,0.00,0.00
2017.08.09 03:55:30.590,12.64892,12.65152,0.00,0.00
2017.08.09 03:55:30.712,12.64891,12.65161,0.00,0.00
2017.08.09 03:55:30.783,12.64939,12.65179,0.00,0.00
2017.08.09 03:55:31.219,12.64928,12.65179,0.00,0.00
2017.08.09 03:55:31.321,12.64919,12.65179,0.00,0.00
2017.08.09 03:55:33.308,12.64929,12.65178,0.00,0.00
2017.08.09 03:55:33.409,12.64919,12.65179,0.00,0.00
2017.08.09 03:55:33.510,12.64938,12.65179,0.00,0.00
2017.08.09 03:55:33.634,12.64891,12.65172,0.00,0.00
2017.08.09 03:55:34.188,12.64939,12.65179,0.00,0.00
2017.08.09 03:55:34.735,12.64909,12.65179,0.00,0.00
2017.08.09 03:55:34.836,12.64938,12.65178,0.00,0.00
2017.08.09 03:55:37.675,12.64938,12.65179,0.00,0.00
2017.08.09 03:55:37.793,12.64928,12.65179,0.00,0.00
2017.08.09 03:55:37.894,12.64891,12.65151,0.00,0.00
2017.08.09 03:55:38.595,12.64892,12.65151,0.00,0.00
2017.08.09 03:55:39.695,12.64892,12.65161,0.00,0.00
2017.08.09 03:55:40.624,12.64891,12.65161,0.00,0.00
2017.08.09 03:55:40.697,12.64891,12.65152,0.00,0.00
2017.08.09 03:55:42.700,12.64891,12.65172,0.00,0.00
2017.08.09 03:55:43.104,12.64892,12.65151,0.00,0.00
2017.08.09 03:55:43.690,12.64891,12.65151,0.00,0.00
2017.08.09 03:55:44.202,12.64938,12.65179,0.00,0.00
2017.08.09 03:55:44.790,12.64938,12.65178,0.00,0.00
2017.08.09 03:55:51.410,12.64909,12.65178,0.00,0.00
2017.08.09 03:55:52.294,12.64909,12.65179,0.00,0.00
2017.08.09 03:55:54.214,12.64918,12.65179,0.00,0.00
2017.08.09 03:55:56.917,12.64908,12.65179,0.00,0.00
2017.08.09 03:55:57.017,12.64918,12.65179,0.00,0.00
2017.08.09 03:55:59.562,12.64918,12.65178,0.00,0.00
2017.08.09 03:56:00.080,12.64918,12.65179,0.00,0.00
2017.08.09 03:56:00.428,12.64948,12.65179,0.00,0.00
2017.08.09 03:56:00.622,12.64918,12.65179,0.00,0.00
2017.08.09 03:56:00.922,12.64929,12.65179,0.00,0.00
2017.08.09 03:56:07.865,12.65081,12.65201,0.00,0.00
2017.08.09 03:56:08.067,12.65139,12.65379,0.00,0.00
2017.08.09 03:56:08.168,12.65098,12.65378,0.00,0.00
2017.08.09 03:56:08.219,12.65192,12.65382,0.00,0.00
2017.08.09 03:56:08.270,12.65192,12.65402,0.00,0.00
2017.08.09 03:56:08.371,12.65239,12.65478,0.00,0.00
2017.08.09 03:56:08.472,12.65191,12.65471,0.00,0.00
2017.08.09 03:56:08.779,12.65191,12.65461,0.00,0.00
2017.08.09 03:56:08.834,12.65199,12.65479,0.00,0.00
2017.08.09 03:56:09.036,12.65191,12.65472,0.00,0.00
2017.08.09 03:56:09.137,12.65192,12.65461,0.00,0.00
2017.08.09 03:56:09.614,12.65238,12.65478,0.00,0.00
2017.08.09 03:56:09.770,12.65228,12.65479,0.00,0.00
2017.08.09 03:56:10.035,12.65219,12.65479,0.00,0.00
2017.08.09 03:56:10.136,12.65191,12.65452,0.00,0.00
2017.08.09 03:56:10.449,12.65191,12.65461,0.00,0.00
2017.08.09 03:56:10.748,12.65239,12.65478,0.00,0.00
2017.08.09 03:56:11.579,12.65219,12.65478,0.00,0.00
2017.08.09 03:56:11.839,12.65238,12.65479,0.00,0.00
2017.08.09 03:56:12.339,12.65228,12.65479,0.00,0.00
2017.08.09 03:56:12.440,12.65218,12.65479,0.00,0.00
2017.08.09 03:56:12.880,12.65209,12.65478,0.00,0.00
2017.08.09 03:56:13.418,12.65209,12.65479,0.00,0.00
2017.08.09 03:56:13.468,12.65238,12.65479,0.00,0.00
2017.08.09 03:56:13.569,12.65229,12.65479,0.00,0.00
2017.08.09 03:56:13.742,12.65191,12.65431,0.00,0.00
2017.08.09 03:56:14.243,12.65239,12.65479,0.00,0.00
2017.08.09 03:56:17.543,12.65239,12.65478,0.00,0.00
2017.08.09 03:56:18.074,12.65239,12.65479,0.00,0.00
2017.08.09 03:56:19.649,12.65208,12.65479,0.00,0.00
2017.08.09 03:56:19.751,12.65191,12.65462,0.00,0.00
2017.08.09 03:56:22.393,12.65192,12.65462,0.00,0.00
2017.08.09 03:56:22.695,12.65248,12.65479,0.00,0.00
2017.08.09 03:56:22.796,12.65218,12.65478,0.00,0.00
2017.08.09 03:56:22.897,12.65192,12.65441,0.00,0.00
2017.08.09 03:56:22.953,12.65192,12.65452,0.00,0.00
2017.08.09 03:56:23.373,12.65239,12.65478,0.00,0.00
2017.08.09 03:56:24.255,12.65229,12.65478,0.00,0.00
2017.08.09 03:56:25.243,12.65229,12.65479,0.00,0.00
2017.08.09 03:56:25.294,12.65218,12.65479,0.00,0.00
2017.08.09 03:56:25.356,12.65228,12.65479,0.00,0.00
2017.08.09 03:56:26.423,12.65228,12.65478,0.00,0.00
2017.08.09 03:56:26.474,12.65191,12.65451,0.00,0.00
2017.08.09 03:56:28.974,12.65192,12.65451,0.00,0.00
2017.08.09 03:56:30.603,12.65191,12.65451,0.00,0.00
2017.08.09 03:56:32.166,12.65191,12.65461,0.00,0.00
2017.08.09 03:56:32.411,12.65191,12.65451,0.00,0.00
2017.08.09 03:56:32.824,12.65192,12.65441,0.00,0.00
2017.08.09 03:56:33.002,12.65191,12.65471,0.00,0.00
2017.08.09 03:56:33.468,12.65238,12.65479,0.00,0.00
2017.08.09 03:56:34.000,12.65219,12.65479,0.00,0.00
2017.08.09 03:56:34.101,12.65239,12.65478,0.00,0.00
2017.08.09 03:56:34.405,12.65218,12.65478,0.00,0.00
2017.08.09 03:56:34.907,12.65248,12.65478,0.00,0.00
2017.08.09 03:56:35.848,12.65248,12.65479,0.00,0.00
2017.08.09 03:56:36.186,12.65239,12.65479,0.00,0.00
2017.08.09 03:56:36.287,12.65249,12.65479,0.00,0.00
2017.08.09 03:56:36.572,12.65249,12.65492,0.00,0.00
2017.08.09 03:56:36.623,12.65262,12.65478,0.00,0.00
2017.08.09 03:56:37.426,12.65228,12.65479,0.00,0.00
2017.08.09 03:56:37.797,12.65291,12.65502,0.00,0.00
2017.08.09 03:56:37.898,12.65341,12.65578,0.00,0.00
2017.08.09 03:56:37.999,12.65348,12.65592,0.00,0.00
2017.08.09 03:56:38.049,12.65348,12.65579,0.00,0.00
2017.08.09 03:56:38.277,12.65341,12.65579,0.00,0.00
2017.08.09 03:56:38.409,12.65348,12.65579,0.00,0.00
2017.08.09 03:56:38.679,12.65341,12.65579,0.00,0.00
2017.08.09 03:56:39.354,12.65292,12.65579,0.00,0.00
2017.08.09 03:56:40.117,12.65292,12.65578,0.00,0.00
2017.08.09 03:56:40.526,12.65392,12.65578,0.00,0.00
2017.08.09 03:56:40.736,12.65292,12.65578,0.00,0.00
2017.08.09 03:56:41.456,12.65291,12.65579,0.00,0.00
2017.08.09 03:56:43.181,12.65292,12.65578,0.00,0.00
2017.08.09 03:56:45.164,12.65291,12.65579,0.00,0.00
2017.08.09 03:56:45.721,12.65292,12.65578,0.00,0.00
2017.08.09 03:56:46.993,12.65291,12.65579,0.00,0.00
2017.08.09 03:56:50.042,12.65292,12.65578,0.00,0.00
2017.08.09 03:56:52.171,12.65291,12.65579,0.00,0.00
2017.08.09 03:56:54.641,12.65291,12.65549,0.00,0.00
2017.08.09 03:56:54.742,12.65231,12.65499,0.00,0.00
2017.08.09 03:56:54.792,12.65291,12.65479,0.00,0.00
2017.08.09 03:56:54.843,12.65292,12.65558,0.00,0.00
2017.08.09 03:56:54.944,12.65192,12.65491,0.00,0.00
2017.08.09 03:56:54.995,12.65191,12.65479,0.00,0.00
2017.08.09 03:56:55.651,12.65192,12.65478,0.00,0.00
2017.08.09 03:56:56.232,12.65191,12.65479,0.00,0.00
2017.08.09 03:56:56.850,12.65192,12.65478,0.00,0.00
2017.08.09 03:56:57.558,12.65191,12.65479,0.00,0.00
2017.08.09 03:56:58.035,12.65291,12.65529,0.00,0.00
2017.08.09 03:56:58.086,12.65291,12.65542,0.00,0.00
2017.08.09 03:56:58.252,12.65291,12.65579,0.00,0.00
2017.08.09 03:56:58.512,12.65278,12.65529,0.00,0.00
2017.08.09 03:56:58.714,12.65192,12.65478,0.00,0.00
2017.08.09 03:56:59.539,12.65191,12.65479,0.00,0.00
2017.08.09 03:57:00.089,12.65192,12.65478,0.00,0.00
2017.08.09 03:57:00.611,12.65191,12.65479,0.00,0.00
2017.08.09 03:57:01.136,12.65192,12.65478,0.00,0.00
2017.08.09 03:57:01.442,12.65261,12.65529,0.00,0.00
2017.08.09 03:57:01.593,12.65191,12.65479,0.00,0.00
2017.08.09 03:57:02.100,12.65192,12.65478,0.00,0.00
2017.08.09 03:57:03.390,12.65191,12.65479,0.00,0.00
2017.08.09 03:57:03.441,12.65292,12.65562,0.00,0.00
2017.08.09 03:57:03.542,12.65292,12.65578,0.00,0.00
2017.08.09 03:57:04.093,12.65291,12.65579,0.00,0.00
2017.08.09 03:57:04.144,12.65278,12.65592,0.00,0.00
2017.08.09 03:57:04.245,12.65291,12.65579,0.00,0.00
2017.08.09 03:57:06.969,12.65292,12.65578,0.00,0.00
2017.08.09 03:57:07.490,12.65291,12.65579,0.00,0.00
2017.08.09 03:57:08.463,12.65292,12.65558,0.00,0.00
2017.08.09 03:57:09.389,12.65291,12.65559,0.00,0.00
2017.08.09 03:57:10.131,12.65292,12.65558,0.00,0.00
2017.08.09 03:57:10.633,12.65291,12.65559,0.00,0.00
2017.08.09 03:57:10.684,12.65292,12.65578,0.00,0.00
2017.08.09 03:57:11.085,12.65292,12.65558,0.00,0.00
2017.08.09 03:57:11.781,12.65291,12.65559,0.00,0.00
2017.08.09 03:57:13.031,12.65292,12.65558,0.00,0.00
2017.08.09 03:57:13.300,12.65261,12.65529,0.00,0.00
2017.08.09 03:57:14.363,12.65231,12.65529,0.00,0.00
2017.08.09 03:57:14.414,12.65191,12.65479,0.00,0.00
2017.08.09 03:57:14.871,12.65228,12.65479,0.00,0.00
2017.08.09 03:57:14.922,12.65261,12.65529,0.00,0.00
2017.08.09 03:57:16.790,12.65262,12.65528,0.00,0.00
2017.08.09 03:57:17.370,12.65281,12.65529,0.00,0.00
2017.08.09 03:57:18.200,12.65282,12.65528,0.00,0.00
2017.08.09 03:57:19.801,12.65281,12.65529,0.00,0.00
2017.08.09 03:57:20.041,12.65291,12.65579,0.00,0.00
2017.08.09 03:57:20.543,12.65292,12.65578,0.00,0.00
2017.08.09 03:57:21.926,12.65288,12.65478,0.00,0.00
2017.08.09 03:57:21.976,12.65191,12.65479,0.00,0.00
2017.08.09 03:57:22.077,12.65262,12.65478,0.00,0.00
2017.08.09 03:57:22.180,12.65191,12.65479,0.00,0.00
2017.08.09 03:57:23.682,12.65192,12.65478,0.00,0.00
2017.08.09 03:57:23.861,12.65199,12.65479,0.00,0.00
2017.08.09 03:57:24.451,12.65192,12.65478,0.00,0.00
2017.08.09 03:57:25.063,12.65191,12.65479,0.00,0.00
2017.08.09 03:57:26.943,12.65179,12.65441,0.00,0.00
2017.08.09 03:57:27.246,12.65191,12.65429,0.00,0.00
2017.08.09 03:57:27.297,12.65191,12.65442,0.00,0.00
2017.08.09 03:57:27.398,12.65191,12.65479,0.00,0.00
2017.08.09 03:57:27.700,12.65191,12.65429,0.00,0.00
2017.08.09 03:57:28.362,12.65192,12.65428,0.00,0.00
2017.08.09 03:57:29.336,12.65098,12.65379,0.00,0.00
2017.08.09 03:57:29.387,12.65092,12.65378,0.00,0.00
2017.08.09 03:57:29.878,12.65099,12.65378,0.00,0.00
2017.08.09 03:57:30.437,12.65099,12.65379,0.00,0.00
2017.08.09 03:57:31.546,12.65099,12.65378,0.00,0.00
2017.08.09 03:57:32.088,12.65099,12.65379,0.00,0.00
2017.08.09 03:57:35.280,12.65191,12.65429,0.00,0.00
2017.08.09 03:57:35.331,12.65192,12.65442,0.00,0.00
2017.08.09 03:57:35.382,12.65191,12.65479,0.00,0.00
2017.08.09 03:57:36.521,12.65192,12.65479,0.00,0.00
2017.08.09 03:57:37.521,12.65192,12.65478,0.00,0.00
2017.08.09 03:57:38.942,12.65192,12.65479,0.00,0.00
2017.08.09 03:57:39.690,12.65192,12.65478,0.00,0.00
2017.08.09 03:57:41.709,12.65192,12.65479,0.00,0.00
2017.08.09 03:57:42.448,12.65192,12.65478,0.00,0.00
2017.08.09 03:57:42.973,12.65192,12.65479,0.00,0.00
2017.08.09 03:57:43.860,12.65192,12.65478,0.00,0.00
2017.08.09 03:57:45.102,12.65192,12.65479,0.00,0.00
2017.08.09 03:57:45.484,12.65192,12.65472,0.00,0.00
2017.08.09 03:57:45.585,12.65192,12.65479,0.00,0.00
2017.08.09 03:57:46.288,12.65192,12.65478,0.00,0.00
2017.08.09 03:57:46.338,12.65292,12.65522,0.00,0.00
2017.08.09 03:57:46.389,12.65291,12.65569,0.00,0.00
2017.08.09 03:57:46.899,12.65291,12.65579,0.00,0.00
2017.08.09 03:57:47.504,12.65292,12.65579,0.00,0.00
2017.08.09 03:57:48.063,12.65292,12.65578,0.00,0.00
2017.08.09 03:57:48.910,12.65292,12.65579,0.00,0.00
2017.08.09 03:57:49.742,12.65292,12.65578,0.00,0.00
2017.08.09 03:57:50.250,12.65292,12.65579,0.00,0.00
2017.08.09 03:57:51.608,12.65291,12.65579,0.00,0.00
2017.08.09 03:57:51.659,12.65292,12.65548,0.00,0.00
2017.08.09 03:57:51.710,12.65291,12.65559,0.00,0.00
2017.08.09 03:57:51.810,12.65291,12.65571,0.00,0.00
2017.08.09 03:57:51.887,12.65291,12.65579,0.00,0.00
2017.08.09 03:57:52.115,12.65292,12.65548,0.00,0.00
2017.08.09 03:57:52.216,12.65292,12.65558,0.00,0.00
2017.08.09 03:57:52.317,12.65291,12.65562,0.00,0.00
2017.08.09 03:57:52.418,12.65291,12.65579,0.00,0.00
2017.08.09 03:57:53.231,12.65292,12.65578,0.00,0.00
2017.08.09 03:57:54.141,12.65291,12.65579,0.00,0.00
2017.08.09 03:57:54.719,12.65292,12.65578,0.00,0.00
2017.08.09 03:57:55.231,12.65291,12.65579,0.00,0.00
2017.08.09 03:57:56.042,12.65292,12.65578,0.00,0.00
2017.08.09 03:57:56.698,12.65291,12.65579,0.00,0.00
2017.08.09 03:57:57.352,12.65292,12.65578,0.00,0.00
2017.08.09 03:57:58.261,12.65291,12.65579,0.00,0.00
2017.08.09 03:57:59.731,12.65292,12.65578,0.00,0.00
2017.08.09 03:58:00.236,12.65291,12.65579,0.00,0.00
2017.08.09 03:58:00.612,12.65291,12.65569,0.00,0.00
2017.08.09 03:58:04.744,12.65292,12.65568,0.00,0.00
2017.08.09 03:58:07.530,12.65392,12.65628,0.00,0.00
2017.08.09 03:58:07.580,12.65392,12.65642,0.00,0.00
2017.08.09 03:58:07.631,12.65391,12.65649,0.00,0.00
2017.08.09 03:58:07.682,12.65392,12.65658,0.00,0.00
2017.08.09 03:58:08.030,12.65391,12.65649,0.00,0.00
2017.08.09 03:58:08.585,12.65392,12.65648,0.00,0.00
2017.08.09 03:58:09.585,12.65329,12.65599,0.00,0.00
2017.08.09 03:58:09.635,12.65329,12.65578,0.00,0.00
2017.08.09 03:58:09.686,12.65292,12.65578,0.00,0.00
2017.08.09 03:58:10.230,12.65298,12.65578,0.00,0.00
2017.08.09 03:58:11.180,12.65298,12.65579,0.00,0.00
2017.08.09 03:58:12.289,12.65298,12.65578,0.00,0.00
2017.08.09 03:58:13.070,12.65298,12.65579,0.00,0.00
2017.08.09 03:58:14.101,12.65298,12.65578,0.00,0.00
2017.08.09 03:58:14.152,12.65292,12.65578,0.00,0.00
2017.08.09 03:58:14.861,12.65291,12.65579,0.00,0.00
2017.08.09 03:58:15.060,12.65299,12.65578,0.00,0.00
2017.08.09 03:58:15.451,12.65361,12.65579,0.00,0.00
2017.08.09 03:58:15.990,12.65298,12.65579,0.00,0.00
2017.08.09 03:58:16.041,12.65291,12.65579,0.00,0.00
2017.08.09 03:58:19.650,12.65292,12.65578,0.00,0.00
2017.08.09 03:58:19.720,12.65361,12.65579,0.00,0.00
2017.08.09 03:58:22.486,12.65362,12.65578,0.00,0.00
2017.08.09 03:58:22.587,12.65351,12.65579,0.00,0.00
2017.08.09 03:58:23.024,12.65291,12.65579,0.00,0.00
2017.08.09 03:58:24.551,12.65362,12.65578,0.00,0.00
2017.08.09 03:58:25.094,12.65361,12.65579,0.00,0.00
2017.08.09 03:58:26.421,12.65298,12.65592,0.00,0.00
2017.08.09 03:58:26.471,12.65362,12.65578,0.00,0.00
2017.08.09 03:58:27.124,12.65361,12.65579,0.00,0.00
2017.08.09 03:58:32.681,12.65291,12.65579,0.00,0.00
2017.08.09 03:58:33.182,12.65299,12.65578,0.00,0.00
2017.08.09 03:58:33.283,12.65291,12.65579,0.00,0.00
2017.08.09 03:58:34.161,12.65299,12.65579,0.00,0.00
2017.08.09 03:58:35.264,12.65291,12.65579,0.00,0.00
2017.08.09 03:58:37.680,12.65292,12.65578,0.00,0.00
2017.08.09 03:58:38.164,12.65281,12.65592,0.00,0.00
2017.08.09 03:58:38.215,12.65292,12.65578,0.00,0.00
2017.08.09 03:58:38.517,12.65292,12.65561,0.00,0.00
2017.08.09 03:58:38.628,12.65292,12.65578,0.00,0.00
2017.08.09 03:58:39.345,12.65291,12.65579,0.00,0.00
2017.08.09 03:58:40.982,12.65291,12.65572,0.00,0.00
2017.08.09 03:58:41.732,12.65292,12.65572,0.00,0.00
2017.08.09 03:58:42.390,12.65291,12.65572,0.00,0.00
2017.08.09 03:58:43.573,12.65292,12.65572,0.00,0.00
2017.08.09 03:58:44.166,12.65299,12.65579,0.00,0.00
2017.08.09 03:58:44.860,12.65299,12.65578,0.00,0.00
2017.08.09 03:58:44.911,12.65292,12.65572,0.00,0.00
2017.08.09 03:58:45.582,12.65292,12.65578,0.00,0.00
2017.08.09 03:58:46.559,12.65291,12.65579,0.00,0.00
2017.08.09 03:58:46.610,12.65298,12.65579,0.00,0.00
2017.08.09 03:58:47.344,12.65298,12.65578,0.00,0.00
2017.08.09 03:58:48.889,12.65292,12.65578,0.00,0.00
2017.08.09 03:58:51.209,12.65291,12.65579,0.00,0.00
2017.08.09 03:58:51.411,12.65298,12.65579,0.00,0.00
2017.08.09 03:58:52.276,12.65298,12.65592,0.00,0.00
2017.08.09 03:58:52.422,12.65298,12.65579,0.00,0.00
2017.08.09 03:58:52.985,12.65298,12.65578,0.00,0.00
2017.08.09 03:58:54.107,12.65292,12.65578,0.00,0.00
2017.08.09 03:58:56.511,12.65291,12.65579,0.00,0.00
2017.08.09 03:58:59.923,12.65292,12.65578,0.00,0.00
2017.08.09 03:59:00.535,12.65291,12.65579,0.00,0.00
2017.08.09 03:59:01.744,12.65298,12.65579,0.00,0.00
2017.08.09 03:59:02.292,12.65298,12.65578,0.00,0.00
2017.08.09 03:59:02.343,12.65292,12.65578,0.00,0.00
2017.08.09 03:59:02.524,12.65299,12.65579,0.00,0.00
2017.08.09 03:59:03.046,12.65292,12.65578,0.00,0.00
2017.08.09 03:59:03.671,12.65291,12.65579,0.00,0.00
2017.08.09 03:59:04.318,12.65292,12.65578,0.00,0.00
2017.08.09 03:59:04.855,12.65298,12.65578,0.00,0.00
2017.08.09 03:59:04.956,12.65291,12.65579,0.00,0.00
2017.08.09 03:59:08.583,12.65299,12.65579,0.00,0.00
2017.08.09 03:59:09.344,12.65348,12.65579,0.00,0.00
2017.08.09 03:59:09.446,12.65319,12.65578,0.00,0.00
2017.08.09 03:59:09.683,12.65348,12.65578,0.00,0.00
2017.08.09 03:59:12.432,12.65348,12.65579,0.00,0.00
2017.08.09 03:59:14.090,12.65348,12.65578,0.00,0.00
2017.08.09 03:59:14.153,12.65318,12.65578,0.00,0.00
2017.08.09 03:59:14.681,12.65318,12.65579,0.00,0.00
2017.08.09 03:59:15.174,12.65338,12.65578,0.00,0.00
2017.08.09 03:59:15.902,12.65338,12.65579,0.00,0.00
2017.08.09 03:59:16.601,12.65312,12.65552,0.00,0.00
2017.08.09 03:59:16.657,12.65312,12.65578,0.00,0.00
2017.08.09 03:59:16.758,12.65311,12.65542,0.00,0.00
2017.08.09 03:59:16.959,12.65292,12.65528,0.00,0.00
2017.08.09 03:59:17.300,12.65312,12.65538,0.00,0.00
2017.08.09 03:59:17.350,12.65311,12.65542,0.00,0.00
2017.08.09 03:59:17.401,12.65311,12.65569,0.00,0.00
2017.08.09 03:59:17.900,12.65311,12.65551,0.00,0.00
2017.08.09 03:59:19.002,12.65279,12.65551,0.00,0.00
2017.08.09 03:59:19.135,12.65291,12.65549,0.00,0.00
2017.08.09 03:59:19.460,12.65311,12.65569,0.00,0.00
2017.08.09 03:59:19.791,12.65311,12.65542,0.00,0.00
2017.08.09 03:59:21.020,12.65229,12.65489,0.00,0.00
2017.08.09 03:59:21.070,12.65229,12.65479,0.00,0.00
2017.08.09 03:59:21.121,12.65201,12.65479,0.00,0.00
2017.08.09 03:59:21.622,12.65202,12.65478,0.00,0.00
2017.08.09 03:59:22.170,12.65201,12.65479,0.00,0.00
2017.08.09 03:59:23.261,12.65202,12.65478,0.00,0.00
2017.08.09 03:59:23.431,12.65211,12.65479,0.00,0.00
2017.08.09 03:59:23.889,12.65211,12.65452,0.00,0.00
2017.08.09 03:59:24.165,12.65211,12.65479,0.00,0.00
2017.08.09 03:59:25.541,12.65212,12.65478,0.00,0.00
2017.08.09 03:59:29.789,12.65211,12.65479,0.00,0.00
2017.08.09 03:59:30.488,12.65212,12.65478,0.00,0.00
2017.08.09 03:59:30.539,12.65291,12.65479,0.00,0.00
2017.08.09 03:59:30.590,12.65282,12.65488,0.00,0.00
2017.08.09 03:59:30.641,12.65281,12.65479,0.00,0.00
2017.08.09 03:59:30.691,12.65211,12.65479,0.00,0.00
2017.08.09 03:59:31.209,12.65212,12.65478,0.00,0.00
2017.08.09 03:59:31.814,12.65211,12.65479,0.00,0.00
2017.08.09 03:59:32.376,12.65212,12.65478,0.00,0.00
2017.08.09 03:59:32.523,12.65212,12.65452,0.00,0.00
2017.08.09 03:59:33.111,12.65212,12.65478,0.00,0.00
2017.08.09 03:59:33.622,12.65211,12.65479,0.00,0.00
2017.08.09 03:59:34.271,12.65212,12.65478,0.00,0.00
2017.08.09 03:59:34.886,12.65191,12.65431,0.00,0.00
2017.08.09 03:59:35.038,12.65132,12.65379,0.00,0.00
2017.08.09 03:59:35.582,12.65101,12.65379,0.00,0.00
2017.08.09 03:59:36.106,12.65102,12.65378,0.00,0.00
2017.08.09 03:59:38.110,12.65101,12.65379,0.00,0.00
2017.08.09 03:59:39.690,12.65102,12.65378,0.00,0.00
2017.08.09 03:59:39.791,12.65102,12.65362,0.00,0.00
2017.08.09 03:59:40.010,12.65102,12.65378,0.00,0.00
2017.08.09 03:59:40.111,12.65102,12.65341,0.00,0.00
2017.08.09 03:59:40.600,12.65102,12.65371,0.00,0.00
2017.08.09 03:59:41.098,12.65102,12.65378,0.00,0.00
2017.08.09 03:59:41.821,12.65101,12.65379,0.00,0.00
2017.08.09 03:59:42.400,12.65101,12.65362,0.00,0.00
2017.08.09 03:59:43.230,12.65102,12.65362,0.00,0.00
2017.08.09 03:59:44.132,12.65102,12.65378,0.00,0.00
2017.08.09 03:59:46.050,12.65101,12.65379,0.00,0.00
2017.08.09 03:59:46.700,12.65102,12.65378,0.00,0.00
2017.08.09 03:59:47.384,12.65101,12.65379,0.00,0.00
2017.08.09 03:59:50.090,12.65102,12.65378,0.00,0.00
2017.08.09 03:59:50.531,12.65101,12.65352,0.00,0.00
2017.08.09 03:59:51.761,12.65102,12.65352,0.00,0.00
2017.08.09 03:59:54.103,12.65102,12.65378,0.00,0.00
2017.08.09 03:59:55.481,12.65101,12.65379,0.00,0.00
2017.08.09 03:59:57.057,12.65101,12.65361,0.00,0.00
2017.08.09 03:59:58.130,12.65101,12.65372,0.00,0.00
2017.08.09 03:59:58.231,12.65101,12.65379,0.00,0.00
2017.08.09 03:59:58.936,12.65102,12.65378,0.00,0.00
2017.08.09 03:59:59.638,12.65101,12.65379,0.00,0.00
