2013.09.30 15:00:00.069,13.33482,13.33612,0.00,0.00
2013.09.30 15:00:00.183,13.33402,13.33612,0.00,0.00
2013.09.30 15:00:00.258,13.33402,13.33544,0.00,0.00
2013.09.30 15:00:00.523,13.33242,13.33521,0.00,0.00
2013.09.30 15:00:00.582,13.33242,13.33452,0.00,0.00
2013.09.30 15:00:00.702,13.33242,13.33507,0.00,0.00
2013.09.30 15:00:00.901,13.33182,13.33503,0.00,0.00
2013.09.30 15:00:01.060,13.33213,13.33503,0.00,0.00
2013.09.30 15:00:01.241,13.33224,13.33518,0.00,0.00
2013.09.30 15:00:01.321,13.33262,13.33557,0.00,0.00
2013.09.30 15:00:01.481,13.33262,13.33578,0.00,0.00
2013.09.30 15:00:02.231,13.33242,13.33591,0.00,0.00
2013.09.30 15:00:02.391,13.3332,13.33647,0.00,0.00
2013.09.30 15:00:02.842,13.33372,13.33632,0.00,0.00
2013.09.30 15:00:03.361,13.33382,13.33632,0.00,0.00
2013.09.30 15:00:03.732,13.33402,13.33632,0.00,0.00
2013.09.30 15:00:04.531,13.33391,13.33632,0.00,0.00
2013.09.30 15:00:04.591,13.33382,13.33632,0.00,0.00
2013.09.30 15:00:04.651,13.33363,13.33602,0.00,0.00
2013.09.30 15:00:04.764,13.33312,13.33602,0.00,0.00
2013.09.30 15:00:05.288,13.33312,13.33572,0.00,0.00
2013.09.30 15:00:05.652,13.33312,13.33522,0.00,0.00
2013.09.30 15:00:06.278,13.33312,13.33547,0.00,0.00
2013.09.30 15:00:06.576,13.33259,13.33547,0.00,0.00
2013.09.30 15:00:06.785,13.33262,13.33547,0.00,0.00
2013.09.30 15:00:07.270,13.33259,13.33547,0.00,0.00
2013.09.30 15:00:07.401,13.33259,13.33597,0.00,0.00
2013.09.30 15:00:07.483,13.33283,13.33597,0.00,0.00
2013.09.30 15:00:07.592,13.33283,13.33643,0.00,0.00
2013.09.30 15:00:07.651,13.33336,13.33647,0.00,0.00
2013.09.30 15:00:07.863,13.33332,13.33647,0.00,0.00
2013.09.30 15:00:07.923,13.33392,13.33647,0.00,0.00
2013.09.30 15:00:08.136,13.33355,13.33647,0.00,0.00
2013.09.30 15:00:08.191,13.33349,13.33647,0.00,0.00
2013.09.30 15:00:08.259,13.33349,13.33709,0.00,0.00
2013.09.30 15:00:08.333,13.33372,13.33693,0.00,0.00
2013.09.30 15:00:08.391,13.33427,13.33758,0.00,0.00
2013.09.30 15:00:08.488,13.33441,13.33758,0.00,0.00
2013.09.30 15:00:08.831,13.33463,13.33758,0.00,0.00
2013.09.30 15:00:08.946,13.33442,13.33749,0.00,0.00
2013.09.30 15:00:09.023,13.33442,13.33702,0.00,0.00
2013.09.30 15:00:09.371,13.33412,13.33702,0.00,0.00
2013.09.30 15:00:09.603,13.33402,13.33702,0.00,0.00
2013.09.30 15:00:09.822,13.33412,13.33702,0.00,0.00
2013.09.30 15:00:10.996,13.3339,13.33683,0.00,0.00
2013.09.30 15:00:11.061,13.33363,13.33683,0.00,0.00
2013.09.30 15:00:11.421,13.33372,13.33688,0.00,0.00
2013.09.30 15:00:11.561,13.33342,13.33697,0.00,0.00
2013.09.30 15:00:11.664,13.33363,13.33697,0.00,0.00
2013.09.30 15:00:12.273,13.33342,13.33697,0.00,0.00
2013.09.30 15:00:12.331,13.33342,13.33663,0.00,0.00
2013.09.30 15:00:13.644,13.33361,13.33663,0.00,0.00
2013.09.30 15:00:13.702,13.33372,13.33688,0.00,0.00
2013.09.30 15:00:13.762,13.33372,13.33681,0.00,0.00
2013.09.30 15:00:13.821,13.33372,13.33688,0.00,0.00
2013.09.30 15:00:13.894,13.33351,13.33711,0.00,0.00
2013.09.30 15:00:13.951,13.33342,13.33674,0.00,0.00
2013.09.30 15:00:14.083,13.3336,13.33717,0.00,0.00
2013.09.30 15:00:14.523,13.33372,13.33693,0.00,0.00
2013.09.30 15:00:14.882,13.33342,13.33643,0.00,0.00
2013.09.30 15:00:15.368,13.33342,13.33623,0.00,0.00
2013.09.30 15:00:15.671,13.33442,13.33708,0.00,0.00
2013.09.30 15:00:16.146,13.33442,13.33693,0.00,0.00
2013.09.30 15:00:17.293,13.33472,13.33728,0.00,0.00
2013.09.30 15:00:17.351,13.33472,13.33784,0.00,0.00
2013.09.30 15:00:17.472,13.33472,13.33748,0.00,0.00
2013.09.30 15:00:17.531,13.33442,13.33748,0.00,0.00
2013.09.30 15:00:17.633,13.33442,13.33752,0.00,0.00
2013.09.30 15:00:17.742,13.33442,13.33784,0.00,0.00
2013.09.30 15:00:18.439,13.33462,13.33783,0.00,0.00
2013.09.30 15:00:18.773,13.33408,13.33713,0.00,0.00
2013.09.30 15:00:18.831,13.33392,13.33713,0.00,0.00
2013.09.30 15:00:18.891,13.33372,13.33693,0.00,0.00
2013.09.30 15:00:19.252,13.33432,13.33748,0.00,0.00
2013.09.30 15:00:19.699,13.33412,13.33733,0.00,0.00
2013.09.30 15:00:20.301,13.33402,13.33723,0.00,0.00
2013.09.30 15:00:20.622,13.33452,13.33739,0.00,0.00
2013.09.30 15:00:20.683,13.33452,13.33758,0.00,0.00
2013.09.30 15:00:20.801,13.33452,13.33767,0.00,0.00
2013.09.30 15:00:20.861,13.33442,13.33763,0.00,0.00
2013.09.30 15:00:22.951,13.33542,13.33763,0.00,0.00
2013.09.30 15:00:23.071,13.33542,13.33822,0.00,0.00
2013.09.30 15:00:23.131,13.33542,13.33848,0.00,0.00
2013.09.30 15:00:23.191,13.33542,13.33858,0.00,0.00
2013.09.30 15:00:23.251,13.33562,13.33877,0.00,0.00
2013.09.30 15:00:23.554,13.33542,13.33863,0.00,0.00
2013.09.30 15:00:23.661,13.33542,13.33877,0.00,0.00
2013.09.30 15:00:23.738,13.33542,13.33877,0.00,0.00
2013.09.30 15:00:24.233,13.33542,13.33877,0.00,0.00
2013.09.30 15:00:25.416,13.33542,13.33853,0.00,0.00
2013.09.30 15:00:27.021,13.33552,13.33868,0.00,0.00
2013.09.30 15:00:28.403,13.33592,13.33868,0.00,0.00
2013.09.30 15:00:28.461,13.33612,13.33928,0.00,0.00
2013.09.30 15:00:30.009,13.33642,13.33948,0.00,0.00
2013.09.30 15:00:30.271,13.33642,13.33957,0.00,0.00
2013.09.30 15:00:30.360,13.33652,13.33957,0.00,0.00
2013.09.30 15:00:30.674,13.33652,13.33968,0.00,0.00
2013.09.30 15:00:31.005,13.33637,13.33987,0.00,0.00
2013.09.30 15:00:31.332,13.33742,13.33987,0.00,0.00
2013.09.30 15:00:31.391,13.33742,13.33997,0.00,0.00
2013.09.30 15:00:31.531,13.33752,13.34068,0.00,0.00
2013.09.30 15:00:33.257,13.33742,13.34063,0.00,0.00
2013.09.30 15:00:33.985,13.33742,13.34053,0.00,0.00
2013.09.30 15:00:38.505,13.33707,13.34058,0.00,0.00
2013.09.30 15:00:38.596,13.33707,13.33933,0.00,0.00
2013.09.30 15:00:38.712,13.33603,13.33913,0.00,0.00
2013.09.30 15:00:38.771,13.33592,13.33902,0.00,0.00
2013.09.30 15:00:38.903,13.33542,13.33863,0.00,0.00
2013.09.30 15:00:39.376,13.33552,13.33868,0.00,0.00
2013.09.30 15:00:40.587,13.33542,13.33843,0.00,0.00
2013.09.30 15:00:41.491,13.33642,13.33888,0.00,0.00
2013.09.30 15:00:41.724,13.33642,13.33898,0.00,0.00
2013.09.30 15:00:41.922,13.33582,13.33898,0.00,0.00
2013.09.30 15:00:41.981,13.33572,13.33893,0.00,0.00
2013.09.30 15:00:42.301,13.33552,13.33873,0.00,0.00
2013.09.30 15:00:45.159,13.33542,13.33813,0.00,0.00
2013.09.30 15:00:45.485,13.33642,13.33948,0.00,0.00
2013.09.30 15:00:45.601,13.33642,13.33943,0.00,0.00
2013.09.30 15:00:46.134,13.33612,13.33933,0.00,0.00
2013.09.30 15:00:46.320,13.33592,13.33913,0.00,0.00
2013.09.30 15:00:46.671,13.33582,13.3386,0.00,0.00
2013.09.30 15:00:46.872,13.33552,13.3386,0.00,0.00
2013.09.30 15:00:46.967,13.33543,13.33843,0.00,0.00
2013.09.30 15:00:47.987,13.33542,13.33843,0.00,0.00
2013.09.30 15:00:48.321,13.33642,13.33898,0.00,0.00
2013.09.30 15:00:49.801,13.33642,13.33908,0.00,0.00
2013.09.30 15:00:49.993,13.33642,13.33928,0.00,0.00
2013.09.30 15:00:50.311,13.33642,13.33948,0.00,0.00
2013.09.30 15:00:50.399,13.33642,13.33958,0.00,0.00
2013.09.30 15:00:50.521,13.33642,13.33933,0.00,0.00
2013.09.30 15:00:51.085,13.33642,13.33938,0.00,0.00
2013.09.30 15:00:51.828,13.33652,13.33968,0.00,0.00
2013.09.30 15:00:52.302,13.33642,13.33963,0.00,0.00
2013.09.30 15:00:53.363,13.33624,13.33933,0.00,0.00
2013.09.30 15:00:53.481,13.33612,13.33931,0.00,0.00
2013.09.30 15:00:53.601,13.33571,13.33833,0.00,0.00
2013.09.30 15:00:53.661,13.33542,13.33833,0.00,0.00
2013.09.30 15:00:56.692,13.33542,13.33838,0.00,0.00
2013.09.30 15:00:57.719,13.33562,13.33851,0.00,0.00
2013.09.30 15:00:57.783,13.33562,13.33878,0.00,0.00
2013.09.30 15:00:57.893,13.33573,13.33878,0.00,0.00
2013.09.30 15:00:57.978,13.33582,13.33898,0.00,0.00
2013.09.30 15:00:58.031,13.33592,13.33907,0.00,0.00
2013.09.30 15:00:58.092,13.33582,13.33903,0.00,0.00
2013.09.30 15:00:58.292,13.33572,13.33893,0.00,0.00
2013.09.30 15:00:59.142,13.33582,13.33898,0.00,0.00
2013.09.30 15:01:00.129,13.33572,13.33893,0.00,0.00
2013.09.30 15:01:01.081,13.33582,13.33898,0.00,0.00
2013.09.30 15:01:01.389,13.33652,13.33947,0.00,0.00
2013.09.30 15:01:01.877,13.33652,13.33932,0.00,0.00
2013.09.30 15:01:02.455,13.33662,13.33932,0.00,0.00
2013.09.30 15:01:03.417,13.33662,13.33947,0.00,0.00
2013.09.30 15:01:05.291,13.33652,13.33947,0.00,0.00
2013.09.30 15:01:06.441,13.33662,13.33947,0.00,0.00
2013.09.30 15:01:06.633,13.33652,13.33947,0.00,0.00
2013.09.30 15:01:07.823,13.33652,13.33938,0.00,0.00
2013.09.30 15:01:07.882,13.33582,13.33903,0.00,0.00
2013.09.30 15:01:08.037,13.33573,13.33933,0.00,0.00
2013.09.30 15:01:08.091,13.33548,13.33913,0.00,0.00
2013.09.30 15:01:08.411,13.33542,13.33843,0.00,0.00
2013.09.30 15:01:08.471,13.33542,13.33848,0.00,0.00
2013.09.30 15:01:08.660,13.33542,13.33843,0.00,0.00
2013.09.30 15:01:09.197,13.33542,13.33855,0.00,0.00
2013.09.30 15:01:09.311,13.33551,13.33858,0.00,0.00
2013.09.30 15:01:09.371,13.33572,13.33888,0.00,0.00
2013.09.30 15:01:09.514,13.33551,13.33911,0.00,0.00
2013.09.30 15:01:09.571,13.33615,13.33967,0.00,0.00
2013.09.30 15:01:10.362,13.33642,13.33967,0.00,0.00
2013.09.30 15:01:10.805,13.33642,13.33933,0.00,0.00
2013.09.30 15:01:12.957,13.33643,13.33933,0.00,0.00
2013.09.30 15:01:13.232,13.33742,13.34038,0.00,0.00
2013.09.30 15:01:13.597,13.33742,13.34038,0.00,0.00
2013.09.30 15:01:14.262,13.33742,13.34023,0.00,0.00
2013.09.30 15:01:14.930,13.33742,13.34013,0.00,0.00
2013.09.30 15:01:15.803,13.33752,13.34038,0.00,0.00
2013.09.30 15:01:15.862,13.33752,13.34068,0.00,0.00
2013.09.30 15:01:15.922,13.33942,13.34137,0.00,0.00
2013.09.30 15:01:15.982,13.33942,13.34188,0.00,0.00
2013.09.30 15:01:16.041,13.33943,13.34208,0.00,0.00
2013.09.30 15:01:16.436,13.33943,13.34236,0.00,0.00
2013.09.30 15:01:16.571,13.33943,13.34292,0.00,0.00
2013.09.30 15:01:16.722,13.33958,13.34318,0.00,0.00
2013.09.30 15:01:16.959,13.33972,13.34293,0.00,0.00
2013.09.30 15:01:17.291,13.33943,13.34223,0.00,0.00
2013.09.30 15:01:17.797,13.33973,13.34223,0.00,0.00
2013.09.30 15:01:17.911,13.33973,13.34228,0.00,0.00
2013.09.30 15:01:18.031,13.34042,13.34251,0.00,0.00
2013.09.30 15:01:18.091,13.34042,13.34288,0.00,0.00
2013.09.30 15:01:18.651,13.34042,13.34298,0.00,0.00
2013.09.30 15:01:20.161,13.34042,13.34308,0.00,0.00
2013.09.30 15:01:20.281,13.34052,13.34335,0.00,0.00
2013.09.30 15:01:20.344,13.34062,13.34335,0.00,0.00
2013.09.30 15:01:20.401,13.34062,13.34378,0.00,0.00
2013.09.30 15:01:20.461,13.34142,13.34378,0.00,0.00
2013.09.30 15:01:20.747,13.34122,13.34396,0.00,0.00
2013.09.30 15:01:20.801,13.34122,13.34438,0.00,0.00
2013.09.30 15:01:20.861,13.34142,13.34447,0.00,0.00
2013.09.30 15:01:21.041,13.34192,13.34508,0.00,0.00
2013.09.30 15:01:21.376,13.34242,13.34517,0.00,0.00
2013.09.30 15:01:21.431,13.34242,13.34532,0.00,0.00
2013.09.30 15:01:21.491,13.34242,13.34557,0.00,0.00
2013.09.30 15:01:21.697,13.34232,13.34553,0.00,0.00
2013.09.30 15:01:21.962,13.34242,13.34557,0.00,0.00
2013.09.30 15:01:22.501,13.34242,13.34558,0.00,0.00
2013.09.30 15:01:23.353,13.34232,13.34553,0.00,0.00
2013.09.30 15:01:23.847,13.34232,13.34482,0.00,0.00
2013.09.30 15:01:24.035,13.34182,13.34463,0.00,0.00
2013.09.30 15:01:24.091,13.34172,13.34477,0.00,0.00
2013.09.30 15:01:24.177,13.34172,13.34488,0.00,0.00
2013.09.30 15:01:24.301,13.34182,13.34494,0.00,0.00
2013.09.30 15:01:24.361,13.34182,13.34498,0.00,0.00
2013.09.30 15:01:26.140,13.34342,13.34517,0.00,0.00
2013.09.30 15:01:26.381,13.34342,13.34539,0.00,0.00
2013.09.30 15:01:26.442,13.34342,13.34628,0.00,0.00
2013.09.30 15:01:26.501,13.34352,13.34648,0.00,0.00
2013.09.30 15:01:26.562,13.34352,13.34658,0.00,0.00
2013.09.30 15:01:27.477,13.34363,13.34658,0.00,0.00
2013.09.30 15:01:27.594,13.34382,13.34691,0.00,0.00
2013.09.30 15:01:27.651,13.34432,13.34705,0.00,0.00
2013.09.30 15:01:27.722,13.34432,13.34748,0.00,0.00
2013.09.30 15:01:28.171,13.34452,13.34758,0.00,0.00
2013.09.30 15:01:28.577,13.34452,13.34752,0.00,0.00
2013.09.30 15:01:28.832,13.34379,13.34683,0.00,0.00
2013.09.30 15:01:28.891,13.34352,13.34673,0.00,0.00
2013.09.30 15:01:29.193,13.34319,13.34533,0.00,0.00
2013.09.30 15:01:29.252,13.3424,13.34528,0.00,0.00
2013.09.30 15:01:29.371,13.34212,13.34528,0.00,0.00
2013.09.30 15:01:29.432,13.34162,13.34483,0.00,0.00
2013.09.30 15:01:29.500,13.34172,13.34488,0.00,0.00
2013.09.30 15:01:29.941,13.34182,13.34498,0.00,0.00
2013.09.30 15:01:30.662,13.34192,13.34508,0.00,0.00
2013.09.30 15:01:31.221,13.34242,13.34527,0.00,0.00
2013.09.30 15:01:31.430,13.34252,13.34545,0.00,0.00
2013.09.30 15:01:31.523,13.34252,13.34568,0.00,0.00
2013.09.30 15:01:31.801,13.34234,13.34543,0.00,0.00
2013.09.30 15:01:32.297,13.34192,13.34463,0.00,0.00
2013.09.30 15:01:32.565,13.34172,13.34463,0.00,0.00
2013.09.30 15:01:33.194,13.34192,13.34463,0.00,0.00
2013.09.30 15:01:33.312,13.34232,13.34523,0.00,0.00
2013.09.30 15:01:33.372,13.34232,13.34548,0.00,0.00
2013.09.30 15:01:33.431,13.34252,13.34558,0.00,0.00
2013.09.30 15:01:33.925,13.34242,13.34558,0.00,0.00
2013.09.30 15:01:34.041,13.34242,13.34542,0.00,0.00
2013.09.30 15:01:34.139,13.34232,13.34542,0.00,0.00
2013.09.30 15:01:34.261,13.34212,13.34463,0.00,0.00
2013.09.30 15:01:34.441,13.34182,13.34463,0.00,0.00
2013.09.30 15:01:34.501,13.34192,13.34463,0.00,0.00
2013.09.30 15:01:35.381,13.34212,13.34528,0.00,0.00
2013.09.30 15:01:35.792,13.34191,13.34493,0.00,0.00
2013.09.30 15:01:35.873,13.34172,13.34493,0.00,0.00
2013.09.30 15:01:35.932,13.34155,13.34473,0.00,0.00
2013.09.30 15:01:36.053,13.34152,13.34473,0.00,0.00
2013.09.30 15:01:36.112,13.34142,13.34463,0.00,0.00
2013.09.30 15:01:36.433,13.34242,13.34478,0.00,0.00
2013.09.30 15:01:36.652,13.34142,13.34463,0.00,0.00
2013.09.30 15:01:37.071,13.34142,13.34453,0.00,0.00
2013.09.30 15:01:37.522,13.34153,13.34443,0.00,0.00
2013.09.30 15:01:37.581,13.34153,13.34448,0.00,0.00
2013.09.30 15:01:37.701,13.34242,13.34508,0.00,0.00
2013.09.30 15:01:39.177,13.34242,13.34518,0.00,0.00
2013.09.30 15:01:40.110,13.34342,13.34538,0.00,0.00
2013.09.30 15:01:40.234,13.34342,13.34568,0.00,0.00
2013.09.30 15:01:40.292,13.34302,13.3459,0.00,0.00
2013.09.30 15:01:40.352,13.34284,13.34543,0.00,0.00
2013.09.30 15:01:40.492,13.34242,13.34543,0.00,0.00
2013.09.30 15:01:40.764,13.34242,13.34548,0.00,0.00
2013.09.30 15:01:41.751,13.34242,13.34543,0.00,0.00
2013.09.30 15:01:42.888,13.34223,13.34533,0.00,0.00
2013.09.30 15:01:43.001,13.34242,13.34513,0.00,0.00
2013.09.30 15:01:43.332,13.34242,13.34534,0.00,0.00
2013.09.30 15:01:43.391,13.34242,13.34538,0.00,0.00
2013.09.30 15:01:43.661,13.34242,13.34548,0.00,0.00
2013.09.30 15:01:43.924,13.34242,13.34533,0.00,0.00
2013.09.30 15:01:44.456,13.34223,13.34493,0.00,0.00
2013.09.30 15:01:44.552,13.34188,13.34493,0.00,0.00
2013.09.30 15:01:44.611,13.34188,13.34483,0.00,0.00
2013.09.30 15:01:44.731,13.34166,13.34463,0.00,0.00
2013.09.30 15:01:44.791,13.34142,13.34463,0.00,0.00
2013.09.30 15:01:44.911,13.34142,13.34433,0.00,0.00
2013.09.30 15:01:45.261,13.34142,13.34413,0.00,0.00
2013.09.30 15:01:45.600,13.34142,13.34403,0.00,0.00
2013.09.30 15:01:45.943,13.34142,13.34393,0.00,0.00
2013.09.30 15:01:46.024,13.34142,13.34406,0.00,0.00
2013.09.30 15:01:46.102,13.34142,13.34286,0.00,0.00
2013.09.30 15:01:46.161,13.34142,13.34363,0.00,0.00
2013.09.30 15:01:46.341,13.34142,13.34273,0.00,0.00
2013.09.30 15:01:46.534,13.34142,13.3429,0.00,0.00
2013.09.30 15:01:46.591,13.34093,13.34224,0.00,0.00
2013.09.30 15:01:46.711,13.34142,13.34381,0.00,0.00
2013.09.30 15:01:46.958,13.34242,13.34381,0.00,0.00
2013.09.30 15:01:47.356,13.34242,13.34363,0.00,0.00
2013.09.30 15:01:47.423,13.34242,13.34418,0.00,0.00
2013.09.30 15:01:47.641,13.34242,13.34414,0.00,0.00
2013.09.30 15:01:47.915,13.34242,13.34418,0.00,0.00
2013.09.30 15:01:48.101,13.34242,13.34386,0.00,0.00
2013.09.30 15:01:48.451,13.34242,13.34363,0.00,0.00
2013.09.30 15:01:48.691,13.34243,13.34398,0.00,0.00
2013.09.30 15:01:48.751,13.34243,13.34363,0.00,0.00
2013.09.30 15:01:48.971,13.34243,13.34458,0.00,0.00
2013.09.30 15:01:49.047,13.34243,13.34393,0.00,0.00
2013.09.30 15:01:49.161,13.34243,13.34451,0.00,0.00
2013.09.30 15:01:49.250,13.34243,13.34363,0.00,0.00
2013.09.30 15:01:49.312,13.34243,13.34518,0.00,0.00
2013.09.30 15:01:49.371,13.34243,13.34413,0.00,0.00
2013.09.30 15:01:49.491,13.34342,13.34518,0.00,0.00
2013.09.30 15:01:49.551,13.34243,13.34389,0.00,0.00
2013.09.30 15:01:49.611,13.34342,13.34484,0.00,0.00
2013.09.30 15:01:49.732,13.34342,13.34483,0.00,0.00
2013.09.30 15:01:50.003,13.34243,13.34495,0.00,0.00
2013.09.30 15:01:50.061,13.34242,13.34508,0.00,0.00
2013.09.30 15:01:50.121,13.34242,13.34463,0.00,0.00
2013.09.30 15:01:50.481,13.34242,13.34411,0.00,0.00
2013.09.30 15:01:50.878,13.34242,13.34386,0.00,0.00
2013.09.30 15:01:51.041,13.34242,13.34486,0.00,0.00
2013.09.30 15:01:51.101,13.34242,13.34393,0.00,0.00
2013.09.30 15:01:51.285,13.34242,13.34405,0.00,0.00
2013.09.30 15:01:51.412,13.34242,13.34363,0.00,0.00
2013.09.30 15:01:51.631,13.34242,13.34399,0.00,0.00
2013.09.30 15:01:51.691,13.34193,13.34326,0.00,0.00
2013.09.30 15:01:51.811,13.34242,13.34407,0.00,0.00
2013.09.30 15:01:51.953,13.34242,13.34448,0.00,0.00
2013.09.30 15:01:52.011,13.34242,13.34393,0.00,0.00
2013.09.30 15:01:52.373,13.34242,13.34381,0.00,0.00
2013.09.30 15:01:52.431,13.34242,13.34408,0.00,0.00
2013.09.30 15:01:52.504,13.34242,13.34386,0.00,0.00
2013.09.30 15:01:52.682,13.34242,13.34393,0.00,0.00
2013.09.30 15:01:52.742,13.34242,13.34363,0.00,0.00
2013.09.30 15:01:53.001,13.34242,13.34368,0.00,0.00
2013.09.30 15:01:53.121,13.34242,13.34381,0.00,0.00
2013.09.30 15:01:53.181,13.34242,13.34448,0.00,0.00
2013.09.30 15:01:54.041,13.34242,13.34423,0.00,0.00
2013.09.30 15:01:54.161,13.34242,13.34428,0.00,0.00
2013.09.30 15:01:54.221,13.34242,13.34449,0.00,0.00
2013.09.30 15:01:54.421,13.34242,13.34373,0.00,0.00
2013.09.30 15:01:54.831,13.34173,13.3432,0.00,0.00
2013.09.30 15:01:54.891,13.34242,13.34464,0.00,0.00
2013.09.30 15:01:54.974,13.34242,13.34478,0.00,0.00
2013.09.30 15:01:55.599,13.34242,13.34488,0.00,0.00
2013.09.30 15:01:55.722,13.34154,13.34463,0.00,0.00
2013.09.30 15:01:55.802,13.34152,13.34463,0.00,0.00
2013.09.30 15:01:55.861,13.34119,13.34428,0.00,0.00
2013.09.30 15:01:55.923,13.34119,13.34353,0.00,0.00
2013.09.30 15:01:55.982,13.34063,13.34353,0.00,0.00
2013.09.30 15:01:56.161,13.33982,13.34303,0.00,0.00
2013.09.30 15:01:56.221,13.33943,13.34263,0.00,0.00
2013.09.30 15:01:56.581,13.34242,13.34528,0.00,0.00
2013.09.30 15:01:56.641,13.34212,13.34528,0.00,0.00
2013.09.30 15:01:56.761,13.34193,13.34503,0.00,0.00
2013.09.30 15:01:56.821,13.34182,13.34503,0.00,0.00
2013.09.30 15:01:56.961,13.3416,13.34473,0.00,0.00
2013.09.30 15:01:57.474,13.34142,13.34433,0.00,0.00
2013.09.30 15:01:58.938,13.34242,13.34438,0.00,0.00
2013.09.30 15:01:59.163,13.34242,13.34462,0.00,0.00
2013.09.30 15:01:59.222,13.34242,13.34498,0.00,0.00
2013.09.30 15:02:00.295,13.34182,13.34498,0.00,0.00
2013.09.30 15:02:00.551,13.34161,13.34443,0.00,0.00
2013.09.30 15:02:00.633,13.34142,13.34443,0.00,0.00
2013.09.30 15:02:00.751,13.34142,13.34433,0.00,0.00
2013.09.30 15:02:01.121,13.34163,13.34447,0.00,0.00
2013.09.30 15:02:01.241,13.34182,13.34498,0.00,0.00
2013.09.30 15:02:01.301,13.34229,13.34498,0.00,0.00
2013.09.30 15:02:01.361,13.34182,13.34498,0.00,0.00
2013.09.30 15:02:01.561,13.34172,13.34493,0.00,0.00
2013.09.30 15:02:01.921,13.34142,13.34433,0.00,0.00
2013.09.30 15:02:02.481,13.34142,13.34438,0.00,0.00
2013.09.30 15:02:04.796,13.34142,13.34413,0.00,0.00
2013.09.30 15:02:05.122,13.34142,13.34403,0.00,0.00
2013.09.30 15:02:06.591,13.34082,13.34363,0.00,0.00
2013.09.30 15:02:06.712,13.34063,13.34363,0.00,0.00
2013.09.30 15:02:06.772,13.34036,13.34333,0.00,0.00
2013.09.30 15:02:06.831,13.34012,13.34328,0.00,0.00
2013.09.30 15:02:06.951,13.34012,13.3432,0.00,0.00
2013.09.30 15:02:07.011,13.33982,13.34303,0.00,0.00
2013.09.30 15:02:07.071,13.33955,13.34273,0.00,0.00
2013.09.30 15:02:07.251,13.33952,13.34273,0.00,0.00
2013.09.30 15:02:07.311,13.33972,13.34288,0.00,0.00
2013.09.30 15:02:08.096,13.33982,13.34298,0.00,0.00
2013.09.30 15:02:08.401,13.33953,13.34273,0.00,0.00
2013.09.30 15:02:08.826,13.34042,13.34298,0.00,0.00
2013.09.30 15:02:09.151,13.34042,13.34318,0.00,0.00
2013.09.30 15:02:09.271,13.34042,13.34328,0.00,0.00
2013.09.30 15:02:09.353,13.34042,13.34323,0.00,0.00
2013.09.30 15:02:09.971,13.34042,13.34328,0.00,0.00
2013.09.30 15:02:10.791,13.34012,13.34328,0.00,0.00
2013.09.30 15:02:11.002,13.3399,13.34283,0.00,0.00
2013.09.30 15:02:11.061,13.33971,13.34283,0.00,0.00
2013.09.30 15:02:11.191,13.33962,13.34276,0.00,0.00
2013.09.30 15:02:11.251,13.33942,13.34243,0.00,0.00
2013.09.30 15:02:11.416,13.33952,13.34253,0.00,0.00
2013.09.30 15:02:11.471,13.33952,13.34266,0.00,0.00
2013.09.30 15:02:11.531,13.33972,13.34266,0.00,0.00
2013.09.30 15:02:11.591,13.33972,13.34288,0.00,0.00
2013.09.30 15:02:12.013,13.33947,13.34223,0.00,0.00
2013.09.30 15:02:12.071,13.33942,13.34223,0.00,0.00
2013.09.30 15:02:12.131,13.33903,13.34163,0.00,0.00
2013.09.30 15:02:12.251,13.33876,13.34178,0.00,0.00
2013.09.30 15:02:12.311,13.33862,13.34178,0.00,0.00
2013.09.30 15:02:12.371,13.33844,13.34143,0.00,0.00
2013.09.30 15:02:12.432,13.33832,13.34143,0.00,0.00
2013.09.30 15:02:12.494,13.33822,13.34138,0.00,0.00
2013.09.30 15:02:12.551,13.33777,13.34094,0.00,0.00
2013.09.30 15:02:12.611,13.33753,13.34073,0.00,0.00
2013.09.30 15:02:12.672,13.33753,13.34043,0.00,0.00
2013.09.30 15:02:12.731,13.33742,13.34043,0.00,0.00
2013.09.30 15:02:13.078,13.33782,13.3406,0.00,0.00
2013.09.30 15:02:13.143,13.33782,13.34095,0.00,0.00
2013.09.30 15:02:13.201,13.33772,13.34093,0.00,0.00
2013.09.30 15:02:13.322,13.33762,13.34083,0.00,0.00
2013.09.30 15:02:13.641,13.33742,13.34043,0.00,0.00
2013.09.30 15:02:14.986,13.33753,13.34043,0.00,0.00
2013.09.30 15:02:15.101,13.33782,13.34098,0.00,0.00
2013.09.30 15:02:15.161,13.33772,13.34093,0.00,0.00
2013.09.30 15:02:16.011,13.33782,13.34098,0.00,0.00
2013.09.30 15:02:16.322,13.33742,13.34043,0.00,0.00
2013.09.30 15:02:18.019,13.33742,13.34033,0.00,0.00
2013.09.30 15:02:20.831,13.33742,13.34012,0.00,0.00
2013.09.30 15:02:21.256,13.33742,13.33942,0.00,0.00
2013.09.30 15:02:21.578,13.33602,13.33923,0.00,0.00
2013.09.30 15:02:21.677,13.33592,13.33913,0.00,0.00
2013.09.30 15:02:22.022,13.33633,13.33918,0.00,0.00
2013.09.30 15:02:22.081,13.33692,13.34008,0.00,0.00
2013.09.30 15:02:22.142,13.33672,13.33993,0.00,0.00
2013.09.30 15:02:22.481,13.33642,13.33933,0.00,0.00
2013.09.30 15:02:23.695,13.33602,13.33863,0.00,0.00
2013.09.30 15:02:23.842,13.3358,13.33853,0.00,0.00
2013.09.30 15:02:23.901,13.3358,13.33812,0.00,0.00
2013.09.30 15:02:24.022,13.33502,13.33812,0.00,0.00
2013.09.30 15:02:24.082,13.33482,13.33801,0.00,0.00
2013.09.30 15:02:24.141,13.33462,13.33783,0.00,0.00
2013.09.30 15:02:24.601,13.33522,13.33824,0.00,0.00
2013.09.30 15:02:24.661,13.33522,13.33838,0.00,0.00
2013.09.30 15:02:24.792,13.33542,13.33838,0.00,0.00
2013.09.30 15:02:25.876,13.33642,13.33853,0.00,0.00
2013.09.30 15:02:26.031,13.33642,13.33917,0.00,0.00
2013.09.30 15:02:26.091,13.33642,13.33938,0.00,0.00
2013.09.30 15:02:26.177,13.33642,13.33948,0.00,0.00
2013.09.30 15:02:26.233,13.33632,13.33948,0.00,0.00
2013.09.30 15:02:27.131,13.33632,13.33922,0.00,0.00
2013.09.30 15:02:27.252,13.33582,13.33903,0.00,0.00
2013.09.30 15:02:27.327,13.33571,13.33883,0.00,0.00
2013.09.30 15:02:27.936,13.33542,13.33851,0.00,0.00
2013.09.30 15:02:28.483,13.33542,13.33823,0.00,0.00
2013.09.30 15:02:28.721,13.33492,13.33813,0.00,0.00
2013.09.30 15:02:28.942,13.33453,13.33813,0.00,0.00
2013.09.30 15:02:29.001,13.33453,13.33802,0.00,0.00
2013.09.30 15:02:29.061,13.33372,13.33737,0.00,0.00
2013.09.30 15:02:29.351,13.33412,13.33732,0.00,0.00
2013.09.30 15:02:29.743,13.33353,13.33623,0.00,0.00
2013.09.30 15:02:30.596,13.33353,13.33628,0.00,0.00
2013.09.30 15:02:30.836,13.33342,13.33628,0.00,0.00
2013.09.30 15:02:31.041,13.33342,13.33623,0.00,0.00
2013.09.30 15:02:33.815,13.33302,13.33623,0.00,0.00
2013.09.30 15:02:34.124,13.33292,13.33613,0.00,0.00
2013.09.30 15:02:34.418,13.33298,13.33658,0.00,0.00
2013.09.30 15:02:34.636,13.3328,13.33645,0.00,0.00
2013.09.30 15:02:35.013,13.33242,13.33533,0.00,0.00
2013.09.30 15:02:35.916,13.33272,13.33555,0.00,0.00
2013.09.30 15:02:36.206,13.33272,13.33588,0.00,0.00
2013.09.30 15:02:36.261,13.33247,13.33607,0.00,0.00
2013.09.30 15:02:36.418,13.33242,13.33598,0.00,0.00
2013.09.30 15:02:36.740,13.33272,13.33593,0.00,0.00
2013.09.30 15:02:37.041,13.33242,13.33533,0.00,0.00
2013.09.30 15:02:37.381,13.33342,13.33598,0.00,0.00
2013.09.30 15:02:39.119,13.33273,13.33593,0.00,0.00
2013.09.30 15:02:39.222,13.33283,13.33593,0.00,0.00
2013.09.30 15:02:39.282,13.33273,13.33587,0.00,0.00
2013.09.30 15:02:39.341,13.33342,13.33587,0.00,0.00
2013.09.30 15:02:39.401,13.33342,13.33588,0.00,0.00
2013.09.30 15:02:40.441,13.33342,13.33598,0.00,0.00
2013.09.30 15:02:43.031,13.33273,13.33593,0.00,0.00
2013.09.30 15:02:43.091,13.33342,13.33598,0.00,0.00
2013.09.30 15:02:43.391,13.33342,13.33608,0.00,0.00
2013.09.30 15:02:43.746,13.33353,13.33608,0.00,0.00
2013.09.30 15:02:44.406,13.33442,13.33678,0.00,0.00
2013.09.30 15:02:45.712,13.33453,13.33678,0.00,0.00
2013.09.30 15:02:45.831,13.33453,13.33768,0.00,0.00
2013.09.30 15:02:45.951,13.33462,13.33778,0.00,0.00
2013.09.30 15:02:48.121,13.33452,13.33773,0.00,0.00
2013.09.30 15:02:48.523,13.33442,13.33713,0.00,0.00
2013.09.30 15:02:49.322,13.33442,13.33693,0.00,0.00
2013.09.30 15:02:51.114,13.33442,13.33708,0.00,0.00
2013.09.30 15:02:51.426,13.33442,13.33718,0.00,0.00
2013.09.30 15:02:51.841,13.33443,13.3375,0.00,0.00
2013.09.30 15:02:51.901,13.33472,13.33788,0.00,0.00
2013.09.30 15:02:52.364,13.33452,13.33773,0.00,0.00
2013.09.30 15:02:52.671,13.33442,13.33713,0.00,0.00
2013.09.30 15:02:52.992,13.33372,13.33683,0.00,0.00
2013.09.30 15:02:53.052,13.33363,13.33683,0.00,0.00
2013.09.30 15:02:53.112,13.33363,13.33653,0.00,0.00
2013.09.30 15:02:53.171,13.33342,13.33653,0.00,0.00
2013.09.30 15:02:53.351,13.33342,13.33633,0.00,0.00
2013.09.30 15:02:55.558,13.33342,13.33623,0.00,0.00
2013.09.30 15:02:56.146,13.33342,13.33603,0.00,0.00
2013.09.30 15:02:57.734,13.33342,13.33593,0.00,0.00
2013.09.30 15:03:02.303,13.33272,13.33593,0.00,0.00
2013.09.30 15:03:02.495,13.33272,13.33577,0.00,0.00
2013.09.30 15:03:02.948,13.33243,13.33533,0.00,0.00
2013.09.30 15:03:03.140,13.33262,13.33578,0.00,0.00
2013.09.30 15:03:03.648,13.33342,13.33578,0.00,0.00
2013.09.30 15:03:04.722,13.33342,13.33588,0.00,0.00
2013.09.30 15:03:06.334,13.33442,13.33657,0.00,0.00
2013.09.30 15:03:06.394,13.33442,13.33688,0.00,0.00
2013.09.30 15:03:06.524,13.33442,13.33698,0.00,0.00
2013.09.30 15:03:06.908,13.33473,13.33698,0.00,0.00
2013.09.30 15:03:07.084,13.33542,13.33828,0.00,0.00
2013.09.30 15:03:07.324,13.33642,13.3388,0.00,0.00
2013.09.30 15:03:07.454,13.33642,13.33908,0.00,0.00
2013.09.30 15:03:07.754,13.33582,13.33903,0.00,0.00
2013.09.30 15:03:07.852,13.33581,13.33941,0.00,0.00
2013.09.30 15:03:07.915,13.33581,13.33902,0.00,0.00
2013.09.30 15:03:08.094,13.33546,13.33902,0.00,0.00
2013.09.30 15:03:08.225,13.33542,13.33838,0.00,0.00
2013.09.30 15:03:08.284,13.33542,13.33897,0.00,0.00
2013.09.30 15:03:08.458,13.33542,13.33901,0.00,0.00
2013.09.30 15:03:08.516,13.33542,13.33863,0.00,0.00
2013.09.30 15:03:08.894,13.33542,13.33823,0.00,0.00
2013.09.30 15:03:10.391,13.33542,13.33813,0.00,0.00
2013.09.30 15:03:12.704,13.33542,13.33818,0.00,0.00
2013.09.30 15:03:13.112,13.33731,13.33843,0.00,0.00
2013.09.30 15:03:13.387,13.33742,13.33978,0.00,0.00
2013.09.30 15:03:13.574,13.33742,13.33988,0.00,0.00
2013.09.30 15:03:13.694,13.33742,13.34008,0.00,0.00
2013.09.30 15:03:17.241,13.33742,13.34018,0.00,0.00
2013.09.30 15:03:18.384,13.33742,13.34013,0.00,0.00
2013.09.30 15:03:19.254,13.33742,13.34003,0.00,0.00
2013.09.30 15:03:19.391,13.33682,13.33963,0.00,0.00
2013.09.30 15:03:19.519,13.33664,13.33943,0.00,0.00
2013.09.30 15:03:19.575,13.33633,13.33943,0.00,0.00
2013.09.30 15:03:19.635,13.33622,13.33902,0.00,0.00
2013.09.30 15:03:19.717,13.33567,13.33883,0.00,0.00
2013.09.30 15:03:19.775,13.33562,13.33838,0.00,0.00
2013.09.30 15:03:19.835,13.33542,13.33823,0.00,0.00
2013.09.30 15:03:20.574,13.33472,13.33793,0.00,0.00
2013.09.30 15:03:21.695,13.33452,13.33773,0.00,0.00
2013.09.30 15:03:22.734,13.33462,13.33778,0.00,0.00
2013.09.30 15:03:24.578,13.33552,13.338,0.00,0.00
2013.09.30 15:03:24.734,13.33592,13.33847,0.00,0.00
2013.09.30 15:03:24.794,13.33632,13.33847,0.00,0.00
2013.09.30 15:03:26.556,13.33622,13.33847,0.00,0.00
2013.09.30 15:03:27.013,13.33632,13.33847,0.00,0.00
2013.09.30 15:03:28.264,13.33652,13.33847,0.00,0.00
2013.09.30 15:03:28.324,13.33652,13.33858,0.00,0.00
2013.09.30 15:03:31.474,13.33632,13.33858,0.00,0.00
2013.09.30 15:03:31.984,13.33652,13.33858,0.00,0.00
2013.09.30 15:03:32.644,13.33662,13.33858,0.00,0.00
2013.09.30 15:03:32.729,13.33642,13.33858,0.00,0.00
2013.09.30 15:03:33.465,13.33652,13.33858,0.00,0.00
2013.09.30 15:03:34.824,13.33572,13.3384,0.00,0.00
2013.09.30 15:03:34.918,13.33502,13.33823,0.00,0.00
2013.09.30 15:03:35.431,13.33642,13.33828,0.00,0.00
2013.09.30 15:03:35.544,13.33642,13.33908,0.00,0.00
2013.09.30 15:03:35.755,13.33642,13.33918,0.00,0.00
2013.09.30 15:03:35.814,13.33585,13.33763,0.00,0.00
2013.09.30 15:03:35.955,13.33585,13.33838,0.00,0.00
2013.09.30 15:03:36.049,13.33585,13.33848,0.00,0.00
2013.09.30 15:03:36.126,13.33574,13.33848,0.00,0.00
2013.09.30 15:03:36.184,13.33574,13.33843,0.00,0.00
2013.09.30 15:03:36.314,13.33522,13.33843,0.00,0.00
2013.09.30 15:03:36.804,13.33532,13.33848,0.00,0.00
2013.09.30 15:03:37.564,13.33542,13.33858,0.00,0.00
2013.09.30 15:03:40.030,13.33592,13.33889,0.00,0.00
2013.09.30 15:03:40.234,13.33622,13.33938,0.00,0.00
2013.09.30 15:03:40.899,13.33642,13.33948,0.00,0.00
2013.09.30 15:03:41.219,13.33642,13.33943,0.00,0.00
2013.09.30 15:03:41.865,13.33692,13.33976,0.00,0.00
2013.09.30 15:03:41.924,13.33692,13.34008,0.00,0.00
2013.09.30 15:03:41.984,13.33702,13.34018,0.00,0.00
2013.09.30 15:03:42.354,13.33742,13.34018,0.00,0.00
2013.09.30 15:03:43.007,13.33742,13.34013,0.00,0.00
2013.09.30 15:03:43.435,13.33742,13.34028,0.00,0.00
2013.09.30 15:03:43.846,13.33742,13.34058,0.00,0.00
2013.09.30 15:03:43.905,13.33792,13.34073,0.00,0.00
2013.09.30 15:03:43.964,13.33762,13.34073,0.00,0.00
2013.09.30 15:03:44.024,13.33764,13.34078,0.00,0.00
2013.09.30 15:03:44.084,13.33742,13.34053,0.00,0.00
2013.09.30 15:03:44.876,13.33723,13.33943,0.00,0.00
2013.09.30 15:03:44.994,13.33602,13.33902,0.00,0.00
2013.09.30 15:03:45.055,13.33602,13.33873,0.00,0.00
2013.09.30 15:03:45.114,13.33532,13.33853,0.00,0.00
2013.09.30 15:03:45.197,13.33522,13.33843,0.00,0.00
2013.09.30 15:03:46.604,13.33497,13.33763,0.00,0.00
2013.09.30 15:03:46.754,13.33472,13.33763,0.00,0.00
2013.09.30 15:03:46.814,13.33444,13.33733,0.00,0.00
2013.09.30 15:03:46.874,13.33442,13.33733,0.00,0.00
2013.09.30 15:03:47.116,13.33442,13.33748,0.00,0.00
2013.09.30 15:03:47.494,13.33452,13.33748,0.00,0.00
2013.09.30 15:03:48.141,13.33442,13.33733,0.00,0.00
2013.09.30 15:03:48.906,13.33442,13.33738,0.00,0.00
2013.09.30 15:03:50.489,13.33442,13.33733,0.00,0.00
2013.09.30 15:03:57.029,13.33442,13.33738,0.00,0.00
2013.09.30 15:04:01.173,13.33442,13.33733,0.00,0.00
2013.09.30 15:04:05.411,13.33442,13.33738,0.00,0.00
2013.09.30 15:04:07.014,13.33442,13.33733,0.00,0.00
2013.09.30 15:04:08.402,13.33442,13.33738,0.00,0.00
2013.09.30 15:04:08.525,13.33442,13.33733,0.00,0.00
2013.09.30 15:04:08.614,13.33452,13.33758,0.00,0.00
2013.09.30 15:04:08.734,13.33462,13.33778,0.00,0.00
2013.09.30 15:04:08.918,13.33442,13.33753,0.00,0.00
2013.09.30 15:04:09.332,13.33442,13.33743,0.00,0.00
2013.09.30 15:04:14.705,13.33442,13.33758,0.00,0.00
2013.09.30 15:04:14.824,13.33454,13.33758,0.00,0.00
2013.09.30 15:04:14.884,13.33472,13.33788,0.00,0.00
2013.09.30 15:04:15.030,13.33454,13.33763,0.00,0.00
2013.09.30 15:04:15.935,13.33442,13.33743,0.00,0.00
2013.09.30 15:04:16.054,13.33442,13.33758,0.00,0.00
2013.09.30 15:04:16.235,13.33454,13.33758,0.00,0.00
2013.09.30 15:04:16.294,13.33472,13.33788,0.00,0.00
2013.09.30 15:04:16.445,13.33472,13.33786,0.00,0.00
2013.09.30 15:04:16.504,13.33442,13.33763,0.00,0.00
2013.09.30 15:04:16.564,13.33442,13.33743,0.00,0.00
2013.09.30 15:04:16.963,13.33442,13.33723,0.00,0.00
2013.09.30 15:04:17.167,13.33452,13.33759,0.00,0.00
2013.09.30 15:04:17.224,13.33452,13.33768,0.00,0.00
2013.09.30 15:04:17.284,13.33472,13.33788,0.00,0.00
2013.09.30 15:04:17.672,13.33542,13.33798,0.00,0.00
2013.09.30 15:04:18.207,13.33542,13.33793,0.00,0.00
2013.09.30 15:04:22.839,13.33472,13.33763,0.00,0.00
2013.09.30 15:04:22.936,13.33451,13.33743,0.00,0.00
2013.09.30 15:04:22.994,13.33451,13.33722,0.00,0.00
2013.09.30 15:04:23.114,13.33396,13.33703,0.00,0.00
2013.09.30 15:04:23.205,13.33382,13.33689,0.00,0.00
2013.09.30 15:04:23.324,13.33382,13.33698,0.00,0.00
2013.09.30 15:04:23.384,13.33362,13.33663,0.00,0.00
2013.09.30 15:04:23.444,13.33342,13.33663,0.00,0.00
2013.09.30 15:04:23.504,13.33342,13.33633,0.00,0.00
2013.09.30 15:04:24.804,13.33442,13.33698,0.00,0.00
2013.09.30 15:04:25.795,13.33442,13.33698,0.00,0.00
2013.09.30 15:04:25.854,13.33372,13.33693,0.00,0.00
2013.09.30 15:04:25.914,13.33372,13.33664,0.00,0.00
2013.09.30 15:04:26.384,13.33342,13.33623,0.00,0.00
2013.09.30 15:04:28.326,13.33342,13.33613,0.00,0.00
2013.09.30 15:04:30.455,13.33342,13.33608,0.00,0.00
2013.09.30 15:04:30.514,13.33272,13.33593,0.00,0.00
2013.09.30 15:04:30.694,13.33272,13.33555,0.00,0.00
2013.09.30 15:04:30.754,13.33242,13.33533,0.00,0.00
2013.09.30 15:04:32.144,13.33242,13.33523,0.00,0.00
2013.09.30 15:04:33.341,13.33242,13.33513,0.00,0.00
2013.09.30 15:04:33.978,13.33242,13.33518,0.00,0.00
2013.09.30 15:04:35.966,13.33242,13.33513,0.00,0.00
2013.09.30 15:04:39.051,13.33242,13.33518,0.00,0.00
2013.09.30 15:04:41.204,13.33242,13.33513,0.00,0.00
2013.09.30 15:04:42.044,13.33242,13.33462,0.00,0.00
2013.09.30 15:04:42.184,13.33097,13.33363,0.00,0.00
2013.09.30 15:04:42.306,13.33042,13.33363,0.00,0.00
2013.09.30 15:04:42.446,13.33042,13.33353,0.00,0.00
2013.09.30 15:04:42.851,13.33042,13.33343,0.00,0.00
2013.09.30 15:04:43.204,13.33042,13.33313,0.00,0.00
2013.09.30 15:04:45.862,13.33042,13.33332,0.00,0.00
2013.09.30 15:04:45.984,13.33042,13.33338,0.00,0.00
2013.09.30 15:04:46.188,13.33042,13.33348,0.00,0.00
2013.09.30 15:04:46.424,13.33042,13.33343,0.00,0.00
2013.09.30 15:04:46.490,13.33022,13.33343,0.00,0.00
2013.09.30 15:04:46.692,13.33042,13.33343,0.00,0.00
2013.09.30 15:04:47.104,13.33042,13.33348,0.00,0.00
2013.09.30 15:04:48.668,13.33042,13.33333,0.00,0.00
2013.09.30 15:04:49.024,13.33122,13.3337,0.00,0.00
2013.09.30 15:04:49.144,13.33122,13.33381,0.00,0.00
2013.09.30 15:04:49.215,13.33122,13.33438,0.00,0.00
2013.09.30 15:04:50.908,13.33142,13.33447,0.00,0.00
2013.09.30 15:04:51.428,13.33142,13.33448,0.00,0.00
2013.09.30 15:04:51.774,13.33142,13.33458,0.00,0.00
2013.09.30 15:04:52.965,13.33142,13.33453,0.00,0.00
2013.09.30 15:04:55.114,13.33142,13.33443,0.00,0.00
2013.09.30 15:04:55.372,13.33112,13.33433,0.00,0.00
2013.09.30 15:04:55.470,13.33094,13.33393,0.00,0.00
2013.09.30 15:04:55.524,13.33082,13.33393,0.00,0.00
2013.09.30 15:04:55.584,13.33082,13.33343,0.00,0.00
2013.09.30 15:04:55.644,13.33055,13.33343,0.00,0.00
2013.09.30 15:04:55.704,13.33055,13.33348,0.00,0.00
2013.09.30 15:04:55.775,13.3305,13.33348,0.00,0.00
2013.09.30 15:04:55.834,13.3305,13.33333,0.00,0.00
2013.09.30 15:04:55.894,13.33042,13.33333,0.00,0.00
2013.09.30 15:04:56.507,13.33042,13.33348,0.00,0.00
2013.09.30 15:04:56.564,13.33042,13.33358,0.00,0.00
2013.09.30 15:04:56.715,13.33042,13.33371,0.00,0.00
2013.09.30 15:04:56.775,13.33042,13.33386,0.00,0.00
2013.09.30 15:04:56.835,13.33043,13.33403,0.00,0.00
2013.09.30 15:04:56.955,13.3311,13.33437,0.00,0.00
2013.09.30 15:04:57.596,13.33091,13.33437,0.00,0.00
2013.09.30 15:04:58.553,13.33122,13.33437,0.00,0.00
2013.09.30 15:04:59.175,13.33103,13.33403,0.00,0.00
2013.09.30 15:04:59.294,13.33082,13.33403,0.00,0.00
2013.09.30 15:04:59.414,13.33072,13.33393,0.00,0.00
2013.09.30 15:04:59.747,13.33072,13.33377,0.00,0.00
2013.09.30 15:04:59.805,13.33042,13.33353,0.00,0.00
2013.09.30 15:04:59.924,13.33042,13.33343,0.00,0.00
2013.09.30 15:05:02.671,13.33042,13.33323,0.00,0.00
2013.09.30 15:05:03.045,13.33003,13.33323,0.00,0.00
2013.09.30 15:05:03.204,13.32958,13.33243,0.00,0.00
2013.09.30 15:05:03.264,13.32942,13.33243,0.00,0.00
2013.09.30 15:05:03.324,13.32912,13.33183,0.00,0.00
2013.09.30 15:05:03.384,13.32873,13.33183,0.00,0.00
2013.09.30 15:05:03.504,13.32862,13.33183,0.00,0.00
2013.09.30 15:05:03.684,13.32862,13.33171,0.00,0.00
2013.09.30 15:05:04.062,13.32842,13.33113,0.00,0.00
2013.09.30 15:05:04.333,13.32842,13.33118,0.00,0.00
2013.09.30 15:05:06.036,13.32842,13.33103,0.00,0.00
2013.09.30 15:05:06.674,13.32842,13.33108,0.00,0.00
2013.09.30 15:05:07.057,13.32842,13.33103,0.00,0.00
2013.09.30 15:05:07.640,13.32782,13.33103,0.00,0.00
2013.09.30 15:05:07.814,13.32782,13.33093,0.00,0.00
2013.09.30 15:05:08.205,13.32844,13.33187,0.00,0.00
2013.09.30 15:05:08.369,13.32844,13.33163,0.00,0.00
2013.09.30 15:05:08.536,13.32842,13.33159,0.00,0.00
2013.09.30 15:05:09.197,13.32842,13.33123,0.00,0.00
2013.09.30 15:05:10.683,13.32783,13.33103,0.00,0.00
2013.09.30 15:05:10.916,13.32752,13.33073,0.00,0.00
2013.09.30 15:05:10.994,13.32742,13.33013,0.00,0.00
2013.09.30 15:05:11.934,13.32842,13.33018,0.00,0.00
2013.09.30 15:05:12.018,13.32842,13.33031,0.00,0.00
2013.09.30 15:05:12.134,13.32842,13.33108,0.00,0.00
2013.09.30 15:05:15.030,13.32842,13.33103,0.00,0.00
2013.09.30 15:05:19.514,13.32783,13.33103,0.00,0.00
2013.09.30 15:05:19.617,13.32842,13.33108,0.00,0.00
2013.09.30 15:05:20.649,13.32842,13.33093,0.00,0.00
2013.09.30 15:05:22.618,13.32842,13.33098,0.00,0.00
2013.09.30 15:05:23.122,13.32783,13.33098,0.00,0.00
2013.09.30 15:05:23.324,13.32783,13.33083,0.00,0.00
2013.09.30 15:05:23.405,13.32764,13.33083,0.00,0.00
2013.09.30 15:05:23.464,13.32753,13.33043,0.00,0.00
2013.09.30 15:05:24.344,13.32842,13.33043,0.00,0.00
2013.09.30 15:05:24.524,13.33042,13.33318,0.00,0.00
2013.09.30 15:05:24.584,13.33042,13.33318,0.00,0.00
2013.09.30 15:05:24.704,13.33042,13.33328,0.00,0.00
2013.09.30 15:05:24.924,13.33042,13.33348,0.00,0.00
2013.09.30 15:05:25.044,13.33042,13.33343,0.00,0.00
2013.09.30 15:05:25.522,13.33042,13.33358,0.00,0.00
2013.09.30 15:05:25.644,13.33062,13.33378,0.00,0.00
2013.09.30 15:05:26.033,13.33043,13.33353,0.00,0.00
2013.09.30 15:05:26.334,13.33043,13.33333,0.00,0.00
2013.09.30 15:05:26.775,13.33043,13.33338,0.00,0.00
2013.09.30 15:05:27.074,13.33048,13.33323,0.00,0.00
2013.09.30 15:05:27.134,13.33043,13.33323,0.00,0.00
2013.09.30 15:05:27.314,13.33042,13.33328,0.00,0.00
2013.09.30 15:05:27.714,13.33042,13.33348,0.00,0.00
2013.09.30 15:05:27.834,13.33142,13.33371,0.00,0.00
2013.09.30 15:05:27.954,13.33142,13.33408,0.00,0.00
2013.09.30 15:05:28.014,13.33142,13.33418,0.00,0.00
2013.09.30 15:05:28.091,13.33142,13.33428,0.00,0.00
2013.09.30 15:05:28.290,13.33142,13.33438,0.00,0.00
2013.09.30 15:05:28.607,13.33142,13.33433,0.00,0.00
2013.09.30 15:05:29.374,13.33112,13.33433,0.00,0.00
2013.09.30 15:05:29.730,13.33103,13.33423,0.00,0.00
2013.09.30 15:05:29.954,13.33072,13.33393,0.00,0.00
2013.09.30 15:05:30.074,13.33049,13.33333,0.00,0.00
2013.09.30 15:05:30.134,13.33042,13.33333,0.00,0.00
2013.09.30 15:05:30.194,13.33042,13.33334,0.00,0.00
2013.09.30 15:05:30.345,13.33042,13.33348,0.00,0.00
2013.09.30 15:05:30.868,13.33042,13.33358,0.00,0.00
2013.09.30 15:05:31.134,13.33052,13.33368,0.00,0.00
2013.09.30 15:05:31.494,13.33042,13.33363,0.00,0.00
2013.09.30 15:05:33.107,13.33052,13.33368,0.00,0.00
2013.09.30 15:05:36.154,13.33104,13.33408,0.00,0.00
2013.09.30 15:05:36.215,13.33122,13.33438,0.00,0.00
2013.09.30 15:05:36.692,13.33142,13.33457,0.00,0.00
2013.09.30 15:05:37.016,13.33152,13.33457,0.00,0.00
2013.09.30 15:05:37.420,13.33162,13.33457,0.00,0.00
2013.09.30 15:05:37.475,13.33162,13.33478,0.00,0.00
2013.09.30 15:05:37.675,13.33172,13.33478,0.00,0.00
2013.09.30 15:05:37.734,13.33182,13.33498,0.00,0.00
2013.09.30 15:05:37.905,13.33184,13.33498,0.00,0.00
2013.09.30 15:05:37.990,13.33192,13.33508,0.00,0.00
2013.09.30 15:05:38.045,13.33222,13.33538,0.00,0.00
2013.09.30 15:05:38.421,13.33232,13.33548,0.00,0.00
2013.09.30 15:05:40.065,13.33222,13.33543,0.00,0.00
2013.09.30 15:05:40.377,13.33192,13.33513,0.00,0.00
2013.09.30 15:05:41.344,13.33172,13.33493,0.00,0.00
2013.09.30 15:05:42.315,13.33213,13.33493,0.00,0.00
2013.09.30 15:05:42.374,13.33242,13.33528,0.00,0.00
2013.09.30 15:05:42.939,13.33242,13.33523,0.00,0.00
2013.09.30 15:05:44.485,13.33242,13.33513,0.00,0.00
2013.09.30 15:05:44.604,13.33202,13.33518,0.00,0.00
2013.09.30 15:05:44.874,13.33202,13.33485,0.00,0.00
2013.09.30 15:05:44.935,13.33143,13.33453,0.00,0.00
2013.09.30 15:05:46.405,13.33142,13.33453,0.00,0.00
2013.09.30 15:05:47.072,13.33142,13.33433,0.00,0.00
2013.09.30 15:05:47.214,13.33142,13.33438,0.00,0.00
2013.09.30 15:05:47.387,13.33162,13.33478,0.00,0.00
2013.09.30 15:05:47.444,13.33182,13.33498,0.00,0.00
2013.09.30 15:05:48.021,13.33242,13.33508,0.00,0.00
2013.09.30 15:05:48.459,13.33242,13.33493,0.00,0.00
2013.09.30 15:05:48.612,13.33242,13.33508,0.00,0.00
2013.09.30 15:05:50.160,13.33242,13.33528,0.00,0.00
2013.09.30 15:05:50.428,13.33242,13.33538,0.00,0.00
2013.09.30 15:05:50.624,13.33243,13.33548,0.00,0.00
2013.09.30 15:05:50.756,13.33262,13.3355,0.00,0.00
2013.09.30 15:05:50.875,13.33282,13.33598,0.00,0.00
2013.09.30 15:05:51.288,13.33261,13.33621,0.00,0.00
2013.09.30 15:05:51.344,13.33292,13.33652,0.00,0.00
2013.09.30 15:05:51.664,13.33322,13.33643,0.00,0.00
2013.09.30 15:05:52.427,13.33342,13.33633,0.00,0.00
2013.09.30 15:05:52.604,13.33392,13.33708,0.00,0.00
2013.09.30 15:05:52.664,13.33402,13.33718,0.00,0.00
2013.09.30 15:05:53.694,13.33413,13.33718,0.00,0.00
2013.09.30 15:05:54.019,13.33442,13.33738,0.00,0.00
2013.09.30 15:05:55.684,13.33452,13.33768,0.00,0.00
2013.09.30 15:05:55.804,13.33482,13.33798,0.00,0.00
2013.09.30 15:05:56.134,13.33472,13.33793,0.00,0.00
2013.09.30 15:05:56.494,13.33492,13.33808,0.00,0.00
2013.09.30 15:05:57.328,13.33542,13.33808,0.00,0.00
2013.09.30 15:05:58.258,13.33492,13.33808,0.00,0.00
2013.09.30 15:05:58.314,13.33492,13.33802,0.00,0.00
2013.09.30 15:05:58.374,13.33462,13.33783,0.00,0.00
2013.09.30 15:05:58.684,13.33442,13.33763,0.00,0.00
2013.09.30 15:06:01.174,13.33442,13.33753,0.00,0.00
2013.09.30 15:06:03.943,13.33442,13.33723,0.00,0.00
2013.09.30 15:06:04.984,13.33442,13.33728,0.00,0.00
2013.09.30 15:06:05.154,13.33412,13.33728,0.00,0.00
2013.09.30 15:06:05.214,13.33402,13.33723,0.00,0.00
2013.09.30 15:06:06.034,13.33442,13.33728,0.00,0.00
2013.09.30 15:06:07.164,13.33442,13.33738,0.00,0.00
2013.09.30 15:06:07.337,13.33513,13.33738,0.00,0.00
2013.09.30 15:06:07.464,13.33642,13.33873,0.00,0.00
2013.09.30 15:06:07.524,13.33642,13.33939,0.00,0.00
2013.09.30 15:06:07.584,13.33642,13.33958,0.00,0.00
2013.09.30 15:06:07.644,13.33742,13.3398,0.00,0.00
2013.09.30 15:06:07.704,13.33742,13.33997,0.00,0.00
2013.09.30 15:06:07.764,13.33742,13.34005,0.00,0.00
2013.09.30 15:06:07.824,13.33742,13.34018,0.00,0.00
2013.09.30 15:06:08.344,13.33742,13.34049,0.00,0.00
2013.09.30 15:06:08.404,13.33782,13.34062,0.00,0.00
2013.09.30 15:06:08.464,13.33782,13.34098,0.00,0.00
2013.09.30 15:06:08.551,13.33802,13.34118,0.00,0.00
2013.09.30 15:06:08.904,13.33772,13.34073,0.00,0.00
2013.09.30 15:06:09.158,13.33772,13.34132,0.00,0.00
2013.09.30 15:06:09.233,13.33806,13.34158,0.00,0.00
2013.09.30 15:06:09.643,13.33842,13.34153,0.00,0.00
2013.09.30 15:06:10.366,13.33832,13.34153,0.00,0.00
2013.09.30 15:06:10.834,13.33842,13.34153,0.00,0.00
2013.09.30 15:06:10.986,13.33842,13.34158,0.00,0.00
2013.09.30 15:06:11.314,13.33852,13.34168,0.00,0.00
2013.09.30 15:06:12.505,13.33862,13.34178,0.00,0.00
2013.09.30 15:06:13.124,13.33852,13.34173,0.00,0.00
2013.09.30 15:06:13.454,13.33842,13.34153,0.00,0.00
2013.09.30 15:06:13.804,13.33842,13.34143,0.00,0.00
2013.09.30 15:06:14.327,13.33812,13.34133,0.00,0.00
2013.09.30 15:06:14.495,13.33792,13.34113,0.00,0.00
2013.09.30 15:06:14.838,13.33772,13.34078,0.00,0.00
2013.09.30 15:06:14.894,13.33772,13.34088,0.00,0.00
2013.09.30 15:06:14.954,13.33762,13.34073,0.00,0.00
2013.09.30 15:06:15.048,13.33752,13.34068,0.00,0.00
2013.09.30 15:06:15.104,13.33742,13.34033,0.00,0.00
2013.09.30 15:06:15.565,13.33753,13.34033,0.00,0.00
2013.09.30 15:06:15.845,13.33753,13.34048,0.00,0.00
2013.09.30 15:06:16.005,13.33753,13.34058,0.00,0.00
2013.09.30 15:06:16.202,13.33753,13.34053,0.00,0.00
2013.09.30 15:06:16.519,13.33753,13.34058,0.00,0.00
2013.09.30 15:06:16.574,13.33842,13.34083,0.00,0.00
2013.09.30 15:06:16.635,13.33842,13.34118,0.00,0.00
2013.09.30 15:06:17.478,13.33942,13.34147,0.00,0.00
2013.09.30 15:06:17.734,13.34042,13.34288,0.00,0.00
2013.09.30 15:06:18.596,13.34042,13.34283,0.00,0.00
2013.09.30 15:06:19.627,13.33962,13.34283,0.00,0.00
2013.09.30 15:06:20.043,13.33942,13.34223,0.00,0.00
2013.09.30 15:06:21.071,13.33953,13.34223,0.00,0.00
2013.09.30 15:06:21.134,13.33942,13.34248,0.00,0.00
2013.09.30 15:06:21.194,13.33942,13.34258,0.00,0.00
2013.09.30 15:06:21.337,13.33942,13.34254,0.00,0.00
2013.09.30 15:06:21.765,13.33942,13.34243,0.00,0.00
2013.09.30 15:06:22.108,13.33942,13.34233,0.00,0.00
2013.09.30 15:06:23.030,13.33942,13.34223,0.00,0.00
2013.09.30 15:06:23.650,13.33883,13.34163,0.00,0.00
2013.09.30 15:06:23.874,13.33856,13.34153,0.00,0.00
2013.09.30 15:06:23.958,13.33856,13.34113,0.00,0.00
2013.09.30 15:06:24.014,13.33792,13.34113,0.00,0.00
2013.09.30 15:06:24.557,13.33812,13.34128,0.00,0.00
2013.09.30 15:06:24.887,13.33792,13.34113,0.00,0.00
2013.09.30 15:06:25.345,13.33812,13.34128,0.00,0.00
2013.09.30 15:06:25.731,13.33842,13.34128,0.00,0.00
2013.09.30 15:06:25.945,13.33792,13.34113,0.00,0.00
2013.09.30 15:06:26.074,13.33772,13.34093,0.00,0.00
2013.09.30 15:06:26.404,13.33742,13.34033,0.00,0.00
2013.09.30 15:06:26.465,13.33742,13.34048,0.00,0.00
2013.09.30 15:06:27.064,13.33742,13.34043,0.00,0.00
2013.09.30 15:06:27.583,13.33742,13.34033,0.00,0.00
2013.09.30 15:06:31.042,13.33742,13.34038,0.00,0.00
2013.09.30 15:06:31.334,13.33742,13.34033,0.00,0.00
2013.09.30 15:06:31.454,13.33712,13.34033,0.00,0.00
2013.09.30 15:06:31.766,13.33722,13.34038,0.00,0.00
2013.09.30 15:06:32.279,13.33742,13.34038,0.00,0.00
2013.09.30 15:06:32.698,13.33722,13.34038,0.00,0.00
2013.09.30 15:06:32.789,13.33712,13.34033,0.00,0.00
2013.09.30 15:06:33.124,13.33702,13.34023,0.00,0.00
2013.09.30 15:06:34.643,13.33742,13.34038,0.00,0.00
2013.09.30 15:06:36.494,13.33772,13.34069,0.00,0.00
2013.09.30 15:06:36.554,13.33762,13.34069,0.00,0.00
2013.09.30 15:06:36.614,13.33767,13.34078,0.00,0.00
2013.09.30 15:06:36.675,13.33762,13.34078,0.00,0.00
2013.09.30 15:06:37.109,13.33742,13.34063,0.00,0.00
2013.09.30 15:06:37.415,13.33742,13.34053,0.00,0.00
2013.09.30 15:06:38.240,13.33842,13.34079,0.00,0.00
2013.09.30 15:06:38.394,13.33842,13.34098,0.00,0.00
2013.09.30 15:06:38.514,13.33842,13.34147,0.00,0.00
2013.09.30 15:06:38.576,13.33842,13.34158,0.00,0.00
2013.09.30 15:06:40.887,13.33942,13.34184,0.00,0.00
2013.09.30 15:06:41.045,13.33942,13.34188,0.00,0.00
2013.09.30 15:06:41.104,13.33942,13.34208,0.00,0.00
2013.09.30 15:06:41.197,13.33942,13.34218,0.00,0.00
2013.09.30 15:06:43.344,13.33942,13.34228,0.00,0.00
2013.09.30 15:06:43.465,13.33942,13.34238,0.00,0.00
2013.09.30 15:06:48.404,13.33942,13.34248,0.00,0.00
2013.09.30 15:06:49.075,13.33952,13.34268,0.00,0.00
2013.09.30 15:06:49.195,13.33952,13.34268,0.00,0.00
2013.09.30 15:06:49.268,13.33952,13.34268,0.00,0.00
2013.09.30 15:06:49.701,13.33942,13.34253,0.00,0.00
2013.09.30 15:06:50.494,13.33942,13.34258,0.00,0.00
2013.09.30 15:06:55.874,13.33942,13.34253,0.00,0.00
2013.09.30 15:06:56.127,13.33922,13.34243,0.00,0.00
2013.09.30 15:06:56.504,13.33912,13.34233,0.00,0.00
2013.09.30 15:06:58.165,13.33922,13.34238,0.00,0.00
2013.09.30 15:06:59.294,13.33932,13.34248,0.00,0.00
2013.09.30 15:06:59.604,13.33902,13.34223,0.00,0.00
2013.09.30 15:06:59.914,13.33842,13.34163,0.00,0.00
2013.09.30 15:07:00.320,13.33852,13.34168,0.00,0.00
2013.09.30 15:07:02.155,13.33842,13.34163,0.00,0.00
2013.09.30 15:07:02.515,13.33862,13.34178,0.00,0.00
2013.09.30 15:07:02.874,13.33843,13.34153,0.00,0.00
2013.09.30 15:07:06.294,13.33863,13.34153,0.00,0.00
2013.09.30 15:07:07.164,13.33843,13.34153,0.00,0.00
2013.09.30 15:07:07.704,13.33863,13.34153,0.00,0.00
2013.09.30 15:07:07.896,13.33942,13.34228,0.00,0.00
2013.09.30 15:07:08.002,13.33942,13.34243,0.00,0.00
2013.09.30 15:07:08.065,13.33942,13.34248,0.00,0.00
2013.09.30 15:07:10.342,13.33942,13.34258,0.00,0.00
2013.09.30 15:07:11.026,13.33969,13.34258,0.00,0.00
2013.09.30 15:07:11.084,13.34042,13.34348,0.00,0.00
2013.09.30 15:07:11.886,13.34044,13.34348,0.00,0.00
2013.09.30 15:07:12.214,13.34142,13.34408,0.00,0.00
2013.09.30 15:07:12.334,13.34242,13.34518,0.00,0.00
2013.09.30 15:07:13.645,13.34242,13.34512,0.00,0.00
2013.09.30 15:07:13.835,13.34164,13.34443,0.00,0.00
2013.09.30 15:07:13.974,13.34122,13.34443,0.00,0.00
2013.09.30 15:07:14.264,13.34112,13.34433,0.00,0.00
2013.09.30 15:07:15.647,13.34086,13.34383,0.00,0.00
2013.09.30 15:07:15.704,13.34074,13.34383,0.00,0.00
2013.09.30 15:07:15.764,13.34074,13.34343,0.00,0.00
2013.09.30 15:07:15.824,13.34042,13.34343,0.00,0.00
2013.09.30 15:07:20.285,13.34042,13.34348,0.00,0.00
2013.09.30 15:07:20.700,13.34062,13.34372,0.00,0.00
2013.09.30 15:07:20.854,13.34082,13.34372,0.00,0.00
2013.09.30 15:07:20.914,13.34082,13.34397,0.00,0.00
2013.09.30 15:07:21.429,13.34082,13.34398,0.00,0.00
2013.09.30 15:07:22.049,13.34142,13.34398,0.00,0.00
2013.09.30 15:07:22.462,13.34142,13.34408,0.00,0.00
2013.09.30 15:07:24.872,13.34092,13.34408,0.00,0.00
2013.09.30 15:07:25.155,13.34072,13.34375,0.00,0.00
2013.09.30 15:07:25.336,13.34042,13.34353,0.00,0.00
2013.09.30 15:07:25.831,13.34142,13.3437,0.00,0.00
2013.09.30 15:07:25.945,13.34142,13.34408,0.00,0.00
2013.09.30 15:07:26.174,13.34142,13.34418,0.00,0.00
2013.09.30 15:07:27.374,13.34242,13.34454,0.00,0.00
2013.09.30 15:07:27.465,13.34192,13.34454,0.00,0.00
2013.09.30 15:07:27.524,13.34192,13.34508,0.00,0.00
2013.09.30 15:07:27.584,13.34222,13.34517,0.00,0.00
2013.09.30 15:07:27.704,13.34212,13.34517,0.00,0.00
2013.09.30 15:07:27.764,13.34212,13.34528,0.00,0.00
2013.09.30 15:07:27.824,13.34242,13.34528,0.00,0.00
2013.09.30 15:07:28.124,13.34242,13.34538,0.00,0.00
2013.09.30 15:07:28.724,13.34242,13.34548,0.00,0.00
2013.09.30 15:07:28.801,13.34252,13.34568,0.00,0.00
2013.09.30 15:07:29.699,13.34272,13.34583,0.00,0.00
2013.09.30 15:07:29.924,13.34282,13.34598,0.00,0.00
2013.09.30 15:07:30.325,13.34272,13.34593,0.00,0.00
2013.09.30 15:07:30.632,13.34262,13.34583,0.00,0.00
2013.09.30 15:07:31.274,13.34272,13.34588,0.00,0.00
2013.09.30 15:07:31.624,13.34312,13.34627,0.00,0.00
2013.09.30 15:07:32.094,13.34322,13.34638,0.00,0.00
2013.09.30 15:07:33.540,13.34332,13.34648,0.00,0.00
2013.09.30 15:07:34.498,13.34342,13.34648,0.00,0.00
2013.09.30 15:07:35.534,13.34332,13.34648,0.00,0.00
2013.09.30 15:07:36.048,13.34342,13.34648,0.00,0.00
2013.09.30 15:07:37.408,13.34352,13.34657,0.00,0.00
2013.09.30 15:07:39.914,13.34352,13.34632,0.00,0.00
2013.09.30 15:07:39.974,13.34312,13.34628,0.00,0.00
2013.09.30 15:07:40.034,13.343,13.34603,0.00,0.00
2013.09.30 15:07:40.094,13.34282,13.34603,0.00,0.00
2013.09.30 15:07:40.154,13.34282,13.3459,0.00,0.00
2013.09.30 15:07:40.274,13.34252,13.34573,0.00,0.00
2013.09.30 15:07:40.794,13.34262,13.34578,0.00,0.00
2013.09.30 15:07:41.154,13.34352,13.34647,0.00,0.00
2013.09.30 15:07:41.904,13.34362,13.34647,0.00,0.00
2013.09.30 15:07:43.754,13.34362,13.34678,0.00,0.00
2013.09.30 15:07:43.814,13.34382,13.34698,0.00,0.00
2013.09.30 15:07:44.134,13.34402,13.34718,0.00,0.00
2013.09.30 15:07:44.486,13.34422,13.34727,0.00,0.00
2013.09.30 15:07:44.634,13.34422,13.34738,0.00,0.00
2013.09.30 15:07:44.754,13.34442,13.34748,0.00,0.00
2013.09.30 15:07:45.376,13.34442,13.34758,0.00,0.00
2013.09.30 15:07:45.576,13.34471,13.34758,0.00,0.00
2013.09.30 15:07:45.646,13.34542,13.34831,0.00,0.00
2013.09.30 15:07:45.704,13.34542,13.34858,0.00,0.00
2013.09.30 15:07:46.101,13.34552,13.34868,0.00,0.00
2013.09.30 15:07:47.274,13.34573,13.34868,0.00,0.00
2013.09.30 15:07:47.394,13.34542,13.34863,0.00,0.00
2013.09.30 15:07:47.515,13.34567,13.34863,0.00,0.00
2013.09.30 15:07:47.574,13.34572,13.34888,0.00,0.00
2013.09.30 15:07:47.634,13.34592,13.34908,0.00,0.00
2013.09.30 15:07:47.994,13.34652,13.34946,0.00,0.00
2013.09.30 15:07:48.055,13.34652,13.34967,0.00,0.00
2013.09.30 15:07:49.054,13.34652,13.34942,0.00,0.00
2013.09.30 15:07:49.114,13.34642,13.34942,0.00,0.00
2013.09.30 15:07:49.473,13.34642,13.34958,0.00,0.00
2013.09.30 15:07:49.534,13.34652,13.34968,0.00,0.00
2013.09.30 15:07:50.344,13.34722,13.34994,0.00,0.00
2013.09.30 15:07:50.516,13.34722,13.35038,0.00,0.00
2013.09.30 15:07:50.575,13.34732,13.35048,0.00,0.00
2013.09.30 15:07:51.479,13.34714,13.35003,0.00,0.00
2013.09.30 15:07:51.734,13.34646,13.34953,0.00,0.00
2013.09.30 15:07:51.794,13.34646,13.34943,0.00,0.00
2013.09.30 15:07:51.854,13.34642,13.34943,0.00,0.00
2013.09.30 15:07:52.034,13.34642,13.34957,0.00,0.00
2013.09.30 15:07:54.164,13.34642,13.34958,0.00,0.00
2013.09.30 15:07:54.495,13.34742,13.3498,0.00,0.00
2013.09.30 15:07:54.568,13.34742,13.34988,0.00,0.00
2013.09.30 15:07:54.624,13.34742,13.35008,0.00,0.00
2013.09.30 15:07:54.854,13.34742,13.35028,0.00,0.00
2013.09.30 15:07:54.917,13.34742,13.35038,0.00,0.00
2013.09.30 15:07:55.829,13.34702,13.35023,0.00,0.00
2013.09.30 15:07:55.924,13.34702,13.35012,0.00,0.00
2013.09.30 15:07:56.045,13.34672,13.34993,0.00,0.00
2013.09.30 15:07:56.135,13.34668,13.34973,0.00,0.00
2013.09.30 15:07:56.255,13.34652,13.34973,0.00,0.00
2013.09.30 15:07:56.374,13.34642,13.34953,0.00,0.00
2013.09.30 15:07:58.916,13.34642,13.34943,0.00,0.00
2013.09.30 15:07:59.205,13.34573,13.34893,0.00,0.00
2013.09.30 15:07:59.325,13.34555,13.34843,0.00,0.00
2013.09.30 15:07:59.385,13.34543,13.34843,0.00,0.00
2013.09.30 15:07:59.445,13.34543,13.34833,0.00,0.00
2013.09.30 15:07:59.766,13.34542,13.34813,0.00,0.00
2013.09.30 15:07:59.994,13.34483,13.34803,0.00,0.00
2013.09.30 15:08:00.114,13.34472,13.34793,0.00,0.00
2013.09.30 15:08:00.294,13.34472,13.34745,0.00,0.00
2013.09.30 15:08:00.802,13.34392,13.34713,0.00,0.00
2013.09.30 15:08:00.924,13.34369,13.34663,0.00,0.00
2013.09.30 15:08:01.045,13.34343,13.34653,0.00,0.00
2013.09.30 15:08:01.587,13.34342,13.34653,0.00,0.00
2013.09.30 15:08:05.495,13.34342,13.34658,0.00,0.00
2013.09.30 15:08:06.144,13.3431,13.34593,0.00,0.00
2013.09.30 15:08:06.325,13.34241,13.34532,0.00,0.00
2013.09.30 15:08:06.415,13.34222,13.34532,0.00,0.00
2013.09.30 15:08:06.474,13.34182,13.34503,0.00,0.00
2013.09.30 15:08:06.534,13.34182,13.34471,0.00,0.00
2013.09.30 15:08:06.594,13.34152,13.34468,0.00,0.00
2013.09.30 15:08:06.654,13.34142,13.34463,0.00,0.00
2013.09.30 15:08:06.774,13.34162,13.34466,0.00,0.00
2013.09.30 15:08:06.894,13.34162,13.34478,0.00,0.00
2013.09.30 15:08:08.664,13.34172,13.34488,0.00,0.00
2013.09.30 15:08:08.982,13.34172,13.34479,0.00,0.00
2013.09.30 15:08:09.045,13.34142,13.34453,0.00,0.00
2013.09.30 15:08:09.608,13.34142,13.34443,0.00,0.00
2013.09.30 15:08:13.214,13.34142,13.34433,0.00,0.00
2013.09.30 15:08:13.711,13.34142,13.34438,0.00,0.00
2013.09.30 15:08:14.528,13.34104,13.34263,0.00,0.00
2013.09.30 15:08:14.584,13.34093,13.34263,0.00,0.00
2013.09.30 15:08:14.744,13.33982,13.34252,0.00,0.00
2013.09.30 15:08:14.804,13.33982,13.34209,0.00,0.00
2013.09.30 15:08:14.865,13.33892,13.34207,0.00,0.00
2013.09.30 15:08:14.924,13.33892,13.34208,0.00,0.00
2013.09.30 15:08:14.984,13.33882,13.34203,0.00,0.00
2013.09.30 15:08:15.374,13.33842,13.34163,0.00,0.00
2013.09.30 15:08:15.844,13.33811,13.34113,0.00,0.00
2013.09.30 15:08:15.964,13.33767,13.34083,0.00,0.00
2013.09.30 15:08:16.025,13.33762,13.34081,0.00,0.00
2013.09.30 15:08:16.084,13.33742,13.34063,0.00,0.00
2013.09.30 15:08:16.426,13.33782,13.34098,0.00,0.00
2013.09.30 15:08:17.364,13.33842,13.34121,0.00,0.00
2013.09.30 15:08:17.424,13.33842,13.34138,0.00,0.00
2013.09.30 15:08:17.484,13.33842,13.34148,0.00,0.00
2013.09.30 15:08:19.186,13.33842,13.34133,0.00,0.00
2013.09.30 15:08:21.414,13.33812,13.34133,0.00,0.00
2013.09.30 15:08:22.475,13.33842,13.34133,0.00,0.00
2013.09.30 15:08:22.649,13.33862,13.34157,0.00,0.00
2013.09.30 15:08:23.014,13.33862,13.34178,0.00,0.00
2013.09.30 15:08:23.088,13.33851,13.34153,0.00,0.00
2013.09.30 15:08:23.166,13.33842,13.34153,0.00,0.00
2013.09.30 15:08:24.533,13.33842,13.34143,0.00,0.00
2013.09.30 15:08:24.866,13.33842,13.34133,0.00,0.00
2013.09.30 15:08:25.124,13.33842,13.34138,0.00,0.00
2013.09.30 15:08:29.637,13.33822,13.34138,0.00,0.00
2013.09.30 15:08:29.694,13.33802,13.34123,0.00,0.00
2013.09.30 15:08:30.058,13.33742,13.34053,0.00,0.00
2013.09.30 15:08:31.890,13.33742,13.34043,0.00,0.00
2013.09.30 15:08:32.005,13.33742,13.34048,0.00,0.00
2013.09.30 15:08:32.335,13.33742,13.34043,0.00,0.00
2013.09.30 15:08:32.834,13.33742,13.34033,0.00,0.00
2013.09.30 15:08:36.954,13.33742,13.33982,0.00,0.00
2013.09.30 15:08:37.015,13.33685,13.33982,0.00,0.00
2013.09.30 15:08:37.094,13.33685,13.33943,0.00,0.00
2013.09.30 15:08:37.154,13.33643,13.33943,0.00,0.00
2013.09.30 15:08:37.215,13.33643,13.33933,0.00,0.00
2013.09.30 15:08:37.274,13.33638,13.33933,0.00,0.00
2013.09.30 15:08:37.334,13.33612,13.33933,0.00,0.00
2013.09.30 15:08:41.405,13.33642,13.33938,0.00,0.00
2013.09.30 15:08:41.782,13.33622,13.33938,0.00,0.00
2013.09.30 15:08:41.904,13.33592,13.33913,0.00,0.00
2013.09.30 15:08:43.553,13.33592,13.33902,0.00,0.00
2013.09.30 15:08:43.738,13.33572,13.33893,0.00,0.00
2013.09.30 15:08:43.794,13.33581,13.33893,0.00,0.00
2013.09.30 15:08:44.110,13.33642,13.33927,0.00,0.00
2013.09.30 15:08:44.374,13.33622,13.33927,0.00,0.00
2013.09.30 15:08:46.014,13.33602,13.33923,0.00,0.00
2013.09.30 15:08:46.075,13.33602,13.33902,0.00,0.00
2013.09.30 15:08:46.134,13.33542,13.33863,0.00,0.00
2013.09.30 15:08:46.315,13.33542,13.33853,0.00,0.00
2013.09.30 15:08:46.654,13.33522,13.33843,0.00,0.00
2013.09.30 15:08:49.893,13.33522,13.33812,0.00,0.00
2013.09.30 15:08:50.014,13.33442,13.33763,0.00,0.00
2013.09.30 15:08:50.964,13.33492,13.33785,0.00,0.00
2013.09.30 15:08:51.024,13.33492,13.33808,0.00,0.00
2013.09.30 15:08:52.664,13.33472,13.33762,0.00,0.00
2013.09.30 15:08:52.784,13.33472,13.33775,0.00,0.00
2013.09.30 15:08:52.925,13.33442,13.33763,0.00,0.00
2013.09.30 15:08:53.044,13.33452,13.33768,0.00,0.00
2013.09.30 15:08:53.389,13.33442,13.33753,0.00,0.00
2013.09.30 15:08:54.015,13.33482,13.33774,0.00,0.00
2013.09.30 15:08:54.074,13.33482,13.33798,0.00,0.00
2013.09.30 15:08:54.694,13.33492,13.33808,0.00,0.00
2013.09.30 15:09:00.221,13.33542,13.33808,0.00,0.00
2013.09.30 15:09:02.105,13.33492,13.33772,0.00,0.00
2013.09.30 15:09:02.164,13.33464,13.33763,0.00,0.00
2013.09.30 15:09:02.224,13.33482,13.33763,0.00,0.00
2013.09.30 15:09:02.426,13.33442,13.33763,0.00,0.00
2013.09.30 15:09:03.261,13.33432,13.33753,0.00,0.00
2013.09.30 15:09:03.584,13.33452,13.33752,0.00,0.00
2013.09.30 15:09:04.936,13.33462,13.33752,0.00,0.00
2013.09.30 15:09:04.994,13.33462,13.33767,0.00,0.00
2013.09.30 15:09:05.234,13.33462,13.33778,0.00,0.00
2013.09.30 15:09:05.294,13.33492,13.338,0.00,0.00
2013.09.30 15:09:05.414,13.33512,13.33827,0.00,0.00
2013.09.30 15:09:06.936,13.33542,13.33827,0.00,0.00
2013.09.30 15:09:06.994,13.33542,13.33838,0.00,0.00
2013.09.30 15:09:07.464,13.33642,13.33925,0.00,0.00
2013.09.30 15:09:07.524,13.33642,13.33938,0.00,0.00
2013.09.30 15:09:07.602,13.33642,13.33912,0.00,0.00
2013.09.30 15:09:07.665,13.33622,13.33912,0.00,0.00
2013.09.30 15:09:07.724,13.33642,13.33937,0.00,0.00
2013.09.30 15:09:08.593,13.33642,13.33922,0.00,0.00
2013.09.30 15:09:08.655,13.33632,13.33922,0.00,0.00
2013.09.30 15:09:08.744,13.33612,13.33918,0.00,0.00
2013.09.30 15:09:08.805,13.33602,13.33918,0.00,0.00
2013.09.30 15:09:08.864,13.33602,13.33882,0.00,0.00
2013.09.30 15:09:08.954,13.33551,13.33843,0.00,0.00
2013.09.30 15:09:09.134,13.33522,13.33843,0.00,0.00
2013.09.30 15:09:09.807,13.33512,13.33833,0.00,0.00
2013.09.30 15:09:11.079,13.33502,13.33823,0.00,0.00
2013.09.30 15:09:11.511,13.33451,13.33763,0.00,0.00
2013.09.30 15:09:11.587,13.33442,13.33763,0.00,0.00
2013.09.30 15:09:12.525,13.33452,13.33768,0.00,0.00
2013.09.30 15:09:12.927,13.33442,13.33763,0.00,0.00
2013.09.30 15:09:14.575,13.33418,13.33723,0.00,0.00
2013.09.30 15:09:14.894,13.33402,13.33682,0.00,0.00
2013.09.30 15:09:15.825,13.33352,13.33673,0.00,0.00
2013.09.30 15:09:16.044,13.33332,13.33653,0.00,0.00
2013.09.30 15:09:16.514,13.33332,13.33612,0.00,0.00
2013.09.30 15:09:19.812,13.33332,13.33592,0.00,0.00
2013.09.30 15:09:21.683,13.33332,13.33607,0.00,0.00
2013.09.30 15:09:22.537,13.33311,13.33607,0.00,0.00
2013.09.30 15:09:22.594,13.33299,13.33607,0.00,0.00
2013.09.30 15:09:22.673,13.33299,13.33657,0.00,0.00
2013.09.30 15:09:22.734,13.33294,13.33657,0.00,0.00
2013.09.30 15:09:22.795,13.33342,13.33657,0.00,0.00
2013.09.30 15:09:22.855,13.33342,13.33657,0.00,0.00
2013.09.30 15:09:23.469,13.33342,13.33632,0.00,0.00
2013.09.30 15:09:28.612,13.33342,13.33658,0.00,0.00
2013.09.30 15:09:28.674,13.33352,13.33668,0.00,0.00
2013.09.30 15:09:29.794,13.33362,13.33678,0.00,0.00
2013.09.30 15:09:30.292,13.33372,13.33687,0.00,0.00
2013.09.30 15:09:30.595,13.33442,13.33717,0.00,0.00
2013.09.30 15:09:30.934,13.33482,13.33797,0.00,0.00
2013.09.30 15:09:34.875,13.33482,13.33798,0.00,0.00
2013.09.30 15:09:35.556,13.33542,13.33823,0.00,0.00
2013.09.30 15:09:35.676,13.33552,13.33841,0.00,0.00
2013.09.30 15:09:35.735,13.33552,13.33867,0.00,0.00
2013.09.30 15:09:35.969,13.33562,13.33867,0.00,0.00
2013.09.30 15:09:36.705,13.33572,13.33867,0.00,0.00
2013.09.30 15:09:38.437,13.33582,13.33867,0.00,0.00
2013.09.30 15:09:38.532,13.33582,13.33897,0.00,0.00
2013.09.30 15:09:39.055,13.33602,13.33897,0.00,0.00
2013.09.30 15:09:39.114,13.33602,13.33917,0.00,0.00
2013.09.30 15:09:39.174,13.33612,13.33917,0.00,0.00
2013.09.30 15:09:40.285,13.33602,13.33917,0.00,0.00
2013.09.30 15:09:40.344,13.33602,13.33892,0.00,0.00
2013.09.30 15:09:42.306,13.33575,13.33883,0.00,0.00
2013.09.30 15:09:42.475,13.33562,13.33883,0.00,0.00
2013.09.30 15:09:46.342,13.33562,13.33872,0.00,0.00
2013.09.30 15:09:52.673,13.33592,13.33872,0.00,0.00
2013.09.30 15:09:52.834,13.33622,13.339,0.00,0.00
2013.09.30 15:09:52.894,13.33642,13.33917,0.00,0.00
2013.09.30 15:09:54.592,13.33642,13.33937,0.00,0.00
2013.09.30 15:09:54.725,13.33652,13.33937,0.00,0.00
2013.09.30 15:09:55.584,13.33652,13.33957,0.00,0.00
2013.09.30 15:10:00.604,13.33662,13.33957,0.00,0.00
2013.09.30 15:10:05.840,13.33652,13.33957,0.00,0.00
2013.09.30 15:10:06.714,13.33652,13.33942,0.00,0.00
2013.09.30 15:10:09.209,13.33624,13.33903,0.00,0.00
2013.09.30 15:10:09.355,13.33582,13.33892,0.00,0.00
2013.09.30 15:10:09.414,13.33556,13.33853,0.00,0.00
2013.09.30 15:10:09.474,13.33542,13.33853,0.00,0.00
2013.09.30 15:10:10.555,13.33522,13.33822,0.00,0.00
2013.09.30 15:10:11.039,13.33542,13.33822,0.00,0.00
2013.09.30 15:10:13.122,13.33542,13.33792,0.00,0.00
2013.09.30 15:10:13.254,13.33516,13.33792,0.00,0.00
2013.09.30 15:10:13.315,13.33462,13.33783,0.00,0.00
2013.09.30 15:10:16.311,13.33462,13.33672,0.00,0.00
2013.09.30 15:10:16.425,13.33392,13.33672,0.00,0.00
2013.09.30 15:10:16.484,13.33364,13.33668,0.00,0.00
2013.09.30 15:10:16.544,13.33352,13.33668,0.00,0.00
2013.09.30 15:10:19.150,13.33352,13.33663,0.00,0.00
2013.09.30 15:10:19.861,13.33352,13.33652,0.00,0.00
2013.09.30 15:10:20.370,13.33352,13.33622,0.00,0.00
2013.09.30 15:10:26.321,13.33352,13.33647,0.00,0.00
2013.09.30 15:10:28.244,13.33352,13.33667,0.00,0.00
2013.09.30 15:10:33.007,13.33362,13.33667,0.00,0.00
2013.09.30 15:10:33.361,13.33362,13.33678,0.00,0.00
2013.09.30 15:10:33.415,13.33472,13.33785,0.00,0.00
2013.09.30 15:10:33.545,13.33472,13.33787,0.00,0.00
2013.09.30 15:10:33.664,13.33472,13.33763,0.00,0.00
2013.09.30 15:10:33.724,13.33462,13.33778,0.00,0.00
2013.09.30 15:10:33.926,13.33472,13.33787,0.00,0.00
2013.09.30 15:10:34.233,13.33482,13.33787,0.00,0.00
2013.09.30 15:10:35.012,13.33482,13.33692,0.00,0.00
2013.09.30 15:10:35.074,13.33472,13.33692,0.00,0.00
2013.09.30 15:10:35.299,13.33412,13.33692,0.00,0.00
2013.09.30 15:10:35.365,13.33396,13.33692,0.00,0.00
2013.09.30 15:10:35.425,13.33392,13.33692,0.00,0.00
2013.09.30 15:10:35.562,13.33392,13.33663,0.00,0.00
2013.09.30 15:10:35.665,13.33392,13.33687,0.00,0.00
2013.09.30 15:10:43.250,13.33382,13.33687,0.00,0.00
2013.09.30 15:10:44.231,13.33382,13.33663,0.00,0.00
2013.09.30 15:10:44.637,13.33382,13.33652,0.00,0.00
2013.09.30 15:10:44.701,13.33382,13.33658,0.00,0.00
2013.09.30 15:10:47.175,13.33392,13.33658,0.00,0.00
2013.09.30 15:10:47.432,13.33412,13.33697,0.00,0.00
2013.09.30 15:10:47.485,13.33412,13.33717,0.00,0.00
2013.09.30 15:10:47.546,13.33452,13.33717,0.00,0.00
2013.09.30 15:10:47.606,13.33452,13.33746,0.00,0.00
2013.09.30 15:10:47.792,13.33472,13.33746,0.00,0.00
2013.09.30 15:10:48.197,13.33482,13.33747,0.00,0.00
2013.09.30 15:10:49.465,13.33492,13.33747,0.00,0.00
2013.09.30 15:10:50.745,13.33492,13.33808,0.00,0.00
2013.09.30 15:10:51.109,13.33482,13.33803,0.00,0.00
2013.09.30 15:10:52.024,13.33492,13.33807,0.00,0.00
2013.09.30 15:10:52.443,13.33482,13.33782,0.00,0.00
2013.09.30 15:10:56.141,13.33482,13.33622,0.00,0.00
2013.09.30 15:10:56.245,13.33463,13.33622,0.00,0.00
2013.09.30 15:10:56.305,13.3345,13.33622,0.00,0.00
2013.09.30 15:10:56.365,13.3345,13.33737,0.00,0.00
2013.09.30 15:10:56.436,13.33422,13.33737,0.00,0.00
2013.09.30 15:10:56.495,13.33432,13.33737,0.00,0.00
2013.09.30 15:10:56.859,13.33452,13.33737,0.00,0.00
2013.09.30 15:10:57.174,13.33462,13.33737,0.00,0.00
2013.09.30 15:10:59.455,13.33452,13.33737,0.00,0.00
2013.09.30 15:11:01.927,13.33462,13.33737,0.00,0.00
2013.09.30 15:11:01.985,13.33462,13.33758,0.00,0.00
2013.09.30 15:11:05.730,13.33452,13.33758,0.00,0.00
2013.09.30 15:11:05.791,13.33452,13.33722,0.00,0.00
2013.09.30 15:11:07.001,13.33452,13.33612,0.00,0.00
2013.09.30 15:11:07.055,13.33419,13.33612,0.00,0.00
2013.09.30 15:11:07.115,13.33402,13.33612,0.00,0.00
2013.09.30 15:11:07.405,13.33342,13.33617,0.00,0.00
2013.09.30 15:11:08.370,13.33372,13.33617,0.00,0.00
2013.09.30 15:11:08.584,13.33372,13.33667,0.00,0.00
2013.09.30 15:11:08.995,13.33362,13.33667,0.00,0.00
2013.09.30 15:11:09.294,13.33372,13.33667,0.00,0.00
2013.09.30 15:11:10.631,13.33372,13.33687,0.00,0.00
2013.09.30 15:11:11.589,13.33348,13.33663,0.00,0.00
2013.09.30 15:11:11.947,13.33242,13.33603,0.00,0.00
2013.09.30 15:11:12.005,13.33272,13.33593,0.00,0.00
2013.09.30 15:11:12.265,13.33248,13.33608,0.00,0.00
2013.09.30 15:11:12.325,13.33242,13.33602,0.00,0.00
2013.09.30 15:11:12.457,13.33261,13.33617,0.00,0.00
2013.09.30 15:11:14.077,13.33272,13.33463,0.00,0.00
2013.09.30 15:11:14.194,13.33249,13.33463,0.00,0.00
2013.09.30 15:11:14.255,13.33202,13.33463,0.00,0.00
2013.09.30 15:11:14.315,13.33182,13.33463,0.00,0.00
2013.09.30 15:11:14.844,13.33182,13.33462,0.00,0.00
2013.09.30 15:11:15.154,13.33182,13.33442,0.00,0.00
2013.09.30 15:11:18.174,13.33151,13.33433,0.00,0.00
2013.09.30 15:11:18.276,13.33126,13.33433,0.00,0.00
2013.09.30 15:11:18.335,13.33126,13.33403,0.00,0.00
2013.09.30 15:11:18.395,13.33082,13.33403,0.00,0.00
2013.09.30 15:11:18.814,13.33055,13.33343,0.00,0.00
2013.09.30 15:11:18.994,13.32992,13.33308,0.00,0.00
2013.09.30 15:11:19.531,13.32992,13.33282,0.00,0.00
2013.09.30 15:11:20.850,13.32992,13.33308,0.00,0.00
2013.09.30 15:11:20.905,13.33042,13.33324,0.00,0.00
2013.09.30 15:11:21.084,13.33062,13.33367,0.00,0.00
2013.09.30 15:11:22.090,13.33072,13.33367,0.00,0.00
2013.09.30 15:11:22.616,13.33102,13.33367,0.00,0.00
2013.09.30 15:11:23.745,13.33162,13.33367,0.00,0.00
2013.09.30 15:11:23.816,13.33162,13.33407,0.00,0.00
2013.09.30 15:11:23.875,13.33172,13.33407,0.00,0.00
2013.09.30 15:11:25.584,13.33147,13.33252,0.00,0.00
2013.09.30 15:11:25.705,13.33083,13.33307,0.00,0.00
2013.09.30 15:11:25.765,13.33032,13.33307,0.00,0.00
2013.09.30 15:11:25.842,13.33062,13.33307,0.00,0.00
2013.09.30 15:11:26.025,13.33072,13.33337,0.00,0.00
2013.09.30 15:11:26.465,13.33046,13.33337,0.00,0.00
2013.09.30 15:11:26.625,13.33046,13.33312,0.00,0.00
2013.09.30 15:11:26.805,13.33062,13.33327,0.00,0.00
2013.09.30 15:11:27.011,13.33062,13.33282,0.00,0.00
2013.09.30 15:11:27.135,13.33072,13.33317,0.00,0.00
2013.09.30 15:11:27.195,13.33062,13.33317,0.00,0.00
2013.09.30 15:11:27.405,13.33052,13.33317,0.00,0.00
2013.09.30 15:11:27.501,13.33012,13.33317,0.00,0.00
2013.09.30 15:11:27.554,13.33024,13.33317,0.00,0.00
2013.09.30 15:11:27.726,13.32982,13.33282,0.00,0.00
2013.09.30 15:11:28.550,13.32982,13.33252,0.00,0.00
2013.09.30 15:11:28.904,13.33032,13.33252,0.00,0.00
2013.09.30 15:11:28.964,13.33022,13.33252,0.00,0.00
2013.09.30 15:11:29.854,13.33002,13.33252,0.00,0.00
2013.09.30 15:11:30.095,13.32972,13.33252,0.00,0.00
2013.09.30 15:11:30.365,13.32954,13.33233,0.00,0.00
2013.09.30 15:11:30.545,13.32864,13.33152,0.00,0.00
2013.09.30 15:11:30.664,13.32852,13.33152,0.00,0.00
2013.09.30 15:11:32.290,13.32852,13.33158,0.00,0.00
2013.09.30 15:11:32.404,13.32852,13.33167,0.00,0.00
2013.09.30 15:11:34.265,13.32842,13.33163,0.00,0.00
2013.09.30 15:11:34.358,13.32852,13.33167,0.00,0.00
2013.09.30 15:11:34.972,13.32842,13.33153,0.00,0.00
2013.09.30 15:11:35.615,13.32852,13.33168,0.00,0.00
2013.09.30 15:11:35.682,13.32832,13.33063,0.00,0.00
2013.09.30 15:11:35.804,13.32822,13.33138,0.00,0.00
2013.09.30 15:11:35.882,13.32852,13.33155,0.00,0.00
2013.09.30 15:11:36.224,13.32847,13.33157,0.00,0.00
2013.09.30 15:11:36.284,13.32847,13.33112,0.00,0.00
2013.09.30 15:11:36.345,13.32842,13.33112,0.00,0.00
2013.09.30 15:11:36.912,13.32862,13.33112,0.00,0.00
2013.09.30 15:11:36.975,13.32862,13.33127,0.00,0.00
2013.09.30 15:11:37.035,13.32882,13.33127,0.00,0.00
2013.09.30 15:11:37.094,13.32882,13.33167,0.00,0.00
2013.09.30 15:11:37.225,13.32892,13.33167,0.00,0.00
2013.09.30 15:11:37.528,13.32912,13.33167,0.00,0.00
2013.09.30 15:11:37.836,13.32942,13.33167,0.00,0.00
2013.09.30 15:11:39.160,13.32924,13.33167,0.00,0.00
2013.09.30 15:11:39.225,13.32912,13.33167,0.00,0.00
2013.09.30 15:11:39.946,13.32912,13.33034,0.00,0.00
2013.09.30 15:11:40.005,13.32702,13.3298,0.00,0.00
2013.09.30 15:11:40.124,13.32642,13.32902,0.00,0.00
2013.09.30 15:11:40.485,13.32692,13.32917,0.00,0.00
2013.09.30 15:11:40.545,13.32672,13.32917,0.00,0.00
2013.09.30 15:11:40.633,13.32682,13.32917,0.00,0.00
2013.09.30 15:11:40.695,13.32682,13.32977,0.00,0.00
2013.09.30 15:11:40.822,13.32716,13.32977,0.00,0.00
2013.09.30 15:11:41.158,13.32752,13.32977,0.00,0.00
2013.09.30 15:11:41.375,13.32592,13.32892,0.00,0.00
2013.09.30 15:11:41.459,13.3258,13.32883,0.00,0.00
2013.09.30 15:11:41.535,13.32569,13.32883,0.00,0.00
2013.09.30 15:11:41.594,13.32562,13.32883,0.00,0.00
2013.09.30 15:11:41.655,13.32562,13.32842,0.00,0.00
2013.09.30 15:11:42.597,13.32582,13.32842,0.00,0.00
2013.09.30 15:11:43.000,13.32559,13.32842,0.00,0.00
2013.09.30 15:11:43.066,13.32542,13.32842,0.00,0.00
2013.09.30 15:11:44.419,13.325,13.32838,0.00,0.00
2013.09.30 15:11:44.650,13.32612,13.32838,0.00,0.00
2013.09.30 15:11:44.726,13.32612,13.32859,0.00,0.00
2013.09.30 15:11:44.785,13.32583,13.32859,0.00,0.00
2013.09.30 15:11:44.845,13.32594,13.32954,0.00,0.00
2013.09.30 15:11:44.965,13.3265,13.32997,0.00,0.00
2013.09.30 15:11:46.012,13.32642,13.32933,0.00,0.00
2013.09.30 15:11:46.545,13.32642,13.32938,0.00,0.00
2013.09.30 15:11:46.736,13.32692,13.32963,0.00,0.00
2013.09.30 15:11:46.795,13.32672,13.32963,0.00,0.00
2013.09.30 15:11:46.856,13.32672,13.32986,0.00,0.00
2013.09.30 15:11:46.915,13.32672,13.32988,0.00,0.00
2013.09.30 15:11:49.236,13.32652,13.32973,0.00,0.00
2013.09.30 15:11:49.648,13.32642,13.32963,0.00,0.00
2013.09.30 15:11:51.900,13.32642,13.32943,0.00,0.00
2013.09.30 15:11:52.545,13.32642,13.32933,0.00,0.00
2013.09.30 15:11:52.929,13.32662,13.32951,0.00,0.00
2013.09.30 15:11:52.984,13.32662,13.32964,0.00,0.00
2013.09.30 15:11:53.045,13.32702,13.32964,0.00,0.00
2013.09.30 15:11:53.195,13.32712,13.33007,0.00,0.00
2013.09.30 15:11:53.846,13.32693,13.32963,0.00,0.00
2013.09.30 15:11:54.235,13.32672,13.32892,0.00,0.00
2013.09.30 15:11:54.294,13.32662,13.32892,0.00,0.00
2013.09.30 15:11:54.795,13.32652,13.32892,0.00,0.00
2013.09.30 15:11:56.114,13.32642,13.32862,0.00,0.00
2013.09.30 15:11:59.539,13.32614,13.32858,0.00,0.00
2013.09.30 15:11:59.655,13.32587,13.32858,0.00,0.00
2013.09.30 15:11:59.800,13.32587,13.32832,0.00,0.00
2013.09.30 15:11:59.914,13.32542,13.32832,0.00,0.00
2013.09.30 15:11:59.974,13.32475,13.32828,0.00,0.00
2013.09.30 15:12:00.065,13.32512,13.32828,0.00,0.00
2013.09.30 15:12:00.245,13.32512,13.32782,0.00,0.00
2013.09.30 15:12:00.405,13.32432,13.32778,0.00,0.00
2013.09.30 15:12:01.822,13.32444,13.32778,0.00,0.00
2013.09.30 15:12:02.046,13.32442,13.32778,0.00,0.00
2013.09.30 15:12:03.135,13.32442,13.32762,0.00,0.00
2013.09.30 15:12:03.707,13.32431,13.32733,0.00,0.00
2013.09.30 15:12:04.044,13.32431,13.32702,0.00,0.00
2013.09.30 15:12:04.136,13.32412,13.32702,0.00,0.00
2013.09.30 15:12:04.310,13.32412,13.32592,0.00,0.00
2013.09.30 15:12:04.484,13.3218,13.32463,0.00,0.00
2013.09.30 15:12:04.545,13.32172,13.32412,0.00,0.00
2013.09.30 15:12:04.695,13.32122,13.32412,0.00,0.00
2013.09.30 15:12:04.789,13.32112,13.32412,0.00,0.00
2013.09.30 15:12:04.899,13.32092,13.32408,0.00,0.00
2013.09.30 15:12:04.965,13.32092,13.32404,0.00,0.00
2013.09.30 15:12:05.084,13.32092,13.32407,0.00,0.00
2013.09.30 15:12:05.190,13.32092,13.32382,0.00,0.00
2013.09.30 15:12:05.245,13.32082,13.32382,0.00,0.00
2013.09.30 15:12:06.128,13.32062,13.32378,0.00,0.00
2013.09.30 15:12:06.186,13.32052,13.32373,0.00,0.00
2013.09.30 15:12:06.652,13.32062,13.32377,0.00,0.00
2013.09.30 15:12:09.819,13.32052,13.32373,0.00,0.00
2013.09.30 15:12:09.920,13.32052,13.32352,0.00,0.00
2013.09.30 15:12:10.245,13.31982,13.32272,0.00,0.00
2013.09.30 15:12:11.704,13.31972,13.32272,0.00,0.00
2013.09.30 15:12:13.304,13.31982,13.32272,0.00,0.00
2013.09.30 15:12:13.455,13.32042,13.32358,0.00,0.00
2013.09.30 15:12:13.515,13.32072,13.32358,0.00,0.00
2013.09.30 15:12:13.846,13.32165,13.32387,0.00,0.00
2013.09.30 15:12:13.905,13.32165,13.32418,0.00,0.00
2013.09.30 15:12:13.964,13.32242,13.32467,0.00,0.00
2013.09.30 15:12:14.275,13.32272,13.32487,0.00,0.00
2013.09.30 15:12:14.746,13.32282,13.32487,0.00,0.00
2013.09.30 15:12:16.300,13.32282,13.32547,0.00,0.00
2013.09.30 15:12:16.485,13.32292,13.32547,0.00,0.00
2013.09.30 15:12:16.545,13.32292,13.32567,0.00,0.00
2013.09.30 15:12:16.935,13.32302,13.32567,0.00,0.00
2013.09.30 15:12:17.325,13.32277,13.32522,0.00,0.00
2013.09.30 15:12:17.384,13.32272,13.32522,0.00,0.00
2013.09.30 15:12:17.445,13.32224,13.32482,0.00,0.00
2013.09.30 15:12:17.505,13.32212,13.32468,0.00,0.00
2013.09.30 15:12:17.586,13.32212,13.32477,0.00,0.00
2013.09.30 15:12:17.755,13.32183,13.32443,0.00,0.00
2013.09.30 15:12:18.108,13.32053,13.32253,0.00,0.00
2013.09.30 15:12:18.312,13.32072,13.32276,0.00,0.00
2013.09.30 15:12:18.364,13.32053,13.32308,0.00,0.00
2013.09.30 15:12:18.426,13.32053,13.32328,0.00,0.00
2013.09.30 15:12:18.495,13.32042,13.32328,0.00,0.00
2013.09.30 15:12:18.555,13.32042,13.32293,0.00,0.00
2013.09.30 15:12:19.035,13.32042,13.32243,0.00,0.00
2013.09.30 15:12:19.155,13.32072,13.32379,0.00,0.00
2013.09.30 15:12:19.275,13.32072,13.32382,0.00,0.00
2013.09.30 15:12:19.335,13.32043,13.32343,0.00,0.00
2013.09.30 15:12:19.845,13.32043,13.32323,0.00,0.00
2013.09.30 15:12:20.156,13.32043,13.32223,0.00,0.00
2013.09.30 15:12:20.285,13.31896,13.32193,0.00,0.00
2013.09.30 15:12:20.344,13.31872,13.32193,0.00,0.00
2013.09.30 15:12:20.404,13.31872,13.32156,0.00,0.00
2013.09.30 15:12:20.725,13.31842,13.32073,0.00,0.00
2013.09.30 15:12:21.088,13.31842,13.32094,0.00,0.00
2013.09.30 15:12:21.166,13.31842,13.32105,0.00,0.00
2013.09.30 15:12:21.285,13.31893,13.32105,0.00,0.00
2013.09.30 15:12:21.345,13.31893,13.32148,0.00,0.00
2013.09.30 15:12:21.405,13.31942,13.32188,0.00,0.00
2013.09.30 15:12:21.497,13.31972,13.3222,0.00,0.00
2013.09.30 15:12:21.597,13.32072,13.3222,0.00,0.00
2013.09.30 15:12:21.655,13.32072,13.32287,0.00,0.00
2013.09.30 15:12:21.714,13.32092,13.32287,0.00,0.00
2013.09.30 15:12:22.016,13.32112,13.32317,0.00,0.00
2013.09.30 15:12:22.135,13.32122,13.32317,0.00,0.00
2013.09.30 15:12:23.010,13.32122,13.32337,0.00,0.00
2013.09.30 15:12:23.258,13.32102,13.32337,0.00,0.00
2013.09.30 15:12:23.449,13.32102,13.32312,0.00,0.00
2013.09.30 15:12:24.418,13.32092,13.32312,0.00,0.00
2013.09.30 15:12:24.814,13.32112,13.32312,0.00,0.00
2013.09.30 15:12:25.320,13.32102,13.32312,0.00,0.00
2013.09.30 15:12:25.485,13.32102,13.32347,0.00,0.00
2013.09.30 15:12:26.090,13.32102,13.32358,0.00,0.00
2013.09.30 15:12:26.151,13.32132,13.32367,0.00,0.00
2013.09.30 15:12:26.500,13.32152,13.32367,0.00,0.00
2013.09.30 15:12:27.204,13.32162,13.32367,0.00,0.00
2013.09.30 15:12:28.435,13.32162,13.32363,0.00,0.00
2013.09.30 15:12:28.625,13.32082,13.32332,0.00,0.00
2013.09.30 15:12:29.059,13.32082,13.32302,0.00,0.00
2013.09.30 15:12:29.205,13.32052,13.32302,0.00,0.00
2013.09.30 15:12:29.358,13.32072,13.32302,0.00,0.00
2013.09.30 15:12:29.545,13.32072,13.32317,0.00,0.00
2013.09.30 15:12:30.188,13.32062,13.32317,0.00,0.00
2013.09.30 15:12:30.403,13.32072,13.32317,0.00,0.00
2013.09.30 15:12:31.425,13.32102,13.32317,0.00,0.00
2013.09.30 15:12:31.485,13.32102,13.32347,0.00,0.00
2013.09.30 15:12:31.645,13.32152,13.32347,0.00,0.00
2013.09.30 15:12:32.430,13.3214,13.32347,0.00,0.00
2013.09.30 15:12:32.489,13.32102,13.32347,0.00,0.00
2013.09.30 15:12:32.545,13.32072,13.32347,0.00,0.00
2013.09.30 15:12:32.665,13.32092,13.32347,0.00,0.00
2013.09.30 15:12:32.724,13.32092,13.32397,0.00,0.00
2013.09.30 15:12:32.909,13.32092,13.32408,0.00,0.00
2013.09.30 15:12:32.965,13.32192,13.32447,0.00,0.00
2013.09.30 15:12:33.459,13.32202,13.32447,0.00,0.00
2013.09.30 15:12:34.479,13.32192,13.32447,0.00,0.00
2013.09.30 15:12:34.559,13.32192,13.32362,0.00,0.00
2013.09.30 15:12:34.615,13.32177,13.32362,0.00,0.00
2013.09.30 15:12:34.675,13.32092,13.32362,0.00,0.00
2013.09.30 15:12:34.795,13.32052,13.32362,0.00,0.00
2013.09.30 15:12:35.565,13.32052,13.32332,0.00,0.00
2013.09.30 15:12:35.917,13.32062,13.32332,0.00,0.00
2013.09.30 15:12:36.654,13.3176,13.32168,0.00,0.00
2013.09.30 15:12:36.835,13.31727,13.31963,0.00,0.00
2013.09.30 15:12:36.895,13.31712,13.31963,0.00,0.00
2013.09.30 15:12:37.075,13.31692,13.31863,0.00,0.00
2013.09.30 15:12:37.195,13.31627,13.31863,0.00,0.00
2013.09.30 15:12:37.255,13.31612,13.31863,0.00,0.00
2013.09.30 15:12:37.315,13.31592,13.31763,0.00,0.00
2013.09.30 15:12:37.377,13.31555,13.31763,0.00,0.00
2013.09.30 15:12:37.555,13.31482,13.31763,0.00,0.00
2013.09.30 15:12:37.825,13.31472,13.31763,0.00,0.00
2013.09.30 15:12:38.194,13.31482,13.31763,0.00,0.00
2013.09.30 15:12:38.335,13.31542,13.31827,0.00,0.00
2013.09.30 15:12:38.425,13.31542,13.31847,0.00,0.00
2013.09.30 15:12:38.545,13.31552,13.31847,0.00,0.00
2013.09.30 15:12:38.885,13.31534,13.31763,0.00,0.00
2013.09.30 15:12:38.944,13.31502,13.31763,0.00,0.00
2013.09.30 15:12:39.065,13.31492,13.31763,0.00,0.00
2013.09.30 15:12:39.745,13.31542,13.31807,0.00,0.00
2013.09.30 15:12:39.805,13.31542,13.31857,0.00,0.00
2013.09.30 15:12:39.965,13.31552,13.31857,0.00,0.00
2013.09.30 15:12:42.836,13.31516,13.31763,0.00,0.00
2013.09.30 15:12:42.996,13.31502,13.31763,0.00,0.00
2013.09.30 15:12:43.055,13.31472,13.31763,0.00,0.00
2013.09.30 15:12:43.730,13.31482,13.31798,0.00,0.00
2013.09.30 15:12:43.786,13.31482,13.31763,0.00,0.00
2013.09.30 15:12:44.115,13.31462,13.31763,0.00,0.00
2013.09.30 15:12:44.235,13.31452,13.31763,0.00,0.00
2013.09.30 15:12:45.855,13.31462,13.31763,0.00,0.00
2013.09.30 15:12:45.975,13.31452,13.31768,0.00,0.00
2013.09.30 15:12:46.095,13.31462,13.31778,0.00,0.00
2013.09.30 15:12:46.467,13.31462,13.31763,0.00,0.00
2013.09.30 15:12:47.186,13.31503,13.31763,0.00,0.00
2013.09.30 15:12:47.245,13.31542,13.31847,0.00,0.00
2013.09.30 15:12:47.365,13.31552,13.31847,0.00,0.00
2013.09.30 15:12:48.439,13.31552,13.31858,0.00,0.00
2013.09.30 15:12:50.199,13.31552,13.31792,0.00,0.00
2013.09.30 15:12:50.255,13.31518,13.31763,0.00,0.00
2013.09.30 15:12:50.315,13.31502,13.31763,0.00,0.00
2013.09.30 15:12:50.374,13.31487,13.31763,0.00,0.00
2013.09.30 15:12:50.434,13.31482,13.31763,0.00,0.00
2013.09.30 15:12:51.265,13.31472,13.31763,0.00,0.00
2013.09.30 15:12:51.729,13.31502,13.31787,0.00,0.00
2013.09.30 15:12:52.065,13.31562,13.31847,0.00,0.00
2013.09.30 15:12:52.125,13.31562,13.31878,0.00,0.00
2013.09.30 15:12:52.185,13.31572,13.31888,0.00,0.00
2013.09.30 15:12:52.509,13.31602,13.31917,0.00,0.00
2013.09.30 15:12:53.034,13.31652,13.31937,0.00,0.00
2013.09.30 15:12:53.690,13.31662,13.31937,0.00,0.00
2013.09.30 15:12:53.975,13.31662,13.31958,0.00,0.00
2013.09.30 15:12:55.955,13.31682,13.31958,0.00,0.00
2013.09.30 15:12:56.266,13.31712,13.31958,0.00,0.00
2013.09.30 15:12:56.569,13.31722,13.31987,0.00,0.00
2013.09.30 15:12:56.625,13.31722,13.32038,0.00,0.00
2013.09.30 15:12:56.685,13.31782,13.32056,0.00,0.00
2013.09.30 15:12:56.745,13.31782,13.32097,0.00,0.00
2013.09.30 15:12:56.805,13.31792,13.32097,0.00,0.00
2013.09.30 15:12:57.212,13.31782,13.32063,0.00,0.00
2013.09.30 15:12:58.426,13.31792,13.32063,0.00,0.00
2013.09.30 15:12:59.035,13.31772,13.32063,0.00,0.00
2013.09.30 15:12:59.965,13.31762,13.32063,0.00,0.00
2013.09.30 15:13:00.935,13.31782,13.32063,0.00,0.00
2013.09.30 15:13:01.445,13.31782,13.32052,0.00,0.00
2013.09.30 15:13:02.094,13.31772,13.32052,0.00,0.00
2013.09.30 15:13:02.355,13.31752,13.32052,0.00,0.00
2013.09.30 15:13:02.415,13.31752,13.31972,0.00,0.00
2013.09.30 15:13:02.501,13.31722,13.31972,0.00,0.00
2013.09.30 15:13:02.806,13.31712,13.31972,0.00,0.00
2013.09.30 15:13:03.289,13.31712,13.32027,0.00,0.00
2013.09.30 15:13:03.345,13.31722,13.32027,0.00,0.00
2013.09.30 15:13:03.705,13.31762,13.32057,0.00,0.00
2013.09.30 15:13:04.390,13.31762,13.32052,0.00,0.00
2013.09.30 15:13:04.456,13.31742,13.32052,0.00,0.00
2013.09.30 15:13:04.585,13.31762,13.32052,0.00,0.00
2013.09.30 15:13:04.925,13.31772,13.32052,0.00,0.00
2013.09.30 15:13:05.269,13.31772,13.32058,0.00,0.00
2013.09.30 15:13:05.405,13.31762,13.32058,0.00,0.00
2013.09.30 15:13:05.486,13.31772,13.32058,0.00,0.00
2013.09.30 15:13:05.845,13.31699,13.31863,0.00,0.00
2013.09.30 15:13:05.965,13.31627,13.31863,0.00,0.00
2013.09.30 15:13:06.025,13.31553,13.31863,0.00,0.00
2013.09.30 15:13:06.085,13.31542,13.31863,0.00,0.00
2013.09.30 15:13:06.265,13.31542,13.31854,0.00,0.00
2013.09.30 15:13:06.625,13.31542,13.31843,0.00,0.00
2013.09.30 15:13:06.701,13.31562,13.31871,0.00,0.00
2013.09.30 15:13:06.755,13.31622,13.31938,0.00,0.00
2013.09.30 15:13:06.815,13.31632,13.31947,0.00,0.00
2013.09.30 15:13:07.446,13.31622,13.31943,0.00,0.00
2013.09.30 15:13:09.425,13.31632,13.31948,0.00,0.00
2013.09.30 15:13:11.899,13.31632,13.31948,0.00,0.00
2013.09.30 15:13:18.976,13.31622,13.31943,0.00,0.00
2013.09.30 15:13:20.039,13.31622,13.31922,0.00,0.00
2013.09.30 15:13:20.215,13.31542,13.31863,0.00,0.00
2013.09.30 15:13:20.807,13.31542,13.31853,0.00,0.00
2013.09.30 15:13:21.965,13.31542,13.31843,0.00,0.00
2013.09.30 15:13:25.848,13.31499,13.31763,0.00,0.00
2013.09.30 15:13:25.965,13.31488,13.31763,0.00,0.00
2013.09.30 15:13:26.037,13.31482,13.31763,0.00,0.00
2013.09.30 15:13:26.095,13.3146,13.31763,0.00,0.00
2013.09.30 15:13:26.155,13.31442,13.31763,0.00,0.00
2013.09.30 15:13:26.257,13.31433,13.31663,0.00,0.00
2013.09.30 15:13:26.375,13.31419,13.31653,0.00,0.00
2013.09.30 15:13:26.435,13.31357,13.31653,0.00,0.00
2013.09.30 15:13:26.495,13.31342,13.31653,0.00,0.00
2013.09.30 15:13:29.846,13.31352,13.31668,0.00,0.00
2013.09.30 15:13:30.025,13.31383,13.31668,0.00,0.00
2013.09.30 15:13:30.084,13.31422,13.31738,0.00,0.00
2013.09.30 15:13:30.259,13.31412,13.31733,0.00,0.00
2013.09.30 15:13:30.975,13.31382,13.31703,0.00,0.00
2013.09.30 15:13:31.685,13.31392,13.31708,0.00,0.00
2013.09.30 15:13:32.400,13.31412,13.31728,0.00,0.00
2013.09.30 15:13:33.700,13.31422,13.31738,0.00,0.00
2013.09.30 15:13:34.011,13.31412,13.31733,0.00,0.00
2013.09.30 15:13:35.753,13.31382,13.31663,0.00,0.00
2013.09.30 15:13:35.935,13.31359,13.31663,0.00,0.00
2013.09.30 15:13:35.996,13.31342,13.31663,0.00,0.00
2013.09.30 15:13:36.061,13.31352,13.31668,0.00,0.00
2013.09.30 15:13:36.495,13.31372,13.31688,0.00,0.00
2013.09.30 15:13:37.289,13.31462,13.31737,0.00,0.00
2013.09.30 15:13:38.025,13.31472,13.31737,0.00,0.00
2013.09.30 15:13:38.189,13.31472,13.31758,0.00,0.00
2013.09.30 15:13:38.365,13.31542,13.31814,0.00,0.00
2013.09.30 15:13:38.424,13.31542,13.31858,0.00,0.00
2013.09.30 15:13:38.485,13.31544,13.31858,0.00,0.00
2013.09.30 15:13:38.848,13.31572,13.31858,0.00,0.00
2013.09.30 15:13:42.175,13.31562,13.31858,0.00,0.00
2013.09.30 15:13:42.395,13.31543,13.31763,0.00,0.00
2013.09.30 15:13:42.454,13.31507,13.31763,0.00,0.00
2013.09.30 15:13:42.575,13.31482,13.31763,0.00,0.00
2013.09.30 15:13:42.808,13.31482,13.31742,0.00,0.00
2013.09.30 15:13:43.005,13.31472,13.31742,0.00,0.00
2013.09.30 15:13:44.349,13.31472,13.31712,0.00,0.00
2013.09.30 15:13:44.984,13.31382,13.31663,0.00,0.00
2013.09.30 15:13:46.092,13.31372,13.31663,0.00,0.00
2013.09.30 15:13:46.215,13.31345,13.31463,0.00,0.00
2013.09.30 15:13:46.275,13.31242,13.31463,0.00,0.00
2013.09.30 15:13:46.335,13.31224,13.31363,0.00,0.00
2013.09.30 15:13:46.395,13.31092,13.31302,0.00,0.00
2013.09.30 15:13:46.455,13.30992,13.31263,0.00,0.00
2013.09.30 15:13:46.517,13.30992,13.31172,0.00,0.00
2013.09.30 15:13:46.586,13.30965,13.31163,0.00,0.00
2013.09.30 15:13:46.673,13.30532,13.3105,0.00,0.00
2013.09.30 15:13:46.796,13.30592,13.30722,0.00,0.00
2013.09.30 15:13:46.896,13.30578,13.30758,0.00,0.00
2013.09.30 15:13:47.066,13.30522,13.30758,0.00,0.00
2013.09.30 15:13:47.125,13.30437,13.30758,0.00,0.00
2013.09.30 15:13:47.186,13.30431,13.30758,0.00,0.00
2013.09.30 15:13:47.245,13.30431,13.30693,0.00,0.00
2013.09.30 15:13:47.305,13.30372,13.30693,0.00,0.00
2013.09.30 15:13:47.555,13.30382,13.30698,0.00,0.00
2013.09.30 15:13:48.311,13.30392,13.30663,0.00,0.00
2013.09.30 15:13:48.425,13.30462,13.30748,0.00,0.00
2013.09.30 15:13:48.486,13.30462,13.30757,0.00,0.00
2013.09.30 15:13:48.547,13.30466,13.30757,0.00,0.00
2013.09.30 15:13:48.725,13.30492,13.30808,0.00,0.00
2013.09.30 15:13:48.785,13.30542,13.30853,0.00,0.00
2013.09.30 15:13:49.095,13.30592,13.30857,0.00,0.00
2013.09.30 15:13:49.436,13.30612,13.30857,0.00,0.00
2013.09.30 15:13:49.555,13.30692,13.30958,0.00,0.00
2013.09.30 15:13:49.696,13.30692,13.31008,0.00,0.00
2013.09.30 15:13:50.058,13.30742,13.31027,0.00,0.00
2013.09.30 15:13:50.415,13.30792,13.30992,0.00,0.00
2013.09.30 15:13:50.665,13.30539,13.30763,0.00,0.00
2013.09.30 15:13:50.726,13.30572,13.30763,0.00,0.00
2013.09.30 15:13:50.905,13.30653,13.30858,0.00,0.00
2013.09.30 15:13:50.965,13.30632,13.30858,0.00,0.00
2013.09.30 15:13:51.025,13.30632,13.30832,0.00,0.00
2013.09.30 15:13:51.205,13.30632,13.30857,0.00,0.00
2013.09.30 15:13:51.365,13.30642,13.30857,0.00,0.00
2013.09.30 15:13:51.821,13.30632,13.30857,0.00,0.00
2013.09.30 15:13:51.875,13.30612,13.30857,0.00,0.00
2013.09.30 15:13:52.350,13.30602,13.30857,0.00,0.00
2013.09.30 15:13:52.516,13.30602,13.30762,0.00,0.00
2013.09.30 15:13:52.575,13.30545,13.30758,0.00,0.00
2013.09.30 15:13:52.635,13.30532,13.30758,0.00,0.00
2013.09.30 15:13:52.752,13.30522,13.30758,0.00,0.00
2013.09.30 15:13:53.064,13.30512,13.30758,0.00,0.00
2013.09.30 15:13:53.125,13.30512,13.30732,0.00,0.00
2013.09.30 15:13:53.185,13.30492,13.30732,0.00,0.00
2013.09.30 15:13:54.595,13.30472,13.30732,0.00,0.00
2013.09.30 15:13:54.775,13.30492,13.30732,0.00,0.00
2013.09.30 15:13:54.868,13.30492,13.30807,0.00,0.00
2013.09.30 15:13:55.748,13.30492,13.30772,0.00,0.00
2013.09.30 15:13:55.805,13.30472,13.30763,0.00,0.00
2013.09.30 15:13:55.886,13.30462,13.30763,0.00,0.00
2013.09.30 15:13:56.245,13.30482,13.30763,0.00,0.00
2013.09.30 15:13:56.955,13.30492,13.30767,0.00,0.00
2013.09.30 15:13:57.106,13.30482,13.30767,0.00,0.00
2013.09.30 15:13:57.206,13.30472,13.30767,0.00,0.00
2013.09.30 15:13:57.985,13.30472,13.30788,0.00,0.00
2013.09.30 15:13:58.265,13.30482,13.30797,0.00,0.00
2013.09.30 15:13:58.446,13.30532,13.30848,0.00,0.00
2013.09.30 15:13:58.565,13.30542,13.30858,0.00,0.00
2013.09.30 15:14:00.259,13.30553,13.30858,0.00,0.00
2013.09.30 15:14:00.593,13.30662,13.30977,0.00,0.00
2013.09.30 15:14:00.715,13.30742,13.30922,0.00,0.00
2013.09.30 15:14:00.835,13.30752,13.31017,0.00,0.00
2013.09.30 15:14:00.895,13.30752,13.31068,0.00,0.00
2013.09.30 15:14:01.015,13.30732,13.31053,0.00,0.00
2013.09.30 15:14:01.335,13.30722,13.31043,0.00,0.00
2013.09.30 15:14:01.718,13.30712,13.31028,0.00,0.00
2013.09.30 15:14:01.917,13.30722,13.31038,0.00,0.00
2013.09.30 15:14:02.035,13.30732,13.31047,0.00,0.00
2013.09.30 15:14:02.385,13.30732,13.31032,0.00,0.00
2013.09.30 15:14:02.745,13.30722,13.31032,0.00,0.00
2013.09.30 15:14:02.838,13.30708,13.31023,0.00,0.00
2013.09.30 15:14:02.898,13.30708,13.31012,0.00,0.00
2013.09.30 15:14:03.015,13.30708,13.31018,0.00,0.00
2013.09.30 15:14:03.155,13.30702,13.31018,0.00,0.00
2013.09.30 15:14:03.505,13.30712,13.31027,0.00,0.00
2013.09.30 15:14:04.067,13.30702,13.31023,0.00,0.00
2013.09.30 15:14:04.125,13.30702,13.30996,0.00,0.00
2013.09.30 15:14:04.199,13.30702,13.31018,0.00,0.00
2013.09.30 15:14:04.385,13.30692,13.31013,0.00,0.00
2013.09.30 15:14:04.765,13.30652,13.30968,0.00,0.00
2013.09.30 15:14:05.208,13.30742,13.31048,0.00,0.00
2013.09.30 15:14:05.265,13.30742,13.31058,0.00,0.00
2013.09.30 15:14:05.624,13.30762,13.31075,0.00,0.00
2013.09.30 15:14:05.745,13.30762,13.31078,0.00,0.00
2013.09.30 15:14:06.265,13.30752,13.31063,0.00,0.00
2013.09.30 15:14:06.652,13.30762,13.31078,0.00,0.00
2013.09.30 15:14:07.305,13.30802,13.31115,0.00,0.00
2013.09.30 15:14:07.365,13.30802,13.31118,0.00,0.00
2013.09.30 15:14:07.425,13.30822,13.31138,0.00,0.00
2013.09.30 15:14:10.024,13.30832,13.31148,0.00,0.00
2013.09.30 15:14:11.679,13.30812,13.31133,0.00,0.00
2013.09.30 15:14:12.035,13.30822,13.31138,0.00,0.00
2013.09.30 15:14:12.345,13.30842,13.31138,0.00,0.00
2013.09.30 15:14:13.554,13.30842,13.31133,0.00,0.00
2013.09.30 15:14:13.775,13.30892,13.31206,0.00,0.00
2013.09.30 15:14:13.845,13.30892,13.31208,0.00,0.00
2013.09.30 15:14:13.905,13.30902,13.31218,0.00,0.00
2013.09.30 15:14:17.939,13.30892,13.31163,0.00,0.00
2013.09.30 15:14:18.055,13.30884,13.31163,0.00,0.00
2013.09.30 15:14:18.115,13.30872,13.31163,0.00,0.00
2013.09.30 15:14:18.175,13.30854,13.31143,0.00,0.00
2013.09.30 15:14:18.295,13.30842,13.31143,0.00,0.00
2013.09.30 15:14:21.255,13.30852,13.31155,0.00,0.00
2013.09.30 15:14:21.315,13.30852,13.31168,0.00,0.00
2013.09.30 15:14:21.375,13.30872,13.31188,0.00,0.00
2013.09.30 15:14:22.286,13.30882,13.31198,0.00,0.00
2013.09.30 15:14:23.104,13.30892,13.31208,0.00,0.00
2013.09.30 15:14:24.658,13.30902,13.31217,0.00,0.00
2013.09.30 15:14:25.573,13.30902,13.31218,0.00,0.00
2013.09.30 15:14:29.320,13.30892,13.31213,0.00,0.00
2013.09.30 15:14:30.026,13.30892,13.31196,0.00,0.00
2013.09.30 15:14:30.155,13.30842,13.31152,0.00,0.00
2013.09.30 15:14:30.482,13.30852,13.31152,0.00,0.00
2013.09.30 15:14:30.628,13.30852,13.31158,0.00,0.00
2013.09.30 15:14:30.685,13.30872,13.31188,0.00,0.00
2013.09.30 15:14:31.083,13.30862,13.31183,0.00,0.00
2013.09.30 15:14:32.755,13.30872,13.31188,0.00,0.00
2013.09.30 15:14:33.118,13.30882,13.31198,0.00,0.00
2013.09.30 15:14:34.722,13.30892,13.31208,0.00,0.00
2013.09.30 15:14:35.065,13.30882,13.31203,0.00,0.00
2013.09.30 15:14:36.348,13.30882,13.31132,0.00,0.00
2013.09.30 15:14:36.479,13.30842,13.31132,0.00,0.00
2013.09.30 15:14:36.792,13.30852,13.31132,0.00,0.00
2013.09.30 15:14:37.225,13.30823,13.31033,0.00,0.00
2013.09.30 15:14:37.326,13.30712,13.31033,0.00,0.00
2013.09.30 15:14:37.447,13.30643,13.30953,0.00,0.00
2013.09.30 15:14:37.505,13.30632,13.30953,0.00,0.00
2013.09.30 15:14:37.569,13.30652,13.30958,0.00,0.00
2013.09.30 15:14:37.825,13.30622,13.30943,0.00,0.00
2013.09.30 15:14:37.885,13.30602,13.30923,0.00,0.00
2013.09.30 15:14:38.250,13.30582,13.309,0.00,0.00
2013.09.30 15:14:38.553,13.30572,13.30893,0.00,0.00
2013.09.30 15:14:38.885,13.30553,13.30853,0.00,0.00
2013.09.30 15:14:38.977,13.30542,13.30853,0.00,0.00
2013.09.30 15:14:40.544,13.30542,13.30858,0.00,0.00
2013.09.30 15:14:41.326,13.30602,13.30896,0.00,0.00
2013.09.30 15:14:41.906,13.30582,13.30897,0.00,0.00
2013.09.30 15:14:41.965,13.30572,13.30893,0.00,0.00
2013.09.30 15:14:42.325,13.30582,13.30897,0.00,0.00
2013.09.30 15:14:44.198,13.3056,13.30863,0.00,0.00
2013.09.30 15:14:44.255,13.30544,13.30863,0.00,0.00
2013.09.30 15:14:44.315,13.30542,13.30853,0.00,0.00
2013.09.30 15:14:45.109,13.30542,13.30858,0.00,0.00
2013.09.30 15:14:45.225,13.30542,13.30853,0.00,0.00
2013.09.30 15:14:45.285,13.30542,13.30858,0.00,0.00
2013.09.30 15:14:46.345,13.30542,13.30853,0.00,0.00
2013.09.30 15:14:46.525,13.30572,13.30888,0.00,0.00
2013.09.30 15:14:47.097,13.30582,13.30898,0.00,0.00
2013.09.30 15:14:49.215,13.30652,13.30916,0.00,0.00
2013.09.30 15:14:49.275,13.30652,13.30963,0.00,0.00
2013.09.30 15:14:49.335,13.30662,13.30963,0.00,0.00
2013.09.30 15:14:49.395,13.30662,13.30978,0.00,0.00
2013.09.30 15:14:50.553,13.30647,13.30943,0.00,0.00
2013.09.30 15:14:50.655,13.30622,13.30931,0.00,0.00
2013.09.30 15:14:50.753,13.30602,13.30923,0.00,0.00
2013.09.30 15:14:51.068,13.30582,13.30903,0.00,0.00
2013.09.30 15:14:51.375,13.30572,13.30893,0.00,0.00
2013.09.30 15:14:51.987,13.30562,13.30883,0.00,0.00
2013.09.30 15:14:53.745,13.30562,13.30871,0.00,0.00
2013.09.30 15:14:53.925,13.30512,13.30828,0.00,0.00
2013.09.30 15:14:53.985,13.30512,13.30828,0.00,0.00
2013.09.30 15:14:54.045,13.30492,13.30813,0.00,0.00
2013.09.30 15:14:54.453,13.30482,13.30803,0.00,0.00
2013.09.30 15:14:54.766,13.30542,13.30808,0.00,0.00
2013.09.30 15:14:54.825,13.30542,13.30831,0.00,0.00
2013.09.30 15:14:54.885,13.30562,13.30878,0.00,0.00
2013.09.30 15:14:55.065,13.30562,13.30878,0.00,0.00
2013.09.30 15:14:55.386,13.30542,13.30823,0.00,0.00
2013.09.30 15:14:56.022,13.30503,13.30793,0.00,0.00
2013.09.30 15:14:56.165,13.30503,13.30763,0.00,0.00
2013.09.30 15:14:56.225,13.30452,13.30763,0.00,0.00
2013.09.30 15:14:56.286,13.30462,13.30778,0.00,0.00
2013.09.30 15:14:56.383,13.30462,13.30776,0.00,0.00
2013.09.30 15:14:56.445,13.30442,13.30763,0.00,0.00
2013.09.30 15:14:57.564,13.30442,13.30753,0.00,0.00
2013.09.30 15:14:58.235,13.30442,13.30733,0.00,0.00
2013.09.30 15:14:58.555,13.30442,13.30723,0.00,0.00
2013.09.30 15:14:59.629,13.30442,13.30738,0.00,0.00
2013.09.30 15:15:00.602,13.30462,13.30767,0.00,0.00
2013.09.30 15:15:00.696,13.30462,13.30778,0.00,0.00
2013.09.30 15:15:05.840,13.30434,13.30663,0.00,0.00
2013.09.30 15:15:05.895,13.30432,13.30663,0.00,0.00
2013.09.30 15:15:05.955,13.30383,13.30663,0.00,0.00
2013.09.30 15:15:06.016,13.30362,13.30622,0.00,0.00
2013.09.30 15:15:06.075,13.30352,13.30622,0.00,0.00
2013.09.30 15:15:06.259,13.30362,13.30622,0.00,0.00
2013.09.30 15:15:06.315,13.30362,13.30647,0.00,0.00
2013.09.30 15:15:06.515,13.30352,13.30647,0.00,0.00
2013.09.30 15:15:06.695,13.30322,13.30643,0.00,0.00
2013.09.30 15:15:06.756,13.30322,13.30628,0.00,0.00
2013.09.30 15:15:06.815,13.30263,13.30573,0.00,0.00
2013.09.30 15:15:06.875,13.30242,13.30553,0.00,0.00
2013.09.30 15:15:07.125,13.30242,13.30543,0.00,0.00
2013.09.30 15:15:07.185,13.30209,13.30523,0.00,0.00
2013.09.30 15:15:07.245,13.30202,13.30523,0.00,0.00
2013.09.30 15:15:07.535,13.30192,13.30513,0.00,0.00
2013.09.30 15:15:08.098,13.30182,13.30503,0.00,0.00
2013.09.30 15:15:08.455,13.30152,13.30463,0.00,0.00
2013.09.30 15:15:08.836,13.30142,13.30453,0.00,0.00
2013.09.30 15:15:09.185,13.30142,13.30443,0.00,0.00
2013.09.30 15:15:09.745,13.30142,13.30448,0.00,0.00
2013.09.30 15:15:10.177,13.30162,13.30478,0.00,0.00
2013.09.30 15:15:10.425,13.30172,13.30488,0.00,0.00
2013.09.30 15:15:12.077,13.30172,13.30472,0.00,0.00
2013.09.30 15:15:12.226,13.30112,13.30428,0.00,0.00
2013.09.30 15:15:12.747,13.30142,13.30428,0.00,0.00
2013.09.30 15:15:12.805,13.30142,13.30442,0.00,0.00
2013.09.30 15:15:12.865,13.30152,13.30442,0.00,0.00
2013.09.30 15:15:13.056,13.30162,13.30478,0.00,0.00
2013.09.30 15:15:13.175,13.30182,13.30498,0.00,0.00
2013.09.30 15:15:14.288,13.30242,13.30508,0.00,0.00
2013.09.30 15:15:14.435,13.30252,13.30558,0.00,0.00
2013.09.30 15:15:14.495,13.30262,13.30558,0.00,0.00
2013.09.30 15:15:14.895,13.30252,13.30558,0.00,0.00
2013.09.30 15:15:15.818,13.30262,13.30578,0.00,0.00
2013.09.30 15:15:15.935,13.30272,13.30587,0.00,0.00
2013.09.30 15:15:16.518,13.30272,13.30588,0.00,0.00
2013.09.30 15:15:16.836,13.30352,13.30617,0.00,0.00
2013.09.30 15:15:17.066,13.30352,13.30668,0.00,0.00
2013.09.30 15:15:17.361,13.30362,13.30663,0.00,0.00
2013.09.30 15:15:17.785,13.30352,13.30663,0.00,0.00
2013.09.30 15:15:18.291,13.30352,13.30668,0.00,0.00
2013.09.30 15:15:19.536,13.30342,13.30653,0.00,0.00
2013.09.30 15:15:23.428,13.30352,13.30666,0.00,0.00
2013.09.30 15:15:23.485,13.30352,13.30668,0.00,0.00
2013.09.30 15:15:23.636,13.30342,13.30663,0.00,0.00
2013.09.30 15:15:25.085,13.30352,13.30668,0.00,0.00
2013.09.30 15:15:25.490,13.30342,13.30653,0.00,0.00
2013.09.30 15:15:29.702,13.30352,13.30668,0.00,0.00
2013.09.30 15:15:29.896,13.30357,13.30668,0.00,0.00
2013.09.30 15:15:30.015,13.30352,13.30668,0.00,0.00
2013.09.30 15:15:35.834,13.30382,13.30687,0.00,0.00
2013.09.30 15:15:35.958,13.30382,13.30698,0.00,0.00
2013.09.30 15:15:36.054,13.30402,13.30718,0.00,0.00
2013.09.30 15:15:36.873,13.3038,13.30693,0.00,0.00
2013.09.30 15:15:36.948,13.30372,13.30693,0.00,0.00
2013.09.30 15:15:37.195,13.30353,13.30673,0.00,0.00
2013.09.30 15:15:37.335,13.30342,13.30663,0.00,0.00
2013.09.30 15:15:38.105,13.30352,13.30668,0.00,0.00
2013.09.30 15:15:38.725,13.30342,13.30653,0.00,0.00
2013.09.30 15:15:39.075,13.30322,13.30643,0.00,0.00
2013.09.30 15:15:40.155,13.30342,13.30658,0.00,0.00
2013.09.30 15:15:42.985,13.30352,13.30668,0.00,0.00
2013.09.30 15:15:43.295,13.30342,13.30663,0.00,0.00
2013.09.30 15:15:47.096,13.30342,13.30452,0.00,0.00
2013.09.30 15:15:47.265,13.30315,13.30452,0.00,0.00
2013.09.30 15:15:47.325,13.30202,13.30452,0.00,0.00
2013.09.30 15:15:47.585,13.30112,13.30433,0.00,0.00
2013.09.30 15:15:48.445,13.30112,13.30412,0.00,0.00
2013.09.30 15:15:48.765,13.29985,13.30212,0.00,0.00
2013.09.30 15:15:48.825,13.29889,13.30153,0.00,0.00
2013.09.30 15:15:48.945,13.29812,13.30113,0.00,0.00
2013.09.30 15:15:49.029,13.29942,13.30158,0.00,0.00
2013.09.30 15:15:49.265,13.29942,13.30207,0.00,0.00
2013.09.30 15:15:49.465,13.29942,13.30183,0.00,0.00
2013.09.30 15:15:50.405,13.29942,13.30173,0.00,0.00
2013.09.30 15:15:51.006,13.29942,13.30189,0.00,0.00
2013.09.30 15:15:51.096,13.29942,13.30238,0.00,0.00
2013.09.30 15:15:51.334,13.29952,13.30268,0.00,0.00
2013.09.30 15:15:51.486,13.29915,13.30213,0.00,0.00
2013.09.30 15:15:51.606,13.29892,13.30202,0.00,0.00
2013.09.30 15:15:51.665,13.29879,13.30113,0.00,0.00
2013.09.30 15:15:51.726,13.29792,13.30113,0.00,0.00
2013.09.30 15:15:51.975,13.29842,13.30135,0.00,0.00
2013.09.30 15:15:52.165,13.29872,13.30188,0.00,0.00
2013.09.30 15:15:52.485,13.29942,13.30188,0.00,0.00
2013.09.30 15:15:52.969,13.29942,13.30198,0.00,0.00
2013.09.30 15:15:54.121,13.29942,13.30212,0.00,0.00
2013.09.30 15:15:54.197,13.29942,13.30223,0.00,0.00
2013.09.30 15:15:54.255,13.29972,13.30223,0.00,0.00
2013.09.30 15:15:54.316,13.29972,13.30288,0.00,0.00
2013.09.30 15:15:56.471,13.2995,13.30233,0.00,0.00
2013.09.30 15:15:56.725,13.29942,13.30233,0.00,0.00
2013.09.30 15:15:56.878,13.29962,13.30278,0.00,0.00
2013.09.30 15:15:58.045,13.29942,13.30233,0.00,0.00
2013.09.30 15:15:58.165,13.29942,13.30238,0.00,0.00
2013.09.30 15:15:58.317,13.29942,13.30203,0.00,0.00
2013.09.30 15:15:58.724,13.29942,13.30218,0.00,0.00
2013.09.30 15:15:59.036,13.29942,13.30237,0.00,0.00
2013.09.30 15:15:59.095,13.29942,13.30248,0.00,0.00
2013.09.30 15:15:59.155,13.29942,13.30258,0.00,0.00
2013.09.30 15:15:59.825,13.29952,13.30268,0.00,0.00
2013.09.30 15:16:01.425,13.2995,13.30263,0.00,0.00
2013.09.30 15:16:01.485,13.29942,13.30263,0.00,0.00
2013.09.30 15:16:01.990,13.29942,13.30258,0.00,0.00
2013.09.30 15:16:02.595,13.29932,13.30253,0.00,0.00
2013.09.30 15:16:03.009,13.29942,13.30257,0.00,0.00
2013.09.30 15:16:03.216,13.29932,13.30253,0.00,0.00
2013.09.30 15:16:03.405,13.29942,13.30253,0.00,0.00
2013.09.30 15:16:03.725,13.30012,13.30328,0.00,0.00
2013.09.30 15:16:04.646,13.30042,13.30348,0.00,0.00
2013.09.30 15:16:05.784,13.30042,13.30357,0.00,0.00
2013.09.30 15:16:06.193,13.30052,13.30357,0.00,0.00
2013.09.30 15:16:06.255,13.30052,13.30368,0.00,0.00
2013.09.30 15:16:06.445,13.30132,13.30437,0.00,0.00
2013.09.30 15:16:06.714,13.30122,13.30437,0.00,0.00
2013.09.30 15:16:06.804,13.30112,13.30433,0.00,0.00
2013.09.30 15:16:07.007,13.30102,13.30423,0.00,0.00
2013.09.30 15:16:07.366,13.30042,13.30282,0.00,0.00
2013.09.30 15:16:07.426,13.29972,13.30282,0.00,0.00
2013.09.30 15:16:07.520,13.29968,13.30253,0.00,0.00
2013.09.30 15:16:07.575,13.29936,13.30253,0.00,0.00
2013.09.30 15:16:07.635,13.29942,13.30253,0.00,0.00
2013.09.30 15:16:08.075,13.29942,13.30258,0.00,0.00
2013.09.30 15:16:08.485,13.29942,13.30253,0.00,0.00
2013.09.30 15:16:09.989,13.29915,13.30233,0.00,0.00
2013.09.30 15:16:10.145,13.29912,13.30228,0.00,0.00
2013.09.30 15:16:10.205,13.29886,13.30173,0.00,0.00
2013.09.30 15:16:10.265,13.29869,13.30173,0.00,0.00
2013.09.30 15:16:10.325,13.29869,13.30153,0.00,0.00
2013.09.30 15:16:10.385,13.29842,13.30153,0.00,0.00
2013.09.30 15:16:10.609,13.29842,13.30158,0.00,0.00
2013.09.30 15:16:10.933,13.29823,13.30063,0.00,0.00
2013.09.30 15:16:11.055,13.29752,13.30042,0.00,0.00
2013.09.30 15:16:11.175,13.29732,13.30042,0.00,0.00
2013.09.30 15:16:11.343,13.29713,13.30003,0.00,0.00
2013.09.30 15:16:11.406,13.29682,13.30003,0.00,0.00
2013.09.30 15:16:11.585,13.29672,13.29993,0.00,0.00
2013.09.30 15:16:11.905,13.29642,13.29953,0.00,0.00
2013.09.30 15:16:12.726,13.29642,13.29912,0.00,0.00
2013.09.30 15:16:12.785,13.29612,13.29912,0.00,0.00
2013.09.30 15:16:12.845,13.29612,13.29928,0.00,0.00
2013.09.30 15:16:12.969,13.29632,13.29948,0.00,0.00
2013.09.30 15:16:13.280,13.29642,13.29958,0.00,0.00
2013.09.30 15:16:13.584,13.29642,13.29953,0.00,0.00
2013.09.30 15:16:14.700,13.29642,13.29958,0.00,0.00
2013.09.30 15:16:14.855,13.29712,13.29979,0.00,0.00
2013.09.30 15:16:14.915,13.29712,13.30028,0.00,0.00
2013.09.30 15:16:15.625,13.29732,13.30048,0.00,0.00
2013.09.30 15:16:16.027,13.29742,13.30033,0.00,0.00
2013.09.30 15:16:17.037,13.29742,13.30038,0.00,0.00
2013.09.30 15:16:17.345,13.29742,13.30058,0.00,0.00
2013.09.30 15:16:17.548,13.29842,13.30078,0.00,0.00
2013.09.30 15:16:17.605,13.29842,13.30089,0.00,0.00
2013.09.30 15:16:17.665,13.29872,13.30097,0.00,0.00
2013.09.30 15:16:17.725,13.29872,13.30188,0.00,0.00
2013.09.30 15:16:17.785,13.29882,13.30198,0.00,0.00
2013.09.30 15:16:18.116,13.29912,13.30228,0.00,0.00
2013.09.30 15:16:18.449,13.29952,13.30252,0.00,0.00
2013.09.30 15:16:18.786,13.29849,13.30143,0.00,0.00
2013.09.30 15:16:18.846,13.29842,13.30143,0.00,0.00
2013.09.30 15:16:18.905,13.29912,13.30213,0.00,0.00
2013.09.30 15:16:18.965,13.29912,13.30227,0.00,0.00
2013.09.30 15:16:19.026,13.29922,13.30227,0.00,0.00
2013.09.30 15:16:19.101,13.29872,13.30183,0.00,0.00
2013.09.30 15:16:19.156,13.29879,13.30183,0.00,0.00
2013.09.30 15:16:19.215,13.29862,13.30183,0.00,0.00
2013.09.30 15:16:19.525,13.29862,13.30154,0.00,0.00
2013.09.30 15:16:19.585,13.29852,13.30154,0.00,0.00
2013.09.30 15:16:19.645,13.29842,13.30133,0.00,0.00
2013.09.30 15:16:20.034,13.29842,13.30093,0.00,0.00
2013.09.30 15:16:20.095,13.29842,13.30112,0.00,0.00
2013.09.30 15:16:20.155,13.29882,13.30112,0.00,0.00
2013.09.30 15:16:20.215,13.29882,13.30167,0.00,0.00
2013.09.30 15:16:20.275,13.2995,13.30228,0.00,0.00
2013.09.30 15:16:20.426,13.29893,13.30203,0.00,0.00
2013.09.30 15:16:20.485,13.29893,13.30163,0.00,0.00
2013.09.30 15:16:20.545,13.29853,13.30163,0.00,0.00
2013.09.30 15:16:20.605,13.29819,13.30113,0.00,0.00
2013.09.30 15:16:20.665,13.29819,13.30118,0.00,0.00
2013.09.30 15:16:20.825,13.29802,13.30118,0.00,0.00
2013.09.30 15:16:20.885,13.29842,13.30093,0.00,0.00
2013.09.30 15:16:20.972,13.29842,13.30108,0.00,0.00
2013.09.30 15:16:21.305,13.29852,13.30147,0.00,0.00
2013.09.30 15:16:21.525,13.29842,13.30147,0.00,0.00
2013.09.30 15:16:21.585,13.29842,13.30113,0.00,0.00
2013.09.30 15:16:23.002,13.29842,13.30117,0.00,0.00
2013.09.30 15:16:23.135,13.29842,13.30128,0.00,0.00
2013.09.30 15:16:23.714,13.29842,13.30138,0.00,0.00
2013.09.30 15:16:24.030,13.29842,13.30133,0.00,0.00
2013.09.30 15:16:25.149,13.29842,13.30103,0.00,0.00
2013.09.30 15:16:25.975,13.29842,13.30115,0.00,0.00
2013.09.30 15:16:26.105,13.29842,13.30128,0.00,0.00
2013.09.30 15:16:26.165,13.29842,13.30138,0.00,0.00
2013.09.30 15:16:26.880,13.29842,13.30148,0.00,0.00
2013.09.30 15:16:27.215,13.29842,13.30143,0.00,0.00
2013.09.30 15:16:27.592,13.29842,13.30123,0.00,0.00
2013.09.30 15:16:29.774,13.29842,13.30138,0.00,0.00
2013.09.30 15:16:29.898,13.29842,13.30148,0.00,0.00
2013.09.30 15:16:30.285,13.29902,13.30172,0.00,0.00
2013.09.30 15:16:30.539,13.29912,13.30228,0.00,0.00
2013.09.30 15:16:31.216,13.29912,13.30228,0.00,0.00
2013.09.30 15:16:31.488,13.29912,13.30221,0.00,0.00
2013.09.30 15:16:31.605,13.29842,13.30163,0.00,0.00
2013.09.30 15:16:31.725,13.29862,13.30178,0.00,0.00
2013.09.30 15:16:32.185,13.29862,13.30178,0.00,0.00
2013.09.30 15:16:32.246,13.29842,13.30163,0.00,0.00
2013.09.30 15:16:32.829,13.29842,13.30153,0.00,0.00
2013.09.30 15:16:33.805,13.29842,13.30158,0.00,0.00
2013.09.30 15:16:33.964,13.29842,13.30143,0.00,0.00
2013.09.30 15:16:35.045,13.29852,13.30162,0.00,0.00
2013.09.30 15:16:35.105,13.29942,13.30162,0.00,0.00
2013.09.30 15:16:35.165,13.29942,13.30185,0.00,0.00
2013.09.30 15:16:35.285,13.29942,13.30228,0.00,0.00
2013.09.30 15:16:35.345,13.29942,13.30251,0.00,0.00
2013.09.30 15:16:35.405,13.29942,13.30258,0.00,0.00
2013.09.30 15:16:35.556,13.29962,13.30276,0.00,0.00
2013.09.30 15:16:35.775,13.29962,13.30278,0.00,0.00
2013.09.30 15:16:36.122,13.29942,13.30263,0.00,0.00
2013.09.30 15:16:36.532,13.29952,13.30268,0.00,0.00
2013.09.30 15:16:37.056,13.29942,13.30263,0.00,0.00
2013.09.30 15:16:37.415,13.29932,13.30253,0.00,0.00
2013.09.30 15:16:37.747,13.29922,13.30243,0.00,0.00
2013.09.30 15:16:38.081,13.29932,13.30247,0.00,0.00
2013.09.30 15:16:38.336,13.29862,13.30183,0.00,0.00
2013.09.30 15:16:39.525,13.29932,13.30196,0.00,0.00
2013.09.30 15:16:39.603,13.29932,13.30248,0.00,0.00
2013.09.30 15:16:39.927,13.29942,13.30248,0.00,0.00
2013.09.30 15:16:41.666,13.29953,13.30248,0.00,0.00
2013.09.30 15:16:41.785,13.29982,13.30298,0.00,0.00
2013.09.30 15:16:41.845,13.29992,13.30298,0.00,0.00
2013.09.30 15:16:41.905,13.30012,13.30328,0.00,0.00
2013.09.30 15:16:42.078,13.30042,13.30328,0.00,0.00
2013.09.30 15:16:42.689,13.30072,13.30367,0.00,0.00
2013.09.30 15:16:42.745,13.30102,13.30367,0.00,0.00
2013.09.30 15:16:42.806,13.30112,13.30428,0.00,0.00
2013.09.30 15:16:43.835,13.30102,13.30423,0.00,0.00
2013.09.30 15:16:44.424,13.30082,13.30403,0.00,0.00
2013.09.30 15:16:44.730,13.30042,13.30363,0.00,0.00
2013.09.30 15:16:46.266,13.30042,13.30353,0.00,0.00
2013.09.30 15:16:47.202,13.30042,13.30358,0.00,0.00
2013.09.30 15:16:48.125,13.30052,13.30368,0.00,0.00
2013.09.30 15:16:48.464,13.30092,13.30408,0.00,0.00
2013.09.30 15:16:48.672,13.30068,13.30428,0.00,0.00
2013.09.30 15:16:48.837,13.30079,13.30439,0.00,0.00
2013.09.30 15:16:49.276,13.30091,13.30447,0.00,0.00
2013.09.30 15:16:49.702,13.30102,13.30423,0.00,0.00
2013.09.30 15:16:50.006,13.30113,13.30423,0.00,0.00
2013.09.30 15:16:50.065,13.30113,13.30428,0.00,0.00
2013.09.30 15:16:50.125,13.30192,13.30508,0.00,0.00
2013.09.30 15:16:52.815,13.30202,13.30518,0.00,0.00
2013.09.30 15:16:53.145,13.30212,13.30528,0.00,0.00
2013.09.30 15:16:54.151,13.30242,13.30528,0.00,0.00
2013.09.30 15:16:54.905,13.30262,13.30552,0.00,0.00
2013.09.30 15:16:55.025,13.30272,13.30552,0.00,0.00
2013.09.30 15:16:55.085,13.30262,13.30552,0.00,0.00
2013.09.30 15:16:55.184,13.30242,13.30533,0.00,0.00
2013.09.30 15:16:55.382,13.30252,13.30568,0.00,0.00
2013.09.30 15:16:55.435,13.30242,13.30533,0.00,0.00
2013.09.30 15:16:55.801,13.30242,13.30523,0.00,0.00
2013.09.30 15:16:56.045,13.30242,13.30548,0.00,0.00
2013.09.30 15:16:56.118,13.30252,13.30568,0.00,0.00
2013.09.30 15:16:56.175,13.30262,13.30578,0.00,0.00
2013.09.30 15:16:57.559,13.30282,13.30598,0.00,0.00
2013.09.30 15:16:58.899,13.30292,13.30608,0.00,0.00
2013.09.30 15:17:00.235,13.30363,13.30608,0.00,0.00
2013.09.30 15:17:00.354,13.30363,13.30618,0.00,0.00
2013.09.30 15:17:00.415,13.30363,13.30678,0.00,0.00
2013.09.30 15:17:00.556,13.30392,13.30708,0.00,0.00
2013.09.30 15:17:00.763,13.30363,13.30683,0.00,0.00
2013.09.30 15:17:03.316,13.30442,13.307,0.00,0.00
2013.09.30 15:17:03.485,13.30442,13.30718,0.00,0.00
2013.09.30 15:17:03.547,13.30442,13.30683,0.00,0.00
2013.09.30 15:17:05.115,13.30442,13.30708,0.00,0.00
2013.09.30 15:17:05.176,13.30422,13.30727,0.00,0.00
2013.09.30 15:17:05.483,13.30452,13.30727,0.00,0.00
2013.09.30 15:17:05.891,13.30472,13.30727,0.00,0.00
2013.09.30 15:17:05.956,13.30472,13.30788,0.00,0.00
2013.09.30 15:17:06.015,13.30482,13.30798,0.00,0.00
2013.09.30 15:17:06.325,13.30612,13.30787,0.00,0.00
2013.09.30 15:17:06.385,13.30612,13.30827,0.00,0.00
2013.09.30 15:17:06.445,13.30642,13.30792,0.00,0.00
2013.09.30 15:17:06.817,13.30572,13.30792,0.00,0.00
2013.09.30 15:17:06.875,13.30532,13.30792,0.00,0.00
2013.09.30 15:17:07.036,13.30601,13.30792,0.00,0.00
2013.09.30 15:17:07.386,13.30622,13.30792,0.00,0.00
2013.09.30 15:17:07.595,13.30507,13.30772,0.00,0.00
2013.09.30 15:17:07.655,13.30462,13.30772,0.00,0.00
2013.09.30 15:17:07.775,13.30492,13.30772,0.00,0.00
2013.09.30 15:17:07.835,13.30492,13.30808,0.00,0.00
2013.09.30 15:17:07.955,13.30492,13.30779,0.00,0.00
2013.09.30 15:17:08.015,13.30442,13.30753,0.00,0.00
2013.09.30 15:17:08.689,13.30442,13.30743,0.00,0.00
2013.09.30 15:17:09.615,13.30442,13.30733,0.00,0.00
2013.09.30 15:17:09.709,13.30412,13.30733,0.00,0.00
2013.09.30 15:17:09.791,13.30442,13.30733,0.00,0.00
2013.09.30 15:17:09.975,13.30442,13.30738,0.00,0.00
2013.09.30 15:17:10.035,13.30472,13.30751,0.00,0.00
2013.09.30 15:17:10.095,13.30472,13.30762,0.00,0.00
2013.09.30 15:17:10.156,13.30472,13.30767,0.00,0.00
2013.09.30 15:17:10.275,13.30462,13.30767,0.00,0.00
2013.09.30 15:17:10.335,13.30454,13.30767,0.00,0.00
2013.09.30 15:17:10.395,13.30452,13.30767,0.00,0.00
2013.09.30 15:17:10.455,13.30412,13.30733,0.00,0.00
2013.09.30 15:17:10.515,13.30412,13.30722,0.00,0.00
2013.09.30 15:17:10.575,13.30372,13.30693,0.00,0.00
2013.09.30 15:17:10.730,13.30362,13.30683,0.00,0.00
2013.09.30 15:17:12.458,13.30352,13.30673,0.00,0.00
2013.09.30 15:17:12.869,13.30332,13.30653,0.00,0.00
2013.09.30 15:17:14.186,13.30307,13.30623,0.00,0.00
2013.09.30 15:17:14.286,13.30302,13.30623,0.00,0.00
2013.09.30 15:17:14.346,13.30292,13.30613,0.00,0.00
2013.09.30 15:17:15.097,13.30256,13.30573,0.00,0.00
2013.09.30 15:17:15.605,13.30242,13.30523,0.00,0.00
2013.09.30 15:17:17.240,13.30242,13.30513,0.00,0.00
2013.09.30 15:17:17.545,13.30242,13.30493,0.00,0.00
2013.09.30 15:17:18.147,13.30242,13.30502,0.00,0.00
2013.09.30 15:17:18.259,13.30242,13.30518,0.00,0.00
2013.09.30 15:17:18.770,13.30242,13.30513,0.00,0.00
2013.09.30 15:17:19.105,13.30242,13.30493,0.00,0.00
2013.09.30 15:17:20.516,13.30302,13.3051,0.00,0.00
2013.09.30 15:17:20.645,13.30302,13.30618,0.00,0.00
2013.09.30 15:17:20.705,13.30302,13.30601,0.00,0.00
2013.09.30 15:17:21.099,13.30273,13.30563,0.00,0.00
2013.09.30 15:17:22.142,13.30342,13.30563,0.00,0.00
2013.09.30 15:17:23.054,13.30273,13.30563,0.00,0.00
2013.09.30 15:17:23.761,13.30342,13.30568,0.00,0.00
2013.09.30 15:17:25.395,13.30342,13.30563,0.00,0.00
2013.09.30 15:17:27.718,13.30342,13.30578,0.00,0.00
2013.09.30 15:17:32.785,13.30442,13.30597,0.00,0.00
2013.09.30 15:17:32.905,13.30442,13.30678,0.00,0.00
2013.09.30 15:17:33.735,13.30442,13.30738,0.00,0.00
2013.09.30 15:17:34.732,13.30412,13.30663,0.00,0.00
2013.09.30 15:17:34.995,13.30332,13.30592,0.00,0.00
2013.09.30 15:17:35.055,13.30282,13.30589,0.00,0.00
2013.09.30 15:17:35.175,13.30232,13.30553,0.00,0.00
2013.09.30 15:17:35.295,13.30242,13.30533,0.00,0.00
2013.09.30 15:17:35.355,13.30252,13.30557,0.00,0.00
2013.09.30 15:17:35.415,13.30252,13.30568,0.00,0.00
2013.09.30 15:17:35.475,13.30242,13.30563,0.00,0.00
2013.09.30 15:17:35.815,13.30312,13.30628,0.00,0.00
2013.09.30 15:17:36.145,13.30292,13.30613,0.00,0.00
2013.09.30 15:17:36.475,13.30242,13.30553,0.00,0.00
2013.09.30 15:17:37.905,13.30252,13.30568,0.00,0.00
2013.09.30 15:17:38.446,13.30228,13.30533,0.00,0.00
2013.09.30 15:17:38.777,13.30228,13.30502,0.00,0.00
2013.09.30 15:17:38.836,13.30132,13.30453,0.00,0.00
2013.09.30 15:17:38.955,13.30132,13.30412,0.00,0.00
2013.09.30 15:17:39.015,13.30122,13.30412,0.00,0.00
2013.09.30 15:17:39.810,13.30122,13.30427,0.00,0.00
2013.09.30 15:17:40.605,13.30122,13.30438,0.00,0.00
2013.09.30 15:17:41.352,13.30132,13.30448,0.00,0.00
2013.09.30 15:17:41.705,13.30112,13.30433,0.00,0.00
2013.09.30 15:17:42.315,13.30142,13.30438,0.00,0.00
2013.09.30 15:17:43.574,13.30142,13.30423,0.00,0.00
2013.09.30 15:17:43.677,13.30152,13.30468,0.00,0.00
2013.09.30 15:17:43.735,13.30173,13.30468,0.00,0.00
2013.09.30 15:17:43.855,13.30173,13.30475,0.00,0.00
2013.09.30 15:17:43.915,13.30242,13.30508,0.00,0.00
2013.09.30 15:17:44.245,13.30242,13.30503,0.00,0.00
2013.09.30 15:17:44.498,13.30242,13.30508,0.00,0.00
2013.09.30 15:17:44.625,13.30242,13.30503,0.00,0.00
2013.09.30 15:17:46.632,13.30242,13.30483,0.00,0.00
2013.09.30 15:17:47.150,13.30242,13.30488,0.00,0.00
2013.09.30 15:17:47.695,13.30242,13.30483,0.00,0.00
2013.09.30 15:17:49.216,13.30242,13.30488,0.00,0.00
2013.09.30 15:17:50.309,13.30192,13.30508,0.00,0.00
2013.09.30 15:17:50.435,13.30172,13.30493,0.00,0.00
2013.09.30 15:17:50.755,13.30142,13.30423,0.00,0.00
2013.09.30 15:17:52.055,13.30142,13.30448,0.00,0.00
2013.09.30 15:17:52.449,13.30242,13.30467,0.00,0.00
2013.09.30 15:17:52.625,13.30242,13.30498,0.00,0.00
2013.09.30 15:17:52.850,13.30242,13.30493,0.00,0.00
2013.09.30 15:17:53.205,13.30172,13.30493,0.00,0.00
2013.09.30 15:17:53.355,13.30162,13.30483,0.00,0.00
2013.09.30 15:17:53.730,13.30142,13.30423,0.00,0.00
2013.09.30 15:17:53.846,13.30142,13.30438,0.00,0.00
2013.09.30 15:17:53.905,13.30142,13.30428,0.00,0.00
2013.09.30 15:17:53.965,13.30142,13.30438,0.00,0.00
2013.09.30 15:17:54.052,13.30162,13.30478,0.00,0.00
2013.09.30 15:17:54.106,13.30181,13.30478,0.00,0.00
2013.09.30 15:17:54.225,13.30162,13.30478,0.00,0.00
2013.09.30 15:17:54.285,13.30142,13.30413,0.00,0.00
2013.09.30 15:17:54.615,13.30142,13.30403,0.00,0.00
2013.09.30 15:17:55.789,13.30142,13.30408,0.00,0.00
2013.09.30 15:17:56.067,13.30242,13.30428,0.00,0.00
2013.09.30 15:17:56.345,13.30242,13.30488,0.00,0.00
2013.09.30 15:17:56.469,13.30242,13.30498,0.00,0.00
2013.09.30 15:17:58.425,13.30293,13.30498,0.00,0.00
2013.09.30 15:17:58.486,13.30342,13.3056,0.00,0.00
2013.09.30 15:17:58.637,13.30342,13.30578,0.00,0.00
2013.09.30 15:18:00.740,13.30342,13.30573,0.00,0.00
2013.09.30 15:18:01.155,13.30342,13.30578,0.00,0.00
2013.09.30 15:18:02.284,13.30442,13.30588,0.00,0.00
2013.09.30 15:18:02.389,13.30442,13.30601,0.00,0.00
2013.09.30 15:18:02.466,13.30442,13.30658,0.00,0.00
2013.09.30 15:18:02.945,13.30442,13.30668,0.00,0.00
2013.09.30 15:18:04.655,13.30442,13.30663,0.00,0.00
2013.09.30 15:18:05.195,13.30442,13.30668,0.00,0.00
2013.09.30 15:18:05.256,13.30442,13.30678,0.00,0.00
2013.09.30 15:18:05.695,13.30442,13.30673,0.00,0.00
2013.09.30 15:18:06.526,13.30383,13.30663,0.00,0.00
2013.09.30 15:18:06.586,13.30342,13.30663,0.00,0.00
2013.09.30 15:18:07.066,13.30352,13.30668,0.00,0.00
2013.09.30 15:18:08.214,13.30353,13.30668,0.00,0.00
2013.09.30 15:18:08.667,13.30402,13.30718,0.00,0.00
2013.09.30 15:18:08.796,13.30387,13.30693,0.00,0.00
2013.09.30 15:18:08.856,13.30372,13.30693,0.00,0.00
2013.09.30 15:18:08.982,13.30362,13.30683,0.00,0.00
2013.09.30 15:18:09.335,13.30342,13.30643,0.00,0.00
2013.09.30 15:18:09.928,13.30342,13.30633,0.00,0.00
2013.09.30 15:18:12.197,13.30342,13.30623,0.00,0.00
2013.09.30 15:18:14.395,13.30272,13.30572,0.00,0.00
2013.09.30 15:18:14.615,13.30242,13.30523,0.00,0.00
2013.09.30 15:18:14.678,13.30242,13.30528,0.00,0.00
2013.09.30 15:18:15.495,13.30242,13.30513,0.00,0.00
2013.09.30 15:18:16.425,13.30342,13.30588,0.00,0.00
2013.09.30 15:18:18.034,13.30342,13.30583,0.00,0.00
2013.09.30 15:18:24.316,13.30342,13.30588,0.00,0.00
2013.09.30 15:18:26.094,13.30342,13.30583,0.00,0.00
2013.09.30 15:18:30.470,13.30252,13.30573,0.00,0.00
2013.09.30 15:18:30.667,13.30242,13.30503,0.00,0.00
2013.09.30 15:18:30.867,13.30242,13.30508,0.00,0.00
2013.09.30 15:18:32.488,13.30242,13.30518,0.00,0.00
2013.09.30 15:18:34.685,13.30242,13.30513,0.00,0.00
2013.09.30 15:18:35.745,13.30242,13.30518,0.00,0.00
2013.09.30 15:18:35.865,13.30242,13.30513,0.00,0.00
2013.09.30 15:18:36.585,13.30242,13.30503,0.00,0.00
2013.09.30 15:18:37.361,13.30242,13.30483,0.00,0.00
2013.09.30 15:18:38.507,13.30152,13.30473,0.00,0.00
2013.09.30 15:18:39.214,13.30142,13.30463,0.00,0.00
2013.09.30 15:18:39.536,13.30072,13.30393,0.00,0.00
2013.09.30 15:18:41.356,13.30082,13.30398,0.00,0.00
2013.09.30 15:18:42.275,13.30142,13.30428,0.00,0.00
2013.09.30 15:18:43.074,13.30142,13.30413,0.00,0.00
2013.09.30 15:18:45.122,13.30142,13.30403,0.00,0.00
2013.09.30 15:18:45.222,13.30072,13.30393,0.00,0.00
2013.09.30 15:18:45.632,13.30082,13.30398,0.00,0.00
2013.09.30 15:18:46.348,13.30072,13.30393,0.00,0.00
2013.09.30 15:18:48.712,13.30053,13.30363,0.00,0.00
2013.09.30 15:18:49.016,13.29982,13.30303,0.00,0.00
2013.09.30 15:18:49.938,13.29972,13.30293,0.00,0.00
2013.09.30 15:18:50.255,13.29962,13.30283,0.00,0.00
2013.09.30 15:18:50.565,13.29972,13.30288,0.00,0.00
2013.09.30 15:18:50.956,13.29972,13.3025,0.00,0.00
2013.09.30 15:18:51.015,13.29942,13.30248,0.00,0.00
2013.09.30 15:18:51.075,13.29942,13.30233,0.00,0.00
2013.09.30 15:18:51.429,13.29942,13.30213,0.00,0.00
2013.09.30 15:18:51.816,13.29942,13.30203,0.00,0.00
2013.09.30 15:18:51.875,13.29942,13.30238,0.00,0.00
2013.09.30 15:18:51.935,13.29962,13.30278,0.00,0.00
2013.09.30 15:18:53.555,13.29942,13.30243,0.00,0.00
2013.09.30 15:18:53.675,13.29942,13.30248,0.00,0.00
2013.09.30 15:18:53.735,13.29942,13.30233,0.00,0.00
2013.09.30 15:18:54.055,13.29942,13.30203,0.00,0.00
2013.09.30 15:18:57.820,13.29872,13.30193,0.00,0.00
2013.09.30 15:18:58.155,13.29852,13.30153,0.00,0.00
2013.09.30 15:18:58.345,13.29782,13.30097,0.00,0.00
2013.09.30 15:18:58.465,13.29742,13.30033,0.00,0.00
2013.09.30 15:18:58.735,13.29742,13.30038,0.00,0.00
2013.09.30 15:18:58.885,13.29782,13.30098,0.00,0.00
2013.09.30 15:18:58.945,13.29792,13.301,0.00,0.00
2013.09.30 15:18:59.046,13.29792,13.30108,0.00,0.00
2013.09.30 15:18:59.255,13.2976,13.30053,0.00,0.00
2013.09.30 15:18:59.324,13.29743,13.30053,0.00,0.00
2013.09.30 15:18:59.386,13.29743,13.30033,0.00,0.00
2013.09.30 15:18:59.445,13.29712,13.30033,0.00,0.00
2013.09.30 15:18:59.505,13.29702,13.30023,0.00,0.00
2013.09.30 15:19:01.065,13.29742,13.30028,0.00,0.00
2013.09.30 15:19:01.185,13.29792,13.30108,0.00,0.00
2013.09.30 15:19:02.245,13.29742,13.30053,0.00,0.00
2013.09.30 15:19:02.595,13.29712,13.29963,0.00,0.00
2013.09.30 15:19:02.865,13.2965,13.29943,0.00,0.00
2013.09.30 15:19:02.925,13.29602,13.29923,0.00,0.00
2013.09.30 15:19:03.302,13.29622,13.29938,0.00,0.00
2013.09.30 15:19:03.715,13.29612,13.29933,0.00,0.00
2013.09.30 15:19:04.346,13.29642,13.29933,0.00,0.00
2013.09.30 15:19:04.465,13.29612,13.29933,0.00,0.00
2013.09.30 15:19:04.539,13.29652,13.29958,0.00,0.00
2013.09.30 15:19:04.817,13.29603,13.29923,0.00,0.00
2013.09.30 15:19:06.547,13.29642,13.29928,0.00,0.00
2013.09.30 15:19:06.606,13.29652,13.29953,0.00,0.00
2013.09.30 15:19:06.666,13.29652,13.29958,0.00,0.00
2013.09.30 15:19:06.725,13.29662,13.29958,0.00,0.00
2013.09.30 15:19:07.054,13.29622,13.29943,0.00,0.00
2013.09.30 15:19:08.004,13.29612,13.29933,0.00,0.00
2013.09.30 15:19:08.317,13.29662,13.29958,0.00,0.00
2013.09.30 15:19:09.449,13.29682,13.29958,0.00,0.00
2013.09.30 15:19:09.960,13.29742,13.30018,0.00,0.00
2013.09.30 15:19:10.062,13.29742,13.3002,0.00,0.00
2013.09.30 15:19:10.115,13.29742,13.30028,0.00,0.00
2013.09.30 15:19:10.315,13.29742,13.30054,0.00,0.00
2013.09.30 15:19:10.435,13.29752,13.30065,0.00,0.00
2013.09.30 15:19:10.495,13.29792,13.30065,0.00,0.00
2013.09.30 15:19:10.555,13.29792,13.30087,0.00,0.00
2013.09.30 15:19:10.615,13.29802,13.30118,0.00,0.00
2013.09.30 15:19:10.774,13.29812,13.30128,0.00,0.00
2013.09.30 15:19:11.075,13.29802,13.30123,0.00,0.00
2013.09.30 15:19:13.127,13.29792,13.30113,0.00,0.00
2013.09.30 15:19:13.634,13.29802,13.30118,0.00,0.00
2013.09.30 15:19:13.939,13.29922,13.30138,0.00,0.00
2013.09.30 15:19:13.995,13.29922,13.3015,0.00,0.00
2013.09.30 15:19:14.055,13.29902,13.30201,0.00,0.00
2013.09.30 15:19:14.175,13.29902,13.30218,0.00,0.00
2013.09.30 15:19:14.235,13.29902,13.30202,0.00,0.00
2013.09.30 15:19:14.295,13.29887,13.30198,0.00,0.00
2013.09.30 15:19:14.355,13.29869,13.30153,0.00,0.00
2013.09.30 15:19:14.535,13.29832,13.30153,0.00,0.00
2013.09.30 15:19:15.864,13.29822,13.30143,0.00,0.00
2013.09.30 15:19:16.167,13.29812,13.30133,0.00,0.00
2013.09.30 15:19:16.480,13.29782,13.30103,0.00,0.00
2013.09.30 15:19:16.815,13.29792,13.30108,0.00,0.00
2013.09.30 15:19:17.593,13.29782,13.30103,0.00,0.00
2013.09.30 15:19:18.647,13.29757,13.30073,0.00,0.00
2013.09.30 15:19:18.985,13.29757,13.30043,0.00,0.00
2013.09.30 15:19:19.346,13.29757,13.30033,0.00,0.00
2013.09.30 15:19:19.405,13.29742,13.30033,0.00,0.00
2013.09.30 15:19:19.914,13.29742,13.30012,0.00,0.00
2013.09.30 15:19:19.976,13.29692,13.30008,0.00,0.00
2013.09.30 15:19:20.095,13.29688,13.29973,0.00,0.00
2013.09.30 15:19:20.156,13.29657,13.29973,0.00,0.00
2013.09.30 15:19:20.216,13.29652,13.29973,0.00,0.00
2013.09.30 15:19:20.275,13.29647,13.29933,0.00,0.00
2013.09.30 15:19:20.335,13.29642,13.29933,0.00,0.00
2013.09.30 15:19:20.463,13.29653,13.29933,0.00,0.00
2013.09.30 15:19:20.525,13.29653,13.29957,0.00,0.00
2013.09.30 15:19:20.585,13.29692,13.29957,0.00,0.00
2013.09.30 15:19:20.696,13.29692,13.29975,0.00,0.00
2013.09.30 15:19:20.756,13.29713,13.30008,0.00,0.00
2013.09.30 15:19:21.032,13.29693,13.30008,0.00,0.00
2013.09.30 15:19:21.099,13.29702,13.30018,0.00,0.00
2013.09.30 15:19:21.216,13.29742,13.30034,0.00,0.00
2013.09.30 15:19:21.335,13.29742,13.30038,0.00,0.00
2013.09.30 15:19:21.914,13.29742,13.30048,0.00,0.00
2013.09.30 15:19:22.225,13.29742,13.30043,0.00,0.00
2013.09.30 15:19:22.627,13.29742,13.30033,0.00,0.00
2013.09.30 15:19:23.046,13.29752,13.3004,0.00,0.00
2013.09.30 15:19:23.105,13.29752,13.30068,0.00,0.00
2013.09.30 15:19:23.242,13.29762,13.30078,0.00,0.00
2013.09.30 15:19:24.065,13.29742,13.30063,0.00,0.00
2013.09.30 15:19:24.426,13.29642,13.29943,0.00,0.00
2013.09.30 15:19:24.785,13.29642,13.29933,0.00,0.00
2013.09.30 15:19:25.204,13.29642,13.29938,0.00,0.00
2013.09.30 15:19:28.052,13.29682,13.29959,0.00,0.00
2013.09.30 15:19:28.225,13.29692,13.2997,0.00,0.00
2013.09.30 15:19:28.285,13.29702,13.30018,0.00,0.00
2013.09.30 15:19:28.360,13.29682,13.30003,0.00,0.00
2013.09.30 15:19:28.696,13.29642,13.29963,0.00,0.00
2013.09.30 15:19:29.043,13.29642,13.29953,0.00,0.00
2013.09.30 15:19:29.382,13.29632,13.29953,0.00,0.00
2013.09.30 15:19:29.535,13.29612,13.29933,0.00,0.00
2013.09.30 15:19:29.900,13.29642,13.29958,0.00,0.00
2013.09.30 15:19:31.065,13.29642,13.29953,0.00,0.00
2013.09.30 15:19:31.875,13.29642,13.29958,0.00,0.00
2013.09.30 15:19:34.790,13.29652,13.29967,0.00,0.00
2013.09.30 15:19:36.151,13.29642,13.29963,0.00,0.00
2013.09.30 15:19:36.560,13.29632,13.29953,0.00,0.00
2013.09.30 15:19:38.339,13.29632,13.29948,0.00,0.00
2013.09.30 15:19:38.957,13.29642,13.29948,0.00,0.00
2013.09.30 15:19:39.105,13.29642,13.29958,0.00,0.00
2013.09.30 15:19:39.449,13.29621,13.29903,0.00,0.00
2013.09.30 15:19:39.536,13.29582,13.29895,0.00,0.00
2013.09.30 15:19:39.596,13.29553,13.29873,0.00,0.00
2013.09.30 15:19:39.655,13.29552,13.29845,0.00,0.00
2013.09.30 15:19:39.962,13.29562,13.29834,0.00,0.00
2013.09.30 15:19:40.037,13.29562,13.29878,0.00,0.00
2013.09.30 15:19:40.095,13.29572,13.29888,0.00,0.00
2013.09.30 15:19:41.285,13.29642,13.29912,0.00,0.00
2013.09.30 15:19:41.415,13.29642,13.29948,0.00,0.00
2013.09.30 15:19:41.483,13.29652,13.29968,0.00,0.00
2013.09.30 15:19:42.903,13.29652,13.29962,0.00,0.00
2013.09.30 15:19:43.334,13.29642,13.29958,0.00,0.00
2013.09.30 15:19:43.395,13.29642,13.29922,0.00,0.00
2013.09.30 15:19:44.223,13.29642,13.29947,0.00,0.00
2013.09.30 15:19:45.367,13.29625,13.29913,0.00,0.00
2013.09.30 15:19:45.456,13.29614,13.29913,0.00,0.00
2013.09.30 15:19:45.515,13.29614,13.29883,0.00,0.00
2013.09.30 15:19:45.575,13.29562,13.29883,0.00,0.00
2013.09.30 15:19:46.289,13.29501,13.29853,0.00,0.00
2013.09.30 15:19:46.596,13.29552,13.29822,0.00,0.00
2013.09.30 15:19:46.715,13.29524,13.29822,0.00,0.00
2013.09.30 15:19:46.895,13.29542,13.29822,0.00,0.00
2013.09.30 15:19:47.414,13.29552,13.29837,0.00,0.00
2013.09.30 15:19:47.844,13.29532,13.29837,0.00,0.00
2013.09.30 15:19:48.275,13.29552,13.29837,0.00,0.00
2013.09.30 15:19:51.014,13.29518,13.29833,0.00,0.00
2013.09.30 15:19:51.102,13.29512,13.29833,0.00,0.00
2013.09.30 15:19:51.156,13.29542,13.29848,0.00,0.00
2013.09.30 15:19:51.507,13.29682,13.29917,0.00,0.00
2013.09.30 15:19:51.815,13.29632,13.29917,0.00,0.00
2013.09.30 15:19:52.738,13.29662,13.29917,0.00,0.00
2013.09.30 15:19:53.057,13.29682,13.29917,0.00,0.00
2013.09.30 15:19:53.255,13.29712,13.30007,0.00,0.00
2013.09.30 15:19:53.670,13.29702,13.30007,0.00,0.00
2013.09.30 15:19:53.935,13.29702,13.30018,0.00,0.00
2013.09.30 15:19:53.995,13.29732,13.30037,0.00,0.00
2013.09.30 15:19:54.115,13.29732,13.30048,0.00,0.00
2013.09.30 15:19:57.696,13.29752,13.30068,0.00,0.00
2013.09.30 15:19:58.164,13.29732,13.30053,0.00,0.00
2013.09.30 15:19:58.486,13.29752,13.30068,0.00,0.00
2013.09.30 15:19:58.787,13.29752,13.30052,0.00,0.00
2013.09.30 15:19:59.095,13.29762,13.30052,0.00,0.00
2013.09.30 15:19:59.216,13.29726,13.30052,0.00,0.00
2013.09.30 15:19:59.294,13.29726,13.30032,0.00,0.00
2013.09.30 15:19:59.708,13.29752,13.30032,0.00,0.00
2013.09.30 15:20:00.235,13.29732,13.30032,0.00,0.00
2013.09.30 15:20:00.416,13.29732,13.30002,0.00,0.00
2013.09.30 15:20:00.476,13.29712,13.30002,0.00,0.00
2013.09.30 15:20:00.696,13.29672,13.29993,0.00,0.00
2013.09.30 15:20:00.756,13.29682,13.29984,0.00,0.00
2013.09.30 15:20:00.907,13.29682,13.29997,0.00,0.00
2013.09.30 15:20:00.972,13.29682,13.29963,0.00,0.00
2013.09.30 15:20:01.236,13.29652,13.29952,0.00,0.00
2013.09.30 15:20:01.296,13.29672,13.29952,0.00,0.00
2013.09.30 15:20:01.656,13.29682,13.29932,0.00,0.00
2013.09.30 15:20:01.716,13.29649,13.29932,0.00,0.00
2013.09.30 15:20:01.777,13.29632,13.29932,0.00,0.00
2013.09.30 15:20:02.426,13.29642,13.29932,0.00,0.00
2013.09.30 15:20:02.636,13.29742,13.30058,0.00,0.00
2013.09.30 15:20:03.741,13.29722,13.30043,0.00,0.00
2013.09.30 15:20:04.868,13.29702,13.30023,0.00,0.00
2013.09.30 15:20:05.994,13.29692,13.30013,0.00,0.00
2013.09.30 15:20:07.940,13.29742,13.30013,0.00,0.00
2013.09.30 15:20:11.004,13.29673,13.29963,0.00,0.00
2013.09.30 15:20:11.066,13.29656,13.29912,0.00,0.00
2013.09.30 15:20:11.127,13.29642,13.29912,0.00,0.00
2013.09.30 15:20:11.246,13.29582,13.29903,0.00,0.00
2013.09.30 15:20:11.307,13.29562,13.29843,0.00,0.00
2013.09.30 15:20:11.613,13.29642,13.29907,0.00,0.00
2013.09.30 15:20:11.746,13.29612,13.29907,0.00,0.00
2013.09.30 15:20:11.806,13.29625,13.29907,0.00,0.00
2013.09.30 15:20:12.230,13.29636,13.29907,0.00,0.00
2013.09.30 15:20:12.286,13.29602,13.29907,0.00,0.00
2013.09.30 15:20:12.347,13.29672,13.29907,0.00,0.00
2013.09.30 15:20:12.526,13.29672,13.29967,0.00,0.00
2013.09.30 15:20:12.786,13.29642,13.29933,0.00,0.00
2013.09.30 15:20:13.026,13.29672,13.29967,0.00,0.00
2013.09.30 15:20:13.254,13.2965,13.29953,0.00,0.00
2013.09.30 15:20:13.306,13.2965,13.29933,0.00,0.00
2013.09.30 15:20:13.375,13.29642,13.29933,0.00,0.00
2013.09.30 15:20:13.470,13.29672,13.29967,0.00,0.00
2013.09.30 15:20:13.526,13.29672,13.29942,0.00,0.00
2013.09.30 15:20:13.646,13.29692,13.29967,0.00,0.00
2013.09.30 15:20:13.706,13.29692,13.30007,0.00,0.00
2013.09.30 15:20:13.766,13.29699,13.30007,0.00,0.00
2013.09.30 15:20:13.886,13.29692,13.30007,0.00,0.00
2013.09.30 15:20:14.406,13.29742,13.30018,0.00,0.00
2013.09.30 15:20:16.979,13.29742,13.30027,0.00,0.00
2013.09.30 15:20:17.096,13.29742,13.30039,0.00,0.00
2013.09.30 15:20:17.218,13.29742,13.30058,0.00,0.00
2013.09.30 15:20:17.440,13.29748,13.30058,0.00,0.00
2013.09.30 15:20:17.805,13.29762,13.30058,0.00,0.00
2013.09.30 15:20:17.866,13.29762,13.30078,0.00,0.00
2013.09.30 15:20:17.926,13.29772,13.30088,0.00,0.00
2013.09.30 15:20:20.220,13.29762,13.30083,0.00,0.00
2013.09.30 15:20:20.640,13.29755,13.30073,0.00,0.00
2013.09.30 15:20:20.718,13.29752,13.30073,0.00,0.00
2013.09.30 15:20:22.527,13.29762,13.30078,0.00,0.00
2013.09.30 15:20:23.426,13.29842,13.30078,0.00,0.00
2013.09.30 15:20:23.890,13.29842,13.30088,0.00,0.00
2013.09.30 15:20:24.096,13.29772,13.30088,0.00,0.00
2013.09.30 15:20:27.213,13.29758,13.29963,0.00,0.00
2013.09.30 15:20:27.346,13.29672,13.29962,0.00,0.00
2013.09.30 15:20:27.726,13.29652,13.29958,0.00,0.00
2013.09.30 15:20:27.786,13.29642,13.29958,0.00,0.00
2013.09.30 15:20:27.846,13.29672,13.29958,0.00,0.00
2013.09.30 15:20:28.220,13.29692,13.29958,0.00,0.00
2013.09.30 15:20:28.524,13.29672,13.29922,0.00,0.00
2013.09.30 15:20:28.837,13.29692,13.29922,0.00,0.00
2013.09.30 15:20:29.658,13.29702,13.29922,0.00,0.00
2013.09.30 15:20:29.718,13.29702,13.29957,0.00,0.00
2013.09.30 15:20:30.174,13.29692,13.29957,0.00,0.00
2013.09.30 15:20:30.236,13.29682,13.29957,0.00,0.00
2013.09.30 15:20:30.478,13.29702,13.29957,0.00,0.00
2013.09.30 15:20:30.816,13.29652,13.29957,0.00,0.00
2013.09.30 15:20:30.894,13.29644,13.29957,0.00,0.00
2013.09.30 15:20:30.956,13.29642,13.29957,0.00,0.00
2013.09.30 15:20:31.016,13.29682,13.29957,0.00,0.00
2013.09.30 15:20:31.256,13.29642,13.29957,0.00,0.00
2013.09.30 15:20:31.578,13.29667,13.29957,0.00,0.00
2013.09.30 15:20:32.236,13.29672,13.29957,0.00,0.00
2013.09.30 15:20:32.538,13.29672,13.29942,0.00,0.00
2013.09.30 15:20:33.672,13.29682,13.29942,0.00,0.00
2013.09.30 15:20:34.085,13.29702,13.29942,0.00,0.00
2013.09.30 15:20:34.246,13.29675,13.29942,0.00,0.00
2013.09.30 15:20:34.307,13.29662,13.29942,0.00,0.00
2013.09.30 15:20:34.367,13.29662,13.29902,0.00,0.00
2013.09.30 15:20:34.756,13.29632,13.29902,0.00,0.00
2013.09.30 15:20:34.817,13.29622,13.29902,0.00,0.00
2013.09.30 15:20:35.017,13.29641,13.29902,0.00,0.00
2013.09.30 15:20:35.827,13.29642,13.29902,0.00,0.00
2013.09.30 15:20:36.227,13.29692,13.29902,0.00,0.00
2013.09.30 15:20:36.286,13.29632,13.29902,0.00,0.00
2013.09.30 15:20:36.578,13.29642,13.29902,0.00,0.00
2013.09.30 15:20:37.715,13.29682,13.29902,0.00,0.00
2013.09.30 15:20:37.876,13.29682,13.29937,0.00,0.00
2013.09.30 15:20:38.246,13.29632,13.29937,0.00,0.00
2013.09.30 15:20:39.609,13.29682,13.29937,0.00,0.00
2013.09.30 15:20:39.966,13.29692,13.29937,0.00,0.00
2013.09.30 15:20:40.934,13.29702,13.29937,0.00,0.00
2013.09.30 15:20:42.771,13.29682,13.29937,0.00,0.00
2013.09.30 15:20:44.694,13.29661,13.29937,0.00,0.00
2013.09.30 15:20:44.758,13.29652,13.29937,0.00,0.00
2013.09.30 15:20:44.817,13.29642,13.29937,0.00,0.00
2013.09.30 15:20:46.983,13.29642,13.29922,0.00,0.00
2013.09.30 15:20:47.051,13.29618,13.29922,0.00,0.00
2013.09.30 15:20:47.108,13.29654,13.29937,0.00,0.00
2013.09.30 15:20:47.551,13.29679,13.29937,0.00,0.00
2013.09.30 15:20:47.607,13.29654,13.29937,0.00,0.00
2013.09.30 15:20:47.667,13.29654,13.29902,0.00,0.00
2013.09.30 15:20:47.838,13.29639,13.29902,0.00,0.00
2013.09.30 15:20:47.896,13.29662,13.29902,0.00,0.00
2013.09.30 15:20:48.225,13.29651,13.29902,0.00,0.00
2013.09.30 15:20:48.438,13.29651,13.29873,0.00,0.00
2013.09.30 15:20:48.497,13.29665,13.29897,0.00,0.00
2013.09.30 15:20:48.557,13.29559,13.29897,0.00,0.00
2013.09.30 15:20:49.183,13.29559,13.29919,0.00,0.00
2013.09.30 15:20:49.236,13.29662,13.29919,0.00,0.00
2013.09.30 15:20:49.327,13.29663,13.29927,0.00,0.00
2013.09.30 15:20:49.398,13.29682,13.29927,0.00,0.00
2013.09.30 15:20:49.756,13.29642,13.29927,0.00,0.00
2013.09.30 15:20:50.043,13.29672,13.29927,0.00,0.00
2013.09.30 15:20:50.446,13.29672,13.29902,0.00,0.00
2013.09.30 15:20:50.661,13.29648,13.29902,0.00,0.00
2013.09.30 15:20:50.816,13.29632,13.29902,0.00,0.00
2013.09.30 15:20:51.080,13.29642,13.29902,0.00,0.00
2013.09.30 15:20:52.116,13.29632,13.29902,0.00,0.00
2013.09.30 15:20:54.547,13.29612,13.29902,0.00,0.00
2013.09.30 15:20:54.607,13.29613,13.29872,0.00,0.00
2013.09.30 15:20:54.786,13.29549,13.29863,0.00,0.00
2013.09.30 15:20:54.846,13.29542,13.29863,0.00,0.00
2013.09.30 15:20:54.906,13.29622,13.29867,0.00,0.00
2013.09.30 15:20:55.246,13.29622,13.29842,0.00,0.00
2013.09.30 15:20:55.396,13.29522,13.29838,0.00,0.00
2013.09.30 15:20:55.456,13.29588,13.29838,0.00,0.00
2013.09.30 15:20:55.686,13.29572,13.29838,0.00,0.00
2013.09.30 15:20:55.838,13.29532,13.29838,0.00,0.00
2013.09.30 15:20:55.997,13.29561,13.29838,0.00,0.00
2013.09.30 15:20:56.136,13.29532,13.29838,0.00,0.00
2013.09.30 15:20:56.446,13.29532,13.29812,0.00,0.00
2013.09.30 15:20:57.956,13.29522,13.29812,0.00,0.00
2013.09.30 15:20:58.350,13.29512,13.29812,0.00,0.00
2013.09.30 15:20:58.423,13.29512,13.29782,0.00,0.00
2013.09.30 15:20:58.554,13.29456,13.29773,0.00,0.00
2013.09.30 15:20:58.616,13.29452,13.29773,0.00,0.00
2013.09.30 15:20:59.083,13.29452,13.29752,0.00,0.00
2013.09.30 15:20:59.136,13.29442,13.29752,0.00,0.00
2013.09.30 15:20:59.196,13.29398,13.29713,0.00,0.00
2013.09.30 15:20:59.346,13.29392,13.29713,0.00,0.00
2013.09.30 15:20:59.406,13.29376,13.29693,0.00,0.00
2013.09.30 15:20:59.467,13.29372,13.29688,0.00,0.00
2013.09.30 15:20:59.526,13.29409,13.29688,0.00,0.00
2013.09.30 15:20:59.646,13.29442,13.29747,0.00,0.00
2013.09.30 15:20:59.832,13.29452,13.29747,0.00,0.00
2013.09.30 15:21:01.636,13.29452,13.29768,0.00,0.00
2013.09.30 15:21:01.696,13.29462,13.29778,0.00,0.00
2013.09.30 15:21:02.107,13.29482,13.29798,0.00,0.00
2013.09.30 15:21:02.427,13.29552,13.29827,0.00,0.00
2013.09.30 15:21:02.547,13.29552,13.29847,0.00,0.00
2013.09.30 15:21:03.144,13.29542,13.29847,0.00,0.00
2013.09.30 15:21:03.923,13.29542,13.29832,0.00,0.00
2013.09.30 15:21:04.127,13.29516,13.29828,0.00,0.00
2013.09.30 15:21:04.186,13.29516,13.29782,0.00,0.00
2013.09.30 15:21:04.246,13.29492,13.29782,0.00,0.00
2013.09.30 15:21:04.316,13.29476,13.29782,0.00,0.00
2013.09.30 15:21:04.377,13.29472,13.29782,0.00,0.00
2013.09.30 15:21:04.436,13.29448,13.29763,0.00,0.00
2013.09.30 15:21:04.496,13.29442,13.29763,0.00,0.00
2013.09.30 15:21:05.266,13.29452,13.29768,0.00,0.00
2013.09.30 15:21:06.174,13.29442,13.29763,0.00,0.00
2013.09.30 15:21:08.213,13.29442,13.29752,0.00,0.00
2013.09.30 15:21:08.266,13.29432,13.29748,0.00,0.00
2013.09.30 15:21:09.137,13.29442,13.29748,0.00,0.00
2013.09.30 15:21:13.823,13.29442,13.29722,0.00,0.00
2013.09.30 15:21:14.296,13.29442,13.29737,0.00,0.00
2013.09.30 15:21:18.687,13.29442,13.29722,0.00,0.00
2013.09.30 15:21:23.283,13.29442,13.29737,0.00,0.00
2013.09.30 15:21:29.528,13.29452,13.29737,0.00,0.00
2013.09.30 15:21:36.908,13.29564,13.29842,0.00,0.00
2013.09.30 15:21:36.966,13.29672,13.29988,0.00,0.00
2013.09.30 15:21:37.146,13.29692,13.29997,0.00,0.00
2013.09.30 15:21:37.266,13.29682,13.29997,0.00,0.00
2013.09.30 15:21:37.327,13.29682,13.29986,0.00,0.00
2013.09.30 15:21:37.386,13.29662,13.29981,0.00,0.00
2013.09.30 15:21:38.366,13.29672,13.29988,0.00,0.00
2013.09.30 15:21:39.385,13.29662,13.29963,0.00,0.00
2013.09.30 15:21:39.506,13.29642,13.29958,0.00,0.00
2013.09.30 15:21:39.798,13.29662,13.29958,0.00,0.00
2013.09.30 15:21:40.156,13.29672,13.29958,0.00,0.00
2013.09.30 15:21:40.540,13.29839,13.29958,0.00,0.00
2013.09.30 15:21:40.596,13.29842,13.30011,0.00,0.00
2013.09.30 15:21:40.658,13.29842,13.30108,0.00,0.00
2013.09.30 15:21:40.748,13.29842,13.30127,0.00,0.00
2013.09.30 15:21:41.638,13.29842,13.30128,0.00,0.00
2013.09.30 15:21:42.452,13.29842,13.30032,0.00,0.00
2013.09.30 15:21:42.566,13.29613,13.29938,0.00,0.00
2013.09.30 15:21:42.627,13.29642,13.29938,0.00,0.00
2013.09.30 15:21:42.988,13.29662,13.29947,0.00,0.00
2013.09.30 15:21:43.048,13.29652,13.29947,0.00,0.00
2013.09.30 15:21:43.552,13.29652,13.29902,0.00,0.00
2013.09.30 15:21:43.611,13.29628,13.29902,0.00,0.00
2013.09.30 15:21:43.667,13.29628,13.29917,0.00,0.00
2013.09.30 15:21:43.727,13.29602,13.29917,0.00,0.00
2013.09.30 15:21:44.873,13.29602,13.29918,0.00,0.00
2013.09.30 15:21:45.104,13.29628,13.29918,0.00,0.00
2013.09.30 15:21:45.459,13.29662,13.29947,0.00,0.00
2013.09.30 15:21:45.658,13.29652,13.29947,0.00,0.00
2013.09.30 15:21:45.972,13.29652,13.29958,0.00,0.00
2013.09.30 15:21:46.096,13.29702,13.30007,0.00,0.00
2013.09.30 15:21:46.417,13.29712,13.30007,0.00,0.00
2013.09.30 15:21:47.292,13.29712,13.30028,0.00,0.00
2013.09.30 15:21:47.367,13.29722,13.30038,0.00,0.00
2013.09.30 15:21:47.795,13.29752,13.30047,0.00,0.00
2013.09.30 15:21:48.282,13.29752,13.30022,0.00,0.00
2013.09.30 15:21:48.336,13.29742,13.30022,0.00,0.00
2013.09.30 15:21:48.726,13.29742,13.29982,0.00,0.00
2013.09.30 15:21:48.786,13.29732,13.29982,0.00,0.00
2013.09.30 15:21:49.537,13.29732,13.29997,0.00,0.00
2013.09.30 15:21:55.686,13.29742,13.30017,0.00,0.00
2013.09.30 15:21:58.182,13.29742,13.30037,0.00,0.00
2013.09.30 15:21:58.237,13.29752,13.30037,0.00,0.00
2013.09.30 15:21:59.896,13.29752,13.30068,0.00,0.00
2013.09.30 15:22:00.016,13.29772,13.30077,0.00,0.00
2013.09.30 15:22:00.731,13.29792,13.30077,0.00,0.00
2013.09.30 15:22:01.638,13.29822,13.30077,0.00,0.00
2013.09.30 15:22:02.865,13.29812,13.30077,0.00,0.00
2013.09.30 15:22:03.369,13.29788,13.30077,0.00,0.00
2013.09.30 15:22:03.472,13.29788,13.30062,0.00,0.00
2013.09.30 15:22:03.526,13.29759,13.30062,0.00,0.00
2013.09.30 15:22:03.587,13.29752,13.30062,0.00,0.00
2013.09.30 15:22:04.504,13.29772,13.30062,0.00,0.00
2013.09.30 15:22:04.813,13.29762,13.30062,0.00,0.00
2013.09.30 15:22:05.730,13.29772,13.30062,0.00,0.00
2013.09.30 15:22:06.806,13.29742,13.30058,0.00,0.00
2013.09.30 15:22:06.866,13.29742,13.30043,0.00,0.00
2013.09.30 15:22:07.086,13.29742,13.30048,0.00,0.00
2013.09.30 15:22:07.160,13.29742,13.30043,0.00,0.00
2013.09.30 15:22:07.276,13.29772,13.30076,0.00,0.00
2013.09.30 15:22:07.336,13.29772,13.30088,0.00,0.00
2013.09.30 15:22:08.973,13.29782,13.30098,0.00,0.00
2013.09.30 15:22:10.538,13.29792,13.30108,0.00,0.00
2013.09.30 15:22:11.470,13.29842,13.30118,0.00,0.00
2013.09.30 15:22:11.886,13.29842,13.30128,0.00,0.00
2013.09.30 15:22:12.096,13.29842,13.30148,0.00,0.00
2013.09.30 15:22:12.216,13.29872,13.30176,0.00,0.00
2013.09.30 15:22:12.336,13.29902,13.30218,0.00,0.00
2013.09.30 15:22:12.547,13.29942,13.30237,0.00,0.00
2013.09.30 15:22:12.606,13.29942,13.30248,0.00,0.00
2013.09.30 15:22:12.688,13.29942,13.30233,0.00,0.00
2013.09.30 15:22:13.717,13.29942,13.30248,0.00,0.00
2013.09.30 15:22:16.676,13.29942,13.30258,0.00,0.00
2013.09.30 15:22:19.924,13.29962,13.30267,0.00,0.00
2013.09.30 15:22:20.077,13.29972,13.30284,0.00,0.00
2013.09.30 15:22:20.136,13.29972,13.30288,0.00,0.00
2013.09.30 15:22:20.696,13.30164,13.30288,0.00,0.00
2013.09.30 15:22:20.757,13.30182,13.30307,0.00,0.00
2013.09.30 15:22:20.869,13.30172,13.30307,0.00,0.00
2013.09.30 15:22:20.978,13.30164,13.30307,0.00,0.00
2013.09.30 15:22:21.036,13.30157,13.30307,0.00,0.00
2013.09.30 15:22:21.156,13.30042,13.30307,0.00,0.00
2013.09.30 15:22:21.511,13.30042,13.30327,0.00,0.00
2013.09.30 15:22:21.566,13.30172,13.30327,0.00,0.00
2013.09.30 15:22:21.987,13.30162,13.30327,0.00,0.00
2013.09.30 15:22:22.186,13.30172,13.30327,0.00,0.00
2013.09.30 15:22:22.306,13.30062,13.30327,0.00,0.00
2013.09.30 15:22:22.367,13.30042,13.30327,0.00,0.00
2013.09.30 15:22:24.833,13.30032,13.30327,0.00,0.00
2013.09.30 15:22:25.242,13.30172,13.30327,0.00,0.00
2013.09.30 15:22:25.559,13.30172,13.30312,0.00,0.00
2013.09.30 15:22:25.757,13.30153,13.30312,0.00,0.00
2013.09.30 15:22:25.818,13.30062,13.30312,0.00,0.00
2013.09.30 15:22:25.877,13.30042,13.30312,0.00,0.00
2013.09.30 15:22:26.132,13.30042,13.30327,0.00,0.00
2013.09.30 15:22:26.677,13.30042,13.30358,0.00,0.00
2013.09.30 15:22:26.738,13.30165,13.30358,0.00,0.00
2013.09.30 15:22:26.796,13.30192,13.30407,0.00,0.00
2013.09.30 15:22:26.999,13.30172,13.30407,0.00,0.00
2013.09.30 15:22:27.116,13.30192,13.30407,0.00,0.00
2013.09.30 15:22:27.498,13.30102,13.30372,0.00,0.00
2013.09.30 15:22:27.618,13.30162,13.30322,0.00,0.00
2013.09.30 15:22:27.677,13.30062,13.30358,0.00,0.00
2013.09.30 15:22:27.737,13.30162,13.30358,0.00,0.00
2013.09.30 15:22:28.111,13.30172,13.30358,0.00,0.00
2013.09.30 15:22:28.266,13.30162,13.30358,0.00,0.00
2013.09.30 15:22:28.327,13.30062,13.30358,0.00,0.00
2013.09.30 15:22:28.387,13.30132,13.30322,0.00,0.00
2013.09.30 15:22:28.657,13.30068,13.30322,0.00,0.00
2013.09.30 15:22:28.808,13.30032,13.30322,0.00,0.00
2013.09.30 15:22:28.927,13.30032,13.30337,0.00,0.00
2013.09.30 15:22:28.987,13.30147,13.30337,0.00,0.00
2013.09.30 15:22:29.358,13.30162,13.30302,0.00,0.00
2013.09.30 15:22:29.672,13.30182,13.30302,0.00,0.00
2013.09.30 15:22:31.306,13.30148,13.30302,0.00,0.00
2013.09.30 15:22:31.373,13.30052,13.30302,0.00,0.00
2013.09.30 15:22:31.546,13.30032,13.30302,0.00,0.00
2013.09.30 15:22:32.417,13.30032,13.30327,0.00,0.00
2013.09.30 15:22:38.672,13.30032,13.30347,0.00,0.00
2013.09.30 15:22:38.826,13.30042,13.30347,0.00,0.00
2013.09.30 15:22:39.205,13.30182,13.30347,0.00,0.00
2013.09.30 15:22:40.786,13.30182,13.30358,0.00,0.00
2013.09.30 15:22:40.928,13.30172,13.30358,0.00,0.00
2013.09.30 15:22:40.986,13.30192,13.30358,0.00,0.00
2013.09.30 15:22:41.356,13.30172,13.30358,0.00,0.00
2013.09.30 15:22:41.457,13.30163,13.30358,0.00,0.00
2013.09.30 15:22:42.488,13.30143,13.30358,0.00,0.00
2013.09.30 15:22:42.587,13.30072,13.30358,0.00,0.00
2013.09.30 15:22:42.788,13.30102,13.30367,0.00,0.00
2013.09.30 15:22:42.906,13.30102,13.30387,0.00,0.00
2013.09.30 15:22:43.026,13.30115,13.30387,0.00,0.00
2013.09.30 15:22:43.445,13.30132,13.30387,0.00,0.00
2013.09.30 15:22:43.754,13.30182,13.30387,0.00,0.00
2013.09.30 15:22:43.947,13.30192,13.30508,0.00,0.00
2013.09.30 15:22:44.007,13.30212,13.30528,0.00,0.00
2013.09.30 15:22:44.317,13.30223,13.30528,0.00,0.00
2013.09.30 15:22:44.626,13.30223,13.30513,0.00,0.00
2013.09.30 15:22:45.161,13.30243,13.30513,0.00,0.00
2013.09.30 15:22:46.627,13.30243,13.3053,0.00,0.00
2013.09.30 15:22:46.747,13.30243,13.30538,0.00,0.00
2013.09.30 15:22:47.122,13.30282,13.30598,0.00,0.00
2013.09.30 15:22:47.176,13.30292,13.30601,0.00,0.00
2013.09.30 15:22:47.236,13.30292,13.30608,0.00,0.00
2013.09.30 15:22:48.346,13.30312,13.30628,0.00,0.00
2013.09.30 15:22:48.656,13.30382,13.30658,0.00,0.00
2013.09.30 15:22:48.866,13.30361,13.30658,0.00,0.00
2013.09.30 15:22:48.926,13.30361,13.30652,0.00,0.00
2013.09.30 15:22:48.986,13.30342,13.30652,0.00,0.00
2013.09.30 15:22:49.106,13.30312,13.30633,0.00,0.00
2013.09.30 15:22:49.170,13.30372,13.30647,0.00,0.00
2013.09.30 15:22:50.236,13.30372,13.30658,0.00,0.00
2013.09.30 15:22:54.594,13.30532,13.30667,0.00,0.00
2013.09.30 15:22:54.647,13.30532,13.30716,0.00,0.00
2013.09.30 15:22:54.707,13.30592,13.30858,0.00,0.00
2013.09.30 15:22:54.796,13.30582,13.30885,0.00,0.00
2013.09.30 15:22:54.857,13.30582,13.30898,0.00,0.00
2013.09.30 15:22:54.917,13.30638,13.30898,0.00,0.00
2013.09.30 15:22:55.036,13.30662,13.30927,0.00,0.00
2013.09.30 15:22:55.109,13.30638,13.30863,0.00,0.00
2013.09.30 15:22:55.166,13.30605,13.30863,0.00,0.00
2013.09.30 15:22:55.287,13.30592,13.30863,0.00,0.00
2013.09.30 15:22:55.346,13.30612,13.30863,0.00,0.00
2013.09.30 15:22:55.527,13.30602,13.30863,0.00,0.00
2013.09.30 15:22:55.757,13.30622,13.30907,0.00,0.00
2013.09.30 15:22:55.828,13.30662,13.30907,0.00,0.00
2013.09.30 15:22:56.711,13.30662,13.30937,0.00,0.00
2013.09.30 15:22:57.076,13.30672,13.30937,0.00,0.00
2013.09.30 15:22:57.180,13.3064,13.30933,0.00,0.00
2013.09.30 15:22:57.297,13.30612,13.30933,0.00,0.00
2013.09.30 15:22:58.037,13.30622,13.30937,0.00,0.00
2013.09.30 15:22:58.521,13.30762,13.30937,0.00,0.00
2013.09.30 15:22:58.867,13.30782,13.30937,0.00,0.00
2013.09.30 15:22:59.438,13.30757,13.30937,0.00,0.00
2013.09.30 15:22:59.496,13.30757,13.30912,0.00,0.00
2013.09.30 15:22:59.556,13.30712,13.30912,0.00,0.00
2013.09.30 15:22:59.676,13.30722,13.30912,0.00,0.00
2013.09.30 15:22:59.949,13.30712,13.30912,0.00,0.00
2013.09.30 15:23:00.031,13.30712,13.30892,0.00,0.00
2013.09.30 15:23:00.987,13.30722,13.30892,0.00,0.00
2013.09.30 15:23:02.004,13.30712,13.30892,0.00,0.00
2013.09.30 15:23:03.001,13.30712,13.30872,0.00,0.00
2013.09.30 15:23:03.057,13.30702,13.30863,0.00,0.00
2013.09.30 15:23:04.321,13.30702,13.30832,0.00,0.00
2013.09.30 15:23:04.596,13.30679,13.30832,0.00,0.00
2013.09.30 15:23:04.657,13.30632,13.30832,0.00,0.00
2013.09.30 15:23:04.717,13.30672,13.30832,0.00,0.00
2013.09.30 15:23:05.184,13.30692,13.30832,0.00,0.00
2013.09.30 15:23:05.491,13.30668,13.30832,0.00,0.00
2013.09.30 15:23:05.578,13.30532,13.30832,0.00,0.00
2013.09.30 15:23:05.638,13.30592,13.30832,0.00,0.00
2013.09.30 15:23:05.993,13.30592,13.30812,0.00,0.00
2013.09.30 15:23:06.297,13.30682,13.30812,0.00,0.00
2013.09.30 15:23:06.417,13.3066,13.30812,0.00,0.00
2013.09.30 15:23:06.476,13.30642,13.30827,0.00,0.00
2013.09.30 15:23:06.536,13.30702,13.30827,0.00,0.00
2013.09.30 15:23:06.597,13.30702,13.30857,0.00,0.00
2013.09.30 15:23:07.101,13.30702,13.30858,0.00,0.00
2013.09.30 15:23:07.867,13.30761,13.30897,0.00,0.00
2013.09.30 15:23:07.987,13.30712,13.30897,0.00,0.00
2013.09.30 15:23:08.047,13.30772,13.30897,0.00,0.00
2013.09.30 15:23:08.130,13.30709,13.30897,0.00,0.00
2013.09.30 15:23:08.186,13.30632,13.30897,0.00,0.00
2013.09.30 15:23:08.246,13.30612,13.30897,0.00,0.00
2013.09.30 15:23:09.058,13.30582,13.30897,0.00,0.00
2013.09.30 15:23:10.327,13.30582,13.30838,0.00,0.00
2013.09.30 15:23:10.447,13.30473,13.30763,0.00,0.00
2013.09.30 15:23:10.615,13.30422,13.30743,0.00,0.00
2013.09.30 15:23:10.720,13.30412,13.30733,0.00,0.00
2013.09.30 15:23:11.034,13.30402,13.30723,0.00,0.00
2013.09.30 15:23:11.601,13.30412,13.30728,0.00,0.00
2013.09.30 15:23:12.031,13.30222,13.30543,0.00,0.00
2013.09.30 15:23:12.549,13.30202,13.30523,0.00,0.00
2013.09.30 15:23:12.855,13.30242,13.30523,0.00,0.00
2013.09.30 15:23:12.970,13.30262,13.3054,0.00,0.00
2013.09.30 15:23:13.029,13.30262,13.30557,0.00,0.00
2013.09.30 15:23:13.087,13.30282,13.30577,0.00,0.00
2013.09.30 15:23:13.147,13.30282,13.30598,0.00,0.00
2013.09.30 15:23:13.307,13.30292,13.30608,0.00,0.00
2013.09.30 15:23:13.666,13.30372,13.30688,0.00,0.00
2013.09.30 15:23:13.992,13.30382,13.30698,0.00,0.00
2013.09.30 15:23:14.307,13.30342,13.30633,0.00,0.00
2013.09.30 15:23:15.147,13.30293,13.30563,0.00,0.00
2013.09.30 15:23:15.287,13.30253,13.30563,0.00,0.00
2013.09.30 15:23:15.406,13.30242,13.30563,0.00,0.00
2013.09.30 15:23:19.257,13.30252,13.30568,0.00,0.00
2013.09.30 15:23:19.717,13.30242,13.30563,0.00,0.00
2013.09.30 15:23:20.730,13.30242,13.30543,0.00,0.00
2013.09.30 15:23:20.967,13.30203,13.30513,0.00,0.00
2013.09.30 15:23:21.096,13.30192,13.30513,0.00,0.00
2013.09.30 15:23:21.248,13.30212,13.30528,0.00,0.00
2013.09.30 15:23:22.876,13.30202,13.30523,0.00,0.00
2013.09.30 15:23:26.357,13.30192,13.30513,0.00,0.00
2013.09.30 15:23:26.867,13.30212,13.3052,0.00,0.00
2013.09.30 15:23:26.927,13.30212,13.30528,0.00,0.00
2013.09.30 15:23:26.987,13.30222,13.30538,0.00,0.00
2013.09.30 15:23:27.354,13.30242,13.30538,0.00,0.00
2013.09.30 15:23:27.969,13.30242,13.30533,0.00,0.00
2013.09.30 15:23:31.740,13.30242,13.30538,0.00,0.00
2013.09.30 15:23:32.452,13.30242,13.30548,0.00,0.00
2013.09.30 15:23:32.568,13.30272,13.30559,0.00,0.00
2013.09.30 15:23:32.627,13.30272,13.30574,0.00,0.00
2013.09.30 15:23:32.687,13.30316,13.30588,0.00,0.00
2013.09.30 15:23:32.817,13.30272,13.30588,0.00,0.00
2013.09.30 15:23:32.878,13.30282,13.30598,0.00,0.00
2013.09.30 15:23:33.273,13.30342,13.30618,0.00,0.00
2013.09.30 15:23:33.327,13.30342,13.30628,0.00,0.00
2013.09.30 15:23:38.697,13.30342,13.30658,0.00,0.00
2013.09.30 15:23:38.873,13.30342,13.30643,0.00,0.00
2013.09.30 15:23:39.178,13.30342,13.30633,0.00,0.00
2013.09.30 15:23:43.828,13.30342,13.30648,0.00,0.00
2013.09.30 15:23:50.497,13.30342,13.30643,0.00,0.00
2013.09.30 15:23:53.206,13.30342,13.30622,0.00,0.00
2013.09.30 15:23:53.417,13.30262,13.30583,0.00,0.00
2013.09.30 15:23:53.490,13.30272,13.30588,0.00,0.00
2013.09.30 15:23:54.356,13.30292,13.30608,0.00,0.00
2013.09.30 15:23:55.886,13.30322,13.30638,0.00,0.00
2013.09.30 15:23:57.770,13.30332,13.30648,0.00,0.00
2013.09.30 15:23:58.887,13.30342,13.30658,0.00,0.00
2013.09.30 15:23:59.737,13.30412,13.30677,0.00,0.00
2013.09.30 15:23:59.857,13.30422,13.3073,0.00,0.00
2013.09.30 15:23:59.917,13.30422,13.30738,0.00,0.00
2013.09.30 15:24:00.107,13.30432,13.30748,0.00,0.00
2013.09.30 15:24:00.754,13.30542,13.30758,0.00,0.00
2013.09.30 15:24:00.907,13.30542,13.30773,0.00,0.00
2013.09.30 15:24:00.967,13.30542,13.30818,0.00,0.00
2013.09.30 15:24:01.087,13.30542,13.30828,0.00,0.00
2013.09.30 15:24:01.358,13.30542,13.30823,0.00,0.00
2013.09.30 15:24:02.024,13.30502,13.30823,0.00,0.00
2013.09.30 15:24:02.267,13.30492,13.30813,0.00,0.00
2013.09.30 15:24:02.645,13.30502,13.30818,0.00,0.00
2013.09.30 15:24:03.997,13.30492,13.30813,0.00,0.00
2013.09.30 15:24:04.722,13.30502,13.30818,0.00,0.00
2013.09.30 15:24:05.953,13.30542,13.30818,0.00,0.00
2013.09.30 15:24:07.563,13.30542,13.30828,0.00,0.00
2013.09.30 15:24:07.727,13.30552,13.30849,0.00,0.00
2013.09.30 15:24:07.787,13.30552,13.30868,0.00,0.00
2013.09.30 15:24:07.939,13.30556,13.30868,0.00,0.00
2013.09.30 15:24:08.107,13.30572,13.30888,0.00,0.00
2013.09.30 15:24:09.937,13.30562,13.30883,0.00,0.00
2013.09.30 15:24:10.238,13.30582,13.30898,0.00,0.00
2013.09.30 15:24:10.907,13.30642,13.30918,0.00,0.00
2013.09.30 15:24:11.027,13.30642,13.30928,0.00,0.00
2013.09.30 15:24:11.087,13.30642,13.30958,0.00,0.00
2013.09.30 15:24:11.147,13.30652,13.30961,0.00,0.00
2013.09.30 15:24:11.207,13.30652,13.30968,0.00,0.00
2013.09.30 15:24:11.467,13.30672,13.30988,0.00,0.00
2013.09.30 15:24:12.047,13.30644,13.30943,0.00,0.00
2013.09.30 15:24:12.148,13.30642,13.30943,0.00,0.00
2013.09.30 15:24:12.207,13.30642,13.30933,0.00,0.00
2013.09.30 15:24:12.558,13.30642,13.30923,0.00,0.00
2013.09.30 15:24:12.862,13.30642,13.30928,0.00,0.00
2013.09.30 15:24:12.981,13.30643,13.30942,0.00,0.00
2013.09.30 15:24:13.085,13.30662,13.30942,0.00,0.00
2013.09.30 15:24:13.147,13.30662,13.30955,0.00,0.00
2013.09.30 15:24:13.207,13.30662,13.3097,0.00,0.00
2013.09.30 15:24:13.358,13.30683,13.3097,0.00,0.00
2013.09.30 15:24:13.537,13.30762,13.31078,0.00,0.00
2013.09.30 15:24:14.028,13.30752,13.31063,0.00,0.00
2013.09.30 15:24:14.248,13.30752,13.31068,0.00,0.00
2013.09.30 15:24:14.367,13.30742,13.31033,0.00,0.00
2013.09.30 15:24:14.757,13.30742,13.31023,0.00,0.00
2013.09.30 15:24:16.028,13.30682,13.31003,0.00,0.00
2013.09.30 15:24:16.126,13.3066,13.30933,0.00,0.00
2013.09.30 15:24:16.187,13.30642,13.30933,0.00,0.00
2013.09.30 15:24:16.827,13.30642,13.30923,0.00,0.00
2013.09.30 15:24:17.147,13.30642,13.30913,0.00,0.00
2013.09.30 15:24:18.657,13.30642,13.30918,0.00,0.00
2013.09.30 15:24:19.307,13.30642,13.30913,0.00,0.00
2013.09.30 15:24:20.028,13.30642,13.30925,0.00,0.00
2013.09.30 15:24:20.232,13.30644,13.30948,0.00,0.00
2013.09.30 15:24:20.299,13.30692,13.31008,0.00,0.00
2013.09.30 15:24:22.789,13.30664,13.30953,0.00,0.00
2013.09.30 15:24:22.879,13.30645,13.30953,0.00,0.00
2013.09.30 15:24:22.997,13.30642,13.30953,0.00,0.00
2013.09.30 15:24:23.058,13.30642,13.30943,0.00,0.00
2013.09.30 15:24:24.207,13.30713,13.30943,0.00,0.00
2013.09.30 15:24:24.327,13.30752,13.3104,0.00,0.00
2013.09.30 15:24:24.387,13.30802,13.31118,0.00,0.00
2013.09.30 15:24:24.650,13.30802,13.31112,0.00,0.00
2013.09.30 15:24:24.987,13.30742,13.31043,0.00,0.00
2013.09.30 15:24:25.107,13.30742,13.31048,0.00,0.00
2013.09.30 15:24:26.409,13.30742,13.31043,0.00,0.00
2013.09.30 15:24:27.029,13.30802,13.31047,0.00,0.00
2013.09.30 15:24:27.086,13.30802,13.31049,0.00,0.00
2013.09.30 15:24:27.147,13.30812,13.31128,0.00,0.00
2013.09.30 15:24:27.747,13.30822,13.31138,0.00,0.00
2013.09.30 15:24:29.728,13.30812,13.31133,0.00,0.00
2013.09.30 15:24:30.348,13.30802,13.31123,0.00,0.00
2013.09.30 15:24:33.889,13.30802,13.31102,0.00,0.00
2013.09.30 15:24:33.947,13.30782,13.31098,0.00,0.00
2013.09.30 15:24:34.032,13.3078,13.31083,0.00,0.00
2013.09.30 15:24:34.087,13.30769,13.31083,0.00,0.00
2013.09.30 15:24:34.147,13.30782,13.31097,0.00,0.00
2013.09.30 15:24:34.297,13.30742,13.31063,0.00,0.00
2013.09.30 15:24:36.877,13.30742,13.31043,0.00,0.00
2013.09.30 15:24:38.107,13.30712,13.31033,0.00,0.00
2013.09.30 15:24:38.237,13.30702,13.31023,0.00,0.00
2013.09.30 15:24:38.987,13.30682,13.31003,0.00,0.00
2013.09.30 15:24:39.307,13.30683,13.30993,0.00,0.00
2013.09.30 15:24:39.367,13.30672,13.30993,0.00,0.00
2013.09.30 15:24:41.207,13.30662,13.30983,0.00,0.00
2013.09.30 15:24:41.513,13.30642,13.30963,0.00,0.00
2013.09.30 15:24:41.820,13.30642,13.30953,0.00,0.00
2013.09.30 15:24:42.807,13.30632,13.30953,0.00,0.00
2013.09.30 15:24:43.007,13.30612,13.30933,0.00,0.00
2013.09.30 15:24:43.363,13.30582,13.30903,0.00,0.00
2013.09.30 15:24:46.461,13.30602,13.30918,0.00,0.00
2013.09.30 15:24:46.777,13.30612,13.30927,0.00,0.00
2013.09.30 15:24:48.247,13.30612,13.30892,0.00,0.00
2013.09.30 15:24:48.307,13.30582,13.30892,0.00,0.00
2013.09.30 15:24:48.507,13.30542,13.30863,0.00,0.00
2013.09.30 15:24:52.259,13.30542,13.30852,0.00,0.00
2013.09.30 15:24:52.331,13.30532,13.30848,0.00,0.00
2013.09.30 15:24:52.643,13.30542,13.30848,0.00,0.00
2013.09.30 15:24:53.627,13.30542,13.30848,0.00,0.00
2013.09.30 15:24:55.101,13.30542,13.30858,0.00,0.00
2013.09.30 15:24:57.613,13.30602,13.30872,0.00,0.00
2013.09.30 15:24:57.708,13.30602,13.30917,0.00,0.00
2013.09.30 15:24:57.768,13.30612,13.30928,0.00,0.00
2013.09.30 15:25:01.407,13.30602,13.30923,0.00,0.00
2013.09.30 15:25:02.100,13.30612,13.30928,0.00,0.00
2013.09.30 15:25:02.499,13.30622,13.30938,0.00,0.00
2013.09.30 15:25:12.237,13.30602,13.30923,0.00,0.00
2013.09.30 15:25:12.567,13.30542,13.30863,0.00,0.00
2013.09.30 15:25:14.329,13.30542,13.30853,0.00,0.00
2013.09.30 15:25:18.237,13.30522,13.30843,0.00,0.00
2013.09.30 15:25:19.908,13.30512,13.30833,0.00,0.00
2013.09.30 15:25:26.738,13.30492,13.30813,0.00,0.00
2013.09.30 15:25:29.547,13.30482,13.30803,0.00,0.00
2013.09.30 15:25:31.107,13.30462,13.30783,0.00,0.00
2013.09.30 15:25:31.955,13.30442,13.30753,0.00,0.00
2013.09.30 15:25:37.840,13.30412,13.30663,0.00,0.00
2013.09.30 15:25:37.898,13.30401,13.30663,0.00,0.00
2013.09.30 15:25:38.017,13.30359,13.30663,0.00,0.00
2013.09.30 15:25:38.077,13.30359,13.30643,0.00,0.00
2013.09.30 15:25:38.137,13.30322,13.30643,0.00,0.00
2013.09.30 15:25:38.346,13.30312,13.30633,0.00,0.00
2013.09.30 15:25:39.528,13.30312,13.30622,0.00,0.00
2013.09.30 15:25:39.848,13.30282,13.30603,0.00,0.00
2013.09.30 15:25:41.028,13.30259,13.30573,0.00,0.00
2013.09.30 15:25:41.207,13.30252,13.30573,0.00,0.00
2013.09.30 15:25:42.218,13.30252,13.30568,0.00,0.00
2013.09.30 15:25:42.577,13.30152,13.30473,0.00,0.00
2013.09.30 15:25:42.680,13.30242,13.30463,0.00,0.00
2013.09.30 15:25:42.797,13.30242,13.30497,0.00,0.00
2013.09.30 15:25:42.857,13.30242,13.30514,0.00,0.00
2013.09.30 15:25:42.978,13.30242,13.30527,0.00,0.00
2013.09.30 15:25:43.121,13.30232,13.30527,0.00,0.00
2013.09.30 15:25:43.177,13.30232,13.30482,0.00,0.00
2013.09.30 15:25:43.325,13.30202,13.30482,0.00,0.00
2013.09.30 15:25:43.387,13.30162,13.30482,0.00,0.00
2013.09.30 15:25:43.447,13.30183,13.30482,0.00,0.00
2013.09.30 15:25:43.578,13.30153,13.30482,0.00,0.00
2013.09.30 15:25:43.950,13.30182,13.30482,0.00,0.00
2013.09.30 15:25:44.264,13.30172,13.30482,0.00,0.00
2013.09.30 15:25:44.775,13.30142,13.30453,0.00,0.00
2013.09.30 15:25:46.928,13.30142,13.30448,0.00,0.00
2013.09.30 15:25:47.427,13.30152,13.30448,0.00,0.00
2013.09.30 15:25:47.848,13.30162,13.30448,0.00,0.00
2013.09.30 15:25:52.688,13.30172,13.30448,0.00,0.00
2013.09.30 15:25:54.298,13.30172,13.30487,0.00,0.00
2013.09.30 15:25:54.422,13.30192,13.30487,0.00,0.00
2013.09.30 15:25:54.628,13.30172,13.30487,0.00,0.00
2013.09.30 15:25:54.777,13.30165,13.30473,0.00,0.00
2013.09.30 15:25:54.837,13.30152,13.30473,0.00,0.00
2013.09.30 15:25:55.249,13.30134,13.30453,0.00,0.00
2013.09.30 15:25:55.607,13.30055,13.30333,0.00,0.00
2013.09.30 15:25:55.667,13.30012,13.30292,0.00,0.00
2013.09.30 15:25:55.729,13.30012,13.30317,0.00,0.00
2013.09.30 15:25:55.907,13.30042,13.30317,0.00,0.00
2013.09.30 15:25:56.938,13.30042,13.30328,0.00,0.00
2013.09.30 15:26:05.574,13.30002,13.30323,0.00,0.00
2013.09.30 15:26:05.629,13.30002,13.30282,0.00,0.00
2013.09.30 15:26:05.982,13.30012,13.30282,0.00,0.00
2013.09.30 15:26:06.367,13.29943,13.30253,0.00,0.00
2013.09.30 15:26:06.948,13.29942,13.30242,0.00,0.00
2013.09.30 15:26:07.049,13.29932,13.30242,0.00,0.00
2013.09.30 15:26:07.455,13.30042,13.30242,0.00,0.00
2013.09.30 15:26:07.517,13.29962,13.30268,0.00,0.00
2013.09.30 15:26:07.577,13.30002,13.303,0.00,0.00
2013.09.30 15:26:07.637,13.30002,13.30317,0.00,0.00
2013.09.30 15:26:07.730,13.30008,13.30317,0.00,0.00
2013.09.30 15:26:08.542,13.30042,13.30317,0.00,0.00
2013.09.30 15:26:08.954,13.30002,13.30302,0.00,0.00
2013.09.30 15:26:09.038,13.30002,13.30272,0.00,0.00
2013.09.30 15:26:09.158,13.29986,13.30268,0.00,0.00
2013.09.30 15:26:09.217,13.29952,13.30253,0.00,0.00
2013.09.30 15:26:09.277,13.29942,13.30253,0.00,0.00
2013.09.30 15:26:09.862,13.29942,13.30243,0.00,0.00
2013.09.30 15:26:10.578,13.29922,13.30243,0.00,0.00
2013.09.30 15:26:10.637,13.29922,13.30232,0.00,0.00
2013.09.30 15:26:11.088,13.29942,13.30238,0.00,0.00
2013.09.30 15:26:15.565,13.30042,13.30257,0.00,0.00
2013.09.30 15:26:15.827,13.30042,13.30327,0.00,0.00
2013.09.30 15:26:20.808,13.30042,13.30347,0.00,0.00
2013.09.30 15:26:23.692,13.30052,13.30347,0.00,0.00
2013.09.30 15:26:28.197,13.30029,13.30313,0.00,0.00
2013.09.30 15:26:28.357,13.2997,13.30258,0.00,0.00
2013.09.30 15:26:28.417,13.29959,13.30243,0.00,0.00
2013.09.30 15:26:28.557,13.29942,13.30243,0.00,0.00
2013.09.30 15:26:40.387,13.30042,13.30263,0.00,0.00
2013.09.30 15:26:40.447,13.30042,13.30297,0.00,0.00
2013.09.30 15:26:40.569,13.30042,13.30308,0.00,0.00
2013.09.30 15:26:40.628,13.30042,13.30348,0.00,0.00
2013.09.30 15:26:59.978,13.30042,13.30357,0.00,0.00
2013.09.30 15:27:03.197,13.30023,13.30293,0.00,0.00
2013.09.30 15:27:03.258,13.29972,13.30293,0.00,0.00
2013.09.30 15:27:03.317,13.29972,13.30282,0.00,0.00
2013.09.30 15:27:03.468,13.29942,13.30263,0.00,0.00
2013.09.30 15:27:03.591,13.29942,13.30243,0.00,0.00
2013.09.30 15:27:03.917,13.30242,13.30518,0.00,0.00
2013.09.30 15:27:04.037,13.30239,13.30528,0.00,0.00
2013.09.30 15:27:04.097,13.30212,13.30528,0.00,0.00
2013.09.30 15:27:04.279,13.30222,13.30538,0.00,0.00
2013.09.30 15:27:04.707,13.30242,13.30558,0.00,0.00
2013.09.30 15:27:05.043,13.30252,13.30568,0.00,0.00
2013.09.30 15:27:05.607,13.30232,13.30553,0.00,0.00
2013.09.30 15:27:06.049,13.30222,13.30543,0.00,0.00
2013.09.30 15:27:06.407,13.30162,13.30483,0.00,0.00
2013.09.30 15:27:06.976,13.30242,13.30518,0.00,0.00
2013.09.30 15:27:07.198,13.30242,13.30528,0.00,0.00
2013.09.30 15:27:08.338,13.30242,13.30528,0.00,0.00
2013.09.30 15:27:08.457,13.30202,13.30523,0.00,0.00
2013.09.30 15:27:08.637,13.30162,13.30483,0.00,0.00
2013.09.30 15:27:09.728,13.30142,13.30453,0.00,0.00
2013.09.30 15:27:11.771,13.30142,13.30443,0.00,0.00
2013.09.30 15:27:13.337,13.30142,13.30458,0.00,0.00
2013.09.30 15:27:13.411,13.30152,13.30468,0.00,0.00
2013.09.30 15:27:15.444,13.30242,13.30488,0.00,0.00
2013.09.30 15:27:15.497,13.30242,13.3049,0.00,0.00
2013.09.30 15:27:15.557,13.30242,13.30548,0.00,0.00
2013.09.30 15:27:15.677,13.30242,13.30558,0.00,0.00
2013.09.30 15:27:17.573,13.30242,13.30553,0.00,0.00
2013.09.30 15:27:19.183,13.30242,13.30558,0.00,0.00
2013.09.30 15:27:20.103,13.30242,13.30553,0.00,0.00
2013.09.30 15:27:25.448,13.30242,13.30558,0.00,0.00
2013.09.30 15:27:25.707,13.30342,13.30584,0.00,0.00
2013.09.30 15:27:25.767,13.30342,13.30588,0.00,0.00
2013.09.30 15:27:25.827,13.30342,13.30609,0.00,0.00
2013.09.30 15:27:25.935,13.30342,13.30648,0.00,0.00
2013.09.30 15:27:25.997,13.30352,13.30668,0.00,0.00
2013.09.30 15:27:26.117,13.30442,13.30708,0.00,0.00
2013.09.30 15:27:26.237,13.30444,13.30748,0.00,0.00
2013.09.30 15:27:26.357,13.30442,13.30748,0.00,0.00
2013.09.30 15:27:26.804,13.30432,13.30748,0.00,0.00
2013.09.30 15:27:26.887,13.30432,13.30682,0.00,0.00
2013.09.30 15:27:27.168,13.30342,13.30653,0.00,0.00
2013.09.30 15:27:27.397,13.30342,13.30657,0.00,0.00
2013.09.30 15:27:27.517,13.30342,13.30653,0.00,0.00
2013.09.30 15:27:27.697,13.30342,13.30657,0.00,0.00
2013.09.30 15:27:29.837,13.30352,13.30657,0.00,0.00
2013.09.30 15:27:29.897,13.30352,13.30668,0.00,0.00
2013.09.30 15:27:33.550,13.30442,13.30681,0.00,0.00
2013.09.30 15:27:33.607,13.30442,13.30694,0.00,0.00
2013.09.30 15:27:33.727,13.30442,13.30738,0.00,0.00
2013.09.30 15:27:33.787,13.30417,13.30713,0.00,0.00
2013.09.30 15:27:33.967,13.30392,13.30692,0.00,0.00
2013.09.30 15:27:34.087,13.30382,13.30692,0.00,0.00
2013.09.30 15:27:36.338,13.30402,13.30692,0.00,0.00
2013.09.30 15:27:36.397,13.30402,13.30715,0.00,0.00
2013.09.30 15:27:36.517,13.30416,13.30718,0.00,0.00
2013.09.30 15:27:36.577,13.30416,13.30728,0.00,0.00
2013.09.30 15:27:36.637,13.30412,13.30728,0.00,0.00
2013.09.30 15:27:36.697,13.30542,13.30737,0.00,0.00
2013.09.30 15:27:36.817,13.30592,13.30825,0.00,0.00
2013.09.30 15:27:36.877,13.30612,13.30907,0.00,0.00
2013.09.30 15:27:36.997,13.3062,13.30928,0.00,0.00
2013.09.30 15:27:37.058,13.30612,13.30928,0.00,0.00
2013.09.30 15:27:37.178,13.30602,13.30917,0.00,0.00
2013.09.30 15:27:37.278,13.30592,13.30912,0.00,0.00
2013.09.30 15:27:37.337,13.30592,13.30893,0.00,0.00
2013.09.30 15:27:37.397,13.30572,13.30893,0.00,0.00
2013.09.30 15:27:37.555,13.30582,13.30898,0.00,0.00
2013.09.30 15:27:37.877,13.30642,13.30948,0.00,0.00
2013.09.30 15:27:38.217,13.30652,13.30968,0.00,0.00
2013.09.30 15:27:38.277,13.30702,13.30993,0.00,0.00
2013.09.30 15:27:38.397,13.30712,13.31028,0.00,0.00
2013.09.30 15:27:38.517,13.30742,13.31038,0.00,0.00
2013.09.30 15:27:38.707,13.30722,13.31038,0.00,0.00
2013.09.30 15:27:39.188,13.30742,13.31048,0.00,0.00
2013.09.30 15:27:40.302,13.30742,13.31043,0.00,0.00
2013.09.30 15:27:40.821,13.30772,13.31055,0.00,0.00
2013.09.30 15:27:40.879,13.30772,13.31067,0.00,0.00
2013.09.30 15:27:40.938,13.30782,13.31067,0.00,0.00
2013.09.30 15:27:40.998,13.30782,13.31091,0.00,0.00
2013.09.30 15:27:41.057,13.30782,13.31098,0.00,0.00
2013.09.30 15:27:41.546,13.30772,13.31093,0.00,0.00
2013.09.30 15:27:41.918,13.30742,13.31043,0.00,0.00
2013.09.30 15:27:42.472,13.30742,13.31033,0.00,0.00
2013.09.30 15:27:43.337,13.30742,13.31038,0.00,0.00
2013.09.30 15:27:43.537,13.30762,13.31057,0.00,0.00
2013.09.30 15:27:43.657,13.30792,13.31108,0.00,0.00
2013.09.30 15:27:43.717,13.30812,13.3112,0.00,0.00
2013.09.30 15:27:43.777,13.30812,13.31128,0.00,0.00
2013.09.30 15:27:44.229,13.30872,13.31157,0.00,0.00
2013.09.30 15:27:44.347,13.30892,13.31208,0.00,0.00
2013.09.30 15:27:44.547,13.30858,13.31153,0.00,0.00
2013.09.30 15:27:44.607,13.30842,13.31153,0.00,0.00
2013.09.30 15:27:44.667,13.30842,13.31133,0.00,0.00
2013.09.30 15:27:45.143,13.30842,13.31123,0.00,0.00
2013.09.30 15:27:47.684,13.30862,13.31142,0.00,0.00
2013.09.30 15:27:47.849,13.30862,13.31178,0.00,0.00
2013.09.30 15:27:47.907,13.30962,13.31204,0.00,0.00
2013.09.30 15:27:47.967,13.30962,13.31227,0.00,0.00
2013.09.30 15:27:49.598,13.30972,13.31227,0.00,0.00
2013.09.30 15:27:50.467,13.30972,13.31247,0.00,0.00
2013.09.30 15:27:51.307,13.30972,13.31182,0.00,0.00
2013.09.30 15:27:51.434,13.30952,13.31182,0.00,0.00
2013.09.30 15:27:51.487,13.30937,13.31182,0.00,0.00
2013.09.30 15:27:51.549,13.30882,13.31182,0.00,0.00
2013.09.30 15:27:51.738,13.30892,13.31182,0.00,0.00
2013.09.30 15:27:52.056,13.30922,13.31182,0.00,0.00
2013.09.30 15:27:52.117,13.30922,13.31217,0.00,0.00
2013.09.30 15:27:52.177,13.3093,13.31217,0.00,0.00
2013.09.30 15:27:52.337,13.30936,13.31237,0.00,0.00
2013.09.30 15:27:52.397,13.30962,13.31237,0.00,0.00
2013.09.30 15:27:52.457,13.30962,13.31278,0.00,0.00
2013.09.30 15:27:52.557,13.30962,13.31274,0.00,0.00
2013.09.30 15:27:52.917,13.30982,13.31263,0.00,0.00
2013.09.30 15:27:57.302,13.30982,13.31267,0.00,0.00
2013.09.30 15:27:57.467,13.30982,13.31298,0.00,0.00
2013.09.30 15:27:57.527,13.31002,13.31318,0.00,0.00
2013.09.30 15:27:57.920,13.30942,13.31253,0.00,0.00
2013.09.30 15:28:01.256,13.30942,13.31233,0.00,0.00
2013.09.30 15:28:01.666,13.30942,13.31213,0.00,0.00
2013.09.30 15:28:03.927,13.30873,13.31193,0.00,0.00
2013.09.30 15:28:03.987,13.30872,13.31182,0.00,0.00
2013.09.30 15:28:04.317,13.30842,13.31103,0.00,0.00
2013.09.30 15:28:04.624,13.30762,13.31063,0.00,0.00
2013.09.30 15:28:04.747,13.30742,13.31063,0.00,0.00
2013.09.30 15:28:04.887,13.30742,13.31013,0.00,0.00
2013.09.30 15:28:05.240,13.30742,13.31003,0.00,0.00
2013.09.30 15:28:05.477,13.30742,13.31008,0.00,0.00
2013.09.30 15:28:06.387,13.30742,13.31028,0.00,0.00
2013.09.30 15:28:07.390,13.30742,13.31038,0.00,0.00
2013.09.30 15:28:09.918,13.30742,13.31033,0.00,0.00
2013.09.30 15:28:13.659,13.30686,13.31003,0.00,0.00
2013.09.30 15:28:13.738,13.30686,13.30902,0.00,0.00
2013.09.30 15:28:13.797,13.30672,13.30902,0.00,0.00
2013.09.30 15:28:13.977,13.30652,13.30967,0.00,0.00
2013.09.30 15:28:14.117,13.30642,13.30953,0.00,0.00
2013.09.30 15:28:14.928,13.30642,13.30943,0.00,0.00
2013.09.30 15:28:16.738,13.30642,13.30958,0.00,0.00
2013.09.30 15:28:17.717,13.30642,13.30958,0.00,0.00
2013.09.30 15:28:17.777,13.30642,13.30953,0.00,0.00
2013.09.30 15:28:19.037,13.30612,13.30922,0.00,0.00
2013.09.30 15:28:19.449,13.30612,13.30902,0.00,0.00
2013.09.30 15:28:19.871,13.30589,13.30893,0.00,0.00
2013.09.30 15:28:19.928,13.30589,13.30872,0.00,0.00
2013.09.30 15:28:20.047,13.30602,13.30911,0.00,0.00
2013.09.30 15:28:20.107,13.30632,13.30936,0.00,0.00
2013.09.30 15:28:20.249,13.30632,13.30948,0.00,0.00
2013.09.30 15:28:22.198,13.30642,13.30948,0.00,0.00
2013.09.30 15:28:23.420,13.30652,13.30967,0.00,0.00
2013.09.30 15:28:23.728,13.30642,13.30953,0.00,0.00
2013.09.30 15:28:29.052,13.30642,13.30958,0.00,0.00
2013.09.30 15:28:30.847,13.30642,13.30953,0.00,0.00
2013.09.30 15:28:33.348,13.30612,13.30933,0.00,0.00
2013.09.30 15:28:33.607,13.30593,13.30903,0.00,0.00
2013.09.30 15:28:33.667,13.30582,13.30903,0.00,0.00
2013.09.30 15:28:34.327,13.30582,13.30892,0.00,0.00
2013.09.30 15:28:35.908,13.30547,13.30833,0.00,0.00
2013.09.30 15:28:36.029,13.30535,13.30833,0.00,0.00
2013.09.30 15:28:36.087,13.30535,13.30802,0.00,0.00
2013.09.30 15:28:36.207,13.30466,13.30763,0.00,0.00
2013.09.30 15:28:36.267,13.30442,13.30753,0.00,0.00
2013.09.30 15:28:42.190,13.3062,13.30758,0.00,0.00
2013.09.30 15:28:42.289,13.3064,13.30766,0.00,0.00
2013.09.30 15:28:42.407,13.30642,13.30779,0.00,0.00
2013.09.30 15:28:42.467,13.30642,13.30888,0.00,0.00
2013.09.30 15:28:42.527,13.30642,13.30906,0.00,0.00
2013.09.30 15:28:42.587,13.30642,13.30919,0.00,0.00
2013.09.30 15:28:42.707,13.30642,13.30937,0.00,0.00
2013.09.30 15:28:42.827,13.30652,13.30968,0.00,0.00
2013.09.30 15:28:43.283,13.30642,13.30963,0.00,0.00
2013.09.30 15:28:45.297,13.30662,13.30978,0.00,0.00
2013.09.30 15:28:46.128,13.30652,13.30973,0.00,0.00
2013.09.30 15:28:46.768,13.30642,13.30943,0.00,0.00
2013.09.30 15:28:52.503,13.30622,13.30943,0.00,0.00
2013.09.30 15:28:54.016,13.30622,13.30932,0.00,0.00
2013.09.30 15:28:55.145,13.30602,13.30923,0.00,0.00
2013.09.30 15:28:55.267,13.30578,13.30843,0.00,0.00
2013.09.30 15:28:55.327,13.30522,13.30843,0.00,0.00
2013.09.30 15:28:55.387,13.30482,13.30803,0.00,0.00
2013.09.30 15:28:55.753,13.30442,13.30753,0.00,0.00
2013.09.30 15:28:56.377,13.30542,13.30758,0.00,0.00
2013.09.30 15:28:56.437,13.30542,13.30767,0.00,0.00
2013.09.30 15:28:56.637,13.30542,13.30808,0.00,0.00
2013.09.30 15:28:56.697,13.30482,13.30803,0.00,0.00
2013.09.30 15:28:56.927,13.30462,13.30783,0.00,0.00
2013.09.30 15:28:57.510,13.30542,13.30808,0.00,0.00
2013.09.30 15:28:57.627,13.30542,13.30818,0.00,0.00
2013.09.30 15:28:58.528,13.30502,13.30818,0.00,0.00
2013.09.30 15:28:58.749,13.30492,13.30813,0.00,0.00
2013.09.30 15:28:59.566,13.30402,13.30723,0.00,0.00
2013.09.30 15:29:00.344,13.30392,13.30713,0.00,0.00
2013.09.30 15:29:00.677,13.30342,13.30663,0.00,0.00
2013.09.30 15:29:01.007,13.30342,13.30627,0.00,0.00
2013.09.30 15:29:01.124,13.30322,13.30627,0.00,0.00
2013.09.30 15:29:01.177,13.30342,13.30627,0.00,0.00
2013.09.30 15:29:01.437,13.30342,13.30677,0.00,0.00
2013.09.30 15:29:02.061,13.30352,13.30673,0.00,0.00
2013.09.30 15:29:03.186,13.30342,13.30663,0.00,0.00
2013.09.30 15:29:03.898,13.30349,13.30663,0.00,0.00
2013.09.30 15:29:03.957,13.30372,13.30688,0.00,0.00
2013.09.30 15:29:05.218,13.30382,13.30698,0.00,0.00
2013.09.30 15:29:05.577,13.30282,13.30603,0.00,0.00
2013.09.30 15:29:05.907,13.30242,13.30563,0.00,0.00
2013.09.30 15:29:06.254,13.30242,13.30543,0.00,0.00
2013.09.30 15:29:09.718,13.30242,13.30533,0.00,0.00
2013.09.30 15:29:10.247,13.30202,13.30523,0.00,0.00
2013.09.30 15:29:10.329,13.30182,13.30503,0.00,0.00
2013.09.30 15:29:10.638,13.30142,13.30453,0.00,0.00
2013.09.30 15:29:12.095,13.30242,13.30464,0.00,0.00
2013.09.30 15:29:12.287,13.30242,13.30518,0.00,0.00
2013.09.30 15:29:14.262,13.30242,13.30538,0.00,0.00
2013.09.30 15:29:14.329,13.30242,13.30548,0.00,0.00
2013.09.30 15:29:15.488,13.30242,13.30513,0.00,0.00
2013.09.30 15:29:15.547,13.30152,13.30473,0.00,0.00
2013.09.30 15:29:15.699,13.30148,13.30463,0.00,0.00
2013.09.30 15:29:15.757,13.30142,13.30463,0.00,0.00
2013.09.30 15:29:22.580,13.30126,13.30433,0.00,0.00
2013.09.30 15:29:23.086,13.30112,13.30402,0.00,0.00
2013.09.30 15:29:23.285,13.30122,13.30437,0.00,0.00
2013.09.30 15:29:23.347,13.30132,13.30437,0.00,0.00
2013.09.30 15:29:23.407,13.30132,13.30448,0.00,0.00
2013.09.30 15:29:23.650,13.30142,13.30448,0.00,0.00
2013.09.30 15:29:29.795,13.30142,13.30442,0.00,0.00
2013.09.30 15:29:29.903,13.30132,13.30442,0.00,0.00
2013.09.30 15:29:31.022,13.30122,13.30438,0.00,0.00
2013.09.30 15:29:31.113,13.30122,13.30422,0.00,0.00
2013.09.30 15:29:31.227,13.30042,13.30353,0.00,0.00
2013.09.30 15:29:31.955,13.30022,13.30343,0.00,0.00
2013.09.30 15:29:32.876,13.30012,13.30333,0.00,0.00
2013.09.30 15:29:33.490,13.29984,13.30283,0.00,0.00
2013.09.30 15:29:33.667,13.29942,13.30263,0.00,0.00
2013.09.30 15:29:34.647,13.29962,13.30267,0.00,0.00
2013.09.30 15:29:35.942,13.29942,13.30263,0.00,0.00
2013.09.30 15:29:40.282,13.29942,13.30253,0.00,0.00
2013.09.30 15:29:40.468,13.29904,13.30223,0.00,0.00
2013.09.30 15:29:40.568,13.29904,13.30202,0.00,0.00
2013.09.30 15:29:40.627,13.29902,13.30202,0.00,0.00
2013.09.30 15:29:40.699,13.29878,13.30193,0.00,0.00
2013.09.30 15:29:40.757,13.29872,13.30193,0.00,0.00
2013.09.30 15:29:41.237,13.29872,13.30182,0.00,0.00
2013.09.30 15:29:41.367,13.29842,13.30163,0.00,0.00
2013.09.30 15:29:41.797,13.29842,13.30152,0.00,0.00
2013.09.30 15:29:41.896,13.29842,13.30158,0.00,0.00
2013.09.30 15:29:47.117,13.29942,13.30178,0.00,0.00
2013.09.30 15:29:47.201,13.29912,13.3018,0.00,0.00
2013.09.30 15:29:47.260,13.29912,13.30228,0.00,0.00
2013.09.30 15:29:47.877,13.29912,13.30222,0.00,0.00
2013.09.30 15:29:48.275,13.29912,13.30202,0.00,0.00
2013.09.30 15:29:49.451,13.29892,13.30202,0.00,0.00
2013.09.30 15:29:49.697,13.29862,13.30183,0.00,0.00
2013.09.30 15:29:50.176,13.29852,13.30173,0.00,0.00
2013.09.30 15:29:50.698,13.29852,13.30168,0.00,0.00
2013.09.30 15:29:50.938,13.29842,13.30163,0.00,0.00
2013.09.30 15:29:51.915,13.29852,13.30167,0.00,0.00
2013.09.30 15:29:52.260,13.29842,13.30142,0.00,0.00
2013.09.30 15:29:54.411,13.29816,13.30133,0.00,0.00
2013.09.30 15:29:54.467,13.29816,13.30112,0.00,0.00
2013.09.30 15:29:54.587,13.29789,13.30103,0.00,0.00
2013.09.30 15:29:54.647,13.29782,13.30103,0.00,0.00
2013.09.30 15:29:54.719,13.29772,13.30093,0.00,0.00
2013.09.30 15:29:55.057,13.29712,13.30002,0.00,0.00
2013.09.30 15:29:55.358,13.29632,13.29942,0.00,0.00
2013.09.30 15:29:55.541,13.29652,13.29942,0.00,0.00
2013.09.30 15:29:55.697,13.29652,13.29958,0.00,0.00
2013.09.30 15:30:00.220,13.29672,13.29958,0.00,0.00
2013.09.30 15:30:00.568,13.29692,13.29958,0.00,0.00
2013.09.30 15:30:00.948,13.29692,13.29932,0.00,0.00
2013.09.30 15:30:01.008,13.29652,13.29932,0.00,0.00
2013.09.30 15:30:01.647,13.29632,13.29902,0.00,0.00
2013.09.30 15:30:01.767,13.29622,13.29902,0.00,0.00
2013.09.30 15:30:02.476,13.296,13.29898,0.00,0.00
2013.09.30 15:30:02.537,13.296,13.29872,0.00,0.00
2013.09.30 15:30:02.598,13.29592,13.29872,0.00,0.00
2013.09.30 15:30:02.718,13.29592,13.29897,0.00,0.00
2013.09.30 15:30:03.220,13.29582,13.29897,0.00,0.00
2013.09.30 15:30:03.526,13.29582,13.29863,0.00,0.00
2013.09.30 15:30:03.708,13.29562,13.2986,0.00,0.00
2013.09.30 15:30:03.768,13.29572,13.2986,0.00,0.00
2013.09.30 15:30:04.797,13.29492,13.29732,0.00,0.00
2013.09.30 15:30:05.362,13.29482,13.29732,0.00,0.00
2013.09.30 15:30:05.576,13.29462,13.29732,0.00,0.00
2013.09.30 15:30:05.675,13.29462,13.29712,0.00,0.00
2013.09.30 15:30:06.089,13.29472,13.29712,0.00,0.00
2013.09.30 15:30:07.126,13.29472,13.29727,0.00,0.00
2013.09.30 15:30:07.248,13.29512,13.29727,0.00,0.00
2013.09.30 15:30:07.338,13.29512,13.2981,0.00,0.00
2013.09.30 15:30:07.429,13.29552,13.2981,0.00,0.00
2013.09.30 15:30:07.488,13.29552,13.29817,0.00,0.00
2013.09.30 15:30:07.708,13.29543,13.29772,0.00,0.00
2013.09.30 15:30:07.827,13.29541,13.29772,0.00,0.00
2013.09.30 15:30:07.887,13.29532,13.29772,0.00,0.00
2013.09.30 15:30:07.979,13.29505,13.29763,0.00,0.00
2013.09.30 15:30:08.075,13.29492,13.29763,0.00,0.00
2013.09.30 15:30:08.138,13.29466,13.29732,0.00,0.00
2013.09.30 15:30:08.197,13.29452,13.29732,0.00,0.00
2013.09.30 15:30:09.985,13.29452,13.29712,0.00,0.00
2013.09.30 15:30:10.047,13.29442,13.29712,0.00,0.00
2013.09.30 15:30:10.108,13.29432,13.29712,0.00,0.00
2013.09.30 15:30:10.168,13.29422,13.29712,0.00,0.00
2013.09.30 15:30:11.178,13.29442,13.29712,0.00,0.00
2013.09.30 15:30:11.357,13.29472,13.29788,0.00,0.00
2013.09.30 15:30:11.417,13.29522,13.29808,0.00,0.00
2013.09.30 15:30:11.477,13.29522,13.29827,0.00,0.00
2013.09.30 15:30:11.537,13.29572,13.29827,0.00,0.00
2013.09.30 15:30:12.534,13.29582,13.29827,0.00,0.00
2013.09.30 15:30:12.888,13.29672,13.29917,0.00,0.00
2013.09.30 15:30:13.008,13.29682,13.29957,0.00,0.00
2013.09.30 15:30:13.598,13.29682,13.29958,0.00,0.00
2013.09.30 15:30:15.565,13.29682,13.29977,0.00,0.00
2013.09.30 15:30:15.627,13.29682,13.29997,0.00,0.00
2013.09.30 15:30:15.872,13.29692,13.29997,0.00,0.00
2013.09.30 15:30:16.244,13.29752,13.29997,0.00,0.00
2013.09.30 15:30:16.297,13.29752,13.30052,0.00,0.00
2013.09.30 15:30:16.357,13.29772,13.30058,0.00,0.00
2013.09.30 15:30:16.680,13.29782,13.30058,0.00,0.00
2013.09.30 15:30:16.858,13.29842,13.30147,0.00,0.00
2013.09.30 15:30:16.918,13.29852,13.30147,0.00,0.00
2013.09.30 15:30:19.674,13.29852,13.30158,0.00,0.00
2013.09.30 15:30:19.727,13.29892,13.30167,0.00,0.00
2013.09.30 15:30:20.997,13.29902,13.30197,0.00,0.00
2013.09.30 15:30:21.057,13.29922,13.30197,0.00,0.00
2013.09.30 15:30:21.868,13.29912,13.30197,0.00,0.00
2013.09.30 15:30:22.077,13.29885,13.30197,0.00,0.00
2013.09.30 15:30:22.137,13.29885,13.30172,0.00,0.00
2013.09.30 15:30:22.197,13.29882,13.30172,0.00,0.00
2013.09.30 15:30:22.379,13.29872,13.30172,0.00,0.00
2013.09.30 15:30:23.027,13.29848,13.30163,0.00,0.00
2013.09.30 15:30:23.087,13.29842,13.30163,0.00,0.00
2013.09.30 15:30:23.217,13.29842,13.30142,0.00,0.00
2013.09.30 15:30:24.113,13.29852,13.30142,0.00,0.00
2013.09.30 15:30:24.733,13.29872,13.30142,0.00,0.00
2013.09.30 15:30:24.897,13.29872,13.30188,0.00,0.00
2013.09.30 15:30:24.957,13.29902,13.30218,0.00,0.00
2013.09.30 15:30:25.558,13.29942,13.3024,0.00,0.00
2013.09.30 15:30:25.952,13.29962,13.30258,0.00,0.00
2013.09.30 15:30:27.547,13.29972,13.30258,0.00,0.00
2013.09.30 15:30:27.941,13.29982,13.30297,0.00,0.00
2013.09.30 15:30:28.465,13.29964,13.30263,0.00,0.00
2013.09.30 15:30:28.579,13.29952,13.30263,0.00,0.00
2013.09.30 15:30:28.637,13.29952,13.30242,0.00,0.00
2013.09.30 15:30:28.697,13.29932,13.30242,0.00,0.00
2013.09.30 15:30:29.297,13.29912,13.30233,0.00,0.00
2013.09.30 15:30:29.684,13.29912,13.30172,0.00,0.00
2013.09.30 15:30:29.737,13.29884,13.30172,0.00,0.00
2013.09.30 15:30:29.797,13.29854,13.30153,0.00,0.00
2013.09.30 15:30:29.858,13.29842,13.30153,0.00,0.00
2013.09.30 15:30:35.207,13.29804,13.30103,0.00,0.00
2013.09.30 15:30:35.347,13.29758,13.30063,0.00,0.00
2013.09.30 15:30:35.407,13.29742,13.30053,0.00,0.00
2013.09.30 15:30:35.607,13.29752,13.30068,0.00,0.00
2013.09.30 15:30:35.727,13.29742,13.30063,0.00,0.00
2013.09.30 15:30:36.206,13.29682,13.30003,0.00,0.00
2013.09.30 15:30:36.518,13.29652,13.29958,0.00,0.00
2013.09.30 15:30:36.878,13.29642,13.29958,0.00,0.00
2013.09.30 15:30:37.653,13.29652,13.29958,0.00,0.00
2013.09.30 15:30:40.587,13.29642,13.29958,0.00,0.00
2013.09.30 15:30:42.128,13.29615,13.29933,0.00,0.00
2013.09.30 15:30:42.457,13.29566,13.29863,0.00,0.00
2013.09.30 15:30:42.607,13.29542,13.29842,0.00,0.00
2013.09.30 15:30:42.797,13.29542,13.29857,0.00,0.00
2013.09.30 15:30:43.255,13.29527,13.29857,0.00,0.00
2013.09.30 15:30:43.460,13.29542,13.29857,0.00,0.00
2013.09.30 15:30:43.779,13.29468,13.29778,0.00,0.00
2013.09.30 15:30:43.897,13.29452,13.29773,0.00,0.00
2013.09.30 15:30:53.359,13.29482,13.29777,0.00,0.00
2013.09.30 15:30:53.763,13.29542,13.29837,0.00,0.00
2013.09.30 15:30:55.174,13.29542,13.29857,0.00,0.00
2013.09.30 15:30:55.467,13.29522,13.29843,0.00,0.00
2013.09.30 15:30:56.580,13.29512,13.29833,0.00,0.00
2013.09.30 15:30:56.980,13.29542,13.29858,0.00,0.00
2013.09.30 15:31:02.561,13.29642,13.2989,0.00,0.00
2013.09.30 15:31:02.869,13.29642,13.29947,0.00,0.00
2013.09.30 15:31:03.227,13.29642,13.29922,0.00,0.00
2013.09.30 15:31:07.464,13.29652,13.29922,0.00,0.00
2013.09.30 15:31:11.423,13.29636,13.29913,0.00,0.00
2013.09.30 15:31:11.557,13.29636,13.29893,0.00,0.00
2013.09.30 15:31:11.617,13.29572,13.29893,0.00,0.00
2013.09.30 15:31:11.737,13.29543,13.29863,0.00,0.00
2013.09.30 15:31:12.248,13.29542,13.29863,0.00,0.00
2013.09.30 15:31:13.089,13.29542,13.29858,0.00,0.00
2013.09.30 15:31:13.268,13.29492,13.29808,0.00,0.00
2013.09.30 15:31:13.358,13.29492,13.298,0.00,0.00
2013.09.30 15:31:13.418,13.29452,13.29773,0.00,0.00
2013.09.30 15:31:13.477,13.29442,13.29763,0.00,0.00
2013.09.30 15:31:13.817,13.29462,13.29778,0.00,0.00
2013.09.30 15:31:19.418,13.29392,13.29713,0.00,0.00
2013.09.30 15:31:19.767,13.29372,13.29693,0.00,0.00
2013.09.30 15:31:20.098,13.29372,13.29682,0.00,0.00
2013.09.30 15:31:20.467,13.29342,13.29663,0.00,0.00
2013.09.30 15:31:20.762,13.29362,13.29677,0.00,0.00
2013.09.30 15:31:23.494,13.29362,13.29678,0.00,0.00
2013.09.30 15:31:23.809,13.29442,13.29758,0.00,0.00
2013.09.30 15:31:24.148,13.29472,13.29777,0.00,0.00
2013.09.30 15:31:24.818,13.29442,13.29763,0.00,0.00
2013.09.30 15:31:25.258,13.29432,13.29742,0.00,0.00
2013.09.30 15:31:26.464,13.29442,13.29742,0.00,0.00
2013.09.30 15:31:26.737,13.29552,13.29851,0.00,0.00
2013.09.30 15:31:26.797,13.29552,13.29858,0.00,0.00
2013.09.30 15:31:28.712,13.29562,13.29878,0.00,0.00
2013.09.30 15:31:28.816,13.29642,13.2989,0.00,0.00
2013.09.30 15:31:28.877,13.29642,13.29903,0.00,0.00
2013.09.30 15:31:28.937,13.29652,13.29968,0.00,0.00
2013.09.30 15:31:29.128,13.29662,13.29978,0.00,0.00
2013.09.30 15:31:29.487,13.29692,13.30008,0.00,0.00
2013.09.30 15:31:31.801,13.29712,13.30017,0.00,0.00
2013.09.30 15:31:31.857,13.29732,13.30041,0.00,0.00
2013.09.30 15:31:31.917,13.29732,13.30048,0.00,0.00
2013.09.30 15:31:32.037,13.29742,13.30058,0.00,0.00
2013.09.30 15:31:33.079,13.29742,13.30053,0.00,0.00
2013.09.30 15:31:34.452,13.29742,13.30043,0.00,0.00
2013.09.30 15:31:40.641,13.29742,13.30058,0.00,0.00
2013.09.30 15:31:44.148,13.29842,13.30074,0.00,0.00
2013.09.30 15:31:44.268,13.29822,13.301,0.00,0.00
2013.09.30 15:31:44.332,13.29832,13.301,0.00,0.00
2013.09.30 15:31:44.447,13.29832,13.30148,0.00,0.00
2013.09.30 15:31:44.508,13.29842,13.30158,0.00,0.00
2013.09.30 15:31:53.810,13.29832,13.30153,0.00,0.00
2013.09.30 15:31:54.218,13.29842,13.30103,0.00,0.00
2013.09.30 15:31:56.928,13.29843,13.30103,0.00,0.00
2013.09.30 15:31:57.168,13.29942,13.30258,0.00,0.00
2013.09.30 15:31:57.487,13.29942,13.30253,0.00,0.00
2013.09.30 15:31:57.797,13.29942,13.30258,0.00,0.00
2013.09.30 15:32:17.407,13.29963,13.30258,0.00,0.00
2013.09.30 15:32:17.988,13.30042,13.30308,0.00,0.00
2013.09.30 15:32:18.107,13.30042,13.30328,0.00,0.00
2013.09.30 15:32:18.262,13.30042,13.30348,0.00,0.00
2013.09.30 15:32:19.763,13.30042,13.30343,0.00,0.00
2013.09.30 15:32:21.966,13.30042,13.30348,0.00,0.00
2013.09.30 15:32:22.071,13.30042,13.30358,0.00,0.00
2013.09.30 15:32:22.418,13.30042,13.30343,0.00,0.00
2013.09.30 15:32:24.257,13.29993,13.30263,0.00,0.00
2013.09.30 15:32:24.319,13.29973,13.30263,0.00,0.00
2013.09.30 15:32:24.378,13.29931,13.30213,0.00,0.00
2013.09.30 15:32:24.437,13.29892,13.30213,0.00,0.00
2013.09.30 15:32:26.899,13.29872,13.30193,0.00,0.00
2013.09.30 15:32:27.208,13.29842,13.30153,0.00,0.00
2013.09.30 15:32:29.869,13.29842,13.30143,0.00,0.00
2013.09.30 15:32:30.217,13.29702,13.30023,0.00,0.00
2013.09.30 15:32:31.208,13.29742,13.30023,0.00,0.00
2013.09.30 15:32:33.267,13.29742,13.30028,0.00,0.00
2013.09.30 15:32:34.277,13.29742,13.30023,0.00,0.00
2013.09.30 15:32:38.650,13.29742,13.30048,0.00,0.00
2013.09.30 15:32:38.707,13.29743,13.30058,0.00,0.00
2013.09.30 15:32:38.767,13.29792,13.30108,0.00,0.00
2013.09.30 15:32:39.035,13.29802,13.30118,0.00,0.00
2013.09.30 15:32:40.077,13.29784,13.30083,0.00,0.00
2013.09.30 15:32:40.138,13.29767,13.30083,0.00,0.00
2013.09.30 15:32:40.197,13.29772,13.30088,0.00,0.00
2013.09.30 15:32:40.257,13.29772,13.30088,0.00,0.00
2013.09.30 15:32:40.569,13.29743,13.30053,0.00,0.00
2013.09.30 15:32:40.847,13.29782,13.30098,0.00,0.00
2013.09.30 15:32:40.907,13.29792,13.30108,0.00,0.00
2013.09.30 15:32:41.278,13.29802,13.30118,0.00,0.00
2013.09.30 15:32:42.981,13.29792,13.30113,0.00,0.00
2013.09.30 15:32:45.928,13.29768,13.30073,0.00,0.00
2013.09.30 15:32:45.987,13.29753,13.30073,0.00,0.00
2013.09.30 15:32:46.048,13.29742,13.30033,0.00,0.00
2013.09.30 15:32:46.428,13.29732,13.30048,0.00,0.00
2013.09.30 15:32:46.723,13.29742,13.30048,0.00,0.00
2013.09.30 15:32:47.038,13.29742,13.30058,0.00,0.00
2013.09.30 15:32:48.872,13.29742,13.30053,0.00,0.00
2013.09.30 15:32:53.254,13.29742,13.30058,0.00,0.00
2013.09.30 15:32:53.789,13.29772,13.30079,0.00,0.00
2013.09.30 15:32:54.104,13.29812,13.30093,0.00,0.00
2013.09.30 15:32:54.158,13.29812,13.30128,0.00,0.00
2013.09.30 15:32:55.529,13.29842,13.30128,0.00,0.00
2013.09.30 15:32:55.748,13.29842,13.30138,0.00,0.00
2013.09.30 15:32:55.846,13.29842,13.30151,0.00,0.00
2013.09.30 15:32:55.908,13.29842,13.30158,0.00,0.00
2013.09.30 15:32:57.277,13.29942,13.30177,0.00,0.00
2013.09.30 15:32:57.398,13.29942,13.30191,0.00,0.00
2013.09.30 15:32:57.457,13.29942,13.30238,0.00,0.00
2013.09.30 15:32:59.745,13.29897,13.30213,0.00,0.00
2013.09.30 15:32:59.797,13.29897,13.30192,0.00,0.00
2013.09.30 15:32:59.857,13.29882,13.30192,0.00,0.00
2013.09.30 15:32:59.944,13.29858,13.30143,0.00,0.00
2013.09.30 15:33:00.019,13.29842,13.30143,0.00,0.00
2013.09.30 15:33:00.145,13.29842,13.30133,0.00,0.00
2013.09.30 15:33:01.526,13.29812,13.30133,0.00,0.00
2013.09.30 15:33:04.937,13.29822,13.30138,0.00,0.00
2013.09.30 15:33:07.054,13.29842,13.30138,0.00,0.00
2013.09.30 15:33:07.463,13.29842,13.30148,0.00,0.00
2013.09.30 15:33:07.566,13.29892,13.30162,0.00,0.00
2013.09.30 15:33:07.627,13.29892,13.30191,0.00,0.00
2013.09.30 15:33:07.687,13.29902,13.30218,0.00,0.00
2013.09.30 15:33:07.756,13.29907,13.30218,0.00,0.00
2013.09.30 15:33:08.170,13.29912,13.30228,0.00,0.00
2013.09.30 15:33:08.272,13.29912,13.30222,0.00,0.00
2013.09.30 15:33:08.789,13.29902,13.30218,0.00,0.00
2013.09.30 15:33:08.899,13.29884,13.30203,0.00,0.00
2013.09.30 15:33:09.009,13.29882,13.30201,0.00,0.00
2013.09.30 15:33:09.082,13.29842,13.30163,0.00,0.00
2013.09.30 15:33:11.533,13.29842,13.30153,0.00,0.00
2013.09.30 15:33:12.778,13.29822,13.30143,0.00,0.00
2013.09.30 15:33:12.844,13.29801,13.30103,0.00,0.00
2013.09.30 15:33:13.007,13.29772,13.30093,0.00,0.00
2013.09.30 15:33:13.456,13.29842,13.30104,0.00,0.00
2013.09.30 15:33:13.667,13.29842,13.30128,0.00,0.00
2013.09.30 15:33:13.807,13.29842,13.30138,0.00,0.00
2013.09.30 15:33:16.435,13.29902,13.30155,0.00,0.00
2013.09.30 15:33:16.577,13.2992,13.30218,0.00,0.00
2013.09.30 15:33:16.637,13.29942,13.30258,0.00,0.00
2013.09.30 15:33:16.840,13.29962,13.30278,0.00,0.00
2013.09.30 15:33:17.168,13.29992,13.30308,0.00,0.00
2013.09.30 15:33:18.055,13.30042,13.30308,0.00,0.00
2013.09.30 15:33:18.307,13.30042,13.30318,0.00,0.00
2013.09.30 15:33:18.873,13.30002,13.30318,0.00,0.00
2013.09.30 15:33:20.178,13.29982,13.30303,0.00,0.00
2013.09.30 15:33:20.498,13.29942,13.30243,0.00,0.00
2013.09.30 15:33:25.630,13.29912,13.30233,0.00,0.00
2013.09.30 15:33:25.830,13.29942,13.30233,0.00,0.00
2013.09.30 15:33:26.354,13.29922,13.30238,0.00,0.00
2013.09.30 15:33:27.192,13.29922,13.30238,0.00,0.00
2013.09.30 15:33:28.774,13.29902,13.30213,0.00,0.00
2013.09.30 15:33:28.988,13.29902,13.30213,0.00,0.00
2013.09.30 15:33:29.119,13.29902,13.30218,0.00,0.00
2013.09.30 15:33:29.685,13.29942,13.30228,0.00,0.00
2013.09.30 15:33:29.797,13.29942,13.30238,0.00,0.00
2013.09.30 15:33:30.805,13.29972,13.30264,0.00,0.00
2013.09.30 15:33:30.918,13.29982,13.30277,0.00,0.00
2013.09.30 15:33:31.007,13.30002,13.30277,0.00,0.00
2013.09.30 15:33:31.069,13.30018,13.30318,0.00,0.00
2013.09.30 15:33:31.127,13.30032,13.30347,0.00,0.00
2013.09.30 15:33:31.812,13.30032,13.30348,0.00,0.00
2013.09.30 15:33:31.867,13.30042,13.30358,0.00,0.00
2013.09.30 15:33:34.988,13.30022,13.30343,0.00,0.00
2013.09.30 15:33:35.497,13.30042,13.30333,0.00,0.00
2013.09.30 15:33:35.617,13.30042,13.30352,0.00,0.00
2013.09.30 15:33:35.737,13.30042,13.30358,0.00,0.00
2013.09.30 15:33:36.326,13.30042,13.30358,0.00,0.00
2013.09.30 15:33:37.725,13.30032,13.30353,0.00,0.00
2013.09.30 15:33:39.473,13.30042,13.30357,0.00,0.00
2013.09.30 15:33:42.142,13.30032,13.30353,0.00,0.00
2013.09.30 15:33:43.970,13.30009,13.30293,0.00,0.00
2013.09.30 15:33:44.088,13.29952,13.30253,0.00,0.00
2013.09.30 15:33:44.148,13.29942,13.30253,0.00,0.00
2013.09.30 15:33:48.437,13.29942,13.30243,0.00,0.00
2013.09.30 15:33:49.192,13.29942,13.30222,0.00,0.00
2013.09.30 15:33:49.253,13.29902,13.30218,0.00,0.00
2013.09.30 15:33:49.308,13.29882,13.30203,0.00,0.00
2013.09.30 15:33:49.389,13.29882,13.3019,0.00,0.00
2013.09.30 15:33:49.458,13.29842,13.30153,0.00,0.00
2013.09.30 15:33:49.518,13.29842,13.30143,0.00,0.00
2013.09.30 15:33:50.896,13.29842,13.30148,0.00,0.00
2013.09.30 15:33:53.978,13.29842,13.30158,0.00,0.00
2013.09.30 15:33:55.681,13.29923,13.30158,0.00,0.00
2013.09.30 15:33:55.738,13.29942,13.30181,0.00,0.00
2013.09.30 15:33:55.808,13.29992,13.30181,0.00,0.00
2013.09.30 15:33:55.868,13.30004,13.30308,0.00,0.00
2013.09.30 15:33:55.928,13.30042,13.30339,0.00,0.00
2013.09.30 15:33:56.068,13.30052,13.30357,0.00,0.00
2013.09.30 15:33:56.127,13.30052,13.30368,0.00,0.00
2013.09.30 15:33:56.259,13.30042,13.30353,0.00,0.00
2013.09.30 15:33:56.838,13.30032,13.30353,0.00,0.00
2013.09.30 15:33:56.924,13.30042,13.30353,0.00,0.00
2013.09.30 15:33:57.778,13.30052,13.30368,0.00,0.00
2013.09.30 15:33:58.758,13.30042,13.30353,0.00,0.00
2013.09.30 15:34:00.075,13.30042,13.30358,0.00,0.00
2013.09.30 15:34:00.138,13.30092,13.30384,0.00,0.00
2013.09.30 15:34:00.198,13.30092,13.30407,0.00,0.00
2013.09.30 15:34:00.382,13.30082,13.30403,0.00,0.00
2013.09.30 15:34:00.729,13.30092,13.30407,0.00,0.00
2013.09.30 15:34:01.101,13.30142,13.30407,0.00,0.00
2013.09.30 15:34:01.175,13.30142,13.30418,0.00,0.00
2013.09.30 15:34:01.228,13.30142,13.30433,0.00,0.00
2013.09.30 15:34:01.288,13.30142,13.30438,0.00,0.00
2013.09.30 15:34:01.412,13.30142,13.30433,0.00,0.00
2013.09.30 15:34:02.032,13.30089,13.30403,0.00,0.00
2013.09.30 15:34:02.108,13.30082,13.30403,0.00,0.00
2013.09.30 15:34:02.168,13.30082,13.30352,0.00,0.00
2013.09.30 15:34:02.249,13.30072,13.30352,0.00,0.00
2013.09.30 15:34:02.308,13.30072,13.30252,0.00,0.00
2013.09.30 15:34:02.368,13.30053,13.30252,0.00,0.00
2013.09.30 15:34:02.428,13.30042,13.30252,0.00,0.00
2013.09.30 15:34:02.548,13.29952,13.30252,0.00,0.00
2013.09.30 15:34:02.668,13.29932,13.30248,0.00,0.00
2013.09.30 15:34:03.821,13.29983,13.30248,0.00,0.00
2013.09.30 15:34:03.937,13.30042,13.30308,0.00,0.00
2013.09.30 15:34:03.998,13.30042,13.30318,0.00,0.00
2013.09.30 15:34:04.353,13.30002,13.30318,0.00,0.00
2013.09.30 15:34:04.408,13.30032,13.30348,0.00,0.00
2013.09.30 15:34:04.758,13.30042,13.30358,0.00,0.00
2013.09.30 15:34:06.132,13.30042,13.30342,0.00,0.00
2013.09.30 15:34:06.518,13.29972,13.30293,0.00,0.00
2013.09.30 15:34:06.637,13.29942,13.30253,0.00,0.00
2013.09.30 15:34:09.431,13.29942,13.30192,0.00,0.00
2013.09.30 15:34:09.488,13.29922,13.30192,0.00,0.00
2013.09.30 15:34:09.548,13.29911,13.30183,0.00,0.00
2013.09.30 15:34:09.707,13.29842,13.30153,0.00,0.00
2013.09.30 15:34:09.768,13.29842,13.30133,0.00,0.00
2013.09.30 15:34:12.847,13.29802,13.30123,0.00,0.00
2013.09.30 15:34:12.998,13.29842,13.30123,0.00,0.00
2013.09.30 15:34:16.198,13.29802,13.30123,0.00,0.00
2013.09.30 15:34:16.340,13.29802,13.30084,0.00,0.00
2013.09.30 15:34:16.398,13.29742,13.30063,0.00,0.00
2013.09.30 15:34:21.078,13.29742,13.30053,0.00,0.00
2013.09.30 15:34:21.298,13.29742,13.30058,0.00,0.00
2013.09.30 15:34:24.262,13.29742,13.30053,0.00,0.00
2013.09.30 15:34:26.179,13.29742,13.30043,0.00,0.00
2013.09.30 15:34:27.378,13.29742,13.30058,0.00,0.00
2013.09.30 15:34:28.628,13.29762,13.30078,0.00,0.00
2013.09.30 15:34:29.057,13.29792,13.30108,0.00,0.00
2013.09.30 15:34:32.378,13.29754,13.30053,0.00,0.00
2013.09.30 15:34:32.558,13.29682,13.29998,0.00,0.00
2013.09.30 15:34:32.618,13.29672,13.29993,0.00,0.00
2013.09.30 15:34:32.861,13.29672,13.29972,0.00,0.00
2013.09.30 15:34:32.918,13.29662,13.29972,0.00,0.00
2013.09.30 15:34:34.291,13.29662,13.29952,0.00,0.00
2013.09.30 15:34:34.348,13.29635,13.29948,0.00,0.00
2013.09.30 15:34:34.408,13.29632,13.29948,0.00,0.00
2013.09.30 15:34:34.698,13.29605,13.29913,0.00,0.00
2013.09.30 15:34:34.879,13.29582,13.29903,0.00,0.00
2013.09.30 15:34:40.321,13.29562,13.29883,0.00,0.00
2013.09.30 15:34:41.287,13.29552,13.29873,0.00,0.00
2013.09.30 15:34:50.867,13.29542,13.29863,0.00,0.00
2013.09.30 15:34:51.181,13.29459,13.29743,0.00,0.00
2013.09.30 15:34:51.239,13.29442,13.29743,0.00,0.00
2013.09.30 15:34:52.528,13.29442,13.29733,0.00,0.00
2013.09.30 15:34:53.578,13.29442,13.29738,0.00,0.00
2013.09.30 15:34:57.591,13.29442,13.29748,0.00,0.00
2013.09.30 15:34:58.307,13.29542,13.29777,0.00,0.00
2013.09.30 15:34:58.457,13.29602,13.29917,0.00,0.00
2013.09.30 15:34:58.518,13.29642,13.29917,0.00,0.00
2013.09.30 15:34:58.578,13.29642,13.29927,0.00,0.00
2013.09.30 15:34:58.638,13.29642,13.29958,0.00,0.00
2013.09.30 15:34:58.758,13.29652,13.29968,0.00,0.00
2013.09.30 15:34:59.787,13.29732,13.29994,0.00,0.00
2013.09.30 15:34:59.908,13.29742,13.30027,0.00,0.00
2013.09.30 15:35:00.158,13.29732,13.30027,0.00,0.00
2013.09.30 15:35:01.051,13.29732,13.29992,0.00,0.00
2013.09.30 15:35:01.108,13.29713,13.29992,0.00,0.00
2013.09.30 15:35:01.168,13.29702,13.29992,0.00,0.00
2013.09.30 15:35:01.930,13.29702,13.29962,0.00,0.00
2013.09.30 15:35:01.992,13.29676,13.29962,0.00,0.00
2013.09.30 15:35:02.048,13.29652,13.29962,0.00,0.00
2013.09.30 15:35:05.048,13.29652,13.29968,0.00,0.00
2013.09.30 15:35:05.179,13.29672,13.29977,0.00,0.00
2013.09.30 15:35:05.238,13.29712,13.30025,0.00,0.00
2013.09.30 15:35:05.298,13.29712,13.30027,0.00,0.00
2013.09.30 15:35:05.841,13.29702,13.30023,0.00,0.00
2013.09.30 15:35:05.898,13.29702,13.30002,0.00,0.00
2013.09.30 15:35:06.043,13.2968,13.29983,0.00,0.00
2013.09.30 15:35:06.158,13.29692,13.30008,0.00,0.00
2013.09.30 15:35:06.398,13.29702,13.30017,0.00,0.00
2013.09.30 15:35:06.618,13.29642,13.29963,0.00,0.00
2013.09.30 15:35:09.630,13.29672,13.29982,0.00,0.00
2013.09.30 15:35:09.748,13.29722,13.30038,0.00,0.00
2013.09.30 15:35:15.270,13.29742,13.30038,0.00,0.00
2013.09.30 15:35:18.517,13.29705,13.30023,0.00,0.00
2013.09.30 15:35:18.578,13.29705,13.30002,0.00,0.00
2013.09.30 15:35:18.638,13.29682,13.29998,0.00,0.00
2013.09.30 15:35:18.724,13.29656,13.29973,0.00,0.00
2013.09.30 15:35:18.778,13.29652,13.29973,0.00,0.00
2013.09.30 15:35:18.838,13.29642,13.29953,0.00,0.00
2013.09.30 15:35:20.138,13.29642,13.29958,0.00,0.00
2013.09.30 15:35:24.807,13.29652,13.29968,0.00,0.00
2013.09.30 15:35:25.113,13.29722,13.30038,0.00,0.00
2013.09.30 15:35:25.859,13.29742,13.30038,0.00,0.00
2013.09.30 15:35:26.773,13.29742,13.30048,0.00,0.00
2013.09.30 15:35:46.069,13.29772,13.30048,0.00,0.00
2013.09.30 15:35:46.128,13.29842,13.30132,0.00,0.00
2013.09.30 15:35:46.249,13.29842,13.30147,0.00,0.00
2013.09.30 15:35:47.188,13.29842,13.30148,0.00,0.00
2013.09.30 15:35:48.150,13.29842,13.30122,0.00,0.00
2013.09.30 15:35:48.208,13.29812,13.30122,0.00,0.00
2013.09.30 15:35:48.398,13.29812,13.30115,0.00,0.00
2013.09.30 15:35:48.549,13.29742,13.30053,0.00,0.00
2013.09.30 15:35:55.798,13.29742,13.30043,0.00,0.00
2013.09.30 15:35:56.238,13.29722,13.30043,0.00,0.00
2013.09.30 15:35:56.578,13.29692,13.30013,0.00,0.00
2013.09.30 15:35:56.908,13.29702,13.30013,0.00,0.00
2013.09.30 15:35:57.028,13.29712,13.30028,0.00,0.00
2013.09.30 15:35:58.408,13.29742,13.30028,0.00,0.00
2013.09.30 15:35:58.840,13.29692,13.30013,0.00,0.00
2013.09.30 15:35:59.018,13.29702,13.30012,0.00,0.00
2013.09.30 15:35:59.078,13.29702,13.30018,0.00,0.00
2013.09.30 15:35:59.138,13.29706,13.30018,0.00,0.00
2013.09.30 15:35:59.474,13.29742,13.30048,0.00,0.00
2013.09.30 15:35:59.886,13.29842,13.30066,0.00,0.00
2013.09.30 15:36:00.050,13.29842,13.30108,0.00,0.00
2013.09.30 15:36:00.108,13.29842,13.30118,0.00,0.00
2013.09.30 15:36:06.989,13.29842,13.30128,0.00,0.00
2013.09.30 15:36:08.006,13.29842,13.30123,0.00,0.00
2013.09.30 15:36:09.288,13.29802,13.30123,0.00,0.00
2013.09.30 15:36:09.509,13.29762,13.30083,0.00,0.00
2013.09.30 15:36:09.830,13.29742,13.30053,0.00,0.00
2013.09.30 15:36:26.819,13.29742,13.30043,0.00,0.00
2013.09.30 15:36:27.421,13.29742,13.30002,0.00,0.00
2013.09.30 15:36:27.478,13.29712,13.30002,0.00,0.00
2013.09.30 15:36:27.538,13.29712,13.30028,0.00,0.00
2013.09.30 15:36:27.672,13.29742,13.30028,0.00,0.00
2013.09.30 15:36:42.861,13.29712,13.30028,0.00,0.00
2013.09.30 15:36:43.098,13.29742,13.30028,0.00,0.00
2013.09.30 15:36:43.169,13.29742,13.30038,0.00,0.00
2013.09.30 15:36:44.186,13.29842,13.3006,0.00,0.00
2013.09.30 15:36:44.348,13.29842,13.30097,0.00,0.00
2013.09.30 15:36:44.408,13.29842,13.30128,0.00,0.00
2013.09.30 15:36:44.468,13.29842,13.30147,0.00,0.00
2013.09.30 15:36:46.510,13.30012,13.30147,0.00,0.00
2013.09.30 15:36:46.669,13.30042,13.30158,0.00,0.00
2013.09.30 15:36:46.728,13.30106,13.30242,0.00,0.00
2013.09.30 15:36:46.788,13.30142,13.30346,0.00,0.00
2013.09.30 15:36:46.848,13.30142,13.30427,0.00,0.00
2013.09.30 15:36:46.908,13.30142,13.30438,0.00,0.00
2013.09.30 15:36:47.278,13.30142,13.30448,0.00,0.00
2013.09.30 15:36:49.691,13.30242,13.3053,0.00,0.00
2013.09.30 15:36:49.748,13.30242,13.30537,0.00,0.00
2013.09.30 15:36:50.299,13.30242,13.30538,0.00,0.00
2013.09.30 15:36:52.118,13.30242,13.30557,0.00,0.00
2013.09.30 15:36:52.422,13.30252,13.30557,0.00,0.00
2013.09.30 15:36:54.352,13.30342,13.30557,0.00,0.00
2013.09.30 15:36:54.618,13.30442,13.30708,0.00,0.00
2013.09.30 15:36:54.678,13.30442,13.30747,0.00,0.00
2013.09.30 15:36:54.754,13.30442,13.30743,0.00,0.00
2013.09.30 15:36:54.998,13.30442,13.30748,0.00,0.00
2013.09.30 15:36:57.418,13.30418,13.30693,0.00,0.00
2013.09.30 15:36:57.479,13.30373,13.30693,0.00,0.00
2013.09.30 15:36:57.598,13.30372,13.30652,0.00,0.00
2013.09.30 15:36:57.718,13.30352,13.30652,0.00,0.00
2013.09.30 15:36:57.838,13.30342,13.30652,0.00,0.00
2013.09.30 15:36:58.224,13.30332,13.30648,0.00,0.00
2013.09.30 15:36:58.329,13.30332,13.30622,0.00,0.00
2013.09.30 15:36:59.539,13.30332,13.30602,0.00,0.00
2013.09.30 15:37:00.208,13.30332,13.30627,0.00,0.00
2013.09.30 15:37:00.457,13.30342,13.30627,0.00,0.00
2013.09.30 15:37:00.808,13.30332,13.30592,0.00,0.00
2013.09.30 15:37:00.990,13.30305,13.30583,0.00,0.00
2013.09.30 15:37:01.048,13.30262,13.30583,0.00,0.00
2013.09.30 15:37:01.108,13.30242,13.30542,0.00,0.00
2013.09.30 15:37:01.608,13.30252,13.30542,0.00,0.00
2013.09.30 15:37:01.749,13.30252,13.30568,0.00,0.00
2013.09.30 15:37:02.107,13.30242,13.30563,0.00,0.00
2013.09.30 15:37:02.992,13.30242,13.30552,0.00,0.00
2013.09.30 15:37:03.570,13.30232,13.30463,0.00,0.00
2013.09.30 15:37:03.691,13.30202,13.30442,0.00,0.00
2013.09.30 15:37:03.775,13.30172,13.30442,0.00,0.00
2013.09.30 15:37:03.831,13.30192,13.30442,0.00,0.00
2013.09.30 15:37:03.891,13.30172,13.30442,0.00,0.00
2013.09.30 15:37:04.091,13.30152,13.30442,0.00,0.00
2013.09.30 15:37:04.671,13.30152,13.30468,0.00,0.00
2013.09.30 15:37:04.911,13.30152,13.30442,0.00,0.00
2013.09.30 15:37:08.741,13.30142,13.30442,0.00,0.00
2013.09.30 15:37:09.788,13.30152,13.30442,0.00,0.00
2013.09.30 15:37:10.963,13.30162,13.30442,0.00,0.00
2013.09.30 15:37:11.181,13.30162,13.30478,0.00,0.00
2013.09.30 15:37:15.451,13.30152,13.30463,0.00,0.00
2013.09.30 15:37:15.571,13.30142,13.30463,0.00,0.00
2013.09.30 15:37:15.972,13.30152,13.30463,0.00,0.00
2013.09.30 15:37:16.111,13.30152,13.30468,0.00,0.00
2013.09.30 15:37:16.631,13.30152,13.30462,0.00,0.00
2013.09.30 15:37:18.711,13.3013,13.30443,0.00,0.00
2013.09.30 15:37:18.988,13.30122,13.30443,0.00,0.00
2013.09.30 15:37:19.051,13.30112,13.30412,0.00,0.00
2013.09.30 15:37:19.371,13.30122,13.30412,0.00,0.00
2013.09.30 15:37:22.175,13.30132,13.30412,0.00,0.00
2013.09.30 15:37:27.180,13.30142,13.30412,0.00,0.00
2013.09.30 15:37:27.999,13.30132,13.30412,0.00,0.00
2013.09.30 15:37:29.840,13.30142,13.30412,0.00,0.00
2013.09.30 15:37:30.491,13.30142,13.30437,0.00,0.00
2013.09.30 15:37:31.158,13.30152,13.30437,0.00,0.00
2013.09.30 15:37:31.311,13.30152,13.30468,0.00,0.00
2013.09.30 15:37:37.973,13.30242,13.30492,0.00,0.00
2013.09.30 15:37:38.131,13.30242,13.30498,0.00,0.00
2013.09.30 15:37:38.192,13.30242,13.30558,0.00,0.00
2013.09.30 15:37:38.282,13.30252,13.30568,0.00,0.00
2013.09.30 15:37:40.414,13.30272,13.30588,0.00,0.00
2013.09.30 15:37:41.645,13.30282,13.30598,0.00,0.00
2013.09.30 15:37:44.383,13.30302,13.30607,0.00,0.00
2013.09.30 15:37:44.501,13.30302,13.30618,0.00,0.00
2013.09.30 15:37:44.561,13.30326,13.30618,0.00,0.00
2013.09.30 15:37:44.994,13.30342,13.30627,0.00,0.00
2013.09.30 15:37:47.165,13.30315,13.30627,0.00,0.00
2013.09.30 15:37:47.282,13.30312,13.30627,0.00,0.00
2013.09.30 15:37:50.837,13.30302,13.30623,0.00,0.00
2013.09.30 15:37:50.901,13.30289,13.30563,0.00,0.00
2013.09.30 15:37:50.961,13.30277,13.30558,0.00,0.00
2013.09.30 15:37:51.023,13.30242,13.30558,0.00,0.00
2013.09.30 15:37:51.081,13.30212,13.30533,0.00,0.00
2013.09.30 15:37:53.302,13.30222,13.30538,0.00,0.00
2013.09.30 15:37:55.335,13.30232,13.30548,0.00,0.00
2013.09.30 15:37:55.651,13.30222,13.30543,0.00,0.00
2013.09.30 15:38:00.253,13.30212,13.30533,0.00,0.00
2013.09.30 15:38:00.762,13.30242,13.30558,0.00,0.00
2013.09.30 15:38:02.198,13.30232,13.30553,0.00,0.00
2013.09.30 15:38:03.721,13.30242,13.30553,0.00,0.00
2013.09.30 15:38:04.346,13.30243,13.30553,0.00,0.00
2013.09.30 15:38:05.459,13.30243,13.30558,0.00,0.00
2013.09.30 15:38:05.521,13.30263,13.30558,0.00,0.00
2013.09.30 15:38:05.641,13.30282,13.3059,0.00,0.00
2013.09.30 15:38:05.701,13.30342,13.30648,0.00,0.00
2013.09.30 15:38:05.881,13.30342,13.30658,0.00,0.00
2013.09.30 15:38:07.085,13.30342,13.30653,0.00,0.00
2013.09.30 15:38:08.678,13.30342,13.30658,0.00,0.00
2013.09.30 15:38:08.787,13.30442,13.30684,0.00,0.00
2013.09.30 15:38:08.941,13.30392,13.30684,0.00,0.00
2013.09.30 15:38:09.001,13.30392,13.30708,0.00,0.00
2013.09.30 15:38:09.202,13.30374,13.30663,0.00,0.00
2013.09.30 15:38:09.381,13.30342,13.30663,0.00,0.00
2013.09.30 15:38:10.266,13.30352,13.30668,0.00,0.00
2013.09.30 15:38:10.868,13.30322,13.30643,0.00,0.00
2013.09.30 15:38:11.169,13.30312,13.30633,0.00,0.00
2013.09.30 15:38:16.108,13.30342,13.30638,0.00,0.00
2013.09.30 15:38:18.181,13.30342,13.30648,0.00,0.00
2013.09.30 15:38:24.382,13.30332,13.30648,0.00,0.00
2013.09.30 15:38:24.990,13.30342,13.30648,0.00,0.00
2013.09.30 15:38:28.533,13.30322,13.30643,0.00,0.00
2013.09.30 15:38:28.591,13.30322,13.30632,0.00,0.00
2013.09.30 15:38:28.651,13.30312,13.30628,0.00,0.00
2013.09.30 15:38:28.733,13.30302,13.30623,0.00,0.00
2013.09.30 15:38:35.322,13.30342,13.30627,0.00,0.00
2013.09.30 15:38:35.531,13.30342,13.30647,0.00,0.00
2013.09.30 15:38:43.352,13.30348,13.30647,0.00,0.00
2013.09.30 15:38:43.412,13.30342,13.30647,0.00,0.00
2013.09.30 15:38:44.646,13.30332,13.30647,0.00,0.00
2013.09.30 15:38:44.740,13.30332,13.30622,0.00,0.00
2013.09.30 15:38:44.801,13.30326,13.30622,0.00,0.00
2013.09.30 15:38:44.861,13.30326,13.30593,0.00,0.00
2013.09.30 15:38:44.921,13.30294,13.30593,0.00,0.00
2013.09.30 15:38:44.981,13.30272,13.30593,0.00,0.00
2013.09.30 15:38:45.055,13.3027,13.30583,0.00,0.00
2013.09.30 15:38:45.113,13.30262,13.30583,0.00,0.00
2013.09.30 15:38:45.474,13.30242,13.30563,0.00,0.00
2013.09.30 15:38:45.781,13.30242,13.30553,0.00,0.00
2013.09.30 15:38:49.051,13.30242,13.30543,0.00,0.00
2013.09.30 15:38:49.891,13.30242,13.30548,0.00,0.00
2013.09.30 15:38:50.011,13.30332,13.30578,0.00,0.00
2013.09.30 15:38:50.071,13.30332,13.30626,0.00,0.00
2013.09.30 15:38:50.131,13.30332,13.30647,0.00,0.00
2013.09.30 15:38:50.191,13.30342,13.30647,0.00,0.00
2013.09.30 15:38:51.910,13.30342,13.30622,0.00,0.00
2013.09.30 15:38:51.971,13.30332,13.30622,0.00,0.00
2013.09.30 15:39:01.126,13.30322,13.30622,0.00,0.00
2013.09.30 15:39:01.182,13.30322,13.30602,0.00,0.00
2013.09.30 15:39:01.241,13.30313,13.30598,0.00,0.00
2013.09.30 15:39:01.301,13.30313,13.30572,0.00,0.00
2013.09.30 15:39:01.361,13.30271,13.30553,0.00,0.00
2013.09.30 15:39:01.493,13.30242,13.30553,0.00,0.00
2013.09.30 15:39:01.552,13.30232,13.30553,0.00,0.00
2013.09.30 15:39:01.931,13.30232,13.30542,0.00,0.00
2013.09.30 15:39:03.974,13.30242,13.30542,0.00,0.00
2013.09.30 15:39:04.131,13.30242,13.30548,0.00,0.00
2013.09.30 15:39:11.568,13.30292,13.30577,0.00,0.00
2013.09.30 15:39:11.681,13.30332,13.30637,0.00,0.00
2013.09.30 15:39:11.790,13.30332,13.30647,0.00,0.00
2013.09.30 15:39:15.342,13.30352,13.30647,0.00,0.00
2013.09.30 15:39:19.628,13.30323,13.30643,0.00,0.00
2013.09.30 15:39:19.692,13.30323,13.30632,0.00,0.00
2013.09.30 15:39:20.746,13.30322,13.30632,0.00,0.00
2013.09.30 15:39:22.379,13.30322,13.30638,0.00,0.00
2013.09.30 15:39:27.397,13.30312,13.30633,0.00,0.00
2013.09.30 15:39:27.701,13.30262,13.30583,0.00,0.00
2013.09.30 15:39:28.732,13.30242,13.30543,0.00,0.00
2013.09.30 15:39:29.938,13.30222,13.30543,0.00,0.00
2013.09.30 15:39:38.161,13.30242,13.30548,0.00,0.00
2013.09.30 15:39:41.827,13.30342,13.30576,0.00,0.00
2013.09.30 15:39:42.001,13.30342,13.30648,0.00,0.00
2013.09.30 15:39:42.061,13.30352,13.30653,0.00,0.00
2013.09.30 15:39:42.121,13.30352,13.30657,0.00,0.00
2013.09.30 15:39:42.762,13.30362,13.30657,0.00,0.00
2013.09.30 15:39:43.668,13.30372,13.30657,0.00,0.00
2013.09.30 15:39:43.721,13.30372,13.30677,0.00,0.00
2013.09.30 15:39:43.941,13.30372,13.30688,0.00,0.00
2013.09.30 15:39:52.298,13.30362,13.30683,0.00,0.00
2013.09.30 15:39:53.215,13.30352,13.30673,0.00,0.00
2013.09.30 15:39:57.076,13.30342,13.30663,0.00,0.00
2013.09.30 15:39:57.381,13.30332,13.30602,0.00,0.00
2013.09.30 15:40:07.162,13.30332,13.30627,0.00,0.00
2013.09.30 15:40:07.234,13.30342,13.30627,0.00,0.00
2013.09.30 15:40:07.291,13.30332,13.30627,0.00,0.00
2013.09.30 15:40:07.415,13.30332,13.30627,0.00,0.00
2013.09.30 15:40:07.481,13.30332,13.30627,0.00,0.00
2013.09.30 15:40:07.819,13.30332,13.30602,0.00,0.00
2013.09.30 15:40:07.881,13.30312,13.30602,0.00,0.00
2013.09.30 15:40:08.111,13.30322,13.30602,0.00,0.00
2013.09.30 15:40:15.812,13.30297,13.30583,0.00,0.00
2013.09.30 15:40:15.882,13.30265,13.30583,0.00,0.00
2013.09.30 15:40:15.941,13.30265,13.30563,0.00,0.00
2013.09.30 15:40:16.001,13.30242,13.30563,0.00,0.00
2013.09.30 15:40:16.228,13.30242,13.30543,0.00,0.00
2013.09.30 15:40:18.371,13.30212,13.30533,0.00,0.00
2013.09.30 15:40:19.257,13.30202,13.30523,0.00,0.00
2013.09.30 15:40:19.571,13.30163,13.30473,0.00,0.00
2013.09.30 15:40:19.631,13.30152,13.30473,0.00,0.00
2013.09.30 15:40:21.398,13.30242,13.30485,0.00,0.00
2013.09.30 15:40:21.462,13.30242,13.30488,0.00,0.00
2013.09.30 15:40:21.521,13.30242,13.30528,0.00,0.00
2013.09.30 15:40:25.791,13.30342,13.30537,0.00,0.00
2013.09.30 15:40:25.941,13.30342,13.30622,0.00,0.00
2013.09.30 15:40:26.001,13.30352,13.30657,0.00,0.00
2013.09.30 15:40:33.411,13.30332,13.30653,0.00,0.00
2013.09.30 15:40:33.499,13.30332,13.30582,0.00,0.00
2013.09.30 15:40:33.671,13.30252,13.30553,0.00,0.00
2013.09.30 15:40:33.882,13.30242,13.30553,0.00,0.00
2013.09.30 15:40:36.651,13.30242,13.30558,0.00,0.00
2013.09.30 15:40:37.222,13.30252,13.30568,0.00,0.00
2013.09.30 15:40:37.623,13.30332,13.30637,0.00,0.00
2013.09.30 15:40:38.218,13.30332,13.30648,0.00,0.00
2013.09.30 15:40:38.271,13.30342,13.30658,0.00,0.00
2013.09.30 15:40:39.715,13.30332,13.30653,0.00,0.00
2013.09.30 15:40:40.019,13.30332,13.30632,0.00,0.00
2013.09.30 15:40:40.418,13.30332,13.30612,0.00,0.00
2013.09.30 15:40:42.482,13.30311,13.30612,0.00,0.00
2013.09.30 15:40:42.542,13.30311,13.30553,0.00,0.00
2013.09.30 15:40:42.672,13.30274,13.30553,0.00,0.00
2013.09.30 15:40:42.732,13.30232,13.30553,0.00,0.00
2013.09.30 15:40:42.793,13.30222,13.30543,0.00,0.00
2013.09.30 15:40:43.144,13.30212,13.30533,0.00,0.00
2013.09.30 15:40:43.511,13.30202,13.30523,0.00,0.00
2013.09.30 15:40:43.980,13.30192,13.30513,0.00,0.00
2013.09.30 15:40:48.145,13.30242,13.30518,0.00,0.00
2013.09.30 15:40:48.311,13.30242,13.30531,0.00,0.00
2013.09.30 15:40:48.371,13.30242,13.30558,0.00,0.00
2013.09.30 15:40:49.281,13.30232,13.30553,0.00,0.00
2013.09.30 15:40:49.832,13.30242,13.30553,0.00,0.00
2013.09.30 15:40:50.847,13.30342,13.30568,0.00,0.00
2013.09.30 15:40:50.902,13.30342,13.30607,0.00,0.00
2013.09.30 15:40:51.023,13.30342,13.30647,0.00,0.00
2013.09.30 15:40:53.812,13.30352,13.30647,0.00,0.00
2013.09.30 15:40:58.260,13.30342,13.30647,0.00,0.00
2013.09.30 15:40:58.358,13.30342,13.30632,0.00,0.00
2013.09.30 15:40:58.501,13.30332,13.30632,0.00,0.00
2013.09.30 15:40:58.568,13.30303,13.30603,0.00,0.00
2013.09.30 15:40:58.621,13.30291,13.30603,0.00,0.00
2013.09.30 15:40:58.681,13.30322,13.30627,0.00,0.00
2013.09.30 15:41:03.809,13.30306,13.30563,0.00,0.00
2013.09.30 15:41:04.141,13.30124,13.30363,0.00,0.00
2013.09.30 15:41:04.201,13.30082,13.30363,0.00,0.00
2013.09.30 15:41:04.321,13.30052,13.30363,0.00,0.00
2013.09.30 15:41:04.649,13.30032,13.30263,0.00,0.00
2013.09.30 15:41:04.722,13.30012,13.30263,0.00,0.00
2013.09.30 15:41:04.781,13.29986,13.30263,0.00,0.00
2013.09.30 15:41:04.841,13.29962,13.30263,0.00,0.00
2013.09.30 15:41:05.152,13.29972,13.30288,0.00,0.00
2013.09.30 15:41:05.351,13.30012,13.30328,0.00,0.00
2013.09.30 15:41:06.486,13.30062,13.30358,0.00,0.00
2013.09.30 15:41:07.703,13.30062,13.30367,0.00,0.00
2013.09.30 15:41:07.802,13.30072,13.30367,0.00,0.00
2013.09.30 15:41:08.107,13.30092,13.30367,0.00,0.00
2013.09.30 15:41:08.271,13.30132,13.30447,0.00,0.00
2013.09.30 15:41:08.331,13.30142,13.30447,0.00,0.00
2013.09.30 15:41:08.712,13.30152,13.30447,0.00,0.00
2013.09.30 15:41:08.912,13.30152,13.30458,0.00,0.00
2013.09.30 15:41:10.083,13.30222,13.30467,0.00,0.00
2013.09.30 15:41:10.142,13.30222,13.30495,0.00,0.00
2013.09.30 15:41:10.201,13.30252,13.30558,0.00,0.00
2013.09.30 15:41:15.187,13.30263,13.30558,0.00,0.00
2013.09.30 15:41:15.421,13.30342,13.30638,0.00,0.00
2013.09.30 15:41:15.481,13.30352,13.30668,0.00,0.00
2013.09.30 15:41:15.664,13.30342,13.30663,0.00,0.00
2013.09.30 15:41:15.967,13.30352,13.30668,0.00,0.00
2013.09.30 15:41:16.384,13.30342,13.30663,0.00,0.00
2013.09.30 15:41:18.209,13.30342,13.30643,0.00,0.00
2013.09.30 15:41:21.292,13.30342,13.30658,0.00,0.00
2013.09.30 15:41:21.411,13.30382,13.30675,0.00,0.00
2013.09.30 15:41:21.512,13.30382,13.30698,0.00,0.00
2013.09.30 15:41:23.431,13.30372,13.30693,0.00,0.00
2013.09.30 15:41:27.452,13.30352,13.30673,0.00,0.00
2013.09.30 15:41:28.322,13.30342,13.30663,0.00,0.00
2013.09.30 15:41:29.592,13.30352,13.30668,0.00,0.00
2013.09.30 15:41:34.658,13.30342,13.30663,0.00,0.00
2013.09.30 15:41:35.170,13.30342,13.30652,0.00,0.00
2013.09.30 15:41:36.616,13.30342,13.30632,0.00,0.00
2013.09.30 15:41:39.388,13.30342,13.30658,0.00,0.00
2013.09.30 15:41:39.464,13.30352,13.30667,0.00,0.00
2013.09.30 15:41:41.251,13.30342,13.30663,0.00,0.00
2013.09.30 15:41:41.511,13.30352,13.30667,0.00,0.00
2013.09.30 15:41:42.357,13.30352,13.30652,0.00,0.00
2013.09.30 15:41:42.471,13.30342,13.30658,0.00,0.00
2013.09.30 15:41:42.591,13.30352,13.30667,0.00,0.00
2013.09.30 15:41:46.991,13.30352,13.30668,0.00,0.00
2013.09.30 15:41:47.406,13.30371,13.30668,0.00,0.00
2013.09.30 15:41:47.523,13.30332,13.30653,0.00,0.00
2013.09.30 15:41:49.300,13.30342,13.30653,0.00,0.00
2013.09.30 15:41:51.060,13.30342,13.30658,0.00,0.00
2013.09.30 15:41:51.121,13.30367,13.30678,0.00,0.00
2013.09.30 15:41:51.243,13.30402,13.30718,0.00,0.00
2013.09.30 15:41:51.301,13.30422,13.30737,0.00,0.00
2013.09.30 15:41:51.899,13.30492,13.30737,0.00,0.00
2013.09.30 15:41:52.081,13.30542,13.30827,0.00,0.00
2013.09.30 15:41:52.252,13.30542,13.30858,0.00,0.00
2013.09.30 15:41:55.869,13.30592,13.30877,0.00,0.00
2013.09.30 15:41:56.031,13.30632,13.30947,0.00,0.00
2013.09.30 15:41:59.131,13.30642,13.30947,0.00,0.00
2013.09.30 15:41:59.739,13.30642,13.30948,0.00,0.00
2013.09.30 15:42:01.112,13.30652,13.30958,0.00,0.00
2013.09.30 15:42:01.515,13.30652,13.30967,0.00,0.00
2013.09.30 15:42:03.149,13.30624,13.30903,0.00,0.00
2013.09.30 15:42:03.292,13.30582,13.30903,0.00,0.00
2013.09.30 15:42:03.411,13.30556,13.30863,0.00,0.00
2013.09.30 15:42:03.513,13.30542,13.30863,0.00,0.00
2013.09.30 15:42:06.095,13.30542,13.30853,0.00,0.00
2013.09.30 15:42:06.903,13.30552,13.30863,0.00,0.00
2013.09.30 15:42:06.961,13.30552,13.30868,0.00,0.00
2013.09.30 15:42:07.081,13.30562,13.30878,0.00,0.00
2013.09.30 15:42:09.470,13.30602,13.30895,0.00,0.00
2013.09.30 15:42:09.712,13.30652,13.30968,0.00,0.00
2013.09.30 15:42:10.922,13.30672,13.30988,0.00,0.00
2013.09.30 15:42:12.354,13.30712,13.31017,0.00,0.00
2013.09.30 15:42:14.041,13.30702,13.31017,0.00,0.00
2013.09.30 15:42:14.404,13.30692,13.31013,0.00,0.00
2013.09.30 15:42:15.025,13.30703,13.31013,0.00,0.00
2013.09.30 15:42:15.113,13.30722,13.31038,0.00,0.00
2013.09.30 15:42:17.603,13.30742,13.31047,0.00,0.00
2013.09.30 15:42:17.661,13.30742,13.31058,0.00,0.00
2013.09.30 15:42:18.947,13.30742,13.31002,0.00,0.00
2013.09.30 15:42:19.062,13.30712,13.31002,0.00,0.00
2013.09.30 15:42:19.381,13.30662,13.30983,0.00,0.00
2013.09.30 15:42:20.364,13.30662,13.30978,0.00,0.00
2013.09.30 15:42:20.581,13.30672,13.30978,0.00,0.00
2013.09.30 15:42:21.100,13.30702,13.30978,0.00,0.00
2013.09.30 15:42:21.161,13.30702,13.30997,0.00,0.00
2013.09.30 15:42:21.562,13.30712,13.30997,0.00,0.00
2013.09.30 15:42:22.797,13.30712,13.31017,0.00,0.00
2013.09.30 15:42:23.357,13.30742,13.31017,0.00,0.00
2013.09.30 15:42:23.663,13.30752,13.31017,0.00,0.00
2013.09.30 15:42:23.862,13.30732,13.31017,0.00,0.00
2013.09.30 15:42:24.117,13.30732,13.31048,0.00,0.00
2013.09.30 15:42:24.171,13.30742,13.31057,0.00,0.00
2013.09.30 15:42:26.362,13.30802,13.31084,0.00,0.00
2013.09.30 15:42:26.428,13.30802,13.31118,0.00,0.00
2013.09.30 15:42:32.831,13.30802,13.31118,0.00,0.00
2013.09.30 15:42:34.315,13.30822,13.31118,0.00,0.00
2013.09.30 15:42:34.623,13.30832,13.31118,0.00,0.00
2013.09.30 15:42:36.164,13.3081,13.31063,0.00,0.00
2013.09.30 15:42:36.260,13.30772,13.31063,0.00,0.00
2013.09.30 15:42:36.321,13.30762,13.31063,0.00,0.00
2013.09.30 15:42:36.381,13.30762,13.31052,0.00,0.00
2013.09.30 15:42:38.417,13.30762,13.31032,0.00,0.00
2013.09.30 15:42:39.196,13.30752,13.31032,0.00,0.00
2013.09.30 15:42:44.246,13.30752,13.31012,0.00,0.00
2013.09.30 15:42:48.495,13.30732,13.31012,0.00,0.00
2013.09.30 15:42:48.798,13.30714,13.31012,0.00,0.00
2013.09.30 15:42:48.893,13.30712,13.31012,0.00,0.00
2013.09.30 15:42:48.951,13.30702,13.31012,0.00,0.00
2013.09.30 15:42:49.011,13.30676,13.30963,0.00,0.00
2013.09.30 15:42:49.071,13.30642,13.30963,0.00,0.00
2013.09.30 15:42:49.192,13.30632,13.30953,0.00,0.00
2013.09.30 15:42:49.542,13.30632,13.30942,0.00,0.00
2013.09.30 15:42:53.271,13.30632,13.30922,0.00,0.00
2013.09.30 15:42:55.663,13.30642,13.30922,0.00,0.00
2013.09.30 15:42:56.021,13.30642,13.30947,0.00,0.00
2013.09.30 15:42:58.216,13.30642,13.30932,0.00,0.00
2013.09.30 15:43:01.186,13.30642,13.30957,0.00,0.00
2013.09.30 15:43:03.951,13.30642,13.30932,0.00,0.00
2013.09.30 15:43:04.822,13.30632,13.30932,0.00,0.00
2013.09.30 15:43:04.971,13.30605,13.30872,0.00,0.00
2013.09.30 15:43:05.072,13.30562,13.30872,0.00,0.00
2013.09.30 15:43:05.131,13.30552,13.30868,0.00,0.00
2013.09.30 15:43:08.602,13.30552,13.30863,0.00,0.00
2013.09.30 15:43:09.008,13.30542,13.30842,0.00,0.00
2013.09.30 15:43:10.571,13.30552,13.30867,0.00,0.00
2013.09.30 15:43:11.874,13.30542,13.30863,0.00,0.00
2013.09.30 15:43:11.992,13.30642,13.30867,0.00,0.00
2013.09.30 15:43:12.111,13.30642,13.30928,0.00,0.00
2013.09.30 15:43:12.172,13.30682,13.30958,0.00,0.00
2013.09.30 15:43:12.512,13.30672,13.30958,0.00,0.00
2013.09.30 15:43:13.473,13.30662,13.30958,0.00,0.00
2013.09.30 15:43:22.521,13.30662,13.30978,0.00,0.00
2013.09.30 15:43:22.701,13.30642,13.30963,0.00,0.00
2013.09.30 15:43:31.931,13.30652,13.30968,0.00,0.00
2013.09.30 15:43:43.203,13.30672,13.30987,0.00,0.00
2013.09.30 15:43:43.617,13.30682,13.30997,0.00,0.00
2013.09.30 15:43:47.441,13.30672,13.30993,0.00,0.00
2013.09.30 15:43:47.501,13.30662,13.30963,0.00,0.00
2013.09.30 15:43:47.915,13.30652,13.30963,0.00,0.00
2013.09.30 15:43:47.972,13.30652,13.30932,0.00,0.00
2013.09.30 15:43:48.930,13.30624,13.30923,0.00,0.00
2013.09.30 15:43:48.991,13.30624,13.30892,0.00,0.00
2013.09.30 15:43:49.111,13.30575,13.30883,0.00,0.00
2013.09.30 15:43:49.172,13.30542,13.30863,0.00,0.00
2013.09.30 15:43:54.435,13.30542,13.30858,0.00,0.00
2013.09.30 15:43:57.735,13.30542,13.30832,0.00,0.00
2013.09.30 15:44:01.879,13.30572,13.30832,0.00,0.00
2013.09.30 15:44:01.931,13.30572,13.30877,0.00,0.00
2013.09.30 15:44:01.992,13.30582,13.30877,0.00,0.00
2013.09.30 15:44:02.303,13.30632,13.30877,0.00,0.00
2013.09.30 15:44:02.465,13.30652,13.30927,0.00,0.00
2013.09.30 15:44:02.581,13.30682,13.30927,0.00,0.00
2013.09.30 15:44:02.901,13.30692,13.30927,0.00,0.00
2013.09.30 15:44:02.961,13.30692,13.30947,0.00,0.00
2013.09.30 15:44:03.345,13.30692,13.30958,0.00,0.00
2013.09.30 15:44:04.718,13.30682,13.30958,0.00,0.00
2013.09.30 15:44:04.776,13.30682,13.30912,0.00,0.00
2013.09.30 15:44:08.905,13.3066,13.30912,0.00,0.00
2013.09.30 15:44:08.961,13.3066,13.30892,0.00,0.00
2013.09.30 15:44:09.021,13.30642,13.30892,0.00,0.00
2013.09.30 15:44:09.171,13.30662,13.30892,0.00,0.00
2013.09.30 15:44:14.921,13.30662,13.30927,0.00,0.00
2013.09.30 15:44:15.665,13.30662,13.30912,0.00,0.00
2013.09.30 15:44:16.781,13.30662,13.30927,0.00,0.00
2013.09.30 15:44:17.535,13.30662,13.30958,0.00,0.00
2013.09.30 15:44:17.712,13.30692,13.30958,0.00,0.00
2013.09.30 15:44:17.982,13.30772,13.31044,0.00,0.00
2013.09.30 15:44:18.052,13.30792,13.31044,0.00,0.00
2013.09.30 15:44:18.112,13.30792,13.31097,0.00,0.00
2013.09.30 15:44:21.435,13.30802,13.31097,0.00,0.00
2013.09.30 15:44:28.315,13.30802,13.31072,0.00,0.00
2013.09.30 15:44:28.451,13.30782,13.31072,0.00,0.00
2013.09.30 15:44:30.070,13.30758,13.31033,0.00,0.00
2013.09.30 15:44:30.251,13.30699,13.30992,0.00,0.00
2013.09.30 15:44:30.311,13.30682,13.30992,0.00,0.00
2013.09.30 15:44:30.741,13.30682,13.30962,0.00,0.00
2013.09.30 15:44:33.373,13.30692,13.30962,0.00,0.00
2013.09.30 15:44:35.413,13.30702,13.30962,0.00,0.00
2013.09.30 15:44:35.472,13.30702,13.30977,0.00,0.00
2013.09.30 15:44:37.051,13.30692,13.30977,0.00,0.00
2013.09.30 15:44:37.173,13.30682,13.30977,0.00,0.00
2013.09.30 15:44:38.060,13.30662,13.30977,0.00,0.00
2013.09.30 15:44:44.737,13.30662,13.30963,0.00,0.00
2013.09.30 15:44:45.038,13.30612,13.30882,0.00,0.00
2013.09.30 15:44:45.362,13.30642,13.30882,0.00,0.00
2013.09.30 15:44:45.421,13.30642,13.30907,0.00,0.00
2013.09.30 15:44:46.187,13.30632,13.30882,0.00,0.00
2013.09.30 15:44:46.322,13.3061,13.30863,0.00,0.00
2013.09.30 15:44:46.382,13.3061,13.30842,0.00,0.00
2013.09.30 15:44:46.513,13.30599,13.30842,0.00,0.00
2013.09.30 15:44:46.677,13.30516,13.30842,0.00,0.00
2013.09.30 15:44:46.732,13.30516,13.30793,0.00,0.00
2013.09.30 15:44:46.872,13.30474,13.30793,0.00,0.00
2013.09.30 15:44:47.027,13.30472,13.30793,0.00,0.00
2013.09.30 15:44:48.445,13.30472,13.30772,0.00,0.00
2013.09.30 15:44:48.965,13.30454,13.30743,0.00,0.00
2013.09.30 15:44:49.123,13.30402,13.30702,0.00,0.00
2013.09.30 15:44:49.182,13.30382,13.30698,0.00,0.00
2013.09.30 15:44:51.546,13.30452,13.30698,0.00,0.00
2013.09.30 15:44:51.672,13.30492,13.30739,0.00,0.00
2013.09.30 15:44:51.802,13.30492,13.30777,0.00,0.00
2013.09.30 15:44:51.952,13.30508,13.30777,0.00,0.00
2013.09.30 15:44:52.261,13.30572,13.30777,0.00,0.00
2013.09.30 15:44:52.402,13.30572,13.30858,0.00,0.00
2013.09.30 15:44:52.722,13.30602,13.30858,0.00,0.00
2013.09.30 15:44:53.213,13.30602,13.30832,0.00,0.00
2013.09.30 15:44:53.309,13.30572,13.30832,0.00,0.00
2013.09.30 15:44:53.562,13.30562,13.30832,0.00,0.00
2013.09.30 15:44:55.401,13.30542,13.30832,0.00,0.00
2013.09.30 15:44:56.945,13.30542,13.30792,0.00,0.00
2013.09.30 15:44:57.102,13.30477,13.30763,0.00,0.00
2013.09.30 15:44:57.161,13.30452,13.30763,0.00,0.00
2013.09.30 15:44:58.476,13.30452,13.30768,0.00,0.00
2013.09.30 15:44:59.101,13.30462,13.30778,0.00,0.00
2013.09.30 15:44:59.461,13.30562,13.30878,0.00,0.00
2013.09.30 15:44:59.782,13.30592,13.30887,0.00,0.00
2013.09.30 15:44:59.841,13.30572,13.30887,0.00,0.00
2013.09.30 15:45:00.328,13.30572,13.30863,0.00,0.00
2013.09.30 15:45:00.537,13.30552,13.30863,0.00,0.00
2013.09.30 15:45:01.234,13.30552,13.30842,0.00,0.00
2013.09.30 15:45:01.552,13.30594,13.30867,0.00,0.00
2013.09.30 15:45:01.966,13.30594,13.30863,0.00,0.00
2013.09.30 15:45:02.022,13.30581,13.30863,0.00,0.00
2013.09.30 15:45:02.141,13.30562,13.30863,0.00,0.00
2013.09.30 15:45:02.532,13.30552,13.30863,0.00,0.00
2013.09.30 15:45:03.398,13.30562,13.30863,0.00,0.00
2013.09.30 15:45:03.874,13.30562,13.30852,0.00,0.00
2013.09.30 15:45:07.541,13.30572,13.30852,0.00,0.00
2013.09.30 15:45:09.120,13.30592,13.30852,0.00,0.00
2013.09.30 15:45:09.181,13.30592,13.30877,0.00,0.00
2013.09.30 15:45:09.242,13.30632,13.30877,0.00,0.00
2013.09.30 15:45:10.166,13.30652,13.30877,0.00,0.00
2013.09.30 15:45:10.670,13.30642,13.30877,0.00,0.00
2013.09.30 15:45:11.144,13.30642,13.30772,0.00,0.00
2013.09.30 15:45:11.322,13.30483,13.30772,0.00,0.00
2013.09.30 15:45:11.382,13.30462,13.30772,0.00,0.00
2013.09.30 15:45:12.003,13.30462,13.30763,0.00,0.00
2013.09.30 15:45:12.411,13.30452,13.30752,0.00,0.00
2013.09.30 15:45:12.835,13.30452,13.30722,0.00,0.00
2013.09.30 15:45:13.950,13.30442,13.30722,0.00,0.00
2013.09.30 15:45:14.030,13.30442,13.30692,0.00,0.00
2013.09.30 15:45:14.092,13.30426,13.30692,0.00,0.00
2013.09.30 15:45:14.151,13.30412,13.30692,0.00,0.00
2013.09.30 15:45:18.035,13.30387,13.30663,0.00,0.00
2013.09.30 15:45:18.091,13.30372,13.30663,0.00,0.00
2013.09.30 15:45:18.152,13.30372,13.30687,0.00,0.00
2013.09.30 15:45:18.234,13.30382,13.30687,0.00,0.00
2013.09.30 15:45:18.855,13.30372,13.30663,0.00,0.00
2013.09.30 15:45:22.564,13.30362,13.30663,0.00,0.00
2013.09.30 15:45:23.432,13.30352,13.30632,0.00,0.00
2013.09.30 15:45:23.784,13.30362,13.30632,0.00,0.00
2013.09.30 15:45:24.201,13.30392,13.30705,0.00,0.00
2013.09.30 15:45:24.323,13.30392,13.30708,0.00,0.00
2013.09.30 15:45:24.396,13.30402,13.30718,0.00,0.00
2013.09.30 15:45:24.804,13.30452,13.30727,0.00,0.00
2013.09.30 15:45:27.256,13.30435,13.30727,0.00,0.00
2013.09.30 15:45:27.316,13.30422,13.30727,0.00,0.00
2013.09.30 15:45:27.511,13.30422,13.30738,0.00,0.00
2013.09.30 15:45:27.692,13.30442,13.30757,0.00,0.00
2013.09.30 15:45:28.374,13.30442,13.30758,0.00,0.00
2013.09.30 15:45:37.247,13.30472,13.30782,0.00,0.00
2013.09.30 15:45:37.302,13.30472,13.30788,0.00,0.00
2013.09.30 15:45:38.651,13.30472,13.30788,0.00,0.00
2013.09.30 15:45:39.484,13.30472,13.30752,0.00,0.00
2013.09.30 15:45:39.662,13.30452,13.30752,0.00,0.00
2013.09.30 15:45:40.282,13.30452,13.30722,0.00,0.00
2013.09.30 15:45:40.592,13.30462,13.30722,0.00,0.00
2013.09.30 15:45:43.689,13.30452,13.30722,0.00,0.00
2013.09.30 15:45:48.917,13.30432,13.30722,0.00,0.00
2013.09.30 15:45:51.914,13.30432,13.30622,0.00,0.00
2013.09.30 15:45:51.973,13.30362,13.30622,0.00,0.00
2013.09.30 15:45:52.032,13.30342,13.30622,0.00,0.00
2013.09.30 15:45:52.133,13.30342,13.30658,0.00,0.00
2013.09.30 15:45:52.382,13.30337,13.30653,0.00,0.00
2013.09.30 15:45:52.684,13.30362,13.30658,0.00,0.00
2013.09.30 15:45:53.147,13.30362,13.30677,0.00,0.00
2013.09.30 15:45:53.965,13.30362,13.30663,0.00,0.00
2013.09.30 15:45:55.580,13.30362,13.30677,0.00,0.00
2013.09.30 15:45:56.301,13.30362,13.30663,0.00,0.00
2013.09.30 15:45:58.354,13.30337,13.30623,0.00,0.00
2013.09.30 15:45:58.425,13.30302,13.30623,0.00,0.00
2013.09.30 15:45:58.483,13.30302,13.30602,0.00,0.00
2013.09.30 15:45:58.812,13.30312,13.30602,0.00,0.00
2013.09.30 15:45:58.874,13.30312,13.30627,0.00,0.00
2013.09.30 15:45:58.932,13.30322,13.30627,0.00,0.00
2013.09.30 15:46:00.304,13.30322,13.30638,0.00,0.00
2013.09.30 15:46:00.370,13.30342,13.30658,0.00,0.00
2013.09.30 15:46:00.854,13.30352,13.30652,0.00,0.00
2013.09.30 15:46:01.595,13.30352,13.30632,0.00,0.00
2013.09.30 15:46:01.913,13.30312,13.30592,0.00,0.00
2013.09.30 15:46:03.473,13.30322,13.30592,0.00,0.00
2013.09.30 15:46:03.824,13.30332,13.30572,0.00,0.00
2013.09.30 15:46:03.933,13.30332,13.30597,0.00,0.00
2013.09.30 15:46:03.992,13.30322,13.30597,0.00,0.00
2013.09.30 15:46:08.002,13.30302,13.30597,0.00,0.00
2013.09.30 15:46:08.098,13.30292,13.30597,0.00,0.00
2013.09.30 15:46:08.152,13.30242,13.30543,0.00,0.00
2013.09.30 15:46:09.234,13.30242,13.30523,0.00,0.00
2013.09.30 15:46:09.453,13.30193,13.30513,0.00,0.00
2013.09.30 15:46:09.662,13.30166,13.30483,0.00,0.00
2013.09.30 15:46:09.822,13.30152,13.30473,0.00,0.00
2013.09.30 15:46:09.882,13.30172,13.30488,0.00,0.00
2013.09.30 15:46:10.204,13.30242,13.30498,0.00,0.00
2013.09.30 15:46:11.252,13.30242,13.30493,0.00,0.00
2013.09.30 15:46:11.372,13.30242,13.30518,0.00,0.00
2013.09.30 15:46:12.512,13.30242,13.30513,0.00,0.00
2013.09.30 15:46:14.062,13.30242,13.30518,0.00,0.00
2013.09.30 15:46:14.153,13.30192,13.30513,0.00,0.00
2013.09.30 15:46:14.212,13.30192,13.30472,0.00,0.00
2013.09.30 15:46:14.272,13.30178,13.30472,0.00,0.00
2013.09.30 15:46:14.332,13.30162,13.30472,0.00,0.00
2013.09.30 15:46:14.391,13.30154,13.30443,0.00,0.00
2013.09.30 15:46:14.451,13.30142,13.30443,0.00,0.00
2013.09.30 15:46:14.702,13.30142,13.30413,0.00,0.00
2013.09.30 15:46:14.821,13.30142,13.30428,0.00,0.00
2013.09.30 15:46:15.067,13.30142,13.30448,0.00,0.00
2013.09.30 15:46:15.273,13.30142,13.30458,0.00,0.00
2013.09.30 15:46:16.005,13.30142,13.30453,0.00,0.00
2013.09.30 15:46:18.182,13.30144,13.30453,0.00,0.00
2013.09.30 15:46:18.264,13.30152,13.30468,0.00,0.00
2013.09.30 15:46:18.364,13.30162,13.30478,0.00,0.00
2013.09.30 15:46:20.932,13.30144,13.30413,0.00,0.00
2013.09.30 15:46:21.132,13.30032,13.30332,0.00,0.00
2013.09.30 15:46:21.535,13.30052,13.30332,0.00,0.00
2013.09.30 15:46:21.592,13.30052,13.30368,0.00,0.00
2013.09.30 15:46:21.652,13.30102,13.30407,0.00,0.00
2013.09.30 15:46:21.842,13.30142,13.30451,0.00,0.00
2013.09.30 15:46:21.902,13.30162,13.30477,0.00,0.00
2013.09.30 15:46:21.962,13.30182,13.30477,0.00,0.00
2013.09.30 15:46:22.162,13.30182,13.30498,0.00,0.00
2013.09.30 15:46:22.222,13.30172,13.30493,0.00,0.00
2013.09.30 15:46:22.553,13.30192,13.30507,0.00,0.00
2013.09.30 15:46:22.987,13.30182,13.30503,0.00,0.00
2013.09.30 15:46:25.882,13.30202,13.30518,0.00,0.00
2013.09.30 15:46:28.341,13.30212,13.30527,0.00,0.00
2013.09.30 15:46:28.666,13.30232,13.30527,0.00,0.00
2013.09.30 15:46:30.188,13.3021,13.30523,0.00,0.00
2013.09.30 15:46:30.242,13.3021,13.30513,0.00,0.00
2013.09.30 15:46:30.362,13.30192,13.30513,0.00,0.00
2013.09.30 15:46:30.915,13.30171,13.30483,0.00,0.00
2013.09.30 15:46:31.122,13.30142,13.30463,0.00,0.00
2013.09.30 15:46:39.662,13.30142,13.30453,0.00,0.00
2013.09.30 15:46:40.134,13.30162,13.30467,0.00,0.00
2013.09.30 15:46:40.213,13.30162,13.30478,0.00,0.00
2013.09.30 15:46:41.620,13.30192,13.30497,0.00,0.00
2013.09.30 15:46:42.771,13.30182,13.30497,0.00,0.00
2013.09.30 15:46:54.915,13.30192,13.30497,0.00,0.00
2013.09.30 15:47:01.933,13.30168,13.30423,0.00,0.00
2013.09.30 15:47:02.092,13.30082,13.30372,0.00,0.00
2013.09.30 15:47:02.152,13.30042,13.30363,0.00,0.00
2013.09.30 15:47:02.752,13.30052,13.30367,0.00,0.00
2013.09.30 15:47:03.555,13.30052,13.30352,0.00,0.00
2013.09.30 15:47:03.892,13.30052,13.30332,0.00,0.00
2013.09.30 15:47:04.012,13.30042,13.30332,0.00,0.00
2013.09.30 15:47:05.032,13.30052,13.30332,0.00,0.00
2013.09.30 15:47:05.601,13.30102,13.30332,0.00,0.00
2013.09.30 15:47:05.911,13.30122,13.30332,0.00,0.00
2013.09.30 15:47:06.352,13.30132,13.30332,0.00,0.00
2013.09.30 15:47:08.333,13.30122,13.30332,0.00,0.00
2013.09.30 15:47:10.623,13.30122,13.30347,0.00,0.00
2013.09.30 15:47:11.833,13.30122,13.30322,0.00,0.00
2013.09.30 15:47:14.387,13.30111,13.30322,0.00,0.00
2013.09.30 15:47:14.542,13.30054,13.30322,0.00,0.00
2013.09.30 15:47:14.602,13.30052,13.30322,0.00,0.00
2013.09.30 15:47:16.030,13.30042,13.30322,0.00,0.00
2013.09.30 15:47:20.579,13.30142,13.30322,0.00,0.00
2013.09.30 15:47:20.692,13.30192,13.30457,0.00,0.00
2013.09.30 15:47:20.990,13.30172,13.30457,0.00,0.00
2013.09.30 15:47:29.628,13.30192,13.30457,0.00,0.00
2013.09.30 15:47:29.682,13.30192,13.30487,0.00,0.00
2013.09.30 15:47:29.742,13.30212,13.30487,0.00,0.00
2013.09.30 15:47:29.802,13.30212,13.30507,0.00,0.00
2013.09.30 15:47:31.252,13.30232,13.30507,0.00,0.00
2013.09.30 15:47:31.510,13.30209,13.30507,0.00,0.00
2013.09.30 15:47:31.609,13.30222,13.30507,0.00,0.00
2013.09.30 15:47:31.967,13.30232,13.30507,0.00,0.00
2013.09.30 15:47:32.297,13.30242,13.30507,0.00,0.00
2013.09.30 15:47:32.842,13.30242,13.30482,0.00,0.00
2013.09.30 15:47:32.902,13.30224,13.30482,0.00,0.00
2013.09.30 15:47:32.962,13.30212,13.30482,0.00,0.00
2013.09.30 15:47:33.564,13.30222,13.30482,0.00,0.00
2013.09.30 15:47:33.622,13.30222,13.30507,0.00,0.00
2013.09.30 15:47:33.682,13.30252,13.30507,0.00,0.00
2013.09.30 15:47:34.932,13.30252,13.30482,0.00,0.00
2013.09.30 15:47:34.992,13.30222,13.30482,0.00,0.00
2013.09.30 15:47:35.052,13.30222,13.30507,0.00,0.00
2013.09.30 15:47:35.112,13.30232,13.30507,0.00,0.00
2013.09.30 15:47:35.899,13.30212,13.30507,0.00,0.00
2013.09.30 15:47:35.981,13.30202,13.30507,0.00,0.00
2013.09.30 15:47:36.164,13.30212,13.30507,0.00,0.00
2013.09.30 15:47:36.486,13.30222,13.30507,0.00,0.00
2013.09.30 15:47:36.802,13.30232,13.30502,0.00,0.00
2013.09.30 15:47:37.403,13.30212,13.30502,0.00,0.00
2013.09.30 15:47:37.563,13.30202,13.30502,0.00,0.00
2013.09.30 15:47:39.864,13.30192,13.30502,0.00,0.00
2013.09.30 15:47:41.743,13.30172,13.30493,0.00,0.00
2013.09.30 15:47:47.907,13.30182,13.30497,0.00,0.00
2013.09.30 15:47:50.566,13.30172,13.30493,0.00,0.00
2013.09.30 15:47:50.971,13.30242,13.30497,0.00,0.00
2013.09.30 15:47:51.252,13.30302,13.30597,0.00,0.00
2013.09.30 15:47:51.312,13.30312,13.30597,0.00,0.00
2013.09.30 15:47:51.802,13.30302,13.30597,0.00,0.00
2013.09.30 15:47:52.390,13.30342,13.30597,0.00,0.00
2013.09.30 15:47:52.452,13.30342,13.30618,0.00,0.00
2013.09.30 15:47:52.512,13.30362,13.30647,0.00,0.00
2013.09.30 15:47:52.572,13.30362,13.30649,0.00,0.00
2013.09.30 15:47:52.653,13.30362,13.30677,0.00,0.00
2013.09.30 15:47:53.403,13.30362,13.30678,0.00,0.00
2013.09.30 15:47:53.462,13.30372,13.30688,0.00,0.00
2013.09.30 15:47:55.729,13.30382,13.30697,0.00,0.00
2013.09.30 15:47:56.294,13.30442,13.30697,0.00,0.00
2013.09.30 15:47:56.512,13.30472,13.30748,0.00,0.00
2013.09.30 15:47:56.662,13.30472,13.30788,0.00,0.00
2013.09.30 15:47:57.310,13.30542,13.30814,0.00,0.00
2013.09.30 15:47:57.592,13.30552,13.30861,0.00,0.00
2013.09.30 15:47:57.652,13.30552,13.30868,0.00,0.00
2013.09.30 15:47:59.357,13.30562,13.30878,0.00,0.00
2013.09.30 15:47:59.702,13.30602,13.30918,0.00,0.00
2013.09.30 15:48:00.068,13.30558,13.30873,0.00,0.00
2013.09.30 15:48:00.122,13.30552,13.30873,0.00,0.00
2013.09.30 15:48:02.308,13.30542,13.30863,0.00,0.00
2013.09.30 15:48:02.919,13.30542,13.30858,0.00,0.00
2013.09.30 15:48:03.582,13.30542,13.30842,0.00,0.00
2013.09.30 15:48:03.912,13.30505,13.30762,0.00,0.00
2013.09.30 15:48:03.972,13.30452,13.30762,0.00,0.00
2013.09.30 15:48:04.362,13.30442,13.30732,0.00,0.00
2013.09.30 15:48:06.317,13.30422,13.30732,0.00,0.00
2013.09.30 15:48:06.432,13.30412,13.30728,0.00,0.00
2013.09.30 15:48:06.612,13.30412,13.30712,0.00,0.00
2013.09.30 15:48:06.672,13.30402,13.30712,0.00,0.00
2013.09.30 15:48:06.793,13.30402,13.30707,0.00,0.00
2013.09.30 15:48:06.852,13.30402,13.30707,0.00,0.00
2013.09.30 15:48:07.038,13.30392,13.30707,0.00,0.00
2013.09.30 15:48:10.902,13.30392,13.30682,0.00,0.00
2013.09.30 15:48:11.003,13.30362,13.30678,0.00,0.00
2013.09.30 15:48:11.342,13.30362,13.30642,0.00,0.00
2013.09.30 15:48:23.882,13.30362,13.30678,0.00,0.00
2013.09.30 15:48:28.502,13.30362,13.30672,0.00,0.00
2013.09.30 15:48:29.047,13.30352,13.30668,0.00,0.00
2013.09.30 15:48:32.962,13.30352,13.30652,0.00,0.00
2013.09.30 15:48:36.171,13.30362,13.30652,0.00,0.00
2013.09.30 15:48:37.080,13.30342,13.30652,0.00,0.00
2013.09.30 15:48:38.401,13.30342,13.30632,0.00,0.00
2013.09.30 15:48:39.291,13.30342,13.30657,0.00,0.00
2013.09.30 15:48:39.399,13.30372,13.30657,0.00,0.00
2013.09.30 15:48:48.202,13.30362,13.30657,0.00,0.00
2013.09.30 15:48:53.933,13.30342,13.30657,0.00,0.00
2013.09.30 15:48:54.031,13.30342,13.30632,0.00,0.00
2013.09.30 15:48:54.911,13.30342,13.30612,0.00,0.00
2013.09.30 15:48:54.972,13.30312,13.30612,0.00,0.00
2013.09.30 15:48:55.092,13.30282,13.30603,0.00,0.00
2013.09.30 15:48:56.905,13.30292,13.30607,0.00,0.00
2013.09.30 15:48:57.673,13.30282,13.30603,0.00,0.00
2013.09.30 15:49:00.050,13.30292,13.30607,0.00,0.00
2013.09.30 15:49:00.414,13.30352,13.30657,0.00,0.00
2013.09.30 15:49:00.631,13.30352,13.30668,0.00,0.00
2013.09.30 15:49:00.752,13.30382,13.30697,0.00,0.00
2013.09.30 15:49:01.102,13.30392,13.30697,0.00,0.00
2013.09.30 15:49:01.294,13.30392,13.30708,0.00,0.00
2013.09.30 15:49:01.352,13.30382,13.30703,0.00,0.00
2013.09.30 15:49:09.482,13.30382,13.30692,0.00,0.00
2013.09.30 15:49:11.727,13.30356,13.30663,0.00,0.00
2013.09.30 15:49:11.874,13.30342,13.30663,0.00,0.00
2013.09.30 15:49:16.988,13.30342,13.30653,0.00,0.00
2013.09.30 15:49:17.342,13.30342,13.30602,0.00,0.00
2013.09.30 15:49:17.681,13.30352,13.30668,0.00,0.00
2013.09.30 15:49:21.311,13.30352,13.30668,0.00,0.00
2013.09.30 15:49:27.702,13.30342,13.30663,0.00,0.00
2013.09.30 15:49:29.113,13.30342,13.30632,0.00,0.00
2013.09.30 15:49:31.694,13.30352,13.30632,0.00,0.00
2013.09.30 15:49:32.263,13.30362,13.30632,0.00,0.00
2013.09.30 15:49:34.103,13.30352,13.30632,0.00,0.00
2013.09.30 15:49:34.532,13.30352,13.30657,0.00,0.00
2013.09.30 15:49:35.060,13.30352,13.30632,0.00,0.00
2013.09.30 15:49:35.182,13.30362,13.30657,0.00,0.00
2013.09.30 15:49:40.320,13.30352,13.30657,0.00,0.00
2013.09.30 15:49:42.661,13.30442,13.30657,0.00,0.00
2013.09.30 15:49:42.863,13.30442,13.30692,0.00,0.00
2013.09.30 15:49:42.922,13.30472,13.3071,0.00,0.00
2013.09.30 15:49:42.982,13.30472,13.30767,0.00,0.00
2013.09.30 15:49:43.879,13.30462,13.30767,0.00,0.00
2013.09.30 15:49:44.189,13.30472,13.30767,0.00,0.00
2013.09.30 15:49:44.242,13.30472,13.30788,0.00,0.00
2013.09.30 15:49:45.352,13.30542,13.30813,0.00,0.00
2013.09.30 15:49:45.446,13.30542,13.30826,0.00,0.00
2013.09.30 15:49:45.714,13.30542,13.30848,0.00,0.00
2013.09.30 15:49:48.794,13.30512,13.30833,0.00,0.00
2013.09.30 15:49:48.972,13.30512,13.30812,0.00,0.00
2013.09.30 15:49:49.033,13.30492,13.30803,0.00,0.00
2013.09.30 15:49:49.233,13.30482,13.30803,0.00,0.00
2013.09.30 15:49:54.987,13.30542,13.30804,0.00,0.00
2013.09.30 15:49:55.042,13.30542,13.30807,0.00,0.00
2013.09.30 15:49:55.102,13.30542,13.30827,0.00,0.00
2013.09.30 15:49:55.898,13.30502,13.30823,0.00,0.00
2013.09.30 15:49:58.332,13.30476,13.30783,0.00,0.00
2013.09.30 15:49:58.511,13.30462,13.30783,0.00,0.00
2013.09.30 15:49:58.572,13.30443,13.30723,0.00,0.00
2013.09.30 15:49:58.692,13.30414,13.30723,0.00,0.00
2013.09.30 15:49:58.752,13.30375,13.30672,0.00,0.00
2013.09.30 15:49:58.841,13.30372,13.30672,0.00,0.00
2013.09.30 15:49:58.902,13.30342,13.30663,0.00,0.00
2013.09.30 15:50:01.173,13.30352,13.30667,0.00,0.00
2013.09.30 15:50:01.778,13.30342,13.30663,0.00,0.00
2013.09.30 15:50:02.792,13.30352,13.30667,0.00,0.00
2013.09.30 15:50:05.945,13.30342,13.30663,0.00,0.00
2013.09.30 15:50:07.267,13.30352,13.30667,0.00,0.00
2013.09.30 15:50:07.841,13.30363,13.30668,0.00,0.00
2013.09.30 15:50:08.163,13.30628,13.30815,0.00,0.00
2013.09.30 15:50:08.472,13.30652,13.30905,0.00,0.00
2013.09.30 15:50:08.592,13.30652,13.30967,0.00,0.00
2013.09.30 15:50:09.710,13.30652,13.30968,0.00,0.00
2013.09.30 15:50:13.166,13.30842,13.30989,0.00,0.00
2013.09.30 15:50:13.223,13.30842,13.31007,0.00,0.00
2013.09.30 15:50:13.283,13.30792,13.31015,0.00,0.00
2013.09.30 15:50:13.343,13.30792,13.31108,0.00,0.00
2013.09.30 15:50:13.402,13.30842,13.31118,0.00,0.00
2013.09.30 15:50:14.288,13.30842,13.31138,0.00,0.00
2013.09.30 15:50:14.342,13.30842,13.31148,0.00,0.00
2013.09.30 15:50:16.044,13.30842,13.31133,0.00,0.00
2013.09.30 15:50:17.692,13.30862,13.31152,0.00,0.00
2013.09.30 15:50:17.752,13.30862,13.31178,0.00,0.00
2013.09.30 15:50:17.883,13.30842,13.31163,0.00,0.00
2013.09.30 15:50:18.212,13.30842,13.31153,0.00,0.00
2013.09.30 15:50:18.624,13.30842,13.31143,0.00,0.00
2013.09.30 15:50:24.216,13.30842,13.31133,0.00,0.00
2013.09.30 15:50:24.532,13.30842,13.31112,0.00,0.00
2013.09.30 15:50:25.730,13.30842,13.31118,0.00,0.00
2013.09.30 15:50:25.882,13.30842,13.31128,0.00,0.00
2013.09.30 15:50:32.644,13.30842,13.31128,0.00,0.00
2013.09.30 15:50:32.780,13.30842,13.31123,0.00,0.00
2013.09.30 15:50:34.199,13.30842,13.31092,0.00,0.00
2013.09.30 15:50:34.252,13.30782,13.31088,0.00,0.00
2013.09.30 15:50:34.312,13.30772,13.31088,0.00,0.00
2013.09.30 15:50:34.372,13.30742,13.31063,0.00,0.00
2013.09.30 15:50:34.438,13.30742,13.31053,0.00,0.00
2013.09.30 15:50:36.476,13.30742,13.31057,0.00,0.00
2013.09.30 15:50:36.532,13.30742,13.31032,0.00,0.00
2013.09.30 15:50:38.412,13.30742,13.31057,0.00,0.00
2013.09.30 15:50:40.409,13.30742,13.31053,0.00,0.00
2013.09.30 15:50:41.124,13.30742,13.31043,0.00,0.00
2013.09.30 15:50:45.142,13.30742,13.31048,0.00,0.00
2013.09.30 15:50:45.203,13.30742,13.31058,0.00,0.00
2013.09.30 15:50:49.229,13.30742,13.31053,0.00,0.00
2013.09.30 15:50:49.772,13.30742,13.31058,0.00,0.00
2013.09.30 15:50:49.836,13.30752,13.31068,0.00,0.00
2013.09.30 15:50:50.152,13.30742,13.31063,0.00,0.00
2013.09.30 15:50:50.472,13.30752,13.31068,0.00,0.00
2013.09.30 15:50:50.956,13.30842,13.31093,0.00,0.00
2013.09.30 15:50:51.142,13.30842,13.31127,0.00,0.00
2013.09.30 15:50:51.202,13.30842,13.31138,0.00,0.00
2013.09.30 15:50:51.262,13.30942,13.31198,0.00,0.00
2013.09.30 15:50:51.454,13.30942,13.31228,0.00,0.00
2013.09.30 15:50:51.592,13.30942,13.31247,0.00,0.00
2013.09.30 15:50:52.295,13.30942,13.31248,0.00,0.00
2013.09.30 15:50:53.297,13.30942,13.31258,0.00,0.00
2013.09.30 15:50:58.232,13.30932,13.31253,0.00,0.00
2013.09.30 15:50:58.552,13.31042,13.31258,0.00,0.00
2013.09.30 15:50:58.862,13.30982,13.31258,0.00,0.00
2013.09.30 15:50:59.009,13.30953,13.31258,0.00,0.00
2013.09.30 15:50:59.122,13.30942,13.31253,0.00,0.00
2013.09.30 15:51:02.363,13.30942,13.31258,0.00,0.00
2013.09.30 15:51:02.522,13.31042,13.31258,0.00,0.00
2013.09.30 15:51:07.522,13.31142,13.3134,0.00,0.00
2013.09.30 15:51:07.642,13.31132,13.3134,0.00,0.00
2013.09.30 15:51:07.703,13.31132,13.31443,0.00,0.00
2013.09.30 15:51:07.762,13.31142,13.31447,0.00,0.00
2013.09.30 15:51:08.092,13.31142,13.31458,0.00,0.00
2013.09.30 15:51:08.282,13.31152,13.31468,0.00,0.00
2013.09.30 15:51:08.584,13.31188,13.31478,0.00,0.00
2013.09.30 15:51:08.702,13.31242,13.31538,0.00,0.00
2013.09.30 15:51:08.776,13.31342,13.31548,0.00,0.00
2013.09.30 15:51:09.002,13.31372,13.31667,0.00,0.00
2013.09.30 15:51:09.202,13.31352,13.31668,0.00,0.00
2013.09.30 15:51:09.742,13.31442,13.31687,0.00,0.00
2013.09.30 15:51:09.862,13.31442,13.31748,0.00,0.00
2013.09.30 15:51:09.922,13.31452,13.31754,0.00,0.00
2013.09.30 15:51:09.982,13.31452,13.31768,0.00,0.00
2013.09.30 15:51:10.362,13.31482,13.31784,0.00,0.00
2013.09.30 15:51:10.482,13.31492,13.31808,0.00,0.00
2013.09.30 15:51:10.542,13.31542,13.31828,0.00,0.00
2013.09.30 15:51:10.843,13.31642,13.31918,0.00,0.00
2013.09.30 15:51:11.938,13.31602,13.31918,0.00,0.00
2013.09.30 15:51:12.234,13.31592,13.31913,0.00,0.00
2013.09.30 15:51:12.563,13.31542,13.31863,0.00,0.00
2013.09.30 15:51:12.912,13.31542,13.31823,0.00,0.00
2013.09.30 15:51:16.662,13.31642,13.31874,0.00,0.00
2013.09.30 15:51:16.722,13.31642,13.31878,0.00,0.00
2013.09.30 15:51:16.813,13.31642,13.31888,0.00,0.00
2013.09.30 15:51:17.537,13.31554,13.31873,0.00,0.00
2013.09.30 15:51:17.639,13.31554,13.31833,0.00,0.00
2013.09.30 15:51:17.693,13.31542,13.31833,0.00,0.00
2013.09.30 15:51:17.862,13.31542,13.31823,0.00,0.00
2013.09.30 15:51:18.252,13.31542,13.31837,0.00,0.00
2013.09.30 15:51:18.582,13.31542,13.31833,0.00,0.00
2013.09.30 15:51:20.278,13.31642,13.31833,0.00,0.00
2013.09.30 15:51:20.381,13.31562,13.31856,0.00,0.00
2013.09.30 15:51:20.503,13.31542,13.31858,0.00,0.00
2013.09.30 15:51:20.582,13.31562,13.31878,0.00,0.00
2013.09.30 15:51:20.902,13.31542,13.31823,0.00,0.00
2013.09.30 15:51:22.272,13.31642,13.31878,0.00,0.00
2013.09.30 15:51:22.392,13.31642,13.31888,0.00,0.00
2013.09.30 15:51:24.774,13.31642,13.31898,0.00,0.00
2013.09.30 15:51:27.243,13.31556,13.31873,0.00,0.00
2013.09.30 15:51:27.302,13.31552,13.31873,0.00,0.00
2013.09.30 15:51:27.362,13.31542,13.31833,0.00,0.00
2013.09.30 15:51:27.544,13.31562,13.31851,0.00,0.00
2013.09.30 15:51:27.662,13.31542,13.31851,0.00,0.00
2013.09.30 15:51:27.844,13.31542,13.31843,0.00,0.00
2013.09.30 15:51:28.863,13.31542,13.31833,0.00,0.00
2013.09.30 15:51:31.204,13.31482,13.31803,0.00,0.00
2013.09.30 15:51:31.262,13.31446,13.31763,0.00,0.00
2013.09.30 15:51:31.322,13.31442,13.31758,0.00,0.00
2013.09.30 15:51:31.382,13.31442,13.31743,0.00,0.00
2013.09.30 15:51:31.751,13.31382,13.31682,0.00,0.00
2013.09.30 15:51:31.812,13.31352,13.31673,0.00,0.00
2013.09.30 15:51:34.536,13.31342,13.31663,0.00,0.00
2013.09.30 15:51:35.550,13.31442,13.31673,0.00,0.00
2013.09.30 15:51:35.602,13.31442,13.31698,0.00,0.00
2013.09.30 15:51:35.662,13.31442,13.31715,0.00,0.00
2013.09.30 15:51:35.743,13.31442,13.31717,0.00,0.00
2013.09.30 15:51:36.352,13.31442,13.31728,0.00,0.00
2013.09.30 15:51:36.902,13.31442,13.31738,0.00,0.00
2013.09.30 15:51:41.996,13.31522,13.31767,0.00,0.00
2013.09.30 15:51:42.342,13.31539,13.31767,0.00,0.00
2013.09.30 15:51:42.702,13.31632,13.31767,0.00,0.00
2013.09.30 15:51:42.911,13.31539,13.31767,0.00,0.00
2013.09.30 15:51:42.972,13.31645,13.31767,0.00,0.00
2013.09.30 15:51:43.032,13.31632,13.31767,0.00,0.00
2013.09.30 15:51:43.123,13.31562,13.31767,0.00,0.00
2013.09.30 15:51:43.242,13.31539,13.31767,0.00,0.00
2013.09.30 15:51:43.302,13.31646,13.31767,0.00,0.00
2013.09.30 15:51:43.486,13.31606,13.31767,0.00,0.00
2013.09.30 15:51:43.552,13.31692,13.31817,0.00,0.00
2013.09.30 15:51:43.736,13.31655,13.31817,0.00,0.00
2013.09.30 15:51:43.792,13.31587,13.31817,0.00,0.00
2013.09.30 15:51:43.942,13.31682,13.31817,0.00,0.00
2013.09.30 15:51:44.122,13.31672,13.31817,0.00,0.00
2013.09.30 15:51:44.392,13.31689,13.31817,0.00,0.00
2013.09.30 15:51:44.493,13.3165,13.31817,0.00,0.00
2013.09.30 15:51:44.612,13.31672,13.31817,0.00,0.00
2013.09.30 15:51:44.952,13.3165,13.31817,0.00,0.00
2013.09.30 15:51:45.012,13.3158,13.31817,0.00,0.00
2013.09.30 15:51:45.072,13.31672,13.31817,0.00,0.00
2013.09.30 15:51:45.392,13.31712,13.31837,0.00,0.00
2013.09.30 15:51:48.639,13.31732,13.31837,0.00,0.00
2013.09.30 15:51:49.959,13.31722,13.31837,0.00,0.00
2013.09.30 15:51:50.012,13.31695,13.31897,0.00,0.00
2013.09.30 15:51:50.072,13.31742,13.31897,0.00,0.00
2013.09.30 15:51:50.263,13.31724,13.31897,0.00,0.00
2013.09.30 15:51:50.322,13.31742,13.31897,0.00,0.00
2013.09.30 15:51:50.562,13.31682,13.31897,0.00,0.00
2013.09.30 15:51:50.653,13.31747,13.31897,0.00,0.00
2013.09.30 15:51:50.973,13.31782,13.31897,0.00,0.00
2013.09.30 15:51:51.032,13.31773,13.31897,0.00,0.00
2013.09.30 15:51:51.092,13.31762,13.31897,0.00,0.00
2013.09.30 15:51:51.286,13.31742,13.31897,0.00,0.00
2013.09.30 15:51:51.402,13.31777,13.31897,0.00,0.00
2013.09.30 15:51:51.583,13.31672,13.31862,0.00,0.00
2013.09.30 15:51:51.642,13.31692,13.31862,0.00,0.00
2013.09.30 15:51:52.192,13.31702,13.31862,0.00,0.00
2013.09.30 15:51:52.345,13.31592,13.31862,0.00,0.00
2013.09.30 15:51:52.462,13.31565,13.31862,0.00,0.00
2013.09.30 15:51:52.523,13.31552,13.31862,0.00,0.00
2013.09.30 15:51:52.582,13.31542,13.31858,0.00,0.00
2013.09.30 15:51:53.503,13.31542,13.31858,0.00,0.00
2013.09.30 15:51:54.388,13.31542,13.31853,0.00,0.00
2013.09.30 15:51:56.383,13.31642,13.31853,0.00,0.00
2013.09.30 15:51:56.443,13.31542,13.31858,0.00,0.00
2013.09.30 15:51:56.889,13.31642,13.31885,0.00,0.00
2013.09.30 15:51:56.992,13.31642,13.31901,0.00,0.00
2013.09.30 15:51:57.102,13.31642,13.31907,0.00,0.00
2013.09.30 15:51:58.510,13.31622,13.31907,0.00,0.00
2013.09.30 15:52:03.098,13.31622,13.31882,0.00,0.00
2013.09.30 15:52:03.153,13.31596,13.31882,0.00,0.00
2013.09.30 15:52:03.212,13.31582,13.31882,0.00,0.00
2013.09.30 15:52:03.272,13.31561,13.31863,0.00,0.00
2013.09.30 15:52:03.332,13.31542,13.31853,0.00,0.00
2013.09.30 15:52:05.270,13.31542,13.31858,0.00,0.00
2013.09.30 15:52:05.445,13.3158,13.31858,0.00,0.00
2013.09.30 15:52:05.504,13.31542,13.31858,0.00,0.00
2013.09.30 15:52:06.615,13.31542,13.31853,0.00,0.00
2013.09.30 15:52:06.942,13.31542,13.31843,0.00,0.00
2013.09.30 15:52:09.388,13.31522,13.31843,0.00,0.00
2013.09.30 15:52:09.442,13.31502,13.31823,0.00,0.00
2013.09.30 15:52:09.763,13.31452,13.31773,0.00,0.00
2013.09.30 15:52:11.023,13.31442,13.31663,0.00,0.00
2013.09.30 15:52:11.128,13.31434,13.31663,0.00,0.00
2013.09.30 15:52:11.228,13.31434,13.31653,0.00,0.00
2013.09.30 15:52:11.282,13.31343,13.31622,0.00,0.00
2013.09.30 15:52:11.342,13.31332,13.31622,0.00,0.00
2013.09.30 15:52:11.428,13.31312,13.31622,0.00,0.00
2013.09.30 15:52:11.672,13.31302,13.31618,0.00,0.00
2013.09.30 15:52:11.788,13.31302,13.31592,0.00,0.00
2013.09.30 15:52:11.842,13.31272,13.31583,0.00,0.00
2013.09.30 15:52:11.943,13.31272,13.31573,0.00,0.00
2013.09.30 15:52:12.002,13.31252,13.31573,0.00,0.00
2013.09.30 15:52:12.865,13.31242,13.31563,0.00,0.00
2013.09.30 15:52:13.722,13.31242,13.31553,0.00,0.00
2013.09.30 15:52:14.280,13.31242,13.31552,0.00,0.00
2013.09.30 15:52:14.622,13.31232,13.31548,0.00,0.00
2013.09.30 15:52:14.978,13.31232,13.31492,0.00,0.00
2013.09.30 15:52:15.032,13.31149,13.31463,0.00,0.00
2013.09.30 15:52:15.152,13.31142,13.31463,0.00,0.00
2013.09.30 15:52:15.212,13.31152,13.31468,0.00,0.00
2013.09.30 15:52:16.218,13.31142,13.31463,0.00,0.00
2013.09.30 15:52:16.522,13.31152,13.31468,0.00,0.00
2013.09.30 15:52:18.222,13.31168,13.31468,0.00,0.00
2013.09.30 15:52:18.304,13.31202,13.31518,0.00,0.00
2013.09.30 15:52:18.482,13.31222,13.31538,0.00,0.00
2013.09.30 15:52:18.797,13.31212,13.31533,0.00,0.00
2013.09.30 15:52:19.122,13.31157,13.31443,0.00,0.00
2013.09.30 15:52:19.182,13.31142,13.31443,0.00,0.00
2013.09.30 15:52:19.243,13.31142,13.31423,0.00,0.00
2013.09.30 15:52:19.616,13.31242,13.31429,0.00,0.00
2013.09.30 15:52:19.672,13.31242,13.31488,0.00,0.00
2013.09.30 15:52:20.134,13.31152,13.31473,0.00,0.00
2013.09.30 15:52:20.334,13.31152,13.31451,0.00,0.00
2013.09.30 15:52:21.053,13.31142,13.31413,0.00,0.00
2013.09.30 15:52:21.492,13.31142,13.31403,0.00,0.00
2013.09.30 15:52:22.126,13.31142,13.31414,0.00,0.00
2013.09.30 15:52:22.182,13.31152,13.31467,0.00,0.00
2013.09.30 15:52:23.778,13.31152,13.31452,0.00,0.00
2013.09.30 15:52:23.912,13.31142,13.31452,0.00,0.00
2013.09.30 15:52:28.398,13.31142,13.31402,0.00,0.00
2013.09.30 15:52:28.452,13.31123,13.31402,0.00,0.00
2013.09.30 15:52:28.512,13.31092,13.31402,0.00,0.00
2013.09.30 15:52:28.578,13.31072,13.31393,0.00,0.00
2013.09.30 15:52:29.278,13.31072,13.31332,0.00,0.00
2013.09.30 15:52:29.533,13.30982,13.31282,0.00,0.00
2013.09.30 15:52:29.592,13.30972,13.31282,0.00,0.00
2013.09.30 15:52:29.835,13.30972,13.31242,0.00,0.00
2013.09.30 15:52:30.676,13.30982,13.31242,0.00,0.00
2013.09.30 15:52:30.732,13.30982,13.31287,0.00,0.00
2013.09.30 15:52:33.874,13.30956,13.31273,0.00,0.00
2013.09.30 15:52:34.084,13.30952,13.31273,0.00,0.00
2013.09.30 15:52:34.610,13.30962,13.31278,0.00,0.00
2013.09.30 15:52:40.820,13.30952,13.31263,0.00,0.00
2013.09.30 15:52:41.224,13.30952,13.31267,0.00,0.00
2013.09.30 15:52:49.701,13.31042,13.31267,0.00,0.00
2013.09.30 15:52:49.763,13.31042,13.31285,0.00,0.00
2013.09.30 15:52:49.822,13.31052,13.31368,0.00,0.00
2013.09.30 15:52:49.883,13.31072,13.31368,0.00,0.00
2013.09.30 15:52:50.082,13.31072,13.31377,0.00,0.00
2013.09.30 15:52:50.142,13.31062,13.31377,0.00,0.00
2013.09.30 15:52:50.414,13.31035,13.31363,0.00,0.00
2013.09.30 15:52:50.507,13.31035,13.31302,0.00,0.00
2013.09.30 15:52:50.562,13.30984,13.31302,0.00,0.00
2013.09.30 15:52:50.716,13.30984,13.31263,0.00,0.00
2013.09.30 15:52:50.783,13.30942,13.31263,0.00,0.00
2013.09.30 15:52:51.530,13.30916,13.31276,0.00,0.00
2013.09.30 15:52:51.938,13.30942,13.31276,0.00,0.00
2013.09.30 15:52:52.102,13.30942,13.31278,0.00,0.00
2013.09.30 15:52:52.303,13.31042,13.31291,0.00,0.00
2013.09.30 15:52:52.422,13.31042,13.31358,0.00,0.00
2013.09.30 15:53:00.502,13.31062,13.31367,0.00,0.00
2013.09.30 15:53:00.892,13.31052,13.31367,0.00,0.00
2013.09.30 15:53:08.772,13.31052,13.31368,0.00,0.00
2013.09.30 15:53:08.914,13.31082,13.31368,0.00,0.00
2013.09.30 15:53:09.326,13.31142,13.31427,0.00,0.00
2013.09.30 15:53:12.067,13.31142,13.31447,0.00,0.00
2013.09.30 15:53:29.482,13.31142,13.31443,0.00,0.00
2013.09.30 15:53:33.446,13.31112,13.31433,0.00,0.00
2013.09.30 15:53:37.157,13.31112,13.31422,0.00,0.00
2013.09.30 15:53:37.343,13.31102,13.31418,0.00,0.00
2013.09.30 15:53:38.007,13.3108,13.31373,0.00,0.00
2013.09.30 15:53:38.063,13.31052,13.31373,0.00,0.00
2013.09.30 15:53:38.123,13.31042,13.31363,0.00,0.00
2013.09.30 15:53:40.237,13.31042,13.31352,0.00,0.00
2013.09.30 15:53:40.902,13.31042,13.31332,0.00,0.00
2013.09.30 15:53:41.965,13.31015,13.31328,0.00,0.00
2013.09.30 15:53:42.066,13.31015,13.31323,0.00,0.00
2013.09.30 15:53:42.443,13.31002,13.31302,0.00,0.00
2013.09.30 15:53:42.873,13.31002,13.31318,0.00,0.00
2013.09.30 15:53:42.932,13.31022,13.31337,0.00,0.00
2013.09.30 15:53:44.856,13.31022,13.31312,0.00,0.00
2013.09.30 15:53:44.979,13.31002,13.31312,0.00,0.00
2013.09.30 15:53:45.143,13.30982,13.31303,0.00,0.00
2013.09.30 15:53:45.203,13.30982,13.31293,0.00,0.00
2013.09.30 15:53:45.319,13.30962,13.31283,0.00,0.00
2013.09.30 15:53:45.463,13.30952,13.31273,0.00,0.00
2013.09.30 15:53:52.354,13.30942,13.31263,0.00,0.00
2013.09.30 15:53:53.643,13.30962,13.31278,0.00,0.00
2013.09.30 15:53:55.633,13.30972,13.31287,0.00,0.00
2013.09.30 15:53:56.223,13.30972,13.31288,0.00,0.00
2013.09.30 15:53:56.643,13.30952,13.31273,0.00,0.00
2013.09.30 15:53:56.993,13.31042,13.313,0.00,0.00
2013.09.30 15:53:57.053,13.31042,13.31318,0.00,0.00
2013.09.30 15:53:57.871,13.31042,13.31328,0.00,0.00
2013.09.30 15:53:57.973,13.31042,13.31323,0.00,0.00
2013.09.30 15:54:02.824,13.31002,13.31323,0.00,0.00
2013.09.30 15:54:03.072,13.30952,13.31273,0.00,0.00
2013.09.30 15:54:05.892,13.30962,13.31278,0.00,0.00
2013.09.30 15:54:06.304,13.30972,13.31288,0.00,0.00
2013.09.30 15:54:13.837,13.30982,13.31298,0.00,0.00
2013.09.30 15:54:14.748,13.31042,13.31308,0.00,0.00
2013.09.30 15:54:14.952,13.31042,13.31328,0.00,0.00
2013.09.30 15:54:15.102,13.30986,13.31303,0.00,0.00
2013.09.30 15:54:15.162,13.30982,13.31262,0.00,0.00
2013.09.30 15:54:15.255,13.30955,13.31258,0.00,0.00
2013.09.30 15:54:15.312,13.30942,13.31258,0.00,0.00
2013.09.30 15:54:16.106,13.30942,13.31222,0.00,0.00
2013.09.30 15:54:16.223,13.30942,13.31254,0.00,0.00
2013.09.30 15:54:16.283,13.30942,13.31257,0.00,0.00
2013.09.30 15:54:16.483,13.30952,13.31257,0.00,0.00
2013.09.30 15:54:17.683,13.30952,13.31268,0.00,0.00
2013.09.30 15:54:18.852,13.30942,13.31263,0.00,0.00
2013.09.30 15:54:20.873,13.30922,13.31243,0.00,0.00
2013.09.30 15:54:21.381,13.30912,13.31233,0.00,0.00
2013.09.30 15:54:21.787,13.30942,13.31238,0.00,0.00
2013.09.30 15:54:23.204,13.30942,13.31248,0.00,0.00
2013.09.30 15:54:27.854,13.30942,13.31243,0.00,0.00
2013.09.30 15:54:29.473,13.30922,13.31243,0.00,0.00
2013.09.30 15:54:29.667,13.30912,13.31233,0.00,0.00
2013.09.30 15:54:30.133,13.30882,13.31203,0.00,0.00
2013.09.30 15:54:30.482,13.30852,13.31173,0.00,0.00
2013.09.30 15:54:40.553,13.30942,13.31185,0.00,0.00
2013.09.30 15:54:40.753,13.30942,13.31216,0.00,0.00
2013.09.30 15:54:40.846,13.30942,13.31218,0.00,0.00
2013.09.30 15:54:40.962,13.30942,13.31238,0.00,0.00
2013.09.30 15:54:41.678,13.30942,13.31248,0.00,0.00
2013.09.30 15:54:46.457,13.30942,13.31243,0.00,0.00
2013.09.30 15:54:47.786,13.30942,13.31222,0.00,0.00
2013.09.30 15:54:47.843,13.30902,13.31218,0.00,0.00
2013.09.30 15:54:47.903,13.30896,13.31213,0.00,0.00
2013.09.30 15:54:48.196,13.30902,13.31218,0.00,0.00
2013.09.30 15:54:57.623,13.30942,13.31218,0.00,0.00
2013.09.30 15:54:57.802,13.30942,13.31238,0.00,0.00
2013.09.30 15:54:57.922,13.30942,13.31258,0.00,0.00
2013.09.30 15:54:57.983,13.30952,13.31268,0.00,0.00
2013.09.30 15:54:58.401,13.31042,13.31286,0.00,0.00
2013.09.30 15:54:58.623,13.31042,13.3135,0.00,0.00
2013.09.30 15:54:58.683,13.31042,13.31358,0.00,0.00
2013.09.30 15:55:03.690,13.31052,13.31368,0.00,0.00
2013.09.30 15:55:04.003,13.31142,13.31458,0.00,0.00
2013.09.30 15:55:06.539,13.31121,13.31403,0.00,0.00
2013.09.30 15:55:06.653,13.31082,13.31398,0.00,0.00
2013.09.30 15:55:06.772,13.31072,13.31393,0.00,0.00
2013.09.30 15:55:06.840,13.31048,13.31343,0.00,0.00
2013.09.30 15:55:06.962,13.31042,13.31343,0.00,0.00
2013.09.30 15:55:09.694,13.31042,13.31333,0.00,0.00
2013.09.30 15:55:21.316,13.31053,13.31333,0.00,0.00
2013.09.30 15:55:21.604,13.31152,13.31467,0.00,0.00
2013.09.30 15:55:22.416,13.31152,13.31468,0.00,0.00
2013.09.30 15:55:26.155,13.31152,13.31442,0.00,0.00
2013.09.30 15:55:26.213,13.31142,13.31442,0.00,0.00
2013.09.30 15:55:27.336,13.31152,13.31442,0.00,0.00
2013.09.30 15:55:27.394,13.31152,13.31468,0.00,0.00
2013.09.30 15:55:28.413,13.31142,13.31463,0.00,0.00
2013.09.30 15:55:28.983,13.31242,13.31463,0.00,0.00
2013.09.30 15:55:29.102,13.31242,13.3148,0.00,0.00
2013.09.30 15:55:29.162,13.31242,13.31528,0.00,0.00
2013.09.30 15:55:34.116,13.31202,13.31523,0.00,0.00
2013.09.30 15:55:34.186,13.31202,13.31482,0.00,0.00
2013.09.30 15:55:34.494,13.31177,13.31433,0.00,0.00
2013.09.30 15:55:34.776,13.31062,13.31383,0.00,0.00
2013.09.30 15:55:37.987,13.31092,13.31408,0.00,0.00
2013.09.30 15:55:38.600,13.31122,13.31437,0.00,0.00
2013.09.30 15:55:39.407,13.31132,13.31437,0.00,0.00
2013.09.30 15:55:43.181,13.31142,13.31437,0.00,0.00
2013.09.30 15:55:45.520,13.31113,13.31433,0.00,0.00
2013.09.30 15:55:45.582,13.31112,13.31412,0.00,0.00
2013.09.30 15:55:46.515,13.31112,13.31382,0.00,0.00
2013.09.30 15:55:46.572,13.31092,13.31382,0.00,0.00
2013.09.30 15:55:46.692,13.3107,13.31363,0.00,0.00
2013.09.30 15:55:46.753,13.31042,13.31363,0.00,0.00
2013.09.30 15:55:47.523,13.31042,13.31342,0.00,0.00
2013.09.30 15:55:49.696,13.31024,13.31338,0.00,0.00
2013.09.30 15:55:49.890,13.30982,13.31303,0.00,0.00
2013.09.30 15:55:49.956,13.30972,13.31293,0.00,0.00
2013.09.30 15:55:50.607,13.30982,13.31298,0.00,0.00
2013.09.30 15:55:50.925,13.30992,13.31307,0.00,0.00
2013.09.30 15:55:51.420,13.31042,13.31307,0.00,0.00
2013.09.30 15:55:51.603,13.31042,13.31358,0.00,0.00
2013.09.30 15:55:51.663,13.31052,13.31367,0.00,0.00
2013.09.30 15:55:53.113,13.31052,13.31368,0.00,0.00
2013.09.30 15:55:53.468,13.31162,13.31417,0.00,0.00
2013.09.30 15:55:55.095,13.31162,13.31447,0.00,0.00
2013.09.30 15:55:55.513,13.31182,13.31447,0.00,0.00
2013.09.30 15:55:55.573,13.31182,13.31467,0.00,0.00
2013.09.30 15:55:55.921,13.31182,13.31463,0.00,0.00
2013.09.30 15:55:56.173,13.31162,13.31452,0.00,0.00
2013.09.30 15:55:56.233,13.31162,13.31402,0.00,0.00
2013.09.30 15:55:56.293,13.311,13.31402,0.00,0.00
2013.09.30 15:55:56.352,13.31089,13.31398,0.00,0.00
2013.09.30 15:55:56.493,13.31082,13.31398,0.00,0.00
2013.09.30 15:55:57.003,13.31082,13.31362,0.00,0.00
2013.09.30 15:55:58.725,13.31082,13.31398,0.00,0.00
2013.09.30 15:55:58.783,13.31122,13.31417,0.00,0.00
2013.09.30 15:55:59.997,13.31162,13.31417,0.00,0.00
2013.09.30 15:56:00.373,13.31172,13.31447,0.00,0.00
2013.09.30 15:56:03.712,13.31172,13.31458,0.00,0.00
2013.09.30 15:56:04.213,13.31162,13.31458,0.00,0.00
2013.09.30 15:56:04.273,13.31162,13.31442,0.00,0.00
2013.09.30 15:56:04.995,13.31162,13.31402,0.00,0.00
2013.09.30 15:56:05.162,13.31162,13.31437,0.00,0.00
2013.09.30 15:56:06.093,13.31162,13.31412,0.00,0.00
2013.09.30 15:56:10.143,13.31092,13.31408,0.00,0.00
2013.09.30 15:56:10.203,13.31092,13.31332,0.00,0.00
2013.09.30 15:56:10.263,13.31042,13.31332,0.00,0.00
2013.09.30 15:56:11.614,13.31022,13.31332,0.00,0.00
2013.09.30 15:56:11.718,13.31018,13.31313,0.00,0.00
2013.09.30 15:56:11.833,13.30992,13.31308,0.00,0.00
2013.09.30 15:56:12.253,13.31012,13.31308,0.00,0.00
2013.09.30 15:56:12.502,13.31012,13.31328,0.00,0.00
2013.09.30 15:56:12.631,13.31042,13.31357,0.00,0.00
2013.09.30 15:56:13.203,13.31042,13.31332,0.00,0.00
2013.09.30 15:56:13.633,13.31042,13.31358,0.00,0.00
2013.09.30 15:56:13.869,13.31052,13.31368,0.00,0.00
2013.09.30 15:56:15.937,13.31052,13.31363,0.00,0.00
2013.09.30 15:56:16.308,13.31042,13.31322,0.00,0.00
2013.09.30 15:56:19.313,13.31042,13.31347,0.00,0.00
2013.09.30 15:56:22.314,13.31085,13.31347,0.00,0.00
2013.09.30 15:56:22.433,13.31172,13.31447,0.00,0.00
2013.09.30 15:56:25.053,13.31162,13.31422,0.00,0.00
2013.09.30 15:56:25.235,13.31137,13.31422,0.00,0.00
2013.09.30 15:56:25.293,13.31132,13.31422,0.00,0.00
2013.09.30 15:56:26.024,13.31132,13.31392,0.00,0.00
2013.09.30 15:56:26.134,13.31132,13.31417,0.00,0.00
2013.09.30 15:56:26.193,13.31162,13.31417,0.00,0.00
2013.09.30 15:56:27.683,13.31152,13.31417,0.00,0.00
2013.09.30 15:56:27.743,13.3113,13.31403,0.00,0.00
2013.09.30 15:56:27.803,13.31082,13.31392,0.00,0.00
2013.09.30 15:56:28.114,13.31082,13.31398,0.00,0.00
2013.09.30 15:56:28.303,13.31142,13.31415,0.00,0.00
2013.09.30 15:56:28.363,13.31142,13.31417,0.00,0.00
2013.09.30 15:56:28.423,13.31152,13.31417,0.00,0.00
2013.09.30 15:56:28.885,13.31152,13.31402,0.00,0.00
2013.09.30 15:56:28.943,13.31132,13.31402,0.00,0.00
2013.09.30 15:56:29.539,13.31107,13.31363,0.00,0.00
2013.09.30 15:56:29.593,13.31042,13.31332,0.00,0.00
2013.09.30 15:56:29.739,13.31012,13.31328,0.00,0.00
2013.09.30 15:56:29.793,13.30992,13.31313,0.00,0.00
2013.09.30 15:56:29.854,13.30988,13.31283,0.00,0.00
2013.09.30 15:56:30.113,13.30962,13.31283,0.00,0.00
2013.09.30 15:56:30.263,13.31042,13.31298,0.00,0.00
2013.09.30 15:56:30.323,13.31042,13.31347,0.00,0.00
2013.09.30 15:56:32.184,13.31042,13.31312,0.00,0.00
2013.09.30 15:56:32.243,13.31016,13.31312,0.00,0.00
2013.09.30 15:56:32.303,13.31012,13.31312,0.00,0.00
2013.09.30 15:56:32.514,13.31012,13.31328,0.00,0.00
2013.09.30 15:56:32.573,13.3102,13.31328,0.00,0.00
2013.09.30 15:56:32.633,13.31042,13.31358,0.00,0.00
2013.09.30 15:56:33.563,13.31052,13.31368,0.00,0.00
2013.09.30 15:56:34.047,13.31142,13.31388,0.00,0.00
2013.09.30 15:56:34.304,13.31142,13.31427,0.00,0.00
2013.09.30 15:56:34.453,13.31162,13.31427,0.00,0.00
2013.09.30 15:56:35.255,13.31162,13.31447,0.00,0.00
2013.09.30 15:56:35.923,13.31162,13.31458,0.00,0.00
2013.09.30 15:56:35.983,13.31162,13.31477,0.00,0.00
2013.09.30 15:56:36.103,13.31242,13.31477,0.00,0.00
2013.09.30 15:56:36.264,13.31242,13.31508,0.00,0.00
2013.09.30 15:56:36.323,13.31252,13.31568,0.00,0.00
2013.09.30 15:56:36.383,13.31262,13.31568,0.00,0.00
2013.09.30 15:56:36.443,13.31272,13.31588,0.00,0.00
2013.09.30 15:56:37.019,13.31342,13.31608,0.00,0.00
2013.09.30 15:56:37.073,13.31342,13.31618,0.00,0.00
2013.09.30 15:56:37.133,13.31362,13.31621,0.00,0.00
2013.09.30 15:56:37.193,13.31362,13.31637,0.00,0.00
2013.09.30 15:56:37.253,13.31382,13.31637,0.00,0.00
2013.09.30 15:56:37.313,13.31382,13.31698,0.00,0.00
2013.09.30 15:56:38.193,13.31402,13.31717,0.00,0.00
2013.09.30 15:56:39.123,13.31452,13.31717,0.00,0.00
2013.09.30 15:56:39.183,13.31452,13.31749,0.00,0.00
2013.09.30 15:56:39.243,13.31472,13.31749,0.00,0.00
2013.09.30 15:56:39.303,13.31472,13.31777,0.00,0.00
2013.09.30 15:56:39.363,13.31472,13.31788,0.00,0.00
2013.09.30 15:56:39.423,13.31482,13.31794,0.00,0.00
2013.09.30 15:56:39.483,13.31482,13.31797,0.00,0.00
2013.09.30 15:56:39.964,13.31461,13.31753,0.00,0.00
2013.09.30 15:56:40.083,13.31442,13.31742,0.00,0.00
2013.09.30 15:56:40.143,13.31442,13.31758,0.00,0.00
2013.09.30 15:56:40.383,13.31452,13.31768,0.00,0.00
2013.09.30 15:56:40.723,13.31452,13.31762,0.00,0.00
2013.09.30 15:56:42.095,13.31452,13.31752,0.00,0.00
2013.09.30 15:56:42.153,13.31422,13.31743,0.00,0.00
2013.09.30 15:56:42.213,13.31422,13.31702,0.00,0.00
2013.09.30 15:56:42.504,13.31372,13.31693,0.00,0.00
2013.09.30 15:56:43.323,13.31442,13.31708,0.00,0.00
2013.09.30 15:56:43.383,13.31442,13.31726,0.00,0.00
2013.09.30 15:56:43.443,13.31442,13.31757,0.00,0.00
2013.09.30 15:56:43.576,13.31452,13.31757,0.00,0.00
2013.09.30 15:56:44.423,13.31422,13.31743,0.00,0.00
2013.09.30 15:56:44.543,13.31422,13.31722,0.00,0.00
2013.09.30 15:56:44.603,13.31412,13.31722,0.00,0.00
2013.09.30 15:56:44.914,13.31421,13.31722,0.00,0.00
2013.09.30 15:56:45.517,13.31442,13.31722,0.00,0.00
2013.09.30 15:56:49.613,13.31402,13.31718,0.00,0.00
2013.09.30 15:56:49.683,13.3138,13.31683,0.00,0.00
2013.09.30 15:56:49.743,13.31362,13.31678,0.00,0.00
2013.09.30 15:56:49.803,13.31342,13.31663,0.00,0.00
2013.09.30 15:56:56.693,13.31372,13.31683,0.00,0.00
2013.09.30 15:56:56.873,13.31422,13.31737,0.00,0.00
2013.09.30 15:56:56.933,13.31442,13.31737,0.00,0.00
2013.09.30 15:56:59.851,13.31452,13.31737,0.00,0.00
2013.09.30 15:57:01.253,13.31452,13.31757,0.00,0.00
2013.09.30 15:57:06.433,13.31462,13.31778,0.00,0.00
2013.09.30 15:57:06.553,13.31472,13.31788,0.00,0.00
2013.09.30 15:57:06.903,13.31462,13.31783,0.00,0.00
2013.09.30 15:57:07.713,13.31452,13.31773,0.00,0.00
2013.09.30 15:57:08.043,13.31522,13.31776,0.00,0.00
2013.09.30 15:57:08.104,13.31522,13.31788,0.00,0.00
2013.09.30 15:57:08.163,13.31532,13.31837,0.00,0.00
2013.09.30 15:57:08.845,13.31542,13.31837,0.00,0.00
2013.09.30 15:57:12.030,13.31542,13.31848,0.00,0.00
2013.09.30 15:57:12.094,13.31542,13.31858,0.00,0.00
2013.09.30 15:57:13.817,13.31562,13.31867,0.00,0.00
2013.09.30 15:57:14.053,13.31572,13.31887,0.00,0.00
2013.09.30 15:57:14.853,13.31642,13.31887,0.00,0.00
2013.09.30 15:57:14.913,13.31642,13.31907,0.00,0.00
2013.09.30 15:57:14.973,13.31642,13.31937,0.00,0.00
2013.09.30 15:57:16.290,13.31652,13.31937,0.00,0.00
2013.09.30 15:57:16.343,13.31652,13.31967,0.00,0.00
2013.09.30 15:57:20.224,13.31662,13.31967,0.00,0.00
2013.09.30 15:57:26.547,13.31662,13.31978,0.00,0.00
2013.09.30 15:57:26.734,13.31692,13.31978,0.00,0.00
2013.09.30 15:57:26.793,13.31752,13.32052,0.00,0.00
2013.09.30 15:57:26.854,13.31752,13.32057,0.00,0.00
2013.09.30 15:57:26.913,13.31742,13.32057,0.00,0.00
2013.09.30 15:57:28.576,13.31752,13.32057,0.00,0.00
2013.09.30 15:57:28.854,13.31742,13.32057,0.00,0.00
2013.09.30 15:57:28.913,13.31752,13.32057,0.00,0.00
2013.09.30 15:57:32.773,13.31742,13.32033,0.00,0.00
2013.09.30 15:57:33.227,13.31693,13.32013,0.00,0.00
2013.09.30 15:57:33.323,13.31693,13.31983,0.00,0.00
2013.09.30 15:57:33.383,13.31666,13.31983,0.00,0.00
2013.09.30 15:57:33.443,13.31662,13.31983,0.00,0.00
2013.09.30 15:57:34.246,13.31742,13.31998,0.00,0.00
2013.09.30 15:57:34.403,13.31772,13.32057,0.00,0.00
2013.09.30 15:57:34.463,13.31782,13.32087,0.00,0.00
2013.09.30 15:57:38.830,13.31772,13.32087,0.00,0.00
2013.09.30 15:57:43.668,13.31746,13.32053,0.00,0.00
2013.09.30 15:57:43.923,13.31673,13.31993,0.00,0.00
2013.09.30 15:57:44.182,13.31642,13.31963,0.00,0.00
2013.09.30 15:57:48.167,13.31652,13.31968,0.00,0.00
2013.09.30 15:57:48.483,13.31752,13.32067,0.00,0.00
2013.09.30 15:57:49.863,13.31752,13.32068,0.00,0.00
2013.09.30 15:57:50.223,13.31842,13.32137,0.00,0.00
2013.09.30 15:57:51.513,13.31842,13.32122,0.00,0.00
2013.09.30 15:57:51.662,13.31822,13.32122,0.00,0.00
2013.09.30 15:57:54.534,13.31804,13.32113,0.00,0.00
2013.09.30 15:57:54.593,13.31792,13.32108,0.00,0.00
2013.09.30 15:57:54.653,13.31747,13.32063,0.00,0.00
2013.09.30 15:57:54.713,13.31742,13.32063,0.00,0.00
2013.09.30 15:57:58.123,13.31742,13.32043,0.00,0.00
2013.09.30 15:57:58.773,13.31742,13.32038,0.00,0.00
2013.09.30 15:57:58.833,13.31712,13.32033,0.00,0.00
2013.09.30 15:57:58.893,13.31705,13.31992,0.00,0.00
2013.09.30 15:57:58.953,13.31692,13.31992,0.00,0.00
2013.09.30 15:57:59.088,13.31644,13.31963,0.00,0.00
2013.09.30 15:57:59.143,13.31642,13.31963,0.00,0.00
2013.09.30 15:58:00.314,13.31642,13.31953,0.00,0.00
2013.09.30 15:58:01.083,13.31642,13.31932,0.00,0.00
2013.09.30 15:58:01.143,13.31632,13.31932,0.00,0.00
2013.09.30 15:58:05.153,13.31632,13.31912,0.00,0.00
2013.09.30 15:58:05.213,13.3161,13.31912,0.00,0.00
2013.09.30 15:58:05.417,13.31602,13.31912,0.00,0.00
2013.09.30 15:58:06.243,13.31575,13.31883,0.00,0.00
2013.09.30 15:58:06.391,13.31562,13.31878,0.00,0.00
2013.09.30 15:58:06.453,13.31542,13.31863,0.00,0.00
2013.09.30 15:58:06.858,13.31562,13.31877,0.00,0.00
2013.09.30 15:58:06.964,13.31542,13.31863,0.00,0.00
2013.09.30 15:58:07.023,13.31542,13.31842,0.00,0.00
2013.09.30 15:58:07.083,13.31534,13.31842,0.00,0.00
2013.09.30 15:58:07.151,13.31532,13.31842,0.00,0.00
2013.09.30 15:58:07.678,13.31542,13.31842,0.00,0.00
2013.09.30 15:58:07.733,13.31542,13.31857,0.00,0.00
2013.09.30 15:58:10.394,13.31547,13.31857,0.00,0.00
2013.09.30 15:58:10.454,13.31542,13.31857,0.00,0.00
2013.09.30 15:58:10.513,13.31552,13.31857,0.00,0.00
2013.09.30 15:58:10.874,13.31642,13.31894,0.00,0.00
2013.09.30 15:58:10.993,13.31662,13.31957,0.00,0.00
2013.09.30 15:58:13.478,13.31672,13.31957,0.00,0.00
2013.09.30 15:58:13.533,13.31672,13.31987,0.00,0.00
2013.09.30 15:58:15.723,13.31672,13.31988,0.00,0.00
2013.09.30 15:58:15.843,13.31712,13.32026,0.00,0.00
2013.09.30 15:58:16.329,13.31702,13.32023,0.00,0.00
2013.09.30 15:58:16.383,13.31702,13.32012,0.00,0.00
2013.09.30 15:58:16.443,13.31694,13.32008,0.00,0.00
2013.09.30 15:58:16.503,13.31692,13.32008,0.00,0.00
2013.09.30 15:58:22.763,13.31692,13.32008,0.00,0.00
2013.09.30 15:58:24.333,13.31682,13.32003,0.00,0.00
2013.09.30 15:58:24.693,13.31662,13.31983,0.00,0.00
2013.09.30 15:58:27.214,13.31668,13.31983,0.00,0.00
2013.09.30 15:58:27.543,13.31752,13.32007,0.00,0.00
2013.09.30 15:58:28.425,13.31732,13.32007,0.00,0.00
2013.09.30 15:58:28.483,13.31726,13.31992,0.00,0.00
2013.09.30 15:58:28.543,13.31712,13.31992,0.00,0.00
2013.09.30 15:58:28.616,13.31702,13.31992,0.00,0.00
2013.09.30 15:58:30.462,13.3168,13.31963,0.00,0.00
2013.09.30 15:58:30.763,13.31612,13.31852,0.00,0.00
2013.09.30 15:58:31.570,13.31622,13.31852,0.00,0.00
2013.09.30 15:58:31.893,13.31692,13.31887,0.00,0.00
2013.09.30 15:58:33.053,13.31665,13.31887,0.00,0.00
2013.09.30 15:58:33.253,13.31642,13.31887,0.00,0.00
2013.09.30 15:58:36.861,13.31682,13.31887,0.00,0.00
2013.09.30 15:58:36.983,13.31682,13.31927,0.00,0.00
2013.09.30 15:58:37.044,13.3169,13.31927,0.00,0.00
2013.09.30 15:58:37.722,13.31712,13.31927,0.00,0.00
2013.09.30 15:58:40.413,13.31702,13.31927,0.00,0.00
2013.09.30 15:58:44.591,13.31677,13.31927,0.00,0.00
2013.09.30 15:58:44.653,13.31677,13.31902,0.00,0.00
2013.09.30 15:58:44.713,13.31672,13.31902,0.00,0.00
2013.09.30 15:58:44.833,13.31642,13.31902,0.00,0.00
2013.09.30 15:58:47.292,13.31642,13.31882,0.00,0.00
2013.09.30 15:58:47.353,13.31622,13.31882,0.00,0.00
2013.09.30 15:58:47.473,13.31612,13.31882,0.00,0.00
2013.09.30 15:58:49.867,13.31602,13.31882,0.00,0.00
2013.09.30 15:58:51.963,13.31602,13.31852,0.00,0.00
2013.09.30 15:58:52.023,13.31592,13.31852,0.00,0.00
2013.09.30 15:58:52.352,13.31592,13.31832,0.00,0.00
2013.09.30 15:58:52.493,13.31592,13.31857,0.00,0.00
2013.09.30 15:58:53.073,13.31612,13.31857,0.00,0.00
2013.09.30 15:58:56.532,13.31612,13.31917,0.00,0.00
2013.09.30 15:58:56.597,13.31672,13.31917,0.00,0.00
2013.09.30 15:58:56.953,13.31722,13.31947,0.00,0.00
2013.09.30 15:58:58.733,13.31722,13.31922,0.00,0.00
2013.09.30 15:58:58.793,13.31695,13.31922,0.00,0.00
2013.09.30 15:58:58.853,13.31653,13.31922,0.00,0.00
2013.09.30 15:58:58.913,13.31632,13.31922,0.00,0.00
2013.09.30 15:59:00.182,13.31632,13.31937,0.00,0.00
2013.09.30 15:59:00.243,13.31692,13.31937,0.00,0.00
2013.09.30 15:59:01.125,13.31702,13.31937,0.00,0.00
2013.09.30 15:59:02.272,13.31702,13.31958,0.00,0.00
2013.09.30 15:59:02.372,13.31772,13.31977,0.00,0.00
2013.09.30 15:59:02.613,13.31882,13.32097,0.00,0.00
2013.09.30 15:59:02.673,13.31882,13.32157,0.00,0.00
2013.09.30 15:59:02.733,13.31882,13.32177,0.00,0.00
2013.09.30 15:59:03.152,13.31882,13.32162,0.00,0.00
2013.09.30 15:59:04.252,13.31882,13.32177,0.00,0.00
2013.09.30 15:59:04.373,13.31892,13.32177,0.00,0.00
2013.09.30 15:59:04.451,13.31882,13.32177,0.00,0.00
2013.09.30 15:59:05.463,13.31882,13.32142,0.00,0.00
2013.09.30 15:59:06.036,13.31853,13.32142,0.00,0.00
2013.09.30 15:59:06.093,13.31792,13.32113,0.00,0.00
2013.09.30 15:59:06.153,13.31782,13.32058,0.00,0.00
2013.09.30 15:59:06.461,13.31752,13.31982,0.00,0.00
2013.09.30 15:59:07.123,13.31752,13.31942,0.00,0.00
2013.09.30 15:59:09.693,13.31742,13.31942,0.00,0.00
2013.09.30 15:59:11.071,13.31715,13.31863,0.00,0.00
2013.09.30 15:59:11.223,13.31629,13.31858,0.00,0.00
2013.09.30 15:59:11.283,13.31612,13.31858,0.00,0.00
2013.09.30 15:59:11.899,13.31591,13.31858,0.00,0.00
2013.09.30 15:59:11.953,13.31591,13.31822,0.00,0.00
2013.09.30 15:59:12.013,13.31562,13.31822,0.00,0.00
2013.09.30 15:59:12.622,13.31572,13.31822,0.00,0.00
2013.09.30 15:59:13.555,13.31552,13.31822,0.00,0.00
2013.09.30 15:59:13.813,13.31582,13.31822,0.00,0.00
2013.09.30 15:59:14.263,13.31582,13.31847,0.00,0.00
2013.09.30 15:59:14.386,13.31612,13.31847,0.00,0.00
2013.09.30 15:59:16.655,13.31602,13.31847,0.00,0.00
2013.09.30 15:59:18.002,13.31602,13.31822,0.00,0.00
2013.09.30 15:59:18.063,13.31582,13.31822,0.00,0.00
2013.09.30 15:59:18.218,13.31592,13.31822,0.00,0.00
2013.09.30 15:59:20.752,13.31592,13.31887,0.00,0.00
2013.09.30 15:59:20.813,13.31652,13.31887,0.00,0.00
2013.09.30 15:59:20.873,13.31652,13.31917,0.00,0.00
2013.09.30 15:59:20.993,13.31682,13.31917,0.00,0.00
2013.09.30 15:59:21.632,13.31682,13.31842,0.00,0.00
2013.09.30 15:59:21.766,13.3166,13.31842,0.00,0.00
2013.09.30 15:59:21.823,13.31577,13.31842,0.00,0.00
2013.09.30 15:59:21.883,13.31572,13.31842,0.00,0.00
2013.09.30 15:59:24.226,13.31552,13.31842,0.00,0.00
2013.09.30 15:59:24.763,13.31552,13.31812,0.00,0.00
2013.09.30 15:59:25.177,13.31562,13.31812,0.00,0.00
2013.09.30 15:59:25.675,13.31582,13.31812,0.00,0.00
2013.09.30 15:59:25.734,13.31582,13.31858,0.00,0.00
2013.09.30 15:59:25.793,13.31582,13.31867,0.00,0.00
2013.09.30 15:59:25.853,13.31582,13.31887,0.00,0.00
2013.09.30 15:59:25.982,13.31612,13.31887,0.00,0.00
2013.09.30 15:59:26.289,13.31622,13.31887,0.00,0.00
2013.09.30 15:59:27.329,13.31652,13.31887,0.00,0.00
2013.09.30 15:59:31.123,13.31642,13.31887,0.00,0.00
2013.09.30 15:59:31.296,13.31632,13.31887,0.00,0.00
2013.09.30 15:59:34.485,13.31602,13.31887,0.00,0.00
2013.09.30 15:59:36.082,13.31602,13.31872,0.00,0.00
2013.09.30 15:59:36.523,13.31602,13.31842,0.00,0.00
2013.09.30 15:59:36.658,13.31582,13.31842,0.00,0.00
2013.09.30 15:59:37.613,13.31572,13.31842,0.00,0.00
2013.09.30 15:59:38.519,13.31562,13.31842,0.00,0.00
2013.09.30 15:59:39.851,13.31542,13.31842,0.00,0.00
2013.09.30 15:59:40.044,13.31542,13.31818,0.00,0.00
2013.09.30 15:59:40.103,13.31453,13.31773,0.00,0.00
2013.09.30 15:59:40.163,13.31442,13.31763,0.00,0.00
2013.09.30 15:59:41.393,13.31442,13.31743,0.00,0.00
2013.09.30 15:59:41.703,13.31442,13.31733,0.00,0.00
2013.09.30 15:59:43.622,13.31442,13.31712,0.00,0.00
2013.09.30 15:59:43.683,13.31392,13.31708,0.00,0.00
2013.09.30 15:59:43.803,13.31373,13.31693,0.00,0.00
2013.09.30 15:59:43.863,13.31342,13.31663,0.00,0.00
2013.09.30 15:59:47.591,13.31342,13.31632,0.00,0.00
2013.09.30 15:59:47.883,13.31132,13.31453,0.00,0.00
2013.09.30 15:59:48.133,13.31142,13.31457,0.00,0.00
2013.09.30 15:59:48.505,13.31152,13.31467,0.00,0.00
2013.09.30 15:59:48.603,13.31142,13.31463,0.00,0.00
2013.09.30 15:59:48.800,13.31142,13.31453,0.00,0.00
2013.09.30 15:59:49.952,13.31172,13.31467,0.00,0.00
2013.09.30 15:59:51.923,13.31172,13.31442,0.00,0.00
2013.09.30 15:59:52.249,13.31162,13.31442,0.00,0.00
2013.09.30 15:59:56.213,13.31162,13.31422,0.00,0.00
2013.09.30 15:59:56.273,13.31152,13.31422,0.00,0.00
2013.09.30 15:59:57.051,13.31152,13.31402,0.00,0.00
2013.09.30 15:59:57.458,13.31162,13.31402,0.00,0.00
2013.09.30 15:59:59.141,13.31162,13.31417,0.00,0.00
