2014.07.18 11:00:00.239,13.1031,13.1057,0.00,0.00
2014.07.18 11:00:00.540,13.1029,13.1055,0.00,0.00
2014.07.18 11:00:00.862,13.10183,13.10379,0.00,0.00
2014.07.18 11:00:00.913,13.1011,13.10368,0.00,0.00
2014.07.18 11:00:01.014,13.10108,13.1035,0.00,0.00
2014.07.18 11:00:01.138,13.10078,13.10338,0.00,0.00
2014.07.18 11:00:01.816,13.10101,13.10358,0.00,0.00
2014.07.18 11:00:01.993,13.10168,13.10428,0.00,0.00
2014.07.18 11:00:02.241,13.10168,13.104,0.00,0.00
2014.07.18 11:00:02.342,13.10143,13.104,0.00,0.00
2014.07.18 11:00:02.477,13.10123,13.10383,0.00,0.00
2014.07.18 11:00:03.085,13.10123,13.1035,0.00,0.00
2014.07.18 11:00:03.337,13.10133,13.10393,0.00,0.00
2014.07.18 11:00:03.438,13.10148,13.10408,0.00,0.00
2014.07.18 11:00:03.772,13.10148,13.104,0.00,0.00
2014.07.18 11:00:03.859,13.10123,13.10383,0.00,0.00
2014.07.18 11:00:04.103,13.10208,13.1045,0.00,0.00
2014.07.18 11:00:04.405,13.10208,13.10468,0.00,0.00
2014.07.18 11:00:04.455,13.10218,13.10478,0.00,0.00
2014.07.18 11:00:06.092,13.10218,13.1045,0.00,0.00
2014.07.18 11:00:06.193,13.10198,13.1045,0.00,0.00
2014.07.18 11:00:06.299,13.10178,13.10438,0.00,0.00
2014.07.18 11:00:08.668,13.10208,13.1045,0.00,0.00
2014.07.18 11:00:08.779,13.10198,13.1045,0.00,0.00
2014.07.18 11:00:10.295,13.10198,13.10427,0.00,0.00
2014.07.18 11:00:10.446,13.1011,13.10368,0.00,0.00
2014.07.18 11:00:10.565,13.10108,13.1035,0.00,0.00
2014.07.18 11:00:10.671,13.10088,13.10348,0.00,0.00
2014.07.18 11:00:12.624,13.10073,13.10333,0.00,0.00
2014.07.18 11:00:16.446,13.10083,13.10343,0.00,0.00
2014.07.18 11:00:18.526,13.10093,13.1035,0.00,0.00
2014.07.18 11:00:18.847,13.10168,13.10428,0.00,0.00
2014.07.18 11:00:20.325,13.10193,13.1045,0.00,0.00
2014.07.18 11:00:20.395,13.10173,13.10433,0.00,0.00
2014.07.18 11:00:20.574,13.10193,13.1045,0.00,0.00
2014.07.18 11:00:21.496,13.10203,13.1045,0.00,0.00
2014.07.18 11:00:21.851,13.10213,13.1045,0.00,0.00
2014.07.18 11:00:22.160,13.10175,13.10435,0.00,0.00
2014.07.18 11:00:24.445,13.10188,13.10448,0.00,0.00
2014.07.18 11:00:24.766,13.10198,13.10458,0.00,0.00
2014.07.18 11:00:25.104,13.10273,13.10533,0.00,0.00
2014.07.18 11:00:25.550,13.10283,13.10543,0.00,0.00
2014.07.18 11:00:27.012,13.10365,13.10599,0.00,0.00
2014.07.18 11:00:27.063,13.10365,13.1061,0.00,0.00
2014.07.18 11:00:27.216,13.10365,13.10625,0.00,0.00
2014.07.18 11:00:27.422,13.10354,13.10614,0.00,0.00
2014.07.18 11:00:27.861,13.10368,13.10628,0.00,0.00
2014.07.18 11:00:28.231,13.1034,13.106,0.00,0.00
2014.07.18 11:00:28.852,13.10368,13.10628,0.00,0.00
2014.07.18 11:00:30.164,13.10348,13.10608,0.00,0.00
2014.07.18 11:00:30.504,13.10368,13.10628,0.00,0.00
2014.07.18 11:00:34.024,13.10431,13.1066,0.00,0.00
2014.07.18 11:00:34.125,13.10366,13.10626,0.00,0.00
2014.07.18 11:00:34.226,13.10452,13.10699,0.00,0.00
2014.07.18 11:00:34.484,13.10462,13.10722,0.00,0.00
2014.07.18 11:00:34.981,13.10434,13.10694,0.00,0.00
2014.07.18 11:00:35.290,13.10461,13.10721,0.00,0.00
2014.07.18 11:00:35.785,13.10445,13.10705,0.00,0.00
2014.07.18 11:00:36.109,13.10467,13.10727,0.00,0.00
2014.07.18 11:00:37.296,13.1043,13.1069,0.00,0.00
2014.07.18 11:00:37.767,13.10442,13.10702,0.00,0.00
2014.07.18 11:00:38.717,13.1043,13.1069,0.00,0.00
2014.07.18 11:00:39.264,13.10445,13.10705,0.00,0.00
2014.07.18 11:00:41.837,13.10435,13.10695,0.00,0.00
2014.07.18 11:00:42.447,13.10449,13.10709,0.00,0.00
2014.07.18 11:00:43.488,13.10436,13.10696,0.00,0.00
2014.07.18 11:00:43.818,13.10449,13.10709,0.00,0.00
2014.07.18 11:00:45.666,13.10436,13.10696,0.00,0.00
2014.07.18 11:00:46.077,13.10449,13.10709,0.00,0.00
2014.07.18 11:00:50.548,13.10435,13.10695,0.00,0.00
2014.07.18 11:00:52.012,13.10449,13.10709,0.00,0.00
2014.07.18 11:00:53.938,13.10433,13.10693,0.00,0.00
2014.07.18 11:00:54.420,13.10448,13.10708,0.00,0.00
2014.07.18 11:00:55.370,13.10491,13.10724,0.00,0.00
2014.07.18 11:00:55.472,13.10549,13.108,0.00,0.00
2014.07.18 11:00:55.700,13.10549,13.10809,0.00,0.00
2014.07.18 11:00:55.800,13.10523,13.10777,0.00,0.00
2014.07.18 11:00:55.951,13.10549,13.10809,0.00,0.00
2014.07.18 11:00:56.902,13.10532,13.10792,0.00,0.00
2014.07.18 11:00:58.321,13.10548,13.10808,0.00,0.00
2014.07.18 11:01:00.727,13.10537,13.10797,0.00,0.00
2014.07.18 11:01:01.038,13.10622,13.10882,0.00,0.00
2014.07.18 11:01:01.343,13.10638,13.10898,0.00,0.00
2014.07.18 11:01:01.915,13.10614,13.10874,0.00,0.00
2014.07.18 11:01:02.354,13.10646,13.10906,0.00,0.00
2014.07.18 11:01:02.766,13.10612,13.10872,0.00,0.00
2014.07.18 11:01:03.124,13.1066,13.1092,0.00,0.00
2014.07.18 11:01:03.581,13.10673,13.1092,0.00,0.00
2014.07.18 11:01:05.504,13.10673,13.10917,0.00,0.00
2014.07.18 11:01:05.816,13.10673,13.10901,0.00,0.00
2014.07.18 11:01:05.972,13.10673,13.10918,0.00,0.00
2014.07.18 11:01:06.774,13.1072,13.10918,0.00,0.00
2014.07.18 11:01:06.825,13.1072,13.10938,0.00,0.00
2014.07.18 11:01:06.926,13.1077,13.10999,0.00,0.00
2014.07.18 11:01:07.027,13.10793,13.1103,0.00,0.00
2014.07.18 11:01:07.127,13.1082,13.1103,0.00,0.00
2014.07.18 11:01:07.324,13.1077,13.1103,0.00,0.00
2014.07.18 11:01:07.375,13.1078,13.1104,0.00,0.00
2014.07.18 11:01:07.795,13.1082,13.11051,0.00,0.00
2014.07.18 11:01:08.554,13.1082,13.1099,0.00,0.00
2014.07.18 11:01:08.655,13.10793,13.1099,0.00,0.00
2014.07.18 11:01:08.755,13.1077,13.1099,0.00,0.00
2014.07.18 11:01:09.103,13.1077,13.1098,0.00,0.00
2014.07.18 11:01:09.204,13.10753,13.1098,0.00,0.00
2014.07.18 11:01:09.255,13.1072,13.10948,0.00,0.00
2014.07.18 11:01:09.356,13.1072,13.10926,0.00,0.00
2014.07.18 11:01:09.414,13.1067,13.10926,0.00,0.00
2014.07.18 11:01:09.878,13.1072,13.10926,0.00,0.00
2014.07.18 11:01:10.078,13.1072,13.10965,0.00,0.00
2014.07.18 11:01:10.402,13.1072,13.1095,0.00,0.00
2014.07.18 11:01:10.725,13.1077,13.10966,0.00,0.00
2014.07.18 11:01:10.926,13.1072,13.10946,0.00,0.00
2014.07.18 11:01:11.174,13.1072,13.10931,0.00,0.00
2014.07.18 11:01:11.723,13.1072,13.10943,0.00,0.00
2014.07.18 11:01:12.482,13.1072,13.10958,0.00,0.00
2014.07.18 11:01:12.744,13.1077,13.10958,0.00,0.00
2014.07.18 11:01:12.845,13.1077,13.10975,0.00,0.00
2014.07.18 11:01:12.945,13.1077,13.10995,0.00,0.00
2014.07.18 11:01:13.473,13.1077,13.10982,0.00,0.00
2014.07.18 11:01:13.581,13.1077,13.10998,0.00,0.00
2014.07.18 11:01:13.850,13.1077,13.11013,0.00,0.00
2014.07.18 11:01:14.160,13.1077,13.10998,0.00,0.00
2014.07.18 11:01:14.882,13.1077,13.11014,0.00,0.00
2014.07.18 11:01:15.703,13.1077,13.1103,0.00,0.00
2014.07.18 11:01:15.756,13.1082,13.1103,0.00,0.00
2014.07.18 11:01:15.806,13.1082,13.1107,0.00,0.00
2014.07.18 11:01:16.204,13.1087,13.1107,0.00,0.00
2014.07.18 11:01:16.255,13.1087,13.11099,0.00,0.00
2014.07.18 11:01:19.000,13.1087,13.11126,0.00,0.00
2014.07.18 11:01:23.465,13.1087,13.11108,0.00,0.00
2014.07.18 11:01:23.801,13.1087,13.11092,0.00,0.00
2014.07.18 11:01:24.406,13.1087,13.11093,0.00,0.00
2014.07.18 11:01:24.995,13.1087,13.11121,0.00,0.00
2014.07.18 11:01:26.164,13.10915,13.11121,0.00,0.00
2014.07.18 11:01:26.315,13.10927,13.11192,0.00,0.00
2014.07.18 11:01:26.415,13.10965,13.11192,0.00,0.00
2014.07.18 11:01:27.159,13.10965,13.11203,0.00,0.00
2014.07.18 11:01:27.526,13.10965,13.11188,0.00,0.00
2014.07.18 11:01:27.643,13.1097,13.11205,0.00,0.00
2014.07.18 11:01:27.743,13.1097,13.11225,0.00,0.00
2014.07.18 11:01:28.148,13.1097,13.11208,0.00,0.00
2014.07.18 11:01:28.407,13.1092,13.11162,0.00,0.00
2014.07.18 11:01:28.507,13.1092,13.11152,0.00,0.00
2014.07.18 11:01:28.608,13.10872,13.11132,0.00,0.00
2014.07.18 11:01:28.709,13.10882,13.11142,0.00,0.00
2014.07.18 11:01:29.016,13.1087,13.11118,0.00,0.00
2014.07.18 11:01:29.066,13.10878,13.11138,0.00,0.00
2014.07.18 11:01:31.004,13.1092,13.11138,0.00,0.00
2014.07.18 11:01:31.142,13.10925,13.11185,0.00,0.00
2014.07.18 11:01:31.242,13.10902,13.11162,0.00,0.00
2014.07.18 11:01:31.587,13.10882,13.11142,0.00,0.00
2014.07.18 11:01:31.991,13.1087,13.11127,0.00,0.00
2014.07.18 11:01:32.328,13.1087,13.11117,0.00,0.00
2014.07.18 11:01:32.536,13.10873,13.11133,0.00,0.00
2014.07.18 11:01:32.759,13.10888,13.11148,0.00,0.00
2014.07.18 11:01:33.753,13.1087,13.11127,0.00,0.00
2014.07.18 11:01:34.055,13.1092,13.11165,0.00,0.00
2014.07.18 11:01:34.639,13.1092,13.11166,0.00,0.00
2014.07.18 11:01:34.958,13.1087,13.10992,0.00,0.00
2014.07.18 11:01:35.009,13.1077,13.10992,0.00,0.00
2014.07.18 11:01:35.180,13.1077,13.11003,0.00,0.00
2014.07.18 11:01:35.291,13.1077,13.10992,0.00,0.00
2014.07.18 11:01:35.477,13.1077,13.11017,0.00,0.00
2014.07.18 11:01:35.809,13.1077,13.11007,0.00,0.00
2014.07.18 11:01:35.917,13.1077,13.11017,0.00,0.00
2014.07.18 11:01:37.270,13.10772,13.11017,0.00,0.00
2014.07.18 11:01:38.183,13.10772,13.11032,0.00,0.00
2014.07.18 11:01:38.234,13.10818,13.11078,0.00,0.00
2014.07.18 11:01:38.602,13.1082,13.11078,0.00,0.00
2014.07.18 11:01:38.803,13.10821,13.11081,0.00,0.00
2014.07.18 11:01:39.149,13.1082,13.11065,0.00,0.00
2014.07.18 11:01:39.215,13.10821,13.11081,0.00,0.00
2014.07.18 11:01:41.538,13.1082,13.11066,0.00,0.00
2014.07.18 11:01:42.663,13.1087,13.11066,0.00,0.00
2014.07.18 11:01:42.764,13.10873,13.11133,0.00,0.00
2014.07.18 11:01:43.174,13.1087,13.11109,0.00,0.00
2014.07.18 11:01:43.325,13.1087,13.11125,0.00,0.00
2014.07.18 11:01:43.725,13.1087,13.11104,0.00,0.00
2014.07.18 11:01:44.823,13.1087,13.11117,0.00,0.00
2014.07.18 11:01:44.974,13.1087,13.11127,0.00,0.00
2014.07.18 11:01:45.693,13.1087,13.11117,0.00,0.00
2014.07.18 11:01:49.947,13.1087,13.11127,0.00,0.00
2014.07.18 11:01:54.213,13.10867,13.11127,0.00,0.00
2014.07.18 11:01:54.264,13.10867,13.11077,0.00,0.00
2014.07.18 11:01:54.465,13.1077,13.11012,0.00,0.00
2014.07.18 11:01:54.573,13.1077,13.10977,0.00,0.00
2014.07.18 11:01:54.774,13.10674,13.10934,0.00,0.00
2014.07.18 11:01:54.875,13.1067,13.10924,0.00,0.00
2014.07.18 11:01:55.344,13.10677,13.10937,0.00,0.00
2014.07.18 11:01:56.180,13.1067,13.10927,0.00,0.00
2014.07.18 11:01:56.524,13.1072,13.10927,0.00,0.00
2014.07.18 11:01:56.643,13.1072,13.10937,0.00,0.00
2014.07.18 11:01:56.743,13.10742,13.11002,0.00,0.00
2014.07.18 11:01:56.844,13.1072,13.10976,0.00,0.00
2014.07.18 11:01:57.430,13.1072,13.10977,0.00,0.00
2014.07.18 11:01:58.481,13.10737,13.10997,0.00,0.00
2014.07.18 11:01:58.532,13.1077,13.10997,0.00,0.00
2014.07.18 11:01:58.632,13.10804,13.11057,0.00,0.00
2014.07.18 11:01:58.683,13.10804,13.11064,0.00,0.00
2014.07.18 11:01:58.920,13.10775,13.11035,0.00,0.00
2014.07.18 11:01:59.223,13.1087,13.11112,0.00,0.00
2014.07.18 11:01:59.720,13.1087,13.11122,0.00,0.00
2014.07.18 11:01:59.936,13.10872,13.11132,0.00,0.00
2014.07.18 11:02:00.050,13.1087,13.11096,0.00,0.00
2014.07.18 11:02:02.290,13.1087,13.11127,0.00,0.00
2014.07.18 11:02:03.752,13.1087,13.11117,0.00,0.00
2014.07.18 11:02:03.988,13.1087,13.11127,0.00,0.00
2014.07.18 11:02:08.653,13.1087,13.11102,0.00,0.00
2014.07.18 11:02:09.907,13.1087,13.11113,0.00,0.00
2014.07.18 11:02:10.066,13.1087,13.11097,0.00,0.00
2014.07.18 11:02:11.811,13.1087,13.11113,0.00,0.00
2014.07.18 11:02:11.912,13.10877,13.11137,0.00,0.00
2014.07.18 11:02:13.131,13.1087,13.11126,0.00,0.00
2014.07.18 11:02:13.460,13.10877,13.11137,0.00,0.00
2014.07.18 11:02:15.584,13.10883,13.11137,0.00,0.00
2014.07.18 11:02:16.487,13.10883,13.11112,0.00,0.00
2014.07.18 11:02:17.864,13.1092,13.11112,0.00,0.00
2014.07.18 11:02:17.917,13.1092,13.11137,0.00,0.00
2014.07.18 11:02:18.018,13.10963,13.11137,0.00,0.00
2014.07.18 11:02:18.068,13.10963,13.1122,0.00,0.00
2014.07.18 11:02:18.119,13.1097,13.1122,0.00,0.00
2014.07.18 11:02:18.465,13.1097,13.11201,0.00,0.00
2014.07.18 11:02:18.796,13.1097,13.11198,0.00,0.00
2014.07.18 11:02:19.190,13.10963,13.11198,0.00,0.00
2014.07.18 11:02:19.241,13.1092,13.11175,0.00,0.00
2014.07.18 11:02:19.341,13.1092,13.11151,0.00,0.00
2014.07.18 11:02:19.442,13.10891,13.11151,0.00,0.00
2014.07.18 11:02:19.683,13.10897,13.11157,0.00,0.00
2014.07.18 11:02:20.158,13.10878,13.11138,0.00,0.00
2014.07.18 11:02:20.622,13.10897,13.11157,0.00,0.00
2014.07.18 11:02:21.718,13.1092,13.11157,0.00,0.00
2014.07.18 11:02:21.769,13.1092,13.11177,0.00,0.00
2014.07.18 11:02:22.191,13.10974,13.11199,0.00,0.00
2014.07.18 11:02:22.285,13.10932,13.11192,0.00,0.00
2014.07.18 11:02:22.394,13.1092,13.1117,0.00,0.00
2014.07.18 11:02:22.879,13.10976,13.11199,0.00,0.00
2014.07.18 11:02:22.945,13.10952,13.11199,0.00,0.00
2014.07.18 11:02:23.161,13.10952,13.11212,0.00,0.00
2014.07.18 11:02:26.653,13.10975,13.11235,0.00,0.00
2014.07.18 11:02:27.013,13.10952,13.11212,0.00,0.00
2014.07.18 11:02:27.513,13.10974,13.11234,0.00,0.00
2014.07.18 11:02:28.277,13.10952,13.11212,0.00,0.00
2014.07.18 11:02:30.171,13.10992,13.11239,0.00,0.00
2014.07.18 11:02:30.221,13.10992,13.11252,0.00,0.00
2014.07.18 11:02:30.563,13.1097,13.11224,0.00,0.00
2014.07.18 11:02:31.222,13.10995,13.11255,0.00,0.00
2014.07.18 11:02:32.542,13.10981,13.11241,0.00,0.00
2014.07.18 11:02:32.863,13.10997,13.11249,0.00,0.00
2014.07.18 11:02:32.914,13.1097,13.11225,0.00,0.00
2014.07.18 11:02:33.043,13.10965,13.11225,0.00,0.00
2014.07.18 11:02:33.311,13.10954,13.11214,0.00,0.00
2014.07.18 11:02:34.083,13.10967,13.11227,0.00,0.00
2014.07.18 11:02:34.543,13.10983,13.11227,0.00,0.00
2014.07.18 11:02:35.401,13.10967,13.11227,0.00,0.00
2014.07.18 11:02:36.950,13.10952,13.11212,0.00,0.00
2014.07.18 11:02:37.519,13.10983,13.11227,0.00,0.00
2014.07.18 11:02:39.033,13.10983,13.11243,0.00,0.00
2014.07.18 11:02:39.336,13.10992,13.11252,0.00,0.00
2014.07.18 11:02:39.644,13.1097,13.11229,0.00,0.00
2014.07.18 11:02:39.990,13.1097,13.11225,0.00,0.00
2014.07.18 11:02:40.100,13.10981,13.11241,0.00,0.00
2014.07.18 11:02:42.516,13.1097,13.11214,0.00,0.00
2014.07.18 11:02:42.639,13.10986,13.11246,0.00,0.00
2014.07.18 11:02:43.359,13.10987,13.11247,0.00,0.00
2014.07.18 11:02:43.581,13.1097,13.11215,0.00,0.00
2014.07.18 11:02:46.308,13.1098,13.1124,0.00,0.00
2014.07.18 11:02:47.542,13.1097,13.11225,0.00,0.00
2014.07.18 11:02:49.138,13.10981,13.11241,0.00,0.00
2014.07.18 11:02:52.648,13.10971,13.11231,0.00,0.00
2014.07.18 11:02:53.050,13.10988,13.11248,0.00,0.00
2014.07.18 11:02:53.358,13.1097,13.11218,0.00,0.00
2014.07.18 11:02:53.409,13.10972,13.11232,0.00,0.00
2014.07.18 11:02:53.477,13.10999,13.11259,0.00,0.00
2014.07.18 11:02:54.020,13.10973,13.11233,0.00,0.00
2014.07.18 11:02:55.337,13.1097,13.11218,0.00,0.00
2014.07.18 11:02:56.656,13.10989,13.11249,0.00,0.00
2014.07.18 11:02:57.359,13.10973,13.11233,0.00,0.00
2014.07.18 11:02:57.697,13.1097,13.11219,0.00,0.00
2014.07.18 11:03:00.815,13.10985,13.11245,0.00,0.00
2014.07.18 11:03:01.177,13.1097,13.11219,0.00,0.00
2014.07.18 11:03:02.799,13.10985,13.11245,0.00,0.00
2014.07.18 11:03:03.566,13.10974,13.11234,0.00,0.00
2014.07.18 11:03:03.873,13.1097,13.11208,0.00,0.00
2014.07.18 11:03:03.924,13.10994,13.11254,0.00,0.00
2014.07.18 11:03:04.535,13.1097,13.11222,0.00,0.00
2014.07.18 11:03:04.983,13.10994,13.11254,0.00,0.00
2014.07.18 11:03:05.134,13.11014,13.11274,0.00,0.00
2014.07.18 11:03:05.441,13.10983,13.11243,0.00,0.00
2014.07.18 11:03:05.953,13.1102,13.11243,0.00,0.00
2014.07.18 11:03:06.003,13.1102,13.11279,0.00,0.00
2014.07.18 11:03:06.104,13.11116,13.1135,0.00,0.00
2014.07.18 11:03:06.452,13.1117,13.11424,0.00,0.00
2014.07.18 11:03:06.613,13.1122,13.11424,0.00,0.00
2014.07.18 11:03:06.663,13.11223,13.11483,0.00,0.00
2014.07.18 11:03:06.943,13.1127,13.11483,0.00,0.00
2014.07.18 11:03:18.159,13.1127,13.11493,0.00,0.00
2014.07.18 11:03:18.268,13.1127,13.11508,0.00,0.00
2014.07.18 11:03:18.318,13.11301,13.11508,0.00,0.00
2014.07.18 11:03:18.469,13.11323,13.11583,0.00,0.00
2014.07.18 11:03:18.582,13.1137,13.11583,0.00,0.00
2014.07.18 11:03:30.479,13.1137,13.11661,0.00,0.00
2014.07.18 11:03:33.868,13.1137,13.11667,0.00,0.00
2014.07.18 11:03:34.076,13.1137,13.11665,0.00,0.00
2014.07.18 11:03:34.187,13.1137,13.11667,0.00,0.00
2014.07.18 11:03:35.737,13.1142,13.11667,0.00,0.00
2014.07.18 11:03:35.787,13.1142,13.11737,0.00,0.00
2014.07.18 11:03:36.511,13.1147,13.11737,0.00,0.00
2014.07.18 11:03:36.662,13.1147,13.1177,0.00,0.00
2014.07.18 11:03:37.870,13.1147,13.11719,0.00,0.00
2014.07.18 11:03:37.970,13.1142,13.11749,0.00,0.00
2014.07.18 11:03:38.021,13.1142,13.11737,0.00,0.00
2014.07.18 11:03:41.792,13.11387,13.117,0.00,0.00
2014.07.18 11:03:42.131,13.11387,13.11687,0.00,0.00
2014.07.18 11:03:42.602,13.11387,13.11587,0.00,0.00
2014.07.18 11:03:42.703,13.1132,13.11577,0.00,0.00
2014.07.18 11:03:42.804,13.1132,13.11587,0.00,0.00
2014.07.18 11:03:42.905,13.1137,13.11619,0.00,0.00
2014.07.18 11:03:43.080,13.1137,13.11632,0.00,0.00
2014.07.18 11:03:43.921,13.1132,13.11632,0.00,0.00
2014.07.18 11:03:43.972,13.1132,13.11607,0.00,0.00
2014.07.18 11:03:44.532,13.1132,13.11582,0.00,0.00
2014.07.18 11:03:50.041,13.11251,13.11582,0.00,0.00
2014.07.18 11:03:50.293,13.11301,13.11627,0.00,0.00
2014.07.18 11:03:50.343,13.11301,13.11646,0.00,0.00
2014.07.18 11:03:50.575,13.11303,13.11663,0.00,0.00
2014.07.18 11:03:50.625,13.11391,13.11663,0.00,0.00
2014.07.18 11:03:50.937,13.11505,13.11765,0.00,0.00
2014.07.18 11:03:51.465,13.11515,13.11775,0.00,0.00
2014.07.18 11:03:53.011,13.116,13.11775,0.00,0.00
2014.07.18 11:03:53.093,13.116,13.11785,0.00,0.00
2014.07.18 11:03:55.828,13.116,13.11755,0.00,0.00
2014.07.18 11:03:55.943,13.116,13.11785,0.00,0.00
2014.07.18 11:03:56.044,13.1155,13.11785,0.00,0.00
2014.07.18 11:03:56.202,13.116,13.11785,0.00,0.00
2014.07.18 11:04:00.011,13.11605,13.11857,0.00,0.00
2014.07.18 11:04:00.221,13.116,13.1179,0.00,0.00
2014.07.18 11:04:01.305,13.116,13.11808,0.00,0.00
2014.07.18 11:04:01.405,13.1165,13.11808,0.00,0.00
2014.07.18 11:04:01.456,13.1165,13.119,0.00,0.00
2014.07.18 11:04:01.556,13.1165,13.1188,0.00,0.00
2014.07.18 11:04:01.858,13.116,13.11815,0.00,0.00
2014.07.18 11:04:02.165,13.1165,13.11815,0.00,0.00
2014.07.18 11:04:02.215,13.1165,13.11825,0.00,0.00
2014.07.18 11:04:02.316,13.1165,13.11835,0.00,0.00
2014.07.18 11:04:02.417,13.1165,13.119,0.00,0.00
2014.07.18 11:04:02.518,13.117,13.11875,0.00,0.00
2014.07.18 11:04:02.620,13.117,13.119,0.00,0.00
2014.07.18 11:04:02.771,13.117,13.1188,0.00,0.00
2014.07.18 11:04:02.984,13.117,13.11905,0.00,0.00
2014.07.18 11:04:03.085,13.117,13.1188,0.00,0.00
2014.07.18 11:04:03.185,13.117,13.1191,0.00,0.00
2014.07.18 11:04:03.440,13.117,13.11885,0.00,0.00
2014.07.18 11:04:03.819,13.117,13.1189,0.00,0.00
2014.07.18 11:04:03.930,13.117,13.11915,0.00,0.00
2014.07.18 11:04:04.081,13.117,13.1189,0.00,0.00
2014.07.18 11:04:05.568,13.117,13.1188,0.00,0.00
2014.07.18 11:04:06.228,13.1165,13.1188,0.00,0.00
2014.07.18 11:04:06.330,13.1165,13.1185,0.00,0.00
2014.07.18 11:04:06.651,13.1165,13.11825,0.00,0.00
2014.07.18 11:04:07.530,13.117,13.11825,0.00,0.00
2014.07.18 11:04:07.658,13.117,13.11842,0.00,0.00
2014.07.18 11:04:07.758,13.117,13.11877,0.00,0.00
2014.07.18 11:04:08.066,13.117,13.11867,0.00,0.00
2014.07.18 11:04:08.226,13.1165,13.11852,0.00,0.00
2014.07.18 11:04:08.427,13.1165,13.11842,0.00,0.00
2014.07.18 11:04:08.961,13.1165,13.11822,0.00,0.00
2014.07.18 11:04:12.811,13.117,13.11822,0.00,0.00
2014.07.18 11:04:12.887,13.117,13.11907,0.00,0.00
2014.07.18 11:04:12.989,13.117,13.11917,0.00,0.00
2014.07.18 11:04:13.089,13.117,13.11947,0.00,0.00
2014.07.18 11:04:13.140,13.117,13.11872,0.00,0.00
2014.07.18 11:04:17.998,13.1165,13.11872,0.00,0.00
2014.07.18 11:04:18.048,13.1165,13.11837,0.00,0.00
2014.07.18 11:04:18.233,13.116,13.11837,0.00,0.00
2014.07.18 11:04:18.283,13.116,13.11782,0.00,0.00
2014.07.18 11:04:19.353,13.116,13.11772,0.00,0.00
2014.07.18 11:04:24.692,13.1155,13.11772,0.00,0.00
2014.07.18 11:04:24.742,13.1155,13.11747,0.00,0.00
2014.07.18 11:04:24.843,13.1155,13.11752,0.00,0.00
2014.07.18 11:04:24.944,13.1155,13.11767,0.00,0.00
2014.07.18 11:04:25.045,13.116,13.11767,0.00,0.00
2014.07.18 11:04:25.476,13.116,13.11777,0.00,0.00
2014.07.18 11:04:28.650,13.1165,13.11777,0.00,0.00
2014.07.18 11:04:28.801,13.1165,13.11852,0.00,0.00
2014.07.18 11:04:28.902,13.117,13.11877,0.00,0.00
2014.07.18 11:04:29.235,13.117,13.11887,0.00,0.00
2014.07.18 11:04:30.593,13.117,13.11907,0.00,0.00
2014.07.18 11:04:30.854,13.117,13.11897,0.00,0.00
2014.07.18 11:04:31.769,13.118,13.11947,0.00,0.00
2014.07.18 11:04:31.920,13.118,13.11942,0.00,0.00
2014.07.18 11:04:32.012,13.118,13.11957,0.00,0.00
2014.07.18 11:04:33.085,13.1177,13.11957,0.00,0.00
2014.07.18 11:04:33.895,13.1177,13.11967,0.00,0.00
2014.07.18 11:04:40.010,13.1172,13.11935,0.00,0.00
2014.07.18 11:04:40.201,13.11675,13.11935,0.00,0.00
2014.07.18 11:04:40.251,13.1167,13.1191,0.00,0.00
2014.07.18 11:04:42.026,13.11673,13.11933,0.00,0.00
2014.07.18 11:04:42.468,13.11695,13.11955,0.00,0.00
2014.07.18 11:04:42.892,13.1167,13.11902,0.00,0.00
2014.07.18 11:04:42.970,13.1167,13.11926,0.00,0.00
2014.07.18 11:04:43.189,13.11686,13.11946,0.00,0.00
2014.07.18 11:04:43.410,13.1167,13.1193,0.00,0.00
2014.07.18 11:04:43.728,13.1172,13.11966,0.00,0.00
2014.07.18 11:04:44.116,13.1172,13.11931,0.00,0.00
2014.07.18 11:04:45.810,13.1177,13.11931,0.00,0.00
2014.07.18 11:04:45.937,13.1177,13.11942,0.00,0.00
2014.07.18 11:04:46.038,13.1177,13.11976,0.00,0.00
2014.07.18 11:04:46.380,13.1177,13.11956,0.00,0.00
2014.07.18 11:04:46.481,13.1172,13.11956,0.00,0.00
2014.07.18 11:04:46.603,13.1172,13.11946,0.00,0.00
2014.07.18 11:04:46.908,13.1172,13.11926,0.00,0.00
2014.07.18 11:04:47.372,13.1167,13.11906,0.00,0.00
2014.07.18 11:04:47.472,13.1167,13.11881,0.00,0.00
2014.07.18 11:04:47.930,13.1177,13.11976,0.00,0.00
2014.07.18 11:04:52.272,13.1177,13.11986,0.00,0.00
2014.07.18 11:04:52.689,13.1177,13.12001,0.00,0.00
2014.07.18 11:04:52.825,13.1177,13.12016,0.00,0.00
2014.07.18 11:04:54.254,13.1177,13.12001,0.00,0.00
2014.07.18 11:04:56.167,13.1177,13.11986,0.00,0.00
2014.07.18 11:04:56.485,13.11726,13.11986,0.00,0.00
2014.07.18 11:04:56.586,13.11726,13.11979,0.00,0.00
2014.07.18 11:04:56.891,13.1162,13.11866,0.00,0.00
2014.07.18 11:04:57.221,13.1162,13.11855,0.00,0.00
2014.07.18 11:04:58.476,13.1162,13.11866,0.00,0.00
2014.07.18 11:04:59.688,13.1157,13.11816,0.00,0.00
2014.07.18 11:05:00.018,13.1157,13.11734,0.00,0.00
2014.07.18 11:05:00.220,13.1147,13.11728,0.00,0.00
2014.07.18 11:05:00.321,13.1147,13.11714,0.00,0.00
2014.07.18 11:05:00.897,13.11476,13.11736,0.00,0.00
2014.07.18 11:05:01.008,13.11496,13.11756,0.00,0.00
2014.07.18 11:05:01.320,13.1147,13.11726,0.00,0.00
2014.07.18 11:05:01.482,13.11536,13.11796,0.00,0.00
2014.07.18 11:05:01.532,13.1152,13.11766,0.00,0.00
2014.07.18 11:05:01.837,13.1152,13.11756,0.00,0.00
2014.07.18 11:05:02.167,13.1157,13.11791,0.00,0.00
2014.07.18 11:05:02.217,13.11533,13.11791,0.00,0.00
2014.07.18 11:05:02.268,13.11531,13.11791,0.00,0.00
2014.07.18 11:05:02.388,13.1152,13.11759,0.00,0.00
2014.07.18 11:05:07.593,13.1157,13.11759,0.00,0.00
2014.07.18 11:05:07.668,13.1157,13.11809,0.00,0.00
2014.07.18 11:05:07.753,13.1157,13.11816,0.00,0.00
2014.07.18 11:05:07.806,13.1157,13.11791,0.00,0.00
2014.07.18 11:05:07.957,13.1152,13.11761,0.00,0.00
2014.07.18 11:05:08.583,13.1157,13.11761,0.00,0.00
2014.07.18 11:05:08.646,13.1157,13.11796,0.00,0.00
2014.07.18 11:05:09.087,13.1157,13.11785,0.00,0.00
2014.07.18 11:05:09.247,13.11533,13.11778,0.00,0.00
2014.07.18 11:05:09.347,13.1152,13.11761,0.00,0.00
2014.07.18 11:05:13.313,13.11501,13.11761,0.00,0.00
2014.07.18 11:05:13.464,13.11491,13.11751,0.00,0.00
2014.07.18 11:05:13.655,13.1137,13.11679,0.00,0.00
2014.07.18 11:05:13.706,13.11393,13.117,0.00,0.00
2014.07.18 11:05:14.050,13.1142,13.11667,0.00,0.00
2014.07.18 11:05:14.633,13.11407,13.11667,0.00,0.00
2014.07.18 11:05:14.734,13.11397,13.11657,0.00,0.00
2014.07.18 11:05:15.039,13.1142,13.11667,0.00,0.00
2014.07.18 11:05:16.784,13.1142,13.11677,0.00,0.00
2014.07.18 11:05:16.835,13.1147,13.11677,0.00,0.00
2014.07.18 11:05:16.936,13.1147,13.11717,0.00,0.00
2014.07.18 11:05:17.334,13.1147,13.11697,0.00,0.00
2014.07.18 11:05:23.012,13.11443,13.11697,0.00,0.00
2014.07.18 11:05:23.780,13.11443,13.1166,0.00,0.00
2014.07.18 11:05:23.831,13.11412,13.1166,0.00,0.00
2014.07.18 11:05:23.982,13.11363,13.11617,0.00,0.00
2014.07.18 11:05:28.241,13.11357,13.11617,0.00,0.00
2014.07.18 11:05:28.763,13.11407,13.11659,0.00,0.00
2014.07.18 11:05:28.864,13.11407,13.11667,0.00,0.00
2014.07.18 11:05:28.915,13.11387,13.11647,0.00,0.00
2014.07.18 11:05:29.218,13.11435,13.1166,0.00,0.00
2014.07.18 11:05:29.268,13.11435,13.11695,0.00,0.00
2014.07.18 11:05:29.319,13.11497,13.1175,0.00,0.00
2014.07.18 11:05:29.513,13.11507,13.11767,0.00,0.00
2014.07.18 11:05:29.714,13.1151,13.11767,0.00,0.00
2014.07.18 11:05:29.765,13.11547,13.11807,0.00,0.00
2014.07.18 11:05:29.865,13.11562,13.11822,0.00,0.00
2014.07.18 11:05:30.235,13.11607,13.11867,0.00,0.00
2014.07.18 11:05:30.731,13.11657,13.11909,0.00,0.00
2014.07.18 11:05:30.832,13.11657,13.11917,0.00,0.00
2014.07.18 11:05:30.933,13.11657,13.1191,0.00,0.00
2014.07.18 11:05:30.983,13.11612,13.11872,0.00,0.00
2014.07.18 11:05:31.084,13.11593,13.11851,0.00,0.00
2014.07.18 11:05:32.064,13.11603,13.11863,0.00,0.00
2014.07.18 11:05:34.246,13.11593,13.11851,0.00,0.00
2014.07.18 11:05:34.671,13.11593,13.11816,0.00,0.00
2014.07.18 11:05:34.721,13.11556,13.11816,0.00,0.00
2014.07.18 11:05:34.772,13.11541,13.11801,0.00,0.00
2014.07.18 11:05:35.170,13.11535,13.11795,0.00,0.00
2014.07.18 11:05:36.852,13.11525,13.11785,0.00,0.00
2014.07.18 11:05:37.168,13.11504,13.11764,0.00,0.00
2014.07.18 11:05:41.713,13.11559,13.11819,0.00,0.00
2014.07.18 11:05:42.065,13.11533,13.11789,0.00,0.00
2014.07.18 11:05:42.558,13.11559,13.11819,0.00,0.00
2014.07.18 11:05:43.318,13.11545,13.11805,0.00,0.00
2014.07.18 11:05:44.488,13.11559,13.11819,0.00,0.00
2014.07.18 11:05:48.531,13.11559,13.118,0.00,0.00
2014.07.18 11:05:48.581,13.11524,13.11784,0.00,0.00
2014.07.18 11:05:48.787,13.11504,13.11764,0.00,0.00
2014.07.18 11:05:50.106,13.11514,13.11774,0.00,0.00
2014.07.18 11:05:50.416,13.11533,13.11789,0.00,0.00
2014.07.18 11:05:51.081,13.11533,13.11773,0.00,0.00
2014.07.18 11:05:51.131,13.11513,13.11773,0.00,0.00
2014.07.18 11:05:51.329,13.11503,13.11753,0.00,0.00
2014.07.18 11:05:53.056,13.11504,13.11764,0.00,0.00
2014.07.18 11:05:57.999,13.1151,13.11764,0.00,0.00
2014.07.18 11:05:58.100,13.11579,13.11839,0.00,0.00
2014.07.18 11:05:58.200,13.11569,13.11829,0.00,0.00
2014.07.18 11:05:58.502,13.11534,13.11794,0.00,0.00
2014.07.18 11:05:58.964,13.11504,13.11764,0.00,0.00
2014.07.18 11:06:00.234,13.11514,13.11774,0.00,0.00
2014.07.18 11:06:00.535,13.11529,13.11789,0.00,0.00
2014.07.18 11:06:00.945,13.11504,13.11764,0.00,0.00
2014.07.18 11:06:02.593,13.11504,13.1175,0.00,0.00
2014.07.18 11:06:02.693,13.11494,13.1175,0.00,0.00
2014.07.18 11:06:02.802,13.11453,13.11689,0.00,0.00
2014.07.18 11:06:02.853,13.11429,13.11689,0.00,0.00
2014.07.18 11:06:03.023,13.11404,13.11664,0.00,0.00
2014.07.18 11:06:06.442,13.11404,13.1166,0.00,0.00
2014.07.18 11:06:06.493,13.11369,13.11629,0.00,0.00
2014.07.18 11:06:06.593,13.11334,13.11594,0.00,0.00
2014.07.18 11:06:08.111,13.11354,13.11614,0.00,0.00
2014.07.18 11:06:11.901,13.11384,13.11644,0.00,0.00
2014.07.18 11:06:12.319,13.11364,13.11624,0.00,0.00
2014.07.18 11:06:13.290,13.11374,13.11634,0.00,0.00
2014.07.18 11:06:13.829,13.11384,13.11644,0.00,0.00
2014.07.18 11:06:16.800,13.11364,13.11624,0.00,0.00
2014.07.18 11:06:17.131,13.11374,13.11634,0.00,0.00
2014.07.18 11:06:18.010,13.11354,13.11614,0.00,0.00
2014.07.18 11:06:18.343,13.11309,13.11569,0.00,0.00
2014.07.18 11:06:19.000,13.1132,13.11579,0.00,0.00
2014.07.18 11:06:19.101,13.11364,13.11624,0.00,0.00
2014.07.18 11:06:22.145,13.11354,13.11614,0.00,0.00
2014.07.18 11:06:22.475,13.11344,13.11604,0.00,0.00
2014.07.18 11:06:22.953,13.11343,13.11594,0.00,0.00
2014.07.18 11:06:33.699,13.11349,13.11609,0.00,0.00
2014.07.18 11:06:33.800,13.11364,13.11624,0.00,0.00
2014.07.18 11:06:35.382,13.11364,13.1156,0.00,0.00
2014.07.18 11:06:35.432,13.11343,13.1156,0.00,0.00
2014.07.18 11:06:35.533,13.11289,13.11549,0.00,0.00
2014.07.18 11:06:35.663,13.11283,13.11529,0.00,0.00
2014.07.18 11:06:36.165,13.11283,13.11519,0.00,0.00
2014.07.18 11:06:36.316,13.11259,13.11519,0.00,0.00
2014.07.18 11:06:45.622,13.11259,13.115,0.00,0.00
2014.07.18 11:06:45.673,13.11194,13.11454,0.00,0.00
2014.07.18 11:06:45.774,13.11179,13.11439,0.00,0.00
2014.07.18 11:06:46.196,13.11163,13.11419,0.00,0.00
2014.07.18 11:06:51.341,13.11173,13.11433,0.00,0.00
2014.07.18 11:06:51.402,13.11193,13.1145,0.00,0.00
2014.07.18 11:06:53.632,13.1122,13.11453,0.00,0.00
2014.07.18 11:06:53.732,13.11233,13.11473,0.00,0.00
2014.07.18 11:06:53.833,13.11253,13.11513,0.00,0.00
2014.07.18 11:06:55.034,13.11233,13.11491,0.00,0.00
2014.07.18 11:06:55.790,13.11218,13.11478,0.00,0.00
2014.07.18 11:06:56.042,13.11203,13.11453,0.00,0.00
2014.07.18 11:06:56.254,13.11203,13.11463,0.00,0.00
2014.07.18 11:06:59.398,13.11203,13.11453,0.00,0.00
2014.07.18 11:06:59.709,13.11243,13.11498,0.00,0.00
2014.07.18 11:06:59.809,13.1121,13.1147,0.00,0.00
2014.07.18 11:06:59.910,13.11203,13.11452,0.00,0.00
2014.07.18 11:07:00.010,13.11203,13.11463,0.00,0.00
2014.07.18 11:07:00.161,13.11203,13.11452,0.00,0.00
2014.07.18 11:07:00.211,13.11192,13.11452,0.00,0.00
2014.07.18 11:07:01.868,13.11203,13.11463,0.00,0.00
2014.07.18 11:07:06.467,13.11191,13.11451,0.00,0.00
2014.07.18 11:07:06.829,13.11203,13.11463,0.00,0.00
2014.07.18 11:07:07.418,13.1122,13.11463,0.00,0.00
2014.07.18 11:07:07.469,13.1122,13.11473,0.00,0.00
2014.07.18 11:07:08.027,13.11233,13.11493,0.00,0.00
2014.07.18 11:07:10.057,13.1122,13.11476,0.00,0.00
2014.07.18 11:07:10.276,13.11231,13.11491,0.00,0.00
2014.07.18 11:07:15.286,13.11211,13.11471,0.00,0.00
2014.07.18 11:07:15.589,13.11192,13.11452,0.00,0.00
2014.07.18 11:07:17.134,13.11203,13.11463,0.00,0.00
2014.07.18 11:07:19.080,13.1122,13.11463,0.00,0.00
2014.07.18 11:07:19.251,13.11233,13.11493,0.00,0.00
2014.07.18 11:07:19.413,13.1122,13.11473,0.00,0.00
2014.07.18 11:07:19.523,13.11233,13.11493,0.00,0.00
2014.07.18 11:07:19.982,13.11215,13.11475,0.00,0.00
2014.07.18 11:07:20.291,13.11157,13.11417,0.00,0.00
2014.07.18 11:07:20.871,13.11099,13.11359,0.00,0.00
2014.07.18 11:07:21.222,13.11158,13.11418,0.00,0.00
2014.07.18 11:07:27.052,13.11145,13.11405,0.00,0.00
2014.07.18 11:07:27.471,13.11163,13.11423,0.00,0.00
2014.07.18 11:07:27.803,13.11145,13.11405,0.00,0.00
2014.07.18 11:07:28.134,13.1116,13.1142,0.00,0.00
2014.07.18 11:07:30.110,13.11141,13.11401,0.00,0.00
2014.07.18 11:07:31.371,13.11155,13.11415,0.00,0.00
2014.07.18 11:07:31.762,13.11168,13.11428,0.00,0.00
2014.07.18 11:07:36.238,13.11171,13.11428,0.00,0.00
2014.07.18 11:07:36.530,13.11263,13.11523,0.00,0.00
2014.07.18 11:07:37.149,13.11252,13.11512,0.00,0.00
2014.07.18 11:07:44.251,13.11235,13.11495,0.00,0.00
2014.07.18 11:07:44.560,13.1118,13.1144,0.00,0.00
2014.07.18 11:07:44.898,13.11146,13.11406,0.00,0.00
2014.07.18 11:07:45.607,13.11134,13.11394,0.00,0.00
2014.07.18 11:07:45.971,13.11149,13.11409,0.00,0.00
2014.07.18 11:07:46.318,13.11133,13.11393,0.00,0.00
2014.07.18 11:07:49.377,13.11153,13.11413,0.00,0.00
2014.07.18 11:07:55.067,13.11129,13.11389,0.00,0.00
2014.07.18 11:07:56.389,13.11153,13.11413,0.00,0.00
2014.07.18 11:07:58.325,13.11134,13.11394,0.00,0.00
2014.07.18 11:07:58.848,13.11123,13.11383,0.00,0.00
2014.07.18 11:07:59.180,13.11153,13.11413,0.00,0.00
2014.07.18 11:07:59.511,13.11128,13.11388,0.00,0.00
2014.07.18 11:08:05.260,13.11153,13.11413,0.00,0.00
2014.07.18 11:08:05.783,13.11168,13.11428,0.00,0.00
2014.07.18 11:08:08.870,13.11163,13.11423,0.00,0.00
2014.07.18 11:08:13.420,13.11146,13.11406,0.00,0.00
2014.07.18 11:08:13.721,13.11168,13.11428,0.00,0.00
2014.07.18 11:08:15.929,13.11229,13.11489,0.00,0.00
2014.07.18 11:08:16.231,13.11241,13.11501,0.00,0.00
2014.07.18 11:08:16.712,13.11251,13.11511,0.00,0.00
2014.07.18 11:08:18.553,13.11223,13.11483,0.00,0.00
2014.07.18 11:08:19.459,13.1124,13.115,0.00,0.00
2014.07.18 11:08:20.299,13.11256,13.11516,0.00,0.00
2014.07.18 11:08:22.918,13.11242,13.11502,0.00,0.00
2014.07.18 11:08:25.675,13.11253,13.11513,0.00,0.00
2014.07.18 11:08:43.169,13.11264,13.11524,0.00,0.00
2014.07.18 11:08:44.324,13.11246,13.11506,0.00,0.00
2014.07.18 11:08:44.873,13.11233,13.11484,0.00,0.00
2014.07.18 11:08:45.862,13.11246,13.11506,0.00,0.00
2014.07.18 11:08:48.820,13.11259,13.11519,0.00,0.00
2014.07.18 11:08:49.389,13.11233,13.1148,0.00,0.00
2014.07.18 11:08:50.184,13.11258,13.11518,0.00,0.00
2014.07.18 11:08:55.055,13.11244,13.11504,0.00,0.00
2014.07.18 11:08:58.504,13.11274,13.11534,0.00,0.00
2014.07.18 11:08:58.967,13.11291,13.11551,0.00,0.00
2014.07.18 11:08:59.489,13.11279,13.11539,0.00,0.00
2014.07.18 11:09:00.148,13.11294,13.11554,0.00,0.00
2014.07.18 11:09:01.299,13.11266,13.11526,0.00,0.00
2014.07.18 11:09:02.119,13.1128,13.1154,0.00,0.00
2014.07.18 11:09:03.098,13.11265,13.11525,0.00,0.00
2014.07.18 11:09:03.589,13.11281,13.11541,0.00,0.00
2014.07.18 11:09:08.508,13.11304,13.11564,0.00,0.00
2014.07.18 11:09:08.869,13.11353,13.11613,0.00,0.00
2014.07.18 11:09:09.200,13.1132,13.11563,0.00,0.00
2014.07.18 11:09:09.458,13.1132,13.11576,0.00,0.00
2014.07.18 11:09:09.559,13.11331,13.11591,0.00,0.00
2014.07.18 11:09:10.232,13.11344,13.11604,0.00,0.00
2014.07.18 11:09:11.055,13.11329,13.11589,0.00,0.00
2014.07.18 11:09:11.510,13.1132,13.11574,0.00,0.00
2014.07.18 11:09:12.155,13.11343,13.11603,0.00,0.00
2014.07.18 11:09:13.067,13.11329,13.11589,0.00,0.00
2014.07.18 11:09:13.430,13.11344,13.11604,0.00,0.00
2014.07.18 11:09:15.967,13.11354,13.11614,0.00,0.00
2014.07.18 11:09:16.979,13.11301,13.1152,0.00,0.00
2014.07.18 11:09:17.029,13.1126,13.1152,0.00,0.00
2014.07.18 11:09:17.080,13.11242,13.11502,0.00,0.00
2014.07.18 11:09:19.152,13.11256,13.11516,0.00,0.00
2014.07.18 11:09:19.485,13.1124,13.115,0.00,0.00
2014.07.18 11:09:22.124,13.11271,13.115,0.00,0.00
2014.07.18 11:09:22.275,13.11314,13.11574,0.00,0.00
2014.07.18 11:09:22.376,13.11339,13.11599,0.00,0.00
2014.07.18 11:09:22.693,13.11334,13.11594,0.00,0.00
2014.07.18 11:09:23.783,13.1131,13.1157,0.00,0.00
2014.07.18 11:09:24.223,13.11334,13.11594,0.00,0.00
2014.07.18 11:09:24.717,13.11377,13.1163,0.00,0.00
2014.07.18 11:09:25.642,13.11362,13.11622,0.00,0.00
2014.07.18 11:09:25.997,13.11336,13.11596,0.00,0.00
2014.07.18 11:09:28.615,13.11326,13.11586,0.00,0.00
2014.07.18 11:09:29.441,13.11341,13.11601,0.00,0.00
2014.07.18 11:09:30.311,13.11354,13.11614,0.00,0.00
2014.07.18 11:09:31.107,13.11364,13.11624,0.00,0.00
2014.07.18 11:09:33.398,13.11351,13.11611,0.00,0.00
2014.07.18 11:09:37.145,13.11364,13.11624,0.00,0.00
2014.07.18 11:09:40.496,13.1133,13.1159,0.00,0.00
2014.07.18 11:09:40.889,13.11314,13.11574,0.00,0.00
2014.07.18 11:09:41.204,13.1127,13.1153,0.00,0.00
2014.07.18 11:09:41.555,13.11251,13.11511,0.00,0.00
2014.07.18 11:09:42.478,13.11251,13.1147,0.00,0.00
2014.07.18 11:09:42.688,13.1121,13.1147,0.00,0.00
2014.07.18 11:09:42.760,13.11179,13.11439,0.00,0.00
2014.07.18 11:09:43.082,13.11179,13.1142,0.00,0.00
2014.07.18 11:09:54.248,13.11179,13.11439,0.00,0.00
2014.07.18 11:09:54.327,13.11193,13.11439,0.00,0.00
2014.07.18 11:09:54.378,13.11201,13.11454,0.00,0.00
2014.07.18 11:09:54.479,13.11259,13.1147,0.00,0.00
2014.07.18 11:09:54.596,13.11259,13.11519,0.00,0.00
2014.07.18 11:09:54.697,13.1124,13.115,0.00,0.00
2014.07.18 11:09:55.088,13.11259,13.11519,0.00,0.00
2014.07.18 11:09:57.218,13.11241,13.11501,0.00,0.00
2014.07.18 11:09:58.165,13.11259,13.11519,0.00,0.00
2014.07.18 11:10:02.505,13.11259,13.1147,0.00,0.00
2014.07.18 11:10:02.555,13.11238,13.1147,0.00,0.00
2014.07.18 11:10:02.656,13.11225,13.1147,0.00,0.00
2014.07.18 11:10:02.757,13.11172,13.11432,0.00,0.00
2014.07.18 11:10:02.827,13.11172,13.1142,0.00,0.00
2014.07.18 11:10:04.713,13.1115,13.1141,0.00,0.00
2014.07.18 11:10:04.826,13.11159,13.1138,0.00,0.00
2014.07.18 11:10:05.035,13.11169,13.1142,0.00,0.00
2014.07.18 11:10:05.237,13.11157,13.11417,0.00,0.00
2014.07.18 11:10:05.387,13.11169,13.1142,0.00,0.00
2014.07.18 11:10:06.140,13.11158,13.11418,0.00,0.00
2014.07.18 11:10:06.975,13.11169,13.1142,0.00,0.00
2014.07.18 11:10:09.756,13.11169,13.11429,0.00,0.00
2014.07.18 11:10:09.807,13.11171,13.11429,0.00,0.00
2014.07.18 11:10:10.108,13.11284,13.11544,0.00,0.00
2014.07.18 11:10:10.259,13.11314,13.11574,0.00,0.00
2014.07.18 11:10:10.605,13.11253,13.11513,0.00,0.00
2014.07.18 11:10:11.006,13.11226,13.1147,0.00,0.00
2014.07.18 11:10:11.107,13.11201,13.11456,0.00,0.00
2014.07.18 11:10:11.208,13.11196,13.11456,0.00,0.00
2014.07.18 11:10:11.409,13.11271,13.11456,0.00,0.00
2014.07.18 11:10:11.536,13.11257,13.11517,0.00,0.00
2014.07.18 11:10:11.976,13.11257,13.1147,0.00,0.00
2014.07.18 11:10:12.080,13.11206,13.11466,0.00,0.00
2014.07.18 11:10:12.180,13.11196,13.11456,0.00,0.00
2014.07.18 11:10:12.500,13.11176,13.11436,0.00,0.00
2014.07.18 11:10:13.077,13.11205,13.11465,0.00,0.00
2014.07.18 11:10:13.578,13.11176,13.11436,0.00,0.00
2014.07.18 11:10:14.507,13.11201,13.11436,0.00,0.00
2014.07.18 11:10:14.562,13.11249,13.11509,0.00,0.00
2014.07.18 11:10:14.716,13.11236,13.11496,0.00,0.00
2014.07.18 11:10:15.228,13.11216,13.11476,0.00,0.00
2014.07.18 11:10:16.046,13.11216,13.1147,0.00,0.00
2014.07.18 11:10:16.096,13.11196,13.11456,0.00,0.00
2014.07.18 11:10:18.074,13.11176,13.11436,0.00,0.00
2014.07.18 11:10:18.379,13.11188,13.11448,0.00,0.00
2014.07.18 11:10:27.838,13.11176,13.11436,0.00,0.00
2014.07.18 11:10:28.431,13.11186,13.11446,0.00,0.00
2014.07.18 11:10:30.215,13.11176,13.11436,0.00,0.00
2014.07.18 11:10:32.255,13.11186,13.11446,0.00,0.00
2014.07.18 11:10:33.779,13.11201,13.11461,0.00,0.00
2014.07.18 11:10:34.318,13.11178,13.11438,0.00,0.00
2014.07.18 11:10:39.342,13.11192,13.11452,0.00,0.00
2014.07.18 11:10:39.771,13.11177,13.11437,0.00,0.00
2014.07.18 11:10:49.810,13.11192,13.11452,0.00,0.00
2014.07.18 11:10:51.209,13.1121,13.1147,0.00,0.00
2014.07.18 11:10:52.520,13.11195,13.11455,0.00,0.00
2014.07.18 11:10:57.355,13.11213,13.11455,0.00,0.00
2014.07.18 11:10:57.706,13.11243,13.11455,0.00,0.00
2014.07.18 11:10:57.757,13.11243,13.11476,0.00,0.00
2014.07.18 11:10:57.838,13.11243,13.11456,0.00,0.00
2014.07.18 11:10:57.939,13.11213,13.11456,0.00,0.00
2014.07.18 11:10:58.117,13.11213,13.1147,0.00,0.00
2014.07.18 11:10:58.178,13.11213,13.11454,0.00,0.00
2014.07.18 11:10:58.484,13.11213,13.11439,0.00,0.00
2014.07.18 11:10:59.469,13.11213,13.11454,0.00,0.00
2014.07.18 11:11:01.554,13.11253,13.1147,0.00,0.00
2014.07.18 11:11:01.768,13.11253,13.11498,0.00,0.00
2014.07.18 11:11:02.562,13.11253,13.11476,0.00,0.00
2014.07.18 11:11:03.785,13.11253,13.1147,0.00,0.00
2014.07.18 11:11:03.886,13.11213,13.11466,0.00,0.00
2014.07.18 11:11:03.966,13.11213,13.1147,0.00,0.00
2014.07.18 11:11:04.175,13.11253,13.1147,0.00,0.00
2014.07.18 11:11:04.225,13.11253,13.1149,0.00,0.00
2014.07.18 11:11:04.296,13.11253,13.11461,0.00,0.00
2014.07.18 11:11:04.436,13.11253,13.1149,0.00,0.00
2014.07.18 11:11:06.456,13.11253,13.11474,0.00,0.00
2014.07.18 11:11:09.267,13.11253,13.1149,0.00,0.00
2014.07.18 11:11:09.390,13.11253,13.1147,0.00,0.00
2014.07.18 11:11:09.491,13.11239,13.1147,0.00,0.00
2014.07.18 11:11:09.594,13.11216,13.1147,0.00,0.00
2014.07.18 11:11:09.645,13.11216,13.11476,0.00,0.00
2014.07.18 11:11:09.695,13.11253,13.11476,0.00,0.00
2014.07.18 11:11:09.796,13.11253,13.11498,0.00,0.00
2014.07.18 11:11:10.005,13.11253,13.11483,0.00,0.00
2014.07.18 11:11:11.546,13.11256,13.11516,0.00,0.00
2014.07.18 11:11:14.345,13.11256,13.1147,0.00,0.00
2014.07.18 11:11:14.396,13.11253,13.1147,0.00,0.00
2014.07.18 11:11:14.497,13.11236,13.1147,0.00,0.00
2014.07.18 11:11:14.597,13.11216,13.1147,0.00,0.00
2014.07.18 11:11:21.035,13.11216,13.11476,0.00,0.00
2014.07.18 11:11:21.086,13.11248,13.11508,0.00,0.00
2014.07.18 11:11:24.016,13.11248,13.1147,0.00,0.00
2014.07.18 11:11:24.067,13.11243,13.1147,0.00,0.00
2014.07.18 11:11:24.167,13.11206,13.11466,0.00,0.00
2014.07.18 11:11:24.268,13.11216,13.1147,0.00,0.00
2014.07.18 11:11:30.935,13.11216,13.1142,0.00,0.00
2014.07.18 11:11:31.036,13.11166,13.1142,0.00,0.00
2014.07.18 11:11:31.136,13.11146,13.11406,0.00,0.00
2014.07.18 11:11:31.187,13.11146,13.1138,0.00,0.00
2014.07.18 11:11:31.237,13.11143,13.1138,0.00,0.00
2014.07.18 11:11:31.488,13.11143,13.11396,0.00,0.00
2014.07.18 11:11:33.795,13.11143,13.1138,0.00,0.00
2014.07.18 11:11:33.896,13.11136,13.11379,0.00,0.00
2014.07.18 11:11:34.039,13.11073,13.11316,0.00,0.00
2014.07.18 11:11:36.057,13.11073,13.11279,0.00,0.00
2014.07.18 11:11:36.108,13.11056,13.1127,0.00,0.00
2014.07.18 11:11:36.208,13.10981,13.11241,0.00,0.00
2014.07.18 11:11:36.259,13.10973,13.11221,0.00,0.00
2014.07.18 11:11:36.789,13.10973,13.1122,0.00,0.00
2014.07.18 11:11:48.067,13.10996,13.1122,0.00,0.00
2014.07.18 11:11:50.555,13.10973,13.1122,0.00,0.00
2014.07.18 11:11:50.984,13.10973,13.11216,0.00,0.00
2014.07.18 11:12:00.166,13.10973,13.1122,0.00,0.00
2014.07.18 11:12:01.645,13.10973,13.11226,0.00,0.00
2014.07.18 11:12:01.704,13.11003,13.11226,0.00,0.00
2014.07.18 11:12:01.805,13.11006,13.11266,0.00,0.00
2014.07.18 11:12:14.345,13.11031,13.11291,0.00,0.00
2014.07.18 11:12:14.738,13.11061,13.1132,0.00,0.00
2014.07.18 11:12:15.309,13.11076,13.1132,0.00,0.00
2014.07.18 11:12:15.838,13.11065,13.1132,0.00,0.00
2014.07.18 11:12:16.055,13.11065,13.1127,0.00,0.00
2014.07.18 11:12:16.106,13.11046,13.1127,0.00,0.00
2014.07.18 11:12:16.208,13.10996,13.11256,0.00,0.00
2014.07.18 11:12:16.321,13.10978,13.1122,0.00,0.00
2014.07.18 11:12:16.659,13.10973,13.1117,0.00,0.00
2014.07.18 11:12:16.710,13.10965,13.1117,0.00,0.00
2014.07.18 11:12:16.810,13.10873,13.11131,0.00,0.00
2014.07.18 11:12:17.437,13.10873,13.1113,0.00,0.00
2014.07.18 11:12:17.874,13.10903,13.11131,0.00,0.00
2014.07.18 11:12:18.028,13.10906,13.11166,0.00,0.00
2014.07.18 11:12:21.334,13.10906,13.1113,0.00,0.00
2014.07.18 11:12:21.444,13.10896,13.1113,0.00,0.00
2014.07.18 11:12:21.544,13.10873,13.11126,0.00,0.00
2014.07.18 11:12:23.727,13.10866,13.11126,0.00,0.00
2014.07.18 11:12:25.184,13.1087,13.11126,0.00,0.00
2014.07.18 11:12:25.285,13.10951,13.11211,0.00,0.00
2014.07.18 11:12:30.194,13.10953,13.11211,0.00,0.00
2014.07.18 11:12:55.214,13.10953,13.1117,0.00,0.00
2014.07.18 11:12:55.273,13.10951,13.1117,0.00,0.00
2014.07.18 11:12:55.324,13.10941,13.1117,0.00,0.00
2014.07.18 11:12:55.433,13.10906,13.11166,0.00,0.00
2014.07.18 11:12:55.484,13.10906,13.1113,0.00,0.00
2014.07.18 11:12:55.534,13.10886,13.1113,0.00,0.00
2014.07.18 11:12:55.642,13.10873,13.11121,0.00,0.00
2014.07.18 11:12:58.048,13.10861,13.11121,0.00,0.00
2014.07.18 11:13:00.074,13.10861,13.1108,0.00,0.00
2014.07.18 11:13:00.125,13.10841,13.1108,0.00,0.00
2014.07.18 11:13:00.276,13.10821,13.1108,0.00,0.00
2014.07.18 11:13:00.380,13.10801,13.11061,0.00,0.00
2014.07.18 11:13:00.664,13.10813,13.11061,0.00,0.00
2014.07.18 11:13:00.714,13.10813,13.11071,0.00,0.00
2014.07.18 11:13:00.815,13.10831,13.11091,0.00,0.00
2014.07.18 11:13:01.264,13.10841,13.11101,0.00,0.00
2014.07.18 11:13:01.677,13.10851,13.11111,0.00,0.00
2014.07.18 11:13:02.863,13.10863,13.11111,0.00,0.00
2014.07.18 11:13:03.014,13.10901,13.11161,0.00,0.00
2014.07.18 11:13:11.773,13.10913,13.11161,0.00,0.00
2014.07.18 11:13:11.824,13.10951,13.11211,0.00,0.00
2014.07.18 11:13:23.763,13.11013,13.11211,0.00,0.00
2014.07.18 11:13:23.863,13.11031,13.1127,0.00,0.00
2014.07.18 11:13:23.964,13.11031,13.11291,0.00,0.00
2014.07.18 11:13:31.765,13.11018,13.11278,0.00,0.00
2014.07.18 11:13:34.338,13.11036,13.11296,0.00,0.00
2014.07.18 11:13:34.975,13.11018,13.11278,0.00,0.00
2014.07.18 11:13:42.068,13.11031,13.11291,0.00,0.00
2014.07.18 11:13:44.137,13.11019,13.11279,0.00,0.00
2014.07.18 11:13:46.007,13.11031,13.11291,0.00,0.00
2014.07.18 11:14:00.942,13.11031,13.1127,0.00,0.00
2014.07.18 11:14:01.043,13.11017,13.1127,0.00,0.00
2014.07.18 11:14:01.144,13.10998,13.11258,0.00,0.00
2014.07.18 11:14:02.696,13.11036,13.1127,0.00,0.00
2014.07.18 11:14:02.747,13.11036,13.11296,0.00,0.00
2014.07.18 11:14:03.472,13.11016,13.1127,0.00,0.00
2014.07.18 11:14:03.573,13.11005,13.11265,0.00,0.00
2014.07.18 11:14:03.677,13.10987,13.11247,0.00,0.00
2014.07.18 11:14:04.462,13.10987,13.1122,0.00,0.00
2014.07.18 11:14:04.563,13.10977,13.1122,0.00,0.00
2014.07.18 11:14:04.663,13.10946,13.11206,0.00,0.00
2014.07.18 11:14:15.435,13.10936,13.11196,0.00,0.00
2014.07.18 11:14:16.790,13.10951,13.11211,0.00,0.00
2014.07.18 11:14:17.660,13.10937,13.11197,0.00,0.00
2014.07.18 11:14:20.182,13.10925,13.11185,0.00,0.00
2014.07.18 11:14:21.501,13.10945,13.11205,0.00,0.00
2014.07.18 11:14:22.268,13.10927,13.11187,0.00,0.00
2014.07.18 11:14:25.977,13.10915,13.11175,0.00,0.00
2014.07.18 11:14:26.722,13.10915,13.1117,0.00,0.00
2014.07.18 11:14:26.823,13.10851,13.11111,0.00,0.00
2014.07.18 11:14:26.873,13.10833,13.11084,0.00,0.00
2014.07.18 11:14:27.212,13.10833,13.11064,0.00,0.00
2014.07.18 11:14:27.262,13.10804,13.11064,0.00,0.00
2014.07.18 11:14:27.406,13.10801,13.11039,0.00,0.00
2014.07.18 11:14:27.553,13.10779,13.11039,0.00,0.00
2014.07.18 11:14:27.626,13.10795,13.11055,0.00,0.00
2014.07.18 11:14:27.969,13.10779,13.11039,0.00,0.00
2014.07.18 11:14:28.312,13.10821,13.11081,0.00,0.00
2014.07.18 11:14:28.636,13.10801,13.11061,0.00,0.00
2014.07.18 11:14:28.959,13.10746,13.11006,0.00,0.00
2014.07.18 11:14:29.268,13.10766,13.11026,0.00,0.00
2014.07.18 11:14:29.626,13.10743,13.11003,0.00,0.00
2014.07.18 11:14:30.256,13.10756,13.11016,0.00,0.00
2014.07.18 11:14:35.992,13.10776,13.11036,0.00,0.00
2014.07.18 11:14:36.413,13.10838,13.11098,0.00,0.00
2014.07.18 11:14:36.744,13.10851,13.11111,0.00,0.00
2014.07.18 11:14:37.073,13.10813,13.11072,0.00,0.00
2014.07.18 11:14:40.233,13.10836,13.11096,0.00,0.00
2014.07.18 11:14:41.824,13.10815,13.11075,0.00,0.00
2014.07.18 11:14:42.191,13.10836,13.11096,0.00,0.00
2014.07.18 11:14:44.552,13.10813,13.11056,0.00,0.00
2014.07.18 11:14:44.776,13.10801,13.11046,0.00,0.00
2014.07.18 11:14:45.311,13.10801,13.10914,0.00,0.00
2014.07.18 11:14:45.413,13.10776,13.1091,0.00,0.00
2014.07.18 11:14:45.513,13.10666,13.1091,0.00,0.00
2014.07.18 11:14:45.656,13.10606,13.10866,0.00,0.00
2014.07.18 11:14:46.668,13.10625,13.10885,0.00,0.00
2014.07.18 11:14:47.115,13.10641,13.10901,0.00,0.00
2014.07.18 11:14:47.451,13.10615,13.10875,0.00,0.00
2014.07.18 11:14:47.775,13.10641,13.10901,0.00,0.00
2014.07.18 11:14:49.911,13.10621,13.10881,0.00,0.00
2014.07.18 11:14:50.560,13.10637,13.10897,0.00,0.00
2014.07.18 11:14:50.879,13.10621,13.10881,0.00,0.00
2014.07.18 11:14:51.409,13.10637,13.10897,0.00,0.00
2014.07.18 11:15:00.187,13.10623,13.10883,0.00,0.00
2014.07.18 11:15:00.673,13.10637,13.10897,0.00,0.00
2014.07.18 11:15:01.382,13.10621,13.10881,0.00,0.00
2014.07.18 11:15:01.713,13.10607,13.1086,0.00,0.00
2014.07.18 11:15:01.825,13.10571,13.10831,0.00,0.00
2014.07.18 11:15:01.934,13.10568,13.10828,0.00,0.00
2014.07.18 11:15:02.258,13.10541,13.108,0.00,0.00
2014.07.18 11:15:03.469,13.10541,13.1076,0.00,0.00
2014.07.18 11:15:03.573,13.10516,13.1076,0.00,0.00
2014.07.18 11:15:03.674,13.10476,13.10736,0.00,0.00
2014.07.18 11:15:03.825,13.1048,13.10721,0.00,0.00
2014.07.18 11:15:03.926,13.10511,13.10771,0.00,0.00
2014.07.18 11:15:04.027,13.10511,13.1076,0.00,0.00
2014.07.18 11:15:04.110,13.10491,13.10751,0.00,0.00
2014.07.18 11:15:07.375,13.10501,13.10761,0.00,0.00
2014.07.18 11:15:07.677,13.10521,13.10781,0.00,0.00
2014.07.18 11:15:08.417,13.10521,13.1076,0.00,0.00
2014.07.18 11:15:08.570,13.10511,13.1076,0.00,0.00
2014.07.18 11:15:08.670,13.10491,13.10751,0.00,0.00
2014.07.18 11:15:14.659,13.10541,13.108,0.00,0.00
2014.07.18 11:15:15.674,13.10541,13.1076,0.00,0.00
2014.07.18 11:15:15.725,13.10531,13.1076,0.00,0.00
2014.07.18 11:15:15.826,13.10461,13.10721,0.00,0.00
2014.07.18 11:15:15.933,13.10476,13.10736,0.00,0.00
2014.07.18 11:15:16.239,13.10446,13.10706,0.00,0.00
2014.07.18 11:15:17.104,13.10446,13.1061,0.00,0.00
2014.07.18 11:15:17.274,13.10366,13.1061,0.00,0.00
2014.07.18 11:15:17.336,13.10341,13.10601,0.00,0.00
2014.07.18 11:15:18.563,13.10341,13.1056,0.00,0.00
2014.07.18 11:15:18.664,13.10316,13.1056,0.00,0.00
2014.07.18 11:15:18.772,13.10291,13.10551,0.00,0.00
2014.07.18 11:15:21.724,13.10291,13.1052,0.00,0.00
2014.07.18 11:15:21.786,13.10281,13.1052,0.00,0.00
2014.07.18 11:15:21.937,13.10251,13.10511,0.00,0.00
2014.07.18 11:15:22.058,13.10266,13.10526,0.00,0.00
2014.07.18 11:15:24.815,13.10301,13.10526,0.00,0.00
2014.07.18 11:15:24.866,13.10321,13.10581,0.00,0.00
2014.07.18 11:15:25.067,13.10321,13.1052,0.00,0.00
2014.07.18 11:15:25.157,13.10306,13.1052,0.00,0.00
2014.07.18 11:15:25.208,13.10316,13.1052,0.00,0.00
2014.07.18 11:15:25.308,13.10291,13.1052,0.00,0.00
2014.07.18 11:15:25.359,13.10291,13.10551,0.00,0.00
2014.07.18 11:15:32.114,13.10336,13.10596,0.00,0.00
2014.07.18 11:15:32.437,13.10326,13.10586,0.00,0.00
2014.07.18 11:15:34.529,13.10391,13.10651,0.00,0.00
2014.07.18 11:15:38.783,13.10421,13.10681,0.00,0.00
2014.07.18 11:15:39.231,13.104,13.1066,0.00,0.00
2014.07.18 11:15:39.764,13.10416,13.10676,0.00,0.00
2014.07.18 11:15:40.772,13.10416,13.1066,0.00,0.00
2014.07.18 11:15:40.874,13.10393,13.10653,0.00,0.00
2014.07.18 11:15:40.979,13.10374,13.10634,0.00,0.00
2014.07.18 11:15:41.414,13.10387,13.10647,0.00,0.00
2014.07.18 11:15:43.847,13.10371,13.10631,0.00,0.00
2014.07.18 11:15:44.481,13.10381,13.10641,0.00,0.00
2014.07.18 11:15:47.430,13.10391,13.10651,0.00,0.00
2014.07.18 11:15:47.904,13.10391,13.1061,0.00,0.00
2014.07.18 11:15:48.005,13.10351,13.1059,0.00,0.00
2014.07.18 11:15:48.056,13.1033,13.1059,0.00,0.00
2014.07.18 11:15:48.409,13.1032,13.1058,0.00,0.00
2014.07.18 11:15:48.739,13.10391,13.10651,0.00,0.00
2014.07.18 11:15:52.372,13.10369,13.10629,0.00,0.00
2014.07.18 11:15:53.034,13.10391,13.10651,0.00,0.00
2014.07.18 11:15:53.358,13.10367,13.10627,0.00,0.00
2014.07.18 11:15:54.486,13.10391,13.10651,0.00,0.00
2014.07.18 11:15:58.766,13.1037,13.1063,0.00,0.00
2014.07.18 11:16:05.939,13.10356,13.10616,0.00,0.00
2014.07.18 11:16:06.264,13.10291,13.10551,0.00,0.00
2014.07.18 11:16:14.658,13.10291,13.1052,0.00,0.00
2014.07.18 11:16:14.759,13.10277,13.1052,0.00,0.00
2014.07.18 11:16:16.953,13.10221,13.1046,0.00,0.00
2014.07.18 11:16:17.012,13.10203,13.1046,0.00,0.00
2014.07.18 11:16:17.228,13.10218,13.10478,0.00,0.00
2014.07.18 11:16:17.331,13.10241,13.10501,0.00,0.00
2014.07.18 11:16:17.662,13.10291,13.10551,0.00,0.00
2014.07.18 11:16:22.014,13.10301,13.10561,0.00,0.00
2014.07.18 11:16:22.317,13.10393,13.1061,0.00,0.00
2014.07.18 11:16:22.368,13.10421,13.10681,0.00,0.00
2014.07.18 11:16:23.124,13.10396,13.10656,0.00,0.00
2014.07.18 11:16:24.620,13.10421,13.10681,0.00,0.00
2014.07.18 11:16:27.069,13.10411,13.10671,0.00,0.00
2014.07.18 11:16:27.645,13.10421,13.10681,0.00,0.00
2014.07.18 11:16:28.419,13.10431,13.10691,0.00,0.00
2014.07.18 11:16:29.950,13.10441,13.10701,0.00,0.00
2014.07.18 11:16:36.111,13.10451,13.1071,0.00,0.00
2014.07.18 11:16:37.091,13.10441,13.10701,0.00,0.00
2014.07.18 11:16:37.195,13.10451,13.1071,0.00,0.00
2014.07.18 11:16:37.296,13.10441,13.10701,0.00,0.00
2014.07.18 11:16:52.237,13.10451,13.1071,0.00,0.00
2014.07.18 11:16:54.927,13.10451,13.1066,0.00,0.00
2014.07.18 11:16:54.978,13.10441,13.1066,0.00,0.00
2014.07.18 11:16:55.078,13.10416,13.1066,0.00,0.00
2014.07.18 11:16:55.192,13.10391,13.10651,0.00,0.00
2014.07.18 11:17:03.037,13.10391,13.1061,0.00,0.00
2014.07.18 11:17:03.100,13.10381,13.1061,0.00,0.00
2014.07.18 11:17:03.151,13.10381,13.10607,0.00,0.00
2014.07.18 11:17:03.210,13.10316,13.10576,0.00,0.00
2014.07.18 11:17:03.367,13.10301,13.10551,0.00,0.00
2014.07.18 11:17:03.418,13.10291,13.10551,0.00,0.00
2014.07.18 11:17:11.784,13.10301,13.10551,0.00,0.00
2014.07.18 11:17:11.834,13.10326,13.10586,0.00,0.00
2014.07.18 11:17:12.458,13.10336,13.10596,0.00,0.00
2014.07.18 11:17:12.894,13.10346,13.10606,0.00,0.00
2014.07.18 11:17:31.754,13.10331,13.1056,0.00,0.00
2014.07.18 11:17:31.861,13.10261,13.10521,0.00,0.00
2014.07.18 11:17:31.990,13.10226,13.10486,0.00,0.00
2014.07.18 11:17:32.943,13.10216,13.10476,0.00,0.00
2014.07.18 11:17:33.400,13.10191,13.10451,0.00,0.00
2014.07.18 11:17:33.733,13.10221,13.10481,0.00,0.00
2014.07.18 11:17:34.052,13.10221,13.1046,0.00,0.00
2014.07.18 11:17:34.153,13.10211,13.1046,0.00,0.00
2014.07.18 11:17:34.253,13.10191,13.10451,0.00,0.00
2014.07.18 11:17:35.122,13.10216,13.1046,0.00,0.00
2014.07.18 11:17:35.172,13.10216,13.10476,0.00,0.00
2014.07.18 11:17:35.273,13.10271,13.1052,0.00,0.00
2014.07.18 11:17:37.914,13.10241,13.10501,0.00,0.00
2014.07.18 11:17:45.051,13.10241,13.1046,0.00,0.00
2014.07.18 11:17:45.221,13.10211,13.1046,0.00,0.00
2014.07.18 11:17:45.322,13.10191,13.10451,0.00,0.00
2014.07.18 11:17:45.429,13.10221,13.10481,0.00,0.00
2014.07.18 11:17:46.164,13.10221,13.1046,0.00,0.00
2014.07.18 11:17:46.324,13.10211,13.1046,0.00,0.00
2014.07.18 11:17:46.519,13.10191,13.10451,0.00,0.00
2014.07.18 11:17:58.814,13.10171,13.1041,0.00,0.00
2014.07.18 11:18:12.771,13.10171,13.10431,0.00,0.00
2014.07.18 11:18:12.872,13.10191,13.10441,0.00,0.00
2014.07.18 11:18:13.123,13.10256,13.10516,0.00,0.00
2014.07.18 11:18:20.316,13.10281,13.1052,0.00,0.00
2014.07.18 11:18:21.272,13.10291,13.10547,0.00,0.00
2014.07.18 11:18:21.323,13.10291,13.10551,0.00,0.00
2014.07.18 11:18:25.409,13.10265,13.10525,0.00,0.00
2014.07.18 11:18:27.899,13.10281,13.10541,0.00,0.00
2014.07.18 11:18:28.551,13.10291,13.10551,0.00,0.00
2014.07.18 11:18:30.348,13.10274,13.10534,0.00,0.00
2014.07.18 11:18:30.992,13.1029,13.1055,0.00,0.00
2014.07.18 11:18:39.264,13.10287,13.10547,0.00,0.00
2014.07.18 11:18:41.617,13.10271,13.10531,0.00,0.00
2014.07.18 11:18:42.055,13.10291,13.10551,0.00,0.00
2014.07.18 11:18:42.715,13.10271,13.10531,0.00,0.00
2014.07.18 11:18:44.032,13.10291,13.10551,0.00,0.00
2014.07.18 11:18:44.683,13.10251,13.10495,0.00,0.00
2014.07.18 11:18:44.733,13.10235,13.10495,0.00,0.00
2014.07.18 11:18:45.144,13.10261,13.1052,0.00,0.00
2014.07.18 11:18:49.545,13.10276,13.1052,0.00,0.00
2014.07.18 11:18:49.770,13.10321,13.10581,0.00,0.00
2014.07.18 11:18:50.317,13.10301,13.10555,0.00,0.00
2014.07.18 11:18:50.418,13.10301,13.10559,0.00,0.00
2014.07.18 11:18:50.669,13.10326,13.10586,0.00,0.00
2014.07.18 11:18:51.285,13.10353,13.1061,0.00,0.00
2014.07.18 11:18:51.545,13.10329,13.10589,0.00,0.00
2014.07.18 11:18:51.661,13.10323,13.10583,0.00,0.00
2014.07.18 11:18:52.082,13.10356,13.1061,0.00,0.00
2014.07.18 11:18:52.413,13.10371,13.1061,0.00,0.00
2014.07.18 11:18:53.023,13.10355,13.1061,0.00,0.00
2014.07.18 11:18:57.151,13.10371,13.1061,0.00,0.00
2014.07.18 11:18:57.602,13.1031,13.1057,0.00,0.00
2014.07.18 11:18:57.923,13.10325,13.10585,0.00,0.00
2014.07.18 11:19:00.579,13.10333,13.10585,0.00,0.00
2014.07.18 11:19:01.790,13.10341,13.10601,0.00,0.00
2014.07.18 11:19:02.795,13.10333,13.1059,0.00,0.00
2014.07.18 11:19:03.355,13.10333,13.10572,0.00,0.00
2014.07.18 11:19:04.117,13.10333,13.10585,0.00,0.00
2014.07.18 11:19:06.759,13.10333,13.10569,0.00,0.00
2014.07.18 11:19:07.199,13.10333,13.10592,0.00,0.00
2014.07.18 11:19:10.717,13.10333,13.1058,0.00,0.00
2014.07.18 11:19:11.551,13.10341,13.10601,0.00,0.00
2014.07.18 11:19:15.078,13.10333,13.10525,0.00,0.00
2014.07.18 11:19:15.129,13.10265,13.10525,0.00,0.00
2014.07.18 11:19:15.280,13.10238,13.10498,0.00,0.00
2014.07.18 11:19:19.218,13.10233,13.10488,0.00,0.00
2014.07.18 11:19:19.572,13.10241,13.10501,0.00,0.00
2014.07.18 11:19:20.416,13.10251,13.10511,0.00,0.00
2014.07.18 11:19:20.817,13.1024,13.105,0.00,0.00
2014.07.18 11:19:21.145,13.10251,13.10511,0.00,0.00
2014.07.18 11:19:21.475,13.10241,13.10501,0.00,0.00
2014.07.18 11:19:21.806,13.10233,13.1049,0.00,0.00
2014.07.18 11:19:21.971,13.10241,13.10501,0.00,0.00
2014.07.18 11:19:22.476,13.10233,13.10491,0.00,0.00
2014.07.18 11:19:23.837,13.1029,13.10491,0.00,0.00
2014.07.18 11:19:24.038,13.10343,13.10603,0.00,0.00
2014.07.18 11:19:24.346,13.10328,13.10588,0.00,0.00
2014.07.18 11:19:24.897,13.10338,13.10598,0.00,0.00
2014.07.18 11:19:25.555,13.10328,13.10588,0.00,0.00
2014.07.18 11:19:25.885,13.1033,13.1059,0.00,0.00
2014.07.18 11:19:27.205,13.10314,13.10574,0.00,0.00
2014.07.18 11:19:27.680,13.10314,13.1056,0.00,0.00
2014.07.18 11:19:27.891,13.10283,13.10541,0.00,0.00
2014.07.18 11:19:30.361,13.10293,13.10553,0.00,0.00
2014.07.18 11:19:31.322,13.10301,13.10553,0.00,0.00
2014.07.18 11:19:31.733,13.10358,13.1061,0.00,0.00
2014.07.18 11:19:36.753,13.1033,13.1059,0.00,0.00
2014.07.18 11:19:37.299,13.1033,13.10589,0.00,0.00
2014.07.18 11:19:37.399,13.10294,13.10554,0.00,0.00
2014.07.18 11:19:37.551,13.10273,13.10533,0.00,0.00
2014.07.18 11:19:37.863,13.10273,13.1052,0.00,0.00
2014.07.18 11:19:38.183,13.10283,13.1052,0.00,0.00
2014.07.18 11:19:39.095,13.10272,13.1052,0.00,0.00
2014.07.18 11:19:41.144,13.10283,13.1052,0.00,0.00
2014.07.18 11:19:41.460,13.10243,13.1041,0.00,0.00
2014.07.18 11:19:41.510,13.10168,13.1041,0.00,0.00
2014.07.18 11:19:41.561,13.10153,13.10403,0.00,0.00
2014.07.18 11:19:48.202,13.10168,13.10428,0.00,0.00
2014.07.18 11:19:48.253,13.10223,13.10428,0.00,0.00
2014.07.18 11:19:48.304,13.10223,13.1046,0.00,0.00
2014.07.18 11:19:48.404,13.10223,13.10483,0.00,0.00
2014.07.18 11:19:49.280,13.10223,13.1046,0.00,0.00
2014.07.18 11:19:49.459,13.10213,13.1046,0.00,0.00
2014.07.18 11:19:49.560,13.10193,13.10453,0.00,0.00
2014.07.18 11:19:49.719,13.102,13.10453,0.00,0.00
2014.07.18 11:19:49.769,13.10223,13.10483,0.00,0.00
2014.07.18 11:19:50.490,13.10223,13.10468,0.00,0.00
2014.07.18 11:19:50.652,13.10208,13.1046,0.00,0.00
2014.07.18 11:19:50.708,13.10183,13.10443,0.00,0.00
2014.07.18 11:19:50.759,13.10183,13.1041,0.00,0.00
2014.07.18 11:19:52.139,13.10183,13.10443,0.00,0.00
2014.07.18 11:19:52.240,13.10193,13.10453,0.00,0.00
2014.07.18 11:19:52.541,13.10223,13.10478,0.00,0.00
2014.07.18 11:19:58.262,13.10228,13.10488,0.00,0.00
2014.07.18 11:20:00.289,13.10243,13.10503,0.00,0.00
2014.07.18 11:20:01.175,13.10233,13.10493,0.00,0.00
2014.07.18 11:20:02.655,13.10223,13.10482,0.00,0.00
2014.07.18 11:20:08.377,13.10268,13.1052,0.00,0.00
2014.07.18 11:20:08.529,13.10293,13.10553,0.00,0.00
2014.07.18 11:20:08.580,13.10301,13.10553,0.00,0.00
2014.07.18 11:20:08.781,13.10323,13.10583,0.00,0.00
2014.07.18 11:20:09.392,13.10343,13.10603,0.00,0.00
2014.07.18 11:20:09.900,13.1033,13.1059,0.00,0.00
2014.07.18 11:20:10.262,13.10343,13.10603,0.00,0.00
2014.07.18 11:20:11.635,13.10331,13.10591,0.00,0.00
2014.07.18 11:20:11.735,13.10252,13.1041,0.00,0.00
2014.07.18 11:20:11.836,13.10252,13.1046,0.00,0.00
2014.07.18 11:20:11.889,13.10193,13.10453,0.00,0.00
2014.07.18 11:20:12.159,13.10193,13.1041,0.00,0.00
2014.07.18 11:20:12.209,13.10153,13.1041,0.00,0.00
2014.07.18 11:20:16.833,13.10163,13.1041,0.00,0.00
2014.07.18 11:20:17.051,13.10153,13.1041,0.00,0.00
2014.07.18 11:20:17.413,13.10143,13.10379,0.00,0.00
2014.07.18 11:20:17.513,13.10068,13.10328,0.00,0.00
2014.07.18 11:20:17.646,13.10053,13.10303,0.00,0.00
2014.07.18 11:20:17.961,13.10053,13.103,0.00,0.00
2014.07.18 11:20:23.622,13.10083,13.103,0.00,0.00
2014.07.18 11:20:24.478,13.10083,13.10343,0.00,0.00
2014.07.18 11:20:24.529,13.10123,13.10353,0.00,0.00
2014.07.18 11:20:24.629,13.10123,13.1036,0.00,0.00
2014.07.18 11:20:24.733,13.10123,13.10363,0.00,0.00
2014.07.18 11:20:24.810,13.10123,13.10383,0.00,0.00
2014.07.18 11:20:25.607,13.10123,13.1036,0.00,0.00
2014.07.18 11:20:25.758,13.10113,13.1036,0.00,0.00
2014.07.18 11:20:25.909,13.10093,13.10353,0.00,0.00
2014.07.18 11:20:36.584,13.10083,13.103,0.00,0.00
2014.07.18 11:20:45.241,13.10073,13.103,0.00,0.00
2014.07.18 11:20:45.342,13.10043,13.103,0.00,0.00
2014.07.18 11:20:50.222,13.10053,13.103,0.00,0.00
2014.07.18 11:20:50.683,13.10083,13.103,0.00,0.00
2014.07.18 11:20:52.055,13.10073,13.103,0.00,0.00
2014.07.18 11:20:52.155,13.10073,13.10333,0.00,0.00
2014.07.18 11:20:52.227,13.10083,13.10333,0.00,0.00
2014.07.18 11:20:52.278,13.10093,13.10353,0.00,0.00
2014.07.18 11:21:05.261,13.10083,13.10313,0.00,0.00
2014.07.18 11:21:05.362,13.10053,13.103,0.00,0.00
2014.07.18 11:21:05.785,13.10063,13.10323,0.00,0.00
2014.07.18 11:21:05.886,13.10093,13.10353,0.00,0.00
2014.07.18 11:21:12.997,13.10093,13.103,0.00,0.00
2014.07.18 11:21:13.048,13.10083,13.103,0.00,0.00
2014.07.18 11:21:15.102,13.10048,13.103,0.00,0.00
2014.07.18 11:21:19.011,13.10058,13.103,0.00,0.00
2014.07.18 11:21:19.296,13.10048,13.103,0.00,0.00
2014.07.18 11:21:21.035,13.10058,13.103,0.00,0.00
2014.07.18 11:21:22.216,13.10083,13.103,0.00,0.00
2014.07.18 11:21:23.131,13.10073,13.103,0.00,0.00
2014.07.18 11:21:23.206,13.10053,13.103,0.00,0.00
2014.07.18 11:21:25.771,13.10083,13.103,0.00,0.00
2014.07.18 11:21:28.362,13.10043,13.103,0.00,0.00
2014.07.18 11:21:30.943,13.10068,13.103,0.00,0.00
2014.07.18 11:21:33.366,13.10078,13.103,0.00,0.00
2014.07.18 11:21:33.683,13.10083,13.103,0.00,0.00
2014.07.18 11:21:35.659,13.10083,13.10343,0.00,0.00
2014.07.18 11:21:35.759,13.10093,13.10353,0.00,0.00
2014.07.18 11:21:43.700,13.10118,13.1036,0.00,0.00
2014.07.18 11:21:43.919,13.10093,13.10353,0.00,0.00
2014.07.18 11:21:46.551,13.10093,13.103,0.00,0.00
2014.07.18 11:21:46.652,13.10083,13.103,0.00,0.00
2014.07.18 11:21:46.750,13.10106,13.103,0.00,0.00
2014.07.18 11:21:46.970,13.10083,13.103,0.00,0.00
2014.07.18 11:21:47.629,13.10108,13.103,0.00,0.00
2014.07.18 11:21:52.162,13.10108,13.1036,0.00,0.00
2014.07.18 11:21:52.212,13.10118,13.1036,0.00,0.00
2014.07.18 11:21:52.428,13.10093,13.10353,0.00,0.00
2014.07.18 11:21:52.529,13.10118,13.1036,0.00,0.00
2014.07.18 11:22:01.100,13.10104,13.103,0.00,0.00
2014.07.18 11:22:01.201,13.10094,13.103,0.00,0.00
2014.07.18 11:22:01.411,13.10073,13.103,0.00,0.00
2014.07.18 11:22:02.254,13.10083,13.103,0.00,0.00
2014.07.18 11:22:02.681,13.10103,13.103,0.00,0.00
2014.07.18 11:22:02.766,13.10092,13.103,0.00,0.00
2014.07.18 11:22:03.975,13.10103,13.103,0.00,0.00
2014.07.18 11:22:10.657,13.10103,13.10363,0.00,0.00
2014.07.18 11:22:10.708,13.10119,13.10379,0.00,0.00
2014.07.18 11:22:11.035,13.10094,13.10354,0.00,0.00
2014.07.18 11:22:11.597,13.10112,13.1036,0.00,0.00
2014.07.18 11:22:12.176,13.10112,13.103,0.00,0.00
2014.07.18 11:22:12.433,13.10102,13.103,0.00,0.00
2014.07.18 11:22:12.694,13.10084,13.103,0.00,0.00
2014.07.18 11:22:20.229,13.10074,13.103,0.00,0.00
2014.07.18 11:22:22.200,13.10084,13.103,0.00,0.00
2014.07.18 11:22:27.163,13.10074,13.103,0.00,0.00
2014.07.18 11:22:27.594,13.10054,13.103,0.00,0.00
2014.07.18 11:22:27.714,13.10069,13.103,0.00,0.00
2014.07.18 11:22:27.950,13.10049,13.103,0.00,0.00
2014.07.18 11:22:28.579,13.10064,13.103,0.00,0.00
2014.07.18 11:22:28.907,13.10099,13.103,0.00,0.00
2014.07.18 11:22:28.958,13.10076,13.103,0.00,0.00
2014.07.18 11:22:43.755,13.10076,13.10336,0.00,0.00
2014.07.18 11:22:44.006,13.10099,13.10359,0.00,0.00
2014.07.18 11:22:44.324,13.10089,13.10349,0.00,0.00
2014.07.18 11:22:50.135,13.10099,13.10359,0.00,0.00
2014.07.18 11:22:50.543,13.10089,13.10349,0.00,0.00
2014.07.18 11:23:00.100,13.10099,13.10359,0.00,0.00
2014.07.18 11:23:00.489,13.10139,13.10399,0.00,0.00
2014.07.18 11:23:18.717,13.10199,13.1041,0.00,0.00
2014.07.18 11:23:18.767,13.10201,13.10447,0.00,0.00
2014.07.18 11:23:18.827,13.10244,13.10447,0.00,0.00
2014.07.18 11:23:18.878,13.10244,13.10504,0.00,0.00
2014.07.18 11:23:19.421,13.10254,13.10514,0.00,0.00
2014.07.18 11:23:19.726,13.10344,13.10604,0.00,0.00
2014.07.18 11:23:21.555,13.10354,13.1061,0.00,0.00
2014.07.18 11:23:21.708,13.10338,13.10598,0.00,0.00
2014.07.18 11:23:22.260,13.10349,13.10609,0.00,0.00
2014.07.18 11:23:30.059,13.10338,13.10598,0.00,0.00
2014.07.18 11:23:33.286,13.10349,13.10609,0.00,0.00
2014.07.18 11:23:33.835,13.10344,13.10604,0.00,0.00
2014.07.18 11:23:48.059,13.10354,13.1061,0.00,0.00
2014.07.18 11:23:48.277,13.10341,13.10601,0.00,0.00
2014.07.18 11:23:49.439,13.10354,13.1061,0.00,0.00
2014.07.18 11:23:50.838,13.10374,13.1061,0.00,0.00
2014.07.18 11:23:50.948,13.10354,13.1061,0.00,0.00
2014.07.18 11:23:52.147,13.10384,13.1061,0.00,0.00
2014.07.18 11:23:52.403,13.10358,13.1061,0.00,0.00
2014.07.18 11:23:53.867,13.10374,13.1061,0.00,0.00
2014.07.18 11:24:00.106,13.10359,13.1061,0.00,0.00
2014.07.18 11:24:07.516,13.10359,13.10619,0.00,0.00
2014.07.18 11:24:07.567,13.10394,13.10627,0.00,0.00
2014.07.18 11:24:07.617,13.10394,13.10654,0.00,0.00
2014.07.18 11:24:07.668,13.10444,13.10659,0.00,0.00
2014.07.18 11:24:07.805,13.10444,13.10704,0.00,0.00
2014.07.18 11:24:08.684,13.10444,13.1066,0.00,0.00
2014.07.18 11:24:08.734,13.10412,13.1066,0.00,0.00
2014.07.18 11:24:08.989,13.10391,13.10651,0.00,0.00
2014.07.18 11:24:20.147,13.10404,13.10664,0.00,0.00
2014.07.18 11:24:20.449,13.10414,13.10674,0.00,0.00
2014.07.18 11:24:20.757,13.10391,13.10651,0.00,0.00
2014.07.18 11:24:21.664,13.10391,13.1061,0.00,0.00
2014.07.18 11:24:21.994,13.10394,13.10654,0.00,0.00
2014.07.18 11:24:23.914,13.10424,13.10684,0.00,0.00
2014.07.18 11:24:24.439,13.10424,13.1066,0.00,0.00
2014.07.18 11:24:24.490,13.1041,13.1066,0.00,0.00
2014.07.18 11:24:24.570,13.10392,13.10652,0.00,0.00
2014.07.18 11:24:29.591,13.10404,13.10664,0.00,0.00
2014.07.18 11:24:30.050,13.10424,13.10684,0.00,0.00
2014.07.18 11:24:30.388,13.10444,13.10704,0.00,0.00
2014.07.18 11:24:38.933,13.10444,13.10687,0.00,0.00
2014.07.18 11:24:38.984,13.10412,13.1066,0.00,0.00
2014.07.18 11:24:39.087,13.10392,13.10652,0.00,0.00
2014.07.18 11:24:41.817,13.10374,13.1061,0.00,0.00
2014.07.18 11:24:41.918,13.10344,13.10604,0.00,0.00
2014.07.18 11:24:52.239,13.10354,13.1061,0.00,0.00
2014.07.18 11:24:59.389,13.10367,13.1061,0.00,0.00
2014.07.18 11:24:59.890,13.10367,13.10627,0.00,0.00
2014.07.18 11:24:59.941,13.10391,13.10647,0.00,0.00
2014.07.18 11:24:59.991,13.10391,13.10651,0.00,0.00
2014.07.18 11:25:01.973,13.10421,13.10681,0.00,0.00
2014.07.18 11:25:02.427,13.10409,13.10669,0.00,0.00
2014.07.18 11:25:02.755,13.10421,13.10681,0.00,0.00
2014.07.18 11:25:03.079,13.10408,13.1066,0.00,0.00
2014.07.18 11:25:03.179,13.10361,13.10621,0.00,0.00
2014.07.18 11:25:03.240,13.10341,13.10601,0.00,0.00
2014.07.18 11:25:03.935,13.10351,13.1061,0.00,0.00
2014.07.18 11:25:04.357,13.10381,13.1061,0.00,0.00
2014.07.18 11:25:06.262,13.10341,13.10601,0.00,0.00
2014.07.18 11:25:09.239,13.10351,13.1061,0.00,0.00
2014.07.18 11:25:09.649,13.10381,13.1061,0.00,0.00
2014.07.18 11:25:12.099,13.10346,13.10606,0.00,0.00
2014.07.18 11:25:22.219,13.10356,13.1061,0.00,0.00
2014.07.18 11:25:23.539,13.10381,13.1061,0.00,0.00
2014.07.18 11:25:29.699,13.10341,13.10601,0.00,0.00
2014.07.18 11:25:31.423,13.10351,13.1061,0.00,0.00
2014.07.18 11:25:36.632,13.10341,13.10601,0.00,0.00
2014.07.18 11:25:57.140,13.10346,13.10606,0.00,0.00
2014.07.18 11:26:17.227,13.10341,13.10601,0.00,0.00
2014.07.18 11:26:52.107,13.10371,13.10601,0.00,0.00
2014.07.18 11:26:52.158,13.10373,13.10621,0.00,0.00
2014.07.18 11:26:52.210,13.10401,13.10621,0.00,0.00
2014.07.18 11:26:52.260,13.10441,13.10701,0.00,0.00
2014.07.18 11:26:52.311,13.10441,13.1066,0.00,0.00
2014.07.18 11:26:52.502,13.10441,13.10701,0.00,0.00
2014.07.18 11:26:58.952,13.1043,13.1069,0.00,0.00
2014.07.18 11:26:59.308,13.10413,13.10673,0.00,0.00
2014.07.18 11:26:59.637,13.10426,13.10686,0.00,0.00
2014.07.18 11:27:00.262,13.10441,13.10701,0.00,0.00
2014.07.18 11:27:01.290,13.10453,13.1071,0.00,0.00
2014.07.18 11:27:05.004,13.1044,13.107,0.00,0.00
2014.07.18 11:27:05.109,13.10491,13.107,0.00,0.00
2014.07.18 11:27:05.210,13.10491,13.10716,0.00,0.00
2014.07.18 11:27:05.333,13.10518,13.1076,0.00,0.00
2014.07.18 11:27:05.384,13.10518,13.10778,0.00,0.00
2014.07.18 11:27:06.328,13.10491,13.10725,0.00,0.00
2014.07.18 11:27:06.378,13.10465,13.10725,0.00,0.00
2014.07.18 11:27:06.500,13.10443,13.10703,0.00,0.00
2014.07.18 11:27:06.821,13.10458,13.1071,0.00,0.00
2014.07.18 11:27:06.872,13.10417,13.10677,0.00,0.00
2014.07.18 11:27:07.192,13.1043,13.1069,0.00,0.00
2014.07.18 11:27:08.229,13.10414,13.10674,0.00,0.00
2014.07.18 11:27:08.688,13.10445,13.10705,0.00,0.00
2014.07.18 11:27:09.024,13.1043,13.1069,0.00,0.00
2014.07.18 11:27:10.285,13.10413,13.10673,0.00,0.00
2014.07.18 11:27:11.275,13.10441,13.10701,0.00,0.00
2014.07.18 11:27:13.541,13.10406,13.10666,0.00,0.00
2014.07.18 11:27:15.712,13.1048,13.10666,0.00,0.00
2014.07.18 11:27:15.863,13.1048,13.10698,0.00,0.00
2014.07.18 11:27:15.928,13.1048,13.10708,0.00,0.00
2014.07.18 11:27:16.038,13.1048,13.10677,0.00,0.00
2014.07.18 11:27:16.088,13.10417,13.10677,0.00,0.00
2014.07.18 11:27:16.368,13.10405,13.10665,0.00,0.00
2014.07.18 11:27:17.035,13.1042,13.1068,0.00,0.00
2014.07.18 11:27:17.337,13.10436,13.10696,0.00,0.00
2014.07.18 11:27:19.376,13.10422,13.10682,0.00,0.00
2014.07.18 11:27:21.237,13.10405,13.10665,0.00,0.00
2014.07.18 11:27:22.436,13.10436,13.10696,0.00,0.00
2014.07.18 11:27:24.092,13.10421,13.10681,0.00,0.00
2014.07.18 11:27:26.297,13.10437,13.10697,0.00,0.00
2014.07.18 11:27:37.035,13.10413,13.10673,0.00,0.00
2014.07.18 11:27:38.481,13.1048,13.10673,0.00,0.00
2014.07.18 11:27:38.581,13.1048,13.10704,0.00,0.00
2014.07.18 11:27:38.632,13.10501,13.10704,0.00,0.00
2014.07.18 11:27:38.682,13.10515,13.10775,0.00,0.00
2014.07.18 11:27:39.967,13.10501,13.1076,0.00,0.00
2014.07.18 11:27:40.269,13.10506,13.10766,0.00,0.00
2014.07.18 11:27:42.091,13.10522,13.10782,0.00,0.00
2014.07.18 11:27:45.241,13.10582,13.108,0.00,0.00
2014.07.18 11:27:45.341,13.1059,13.10842,0.00,0.00
2014.07.18 11:27:45.392,13.10611,13.10871,0.00,0.00
2014.07.18 11:27:50.193,13.10631,13.10871,0.00,0.00
2014.07.18 11:27:50.294,13.10673,13.1092,0.00,0.00
2014.07.18 11:27:50.345,13.1066,13.1092,0.00,0.00
2014.07.18 11:27:50.496,13.1064,13.109,0.00,0.00
2014.07.18 11:27:50.809,13.1063,13.1089,0.00,0.00
2014.07.18 11:27:51.209,13.10606,13.10866,0.00,0.00
2014.07.18 11:27:51.553,13.10623,13.10883,0.00,0.00
2014.07.18 11:27:51.867,13.10711,13.10948,0.00,0.00
2014.07.18 11:27:52.018,13.10748,13.11008,0.00,0.00
2014.07.18 11:27:52.367,13.10761,13.1101,0.00,0.00
2014.07.18 11:27:52.704,13.10778,13.1101,0.00,0.00
2014.07.18 11:27:52.907,13.10803,13.1106,0.00,0.00
2014.07.18 11:27:53.577,13.10813,13.11073,0.00,0.00
2014.07.18 11:27:53.690,13.10838,13.11098,0.00,0.00
2014.07.18 11:27:54.628,13.10827,13.11087,0.00,0.00
2014.07.18 11:27:54.942,13.10813,13.11055,0.00,0.00
2014.07.18 11:27:54.993,13.10838,13.11098,0.00,0.00
2014.07.18 11:27:55.190,13.10822,13.11082,0.00,0.00
2014.07.18 11:27:55.838,13.10813,13.11068,0.00,0.00
2014.07.18 11:27:56.111,13.10837,13.11097,0.00,0.00
2014.07.18 11:27:56.319,13.10813,13.11066,0.00,0.00
2014.07.18 11:27:56.611,13.10817,13.11077,0.00,0.00
2014.07.18 11:27:56.726,13.10843,13.11103,0.00,0.00
2014.07.18 11:27:57.049,13.10848,13.11108,0.00,0.00
2014.07.18 11:27:58.149,13.10835,13.11095,0.00,0.00
2014.07.18 11:27:59.406,13.10835,13.1106,0.00,0.00
2014.07.18 11:27:59.507,13.10802,13.1106,0.00,0.00
2014.07.18 11:27:59.723,13.10784,13.11044,0.00,0.00
2014.07.18 11:28:00.116,13.108,13.1106,0.00,0.00
2014.07.18 11:28:00.777,13.10838,13.11098,0.00,0.00
2014.07.18 11:28:01.237,13.10813,13.11073,0.00,0.00
2014.07.18 11:28:02.867,13.10838,13.11098,0.00,0.00
2014.07.18 11:28:03.207,13.10814,13.11074,0.00,0.00
2014.07.18 11:28:03.766,13.10829,13.11089,0.00,0.00
2014.07.18 11:28:04.297,13.10848,13.11108,0.00,0.00
2014.07.18 11:28:05.155,13.10833,13.11093,0.00,0.00
2014.07.18 11:28:05.747,13.10849,13.11109,0.00,0.00
2014.07.18 11:28:06.078,13.10834,13.11094,0.00,0.00
2014.07.18 11:28:06.428,13.1085,13.1111,0.00,0.00
2014.07.18 11:28:06.747,13.10834,13.11094,0.00,0.00
2014.07.18 11:28:07.546,13.10834,13.1106,0.00,0.00
2014.07.18 11:28:07.660,13.10783,13.11043,0.00,0.00
2014.07.18 11:28:07.850,13.10783,13.1101,0.00,0.00
2014.07.18 11:28:07.901,13.10761,13.1101,0.00,0.00
2014.07.18 11:28:08.114,13.10783,13.1101,0.00,0.00
2014.07.18 11:28:08.205,13.1076,13.1101,0.00,0.00
2014.07.18 11:28:10.425,13.10776,13.1101,0.00,0.00
2014.07.18 11:28:11.396,13.10759,13.1101,0.00,0.00
2014.07.18 11:28:11.497,13.10739,13.10999,0.00,0.00
2014.07.18 11:28:11.696,13.10763,13.1101,0.00,0.00
2014.07.18 11:28:11.920,13.10763,13.11023,0.00,0.00
2014.07.18 11:28:11.971,13.10771,13.11023,0.00,0.00
2014.07.18 11:28:12.273,13.10818,13.1101,0.00,0.00
2014.07.18 11:28:12.324,13.10768,13.1101,0.00,0.00
2014.07.18 11:28:12.706,13.10768,13.1096,0.00,0.00
2014.07.18 11:28:12.815,13.10652,13.10912,0.00,0.00
2014.07.18 11:28:12.866,13.10641,13.10901,0.00,0.00
2014.07.18 11:28:13.677,13.10642,13.10902,0.00,0.00
2014.07.18 11:28:14.007,13.10658,13.1091,0.00,0.00
2014.07.18 11:28:14.393,13.10636,13.10896,0.00,0.00
2014.07.18 11:28:14.443,13.10661,13.10896,0.00,0.00
2014.07.18 11:28:14.544,13.10713,13.1096,0.00,0.00
2014.07.18 11:28:14.613,13.10733,13.1096,0.00,0.00
2014.07.18 11:28:14.717,13.10733,13.10993,0.00,0.00
2014.07.18 11:28:14.965,13.10743,13.11003,0.00,0.00
2014.07.18 11:28:15.322,13.10773,13.1101,0.00,0.00
2014.07.18 11:28:15.922,13.10757,13.1101,0.00,0.00
2014.07.18 11:28:16.180,13.10774,13.1101,0.00,0.00
2014.07.18 11:28:16.646,13.10784,13.1101,0.00,0.00
2014.07.18 11:28:17.200,13.10784,13.1095,0.00,0.00
2014.07.18 11:28:17.250,13.10748,13.1095,0.00,0.00
2014.07.18 11:28:17.351,13.10658,13.10918,0.00,0.00
2014.07.18 11:28:17.452,13.10658,13.1091,0.00,0.00
2014.07.18 11:28:17.502,13.10642,13.10902,0.00,0.00
2014.07.18 11:28:17.704,13.10658,13.1091,0.00,0.00
2014.07.18 11:28:17.810,13.10634,13.10894,0.00,0.00
2014.07.18 11:28:18.730,13.10648,13.10908,0.00,0.00
2014.07.18 11:28:19.070,13.10545,13.108,0.00,0.00
2014.07.18 11:28:19.316,13.10651,13.10908,0.00,0.00
2014.07.18 11:28:19.582,13.10648,13.10908,0.00,0.00
2014.07.18 11:28:20.649,13.1063,13.1089,0.00,0.00
2014.07.18 11:28:21.296,13.10688,13.10947,0.00,0.00
2014.07.18 11:28:21.497,13.10676,13.10936,0.00,0.00
2014.07.18 11:28:21.591,13.10688,13.10948,0.00,0.00
2014.07.18 11:28:23.243,13.10698,13.10958,0.00,0.00
2014.07.18 11:28:23.571,13.10676,13.10936,0.00,0.00
2014.07.18 11:28:27.210,13.1069,13.10936,0.00,0.00
2014.07.18 11:28:27.312,13.10763,13.1101,0.00,0.00
2014.07.18 11:28:27.741,13.10738,13.10998,0.00,0.00
2014.07.18 11:28:28.329,13.10755,13.1101,0.00,0.00
2014.07.18 11:28:29.297,13.10734,13.10994,0.00,0.00
2014.07.18 11:28:29.701,13.10758,13.1101,0.00,0.00
2014.07.18 11:28:30.647,13.10773,13.11018,0.00,0.00
2014.07.18 11:28:30.949,13.10804,13.11057,0.00,0.00
2014.07.18 11:28:31.049,13.10784,13.11044,0.00,0.00
2014.07.18 11:28:31.100,13.10784,13.1101,0.00,0.00
2014.07.18 11:28:36.248,13.10753,13.1101,0.00,0.00
2014.07.18 11:28:36.547,13.10769,13.1101,0.00,0.00
2014.07.18 11:28:36.780,13.10769,13.11029,0.00,0.00
2014.07.18 11:28:36.831,13.10794,13.11054,0.00,0.00
2014.07.18 11:28:37.162,13.10866,13.1111,0.00,0.00
2014.07.18 11:28:37.298,13.10837,13.11097,0.00,0.00
2014.07.18 11:28:37.519,13.10853,13.1111,0.00,0.00
2014.07.18 11:28:38.105,13.10869,13.1111,0.00,0.00
2014.07.18 11:28:39.523,13.10843,13.11103,0.00,0.00
2014.07.18 11:28:39.623,13.10824,13.11084,0.00,0.00
2014.07.18 11:28:40.037,13.10818,13.1106,0.00,0.00
2014.07.18 11:28:41.730,13.10818,13.11078,0.00,0.00
2014.07.18 11:28:41.830,13.10859,13.1111,0.00,0.00
2014.07.18 11:28:42.340,13.10835,13.11095,0.00,0.00
2014.07.18 11:28:42.876,13.10825,13.11085,0.00,0.00
2014.07.18 11:28:43.279,13.10807,13.1106,0.00,0.00
2014.07.18 11:28:44.045,13.10806,13.1106,0.00,0.00
2014.07.18 11:28:45.078,13.10822,13.1106,0.00,0.00
2014.07.18 11:28:50.348,13.10834,13.11094,0.00,0.00
2014.07.18 11:28:50.414,13.10854,13.1111,0.00,0.00
2014.07.18 11:28:50.717,13.10854,13.1106,0.00,0.00
2014.07.18 11:28:50.768,13.10844,13.1106,0.00,0.00
2014.07.18 11:28:50.854,13.10824,13.1106,0.00,0.00
2014.07.18 11:28:53.386,13.10774,13.11034,0.00,0.00
2014.07.18 11:28:53.437,13.10774,13.1101,0.00,0.00
2014.07.18 11:29:02.633,13.10774,13.11034,0.00,0.00
2014.07.18 11:29:02.683,13.10801,13.11034,0.00,0.00
2014.07.18 11:29:02.884,13.10869,13.1111,0.00,0.00
2014.07.18 11:29:09.698,13.10859,13.1111,0.00,0.00
2014.07.18 11:29:11.619,13.10874,13.1111,0.00,0.00
2014.07.18 11:29:14.234,13.10859,13.1111,0.00,0.00
2014.07.18 11:29:14.667,13.10874,13.1111,0.00,0.00
2014.07.18 11:29:16.489,13.10874,13.11134,0.00,0.00
2014.07.18 11:29:16.640,13.10919,13.1116,0.00,0.00
2014.07.18 11:29:16.777,13.10889,13.11149,0.00,0.00
2014.07.18 11:29:16.827,13.10889,13.1111,0.00,0.00
2014.07.18 11:29:17.085,13.10875,13.1111,0.00,0.00
2014.07.18 11:29:17.298,13.10871,13.1111,0.00,0.00
2014.07.18 11:29:17.449,13.10858,13.1111,0.00,0.00
2014.07.18 11:29:17.847,13.10846,13.11106,0.00,0.00
2014.07.18 11:29:17.947,13.10846,13.1106,0.00,0.00
2014.07.18 11:29:17.998,13.10836,13.1106,0.00,0.00
2014.07.18 11:29:18.099,13.10816,13.1106,0.00,0.00
2014.07.18 11:29:22.341,13.10816,13.11076,0.00,0.00
2014.07.18 11:29:22.392,13.10824,13.11084,0.00,0.00
2014.07.18 11:29:22.794,13.10824,13.1106,0.00,0.00
2014.07.18 11:29:22.906,13.10814,13.1106,0.00,0.00
2014.07.18 11:29:25.615,13.10824,13.1106,0.00,0.00
2014.07.18 11:29:35.691,13.10813,13.1106,0.00,0.00
2014.07.18 11:29:36.537,13.10813,13.1101,0.00,0.00
2014.07.18 11:29:36.642,13.10773,13.1101,0.00,0.00
2014.07.18 11:29:36.732,13.10761,13.1101,0.00,0.00
2014.07.18 11:29:36.960,13.10774,13.1101,0.00,0.00
2014.07.18 11:29:37.303,13.10819,13.1106,0.00,0.00
2014.07.18 11:29:37.404,13.10829,13.1106,0.00,0.00
2014.07.18 11:29:37.505,13.10819,13.1106,0.00,0.00
2014.07.18 11:29:38.819,13.10819,13.1101,0.00,0.00
2014.07.18 11:29:38.902,13.10802,13.1101,0.00,0.00
2014.07.18 11:29:40.112,13.10814,13.1101,0.00,0.00
2014.07.18 11:29:40.272,13.10824,13.1106,0.00,0.00
2014.07.18 11:29:40.703,13.10811,13.1106,0.00,0.00
2014.07.18 11:29:41.522,13.10821,13.1106,0.00,0.00
2014.07.18 11:29:46.562,13.10824,13.1106,0.00,0.00
2014.07.18 11:29:46.813,13.10765,13.1101,0.00,0.00
2014.07.18 11:29:48.948,13.10784,13.1101,0.00,0.00
2014.07.18 11:29:51.689,13.10784,13.11044,0.00,0.00
2014.07.18 11:29:51.748,13.10799,13.11059,0.00,0.00
2014.07.18 11:29:52.115,13.10819,13.1106,0.00,0.00
2014.07.18 11:29:55.329,13.10819,13.1101,0.00,0.00
2014.07.18 11:29:55.379,13.10766,13.1101,0.00,0.00
2014.07.18 11:29:55.830,13.10776,13.1101,0.00,0.00
2014.07.18 11:29:56.327,13.10809,13.1101,0.00,0.00
2014.07.18 11:29:57.108,13.10788,13.1101,0.00,0.00
2014.07.18 11:29:57.307,13.10776,13.1101,0.00,0.00
2014.07.18 11:29:57.957,13.10804,13.1101,0.00,0.00
2014.07.18 11:29:58.316,13.10804,13.11064,0.00,0.00
2014.07.18 11:29:58.426,13.10844,13.11104,0.00,0.00
2014.07.18 11:29:58.769,13.10824,13.1106,0.00,0.00
2014.07.18 11:29:58.870,13.10797,13.11057,0.00,0.00
2014.07.18 11:29:59.276,13.10813,13.1106,0.00,0.00
2014.07.18 11:30:00.487,13.10824,13.1106,0.00,0.00
2014.07.18 11:30:01.106,13.10813,13.1106,0.00,0.00
2014.07.18 11:30:01.674,13.10797,13.11057,0.00,0.00
2014.07.18 11:30:01.725,13.10797,13.1101,0.00,0.00
2014.07.18 11:30:01.776,13.1078,13.1101,0.00,0.00
2014.07.18 11:30:04.147,13.10794,13.1101,0.00,0.00
2014.07.18 11:30:04.247,13.10767,13.1101,0.00,0.00
2014.07.18 11:30:05.086,13.10784,13.1101,0.00,0.00
2014.07.18 11:30:09.406,13.1077,13.1101,0.00,0.00
2014.07.18 11:30:09.876,13.10784,13.1101,0.00,0.00
2014.07.18 11:30:10.389,13.10766,13.1101,0.00,0.00
2014.07.18 11:30:11.567,13.10754,13.1101,0.00,0.00
2014.07.18 11:30:11.718,13.10744,13.11004,0.00,0.00
2014.07.18 11:30:11.911,13.10774,13.1101,0.00,0.00
2014.07.18 11:30:12.115,13.10749,13.11009,0.00,0.00
2014.07.18 11:30:12.335,13.10774,13.1101,0.00,0.00
2014.07.18 11:30:15.350,13.10764,13.1101,0.00,0.00
2014.07.18 11:30:15.977,13.10774,13.1101,0.00,0.00
2014.07.18 11:30:20.952,13.10761,13.1101,0.00,0.00
2014.07.18 11:30:27.329,13.10761,13.11021,0.00,0.00
2014.07.18 11:30:27.438,13.10799,13.11059,0.00,0.00
2014.07.18 11:30:27.783,13.10824,13.1106,0.00,0.00
2014.07.18 11:30:27.841,13.10799,13.11059,0.00,0.00
2014.07.18 11:30:30.327,13.10815,13.1106,0.00,0.00
2014.07.18 11:30:33.581,13.10798,13.11058,0.00,0.00
2014.07.18 11:30:35.359,13.10798,13.1101,0.00,0.00
2014.07.18 11:30:35.510,13.10781,13.1101,0.00,0.00
2014.07.18 11:30:35.758,13.10804,13.1101,0.00,0.00
2014.07.18 11:30:35.869,13.1077,13.1101,0.00,0.00
2014.07.18 11:30:39.429,13.1077,13.1103,0.00,0.00
2014.07.18 11:30:39.489,13.10789,13.11049,0.00,0.00
2014.07.18 11:30:39.830,13.10879,13.1111,0.00,0.00
2014.07.18 11:30:40.109,13.10874,13.1111,0.00,0.00
2014.07.18 11:30:42.752,13.10874,13.11134,0.00,0.00
2014.07.18 11:30:42.866,13.10894,13.11154,0.00,0.00
2014.07.18 11:30:43.171,13.10889,13.1111,0.00,0.00
2014.07.18 11:30:44.497,13.10879,13.1111,0.00,0.00
2014.07.18 11:30:48.256,13.10879,13.1106,0.00,0.00
2014.07.18 11:30:48.307,13.10848,13.1106,0.00,0.00
2014.07.18 11:30:48.449,13.10848,13.11108,0.00,0.00
2014.07.18 11:30:49.439,13.10848,13.1106,0.00,0.00
2014.07.18 11:30:49.731,13.10844,13.1106,0.00,0.00
2014.07.18 11:30:49.832,13.10824,13.1106,0.00,0.00
2014.07.18 11:30:49.882,13.10824,13.1101,0.00,0.00
2014.07.18 11:30:49.936,13.10804,13.1101,0.00,0.00
2014.07.18 11:30:50.476,13.10814,13.1101,0.00,0.00
2014.07.18 11:30:50.931,13.10794,13.1101,0.00,0.00
2014.07.18 11:30:51.032,13.10784,13.1101,0.00,0.00
2014.07.18 11:30:55.653,13.10774,13.1101,0.00,0.00
2014.07.18 11:30:55.967,13.10784,13.1101,0.00,0.00
2014.07.18 11:31:01.422,13.10774,13.1101,0.00,0.00
2014.07.18 11:31:06.081,13.10784,13.1101,0.00,0.00
2014.07.18 11:31:09.317,13.10774,13.1101,0.00,0.00
2014.07.18 11:31:24.328,13.10774,13.1096,0.00,0.00
2014.07.18 11:31:24.383,13.10749,13.1096,0.00,0.00
2014.07.18 11:31:24.484,13.10699,13.10959,0.00,0.00
2014.07.18 11:31:24.534,13.10699,13.1091,0.00,0.00
2014.07.18 11:31:24.585,13.10674,13.1091,0.00,0.00
2014.07.18 11:31:24.789,13.10649,13.1086,0.00,0.00
2014.07.18 11:31:24.940,13.10624,13.1086,0.00,0.00
2014.07.18 11:31:26.112,13.10594,13.108,0.00,0.00
2014.07.18 11:31:26.213,13.10574,13.108,0.00,0.00
2014.07.18 11:31:27.526,13.10584,13.108,0.00,0.00
2014.07.18 11:31:27.856,13.10579,13.108,0.00,0.00
2014.07.18 11:31:48.250,13.10574,13.108,0.00,0.00
2014.07.18 11:31:56.051,13.10584,13.108,0.00,0.00
2014.07.18 11:31:56.101,13.10584,13.10844,0.00,0.00
2014.07.18 11:31:56.151,13.10624,13.1086,0.00,0.00
2014.07.18 11:31:57.449,13.10624,13.10884,0.00,0.00
2014.07.18 11:31:57.655,13.10624,13.1086,0.00,0.00
2014.07.18 11:32:12.106,13.10612,13.1086,0.00,0.00
2014.07.18 11:32:14.464,13.10624,13.1086,0.00,0.00
2014.07.18 11:32:14.797,13.10624,13.10884,0.00,0.00
2014.07.18 11:32:14.948,13.10644,13.10904,0.00,0.00
2014.07.18 11:32:15.253,13.10654,13.1091,0.00,0.00
2014.07.18 11:32:16.096,13.10624,13.10884,0.00,0.00
2014.07.18 11:32:16.204,13.10613,13.10873,0.00,0.00
2014.07.18 11:32:16.620,13.10595,13.108,0.00,0.00
2014.07.18 11:32:17.724,13.10576,13.108,0.00,0.00
2014.07.18 11:32:18.082,13.10602,13.108,0.00,0.00
2014.07.18 11:32:20.324,13.1059,13.108,0.00,0.00
2014.07.18 11:32:23.062,13.1058,13.108,0.00,0.00
2014.07.18 11:32:24.296,13.10488,13.10748,0.00,0.00
2014.07.18 11:32:24.397,13.10467,13.10727,0.00,0.00
2014.07.18 11:32:24.721,13.10467,13.1071,0.00,0.00
2014.07.18 11:32:27.577,13.10457,13.1071,0.00,0.00
2014.07.18 11:32:27.883,13.10401,13.10648,0.00,0.00
2014.07.18 11:32:27.935,13.1039,13.10648,0.00,0.00
2014.07.18 11:32:28.036,13.10388,13.10648,0.00,0.00
2014.07.18 11:32:28.086,13.10359,13.10619,0.00,0.00
2014.07.18 11:32:28.390,13.10359,13.1061,0.00,0.00
2014.07.18 11:32:29.101,13.10349,13.1056,0.00,0.00
2014.07.18 11:32:29.306,13.10325,13.1056,0.00,0.00
2014.07.18 11:32:36.066,13.10299,13.1052,0.00,0.00
2014.07.18 11:32:38.117,13.10299,13.10559,0.00,0.00
2014.07.18 11:32:38.167,13.10301,13.10559,0.00,0.00
2014.07.18 11:32:38.497,13.10345,13.1056,0.00,0.00
2014.07.18 11:32:38.620,13.10325,13.1056,0.00,0.00
2014.07.18 11:32:42.326,13.1031,13.1052,0.00,0.00
2014.07.18 11:32:42.546,13.10327,13.1056,0.00,0.00
2014.07.18 11:32:50.546,13.10327,13.1052,0.00,0.00
2014.07.18 11:32:50.597,13.10315,13.1052,0.00,0.00
2014.07.18 11:32:50.697,13.10301,13.1052,0.00,0.00
2014.07.18 11:32:56.749,13.10285,13.1052,0.00,0.00
2014.07.18 11:32:56.849,13.10325,13.1056,0.00,0.00
2014.07.18 11:33:00.223,13.10309,13.1056,0.00,0.00
2014.07.18 11:33:00.339,13.10325,13.1056,0.00,0.00
2014.07.18 11:33:01.139,13.10325,13.10585,0.00,0.00
2014.07.18 11:33:01.313,13.10307,13.10567,0.00,0.00
2014.07.18 11:33:01.705,13.10307,13.1056,0.00,0.00
2014.07.18 11:33:02.965,13.10325,13.1056,0.00,0.00
2014.07.18 11:33:03.878,13.10306,13.1056,0.00,0.00
2014.07.18 11:33:04.727,13.10321,13.1056,0.00,0.00
2014.07.18 11:33:14.024,13.10305,13.1056,0.00,0.00
2014.07.18 11:33:14.096,13.10305,13.1052,0.00,0.00
2014.07.18 11:33:14.146,13.10276,13.1052,0.00,0.00
2014.07.18 11:33:20.266,13.1029,13.1052,0.00,0.00
2014.07.18 11:33:27.058,13.10278,13.1052,0.00,0.00
2014.07.18 11:33:27.476,13.1029,13.1052,0.00,0.00
2014.07.18 11:33:31.830,13.1029,13.1055,0.00,0.00
2014.07.18 11:33:31.880,13.10325,13.1056,0.00,0.00
2014.07.18 11:33:32.306,13.10305,13.1056,0.00,0.00
2014.07.18 11:33:32.636,13.10325,13.1056,0.00,0.00
2014.07.18 11:33:33.065,13.10304,13.1056,0.00,0.00
2014.07.18 11:33:34.364,13.10325,13.1056,0.00,0.00
2014.07.18 11:33:34.826,13.10304,13.1056,0.00,0.00
2014.07.18 11:33:35.264,13.1032,13.1056,0.00,0.00
2014.07.18 11:33:35.367,13.10304,13.1056,0.00,0.00
2014.07.18 11:33:38.959,13.10325,13.1056,0.00,0.00
2014.07.18 11:33:49.821,13.10309,13.1056,0.00,0.00
2014.07.18 11:33:51.054,13.10324,13.1056,0.00,0.00
2014.07.18 11:33:51.155,13.10281,13.1052,0.00,0.00
2014.07.18 11:33:59.307,13.10271,13.1052,0.00,0.00
2014.07.18 11:34:12.285,13.10271,13.10531,0.00,0.00
2014.07.18 11:34:12.560,13.103,13.10549,0.00,0.00
2014.07.18 11:34:12.661,13.10325,13.10585,0.00,0.00
2014.07.18 11:34:13.436,13.10312,13.10572,0.00,0.00
2014.07.18 11:34:14.395,13.10325,13.10585,0.00,0.00
2014.07.18 11:34:15.190,13.10311,13.10571,0.00,0.00
2014.07.18 11:34:16.264,13.10325,13.10585,0.00,0.00
2014.07.18 11:34:16.859,13.10311,13.10571,0.00,0.00
2014.07.18 11:34:17.183,13.10325,13.10585,0.00,0.00
2014.07.18 11:34:17.511,13.103,13.1056,0.00,0.00
2014.07.18 11:34:20.398,13.10325,13.10585,0.00,0.00
2014.07.18 11:34:20.714,13.10282,13.10542,0.00,0.00
2014.07.18 11:34:21.093,13.10298,13.10558,0.00,0.00
2014.07.18 11:34:23.074,13.103,13.10558,0.00,0.00
2014.07.18 11:34:24.807,13.103,13.10539,0.00,0.00
2014.07.18 11:34:25.261,13.103,13.10523,0.00,0.00
2014.07.18 11:34:25.311,13.103,13.10535,0.00,0.00
2014.07.18 11:34:27.062,13.103,13.1052,0.00,0.00
2014.07.18 11:34:28.251,13.103,13.10535,0.00,0.00
2014.07.18 11:34:30.592,13.103,13.10519,0.00,0.00
2014.07.18 11:34:37.371,13.103,13.10535,0.00,0.00
2014.07.18 11:34:38.212,13.1035,13.10559,0.00,0.00
2014.07.18 11:34:38.262,13.104,13.1061,0.00,0.00
2014.07.18 11:34:38.320,13.104,13.10635,0.00,0.00
2014.07.18 11:34:38.868,13.104,13.10616,0.00,0.00
2014.07.18 11:34:43.181,13.104,13.10626,0.00,0.00
2014.07.18 11:34:44.098,13.104,13.10611,0.00,0.00
2014.07.18 11:34:44.737,13.104,13.10627,0.00,0.00
2014.07.18 11:34:46.613,13.104,13.10612,0.00,0.00
2014.07.18 11:34:47.882,13.104,13.10629,0.00,0.00
2014.07.18 11:34:47.932,13.1045,13.10629,0.00,0.00
2014.07.18 11:34:48.033,13.1045,13.10646,0.00,0.00
2014.07.18 11:34:48.133,13.1045,13.10678,0.00,0.00
2014.07.18 11:34:48.184,13.105,13.10678,0.00,0.00
2014.07.18 11:34:49.121,13.105,13.10665,0.00,0.00
2014.07.18 11:34:49.171,13.1045,13.10665,0.00,0.00
2014.07.18 11:34:49.322,13.1045,13.10645,0.00,0.00
2014.07.18 11:34:49.794,13.104,13.10645,0.00,0.00
2014.07.18 11:34:49.845,13.104,13.10635,0.00,0.00
2014.07.18 11:34:50.936,13.104,13.10595,0.00,0.00
2014.07.18 11:34:52.105,13.104,13.10613,0.00,0.00
2014.07.18 11:34:52.557,13.104,13.10625,0.00,0.00
2014.07.18 11:34:53.877,13.1045,13.10625,0.00,0.00
2014.07.18 11:34:53.977,13.1045,13.10638,0.00,0.00
2014.07.18 11:34:54.078,13.1045,13.10655,0.00,0.00
2014.07.18 11:34:58.779,13.1045,13.10645,0.00,0.00
2014.07.18 11:35:00.163,13.1045,13.10656,0.00,0.00
2014.07.18 11:35:00.478,13.10396,13.10656,0.00,0.00
2014.07.18 11:35:00.529,13.10385,13.10609,0.00,0.00
2014.07.18 11:35:00.688,13.1031,13.1057,0.00,0.00
2014.07.18 11:35:00.844,13.10285,13.10545,0.00,0.00
2014.07.18 11:35:01.464,13.10313,13.10573,0.00,0.00
2014.07.18 11:35:04.124,13.10346,13.10606,0.00,0.00
2014.07.18 11:35:04.591,13.10363,13.10623,0.00,0.00
2014.07.18 11:35:04.998,13.10388,13.1064,0.00,0.00
2014.07.18 11:35:07.505,13.10388,13.10647,0.00,0.00
2014.07.18 11:35:07.563,13.10403,13.10647,0.00,0.00
2014.07.18 11:35:07.614,13.10403,13.10659,0.00,0.00
2014.07.18 11:35:07.765,13.10403,13.10663,0.00,0.00
2014.07.18 11:35:09.338,13.10385,13.10645,0.00,0.00
2014.07.18 11:35:09.844,13.10373,13.10595,0.00,0.00
2014.07.18 11:35:09.945,13.10343,13.10595,0.00,0.00
2014.07.18 11:35:10.151,13.10358,13.10618,0.00,0.00
2014.07.18 11:35:11.792,13.10343,13.10595,0.00,0.00
2014.07.18 11:35:15.286,13.10387,13.10647,0.00,0.00
2014.07.18 11:35:15.424,13.10387,13.1064,0.00,0.00
2014.07.18 11:35:15.810,13.10365,13.10625,0.00,0.00
2014.07.18 11:35:16.012,13.1039,13.1064,0.00,0.00
2014.07.18 11:35:16.120,13.10374,13.10634,0.00,0.00
2014.07.18 11:35:19.169,13.10353,13.10605,0.00,0.00
2014.07.18 11:35:22.300,13.10353,13.10595,0.00,0.00
2014.07.18 11:35:25.207,13.1036,13.1062,0.00,0.00
2014.07.18 11:35:27.047,13.10353,13.10595,0.00,0.00
2014.07.18 11:35:31.639,13.1036,13.1062,0.00,0.00
2014.07.18 11:35:34.753,13.10353,13.10606,0.00,0.00
2014.07.18 11:35:37.780,13.10363,13.10623,0.00,0.00
2014.07.18 11:35:39.284,13.10384,13.10644,0.00,0.00
2014.07.18 11:35:39.709,13.10375,13.10635,0.00,0.00
2014.07.18 11:35:40.040,13.10401,13.10661,0.00,0.00
2014.07.18 11:35:40.371,13.10385,13.10645,0.00,0.00
2014.07.18 11:35:42.604,13.10402,13.10662,0.00,0.00
2014.07.18 11:35:43.263,13.10385,13.10645,0.00,0.00
2014.07.18 11:35:45.894,13.1041,13.10645,0.00,0.00
2014.07.18 11:35:45.995,13.10411,13.10671,0.00,0.00
2014.07.18 11:35:46.532,13.10387,13.10647,0.00,0.00
2014.07.18 11:35:47.832,13.10423,13.1068,0.00,0.00
2014.07.18 11:35:58.639,13.10408,13.10668,0.00,0.00
2014.07.18 11:36:01.438,13.10423,13.1068,0.00,0.00
2014.07.18 11:36:05.902,13.1041,13.1067,0.00,0.00
2014.07.18 11:36:06.513,13.10425,13.1068,0.00,0.00
2014.07.18 11:36:09.764,13.10425,13.10685,0.00,0.00
2014.07.18 11:36:10.093,13.10425,13.1068,0.00,0.00
2014.07.18 11:36:13.075,13.10425,13.1064,0.00,0.00
2014.07.18 11:36:13.175,13.10409,13.1064,0.00,0.00
2014.07.18 11:36:13.256,13.10399,13.1064,0.00,0.00
2014.07.18 11:36:13.685,13.10415,13.1064,0.00,0.00
2014.07.18 11:36:14.438,13.10391,13.1064,0.00,0.00
2014.07.18 11:36:15.460,13.10405,13.1064,0.00,0.00
2014.07.18 11:36:16.312,13.1039,13.1064,0.00,0.00
2014.07.18 11:36:17.953,13.10378,13.10638,0.00,0.00
2014.07.18 11:36:19.152,13.10353,13.10605,0.00,0.00
2014.07.18 11:36:20.883,13.10386,13.1064,0.00,0.00
2014.07.18 11:36:21.074,13.104,13.1064,0.00,0.00
2014.07.18 11:36:21.125,13.104,13.10659,0.00,0.00
2014.07.18 11:36:21.225,13.1041,13.10659,0.00,0.00
2014.07.18 11:36:21.276,13.1041,13.1067,0.00,0.00
2014.07.18 11:36:23.506,13.10395,13.10655,0.00,0.00
2014.07.18 11:36:23.831,13.10383,13.10643,0.00,0.00
2014.07.18 11:36:25.054,13.1041,13.1067,0.00,0.00
2014.07.18 11:36:25.452,13.10383,13.10643,0.00,0.00
2014.07.18 11:36:26.092,13.10395,13.10655,0.00,0.00
2014.07.18 11:36:26.493,13.1041,13.1067,0.00,0.00
2014.07.18 11:36:27.083,13.10383,13.10643,0.00,0.00
2014.07.18 11:36:27.593,13.10394,13.10654,0.00,0.00
2014.07.18 11:36:29.953,13.1041,13.1067,0.00,0.00
2014.07.18 11:36:30.537,13.10383,13.10643,0.00,0.00
2014.07.18 11:36:31.263,13.10373,13.10633,0.00,0.00
2014.07.18 11:36:31.652,13.10363,13.10623,0.00,0.00
2014.07.18 11:36:32.001,13.10376,13.10636,0.00,0.00
2014.07.18 11:36:32.661,13.10392,13.1064,0.00,0.00
2014.07.18 11:36:34.435,13.10392,13.10652,0.00,0.00
2014.07.18 11:36:34.536,13.1041,13.1067,0.00,0.00
2014.07.18 11:36:34.965,13.10395,13.10655,0.00,0.00
2014.07.18 11:36:35.525,13.10383,13.10643,0.00,0.00
2014.07.18 11:36:36.649,13.10411,13.10671,0.00,0.00
2014.07.18 11:36:37.007,13.10395,13.10655,0.00,0.00
2014.07.18 11:36:37.605,13.10411,13.10671,0.00,0.00
2014.07.18 11:36:37.914,13.10383,13.10643,0.00,0.00
2014.07.18 11:36:38.495,13.10395,13.10655,0.00,0.00
2014.07.18 11:36:39.473,13.10411,13.10671,0.00,0.00
2014.07.18 11:36:39.775,13.10395,13.10655,0.00,0.00
2014.07.18 11:36:40.309,13.10411,13.10671,0.00,0.00
2014.07.18 11:36:41.875,13.10396,13.10656,0.00,0.00
2014.07.18 11:36:42.505,13.10383,13.10643,0.00,0.00
2014.07.18 11:36:43.092,13.10371,13.10619,0.00,0.00
2014.07.18 11:36:43.199,13.10371,13.10631,0.00,0.00
2014.07.18 11:36:45.578,13.10389,13.1064,0.00,0.00
2014.07.18 11:36:45.782,13.10389,13.10649,0.00,0.00
2014.07.18 11:36:45.833,13.10383,13.10631,0.00,0.00
2014.07.18 11:36:45.909,13.10399,13.10659,0.00,0.00
2014.07.18 11:36:46.244,13.10383,13.10641,0.00,0.00
2014.07.18 11:36:47.327,13.10399,13.10659,0.00,0.00
2014.07.18 11:36:48.656,13.10383,13.10641,0.00,0.00
2014.07.18 11:36:49.518,13.104,13.1066,0.00,0.00
2014.07.18 11:36:50.133,13.1041,13.1066,0.00,0.00
2014.07.18 11:36:50.333,13.10425,13.10685,0.00,0.00
2014.07.18 11:36:50.732,13.10423,13.10671,0.00,0.00
2014.07.18 11:36:50.783,13.10411,13.10667,0.00,0.00
2014.07.18 11:36:50.884,13.10391,13.10651,0.00,0.00
2014.07.18 11:36:50.934,13.10391,13.1064,0.00,0.00
2014.07.18 11:36:51.085,13.10371,13.10631,0.00,0.00
2014.07.18 11:36:51.135,13.10383,13.10631,0.00,0.00
2014.07.18 11:36:51.236,13.10399,13.10659,0.00,0.00
2014.07.18 11:36:52.079,13.10385,13.10645,0.00,0.00
2014.07.18 11:36:53.336,13.10401,13.10661,0.00,0.00
2014.07.18 11:36:55.444,13.10385,13.10645,0.00,0.00
2014.07.18 11:36:57.574,13.10401,13.10661,0.00,0.00
2014.07.18 11:36:58.168,13.1041,13.10661,0.00,0.00
2014.07.18 11:36:58.267,13.10439,13.10699,0.00,0.00
2014.07.18 11:36:59.262,13.10439,13.1068,0.00,0.00
2014.07.18 11:36:59.464,13.10406,13.10666,0.00,0.00
2014.07.18 11:36:59.535,13.10381,13.10641,0.00,0.00
2014.07.18 11:36:59.862,13.1041,13.10641,0.00,0.00
2014.07.18 11:36:59.913,13.10425,13.10685,0.00,0.00
2014.07.18 11:37:00.107,13.10435,13.10695,0.00,0.00
2014.07.18 11:37:04.999,13.10493,13.10695,0.00,0.00
2014.07.18 11:37:05.049,13.10506,13.10766,0.00,0.00
2014.07.18 11:37:05.150,13.10525,13.1078,0.00,0.00
2014.07.18 11:37:05.202,13.10525,13.10785,0.00,0.00
2014.07.18 11:37:05.253,13.10537,13.10797,0.00,0.00
2014.07.18 11:37:05.683,13.10547,13.10807,0.00,0.00
2014.07.18 11:37:06.133,13.10536,13.1078,0.00,0.00
2014.07.18 11:37:06.240,13.10506,13.10766,0.00,0.00
2014.07.18 11:37:06.333,13.10481,13.10741,0.00,0.00
2014.07.18 11:37:06.653,13.10497,13.10757,0.00,0.00
2014.07.18 11:37:07.228,13.10481,13.10741,0.00,0.00
2014.07.18 11:37:07.563,13.1051,13.10741,0.00,0.00
2014.07.18 11:37:07.733,13.10481,13.1073,0.00,0.00
2014.07.18 11:37:07.892,13.10431,13.10691,0.00,0.00
2014.07.18 11:37:09.015,13.10445,13.10705,0.00,0.00
2014.07.18 11:37:09.465,13.10456,13.10716,0.00,0.00
2014.07.18 11:37:10.225,13.1047,13.1073,0.00,0.00
2014.07.18 11:37:10.530,13.10481,13.1073,0.00,0.00
2014.07.18 11:37:10.611,13.10471,13.1073,0.00,0.00
2014.07.18 11:37:12.045,13.10482,13.1073,0.00,0.00
2014.07.18 11:37:12.261,13.10471,13.1073,0.00,0.00
2014.07.18 11:37:14.162,13.10471,13.10731,0.00,0.00
2014.07.18 11:37:14.213,13.10494,13.10754,0.00,0.00
2014.07.18 11:37:14.541,13.10481,13.10741,0.00,0.00
2014.07.18 11:37:17.683,13.10494,13.10754,0.00,0.00
2014.07.18 11:37:18.428,13.10481,13.10741,0.00,0.00
2014.07.18 11:37:19.490,13.10495,13.10755,0.00,0.00
2014.07.18 11:37:20.049,13.10481,13.10741,0.00,0.00
2014.07.18 11:37:21.532,13.10481,13.1073,0.00,0.00
2014.07.18 11:37:21.582,13.10461,13.10721,0.00,0.00
2014.07.18 11:37:21.633,13.10461,13.10709,0.00,0.00
2014.07.18 11:37:21.700,13.1041,13.10668,0.00,0.00
2014.07.18 11:37:21.751,13.10408,13.10668,0.00,0.00
2014.07.18 11:37:21.801,13.10383,13.10643,0.00,0.00
2014.07.18 11:37:22.411,13.10382,13.10642,0.00,0.00
2014.07.18 11:37:22.844,13.10397,13.10657,0.00,0.00
2014.07.18 11:37:23.298,13.10381,13.10641,0.00,0.00
2014.07.18 11:37:23.628,13.10413,13.10673,0.00,0.00
2014.07.18 11:37:24.820,13.10398,13.10658,0.00,0.00
2014.07.18 11:37:25.148,13.10414,13.10674,0.00,0.00
2014.07.18 11:37:25.714,13.10382,13.10642,0.00,0.00
2014.07.18 11:37:26.375,13.10413,13.10673,0.00,0.00
2014.07.18 11:37:28.077,13.10398,13.10658,0.00,0.00
2014.07.18 11:37:30.719,13.10386,13.10646,0.00,0.00
2014.07.18 11:37:31.044,13.1041,13.10646,0.00,0.00
2014.07.18 11:37:31.094,13.10386,13.10646,0.00,0.00
2014.07.18 11:37:32.694,13.10402,13.10662,0.00,0.00
2014.07.18 11:37:33.353,13.10417,13.10677,0.00,0.00
2014.07.18 11:37:36.055,13.10402,13.10662,0.00,0.00
2014.07.18 11:37:37.324,13.10386,13.10646,0.00,0.00
2014.07.18 11:37:38.254,13.10417,13.10677,0.00,0.00
2014.07.18 11:37:38.632,13.10436,13.10696,0.00,0.00
2014.07.18 11:37:44.412,13.1046,13.10696,0.00,0.00
2014.07.18 11:37:44.462,13.10483,13.10739,0.00,0.00
2014.07.18 11:37:44.563,13.105,13.1076,0.00,0.00
2014.07.18 11:37:44.853,13.10511,13.10771,0.00,0.00
2014.07.18 11:37:45.189,13.10537,13.10797,0.00,0.00
2014.07.18 11:37:46.501,13.10506,13.10766,0.00,0.00
2014.07.18 11:37:46.840,13.10481,13.10741,0.00,0.00
2014.07.18 11:37:51.841,13.10502,13.10762,0.00,0.00
2014.07.18 11:37:55.181,13.10487,13.10747,0.00,0.00
2014.07.18 11:38:00.920,13.1051,13.1077,0.00,0.00
2014.07.18 11:38:01.343,13.10525,13.10785,0.00,0.00
2014.07.18 11:38:03.200,13.10511,13.10771,0.00,0.00
2014.07.18 11:38:08.662,13.1054,13.108,0.00,0.00
2014.07.18 11:38:11.292,13.10572,13.1083,0.00,0.00
2014.07.18 11:38:16.666,13.10558,13.10818,0.00,0.00
2014.07.18 11:38:16.717,13.1056,13.10818,0.00,0.00
2014.07.18 11:38:16.767,13.10572,13.10832,0.00,0.00
2014.07.18 11:38:16.868,13.10622,13.10859,0.00,0.00
2014.07.18 11:38:16.918,13.10622,13.1088,0.00,0.00
2014.07.18 11:38:17.019,13.10612,13.10859,0.00,0.00
2014.07.18 11:38:17.069,13.10582,13.1083,0.00,0.00
2014.07.18 11:38:17.851,13.10622,13.1088,0.00,0.00
2014.07.18 11:38:19.250,13.10622,13.10882,0.00,0.00
2014.07.18 11:38:19.301,13.1061,13.10864,0.00,0.00
2014.07.18 11:38:19.402,13.10651,13.10909,0.00,0.00
2014.07.18 11:38:19.502,13.10664,13.10924,0.00,0.00
2014.07.18 11:38:20.168,13.10676,13.1093,0.00,0.00
2014.07.18 11:38:20.269,13.10671,13.1093,0.00,0.00
2014.07.18 11:38:20.345,13.10632,13.10892,0.00,0.00
2014.07.18 11:38:21.433,13.10662,13.10922,0.00,0.00
2014.07.18 11:38:22.228,13.10632,13.10892,0.00,0.00
2014.07.18 11:38:22.530,13.1062,13.1088,0.00,0.00
2014.07.18 11:38:22.844,13.10579,13.1083,0.00,0.00
2014.07.18 11:38:22.894,13.10559,13.10819,0.00,0.00
2014.07.18 11:38:23.101,13.10577,13.1083,0.00,0.00
2014.07.18 11:38:26.387,13.10577,13.10837,0.00,0.00
2014.07.18 11:38:26.494,13.10622,13.1088,0.00,0.00
2014.07.18 11:38:26.922,13.10595,13.10855,0.00,0.00
2014.07.18 11:38:27.032,13.10622,13.1088,0.00,0.00
2014.07.18 11:38:29.861,13.10622,13.1083,0.00,0.00
2014.07.18 11:38:29.911,13.10596,13.1083,0.00,0.00
2014.07.18 11:38:29.982,13.1056,13.1082,0.00,0.00
2014.07.18 11:38:30.191,13.1056,13.1078,0.00,0.00
2014.07.18 11:38:30.312,13.10535,13.1078,0.00,0.00
2014.07.18 11:38:30.421,13.10514,13.10774,0.00,0.00
2014.07.18 11:38:32.501,13.10514,13.1073,0.00,0.00
2014.07.18 11:38:32.839,13.10514,13.10774,0.00,0.00
2014.07.18 11:38:50.481,13.10542,13.10802,0.00,0.00
2014.07.18 11:38:50.918,13.10572,13.1083,0.00,0.00
2014.07.18 11:38:51.753,13.10572,13.1078,0.00,0.00
2014.07.18 11:38:51.912,13.10542,13.1078,0.00,0.00
2014.07.18 11:38:52.013,13.10522,13.1078,0.00,0.00
2014.07.18 11:39:00.771,13.10522,13.10782,0.00,0.00
2014.07.18 11:39:00.871,13.10532,13.10792,0.00,0.00
2014.07.18 11:39:01.294,13.10552,13.10812,0.00,0.00
2014.07.18 11:39:02.454,13.10552,13.1078,0.00,0.00
2014.07.18 11:39:02.505,13.10542,13.1078,0.00,0.00
2014.07.18 11:39:02.713,13.10522,13.1078,0.00,0.00
2014.07.18 11:39:03.630,13.10522,13.10782,0.00,0.00
2014.07.18 11:39:03.832,13.10557,13.10817,0.00,0.00
2014.07.18 11:39:04.584,13.10612,13.1083,0.00,0.00
2014.07.18 11:39:04.929,13.10622,13.1083,0.00,0.00
2014.07.18 11:39:04.979,13.10622,13.10859,0.00,0.00
2014.07.18 11:39:05.030,13.10572,13.10832,0.00,0.00
2014.07.18 11:39:05.181,13.10572,13.1083,0.00,0.00
2014.07.18 11:39:05.940,13.10572,13.1073,0.00,0.00
2014.07.18 11:39:06.041,13.10557,13.1073,0.00,0.00
2014.07.18 11:39:06.151,13.10497,13.1073,0.00,0.00
2014.07.18 11:39:06.213,13.10472,13.1073,0.00,0.00
2014.07.18 11:39:11.961,13.1046,13.1072,0.00,0.00
2014.07.18 11:39:13.064,13.10472,13.1073,0.00,0.00
2014.07.18 11:39:13.427,13.10372,13.10632,0.00,0.00
2014.07.18 11:39:18.798,13.10422,13.1068,0.00,0.00
2014.07.18 11:39:23.760,13.10422,13.1064,0.00,0.00
2014.07.18 11:39:23.859,13.10382,13.1064,0.00,0.00
2014.07.18 11:39:24.216,13.10372,13.10632,0.00,0.00
2014.07.18 11:40:03.472,13.1041,13.10632,0.00,0.00
2014.07.18 11:40:03.573,13.10457,13.10717,0.00,0.00
2014.07.18 11:40:03.674,13.10447,13.10707,0.00,0.00
2014.07.18 11:40:03.975,13.10422,13.1068,0.00,0.00
2014.07.18 11:40:08.412,13.10412,13.10672,0.00,0.00
2014.07.18 11:40:08.462,13.10412,13.1064,0.00,0.00
2014.07.18 11:40:08.563,13.10377,13.10637,0.00,0.00
2014.07.18 11:40:08.960,13.10387,13.1064,0.00,0.00
2014.07.18 11:40:09.730,13.10397,13.1064,0.00,0.00
2014.07.18 11:40:09.781,13.10397,13.10657,0.00,0.00
2014.07.18 11:40:09.831,13.10423,13.10657,0.00,0.00
2014.07.18 11:40:10.092,13.10472,13.1073,0.00,0.00
2014.07.18 11:40:22.747,13.10472,13.1068,0.00,0.00
2014.07.18 11:40:22.942,13.10447,13.1068,0.00,0.00
2014.07.18 11:40:23.044,13.10422,13.1068,0.00,0.00
2014.07.18 11:40:41.092,13.10422,13.1064,0.00,0.00
2014.07.18 11:40:41.193,13.10373,13.10632,0.00,0.00
2014.07.18 11:40:41.842,13.10372,13.10632,0.00,0.00
2014.07.18 11:41:09.294,13.10387,13.10647,0.00,0.00
2014.07.18 11:41:09.803,13.10417,13.10677,0.00,0.00
2014.07.18 11:41:11.984,13.10427,13.10687,0.00,0.00
2014.07.18 11:41:12.295,13.10417,13.10677,0.00,0.00
2014.07.18 11:41:15.124,13.10407,13.10667,0.00,0.00
2014.07.18 11:41:15.477,13.10377,13.10637,0.00,0.00
2014.07.18 11:41:36.208,13.10372,13.10632,0.00,0.00
2014.07.18 11:41:46.742,13.10382,13.1064,0.00,0.00
2014.07.18 11:41:48.722,13.10397,13.1064,0.00,0.00
2014.07.18 11:41:48.773,13.10397,13.10657,0.00,0.00
2014.07.18 11:41:48.823,13.10467,13.1068,0.00,0.00
2014.07.18 11:41:48.960,13.10467,13.10727,0.00,0.00
2014.07.18 11:41:49.822,13.10457,13.10717,0.00,0.00
2014.07.18 11:41:50.189,13.10417,13.10677,0.00,0.00
2014.07.18 11:41:55.113,13.10407,13.10667,0.00,0.00
2014.07.18 11:41:55.471,13.10407,13.1064,0.00,0.00
2014.07.18 11:41:55.794,13.10397,13.1064,0.00,0.00
2014.07.18 11:41:57.623,13.10387,13.1064,0.00,0.00
2014.07.18 11:42:02.975,13.10377,13.10637,0.00,0.00
2014.07.18 11:42:23.253,13.10372,13.10632,0.00,0.00
2014.07.18 11:42:30.895,13.10387,13.10647,0.00,0.00
2014.07.18 11:42:31.197,13.10452,13.10659,0.00,0.00
2014.07.18 11:42:31.284,13.10452,13.10712,0.00,0.00
2014.07.18 11:42:35.691,13.10467,13.10727,0.00,0.00
2014.07.18 11:42:45.050,13.10483,13.10742,0.00,0.00
2014.07.18 11:42:45.279,13.10557,13.10817,0.00,0.00
2014.07.18 11:42:46.892,13.10544,13.10804,0.00,0.00
2014.07.18 11:42:50.261,13.10562,13.10822,0.00,0.00
2014.07.18 11:42:50.649,13.10572,13.1083,0.00,0.00
2014.07.18 11:42:54.337,13.1054,13.1078,0.00,0.00
2014.07.18 11:42:54.437,13.10505,13.10759,0.00,0.00
2014.07.18 11:42:54.509,13.10482,13.10742,0.00,0.00
2014.07.18 11:42:54.560,13.10482,13.1073,0.00,0.00
2014.07.18 11:42:57.033,13.10472,13.1073,0.00,0.00
2014.07.18 11:43:02.278,13.10512,13.1073,0.00,0.00
2014.07.18 11:43:02.382,13.10482,13.1073,0.00,0.00
2014.07.18 11:43:04.208,13.10445,13.10705,0.00,0.00
2014.07.18 11:43:05.014,13.1046,13.1072,0.00,0.00
2014.07.18 11:43:08.832,13.1051,13.1072,0.00,0.00
2014.07.18 11:43:08.933,13.10545,13.10805,0.00,0.00
2014.07.18 11:43:09.575,13.10531,13.10791,0.00,0.00
2014.07.18 11:43:13.315,13.10552,13.10812,0.00,0.00
2014.07.18 11:43:13.795,13.1058,13.1083,0.00,0.00
2014.07.18 11:43:13.997,13.10506,13.10766,0.00,0.00
2014.07.18 11:43:14.118,13.10483,13.10743,0.00,0.00
2014.07.18 11:43:14.614,13.10512,13.10772,0.00,0.00
2014.07.18 11:43:16.903,13.10496,13.10756,0.00,0.00
2014.07.18 11:43:17.425,13.10538,13.10798,0.00,0.00
2014.07.18 11:43:17.730,13.10526,13.10786,0.00,0.00
2014.07.18 11:43:18.088,13.10551,13.10811,0.00,0.00
2014.07.18 11:43:19.199,13.10537,13.10797,0.00,0.00
2014.07.18 11:43:21.626,13.10516,13.10776,0.00,0.00
2014.07.18 11:43:21.981,13.10482,13.10742,0.00,0.00
2014.07.18 11:43:23.882,13.10496,13.10756,0.00,0.00
2014.07.18 11:43:25.076,13.10482,13.10742,0.00,0.00
2014.07.18 11:43:28.225,13.10482,13.1073,0.00,0.00
2014.07.18 11:43:28.276,13.10444,13.10704,0.00,0.00
2014.07.18 11:43:28.788,13.10472,13.1073,0.00,0.00
2014.07.18 11:43:31.669,13.10462,13.10722,0.00,0.00
2014.07.18 11:43:32.848,13.10481,13.10738,0.00,0.00
2014.07.18 11:43:33.054,13.10538,13.10798,0.00,0.00
2014.07.18 11:43:33.286,13.10524,13.10784,0.00,0.00
2014.07.18 11:43:33.994,13.10525,13.10785,0.00,0.00
2014.07.18 11:43:41.250,13.10552,13.10812,0.00,0.00
2014.07.18 11:43:41.748,13.10537,13.10797,0.00,0.00
2014.07.18 11:43:42.123,13.10552,13.10812,0.00,0.00
2014.07.18 11:43:42.517,13.10563,13.10823,0.00,0.00
2014.07.18 11:43:43.057,13.10576,13.1083,0.00,0.00
2014.07.18 11:43:43.359,13.10645,13.10905,0.00,0.00
2014.07.18 11:43:45.041,13.10633,13.10893,0.00,0.00
2014.07.18 11:43:48.835,13.10648,13.10908,0.00,0.00
2014.07.18 11:43:49.824,13.10633,13.10893,0.00,0.00
2014.07.18 11:43:50.264,13.10649,13.10909,0.00,0.00
2014.07.18 11:43:50.594,13.10633,13.10893,0.00,0.00
2014.07.18 11:43:51.083,13.1072,13.10967,0.00,0.00
2014.07.18 11:43:53.021,13.10734,13.10994,0.00,0.00
2014.07.18 11:43:53.221,13.1072,13.10972,0.00,0.00
2014.07.18 11:43:54.096,13.10734,13.10994,0.00,0.00
2014.07.18 11:43:58.978,13.1077,13.10994,0.00,0.00
2014.07.18 11:43:59.142,13.1077,13.11007,0.00,0.00
2014.07.18 11:43:59.193,13.1077,13.10967,0.00,0.00
2014.07.18 11:43:59.344,13.10707,13.10967,0.00,0.00
2014.07.18 11:43:59.512,13.10723,13.1098,0.00,0.00
2014.07.18 11:43:59.562,13.10723,13.10983,0.00,0.00
2014.07.18 11:44:00.280,13.10734,13.10994,0.00,0.00
2014.07.18 11:44:00.626,13.10732,13.10992,0.00,0.00
2014.07.18 11:44:06.248,13.10742,13.11002,0.00,0.00
2014.07.18 11:44:06.931,13.10707,13.10967,0.00,0.00
2014.07.18 11:44:07.261,13.10682,13.10942,0.00,0.00
2014.07.18 11:44:08.438,13.1072,13.10942,0.00,0.00
2014.07.18 11:44:08.657,13.10682,13.10942,0.00,0.00
2014.07.18 11:44:08.894,13.10632,13.10892,0.00,0.00
2014.07.18 11:44:10.659,13.10642,13.10902,0.00,0.00
2014.07.18 11:44:11.490,13.10659,13.10919,0.00,0.00
2014.07.18 11:44:12.039,13.10671,13.10919,0.00,0.00
2014.07.18 11:44:12.340,13.10697,13.1093,0.00,0.00
2014.07.18 11:44:12.391,13.10672,13.1093,0.00,0.00
2014.07.18 11:44:14.120,13.10632,13.10892,0.00,0.00
2014.07.18 11:44:15.113,13.10642,13.10902,0.00,0.00
2014.07.18 11:44:15.620,13.10671,13.1093,0.00,0.00
2014.07.18 11:44:19.679,13.10661,13.10921,0.00,0.00
2014.07.18 11:44:21.827,13.10642,13.10902,0.00,0.00
2014.07.18 11:44:22.224,13.10652,13.10912,0.00,0.00
2014.07.18 11:44:22.956,13.10642,13.10902,0.00,0.00
2014.07.18 11:44:23.545,13.10652,13.10912,0.00,0.00
2014.07.18 11:44:25.087,13.10642,13.10902,0.00,0.00
2014.07.18 11:44:25.855,13.10653,13.10913,0.00,0.00
2014.07.18 11:44:26.185,13.10642,13.10902,0.00,0.00
2014.07.18 11:44:26.528,13.10661,13.10921,0.00,0.00
2014.07.18 11:44:26.858,13.10731,13.10991,0.00,0.00
2014.07.18 11:44:31.208,13.1077,13.10991,0.00,0.00
2014.07.18 11:44:31.335,13.10791,13.11017,0.00,0.00
2014.07.18 11:44:31.435,13.1086,13.11091,0.00,0.00
2014.07.18 11:44:31.757,13.10831,13.11091,0.00,0.00
2014.07.18 11:44:34.159,13.10842,13.11102,0.00,0.00
2014.07.18 11:44:34.460,13.10827,13.11087,0.00,0.00
2014.07.18 11:44:34.768,13.10837,13.11097,0.00,0.00
2014.07.18 11:44:35.078,13.10782,13.1104,0.00,0.00
2014.07.18 11:44:35.184,13.10733,13.10992,0.00,0.00
2014.07.18 11:44:35.761,13.10732,13.10992,0.00,0.00
2014.07.18 11:44:42.647,13.10732,13.1098,0.00,0.00
2014.07.18 11:44:42.827,13.10697,13.10957,0.00,0.00
2014.07.18 11:44:42.980,13.1066,13.10917,0.00,0.00
2014.07.18 11:44:43.857,13.10657,13.10917,0.00,0.00
2014.07.18 11:44:43.958,13.10647,13.10907,0.00,0.00
2014.07.18 11:44:44.259,13.10577,13.10837,0.00,0.00
2014.07.18 11:44:44.608,13.10532,13.10792,0.00,0.00
2014.07.18 11:44:45.111,13.10557,13.10817,0.00,0.00
2014.07.18 11:44:45.664,13.10542,13.10802,0.00,0.00
2014.07.18 11:44:54.753,13.10542,13.10759,0.00,0.00
2014.07.18 11:44:54.904,13.10467,13.10727,0.00,0.00
2014.07.18 11:44:55.155,13.10483,13.1073,0.00,0.00
2014.07.18 11:44:55.256,13.10467,13.10727,0.00,0.00
2014.07.18 11:44:55.549,13.10452,13.10712,0.00,0.00
2014.07.18 11:44:55.879,13.10449,13.10709,0.00,0.00
2014.07.18 11:44:57.057,13.10437,13.10697,0.00,0.00
2014.07.18 11:44:57.382,13.10447,13.10707,0.00,0.00
2014.07.18 11:44:57.876,13.10437,13.10697,0.00,0.00
2014.07.18 11:44:58.468,13.10459,13.10719,0.00,0.00
2014.07.18 11:44:58.798,13.10433,13.10692,0.00,0.00
2014.07.18 11:45:01.946,13.10456,13.10716,0.00,0.00
2014.07.18 11:45:03.047,13.10443,13.10703,0.00,0.00
2014.07.18 11:45:04.445,13.10433,13.10692,0.00,0.00
2014.07.18 11:45:04.814,13.10443,13.10703,0.00,0.00
2014.07.18 11:45:04.916,13.10459,13.10719,0.00,0.00
2014.07.18 11:45:05.222,13.10433,13.1068,0.00,0.00
2014.07.18 11:45:05.474,13.10459,13.10719,0.00,0.00
2014.07.18 11:45:05.879,13.10431,13.10691,0.00,0.00
2014.07.18 11:45:08.212,13.10413,13.10666,0.00,0.00
2014.07.18 11:45:08.262,13.10406,13.10666,0.00,0.00
2014.07.18 11:45:08.312,13.10383,13.10642,0.00,0.00
2014.07.18 11:45:08.564,13.10349,13.10609,0.00,0.00
2014.07.18 11:45:08.849,13.10381,13.1064,0.00,0.00
2014.07.18 11:45:09.077,13.10398,13.10658,0.00,0.00
2014.07.18 11:45:09.178,13.10408,13.10659,0.00,0.00
2014.07.18 11:45:09.509,13.10408,13.10668,0.00,0.00
2014.07.18 11:45:09.839,13.10373,13.10607,0.00,0.00
2014.07.18 11:45:09.890,13.1036,13.10607,0.00,0.00
2014.07.18 11:45:09.991,13.10347,13.10607,0.00,0.00
2014.07.18 11:45:10.041,13.10402,13.1064,0.00,0.00
2014.07.18 11:45:10.196,13.10402,13.10662,0.00,0.00
2014.07.18 11:45:11.382,13.10382,13.10642,0.00,0.00
2014.07.18 11:45:12.357,13.10372,13.10632,0.00,0.00
2014.07.18 11:45:12.762,13.10368,13.10628,0.00,0.00
2014.07.18 11:45:13.091,13.10365,13.10625,0.00,0.00
2014.07.18 11:45:15.496,13.10342,13.10602,0.00,0.00
2014.07.18 11:45:15.798,13.104,13.1066,0.00,0.00
2014.07.18 11:45:16.113,13.1041,13.1066,0.00,0.00
2014.07.18 11:45:16.443,13.10381,13.10641,0.00,0.00
2014.07.18 11:45:16.567,13.10401,13.10661,0.00,0.00
2014.07.18 11:45:18.932,13.10381,13.10641,0.00,0.00
2014.07.18 11:45:20.331,13.10401,13.10661,0.00,0.00
2014.07.18 11:45:25.106,13.1041,13.10661,0.00,0.00
2014.07.18 11:45:25.310,13.10422,13.10682,0.00,0.00
2014.07.18 11:45:25.360,13.10422,13.1068,0.00,0.00
2014.07.18 11:45:25.410,13.10405,13.10665,0.00,0.00
2014.07.18 11:45:25.511,13.10383,13.10641,0.00,0.00
2014.07.18 11:45:29.506,13.1041,13.10641,0.00,0.00
2014.07.18 11:45:29.607,13.10412,13.10672,0.00,0.00
2014.07.18 11:45:29.925,13.10402,13.10662,0.00,0.00
2014.07.18 11:45:30.259,13.10383,13.10641,0.00,0.00
2014.07.18 11:45:33.830,13.1039,13.10641,0.00,0.00
2014.07.18 11:45:33.981,13.10446,13.10706,0.00,0.00
2014.07.18 11:45:36.251,13.10433,13.10691,0.00,0.00
2014.07.18 11:45:37.783,13.10433,13.1066,0.00,0.00
2014.07.18 11:45:37.833,13.10421,13.1066,0.00,0.00
2014.07.18 11:45:37.884,13.10406,13.1066,0.00,0.00
2014.07.18 11:45:39.451,13.10424,13.10684,0.00,0.00
2014.07.18 11:45:39.502,13.10443,13.10684,0.00,0.00
2014.07.18 11:45:39.552,13.10444,13.10704,0.00,0.00
2014.07.18 11:45:40.927,13.10443,13.10691,0.00,0.00
2014.07.18 11:45:42.016,13.10445,13.10705,0.00,0.00
2014.07.18 11:45:44.937,13.10455,13.1071,0.00,0.00
2014.07.18 11:45:45.836,13.10443,13.10699,0.00,0.00
2014.07.18 11:45:54.266,13.10453,13.1071,0.00,0.00
2014.07.18 11:45:54.776,13.10471,13.1071,0.00,0.00
2014.07.18 11:45:55.215,13.10454,13.1071,0.00,0.00
2014.07.18 11:45:55.803,13.10443,13.10699,0.00,0.00
2014.07.18 11:46:03.812,13.10471,13.10699,0.00,0.00
2014.07.18 11:46:03.862,13.10471,13.10713,0.00,0.00
2014.07.18 11:46:03.913,13.10533,13.10713,0.00,0.00
2014.07.18 11:46:03.963,13.10533,13.1076,0.00,0.00
2014.07.18 11:46:04.064,13.10551,13.108,0.00,0.00
2014.07.18 11:46:04.263,13.10541,13.108,0.00,0.00
2014.07.18 11:46:04.371,13.10575,13.108,0.00,0.00
2014.07.18 11:46:06.221,13.10533,13.10791,0.00,0.00
2014.07.18 11:46:10.263,13.10541,13.108,0.00,0.00
2014.07.18 11:46:13.613,13.10533,13.10791,0.00,0.00
2014.07.18 11:46:18.428,13.10545,13.108,0.00,0.00
2014.07.18 11:46:18.785,13.10545,13.10805,0.00,0.00
2014.07.18 11:46:18.886,13.10623,13.10859,0.00,0.00
2014.07.18 11:46:19.115,13.10623,13.10879,0.00,0.00
2014.07.18 11:46:20.057,13.10631,13.10891,0.00,0.00
2014.07.18 11:46:20.208,13.10646,13.10906,0.00,0.00
2014.07.18 11:46:20.756,13.10681,13.10941,0.00,0.00
2014.07.18 11:46:21.086,13.10673,13.1091,0.00,0.00
2014.07.18 11:46:21.195,13.10633,13.10891,0.00,0.00
2014.07.18 11:46:23.054,13.10656,13.1091,0.00,0.00
2014.07.18 11:46:23.104,13.10656,13.10916,0.00,0.00
2014.07.18 11:46:23.154,13.10671,13.10931,0.00,0.00
2014.07.18 11:46:23.456,13.10681,13.10941,0.00,0.00
2014.07.18 11:46:27.305,13.10746,13.11006,0.00,0.00
2014.07.18 11:46:29.505,13.10757,13.11017,0.00,0.00
2014.07.18 11:46:30.035,13.10732,13.10992,0.00,0.00
2014.07.18 11:46:30.444,13.10732,13.1096,0.00,0.00
2014.07.18 11:46:30.495,13.10723,13.1096,0.00,0.00
2014.07.18 11:46:30.596,13.10672,13.10932,0.00,0.00
2014.07.18 11:46:30.696,13.10672,13.1091,0.00,0.00
2014.07.18 11:46:31.104,13.10633,13.10892,0.00,0.00
2014.07.18 11:46:35.372,13.10642,13.10902,0.00,0.00
2014.07.18 11:46:37.468,13.10673,13.10902,0.00,0.00
2014.07.18 11:46:37.518,13.10681,13.10941,0.00,0.00
2014.07.18 11:46:42.874,13.10681,13.1091,0.00,0.00
2014.07.18 11:46:42.925,13.10673,13.1091,0.00,0.00
2014.07.18 11:46:43.036,13.10662,13.1091,0.00,0.00
2014.07.18 11:46:43.087,13.10642,13.10902,0.00,0.00
2014.07.18 11:46:43.461,13.10652,13.1091,0.00,0.00
2014.07.18 11:46:49.960,13.10671,13.1091,0.00,0.00
2014.07.18 11:46:50.819,13.10661,13.1091,0.00,0.00
2014.07.18 11:46:50.970,13.10623,13.10872,0.00,0.00
2014.07.18 11:46:52.706,13.10647,13.10907,0.00,0.00
2014.07.18 11:46:56.277,13.10671,13.1091,0.00,0.00
2014.07.18 11:46:57.047,13.10632,13.10892,0.00,0.00
2014.07.18 11:47:03.660,13.10647,13.10907,0.00,0.00
2014.07.18 11:47:04.078,13.10632,13.10892,0.00,0.00
2014.07.18 11:47:06.110,13.10632,13.108,0.00,0.00
2014.07.18 11:47:06.161,13.10591,13.108,0.00,0.00
2014.07.18 11:47:06.250,13.10591,13.10782,0.00,0.00
2014.07.18 11:47:06.568,13.10591,13.10772,0.00,0.00
2014.07.18 11:47:07.051,13.10591,13.10742,0.00,0.00
2014.07.18 11:47:10.408,13.10482,13.10742,0.00,0.00
2014.07.18 11:47:13.122,13.10493,13.10742,0.00,0.00
2014.07.18 11:47:13.172,13.10517,13.10777,0.00,0.00
2014.07.18 11:47:14.369,13.10531,13.10791,0.00,0.00
2014.07.18 11:47:14.706,13.10558,13.10818,0.00,0.00
2014.07.18 11:47:15.012,13.10583,13.10818,0.00,0.00
2014.07.18 11:47:15.063,13.10626,13.1088,0.00,0.00
2014.07.18 11:47:15.114,13.10626,13.10886,0.00,0.00
2014.07.18 11:47:23.149,13.10612,13.10872,0.00,0.00
2014.07.18 11:47:26.754,13.10612,13.10857,0.00,0.00
2014.07.18 11:47:26.804,13.1056,13.10812,0.00,0.00
2014.07.18 11:47:26.905,13.10552,13.10812,0.00,0.00
2014.07.18 11:47:26.957,13.10532,13.10792,0.00,0.00
2014.07.18 11:47:27.281,13.10512,13.10772,0.00,0.00
2014.07.18 11:47:28.961,13.10512,13.10767,0.00,0.00
2014.07.18 11:47:29.184,13.10432,13.10692,0.00,0.00
2014.07.18 11:47:29.422,13.10423,13.10677,0.00,0.00
2014.07.18 11:47:29.524,13.10462,13.10722,0.00,0.00
2014.07.18 11:47:29.985,13.1044,13.107,0.00,0.00
2014.07.18 11:47:30.548,13.10423,13.10672,0.00,0.00
2014.07.18 11:47:32.933,13.10435,13.10695,0.00,0.00
2014.07.18 11:47:33.033,13.10447,13.10707,0.00,0.00
2014.07.18 11:47:33.519,13.10432,13.10692,0.00,0.00
2014.07.18 11:47:35.815,13.1046,13.10692,0.00,0.00
2014.07.18 11:47:35.932,13.10466,13.10726,0.00,0.00
2014.07.18 11:47:36.033,13.10476,13.10736,0.00,0.00
2014.07.18 11:47:36.358,13.10461,13.10721,0.00,0.00
2014.07.18 11:47:36.817,13.10431,13.10691,0.00,0.00
2014.07.18 11:47:37.150,13.10442,13.10702,0.00,0.00
2014.07.18 11:47:37.498,13.10431,13.10691,0.00,0.00
2014.07.18 11:47:37.848,13.1036,13.10617,0.00,0.00
2014.07.18 11:47:37.999,13.10332,13.10592,0.00,0.00
2014.07.18 11:47:38.159,13.10356,13.10616,0.00,0.00
2014.07.18 11:47:38.470,13.10332,13.10592,0.00,0.00
2014.07.18 11:47:40.830,13.10342,13.10602,0.00,0.00
2014.07.18 11:47:41.987,13.10332,13.10592,0.00,0.00
2014.07.18 11:47:42.866,13.10346,13.10606,0.00,0.00
2014.07.18 11:47:44.423,13.10361,13.10621,0.00,0.00
2014.07.18 11:47:44.739,13.1044,13.107,0.00,0.00
2014.07.18 11:47:45.070,13.10426,13.10686,0.00,0.00
2014.07.18 11:47:47.133,13.10426,13.1068,0.00,0.00
2014.07.18 11:47:47.234,13.1036,13.10616,0.00,0.00
2014.07.18 11:47:47.315,13.1036,13.10591,0.00,0.00
2014.07.18 11:47:47.366,13.10331,13.10591,0.00,0.00
2014.07.18 11:47:48.327,13.10331,13.10579,0.00,0.00
2014.07.18 11:47:48.428,13.10306,13.10557,0.00,0.00
2014.07.18 11:47:48.529,13.1027,13.10517,0.00,0.00
2014.07.18 11:47:48.579,13.10257,13.10517,0.00,0.00
2014.07.18 11:47:48.630,13.10232,13.10492,0.00,0.00
2014.07.18 11:47:48.944,13.1026,13.1052,0.00,0.00
2014.07.18 11:47:49.363,13.10243,13.10503,0.00,0.00
2014.07.18 11:47:49.693,13.10232,13.10492,0.00,0.00
2014.07.18 11:47:50.067,13.10222,13.10482,0.00,0.00
2014.07.18 11:47:50.369,13.10244,13.10504,0.00,0.00
2014.07.18 11:47:50.744,13.10232,13.10492,0.00,0.00
2014.07.18 11:47:51.124,13.10244,13.10504,0.00,0.00
2014.07.18 11:47:51.433,13.1017,13.10412,0.00,0.00
2014.07.18 11:47:51.584,13.10173,13.1043,0.00,0.00
2014.07.18 11:47:51.690,13.10162,13.10422,0.00,0.00
2014.07.18 11:47:51.790,13.10142,13.10402,0.00,0.00
2014.07.18 11:47:53.073,13.10142,13.1038,0.00,0.00
2014.07.18 11:47:53.195,13.10131,13.1038,0.00,0.00
2014.07.18 11:47:53.246,13.10131,13.10377,0.00,0.00
2014.07.18 11:47:53.346,13.1007,13.1033,0.00,0.00
2014.07.18 11:47:53.447,13.1006,13.10312,0.00,0.00
2014.07.18 11:47:53.548,13.10051,13.10311,0.00,0.00
2014.07.18 11:47:53.766,13.10034,13.10294,0.00,0.00
2014.07.18 11:47:54.087,13.10051,13.10311,0.00,0.00
2014.07.18 11:47:54.426,13.10031,13.10291,0.00,0.00
2014.07.18 11:47:54.728,13.09981,13.1023,0.00,0.00
2014.07.18 11:47:54.933,13.09971,13.1023,0.00,0.00
2014.07.18 11:47:55.145,13.09942,13.10202,0.00,0.00
2014.07.18 11:47:55.368,13.09971,13.1023,0.00,0.00
2014.07.18 11:47:55.573,13.09948,13.10208,0.00,0.00
2014.07.18 11:47:56.122,13.09971,13.1023,0.00,0.00
2014.07.18 11:47:56.363,13.09986,13.10246,0.00,0.00
2014.07.18 11:47:56.464,13.10036,13.1028,0.00,0.00
2014.07.18 11:47:56.593,13.10036,13.10296,0.00,0.00
2014.07.18 11:47:56.770,13.10036,13.10287,0.00,0.00
2014.07.18 11:47:56.921,13.09974,13.1023,0.00,0.00
2014.07.18 11:47:57.022,13.09957,13.10217,0.00,0.00
2014.07.18 11:47:57.547,13.09947,13.10207,0.00,0.00
2014.07.18 11:47:58.097,13.09961,13.10221,0.00,0.00
2014.07.18 11:47:58.486,13.09971,13.1023,0.00,0.00
2014.07.18 11:47:59.688,13.09971,13.10231,0.00,0.00
2014.07.18 11:48:00.269,13.10043,13.10303,0.00,0.00
2014.07.18 11:48:01.451,13.10031,13.10291,0.00,0.00
2014.07.18 11:48:04.323,13.10051,13.103,0.00,0.00
2014.07.18 11:48:04.612,13.10016,13.10276,0.00,0.00
2014.07.18 11:48:05.188,13.10051,13.103,0.00,0.00
2014.07.18 11:48:05.701,13.10037,13.10297,0.00,0.00
2014.07.18 11:48:06.709,13.10053,13.103,0.00,0.00
2014.07.18 11:48:07.266,13.10039,13.10299,0.00,0.00
2014.07.18 11:48:16.011,13.10011,13.10271,0.00,0.00
2014.07.18 11:48:16.394,13.10011,13.1026,0.00,0.00
2014.07.18 11:48:16.646,13.09981,13.10241,0.00,0.00
2014.07.18 11:48:16.746,13.09991,13.10251,0.00,0.00
2014.07.18 11:48:17.068,13.09981,13.10231,0.00,0.00
2014.07.18 11:48:17.431,13.09971,13.1021,0.00,0.00
2014.07.18 11:48:17.984,13.09935,13.10195,0.00,0.00
2014.07.18 11:48:18.290,13.09964,13.1021,0.00,0.00
2014.07.18 11:48:18.390,13.09953,13.1021,0.00,0.00
2014.07.18 11:48:18.607,13.09929,13.10189,0.00,0.00
2014.07.18 11:48:20.248,13.0995,13.1021,0.00,0.00
2014.07.18 11:48:20.752,13.09963,13.1021,0.00,0.00
2014.07.18 11:48:21.567,13.09932,13.10192,0.00,0.00
2014.07.18 11:48:22.453,13.09957,13.1021,0.00,0.00
2014.07.18 11:48:22.779,13.09969,13.1021,0.00,0.00
2014.07.18 11:48:28.862,13.10003,13.1021,0.00,0.00
2014.07.18 11:48:28.963,13.10003,13.10229,0.00,0.00
2014.07.18 11:48:29.014,13.10073,13.1026,0.00,0.00
2014.07.18 11:48:29.075,13.10044,13.1026,0.00,0.00
2014.07.18 11:48:29.176,13.10044,13.103,0.00,0.00
2014.07.18 11:48:29.226,13.10066,13.103,0.00,0.00
2014.07.18 11:48:29.858,13.10076,13.103,0.00,0.00
2014.07.18 11:48:30.094,13.10043,13.103,0.00,0.00
2014.07.18 11:48:30.284,13.1006,13.103,0.00,0.00
2014.07.18 11:48:30.629,13.10076,13.103,0.00,0.00
2014.07.18 11:48:31.177,13.10064,13.103,0.00,0.00
2014.07.18 11:48:32.290,13.10048,13.103,0.00,0.00
2014.07.18 11:48:32.391,13.10079,13.103,0.00,0.00
2014.07.18 11:48:33.350,13.10069,13.103,0.00,0.00
2014.07.18 11:48:33.453,13.10053,13.103,0.00,0.00
2014.07.18 11:48:34.193,13.10043,13.103,0.00,0.00
2014.07.18 11:48:34.244,13.10043,13.1026,0.00,0.00
2014.07.18 11:48:34.344,13.10023,13.1026,0.00,0.00
2014.07.18 11:48:34.572,13.10038,13.10298,0.00,0.00
2014.07.18 11:48:34.673,13.10064,13.103,0.00,0.00
2014.07.18 11:48:35.073,13.10089,13.103,0.00,0.00
2014.07.18 11:48:35.842,13.10074,13.103,0.00,0.00
2014.07.18 11:48:36.153,13.10054,13.103,0.00,0.00
2014.07.18 11:48:36.304,13.10023,13.10283,0.00,0.00
2014.07.18 11:48:36.404,13.10002,13.10262,0.00,0.00
2014.07.18 11:48:36.747,13.10002,13.1026,0.00,0.00
2014.07.18 11:48:37.472,13.09984,13.10244,0.00,0.00
2014.07.18 11:48:37.523,13.09984,13.1021,0.00,0.00
2014.07.18 11:48:37.724,13.09967,13.1021,0.00,0.00
2014.07.18 11:48:43.943,13.09954,13.1021,0.00,0.00
2014.07.18 11:48:45.102,13.09954,13.1016,0.00,0.00
2014.07.18 11:48:45.153,13.09932,13.10159,0.00,0.00
2014.07.18 11:48:45.254,13.09855,13.10115,0.00,0.00
2014.07.18 11:48:45.351,13.0984,13.10094,0.00,0.00
2014.07.18 11:48:45.433,13.09834,13.10094,0.00,0.00
2014.07.18 11:48:45.685,13.09837,13.10097,0.00,0.00
2014.07.18 11:48:51.212,13.09859,13.1011,0.00,0.00
2014.07.18 11:48:51.939,13.09829,13.10089,0.00,0.00
2014.07.18 11:48:54.204,13.09823,13.10076,0.00,0.00
2014.07.18 11:48:54.304,13.09829,13.10089,0.00,0.00
2014.07.18 11:48:54.437,13.09854,13.1011,0.00,0.00
2014.07.18 11:48:56.867,13.09839,13.10099,0.00,0.00
2014.07.18 11:48:56.978,13.09829,13.10089,0.00,0.00
2014.07.18 11:48:57.572,13.0985,13.1011,0.00,0.00
2014.07.18 11:48:58.298,13.09853,13.1011,0.00,0.00
2014.07.18 11:48:58.814,13.09829,13.10089,0.00,0.00
2014.07.18 11:49:02.086,13.09853,13.1011,0.00,0.00
2014.07.18 11:49:02.457,13.09838,13.10098,0.00,0.00
2014.07.18 11:49:08.035,13.09865,13.1011,0.00,0.00
2014.07.18 11:49:08.475,13.09869,13.1011,0.00,0.00
2014.07.18 11:49:08.585,13.09859,13.1011,0.00,0.00
2014.07.18 11:49:11.934,13.09869,13.1011,0.00,0.00
2014.07.18 11:49:15.723,13.09882,13.1011,0.00,0.00
2014.07.18 11:49:15.824,13.09891,13.10142,0.00,0.00
2014.07.18 11:49:15.874,13.09909,13.1016,0.00,0.00
2014.07.18 11:49:16.022,13.09909,13.10169,0.00,0.00
2014.07.18 11:49:16.296,13.09979,13.1021,0.00,0.00
2014.07.18 11:49:16.351,13.09979,13.10239,0.00,0.00
2014.07.18 11:49:18.044,13.09979,13.1021,0.00,0.00
2014.07.18 11:49:18.146,13.09939,13.10199,0.00,0.00
2014.07.18 11:49:18.272,13.09951,13.10209,0.00,0.00
2014.07.18 11:49:18.333,13.09979,13.10239,0.00,0.00
2014.07.18 11:49:20.115,13.09979,13.1021,0.00,0.00
2014.07.18 11:49:20.166,13.09951,13.10199,0.00,0.00
2014.07.18 11:49:20.539,13.09939,13.10199,0.00,0.00
2014.07.18 11:49:23.044,13.09953,13.1021,0.00,0.00
2014.07.18 11:49:23.509,13.10026,13.1021,0.00,0.00
2014.07.18 11:49:24.976,13.10026,13.1016,0.00,0.00
2014.07.18 11:49:25.026,13.09994,13.1016,0.00,0.00
2014.07.18 11:49:25.127,13.09954,13.1016,0.00,0.00
2014.07.18 11:49:25.261,13.09954,13.1021,0.00,0.00
2014.07.18 11:49:26.911,13.09954,13.1016,0.00,0.00
2014.07.18 11:49:26.962,13.09929,13.1016,0.00,0.00
2014.07.18 11:49:27.196,13.09904,13.1016,0.00,0.00
2014.07.18 11:49:40.228,13.09904,13.10189,0.00,0.00
2014.07.18 11:49:40.279,13.09941,13.10189,0.00,0.00
2014.07.18 11:49:40.597,13.09929,13.1016,0.00,0.00
2014.07.18 11:49:40.704,13.09904,13.1016,0.00,0.00
2014.07.18 11:49:40.806,13.09922,13.10207,0.00,0.00
2014.07.18 11:49:40.863,13.09922,13.10179,0.00,0.00
2014.07.18 11:49:41.165,13.09854,13.1011,0.00,0.00
2014.07.18 11:49:41.466,13.09878,13.1011,0.00,0.00
2014.07.18 11:49:41.536,13.09861,13.1011,0.00,0.00
2014.07.18 11:49:41.756,13.09874,13.1011,0.00,0.00
2014.07.18 11:49:42.063,13.09854,13.1011,0.00,0.00
2014.07.18 11:49:42.416,13.09873,13.1011,0.00,0.00
2014.07.18 11:49:44.700,13.09854,13.1011,0.00,0.00
2014.07.18 11:49:44.936,13.09892,13.1011,0.00,0.00
2014.07.18 11:49:45.311,13.09906,13.1011,0.00,0.00
2014.07.18 11:49:45.456,13.09884,13.1011,0.00,0.00
2014.07.18 11:49:46.151,13.09905,13.1011,0.00,0.00
2014.07.18 11:49:47.769,13.09884,13.1011,0.00,0.00
2014.07.18 11:49:48.664,13.09897,13.1011,0.00,0.00
2014.07.18 11:49:48.882,13.09864,13.1011,0.00,0.00
2014.07.18 11:49:50.312,13.09881,13.1011,0.00,0.00
2014.07.18 11:49:53.774,13.09859,13.1011,0.00,0.00
2014.07.18 11:49:54.887,13.09887,13.1011,0.00,0.00
2014.07.18 11:49:55.095,13.09867,13.1011,0.00,0.00
2014.07.18 11:49:56.757,13.09885,13.1011,0.00,0.00
2014.07.18 11:49:57.195,13.09898,13.1011,0.00,0.00
2014.07.18 11:49:58.077,13.09898,13.10159,0.00,0.00
2014.07.18 11:49:58.133,13.09941,13.1016,0.00,0.00
2014.07.18 11:49:58.284,13.09999,13.1026,0.00,0.00
2014.07.18 11:49:59.471,13.09999,13.10284,0.00,0.00
2014.07.18 11:49:59.691,13.09999,13.1026,0.00,0.00
2014.07.18 11:50:01.316,13.09987,13.1026,0.00,0.00
2014.07.18 11:50:01.366,13.09987,13.1021,0.00,0.00
2014.07.18 11:50:01.468,13.09891,13.10167,0.00,0.00
2014.07.18 11:50:01.519,13.0989,13.10159,0.00,0.00
2014.07.18 11:50:01.899,13.09857,13.1011,0.00,0.00
2014.07.18 11:50:12.467,13.09857,13.10142,0.00,0.00
2014.07.18 11:50:12.518,13.09861,13.10142,0.00,0.00
2014.07.18 11:50:12.907,13.09939,13.1021,0.00,0.00
2014.07.18 11:50:12.971,13.09927,13.1021,0.00,0.00
2014.07.18 11:50:13.962,13.09987,13.1021,0.00,0.00
2014.07.18 11:50:14.012,13.09987,13.10219,0.00,0.00
2014.07.18 11:50:14.063,13.09987,13.1026,0.00,0.00
2014.07.18 11:50:14.330,13.09987,13.1021,0.00,0.00
2014.07.18 11:50:16.597,13.09916,13.10196,0.00,0.00
2014.07.18 11:50:16.658,13.09916,13.1016,0.00,0.00
2014.07.18 11:50:16.866,13.09916,13.10196,0.00,0.00
2014.07.18 11:50:17.218,13.09917,13.10177,0.00,0.00
2014.07.18 11:50:18.171,13.09917,13.1016,0.00,0.00
2014.07.18 11:50:18.222,13.09907,13.1016,0.00,0.00
2014.07.18 11:50:18.345,13.09887,13.10147,0.00,0.00
2014.07.18 11:50:23.242,13.0998,13.10209,0.00,0.00
2014.07.18 11:50:23.293,13.09991,13.10232,0.00,0.00
2014.07.18 11:50:23.394,13.10047,13.103,0.00,0.00
2014.07.18 11:50:35.442,13.1009,13.10307,0.00,0.00
2014.07.18 11:50:35.543,13.10112,13.10372,0.00,0.00
2014.07.18 11:50:35.644,13.10122,13.10382,0.00,0.00
2014.07.18 11:50:35.988,13.10077,13.103,0.00,0.00
2014.07.18 11:50:36.385,13.10067,13.103,0.00,0.00
2014.07.18 11:50:36.536,13.10017,13.10277,0.00,0.00
2014.07.18 11:50:36.648,13.10027,13.10287,0.00,0.00
2014.07.18 11:50:36.950,13.09977,13.10237,0.00,0.00
2014.07.18 11:50:37.519,13.09977,13.1021,0.00,0.00
2014.07.18 11:50:37.683,13.09967,13.1021,0.00,0.00
2014.07.18 11:50:37.834,13.09937,13.10197,0.00,0.00
2014.07.18 11:50:39.881,13.09902,13.10162,0.00,0.00
2014.07.18 11:50:40.188,13.09853,13.1011,0.00,0.00
2014.07.18 11:50:40.932,13.09877,13.1011,0.00,0.00
2014.07.18 11:50:41.292,13.09854,13.1011,0.00,0.00
2014.07.18 11:50:43.723,13.09877,13.1011,0.00,0.00
2014.07.18 11:50:44.188,13.09847,13.10107,0.00,0.00
2014.07.18 11:50:50.287,13.09877,13.1011,0.00,0.00
2014.07.18 11:50:55.084,13.09854,13.1011,0.00,0.00
2014.07.18 11:50:56.899,13.09877,13.1011,0.00,0.00
2014.07.18 11:50:57.012,13.09854,13.1011,0.00,0.00
2014.07.18 11:50:57.228,13.09877,13.1011,0.00,0.00
2014.07.18 11:50:58.119,13.09902,13.1011,0.00,0.00
2014.07.18 11:50:58.434,13.09872,13.1011,0.00,0.00
2014.07.18 11:50:59.971,13.09872,13.1006,0.00,0.00
2014.07.18 11:51:00.022,13.09862,13.1006,0.00,0.00
2014.07.18 11:51:00.137,13.09814,13.10059,0.00,0.00
2014.07.18 11:51:00.301,13.09814,13.1002,0.00,0.00
2014.07.18 11:51:00.351,13.09795,13.1002,0.00,0.00
2014.07.18 11:51:17.351,13.09785,13.0996,0.00,0.00
2014.07.18 11:51:17.452,13.09727,13.09959,0.00,0.00
2014.07.18 11:51:17.553,13.09769,13.0996,0.00,0.00
2014.07.18 11:51:17.766,13.09698,13.0991,0.00,0.00
2014.07.18 11:51:17.867,13.09722,13.0991,0.00,0.00
2014.07.18 11:51:18.188,13.09742,13.0991,0.00,0.00
2014.07.18 11:51:18.304,13.09717,13.0991,0.00,0.00
2014.07.18 11:51:18.774,13.09728,13.0991,0.00,0.00
2014.07.18 11:51:19.073,13.09705,13.0991,0.00,0.00
2014.07.18 11:51:19.608,13.09676,13.0991,0.00,0.00
2014.07.18 11:51:19.713,13.09657,13.0991,0.00,0.00
2014.07.18 11:51:19.823,13.09643,13.099,0.00,0.00
2014.07.18 11:51:20.399,13.09662,13.0991,0.00,0.00
2014.07.18 11:51:20.802,13.09643,13.09895,0.00,0.00
2014.07.18 11:51:21.566,13.09635,13.09895,0.00,0.00
2014.07.18 11:51:22.023,13.0967,13.0991,0.00,0.00
2014.07.18 11:51:22.212,13.09655,13.0991,0.00,0.00
2014.07.18 11:51:22.872,13.0967,13.0991,0.00,0.00
2014.07.18 11:51:23.458,13.09639,13.09899,0.00,0.00
2014.07.18 11:51:24.210,13.09654,13.0991,0.00,0.00
2014.07.18 11:51:24.962,13.0967,13.0991,0.00,0.00
2014.07.18 11:51:26.160,13.09638,13.09898,0.00,0.00
2014.07.18 11:51:26.844,13.09653,13.0991,0.00,0.00
2014.07.18 11:51:27.603,13.09638,13.09898,0.00,0.00
2014.07.18 11:51:28.140,13.09653,13.0991,0.00,0.00
2014.07.18 11:51:31.162,13.09638,13.09898,0.00,0.00
2014.07.18 11:51:32.432,13.09669,13.0991,0.00,0.00
2014.07.18 11:51:33.981,13.09654,13.0991,0.00,0.00
2014.07.18 11:51:35.798,13.09638,13.09898,0.00,0.00
2014.07.18 11:51:36.112,13.09666,13.0991,0.00,0.00
2014.07.18 11:51:36.249,13.09649,13.09909,0.00,0.00
2014.07.18 11:51:37.478,13.09665,13.0991,0.00,0.00
2014.07.18 11:51:37.588,13.09649,13.09909,0.00,0.00
2014.07.18 11:51:38.908,13.09633,13.09893,0.00,0.00
2014.07.18 11:51:43.021,13.09633,13.0986,0.00,0.00
2014.07.18 11:51:43.071,13.09581,13.09841,0.00,0.00
2014.07.18 11:51:43.282,13.09581,13.098,0.00,0.00
2014.07.18 11:51:43.333,13.09564,13.098,0.00,0.00
2014.07.18 11:51:43.990,13.09559,13.098,0.00,0.00
2014.07.18 11:51:44.595,13.09542,13.098,0.00,0.00
2014.07.18 11:51:44.917,13.09567,13.098,0.00,0.00
2014.07.18 11:51:45.237,13.09531,13.09791,0.00,0.00
2014.07.18 11:51:45.346,13.09545,13.098,0.00,0.00
2014.07.18 11:51:45.456,13.0953,13.0979,0.00,0.00
2014.07.18 11:51:45.607,13.09562,13.098,0.00,0.00
2014.07.18 11:51:48.535,13.09534,13.09794,0.00,0.00
2014.07.18 11:51:50.766,13.09547,13.098,0.00,0.00
2014.07.18 11:51:51.965,13.09535,13.09795,0.00,0.00
2014.07.18 11:51:52.385,13.09551,13.098,0.00,0.00
2014.07.18 11:51:55.073,13.09535,13.09795,0.00,0.00
2014.07.18 11:51:55.477,13.09566,13.098,0.00,0.00
2014.07.18 11:51:56.094,13.09535,13.09795,0.00,0.00
2014.07.18 11:51:56.644,13.0955,13.098,0.00,0.00
2014.07.18 11:51:57.083,13.09566,13.098,0.00,0.00
2014.07.18 11:51:57.213,13.09535,13.09795,0.00,0.00
2014.07.18 11:51:57.313,13.0955,13.098,0.00,0.00
2014.07.18 11:51:58.005,13.09566,13.098,0.00,0.00
2014.07.18 11:51:58.122,13.09551,13.098,0.00,0.00
2014.07.18 11:51:58.425,13.09567,13.098,0.00,0.00
2014.07.18 11:52:00.583,13.09553,13.098,0.00,0.00
2014.07.18 11:52:01.883,13.0957,13.098,0.00,0.00
2014.07.18 11:52:01.992,13.09539,13.09799,0.00,0.00
2014.07.18 11:52:02.878,13.09555,13.098,0.00,0.00
2014.07.18 11:52:03.633,13.09539,13.09799,0.00,0.00
2014.07.18 11:52:03.891,13.0957,13.098,0.00,0.00
2014.07.18 11:52:04.065,13.09538,13.09798,0.00,0.00
2014.07.18 11:52:04.392,13.09567,13.098,0.00,0.00
2014.07.18 11:52:04.834,13.09553,13.098,0.00,0.00
2014.07.18 11:52:05.051,13.09568,13.098,0.00,0.00
2014.07.18 11:52:06.131,13.09553,13.098,0.00,0.00
2014.07.18 11:52:06.782,13.09568,13.098,0.00,0.00
2014.07.18 11:52:09.470,13.09537,13.09797,0.00,0.00
2014.07.18 11:52:09.790,13.09553,13.098,0.00,0.00
2014.07.18 11:52:10.991,13.09569,13.098,0.00,0.00
2014.07.18 11:52:12.009,13.09554,13.098,0.00,0.00
2014.07.18 11:52:12.200,13.09538,13.09798,0.00,0.00
2014.07.18 11:52:13.634,13.09554,13.098,0.00,0.00
2014.07.18 11:52:15.049,13.0957,13.098,0.00,0.00
2014.07.18 11:52:15.490,13.09555,13.098,0.00,0.00
2014.07.18 11:52:16.063,13.0957,13.098,0.00,0.00
2014.07.18 11:52:17.597,13.09539,13.09799,0.00,0.00
2014.07.18 11:52:18.130,13.09522,13.09782,0.00,0.00
2014.07.18 11:52:19.168,13.09561,13.098,0.00,0.00
2014.07.18 11:52:21.278,13.09539,13.09799,0.00,0.00
2014.07.18 11:52:22.907,13.09551,13.098,0.00,0.00
2014.07.18 11:52:23.997,13.09535,13.09795,0.00,0.00
2014.07.18 11:52:24.767,13.09549,13.098,0.00,0.00
2014.07.18 11:52:24.880,13.09533,13.09793,0.00,0.00
2014.07.18 11:52:25.517,13.09549,13.098,0.00,0.00
2014.07.18 11:52:27.055,13.09565,13.098,0.00,0.00
2014.07.18 11:52:29.905,13.09543,13.098,0.00,0.00
2014.07.18 11:52:30.125,13.0953,13.0979,0.00,0.00
2014.07.18 11:52:30.280,13.09551,13.098,0.00,0.00
2014.07.18 11:52:31.235,13.09564,13.098,0.00,0.00
2014.07.18 11:52:33.042,13.09581,13.098,0.00,0.00
2014.07.18 11:52:33.365,13.09557,13.098,0.00,0.00
2014.07.18 11:52:33.476,13.09612,13.09859,0.00,0.00
2014.07.18 11:52:33.585,13.09622,13.0986,0.00,0.00
2014.07.18 11:52:33.745,13.0965,13.0991,0.00,0.00
2014.07.18 11:52:34.162,13.09633,13.0989,0.00,0.00
2014.07.18 11:52:35.204,13.09651,13.0991,0.00,0.00
2014.07.18 11:52:36.283,13.09633,13.0989,0.00,0.00
2014.07.18 11:52:36.614,13.09633,13.09865,0.00,0.00
2014.07.18 11:52:36.715,13.09605,13.09859,0.00,0.00
2014.07.18 11:52:36.766,13.09595,13.09855,0.00,0.00
2014.07.18 11:52:36.816,13.09595,13.098,0.00,0.00
2014.07.18 11:52:36.866,13.0957,13.098,0.00,0.00
2014.07.18 11:52:36.944,13.09543,13.098,0.00,0.00
2014.07.18 11:52:37.604,13.09555,13.098,0.00,0.00
2014.07.18 11:52:37.934,13.09543,13.09799,0.00,0.00
2014.07.18 11:52:38.473,13.09543,13.09798,0.00,0.00
2014.07.18 11:52:38.706,13.09552,13.098,0.00,0.00
2014.07.18 11:52:38.949,13.09537,13.09797,0.00,0.00
2014.07.18 11:52:40.243,13.09569,13.098,0.00,0.00
2014.07.18 11:52:41.003,13.09555,13.098,0.00,0.00
2014.07.18 11:52:41.478,13.09537,13.09797,0.00,0.00
2014.07.18 11:52:41.703,13.09551,13.098,0.00,0.00
2014.07.18 11:52:42.009,13.09535,13.09795,0.00,0.00
2014.07.18 11:52:42.532,13.09523,13.09762,0.00,0.00
2014.07.18 11:52:42.753,13.09554,13.098,0.00,0.00
2014.07.18 11:52:43.124,13.09539,13.09799,0.00,0.00
2014.07.18 11:52:43.325,13.09554,13.098,0.00,0.00
2014.07.18 11:52:44.875,13.0953,13.0979,0.00,0.00
2014.07.18 11:52:49.930,13.09542,13.098,0.00,0.00
2014.07.18 11:52:50.260,13.0953,13.0979,0.00,0.00
2014.07.18 11:52:51.351,13.09541,13.098,0.00,0.00
2014.07.18 11:52:52.451,13.09557,13.098,0.00,0.00
2014.07.18 11:52:52.905,13.09544,13.098,0.00,0.00
2014.07.18 11:52:53.000,13.0953,13.0979,0.00,0.00
2014.07.18 11:52:53.220,13.09559,13.098,0.00,0.00
2014.07.18 11:52:53.550,13.09544,13.098,0.00,0.00
2014.07.18 11:52:53.664,13.0953,13.0979,0.00,0.00
2014.07.18 11:52:54.115,13.09595,13.098,0.00,0.00
2014.07.18 11:52:54.215,13.09569,13.098,0.00,0.00
2014.07.18 11:52:54.320,13.09538,13.09798,0.00,0.00
2014.07.18 11:52:54.893,13.09566,13.098,0.00,0.00
2014.07.18 11:52:55.089,13.09535,13.09795,0.00,0.00
2014.07.18 11:52:56.207,13.09551,13.098,0.00,0.00
2014.07.18 11:52:57.059,13.09567,13.098,0.00,0.00
2014.07.18 11:52:58.050,13.09535,13.09795,0.00,0.00
2014.07.18 11:52:59.614,13.09551,13.098,0.00,0.00
2014.07.18 11:52:59.678,13.09534,13.09794,0.00,0.00
2014.07.18 11:53:00.250,13.09564,13.098,0.00,0.00
2014.07.18 11:53:01.209,13.09553,13.098,0.00,0.00
2014.07.18 11:53:01.318,13.09569,13.098,0.00,0.00
2014.07.18 11:53:01.635,13.09579,13.098,0.00,0.00
2014.07.18 11:53:01.788,13.09541,13.098,0.00,0.00
2014.07.18 11:53:01.867,13.09572,13.098,0.00,0.00
2014.07.18 11:53:03.077,13.09557,13.098,0.00,0.00
2014.07.18 11:53:03.407,13.09577,13.098,0.00,0.00
2014.07.18 11:53:03.628,13.09546,13.098,0.00,0.00
2014.07.18 11:53:03.849,13.09569,13.098,0.00,0.00
2014.07.18 11:53:04.234,13.09569,13.09829,0.00,0.00
2014.07.18 11:53:04.285,13.09671,13.09829,0.00,0.00
2014.07.18 11:53:04.335,13.09671,13.0986,0.00,0.00
2014.07.18 11:53:04.436,13.09684,13.09944,0.00,0.00
2014.07.18 11:53:04.536,13.09705,13.0996,0.00,0.00
2014.07.18 11:53:05.005,13.09705,13.09965,0.00,0.00
2014.07.18 11:53:05.058,13.097,13.0994,0.00,0.00
2014.07.18 11:53:05.174,13.0973,13.0999,0.00,0.00
2014.07.18 11:53:05.609,13.0971,13.0997,0.00,0.00
2014.07.18 11:53:05.929,13.0968,13.0991,0.00,0.00
2014.07.18 11:53:05.980,13.0966,13.0991,0.00,0.00
2014.07.18 11:53:06.316,13.09683,13.0991,0.00,0.00
2014.07.18 11:53:07.457,13.0967,13.0991,0.00,0.00
2014.07.18 11:53:07.585,13.0964,13.099,0.00,0.00
2014.07.18 11:53:09.316,13.0963,13.0989,0.00,0.00
2014.07.18 11:53:10.155,13.09657,13.0991,0.00,0.00
2014.07.18 11:53:10.695,13.09642,13.09902,0.00,0.00
2014.07.18 11:53:11.457,13.09658,13.0991,0.00,0.00
2014.07.18 11:53:11.827,13.0967,13.0991,0.00,0.00
2014.07.18 11:53:12.168,13.0968,13.0991,0.00,0.00
2014.07.18 11:53:12.268,13.0968,13.0994,0.00,0.00
2014.07.18 11:53:12.319,13.09691,13.0994,0.00,0.00
2014.07.18 11:53:12.470,13.09758,13.10018,0.00,0.00
2014.07.18 11:53:12.889,13.09738,13.09998,0.00,0.00
2014.07.18 11:53:13.247,13.09751,13.10011,0.00,0.00
2014.07.18 11:53:13.985,13.09753,13.10013,0.00,0.00
2014.07.18 11:53:14.305,13.09755,13.10015,0.00,0.00
2014.07.18 11:53:14.798,13.0973,13.0999,0.00,0.00
2014.07.18 11:53:15.621,13.0973,13.09979,0.00,0.00
2014.07.18 11:53:15.722,13.09661,13.09921,0.00,0.00
2014.07.18 11:53:15.772,13.0964,13.09895,0.00,0.00
2014.07.18 11:53:15.944,13.09667,13.09927,0.00,0.00
2014.07.18 11:53:15.994,13.09667,13.0991,0.00,0.00
2014.07.18 11:53:16.054,13.09635,13.09895,0.00,0.00
2014.07.18 11:53:16.694,13.09651,13.0991,0.00,0.00
2014.07.18 11:53:18.477,13.09667,13.0991,0.00,0.00
2014.07.18 11:53:20.177,13.09636,13.09896,0.00,0.00
2014.07.18 11:53:21.041,13.09655,13.0991,0.00,0.00
2014.07.18 11:53:21.392,13.09671,13.0991,0.00,0.00
2014.07.18 11:53:21.443,13.09636,13.09896,0.00,0.00
2014.07.18 11:53:21.614,13.0964,13.09896,0.00,0.00
2014.07.18 11:53:21.665,13.09701,13.09959,0.00,0.00
2014.07.18 11:53:21.816,13.09701,13.0991,0.00,0.00
2014.07.18 11:53:22.135,13.09662,13.0991,0.00,0.00
2014.07.18 11:53:22.251,13.09648,13.09908,0.00,0.00
2014.07.18 11:53:22.312,13.09638,13.09898,0.00,0.00
2014.07.18 11:53:22.658,13.09654,13.0991,0.00,0.00
2014.07.18 11:53:23.292,13.09638,13.09898,0.00,0.00
2014.07.18 11:53:23.733,13.09651,13.0991,0.00,0.00
2014.07.18 11:53:23.842,13.09636,13.09896,0.00,0.00
2014.07.18 11:53:24.062,13.09651,13.0991,0.00,0.00
2014.07.18 11:53:24.213,13.09636,13.09896,0.00,0.00
2014.07.18 11:53:24.263,13.09636,13.0986,0.00,0.00
2014.07.18 11:53:24.314,13.09619,13.0986,0.00,0.00
2014.07.18 11:53:24.414,13.09601,13.0986,0.00,0.00
2014.07.18 11:53:24.505,13.09582,13.09842,0.00,0.00
2014.07.18 11:53:25.901,13.09597,13.09857,0.00,0.00
2014.07.18 11:53:27.418,13.09597,13.098,0.00,0.00
2014.07.18 11:53:27.554,13.09531,13.09791,0.00,0.00
2014.07.18 11:53:27.748,13.09562,13.098,0.00,0.00
2014.07.18 11:53:27.860,13.09531,13.09791,0.00,0.00
2014.07.18 11:53:27.961,13.09547,13.098,0.00,0.00
2014.07.18 11:53:28.701,13.09563,13.098,0.00,0.00
2014.07.18 11:53:28.811,13.09547,13.098,0.00,0.00
2014.07.18 11:53:29.725,13.09531,13.09791,0.00,0.00
2014.07.18 11:53:30.128,13.09571,13.098,0.00,0.00
2014.07.18 11:53:30.880,13.09556,13.098,0.00,0.00
2014.07.18 11:53:31.138,13.09545,13.098,0.00,0.00
2014.07.18 11:53:31.259,13.0959,13.098,0.00,0.00
2014.07.18 11:53:31.540,13.09575,13.098,0.00,0.00
2014.07.18 11:53:31.651,13.09591,13.098,0.00,0.00
2014.07.18 11:53:34.230,13.0956,13.098,0.00,0.00
2014.07.18 11:53:34.989,13.09532,13.09792,0.00,0.00
2014.07.18 11:53:35.988,13.0954,13.09792,0.00,0.00
2014.07.18 11:53:36.097,13.09583,13.09843,0.00,0.00
2014.07.18 11:53:36.197,13.09601,13.0986,0.00,0.00
2014.07.18 11:53:36.828,13.0958,13.0984,0.00,0.00
2014.07.18 11:53:37.199,13.0959,13.0984,0.00,0.00
2014.07.18 11:53:37.312,13.09619,13.09879,0.00,0.00
2014.07.18 11:53:37.413,13.09602,13.09862,0.00,0.00
2014.07.18 11:53:37.769,13.09602,13.0986,0.00,0.00
2014.07.18 11:53:37.820,13.0958,13.0984,0.00,0.00
2014.07.18 11:53:40.544,13.0958,13.098,0.00,0.00
2014.07.18 11:53:40.718,13.0958,13.0984,0.00,0.00
2014.07.18 11:53:41.097,13.09602,13.0986,0.00,0.00
2014.07.18 11:53:42.274,13.0957,13.098,0.00,0.00
2014.07.18 11:53:43.468,13.0957,13.0983,0.00,0.00
2014.07.18 11:53:43.872,13.0959,13.0985,0.00,0.00
2014.07.18 11:53:44.196,13.0958,13.0984,0.00,0.00
2014.07.18 11:53:45.197,13.09595,13.09855,0.00,0.00
2014.07.18 11:53:46.346,13.0958,13.0984,0.00,0.00
2014.07.18 11:53:48.267,13.0954,13.0979,0.00,0.00
2014.07.18 11:53:48.318,13.0953,13.0979,0.00,0.00
2014.07.18 11:53:49.450,13.09554,13.098,0.00,0.00
2014.07.18 11:53:50.315,13.09538,13.09798,0.00,0.00
2014.07.18 11:53:50.416,13.09543,13.09798,0.00,0.00
2014.07.18 11:53:50.466,13.09558,13.09818,0.00,0.00
2014.07.18 11:53:50.567,13.09603,13.0986,0.00,0.00
2014.07.18 11:53:50.668,13.0958,13.0984,0.00,0.00
2014.07.18 11:53:50.907,13.09601,13.0986,0.00,0.00
2014.07.18 11:53:51.851,13.09586,13.09846,0.00,0.00
2014.07.18 11:53:54.802,13.09619,13.0986,0.00,0.00
2014.07.18 11:53:55.084,13.09605,13.0986,0.00,0.00
2014.07.18 11:53:55.135,13.09605,13.098,0.00,0.00
2014.07.18 11:53:55.236,13.09569,13.098,0.00,0.00
2014.07.18 11:53:55.768,13.09581,13.098,0.00,0.00
2014.07.18 11:53:55.819,13.09581,13.09829,0.00,0.00
2014.07.18 11:53:55.920,13.0961,13.09859,0.00,0.00
2014.07.18 11:53:56.008,13.0961,13.098,0.00,0.00
2014.07.18 11:53:56.064,13.09598,13.098,0.00,0.00
2014.07.18 11:53:56.227,13.09598,13.09858,0.00,0.00
2014.07.18 11:53:56.328,13.0961,13.09859,0.00,0.00
2014.07.18 11:53:56.748,13.0962,13.0986,0.00,0.00
2014.07.18 11:53:57.547,13.0962,13.0988,0.00,0.00
2014.07.18 11:53:57.599,13.0968,13.0991,0.00,0.00
2014.07.18 11:54:07.034,13.0968,13.0986,0.00,0.00
2014.07.18 11:54:07.085,13.0964,13.0986,0.00,0.00
2014.07.18 11:54:07.151,13.0962,13.0986,0.00,0.00
2014.07.18 11:54:07.252,13.0962,13.098,0.00,0.00
2014.07.18 11:54:07.302,13.0957,13.098,0.00,0.00
2014.07.18 11:54:07.481,13.09555,13.098,0.00,0.00
2014.07.18 11:54:07.582,13.09555,13.0976,0.00,0.00
2014.07.18 11:54:07.632,13.09545,13.0976,0.00,0.00
2014.07.18 11:54:07.733,13.0952,13.0976,0.00,0.00
2014.07.18 11:54:11.004,13.0952,13.0978,0.00,0.00
2014.07.18 11:54:11.054,13.0953,13.0979,0.00,0.00
2014.07.18 11:54:11.452,13.0961,13.09859,0.00,0.00
2014.07.18 11:54:11.953,13.0961,13.098,0.00,0.00
2014.07.18 11:54:12.324,13.0961,13.09859,0.00,0.00
2014.07.18 11:54:12.374,13.0962,13.0986,0.00,0.00
2014.07.18 11:54:19.308,13.0964,13.0986,0.00,0.00
2014.07.18 11:54:19.359,13.0964,13.099,0.00,0.00
2014.07.18 11:54:19.418,13.0967,13.09909,0.00,0.00
2014.07.18 11:54:19.925,13.0967,13.0991,0.00,0.00
2014.07.18 11:54:20.888,13.0966,13.0986,0.00,0.00
2014.07.18 11:54:20.990,13.09633,13.09859,0.00,0.00
2014.07.18 11:54:21.090,13.09633,13.098,0.00,0.00
2014.07.18 11:54:21.192,13.0961,13.098,0.00,0.00
2014.07.18 11:54:22.400,13.0962,13.098,0.00,0.00
2014.07.18 11:54:22.451,13.0962,13.09859,0.00,0.00
2014.07.18 11:54:23.177,13.0962,13.0986,0.00,0.00
2014.07.18 11:54:23.957,13.0962,13.0988,0.00,0.00
2014.07.18 11:54:24.008,13.0963,13.0989,0.00,0.00
2014.07.18 11:54:24.482,13.0967,13.0991,0.00,0.00
2014.07.18 11:54:27.305,13.0967,13.0993,0.00,0.00
2014.07.18 11:54:27.356,13.09695,13.09955,0.00,0.00
2014.07.18 11:54:27.783,13.0975,13.1001,0.00,0.00
2014.07.18 11:54:28.119,13.09855,13.1011,0.00,0.00
2014.07.18 11:54:29.696,13.09865,13.1011,0.00,0.00
2014.07.18 11:54:31.987,13.09865,13.1002,0.00,0.00
2014.07.18 11:54:32.123,13.09817,13.1002,0.00,0.00
2014.07.18 11:54:32.230,13.098,13.1002,0.00,0.00
2014.07.18 11:54:32.331,13.0978,13.1002,0.00,0.00
2014.07.18 11:54:33.744,13.098,13.1002,0.00,0.00
2014.07.18 11:54:34.173,13.0979,13.1002,0.00,0.00
2014.07.18 11:54:34.276,13.0978,13.1002,0.00,0.00
2014.07.18 11:54:36.907,13.0977,13.1002,0.00,0.00
2014.07.18 11:54:38.444,13.0973,13.0999,0.00,0.00
2014.07.18 11:54:39.523,13.09759,13.10019,0.00,0.00
2014.07.18 11:54:40.227,13.09729,13.09989,0.00,0.00
2014.07.18 11:54:41.940,13.09763,13.1002,0.00,0.00
2014.07.18 11:54:42.041,13.09732,13.09992,0.00,0.00
2014.07.18 11:54:42.572,13.09747,13.10007,0.00,0.00
2014.07.18 11:54:44.209,13.09731,13.09991,0.00,0.00
2014.07.18 11:54:44.722,13.09763,13.1002,0.00,0.00
2014.07.18 11:54:45.401,13.09747,13.10007,0.00,0.00
2014.07.18 11:54:46.471,13.09763,13.1002,0.00,0.00
2014.07.18 11:54:48.322,13.09731,13.09991,0.00,0.00
2014.07.18 11:54:50.151,13.09745,13.10005,0.00,0.00
2014.07.18 11:54:50.584,13.09729,13.09989,0.00,0.00
2014.07.18 11:54:51.790,13.0976,13.1002,0.00,0.00
2014.07.18 11:54:55.603,13.0973,13.0999,0.00,0.00
2014.07.18 11:54:56.194,13.09762,13.1002,0.00,0.00
2014.07.18 11:54:56.345,13.09732,13.09992,0.00,0.00
2014.07.18 11:54:56.574,13.09764,13.1002,0.00,0.00
2014.07.18 11:54:57.660,13.09729,13.09989,0.00,0.00
2014.07.18 11:54:58.243,13.09756,13.10016,0.00,0.00
2014.07.18 11:54:59.073,13.09771,13.10016,0.00,0.00
2014.07.18 11:54:59.476,13.09852,13.1006,0.00,0.00
2014.07.18 11:54:59.527,13.09852,13.1011,0.00,0.00
2014.07.18 11:54:59.632,13.09877,13.1011,0.00,0.00
2014.07.18 11:54:59.958,13.09862,13.1011,0.00,0.00
2014.07.18 11:55:00.181,13.09804,13.10064,0.00,0.00
2014.07.18 11:55:00.281,13.09804,13.1006,0.00,0.00
2014.07.18 11:55:00.332,13.09785,13.10045,0.00,0.00
2014.07.18 11:55:00.639,13.09783,13.10043,0.00,0.00
2014.07.18 11:55:00.984,13.09844,13.10104,0.00,0.00
2014.07.18 11:55:02.579,13.09814,13.10074,0.00,0.00
2014.07.18 11:55:02.882,13.09854,13.1011,0.00,0.00
2014.07.18 11:55:03.382,13.0984,13.101,0.00,0.00
2014.07.18 11:55:03.489,13.09829,13.10089,0.00,0.00
2014.07.18 11:55:05.124,13.09754,13.10014,0.00,0.00
2014.07.18 11:55:05.476,13.09712,13.0996,0.00,0.00
2014.07.18 11:55:05.548,13.09686,13.09946,0.00,0.00
2014.07.18 11:55:06.058,13.09717,13.0996,0.00,0.00
2014.07.18 11:55:06.277,13.09685,13.09945,0.00,0.00
2014.07.18 11:55:06.456,13.097,13.09945,0.00,0.00
2014.07.18 11:55:06.506,13.09718,13.09978,0.00,0.00
2014.07.18 11:55:06.637,13.09718,13.0996,0.00,0.00
2014.07.18 11:55:06.764,13.09701,13.0996,0.00,0.00
2014.07.18 11:55:06.967,13.09685,13.09945,0.00,0.00
2014.07.18 11:55:07.897,13.0971,13.0996,0.00,0.00
2014.07.18 11:55:08.007,13.09694,13.09954,0.00,0.00
2014.07.18 11:55:08.167,13.09679,13.09939,0.00,0.00
2014.07.18 11:55:08.497,13.09638,13.09898,0.00,0.00
2014.07.18 11:55:11.064,13.0964,13.09898,0.00,0.00
2014.07.18 11:55:11.114,13.09688,13.09948,0.00,0.00
2014.07.18 11:55:11.176,13.09707,13.09959,0.00,0.00
2014.07.18 11:55:11.732,13.09707,13.0996,0.00,0.00
2014.07.18 11:55:11.833,13.09679,13.09939,0.00,0.00
2014.07.18 11:55:13.006,13.09709,13.0996,0.00,0.00
2014.07.18 11:55:14.205,13.09679,13.09939,0.00,0.00
2014.07.18 11:55:14.315,13.09694,13.09954,0.00,0.00
2014.07.18 11:55:15.485,13.09679,13.09939,0.00,0.00
2014.07.18 11:55:15.823,13.09694,13.09954,0.00,0.00
2014.07.18 11:55:16.726,13.09679,13.09939,0.00,0.00
2014.07.18 11:55:18.737,13.09679,13.0991,0.00,0.00
2014.07.18 11:55:18.888,13.09642,13.09902,0.00,0.00
2014.07.18 11:55:21.038,13.09771,13.09947,0.00,0.00
2014.07.18 11:55:21.089,13.09771,13.0996,0.00,0.00
2014.07.18 11:55:21.267,13.09771,13.1002,0.00,0.00
2014.07.18 11:55:23.135,13.0976,13.1002,0.00,0.00
2014.07.18 11:55:23.245,13.09776,13.1002,0.00,0.00
2014.07.18 11:55:23.933,13.09787,13.10047,0.00,0.00
2014.07.18 11:55:24.062,13.09803,13.1006,0.00,0.00
2014.07.18 11:55:26.369,13.09804,13.1006,0.00,0.00
2014.07.18 11:55:26.742,13.09779,13.10039,0.00,0.00
2014.07.18 11:55:29.032,13.09813,13.1006,0.00,0.00
2014.07.18 11:55:31.461,13.09843,13.1006,0.00,0.00
2014.07.18 11:55:31.512,13.09843,13.10103,0.00,0.00
2014.07.18 11:55:31.967,13.09828,13.10088,0.00,0.00
2014.07.18 11:55:32.322,13.09851,13.1011,0.00,0.00
2014.07.18 11:55:32.707,13.0998,13.10131,0.00,0.00
2014.07.18 11:55:32.885,13.0998,13.10223,0.00,0.00
2014.07.18 11:55:32.986,13.10002,13.10262,0.00,0.00
2014.07.18 11:55:33.061,13.10016,13.10276,0.00,0.00
2014.07.18 11:55:33.958,13.10043,13.103,0.00,0.00
2014.07.18 11:55:34.372,13.10031,13.10291,0.00,0.00
2014.07.18 11:55:34.482,13.10049,13.103,0.00,0.00
2014.07.18 11:55:35.479,13.10051,13.103,0.00,0.00
2014.07.18 11:55:35.681,13.10036,13.10296,0.00,0.00
2014.07.18 11:55:35.790,13.10057,13.103,0.00,0.00
2014.07.18 11:55:36.239,13.10034,13.10294,0.00,0.00
2014.07.18 11:55:36.492,13.10052,13.103,0.00,0.00
2014.07.18 11:55:37.321,13.10029,13.10289,0.00,0.00
2014.07.18 11:55:38.740,13.10051,13.103,0.00,0.00
2014.07.18 11:55:39.069,13.10129,13.1036,0.00,0.00
2014.07.18 11:55:39.120,13.10129,13.10389,0.00,0.00
2014.07.18 11:55:39.399,13.10139,13.10399,0.00,0.00
2014.07.18 11:55:44.203,13.10129,13.10389,0.00,0.00
2014.07.18 11:55:44.304,13.1009,13.1041,0.00,0.00
2014.07.18 11:55:45.143,13.10081,13.103,0.00,0.00
2014.07.18 11:55:45.194,13.10029,13.103,0.00,0.00
2014.07.18 11:55:45.288,13.10014,13.103,0.00,0.00
2014.07.18 11:55:45.398,13.0998,13.103,0.00,0.00
2014.07.18 11:55:45.499,13.09974,13.1026,0.00,0.00
2014.07.18 11:55:45.810,13.09974,13.1021,0.00,0.00
2014.07.18 11:55:45.862,13.09934,13.10194,0.00,0.00
2014.07.18 11:55:46.323,13.09954,13.1021,0.00,0.00
2014.07.18 11:55:46.388,13.09938,13.10198,0.00,0.00
2014.07.18 11:55:50.569,13.09968,13.10228,0.00,0.00
2014.07.18 11:55:50.926,13.10047,13.103,0.00,0.00
2014.07.18 11:55:51.626,13.10029,13.10289,0.00,0.00
2014.07.18 11:55:53.162,13.10052,13.103,0.00,0.00
2014.07.18 11:55:54.276,13.10029,13.10289,0.00,0.00
2014.07.18 11:55:56.516,13.10014,13.10274,0.00,0.00
2014.07.18 11:55:56.848,13.09959,13.10219,0.00,0.00
2014.07.18 11:55:57.272,13.09959,13.1021,0.00,0.00
2014.07.18 11:55:57.627,13.09978,13.1021,0.00,0.00
2014.07.18 11:56:00.866,13.09978,13.10238,0.00,0.00
2014.07.18 11:56:00.967,13.09994,13.10254,0.00,0.00
2014.07.18 11:56:01.284,13.10036,13.10296,0.00,0.00
2014.07.18 11:56:13.722,13.10004,13.10264,0.00,0.00
2014.07.18 11:56:14.051,13.10026,13.10286,0.00,0.00
2014.07.18 11:56:14.701,13.10011,13.10271,0.00,0.00
2014.07.18 11:56:15.141,13.10027,13.10287,0.00,0.00
2014.07.18 11:56:15.506,13.10041,13.103,0.00,0.00
2014.07.18 11:56:15.906,13.10029,13.10289,0.00,0.00
2014.07.18 11:56:18.429,13.10014,13.10274,0.00,0.00
2014.07.18 11:56:18.760,13.0994,13.10193,0.00,0.00
2014.07.18 11:56:18.811,13.09933,13.10193,0.00,0.00
2014.07.18 11:56:18.871,13.09964,13.1021,0.00,0.00
2014.07.18 11:56:19.456,13.09976,13.10236,0.00,0.00
2014.07.18 11:56:19.507,13.09981,13.10236,0.00,0.00
2014.07.18 11:56:19.676,13.10042,13.103,0.00,0.00
2014.07.18 11:56:19.959,13.10029,13.10289,0.00,0.00
2014.07.18 11:56:20.965,13.10044,13.103,0.00,0.00
2014.07.18 11:56:24.415,13.10029,13.10289,0.00,0.00
2014.07.18 11:56:25.581,13.10042,13.103,0.00,0.00
2014.07.18 11:56:25.836,13.10042,13.10302,0.00,0.00
2014.07.18 11:56:25.989,13.10029,13.10289,0.00,0.00
2014.07.18 11:56:26.291,13.1016,13.1042,0.00,0.00
2014.07.18 11:56:26.730,13.10129,13.10389,0.00,0.00
2014.07.18 11:56:27.441,13.10139,13.10399,0.00,0.00
2014.07.18 11:56:28.051,13.10152,13.10412,0.00,0.00
2014.07.18 11:56:28.366,13.1017,13.10412,0.00,0.00
2014.07.18 11:56:28.526,13.10179,13.10439,0.00,0.00
2014.07.18 11:56:29.394,13.10149,13.10409,0.00,0.00
2014.07.18 11:56:29.702,13.10134,13.10394,0.00,0.00
2014.07.18 11:56:30.035,13.10144,13.10404,0.00,0.00
2014.07.18 11:56:30.656,13.10134,13.10394,0.00,0.00
2014.07.18 11:56:30.986,13.10149,13.10409,0.00,0.00
2014.07.18 11:56:31.294,13.10204,13.10459,0.00,0.00
2014.07.18 11:56:31.344,13.10173,13.1043,0.00,0.00
2014.07.18 11:56:31.445,13.10194,13.1043,0.00,0.00
2014.07.18 11:56:31.545,13.10174,13.1043,0.00,0.00
2014.07.18 11:56:32.404,13.10159,13.10419,0.00,0.00
2014.07.18 11:56:32.869,13.10183,13.1043,0.00,0.00
2014.07.18 11:56:33.273,13.10169,13.10429,0.00,0.00
2014.07.18 11:56:33.486,13.10129,13.10389,0.00,0.00
2014.07.18 11:56:33.954,13.10188,13.1043,0.00,0.00
2014.07.18 11:56:34.005,13.10188,13.10448,0.00,0.00
2014.07.18 11:56:34.055,13.10207,13.10467,0.00,0.00
2014.07.18 11:56:34.373,13.10179,13.10439,0.00,0.00
2014.07.18 11:56:35.226,13.10208,13.10468,0.00,0.00
2014.07.18 11:56:35.566,13.1022,13.10468,0.00,0.00
2014.07.18 11:56:35.737,13.10208,13.10468,0.00,0.00
2014.07.18 11:56:36.024,13.10179,13.10439,0.00,0.00
2014.07.18 11:56:36.946,13.10179,13.1043,0.00,0.00
2014.07.18 11:56:37.097,13.10159,13.10419,0.00,0.00
2014.07.18 11:56:37.435,13.10169,13.10429,0.00,0.00
2014.07.18 11:56:38.106,13.10185,13.1043,0.00,0.00
2014.07.18 11:56:38.185,13.10152,13.10412,0.00,0.00
2014.07.18 11:56:38.994,13.10169,13.10429,0.00,0.00
2014.07.18 11:56:39.472,13.10148,13.10408,0.00,0.00
2014.07.18 11:56:39.777,13.10162,13.10422,0.00,0.00
2014.07.18 11:56:40.265,13.10146,13.10406,0.00,0.00
2014.07.18 11:56:41.145,13.10157,13.10417,0.00,0.00
2014.07.18 11:56:41.784,13.10169,13.10429,0.00,0.00
2014.07.18 11:56:42.246,13.10143,13.10403,0.00,0.00
2014.07.18 11:56:44.089,13.10169,13.10429,0.00,0.00
2014.07.18 11:56:46.917,13.10144,13.10404,0.00,0.00
2014.07.18 11:56:47.597,13.10169,13.10429,0.00,0.00
2014.07.18 11:56:48.158,13.10146,13.10406,0.00,0.00
2014.07.18 11:56:48.517,13.10161,13.10421,0.00,0.00
2014.07.18 11:56:51.960,13.10145,13.10405,0.00,0.00
2014.07.18 11:56:52.525,13.1016,13.1042,0.00,0.00
2014.07.18 11:56:52.863,13.10129,13.10389,0.00,0.00
2014.07.18 11:56:53.182,13.10112,13.10372,0.00,0.00
2014.07.18 11:56:59.174,13.10112,13.10349,0.00,0.00
2014.07.18 11:56:59.425,13.10012,13.10272,0.00,0.00
2014.07.18 11:57:03.488,13.10029,13.10289,0.00,0.00
2014.07.18 11:57:04.187,13.10012,13.10272,0.00,0.00
2014.07.18 11:57:05.364,13.10026,13.10286,0.00,0.00
2014.07.18 11:57:06.120,13.10015,13.10275,0.00,0.00
2014.07.18 11:57:10.336,13.10026,13.10286,0.00,0.00
2014.07.18 11:57:10.956,13.10012,13.10272,0.00,0.00
2014.07.18 11:57:15.816,13.10023,13.10283,0.00,0.00
2014.07.18 11:57:16.358,13.10012,13.10272,0.00,0.00
2014.07.18 11:57:17.448,13.10027,13.10287,0.00,0.00
2014.07.18 11:57:17.980,13.10012,13.10272,0.00,0.00
2014.07.18 11:57:19.196,13.10024,13.10284,0.00,0.00
2014.07.18 11:57:26.367,13.10012,13.10272,0.00,0.00
2014.07.18 11:57:29.832,13.10028,13.10288,0.00,0.00
2014.07.18 11:57:30.192,13.10058,13.10318,0.00,0.00
2014.07.18 11:57:34.071,13.10042,13.10302,0.00,0.00
2014.07.18 11:57:34.483,13.10059,13.10319,0.00,0.00
2014.07.18 11:57:35.195,13.10042,13.10302,0.00,0.00
2014.07.18 11:57:36.240,13.10032,13.10292,0.00,0.00
2014.07.18 11:57:36.673,13.10012,13.10272,0.00,0.00
2014.07.18 11:57:38.785,13.10025,13.10285,0.00,0.00
2014.07.18 11:57:40.194,13.10012,13.10272,0.00,0.00
2014.07.18 11:57:41.622,13.1001,13.10252,0.00,0.00
2014.07.18 11:57:41.730,13.1001,13.10266,0.00,0.00
2014.07.18 11:57:41.840,13.1001,13.10252,0.00,0.00
2014.07.18 11:57:43.745,13.09992,13.10252,0.00,0.00
2014.07.18 11:57:43.796,13.09992,13.10249,0.00,0.00
2014.07.18 11:57:44.086,13.09917,13.10177,0.00,0.00
2014.07.18 11:57:45.584,13.1001,13.10177,0.00,0.00
2014.07.18 11:57:45.679,13.1001,13.10198,0.00,0.00
2014.07.18 11:57:45.788,13.1001,13.10256,0.00,0.00
2014.07.18 11:57:45.898,13.1001,13.10268,0.00,0.00
2014.07.18 11:57:46.583,13.10012,13.10272,0.00,0.00
2014.07.18 11:57:47.342,13.10022,13.10282,0.00,0.00
2014.07.18 11:57:47.690,13.10012,13.10272,0.00,0.00
2014.07.18 11:57:54.723,13.10022,13.10282,0.00,0.00
2014.07.18 11:57:55.905,13.10012,13.10272,0.00,0.00
2014.07.18 11:57:56.247,13.09987,13.10247,0.00,0.00
2014.07.18 11:57:56.602,13.09962,13.10222,0.00,0.00
2014.07.18 11:57:58.867,13.0996,13.10212,0.00,0.00
2014.07.18 11:57:58.918,13.09952,13.10212,0.00,0.00
2014.07.18 11:57:58.975,13.09912,13.10172,0.00,0.00
2014.07.18 11:58:00.295,13.0991,13.10147,0.00,0.00
2014.07.18 11:58:00.346,13.09887,13.10147,0.00,0.00
2014.07.18 11:58:00.396,13.09881,13.10102,0.00,0.00
2014.07.18 11:58:00.505,13.09881,13.10122,0.00,0.00
2014.07.18 11:58:00.555,13.0991,13.10122,0.00,0.00
2014.07.18 11:58:00.656,13.09912,13.10172,0.00,0.00
2014.07.18 11:58:01.409,13.09925,13.10185,0.00,0.00
2014.07.18 11:58:01.713,13.0991,13.10162,0.00,0.00
2014.07.18 11:58:01.763,13.09902,13.10157,0.00,0.00
2014.07.18 11:58:01.814,13.0986,13.10117,0.00,0.00
2014.07.18 11:58:01.914,13.09871,13.10117,0.00,0.00
2014.07.18 11:58:01.965,13.09912,13.10172,0.00,0.00
2014.07.18 11:58:02.269,13.09862,13.10122,0.00,0.00
2014.07.18 11:58:02.604,13.0989,13.1015,0.00,0.00
2014.07.18 11:58:03.844,13.0989,13.1014,0.00,0.00
2014.07.18 11:58:03.895,13.09852,13.10112,0.00,0.00
2014.07.18 11:58:04.004,13.09874,13.10134,0.00,0.00
2014.07.18 11:58:04.392,13.09862,13.10122,0.00,0.00
2014.07.18 11:58:04.866,13.09889,13.10149,0.00,0.00
2014.07.18 11:58:05.384,13.09889,13.1014,0.00,0.00
2014.07.18 11:58:05.435,13.09862,13.10122,0.00,0.00
2014.07.18 11:58:05.544,13.09841,13.10101,0.00,0.00
2014.07.18 11:58:05.857,13.09888,13.10148,0.00,0.00
2014.07.18 11:58:06.188,13.09873,13.10133,0.00,0.00
2014.07.18 11:58:10.005,13.0991,13.10133,0.00,0.00
2014.07.18 11:58:10.105,13.09942,13.10197,0.00,0.00
2014.07.18 11:58:10.156,13.09942,13.10202,0.00,0.00
2014.07.18 11:58:10.212,13.0998,13.1023,0.00,0.00
2014.07.18 11:58:10.373,13.09992,13.10252,0.00,0.00
2014.07.18 11:58:10.431,13.10006,13.10266,0.00,0.00
2014.07.18 11:58:10.743,13.1001,13.10266,0.00,0.00
2014.07.18 11:58:10.794,13.10016,13.10276,0.00,0.00
2014.07.18 11:58:11.300,13.1001,13.10252,0.00,0.00
2014.07.18 11:58:11.453,13.09982,13.10242,0.00,0.00
2014.07.18 11:58:11.611,13.09962,13.10222,0.00,0.00
2014.07.18 11:58:14.431,13.10002,13.10262,0.00,0.00
2014.07.18 11:58:18.782,13.10013,13.10273,0.00,0.00
2014.07.18 11:58:19.084,13.10038,13.10298,0.00,0.00
2014.07.18 11:58:19.385,13.09993,13.1023,0.00,0.00
2014.07.18 11:58:19.720,13.10003,13.10263,0.00,0.00
2014.07.18 11:58:20.124,13.10003,13.1023,0.00,0.00
2014.07.18 11:58:20.344,13.10003,13.10263,0.00,0.00
2014.07.18 11:58:22.922,13.1001,13.10263,0.00,0.00
2014.07.18 11:58:22.972,13.10033,13.10293,0.00,0.00
2014.07.18 11:58:23.123,13.10053,13.10313,0.00,0.00
2014.07.18 11:58:23.517,13.10071,13.10313,0.00,0.00
2014.07.18 11:58:23.668,13.10063,13.10323,0.00,0.00
2014.07.18 11:58:23.768,13.10083,13.1033,0.00,0.00
2014.07.18 11:58:23.870,13.10058,13.10318,0.00,0.00
2014.07.18 11:58:24.194,13.1006,13.10318,0.00,0.00
2014.07.18 11:58:24.294,13.10068,13.10328,0.00,0.00
2014.07.18 11:58:24.395,13.10098,13.10358,0.00,0.00
2014.07.18 11:58:30.255,13.10168,13.10428,0.00,0.00
2014.07.18 11:58:30.564,13.10133,13.1038,0.00,0.00
2014.07.18 11:58:30.614,13.10123,13.1038,0.00,0.00
2014.07.18 11:58:30.815,13.10103,13.10363,0.00,0.00
2014.07.18 11:58:31.032,13.10133,13.10393,0.00,0.00
2014.07.18 11:58:33.418,13.10143,13.10403,0.00,0.00
2014.07.18 11:58:33.728,13.10198,13.10458,0.00,0.00
2014.07.18 11:58:34.314,13.10198,13.1043,0.00,0.00
2014.07.18 11:58:34.414,13.10194,13.1043,0.00,0.00
2014.07.18 11:58:34.533,13.10194,13.10454,0.00,0.00
2014.07.18 11:58:38.163,13.10194,13.1043,0.00,0.00
2014.07.18 11:58:38.264,13.10184,13.1043,0.00,0.00
2014.07.18 11:58:38.785,13.10203,13.1043,0.00,0.00
2014.07.18 11:58:38.835,13.10203,13.10449,0.00,0.00
2014.07.18 11:58:38.936,13.10203,13.10463,0.00,0.00
2014.07.18 11:58:41.284,13.10193,13.10453,0.00,0.00
2014.07.18 11:58:41.841,13.10253,13.10513,0.00,0.00
2014.07.18 11:58:42.932,13.10234,13.10494,0.00,0.00
2014.07.18 11:58:43.693,13.10253,13.10513,0.00,0.00
2014.07.18 11:58:44.039,13.10234,13.10494,0.00,0.00
2014.07.18 11:58:45.635,13.1022,13.1048,0.00,0.00
2014.07.18 11:58:45.964,13.1032,13.10472,0.00,0.00
2014.07.18 11:58:46.014,13.10212,13.10472,0.00,0.00
2014.07.18 11:58:46.218,13.10194,13.10454,0.00,0.00
2014.07.18 11:58:55.361,13.1018,13.1044,0.00,0.00
2014.07.18 11:58:55.781,13.10194,13.10454,0.00,0.00
2014.07.18 11:58:56.203,13.10204,13.10464,0.00,0.00
2014.07.18 11:58:57.872,13.10189,13.10449,0.00,0.00
2014.07.18 11:58:58.729,13.10204,13.10464,0.00,0.00
2014.07.18 11:58:59.030,13.10189,13.10449,0.00,0.00
2014.07.18 11:59:00.382,13.10204,13.10464,0.00,0.00
2014.07.18 11:59:01.483,13.10204,13.104,0.00,0.00
2014.07.18 11:59:01.630,13.10188,13.104,0.00,0.00
2014.07.18 11:59:02.269,13.10203,13.104,0.00,0.00
2014.07.18 11:59:02.428,13.10187,13.104,0.00,0.00
2014.07.18 11:59:02.501,13.10203,13.104,0.00,0.00
2014.07.18 11:59:04.118,13.10187,13.104,0.00,0.00
2014.07.18 11:59:04.438,13.10202,13.104,0.00,0.00
2014.07.18 11:59:05.099,13.10187,13.104,0.00,0.00
2014.07.18 11:59:06.097,13.10204,13.104,0.00,0.00
2014.07.18 11:59:07.308,13.10186,13.104,0.00,0.00
2014.07.18 11:59:08.193,13.10186,13.1034,0.00,0.00
2014.07.18 11:59:08.301,13.10144,13.1034,0.00,0.00
2014.07.18 11:59:08.630,13.10164,13.1034,0.00,0.00
2014.07.18 11:59:08.731,13.10144,13.1034,0.00,0.00
2014.07.18 11:59:08.831,13.10159,13.1034,0.00,0.00
2014.07.18 11:59:09.137,13.10144,13.1034,0.00,0.00
2014.07.18 11:59:09.671,13.10144,13.1029,0.00,0.00
2014.07.18 11:59:09.722,13.10109,13.1029,0.00,0.00
2014.07.18 11:59:09.823,13.1009,13.1029,0.00,0.00
2014.07.18 11:59:09.874,13.1009,13.1034,0.00,0.00
2014.07.18 11:59:09.924,13.10169,13.1034,0.00,0.00
2014.07.18 11:59:10.246,13.10184,13.1034,0.00,0.00
2014.07.18 11:59:10.297,13.10184,13.104,0.00,0.00
2014.07.18 11:59:10.347,13.10204,13.104,0.00,0.00
2014.07.18 11:59:14.793,13.10204,13.1045,0.00,0.00
2014.07.18 11:59:15.149,13.10204,13.104,0.00,0.00
2014.07.18 11:59:15.441,13.10185,13.104,0.00,0.00
2014.07.18 11:59:16.883,13.10201,13.104,0.00,0.00
2014.07.18 11:59:19.194,13.10201,13.1034,0.00,0.00
2014.07.18 11:59:19.245,13.10185,13.1034,0.00,0.00
2014.07.18 11:59:19.353,13.10168,13.1034,0.00,0.00
2014.07.18 11:59:19.524,13.10168,13.104,0.00,0.00
2014.07.18 11:59:19.574,13.10204,13.104,0.00,0.00
2014.07.18 11:59:19.697,13.10194,13.104,0.00,0.00
2014.07.18 11:59:19.747,13.10204,13.1034,0.00,0.00
2014.07.18 11:59:19.898,13.10184,13.1034,0.00,0.00
2014.07.18 11:59:19.999,13.10184,13.104,0.00,0.00
2014.07.18 11:59:20.295,13.10204,13.104,0.00,0.00
2014.07.18 11:59:21.943,13.10204,13.1034,0.00,0.00
2014.07.18 11:59:21.993,13.10176,13.1034,0.00,0.00
2014.07.18 11:59:22.494,13.10194,13.1034,0.00,0.00
2014.07.18 11:59:22.712,13.10194,13.104,0.00,0.00
2014.07.18 11:59:22.763,13.10204,13.104,0.00,0.00
2014.07.18 11:59:27.302,13.10182,13.104,0.00,0.00
2014.07.18 11:59:27.353,13.10182,13.1034,0.00,0.00
2014.07.18 11:59:27.453,13.10172,13.1034,0.00,0.00
2014.07.18 11:59:28.671,13.10172,13.104,0.00,0.00
2014.07.18 11:59:28.772,13.10204,13.104,0.00,0.00
2014.07.18 11:59:29.166,13.10184,13.104,0.00,0.00
2014.07.18 11:59:29.426,13.10184,13.1034,0.00,0.00
2014.07.18 11:59:29.494,13.10174,13.1034,0.00,0.00
2014.07.18 11:59:29.643,13.10174,13.104,0.00,0.00
2014.07.18 11:59:29.844,13.10204,13.104,0.00,0.00
2014.07.18 11:59:30.144,13.10181,13.104,0.00,0.00
2014.07.18 11:59:31.293,13.10181,13.1034,0.00,0.00
2014.07.18 11:59:31.394,13.10164,13.1034,0.00,0.00
2014.07.18 11:59:31.802,13.10178,13.1034,0.00,0.00
2014.07.18 11:59:33.439,13.10161,13.1034,0.00,0.00
2014.07.18 11:59:33.539,13.10151,13.1034,0.00,0.00
2014.07.18 11:59:33.750,13.10164,13.1034,0.00,0.00
2014.07.18 11:59:33.851,13.10146,13.1034,0.00,0.00
2014.07.18 11:59:34.071,13.10159,13.1034,0.00,0.00
2014.07.18 11:59:34.181,13.10144,13.1034,0.00,0.00
2014.07.18 11:59:34.378,13.10144,13.10404,0.00,0.00
2014.07.18 11:59:34.429,13.10154,13.10414,0.00,0.00
2014.07.18 11:59:34.792,13.10249,13.1045,0.00,0.00
2014.07.18 11:59:37.406,13.10227,13.1045,0.00,0.00
2014.07.18 11:59:41.977,13.10255,13.1045,0.00,0.00
2014.07.18 11:59:44.088,13.10232,13.1045,0.00,0.00
2014.07.18 11:59:47.166,13.10281,13.1045,0.00,0.00
2014.07.18 11:59:47.267,13.10254,13.1045,0.00,0.00
2014.07.18 11:59:47.741,13.10254,13.105,0.00,0.00
2014.07.18 11:59:47.952,13.10254,13.1045,0.00,0.00
2014.07.18 11:59:48.438,13.10232,13.1045,0.00,0.00
2014.07.18 11:59:48.589,13.10252,13.1045,0.00,0.00
2014.07.18 11:59:48.699,13.10242,13.1045,0.00,0.00
2014.07.18 11:59:49.737,13.10232,13.1045,0.00,0.00
2014.07.18 11:59:50.508,13.10222,13.1045,0.00,0.00
2014.07.18 11:59:51.486,13.10212,13.1045,0.00,0.00
2014.07.18 11:59:51.682,13.10212,13.104,0.00,0.00
2014.07.18 11:59:51.733,13.10153,13.104,0.00,0.00
2014.07.18 11:59:51.786,13.10142,13.104,0.00,0.00
2014.07.18 11:59:51.948,13.10117,13.1034,0.00,0.00
2014.07.18 11:59:52.251,13.10107,13.1029,0.00,0.00
2014.07.18 11:59:52.301,13.10082,13.1029,0.00,0.00
2014.07.18 11:59:52.368,13.10062,13.1029,0.00,0.00
2014.07.18 11:59:52.713,13.10085,13.1029,0.00,0.00
2014.07.18 11:59:52.814,13.1007,13.1029,0.00,0.00
2014.07.18 11:59:55.314,13.1007,13.1033,0.00,0.00
2014.07.18 11:59:55.466,13.10071,13.10282,0.00,0.00
2014.07.18 11:59:55.517,13.10022,13.10282,0.00,0.00
2014.07.18 11:59:55.568,13.10022,13.1024,0.00,0.00
2014.07.18 11:59:56.430,13.10022,13.1019,0.00,0.00
2014.07.18 11:59:56.481,13.10012,13.1019,0.00,0.00
2014.07.18 11:59:56.581,13.09944,13.1019,0.00,0.00
2014.07.18 11:59:56.682,13.09925,13.1014,0.00,0.00
2014.07.18 11:59:56.986,13.09923,13.1014,0.00,0.00
2014.07.18 11:59:57.572,13.09913,13.1014,0.00,0.00
2014.07.18 11:59:57.870,13.09944,13.1014,0.00,0.00
2014.07.18 11:59:58.202,13.09929,13.1014,0.00,0.00
2014.07.18 11:59:59.290,13.09912,13.1009,0.00,0.00
2014.07.18 11:59:59.441,13.099,13.1009,0.00,0.00
2014.07.18 11:59:59.542,13.09889,13.1014,0.00,0.00
2014.07.18 11:59:59.617,13.09929,13.1014,0.00,0.00
