2015.02.02 15:00:00.179,12.71629,12.71788,0.00,0.00
2015.02.02 15:00:00.230,12.72011,12.72281,0.00,0.00
2015.02.02 15:00:00.331,12.71979,12.72479,0.00,0.00
2015.02.02 15:00:00.432,12.71822,12.72478,0.00,0.00
2015.02.02 15:00:00.532,12.71789,12.72328,0.00,0.00
2015.02.02 15:00:00.848,12.71822,12.72129,0.00,0.00
2015.02.02 15:00:00.953,12.71651,12.72109,0.00,0.00
2015.02.02 15:00:01.004,12.71681,12.72199,0.00,0.00
2015.02.02 15:00:01.063,12.71732,12.72199,0.00,0.00
2015.02.02 15:00:01.114,12.71732,12.72228,0.00,0.00
2015.02.02 15:00:01.170,12.71849,12.72228,0.00,0.00
2015.02.02 15:00:01.221,12.71849,12.72299,0.00,0.00
2015.02.02 15:00:01.321,12.71769,12.72219,0.00,0.00
2015.02.02 15:00:01.435,12.7177,12.7229,0.00,0.00
2015.02.02 15:00:01.536,12.71812,12.72268,0.00,0.00
2015.02.02 15:00:01.637,12.71729,12.72228,0.00,0.00
2015.02.02 15:00:01.688,12.71682,12.72171,0.00,0.00
2015.02.02 15:00:01.995,12.71809,12.72228,0.00,0.00
2015.02.02 15:00:02.147,12.71802,12.72261,0.00,0.00
2015.02.02 15:00:02.197,12.71751,12.72199,0.00,0.00
2015.02.02 15:00:02.400,12.71901,12.72379,0.00,0.00
2015.02.02 15:00:02.525,12.71891,12.72408,0.00,0.00
2015.02.02 15:00:02.624,12.71811,12.72408,0.00,0.00
2015.02.02 15:00:02.674,12.71811,12.72299,0.00,0.00
2015.02.02 15:00:02.777,12.71812,12.72409,0.00,0.00
2015.02.02 15:00:02.827,12.72009,12.72409,0.00,0.00
2015.02.02 15:00:02.878,12.72009,12.72451,0.00,0.00
2015.02.02 15:00:02.979,12.72009,12.72479,0.00,0.00
2015.02.02 15:00:03.538,12.7203,12.72419,0.00,0.00
2015.02.02 15:00:03.645,12.7207,12.72468,0.00,0.00
2015.02.02 15:00:03.758,12.72041,12.72458,0.00,0.00
2015.02.02 15:00:03.815,12.72032,12.72458,0.00,0.00
2015.02.02 15:00:04.257,12.72032,12.72458,0.00,0.00
2015.02.02 15:00:04.307,12.71331,12.72049,0.00,0.00
2015.02.02 15:00:04.361,12.71479,12.72031,0.00,0.00
2015.02.02 15:00:04.704,12.71609,12.71969,0.00,0.00
2015.02.02 15:00:04.755,12.71641,12.72079,0.00,0.00
2015.02.02 15:00:04.806,12.71641,12.7196,0.00,0.00
2015.02.02 15:00:04.856,12.71542,12.7196,0.00,0.00
2015.02.02 15:00:04.957,12.71442,12.71899,0.00,0.00
2015.02.02 15:00:05.298,12.7159,12.72069,0.00,0.00
2015.02.02 15:00:05.405,12.71531,12.71931,0.00,0.00
2015.02.02 15:00:05.464,12.71511,12.71931,0.00,0.00
2015.02.02 15:00:05.515,12.71439,12.71869,0.00,0.00
2015.02.02 15:00:05.590,12.71439,12.71879,0.00,0.00
2015.02.02 15:00:06.055,12.7164,12.72119,0.00,0.00
2015.02.02 15:00:06.116,12.71619,12.72119,0.00,0.00
2015.02.02 15:00:06.216,12.71571,12.72119,0.00,0.00
2015.02.02 15:00:06.267,12.71571,12.72068,0.00,0.00
2015.02.02 15:00:06.573,12.7163,12.72089,0.00,0.00
2015.02.02 15:00:07.113,12.71629,12.72089,0.00,0.00
2015.02.02 15:00:07.449,12.7163,12.72069,0.00,0.00
2015.02.02 15:00:07.757,12.71671,12.72069,0.00,0.00
2015.02.02 15:00:08.391,12.71709,12.72069,0.00,0.00
2015.02.02 15:00:08.492,12.71712,12.72119,0.00,0.00
2015.02.02 15:00:08.657,12.71691,12.72119,0.00,0.00
2015.02.02 15:00:08.707,12.7168,12.72089,0.00,0.00
2015.02.02 15:00:09.272,12.71679,12.72089,0.00,0.00
2015.02.02 15:00:09.609,12.71632,12.71999,0.00,0.00
2015.02.02 15:00:09.908,12.71571,12.71998,0.00,0.00
2015.02.02 15:00:09.990,12.71571,12.71969,0.00,0.00
2015.02.02 15:00:10.409,12.71571,12.71959,0.00,0.00
2015.02.02 15:00:10.460,12.71581,12.71972,0.00,0.00
2015.02.02 15:00:10.526,12.71592,12.71972,0.00,0.00
2015.02.02 15:00:10.576,12.71599,12.72009,0.00,0.00
2015.02.02 15:00:10.685,12.71559,12.71959,0.00,0.00
2015.02.02 15:00:11.057,12.71551,12.71959,0.00,0.00
2015.02.02 15:00:11.108,12.71512,12.71909,0.00,0.00
2015.02.02 15:00:11.453,12.71512,12.71879,0.00,0.00
2015.02.02 15:00:11.604,12.71551,12.71959,0.00,0.00
2015.02.02 15:00:11.681,12.71599,12.71959,0.00,0.00
2015.02.02 15:00:11.785,12.71642,12.72059,0.00,0.00
2015.02.02 15:00:11.844,12.71631,12.72059,0.00,0.00
2015.02.02 15:00:11.895,12.71561,12.71939,0.00,0.00
2015.02.02 15:00:12.217,12.71561,12.71865,0.00,0.00
2015.02.02 15:00:12.609,12.71601,12.71886,0.00,0.00
2015.02.02 15:00:12.659,12.71561,12.71886,0.00,0.00
2015.02.02 15:00:13.066,12.71562,12.7187,0.00,0.00
2015.02.02 15:00:13.398,12.71562,12.71852,0.00,0.00
2015.02.02 15:00:13.583,12.71562,12.71863,0.00,0.00
2015.02.02 15:00:13.735,12.71631,12.71863,0.00,0.00
2015.02.02 15:00:13.785,12.71631,12.71943,0.00,0.00
2015.02.02 15:00:13.886,12.71621,12.71936,0.00,0.00
2015.02.02 15:00:13.937,12.71552,12.71936,0.00,0.00
2015.02.02 15:00:13.987,12.71541,12.71864,0.00,0.00
2015.02.02 15:00:14.039,12.71541,12.71874,0.00,0.00
2015.02.02 15:00:14.090,12.71602,12.71874,0.00,0.00
2015.02.02 15:00:14.765,12.71542,12.71863,0.00,0.00
2015.02.02 15:00:15.380,12.71541,12.71863,0.00,0.00
2015.02.02 15:00:15.554,12.71541,12.71844,0.00,0.00
2015.02.02 15:00:15.824,12.71541,12.71864,0.00,0.00
2015.02.02 15:00:15.976,12.71541,12.71834,0.00,0.00
2015.02.02 15:00:16.177,12.71501,12.71825,0.00,0.00
2015.02.02 15:00:16.228,12.7158,12.71825,0.00,0.00
2015.02.02 15:00:16.379,12.7158,12.71856,0.00,0.00
2015.02.02 15:00:16.567,12.71659,12.71898,0.00,0.00
2015.02.02 15:00:16.668,12.71662,12.71956,0.00,0.00
2015.02.02 15:00:16.719,12.71642,12.71956,0.00,0.00
2015.02.02 15:00:16.820,12.71642,12.71976,0.00,0.00
2015.02.02 15:00:16.921,12.71732,12.71996,0.00,0.00
2015.02.02 15:00:17.021,12.71701,12.71995,0.00,0.00
2015.02.02 15:00:17.178,12.71691,12.71996,0.00,0.00
2015.02.02 15:00:17.234,12.71661,12.71996,0.00,0.00
2015.02.02 15:00:17.285,12.71701,12.71978,0.00,0.00
2015.02.02 15:00:17.615,12.71741,12.71979,0.00,0.00
2015.02.02 15:00:17.767,12.7158,12.71821,0.00,0.00
2015.02.02 15:00:17.817,12.71642,12.71821,0.00,0.00
2015.02.02 15:00:17.868,12.71642,12.71932,0.00,0.00
2015.02.02 15:00:18.074,12.717,12.71969,0.00,0.00
2015.02.02 15:00:18.376,12.71701,12.71945,0.00,0.00
2015.02.02 15:00:18.578,12.71661,12.71956,0.00,0.00
2015.02.02 15:00:18.678,12.71661,12.71966,0.00,0.00
2015.02.02 15:00:18.729,12.71642,12.71966,0.00,0.00
2015.02.02 15:00:18.779,12.71642,12.71956,0.00,0.00
2015.02.02 15:00:18.930,12.71471,12.71795,0.00,0.00
2015.02.02 15:00:18.981,12.71471,12.71775,0.00,0.00
2015.02.02 15:00:19.031,12.71442,12.71775,0.00,0.00
2015.02.02 15:00:19.269,12.71442,12.71766,0.00,0.00
2015.02.02 15:00:19.570,12.71442,12.71756,0.00,0.00
2015.02.02 15:00:19.890,12.71451,12.71756,0.00,0.00
2015.02.02 15:00:20.202,12.71451,12.71765,0.00,0.00
2015.02.02 15:00:20.253,12.71441,12.71765,0.00,0.00
2015.02.02 15:00:20.354,12.71511,12.71765,0.00,0.00
2015.02.02 15:00:20.404,12.71511,12.7179,0.00,0.00
2015.02.02 15:00:21.650,12.71512,12.7179,0.00,0.00
2015.02.02 15:00:21.758,12.71512,12.71805,0.00,0.00
2015.02.02 15:00:21.881,12.71512,12.7185,0.00,0.00
2015.02.02 15:00:22.125,12.71541,12.71865,0.00,0.00
2015.02.02 15:00:22.284,12.71541,12.71876,0.00,0.00
2015.02.02 15:00:22.587,12.71541,12.71855,0.00,0.00
2015.02.02 15:00:22.689,12.71541,12.71881,0.00,0.00
2015.02.02 15:00:22.850,12.71541,12.71872,0.00,0.00
2015.02.02 15:00:23.152,12.71412,12.7167,0.00,0.00
2015.02.02 15:00:23.619,12.71411,12.7169,0.00,0.00
2015.02.02 15:00:24.147,12.71412,12.7169,0.00,0.00
2015.02.02 15:00:24.247,12.71302,12.71591,0.00,0.00
2015.02.02 15:00:24.348,12.71302,12.71581,0.00,0.00
2015.02.02 15:00:25.110,12.71301,12.71581,0.00,0.00
2015.02.02 15:00:27.054,12.71301,12.71615,0.00,0.00
2015.02.02 15:00:27.155,12.71371,12.71671,0.00,0.00
2015.02.02 15:00:27.356,12.71351,12.71671,0.00,0.00
2015.02.02 15:00:27.407,12.71411,12.71671,0.00,0.00
2015.02.02 15:00:27.457,12.71411,12.71681,0.00,0.00
2015.02.02 15:00:27.508,12.7135,12.71681,0.00,0.00
2015.02.02 15:00:27.558,12.71341,12.71656,0.00,0.00
2015.02.02 15:00:27.652,12.71341,12.71681,0.00,0.00
2015.02.02 15:00:27.753,12.71411,12.717,0.00,0.00
2015.02.02 15:00:27.854,12.71382,12.71681,0.00,0.00
2015.02.02 15:00:27.955,12.71341,12.71478,0.00,0.00
2015.02.02 15:00:28.056,12.71202,12.71507,0.00,0.00
2015.02.02 15:00:28.157,12.71202,12.71497,0.00,0.00
2015.02.02 15:00:28.207,12.71161,12.71497,0.00,0.00
2015.02.02 15:00:28.258,12.71161,12.71407,0.00,0.00
2015.02.02 15:00:28.409,12.71059,12.71323,0.00,0.00
2015.02.02 15:00:28.460,12.71009,12.71292,0.00,0.00
2015.02.02 15:00:28.614,12.70958,12.71292,0.00,0.00
2015.02.02 15:00:28.787,12.70952,12.71292,0.00,0.00
2015.02.02 15:00:28.888,12.70952,12.71131,0.00,0.00
2015.02.02 15:00:28.939,12.70869,12.71069,0.00,0.00
2015.02.02 15:00:29.040,12.70759,12.71069,0.00,0.00
2015.02.02 15:00:29.140,12.70812,12.71149,0.00,0.00
2015.02.02 15:00:29.191,12.70862,12.7121,0.00,0.00
2015.02.02 15:00:29.307,12.70902,12.7127,0.00,0.00
2015.02.02 15:00:29.408,12.70902,12.713,0.00,0.00
2015.02.02 15:00:29.459,12.70939,12.713,0.00,0.00
2015.02.02 15:00:29.756,12.70902,12.71249,0.00,0.00
2015.02.02 15:00:29.807,12.70902,12.71131,0.00,0.00
2015.02.02 15:00:29.907,12.70902,12.71182,0.00,0.00
2015.02.02 15:00:29.958,12.70902,12.71182,0.00,0.00
2015.02.02 15:00:30.008,12.7081,12.71117,0.00,0.00
2015.02.02 15:00:30.109,12.7081,12.71142,0.00,0.00
2015.02.02 15:00:30.210,12.70809,12.71153,0.00,0.00
2015.02.02 15:00:30.411,12.70819,12.71163,0.00,0.00
2015.02.02 15:00:30.547,12.70819,12.71151,0.00,0.00
2015.02.02 15:00:30.859,12.7092,12.71202,0.00,0.00
2015.02.02 15:00:30.909,12.70931,12.71247,0.00,0.00
2015.02.02 15:00:31.010,12.70889,12.71201,0.00,0.00
2015.02.02 15:00:31.111,12.70909,12.71252,0.00,0.00
2015.02.02 15:00:31.212,12.70944,12.71252,0.00,0.00
2015.02.02 15:00:31.363,12.7098,12.71311,0.00,0.00
2015.02.02 15:00:31.464,12.70992,12.71311,0.00,0.00
2015.02.02 15:00:32.294,12.70992,12.71288,0.00,0.00
2015.02.02 15:00:32.641,12.70869,12.71151,0.00,0.00
2015.02.02 15:00:33.171,12.70862,12.71151,0.00,0.00
2015.02.02 15:00:33.276,12.70934,12.71151,0.00,0.00
2015.02.02 15:00:33.326,12.70934,12.71198,0.00,0.00
2015.02.02 15:00:33.377,12.70929,12.71202,0.00,0.00
2015.02.02 15:00:33.428,12.70919,12.71202,0.00,0.00
2015.02.02 15:00:33.529,12.70901,12.71202,0.00,0.00
2015.02.02 15:00:33.682,12.70921,12.71202,0.00,0.00
2015.02.02 15:00:33.783,12.70966,12.71251,0.00,0.00
2015.02.02 15:00:33.833,12.70966,12.71251,0.00,0.00
2015.02.02 15:00:33.883,12.70981,12.7131,0.00,0.00
2015.02.02 15:00:34.186,12.71161,12.71359,0.00,0.00
2015.02.02 15:00:34.237,12.71161,12.71402,0.00,0.00
2015.02.02 15:00:34.287,12.71179,12.71402,0.00,0.00
2015.02.02 15:00:34.338,12.7118,12.71511,0.00,0.00
2015.02.02 15:00:34.676,12.71252,12.71511,0.00,0.00
2015.02.02 15:00:34.777,12.7127,12.71562,0.00,0.00
2015.02.02 15:00:34.837,12.7127,12.71594,0.00,0.00
2015.02.02 15:00:34.938,12.71319,12.71594,0.00,0.00
2015.02.02 15:00:34.989,12.71331,12.71648,0.00,0.00
2015.02.02 15:00:35.090,12.71479,12.71651,0.00,0.00
2015.02.02 15:00:35.148,12.71331,12.71651,0.00,0.00
2015.02.02 15:00:35.199,12.71342,12.71709,0.00,0.00
2015.02.02 15:00:35.300,12.71361,12.71759,0.00,0.00
2015.02.02 15:00:35.351,12.71379,12.71759,0.00,0.00
2015.02.02 15:00:35.658,12.71409,12.71702,0.00,0.00
2015.02.02 15:00:35.709,12.7137,12.71702,0.00,0.00
2015.02.02 15:00:36.053,12.71369,12.71751,0.00,0.00
2015.02.02 15:00:36.103,12.7146,12.71762,0.00,0.00
2015.02.02 15:00:36.205,12.7147,12.71811,0.00,0.00
2015.02.02 15:00:36.314,12.71429,12.71762,0.00,0.00
2015.02.02 15:00:36.634,12.7143,12.71702,0.00,0.00
2015.02.02 15:00:36.684,12.7138,12.71702,0.00,0.00
2015.02.02 15:00:36.915,12.71379,12.71674,0.00,0.00
2015.02.02 15:00:37.066,12.71379,12.71702,0.00,0.00
2015.02.02 15:00:37.117,12.71385,12.71702,0.00,0.00
2015.02.02 15:00:37.230,12.71379,12.71702,0.00,0.00
2015.02.02 15:00:37.330,12.7138,12.71697,0.00,0.00
2015.02.02 15:00:37.524,12.7138,12.71702,0.00,0.00
2015.02.02 15:00:37.704,12.71387,12.71731,0.00,0.00
2015.02.02 15:00:37.755,12.71429,12.71731,0.00,0.00
2015.02.02 15:00:37.956,12.7143,12.7176,0.00,0.00
2015.02.02 15:00:38.007,12.7143,12.71762,0.00,0.00
2015.02.02 15:00:38.174,12.7143,12.71705,0.00,0.00
2015.02.02 15:00:38.225,12.71382,12.71701,0.00,0.00
2015.02.02 15:00:38.326,12.71394,12.71702,0.00,0.00
2015.02.02 15:00:38.376,12.71394,12.71738,0.00,0.00
2015.02.02 15:00:38.427,12.71441,12.71758,0.00,0.00
2015.02.02 15:00:38.528,12.71511,12.71844,0.00,0.00
2015.02.02 15:00:38.578,12.71579,12.71844,0.00,0.00
2015.02.02 15:00:38.629,12.71579,12.71861,0.00,0.00
2015.02.02 15:00:38.792,12.71579,12.7185,0.00,0.00
2015.02.02 15:00:38.893,12.71511,12.71811,0.00,0.00
2015.02.02 15:00:38.943,12.71482,12.71762,0.00,0.00
2015.02.02 15:00:39.095,12.71282,12.71624,0.00,0.00
2015.02.02 15:00:39.146,12.71282,12.71562,0.00,0.00
2015.02.02 15:00:39.196,12.71232,12.71562,0.00,0.00
2015.02.02 15:00:39.297,12.71262,12.71562,0.00,0.00
2015.02.02 15:00:39.500,12.71301,12.71612,0.00,0.00
2015.02.02 15:00:40.110,12.71272,12.71612,0.00,0.00
2015.02.02 15:00:40.160,12.71272,12.71562,0.00,0.00
2015.02.02 15:00:40.211,12.71247,12.71562,0.00,0.00
2015.02.02 15:00:40.336,12.71247,12.71589,0.00,0.00
2015.02.02 15:00:40.437,12.71284,12.71589,0.00,0.00
2015.02.02 15:00:40.538,12.71229,12.71563,0.00,0.00
2015.02.02 15:00:40.740,12.71286,12.71612,0.00,0.00
2015.02.02 15:00:41.004,12.71274,12.71612,0.00,0.00
2015.02.02 15:00:41.614,12.71296,12.71612,0.00,0.00
2015.02.02 15:00:41.664,12.71296,12.7164,0.00,0.00
2015.02.02 15:00:41.715,12.71312,12.71648,0.00,0.00
2015.02.02 15:00:42.034,12.7138,12.71702,0.00,0.00
2015.02.02 15:00:42.299,12.71361,12.71702,0.00,0.00
2015.02.02 15:00:42.453,12.71341,12.71602,0.00,0.00
2015.02.02 15:00:42.767,12.71447,12.71642,0.00,0.00
2015.02.02 15:00:43.538,12.71431,12.71642,0.00,0.00
2015.02.02 15:00:43.837,12.71491,12.71801,0.00,0.00
2015.02.02 15:00:44.812,12.7148,12.71801,0.00,0.00
2015.02.02 15:00:45.514,12.71479,12.71795,0.00,0.00
2015.02.02 15:00:46.184,12.7148,12.71795,0.00,0.00
2015.02.02 15:00:46.628,12.71479,12.71801,0.00,0.00
2015.02.02 15:00:46.728,12.71529,12.71835,0.00,0.00
2015.02.02 15:00:46.829,12.71529,12.71847,0.00,0.00
2015.02.02 15:00:46.930,12.71529,12.7182,0.00,0.00
2015.02.02 15:00:47.081,12.71421,12.71745,0.00,0.00
2015.02.02 15:00:47.132,12.71421,12.71672,0.00,0.00
2015.02.02 15:00:47.182,12.71419,12.71672,0.00,0.00
2015.02.02 15:00:47.233,12.71311,12.71599,0.00,0.00
2015.02.02 15:00:47.283,12.71311,12.71552,0.00,0.00
2015.02.02 15:00:47.334,12.7128,12.71552,0.00,0.00
2015.02.02 15:00:47.500,12.71279,12.71502,0.00,0.00
2015.02.02 15:00:47.550,12.71231,12.7147,0.00,0.00
2015.02.02 15:00:47.601,12.7117,12.71461,0.00,0.00
2015.02.02 15:00:47.705,12.71129,12.71461,0.00,0.00
2015.02.02 15:00:47.756,12.71182,12.71512,0.00,0.00
2015.02.02 15:00:48.078,12.71129,12.71462,0.00,0.00
2015.02.02 15:00:48.647,12.71129,12.71388,0.00,0.00
2015.02.02 15:00:48.698,12.71062,12.71388,0.00,0.00
2015.02.02 15:00:48.799,12.7108,12.71401,0.00,0.00
2015.02.02 15:00:48.900,12.71069,12.71401,0.00,0.00
2015.02.02 15:00:49.107,12.7108,12.71401,0.00,0.00
2015.02.02 15:00:49.445,12.71102,12.71402,0.00,0.00
2015.02.02 15:00:49.546,12.71079,12.71402,0.00,0.00
2015.02.02 15:00:49.647,12.71182,12.71452,0.00,0.00
2015.02.02 15:00:49.697,12.71182,12.71511,0.00,0.00
2015.02.02 15:00:49.803,12.71197,12.71512,0.00,0.00
2015.02.02 15:00:50.105,12.71379,12.71652,0.00,0.00
2015.02.02 15:00:50.256,12.71381,12.71699,0.00,0.00
2015.02.02 15:00:50.307,12.71429,12.71702,0.00,0.00
2015.02.02 15:00:50.357,12.71429,12.71751,0.00,0.00
2015.02.02 15:00:50.408,12.71479,12.71751,0.00,0.00
2015.02.02 15:00:50.795,12.7148,12.71809,0.00,0.00
2015.02.02 15:00:50.846,12.71511,12.71812,0.00,0.00
2015.02.02 15:00:50.896,12.71511,12.71889,0.00,0.00
2015.02.02 15:00:50.947,12.7163,12.71891,0.00,0.00
2015.02.02 15:00:50.997,12.7163,12.71902,0.00,0.00
2015.02.02 15:00:51.048,12.71681,12.72009,0.00,0.00
2015.02.02 15:00:51.148,12.71681,12.72049,0.00,0.00
2015.02.02 15:00:51.199,12.71681,12.72059,0.00,0.00
2015.02.02 15:00:51.249,12.7175,12.72059,0.00,0.00
2015.02.02 15:00:51.300,12.71762,12.72101,0.00,0.00
2015.02.02 15:00:51.439,12.71829,12.72101,0.00,0.00
2015.02.02 15:00:51.490,12.71829,12.72119,0.00,0.00
2015.02.02 15:00:51.597,12.71829,12.72149,0.00,0.00
2015.02.02 15:00:51.648,12.71801,12.72149,0.00,0.00
2015.02.02 15:00:51.698,12.71801,12.72102,0.00,0.00
2015.02.02 15:00:51.749,12.71771,12.72098,0.00,0.00
2015.02.02 15:00:51.800,12.7178,12.72098,0.00,0.00
2015.02.02 15:00:51.850,12.7178,12.72102,0.00,0.00
2015.02.02 15:00:52.108,12.7178,12.72062,0.00,0.00
2015.02.02 15:00:52.259,12.71801,12.72124,0.00,0.00
2015.02.02 15:00:52.310,12.71801,12.72152,0.00,0.00
2015.02.02 15:00:52.360,12.71811,12.72152,0.00,0.00
2015.02.02 15:00:52.704,12.71729,12.72061,0.00,0.00
2015.02.02 15:00:53.031,12.71662,12.72012,0.00,0.00
2015.02.02 15:00:53.252,12.71662,12.72039,0.00,0.00
2015.02.02 15:00:53.302,12.71759,12.72039,0.00,0.00
2015.02.02 15:00:53.353,12.71771,12.72102,0.00,0.00
2015.02.02 15:00:53.457,12.71771,12.72114,0.00,0.00
2015.02.02 15:00:53.508,12.71841,12.72201,0.00,0.00
2015.02.02 15:00:53.559,12.71861,12.72201,0.00,0.00
2015.02.02 15:00:53.647,12.71861,12.72239,0.00,0.00
2015.02.02 15:00:53.709,12.71929,12.72239,0.00,0.00
2015.02.02 15:00:53.810,12.7193,12.7225,0.00,0.00
2015.02.02 15:00:54.397,12.71886,12.72202,0.00,0.00
2015.02.02 15:00:54.564,12.719,12.7223,0.00,0.00
2015.02.02 15:00:54.615,12.71916,12.72239,0.00,0.00
2015.02.02 15:00:55.095,12.71929,12.72252,0.00,0.00
2015.02.02 15:00:55.319,12.7193,12.7226,0.00,0.00
2015.02.02 15:00:55.370,12.71941,12.7226,0.00,0.00
2015.02.02 15:00:55.420,12.71941,12.7227,0.00,0.00
2015.02.02 15:00:55.521,12.71945,12.72289,0.00,0.00
2015.02.02 15:00:55.806,12.71971,12.72311,0.00,0.00
2015.02.02 15:00:56.225,12.72011,12.72313,0.00,0.00
2015.02.02 15:00:56.328,12.72011,12.72352,0.00,0.00
2015.02.02 15:00:56.378,12.72029,12.72352,0.00,0.00
2015.02.02 15:00:56.697,12.71929,12.72252,0.00,0.00
2015.02.02 15:00:57.037,12.71911,12.72202,0.00,0.00
2015.02.02 15:00:57.087,12.71882,12.72202,0.00,0.00
2015.02.02 15:00:57.138,12.71879,12.72202,0.00,0.00
2015.02.02 15:00:57.188,12.71879,12.72151,0.00,0.00
2015.02.02 15:00:57.739,12.7188,12.72151,0.00,0.00
2015.02.02 15:00:58.084,12.71885,12.72151,0.00,0.00
2015.02.02 15:00:58.491,12.71879,12.72151,0.00,0.00
2015.02.02 15:00:58.642,12.71879,12.72099,0.00,0.00
2015.02.02 15:00:58.693,12.71811,12.72099,0.00,0.00
2015.02.02 15:00:58.743,12.7178,12.72062,0.00,0.00
2015.02.02 15:00:59.105,12.71786,12.72062,0.00,0.00
2015.02.02 15:00:59.385,12.71786,12.72099,0.00,0.00
2015.02.02 15:00:59.435,12.71806,12.72102,0.00,0.00
2015.02.02 15:00:59.737,12.71827,12.72102,0.00,0.00
2015.02.02 15:00:59.998,12.71751,12.72061,0.00,0.00
2015.02.02 15:01:00.099,12.71727,12.72061,0.00,0.00
2015.02.02 15:01:00.149,12.71727,12.72012,0.00,0.00
2015.02.02 15:01:00.909,12.71727,12.72062,0.00,0.00
2015.02.02 15:01:00.959,12.71729,12.72062,0.00,0.00
2015.02.02 15:01:01.365,12.71751,12.72062,0.00,0.00
2015.02.02 15:01:01.716,12.71811,12.72102,0.00,0.00
2015.02.02 15:01:02.026,12.71827,12.72102,0.00,0.00
2015.02.02 15:01:02.116,12.71827,12.72151,0.00,0.00
2015.02.02 15:01:02.166,12.71829,12.72151,0.00,0.00
2015.02.02 15:01:02.487,12.71827,12.72101,0.00,0.00
2015.02.02 15:01:03.043,12.71806,12.72101,0.00,0.00
2015.02.02 15:01:03.146,12.71806,12.72062,0.00,0.00
2015.02.02 15:01:03.248,12.71777,12.72062,0.00,0.00
2015.02.02 15:01:03.726,12.71765,12.72062,0.00,0.00
2015.02.02 15:01:04.428,12.71787,12.72062,0.00,0.00
2015.02.02 15:01:04.478,12.71787,12.72102,0.00,0.00
2015.02.02 15:01:04.529,12.71807,12.72102,0.00,0.00
2015.02.02 15:01:05.237,12.7179,12.72102,0.00,0.00
2015.02.02 15:01:05.305,12.7179,12.72061,0.00,0.00
2015.02.02 15:01:05.356,12.71755,12.72061,0.00,0.00
2015.02.02 15:01:05.635,12.71745,12.72061,0.00,0.00
2015.02.02 15:01:06.367,12.71739,12.72061,0.00,0.00
2015.02.02 15:01:06.418,12.7181,12.72079,0.00,0.00
2015.02.02 15:01:06.468,12.7181,12.72098,0.00,0.00
2015.02.02 15:01:06.519,12.71779,12.72062,0.00,0.00
2015.02.02 15:01:07.055,12.7178,12.72062,0.00,0.00
2015.02.02 15:01:07.622,12.71779,12.72062,0.00,0.00
2015.02.02 15:01:07.774,12.71805,12.72101,0.00,0.00
2015.02.02 15:01:07.877,12.71805,12.72138,0.00,0.00
2015.02.02 15:01:07.977,12.71806,12.72102,0.00,0.00
2015.02.02 15:01:08.137,12.71779,12.72102,0.00,0.00
2015.02.02 15:01:08.530,12.71794,12.72102,0.00,0.00
2015.02.02 15:01:08.727,12.71794,12.72138,0.00,0.00
2015.02.02 15:01:08.777,12.7183,12.72151,0.00,0.00
2015.02.02 15:01:09.084,12.71789,12.72101,0.00,0.00
2015.02.02 15:01:09.549,12.71794,12.72101,0.00,0.00
2015.02.02 15:01:09.853,12.71782,12.72101,0.00,0.00
2015.02.02 15:01:09.955,12.71779,12.72062,0.00,0.00
2015.02.02 15:01:10.344,12.71779,12.72,0.00,0.00
2015.02.02 15:01:10.394,12.71701,12.72,0.00,0.00
2015.02.02 15:01:10.445,12.7164,12.71977,0.00,0.00
2015.02.02 15:01:10.496,12.71635,12.71961,0.00,0.00
2015.02.02 15:01:10.817,12.71661,12.71961,0.00,0.00
2015.02.02 15:01:10.868,12.71639,12.71961,0.00,0.00
2015.02.02 15:01:10.968,12.71662,12.71961,0.00,0.00
2015.02.02 15:01:11.143,12.71662,12.71988,0.00,0.00
2015.02.02 15:01:11.193,12.71716,12.71988,0.00,0.00
2015.02.02 15:01:11.294,12.71716,12.7205,0.00,0.00
2015.02.02 15:01:11.650,12.71742,12.72051,0.00,0.00
2015.02.02 15:01:11.701,12.71742,12.72079,0.00,0.00
2015.02.02 15:01:11.752,12.71786,12.72101,0.00,0.00
2015.02.02 15:01:11.906,12.71786,12.7213,0.00,0.00
2015.02.02 15:01:11.957,12.7193,12.7213,0.00,0.00
2015.02.02 15:01:12.058,12.71929,12.72202,0.00,0.00
2015.02.02 15:01:12.169,12.71929,12.7225,0.00,0.00
2015.02.02 15:01:12.272,12.71985,12.72252,0.00,0.00
2015.02.02 15:01:12.377,12.71985,12.72288,0.00,0.00
2015.02.02 15:01:12.432,12.72109,12.72288,0.00,0.00
2015.02.02 15:01:12.533,12.72131,12.72312,0.00,0.00
2015.02.02 15:01:12.584,12.72131,12.72461,0.00,0.00
2015.02.02 15:01:12.896,12.72129,12.7245,0.00,0.00
2015.02.02 15:01:13.097,12.72201,12.72545,0.00,0.00
2015.02.02 15:01:13.148,12.72201,12.72512,0.00,0.00
2015.02.02 15:01:13.198,12.72162,12.72512,0.00,0.00
2015.02.02 15:01:13.249,12.72162,12.72351,0.00,0.00
2015.02.02 15:01:13.299,12.72099,12.72351,0.00,0.00
2015.02.02 15:01:13.400,12.7208,12.72351,0.00,0.00
2015.02.02 15:01:13.451,12.7208,12.72389,0.00,0.00
2015.02.02 15:01:13.564,12.72079,12.72401,0.00,0.00
2015.02.02 15:01:13.715,12.72092,12.72401,0.00,0.00
2015.02.02 15:01:14.023,12.71989,12.72312,0.00,0.00
2015.02.02 15:01:14.074,12.71989,12.72289,0.00,0.00
2015.02.02 15:01:14.377,12.7198,12.72251,0.00,0.00
2015.02.02 15:01:14.877,12.71979,12.72289,0.00,0.00
2015.02.02 15:01:14.928,12.7198,12.72309,0.00,0.00
2015.02.02 15:01:15.029,12.71987,12.72311,0.00,0.00
2015.02.02 15:01:15.354,12.72149,12.72462,0.00,0.00
2015.02.02 15:01:15.659,12.72161,12.72505,0.00,0.00
2015.02.02 15:01:15.811,12.72161,12.72485,0.00,0.00
2015.02.02 15:01:16.156,12.72229,12.72461,0.00,0.00
2015.02.02 15:01:16.206,12.72229,12.7251,0.00,0.00
2015.02.02 15:01:16.257,12.72262,12.72561,0.00,0.00
2015.02.02 15:01:16.357,12.72269,12.72561,0.00,0.00
2015.02.02 15:01:16.562,12.72142,12.72528,0.00,0.00
2015.02.02 15:01:16.613,12.72142,12.72497,0.00,0.00
2015.02.02 15:01:16.932,12.7203,12.72352,0.00,0.00
2015.02.02 15:01:17.139,12.72011,12.72352,0.00,0.00
2015.02.02 15:01:17.190,12.72011,12.72312,0.00,0.00
2015.02.02 15:01:17.391,12.7193,12.72252,0.00,0.00
2015.02.02 15:01:17.542,12.71991,12.72311,0.00,0.00
2015.02.02 15:01:17.643,12.7203,12.72351,0.00,0.00
2015.02.02 15:01:17.794,12.72051,12.72352,0.00,0.00
2015.02.02 15:01:17.895,12.7213,12.72462,0.00,0.00
2015.02.02 15:01:17.946,12.72164,12.72462,0.00,0.00
2015.02.02 15:01:18.121,12.72212,12.72518,0.00,0.00
2015.02.02 15:01:18.172,12.7223,12.72518,0.00,0.00
2015.02.02 15:01:18.223,12.7223,12.72532,0.00,0.00
2015.02.02 15:01:18.987,12.7223,12.72511,0.00,0.00
2015.02.02 15:01:19.289,12.7218,12.72478,0.00,0.00
2015.02.02 15:01:19.340,12.72131,12.72396,0.00,0.00
2015.02.02 15:01:19.440,12.7208,12.72352,0.00,0.00
2015.02.02 15:01:19.547,12.7207,12.72402,0.00,0.00
2015.02.02 15:01:19.648,12.71905,12.72202,0.00,0.00
2015.02.02 15:01:19.773,12.71885,12.72202,0.00,0.00
2015.02.02 15:01:19.874,12.71924,12.72202,0.00,0.00
2015.02.02 15:01:19.975,12.7188,12.72202,0.00,0.00
2015.02.02 15:01:20.360,12.71917,12.72202,0.00,0.00
2015.02.02 15:01:20.660,12.71894,12.72202,0.00,0.00
2015.02.02 15:01:20.974,12.71911,12.72253,0.00,0.00
2015.02.02 15:01:21.279,12.719,12.72238,0.00,0.00
2015.02.02 15:01:21.735,12.71954,12.72296,0.00,0.00
2015.02.02 15:01:21.786,12.71979,12.72296,0.00,0.00
2015.02.02 15:01:22.126,12.71931,12.7225,0.00,0.00
2015.02.02 15:01:22.177,12.71831,12.72168,0.00,0.00
2015.02.02 15:01:22.228,12.71869,12.72168,0.00,0.00
2015.02.02 15:01:22.519,12.71819,12.72155,0.00,0.00
2015.02.02 15:01:22.570,12.7182,12.72158,0.00,0.00
2015.02.02 15:01:22.631,12.7188,12.72158,0.00,0.00
2015.02.02 15:01:22.682,12.7188,12.72179,0.00,0.00
2015.02.02 15:01:22.783,12.71895,12.72237,0.00,0.00
2015.02.02 15:01:22.937,12.7188,12.72224,0.00,0.00
2015.02.02 15:01:23.384,12.71904,12.72239,0.00,0.00
2015.02.02 15:01:23.700,12.7198,12.72288,0.00,0.00
2015.02.02 15:01:24.189,12.7198,12.72271,0.00,0.00
2015.02.02 15:01:24.519,12.71979,12.72249,0.00,0.00
2015.02.02 15:01:24.620,12.71879,12.72178,0.00,0.00
2015.02.02 15:01:24.771,12.7188,12.72158,0.00,0.00
2015.02.02 15:01:24.944,12.7188,12.72179,0.00,0.00
2015.02.02 15:01:25.471,12.71879,12.72178,0.00,0.00
2015.02.02 15:01:25.817,12.7188,12.72189,0.00,0.00
2015.02.02 15:01:25.918,12.7188,12.72207,0.00,0.00
2015.02.02 15:01:25.969,12.71909,12.72239,0.00,0.00
2015.02.02 15:01:26.019,12.71912,12.72241,0.00,0.00
2015.02.02 15:01:26.120,12.7193,12.72272,0.00,0.00
2015.02.02 15:01:26.427,12.7193,12.72242,0.00,0.00
2015.02.02 15:01:26.584,12.7188,12.72213,0.00,0.00
2015.02.02 15:01:26.993,12.71893,12.72237,0.00,0.00
2015.02.02 15:01:27.160,12.7188,12.72221,0.00,0.00
2015.02.02 15:01:27.481,12.7178,12.72002,0.00,0.00
2015.02.02 15:01:27.532,12.71719,12.72047,0.00,0.00
2015.02.02 15:01:27.658,12.71719,12.72039,0.00,0.00
2015.02.02 15:01:27.709,12.71705,12.72039,0.00,0.00
2015.02.02 15:01:27.937,12.71679,12.71978,0.00,0.00
2015.02.02 15:01:28.514,12.7168,12.71978,0.00,0.00
2015.02.02 15:01:29.614,12.71679,12.71978,0.00,0.00
2015.02.02 15:01:30.133,12.7168,12.71978,0.00,0.00
2015.02.02 15:01:30.615,12.7168,12.71952,0.00,0.00
2015.02.02 15:01:30.665,12.71605,12.71939,0.00,0.00
2015.02.02 15:01:30.766,12.71584,12.71928,0.00,0.00
2015.02.02 15:01:31.729,12.71638,12.71928,0.00,0.00
2015.02.02 15:01:31.880,12.7168,12.71988,0.00,0.00
2015.02.02 15:01:32.390,12.71679,12.71988,0.00,0.00
2015.02.02 15:01:33.014,12.7168,12.71988,0.00,0.00
2015.02.02 15:01:33.114,12.71685,12.72027,0.00,0.00
2015.02.02 15:01:34.297,12.71679,12.71897,0.00,0.00
2015.02.02 15:01:34.398,12.71651,12.71891,0.00,0.00
2015.02.02 15:01:34.503,12.71664,12.71889,0.00,0.00
2015.02.02 15:01:34.606,12.7154,12.71858,0.00,0.00
2015.02.02 15:01:34.659,12.7158,12.71858,0.00,0.00
2015.02.02 15:01:34.764,12.71545,12.71841,0.00,0.00
2015.02.02 15:01:34.868,12.7153,12.71857,0.00,0.00
2015.02.02 15:01:34.970,12.71539,12.71881,0.00,0.00
2015.02.02 15:01:35.020,12.71554,12.71881,0.00,0.00
2015.02.02 15:01:35.362,12.7158,12.71881,0.00,0.00
2015.02.02 15:01:35.678,12.71584,12.71881,0.00,0.00
2015.02.02 15:01:35.930,12.71679,12.71979,0.00,0.00
2015.02.02 15:01:36.289,12.71714,12.71979,0.00,0.00
2015.02.02 15:01:36.390,12.71714,12.72031,0.00,0.00
2015.02.02 15:01:36.984,12.71714,12.72032,0.00,0.00
2015.02.02 15:01:37.136,12.71714,12.72038,0.00,0.00
2015.02.02 15:01:37.338,12.71714,12.72049,0.00,0.00
2015.02.02 15:01:37.524,12.71735,12.72049,0.00,0.00
2015.02.02 15:01:37.723,12.71714,12.72049,0.00,0.00
2015.02.02 15:01:37.774,12.71714,12.72001,0.00,0.00
2015.02.02 15:01:37.875,12.71734,12.72049,0.00,0.00
2015.02.02 15:01:38.814,12.71769,12.72049,0.00,0.00
2015.02.02 15:01:38.914,12.71769,12.72113,0.00,0.00
2015.02.02 15:01:40.669,12.71879,12.72113,0.00,0.00
2015.02.02 15:01:40.770,12.71924,12.72179,0.00,0.00
2015.02.02 15:01:40.821,12.71915,12.72179,0.00,0.00
2015.02.02 15:01:40.922,12.71915,12.72242,0.00,0.00
2015.02.02 15:01:41.166,12.71915,12.72248,0.00,0.00
2015.02.02 15:01:41.217,12.71758,12.72008,0.00,0.00
2015.02.02 15:01:41.269,12.71758,12.71929,0.00,0.00
2015.02.02 15:01:41.320,12.71585,12.71861,0.00,0.00
2015.02.02 15:01:41.424,12.71641,12.71861,0.00,0.00
2015.02.02 15:01:41.525,12.7168,12.71962,0.00,0.00
2015.02.02 15:01:41.652,12.71724,12.72068,0.00,0.00
2015.02.02 15:01:41.753,12.71695,12.71989,0.00,0.00
2015.02.02 15:01:41.854,12.71679,12.71989,0.00,0.00
2015.02.02 15:01:42.020,12.71674,12.71989,0.00,0.00
2015.02.02 15:01:42.070,12.71639,12.71939,0.00,0.00
2015.02.02 15:01:42.121,12.71616,12.71939,0.00,0.00
2015.02.02 15:01:42.171,12.71678,12.71939,0.00,0.00
2015.02.02 15:01:42.222,12.71678,12.72001,0.00,0.00
2015.02.02 15:01:42.272,12.71728,12.72039,0.00,0.00
2015.02.02 15:01:42.373,12.7173,12.72074,0.00,0.00
2015.02.02 15:01:42.735,12.71756,12.72079,0.00,0.00
2015.02.02 15:01:42.986,12.71815,12.72139,0.00,0.00
2015.02.02 15:01:43.037,12.71836,12.72139,0.00,0.00
2015.02.02 15:01:43.308,12.71836,12.72148,0.00,0.00
2015.02.02 15:01:43.745,12.71836,12.72178,0.00,0.00
2015.02.02 15:01:44.048,12.71836,12.72148,0.00,0.00
2015.02.02 15:01:44.149,12.71815,12.72148,0.00,0.00
2015.02.02 15:01:44.372,12.71789,12.72114,0.00,0.00
2015.02.02 15:01:44.698,12.71741,12.72049,0.00,0.00
2015.02.02 15:01:45.738,12.7178,12.72079,0.00,0.00
2015.02.02 15:01:45.940,12.71779,12.72098,0.00,0.00
2015.02.02 15:01:45.990,12.71815,12.72098,0.00,0.00
2015.02.02 15:01:46.041,12.71815,12.72139,0.00,0.00
2015.02.02 15:01:46.188,12.71795,12.72138,0.00,0.00
2015.02.02 15:01:46.496,12.71795,12.72088,0.00,0.00
2015.02.02 15:01:46.597,12.71785,12.72099,0.00,0.00
2015.02.02 15:01:46.704,12.7178,12.72103,0.00,0.00
2015.02.02 15:01:46.810,12.71795,12.72139,0.00,0.00
2015.02.02 15:01:47.016,12.71779,12.72105,0.00,0.00
2015.02.02 15:01:47.326,12.71779,12.72079,0.00,0.00
2015.02.02 15:01:47.377,12.71779,12.72094,0.00,0.00
2015.02.02 15:01:47.477,12.71796,12.72138,0.00,0.00
2015.02.02 15:01:49.227,12.7178,12.72099,0.00,0.00
2015.02.02 15:01:49.347,12.71795,12.72137,0.00,0.00
2015.02.02 15:01:49.449,12.71779,12.72099,0.00,0.00
2015.02.02 15:01:49.551,12.71805,12.72139,0.00,0.00
2015.02.02 15:01:50.008,12.71794,12.72138,0.00,0.00
2015.02.02 15:01:50.313,12.71805,12.72139,0.00,0.00
2015.02.02 15:01:50.822,12.7178,12.72119,0.00,0.00
2015.02.02 15:01:50.873,12.71779,12.72098,0.00,0.00
2015.02.02 15:01:51.225,12.71791,12.72098,0.00,0.00
2015.02.02 15:01:51.546,12.71813,12.72139,0.00,0.00
2015.02.02 15:01:51.840,12.71807,12.72139,0.00,0.00
2015.02.02 15:01:52.064,12.71793,12.72137,0.00,0.00
2015.02.02 15:01:53.253,12.71804,12.72139,0.00,0.00
2015.02.02 15:01:53.568,12.7179,12.72132,0.00,0.00
2015.02.02 15:01:53.679,12.71779,12.72119,0.00,0.00
2015.02.02 15:01:53.780,12.7188,12.72222,0.00,0.00
2015.02.02 15:01:54.509,12.71891,12.72188,0.00,0.00
2015.02.02 15:01:54.610,12.71879,12.72188,0.00,0.00
2015.02.02 15:01:55.169,12.71903,12.72188,0.00,0.00
2015.02.02 15:01:55.320,12.71879,12.72188,0.00,0.00
2015.02.02 15:01:55.472,12.71901,12.72188,0.00,0.00
2015.02.02 15:01:55.779,12.71929,12.72188,0.00,0.00
2015.02.02 15:01:55.938,12.7193,12.72238,0.00,0.00
2015.02.02 15:01:56.090,12.7199,12.72238,0.00,0.00
2015.02.02 15:01:56.191,12.7203,12.72344,0.00,0.00
2015.02.02 15:01:56.292,12.72032,12.72349,0.00,0.00
2015.02.02 15:01:56.342,12.7218,12.72376,0.00,0.00
2015.02.02 15:01:56.393,12.7218,12.72389,0.00,0.00
2015.02.02 15:01:56.494,12.72179,12.72451,0.00,0.00
2015.02.02 15:01:56.594,12.72179,12.72461,0.00,0.00
2015.02.02 15:01:56.695,12.72179,12.72479,0.00,0.00
2015.02.02 15:01:57.429,12.72179,12.72478,0.00,0.00
2015.02.02 15:01:58.882,12.7218,12.72478,0.00,0.00
2015.02.02 15:01:59.711,12.7218,12.72538,0.00,0.00
2015.02.02 15:02:00.121,12.72228,12.72538,0.00,0.00
2015.02.02 15:02:00.243,12.72228,12.72564,0.00,0.00
2015.02.02 15:02:00.454,12.7223,12.72589,0.00,0.00
2015.02.02 15:02:00.774,12.7228,12.72589,0.00,0.00
2015.02.02 15:02:01.358,12.72279,12.72589,0.00,0.00
2015.02.02 15:02:01.940,12.7228,12.72589,0.00,0.00
2015.02.02 15:02:02.660,12.72279,12.72589,0.00,0.00
2015.02.02 15:02:03.372,12.7228,12.72589,0.00,0.00
2015.02.02 15:02:04.357,12.72379,12.72589,0.00,0.00
2015.02.02 15:02:04.408,12.72379,12.72661,0.00,0.00
2015.02.02 15:02:05.618,12.72379,12.72688,0.00,0.00
2015.02.02 15:02:05.847,12.7238,12.72699,0.00,0.00
2015.02.02 15:02:06.407,12.72379,12.72699,0.00,0.00
2015.02.02 15:02:06.707,12.72418,12.72699,0.00,0.00
2015.02.02 15:02:06.859,12.72479,12.72788,0.00,0.00
2015.02.02 15:02:06.960,12.72368,12.72619,0.00,0.00
2015.02.02 15:02:07.061,12.7228,12.72619,0.00,0.00
2015.02.02 15:02:07.212,12.7238,12.72619,0.00,0.00
2015.02.02 15:02:07.262,12.7238,12.72688,0.00,0.00
2015.02.02 15:02:07.713,12.72379,12.72699,0.00,0.00
2015.02.02 15:02:07.814,12.7238,12.72707,0.00,0.00
2015.02.02 15:02:07.865,12.7238,12.7276,0.00,0.00
2015.02.02 15:02:08.057,12.7238,12.72768,0.00,0.00
2015.02.02 15:02:08.165,12.72379,12.72788,0.00,0.00
2015.02.02 15:02:08.248,12.72379,12.72769,0.00,0.00
2015.02.02 15:02:08.588,12.72397,12.72741,0.00,0.00
2015.02.02 15:02:08.895,12.72437,12.72769,0.00,0.00
2015.02.02 15:02:08.945,12.72407,12.72749,0.00,0.00
2015.02.02 15:02:09.049,12.72422,12.72766,0.00,0.00
2015.02.02 15:02:09.151,12.72403,12.72745,0.00,0.00
2015.02.02 15:02:09.456,12.72385,12.72709,0.00,0.00
2015.02.02 15:02:09.607,12.72425,12.72769,0.00,0.00
2015.02.02 15:02:09.836,12.72392,12.72736,0.00,0.00
2015.02.02 15:02:10.165,12.72422,12.72766,0.00,0.00
2015.02.02 15:02:10.770,12.72437,12.72781,0.00,0.00
2015.02.02 15:02:11.104,12.72517,12.72861,0.00,0.00
2015.02.02 15:02:11.812,12.72505,12.72831,0.00,0.00
2015.02.02 15:02:11.863,12.72431,12.7277,0.00,0.00
2015.02.02 15:02:11.964,12.72408,12.7275,0.00,0.00
2015.02.02 15:02:12.122,12.72408,12.72709,0.00,0.00
2015.02.02 15:02:12.366,12.7238,12.72689,0.00,0.00
2015.02.02 15:02:12.467,12.72387,12.72689,0.00,0.00
2015.02.02 15:02:12.568,12.72483,12.72819,0.00,0.00
2015.02.02 15:02:12.673,12.72473,12.72812,0.00,0.00
2015.02.02 15:02:12.727,12.72473,12.7281,0.00,0.00
2015.02.02 15:02:12.881,12.72428,12.72769,0.00,0.00
2015.02.02 15:02:13.376,12.72483,12.72825,0.00,0.00
2015.02.02 15:02:13.634,12.72483,12.72761,0.00,0.00
2015.02.02 15:02:13.686,12.72433,12.72761,0.00,0.00
2015.02.02 15:02:13.786,12.72433,12.72768,0.00,0.00
2015.02.02 15:02:13.887,12.72422,12.72764,0.00,0.00
2015.02.02 15:02:13.988,12.72422,12.72709,0.00,0.00
2015.02.02 15:02:14.310,12.72527,12.72869,0.00,0.00
2015.02.02 15:02:14.745,12.72528,12.72871,0.00,0.00
2015.02.02 15:02:14.795,12.72548,12.7289,0.00,0.00
2015.02.02 15:02:15.097,12.72479,12.72809,0.00,0.00
2015.02.02 15:02:15.432,12.72579,12.72809,0.00,0.00
2015.02.02 15:02:15.482,12.72579,12.72899,0.00,0.00
2015.02.02 15:02:15.732,12.72579,12.72901,0.00,0.00
2015.02.02 15:02:15.833,12.72591,12.72935,0.00,0.00
2015.02.02 15:02:16.040,12.72591,12.72919,0.00,0.00
2015.02.02 15:02:16.380,12.7238,12.72689,0.00,0.00
2015.02.02 15:02:16.718,12.72379,12.72687,0.00,0.00
2015.02.02 15:02:17.169,12.72379,12.72689,0.00,0.00
2015.02.02 15:02:18.087,12.7238,12.72689,0.00,0.00
2015.02.02 15:02:18.313,12.7238,12.72687,0.00,0.00
2015.02.02 15:02:18.617,12.72379,12.72689,0.00,0.00
2015.02.02 15:02:18.668,12.72379,12.72702,0.00,0.00
2015.02.02 15:02:18.768,12.72382,12.72689,0.00,0.00
2015.02.02 15:02:18.875,12.72379,12.72689,0.00,0.00
2015.02.02 15:02:19.627,12.7238,12.72689,0.00,0.00
2015.02.02 15:02:19.781,12.7238,12.72685,0.00,0.00
2015.02.02 15:02:20.091,12.72279,12.72569,0.00,0.00
2015.02.02 15:02:20.141,12.72233,12.72569,0.00,0.00
2015.02.02 15:02:20.198,12.72233,12.72539,0.00,0.00
2015.02.02 15:02:20.479,12.72229,12.72539,0.00,0.00
2015.02.02 15:02:20.580,12.72243,12.72539,0.00,0.00
2015.02.02 15:02:20.681,12.72229,12.72539,0.00,0.00
2015.02.02 15:02:20.732,12.72279,12.72539,0.00,0.00
2015.02.02 15:02:20.782,12.72279,12.72566,0.00,0.00
2015.02.02 15:02:20.885,12.72311,12.72619,0.00,0.00
2015.02.02 15:02:21.236,12.72311,12.72622,0.00,0.00
2015.02.02 15:02:21.287,12.72323,12.72622,0.00,0.00
2015.02.02 15:02:21.509,12.7228,12.72619,0.00,0.00
2015.02.02 15:02:21.820,12.72317,12.72621,0.00,0.00
2015.02.02 15:02:22.126,12.72387,12.72671,0.00,0.00
2015.02.02 15:02:22.306,12.72387,12.72722,0.00,0.00
2015.02.02 15:02:22.430,12.72408,12.72722,0.00,0.00
2015.02.02 15:02:22.731,12.72408,12.72671,0.00,0.00
2015.02.02 15:02:22.781,12.72408,12.72721,0.00,0.00
2015.02.02 15:02:22.832,12.72387,12.72721,0.00,0.00
2015.02.02 15:02:22.882,12.72387,12.72699,0.00,0.00
2015.02.02 15:02:23.033,12.72379,12.72699,0.00,0.00
2015.02.02 15:02:23.084,12.72379,12.72689,0.00,0.00
2015.02.02 15:02:23.391,12.72379,12.72677,0.00,0.00
2015.02.02 15:02:23.492,12.7238,12.72689,0.00,0.00
2015.02.02 15:02:23.542,12.72368,12.72659,0.00,0.00
2015.02.02 15:02:23.643,12.72319,12.72646,0.00,0.00
2015.02.02 15:02:23.694,12.72369,12.72659,0.00,0.00
2015.02.02 15:02:23.744,12.72379,12.72713,0.00,0.00
2015.02.02 15:02:23.795,12.72404,12.72738,0.00,0.00
2015.02.02 15:02:24.132,12.72429,12.72672,0.00,0.00
2015.02.02 15:02:24.182,12.7243,12.72722,0.00,0.00
2015.02.02 15:02:24.417,12.7243,12.72767,0.00,0.00
2015.02.02 15:02:24.766,12.72479,12.72762,0.00,0.00
2015.02.02 15:02:24.866,12.72479,12.72786,0.00,0.00
2015.02.02 15:02:24.917,12.72479,12.72789,0.00,0.00
2015.02.02 15:02:24.968,12.72479,12.7281,0.00,0.00
2015.02.02 15:02:25.069,12.72488,12.72832,0.00,0.00
2015.02.02 15:02:25.119,12.72495,12.72839,0.00,0.00
2015.02.02 15:02:25.569,12.72499,12.72843,0.00,0.00
2015.02.02 15:02:25.918,12.72517,12.72861,0.00,0.00
2015.02.02 15:02:26.468,12.72551,12.72861,0.00,0.00
2015.02.02 15:02:26.910,12.7268,12.72989,0.00,0.00
2015.02.02 15:02:27.302,12.72679,12.72981,0.00,0.00
2015.02.02 15:02:27.734,12.72679,12.7292,0.00,0.00
2015.02.02 15:02:27.784,12.72591,12.7292,0.00,0.00
2015.02.02 15:02:27.835,12.72579,12.72819,0.00,0.00
2015.02.02 15:02:27.885,12.72529,12.72819,0.00,0.00
2015.02.02 15:02:27.936,12.72529,12.72788,0.00,0.00
2015.02.02 15:02:28.037,12.72529,12.72794,0.00,0.00
2015.02.02 15:02:28.205,12.72529,12.72807,0.00,0.00
2015.02.02 15:02:28.340,12.72529,12.72791,0.00,0.00
2015.02.02 15:02:28.650,12.72529,12.72804,0.00,0.00
2015.02.02 15:02:28.828,12.72479,12.72792,0.00,0.00
2015.02.02 15:02:28.889,12.72479,12.72769,0.00,0.00
2015.02.02 15:02:28.939,12.7238,12.72709,0.00,0.00
2015.02.02 15:02:28.997,12.7238,12.72699,0.00,0.00
2015.02.02 15:02:29.308,12.72429,12.72729,0.00,0.00
2015.02.02 15:02:29.459,12.72379,12.72688,0.00,0.00
2015.02.02 15:02:29.573,12.7238,12.72713,0.00,0.00
2015.02.02 15:02:29.730,12.72379,12.72701,0.00,0.00
2015.02.02 15:02:30.032,12.7233,12.72589,0.00,0.00
2015.02.02 15:02:30.082,12.72279,12.72589,0.00,0.00
2015.02.02 15:02:30.133,12.72279,12.72582,0.00,0.00
2015.02.02 15:02:30.234,12.7228,12.72617,0.00,0.00
2015.02.02 15:02:30.335,12.72325,12.72668,0.00,0.00
2015.02.02 15:02:30.435,12.72311,12.72655,0.00,0.00
2015.02.02 15:02:30.512,12.72285,12.72629,0.00,0.00
2015.02.02 15:02:30.850,12.72307,12.72651,0.00,0.00
2015.02.02 15:02:31.170,12.72284,12.72619,0.00,0.00
2015.02.02 15:02:31.220,12.72295,12.72639,0.00,0.00
2015.02.02 15:02:31.427,12.723,12.72644,0.00,0.00
2015.02.02 15:02:31.735,12.72286,12.72628,0.00,0.00
2015.02.02 15:02:32.087,12.72229,12.72555,0.00,0.00
2015.02.02 15:02:32.925,12.72241,12.72568,0.00,0.00
2015.02.02 15:02:33.026,12.72265,12.72568,0.00,0.00
2015.02.02 15:02:33.076,12.72279,12.72589,0.00,0.00
2015.02.02 15:02:33.346,12.7223,12.72554,0.00,0.00
2015.02.02 15:02:33.397,12.7223,12.72508,0.00,0.00
2015.02.02 15:02:33.728,12.7228,12.72534,0.00,0.00
2015.02.02 15:02:33.778,12.72291,12.72619,0.00,0.00
2015.02.02 15:02:33.838,12.72291,12.72568,0.00,0.00
2015.02.02 15:02:33.889,12.72251,12.72568,0.00,0.00
2015.02.02 15:02:33.949,12.72233,12.72568,0.00,0.00
2015.02.02 15:02:34.050,12.7223,12.72563,0.00,0.00
2015.02.02 15:02:34.392,12.72183,12.72508,0.00,0.00
2015.02.02 15:02:34.718,12.72195,12.72499,0.00,0.00
2015.02.02 15:02:34.768,12.7218,12.72499,0.00,0.00
2015.02.02 15:02:35.153,12.72185,12.72499,0.00,0.00
2015.02.02 15:02:36.224,12.72279,12.72499,0.00,0.00
2015.02.02 15:02:36.275,12.72279,12.72561,0.00,0.00
2015.02.02 15:02:36.375,12.72326,12.72659,0.00,0.00
2015.02.02 15:02:36.527,12.72326,12.72622,0.00,0.00
2015.02.02 15:02:36.577,12.72286,12.72622,0.00,0.00
2015.02.02 15:02:36.628,12.72286,12.72559,0.00,0.00
2015.02.02 15:02:36.679,12.722,12.72544,0.00,0.00
2015.02.02 15:02:36.977,12.72187,12.72531,0.00,0.00
2015.02.02 15:02:37.517,12.72228,12.72531,0.00,0.00
2015.02.02 15:02:37.567,12.72241,12.72559,0.00,0.00
2015.02.02 15:02:37.618,12.72379,12.72585,0.00,0.00
2015.02.02 15:02:37.668,12.72385,12.72721,0.00,0.00
2015.02.02 15:02:37.769,12.72385,12.72729,0.00,0.00
2015.02.02 15:02:37.820,12.72385,12.72698,0.00,0.00
2015.02.02 15:02:38.568,12.72385,12.72678,0.00,0.00
2015.02.02 15:02:38.669,12.72379,12.72678,0.00,0.00
2015.02.02 15:02:38.769,12.72315,12.72659,0.00,0.00
2015.02.02 15:02:38.970,12.72485,12.72759,0.00,0.00
2015.02.02 15:02:39.021,12.72485,12.72829,0.00,0.00
2015.02.02 15:02:39.122,12.72579,12.72829,0.00,0.00
2015.02.02 15:02:39.172,12.72579,12.72879,0.00,0.00
2015.02.02 15:02:39.273,12.72579,12.72899,0.00,0.00
2015.02.02 15:02:39.374,12.72585,12.72918,0.00,0.00
2015.02.02 15:02:39.425,12.72679,12.72918,0.00,0.00
2015.02.02 15:02:39.475,12.72679,12.72979,0.00,0.00
2015.02.02 15:02:40.142,12.7268,12.72979,0.00,0.00
2015.02.02 15:02:40.804,12.72686,12.7303,0.00,0.00
2015.02.02 15:02:41.463,12.72719,12.7303,0.00,0.00
2015.02.02 15:02:41.514,12.72729,12.73059,0.00,0.00
2015.02.02 15:02:41.564,12.7278,12.73059,0.00,0.00
2015.02.02 15:02:41.766,12.72704,12.73046,0.00,0.00
2015.02.02 15:02:41.816,12.72687,12.73029,0.00,0.00
2015.02.02 15:02:42.139,12.72687,12.72999,0.00,0.00
2015.02.02 15:02:42.239,12.72752,12.73081,0.00,0.00
2015.02.02 15:02:42.290,12.72779,12.73178,0.00,0.00
2015.02.02 15:02:42.417,12.72779,12.73098,0.00,0.00
2015.02.02 15:02:42.669,12.72729,12.73089,0.00,0.00
2015.02.02 15:02:42.769,12.7268,12.73078,0.00,0.00
2015.02.02 15:02:42.820,12.72686,12.7303,0.00,0.00
2015.02.02 15:02:43.170,12.72686,12.72999,0.00,0.00
2015.02.02 15:02:43.221,12.72679,12.72999,0.00,0.00
2015.02.02 15:02:43.737,12.72679,12.72998,0.00,0.00
2015.02.02 15:02:44.277,12.7268,12.72999,0.00,0.00
2015.02.02 15:02:44.756,12.7268,12.73023,0.00,0.00
2015.02.02 15:02:44.807,12.72712,12.73056,0.00,0.00
2015.02.02 15:02:45.188,12.72691,12.73033,0.00,0.00
2015.02.02 15:02:45.689,12.72706,12.7305,0.00,0.00
2015.02.02 15:02:45.790,12.72731,12.73068,0.00,0.00
2015.02.02 15:02:45.841,12.72731,12.73073,0.00,0.00
2015.02.02 15:02:45.891,12.7278,12.73099,0.00,0.00
2015.02.02 15:02:46.072,12.72779,12.7311,0.00,0.00
2015.02.02 15:02:46.173,12.72782,12.73124,0.00,0.00
2015.02.02 15:02:46.716,12.72852,12.73124,0.00,0.00
2015.02.02 15:02:46.817,12.72887,12.73229,0.00,0.00
2015.02.02 15:02:47.082,12.72899,12.73229,0.00,0.00
2015.02.02 15:02:47.384,12.72979,12.73279,0.00,0.00
2015.02.02 15:02:47.435,12.72936,12.73279,0.00,0.00
2015.02.02 15:02:47.542,12.72886,12.7323,0.00,0.00
2015.02.02 15:02:47.795,12.72904,12.73248,0.00,0.00
2015.02.02 15:02:48.196,12.72889,12.73231,0.00,0.00
2015.02.02 15:02:48.454,12.72903,12.73247,0.00,0.00
2015.02.02 15:02:48.628,12.72919,12.73261,0.00,0.00
2015.02.02 15:02:49.043,12.72889,12.73231,0.00,0.00
2015.02.02 15:02:49.245,12.73009,12.73353,0.00,0.00
2015.02.02 15:02:49.414,12.72979,12.73321,0.00,0.00
2015.02.02 15:02:49.862,12.72958,12.73302,0.00,0.00
2015.02.02 15:02:50.016,12.72929,12.73267,0.00,0.00
2015.02.02 15:02:50.324,12.72921,12.73241,0.00,0.00
2015.02.02 15:02:50.374,12.72899,12.73241,0.00,0.00
2015.02.02 15:02:50.728,12.7289,12.73212,0.00,0.00
2015.02.02 15:02:50.829,12.72888,12.73232,0.00,0.00
2015.02.02 15:02:50.890,12.72979,12.73232,0.00,0.00
2015.02.02 15:02:50.940,12.72979,12.73302,0.00,0.00
2015.02.02 15:02:51.041,12.72979,12.73311,0.00,0.00
2015.02.02 15:02:51.092,12.72979,12.73261,0.00,0.00
2015.02.02 15:02:51.142,12.7288,12.73182,0.00,0.00
2015.02.02 15:02:51.351,12.72879,12.73208,0.00,0.00
2015.02.02 15:02:51.408,12.72879,12.73192,0.00,0.00
2015.02.02 15:02:51.795,12.72848,12.73158,0.00,0.00
2015.02.02 15:02:51.846,12.7278,12.73103,0.00,0.00
2015.02.02 15:02:52.258,12.72748,12.73092,0.00,0.00
2015.02.02 15:02:52.314,12.72711,12.73042,0.00,0.00
2015.02.02 15:02:52.364,12.727,12.73042,0.00,0.00
2015.02.02 15:02:52.516,12.72728,12.73072,0.00,0.00
2015.02.02 15:02:52.835,12.72745,12.73089,0.00,0.00
2015.02.02 15:02:53.165,12.72783,12.73127,0.00,0.00
2015.02.02 15:02:53.496,12.72795,12.73139,0.00,0.00
2015.02.02 15:02:53.833,12.72792,12.73134,0.00,0.00
2015.02.02 15:02:53.984,12.72758,12.73102,0.00,0.00
2015.02.02 15:02:54.035,12.7273,12.73047,0.00,0.00
2015.02.02 15:02:54.085,12.72705,12.73047,0.00,0.00
2015.02.02 15:02:54.136,12.72748,12.73092,0.00,0.00
2015.02.02 15:02:54.776,12.72785,12.73122,0.00,0.00
2015.02.02 15:02:54.827,12.72785,12.73129,0.00,0.00
2015.02.02 15:02:54.978,12.72813,12.73155,0.00,0.00
2015.02.02 15:02:55.079,12.72828,12.73172,0.00,0.00
2015.02.02 15:02:55.288,12.72888,12.73232,0.00,0.00
2015.02.02 15:02:55.673,12.72905,12.73249,0.00,0.00
2015.02.02 15:02:56.035,12.73004,12.73348,0.00,0.00
2015.02.02 15:02:56.365,12.72988,12.73332,0.00,0.00
2015.02.02 15:02:56.702,12.73009,12.73353,0.00,0.00
2015.02.02 15:02:57.004,12.72979,12.73312,0.00,0.00
2015.02.02 15:02:57.872,12.72979,12.7317,0.00,0.00
2015.02.02 15:02:58.085,12.72829,12.73173,0.00,0.00
2015.02.02 15:02:58.412,12.72817,12.73159,0.00,0.00
2015.02.02 15:02:59.589,12.72793,12.73135,0.00,0.00
2015.02.02 15:02:59.900,12.72813,12.73157,0.00,0.00
2015.02.02 15:03:00.113,12.7279,12.73132,0.00,0.00
2015.02.02 15:03:00.713,12.72814,12.73158,0.00,0.00
2015.02.02 15:03:01.016,12.728,12.73142,0.00,0.00
2015.02.02 15:03:01.320,12.72789,12.73133,0.00,0.00
2015.02.02 15:03:01.421,12.7278,12.73102,0.00,0.00
2015.02.02 15:03:01.779,12.72779,12.73087,0.00,0.00
2015.02.02 15:03:02.297,12.72779,12.73088,0.00,0.00
2015.02.02 15:03:02.347,12.72791,12.73133,0.00,0.00
2015.02.02 15:03:02.448,12.7281,12.73152,0.00,0.00
2015.02.02 15:03:02.754,12.7283,12.7317,0.00,0.00
2015.02.02 15:03:02.954,12.72814,12.73158,0.00,0.00
2015.02.02 15:03:03.055,12.7279,12.73132,0.00,0.00
2015.02.02 15:03:03.358,12.72828,12.73168,0.00,0.00
2015.02.02 15:03:03.683,12.72888,12.73199,0.00,0.00
2015.02.02 15:03:04.355,12.72879,12.73199,0.00,0.00
2015.02.02 15:03:04.414,12.72879,12.7319,0.00,0.00
2015.02.02 15:03:04.565,12.7288,12.73198,0.00,0.00
2015.02.02 15:03:04.719,12.72908,12.73198,0.00,0.00
2015.02.02 15:03:05.019,12.7288,12.73198,0.00,0.00
2015.02.02 15:03:05.436,12.72879,12.73189,0.00,0.00
2015.02.02 15:03:05.834,12.72883,12.73189,0.00,0.00
2015.02.02 15:03:06.488,12.72928,12.73189,0.00,0.00
2015.02.02 15:03:06.539,12.72931,12.73251,0.00,0.00
2015.02.02 15:03:06.664,12.72931,12.73241,0.00,0.00
2015.02.02 15:03:06.993,12.72879,12.73189,0.00,0.00
2015.02.02 15:03:07.195,12.7291,12.73254,0.00,0.00
2015.02.02 15:03:07.246,12.72929,12.73268,0.00,0.00
2015.02.02 15:03:07.447,12.7289,12.73232,0.00,0.00
2015.02.02 15:03:07.548,12.72914,12.73258,0.00,0.00
2015.02.02 15:03:07.912,12.72929,12.73258,0.00,0.00
2015.02.02 15:03:07.962,12.72929,12.7327,0.00,0.00
2015.02.02 15:03:08.093,12.72978,12.7327,0.00,0.00
2015.02.02 15:03:08.244,12.73079,12.73388,0.00,0.00
2015.02.02 15:03:08.493,12.7308,12.73382,0.00,0.00
2015.02.02 15:03:08.746,12.73079,12.73388,0.00,0.00
2015.02.02 15:03:08.975,12.73012,12.73322,0.00,0.00
2015.02.02 15:03:09.037,12.7298,12.73298,0.00,0.00
2015.02.02 15:03:09.199,12.72998,12.73299,0.00,0.00
2015.02.02 15:03:09.252,12.72979,12.73299,0.00,0.00
2015.02.02 15:03:09.353,12.73,12.73344,0.00,0.00
2015.02.02 15:03:09.861,12.73028,12.73368,0.00,0.00
2015.02.02 15:03:10.200,12.7308,12.73382,0.00,0.00
2015.02.02 15:03:10.869,12.7308,12.73389,0.00,0.00
2015.02.02 15:03:11.127,12.73079,12.73379,0.00,0.00
2015.02.02 15:03:11.230,12.73039,12.73379,0.00,0.00
2015.02.02 15:03:11.280,12.73029,12.73347,0.00,0.00
2015.02.02 15:03:11.532,12.72879,12.73198,0.00,0.00
2015.02.02 15:03:11.583,12.72905,12.73198,0.00,0.00
2015.02.02 15:03:12.100,12.7288,12.73198,0.00,0.00
2015.02.02 15:03:12.327,12.72897,12.73198,0.00,0.00
2015.02.02 15:03:12.377,12.72897,12.73239,0.00,0.00
2015.02.02 15:03:12.514,12.72913,12.73257,0.00,0.00
2015.02.02 15:03:12.823,12.72925,12.73232,0.00,0.00
2015.02.02 15:03:12.927,12.72879,12.73198,0.00,0.00
2015.02.02 15:03:13.029,12.72879,12.73189,0.00,0.00
2015.02.02 15:03:13.395,12.7288,12.73187,0.00,0.00
2015.02.02 15:03:13.707,12.72833,12.73175,0.00,0.00
2015.02.02 15:03:13.767,12.72833,12.73099,0.00,0.00
2015.02.02 15:03:13.817,12.72779,12.73099,0.00,0.00
2015.02.02 15:03:13.987,12.72779,12.72999,0.00,0.00
2015.02.02 15:03:14.145,12.7269,12.72999,0.00,0.00
2015.02.02 15:03:14.348,12.72679,12.72999,0.00,0.00
2015.02.02 15:03:14.632,12.72688,12.72999,0.00,0.00
2015.02.02 15:03:14.977,12.72688,12.72989,0.00,0.00
2015.02.02 15:03:15.412,12.72699,12.72989,0.00,0.00
2015.02.02 15:03:15.607,12.72699,12.72999,0.00,0.00
2015.02.02 15:03:16.238,12.72719,12.72999,0.00,0.00
2015.02.02 15:03:16.389,12.7262,12.72962,0.00,0.00
2015.02.02 15:03:16.489,12.7262,12.72891,0.00,0.00
2015.02.02 15:03:16.590,12.7262,12.72962,0.00,0.00
2015.02.02 15:03:16.891,12.72644,12.72969,0.00,0.00
2015.02.02 15:03:17.193,12.7268,12.72969,0.00,0.00
2015.02.02 15:03:17.244,12.72629,12.72969,0.00,0.00
2015.02.02 15:03:17.465,12.72629,12.72941,0.00,0.00
2015.02.02 15:03:17.872,12.7261,12.72898,0.00,0.00
2015.02.02 15:03:17.923,12.7261,12.72952,0.00,0.00
2015.02.02 15:03:17.973,12.72629,12.72961,0.00,0.00
2015.02.02 15:03:18.032,12.72629,12.72969,0.00,0.00
2015.02.02 15:03:18.553,12.72679,12.72969,0.00,0.00
2015.02.02 15:03:18.603,12.72679,12.73003,0.00,0.00
2015.02.02 15:03:18.654,12.72709,12.73032,0.00,0.00
2015.02.02 15:03:18.755,12.72629,12.72973,0.00,0.00
2015.02.02 15:03:19.127,12.72629,12.72949,0.00,0.00
2015.02.02 15:03:19.903,12.72629,12.72942,0.00,0.00
2015.02.02 15:03:20.004,12.72629,12.72949,0.00,0.00
2015.02.02 15:03:20.118,12.72629,12.72899,0.00,0.00
2015.02.02 15:03:20.168,12.72599,12.72899,0.00,0.00
2015.02.02 15:03:20.269,12.72622,12.72939,0.00,0.00
2015.02.02 15:03:20.370,12.72622,12.72899,0.00,0.00
2015.02.02 15:03:20.521,12.72729,12.73032,0.00,0.00
2015.02.02 15:03:20.622,12.72729,12.73039,0.00,0.00
2015.02.02 15:03:21.076,12.72729,12.73031,0.00,0.00
2015.02.02 15:03:21.227,12.72729,12.73038,0.00,0.00
2015.02.02 15:03:21.522,12.72729,12.73032,0.00,0.00
2015.02.02 15:03:21.832,12.7268,12.72978,0.00,0.00
2015.02.02 15:03:22.105,12.72679,12.73009,0.00,0.00
2015.02.02 15:03:22.155,12.72717,12.73039,0.00,0.00
2015.02.02 15:03:22.363,12.72689,12.73033,0.00,0.00
2015.02.02 15:03:22.650,12.72707,12.73038,0.00,0.00
2015.02.02 15:03:23.066,12.72689,12.73033,0.00,0.00
2015.02.02 15:03:23.575,12.72679,12.72989,0.00,0.00
2015.02.02 15:03:23.676,12.7268,12.73012,0.00,0.00
2015.02.02 15:03:23.777,12.72722,12.73039,0.00,0.00
2015.02.02 15:03:24.058,12.72698,12.73039,0.00,0.00
2015.02.02 15:03:24.159,12.7268,12.73023,0.00,0.00
2015.02.02 15:03:24.209,12.7268,12.72989,0.00,0.00
2015.02.02 15:03:25.751,12.7268,12.73002,0.00,0.00
2015.02.02 15:03:25.802,12.7269,12.73032,0.00,0.00
2015.02.02 15:03:26.707,12.72679,12.73002,0.00,0.00
2015.02.02 15:03:27.114,12.72679,12.72989,0.00,0.00
2015.02.02 15:03:27.853,12.72679,12.73002,0.00,0.00
2015.02.02 15:03:27.904,12.72693,12.73037,0.00,0.00
2015.02.02 15:03:28.481,12.72729,12.73037,0.00,0.00
2015.02.02 15:03:28.582,12.72693,12.73037,0.00,0.00
2015.02.02 15:03:29.333,12.72693,12.73031,0.00,0.00
2015.02.02 15:03:29.384,12.72679,12.73023,0.00,0.00
2015.02.02 15:03:29.700,12.7268,12.72979,0.00,0.00
2015.02.02 15:03:29.902,12.72428,12.72768,0.00,0.00
2015.02.02 15:03:29.952,12.72428,12.72739,0.00,0.00
2015.02.02 15:03:30.278,12.72379,12.72723,0.00,0.00
2015.02.02 15:03:30.379,12.7238,12.72699,0.00,0.00
2015.02.02 15:03:30.796,12.7238,12.72678,0.00,0.00
2015.02.02 15:03:31.405,12.72379,12.72678,0.00,0.00
2015.02.02 15:03:31.681,12.72359,12.72678,0.00,0.00
2015.02.02 15:03:31.782,12.72376,12.72678,0.00,0.00
2015.02.02 15:03:32.183,12.72379,12.72678,0.00,0.00
2015.02.02 15:03:32.631,12.72393,12.72678,0.00,0.00
2015.02.02 15:03:32.782,12.72398,12.72688,0.00,0.00
2015.02.02 15:03:32.833,12.7238,12.72688,0.00,0.00
2015.02.02 15:03:33.188,12.72398,12.72688,0.00,0.00
2015.02.02 15:03:33.392,12.72379,12.72688,0.00,0.00
2015.02.02 15:03:33.536,12.72379,12.72679,0.00,0.00
2015.02.02 15:03:33.994,12.72407,12.72738,0.00,0.00
2015.02.02 15:03:34.095,12.72428,12.72738,0.00,0.00
2015.02.02 15:03:35.086,12.72428,12.72679,0.00,0.00
2015.02.02 15:03:35.237,12.72379,12.72679,0.00,0.00
2015.02.02 15:03:35.297,12.72379,12.72689,0.00,0.00
2015.02.02 15:03:36.073,12.72379,12.72678,0.00,0.00
2015.02.02 15:03:36.287,12.72379,12.72688,0.00,0.00
2015.02.02 15:03:36.616,12.72529,12.72688,0.00,0.00
2015.02.02 15:03:36.768,12.72546,12.7289,0.00,0.00
2015.02.02 15:03:36.818,12.72579,12.72898,0.00,0.00
2015.02.02 15:03:37.347,12.7258,12.72898,0.00,0.00
2015.02.02 15:03:37.851,12.72579,12.72898,0.00,0.00
2015.02.02 15:03:38.158,12.72831,12.73209,0.00,0.00
2015.02.02 15:03:38.259,12.7288,12.73209,0.00,0.00
2015.02.02 15:03:38.360,12.72779,12.73134,0.00,0.00
2015.02.02 15:03:38.411,12.72779,12.73078,0.00,0.00
2015.02.02 15:03:38.562,12.7268,12.73039,0.00,0.00
2015.02.02 15:03:38.718,12.72728,12.73039,0.00,0.00
2015.02.02 15:03:38.869,12.72829,12.73179,0.00,0.00
2015.02.02 15:03:39.353,12.72801,12.73179,0.00,0.00
2015.02.02 15:03:39.404,12.72779,12.73148,0.00,0.00
2015.02.02 15:03:39.750,12.72818,12.73148,0.00,0.00
2015.02.02 15:03:39.800,12.72779,12.73148,0.00,0.00
2015.02.02 15:03:39.851,12.72789,12.73133,0.00,0.00
2015.02.02 15:03:41.709,12.73028,12.73148,0.00,0.00
2015.02.02 15:03:41.811,12.72989,12.73272,0.00,0.00
2015.02.02 15:03:41.912,12.72979,12.73303,0.00,0.00
2015.02.02 15:03:42.012,12.72979,12.73299,0.00,0.00
2015.02.02 15:03:42.251,12.72939,12.73278,0.00,0.00
2015.02.02 15:03:42.352,12.72889,12.73233,0.00,0.00
2015.02.02 15:03:43.063,12.7288,12.73213,0.00,0.00
2015.02.02 15:03:43.164,12.7283,12.73168,0.00,0.00
2015.02.02 15:03:43.677,12.72829,12.73168,0.00,0.00
2015.02.02 15:03:43.731,12.72868,12.73168,0.00,0.00
2015.02.02 15:03:43.832,12.72889,12.73233,0.00,0.00
2015.02.02 15:03:44.502,12.7312,12.73233,0.00,0.00
2015.02.02 15:03:44.622,12.73128,12.73269,0.00,0.00
2015.02.02 15:03:44.723,12.73119,12.73463,0.00,0.00
2015.02.02 15:03:44.773,12.73152,12.73463,0.00,0.00
2015.02.02 15:03:44.824,12.73185,12.73511,0.00,0.00
2015.02.02 15:03:44.874,12.73185,12.73499,0.00,0.00
2015.02.02 15:03:44.925,12.73179,12.73499,0.00,0.00
2015.02.02 15:03:45.213,12.7318,12.73503,0.00,0.00
2015.02.02 15:03:45.314,12.7318,12.73509,0.00,0.00
2015.02.02 15:03:45.559,12.7318,12.73499,0.00,0.00
2015.02.02 15:03:45.973,12.73209,12.73503,0.00,0.00
2015.02.02 15:03:46.023,12.73209,12.73532,0.00,0.00
2015.02.02 15:03:46.124,12.73219,12.73563,0.00,0.00
2015.02.02 15:03:46.175,12.73379,12.73563,0.00,0.00
2015.02.02 15:03:46.225,12.73379,12.73612,0.00,0.00
2015.02.02 15:03:46.276,12.73379,12.73673,0.00,0.00
2015.02.02 15:03:46.326,12.73419,12.73678,0.00,0.00
2015.02.02 15:03:46.377,12.73419,12.73752,0.00,0.00
2015.02.02 15:03:46.478,12.73392,12.73752,0.00,0.00
2015.02.02 15:03:46.528,12.73379,12.73702,0.00,0.00
2015.02.02 15:03:46.629,12.73389,12.73733,0.00,0.00
2015.02.02 15:03:47.142,12.73399,12.73733,0.00,0.00
2015.02.02 15:03:47.372,12.7339,12.73732,0.00,0.00
2015.02.02 15:03:47.473,12.73479,12.73782,0.00,0.00
2015.02.02 15:03:47.573,12.73479,12.73801,0.00,0.00
2015.02.02 15:03:47.674,12.73459,12.73801,0.00,0.00
2015.02.02 15:03:47.725,12.73459,12.73752,0.00,0.00
2015.02.02 15:03:47.775,12.73399,12.73743,0.00,0.00
2015.02.02 15:03:47.962,12.73379,12.73723,0.00,0.00
2015.02.02 15:03:48.292,12.7338,12.73692,0.00,0.00
2015.02.02 15:03:48.733,12.73369,12.73701,0.00,0.00
2015.02.02 15:03:48.841,12.7338,12.73702,0.00,0.00
2015.02.02 15:03:49.237,12.7339,12.73732,0.00,0.00
2015.02.02 15:03:49.691,12.7339,12.73702,0.00,0.00
2015.02.02 15:03:49.742,12.7338,12.73702,0.00,0.00
2015.02.02 15:03:50.394,12.73379,12.73701,0.00,0.00
2015.02.02 15:03:50.444,12.73379,12.73652,0.00,0.00
2015.02.02 15:03:50.495,12.73356,12.73652,0.00,0.00
2015.02.02 15:03:50.595,12.73279,12.73562,0.00,0.00
2015.02.02 15:03:50.696,12.73213,12.73557,0.00,0.00
2015.02.02 15:03:50.934,12.73201,12.73545,0.00,0.00
2015.02.02 15:03:52.211,12.7328,12.73545,0.00,0.00
2015.02.02 15:03:52.261,12.73297,12.73612,0.00,0.00
2015.02.02 15:03:52.312,12.73297,12.73639,0.00,0.00
2015.02.02 15:03:52.548,12.73271,12.73612,0.00,0.00
2015.02.02 15:03:52.756,12.73191,12.73535,0.00,0.00
2015.02.02 15:03:53.193,12.73199,12.73535,0.00,0.00
2015.02.02 15:03:53.524,12.73279,12.73611,0.00,0.00
2015.02.02 15:03:53.679,12.73321,12.73658,0.00,0.00
2015.02.02 15:03:53.780,12.7338,12.73702,0.00,0.00
2015.02.02 15:03:54.291,12.73379,12.73651,0.00,0.00
2015.02.02 15:03:54.392,12.73312,12.73651,0.00,0.00
2015.02.02 15:03:54.544,12.73291,12.73611,0.00,0.00
2015.02.02 15:03:54.745,12.73302,12.73644,0.00,0.00
2015.02.02 15:03:57.077,12.73312,12.73644,0.00,0.00
2015.02.02 15:03:57.178,12.73312,12.73646,0.00,0.00
2015.02.02 15:03:57.279,12.73304,12.73648,0.00,0.00
2015.02.02 15:03:57.381,12.73291,12.73635,0.00,0.00
2015.02.02 15:03:57.687,12.73305,12.73649,0.00,0.00
2015.02.02 15:03:58.002,12.73207,12.73549,0.00,0.00
2015.02.02 15:03:58.653,12.73221,12.73551,0.00,0.00
2015.02.02 15:03:59.054,12.73246,12.73551,0.00,0.00
2015.02.02 15:03:59.305,12.7324,12.73552,0.00,0.00
2015.02.02 15:03:59.356,12.73201,12.73545,0.00,0.00
2015.02.02 15:03:59.655,12.73222,12.73552,0.00,0.00
2015.02.02 15:04:00.006,12.73306,12.73589,0.00,0.00
2015.02.02 15:04:00.056,12.73306,12.73602,0.00,0.00
2015.02.02 15:04:00.107,12.73379,12.73602,0.00,0.00
2015.02.02 15:04:00.158,12.73379,12.73669,0.00,0.00
2015.02.02 15:04:00.258,12.7338,12.73688,0.00,0.00
2015.02.02 15:04:00.787,12.73379,12.73688,0.00,0.00
2015.02.02 15:04:00.938,12.7338,12.73692,0.00,0.00
2015.02.02 15:04:01.083,12.73379,12.73687,0.00,0.00
2015.02.02 15:04:01.184,12.73297,12.73641,0.00,0.00
2015.02.02 15:04:01.285,12.73325,12.73651,0.00,0.00
2015.02.02 15:04:01.392,12.73292,12.73636,0.00,0.00
2015.02.02 15:04:01.666,12.73308,12.73651,0.00,0.00
2015.02.02 15:04:02.164,12.73322,12.73651,0.00,0.00
2015.02.02 15:04:02.475,12.73306,12.73648,0.00,0.00
2015.02.02 15:04:03.199,12.73323,12.73651,0.00,0.00
2015.02.02 15:04:03.249,12.73323,12.73665,0.00,0.00
2015.02.02 15:04:03.300,12.73294,12.73638,0.00,0.00
2015.02.02 15:04:03.400,12.73279,12.73619,0.00,0.00
2015.02.02 15:04:03.821,12.73279,12.73598,0.00,0.00
2015.02.02 15:04:04.023,12.73231,12.73551,0.00,0.00
2015.02.02 15:04:04.124,12.73219,12.73501,0.00,0.00
2015.02.02 15:04:04.224,12.73243,12.73579,0.00,0.00
2015.02.02 15:04:04.275,12.73243,12.73587,0.00,0.00
2015.02.02 15:04:04.742,12.73243,12.73552,0.00,0.00
2015.02.02 15:04:04.792,12.7323,12.73552,0.00,0.00
2015.02.02 15:04:04.843,12.73221,12.73552,0.00,0.00
2015.02.02 15:04:04.894,12.73202,12.73518,0.00,0.00
2015.02.02 15:04:05.095,12.73228,12.73552,0.00,0.00
2015.02.02 15:04:05.327,12.73251,12.73552,0.00,0.00
2015.02.02 15:04:05.428,12.73291,12.73601,0.00,0.00
2015.02.02 15:04:05.478,12.73311,12.73579,0.00,0.00
2015.02.02 15:04:05.579,12.73281,12.73619,0.00,0.00
2015.02.02 15:04:05.630,12.73281,12.73602,0.00,0.00
2015.02.02 15:04:05.681,12.7323,12.73574,0.00,0.00
2015.02.02 15:04:05.731,12.7323,12.73552,0.00,0.00
2015.02.02 15:04:05.782,12.73214,12.73552,0.00,0.00
2015.02.02 15:04:05.983,12.73217,12.73501,0.00,0.00
2015.02.02 15:04:06.084,12.73217,12.73552,0.00,0.00
2015.02.02 15:04:06.173,12.73232,12.73552,0.00,0.00
2015.02.02 15:04:06.477,12.73232,12.73548,0.00,0.00
2015.02.02 15:04:06.975,12.73205,12.73548,0.00,0.00
2015.02.02 15:04:07.053,12.73205,12.73502,0.00,0.00
2015.02.02 15:04:07.450,12.73181,12.73478,0.00,0.00
2015.02.02 15:04:07.751,12.73231,12.73539,0.00,0.00
2015.02.02 15:04:08.079,12.73218,12.73539,0.00,0.00
2015.02.02 15:04:08.178,12.73231,12.73539,0.00,0.00
2015.02.02 15:04:08.980,12.73199,12.73539,0.00,0.00
2015.02.02 15:04:09.620,12.73221,12.73539,0.00,0.00
2015.02.02 15:04:10.411,12.73299,12.73539,0.00,0.00
2015.02.02 15:04:10.512,12.73299,12.73599,0.00,0.00
2015.02.02 15:04:10.613,12.73299,12.73589,0.00,0.00
2015.02.02 15:04:10.786,12.7328,12.73589,0.00,0.00
2015.02.02 15:04:11.087,12.73306,12.73589,0.00,0.00
2015.02.02 15:04:11.288,12.73306,12.73601,0.00,0.00
2015.02.02 15:04:11.891,12.7328,12.73601,0.00,0.00
2015.02.02 15:04:11.941,12.73279,12.73578,0.00,0.00
2015.02.02 15:04:12.271,12.73253,12.73595,0.00,0.00
2015.02.02 15:04:12.322,12.73332,12.73641,0.00,0.00
2015.02.02 15:04:12.652,12.7322,12.73564,0.00,0.00
2015.02.02 15:04:12.703,12.7322,12.73551,0.00,0.00
2015.02.02 15:04:13.578,12.7322,12.73564,0.00,0.00
2015.02.02 15:04:13.652,12.7322,12.73551,0.00,0.00
2015.02.02 15:04:13.972,12.73231,12.73551,0.00,0.00
2015.02.02 15:04:14.982,12.73231,12.73442,0.00,0.00
2015.02.02 15:04:15.032,12.73141,12.73415,0.00,0.00
2015.02.02 15:04:15.083,12.73089,12.73415,0.00,0.00
2015.02.02 15:04:15.133,12.73057,12.73369,0.00,0.00
2015.02.02 15:04:15.436,12.73122,12.73392,0.00,0.00
2015.02.02 15:04:15.754,12.73132,12.73351,0.00,0.00
2015.02.02 15:04:16.073,12.73132,12.73342,0.00,0.00
2015.02.02 15:04:16.240,12.73081,12.73342,0.00,0.00
2015.02.02 15:04:16.290,12.73081,12.73299,0.00,0.00
2015.02.02 15:04:16.341,12.73032,12.73292,0.00,0.00
2015.02.02 15:04:16.441,12.73032,12.73299,0.00,0.00
2015.02.02 15:04:16.593,12.73032,12.73341,0.00,0.00
2015.02.02 15:04:16.731,12.73032,12.73358,0.00,0.00
2015.02.02 15:04:16.843,12.73032,12.73342,0.00,0.00
2015.02.02 15:04:17.174,12.73032,12.73151,0.00,0.00
2015.02.02 15:04:17.283,12.73032,12.73242,0.00,0.00
2015.02.02 15:04:17.406,12.72951,12.73086,0.00,0.00
2015.02.02 15:04:17.507,12.7298,12.73099,0.00,0.00
2015.02.02 15:04:17.607,12.72849,12.73059,0.00,0.00
2015.02.02 15:04:17.658,12.72798,12.73099,0.00,0.00
2015.02.02 15:04:17.708,12.72798,12.73035,0.00,0.00
2015.02.02 15:04:17.910,12.72782,12.7307,0.00,0.00
2015.02.02 15:04:17.960,12.72782,12.72991,0.00,0.00
2015.02.02 15:04:18.011,12.72722,12.72991,0.00,0.00
2015.02.02 15:04:18.112,12.72722,12.73002,0.00,0.00
2015.02.02 15:04:18.213,12.72682,12.72951,0.00,0.00
2015.02.02 15:04:18.464,12.72712,12.72989,0.00,0.00
2015.02.02 15:04:18.515,12.72732,12.72892,0.00,0.00
2015.02.02 15:04:18.616,12.72763,12.72942,0.00,0.00
2015.02.02 15:04:18.670,12.7278,12.72942,0.00,0.00
2015.02.02 15:04:18.871,12.72822,12.73041,0.00,0.00
2015.02.02 15:04:18.972,12.72822,12.73091,0.00,0.00
2015.02.02 15:04:19.593,12.72822,12.73051,0.00,0.00
2015.02.02 15:04:20.073,12.72822,12.73041,0.00,0.00
2015.02.02 15:04:20.330,12.72682,12.72942,0.00,0.00
2015.02.02 15:04:20.380,12.72682,12.72892,0.00,0.00
2015.02.02 15:04:20.431,12.72662,12.72892,0.00,0.00
2015.02.02 15:04:20.481,12.72662,12.72842,0.00,0.00
2015.02.02 15:04:20.532,12.72622,12.72842,0.00,0.00
2015.02.02 15:04:20.691,12.72622,12.72892,0.00,0.00
2015.02.02 15:04:21.064,12.72703,12.72891,0.00,0.00
2015.02.02 15:04:21.165,12.72703,12.72952,0.00,0.00
2015.02.02 15:04:21.656,12.72733,12.73002,0.00,0.00
2015.02.02 15:04:22.122,12.72914,12.73068,0.00,0.00
2015.02.02 15:04:22.173,12.72914,12.73091,0.00,0.00
2015.02.02 15:04:22.223,12.72934,12.73091,0.00,0.00
2015.02.02 15:04:22.274,12.72934,12.73241,0.00,0.00
2015.02.02 15:04:22.425,12.72934,12.73239,0.00,0.00
2015.02.02 15:04:22.736,12.73013,12.73241,0.00,0.00
2015.02.02 15:04:22.938,12.72985,12.73241,0.00,0.00
2015.02.02 15:04:23.039,12.7298,12.73142,0.00,0.00
2015.02.02 15:04:23.140,12.72879,12.73142,0.00,0.00
2015.02.02 15:04:23.349,12.72899,12.73142,0.00,0.00
2015.02.02 15:04:23.555,12.72879,12.73142,0.00,0.00
2015.02.02 15:04:23.914,12.72879,12.73091,0.00,0.00
2015.02.02 15:04:24.065,12.72833,12.73091,0.00,0.00
2015.02.02 15:04:24.228,12.72879,12.73139,0.00,0.00
2015.02.02 15:04:24.321,12.72879,12.73091,0.00,0.00
2015.02.02 15:04:24.371,12.72839,12.73091,0.00,0.00
2015.02.02 15:04:24.472,12.72863,12.73091,0.00,0.00
2015.02.02 15:04:24.628,12.7282,12.73091,0.00,0.00
2015.02.02 15:04:24.729,12.72833,12.73091,0.00,0.00
2015.02.02 15:04:24.943,12.72816,12.73091,0.00,0.00
2015.02.02 15:04:25.043,12.72911,12.73201,0.00,0.00
2015.02.02 15:04:25.094,12.72979,12.73205,0.00,0.00
2015.02.02 15:04:25.144,12.72979,12.73242,0.00,0.00
2015.02.02 15:04:25.430,12.7299,12.73242,0.00,0.00
2015.02.02 15:04:25.531,12.7299,12.73298,0.00,0.00
2015.02.02 15:04:25.632,12.73029,12.73302,0.00,0.00
2015.02.02 15:04:25.931,12.73014,12.73302,0.00,0.00
2015.02.02 15:04:26.102,12.73014,12.73342,0.00,0.00
2015.02.02 15:04:26.152,12.73104,12.73342,0.00,0.00
2015.02.02 15:04:26.253,12.73034,12.73302,0.00,0.00
2015.02.02 15:04:26.354,12.7302,12.73302,0.00,0.00
2015.02.02 15:04:26.405,12.73079,12.73302,0.00,0.00
2015.02.02 15:04:26.455,12.73116,12.73342,0.00,0.00
2015.02.02 15:04:26.556,12.73125,12.73342,0.00,0.00
2015.02.02 15:04:26.844,12.73029,12.73342,0.00,0.00
2015.02.02 15:04:26.945,12.7308,12.73342,0.00,0.00
2015.02.02 15:04:27.313,12.73084,12.73342,0.00,0.00
2015.02.02 15:04:27.363,12.73079,12.73342,0.00,0.00
2015.02.02 15:04:27.414,12.73053,12.73302,0.00,0.00
2015.02.02 15:04:27.464,12.73049,12.73302,0.00,0.00
2015.02.02 15:04:27.515,12.7308,12.73302,0.00,0.00
2015.02.02 15:04:27.666,12.73041,12.73342,0.00,0.00
2015.02.02 15:04:27.767,12.7319,12.73302,0.00,0.00
2015.02.02 15:04:27.868,12.7318,12.73451,0.00,0.00
2015.02.02 15:04:27.973,12.73181,12.73502,0.00,0.00
2015.02.02 15:04:28.074,12.73213,12.73502,0.00,0.00
2015.02.02 15:04:28.176,12.73213,12.73539,0.00,0.00
2015.02.02 15:04:28.278,12.7328,12.73539,0.00,0.00
2015.02.02 15:04:28.328,12.7328,12.73552,0.00,0.00
2015.02.02 15:04:28.936,12.73279,12.73552,0.00,0.00
2015.02.02 15:04:28.986,12.7329,12.73552,0.00,0.00
2015.02.02 15:04:29.087,12.7329,12.73592,0.00,0.00
2015.02.02 15:04:29.190,12.73279,12.73587,0.00,0.00
2015.02.02 15:04:29.291,12.73322,12.73591,0.00,0.00
2015.02.02 15:04:29.492,12.73279,12.73642,0.00,0.00
2015.02.02 15:04:29.644,12.73279,12.73592,0.00,0.00
2015.02.02 15:04:29.745,12.73312,12.73642,0.00,0.00
2015.02.02 15:04:29.795,12.7348,12.73642,0.00,0.00
2015.02.02 15:04:29.846,12.7348,12.7374,0.00,0.00
2015.02.02 15:04:29.950,12.7348,12.73742,0.00,0.00
2015.02.02 15:04:30.153,12.73479,12.73789,0.00,0.00
2015.02.02 15:04:30.254,12.73598,12.73789,0.00,0.00
2015.02.02 15:04:30.304,12.73779,12.74002,0.00,0.00
2015.02.02 15:04:30.405,12.73679,12.74002,0.00,0.00
2015.02.02 15:04:30.506,12.73679,12.73951,0.00,0.00
2015.02.02 15:04:30.707,12.7368,12.74002,0.00,0.00
2015.02.02 15:04:30.930,12.73679,12.73952,0.00,0.00
2015.02.02 15:04:31.182,12.73679,12.74052,0.00,0.00
2015.02.02 15:04:31.232,12.7378,12.74052,0.00,0.00
2015.02.02 15:04:31.433,12.7408,12.74502,0.00,0.00
2015.02.02 15:04:31.484,12.7408,12.74403,0.00,0.00
2015.02.02 15:04:31.534,12.74029,12.74403,0.00,0.00
2015.02.02 15:04:31.685,12.74029,12.74338,0.00,0.00
2015.02.02 15:04:31.887,12.7393,12.74252,0.00,0.00
2015.02.02 15:04:32.038,12.73863,12.74248,0.00,0.00
2015.02.02 15:04:32.139,12.73794,12.74141,0.00,0.00
2015.02.02 15:04:32.189,12.7378,12.74141,0.00,0.00
2015.02.02 15:04:32.290,12.73784,12.74182,0.00,0.00
2015.02.02 15:04:32.341,12.73879,12.74182,0.00,0.00
2015.02.02 15:04:32.492,12.73879,12.74231,0.00,0.00
2015.02.02 15:04:32.593,12.73879,12.74292,0.00,0.00
2015.02.02 15:04:32.644,12.7393,12.74292,0.00,0.00
2015.02.02 15:04:32.963,12.73932,12.74274,0.00,0.00
2015.02.02 15:04:33.303,12.74101,12.74349,0.00,0.00
2015.02.02 15:04:33.354,12.74101,12.74391,0.00,0.00
2015.02.02 15:04:33.463,12.74079,12.74391,0.00,0.00
2015.02.02 15:04:33.608,12.74079,12.74406,0.00,0.00
2015.02.02 15:04:33.709,12.74179,12.74431,0.00,0.00
2015.02.02 15:04:33.781,12.74179,12.74481,0.00,0.00
2015.02.02 15:04:34.164,12.74179,12.74463,0.00,0.00
2015.02.02 15:04:34.265,12.7398,12.74322,0.00,0.00
2015.02.02 15:04:34.466,12.73881,12.74181,0.00,0.00
2015.02.02 15:04:34.567,12.73879,12.74202,0.00,0.00
2015.02.02 15:04:34.958,12.73879,12.74182,0.00,0.00
2015.02.02 15:04:35.109,12.73879,12.74202,0.00,0.00
2015.02.02 15:04:35.210,12.74029,12.74231,0.00,0.00
2015.02.02 15:04:35.261,12.74079,12.74369,0.00,0.00
2015.02.02 15:04:35.679,12.7408,12.74413,0.00,0.00
2015.02.02 15:04:35.881,12.74179,12.74427,0.00,0.00
2015.02.02 15:04:35.992,12.7418,12.74503,0.00,0.00
2015.02.02 15:04:36.110,12.74208,12.74541,0.00,0.00
2015.02.02 15:04:36.166,12.74179,12.74511,0.00,0.00
2015.02.02 15:04:36.317,12.74087,12.74431,0.00,0.00
2015.02.02 15:04:36.368,12.74111,12.74441,0.00,0.00
2015.02.02 15:04:36.569,12.74209,12.74541,0.00,0.00
2015.02.02 15:04:36.670,12.74223,12.74541,0.00,0.00
2015.02.02 15:04:36.821,12.7423,12.74563,0.00,0.00
2015.02.02 15:04:36.872,12.74247,12.74542,0.00,0.00
2015.02.02 15:04:36.973,12.7428,12.74578,0.00,0.00
2015.02.02 15:04:37.073,12.74279,12.7452,0.00,0.00
2015.02.02 15:04:37.124,12.7418,12.7452,0.00,0.00
2015.02.02 15:04:37.175,12.74191,12.74533,0.00,0.00
2015.02.02 15:04:37.225,12.74229,12.74533,0.00,0.00
2015.02.02 15:04:37.276,12.74229,12.74541,0.00,0.00
2015.02.02 15:04:37.923,12.7423,12.74541,0.00,0.00
2015.02.02 15:04:37.973,12.74229,12.74532,0.00,0.00
2015.02.02 15:04:38.134,12.74179,12.74492,0.00,0.00
2015.02.02 15:04:38.418,12.7418,12.74483,0.00,0.00
2015.02.02 15:04:38.574,12.74179,12.74492,0.00,0.00
2015.02.02 15:04:38.975,12.7418,12.74487,0.00,0.00
2015.02.02 15:04:39.213,12.74179,12.74492,0.00,0.00
2015.02.02 15:04:39.677,12.74239,12.74492,0.00,0.00
2015.02.02 15:04:39.728,12.74239,12.74542,0.00,0.00
2015.02.02 15:04:39.779,12.7418,12.74524,0.00,0.00
2015.02.02 15:04:39.880,12.74179,12.74309,0.00,0.00
2015.02.02 15:04:39.930,12.74102,12.74309,0.00,0.00
2015.02.02 15:04:39.981,12.73939,12.74192,0.00,0.00
2015.02.02 15:04:40.082,12.73959,12.74291,0.00,0.00
2015.02.02 15:04:40.133,12.7398,12.74291,0.00,0.00
2015.02.02 15:04:40.234,12.7391,12.74241,0.00,0.00
2015.02.02 15:04:40.385,12.7388,12.74192,0.00,0.00
2015.02.02 15:04:40.894,12.73879,12.74192,0.00,0.00
2015.02.02 15:04:41.435,12.73879,12.74202,0.00,0.00
2015.02.02 15:04:41.486,12.73909,12.74242,0.00,0.00
2015.02.02 15:04:41.586,12.73979,12.74242,0.00,0.00
2015.02.02 15:04:41.637,12.73979,12.74292,0.00,0.00
2015.02.02 15:04:41.688,12.74009,12.74292,0.00,0.00
2015.02.02 15:04:41.738,12.74009,12.74342,0.00,0.00
2015.02.02 15:04:41.789,12.7398,12.74322,0.00,0.00
2015.02.02 15:04:41.890,12.74009,12.74342,0.00,0.00
2015.02.02 15:04:41.940,12.74009,12.74353,0.00,0.00
2015.02.02 15:04:41.991,12.74079,12.74383,0.00,0.00
2015.02.02 15:04:42.091,12.74109,12.74441,0.00,0.00
2015.02.02 15:04:42.263,12.74109,12.74453,0.00,0.00
2015.02.02 15:04:42.314,12.74139,12.74483,0.00,0.00
2015.02.02 15:04:42.629,12.7418,12.74482,0.00,0.00
2015.02.02 15:04:42.733,12.7418,12.74492,0.00,0.00
2015.02.02 15:04:42.805,12.7418,12.74513,0.00,0.00
2015.02.02 15:04:42.905,12.7428,12.74542,0.00,0.00
2015.02.02 15:04:42.956,12.7428,12.74553,0.00,0.00
2015.02.02 15:04:43.086,12.74279,12.74591,0.00,0.00
2015.02.02 15:04:43.289,12.74279,12.74541,0.00,0.00
2015.02.02 15:04:43.339,12.74203,12.74541,0.00,0.00
2015.02.02 15:04:43.390,12.74192,12.74591,0.00,0.00
2015.02.02 15:04:43.440,12.74279,12.74591,0.00,0.00
2015.02.02 15:04:43.541,12.74183,12.74542,0.00,0.00
2015.02.02 15:04:43.592,12.74179,12.74542,0.00,0.00
2015.02.02 15:04:43.804,12.7418,12.74595,0.00,0.00
2015.02.02 15:04:43.855,12.74279,12.74595,0.00,0.00
2015.02.02 15:04:43.906,12.74309,12.74642,0.00,0.00
2015.02.02 15:04:44.057,12.74309,12.74592,0.00,0.00
2015.02.02 15:04:44.108,12.74289,12.74592,0.00,0.00
2015.02.02 15:04:44.208,12.7428,12.74592,0.00,0.00
2015.02.02 15:04:44.782,12.7428,12.74541,0.00,0.00
2015.02.02 15:04:44.833,12.74269,12.74541,0.00,0.00
2015.02.02 15:04:44.934,12.74251,12.74541,0.00,0.00
2015.02.02 15:04:45.035,12.74211,12.74541,0.00,0.00
2015.02.02 15:04:45.236,12.74191,12.74491,0.00,0.00
2015.02.02 15:04:45.337,12.74135,12.74479,0.00,0.00
2015.02.02 15:04:45.387,12.7418,12.74479,0.00,0.00
2015.02.02 15:04:45.438,12.7418,12.74503,0.00,0.00
2015.02.02 15:04:45.539,12.74129,12.74469,0.00,0.00
2015.02.02 15:04:45.759,12.74125,12.74469,0.00,0.00
2015.02.02 15:04:45.809,12.7411,12.74441,0.00,0.00
2015.02.02 15:04:46.174,12.74081,12.74392,0.00,0.00
2015.02.02 15:04:46.477,12.74101,12.74442,0.00,0.00
2015.02.02 15:04:46.782,12.74129,12.74443,0.00,0.00
2015.02.02 15:04:46.833,12.7421,12.74538,0.00,0.00
2015.02.02 15:04:46.884,12.7421,12.74542,0.00,0.00
2015.02.02 15:04:46.984,12.7419,12.74492,0.00,0.00
2015.02.02 15:04:47.035,12.74136,12.74478,0.00,0.00
2015.02.02 15:04:47.236,12.74211,12.74542,0.00,0.00
2015.02.02 15:04:47.834,12.7424,12.74542,0.00,0.00
2015.02.02 15:04:47.884,12.7424,12.74584,0.00,0.00
2015.02.02 15:04:47.935,12.7438,12.74591,0.00,0.00
2015.02.02 15:04:47.985,12.7438,12.74691,0.00,0.00
2015.02.02 15:04:48.264,12.74401,12.74691,0.00,0.00
2015.02.02 15:04:48.415,12.74381,12.74691,0.00,0.00
2015.02.02 15:04:48.677,12.74381,12.74642,0.00,0.00
2015.02.02 15:04:48.727,12.74379,12.74642,0.00,0.00
2015.02.02 15:04:48.828,12.74401,12.74642,0.00,0.00
2015.02.02 15:04:48.878,12.74401,12.74692,0.00,0.00
2015.02.02 15:04:48.979,12.74401,12.74742,0.00,0.00
2015.02.02 15:04:49.030,12.7438,12.7471,0.00,0.00
2015.02.02 15:04:49.233,12.74389,12.74733,0.00,0.00
2015.02.02 15:04:49.521,12.74404,12.74741,0.00,0.00
2015.02.02 15:04:49.758,12.74418,12.74762,0.00,0.00
2015.02.02 15:04:49.809,12.74479,12.74792,0.00,0.00
2015.02.02 15:04:50.111,12.74379,12.74719,0.00,0.00
2015.02.02 15:04:50.211,12.74387,12.74692,0.00,0.00
2015.02.02 15:04:50.312,12.7441,12.74742,0.00,0.00
2015.02.02 15:04:50.417,12.74384,12.74692,0.00,0.00
2015.02.02 15:04:50.520,12.74435,12.74779,0.00,0.00
2015.02.02 15:04:50.624,12.7442,12.74741,0.00,0.00
2015.02.02 15:04:50.740,12.74311,12.74642,0.00,0.00
2015.02.02 15:04:50.862,12.74311,12.74653,0.00,0.00
2015.02.02 15:04:50.913,12.7441,12.74692,0.00,0.00
2015.02.02 15:04:51.064,12.7441,12.74742,0.00,0.00
2015.02.02 15:04:51.115,12.74435,12.74742,0.00,0.00
2015.02.02 15:04:51.165,12.74435,12.74779,0.00,0.00
2015.02.02 15:04:51.383,12.74435,12.74742,0.00,0.00
2015.02.02 15:04:51.433,12.74399,12.74742,0.00,0.00
2015.02.02 15:04:51.534,12.74411,12.74691,0.00,0.00
2015.02.02 15:04:51.836,12.74501,12.74791,0.00,0.00
2015.02.02 15:04:51.937,12.74532,12.74841,0.00,0.00
2015.02.02 15:04:51.988,12.74679,12.74841,0.00,0.00
2015.02.02 15:04:52.088,12.7471,12.74991,0.00,0.00
2015.02.02 15:04:52.139,12.7468,12.74991,0.00,0.00
2015.02.02 15:04:52.190,12.7466,12.74979,0.00,0.00
2015.02.02 15:04:52.240,12.74629,12.74914,0.00,0.00
2015.02.02 15:04:52.391,12.74541,12.74842,0.00,0.00
2015.02.02 15:04:52.442,12.74521,12.74842,0.00,0.00
2015.02.02 15:04:52.542,12.74542,12.74842,0.00,0.00
2015.02.02 15:04:52.593,12.7458,12.74884,0.00,0.00
2015.02.02 15:04:52.694,12.74592,12.74934,0.00,0.00
2015.02.02 15:04:52.795,12.74611,12.74955,0.00,0.00
2015.02.02 15:04:52.845,12.74611,12.74942,0.00,0.00
2015.02.02 15:04:53.147,12.74691,12.74942,0.00,0.00
2015.02.02 15:04:53.248,12.74611,12.74942,0.00,0.00
2015.02.02 15:04:53.348,12.746,12.74941,0.00,0.00
2015.02.02 15:04:53.399,12.74679,12.74941,0.00,0.00
2015.02.02 15:04:53.500,12.74706,12.75042,0.00,0.00
2015.02.02 15:04:53.601,12.74689,12.74992,0.00,0.00
2015.02.02 15:04:53.651,12.74679,12.74992,0.00,0.00
2015.02.02 15:04:53.752,12.74788,12.75091,0.00,0.00
2015.02.02 15:04:53.802,12.74788,12.75132,0.00,0.00
2015.02.02 15:04:53.853,12.74829,12.75143,0.00,0.00
2015.02.02 15:04:54.172,12.74979,12.75242,0.00,0.00
2015.02.02 15:04:54.273,12.74979,12.75291,0.00,0.00
2015.02.02 15:04:54.525,12.74979,12.75273,0.00,0.00
2015.02.02 15:04:54.803,12.74929,12.75255,0.00,0.00
2015.02.02 15:04:54.854,12.74979,12.75269,0.00,0.00
2015.02.02 15:04:55.061,12.7493,12.75242,0.00,0.00
2015.02.02 15:04:55.162,12.7493,12.75192,0.00,0.00
2015.02.02 15:04:55.525,12.74929,12.75188,0.00,0.00
2015.02.02 15:04:55.682,12.7488,12.75175,0.00,0.00
2015.02.02 15:04:55.732,12.7488,12.75131,0.00,0.00
2015.02.02 15:04:55.783,12.74829,12.75131,0.00,0.00
2015.02.02 15:04:55.884,12.74879,12.75142,0.00,0.00
2015.02.02 15:04:55.934,12.74879,12.75192,0.00,0.00
2015.02.02 15:04:56.035,12.74879,12.75142,0.00,0.00
2015.02.02 15:04:56.186,12.74812,12.75142,0.00,0.00
2015.02.02 15:04:56.236,12.74779,12.75027,0.00,0.00
2015.02.02 15:04:56.287,12.74683,12.75027,0.00,0.00
2015.02.02 15:04:56.337,12.74679,12.7499,0.00,0.00
2015.02.02 15:04:56.489,12.74708,12.7505,0.00,0.00
2015.02.02 15:04:56.539,12.74779,12.75091,0.00,0.00
2015.02.02 15:04:56.691,12.74799,12.75141,0.00,0.00
2015.02.02 15:04:56.741,12.74879,12.75191,0.00,0.00
2015.02.02 15:04:56.792,12.74879,12.75212,0.00,0.00
2015.02.02 15:04:56.892,12.74879,12.75191,0.00,0.00
2015.02.02 15:04:57.100,12.74879,12.75212,0.00,0.00
2015.02.02 15:04:57.201,12.74908,12.75242,0.00,0.00
2015.02.02 15:04:57.251,12.74979,12.75292,0.00,0.00
2015.02.02 15:04:57.555,12.74949,12.75242,0.00,0.00
2015.02.02 15:04:57.670,12.74918,12.75242,0.00,0.00
2015.02.02 15:04:57.774,12.74899,12.75192,0.00,0.00
2015.02.02 15:04:57.979,12.74819,12.75141,0.00,0.00
2015.02.02 15:04:58.079,12.74908,12.75242,0.00,0.00
2015.02.02 15:04:58.130,12.74908,12.75192,0.00,0.00
2015.02.02 15:04:58.366,12.74889,12.75192,0.00,0.00
2015.02.02 15:04:58.676,12.74888,12.75232,0.00,0.00
2015.02.02 15:04:58.783,12.74928,12.75192,0.00,0.00
2015.02.02 15:04:58.884,12.74928,12.75242,0.00,0.00
2015.02.02 15:04:59.484,12.74928,12.75241,0.00,0.00
2015.02.02 15:04:59.641,12.74889,12.75192,0.00,0.00
2015.02.02 15:04:59.742,12.74918,12.75242,0.00,0.00
2015.02.02 15:05:00.037,12.74929,12.75242,0.00,0.00
2015.02.02 15:05:00.088,12.74929,12.75273,0.00,0.00
2015.02.02 15:05:00.138,12.7498,12.75292,0.00,0.00
2015.02.02 15:05:00.239,12.74929,12.75242,0.00,0.00
2015.02.02 15:05:00.440,12.7496,12.75291,0.00,0.00
2015.02.02 15:05:00.541,12.7498,12.75291,0.00,0.00
2015.02.02 15:05:01.225,12.74979,12.75291,0.00,0.00
2015.02.02 15:05:01.790,12.74999,12.75291,0.00,0.00
2015.02.02 15:05:02.093,12.74999,12.75241,0.00,0.00
2015.02.02 15:05:02.465,12.74999,12.75191,0.00,0.00
2015.02.02 15:05:02.515,12.74999,12.75242,0.00,0.00
2015.02.02 15:05:02.616,12.74999,12.75292,0.00,0.00
2015.02.02 15:05:02.934,12.74999,12.75192,0.00,0.00
2015.02.02 15:05:03.287,12.74999,12.75141,0.00,0.00
2015.02.02 15:05:03.847,12.74838,12.75141,0.00,0.00
2015.02.02 15:05:04.362,12.74838,12.75121,0.00,0.00
2015.02.02 15:05:04.463,12.7478,12.75083,0.00,0.00
2015.02.02 15:05:04.564,12.74739,12.75072,0.00,0.00
2015.02.02 15:05:04.614,12.74739,12.75022,0.00,0.00
2015.02.02 15:05:04.949,12.7478,12.75072,0.00,0.00
2015.02.02 15:05:05.000,12.74869,12.75072,0.00,0.00
2015.02.02 15:05:05.050,12.7491,12.75222,0.00,0.00
2015.02.02 15:05:05.151,12.7488,12.75172,0.00,0.00
2015.02.02 15:05:05.252,12.7482,12.75121,0.00,0.00
2015.02.02 15:05:05.559,12.74849,12.75121,0.00,0.00
2015.02.02 15:05:05.610,12.74849,12.75172,0.00,0.00
2015.02.02 15:05:05.660,12.7498,12.75172,0.00,0.00
2015.02.02 15:05:05.761,12.7482,12.75162,0.00,0.00
2015.02.02 15:05:05.812,12.7482,12.75122,0.00,0.00
2015.02.02 15:05:06.156,12.74799,12.75122,0.00,0.00
2015.02.02 15:05:06.257,12.74799,12.75071,0.00,0.00
2015.02.02 15:05:06.358,12.74818,12.75121,0.00,0.00
2015.02.02 15:05:06.769,12.74829,12.75121,0.00,0.00
2015.02.02 15:05:06.819,12.74829,12.75171,0.00,0.00
2015.02.02 15:05:06.870,12.74979,12.75171,0.00,0.00
2015.02.02 15:05:06.920,12.74979,12.75173,0.00,0.00
2015.02.02 15:05:07.021,12.75019,12.75321,0.00,0.00
2015.02.02 15:05:07.122,12.75019,12.75363,0.00,0.00
2015.02.02 15:05:07.222,12.75049,12.75372,0.00,0.00
2015.02.02 15:05:07.323,12.75018,12.75362,0.00,0.00
2015.02.02 15:05:07.374,12.75018,12.75322,0.00,0.00
2015.02.02 15:05:07.678,12.74879,12.75192,0.00,0.00
2015.02.02 15:05:07.728,12.74919,12.75222,0.00,0.00
2015.02.02 15:05:07.933,12.74828,12.75171,0.00,0.00
2015.02.02 15:05:08.097,12.74879,12.75171,0.00,0.00
2015.02.02 15:05:08.198,12.74828,12.75122,0.00,0.00
2015.02.02 15:05:08.299,12.74859,12.75122,0.00,0.00
2015.02.02 15:05:08.400,12.74818,12.75122,0.00,0.00
2015.02.02 15:05:09.099,12.74779,12.75072,0.00,0.00
2015.02.02 15:05:09.350,12.74798,12.75122,0.00,0.00
2015.02.02 15:05:09.451,12.74798,12.75071,0.00,0.00
2015.02.02 15:05:09.693,12.74798,12.75142,0.00,0.00
2015.02.02 15:05:09.744,12.74819,12.75161,0.00,0.00
2015.02.02 15:05:10.065,12.74919,12.75222,0.00,0.00
2015.02.02 15:05:10.367,12.74948,12.75172,0.00,0.00
2015.02.02 15:05:10.418,12.74879,12.75172,0.00,0.00
2015.02.02 15:05:10.644,12.74898,12.75122,0.00,0.00
2015.02.02 15:05:10.745,12.7478,12.75122,0.00,0.00
2015.02.02 15:05:10.846,12.74819,12.75122,0.00,0.00
2015.02.02 15:05:11.098,12.74918,12.75222,0.00,0.00
2015.02.02 15:05:11.180,12.74918,12.75262,0.00,0.00
2015.02.02 15:05:11.231,12.7498,12.75272,0.00,0.00
2015.02.02 15:05:11.332,12.74919,12.75221,0.00,0.00
2015.02.02 15:05:11.447,12.74919,12.75261,0.00,0.00
2015.02.02 15:05:11.656,12.74934,12.75222,0.00,0.00
2015.02.02 15:05:11.860,12.74919,12.75222,0.00,0.00
2015.02.02 15:05:12.295,12.74919,12.75261,0.00,0.00
2015.02.02 15:05:12.395,12.74919,12.75221,0.00,0.00
2015.02.02 15:05:12.446,12.7488,12.75218,0.00,0.00
2015.02.02 15:05:12.547,12.7488,12.75172,0.00,0.00
2015.02.02 15:05:12.753,12.74799,12.75121,0.00,0.00
2015.02.02 15:05:12.870,12.74798,12.75071,0.00,0.00
2015.02.02 15:05:12.920,12.74786,12.75071,0.00,0.00
2015.02.02 15:05:13.305,12.74786,12.75122,0.00,0.00
2015.02.02 15:05:13.356,12.74819,12.75122,0.00,0.00
2015.02.02 15:05:13.619,12.74819,12.75161,0.00,0.00
2015.02.02 15:05:13.830,12.74848,12.75171,0.00,0.00
2015.02.02 15:05:14.179,12.74879,12.75172,0.00,0.00
2015.02.02 15:05:14.229,12.74828,12.75172,0.00,0.00
2015.02.02 15:05:14.280,12.74828,12.75121,0.00,0.00
2015.02.02 15:05:14.921,12.74828,12.75172,0.00,0.00
2015.02.02 15:05:15.072,12.74979,12.75271,0.00,0.00
2015.02.02 15:05:15.485,12.74752,12.74929,0.00,0.00
2015.02.02 15:05:15.536,12.74709,12.74871,0.00,0.00
2015.02.02 15:05:15.637,12.74709,12.74971,0.00,0.00
2015.02.02 15:05:15.737,12.74708,12.75022,0.00,0.00
2015.02.02 15:05:15.838,12.74618,12.74962,0.00,0.00
2015.02.02 15:05:15.939,12.74619,12.74922,0.00,0.00
2015.02.02 15:05:16.241,12.74718,12.74972,0.00,0.00
2015.02.02 15:05:16.392,12.74804,12.75072,0.00,0.00
2015.02.02 15:05:16.493,12.74759,12.75072,0.00,0.00
2015.02.02 15:05:16.543,12.74788,12.75072,0.00,0.00
2015.02.02 15:05:16.655,12.74758,12.75072,0.00,0.00
2015.02.02 15:05:16.706,12.74779,12.75072,0.00,0.00
2015.02.02 15:05:16.907,12.74769,12.75071,0.00,0.00
2015.02.02 15:05:16.958,12.74713,12.75055,0.00,0.00
2015.02.02 15:05:17.134,12.7478,12.75055,0.00,0.00
2015.02.02 15:05:17.185,12.7478,12.75071,0.00,0.00
2015.02.02 15:05:17.286,12.74787,12.75071,0.00,0.00
2015.02.02 15:05:17.386,12.74801,12.75121,0.00,0.00
2015.02.02 15:05:17.487,12.74816,12.75121,0.00,0.00
2015.02.02 15:05:17.788,12.74791,12.75071,0.00,0.00
2015.02.02 15:05:17.889,12.7478,12.75071,0.00,0.00
2015.02.02 15:05:18.403,12.74779,12.75071,0.00,0.00
2015.02.02 15:05:19.004,12.7478,12.75071,0.00,0.00
2015.02.02 15:05:19.827,12.74779,12.75071,0.00,0.00
2015.02.02 15:05:20.108,12.74714,12.75021,0.00,0.00
2015.02.02 15:05:20.209,12.7468,12.75021,0.00,0.00
2015.02.02 15:05:20.469,12.7468,12.74972,0.00,0.00
2015.02.02 15:05:20.885,12.74679,12.74999,0.00,0.00
2015.02.02 15:05:20.985,12.74703,12.75021,0.00,0.00
2015.02.02 15:05:21.295,12.7468,12.75021,0.00,0.00
2015.02.02 15:05:21.346,12.7468,12.74972,0.00,0.00
2015.02.02 15:05:21.446,12.74686,12.75022,0.00,0.00
2015.02.02 15:05:21.497,12.747,12.75022,0.00,0.00
2015.02.02 15:05:21.548,12.747,12.75042,0.00,0.00
2015.02.02 15:05:21.598,12.74719,12.75061,0.00,0.00
2015.02.02 15:05:21.968,12.74803,12.75121,0.00,0.00
2015.02.02 15:05:22.273,12.74814,12.75121,0.00,0.00
2015.02.02 15:05:22.378,12.74799,12.75121,0.00,0.00
2015.02.02 15:05:22.732,12.74799,12.75141,0.00,0.00
2015.02.02 15:05:22.833,12.7488,12.75158,0.00,0.00
2015.02.02 15:05:22.934,12.74913,12.75221,0.00,0.00
2015.02.02 15:05:22.984,12.74913,12.75122,0.00,0.00
2015.02.02 15:05:23.035,12.749,12.75122,0.00,0.00
2015.02.02 15:05:23.136,12.7488,12.75122,0.00,0.00
2015.02.02 15:05:23.236,12.7488,12.75172,0.00,0.00
2015.02.02 15:05:23.337,12.74792,12.75136,0.00,0.00
2015.02.02 15:05:23.438,12.74879,12.75171,0.00,0.00
2015.02.02 15:05:23.986,12.7488,12.75202,0.00,0.00
2015.02.02 15:05:24.036,12.749,12.75221,0.00,0.00
2015.02.02 15:05:24.293,12.74937,12.75272,0.00,0.00
2015.02.02 15:05:24.394,12.74937,12.75222,0.00,0.00
2015.02.02 15:05:24.444,12.74879,12.75221,0.00,0.00
2015.02.02 15:05:24.499,12.74912,12.75222,0.00,0.00
2015.02.02 15:05:24.600,12.74879,12.75222,0.00,0.00
2015.02.02 15:05:24.751,12.74913,12.75255,0.00,0.00
2015.02.02 15:05:24.802,12.74923,12.75267,0.00,0.00
2015.02.02 15:05:24.903,12.74935,12.75272,0.00,0.00
2015.02.02 15:05:25.117,12.74918,12.75262,0.00,0.00
2015.02.02 15:05:25.711,12.7491,12.75172,0.00,0.00
2015.02.02 15:05:25.811,12.7488,12.75201,0.00,0.00
2015.02.02 15:05:25.862,12.7488,12.75172,0.00,0.00
2015.02.02 15:05:26.013,12.74979,12.75272,0.00,0.00
2015.02.02 15:05:26.701,12.74979,12.75312,0.00,0.00
2015.02.02 15:05:26.802,12.7498,12.75321,0.00,0.00
2015.02.02 15:05:27.112,12.75011,12.75321,0.00,0.00
2015.02.02 15:05:27.163,12.75011,12.75353,0.00,0.00
2015.02.02 15:05:27.213,12.75049,12.75371,0.00,0.00
2015.02.02 15:05:27.527,12.75079,12.75371,0.00,0.00
2015.02.02 15:05:27.678,12.75029,12.75371,0.00,0.00
2015.02.02 15:05:27.729,12.74979,12.75261,0.00,0.00
2015.02.02 15:05:27.780,12.74919,12.75261,0.00,0.00
2015.02.02 15:05:27.831,12.7489,12.75222,0.00,0.00
2015.02.02 15:05:28.250,12.74955,12.75271,0.00,0.00
2015.02.02 15:05:28.566,12.7488,12.75219,0.00,0.00
2015.02.02 15:05:28.762,12.74891,12.75221,0.00,0.00
2015.02.02 15:05:28.863,12.7493,12.75263,0.00,0.00
2015.02.02 15:05:29.061,12.74934,12.75276,0.00,0.00
2015.02.02 15:05:29.161,12.74934,12.75271,0.00,0.00
2015.02.02 15:05:29.262,12.74969,12.75313,0.00,0.00
2015.02.02 15:05:29.313,12.74979,12.75313,0.00,0.00
2015.02.02 15:05:29.615,12.74979,12.75272,0.00,0.00
2015.02.02 15:05:29.816,12.74985,12.75321,0.00,0.00
2015.02.02 15:05:29.867,12.7501,12.75321,0.00,0.00
2015.02.02 15:05:29.967,12.74997,12.75321,0.00,0.00
2015.02.02 15:05:30.018,12.74997,12.75272,0.00,0.00
2015.02.02 15:05:30.068,12.74911,12.75255,0.00,0.00
2015.02.02 15:05:30.119,12.74911,12.75222,0.00,0.00
2015.02.02 15:05:30.421,12.74926,12.75222,0.00,0.00
2015.02.02 15:05:30.685,12.74957,12.75271,0.00,0.00
2015.02.02 15:05:30.735,12.75016,12.75271,0.00,0.00
2015.02.02 15:05:30.786,12.75016,12.75322,0.00,0.00
2015.02.02 15:05:31.244,12.75079,12.75322,0.00,0.00
2015.02.02 15:05:31.312,12.75079,12.75372,0.00,0.00
2015.02.02 15:05:31.413,12.75016,12.7536,0.00,0.00
2015.02.02 15:05:31.463,12.75009,12.75353,0.00,0.00
2015.02.02 15:05:31.765,12.749,12.75222,0.00,0.00
2015.02.02 15:05:32.076,12.74894,12.75171,0.00,0.00
2015.02.02 15:05:32.128,12.74879,12.75171,0.00,0.00
2015.02.02 15:05:32.229,12.74906,12.75171,0.00,0.00
2015.02.02 15:05:32.329,12.74906,12.75222,0.00,0.00
2015.02.02 15:05:32.430,12.74906,12.75171,0.00,0.00
2015.02.02 15:05:32.687,12.7488,12.75171,0.00,0.00
2015.02.02 15:05:32.877,12.74889,12.75171,0.00,0.00
2015.02.02 15:05:33.267,12.74879,12.75171,0.00,0.00
2015.02.02 15:05:33.571,12.74887,12.75171,0.00,0.00
2015.02.02 15:05:33.772,12.74898,12.75221,0.00,0.00
2015.02.02 15:05:34.380,12.7488,12.75219,0.00,0.00
2015.02.02 15:05:34.883,12.74891,12.75235,0.00,0.00
2015.02.02 15:05:35.135,12.7492,12.75264,0.00,0.00
2015.02.02 15:05:35.436,12.7489,12.75218,0.00,0.00
2015.02.02 15:05:35.536,12.74895,12.75239,0.00,0.00
2015.02.02 15:05:35.637,12.74879,12.75212,0.00,0.00
2015.02.02 15:05:35.828,12.74879,12.75218,0.00,0.00
2015.02.02 15:05:35.934,12.74879,12.75192,0.00,0.00
2015.02.02 15:05:36.271,12.7488,12.75189,0.00,0.00
2015.02.02 15:05:36.640,12.7488,12.75191,0.00,0.00
2015.02.02 15:05:36.741,12.7488,12.75219,0.00,0.00
2015.02.02 15:05:36.923,12.74879,12.75192,0.00,0.00
2015.02.02 15:05:37.124,12.74815,12.75151,0.00,0.00
2015.02.02 15:05:37.175,12.7478,12.75101,0.00,0.00
2015.02.02 15:05:37.326,12.74746,12.75088,0.00,0.00
2015.02.02 15:05:37.376,12.74679,12.75018,0.00,0.00
2015.02.02 15:05:37.678,12.74779,12.75019,0.00,0.00
2015.02.02 15:05:37.728,12.74679,12.75012,0.00,0.00
2015.02.02 15:05:37.880,12.74705,12.75012,0.00,0.00
2015.02.02 15:05:38.237,12.74752,12.75061,0.00,0.00
2015.02.02 15:05:38.288,12.74779,12.75011,0.00,0.00
2015.02.02 15:05:38.490,12.74788,12.75061,0.00,0.00
2015.02.02 15:05:38.591,12.74788,12.75111,0.00,0.00
2015.02.02 15:05:38.642,12.7488,12.75111,0.00,0.00
2015.02.02 15:05:38.692,12.7488,12.75152,0.00,0.00
2015.02.02 15:05:39.154,12.74884,12.75202,0.00,0.00
2015.02.02 15:05:39.356,12.74884,12.75151,0.00,0.00
2015.02.02 15:05:39.407,12.7488,12.75151,0.00,0.00
2015.02.02 15:05:39.821,12.74845,12.75111,0.00,0.00
2015.02.02 15:05:39.872,12.74806,12.75111,0.00,0.00
2015.02.02 15:05:39.922,12.74806,12.75061,0.00,0.00
2015.02.02 15:05:39.973,12.74795,12.75061,0.00,0.00
2015.02.02 15:05:40.130,12.74795,12.75112,0.00,0.00
2015.02.02 15:05:40.181,12.74815,12.75112,0.00,0.00
2015.02.02 15:05:40.281,12.74805,12.75112,0.00,0.00
2015.02.02 15:05:40.441,12.74805,12.75062,0.00,0.00
2015.02.02 15:05:40.492,12.74779,12.75062,0.00,0.00
2015.02.02 15:05:40.593,12.74811,12.75112,0.00,0.00
2015.02.02 15:05:40.694,12.74796,12.75112,0.00,0.00
2015.02.02 15:05:40.795,12.74779,12.75062,0.00,0.00
2015.02.02 15:05:41.216,12.7478,12.75012,0.00,0.00
2015.02.02 15:05:41.367,12.74741,12.75012,0.00,0.00
2015.02.02 15:05:41.418,12.74733,12.75012,0.00,0.00
2015.02.02 15:05:41.468,12.7478,12.75052,0.00,0.00
2015.02.02 15:05:41.530,12.74708,12.75052,0.00,0.00
2015.02.02 15:05:41.580,12.74708,12.75011,0.00,0.00
2015.02.02 15:05:41.982,12.74708,12.75039,0.00,0.00
2015.02.02 15:05:42.093,12.74708,12.75011,0.00,0.00
2015.02.02 15:05:42.345,12.74708,12.75039,0.00,0.00
2015.02.02 15:05:42.446,12.74708,12.75011,0.00,0.00
2015.02.02 15:05:42.772,12.74779,12.75061,0.00,0.00
2015.02.02 15:05:43.122,12.74779,12.75012,0.00,0.00
2015.02.02 15:05:43.223,12.74885,12.75202,0.00,0.00
2015.02.02 15:05:43.274,12.74908,12.75202,0.00,0.00
2015.02.02 15:05:44.083,12.74904,12.75202,0.00,0.00
2015.02.02 15:05:44.184,12.7488,12.75178,0.00,0.00
2015.02.02 15:05:44.234,12.74847,12.75152,0.00,0.00
2015.02.02 15:05:44.285,12.74819,12.75142,0.00,0.00
2015.02.02 15:05:44.335,12.74802,12.75112,0.00,0.00
2015.02.02 15:05:44.386,12.74798,12.75112,0.00,0.00
2015.02.02 15:05:44.487,12.74809,12.75112,0.00,0.00
2015.02.02 15:05:44.778,12.74792,12.75112,0.00,0.00
2015.02.02 15:05:44.828,12.74792,12.75089,0.00,0.00
2015.02.02 15:05:45.224,12.74779,12.75062,0.00,0.00
2015.02.02 15:05:45.375,12.7473,12.75027,0.00,0.00
2015.02.02 15:05:45.680,12.7473,12.75057,0.00,0.00
2015.02.02 15:05:45.782,12.7478,12.75062,0.00,0.00
2015.02.02 15:05:46.288,12.74779,12.75062,0.00,0.00
2015.02.02 15:05:46.742,12.74779,12.75112,0.00,0.00
2015.02.02 15:05:46.846,12.7478,12.75102,0.00,0.00
2015.02.02 15:05:47.383,12.74779,12.75061,0.00,0.00
2015.02.02 15:05:47.484,12.74791,12.75102,0.00,0.00
2015.02.02 15:05:47.534,12.748,12.75102,0.00,0.00
2015.02.02 15:05:47.635,12.748,12.75117,0.00,0.00
2015.02.02 15:05:47.836,12.74779,12.75102,0.00,0.00
2015.02.02 15:05:47.937,12.74779,12.75062,0.00,0.00
2015.02.02 15:05:48.662,12.7478,12.75062,0.00,0.00
2015.02.02 15:05:49.186,12.74779,12.75062,0.00,0.00
2015.02.02 15:05:49.487,12.74743,12.75012,0.00,0.00
2015.02.02 15:05:49.538,12.74683,12.75012,0.00,0.00
2015.02.02 15:05:50.111,12.74683,12.74962,0.00,0.00
2015.02.02 15:05:50.161,12.7468,12.74962,0.00,0.00
2015.02.02 15:05:50.262,12.7468,12.74988,0.00,0.00
2015.02.02 15:05:50.363,12.74679,12.75007,0.00,0.00
2015.02.02 15:05:50.769,12.74679,12.74989,0.00,0.00
2015.02.02 15:05:50.920,12.74679,12.75007,0.00,0.00
2015.02.02 15:05:51.021,12.74679,12.74962,0.00,0.00
2015.02.02 15:05:51.122,12.74679,12.75007,0.00,0.00
2015.02.02 15:05:51.751,12.7469,12.75007,0.00,0.00
2015.02.02 15:05:51.852,12.74679,12.75007,0.00,0.00
2015.02.02 15:05:52.003,12.74778,12.75038,0.00,0.00
2015.02.02 15:05:52.208,12.7478,12.75088,0.00,0.00
2015.02.02 15:05:52.258,12.7478,12.75062,0.00,0.00
2015.02.02 15:05:52.359,12.74779,12.75088,0.00,0.00
2015.02.02 15:05:52.460,12.74779,12.75061,0.00,0.00
2015.02.02 15:05:52.652,12.74779,12.75088,0.00,0.00
2015.02.02 15:05:52.753,12.7478,12.75101,0.00,0.00
2015.02.02 15:05:52.853,12.74779,12.75089,0.00,0.00
2015.02.02 15:05:53.155,12.74802,12.75101,0.00,0.00
2015.02.02 15:05:53.497,12.7478,12.75062,0.00,0.00
2015.02.02 15:05:53.804,12.7478,12.75047,0.00,0.00
2015.02.02 15:05:53.854,12.74729,12.75047,0.00,0.00
2015.02.02 15:05:54.239,12.74753,12.75089,0.00,0.00
2015.02.02 15:05:54.301,12.74753,12.75062,0.00,0.00
2015.02.02 15:05:54.352,12.7472,12.75037,0.00,0.00
2015.02.02 15:05:54.453,12.74693,12.75037,0.00,0.00
2015.02.02 15:05:54.503,12.74701,12.75037,0.00,0.00
2015.02.02 15:05:54.806,12.74773,12.75062,0.00,0.00
2015.02.02 15:05:54.857,12.7478,12.75102,0.00,0.00
2015.02.02 15:05:55.180,12.7478,12.75089,0.00,0.00
2015.02.02 15:05:55.281,12.74679,12.75017,0.00,0.00
2015.02.02 15:05:55.331,12.74679,12.75012,0.00,0.00
2015.02.02 15:05:55.869,12.7468,12.75012,0.00,0.00
2015.02.02 15:05:56.185,12.7478,12.75057,0.00,0.00
2015.02.02 15:05:56.236,12.7478,12.75062,0.00,0.00
2015.02.02 15:05:56.392,12.74779,12.74962,0.00,0.00
2015.02.02 15:05:56.493,12.74693,12.74962,0.00,0.00
2015.02.02 15:05:56.594,12.7468,12.75011,0.00,0.00
2015.02.02 15:05:56.644,12.74838,12.75049,0.00,0.00
2015.02.02 15:05:56.846,12.7518,12.75462,0.00,0.00
2015.02.02 15:05:56.946,12.75179,12.75401,0.00,0.00
2015.02.02 15:05:57.050,12.75079,12.75402,0.00,0.00
2015.02.02 15:05:57.209,12.7508,12.75416,0.00,0.00
2015.02.02 15:05:57.260,12.75179,12.75462,0.00,0.00
2015.02.02 15:05:57.414,12.75213,12.75539,0.00,0.00
2015.02.02 15:05:57.515,12.75209,12.75547,0.00,0.00
2015.02.02 15:05:57.566,12.75279,12.75547,0.00,0.00
2015.02.02 15:05:57.616,12.75279,12.75561,0.00,0.00
2015.02.02 15:05:58.050,12.75279,12.75546,0.00,0.00
2015.02.02 15:05:58.216,12.75279,12.75561,0.00,0.00
2015.02.02 15:05:58.718,12.7528,12.75561,0.00,0.00
2015.02.02 15:05:59.819,12.75267,12.75461,0.00,0.00
2015.02.02 15:05:59.870,12.75206,12.75461,0.00,0.00
2015.02.02 15:05:59.971,12.75179,12.75461,0.00,0.00
2015.02.02 15:06:00.129,12.752,12.75461,0.00,0.00
2015.02.02 15:06:00.333,12.75181,12.75461,0.00,0.00
2015.02.02 15:06:00.792,12.75181,12.75402,0.00,0.00
2015.02.02 15:06:00.892,12.75179,12.75402,0.00,0.00
2015.02.02 15:06:00.943,12.75179,12.75462,0.00,0.00
2015.02.02 15:06:01.044,12.75196,12.75462,0.00,0.00
2015.02.02 15:06:01.363,12.75086,12.75351,0.00,0.00
2015.02.02 15:06:01.463,12.7508,12.75351,0.00,0.00
2015.02.02 15:06:01.564,12.75087,12.75351,0.00,0.00
2015.02.02 15:06:01.888,12.75179,12.7546,0.00,0.00
2015.02.02 15:06:01.940,12.75206,12.75512,0.00,0.00
2015.02.02 15:06:02.163,12.75209,12.75512,0.00,0.00
2015.02.02 15:06:02.511,12.75279,12.75562,0.00,0.00
2015.02.02 15:06:02.665,12.75214,12.75512,0.00,0.00
2015.02.02 15:06:02.766,12.7518,12.75512,0.00,0.00
2015.02.02 15:06:02.867,12.75207,12.75512,0.00,0.00
2015.02.02 15:06:03.018,12.7518,12.75501,0.00,0.00
2015.02.02 15:06:03.237,12.75205,12.75451,0.00,0.00
2015.02.02 15:06:03.348,12.7518,12.75451,0.00,0.00
2015.02.02 15:06:03.677,12.7518,12.75501,0.00,0.00
2015.02.02 15:06:03.778,12.75204,12.75548,0.00,0.00
2015.02.02 15:06:03.878,12.75279,12.75501,0.00,0.00
2015.02.02 15:06:03.983,12.75226,12.75501,0.00,0.00
2015.02.02 15:06:04.084,12.75279,12.75501,0.00,0.00
2015.02.02 15:06:04.134,12.75279,12.75551,0.00,0.00
2015.02.02 15:06:04.335,12.7528,12.75452,0.00,0.00
2015.02.02 15:06:04.386,12.75204,12.75452,0.00,0.00
2015.02.02 15:06:04.487,12.75179,12.75452,0.00,0.00
2015.02.02 15:06:05.004,12.75179,12.75501,0.00,0.00
2015.02.02 15:06:05.531,12.7518,12.75501,0.00,0.00
2015.02.02 15:06:05.582,12.75194,12.75501,0.00,0.00
2015.02.02 15:06:05.789,12.75218,12.75552,0.00,0.00
2015.02.02 15:06:05.890,12.75196,12.75501,0.00,0.00
2015.02.02 15:06:05.940,12.75181,12.75501,0.00,0.00
2015.02.02 15:06:06.141,12.75196,12.75502,0.00,0.00
2015.02.02 15:06:06.242,12.75181,12.75502,0.00,0.00
2015.02.02 15:06:06.401,12.75181,12.75451,0.00,0.00
2015.02.02 15:06:06.452,12.75179,12.75451,0.00,0.00
2015.02.02 15:06:06.618,12.7514,12.75451,0.00,0.00
2015.02.02 15:06:06.668,12.75079,12.75352,0.00,0.00
2015.02.02 15:06:07.179,12.7508,12.75352,0.00,0.00
2015.02.02 15:06:07.692,12.75079,12.75352,0.00,0.00
2015.02.02 15:06:08.231,12.7508,12.75352,0.00,0.00
2015.02.02 15:06:08.783,12.75079,12.75352,0.00,0.00
2015.02.02 15:06:09.271,12.7508,12.75389,0.00,0.00
2015.02.02 15:06:09.321,12.75179,12.75389,0.00,0.00
2015.02.02 15:06:09.372,12.75179,12.75401,0.00,0.00
2015.02.02 15:06:09.473,12.75148,12.75401,0.00,0.00
2015.02.02 15:06:09.574,12.75082,12.75401,0.00,0.00
2015.02.02 15:06:09.717,12.7508,12.75401,0.00,0.00
2015.02.02 15:06:09.818,12.75179,12.75417,0.00,0.00
2015.02.02 15:06:09.919,12.75179,12.75452,0.00,0.00
2015.02.02 15:06:09.970,12.75129,12.75452,0.00,0.00
2015.02.02 15:06:10.071,12.75179,12.75452,0.00,0.00
2015.02.02 15:06:10.552,12.75157,12.75452,0.00,0.00
2015.02.02 15:06:10.703,12.75122,12.75401,0.00,0.00
2015.02.02 15:06:10.804,12.7518,12.75502,0.00,0.00
2015.02.02 15:06:11.318,12.75179,12.75501,0.00,0.00
2015.02.02 15:06:11.419,12.75279,12.75538,0.00,0.00
2015.02.02 15:06:11.469,12.75279,12.7555,0.00,0.00
2015.02.02 15:06:11.925,12.75279,12.75502,0.00,0.00
2015.02.02 15:06:12.026,12.7528,12.75552,0.00,0.00
2015.02.02 15:06:12.127,12.75279,12.75502,0.00,0.00
2015.02.02 15:06:12.228,12.7521,12.75502,0.00,0.00
2015.02.02 15:06:12.328,12.7518,12.75502,0.00,0.00
2015.02.02 15:06:12.901,12.7518,12.75351,0.00,0.00
2015.02.02 15:06:12.951,12.75178,12.75351,0.00,0.00
2015.02.02 15:06:13.052,12.75079,12.75351,0.00,0.00
2015.02.02 15:06:13.222,12.751,12.75351,0.00,0.00
2015.02.02 15:06:13.651,12.75079,12.75351,0.00,0.00
2015.02.02 15:06:13.771,12.75079,12.75388,0.00,0.00
2015.02.02 15:06:13.822,12.75085,12.75388,0.00,0.00
2015.02.02 15:06:14.147,12.75222,12.75502,0.00,0.00
2015.02.02 15:06:14.451,12.7528,12.75551,0.00,0.00
2015.02.02 15:06:14.973,12.75279,12.75551,0.00,0.00
2015.02.02 15:06:15.638,12.7528,12.75551,0.00,0.00
2015.02.02 15:06:16.156,12.75279,12.75551,0.00,0.00
2015.02.02 15:06:16.641,12.75228,12.75502,0.00,0.00
2015.02.02 15:06:16.742,12.75179,12.75488,0.00,0.00
2015.02.02 15:06:16.793,12.75179,12.75451,0.00,0.00
2015.02.02 15:06:16.967,12.75279,12.75552,0.00,0.00
2015.02.02 15:06:17.039,12.75227,12.75552,0.00,0.00
2015.02.02 15:06:17.141,12.75202,12.75521,0.00,0.00
2015.02.02 15:06:17.191,12.75179,12.75502,0.00,0.00
2015.02.02 15:06:17.242,12.75179,12.755,0.00,0.00
2015.02.02 15:06:17.580,12.75179,12.75451,0.00,0.00
2015.02.02 15:06:17.631,12.75179,12.75488,0.00,0.00
2015.02.02 15:06:17.681,12.75279,12.75488,0.00,0.00
2015.02.02 15:06:17.732,12.75279,12.75551,0.00,0.00
2015.02.02 15:06:17.833,12.75279,12.75549,0.00,0.00
2015.02.02 15:06:17.883,12.75211,12.75501,0.00,0.00
2015.02.02 15:06:17.934,12.75207,12.75501,0.00,0.00
2015.02.02 15:06:18.035,12.7518,12.75501,0.00,0.00
2015.02.02 15:06:18.085,12.75179,12.75489,0.00,0.00
2015.02.02 15:06:18.387,12.75107,12.75398,0.00,0.00
2015.02.02 15:06:18.438,12.7508,12.75381,0.00,0.00
2015.02.02 15:06:18.488,12.7518,12.75381,0.00,0.00
2015.02.02 15:06:18.539,12.7518,12.75392,0.00,0.00
2015.02.02 15:06:18.640,12.75179,12.75305,0.00,0.00
2015.02.02 15:06:18.843,12.75202,12.75392,0.00,0.00
2015.02.02 15:06:18.944,12.75202,12.75451,0.00,0.00
2015.02.02 15:06:19.053,12.75202,12.75345,0.00,0.00
2015.02.02 15:06:19.558,12.7518,12.75451,0.00,0.00
2015.02.02 15:06:19.609,12.7518,12.75501,0.00,0.00
2015.02.02 15:06:19.813,12.75179,12.75489,0.00,0.00
2015.02.02 15:06:20.151,12.75179,12.75452,0.00,0.00
2015.02.02 15:06:20.596,12.7518,12.75341,0.00,0.00
2015.02.02 15:06:20.647,12.75137,12.75341,0.00,0.00
2015.02.02 15:06:20.697,12.75137,12.75338,0.00,0.00
2015.02.02 15:06:20.748,12.74987,12.75331,0.00,0.00
2015.02.02 15:06:20.962,12.74987,12.75302,0.00,0.00
2015.02.02 15:06:21.268,12.74979,12.75252,0.00,0.00
2015.02.02 15:06:21.369,12.7498,12.75302,0.00,0.00
2015.02.02 15:06:21.621,12.74979,12.75252,0.00,0.00
2015.02.02 15:06:21.823,12.74879,12.75179,0.00,0.00
2015.02.02 15:06:21.923,12.74901,12.75142,0.00,0.00
2015.02.02 15:06:22.024,12.7498,12.75252,0.00,0.00
2015.02.02 15:06:22.130,12.74979,12.7527,0.00,0.00
2015.02.02 15:06:22.231,12.7498,12.75302,0.00,0.00
2015.02.02 15:06:22.281,12.7498,12.75251,0.00,0.00
2015.02.02 15:06:22.382,12.74918,12.75191,0.00,0.00
2015.02.02 15:06:22.486,12.74879,12.75191,0.00,0.00
2015.02.02 15:06:22.944,12.74889,12.75191,0.00,0.00
2015.02.02 15:06:23.128,12.74889,12.75231,0.00,0.00
2015.02.02 15:06:23.179,12.74917,12.75249,0.00,0.00
2015.02.02 15:06:23.481,12.74979,12.75252,0.00,0.00
2015.02.02 15:06:25.253,12.74902,12.75191,0.00,0.00
2015.02.02 15:06:25.304,12.74886,12.75191,0.00,0.00
2015.02.02 15:06:25.429,12.74886,12.7523,0.00,0.00
2015.02.02 15:06:25.479,12.74979,12.75242,0.00,0.00
2015.02.02 15:06:26.154,12.74986,12.75242,0.00,0.00
2015.02.02 15:06:26.355,12.74979,12.75242,0.00,0.00
2015.02.02 15:06:26.456,12.7498,12.75192,0.00,0.00
2015.02.02 15:06:26.507,12.74927,12.75188,0.00,0.00
2015.02.02 15:06:26.608,12.74879,12.75192,0.00,0.00
2015.02.02 15:06:26.658,12.74938,12.75242,0.00,0.00
2015.02.02 15:06:26.960,12.74979,12.75242,0.00,0.00
2015.02.02 15:06:27.301,12.74922,12.75141,0.00,0.00
2015.02.02 15:06:27.352,12.7488,12.75141,0.00,0.00
2015.02.02 15:06:27.872,12.74879,12.75141,0.00,0.00
2015.02.02 15:06:28.435,12.74879,12.75189,0.00,0.00
2015.02.02 15:06:28.486,12.74897,12.75239,0.00,0.00
2015.02.02 15:06:28.536,12.74897,12.75192,0.00,0.00
2015.02.02 15:06:28.637,12.74897,12.75239,0.00,0.00
2015.02.02 15:06:28.688,12.74912,12.75241,0.00,0.00
2015.02.02 15:06:29.000,12.74847,12.75089,0.00,0.00
2015.02.02 15:06:29.101,12.74779,12.75071,0.00,0.00
2015.02.02 15:06:29.213,12.74779,12.75051,0.00,0.00
2015.02.02 15:06:29.516,12.7468,12.74952,0.00,0.00
2015.02.02 15:06:29.824,12.74686,12.74952,0.00,0.00
2015.02.02 15:06:29.874,12.74702,12.74979,0.00,0.00
2015.02.02 15:06:29.925,12.74702,12.75001,0.00,0.00
2015.02.02 15:06:30.052,12.74702,12.74952,0.00,0.00
2015.02.02 15:06:30.102,12.74687,12.74952,0.00,0.00
2015.02.02 15:06:30.204,12.74679,12.74952,0.00,0.00
2015.02.02 15:06:30.769,12.7469,12.74952,0.00,0.00
2015.02.02 15:06:31.186,12.74679,12.74952,0.00,0.00
2015.02.02 15:06:31.484,12.74693,12.74891,0.00,0.00
2015.02.02 15:06:31.696,12.74679,12.74887,0.00,0.00
2015.02.02 15:06:31.797,12.74587,12.74841,0.00,0.00
2015.02.02 15:06:31.897,12.74619,12.74891,0.00,0.00
2015.02.02 15:06:31.948,12.74619,12.74841,0.00,0.00
2015.02.02 15:06:31.999,12.74589,12.74841,0.00,0.00
2015.02.02 15:06:32.099,12.74589,12.74891,0.00,0.00
2015.02.02 15:06:32.200,12.74605,12.74891,0.00,0.00
2015.02.02 15:06:32.251,12.74605,12.74929,0.00,0.00
2015.02.02 15:06:32.352,12.74623,12.74951,0.00,0.00
2015.02.02 15:06:32.402,12.74703,12.74989,0.00,0.00
2015.02.02 15:06:32.453,12.74703,12.75002,0.00,0.00
2015.02.02 15:06:32.619,12.74712,12.75048,0.00,0.00
2015.02.02 15:06:32.720,12.74712,12.75002,0.00,0.00
2015.02.02 15:06:32.774,12.74688,12.75002,0.00,0.00
2015.02.02 15:06:32.824,12.74688,12.74951,0.00,0.00
2015.02.02 15:06:32.875,12.74679,12.74951,0.00,0.00
2015.02.02 15:06:32.975,12.74697,12.75001,0.00,0.00
2015.02.02 15:06:33.076,12.7468,12.75001,0.00,0.00
2015.02.02 15:06:33.177,12.74687,12.75002,0.00,0.00
2015.02.02 15:06:33.520,12.74597,12.74841,0.00,0.00
2015.02.02 15:06:33.571,12.74597,12.74929,0.00,0.00
2015.02.02 15:06:33.621,12.7468,12.74929,0.00,0.00
2015.02.02 15:06:33.827,12.74597,12.74889,0.00,0.00
2015.02.02 15:06:33.878,12.74597,12.74891,0.00,0.00
2015.02.02 15:06:34.178,12.74588,12.74891,0.00,0.00
2015.02.02 15:06:34.279,12.74588,12.74842,0.00,0.00
2015.02.02 15:06:34.380,12.74588,12.74892,0.00,0.00
2015.02.02 15:06:34.569,12.74588,12.74842,0.00,0.00
2015.02.02 15:06:34.720,12.7458,12.74842,0.00,0.00
2015.02.02 15:06:34.876,12.7458,12.74798,0.00,0.00
2015.02.02 15:06:35.027,12.74388,12.74689,0.00,0.00
2015.02.02 15:06:35.128,12.74398,12.74692,0.00,0.00
2015.02.02 15:06:35.228,12.74388,12.74692,0.00,0.00
2015.02.02 15:06:35.280,12.744,12.74692,0.00,0.00
2015.02.02 15:06:35.395,12.74388,12.74692,0.00,0.00
2015.02.02 15:06:35.445,12.74388,12.74642,0.00,0.00
2015.02.02 15:06:35.496,12.74379,12.74642,0.00,0.00
2015.02.02 15:06:35.548,12.74379,12.74692,0.00,0.00
2015.02.02 15:06:35.599,12.74388,12.74692,0.00,0.00
2015.02.02 15:06:35.806,12.74404,12.74728,0.00,0.00
2015.02.02 15:06:35.907,12.74479,12.74728,0.00,0.00
2015.02.02 15:06:35.958,12.74479,12.74742,0.00,0.00
2015.02.02 15:06:36.066,12.74492,12.74801,0.00,0.00
2015.02.02 15:06:36.167,12.74575,12.74801,0.00,0.00
2015.02.02 15:06:36.218,12.74575,12.74842,0.00,0.00
2015.02.02 15:06:36.319,12.74517,12.74842,0.00,0.00
2015.02.02 15:06:36.369,12.74517,12.74802,0.00,0.00
2015.02.02 15:06:36.521,12.74494,12.74802,0.00,0.00
2015.02.02 15:06:36.790,12.74494,12.74742,0.00,0.00
2015.02.02 15:06:36.841,12.7448,12.74742,0.00,0.00
2015.02.02 15:06:36.942,12.74483,12.74801,0.00,0.00
2015.02.02 15:06:37.137,12.74493,12.74801,0.00,0.00
2015.02.02 15:06:37.455,12.74479,12.74741,0.00,0.00
2015.02.02 15:06:38.484,12.74479,12.74741,0.00,0.00
2015.02.02 15:06:38.969,12.74448,12.74692,0.00,0.00
2015.02.02 15:06:39.019,12.74417,12.74692,0.00,0.00
2015.02.02 15:06:39.120,12.74391,12.74692,0.00,0.00
2015.02.02 15:06:39.517,12.74391,12.74641,0.00,0.00
2015.02.02 15:06:39.568,12.74389,12.74641,0.00,0.00
2015.02.02 15:06:39.669,12.74368,12.74592,0.00,0.00
2015.02.02 15:06:39.770,12.74302,12.74592,0.00,0.00
2015.02.02 15:06:40.028,12.74305,12.74592,0.00,0.00
2015.02.02 15:06:40.131,12.74302,12.74592,0.00,0.00
2015.02.02 15:06:40.507,12.74379,12.74632,0.00,0.00
2015.02.02 15:06:40.558,12.74379,12.74642,0.00,0.00
2015.02.02 15:06:40.659,12.74382,12.74691,0.00,0.00
2015.02.02 15:06:40.837,12.74419,12.74728,0.00,0.00
2015.02.02 15:06:40.887,12.74422,12.74735,0.00,0.00
2015.02.02 15:06:40.938,12.74422,12.74741,0.00,0.00
2015.02.02 15:06:40.989,12.74413,12.74692,0.00,0.00
2015.02.02 15:06:41.294,12.74342,12.74592,0.00,0.00
2015.02.02 15:06:41.344,12.74301,12.74592,0.00,0.00
2015.02.02 15:06:41.395,12.74301,12.74639,0.00,0.00
2015.02.02 15:06:41.446,12.7438,12.74641,0.00,0.00
2015.02.02 15:06:41.752,12.74387,12.74692,0.00,0.00
2015.02.02 15:06:41.852,12.74407,12.74692,0.00,0.00
2015.02.02 15:06:41.926,12.74394,12.74692,0.00,0.00
2015.02.02 15:06:42.249,12.7448,12.74692,0.00,0.00
2015.02.02 15:06:42.356,12.74448,12.74692,0.00,0.00
2015.02.02 15:06:42.464,12.74407,12.74692,0.00,0.00
2015.02.02 15:06:42.565,12.74397,12.74692,0.00,0.00
2015.02.02 15:06:42.616,12.74397,12.74641,0.00,0.00
2015.02.02 15:06:42.666,12.74387,12.74641,0.00,0.00
2015.02.02 15:06:42.717,12.74387,12.74691,0.00,0.00
2015.02.02 15:06:42.871,12.74399,12.74691,0.00,0.00
2015.02.02 15:06:43.176,12.74387,12.74688,0.00,0.00
2015.02.02 15:06:43.227,12.74387,12.74692,0.00,0.00
2015.02.02 15:06:43.477,12.74389,12.74728,0.00,0.00
2015.02.02 15:06:43.528,12.74579,12.74731,0.00,0.00
2015.02.02 15:06:43.578,12.74617,12.74841,0.00,0.00
2015.02.02 15:06:43.679,12.7458,12.74842,0.00,0.00
2015.02.02 15:06:43.780,12.74579,12.74713,0.00,0.00
2015.02.02 15:06:43.931,12.7458,12.74729,0.00,0.00
2015.02.02 15:06:43.982,12.7458,12.74752,0.00,0.00
2015.02.02 15:06:44.083,12.74521,12.74752,0.00,0.00
2015.02.02 15:06:44.184,12.7448,12.74752,0.00,0.00
2015.02.02 15:06:44.316,12.74448,12.74752,0.00,0.00
2015.02.02 15:06:44.520,12.7448,12.74752,0.00,0.00
2015.02.02 15:06:44.570,12.7443,12.74752,0.00,0.00
2015.02.02 15:06:44.726,12.74479,12.74752,0.00,0.00
2015.02.02 15:06:44.828,12.7443,12.74752,0.00,0.00
2015.02.02 15:06:44.982,12.7443,12.74735,0.00,0.00
2015.02.02 15:06:45.289,12.74379,12.74679,0.00,0.00
2015.02.02 15:06:45.497,12.7438,12.7469,0.00,0.00
2015.02.02 15:06:45.597,12.74379,12.74692,0.00,0.00
2015.02.02 15:06:45.702,12.7438,12.74651,0.00,0.00
2015.02.02 15:06:45.803,12.74268,12.74551,0.00,0.00
2015.02.02 15:06:45.903,12.74222,12.74502,0.00,0.00
2015.02.02 15:06:45.954,12.74212,12.74502,0.00,0.00
2015.02.02 15:06:46.055,12.74199,12.74502,0.00,0.00
2015.02.02 15:06:46.166,12.74179,12.74502,0.00,0.00
2015.02.02 15:06:46.330,12.7418,12.74462,0.00,0.00
2015.02.02 15:06:46.381,12.74177,12.74462,0.00,0.00
2015.02.02 15:06:46.481,12.74112,12.74451,0.00,0.00
2015.02.02 15:06:46.532,12.74079,12.74389,0.00,0.00
2015.02.02 15:06:46.733,12.74079,12.74401,0.00,0.00
2015.02.02 15:06:46.884,12.7408,12.74352,0.00,0.00
2015.02.02 15:06:47.035,12.7408,12.74401,0.00,0.00
2015.02.02 15:06:47.136,12.74079,12.74352,0.00,0.00
2015.02.02 15:06:47.686,12.7408,12.74312,0.00,0.00
2015.02.02 15:06:47.736,12.74028,12.74312,0.00,0.00
2015.02.02 15:06:47.787,12.74011,12.74281,0.00,0.00
2015.02.02 15:06:47.838,12.7398,12.74281,0.00,0.00
2015.02.02 15:06:47.938,12.7398,12.74311,0.00,0.00
2015.02.02 15:06:47.989,12.7398,12.74252,0.00,0.00
2015.02.02 15:06:48.090,12.73979,12.74309,0.00,0.00
2015.02.02 15:06:48.191,12.73979,12.74311,0.00,0.00
2015.02.02 15:06:48.241,12.73979,12.74251,0.00,0.00
2015.02.02 15:06:48.443,12.73948,12.74251,0.00,0.00
2015.02.02 15:06:48.543,12.73937,12.7425,0.00,0.00
2015.02.02 15:06:48.594,12.7388,12.74189,0.00,0.00
2015.02.02 15:06:48.997,12.73879,12.74171,0.00,0.00
2015.02.02 15:06:49.048,12.73879,12.74181,0.00,0.00
2015.02.02 15:06:49.098,12.7388,12.74152,0.00,0.00
2015.02.02 15:06:49.446,12.73806,12.74079,0.00,0.00
2015.02.02 15:06:49.569,12.73779,12.74058,0.00,0.00
2015.02.02 15:06:49.650,12.73798,12.74079,0.00,0.00
2015.02.02 15:06:49.700,12.7388,12.74142,0.00,0.00
2015.02.02 15:06:49.751,12.7388,12.74179,0.00,0.00
2015.02.02 15:06:49.852,12.73879,12.74152,0.00,0.00
2015.02.02 15:06:50.168,12.73979,12.74202,0.00,0.00
2015.02.02 15:06:50.269,12.7388,12.74142,0.00,0.00
2015.02.02 15:06:50.420,12.73872,12.74051,0.00,0.00
2015.02.02 15:06:50.471,12.73779,12.74051,0.00,0.00
2015.02.02 15:06:50.521,12.73779,12.74001,0.00,0.00
2015.02.02 15:06:50.773,12.7378,12.74102,0.00,0.00
2015.02.02 15:06:50.937,12.7378,12.74092,0.00,0.00
2015.02.02 15:06:51.286,12.73779,12.74099,0.00,0.00
2015.02.02 15:06:51.336,12.73799,12.74102,0.00,0.00
2015.02.02 15:06:51.718,12.73799,12.74133,0.00,0.00
2015.02.02 15:06:51.769,12.7388,12.74133,0.00,0.00
2015.02.02 15:06:52.071,12.73879,12.74152,0.00,0.00
2015.02.02 15:06:52.418,12.73879,12.74102,0.00,0.00
2015.02.02 15:06:52.468,12.738,12.74102,0.00,0.00
2015.02.02 15:06:52.715,12.73799,12.74106,0.00,0.00
2015.02.02 15:06:52.765,12.73879,12.74116,0.00,0.00
2015.02.02 15:06:52.869,12.73779,12.74051,0.00,0.00
2015.02.02 15:06:53.133,12.73909,12.74051,0.00,0.00
2015.02.02 15:06:53.183,12.73909,12.74098,0.00,0.00
2015.02.02 15:06:53.234,12.73909,12.74101,0.00,0.00
2015.02.02 15:06:53.334,12.7388,12.74141,0.00,0.00
2015.02.02 15:06:53.385,12.73879,12.74152,0.00,0.00
2015.02.02 15:06:53.436,12.73879,12.74098,0.00,0.00
2015.02.02 15:06:53.486,12.73781,12.74053,0.00,0.00
2015.02.02 15:06:53.537,12.73779,12.74053,0.00,0.00
2015.02.02 15:06:53.588,12.73762,12.74033,0.00,0.00
2015.02.02 15:06:53.689,12.73679,12.73958,0.00,0.00
2015.02.02 15:06:53.802,12.73679,12.73961,0.00,0.00
2015.02.02 15:06:53.855,12.7378,12.73961,0.00,0.00
2015.02.02 15:06:53.968,12.73731,12.74011,0.00,0.00
2015.02.02 15:06:54.030,12.73731,12.73962,0.00,0.00
2015.02.02 15:06:54.081,12.73679,12.73949,0.00,0.00
2015.02.02 15:06:54.163,12.73679,12.73959,0.00,0.00
2015.02.02 15:06:54.466,12.7368,12.73948,0.00,0.00
2015.02.02 15:06:54.792,12.73661,12.73928,0.00,0.00
2015.02.02 15:06:54.842,12.73589,12.73928,0.00,0.00
2015.02.02 15:06:54.893,12.73589,12.73898,0.00,0.00
2015.02.02 15:06:54.994,12.73589,12.73928,0.00,0.00
2015.02.02 15:06:55.044,12.73679,12.73928,0.00,0.00
2015.02.02 15:06:55.095,12.73679,12.73958,0.00,0.00
2015.02.02 15:06:55.195,12.73679,12.73949,0.00,0.00
2015.02.02 15:06:55.246,12.73631,12.73949,0.00,0.00
2015.02.02 15:06:55.297,12.7358,12.73849,0.00,0.00
2015.02.02 15:06:55.398,12.7358,12.73868,0.00,0.00
2015.02.02 15:06:55.498,12.73556,12.73898,0.00,0.00
2015.02.02 15:06:55.549,12.73556,12.73828,0.00,0.00
2015.02.02 15:06:55.600,12.73479,12.73769,0.00,0.00
2015.02.02 15:06:55.650,12.73579,12.73769,0.00,0.00
2015.02.02 15:06:55.701,12.73579,12.73812,0.00,0.00
2015.02.02 15:06:55.751,12.735,12.73641,0.00,0.00
2015.02.02 15:06:55.852,12.73251,12.73495,0.00,0.00
2015.02.02 15:06:55.953,12.73179,12.73505,0.00,0.00
2015.02.02 15:06:56.054,12.73179,12.73528,0.00,0.00
2015.02.02 15:06:56.154,12.7328,12.73534,0.00,0.00
2015.02.02 15:06:56.205,12.7328,12.73569,0.00,0.00
2015.02.02 15:06:56.306,12.73189,12.73515,0.00,0.00
2015.02.02 15:06:56.356,12.73279,12.73515,0.00,0.00
2015.02.02 15:06:56.407,12.73279,12.73529,0.00,0.00
2015.02.02 15:06:56.507,12.73279,12.73539,0.00,0.00
2015.02.02 15:06:56.558,12.7322,12.73521,0.00,0.00
2015.02.02 15:06:56.609,12.73108,12.73452,0.00,0.00
2015.02.02 15:06:56.659,12.73179,12.73452,0.00,0.00
2015.02.02 15:06:56.710,12.73179,12.73488,0.00,0.00
2015.02.02 15:06:56.811,12.73183,12.73527,0.00,0.00
2015.02.02 15:06:56.911,12.73183,12.73512,0.00,0.00
2015.02.02 15:06:57.331,12.73119,12.73381,0.00,0.00
2015.02.02 15:06:57.382,12.73109,12.73381,0.00,0.00
2015.02.02 15:06:57.439,12.73082,12.73381,0.00,0.00
2015.02.02 15:06:57.548,12.73099,12.73381,0.00,0.00
2015.02.02 15:06:57.705,12.73079,12.73381,0.00,0.00
2015.02.02 15:06:57.806,12.73079,12.7336,0.00,0.00
2015.02.02 15:06:57.907,12.73079,12.73381,0.00,0.00
2015.02.02 15:06:58.445,12.7308,12.73381,0.00,0.00
2015.02.02 15:06:58.618,12.73079,12.73311,0.00,0.00
2015.02.02 15:06:58.719,12.7303,12.73311,0.00,0.00
2015.02.02 15:06:58.769,12.73048,12.73311,0.00,0.00
2015.02.02 15:06:59.025,12.7308,12.73413,0.00,0.00
2015.02.02 15:06:59.126,12.7308,12.73352,0.00,0.00
2015.02.02 15:06:59.180,12.7308,12.7338,0.00,0.00
2015.02.02 15:06:59.687,12.73079,12.7338,0.00,0.00
2015.02.02 15:06:59.788,12.7308,12.73421,0.00,0.00
2015.02.02 15:06:59.889,12.73129,12.73421,0.00,0.00
2015.02.02 15:07:00.095,12.73121,12.73421,0.00,0.00
2015.02.02 15:07:00.146,12.73081,12.73421,0.00,0.00
2015.02.02 15:07:00.196,12.73179,12.73476,0.00,0.00
2015.02.02 15:07:00.521,12.73251,12.73521,0.00,0.00
2015.02.02 15:07:00.963,12.73429,12.73571,0.00,0.00
2015.02.02 15:07:01.013,12.73462,12.73735,0.00,0.00
2015.02.02 15:07:01.120,12.73479,12.73786,0.00,0.00
2015.02.02 15:07:01.178,12.73489,12.73786,0.00,0.00
2015.02.02 15:07:01.229,12.73521,12.73821,0.00,0.00
2015.02.02 15:07:01.799,12.73521,12.7382,0.00,0.00
2015.02.02 15:07:01.899,12.73572,12.7382,0.00,0.00
2015.02.02 15:07:01.950,12.73579,12.73839,0.00,0.00
2015.02.02 15:07:02.050,12.7358,12.73855,0.00,0.00
2015.02.02 15:07:02.101,12.7358,12.73842,0.00,0.00
2015.02.02 15:07:02.151,12.73572,12.73842,0.00,0.00
2015.02.02 15:07:02.202,12.73532,12.73846,0.00,0.00
2015.02.02 15:07:02.303,12.73532,12.73815,0.00,0.00
2015.02.02 15:07:02.833,12.73531,12.73815,0.00,0.00
2015.02.02 15:07:03.137,12.73712,12.73946,0.00,0.00
2015.02.02 15:07:03.238,12.73712,12.74016,0.00,0.00
2015.02.02 15:07:03.531,12.73679,12.73986,0.00,0.00
2015.02.02 15:07:03.912,12.73679,12.73971,0.00,0.00
2015.02.02 15:07:04.458,12.7368,12.73948,0.00,0.00
2015.02.02 15:07:04.508,12.73582,12.73906,0.00,0.00
2015.02.02 15:07:04.786,12.73582,12.73888,0.00,0.00
2015.02.02 15:07:05.644,12.73582,12.73886,0.00,0.00
2015.02.02 15:07:06.232,12.73582,12.7382,0.00,0.00
2015.02.02 15:07:06.283,12.73501,12.7382,0.00,0.00
2015.02.02 15:07:06.333,12.7348,12.73731,0.00,0.00
2015.02.02 15:07:06.384,12.73411,12.73731,0.00,0.00
2015.02.02 15:07:06.435,12.73411,12.73738,0.00,0.00
2015.02.02 15:07:06.503,12.73411,12.73706,0.00,0.00
2015.02.02 15:07:06.603,12.73411,12.73723,0.00,0.00
2015.02.02 15:07:06.728,12.73411,12.73725,0.00,0.00
2015.02.02 15:07:06.908,12.73418,12.73706,0.00,0.00
2015.02.02 15:07:07.109,12.73492,12.73821,0.00,0.00
2015.02.02 15:07:07.612,12.73492,12.73805,0.00,0.00
2015.02.02 15:07:08.030,12.73479,12.73778,0.00,0.00
2015.02.02 15:07:08.379,12.73479,12.73762,0.00,0.00
2015.02.02 15:07:08.430,12.7348,12.73782,0.00,0.00
2015.02.02 15:07:08.718,12.73432,12.73741,0.00,0.00
2015.02.02 15:07:08.820,12.7348,12.73742,0.00,0.00
2015.02.02 15:07:08.920,12.7348,12.73788,0.00,0.00
2015.02.02 15:07:09.020,12.7348,12.73807,0.00,0.00
2015.02.02 15:07:09.121,12.7358,12.73858,0.00,0.00
2015.02.02 15:07:09.222,12.73579,12.73869,0.00,0.00
2015.02.02 15:07:09.525,12.7358,12.73883,0.00,0.00
2015.02.02 15:07:09.625,12.73539,12.73883,0.00,0.00
2015.02.02 15:07:09.676,12.73522,12.73857,0.00,0.00
2015.02.02 15:07:09.726,12.73515,12.73857,0.00,0.00
2015.02.02 15:07:09.777,12.73528,12.73838,0.00,0.00
2015.02.02 15:07:09.878,12.73494,12.73838,0.00,0.00
2015.02.02 15:07:09.978,12.73484,12.73828,0.00,0.00
2015.02.02 15:07:10.327,12.73479,12.73807,0.00,0.00
2015.02.02 15:07:10.524,12.73392,12.73728,0.00,0.00
2015.02.02 15:07:10.575,12.73428,12.73728,0.00,0.00
2015.02.02 15:07:10.676,12.73384,12.73728,0.00,0.00
2015.02.02 15:07:10.776,12.73381,12.73718,0.00,0.00
2015.02.02 15:07:11.300,12.7338,12.73718,0.00,0.00
2015.02.02 15:07:11.633,12.73379,12.73708,0.00,0.00
2015.02.02 15:07:11.683,12.73379,12.73718,0.00,0.00
2015.02.02 15:07:11.947,12.73384,12.73728,0.00,0.00
2015.02.02 15:07:12.047,12.73414,12.73758,0.00,0.00
2015.02.02 15:07:12.349,12.73479,12.73733,0.00,0.00
2015.02.02 15:07:12.400,12.73429,12.73733,0.00,0.00
2015.02.02 15:07:12.510,12.73389,12.73733,0.00,0.00
2015.02.02 15:07:12.560,12.73416,12.73758,0.00,0.00
2015.02.02 15:07:12.862,12.73491,12.73833,0.00,0.00
2015.02.02 15:07:13.186,12.73421,12.73729,0.00,0.00
2015.02.02 15:07:13.236,12.73385,12.73729,0.00,0.00
2015.02.02 15:07:14.059,12.7348,12.73729,0.00,0.00
2015.02.02 15:07:14.110,12.7348,12.73758,0.00,0.00
2015.02.02 15:07:14.210,12.73479,12.73778,0.00,0.00
2015.02.02 15:07:14.368,12.73436,12.73778,0.00,0.00
2015.02.02 15:07:14.418,12.73386,12.73728,0.00,0.00
2015.02.02 15:07:15.236,12.7338,12.73678,0.00,0.00
2015.02.02 15:07:15.810,12.73379,12.73678,0.00,0.00
2015.02.02 15:07:15.989,12.73379,12.73694,0.00,0.00
2015.02.02 15:07:16.090,12.73415,12.73721,0.00,0.00
2015.02.02 15:07:16.341,12.73392,12.73729,0.00,0.00
2015.02.02 15:07:16.891,12.73415,12.73759,0.00,0.00
2015.02.02 15:07:16.942,12.73479,12.73759,0.00,0.00
2015.02.02 15:07:16.993,12.73479,12.73779,0.00,0.00
2015.02.02 15:07:17.568,12.7348,12.73779,0.00,0.00
2015.02.02 15:07:17.618,12.7348,12.73743,0.00,0.00
2015.02.02 15:07:17.769,12.73422,12.73743,0.00,0.00
2015.02.02 15:07:17.820,12.73391,12.73719,0.00,0.00
2015.02.02 15:07:18.023,12.73419,12.73759,0.00,0.00
2015.02.02 15:07:18.074,12.7348,12.73759,0.00,0.00
2015.02.02 15:07:18.124,12.7348,12.73779,0.00,0.00
2015.02.02 15:07:18.634,12.73479,12.73761,0.00,0.00
2015.02.02 15:07:18.841,12.7348,12.73765,0.00,0.00
2015.02.02 15:07:18.944,12.73479,12.73747,0.00,0.00
2015.02.02 15:07:19.535,12.73479,12.73773,0.00,0.00
2015.02.02 15:07:19.806,12.73479,12.73761,0.00,0.00
2015.02.02 15:07:20.511,12.7348,12.73744,0.00,0.00
2015.02.02 15:07:20.703,12.7348,12.73759,0.00,0.00
2015.02.02 15:07:21.208,12.73479,12.7379,0.00,0.00
2015.02.02 15:07:21.259,12.73579,12.7379,0.00,0.00
2015.02.02 15:07:21.309,12.73579,12.73839,0.00,0.00
2015.02.02 15:07:23.023,12.73579,12.73861,0.00,0.00
2015.02.02 15:07:23.124,12.7358,12.73848,0.00,0.00
2015.02.02 15:07:23.582,12.73679,12.73937,0.00,0.00
2015.02.02 15:07:24.233,12.73679,12.73911,0.00,0.00
2015.02.02 15:07:24.284,12.73611,12.73887,0.00,0.00
2015.02.02 15:07:24.398,12.73581,12.73887,0.00,0.00
2015.02.02 15:07:24.500,12.73581,12.73902,0.00,0.00
2015.02.02 15:07:24.550,12.73581,12.73886,0.00,0.00
2015.02.02 15:07:25.562,12.73581,12.73911,0.00,0.00
2015.02.02 15:07:25.613,12.73581,12.73862,0.00,0.00
2015.02.02 15:07:25.764,12.73502,12.73809,0.00,0.00
2015.02.02 15:07:25.870,12.73612,12.73809,0.00,0.00
2015.02.02 15:07:25.970,12.7368,12.73962,0.00,0.00
2015.02.02 15:07:26.140,12.73679,12.73956,0.00,0.00
2015.02.02 15:07:26.291,12.73632,12.73927,0.00,0.00
2015.02.02 15:07:26.342,12.73632,12.73924,0.00,0.00
2015.02.02 15:07:26.663,12.7368,12.73962,0.00,0.00
2015.02.02 15:07:27.082,12.7368,12.73945,0.00,0.00
2015.02.02 15:07:27.143,12.7368,12.7396,0.00,0.00
2015.02.02 15:07:27.244,12.73679,12.73945,0.00,0.00
2015.02.02 15:07:27.582,12.7368,12.73962,0.00,0.00
2015.02.02 15:07:28.046,12.7368,12.73957,0.00,0.00
2015.02.02 15:07:28.494,12.73632,12.73962,0.00,0.00
2015.02.02 15:07:28.595,12.7368,12.73938,0.00,0.00
2015.02.02 15:07:28.696,12.7364,12.73911,0.00,0.00
2015.02.02 15:07:28.797,12.73632,12.73761,0.00,0.00
2015.02.02 15:07:28.948,12.73454,12.73761,0.00,0.00
2015.02.02 15:07:29.153,12.73451,12.73761,0.00,0.00
2015.02.02 15:07:29.204,12.7348,12.73761,0.00,0.00
2015.02.02 15:07:29.254,12.73522,12.73834,0.00,0.00
2015.02.02 15:07:29.449,12.73522,12.73844,0.00,0.00
2015.02.02 15:07:29.556,12.73522,12.73862,0.00,0.00
2015.02.02 15:07:29.669,12.73522,12.73864,0.00,0.00
2015.02.02 15:07:29.788,12.73601,12.73888,0.00,0.00
2015.02.02 15:07:29.888,12.73622,12.73959,0.00,0.00
2015.02.02 15:07:29.939,12.73761,12.73959,0.00,0.00
2015.02.02 15:07:29.989,12.73761,12.73961,0.00,0.00
2015.02.02 15:07:30.040,12.73762,12.74061,0.00,0.00
2015.02.02 15:07:30.251,12.73762,12.74084,0.00,0.00
2015.02.02 15:07:30.564,12.73762,12.74062,0.00,0.00
2015.02.02 15:07:30.718,12.73702,12.74006,0.00,0.00
2015.02.02 15:07:31.148,12.73702,12.73983,0.00,0.00
2015.02.02 15:07:31.884,12.73702,12.73962,0.00,0.00
2015.02.02 15:07:32.038,12.73601,12.73898,0.00,0.00
2015.02.02 15:07:32.264,12.73641,12.73911,0.00,0.00
2015.02.02 15:07:32.315,12.73652,12.73962,0.00,0.00
2015.02.02 15:07:32.366,12.73681,12.73962,0.00,0.00
2015.02.02 15:07:32.467,12.73681,12.73999,0.00,0.00
2015.02.02 15:07:32.638,12.73681,12.73962,0.00,0.00
2015.02.02 15:07:32.689,12.73651,12.73962,0.00,0.00
2015.02.02 15:07:32.756,12.73651,12.73957,0.00,0.00
2015.02.02 15:07:33.079,12.73651,12.73896,0.00,0.00
2015.02.02 15:07:33.130,12.73602,12.73896,0.00,0.00
2015.02.02 15:07:33.281,12.73602,12.73887,0.00,0.00
2015.02.02 15:07:33.592,12.73602,12.73876,0.00,0.00
2015.02.02 15:07:33.895,12.73552,12.73821,0.00,0.00
2015.02.02 15:07:33.997,12.73631,12.73931,0.00,0.00
2015.02.02 15:07:34.195,12.73631,12.73899,0.00,0.00
2015.02.02 15:07:34.296,12.73631,12.73912,0.00,0.00
2015.02.02 15:07:34.347,12.73591,12.73912,0.00,0.00
2015.02.02 15:07:34.397,12.73591,12.73871,0.00,0.00
2015.02.02 15:07:34.498,12.73591,12.73881,0.00,0.00
2015.02.02 15:07:34.560,12.73591,12.73898,0.00,0.00
2015.02.02 15:07:35.092,12.73552,12.73861,0.00,0.00
2015.02.02 15:07:35.193,12.73552,12.73819,0.00,0.00
2015.02.02 15:07:35.706,12.73552,12.73833,0.00,0.00
2015.02.02 15:07:35.763,12.73552,12.73819,0.00,0.00
2015.02.02 15:07:36.264,12.73552,12.73834,0.00,0.00
2015.02.02 15:07:36.507,12.73552,12.73823,0.00,0.00
2015.02.02 15:07:36.965,12.73552,12.73834,0.00,0.00
2015.02.02 15:07:37.366,12.73552,12.73821,0.00,0.00
2015.02.02 15:07:37.868,12.73552,12.73811,0.00,0.00
2015.02.02 15:07:37.968,12.73349,12.73681,0.00,0.00
2015.02.02 15:07:38.069,12.73349,12.73671,0.00,0.00
2015.02.02 15:07:38.268,12.73361,12.73684,0.00,0.00
2015.02.02 15:07:39.213,12.73362,12.73684,0.00,0.00
2015.02.02 15:07:39.578,12.73422,12.73719,0.00,0.00
2015.02.02 15:07:39.679,12.73422,12.73733,0.00,0.00
2015.02.02 15:07:39.925,12.73422,12.73701,0.00,0.00
2015.02.02 15:07:40.026,12.73381,12.73701,0.00,0.00
2015.02.02 15:07:40.077,12.73362,12.73679,0.00,0.00
2015.02.02 15:07:40.178,12.73379,12.73705,0.00,0.00
2015.02.02 15:07:40.278,12.73421,12.73734,0.00,0.00
2015.02.02 15:07:40.389,12.73361,12.73681,0.00,0.00
2015.02.02 15:07:40.500,12.73361,12.73669,0.00,0.00
2015.02.02 15:07:40.601,12.73422,12.73734,0.00,0.00
2015.02.02 15:07:41.228,12.73422,12.73702,0.00,0.00
2015.02.02 15:07:41.379,12.73361,12.73688,0.00,0.00
2015.02.02 15:07:41.480,12.73422,12.73704,0.00,0.00
2015.02.02 15:07:41.580,12.73391,12.73704,0.00,0.00
2015.02.02 15:07:41.681,12.73391,12.73652,0.00,0.00
2015.02.02 15:07:41.732,12.73361,12.73652,0.00,0.00
2015.02.02 15:07:41.832,12.73332,12.73644,0.00,0.00
2015.02.02 15:07:41.883,12.73332,12.73634,0.00,0.00
2015.02.02 15:07:42.015,12.73332,12.73664,0.00,0.00
2015.02.02 15:07:42.065,12.73401,12.73664,0.00,0.00
2015.02.02 15:07:42.116,12.73421,12.73734,0.00,0.00
2015.02.02 15:07:42.318,12.73421,12.73743,0.00,0.00
2015.02.02 15:07:42.620,12.73421,12.73722,0.00,0.00
2015.02.02 15:07:42.826,12.73421,12.73739,0.00,0.00
2015.02.02 15:07:43.755,12.73401,12.73739,0.00,0.00
2015.02.02 15:07:44.080,12.73418,12.73739,0.00,0.00
2015.02.02 15:07:44.284,12.73521,12.73844,0.00,0.00
2015.02.02 15:07:44.585,12.73521,12.73821,0.00,0.00
2015.02.02 15:07:46.789,12.73521,12.73807,0.00,0.00
2015.02.02 15:07:47.127,12.73521,12.73795,0.00,0.00
2015.02.02 15:07:47.433,12.73521,12.73825,0.00,0.00
2015.02.02 15:07:47.534,12.73431,12.73694,0.00,0.00
2015.02.02 15:07:47.635,12.73381,12.73677,0.00,0.00
2015.02.02 15:07:47.792,12.73381,12.73701,0.00,0.00
2015.02.02 15:07:47.993,12.73381,12.73676,0.00,0.00
2015.02.02 15:07:48.193,12.73381,12.73701,0.00,0.00
2015.02.02 15:07:48.294,12.73381,12.73674,0.00,0.00
2015.02.02 15:07:49.095,12.73381,12.73685,0.00,0.00
2015.02.02 15:07:49.146,12.73431,12.73685,0.00,0.00
2015.02.02 15:07:49.196,12.73431,12.73736,0.00,0.00
2015.02.02 15:07:49.297,12.73431,12.73716,0.00,0.00
2015.02.02 15:07:49.398,12.73431,12.73736,0.00,0.00
2015.02.02 15:07:49.698,12.73431,12.73709,0.00,0.00
2015.02.02 15:07:50.062,12.73431,12.73696,0.00,0.00
2015.02.02 15:07:50.113,12.73431,12.73713,0.00,0.00
2015.02.02 15:07:50.214,12.73431,12.73729,0.00,0.00
2015.02.02 15:07:50.417,12.73431,12.73696,0.00,0.00
2015.02.02 15:07:50.519,12.73431,12.73698,0.00,0.00
2015.02.02 15:07:50.620,12.73431,12.73728,0.00,0.00
2015.02.02 15:07:50.722,12.73431,12.7373,0.00,0.00
2015.02.02 15:07:50.902,12.73431,12.73699,0.00,0.00
2015.02.02 15:07:51.127,12.73431,12.73714,0.00,0.00
2015.02.02 15:07:51.228,12.73431,12.73731,0.00,0.00
2015.02.02 15:07:52.118,12.73521,12.73799,0.00,0.00
2015.02.02 15:07:52.218,12.73559,12.73896,0.00,0.00
2015.02.02 15:07:52.269,12.73631,12.73896,0.00,0.00
2015.02.02 15:07:52.470,12.73572,12.73876,0.00,0.00
2015.02.02 15:07:52.521,12.73572,12.73871,0.00,0.00
2015.02.02 15:07:52.690,12.7351,12.73846,0.00,0.00
2015.02.02 15:07:52.740,12.73482,12.73759,0.00,0.00
2015.02.02 15:07:52.906,12.73482,12.73782,0.00,0.00
2015.02.02 15:07:53.144,12.73482,12.73752,0.00,0.00
2015.02.02 15:07:53.245,12.73482,12.73784,0.00,0.00
2015.02.02 15:07:53.407,12.73482,12.73767,0.00,0.00
2015.02.02 15:07:54.035,12.73636,12.73859,0.00,0.00
2015.02.02 15:07:54.086,12.73722,12.73952,0.00,0.00
2015.02.02 15:07:54.187,12.73731,12.74014,0.00,0.00
2015.02.02 15:07:54.237,12.73731,12.73996,0.00,0.00
2015.02.02 15:07:54.611,12.73731,12.74023,0.00,0.00
2015.02.02 15:07:54.912,12.73731,12.7401,0.00,0.00
2015.02.02 15:07:55.393,12.73731,12.73995,0.00,0.00
2015.02.02 15:07:55.444,12.73731,12.74007,0.00,0.00
2015.02.02 15:07:55.647,12.73731,12.73986,0.00,0.00
2015.02.02 15:07:56.315,12.73731,12.74,0.00,0.00
2015.02.02 15:07:56.932,12.73731,12.74038,0.00,0.00
2015.02.02 15:07:57.660,12.73751,12.74038,0.00,0.00
2015.02.02 15:07:57.962,12.73832,12.7409,0.00,0.00
2015.02.02 15:07:58.163,12.73832,12.741,0.00,0.00
2015.02.02 15:07:58.869,12.73833,12.74175,0.00,0.00
2015.02.02 15:07:58.970,12.73832,12.74135,0.00,0.00
2015.02.02 15:07:59.272,12.73832,12.74125,0.00,0.00
2015.02.02 15:07:59.657,12.73791,12.74046,0.00,0.00
2015.02.02 15:08:00.056,12.73782,12.74046,0.00,0.00
2015.02.02 15:08:00.536,12.73782,12.74058,0.00,0.00
2015.02.02 15:08:00.942,12.73732,12.74026,0.00,0.00
2015.02.02 15:08:01.144,12.73732,12.74006,0.00,0.00
2015.02.02 15:08:01.610,12.73669,12.74006,0.00,0.00
2015.02.02 15:08:01.660,12.73669,12.73866,0.00,0.00
2015.02.02 15:08:01.711,12.73568,12.73866,0.00,0.00
2015.02.02 15:08:01.811,12.73568,12.7388,0.00,0.00
2015.02.02 15:08:01.862,12.73568,12.73895,0.00,0.00
2015.02.02 15:08:01.983,12.73532,12.73895,0.00,0.00
2015.02.02 15:08:02.033,12.73532,12.7386,0.00,0.00
2015.02.02 15:08:02.235,12.73441,12.73782,0.00,0.00
2015.02.02 15:08:02.359,12.73441,12.738,0.00,0.00
2015.02.02 15:08:03.557,12.73481,12.738,0.00,0.00
2015.02.02 15:08:03.669,12.73531,12.73851,0.00,0.00
2015.02.02 15:08:03.820,12.73491,12.73851,0.00,0.00
2015.02.02 15:08:03.871,12.73491,12.73814,0.00,0.00
2015.02.02 15:08:03.922,12.73481,12.73814,0.00,0.00
2015.02.02 15:08:03.972,12.73481,12.73798,0.00,0.00
2015.02.02 15:08:04.073,12.73481,12.73819,0.00,0.00
2015.02.02 15:08:04.174,12.73492,12.73773,0.00,0.00
2015.02.02 15:08:04.325,12.73451,12.73756,0.00,0.00
2015.02.02 15:08:04.375,12.73441,12.73693,0.00,0.00
2015.02.02 15:08:04.476,12.73379,12.7367,0.00,0.00
2015.02.02 15:08:04.527,12.73371,12.7367,0.00,0.00
2015.02.02 15:08:04.577,12.73422,12.73702,0.00,0.00
2015.02.02 15:08:04.648,12.73422,12.73729,0.00,0.00
2015.02.02 15:08:04.858,12.73422,12.73653,0.00,0.00
2015.02.02 15:08:04.909,12.73322,12.73653,0.00,0.00
2015.02.02 15:08:04.959,12.73322,12.7362,0.00,0.00
2015.02.02 15:08:05.183,12.73349,12.7368,0.00,0.00
2015.02.02 15:08:05.233,12.73372,12.7368,0.00,0.00
2015.02.02 15:08:05.284,12.73372,12.73701,0.00,0.00
2015.02.02 15:08:05.385,12.73331,12.73665,0.00,0.00
2015.02.02 15:08:05.437,12.73331,12.73638,0.00,0.00
2015.02.02 15:08:05.789,12.73331,12.73624,0.00,0.00
2015.02.02 15:08:06.039,12.73331,12.73627,0.00,0.00
2015.02.02 15:08:06.140,12.73331,12.73586,0.00,0.00
2015.02.02 15:08:06.241,12.73269,12.73533,0.00,0.00
2015.02.02 15:08:06.294,12.73269,12.73521,0.00,0.00
2015.02.02 15:08:06.445,12.73168,12.73427,0.00,0.00
2015.02.02 15:08:06.548,12.73168,12.73477,0.00,0.00
2015.02.02 15:08:06.602,12.7318,12.73477,0.00,0.00
2015.02.02 15:08:06.652,12.73246,12.73551,0.00,0.00
2015.02.02 15:08:06.703,12.73252,12.73551,0.00,0.00
2015.02.02 15:08:07.042,12.73272,12.73552,0.00,0.00
2015.02.02 15:08:07.092,12.73272,12.73602,0.00,0.00
2015.02.02 15:08:07.193,12.73272,12.73607,0.00,0.00
2015.02.02 15:08:07.357,12.73272,12.7359,0.00,0.00
2015.02.02 15:08:07.407,12.73252,12.7359,0.00,0.00
2015.02.02 15:08:07.458,12.73231,12.73519,0.00,0.00
2015.02.02 15:08:07.869,12.73231,12.7353,0.00,0.00
2015.02.02 15:08:08.083,12.73231,12.73513,0.00,0.00
2015.02.02 15:08:08.447,12.73231,12.73541,0.00,0.00
2015.02.02 15:08:08.498,12.73271,12.73592,0.00,0.00
2015.02.02 15:08:08.693,12.73271,12.73563,0.00,0.00
2015.02.02 15:08:08.873,12.73271,12.73579,0.00,0.00
2015.02.02 15:08:09.459,12.73271,12.73562,0.00,0.00
2015.02.02 15:08:09.560,12.73271,12.73579,0.00,0.00
2015.02.02 15:08:09.661,12.73271,12.73591,0.00,0.00
2015.02.02 15:08:09.762,12.73271,12.73575,0.00,0.00
2015.02.02 15:08:10.090,12.73232,12.73518,0.00,0.00
2015.02.02 15:08:10.551,12.73232,12.73551,0.00,0.00
2015.02.02 15:08:10.601,12.73242,12.73551,0.00,0.00
2015.02.02 15:08:10.924,12.73231,12.73517,0.00,0.00
2015.02.02 15:08:11.200,12.73231,12.73541,0.00,0.00
2015.02.02 15:08:11.300,12.73231,12.73552,0.00,0.00
2015.02.02 15:08:11.584,12.73241,12.73552,0.00,0.00
2015.02.02 15:08:11.905,12.73241,12.73537,0.00,0.00
2015.02.02 15:08:11.956,12.73332,12.73636,0.00,0.00
2015.02.02 15:08:12.259,12.73332,12.73626,0.00,0.00
2015.02.02 15:08:12.595,12.73292,12.73613,0.00,0.00
2015.02.02 15:08:12.695,12.73281,12.73595,0.00,0.00
2015.02.02 15:08:12.897,12.73281,12.73607,0.00,0.00
2015.02.02 15:08:12.958,12.73281,12.73578,0.00,0.00
2015.02.02 15:08:13.378,12.73231,12.73542,0.00,0.00
2015.02.02 15:08:13.492,12.73231,12.73521,0.00,0.00
2015.02.02 15:08:14.080,12.73231,12.73511,0.00,0.00
2015.02.02 15:08:14.181,12.73231,12.73541,0.00,0.00
2015.02.02 15:08:14.388,12.73231,12.73514,0.00,0.00
2015.02.02 15:08:14.539,12.73142,12.73451,0.00,0.00
2015.02.02 15:08:14.709,12.73142,12.73436,0.00,0.00
2015.02.02 15:08:14.810,12.73079,12.73406,0.00,0.00
2015.02.02 15:08:15.145,12.73132,12.73406,0.00,0.00
2015.02.02 15:08:15.195,12.73132,12.73442,0.00,0.00
2015.02.02 15:08:15.246,12.73098,12.73442,0.00,0.00
2015.02.02 15:08:15.432,12.73083,12.73401,0.00,0.00
2015.02.02 15:08:15.572,12.7308,12.73401,0.00,0.00
2015.02.02 15:08:15.767,12.73123,12.73467,0.00,0.00
2015.02.02 15:08:15.868,12.73124,12.73402,0.00,0.00
2015.02.02 15:08:16.170,12.73231,12.73352,0.00,0.00
2015.02.02 15:08:16.221,12.73231,12.73451,0.00,0.00
2015.02.02 15:08:16.321,12.73202,12.73501,0.00,0.00
2015.02.02 15:08:16.422,12.73202,12.73541,0.00,0.00
2015.02.02 15:08:16.473,12.73171,12.73509,0.00,0.00
2015.02.02 15:08:16.795,12.73171,12.73502,0.00,0.00
2015.02.02 15:08:17.113,12.73331,12.73608,0.00,0.00
2015.02.02 15:08:17.217,12.73331,12.73619,0.00,0.00
2015.02.02 15:08:17.318,12.73341,12.73641,0.00,0.00
2015.02.02 15:08:17.419,12.73291,12.73602,0.00,0.00
2015.02.02 15:08:17.470,12.73284,12.73602,0.00,0.00
2015.02.02 15:08:17.520,12.73252,12.73542,0.00,0.00
2015.02.02 15:08:17.571,12.73242,12.73542,0.00,0.00
2015.02.02 15:08:17.621,12.73242,12.73531,0.00,0.00
2015.02.02 15:08:17.672,12.73222,12.73551,0.00,0.00
2015.02.02 15:08:17.786,12.73232,12.73522,0.00,0.00
2015.02.02 15:08:17.855,12.73222,12.73522,0.00,0.00
2015.02.02 15:08:17.905,12.73222,12.73517,0.00,0.00
2015.02.02 15:08:17.973,12.73222,12.73532,0.00,0.00
2015.02.02 15:08:18.074,12.73229,12.73571,0.00,0.00
2015.02.02 15:08:18.124,12.73281,12.73571,0.00,0.00
2015.02.02 15:08:18.347,12.73241,12.73542,0.00,0.00
2015.02.02 15:08:18.398,12.73241,12.73522,0.00,0.00
2015.02.02 15:08:18.449,12.73231,12.73522,0.00,0.00
2015.02.02 15:08:18.885,12.73161,12.73451,0.00,0.00
2015.02.02 15:08:19.187,12.73131,12.73444,0.00,0.00
2015.02.02 15:08:19.391,12.73131,12.73452,0.00,0.00
2015.02.02 15:08:19.492,12.73131,12.73402,0.00,0.00
2015.02.02 15:08:19.657,12.73081,12.73402,0.00,0.00
2015.02.02 15:08:19.844,12.73079,12.73352,0.00,0.00
2015.02.02 15:08:20.378,12.7308,12.73352,0.00,0.00
2015.02.02 15:08:20.927,12.7308,12.73392,0.00,0.00
2015.02.02 15:08:21.028,12.7308,12.73401,0.00,0.00
2015.02.02 15:08:21.078,12.73082,12.73401,0.00,0.00
2015.02.02 15:08:22.699,12.73141,12.73414,0.00,0.00
2015.02.02 15:08:22.971,12.73081,12.73402,0.00,0.00
2015.02.02 15:08:23.839,12.7309,12.73402,0.00,0.00
2015.02.02 15:08:23.891,12.7309,12.7343,0.00,0.00
2015.02.02 15:08:23.941,12.73141,12.7343,0.00,0.00
2015.02.02 15:08:24.042,12.7309,12.73402,0.00,0.00
2015.02.02 15:08:24.092,12.73081,12.73347,0.00,0.00
2015.02.02 15:08:24.193,12.7308,12.73352,0.00,0.00
2015.02.02 15:08:24.244,12.7308,12.73356,0.00,0.00
2015.02.02 15:08:24.344,12.73081,12.73394,0.00,0.00
2015.02.02 15:08:24.395,12.73081,12.73402,0.00,0.00
2015.02.02 15:08:24.447,12.73081,12.73413,0.00,0.00
2015.02.02 15:08:24.498,12.73131,12.73413,0.00,0.00
2015.02.02 15:08:24.837,12.73131,12.73401,0.00,0.00
2015.02.02 15:08:26.298,12.73131,12.73413,0.00,0.00
2015.02.02 15:08:26.455,12.73121,12.73413,0.00,0.00
2015.02.02 15:08:26.700,12.73121,12.73402,0.00,0.00
2015.02.02 15:08:26.946,12.73122,12.73415,0.00,0.00
2015.02.02 15:08:27.047,12.73122,12.73402,0.00,0.00
2015.02.02 15:08:27.221,12.73158,12.73499,0.00,0.00
2015.02.02 15:08:27.272,12.73179,12.73499,0.00,0.00
2015.02.02 15:08:27.322,12.73179,12.73502,0.00,0.00
2015.02.02 15:08:27.373,12.73172,12.73502,0.00,0.00
2015.02.02 15:08:27.423,12.73172,12.73442,0.00,0.00
2015.02.02 15:08:27.675,12.73131,12.73428,0.00,0.00
2015.02.02 15:08:27.725,12.73131,12.73412,0.00,0.00
2015.02.02 15:08:28.047,12.73131,12.73437,0.00,0.00
2015.02.02 15:08:28.148,12.73131,12.73423,0.00,0.00
2015.02.02 15:08:28.249,12.73131,12.73438,0.00,0.00
2015.02.02 15:08:28.350,12.73172,12.73424,0.00,0.00
2015.02.02 15:08:28.451,12.73179,12.73501,0.00,0.00
2015.02.02 15:08:28.552,12.73179,12.73452,0.00,0.00
2015.02.02 15:08:28.602,12.73161,12.73452,0.00,0.00
2015.02.02 15:08:28.653,12.73141,12.73423,0.00,0.00
2015.02.02 15:08:29.012,12.73141,12.73434,0.00,0.00
2015.02.02 15:08:29.206,12.73141,12.73422,0.00,0.00
2015.02.02 15:08:29.442,12.73141,12.73428,0.00,0.00
2015.02.02 15:08:29.543,12.73132,12.73428,0.00,0.00
2015.02.02 15:08:29.644,12.73132,12.73408,0.00,0.00
2015.02.02 15:08:30.109,12.73132,12.73419,0.00,0.00
2015.02.02 15:08:30.258,12.73132,12.73403,0.00,0.00
2015.02.02 15:08:30.752,12.73171,12.73412,0.00,0.00
2015.02.02 15:08:30.809,12.73171,12.73502,0.00,0.00
2015.02.02 15:08:30.860,12.73232,12.73502,0.00,0.00
2015.02.02 15:08:31.311,12.73232,12.73452,0.00,0.00
2015.02.02 15:08:31.462,12.73121,12.73413,0.00,0.00
2015.02.02 15:08:31.513,12.73121,12.73402,0.00,0.00
2015.02.02 15:08:32.858,12.73121,12.73433,0.00,0.00
2015.02.02 15:08:32.908,12.732,12.73433,0.00,0.00
2015.02.02 15:08:32.959,12.73232,12.73501,0.00,0.00
2015.02.02 15:08:33.059,12.73232,12.73512,0.00,0.00
2015.02.02 15:08:33.216,12.73232,12.73503,0.00,0.00
2015.02.02 15:08:34.418,12.73232,12.73532,0.00,0.00
2015.02.02 15:08:34.468,12.73282,12.73532,0.00,0.00
2015.02.02 15:08:34.519,12.73282,12.73551,0.00,0.00
2015.02.02 15:08:34.619,12.73331,12.73593,0.00,0.00
2015.02.02 15:08:34.720,12.73331,12.73602,0.00,0.00
2015.02.02 15:08:35.454,12.73332,12.73602,0.00,0.00
2015.02.02 15:08:36.151,12.73321,12.73622,0.00,0.00
2015.02.02 15:08:36.423,12.73321,12.73603,0.00,0.00
2015.02.02 15:08:37.492,12.7325,12.73551,0.00,0.00
2015.02.02 15:08:37.543,12.73231,12.73533,0.00,0.00
2015.02.02 15:08:37.593,12.73241,12.73533,0.00,0.00
2015.02.02 15:08:38.057,12.73241,12.73522,0.00,0.00
2015.02.02 15:08:38.427,12.73231,12.73522,0.00,0.00
2015.02.02 15:08:39.544,12.73281,12.73558,0.00,0.00
2015.02.02 15:08:39.903,12.73332,12.73558,0.00,0.00
2015.02.02 15:08:39.953,12.73332,12.73577,0.00,0.00
2015.02.02 15:08:40.004,12.73282,12.73577,0.00,0.00
2015.02.02 15:08:40.105,12.73321,12.73578,0.00,0.00
2015.02.02 15:08:40.205,12.73281,12.73557,0.00,0.00
2015.02.02 15:08:40.256,12.73281,12.73572,0.00,0.00
2015.02.02 15:08:40.306,12.73331,12.73572,0.00,0.00
2015.02.02 15:08:40.357,12.73331,12.73602,0.00,0.00
2015.02.02 15:08:40.408,12.73331,12.73618,0.00,0.00
2015.02.02 15:08:40.508,12.73331,12.73627,0.00,0.00
2015.02.02 15:08:40.629,12.73331,12.73642,0.00,0.00
2015.02.02 15:08:40.836,12.7338,12.73642,0.00,0.00
2015.02.02 15:08:41.037,12.73432,12.73706,0.00,0.00
2015.02.02 15:08:41.284,12.73421,12.73706,0.00,0.00
2015.02.02 15:08:43.014,12.73426,12.73706,0.00,0.00
2015.02.02 15:08:43.390,12.73436,12.73706,0.00,0.00
2015.02.02 15:08:43.715,12.73421,12.73706,0.00,0.00
2015.02.02 15:08:43.968,12.73381,12.73658,0.00,0.00
2015.02.02 15:08:44.170,12.73381,12.73664,0.00,0.00
2015.02.02 15:08:44.271,12.73381,12.73683,0.00,0.00
2015.02.02 15:08:44.371,12.73381,12.73658,0.00,0.00
2015.02.02 15:08:44.811,12.73332,12.73642,0.00,0.00
2015.02.02 15:08:44.862,12.73332,12.73607,0.00,0.00
2015.02.02 15:08:45.164,12.73366,12.73679,0.00,0.00
2015.02.02 15:08:45.264,12.73331,12.73641,0.00,0.00
2015.02.02 15:08:45.365,12.73331,12.73638,0.00,0.00
2015.02.02 15:08:45.684,12.73372,12.73675,0.00,0.00
2015.02.02 15:08:46.088,12.73372,12.73658,0.00,0.00
2015.02.02 15:08:46.340,12.73351,12.73642,0.00,0.00
2015.02.02 15:08:46.850,12.73351,12.73637,0.00,0.00
2015.02.02 15:08:46.900,12.73332,12.73637,0.00,0.00
2015.02.02 15:08:47.301,12.7338,12.73637,0.00,0.00
2015.02.02 15:08:47.452,12.73382,12.7369,0.00,0.00
2015.02.02 15:08:47.553,12.73382,12.73658,0.00,0.00
2015.02.02 15:08:47.652,12.73382,12.73685,0.00,0.00
2015.02.02 15:08:47.753,12.73382,12.7367,0.00,0.00
2015.02.02 15:08:48.089,12.73382,12.73641,0.00,0.00
2015.02.02 15:08:48.139,12.73382,12.73658,0.00,0.00
2015.02.02 15:08:48.190,12.73341,12.73658,0.00,0.00
2015.02.02 15:08:48.341,12.73382,12.73658,0.00,0.00
2015.02.02 15:08:49.334,12.73382,12.73641,0.00,0.00
2015.02.02 15:08:49.435,12.73331,12.73641,0.00,0.00
2015.02.02 15:08:49.723,12.73381,12.73641,0.00,0.00
2015.02.02 15:08:49.774,12.73381,12.73658,0.00,0.00
2015.02.02 15:08:50.077,12.73381,12.73641,0.00,0.00
2015.02.02 15:08:50.188,12.73381,12.73647,0.00,0.00
2015.02.02 15:08:50.289,12.73381,12.73658,0.00,0.00
2015.02.02 15:08:51.160,12.73432,12.73658,0.00,0.00
2015.02.02 15:08:51.261,12.73432,12.73692,0.00,0.00
2015.02.02 15:08:51.806,12.73432,12.73707,0.00,0.00
2015.02.02 15:08:51.863,12.73432,12.73718,0.00,0.00
2015.02.02 15:08:52.151,12.73421,12.73718,0.00,0.00
2015.02.02 15:08:52.202,12.73421,12.73708,0.00,0.00
2015.02.02 15:08:52.762,12.73431,12.73698,0.00,0.00
2015.02.02 15:08:54.233,12.73421,12.73698,0.00,0.00
2015.02.02 15:08:54.794,12.73371,12.73677,0.00,0.00
2015.02.02 15:08:54.894,12.73331,12.73622,0.00,0.00
2015.02.02 15:08:55.237,12.73432,12.73708,0.00,0.00
2015.02.02 15:08:55.784,12.73422,12.73708,0.00,0.00
2015.02.02 15:08:56.051,12.73422,12.73691,0.00,0.00
2015.02.02 15:08:56.152,12.73371,12.73641,0.00,0.00
2015.02.02 15:08:56.275,12.73331,12.73607,0.00,0.00
2015.02.02 15:08:56.774,12.73321,12.73607,0.00,0.00
2015.02.02 15:08:59.310,12.73301,12.73607,0.00,0.00
2015.02.02 15:08:59.361,12.73281,12.73592,0.00,0.00
2015.02.02 15:08:59.411,12.73281,12.73567,0.00,0.00
2015.02.02 15:08:59.743,12.73281,12.73557,0.00,0.00
2015.02.02 15:09:00.049,12.73331,12.73592,0.00,0.00
2015.02.02 15:09:00.099,12.73331,12.73608,0.00,0.00
2015.02.02 15:09:00.239,12.73331,12.73592,0.00,0.00
2015.02.02 15:09:00.441,12.73331,12.73602,0.00,0.00
2015.02.02 15:09:00.711,12.73331,12.73625,0.00,0.00
2015.02.02 15:09:00.812,12.73331,12.7361,0.00,0.00
2015.02.02 15:09:01.320,12.73331,12.73629,0.00,0.00
2015.02.02 15:09:01.421,12.73321,12.7366,0.00,0.00
2015.02.02 15:09:01.471,12.7337,12.7366,0.00,0.00
2015.02.02 15:09:01.522,12.73372,12.7371,0.00,0.00
2015.02.02 15:09:01.623,12.73372,12.73699,0.00,0.00
2015.02.02 15:09:01.925,12.73372,12.7368,0.00,0.00
2015.02.02 15:09:02.235,12.73281,12.73568,0.00,0.00
2015.02.02 15:09:02.436,12.73281,12.73588,0.00,0.00
2015.02.02 15:09:02.537,12.73281,12.73558,0.00,0.00
2015.02.02 15:09:02.924,12.73321,12.73558,0.00,0.00
2015.02.02 15:09:03.024,12.73321,12.73642,0.00,0.00
2015.02.02 15:09:03.075,12.73331,12.73642,0.00,0.00
2015.02.02 15:09:03.532,12.73331,12.73628,0.00,0.00
2015.02.02 15:09:03.940,12.73331,12.73642,0.00,0.00
2015.02.02 15:09:04.040,12.73306,12.73642,0.00,0.00
2015.02.02 15:09:04.141,12.73321,12.73612,0.00,0.00
2015.02.02 15:09:04.585,12.73321,12.73642,0.00,0.00
2015.02.02 15:09:05.359,12.73332,12.73642,0.00,0.00
2015.02.02 15:09:05.482,12.73321,12.73642,0.00,0.00
2015.02.02 15:09:06.686,12.73321,12.73591,0.00,0.00
2015.02.02 15:09:06.816,12.73309,12.73591,0.00,0.00
2015.02.02 15:09:06.917,12.73282,12.73591,0.00,0.00
2015.02.02 15:09:07.763,12.73281,12.73591,0.00,0.00
2015.02.02 15:09:08.423,12.73321,12.73591,0.00,0.00
2015.02.02 15:09:08.576,12.73321,12.73642,0.00,0.00
2015.02.02 15:09:08.626,12.73329,12.73642,0.00,0.00
2015.02.02 15:09:08.754,12.73321,12.73642,0.00,0.00
2015.02.02 15:09:08.855,12.73328,12.73642,0.00,0.00
2015.02.02 15:09:08.957,12.73321,12.73642,0.00,0.00
2015.02.02 15:09:09.320,12.73331,12.73642,0.00,0.00
2015.02.02 15:09:09.461,12.73321,12.73642,0.00,0.00
2015.02.02 15:09:09.547,12.73321,12.73592,0.00,0.00
2015.02.02 15:09:09.647,12.73292,12.73592,0.00,0.00
2015.02.02 15:09:10.206,12.73292,12.73606,0.00,0.00
2015.02.02 15:09:10.306,12.73293,12.73637,0.00,0.00
2015.02.02 15:09:10.407,12.73332,12.73637,0.00,0.00
2015.02.02 15:09:10.458,12.73332,12.73642,0.00,0.00
2015.02.02 15:09:10.513,12.73329,12.73642,0.00,0.00
2015.02.02 15:09:10.564,12.73303,12.73592,0.00,0.00
2015.02.02 15:09:10.614,12.73293,12.73592,0.00,0.00
2015.02.02 15:09:12.217,12.73291,12.73592,0.00,0.00
2015.02.02 15:09:13.154,12.73258,12.73592,0.00,0.00
2015.02.02 15:09:13.256,12.73251,12.73591,0.00,0.00
2015.02.02 15:09:13.306,12.73281,12.73591,0.00,0.00
2015.02.02 15:09:13.736,12.73281,12.73542,0.00,0.00
2015.02.02 15:09:13.837,12.73232,12.73542,0.00,0.00
2015.02.02 15:09:14.608,12.73232,12.73575,0.00,0.00
2015.02.02 15:09:14.659,12.73252,12.73592,0.00,0.00
2015.02.02 15:09:14.961,12.73231,12.73541,0.00,0.00
2015.02.02 15:09:15.486,12.73231,12.7356,0.00,0.00
2015.02.02 15:09:15.537,12.73261,12.73591,0.00,0.00
2015.02.02 15:09:15.587,12.73282,12.73591,0.00,0.00
2015.02.02 15:09:16.074,12.73282,12.73605,0.00,0.00
2015.02.02 15:09:16.175,12.7333,12.73632,0.00,0.00
2015.02.02 15:09:16.532,12.73381,12.73682,0.00,0.00
2015.02.02 15:09:17.113,12.73361,12.73682,0.00,0.00
2015.02.02 15:09:17.164,12.73361,12.73631,0.00,0.00
2015.02.02 15:09:17.365,12.73297,12.73592,0.00,0.00
2015.02.02 15:09:17.466,12.73291,12.73592,0.00,0.00
2015.02.02 15:09:17.567,12.73331,12.73592,0.00,0.00
2015.02.02 15:09:17.617,12.73331,12.73624,0.00,0.00
2015.02.02 15:09:17.668,12.73331,12.73632,0.00,0.00
2015.02.02 15:09:17.819,12.73382,12.7366,0.00,0.00
2015.02.02 15:09:17.870,12.73382,12.73681,0.00,0.00
2015.02.02 15:09:17.920,12.7343,12.73681,0.00,0.00
2015.02.02 15:09:18.355,12.73429,12.73631,0.00,0.00
2015.02.02 15:09:18.934,12.73429,12.73682,0.00,0.00
2015.02.02 15:09:19.035,12.73429,12.73632,0.00,0.00
2015.02.02 15:09:19.361,12.73429,12.73619,0.00,0.00
2015.02.02 15:09:20.216,12.73429,12.73682,0.00,0.00
2015.02.02 15:09:20.872,12.73429,12.73619,0.00,0.00
2015.02.02 15:09:21.453,12.73387,12.73619,0.00,0.00
2015.02.02 15:09:21.554,12.73331,12.73619,0.00,0.00
2015.02.02 15:09:22.723,12.73322,12.73619,0.00,0.00
2015.02.02 15:09:23.366,12.73322,12.73631,0.00,0.00
2015.02.02 15:09:23.417,12.73372,12.73648,0.00,0.00
2015.02.02 15:09:23.467,12.73372,12.73681,0.00,0.00
2015.02.02 15:09:24.160,12.73362,12.73681,0.00,0.00
2015.02.02 15:09:24.211,12.73362,12.73631,0.00,0.00
2015.02.02 15:09:24.261,12.73341,12.73631,0.00,0.00
2015.02.02 15:09:24.356,12.73341,12.73619,0.00,0.00
2015.02.02 15:09:24.594,12.73331,12.73619,0.00,0.00
2015.02.02 15:09:24.694,12.73342,12.73619,0.00,0.00
2015.02.02 15:09:24.882,12.73331,12.73619,0.00,0.00
2015.02.02 15:09:24.983,12.73351,12.73619,0.00,0.00
2015.02.02 15:09:25.337,12.73372,12.73619,0.00,0.00
2015.02.02 15:09:25.388,12.73382,12.73632,0.00,0.00
2015.02.02 15:09:25.488,12.73382,12.73682,0.00,0.00
2015.02.02 15:09:25.846,12.73382,12.73695,0.00,0.00
2015.02.02 15:09:25.976,12.73382,12.73682,0.00,0.00
2015.02.02 15:09:28.028,12.73382,12.73699,0.00,0.00
2015.02.02 15:09:28.096,12.73382,12.73719,0.00,0.00
2015.02.02 15:09:28.147,12.73381,12.73682,0.00,0.00
2015.02.02 15:09:29.023,12.73381,12.73631,0.00,0.00
2015.02.02 15:09:29.124,12.73331,12.73618,0.00,0.00
2015.02.02 15:09:29.225,12.73333,12.73618,0.00,0.00
2015.02.02 15:09:29.556,12.73382,12.73618,0.00,0.00
2015.02.02 15:09:29.764,12.73376,12.73618,0.00,0.00
2015.02.02 15:09:29.915,12.73331,12.73618,0.00,0.00
2015.02.02 15:09:30.117,12.73332,12.73631,0.00,0.00
2015.02.02 15:09:30.218,12.73381,12.73674,0.00,0.00
2015.02.02 15:09:30.325,12.73381,12.73682,0.00,0.00
2015.02.02 15:09:30.584,12.73381,12.73699,0.00,0.00
2015.02.02 15:09:30.684,12.73381,12.73686,0.00,0.00
2015.02.02 15:09:31.327,12.73381,12.73699,0.00,0.00
2015.02.02 15:09:31.435,12.73431,12.73718,0.00,0.00
2015.02.02 15:09:31.536,12.73421,12.73718,0.00,0.00
2015.02.02 15:09:31.963,12.73416,12.73718,0.00,0.00
2015.02.02 15:09:32.013,12.73392,12.73631,0.00,0.00
2015.02.02 15:09:32.114,12.73381,12.73682,0.00,0.00
2015.02.02 15:09:32.215,12.73381,12.73632,0.00,0.00
2015.02.02 15:09:32.780,12.73381,12.73619,0.00,0.00
2015.02.02 15:09:33.265,12.73381,12.73682,0.00,0.00
2015.02.02 15:09:33.653,12.73381,12.73632,0.00,0.00
2015.02.02 15:09:33.754,12.73357,12.73632,0.00,0.00
2015.02.02 15:09:33.855,12.73322,12.73632,0.00,0.00
2015.02.02 15:09:33.965,12.73322,12.73652,0.00,0.00
2015.02.02 15:09:34.016,12.73322,12.73665,0.00,0.00
2015.02.02 15:09:34.066,12.73381,12.73665,0.00,0.00
2015.02.02 15:09:34.381,12.73336,12.73619,0.00,0.00
2015.02.02 15:09:34.713,12.73417,12.73619,0.00,0.00
2015.02.02 15:09:34.763,12.73381,12.73619,0.00,0.00
2015.02.02 15:09:35.251,12.73381,12.73682,0.00,0.00
2015.02.02 15:09:35.302,12.73431,12.73705,0.00,0.00
2015.02.02 15:09:35.352,12.73431,12.73718,0.00,0.00
2015.02.02 15:09:35.506,12.73431,12.73682,0.00,0.00
2015.02.02 15:09:35.607,12.73387,12.73682,0.00,0.00
2015.02.02 15:09:35.659,12.73382,12.73682,0.00,0.00
2015.02.02 15:09:35.709,12.73421,12.73682,0.00,0.00
2015.02.02 15:09:35.760,12.73421,12.73718,0.00,0.00
2015.02.02 15:09:36.875,12.73462,12.73718,0.00,0.00
2015.02.02 15:09:36.926,12.73532,12.73791,0.00,0.00
2015.02.02 15:09:37.027,12.73502,12.73791,0.00,0.00
2015.02.02 15:09:37.077,12.73502,12.73741,0.00,0.00
2015.02.02 15:09:37.128,12.73441,12.73741,0.00,0.00
2015.02.02 15:09:37.231,12.73462,12.73741,0.00,0.00
2015.02.02 15:09:37.282,12.73482,12.73792,0.00,0.00
2015.02.02 15:09:37.995,12.73482,12.73719,0.00,0.00
2015.02.02 15:09:38.160,12.73452,12.73719,0.00,0.00
2015.02.02 15:09:38.417,12.73442,12.73719,0.00,0.00
2015.02.02 15:09:38.552,12.73452,12.73719,0.00,0.00
2015.02.02 15:09:38.826,12.73442,12.73719,0.00,0.00
2015.02.02 15:09:39.026,12.73451,12.73719,0.00,0.00
2015.02.02 15:09:39.729,12.73442,12.73719,0.00,0.00
2015.02.02 15:09:41.334,12.73481,12.73792,0.00,0.00
2015.02.02 15:09:41.665,12.73481,12.73741,0.00,0.00
2015.02.02 15:09:41.766,12.73442,12.73741,0.00,0.00
2015.02.02 15:09:42.140,12.73442,12.73774,0.00,0.00
2015.02.02 15:09:42.241,12.73441,12.73742,0.00,0.00
2015.02.02 15:09:42.793,12.73441,12.73718,0.00,0.00
2015.02.02 15:09:43.301,12.73421,12.73699,0.00,0.00
2015.02.02 15:09:43.352,12.73372,12.73682,0.00,0.00
2015.02.02 15:09:43.559,12.73372,12.73632,0.00,0.00
2015.02.02 15:09:43.662,12.73362,12.73632,0.00,0.00
2015.02.02 15:09:43.763,12.73342,12.73632,0.00,0.00
2015.02.02 15:09:44.266,12.73342,12.73618,0.00,0.00
2015.02.02 15:09:44.316,12.73331,12.73618,0.00,0.00
2015.02.02 15:09:44.367,12.73341,12.73618,0.00,0.00
2015.02.02 15:09:44.591,12.73332,12.73618,0.00,0.00
2015.02.02 15:09:44.876,12.73342,12.73618,0.00,0.00
2015.02.02 15:09:44.977,12.73332,12.73618,0.00,0.00
2015.02.02 15:09:45.103,12.73371,12.73618,0.00,0.00
2015.02.02 15:09:45.204,12.73351,12.73618,0.00,0.00
2015.02.02 15:09:45.305,12.73341,12.73618,0.00,0.00
2015.02.02 15:09:45.535,12.73331,12.73618,0.00,0.00
2015.02.02 15:09:45.663,12.73322,12.73618,0.00,0.00
2015.02.02 15:09:46.027,12.73322,12.73598,0.00,0.00
2015.02.02 15:09:46.077,12.73311,12.73592,0.00,0.00
2015.02.02 15:09:46.178,12.73261,12.73541,0.00,0.00
2015.02.02 15:09:46.279,12.7322,12.73527,0.00,0.00
2015.02.02 15:09:46.329,12.73192,12.73491,0.00,0.00
2015.02.02 15:09:47.258,12.73191,12.73491,0.00,0.00
2015.02.02 15:09:47.825,12.73191,12.73499,0.00,0.00
2015.02.02 15:09:47.938,12.73231,12.73519,0.00,0.00
2015.02.02 15:09:48.375,12.73233,12.73491,0.00,0.00
2015.02.02 15:09:48.526,12.73193,12.73491,0.00,0.00
2015.02.02 15:09:48.627,12.73191,12.73491,0.00,0.00
2015.02.02 15:09:48.728,12.73232,12.73516,0.00,0.00
2015.02.02 15:09:49.049,12.73153,12.73419,0.00,0.00
2015.02.02 15:09:49.103,12.73142,12.73419,0.00,0.00
2015.02.02 15:09:49.827,12.73133,12.73419,0.00,0.00
2015.02.02 15:09:49.927,12.73187,12.73482,0.00,0.00
2015.02.02 15:09:50.179,12.73187,12.73507,0.00,0.00
2015.02.02 15:09:50.230,12.73187,12.73519,0.00,0.00
2015.02.02 15:09:50.280,12.73187,12.73482,0.00,0.00
2015.02.02 15:09:50.578,12.73187,12.73519,0.00,0.00
2015.02.02 15:09:50.628,12.73219,12.73519,0.00,0.00
2015.02.02 15:09:50.975,12.73226,12.73499,0.00,0.00
2015.02.02 15:09:51.126,12.73194,12.73481,0.00,0.00
2015.02.02 15:09:51.244,12.73191,12.73481,0.00,0.00
2015.02.02 15:09:51.899,12.73191,12.73499,0.00,0.00
2015.02.02 15:09:52.051,12.73191,12.73481,0.00,0.00
2015.02.02 15:09:52.119,12.73191,12.73481,0.00,0.00
2015.02.02 15:09:52.749,12.73191,12.73419,0.00,0.00
2015.02.02 15:09:53.563,12.73164,12.73419,0.00,0.00
2015.02.02 15:09:53.664,12.73143,12.73419,0.00,0.00
2015.02.02 15:09:54.496,12.73143,12.73432,0.00,0.00
2015.02.02 15:09:54.547,12.73183,12.73481,0.00,0.00
2015.02.02 15:09:54.647,12.73192,12.73481,0.00,0.00
2015.02.02 15:09:55.989,12.73192,12.73499,0.00,0.00
2015.02.02 15:09:56.039,12.73231,12.73519,0.00,0.00
2015.02.02 15:09:56.893,12.73193,12.73482,0.00,0.00
2015.02.02 15:09:56.943,12.73244,12.73482,0.00,0.00
2015.02.02 15:09:56.993,12.73244,12.73519,0.00,0.00
2015.02.02 15:09:57.044,12.73244,12.73532,0.00,0.00
2015.02.02 15:09:57.094,12.73389,12.73582,0.00,0.00
2015.02.02 15:09:57.195,12.73389,12.73681,0.00,0.00
2015.02.02 15:09:57.445,12.73381,12.73681,0.00,0.00
2015.02.02 15:09:57.620,12.73381,12.73699,0.00,0.00
2015.02.02 15:09:57.670,12.73441,12.73699,0.00,0.00
2015.02.02 15:09:58.008,12.73444,12.73699,0.00,0.00
2015.02.02 15:09:58.059,12.73453,12.73719,0.00,0.00
2015.02.02 15:09:58.159,12.73443,12.73719,0.00,0.00
2015.02.02 15:09:59.318,12.73531,12.73719,0.00,0.00
2015.02.02 15:09:59.368,12.73531,12.73732,0.00,0.00
2015.02.02 15:09:59.419,12.73531,12.73782,0.00,0.00
2015.02.02 15:09:59.469,12.73581,12.73782,0.00,0.00
2015.02.02 15:09:59.570,12.73731,12.73992,0.00,0.00
2015.02.02 15:09:59.621,12.73731,12.74019,0.00,0.00
2015.02.02 15:09:59.721,12.73692,12.74019,0.00,0.00
2015.02.02 15:09:59.772,12.73727,12.74019,0.00,0.00
2015.02.02 15:10:00.076,12.73827,12.73982,0.00,0.00
2015.02.02 15:10:00.177,12.73906,12.74119,0.00,0.00
2015.02.02 15:10:00.284,12.73913,12.74119,0.00,0.00
2015.02.02 15:10:00.435,12.73936,12.74292,0.00,0.00
2015.02.02 15:10:00.486,12.74025,12.74319,0.00,0.00
2015.02.02 15:10:00.587,12.73982,12.74292,0.00,0.00
2015.02.02 15:10:00.637,12.74026,12.74292,0.00,0.00
2015.02.02 15:10:00.738,12.73972,12.74292,0.00,0.00
2015.02.02 15:10:00.839,12.73972,12.74282,0.00,0.00
2015.02.02 15:10:01.187,12.74074,12.74376,0.00,0.00
2015.02.02 15:10:01.499,12.74079,12.74392,0.00,0.00
2015.02.02 15:10:01.600,12.74082,12.74427,0.00,0.00
2015.02.02 15:10:01.651,12.74126,12.74427,0.00,0.00
2015.02.02 15:10:01.752,12.74082,12.74412,0.00,0.00
2015.02.02 15:10:01.803,12.74082,12.74391,0.00,0.00
2015.02.02 15:10:01.910,12.74082,12.74407,0.00,0.00
2015.02.02 15:10:01.961,12.74136,12.74442,0.00,0.00
2015.02.02 15:10:02.062,12.74274,12.74591,0.00,0.00
2015.02.02 15:10:02.163,12.74158,12.74491,0.00,0.00
2015.02.02 15:10:02.261,12.74158,12.74491,0.00,0.00
2015.02.02 15:10:02.624,12.74174,12.74491,0.00,0.00
2015.02.02 15:10:03.006,12.74174,12.74507,0.00,0.00
2015.02.02 15:10:03.057,12.74163,12.74507,0.00,0.00
2015.02.02 15:10:03.107,12.74132,12.74467,0.00,0.00
2015.02.02 15:10:03.409,12.74132,12.74441,0.00,0.00
2015.02.02 15:10:03.923,12.74152,12.74442,0.00,0.00
2015.02.02 15:10:04.264,12.74329,12.74632,0.00,0.00
2015.02.02 15:10:04.482,12.74329,12.74541,0.00,0.00
2015.02.02 15:10:04.583,12.74252,12.74541,0.00,0.00
2015.02.02 15:10:04.784,12.74252,12.74492,0.00,0.00
2015.02.02 15:10:04.935,12.74202,12.74492,0.00,0.00
2015.02.02 15:10:05.097,12.74202,12.74442,0.00,0.00
2015.02.02 15:10:05.217,12.74202,12.74492,0.00,0.00
2015.02.02 15:10:05.268,12.74191,12.74492,0.00,0.00
2015.02.02 15:10:05.319,12.74191,12.74508,0.00,0.00
2015.02.02 15:10:05.369,12.74241,12.74542,0.00,0.00
2015.02.02 15:10:07.714,12.74264,12.74542,0.00,0.00
2015.02.02 15:10:07.764,12.74264,12.74591,0.00,0.00
2015.02.02 15:10:07.815,12.74281,12.74591,0.00,0.00
2015.02.02 15:10:08.149,12.74252,12.74542,0.00,0.00
2015.02.02 15:10:08.619,12.74252,12.74492,0.00,0.00
2015.02.02 15:10:08.670,12.74243,12.74492,0.00,0.00
2015.02.02 15:10:08.770,12.74201,12.74492,0.00,0.00
2015.02.02 15:10:10.192,12.74253,12.74541,0.00,0.00
2015.02.02 15:10:10.293,12.74233,12.74541,0.00,0.00
2015.02.02 15:10:10.876,12.74232,12.74541,0.00,0.00
2015.02.02 15:10:11.543,12.74233,12.74541,0.00,0.00
2015.02.02 15:10:11.958,12.74241,12.74541,0.00,0.00
2015.02.02 15:10:12.355,12.74241,12.74492,0.00,0.00
2015.02.02 15:10:12.406,12.74234,12.74492,0.00,0.00
2015.02.02 15:10:12.507,12.74218,12.74492,0.00,0.00
2015.02.02 15:10:12.608,12.74271,12.74579,0.00,0.00
2015.02.02 15:10:12.708,12.74272,12.74582,0.00,0.00
2015.02.02 15:10:13.476,12.74272,12.74606,0.00,0.00
2015.02.02 15:10:13.527,12.74331,12.74631,0.00,0.00
2015.02.02 15:10:13.854,12.74344,12.74631,0.00,0.00
2015.02.02 15:10:14.612,12.74334,12.74631,0.00,0.00
2015.02.02 15:10:15.883,12.74334,12.74581,0.00,0.00
2015.02.02 15:10:15.934,12.7433,12.74581,0.00,0.00
2015.02.02 15:10:16.034,12.74241,12.74581,0.00,0.00
2015.02.02 15:10:16.135,12.74241,12.74532,0.00,0.00
2015.02.02 15:10:17.086,12.74241,12.74482,0.00,0.00
2015.02.02 15:10:17.137,12.74183,12.74482,0.00,0.00
2015.02.02 15:10:18.038,12.74182,12.74482,0.00,0.00
2015.02.02 15:10:18.089,12.74182,12.74431,0.00,0.00
2015.02.02 15:10:18.139,12.74141,12.74431,0.00,0.00
2015.02.02 15:10:18.419,12.74164,12.74482,0.00,0.00
2015.02.02 15:10:18.469,12.74172,12.74482,0.00,0.00
2015.02.02 15:10:18.965,12.74172,12.74431,0.00,0.00
2015.02.02 15:10:19.015,12.74132,12.74412,0.00,0.00
2015.02.02 15:10:19.116,12.74091,12.74382,0.00,0.00
2015.02.02 15:10:19.423,12.74091,12.74312,0.00,0.00
2015.02.02 15:10:19.474,12.73991,12.74312,0.00,0.00
2015.02.02 15:10:19.524,12.73991,12.74282,0.00,0.00
2015.02.02 15:10:19.877,12.73954,12.74231,0.00,0.00
2015.02.02 15:10:20.028,12.73892,12.74182,0.00,0.00
2015.02.02 15:10:20.129,12.73899,12.74182,0.00,0.00
2015.02.02 15:10:20.179,12.73899,12.74241,0.00,0.00
2015.02.02 15:10:20.230,12.73932,12.74241,0.00,0.00
2015.02.02 15:10:20.756,12.73933,12.74241,0.00,0.00
2015.02.02 15:10:21.081,12.73941,12.74241,0.00,0.00
2015.02.02 15:10:21.393,12.74033,12.74341,0.00,0.00
2015.02.02 15:10:21.902,12.74042,12.74341,0.00,0.00
2015.02.02 15:10:22.252,12.74022,12.74292,0.00,0.00
2015.02.02 15:10:22.302,12.73991,12.74307,0.00,0.00
2015.02.02 15:10:22.353,12.73991,12.74322,0.00,0.00
2015.02.02 15:10:22.454,12.73979,12.74297,0.00,0.00
2015.02.02 15:10:22.504,12.73953,12.74292,0.00,0.00
2015.02.02 15:10:22.555,12.73982,12.74292,0.00,0.00
2015.02.02 15:10:22.695,12.73982,12.74297,0.00,0.00
2015.02.02 15:10:22.746,12.74032,12.74332,0.00,0.00
2015.02.02 15:10:23.064,12.73992,12.74291,0.00,0.00
2015.02.02 15:10:23.832,12.73991,12.74291,0.00,0.00
2015.02.02 15:10:24.358,12.73991,12.74312,0.00,0.00
2015.02.02 15:10:24.459,12.73981,12.74292,0.00,0.00
2015.02.02 15:10:25.252,12.73981,12.74281,0.00,0.00
2015.02.02 15:10:25.353,12.73981,12.74292,0.00,0.00
2015.02.02 15:10:26.038,12.73982,12.74292,0.00,0.00
2015.02.02 15:10:26.485,12.74121,12.74362,0.00,0.00
2015.02.02 15:10:26.787,12.74231,12.74492,0.00,0.00
2015.02.02 15:10:26.888,12.74231,12.74532,0.00,0.00
2015.02.02 15:10:27.095,12.74231,12.74492,0.00,0.00
2015.02.02 15:10:27.247,12.74231,12.74531,0.00,0.00
2015.02.02 15:10:27.371,12.74163,12.74507,0.00,0.00
2015.02.02 15:10:27.472,12.74092,12.74427,0.00,0.00
2015.02.02 15:10:27.791,12.74092,12.74392,0.00,0.00
2015.02.02 15:10:27.895,12.74092,12.74422,0.00,0.00
2015.02.02 15:10:27.945,12.74141,12.74422,0.00,0.00
2015.02.02 15:10:27.996,12.74141,12.74432,0.00,0.00
2015.02.02 15:10:29.304,12.74141,12.74441,0.00,0.00
2015.02.02 15:10:29.822,12.74179,12.74441,0.00,0.00
2015.02.02 15:10:29.873,12.74179,12.74472,0.00,0.00
2015.02.02 15:10:29.923,12.74232,12.74472,0.00,0.00
2015.02.02 15:10:29.973,12.74232,12.74532,0.00,0.00
2015.02.02 15:10:30.212,12.74232,12.74481,0.00,0.00
2015.02.02 15:10:30.262,12.74172,12.74481,0.00,0.00
2015.02.02 15:10:30.661,12.74231,12.74482,0.00,0.00
2015.02.02 15:10:30.787,12.74231,12.74531,0.00,0.00
2015.02.02 15:10:31.276,12.74231,12.74482,0.00,0.00
2015.02.02 15:10:31.326,12.74221,12.74482,0.00,0.00
2015.02.02 15:10:31.427,12.74231,12.74482,0.00,0.00
2015.02.02 15:10:31.528,12.74231,12.74531,0.00,0.00
2015.02.02 15:10:31.579,12.74222,12.74507,0.00,0.00
2015.02.02 15:10:31.680,12.74142,12.74432,0.00,0.00
2015.02.02 15:10:32.047,12.74142,12.74461,0.00,0.00
2015.02.02 15:10:32.097,12.74171,12.74461,0.00,0.00
2015.02.02 15:10:32.173,12.74171,12.74482,0.00,0.00
2015.02.02 15:10:32.224,12.74281,12.74482,0.00,0.00
2015.02.02 15:10:32.274,12.74313,12.74582,0.00,0.00
2015.02.02 15:10:32.325,12.74331,12.74582,0.00,0.00
2015.02.02 15:10:32.425,12.74331,12.74622,0.00,0.00
2015.02.02 15:10:32.674,12.74334,12.74622,0.00,0.00
2015.02.02 15:10:33.198,12.7433,12.74582,0.00,0.00
2015.02.02 15:10:33.249,12.74321,12.74582,0.00,0.00
2015.02.02 15:10:33.350,12.74232,12.74532,0.00,0.00
2015.02.02 15:10:33.928,12.74232,12.74531,0.00,0.00
2015.02.02 15:10:34.562,12.74329,12.74531,0.00,0.00
2015.02.02 15:10:34.613,12.74361,12.74582,0.00,0.00
2015.02.02 15:10:34.714,12.74361,12.74621,0.00,0.00
2015.02.02 15:10:34.764,12.74372,12.74621,0.00,0.00
2015.02.02 15:10:34.815,12.74372,12.74671,0.00,0.00
2015.02.02 15:10:34.865,12.7438,12.74671,0.00,0.00
2015.02.02 15:10:34.916,12.74408,12.74732,0.00,0.00
2015.02.02 15:10:34.966,12.74441,12.74732,0.00,0.00
2015.02.02 15:10:35.573,12.74441,12.74777,0.00,0.00
2015.02.02 15:10:35.624,12.74464,12.74782,0.00,0.00
2015.02.02 15:10:35.985,12.74442,12.74731,0.00,0.00
2015.02.02 15:10:36.688,12.74453,12.74731,0.00,0.00
2015.02.02 15:10:36.895,12.74442,12.74731,0.00,0.00
2015.02.02 15:10:36.998,12.74442,12.74776,0.00,0.00
2015.02.02 15:10:37.049,12.74531,12.74776,0.00,0.00
2015.02.02 15:10:37.100,12.74531,12.74782,0.00,0.00
2015.02.02 15:10:37.200,12.74531,12.74831,0.00,0.00
2015.02.02 15:10:37.547,12.74531,12.74847,0.00,0.00
2015.02.02 15:10:38.458,12.74531,12.74781,0.00,0.00
2015.02.02 15:10:38.508,12.74473,12.74781,0.00,0.00
2015.02.02 15:10:38.559,12.74441,12.74776,0.00,0.00
2015.02.02 15:10:38.659,12.74441,12.74767,0.00,0.00
2015.02.02 15:10:39.335,12.74441,12.74757,0.00,0.00
2015.02.02 15:10:39.436,12.74463,12.74807,0.00,0.00
2015.02.02 15:10:39.487,12.74472,12.74807,0.00,0.00
2015.02.02 15:10:39.944,12.74472,12.74797,0.00,0.00
2015.02.02 15:10:40.045,12.74472,12.74806,0.00,0.00
2015.02.02 15:10:40.115,12.74472,12.74796,0.00,0.00
2015.02.02 15:10:40.450,12.74529,12.74831,0.00,0.00
2015.02.02 15:10:40.954,12.74492,12.74813,0.00,0.00
2015.02.02 15:10:41.205,12.74471,12.74782,0.00,0.00
2015.02.02 15:10:41.457,12.74397,12.74722,0.00,0.00
2015.02.02 15:10:41.549,12.7443,12.74722,0.00,0.00
2015.02.02 15:10:41.804,12.7443,12.74742,0.00,0.00
2015.02.02 15:10:41.855,12.74379,12.74721,0.00,0.00
2015.02.02 15:10:41.956,12.74371,12.74707,0.00,0.00
2015.02.02 15:10:42.271,12.74331,12.74617,0.00,0.00
2015.02.02 15:10:42.322,12.74291,12.74587,0.00,0.00
2015.02.02 15:10:42.423,12.74291,12.74599,0.00,0.00
2015.02.02 15:10:42.523,12.74291,12.74587,0.00,0.00
2015.02.02 15:10:42.846,12.74291,12.74602,0.00,0.00
2015.02.02 15:10:42.896,12.74331,12.74602,0.00,0.00
2015.02.02 15:10:42.947,12.74331,12.74608,0.00,0.00
2015.02.02 15:10:43.048,12.74332,12.74663,0.00,0.00
2015.02.02 15:10:43.149,12.74332,12.74671,0.00,0.00
2015.02.02 15:10:43.597,12.74332,12.74631,0.00,0.00
2015.02.02 15:10:43.647,12.7433,12.74631,0.00,0.00
2015.02.02 15:10:43.748,12.74329,12.74597,0.00,0.00
2015.02.02 15:10:43.798,12.74281,12.74597,0.00,0.00
2015.02.02 15:10:43.849,12.74281,12.74588,0.00,0.00
2015.02.02 15:10:44.098,12.74257,12.74582,0.00,0.00
2015.02.02 15:10:44.148,12.74241,12.74547,0.00,0.00
2015.02.02 15:10:44.249,12.74241,12.74562,0.00,0.00
2015.02.02 15:10:44.434,12.74241,12.74577,0.00,0.00
2015.02.02 15:10:44.632,12.74259,12.74603,0.00,0.00
2015.02.02 15:10:44.685,12.74329,12.74603,0.00,0.00
2015.02.02 15:10:44.736,12.74331,12.74653,0.00,0.00
2015.02.02 15:10:44.837,12.74331,12.74628,0.00,0.00
2015.02.02 15:10:44.887,12.74284,12.74628,0.00,0.00
2015.02.02 15:10:44.938,12.74272,12.74603,0.00,0.00
2015.02.02 15:10:45.240,12.74231,12.74478,0.00,0.00
2015.02.02 15:10:45.290,12.7417,12.74478,0.00,0.00
2015.02.02 15:10:45.341,12.74151,12.74447,0.00,0.00
2015.02.02 15:10:45.441,12.74151,12.74481,0.00,0.00
2015.02.02 15:10:45.663,12.74151,12.74468,0.00,0.00
2015.02.02 15:10:45.866,12.74151,12.74472,0.00,0.00
2015.02.02 15:10:46.031,12.74151,12.74468,0.00,0.00
2015.02.02 15:10:46.335,12.74151,12.74437,0.00,0.00
2015.02.02 15:10:46.532,12.74151,12.74472,0.00,0.00
2015.02.02 15:10:46.683,12.74151,12.74422,0.00,0.00
2015.02.02 15:10:46.834,12.74052,12.74357,0.00,0.00
2015.02.02 15:10:47.033,12.74052,12.74371,0.00,0.00
2015.02.02 15:10:47.135,12.74052,12.74358,0.00,0.00
2015.02.02 15:10:47.457,12.74052,12.7434,0.00,0.00
2015.02.02 15:10:47.534,12.74052,12.74371,0.00,0.00
2015.02.02 15:10:47.635,12.74064,12.74371,0.00,0.00
2015.02.02 15:10:47.836,12.74052,12.74371,0.00,0.00
2015.02.02 15:10:47.937,12.74144,12.74422,0.00,0.00
2015.02.02 15:10:48.037,12.74144,12.74471,0.00,0.00
2015.02.02 15:10:48.476,12.74175,12.74517,0.00,0.00
2015.02.02 15:10:48.577,12.74172,12.74511,0.00,0.00
2015.02.02 15:10:49.282,12.74196,12.7454,0.00,0.00
2015.02.02 15:10:49.333,12.74196,12.74521,0.00,0.00
2015.02.02 15:10:49.383,12.74182,12.74521,0.00,0.00
2015.02.02 15:10:49.484,12.74182,12.74503,0.00,0.00
2015.02.02 15:10:49.643,12.74182,12.74515,0.00,0.00
2015.02.02 15:10:49.748,12.74182,12.74503,0.00,0.00
2015.02.02 15:10:50.050,12.7418,12.74471,0.00,0.00
2015.02.02 15:10:50.100,12.7418,12.74521,0.00,0.00
2015.02.02 15:10:50.151,12.74191,12.74521,0.00,0.00
2015.02.02 15:10:50.645,12.74191,12.74524,0.00,0.00
2015.02.02 15:10:50.766,12.74191,12.74522,0.00,0.00
2015.02.02 15:10:51.158,12.74181,12.74503,0.00,0.00
2015.02.02 15:10:51.459,12.74342,12.74652,0.00,0.00
2015.02.02 15:10:51.560,12.74302,12.74622,0.00,0.00
2015.02.02 15:10:51.661,12.74302,12.74612,0.00,0.00
2015.02.02 15:10:51.762,12.7433,12.74658,0.00,0.00
2015.02.02 15:10:51.813,12.74331,12.74661,0.00,0.00
2015.02.02 15:10:52.517,12.74331,12.74622,0.00,0.00
2015.02.02 15:10:52.567,12.74301,12.74622,0.00,0.00
2015.02.02 15:10:52.668,12.74301,12.74613,0.00,0.00
2015.02.02 15:10:52.769,12.74251,12.74592,0.00,0.00
2015.02.02 15:10:52.869,12.74251,12.74571,0.00,0.00
2015.02.02 15:10:52.973,12.74259,12.74603,0.00,0.00
2015.02.02 15:10:53.024,12.74331,12.74603,0.00,0.00
2015.02.02 15:10:53.074,12.74331,12.74653,0.00,0.00
2015.02.02 15:10:53.685,12.74332,12.74653,0.00,0.00
2015.02.02 15:10:53.965,12.74331,12.74621,0.00,0.00
2015.02.02 15:10:54.016,12.74295,12.74621,0.00,0.00
2015.02.02 15:10:54.066,12.74291,12.74572,0.00,0.00
2015.02.02 15:10:54.117,12.74251,12.74572,0.00,0.00
2015.02.02 15:10:54.595,12.7426,12.74572,0.00,0.00
2015.02.02 15:10:54.646,12.74282,12.74602,0.00,0.00
2015.02.02 15:10:54.818,12.74282,12.74572,0.00,0.00
2015.02.02 15:10:54.995,12.74251,12.74552,0.00,0.00
2015.02.02 15:10:55.147,12.74251,12.74521,0.00,0.00
2015.02.02 15:10:55.198,12.74229,12.74521,0.00,0.00
2015.02.02 15:10:55.299,12.74192,12.74521,0.00,0.00
2015.02.02 15:10:55.459,12.74192,12.74518,0.00,0.00
2015.02.02 15:10:55.810,12.74192,12.74472,0.00,0.00
2015.02.02 15:10:55.860,12.74179,12.74472,0.00,0.00
2015.02.02 15:10:55.911,12.74151,12.74472,0.00,0.00
2015.02.02 15:10:56.064,12.74191,12.74487,0.00,0.00
2015.02.02 15:10:56.963,12.74191,12.74478,0.00,0.00
2015.02.02 15:10:57.064,12.74141,12.74467,0.00,0.00
2015.02.02 15:10:57.165,12.74141,12.74472,0.00,0.00
2015.02.02 15:10:57.381,12.74144,12.74472,0.00,0.00
2015.02.02 15:10:57.855,12.74182,12.74488,0.00,0.00
2015.02.02 15:10:57.906,12.74194,12.74538,0.00,0.00
2015.02.02 15:10:57.956,12.74232,12.74538,0.00,0.00
2015.02.02 15:10:58.354,12.74231,12.74522,0.00,0.00
2015.02.02 15:10:58.505,12.74191,12.74503,0.00,0.00
2015.02.02 15:10:59.596,12.74231,12.74528,0.00,0.00
2015.02.02 15:10:59.697,12.74231,12.74548,0.00,0.00
2015.02.02 15:10:59.797,12.74231,12.74538,0.00,0.00
2015.02.02 15:10:59.898,12.74231,12.74548,0.00,0.00
2015.02.02 15:10:59.948,12.74269,12.74548,0.00,0.00
2015.02.02 15:10:59.999,12.74269,12.74588,0.00,0.00
2015.02.02 15:11:00.049,12.74281,12.74588,0.00,0.00
2015.02.02 15:11:00.201,12.74349,12.74661,0.00,0.00
2015.02.02 15:11:00.251,12.74371,12.74661,0.00,0.00
2015.02.02 15:11:00.354,12.74339,12.74661,0.00,0.00
2015.02.02 15:11:01.174,12.74419,12.74661,0.00,0.00
2015.02.02 15:11:01.225,12.74429,12.74708,0.00,0.00
2015.02.02 15:11:01.276,12.74429,12.74711,0.00,0.00
2015.02.02 15:11:01.376,12.74429,12.74738,0.00,0.00
2015.02.02 15:11:01.427,12.74429,12.74712,0.00,0.00
2015.02.02 15:11:01.528,12.74382,12.74712,0.00,0.00
2015.02.02 15:11:01.646,12.74382,12.74717,0.00,0.00
2015.02.02 15:11:01.696,12.74429,12.74749,0.00,0.00
2015.02.02 15:11:01.875,12.74469,12.74799,0.00,0.00
2015.02.02 15:11:01.926,12.74471,12.74813,0.00,0.00
2015.02.02 15:11:02.027,12.74471,12.74803,0.00,0.00
2015.02.02 15:11:02.645,12.74471,12.74813,0.00,0.00
2015.02.02 15:11:03.381,12.74471,12.74803,0.00,0.00
2015.02.02 15:11:03.581,12.74471,12.74812,0.00,0.00
2015.02.02 15:11:04.665,12.74481,12.74812,0.00,0.00
2015.02.02 15:11:05.075,12.74641,12.74963,0.00,0.00
2015.02.02 15:11:05.376,12.74641,12.74952,0.00,0.00
2015.02.02 15:11:05.527,12.74682,12.75012,0.00,0.00
2015.02.02 15:11:05.628,12.74671,12.74953,0.00,0.00
2015.02.02 15:11:05.678,12.74641,12.74953,0.00,0.00
2015.02.02 15:11:05.729,12.7465,12.74992,0.00,0.00
2015.02.02 15:11:05.779,12.74672,12.74992,0.00,0.00
2015.02.02 15:11:05.830,12.74672,12.75012,0.00,0.00
2015.02.02 15:11:05.981,12.74681,12.75012,0.00,0.00
2015.02.02 15:11:06.297,12.74642,12.74972,0.00,0.00
2015.02.02 15:11:06.643,12.74589,12.74912,0.00,0.00
2015.02.02 15:11:06.743,12.74572,12.74902,0.00,0.00
2015.02.02 15:11:06.844,12.74581,12.74903,0.00,0.00
2015.02.02 15:11:07.104,12.74584,12.74928,0.00,0.00
2015.02.02 15:11:07.155,12.74629,12.74928,0.00,0.00
2015.02.02 15:11:07.205,12.74632,12.74962,0.00,0.00
2015.02.02 15:11:07.256,12.74632,12.74872,0.00,0.00
2015.02.02 15:11:07.407,12.74561,12.74872,0.00,0.00
2015.02.02 15:11:07.508,12.74631,12.74872,0.00,0.00
2015.02.02 15:11:07.609,12.74631,12.74922,0.00,0.00
2015.02.02 15:11:07.709,12.74631,12.74971,0.00,0.00
2015.02.02 15:11:07.810,12.74631,12.74921,0.00,0.00
2015.02.02 15:11:07.861,12.74614,12.74921,0.00,0.00
2015.02.02 15:11:07.962,12.74592,12.74921,0.00,0.00
2015.02.02 15:11:08.165,12.7458,12.74871,0.00,0.00
2015.02.02 15:11:08.215,12.74551,12.74862,0.00,0.00
2015.02.02 15:11:08.505,12.74551,12.74893,0.00,0.00
2015.02.02 15:11:08.605,12.74549,12.74872,0.00,0.00
2015.02.02 15:11:08.906,12.74631,12.74903,0.00,0.00
2015.02.02 15:11:09.007,12.74631,12.74953,0.00,0.00
2015.02.02 15:11:09.492,12.74632,12.74948,0.00,0.00
2015.02.02 15:11:09.543,12.74632,12.74963,0.00,0.00
2015.02.02 15:11:09.667,12.74632,12.74921,0.00,0.00
2015.02.02 15:11:09.718,12.7459,12.74921,0.00,0.00
2015.02.02 15:11:09.819,12.74542,12.74872,0.00,0.00
2015.02.02 15:11:10.147,12.74549,12.74893,0.00,0.00
2015.02.02 15:11:10.248,12.74758,12.74918,0.00,0.00
2015.02.02 15:11:10.299,12.74758,12.74927,0.00,0.00
2015.02.02 15:11:10.349,12.74929,12.75079,0.00,0.00
2015.02.02 15:11:10.400,12.74929,12.75172,0.00,0.00
2015.02.02 15:11:10.501,12.74879,12.75198,0.00,0.00
2015.02.02 15:11:10.613,12.7488,12.75201,0.00,0.00
2015.02.02 15:11:11.137,12.74842,12.75171,0.00,0.00
2015.02.02 15:11:11.238,12.74789,12.751,0.00,0.00
2015.02.02 15:11:11.562,12.74789,12.75072,0.00,0.00
2015.02.02 15:11:11.814,12.74679,12.75006,0.00,0.00
2015.02.02 15:11:11.915,12.7468,12.74972,0.00,0.00
2015.02.02 15:11:11.965,12.74653,12.74972,0.00,0.00
2015.02.02 15:11:12.016,12.74639,12.74952,0.00,0.00
2015.02.02 15:11:12.357,12.74639,12.74921,0.00,0.00
2015.02.02 15:11:12.408,12.74608,12.74921,0.00,0.00
2015.02.02 15:11:12.509,12.74584,12.74926,0.00,0.00
2015.02.02 15:11:12.559,12.74594,12.74936,0.00,0.00
2015.02.02 15:11:12.861,12.7467,12.74972,0.00,0.00
2015.02.02 15:11:13.096,12.74639,12.74942,0.00,0.00
2015.02.02 15:11:13.296,12.74639,12.74922,0.00,0.00
2015.02.02 15:11:13.347,12.74611,12.74922,0.00,0.00
2015.02.02 15:11:13.448,12.74612,12.74871,0.00,0.00
2015.02.02 15:11:13.549,12.74551,12.74855,0.00,0.00
2015.02.02 15:11:13.849,12.7458,12.74885,0.00,0.00
2015.02.02 15:11:13.899,12.74591,12.74885,0.00,0.00
2015.02.02 15:11:13.950,12.74591,12.74905,0.00,0.00
2015.02.02 15:11:14.455,12.74631,12.7493,0.00,0.00
2015.02.02 15:11:14.656,12.74682,12.75021,0.00,0.00
2015.02.02 15:11:14.757,12.74681,12.7502,0.00,0.00
2015.02.02 15:11:15.073,12.74661,12.7501,0.00,0.00
2015.02.02 15:11:15.194,12.74679,12.7501,0.00,0.00
2015.02.02 15:11:15.245,12.74679,12.75015,0.00,0.00
2015.02.02 15:11:15.346,12.74691,12.75015,0.00,0.00
2015.02.02 15:11:15.496,12.74771,12.75105,0.00,0.00
2015.02.02 15:11:15.607,12.74771,12.75077,0.00,0.00
2015.02.02 15:11:15.657,12.74752,12.75077,0.00,0.00
2015.02.02 15:11:15.758,12.74702,12.75019,0.00,0.00
2015.02.02 15:11:16.119,12.74702,12.7501,0.00,0.00
2015.02.02 15:11:16.795,12.74702,12.75009,0.00,0.00
2015.02.02 15:11:16.973,12.74719,12.75055,0.00,0.00
2015.02.02 15:11:17.529,12.74737,12.75072,0.00,0.00
2015.02.02 15:11:17.831,12.74822,12.75115,0.00,0.00
2015.02.02 15:11:17.882,12.74809,12.75115,0.00,0.00
2015.02.02 15:11:17.932,12.74809,12.75104,0.00,0.00
2015.02.02 15:11:17.983,12.74781,12.75104,0.00,0.00
2015.02.02 15:11:18.282,12.74769,12.75072,0.00,0.00
2015.02.02 15:11:18.484,12.74752,12.75071,0.00,0.00
2015.02.02 15:11:19.162,12.74731,12.75071,0.00,0.00
2015.02.02 15:11:20.171,12.74741,12.75071,0.00,0.00
2015.02.02 15:11:20.738,12.74742,12.75071,0.00,0.00
2015.02.02 15:11:21.084,12.74701,12.74985,0.00,0.00
2015.02.02 15:11:21.134,12.74651,12.74972,0.00,0.00
2015.02.02 15:11:22.574,12.74651,12.74965,0.00,0.00
2015.02.02 15:11:22.978,12.74651,12.74921,0.00,0.00
2015.02.02 15:11:23.294,12.74691,12.74971,0.00,0.00
2015.02.02 15:11:23.345,12.74692,12.75009,0.00,0.00
2015.02.02 15:11:25.453,12.74732,12.75009,0.00,0.00
2015.02.02 15:11:25.655,12.74692,12.75004,0.00,0.00
2015.02.02 15:11:26.749,12.74692,12.74972,0.00,0.00
2015.02.02 15:11:26.900,12.74651,12.74972,0.00,0.00
2015.02.02 15:11:28.205,12.74656,12.74972,0.00,0.00
2015.02.02 15:11:28.407,12.74691,12.75015,0.00,0.00
2015.02.02 15:11:28.514,12.74691,12.75004,0.00,0.00
2015.02.02 15:11:29.387,12.74671,12.74972,0.00,0.00
2015.02.02 15:11:29.437,12.74645,12.74972,0.00,0.00
2015.02.02 15:11:29.540,12.74642,12.74972,0.00,0.00
2015.02.02 15:11:29.720,12.74709,12.74989,0.00,0.00
2015.02.02 15:11:29.830,12.74644,12.74972,0.00,0.00
2015.02.02 15:11:29.931,12.74641,12.74972,0.00,0.00
2015.02.02 15:11:30.132,12.7467,12.74972,0.00,0.00
2015.02.02 15:11:30.297,12.7467,12.75012,0.00,0.00
2015.02.02 15:11:30.347,12.74681,12.75012,0.00,0.00
2015.02.02 15:11:30.621,12.74681,12.75022,0.00,0.00
2015.02.02 15:11:30.722,12.74681,12.75007,0.00,0.00
2015.02.02 15:11:32.658,12.74681,12.74971,0.00,0.00
2015.02.02 15:11:32.709,12.74679,12.74971,0.00,0.00
2015.02.02 15:11:32.760,12.74602,12.74919,0.00,0.00
2015.02.02 15:11:32.860,12.74602,12.7491,0.00,0.00
2015.02.02 15:11:32.927,12.74602,12.74921,0.00,0.00
2015.02.02 15:11:33.096,12.74602,12.74872,0.00,0.00
2015.02.02 15:11:33.247,12.74551,12.7487,0.00,0.00
2015.02.02 15:11:33.868,12.74551,12.74872,0.00,0.00
2015.02.02 15:11:36.088,12.74551,12.74859,0.00,0.00
2015.02.02 15:11:36.804,12.74551,12.74819,0.00,0.00
2015.02.02 15:11:36.905,12.74439,12.7477,0.00,0.00
2015.02.02 15:11:36.956,12.7443,12.7476,0.00,0.00
2015.02.02 15:11:37.298,12.74422,12.74672,0.00,0.00
2015.02.02 15:11:37.349,12.74366,12.74672,0.00,0.00
2015.02.02 15:11:37.617,12.74356,12.74672,0.00,0.00
2015.02.02 15:11:37.718,12.74356,12.747,0.00,0.00
2015.02.02 15:11:37.769,12.74393,12.74718,0.00,0.00
2015.02.02 15:11:37.819,12.74393,12.74722,0.00,0.00
2015.02.02 15:11:38.313,12.74382,12.74722,0.00,0.00
2015.02.02 15:11:38.543,12.74382,12.74619,0.00,0.00
2015.02.02 15:11:38.593,12.74361,12.74619,0.00,0.00
2015.02.02 15:11:38.644,12.74327,12.74619,0.00,0.00
2015.02.02 15:11:38.695,12.74281,12.74598,0.00,0.00
2015.02.02 15:11:38.796,12.74285,12.74622,0.00,0.00
2015.02.02 15:11:39.173,12.74281,12.74595,0.00,0.00
2015.02.02 15:11:39.373,12.74283,12.74622,0.00,0.00
2015.02.02 15:11:39.675,12.74281,12.74594,0.00,0.00
2015.02.02 15:11:39.776,12.74241,12.74571,0.00,0.00
2015.02.02 15:11:39.876,12.74329,12.74621,0.00,0.00
2015.02.02 15:11:39.977,12.74293,12.74621,0.00,0.00
2015.02.02 15:11:40.083,12.74307,12.74621,0.00,0.00
2015.02.02 15:11:40.184,12.74281,12.74621,0.00,0.00
2015.02.02 15:11:40.285,12.74298,12.74621,0.00,0.00
2015.02.02 15:11:40.574,12.74298,12.7464,0.00,0.00
2015.02.02 15:11:40.624,12.74314,12.74656,0.00,0.00
2015.02.02 15:11:40.926,12.74329,12.74621,0.00,0.00
2015.02.02 15:11:41.574,12.7433,12.74621,0.00,0.00
2015.02.02 15:11:41.893,12.74329,12.74581,0.00,0.00
2015.02.02 15:11:42.224,12.74367,12.74581,0.00,0.00
2015.02.02 15:11:42.274,12.74367,12.74622,0.00,0.00
2015.02.02 15:11:42.325,12.74384,12.74622,0.00,0.00
2015.02.02 15:11:42.476,12.74384,12.74671,0.00,0.00
2015.02.02 15:11:42.577,12.74384,12.74621,0.00,0.00
2015.02.02 15:11:42.627,12.74361,12.74621,0.00,0.00
2015.02.02 15:11:42.693,12.7435,12.74621,0.00,0.00
2015.02.02 15:11:42.744,12.74346,12.74621,0.00,0.00
2015.02.02 15:11:42.795,12.74346,12.74582,0.00,0.00
2015.02.02 15:11:42.845,12.74332,12.74582,0.00,0.00
2015.02.02 15:11:42.946,12.74301,12.74582,0.00,0.00
2015.02.02 15:11:42.996,12.74316,12.74582,0.00,0.00
2015.02.02 15:11:43.298,12.74329,12.74582,0.00,0.00
2015.02.02 15:11:43.765,12.74332,12.74622,0.00,0.00
2015.02.02 15:11:43.815,12.74347,12.74622,0.00,0.00
2015.02.02 15:11:44.204,12.74347,12.74582,0.00,0.00
2015.02.02 15:11:44.355,12.74358,12.74621,0.00,0.00
2015.02.02 15:11:44.405,12.74378,12.74621,0.00,0.00
2015.02.02 15:11:45.154,12.74379,12.74621,0.00,0.00
2015.02.02 15:11:45.205,12.74412,12.74672,0.00,0.00
2015.02.02 15:11:45.256,12.74401,12.74672,0.00,0.00
2015.02.02 15:11:45.856,12.74401,12.74731,0.00,0.00
2015.02.02 15:11:46.057,12.74431,12.74732,0.00,0.00
2015.02.02 15:11:46.625,12.7443,12.74732,0.00,0.00
2015.02.02 15:11:46.947,12.74391,12.74672,0.00,0.00
2015.02.02 15:11:47.285,12.74431,12.74672,0.00,0.00
2015.02.02 15:11:47.336,12.74431,12.7471,0.00,0.00
2015.02.02 15:11:47.437,12.74407,12.74672,0.00,0.00
2015.02.02 15:11:47.738,12.74392,12.74672,0.00,0.00
2015.02.02 15:11:48.606,12.74392,12.74621,0.00,0.00
2015.02.02 15:11:48.656,12.7439,12.74621,0.00,0.00
2015.02.02 15:11:48.714,12.7439,12.74671,0.00,0.00
2015.02.02 15:11:49.533,12.74379,12.74622,0.00,0.00
2015.02.02 15:11:50.182,12.7438,12.74671,0.00,0.00
2015.02.02 15:11:50.233,12.74389,12.74671,0.00,0.00
2015.02.02 15:11:51.255,12.74389,12.74621,0.00,0.00
2015.02.02 15:11:51.355,12.74379,12.74621,0.00,0.00
2015.02.02 15:11:51.727,12.74369,12.74622,0.00,0.00
2015.02.02 15:11:51.927,12.74344,12.74622,0.00,0.00
2015.02.02 15:11:52.254,12.74344,12.74582,0.00,0.00
2015.02.02 15:11:52.355,12.74331,12.74662,0.00,0.00
2015.02.02 15:11:52.405,12.74381,12.74662,0.00,0.00
2015.02.02 15:11:52.456,12.74381,12.74672,0.00,0.00
2015.02.02 15:11:52.607,12.74381,12.74621,0.00,0.00
2015.02.02 15:11:52.658,12.74298,12.74621,0.00,0.00
2015.02.02 15:11:52.708,12.74298,12.74582,0.00,0.00
2015.02.02 15:11:52.759,12.74282,12.74582,0.00,0.00
2015.02.02 15:11:52.859,12.74331,12.74621,0.00,0.00
2015.02.02 15:11:53.624,12.74332,12.74621,0.00,0.00
2015.02.02 15:11:54.265,12.74332,12.74582,0.00,0.00
2015.02.02 15:11:54.316,12.74321,12.74582,0.00,0.00
2015.02.02 15:11:54.416,12.74371,12.74616,0.00,0.00
2015.02.02 15:11:54.574,12.74388,12.74672,0.00,0.00
2015.02.02 15:11:55.185,12.74392,12.74672,0.00,0.00
2015.02.02 15:11:55.286,12.74388,12.74672,0.00,0.00
2015.02.02 15:11:56.754,12.74382,12.74621,0.00,0.00
2015.02.02 15:11:56.805,12.74372,12.74621,0.00,0.00
2015.02.02 15:11:56.855,12.74358,12.74571,0.00,0.00
2015.02.02 15:11:56.956,12.74341,12.74571,0.00,0.00
2015.02.02 15:11:57.007,12.74292,12.74571,0.00,0.00
2015.02.02 15:11:57.113,12.74292,12.74532,0.00,0.00
2015.02.02 15:11:57.213,12.74282,12.74532,0.00,0.00
2015.02.02 15:11:57.264,12.74252,12.74532,0.00,0.00
2015.02.02 15:12:01.167,12.74252,12.74565,0.00,0.00
2015.02.02 15:12:01.218,12.74379,12.74565,0.00,0.00
2015.02.02 15:12:01.268,12.74379,12.74572,0.00,0.00
2015.02.02 15:12:01.319,12.74329,12.74572,0.00,0.00
2015.02.02 15:12:01.576,12.74329,12.74622,0.00,0.00
2015.02.02 15:12:02.254,12.7433,12.74622,0.00,0.00
2015.02.02 15:12:02.954,12.74329,12.74622,0.00,0.00
2015.02.02 15:12:03.073,12.74331,12.74622,0.00,0.00
2015.02.02 15:12:03.214,12.74329,12.74622,0.00,0.00
2015.02.02 15:12:03.733,12.74482,12.74622,0.00,0.00
2015.02.02 15:12:03.834,12.74482,12.74671,0.00,0.00
2015.02.02 15:12:03.935,12.74482,12.74782,0.00,0.00
2015.02.02 15:12:05.031,12.74482,12.74721,0.00,0.00
2015.02.02 15:12:05.082,12.74441,12.74721,0.00,0.00
2015.02.02 15:12:05.183,12.74429,12.74721,0.00,0.00
2015.02.02 15:12:05.985,12.74429,12.74671,0.00,0.00
2015.02.02 15:12:06.085,12.74393,12.74671,0.00,0.00
2015.02.02 15:12:06.136,12.74379,12.74671,0.00,0.00
2015.02.02 15:12:06.337,12.7438,12.74622,0.00,0.00
2015.02.02 15:12:06.388,12.74358,12.74622,0.00,0.00
2015.02.02 15:12:06.439,12.74367,12.74672,0.00,0.00
2015.02.02 15:12:06.489,12.74371,12.74672,0.00,0.00
2015.02.02 15:12:06.858,12.74338,12.74622,0.00,0.00
2015.02.02 15:12:07.339,12.74372,12.74622,0.00,0.00
2015.02.02 15:12:07.588,12.74331,12.74622,0.00,0.00
2015.02.02 15:12:07.689,12.74337,12.74622,0.00,0.00
2015.02.02 15:12:07.992,12.74358,12.74672,0.00,0.00
2015.02.02 15:12:08.042,12.74381,12.74672,0.00,0.00
2015.02.02 15:12:08.346,12.74381,12.74532,0.00,0.00
2015.02.02 15:12:08.396,12.7436,12.74532,0.00,0.00
2015.02.02 15:12:08.447,12.74249,12.74532,0.00,0.00
2015.02.02 15:12:08.559,12.74232,12.74532,0.00,0.00
2015.02.02 15:12:10.163,12.74307,12.74532,0.00,0.00
2015.02.02 15:12:10.214,12.74307,12.74571,0.00,0.00
2015.02.02 15:12:10.264,12.74331,12.74571,0.00,0.00
2015.02.02 15:12:10.315,12.74331,12.74622,0.00,0.00
2015.02.02 15:12:10.385,12.74331,12.74571,0.00,0.00
2015.02.02 15:12:10.443,12.74329,12.74571,0.00,0.00
2015.02.02 15:12:10.543,12.74231,12.74531,0.00,0.00
2015.02.02 15:12:20.122,12.74321,12.74531,0.00,0.00
2015.02.02 15:12:20.223,12.74329,12.74572,0.00,0.00
2015.02.02 15:12:20.444,12.74429,12.74699,0.00,0.00
2015.02.02 15:12:20.495,12.74429,12.74708,0.00,0.00
2015.02.02 15:12:20.545,12.74421,12.74622,0.00,0.00
2015.02.02 15:12:20.596,12.74357,12.74622,0.00,0.00
2015.02.02 15:12:20.696,12.74379,12.74671,0.00,0.00
2015.02.02 15:12:20.747,12.74387,12.74671,0.00,0.00
2015.02.02 15:12:20.848,12.74372,12.747,0.00,0.00
2015.02.02 15:12:20.899,12.74432,12.747,0.00,0.00
2015.02.02 15:12:20.949,12.74432,12.74722,0.00,0.00
2015.02.02 15:12:21.292,12.74432,12.74672,0.00,0.00
2015.02.02 15:12:21.343,12.74429,12.74672,0.00,0.00
2015.02.02 15:12:21.444,12.74372,12.74672,0.00,0.00
2015.02.02 15:12:21.545,12.7436,12.74672,0.00,0.00
2015.02.02 15:12:21.596,12.74372,12.74672,0.00,0.00
2015.02.02 15:12:21.866,12.74347,12.74671,0.00,0.00
2015.02.02 15:12:21.916,12.74347,12.74658,0.00,0.00
2015.02.02 15:12:22.252,12.74329,12.74571,0.00,0.00
2015.02.02 15:12:22.303,12.74288,12.74531,0.00,0.00
2015.02.02 15:12:22.354,12.74279,12.74531,0.00,0.00
2015.02.02 15:12:22.405,12.74272,12.74532,0.00,0.00
2015.02.02 15:12:22.506,12.74232,12.74532,0.00,0.00
2015.02.02 15:12:22.606,12.74232,12.7457,0.00,0.00
2015.02.02 15:12:22.657,12.74282,12.74571,0.00,0.00
2015.02.02 15:12:23.012,12.74279,12.74571,0.00,0.00
2015.02.02 15:12:23.063,12.74279,12.74532,0.00,0.00
2015.02.02 15:12:23.214,12.74297,12.74572,0.00,0.00
2015.02.02 15:12:23.384,12.74282,12.74572,0.00,0.00
2015.02.02 15:12:23.533,12.7428,12.74572,0.00,0.00
2015.02.02 15:12:23.586,12.7428,12.74531,0.00,0.00
2015.02.02 15:12:23.637,12.74273,12.74531,0.00,0.00
2015.02.02 15:12:23.738,12.74231,12.74531,0.00,0.00
2015.02.02 15:12:24.125,12.74231,12.74529,0.00,0.00
2015.02.02 15:12:24.293,12.74131,12.74432,0.00,0.00
2015.02.02 15:12:24.856,12.74131,12.74407,0.00,0.00
2015.02.02 15:12:25.058,12.74039,12.74322,0.00,0.00
2015.02.02 15:12:25.720,12.74039,12.74282,0.00,0.00
2015.02.02 15:12:25.871,12.73947,12.74221,0.00,0.00
2015.02.02 15:12:26.092,12.73967,12.74221,0.00,0.00
2015.02.02 15:12:26.163,12.73958,12.74221,0.00,0.00
2015.02.02 15:12:26.264,12.73947,12.74221,0.00,0.00
2015.02.02 15:12:27.054,12.74047,12.74299,0.00,0.00
2015.02.02 15:12:27.105,12.74047,12.74322,0.00,0.00
2015.02.02 15:12:27.869,12.74031,12.74322,0.00,0.00
2015.02.02 15:12:28.171,12.74048,12.74322,0.00,0.00
2015.02.02 15:12:28.497,12.74138,12.74372,0.00,0.00
2015.02.02 15:12:28.598,12.74121,12.74372,0.00,0.00
2015.02.02 15:12:28.699,12.74094,12.74372,0.00,0.00
2015.02.02 15:12:28.912,12.74071,12.74322,0.00,0.00
2015.02.02 15:12:29.015,12.74089,12.74372,0.00,0.00
2015.02.02 15:12:29.223,12.74123,12.74372,0.00,0.00
2015.02.02 15:12:29.474,12.74092,12.74372,0.00,0.00
2015.02.02 15:12:29.964,12.74092,12.74322,0.00,0.00
2015.02.02 15:12:30.015,12.74065,12.74322,0.00,0.00
2015.02.02 15:12:30.176,12.74087,12.74322,0.00,0.00
2015.02.02 15:12:30.381,12.7408,12.74322,0.00,0.00
2015.02.02 15:12:30.615,12.74063,12.74322,0.00,0.00
2015.02.02 15:12:30.716,12.74079,12.74322,0.00,0.00
2015.02.02 15:12:30.777,12.74054,12.74322,0.00,0.00
2015.02.02 15:12:30.985,12.74031,12.74322,0.00,0.00
2015.02.02 15:12:31.389,12.74044,12.74322,0.00,0.00
2015.02.02 15:12:32.006,12.74031,12.74322,0.00,0.00
2015.02.02 15:12:32.381,12.74046,12.74322,0.00,0.00
2015.02.02 15:12:32.781,12.74031,12.74322,0.00,0.00
2015.02.02 15:12:33.286,12.74047,12.74322,0.00,0.00
2015.02.02 15:12:33.650,12.74079,12.74322,0.00,0.00
2015.02.02 15:12:33.862,12.74103,12.74371,0.00,0.00
2015.02.02 15:12:33.913,12.74121,12.74371,0.00,0.00
2015.02.02 15:12:34.887,12.7409,12.74371,0.00,0.00
2015.02.02 15:12:34.988,12.74079,12.74371,0.00,0.00
2015.02.02 15:12:35.039,12.74079,12.74322,0.00,0.00
2015.02.02 15:12:35.376,12.74097,12.74322,0.00,0.00
2015.02.02 15:12:35.426,12.74079,12.74322,0.00,0.00
2015.02.02 15:12:36.726,12.74092,12.74322,0.00,0.00
2015.02.02 15:12:37.138,12.74104,12.74322,0.00,0.00
2015.02.02 15:12:37.491,12.74122,12.74322,0.00,0.00
2015.02.02 15:12:37.592,12.74122,12.74371,0.00,0.00
2015.02.02 15:12:37.892,12.74108,12.74371,0.00,0.00
2015.02.02 15:12:38.092,12.74123,12.74371,0.00,0.00
2015.02.02 15:12:38.494,12.7408,12.74371,0.00,0.00
2015.02.02 15:12:38.544,12.7408,12.74321,0.00,0.00
2015.02.02 15:12:39.396,12.74079,12.74321,0.00,0.00
2015.02.02 15:12:39.863,12.74079,12.74372,0.00,0.00
2015.02.02 15:12:39.913,12.74094,12.74372,0.00,0.00
2015.02.02 15:12:40.248,12.74129,12.74372,0.00,0.00
2015.02.02 15:12:40.462,12.74079,12.74372,0.00,0.00
2015.02.02 15:12:40.599,12.74091,12.74372,0.00,0.00
2015.02.02 15:12:42.777,12.74091,12.74431,0.00,0.00
2015.02.02 15:12:42.836,12.74091,12.74371,0.00,0.00
2015.02.02 15:12:43.697,12.74109,12.74371,0.00,0.00
2015.02.02 15:12:43.748,12.74121,12.74432,0.00,0.00
2015.02.02 15:12:43.802,12.7418,12.74432,0.00,0.00
2015.02.02 15:12:43.903,12.74151,12.74432,0.00,0.00
2015.02.02 15:12:44.210,12.7413,12.74432,0.00,0.00
2015.02.02 15:12:44.493,12.7413,12.74372,0.00,0.00
2015.02.02 15:12:44.544,12.74091,12.74372,0.00,0.00
2015.02.02 15:12:44.657,12.74079,12.74372,0.00,0.00
2015.02.02 15:12:44.923,12.74079,12.74321,0.00,0.00
2015.02.02 15:12:44.973,12.74072,12.74321,0.00,0.00
2015.02.02 15:12:45.026,12.74041,12.74321,0.00,0.00
2015.02.02 15:12:45.718,12.7404,12.74321,0.00,0.00
2015.02.02 15:12:46.256,12.74039,12.74322,0.00,0.00
2015.02.02 15:12:46.395,12.7413,12.74361,0.00,0.00
2015.02.02 15:12:46.446,12.7413,12.74372,0.00,0.00
2015.02.02 15:12:46.497,12.74106,12.74371,0.00,0.00
2015.02.02 15:12:46.597,12.74081,12.74371,0.00,0.00
2015.02.02 15:12:46.984,12.74069,12.74322,0.00,0.00
2015.02.02 15:12:47.034,12.74061,12.74322,0.00,0.00
2015.02.02 15:12:47.085,12.74046,12.74322,0.00,0.00
2015.02.02 15:12:47.460,12.74042,12.74322,0.00,0.00
2015.02.02 15:12:47.939,12.7404,12.74322,0.00,0.00
2015.02.02 15:12:47.990,12.74051,12.74322,0.00,0.00
2015.02.02 15:12:48.314,12.74091,12.74322,0.00,0.00
2015.02.02 15:12:48.366,12.74056,12.74322,0.00,0.00
2015.02.02 15:12:48.795,12.74051,12.74322,0.00,0.00
2015.02.02 15:12:48.846,12.74051,12.74282,0.00,0.00
2015.02.02 15:12:48.896,12.74021,12.74282,0.00,0.00
2015.02.02 15:12:49.065,12.7401,12.74282,0.00,0.00
2015.02.02 15:12:49.133,12.7401,12.74221,0.00,0.00
2015.02.02 15:12:49.184,12.73992,12.74221,0.00,0.00
2015.02.02 15:12:49.456,12.73976,12.74221,0.00,0.00
2015.02.02 15:12:49.608,12.7399,12.74221,0.00,0.00
2015.02.02 15:12:49.768,12.73976,12.74221,0.00,0.00
2015.02.02 15:12:49.968,12.73951,12.74221,0.00,0.00
2015.02.02 15:12:50.168,12.7398,12.74221,0.00,0.00
2015.02.02 15:12:50.469,12.7395,12.74221,0.00,0.00
2015.02.02 15:12:50.669,12.73982,12.74221,0.00,0.00
2015.02.02 15:12:50.970,12.73965,12.74221,0.00,0.00
2015.02.02 15:12:51.071,12.73941,12.74221,0.00,0.00
2015.02.02 15:12:51.869,12.73939,12.74221,0.00,0.00
2015.02.02 15:12:52.073,12.73961,12.74221,0.00,0.00
2015.02.02 15:12:52.299,12.73939,12.74221,0.00,0.00
2015.02.02 15:12:52.349,12.7394,12.74172,0.00,0.00
2015.02.02 15:12:52.450,12.73905,12.74172,0.00,0.00
2015.02.02 15:12:52.501,12.7384,12.74167,0.00,0.00
2015.02.02 15:12:52.551,12.73839,12.74122,0.00,0.00
2015.02.02 15:12:52.853,12.73979,12.74172,0.00,0.00
2015.02.02 15:12:52.904,12.73979,12.74222,0.00,0.00
2015.02.02 15:12:53.006,12.74011,12.74282,0.00,0.00
2015.02.02 15:12:53.107,12.73985,12.74282,0.00,0.00
2015.02.02 15:12:53.276,12.74007,12.74282,0.00,0.00
2015.02.02 15:12:53.376,12.73984,12.74282,0.00,0.00
2015.02.02 15:12:53.427,12.73984,12.74221,0.00,0.00
2015.02.02 15:12:53.685,12.73979,12.74221,0.00,0.00
2015.02.02 15:12:54.189,12.73941,12.74221,0.00,0.00
2015.02.02 15:12:54.337,12.73941,12.74282,0.00,0.00
2015.02.02 15:12:54.388,12.74006,12.74282,0.00,0.00
2015.02.02 15:12:54.589,12.73942,12.74222,0.00,0.00
2015.02.02 15:12:54.640,12.73899,12.74121,0.00,0.00
2015.02.02 15:12:54.690,12.73891,12.74121,0.00,0.00
2015.02.02 15:12:54.741,12.73879,12.74121,0.00,0.00
2015.02.02 15:12:55.054,12.73849,12.74122,0.00,0.00
2015.02.02 15:12:55.382,12.73861,12.74122,0.00,0.00
2015.02.02 15:12:55.483,12.7385,12.74122,0.00,0.00
2015.02.02 15:12:55.702,12.7386,12.74122,0.00,0.00
2015.02.02 15:12:55.980,12.73885,12.74172,0.00,0.00
2015.02.02 15:12:56.762,12.73885,12.74121,0.00,0.00
2015.02.02 15:12:56.812,12.7386,12.74121,0.00,0.00
2015.02.02 15:12:58.025,12.73932,12.74121,0.00,0.00
2015.02.02 15:12:58.076,12.73932,12.74172,0.00,0.00
2015.02.02 15:12:58.177,12.73885,12.74222,0.00,0.00
2015.02.02 15:12:58.277,12.73885,12.74172,0.00,0.00
2015.02.02 15:12:58.378,12.73932,12.74222,0.00,0.00
2015.02.02 15:12:58.479,12.73911,12.74222,0.00,0.00
2015.02.02 15:12:58.530,12.73894,12.74172,0.00,0.00
2015.02.02 15:12:59.065,12.73919,12.74222,0.00,0.00
2015.02.02 15:12:59.116,12.73919,12.74194,0.00,0.00
2015.02.02 15:12:59.438,12.7393,12.74172,0.00,0.00
2015.02.02 15:12:59.984,12.73929,12.74172,0.00,0.00
2015.02.02 15:13:00.316,12.73929,12.74121,0.00,0.00
2015.02.02 15:13:00.417,12.73885,12.74121,0.00,0.00
2015.02.02 15:13:00.517,12.73861,12.74122,0.00,0.00
2015.02.02 15:13:00.668,12.73871,12.74122,0.00,0.00
2015.02.02 15:13:00.719,12.73885,12.74171,0.00,0.00
2015.02.02 15:13:00.952,12.73871,12.74204,0.00,0.00
2015.02.02 15:13:01.053,12.73886,12.74172,0.00,0.00
2015.02.02 15:13:01.325,12.73879,12.74171,0.00,0.00
2015.02.02 15:13:01.375,12.73879,12.74122,0.00,0.00
2015.02.02 15:13:01.476,12.7389,12.74171,0.00,0.00
2015.02.02 15:13:01.540,12.73886,12.74171,0.00,0.00
2015.02.02 15:13:01.591,12.73886,12.74222,0.00,0.00
2015.02.02 15:13:01.641,12.73879,12.74213,0.00,0.00
2015.02.02 15:13:01.952,12.73885,12.74171,0.00,0.00
2015.02.02 15:13:02.004,12.73932,12.74222,0.00,0.00
2015.02.02 15:13:02.104,12.73885,12.74222,0.00,0.00
2015.02.02 15:13:02.823,12.73886,12.74172,0.00,0.00
2015.02.02 15:13:02.884,12.73886,12.74222,0.00,0.00
2015.02.02 15:13:03.102,12.73932,12.74222,0.00,0.00
2015.02.02 15:13:03.153,12.73932,12.74228,0.00,0.00
2015.02.02 15:13:03.253,12.73886,12.74222,0.00,0.00
2015.02.02 15:13:03.325,12.73886,12.74172,0.00,0.00
2015.02.02 15:13:03.659,12.73886,12.74122,0.00,0.00
2015.02.02 15:13:03.759,12.73879,12.74122,0.00,0.00
2015.02.02 15:13:03.810,12.73889,12.74203,0.00,0.00
2015.02.02 15:13:03.860,12.73931,12.74221,0.00,0.00
2015.02.02 15:13:04.162,12.73931,12.74172,0.00,0.00
2015.02.02 15:13:04.213,12.73885,12.74221,0.00,0.00
2015.02.02 15:13:04.314,12.73885,12.74171,0.00,0.00
2015.02.02 15:13:04.584,12.73885,12.74222,0.00,0.00
2015.02.02 15:13:04.634,12.73931,12.74222,0.00,0.00
2015.02.02 15:13:05.184,12.74031,12.74222,0.00,0.00
2015.02.02 15:13:05.235,12.74031,12.74281,0.00,0.00
2015.02.02 15:13:05.336,12.74029,12.74321,0.00,0.00
2015.02.02 15:13:05.437,12.74032,12.74282,0.00,0.00
2015.02.02 15:13:05.588,12.73971,12.74222,0.00,0.00
2015.02.02 15:13:05.689,12.7395,12.74222,0.00,0.00
2015.02.02 15:13:05.844,12.73941,12.74222,0.00,0.00
2015.02.02 15:13:05.895,12.74029,12.74253,0.00,0.00
2015.02.02 15:13:05.945,12.74029,12.74281,0.00,0.00
2015.02.02 15:13:05.996,12.74029,12.74222,0.00,0.00
2015.02.02 15:13:06.122,12.73941,12.74219,0.00,0.00
2015.02.02 15:13:06.272,12.73922,12.74219,0.00,0.00
2015.02.02 15:13:08.164,12.73922,12.74172,0.00,0.00
2015.02.02 15:13:08.265,12.73896,12.74172,0.00,0.00
2015.02.02 15:13:09.027,12.73896,12.74171,0.00,0.00
2015.02.02 15:13:09.452,12.73881,12.74171,0.00,0.00
2015.02.02 15:13:09.503,12.73881,12.74121,0.00,0.00
2015.02.02 15:13:09.604,12.73851,12.74119,0.00,0.00
2015.02.02 15:13:10.333,12.73885,12.74119,0.00,0.00
2015.02.02 15:13:10.518,12.73885,12.74171,0.00,0.00
2015.02.02 15:13:10.727,12.73885,12.74199,0.00,0.00
2015.02.02 15:13:10.802,12.73885,12.74172,0.00,0.00
2015.02.02 15:13:11.235,12.7388,12.74171,0.00,0.00
2015.02.02 15:13:11.286,12.7388,12.74122,0.00,0.00
2015.02.02 15:13:11.387,12.73885,12.74172,0.00,0.00
2015.02.02 15:13:11.538,12.7388,12.74119,0.00,0.00
2015.02.02 15:13:11.639,12.73841,12.74119,0.00,0.00
2015.02.02 15:13:12.286,12.73886,12.74119,0.00,0.00
2015.02.02 15:13:12.387,12.73886,12.74172,0.00,0.00
2015.02.02 15:13:12.437,12.7389,12.74172,0.00,0.00
2015.02.02 15:13:12.538,12.73886,12.74171,0.00,0.00
2015.02.02 15:13:12.588,12.73881,12.74122,0.00,0.00
2015.02.02 15:13:12.689,12.73851,12.74122,0.00,0.00
2015.02.02 15:13:13.053,12.73885,12.74172,0.00,0.00
2015.02.02 15:13:13.154,12.73879,12.74119,0.00,0.00
2015.02.02 15:13:13.255,12.7385,12.74119,0.00,0.00
2015.02.02 15:13:13.571,12.7383,12.74119,0.00,0.00
2015.02.02 15:13:13.672,12.73842,12.74071,0.00,0.00
2015.02.02 15:13:13.774,12.73786,12.74032,0.00,0.00
2015.02.02 15:13:14.116,12.73786,12.74018,0.00,0.00
2015.02.02 15:13:14.267,12.73779,12.74018,0.00,0.00
2015.02.02 15:13:14.783,12.7378,12.74018,0.00,0.00
2015.02.02 15:13:14.896,12.73782,12.74018,0.00,0.00
2015.02.02 15:13:14.947,12.73782,12.74072,0.00,0.00
2015.02.02 15:13:14.997,12.73782,12.74032,0.00,0.00
2015.02.02 15:13:15.098,12.73696,12.74032,0.00,0.00
2015.02.02 15:13:15.212,12.73696,12.73981,0.00,0.00
2015.02.02 15:13:16.295,12.73731,12.73981,0.00,0.00
2015.02.02 15:13:16.345,12.73731,12.73998,0.00,0.00
2015.02.02 15:13:16.501,12.73729,12.73998,0.00,0.00
2015.02.02 15:13:16.655,12.73741,12.73998,0.00,0.00
2015.02.02 15:13:16.705,12.73741,12.74019,0.00,0.00
2015.02.02 15:13:16.756,12.73785,12.74019,0.00,0.00
2015.02.02 15:13:16.857,12.7378,12.74019,0.00,0.00
2015.02.02 15:13:16.913,12.73766,12.74019,0.00,0.00
2015.02.02 15:13:17.013,12.7373,12.74019,0.00,0.00
2015.02.02 15:13:17.294,12.7373,12.73981,0.00,0.00
2015.02.02 15:13:17.454,12.73691,12.73981,0.00,0.00
2015.02.02 15:13:18.078,12.73679,12.73931,0.00,0.00
2015.02.02 15:13:18.652,12.73679,12.73918,0.00,0.00
2015.02.02 15:13:18.971,12.7383,12.74058,0.00,0.00
2015.02.02 15:13:19.022,12.7383,12.74119,0.00,0.00
2015.02.02 15:13:19.072,12.73836,12.74119,0.00,0.00
2015.02.02 15:13:19.398,12.73836,12.74071,0.00,0.00
2015.02.02 15:13:19.457,12.73831,12.74071,0.00,0.00
2015.02.02 15:13:19.508,12.73794,12.74071,0.00,0.00
2015.02.02 15:13:19.932,12.73794,12.74031,0.00,0.00
2015.02.02 15:13:19.983,12.73779,12.74031,0.00,0.00
2015.02.02 15:13:20.034,12.73729,12.74031,0.00,0.00
2015.02.02 15:13:20.719,12.7373,12.74031,0.00,0.00
2015.02.02 15:13:21.014,12.7373,12.74019,0.00,0.00
2015.02.02 15:13:21.634,12.73729,12.74019,0.00,0.00
2015.02.02 15:13:22.272,12.7373,12.74019,0.00,0.00
2015.02.02 15:13:22.616,12.73879,12.74098,0.00,0.00
2015.02.02 15:13:22.817,12.73704,12.73931,0.00,0.00
2015.02.02 15:13:22.868,12.73704,12.73919,0.00,0.00
2015.02.02 15:13:22.968,12.73679,12.73919,0.00,0.00
2015.02.02 15:13:23.220,12.73679,12.73909,0.00,0.00
2015.02.02 15:13:23.321,12.73585,12.73872,0.00,0.00
2015.02.02 15:13:23.371,12.73585,12.73822,0.00,0.00
2015.02.02 15:13:23.588,12.73549,12.73818,0.00,0.00
2015.02.02 15:13:23.689,12.73531,12.73818,0.00,0.00
2015.02.02 15:13:23.811,12.7353,12.73781,0.00,0.00
2015.02.02 15:13:23.922,12.73494,12.73781,0.00,0.00
2015.02.02 15:13:24.082,12.7348,12.73781,0.00,0.00
2015.02.02 15:13:24.132,12.73479,12.73722,0.00,0.00
2015.02.02 15:13:24.472,12.73479,12.73719,0.00,0.00
2015.02.02 15:13:24.617,12.73442,12.73719,0.00,0.00
2015.02.02 15:13:24.668,12.73442,12.73672,0.00,0.00
2015.02.02 15:13:24.819,12.73379,12.73622,0.00,0.00
2015.02.02 15:13:24.970,12.73379,12.73618,0.00,0.00
2015.02.02 15:13:25.285,12.73386,12.73618,0.00,0.00
2015.02.02 15:13:25.386,12.73301,12.73571,0.00,0.00
2015.02.02 15:13:25.437,12.73312,12.73618,0.00,0.00
2015.02.02 15:13:25.487,12.7333,12.73618,0.00,0.00
2015.02.02 15:13:25.852,12.73232,12.73519,0.00,0.00
2015.02.02 15:13:25.902,12.7323,12.73519,0.00,0.00
2015.02.02 15:13:26.163,12.73229,12.73595,0.00,0.00
2015.02.02 15:13:26.213,12.73311,12.73616,0.00,0.00
2015.02.02 15:13:26.319,12.73311,12.73622,0.00,0.00
2015.02.02 15:13:26.732,12.73293,12.73622,0.00,0.00
2015.02.02 15:13:26.901,12.73291,12.73622,0.00,0.00
2015.02.02 15:13:27.171,12.73289,12.73622,0.00,0.00
2015.02.02 15:13:27.221,12.73279,12.73572,0.00,0.00
2015.02.02 15:13:27.322,12.73279,12.73642,0.00,0.00
2015.02.02 15:13:27.560,12.7326,12.73592,0.00,0.00
2015.02.02 15:13:27.711,12.7323,12.73592,0.00,0.00
2015.02.02 15:13:27.762,12.73278,12.73642,0.00,0.00
2015.02.02 15:13:27.863,12.73267,12.73592,0.00,0.00
2015.02.02 15:13:27.913,12.73229,12.73592,0.00,0.00
2015.02.02 15:13:27.964,12.73279,12.73642,0.00,0.00
2015.02.02 15:13:28.115,12.73328,12.73692,0.00,0.00
2015.02.02 15:13:28.166,12.73331,12.73692,0.00,0.00
2015.02.02 15:13:28.468,12.73294,12.73636,0.00,0.00
2015.02.02 15:13:28.791,12.73352,12.73692,0.00,0.00
2015.02.02 15:13:29.108,12.73292,12.73634,0.00,0.00
2015.02.02 15:13:29.209,12.73292,12.73592,0.00,0.00
2015.02.02 15:13:29.310,12.73212,12.73541,0.00,0.00
2015.02.02 15:13:29.412,12.73212,12.73492,0.00,0.00
2015.02.02 15:13:29.513,12.73184,12.73519,0.00,0.00
2015.02.02 15:13:29.617,12.73189,12.73533,0.00,0.00
2015.02.02 15:13:29.721,12.73217,12.73541,0.00,0.00
2015.02.02 15:13:29.771,12.73229,12.73558,0.00,0.00
2015.02.02 15:13:29.822,12.73229,12.73509,0.00,0.00
2015.02.02 15:13:29.923,12.73229,12.73539,0.00,0.00
2015.02.02 15:13:30.024,12.73197,12.73539,0.00,0.00
2015.02.02 15:13:30.193,12.73178,12.73504,0.00,0.00
2015.02.02 15:13:30.521,12.73229,12.73559,0.00,0.00
2015.02.02 15:13:30.694,12.73228,12.73519,0.00,0.00
2015.02.02 15:13:30.745,12.73211,12.73519,0.00,0.00
2015.02.02 15:13:30.795,12.73211,12.73514,0.00,0.00
2015.02.02 15:13:30.846,12.73172,12.73491,0.00,0.00
2015.02.02 15:13:30.947,12.73157,12.73491,0.00,0.00
2015.02.02 15:13:30.997,12.73132,12.73455,0.00,0.00
2015.02.02 15:13:31.318,12.73132,12.73458,0.00,0.00
2015.02.02 15:13:31.425,12.73129,12.73458,0.00,0.00
2015.02.02 15:13:31.952,12.73179,12.73458,0.00,0.00
2015.02.02 15:13:32.003,12.73179,12.73518,0.00,0.00
2015.02.02 15:13:32.053,12.73211,12.73519,0.00,0.00
2015.02.02 15:13:32.121,12.73178,12.73519,0.00,0.00
2015.02.02 15:13:32.232,12.73178,12.73509,0.00,0.00
2015.02.02 15:13:32.433,12.73178,12.73512,0.00,0.00
2015.02.02 15:13:32.534,12.7322,12.73542,0.00,0.00
2015.02.02 15:13:32.635,12.73178,12.73511,0.00,0.00
2015.02.02 15:13:32.811,12.73229,12.73511,0.00,0.00
2015.02.02 15:13:32.912,12.73289,12.73591,0.00,0.00
2015.02.02 15:13:32.963,12.73289,12.73633,0.00,0.00
2015.02.02 15:13:33.301,12.73279,12.73621,0.00,0.00
2015.02.02 15:13:33.716,12.73279,12.73592,0.00,0.00
2015.02.02 15:13:33.817,12.73263,12.73592,0.00,0.00
2015.02.02 15:13:33.918,12.73263,12.73492,0.00,0.00
2015.02.02 15:13:34.167,12.73129,12.73457,0.00,0.00
2015.02.02 15:13:34.218,12.73129,12.73469,0.00,0.00
2015.02.02 15:13:34.319,12.73141,12.73485,0.00,0.00
2015.02.02 15:13:34.826,12.73178,12.73507,0.00,0.00
2015.02.02 15:13:35.915,12.73163,12.73507,0.00,0.00
2015.02.02 15:13:38.226,12.73163,12.73481,0.00,0.00
2015.02.02 15:13:38.528,12.7323,12.73547,0.00,0.00
2015.02.02 15:13:38.965,12.73229,12.73532,0.00,0.00
2015.02.02 15:13:39.015,12.73189,12.73531,0.00,0.00
2015.02.02 15:13:39.216,12.73188,12.73481,0.00,0.00
2015.02.02 15:13:39.317,12.7323,12.73528,0.00,0.00
2015.02.02 15:13:39.547,12.73238,12.73528,0.00,0.00
2015.02.02 15:13:40.262,12.73238,12.73532,0.00,0.00
2015.02.02 15:13:40.866,12.73229,12.73532,0.00,0.00
2015.02.02 15:13:41.193,12.73229,12.73482,0.00,0.00
2015.02.02 15:13:41.244,12.73199,12.73482,0.00,0.00
2015.02.02 15:13:41.482,12.73191,12.73529,0.00,0.00
2015.02.02 15:13:41.583,12.73191,12.73519,0.00,0.00
2015.02.02 15:13:41.886,12.73179,12.73481,0.00,0.00
2015.02.02 15:13:42.307,12.73179,12.73494,0.00,0.00
2015.02.02 15:13:42.408,12.7319,12.73531,0.00,0.00
2015.02.02 15:13:42.458,12.73205,12.73531,0.00,0.00
2015.02.02 15:13:42.642,12.73229,12.73558,0.00,0.00
2015.02.02 15:13:42.693,12.73231,12.73569,0.00,0.00
2015.02.02 15:13:42.743,12.73275,12.73609,0.00,0.00
2015.02.02 15:13:43.045,12.73355,12.73668,0.00,0.00
2015.02.02 15:13:43.146,12.73355,12.73671,0.00,0.00
2015.02.02 15:13:43.319,12.7338,12.73671,0.00,0.00
2015.02.02 15:13:43.369,12.7338,12.73718,0.00,0.00
2015.02.02 15:13:43.470,12.73379,12.73693,0.00,0.00
2015.02.02 15:13:43.621,12.73341,12.73678,0.00,0.00
2015.02.02 15:13:43.672,12.7339,12.73722,0.00,0.00
2015.02.02 15:13:44.117,12.73411,12.73734,0.00,0.00
2015.02.02 15:13:44.271,12.7339,12.73722,0.00,0.00
2015.02.02 15:13:44.839,12.7339,12.73672,0.00,0.00
2015.02.02 15:13:45.142,12.73579,12.73832,0.00,0.00
2015.02.02 15:13:45.232,12.73579,12.73859,0.00,0.00
2015.02.02 15:13:45.332,12.73595,12.73872,0.00,0.00
2015.02.02 15:13:45.729,12.73597,12.73872,0.00,0.00
2015.02.02 15:13:46.119,12.73597,12.73832,0.00,0.00
2015.02.02 15:13:46.169,12.73579,12.73832,0.00,0.00
2015.02.02 15:13:46.270,12.7358,12.73771,0.00,0.00
2015.02.02 15:13:46.910,12.73579,12.73771,0.00,0.00
2015.02.02 15:13:47.211,12.7358,12.73819,0.00,0.00
2015.02.02 15:13:47.301,12.7358,12.73829,0.00,0.00
2015.02.02 15:13:47.454,12.73579,12.73771,0.00,0.00
2015.02.02 15:13:47.555,12.73579,12.73832,0.00,0.00
2015.02.02 15:13:47.659,12.73579,12.73772,0.00,0.00
2015.02.02 15:13:48.129,12.73579,12.73819,0.00,0.00
2015.02.02 15:13:48.229,12.7358,12.73832,0.00,0.00
2015.02.02 15:13:48.672,12.73629,12.73871,0.00,0.00
2015.02.02 15:13:48.781,12.7363,12.73971,0.00,0.00
2015.02.02 15:13:49.949,12.73654,12.73981,0.00,0.00
2015.02.02 15:13:50.291,12.73788,12.74082,0.00,0.00
2015.02.02 15:13:50.458,12.73753,12.74082,0.00,0.00
2015.02.02 15:13:50.651,12.73769,12.74082,0.00,0.00
2015.02.02 15:13:51.113,12.73829,12.74082,0.00,0.00
2015.02.02 15:13:51.214,12.73829,12.74122,0.00,0.00
2015.02.02 15:13:51.265,12.73839,12.74122,0.00,0.00
2015.02.02 15:13:51.315,12.73839,12.74171,0.00,0.00
2015.02.02 15:13:51.366,12.7393,12.74171,0.00,0.00
2015.02.02 15:13:51.416,12.7393,12.74219,0.00,0.00
2015.02.02 15:13:51.467,12.73979,12.74219,0.00,0.00
2015.02.02 15:13:51.517,12.73979,12.74282,0.00,0.00
2015.02.02 15:13:51.759,12.73931,12.74222,0.00,0.00
2015.02.02 15:13:51.810,12.73929,12.74222,0.00,0.00
2015.02.02 15:13:52.079,12.73979,12.74249,0.00,0.00
2015.02.02 15:13:52.141,12.73979,12.74281,0.00,0.00
2015.02.02 15:13:52.699,12.73979,12.74282,0.00,0.00
2015.02.02 15:13:52.848,12.7398,12.7428,0.00,0.00
2015.02.02 15:13:53.249,12.7398,12.74282,0.00,0.00
2015.02.02 15:13:53.509,12.74079,12.74301,0.00,0.00
2015.02.02 15:13:53.559,12.74079,12.74351,0.00,0.00
2015.02.02 15:13:53.610,12.74079,12.74382,0.00,0.00
2015.02.02 15:13:53.681,12.74112,12.74382,0.00,0.00
2015.02.02 15:13:53.832,12.74152,12.74482,0.00,0.00
2015.02.02 15:13:53.883,12.74142,12.74482,0.00,0.00
2015.02.02 15:13:53.984,12.74187,12.74509,0.00,0.00
2015.02.02 15:13:54.185,12.74179,12.74531,0.00,0.00
2015.02.02 15:13:54.235,12.74159,12.74449,0.00,0.00
2015.02.02 15:13:54.286,12.74108,12.74432,0.00,0.00
2015.02.02 15:13:54.387,12.74178,12.74449,0.00,0.00
2015.02.02 15:13:54.487,12.74231,12.74571,0.00,0.00
2015.02.02 15:13:54.588,12.74213,12.74482,0.00,0.00
2015.02.02 15:13:54.729,12.74213,12.74532,0.00,0.00
2015.02.02 15:13:54.829,12.74198,12.74532,0.00,0.00
2015.02.02 15:13:55.491,12.74198,12.74482,0.00,0.00
2015.02.02 15:13:55.728,12.74198,12.74519,0.00,0.00
2015.02.02 15:13:55.856,12.74228,12.74532,0.00,0.00
2015.02.02 15:13:55.906,12.7423,12.7457,0.00,0.00
2015.02.02 15:13:55.957,12.7423,12.7455,0.00,0.00
2015.02.02 15:13:56.108,12.74208,12.74532,0.00,0.00
2015.02.02 15:13:56.159,12.74208,12.74482,0.00,0.00
2015.02.02 15:13:56.360,12.74208,12.74531,0.00,0.00
2015.02.02 15:13:57.372,12.74233,12.74548,0.00,0.00
2015.02.02 15:13:57.422,12.74233,12.74575,0.00,0.00
2015.02.02 15:13:57.860,12.74248,12.74582,0.00,0.00
2015.02.02 15:13:58.011,12.7433,12.74665,0.00,0.00
2015.02.02 15:13:58.523,12.74329,12.74665,0.00,0.00
2015.02.02 15:13:59.035,12.7433,12.74665,0.00,0.00
2015.02.02 15:13:59.203,12.7433,12.74631,0.00,0.00
2015.02.02 15:13:59.253,12.74323,12.74631,0.00,0.00
2015.02.02 15:13:59.304,12.74307,12.74609,0.00,0.00
2015.02.02 15:13:59.404,12.74298,12.74631,0.00,0.00
2015.02.02 15:13:59.683,12.74298,12.74582,0.00,0.00
2015.02.02 15:14:01.003,12.7428,12.74532,0.00,0.00
2015.02.02 15:14:01.104,12.74229,12.74532,0.00,0.00
2015.02.02 15:14:01.916,12.7423,12.74532,0.00,0.00
2015.02.02 15:14:02.069,12.74229,12.74566,0.00,0.00
2015.02.02 15:14:02.119,12.74229,12.74531,0.00,0.00
2015.02.02 15:14:02.170,12.74187,12.74519,0.00,0.00
2015.02.02 15:14:02.352,12.74187,12.74482,0.00,0.00
2015.02.02 15:14:02.819,12.74179,12.74481,0.00,0.00
2015.02.02 15:14:02.870,12.74179,12.74432,0.00,0.00
2015.02.02 15:14:02.920,12.74111,12.74431,0.00,0.00
2015.02.02 15:14:02.971,12.74087,12.74382,0.00,0.00
2015.02.02 15:14:03.021,12.74032,12.74376,0.00,0.00
2015.02.02 15:14:03.122,12.74029,12.7436,0.00,0.00
2015.02.02 15:14:03.223,12.74087,12.74431,0.00,0.00
2015.02.02 15:14:04.915,12.74122,12.74466,0.00,0.00
2015.02.02 15:14:05.216,12.74207,12.74531,0.00,0.00
2015.02.02 15:14:05.498,12.74107,12.74432,0.00,0.00
2015.02.02 15:14:06.692,12.74107,12.74381,0.00,0.00
2015.02.02 15:14:06.821,12.74082,12.7438,0.00,0.00
2015.02.02 15:14:06.880,12.7413,12.7438,0.00,0.00
2015.02.02 15:14:06.931,12.7413,12.74445,0.00,0.00
2015.02.02 15:14:07.031,12.74152,12.74492,0.00,0.00
2015.02.02 15:14:07.237,12.74152,12.74432,0.00,0.00
2015.02.02 15:14:07.288,12.74122,12.74432,0.00,0.00
2015.02.02 15:14:07.388,12.74108,12.74432,0.00,0.00
2015.02.02 15:14:08.021,12.74097,12.74382,0.00,0.00
2015.02.02 15:14:08.312,12.74047,12.74342,0.00,0.00
2015.02.02 15:14:08.413,12.74002,12.74342,0.00,0.00
2015.02.02 15:14:08.881,12.74022,12.74342,0.00,0.00
2015.02.02 15:14:09.283,12.74087,12.74382,0.00,0.00
2015.02.02 15:14:10.012,12.74079,12.74341,0.00,0.00
2015.02.02 15:14:10.172,12.74018,12.74341,0.00,0.00
2015.02.02 15:14:10.391,12.74001,12.74341,0.00,0.00
2015.02.02 15:14:10.442,12.73997,12.74282,0.00,0.00
2015.02.02 15:14:10.891,12.7403,12.74332,0.00,0.00
2015.02.02 15:14:11.102,12.74029,12.74282,0.00,0.00
2015.02.02 15:14:11.767,12.7403,12.74282,0.00,0.00
2015.02.02 15:14:12.101,12.73907,12.74222,0.00,0.00
2015.02.02 15:14:12.964,12.73907,12.74248,0.00,0.00
2015.02.02 15:14:13.065,12.73907,12.74222,0.00,0.00
2015.02.02 15:14:14.945,12.73911,12.74251,0.00,0.00
2015.02.02 15:14:15.020,12.73907,12.74249,0.00,0.00
2015.02.02 15:14:15.071,12.73907,12.74222,0.00,0.00
2015.02.02 15:14:15.812,12.73907,12.74212,0.00,0.00
2015.02.02 15:14:16.595,12.73907,12.74162,0.00,0.00
2015.02.02 15:14:16.646,12.73881,12.74162,0.00,0.00
2015.02.02 15:14:16.748,12.73879,12.74162,0.00,0.00
2015.02.02 15:14:17.307,12.73897,12.74162,0.00,0.00
2015.02.02 15:14:17.358,12.73897,12.74211,0.00,0.00
2015.02.02 15:14:18.245,12.73897,12.74161,0.00,0.00
2015.02.02 15:14:18.367,12.73897,12.74212,0.00,0.00
2015.02.02 15:14:18.905,12.73897,12.74241,0.00,0.00
2015.02.02 15:14:18.956,12.73979,12.74249,0.00,0.00
2015.02.02 15:14:19.006,12.73979,12.74271,0.00,0.00
2015.02.02 15:14:19.312,12.73997,12.74271,0.00,0.00
2015.02.02 15:14:19.362,12.73997,12.74321,0.00,0.00
2015.02.02 15:14:21.094,12.73997,12.74271,0.00,0.00
2015.02.02 15:14:21.144,12.7398,12.74271,0.00,0.00
2015.02.02 15:14:21.245,12.7398,12.74265,0.00,0.00
2015.02.02 15:14:21.346,12.73898,12.74212,0.00,0.00
2015.02.02 15:14:21.451,12.73904,12.74211,0.00,0.00
2015.02.02 15:14:22.223,12.73904,12.74246,0.00,0.00
2015.02.02 15:14:22.281,12.73904,12.74238,0.00,0.00
2015.02.02 15:14:22.588,12.73883,12.74162,0.00,0.00
2015.02.02 15:14:23.412,12.73883,12.74211,0.00,0.00
2015.02.02 15:14:23.463,12.73908,12.74211,0.00,0.00
2015.02.02 15:14:23.775,12.73858,12.74161,0.00,0.00
2015.02.02 15:14:23.825,12.73842,12.74161,0.00,0.00
2015.02.02 15:14:25.142,12.73879,12.74161,0.00,0.00
2015.02.02 15:14:25.192,12.73879,12.74185,0.00,0.00
2015.02.02 15:14:25.243,12.73893,12.74212,0.00,0.00
2015.02.02 15:14:25.601,12.73893,12.74162,0.00,0.00
2015.02.02 15:14:25.712,12.73893,12.74212,0.00,0.00
2015.02.02 15:14:27.061,12.73893,12.74235,0.00,0.00
2015.02.02 15:14:27.161,12.73942,12.74255,0.00,0.00
2015.02.02 15:14:27.465,12.73921,12.74212,0.00,0.00
2015.02.02 15:14:27.516,12.73902,12.74212,0.00,0.00
2015.02.02 15:14:27.583,12.73902,12.74162,0.00,0.00
2015.02.02 15:14:27.634,12.73892,12.74162,0.00,0.00
2015.02.02 15:14:27.684,12.73892,12.74159,0.00,0.00
2015.02.02 15:14:27.735,12.73803,12.74112,0.00,0.00
2015.02.02 15:14:27.940,12.73792,12.74062,0.00,0.00
2015.02.02 15:14:28.049,12.7378,12.74062,0.00,0.00
2015.02.02 15:14:30.128,12.7378,12.74112,0.00,0.00
2015.02.02 15:14:30.179,12.73803,12.74112,0.00,0.00
2015.02.02 15:14:30.554,12.73803,12.74145,0.00,0.00
2015.02.02 15:14:30.806,12.73803,12.74111,0.00,0.00
2015.02.02 15:14:30.981,12.73782,12.74109,0.00,0.00
2015.02.02 15:14:31.032,12.73779,12.74062,0.00,0.00
2015.02.02 15:14:31.609,12.7378,12.74062,0.00,0.00
2015.02.02 15:14:31.943,12.73786,12.74062,0.00,0.00
2015.02.02 15:14:32.144,12.7378,12.74062,0.00,0.00
2015.02.02 15:14:32.642,12.7378,12.73962,0.00,0.00
2015.02.02 15:14:32.793,12.73613,12.73898,0.00,0.00
2015.02.02 15:14:32.845,12.7358,12.73895,0.00,0.00
2015.02.02 15:14:32.946,12.7358,12.73875,0.00,0.00
2015.02.02 15:14:33.292,12.7358,12.73788,0.00,0.00
2015.02.02 15:14:33.342,12.73479,12.73771,0.00,0.00
2015.02.02 15:14:33.653,12.73479,12.73711,0.00,0.00
2015.02.02 15:14:33.709,12.73452,12.73711,0.00,0.00
2015.02.02 15:14:33.809,12.73362,12.73706,0.00,0.00
2015.02.02 15:14:33.860,12.73392,12.73662,0.00,0.00
2015.02.02 15:14:33.965,12.73392,12.73709,0.00,0.00
2015.02.02 15:14:34.116,12.73392,12.73661,0.00,0.00
2015.02.02 15:14:34.167,12.73382,12.73661,0.00,0.00
2015.02.02 15:14:34.218,12.73379,12.73661,0.00,0.00
2015.02.02 15:14:34.542,12.73379,12.73686,0.00,0.00
2015.02.02 15:14:34.593,12.73379,12.73706,0.00,0.00
2015.02.02 15:14:34.694,12.73379,12.73712,0.00,0.00
2015.02.02 15:14:34.845,12.73381,12.73712,0.00,0.00
2015.02.02 15:14:35.759,12.73392,12.73759,0.00,0.00
2015.02.02 15:14:35.860,12.73422,12.73732,0.00,0.00
2015.02.02 15:14:36.161,12.73381,12.73672,0.00,0.00
2015.02.02 15:14:36.822,12.73381,12.73732,0.00,0.00
2015.02.02 15:14:36.873,12.73431,12.73732,0.00,0.00
2015.02.02 15:14:37.297,12.73456,12.73731,0.00,0.00
2015.02.02 15:14:37.398,12.73456,12.73781,0.00,0.00
2015.02.02 15:14:37.449,12.7347,12.73781,0.00,0.00
2015.02.02 15:14:37.962,12.73472,12.73781,0.00,0.00
2015.02.02 15:14:38.627,12.73529,12.73781,0.00,0.00
2015.02.02 15:14:38.728,12.73562,12.73832,0.00,0.00
2015.02.02 15:14:38.829,12.73531,12.73869,0.00,0.00
2015.02.02 15:14:38.930,12.73531,12.73831,0.00,0.00
2015.02.02 15:14:39.241,12.73531,12.73781,0.00,0.00
2015.02.02 15:14:39.342,12.73522,12.73781,0.00,0.00
2015.02.02 15:14:39.653,12.73495,12.73781,0.00,0.00
2015.02.02 15:14:39.855,12.7353,12.73781,0.00,0.00
2015.02.02 15:14:39.906,12.73555,12.73831,0.00,0.00
2015.02.02 15:14:40.453,12.73555,12.73882,0.00,0.00
2015.02.02 15:14:40.554,12.73581,12.73882,0.00,0.00
2015.02.02 15:14:41.270,12.73645,12.73882,0.00,0.00
2015.02.02 15:14:41.371,12.73645,12.73932,0.00,0.00
2015.02.02 15:14:41.442,12.73645,12.73831,0.00,0.00
2015.02.02 15:14:41.492,12.7363,12.73831,0.00,0.00
2015.02.02 15:14:41.593,12.73554,12.73831,0.00,0.00
2015.02.02 15:14:41.694,12.73541,12.73831,0.00,0.00
2015.02.02 15:14:42.114,12.7353,12.73782,0.00,0.00
2015.02.02 15:14:42.169,12.73495,12.73782,0.00,0.00
2015.02.02 15:14:42.536,12.73531,12.73782,0.00,0.00
2015.02.02 15:14:42.586,12.73531,12.73832,0.00,0.00
2015.02.02 15:14:44.650,12.73532,12.73832,0.00,0.00
2015.02.02 15:14:45.009,12.73532,12.73791,0.00,0.00
2015.02.02 15:14:45.059,12.73521,12.73791,0.00,0.00
2015.02.02 15:14:45.110,12.735,12.73791,0.00,0.00
2015.02.02 15:14:45.510,12.735,12.73732,0.00,0.00
2015.02.02 15:14:45.611,12.73472,12.73732,0.00,0.00
2015.02.02 15:14:45.662,12.73454,12.73732,0.00,0.00
2015.02.02 15:14:45.847,12.73454,12.73682,0.00,0.00
2015.02.02 15:14:45.900,12.73385,12.73682,0.00,0.00
2015.02.02 15:14:46.115,12.73417,12.73682,0.00,0.00
2015.02.02 15:14:46.219,12.73401,12.73682,0.00,0.00
2015.02.02 15:14:46.320,12.7338,12.73631,0.00,0.00
2015.02.02 15:14:46.371,12.73377,12.73631,0.00,0.00
2015.02.02 15:14:46.422,12.73361,12.73631,0.00,0.00
2015.02.02 15:14:46.523,12.73352,12.73631,0.00,0.00
2015.02.02 15:14:47.031,12.73341,12.73631,0.00,0.00
2015.02.02 15:14:47.379,12.73421,12.73631,0.00,0.00
2015.02.02 15:14:47.530,12.73531,12.73832,0.00,0.00
2015.02.02 15:14:47.686,12.73542,12.73832,0.00,0.00
2015.02.02 15:14:47.786,12.73531,12.73832,0.00,0.00
2015.02.02 15:14:49.341,12.73529,12.73832,0.00,0.00
2015.02.02 15:14:49.392,12.73529,12.73782,0.00,0.00
2015.02.02 15:14:49.442,12.73499,12.73782,0.00,0.00
2015.02.02 15:14:49.493,12.73489,12.73782,0.00,0.00
2015.02.02 15:14:49.691,12.73489,12.73832,0.00,0.00
2015.02.02 15:14:49.803,12.73489,12.73782,0.00,0.00
2015.02.02 15:14:49.903,12.73481,12.73782,0.00,0.00
2015.02.02 15:14:49.954,12.73481,12.73732,0.00,0.00
2015.02.02 15:14:50.005,12.73431,12.73723,0.00,0.00
2015.02.02 15:14:50.105,12.73371,12.73653,0.00,0.00
2015.02.02 15:14:50.368,12.73279,12.73581,0.00,0.00
2015.02.02 15:14:50.419,12.73242,12.73563,0.00,0.00
2015.02.02 15:14:50.717,12.73251,12.73581,0.00,0.00
2015.02.02 15:14:50.818,12.73274,12.73582,0.00,0.00
2015.02.02 15:14:51.070,12.73349,12.73682,0.00,0.00
2015.02.02 15:14:51.120,12.73371,12.73682,0.00,0.00
2015.02.02 15:14:51.470,12.73382,12.73682,0.00,0.00
2015.02.02 15:14:52.270,12.73381,12.73682,0.00,0.00
2015.02.02 15:14:52.538,12.73371,12.73682,0.00,0.00
2015.02.02 15:14:52.963,12.73371,12.73629,0.00,0.00
2015.02.02 15:14:53.267,12.73531,12.73671,0.00,0.00
2015.02.02 15:14:53.368,12.73531,12.73732,0.00,0.00
2015.02.02 15:14:53.419,12.73489,12.73732,0.00,0.00
2015.02.02 15:14:53.570,12.73489,12.73801,0.00,0.00
2015.02.02 15:14:53.620,12.73532,12.73801,0.00,0.00
2015.02.02 15:14:53.671,12.73532,12.73842,0.00,0.00
2015.02.02 15:14:54.800,12.73632,12.73842,0.00,0.00
2015.02.02 15:14:55.001,12.73684,12.73931,0.00,0.00
2015.02.02 15:14:55.105,12.73684,12.73991,0.00,0.00
2015.02.02 15:14:55.322,12.73684,12.74028,0.00,0.00
2015.02.02 15:14:55.410,12.73699,12.74028,0.00,0.00
2015.02.02 15:14:55.520,12.73684,12.74028,0.00,0.00
2015.02.02 15:14:55.736,12.73682,12.74008,0.00,0.00
2015.02.02 15:14:56.042,12.73664,12.74008,0.00,0.00
2015.02.02 15:14:56.093,12.73698,12.74008,0.00,0.00
2015.02.02 15:14:56.512,12.73731,12.74012,0.00,0.00
2015.02.02 15:14:56.825,12.73731,12.74043,0.00,0.00
2015.02.02 15:14:57.229,12.73731,12.74027,0.00,0.00
2015.02.02 15:14:57.769,12.73731,12.74043,0.00,0.00
2015.02.02 15:14:57.973,12.73731,12.74028,0.00,0.00
2015.02.02 15:14:58.074,12.73732,12.74043,0.00,0.00
2015.02.02 15:14:58.741,12.73732,12.74017,0.00,0.00
2015.02.02 15:14:58.842,12.73731,12.74043,0.00,0.00
2015.02.02 15:14:59.349,12.73781,12.74072,0.00,0.00
2015.02.02 15:14:59.450,12.73781,12.74141,0.00,0.00
2015.02.02 15:15:00.193,12.73781,12.74152,0.00,0.00
2015.02.02 15:15:00.244,12.73809,12.74159,0.00,0.00
2015.02.02 15:15:00.546,12.73851,12.74181,0.00,0.00
2015.02.02 15:15:00.847,12.73821,12.74146,0.00,0.00
2015.02.02 15:15:01.150,12.73922,12.7424,0.00,0.00
2015.02.02 15:15:02.694,12.73922,12.74231,0.00,0.00
2015.02.02 15:15:02.745,12.73896,12.74231,0.00,0.00
2015.02.02 15:15:02.849,12.73882,12.74225,0.00,0.00
2015.02.02 15:15:02.900,12.73882,12.74214,0.00,0.00
2015.02.02 15:15:03.203,12.73821,12.74115,0.00,0.00
2015.02.02 15:15:03.361,12.73821,12.7414,0.00,0.00
2015.02.02 15:15:03.712,12.73832,12.7414,0.00,0.00
2015.02.02 15:15:04.263,12.73831,12.74115,0.00,0.00
2015.02.02 15:15:04.364,12.73831,12.74139,0.00,0.00
2015.02.02 15:15:04.701,12.73821,12.74139,0.00,0.00
2015.02.02 15:15:04.802,12.73821,12.74114,0.00,0.00
2015.02.02 15:15:04.903,12.73821,12.74139,0.00,0.00
2015.02.02 15:15:05.004,12.73821,12.74132,0.00,0.00
2015.02.02 15:15:05.054,12.73801,12.74132,0.00,0.00
2015.02.02 15:15:05.105,12.73781,12.74125,0.00,0.00
2015.02.02 15:15:05.205,12.73781,12.74089,0.00,0.00
2015.02.02 15:15:05.265,12.73781,12.74105,0.00,0.00
2015.02.02 15:15:05.898,12.73781,12.74056,0.00,0.00
2015.02.02 15:15:05.948,12.73732,12.74056,0.00,0.00
2015.02.02 15:15:06.102,12.73732,12.74041,0.00,0.00
2015.02.02 15:15:06.411,12.73732,12.73949,0.00,0.00
2015.02.02 15:15:06.512,12.73589,12.73895,0.00,0.00
2015.02.02 15:15:06.563,12.73559,12.73891,0.00,0.00
2015.02.02 15:15:06.663,12.73553,12.73891,0.00,0.00
2015.02.02 15:15:06.792,12.73531,12.7384,0.00,0.00
2015.02.02 15:15:06.843,12.73498,12.7384,0.00,0.00
2015.02.02 15:15:06.893,12.73482,12.73815,0.00,0.00
2015.02.02 15:15:07.235,12.73531,12.73815,0.00,0.00
2015.02.02 15:15:07.285,12.73531,12.73831,0.00,0.00
2015.02.02 15:15:08.413,12.73531,12.73842,0.00,0.00
2015.02.02 15:15:08.464,12.73522,12.73842,0.00,0.00
2015.02.02 15:15:08.564,12.73531,12.73874,0.00,0.00
2015.02.02 15:15:08.615,12.73531,12.73891,0.00,0.00
2015.02.02 15:15:08.723,12.73489,12.73859,0.00,0.00
2015.02.02 15:15:08.773,12.73481,12.73842,0.00,0.00
2015.02.02 15:15:09.463,12.73531,12.73842,0.00,0.00
2015.02.02 15:15:09.514,12.73531,12.73892,0.00,0.00
2015.02.02 15:15:10.735,12.73531,12.73842,0.00,0.00
2015.02.02 15:15:10.836,12.73441,12.73819,0.00,0.00
2015.02.02 15:15:11.231,12.73438,12.73793,0.00,0.00
2015.02.02 15:15:11.627,12.73391,12.73731,0.00,0.00
2015.02.02 15:15:11.876,12.73391,12.73758,0.00,0.00
2015.02.02 15:15:11.926,12.73421,12.73758,0.00,0.00
2015.02.02 15:15:11.977,12.73432,12.73792,0.00,0.00
2015.02.02 15:15:12.222,12.73421,12.73792,0.00,0.00
2015.02.02 15:15:12.913,12.73421,12.7374,0.00,0.00
2015.02.02 15:15:13.014,12.73331,12.7366,0.00,0.00
2015.02.02 15:15:13.406,12.73391,12.7366,0.00,0.00
2015.02.02 15:15:13.456,12.73402,12.73731,0.00,0.00
2015.02.02 15:15:13.557,12.73398,12.73732,0.00,0.00
2015.02.02 15:15:13.658,12.73391,12.73721,0.00,0.00
2015.02.02 15:15:13.943,12.73382,12.73721,0.00,0.00
2015.02.02 15:15:14.044,12.7339,12.73734,0.00,0.00
2015.02.02 15:15:14.094,12.73421,12.73734,0.00,0.00
2015.02.02 15:15:14.145,12.73421,12.7375,0.00,0.00
2015.02.02 15:15:14.195,12.73441,12.7375,0.00,0.00
2015.02.02 15:15:14.246,12.73441,12.73766,0.00,0.00
2015.02.02 15:15:14.721,12.73422,12.73732,0.00,0.00
2015.02.02 15:15:14.822,12.73397,12.73732,0.00,0.00
2015.02.02 15:15:15.012,12.73397,12.73741,0.00,0.00
2015.02.02 15:15:15.063,12.73422,12.73741,0.00,0.00
2015.02.02 15:15:16.208,12.73422,12.7373,0.00,0.00
2015.02.02 15:15:16.556,12.73488,12.73799,0.00,0.00
2015.02.02 15:15:16.607,12.73632,12.73831,0.00,0.00
2015.02.02 15:15:16.707,12.73621,12.73831,0.00,0.00
2015.02.02 15:15:16.758,12.73588,12.73791,0.00,0.00
2015.02.02 15:15:16.910,12.7348,12.7377,0.00,0.00
2015.02.02 15:15:17.048,12.7348,12.73741,0.00,0.00
2015.02.02 15:15:17.099,12.73441,12.73741,0.00,0.00
2015.02.02 15:15:17.149,12.73431,12.7372,0.00,0.00
2015.02.02 15:15:17.250,12.73431,12.73736,0.00,0.00
2015.02.02 15:15:17.426,12.73431,12.73755,0.00,0.00
2015.02.02 15:15:18.124,12.7343,12.73755,0.00,0.00
2015.02.02 15:15:18.873,12.73429,12.73755,0.00,0.00
2015.02.02 15:15:19.525,12.7343,12.73742,0.00,0.00
2015.02.02 15:15:19.676,12.73372,12.73708,0.00,0.00
2015.02.02 15:15:19.777,12.73343,12.73685,0.00,0.00
2015.02.02 15:15:19.827,12.73341,12.73671,0.00,0.00
2015.02.02 15:15:20.520,12.73341,12.73651,0.00,0.00
2015.02.02 15:15:20.963,12.73331,12.73641,0.00,0.00
2015.02.02 15:15:21.014,12.73312,12.73641,0.00,0.00
2015.02.02 15:15:21.115,12.73282,12.73615,0.00,0.00
2015.02.02 15:15:21.173,12.73389,12.73615,0.00,0.00
2015.02.02 15:15:21.224,12.73421,12.73741,0.00,0.00
2015.02.02 15:15:21.274,12.73381,12.73741,0.00,0.00
2015.02.02 15:15:21.375,12.73137,12.73392,0.00,0.00
2015.02.02 15:15:21.426,12.73098,12.73392,0.00,0.00
2015.02.02 15:15:21.532,12.73082,12.73395,0.00,0.00
2015.02.02 15:15:21.592,12.73053,12.73395,0.00,0.00
2015.02.02 15:15:21.642,12.73042,12.73377,0.00,0.00
2015.02.02 15:15:21.978,12.72958,12.73302,0.00,0.00
2015.02.02 15:15:22.314,12.72972,12.73302,0.00,0.00
2015.02.02 15:15:22.380,12.73011,12.73348,0.00,0.00
2015.02.02 15:15:22.430,12.73024,12.73348,0.00,0.00
2015.02.02 15:15:22.573,12.72975,12.73319,0.00,0.00
2015.02.02 15:15:22.673,12.72997,12.73339,0.00,0.00
2015.02.02 15:15:23.126,12.72951,12.73295,0.00,0.00
2015.02.02 15:15:23.337,12.72941,12.73276,0.00,0.00
2015.02.02 15:15:23.527,12.72947,12.73289,0.00,0.00
2015.02.02 15:15:23.628,12.72971,12.73315,0.00,0.00
2015.02.02 15:15:23.679,12.73029,12.73315,0.00,0.00
2015.02.02 15:15:23.729,12.73029,12.73319,0.00,0.00
2015.02.02 15:15:23.780,12.7308,12.73352,0.00,0.00
2015.02.02 15:15:23.931,12.73139,12.73439,0.00,0.00
2015.02.02 15:15:23.982,12.73139,12.73481,0.00,0.00
2015.02.02 15:15:24.129,12.73158,12.73502,0.00,0.00
2015.02.02 15:15:24.179,12.7318,12.73502,0.00,0.00
2015.02.02 15:15:24.230,12.7318,12.73509,0.00,0.00
2015.02.02 15:15:24.330,12.73171,12.73512,0.00,0.00
2015.02.02 15:15:24.381,12.73179,12.73512,0.00,0.00
2015.02.02 15:15:24.431,12.73187,12.73529,0.00,0.00
2015.02.02 15:15:24.932,12.73179,12.73489,0.00,0.00
2015.02.02 15:15:25.033,12.7318,12.7352,0.00,0.00
2015.02.02 15:15:25.133,12.73171,12.7349,0.00,0.00
2015.02.02 15:15:25.235,12.73179,12.7352,0.00,0.00
2015.02.02 15:15:25.336,12.7318,12.73495,0.00,0.00
2015.02.02 15:15:25.386,12.73151,12.73495,0.00,0.00
2015.02.02 15:15:25.848,12.73179,12.73519,0.00,0.00
2015.02.02 15:15:26.122,12.73177,12.73519,0.00,0.00
2015.02.02 15:15:26.173,12.73172,12.73502,0.00,0.00
2015.02.02 15:15:26.274,12.73172,12.73505,0.00,0.00
2015.02.02 15:15:27.187,12.73161,12.73505,0.00,0.00
2015.02.02 15:15:27.333,12.73161,12.73502,0.00,0.00
2015.02.02 15:15:27.484,12.73162,12.73505,0.00,0.00
2015.02.02 15:15:27.591,12.73178,12.73505,0.00,0.00
2015.02.02 15:15:27.641,12.73187,12.73529,0.00,0.00
2015.02.02 15:15:27.742,12.7318,12.73499,0.00,0.00
2015.02.02 15:15:27.793,12.73172,12.73499,0.00,0.00
2015.02.02 15:15:27.843,12.73231,12.73489,0.00,0.00
2015.02.02 15:15:27.944,12.73172,12.73505,0.00,0.00
2015.02.02 15:15:28.169,12.73177,12.73519,0.00,0.00
2015.02.02 15:15:28.220,12.73202,12.73519,0.00,0.00
2015.02.02 15:15:28.271,12.73202,12.73539,0.00,0.00
2015.02.02 15:15:28.371,12.73179,12.7351,0.00,0.00
2015.02.02 15:15:28.422,12.73166,12.7351,0.00,0.00
2015.02.02 15:15:28.472,12.73141,12.73485,0.00,0.00
2015.02.02 15:15:29.239,12.73142,12.73485,0.00,0.00
2015.02.02 15:15:29.613,12.7318,12.73485,0.00,0.00
2015.02.02 15:15:29.663,12.73186,12.73518,0.00,0.00
2015.02.02 15:15:29.714,12.73186,12.7353,0.00,0.00
2015.02.02 15:15:29.764,12.73186,12.73491,0.00,0.00
2015.02.02 15:15:29.865,12.73179,12.7351,0.00,0.00
2015.02.02 15:15:30.045,12.73179,12.7345,0.00,0.00
2015.02.02 15:15:30.145,12.73042,12.73364,0.00,0.00
2015.02.02 15:15:30.687,12.73042,12.73339,0.00,0.00
2015.02.02 15:15:31.354,12.73041,12.73339,0.00,0.00
2015.02.02 15:15:31.505,12.73012,12.7332,0.00,0.00
2015.02.02 15:15:32.150,12.73012,12.7333,0.00,0.00
2015.02.02 15:15:32.201,12.7303,12.7333,0.00,0.00
2015.02.02 15:15:32.352,12.73051,12.73374,0.00,0.00
2015.02.02 15:15:32.452,12.73051,12.73355,0.00,0.00
2015.02.02 15:15:33.453,12.73051,12.73379,0.00,0.00
2015.02.02 15:15:33.554,12.73052,12.73381,0.00,0.00
2015.02.02 15:15:33.932,12.73052,12.73352,0.00,0.00
2015.02.02 15:15:34.033,12.7303,12.73352,0.00,0.00
2015.02.02 15:15:34.083,12.73011,12.73291,0.00,0.00
2015.02.02 15:15:34.184,12.72999,12.73291,0.00,0.00
2015.02.02 15:15:34.595,12.72999,12.73319,0.00,0.00
2015.02.02 15:15:34.646,12.73032,12.73343,0.00,0.00
2015.02.02 15:15:34.797,12.73059,12.73392,0.00,0.00
2015.02.02 15:15:35.054,12.73078,12.73403,0.00,0.00
2015.02.02 15:15:35.356,12.73199,12.73441,0.00,0.00
2015.02.02 15:15:35.406,12.73179,12.73448,0.00,0.00
2015.02.02 15:15:35.457,12.73179,12.73487,0.00,0.00
2015.02.02 15:15:35.507,12.73214,12.73501,0.00,0.00
2015.02.02 15:15:35.732,12.73182,12.73501,0.00,0.00
2015.02.02 15:15:35.833,12.73159,12.73501,0.00,0.00
2015.02.02 15:15:35.883,12.7315,12.73492,0.00,0.00
2015.02.02 15:15:37.394,12.7316,12.73442,0.00,0.00
2015.02.02 15:15:37.495,12.7308,12.73392,0.00,0.00
2015.02.02 15:15:37.546,12.73172,12.73392,0.00,0.00
2015.02.02 15:15:37.596,12.73172,12.73463,0.00,0.00
2015.02.02 15:15:37.697,12.73129,12.7345,0.00,0.00
2015.02.02 15:15:37.747,12.73129,12.73418,0.00,0.00
2015.02.02 15:15:37.798,12.73105,12.73418,0.00,0.00
2015.02.02 15:15:37.899,12.73105,12.73442,0.00,0.00
2015.02.02 15:15:38.032,12.73105,12.73392,0.00,0.00
2015.02.02 15:15:38.284,12.73011,12.73341,0.00,0.00
2015.02.02 15:15:38.812,12.73011,12.73338,0.00,0.00
2015.02.02 15:15:39.175,12.73011,12.73341,0.00,0.00
2015.02.02 15:15:39.276,12.73011,12.73337,0.00,0.00
2015.02.02 15:15:39.590,12.73031,12.7336,0.00,0.00
2015.02.02 15:15:39.691,12.73055,12.73391,0.00,0.00
2015.02.02 15:15:39.792,12.73057,12.73391,0.00,0.00
2015.02.02 15:15:39.874,12.73057,12.73399,0.00,0.00
2015.02.02 15:15:39.925,12.73079,12.73415,0.00,0.00
2015.02.02 15:15:40.178,12.73085,12.73427,0.00,0.00
2015.02.02 15:15:40.462,12.73085,12.73381,0.00,0.00
2015.02.02 15:15:40.563,12.73128,12.73427,0.00,0.00
2015.02.02 15:15:40.613,12.73128,12.73402,0.00,0.00
2015.02.02 15:15:40.714,12.73142,12.73425,0.00,0.00
2015.02.02 15:15:40.815,12.73142,12.73422,0.00,0.00
2015.02.02 15:15:40.916,12.73142,12.73448,0.00,0.00
2015.02.02 15:15:41.017,12.73085,12.73418,0.00,0.00
2015.02.02 15:15:41.117,12.73132,12.73418,0.00,0.00
2015.02.02 15:15:41.222,12.73132,12.73441,0.00,0.00
2015.02.02 15:15:41.281,12.73132,12.73433,0.00,0.00
2015.02.02 15:15:41.381,12.73132,12.73454,0.00,0.00
2015.02.02 15:15:42.147,12.73121,12.73454,0.00,0.00
2015.02.02 15:15:42.198,12.73121,12.73428,0.00,0.00
2015.02.02 15:15:42.381,12.73082,12.73407,0.00,0.00
2015.02.02 15:15:42.722,12.73082,12.73412,0.00,0.00
2015.02.02 15:15:42.772,12.73171,12.73412,0.00,0.00
2015.02.02 15:15:42.823,12.73171,12.73437,0.00,0.00
2015.02.02 15:15:42.924,12.73161,12.73422,0.00,0.00
2015.02.02 15:15:42.974,12.73091,12.73422,0.00,0.00
2015.02.02 15:15:43.024,12.73091,12.73398,0.00,0.00
2015.02.02 15:15:43.226,12.73091,12.73412,0.00,0.00
2015.02.02 15:15:43.327,12.73041,12.73378,0.00,0.00
2015.02.02 15:15:43.629,12.7305,12.73392,0.00,0.00
2015.02.02 15:15:44.259,12.73079,12.73392,0.00,0.00
2015.02.02 15:15:44.309,12.73079,12.73408,0.00,0.00
2015.02.02 15:15:44.412,12.73079,12.73402,0.00,0.00
2015.02.02 15:15:44.727,12.73129,12.73437,0.00,0.00
2015.02.02 15:15:44.929,12.73129,12.73463,0.00,0.00
2015.02.02 15:15:45.037,12.7313,12.73438,0.00,0.00
2015.02.02 15:15:45.342,12.7313,12.7344,0.00,0.00
2015.02.02 15:15:45.493,12.7313,12.73438,0.00,0.00
2015.02.02 15:15:45.594,12.7313,12.73462,0.00,0.00
2015.02.02 15:15:45.796,12.73129,12.73437,0.00,0.00
2015.02.02 15:15:46.739,12.7313,12.73437,0.00,0.00
2015.02.02 15:15:47.515,12.73129,12.73437,0.00,0.00
2015.02.02 15:15:47.805,12.73129,12.73452,0.00,0.00
2015.02.02 15:15:48.312,12.73129,12.73451,0.00,0.00
2015.02.02 15:15:48.363,12.73121,12.73451,0.00,0.00
2015.02.02 15:15:48.464,12.7318,12.73451,0.00,0.00
2015.02.02 15:15:48.892,12.73228,12.73467,0.00,0.00
2015.02.02 15:15:48.942,12.73228,12.73478,0.00,0.00
2015.02.02 15:15:49.043,12.73142,12.73478,0.00,0.00
2015.02.02 15:15:49.317,12.73142,12.73462,0.00,0.00
2015.02.02 15:15:49.982,12.73141,12.73462,0.00,0.00
2015.02.02 15:15:55.284,12.73212,12.73462,0.00,0.00
2015.02.02 15:15:55.335,12.7323,12.73538,0.00,0.00
2015.02.02 15:15:55.450,12.73229,12.73563,0.00,0.00
2015.02.02 15:15:56.261,12.73228,12.73563,0.00,0.00
2015.02.02 15:15:56.312,12.73219,12.73563,0.00,0.00
2015.02.02 15:15:56.362,12.73191,12.73518,0.00,0.00
2015.02.02 15:15:56.513,12.73191,12.73522,0.00,0.00
2015.02.02 15:15:56.564,12.73191,12.73518,0.00,0.00
2015.02.02 15:15:56.722,12.73194,12.73538,0.00,0.00
2015.02.02 15:15:56.923,12.73245,12.73569,0.00,0.00
2015.02.02 15:15:57.244,12.73199,12.73509,0.00,0.00
2015.02.02 15:15:57.445,12.73184,12.73509,0.00,0.00
2015.02.02 15:15:57.496,12.73191,12.73528,0.00,0.00
2015.02.02 15:15:57.546,12.73244,12.73569,0.00,0.00
2015.02.02 15:15:57.865,12.73245,12.73549,0.00,0.00
2015.02.02 15:15:57.966,12.73194,12.73518,0.00,0.00
2015.02.02 15:15:58.017,12.73194,12.73499,0.00,0.00
2015.02.02 15:15:58.067,12.73174,12.73499,0.00,0.00
2015.02.02 15:15:58.905,12.73174,12.73458,0.00,0.00
2015.02.02 15:15:59.056,12.72995,12.73339,0.00,0.00
2015.02.02 15:15:59.157,12.73029,12.73339,0.00,0.00
2015.02.02 15:15:59.258,12.73028,12.73358,0.00,0.00
2015.02.02 15:15:59.453,12.73021,12.73348,0.00,0.00
2015.02.02 15:15:59.604,12.73053,12.73397,0.00,0.00
2015.02.02 15:15:59.705,12.73053,12.73359,0.00,0.00
2015.02.02 15:15:59.756,12.73018,12.73359,0.00,0.00
2015.02.02 15:15:59.858,12.73001,12.73345,0.00,0.00
2015.02.02 15:15:59.959,12.73034,12.73359,0.00,0.00
2015.02.02 15:16:00.160,12.72994,12.73338,0.00,0.00
2015.02.02 15:16:00.563,12.72981,12.73321,0.00,0.00
2015.02.02 15:16:00.767,12.73007,12.73351,0.00,0.00
2015.02.02 15:16:00.883,12.73007,12.73331,0.00,0.00
2015.02.02 15:16:01.034,12.72933,12.73277,0.00,0.00
2015.02.02 15:16:01.327,12.72981,12.73277,0.00,0.00
2015.02.02 15:16:01.377,12.72981,12.73309,0.00,0.00
2015.02.02 15:16:01.478,12.73006,12.73348,0.00,0.00
2015.02.02 15:16:01.674,12.72989,12.73331,0.00,0.00
2015.02.02 15:16:02.343,12.73028,12.73349,0.00,0.00
2015.02.02 15:16:02.443,12.73054,12.73396,0.00,0.00
2015.02.02 15:16:02.544,12.7308,12.73424,0.00,0.00
2015.02.02 15:16:02.601,12.73101,12.73424,0.00,0.00
2015.02.02 15:16:02.651,12.73144,12.73486,0.00,0.00
2015.02.02 15:16:02.752,12.73158,12.73502,0.00,0.00
2015.02.02 15:16:02.886,12.73158,12.73482,0.00,0.00
2015.02.02 15:16:03.087,12.73079,12.73421,0.00,0.00
2015.02.02 15:16:03.289,12.73096,12.73432,0.00,0.00
2015.02.02 15:16:03.389,12.73028,12.73369,0.00,0.00
2015.02.02 15:16:03.490,12.73014,12.73356,0.00,0.00
2015.02.02 15:16:03.691,12.73025,12.73367,0.00,0.00
2015.02.02 15:16:04.019,12.73004,12.73346,0.00,0.00
2015.02.02 15:16:04.297,12.73042,12.73386,0.00,0.00
2015.02.02 15:16:04.347,12.73054,12.73396,0.00,0.00
2015.02.02 15:16:04.650,12.73118,12.73462,0.00,0.00
2015.02.02 15:16:04.750,12.73091,12.73427,0.00,0.00
2015.02.02 15:16:04.952,12.73072,12.73416,0.00,0.00
2015.02.02 15:16:05.103,12.73079,12.73416,0.00,0.00
2015.02.02 15:16:05.204,12.73103,12.73447,0.00,0.00
2015.02.02 15:16:05.254,12.73081,12.73425,0.00,0.00
2015.02.02 15:16:05.941,12.73081,12.73419,0.00,0.00
2015.02.02 15:16:05.992,12.73069,12.73411,0.00,0.00
2015.02.02 15:16:06.043,12.73069,12.73358,0.00,0.00
2015.02.02 15:16:06.093,12.73014,12.73356,0.00,0.00
2015.02.02 15:16:06.247,12.73026,12.73358,0.00,0.00
2015.02.02 15:16:06.347,12.73005,12.73349,0.00,0.00
2015.02.02 15:16:06.933,12.73028,12.73349,0.00,0.00
2015.02.02 15:16:07.089,12.73026,12.73369,0.00,0.00
2015.02.02 15:16:07.248,12.73037,12.73369,0.00,0.00
2015.02.02 15:16:07.299,12.73037,12.73381,0.00,0.00
2015.02.02 15:16:07.349,12.73031,12.73367,0.00,0.00
2015.02.02 15:16:07.469,12.73039,12.73383,0.00,0.00
2015.02.02 15:16:07.623,12.73039,12.73369,0.00,0.00
2015.02.02 15:16:07.674,12.73023,12.73367,0.00,0.00
2015.02.02 15:16:08.050,12.73003,12.73347,0.00,0.00
2015.02.02 15:16:08.532,12.73027,12.73359,0.00,0.00
2015.02.02 15:16:08.839,12.73281,12.73591,0.00,0.00
2015.02.02 15:16:08.991,12.73264,12.73608,0.00,0.00
2015.02.02 15:16:09.142,12.73264,12.73592,0.00,0.00
2015.02.02 15:16:09.243,12.73273,12.73609,0.00,0.00
2015.02.02 15:16:09.344,12.73258,12.736,0.00,0.00
2015.02.02 15:16:09.394,12.73273,12.73609,0.00,0.00
2015.02.02 15:16:10.399,12.73257,12.73601,0.00,0.00
2015.02.02 15:16:10.455,12.73272,12.73609,0.00,0.00
2015.02.02 15:16:10.957,12.73238,12.7358,0.00,0.00
2015.02.02 15:16:11.659,12.73253,12.73597,0.00,0.00
2015.02.02 15:16:12.460,12.73232,12.73576,0.00,0.00
2015.02.02 15:16:13.264,12.73258,12.73602,0.00,0.00
2015.02.02 15:16:13.631,12.73243,12.73585,0.00,0.00
2015.02.02 15:16:13.943,12.73179,12.73516,0.00,0.00
2015.02.02 15:16:14.094,12.73137,12.73481,0.00,0.00
2015.02.02 15:16:14.195,12.73121,12.7346,0.00,0.00
2015.02.02 15:16:14.467,12.73107,12.73451,0.00,0.00
2015.02.02 15:16:14.668,12.73087,12.73431,0.00,0.00
2015.02.02 15:16:15.016,12.73067,12.73409,0.00,0.00
2015.02.02 15:16:15.327,12.73053,12.73395,0.00,0.00
2015.02.02 15:16:15.378,12.73037,12.73381,0.00,0.00
2015.02.02 15:16:15.479,12.73062,12.73392,0.00,0.00
2015.02.02 15:16:15.529,12.73062,12.73406,0.00,0.00
2015.02.02 15:16:15.580,12.73047,12.73391,0.00,0.00
2015.02.02 15:16:16.167,12.73047,12.73359,0.00,0.00
2015.02.02 15:16:16.318,12.73037,12.73379,0.00,0.00
2015.02.02 15:16:16.419,12.73053,12.73395,0.00,0.00
2015.02.02 15:16:16.807,12.73037,12.73359,0.00,0.00
2015.02.02 15:16:16.873,12.73006,12.7335,0.00,0.00
2015.02.02 15:16:16.974,12.73029,12.7335,0.00,0.00
2015.02.02 15:16:17.075,12.73023,12.73359,0.00,0.00
2015.02.02 15:16:17.176,12.73007,12.73349,0.00,0.00
2015.02.02 15:16:17.581,12.72982,12.73324,0.00,0.00
2015.02.02 15:16:17.682,12.72986,12.73329,0.00,0.00
2015.02.02 15:16:17.733,12.72986,12.73318,0.00,0.00
2015.02.02 15:16:17.784,12.7298,12.73318,0.00,0.00
2015.02.02 15:16:17.885,12.72988,12.73329,0.00,0.00
2015.02.02 15:16:17.935,12.72988,12.73318,0.00,0.00
2015.02.02 15:16:17.986,12.72951,12.73295,0.00,0.00
2015.02.02 15:16:18.900,12.72952,12.73296,0.00,0.00
2015.02.02 15:16:19.169,12.72952,12.73281,0.00,0.00
2015.02.02 15:16:19.270,12.72929,12.73259,0.00,0.00
2015.02.02 15:16:19.379,12.72881,12.73209,0.00,0.00
2015.02.02 15:16:19.591,12.72911,12.73255,0.00,0.00
2015.02.02 15:16:19.837,12.72911,12.73209,0.00,0.00
2015.02.02 15:16:19.888,12.72841,12.73185,0.00,0.00
2015.02.02 15:16:20.218,12.72864,12.73206,0.00,0.00
2015.02.02 15:16:20.319,12.72848,12.73192,0.00,0.00
2015.02.02 15:16:20.369,12.72871,12.73192,0.00,0.00
2015.02.02 15:16:20.420,12.72882,12.73224,0.00,0.00
2015.02.02 15:16:20.470,12.72931,12.73224,0.00,0.00
2015.02.02 15:16:20.521,12.72931,12.73229,0.00,0.00
2015.02.02 15:16:20.873,12.72931,12.73246,0.00,0.00
2015.02.02 15:16:21.024,12.72931,12.73269,0.00,0.00
2015.02.02 15:16:21.125,12.72941,12.73285,0.00,0.00
2015.02.02 15:16:21.479,12.72941,12.73259,0.00,0.00
2015.02.02 15:16:21.529,12.72926,12.73259,0.00,0.00
2015.02.02 15:16:21.585,12.72911,12.73255,0.00,0.00
2015.02.02 15:16:21.831,12.72897,12.73239,0.00,0.00
2015.02.02 15:16:21.988,12.72909,12.73253,0.00,0.00
2015.02.02 15:16:22.398,12.72897,12.73239,0.00,0.00
2015.02.02 15:16:22.701,12.72886,12.73208,0.00,0.00
2015.02.02 15:16:22.802,12.72906,12.73249,0.00,0.00
2015.02.02 15:16:23.261,12.72928,12.73249,0.00,0.00
2015.02.02 15:16:23.471,12.72922,12.7325,0.00,0.00
2015.02.02 15:16:23.572,12.72928,12.7325,0.00,0.00
2015.02.02 15:16:23.912,12.72911,12.73248,0.00,0.00
2015.02.02 15:16:24.491,12.72897,12.73239,0.00,0.00
2015.02.02 15:16:25.175,12.72922,12.73222,0.00,0.00
2015.02.02 15:16:25.226,12.72923,12.73249,0.00,0.00
2015.02.02 15:16:25.393,12.72906,12.73249,0.00,0.00
2015.02.02 15:16:25.545,12.72929,12.73249,0.00,0.00
2015.02.02 15:16:25.645,12.72929,12.73262,0.00,0.00
2015.02.02 15:16:25.852,12.72922,12.73262,0.00,0.00
2015.02.02 15:16:25.903,12.72922,12.73244,0.00,0.00
2015.02.02 15:16:25.953,12.72918,12.73244,0.00,0.00
2015.02.02 15:16:26.004,12.72916,12.73231,0.00,0.00
2015.02.02 15:16:26.528,12.72897,12.73231,0.00,0.00
2015.02.02 15:16:27.032,12.7292,12.73231,0.00,0.00
2015.02.02 15:16:27.082,12.7292,12.73248,0.00,0.00
2015.02.02 15:16:27.183,12.72922,12.73264,0.00,0.00
2015.02.02 15:16:27.391,12.72922,12.73231,0.00,0.00
2015.02.02 15:16:27.542,12.7294,12.73282,0.00,0.00
2015.02.02 15:16:27.811,12.72929,12.7326,0.00,0.00
2015.02.02 15:16:27.940,12.72931,12.73275,0.00,0.00
2015.02.02 15:16:28.141,12.72944,12.73282,0.00,0.00
2015.02.02 15:16:28.492,12.72919,12.73205,0.00,0.00
2015.02.02 15:16:28.542,12.72919,12.73234,0.00,0.00
2015.02.02 15:16:28.643,12.72929,12.73249,0.00,0.00
2015.02.02 15:16:28.700,12.72919,12.73249,0.00,0.00
2015.02.02 15:16:29.152,12.72906,12.73182,0.00,0.00
2015.02.02 15:16:29.202,12.72879,12.73179,0.00,0.00
2015.02.02 15:16:29.253,12.72837,12.73179,0.00,0.00
2015.02.02 15:16:29.303,12.72861,12.73182,0.00,0.00
2015.02.02 15:16:29.605,12.72912,12.73231,0.00,0.00
2015.02.02 15:16:29.706,12.72882,12.73224,0.00,0.00
2015.02.02 15:16:30.004,12.72892,12.73231,0.00,0.00
2015.02.02 15:16:30.312,12.72881,12.73225,0.00,0.00
2015.02.02 15:16:30.413,12.72928,12.73231,0.00,0.00
2015.02.02 15:16:30.514,12.72929,12.73273,0.00,0.00
2015.02.02 15:16:30.614,12.72922,12.73232,0.00,0.00
2015.02.02 15:16:30.715,12.72877,12.73219,0.00,0.00
2015.02.02 15:16:30.816,12.72895,12.73232,0.00,0.00
2015.02.02 15:16:31.119,12.72881,12.73225,0.00,0.00
2015.02.02 15:16:32.012,12.72881,12.73181,0.00,0.00
2015.02.02 15:16:32.234,12.72904,12.73232,0.00,0.00
2015.02.02 15:16:32.349,12.72918,12.73248,0.00,0.00
2015.02.02 15:16:32.450,12.72918,12.73208,0.00,0.00
2015.02.02 15:16:32.501,12.7289,12.73182,0.00,0.00
2015.02.02 15:16:32.764,12.72862,12.73182,0.00,0.00
2015.02.02 15:16:33.143,12.7288,12.73204,0.00,0.00
2015.02.02 15:16:33.244,12.72922,12.73231,0.00,0.00
2015.02.02 15:16:33.345,12.7292,12.73232,0.00,0.00
2015.02.02 15:16:33.451,12.72892,12.73232,0.00,0.00
2015.02.02 15:16:33.551,12.72929,12.73232,0.00,0.00
2015.02.02 15:16:33.654,12.72922,12.73232,0.00,0.00
2015.02.02 15:16:33.705,12.72922,12.73281,0.00,0.00
2015.02.02 15:16:33.755,12.72958,12.73281,0.00,0.00
2015.02.02 15:16:34.083,12.72972,12.73281,0.00,0.00
2015.02.02 15:16:34.312,12.72958,12.73281,0.00,0.00
2015.02.02 15:16:34.616,12.72973,12.73281,0.00,0.00
2015.02.02 15:16:34.962,12.72952,12.73232,0.00,0.00
2015.02.02 15:16:35.012,12.72952,12.73282,0.00,0.00
2015.02.02 15:16:35.063,12.72967,12.73282,0.00,0.00
2015.02.02 15:16:35.388,12.72998,12.73282,0.00,0.00
2015.02.02 15:16:35.747,12.72986,12.73282,0.00,0.00
2015.02.02 15:16:35.851,12.72968,12.73282,0.00,0.00
2015.02.02 15:16:35.902,12.72968,12.73231,0.00,0.00
2015.02.02 15:16:36.121,12.72923,12.73222,0.00,0.00
2015.02.02 15:16:36.262,12.72938,12.73222,0.00,0.00
2015.02.02 15:16:36.546,12.72989,12.7333,0.00,0.00
2015.02.02 15:16:36.647,12.73037,12.73331,0.00,0.00
2015.02.02 15:16:36.826,12.7301,12.73331,0.00,0.00
2015.02.02 15:16:36.918,12.73012,12.73331,0.00,0.00
2015.02.02 15:16:37.236,12.73028,12.73331,0.00,0.00
2015.02.02 15:16:37.642,12.73037,12.73331,0.00,0.00
2015.02.02 15:16:37.844,12.72957,12.73258,0.00,0.00
2015.02.02 15:16:37.944,12.72938,12.73258,0.00,0.00
2015.02.02 15:16:37.995,12.72938,12.73222,0.00,0.00
2015.02.02 15:16:38.332,12.72993,12.73258,0.00,0.00
2015.02.02 15:16:38.382,12.72993,12.73281,0.00,0.00
2015.02.02 15:16:38.734,12.73012,12.73282,0.00,0.00
2015.02.02 15:16:39.036,12.72955,12.73222,0.00,0.00
2015.02.02 15:16:39.087,12.72955,12.73258,0.00,0.00
2015.02.02 15:16:39.138,12.72973,12.73258,0.00,0.00
2015.02.02 15:16:39.188,12.72973,12.73282,0.00,0.00
2015.02.02 15:16:39.239,12.73008,12.73282,0.00,0.00
2015.02.02 15:16:39.541,12.73014,12.73282,0.00,0.00
2015.02.02 15:16:39.850,12.73034,12.73282,0.00,0.00
2015.02.02 15:16:40.226,12.73059,12.73282,0.00,0.00
2015.02.02 15:16:40.277,12.73059,12.7338,0.00,0.00
2015.02.02 15:16:40.327,12.73095,12.73382,0.00,0.00
2015.02.02 15:16:40.428,12.73066,12.73382,0.00,0.00
2015.02.02 15:16:40.529,12.73067,12.73332,0.00,0.00
2015.02.02 15:16:40.630,12.73018,12.73332,0.00,0.00
2015.02.02 15:16:40.731,12.73013,12.73332,0.00,0.00
2015.02.02 15:16:40.832,12.73042,12.73281,0.00,0.00
2015.02.02 15:16:40.933,12.72997,12.73281,0.00,0.00
2015.02.02 15:16:41.081,12.72997,12.73319,0.00,0.00
2015.02.02 15:16:41.132,12.73017,12.73319,0.00,0.00
2015.02.02 15:16:41.183,12.73017,12.73328,0.00,0.00
2015.02.02 15:16:41.692,12.73017,12.73282,0.00,0.00
2015.02.02 15:16:41.742,12.73002,12.73282,0.00,0.00
2015.02.02 15:16:41.843,12.73016,12.73328,0.00,0.00
2015.02.02 15:16:41.970,12.73016,12.73332,0.00,0.00
2015.02.02 15:16:42.021,12.73016,12.73282,0.00,0.00
2015.02.02 15:16:42.072,12.73002,12.7327,0.00,0.00
2015.02.02 15:16:42.123,12.73002,12.73208,0.00,0.00
2015.02.02 15:16:42.173,12.72881,12.73172,0.00,0.00
2015.02.02 15:16:42.230,12.72861,12.73172,0.00,0.00
2015.02.02 15:16:42.532,12.7289,12.73172,0.00,0.00
2015.02.02 15:16:42.754,12.7286,12.73172,0.00,0.00
2015.02.02 15:16:43.057,12.7286,12.73208,0.00,0.00
2015.02.02 15:16:43.108,12.72929,12.73208,0.00,0.00
2015.02.02 15:16:43.209,12.73008,12.73318,0.00,0.00
2015.02.02 15:16:43.310,12.73008,12.73329,0.00,0.00
2015.02.02 15:16:43.461,12.72981,12.73319,0.00,0.00
2015.02.02 15:16:43.562,12.73014,12.73329,0.00,0.00
2015.02.02 15:16:44.018,12.73016,12.73329,0.00,0.00
2015.02.02 15:16:44.068,12.73016,12.73331,0.00,0.00
2015.02.02 15:16:44.119,12.73031,12.73381,0.00,0.00
2015.02.02 15:16:44.169,12.73043,12.73381,0.00,0.00
2015.02.02 15:16:45.138,12.73054,12.73381,0.00,0.00
2015.02.02 15:16:45.440,12.73036,12.73381,0.00,0.00
2015.02.02 15:16:45.981,12.73036,12.73358,0.00,0.00
2015.02.02 15:16:46.233,12.72997,12.73332,0.00,0.00
2015.02.02 15:16:46.284,12.73016,12.73332,0.00,0.00
2015.02.02 15:16:46.544,12.73001,12.73332,0.00,0.00
2015.02.02 15:16:46.645,12.72986,12.73332,0.00,0.00
2015.02.02 15:16:47.191,12.73032,12.73332,0.00,0.00
2015.02.02 15:16:47.242,12.73032,12.73371,0.00,0.00
2015.02.02 15:16:47.292,12.73076,12.73371,0.00,0.00
2015.02.02 15:16:47.750,12.73076,12.73332,0.00,0.00
2015.02.02 15:16:48.093,12.73061,12.73332,0.00,0.00
2015.02.02 15:16:48.341,12.73061,12.73272,0.00,0.00
2015.02.02 15:16:48.391,12.73046,12.73272,0.00,0.00
2015.02.02 15:16:48.442,12.73046,12.73332,0.00,0.00
2015.02.02 15:16:48.766,12.73061,12.73372,0.00,0.00
2015.02.02 15:16:48.867,12.73096,12.73372,0.00,0.00
2015.02.02 15:16:49.159,12.73082,12.73372,0.00,0.00
2015.02.02 15:16:49.363,12.73097,12.73372,0.00,0.00
2015.02.02 15:16:49.668,12.73085,12.73372,0.00,0.00
2015.02.02 15:16:50.183,12.73096,12.73372,0.00,0.00
2015.02.02 15:16:50.450,12.73084,12.73372,0.00,0.00
2015.02.02 15:16:50.692,12.73096,12.73372,0.00,0.00
2015.02.02 15:16:50.800,12.7307,12.73372,0.00,0.00
2015.02.02 15:16:50.850,12.7307,12.73331,0.00,0.00
2015.02.02 15:16:51.192,12.73079,12.73331,0.00,0.00
2015.02.02 15:16:51.453,12.7306,12.73332,0.00,0.00
2015.02.02 15:16:51.853,12.73071,12.73332,0.00,0.00
2015.02.02 15:16:52.286,12.73092,12.73372,0.00,0.00
2015.02.02 15:16:52.387,12.73151,12.73371,0.00,0.00
2015.02.02 15:16:52.488,12.73131,12.73429,0.00,0.00
2015.02.02 15:16:52.589,12.73182,12.73429,0.00,0.00
2015.02.02 15:16:52.891,12.73153,12.73429,0.00,0.00
2015.02.02 15:16:52.941,12.73153,12.73421,0.00,0.00
2015.02.02 15:16:53.160,12.73081,12.73372,0.00,0.00
2015.02.02 15:16:53.260,12.73136,12.73421,0.00,0.00
2015.02.02 15:16:53.902,12.73136,12.73372,0.00,0.00
2015.02.02 15:16:54.054,12.73136,12.73421,0.00,0.00
2015.02.02 15:16:54.270,12.73136,12.73371,0.00,0.00
2015.02.02 15:16:54.370,12.73099,12.73372,0.00,0.00
2015.02.02 15:16:54.630,12.73099,12.73408,0.00,0.00
2015.02.02 15:16:54.681,12.73121,12.73428,0.00,0.00
2015.02.02 15:16:55.065,12.73155,12.73428,0.00,0.00
2015.02.02 15:16:55.215,12.73171,12.73448,0.00,0.00
2015.02.02 15:16:55.316,12.73159,12.73448,0.00,0.00
2015.02.02 15:16:55.366,12.73141,12.73422,0.00,0.00
2015.02.02 15:16:55.467,12.73122,12.73422,0.00,0.00
2015.02.02 15:16:55.568,12.73066,12.73409,0.00,0.00
2015.02.02 15:16:55.669,12.73079,12.73409,0.00,0.00
2015.02.02 15:16:55.770,12.73057,12.73409,0.00,0.00
2015.02.02 15:16:56.067,12.7309,12.73409,0.00,0.00
2015.02.02 15:16:56.268,12.73057,12.73409,0.00,0.00
2015.02.02 15:16:56.504,12.73097,12.73409,0.00,0.00
2015.02.02 15:16:56.605,12.73081,12.73409,0.00,0.00
2015.02.02 15:16:56.656,12.73081,12.73358,0.00,0.00
2015.02.02 15:16:56.706,12.73037,12.73358,0.00,0.00
2015.02.02 15:16:56.911,12.73055,12.73358,0.00,0.00
2015.02.02 15:16:57.012,12.73055,12.73409,0.00,0.00
2015.02.02 15:16:57.113,12.73078,12.73409,0.00,0.00
2015.02.02 15:16:57.603,12.73103,12.73409,0.00,0.00
2015.02.02 15:16:57.983,12.73076,12.73409,0.00,0.00
2015.02.02 15:16:58.191,12.73052,12.73369,0.00,0.00
2015.02.02 15:16:58.409,12.73036,12.73369,0.00,0.00
2015.02.02 15:16:58.521,12.73062,12.73369,0.00,0.00
2015.02.02 15:16:58.574,12.73031,12.73369,0.00,0.00
2015.02.02 15:16:58.983,12.73045,12.73359,0.00,0.00
2015.02.02 15:16:59.291,12.73076,12.73409,0.00,0.00
2015.02.02 15:16:59.630,12.73076,12.73359,0.00,0.00
2015.02.02 15:16:59.681,12.73061,12.73359,0.00,0.00
2015.02.02 15:16:59.781,12.73031,12.73359,0.00,0.00
2015.02.02 15:17:00.381,12.73047,12.73359,0.00,0.00
2015.02.02 15:17:00.779,12.73062,12.73359,0.00,0.00
2015.02.02 15:17:01.153,12.73062,12.73382,0.00,0.00
2015.02.02 15:17:01.254,12.73074,12.73408,0.00,0.00
2015.02.02 15:17:01.304,12.73099,12.73408,0.00,0.00
2015.02.02 15:17:01.405,12.73051,12.73408,0.00,0.00
2015.02.02 15:17:01.694,12.73053,12.73408,0.00,0.00
2015.02.02 15:17:01.795,12.73041,12.73408,0.00,0.00
2015.02.02 15:17:01.845,12.73041,12.73358,0.00,0.00
2015.02.02 15:17:02.195,12.73045,12.73358,0.00,0.00
2015.02.02 15:17:02.911,12.73061,12.73409,0.00,0.00
2015.02.02 15:17:03.113,12.73082,12.73409,0.00,0.00
2015.02.02 15:17:03.621,12.73082,12.73408,0.00,0.00
2015.02.02 15:17:04.186,12.73056,12.73409,0.00,0.00
2015.02.02 15:17:04.236,12.73056,12.73359,0.00,0.00
2015.02.02 15:17:04.287,12.73041,12.73359,0.00,0.00
2015.02.02 15:17:05.267,12.73041,12.73358,0.00,0.00
2015.02.02 15:17:05.662,12.73041,12.73409,0.00,0.00
2015.02.02 15:17:05.712,12.73063,12.73409,0.00,0.00
2015.02.02 15:17:06.036,12.73129,12.73421,0.00,0.00
2015.02.02 15:17:06.141,12.7315,12.73448,0.00,0.00
2015.02.02 15:17:06.597,12.73122,12.73448,0.00,0.00
2015.02.02 15:17:06.648,12.73122,12.73419,0.00,0.00
2015.02.02 15:17:06.699,12.73054,12.73419,0.00,0.00
2015.02.02 15:17:06.750,12.73054,12.73368,0.00,0.00
2015.02.02 15:17:07.066,12.73118,12.73408,0.00,0.00
2015.02.02 15:17:07.306,12.73061,12.73408,0.00,0.00
2015.02.02 15:17:07.408,12.73079,12.73408,0.00,0.00
2015.02.02 15:17:07.728,12.73145,12.73448,0.00,0.00
2015.02.02 15:17:07.929,12.7305,12.73359,0.00,0.00
2015.02.02 15:17:07.996,12.73019,12.73359,0.00,0.00
2015.02.02 15:17:08.047,12.73019,12.73318,0.00,0.00
2015.02.02 15:17:08.097,12.73,12.73318,0.00,0.00
2015.02.02 15:17:08.151,12.73,12.73259,0.00,0.00
2015.02.02 15:17:08.202,12.7296,12.73259,0.00,0.00
2015.02.02 15:17:08.303,12.7296,12.73262,0.00,0.00
2015.02.02 15:17:08.403,12.72981,12.73308,0.00,0.00
2015.02.02 15:17:08.621,12.73017,12.73308,0.00,0.00
2015.02.02 15:17:08.798,12.72997,12.73308,0.00,0.00
2015.02.02 15:17:09.099,12.72984,12.73308,0.00,0.00
2015.02.02 15:17:09.149,12.72984,12.73299,0.00,0.00
2015.02.02 15:17:09.627,12.73002,12.73298,0.00,0.00
2015.02.02 15:17:09.944,12.73072,12.73328,0.00,0.00
2015.02.02 15:17:10.285,12.73072,12.73298,0.00,0.00
2015.02.02 15:17:10.335,12.73041,12.73298,0.00,0.00
2015.02.02 15:17:10.436,12.73071,12.73298,0.00,0.00
2015.02.02 15:17:10.538,12.73046,12.73298,0.00,0.00
2015.02.02 15:17:10.639,12.73071,12.73298,0.00,0.00
2015.02.02 15:17:11.230,12.73071,12.73318,0.00,0.00
2015.02.02 15:17:11.539,12.73047,12.73318,0.00,0.00
2015.02.02 15:17:11.640,12.73096,12.73318,0.00,0.00
2015.02.02 15:17:12.151,12.73079,12.73318,0.00,0.00
2015.02.02 15:17:12.746,12.73092,12.73318,0.00,0.00
2015.02.02 15:17:12.908,12.7308,12.73318,0.00,0.00
2015.02.02 15:17:13.009,12.73052,12.73318,0.00,0.00
2015.02.02 15:17:13.409,12.73081,12.73318,0.00,0.00
2015.02.02 15:17:14.110,12.73052,12.73318,0.00,0.00
2015.02.02 15:17:14.823,12.73067,12.73318,0.00,0.00
2015.02.02 15:17:15.185,12.73082,12.73318,0.00,0.00
2015.02.02 15:17:16.470,12.73057,12.73318,0.00,0.00
2015.02.02 15:17:17.118,12.7307,12.73318,0.00,0.00
2015.02.02 15:17:17.549,12.73054,12.73318,0.00,0.00
2015.02.02 15:17:17.755,12.73069,12.73318,0.00,0.00
2015.02.02 15:17:18.451,12.7307,12.73318,0.00,0.00
2015.02.02 15:17:18.923,12.73053,12.73318,0.00,0.00
2015.02.02 15:17:19.125,12.73081,12.73318,0.00,0.00
2015.02.02 15:17:19.323,12.73069,12.73318,0.00,0.00
2015.02.02 15:17:19.470,12.73082,12.73318,0.00,0.00
2015.02.02 15:17:19.824,12.73055,12.73318,0.00,0.00
2015.02.02 15:17:20.041,12.73081,12.73318,0.00,0.00
2015.02.02 15:17:20.151,12.73081,12.73362,0.00,0.00
2015.02.02 15:17:20.202,12.73081,12.73399,0.00,0.00
2015.02.02 15:17:20.252,12.73164,12.73399,0.00,0.00
2015.02.02 15:17:21.251,12.73142,12.73419,0.00,0.00
2015.02.02 15:17:21.534,12.73155,12.73419,0.00,0.00
2015.02.02 15:17:22.261,12.73173,12.73399,0.00,0.00
2015.02.02 15:17:22.362,12.73141,12.73399,0.00,0.00
2015.02.02 15:17:22.632,12.73177,12.73399,0.00,0.00
2015.02.02 15:17:23.339,12.73177,12.73418,0.00,0.00
2015.02.02 15:17:23.793,12.7319,12.73418,0.00,0.00
2015.02.02 15:17:24.223,12.7319,12.73319,0.00,0.00
2015.02.02 15:17:24.273,12.73156,12.73319,0.00,0.00
2015.02.02 15:17:24.335,12.73136,12.73319,0.00,0.00
2015.02.02 15:17:26.131,12.73136,12.73398,0.00,0.00
2015.02.02 15:17:26.182,12.73189,12.73398,0.00,0.00
2015.02.02 15:17:26.383,12.73177,12.73398,0.00,0.00
2015.02.02 15:17:26.484,12.73162,12.73398,0.00,0.00
2015.02.02 15:17:26.669,12.73188,12.73398,0.00,0.00
2015.02.02 15:17:26.979,12.73177,12.73398,0.00,0.00
2015.02.02 15:17:27.079,12.73177,12.73419,0.00,0.00
2015.02.02 15:17:27.231,12.73177,12.73362,0.00,0.00
2015.02.02 15:17:27.281,12.73145,12.73362,0.00,0.00
2015.02.02 15:17:27.382,12.73089,12.73362,0.00,0.00
2015.02.02 15:17:27.542,12.73075,12.73362,0.00,0.00
2015.02.02 15:17:27.643,12.73084,12.73362,0.00,0.00
2015.02.02 15:17:27.956,12.73084,12.73319,0.00,0.00
2015.02.02 15:17:28.846,12.73098,12.73319,0.00,0.00
2015.02.02 15:17:29.087,12.73132,12.73399,0.00,0.00
2015.02.02 15:17:29.138,12.73174,12.73399,0.00,0.00
2015.02.02 15:17:29.390,12.73286,12.73519,0.00,0.00
2015.02.02 15:17:29.660,12.73276,12.73519,0.00,0.00
2015.02.02 15:17:30.264,12.73258,12.73519,0.00,0.00
2015.02.02 15:17:30.476,12.73294,12.73519,0.00,0.00
2015.02.02 15:17:30.667,12.73258,12.73519,0.00,0.00
2015.02.02 15:17:30.786,12.73289,12.73519,0.00,0.00
2015.02.02 15:17:31.173,12.73256,12.73519,0.00,0.00
2015.02.02 15:17:31.274,12.73331,12.73598,0.00,0.00
2015.02.02 15:17:31.375,12.73373,12.73598,0.00,0.00
2015.02.02 15:17:31.476,12.73355,12.73598,0.00,0.00
2015.02.02 15:17:31.579,12.7334,12.73598,0.00,0.00
2015.02.02 15:17:31.779,12.73367,12.73598,0.00,0.00
2015.02.02 15:17:31.880,12.7335,12.73598,0.00,0.00
2015.02.02 15:17:32.174,12.73365,12.73598,0.00,0.00
2015.02.02 15:17:32.275,12.73365,12.73619,0.00,0.00
2015.02.02 15:17:33.719,12.73365,12.73561,0.00,0.00
2015.02.02 15:17:33.770,12.73345,12.73561,0.00,0.00
2015.02.02 15:17:33.820,12.73345,12.73519,0.00,0.00
2015.02.02 15:17:33.871,12.73331,12.73519,0.00,0.00
2015.02.02 15:17:33.972,12.73312,12.73519,0.00,0.00
2015.02.02 15:17:34.072,12.73292,12.73519,0.00,0.00
2015.02.02 15:17:34.173,12.73275,12.73519,0.00,0.00
2015.02.02 15:17:35.145,12.73275,12.73561,0.00,0.00
2015.02.02 15:17:35.196,12.73347,12.73598,0.00,0.00
2015.02.02 15:17:35.475,12.73321,12.73598,0.00,0.00
2015.02.02 15:17:36.319,12.73321,12.73518,0.00,0.00
2015.02.02 15:17:36.370,12.7329,12.73518,0.00,0.00
2015.02.02 15:17:36.470,12.7332,12.73518,0.00,0.00
2015.02.02 15:17:36.777,12.73295,12.73518,0.00,0.00
2015.02.02 15:17:36.878,12.7333,12.73518,0.00,0.00
2015.02.02 15:17:37.130,12.73396,12.73619,0.00,0.00
2015.02.02 15:17:37.180,12.7342,12.73619,0.00,0.00
2015.02.02 15:17:37.585,12.73442,12.73619,0.00,0.00
2015.02.02 15:17:37.636,12.73405,12.73619,0.00,0.00
2015.02.02 15:17:37.991,12.73441,12.73718,0.00,0.00
2015.02.02 15:17:38.041,12.73441,12.73701,0.00,0.00
2015.02.02 15:17:38.092,12.7341,12.73701,0.00,0.00
2015.02.02 15:17:38.193,12.73355,12.73701,0.00,0.00
2015.02.02 15:17:38.244,12.73355,12.73651,0.00,0.00
2015.02.02 15:17:38.647,12.73355,12.73619,0.00,0.00
2015.02.02 15:17:39.108,12.73371,12.73619,0.00,0.00
2015.02.02 15:17:39.422,12.73414,12.73619,0.00,0.00
2015.02.02 15:17:39.624,12.73414,12.73698,0.00,0.00
2015.02.02 15:17:46.551,12.73414,12.73619,0.00,0.00
2015.02.02 15:17:46.602,12.73395,12.73619,0.00,0.00
2015.02.02 15:17:46.703,12.7342,12.73619,0.00,0.00
2015.02.02 15:17:47.121,12.73341,12.73619,0.00,0.00
2015.02.02 15:17:47.172,12.73341,12.73611,0.00,0.00
2015.02.02 15:17:47.222,12.73321,12.73611,0.00,0.00
2015.02.02 15:17:47.425,12.73346,12.73611,0.00,0.00
2015.02.02 15:17:47.493,12.73305,12.73611,0.00,0.00
2015.02.02 15:17:47.543,12.73305,12.73598,0.00,0.00
2015.02.02 15:17:48.336,12.73315,12.73598,0.00,0.00
2015.02.02 15:17:50.186,12.73315,12.73518,0.00,0.00
2015.02.02 15:17:50.237,12.73281,12.73518,0.00,0.00
2015.02.02 15:17:50.337,12.73275,12.73518,0.00,0.00
2015.02.02 15:17:50.599,12.73291,12.73518,0.00,0.00
2015.02.02 15:17:51.200,12.73276,12.73518,0.00,0.00
2015.02.02 15:17:51.327,12.7329,12.73518,0.00,0.00
2015.02.02 15:17:52.003,12.73271,12.73518,0.00,0.00
2015.02.02 15:17:52.109,12.73293,12.73518,0.00,0.00
2015.02.02 15:17:52.211,12.7327,12.73518,0.00,0.00
2015.02.02 15:17:52.527,12.73295,12.73518,0.00,0.00
2015.02.02 15:17:52.646,12.73283,12.73518,0.00,0.00
2015.02.02 15:17:52.874,12.73267,12.73518,0.00,0.00
2015.02.02 15:17:52.925,12.73281,12.73518,0.00,0.00
2015.02.02 15:17:53.117,12.73264,12.73518,0.00,0.00
2015.02.02 15:17:53.421,12.73295,12.73518,0.00,0.00
2015.02.02 15:17:53.637,12.73251,12.73498,0.00,0.00
2015.02.02 15:17:53.740,12.73153,12.73461,0.00,0.00
2015.02.02 15:17:53.909,12.73156,12.73462,0.00,0.00
2015.02.02 15:17:54.211,12.73132,12.73412,0.00,0.00
2015.02.02 15:17:54.513,12.73145,12.73318,0.00,0.00
2015.02.02 15:17:54.614,12.73128,12.73318,0.00,0.00
2015.02.02 15:17:54.715,12.7317,12.73318,0.00,0.00
2015.02.02 15:17:54.916,12.7319,12.73419,0.00,0.00
2015.02.02 15:17:55.017,12.73245,12.73419,0.00,0.00
2015.02.02 15:17:55.339,12.73205,12.73419,0.00,0.00
2015.02.02 15:17:55.439,12.73177,12.73419,0.00,0.00
2015.02.02 15:17:55.748,12.7319,12.73419,0.00,0.00
2015.02.02 15:17:56.050,12.73153,12.73399,0.00,0.00
2015.02.02 15:17:56.151,12.73147,12.73399,0.00,0.00
2015.02.02 15:17:56.357,12.73171,12.73399,0.00,0.00
2015.02.02 15:17:56.729,12.73147,12.73399,0.00,0.00
2015.02.02 15:17:56.999,12.73147,12.73411,0.00,0.00
2015.02.02 15:17:57.050,12.73147,12.73418,0.00,0.00
2015.02.02 15:17:57.150,12.73181,12.73418,0.00,0.00
2015.02.02 15:17:57.452,12.73169,12.73418,0.00,0.00
2015.02.02 15:17:57.654,12.73196,12.73418,0.00,0.00
2015.02.02 15:17:57.930,12.73169,12.73418,0.00,0.00
2015.02.02 15:17:58.031,12.73157,12.73412,0.00,0.00
2015.02.02 15:17:58.140,12.73113,12.73399,0.00,0.00
2015.02.02 15:17:58.241,12.73128,12.73399,0.00,0.00
2015.02.02 15:17:58.591,12.73171,12.73399,0.00,0.00
2015.02.02 15:17:58.920,12.73229,12.73399,0.00,0.00
2015.02.02 15:17:59.021,12.73128,12.73399,0.00,0.00
2015.02.02 15:17:59.251,12.73141,12.73399,0.00,0.00
2015.02.02 15:17:59.572,12.73145,12.73319,0.00,0.00
2015.02.02 15:18:00.240,12.7317,12.73319,0.00,0.00
2015.02.02 15:18:00.451,12.73145,12.73399,0.00,0.00
2015.02.02 15:18:00.857,12.7316,12.73399,0.00,0.00
2015.02.02 15:18:01.215,12.73218,12.73399,0.00,0.00
2015.02.02 15:18:01.417,12.73218,12.73419,0.00,0.00
2015.02.02 15:18:01.517,12.73204,12.73419,0.00,0.00
2015.02.02 15:18:01.568,12.73174,12.73361,0.00,0.00
2015.02.02 15:18:01.669,12.73159,12.73419,0.00,0.00
2015.02.02 15:18:01.770,12.73159,12.73411,0.00,0.00
2015.02.02 15:18:02.073,12.73145,12.73361,0.00,0.00
2015.02.02 15:18:02.123,12.73145,12.73412,0.00,0.00
2015.02.02 15:18:02.390,12.73145,12.73399,0.00,0.00
2015.02.02 15:18:02.853,12.7316,12.73399,0.00,0.00
2015.02.02 15:18:03.202,12.73181,12.73399,0.00,0.00
2015.02.02 15:18:03.379,12.73181,12.73418,0.00,0.00
2015.02.02 15:18:03.583,12.73158,12.73418,0.00,0.00
2015.02.02 15:18:03.833,12.73172,12.73418,0.00,0.00
2015.02.02 15:18:04.033,12.73151,12.73418,0.00,0.00
2015.02.02 15:18:04.084,12.73151,12.73411,0.00,0.00
2015.02.02 15:18:04.135,12.73121,12.73411,0.00,0.00
2015.02.02 15:18:04.185,12.7309,12.73319,0.00,0.00
2015.02.02 15:18:04.236,12.73075,12.73319,0.00,0.00
2015.02.02 15:18:04.849,12.73058,12.73319,0.00,0.00
2015.02.02 15:18:04.900,12.73058,12.73312,0.00,0.00
2015.02.02 15:18:04.950,12.73042,12.73312,0.00,0.00
2015.02.02 15:18:05.139,12.73042,12.73218,0.00,0.00
2015.02.02 15:18:05.240,12.73027,12.73218,0.00,0.00
2015.02.02 15:18:05.340,12.73055,12.73218,0.00,0.00
2015.02.02 15:18:05.449,12.72995,12.73218,0.00,0.00
2015.02.02 15:18:06.055,12.73015,12.73218,0.00,0.00
2015.02.02 15:18:06.156,12.73055,12.73298,0.00,0.00
2015.02.02 15:18:06.358,12.73037,12.73298,0.00,0.00
2015.02.02 15:18:07.063,12.73053,12.73298,0.00,0.00
2015.02.02 15:18:07.270,12.73053,12.73319,0.00,0.00
2015.02.02 15:18:07.320,12.73053,12.73312,0.00,0.00
2015.02.02 15:18:07.636,12.73053,12.73262,0.00,0.00
2015.02.02 15:18:07.687,12.7299,12.73262,0.00,0.00
2015.02.02 15:18:07.957,12.73016,12.73262,0.00,0.00
2015.02.02 15:18:08.259,12.7298,12.73218,0.00,0.00
2015.02.02 15:18:08.586,12.72968,12.73218,0.00,0.00
2015.02.02 15:18:08.637,12.72968,12.73202,0.00,0.00
2015.02.02 15:18:08.939,12.72996,12.73218,0.00,0.00
2015.02.02 15:18:09.261,12.7297,12.73199,0.00,0.00
2015.02.02 15:18:09.938,12.7297,12.73151,0.00,0.00
2015.02.02 15:18:09.988,12.72953,12.73151,0.00,0.00
2015.02.02 15:18:10.039,12.72953,12.73199,0.00,0.00
2015.02.02 15:18:10.267,12.72979,12.73199,0.00,0.00
2015.02.02 15:18:10.649,12.72962,12.73199,0.00,0.00
2015.02.02 15:18:10.750,12.72986,12.73199,0.00,0.00
2015.02.02 15:18:11.571,12.72986,12.73151,0.00,0.00
2015.02.02 15:18:11.672,12.72951,12.73151,0.00,0.00
2015.02.02 15:18:11.773,12.7293,12.73119,0.00,0.00
2015.02.02 15:18:12.826,12.72929,12.73119,0.00,0.00
2015.02.02 15:18:13.553,12.7293,12.73119,0.00,0.00
2015.02.02 15:18:13.957,12.72895,12.73119,0.00,0.00
2015.02.02 15:18:14.058,12.7293,12.73119,0.00,0.00
2015.02.02 15:18:14.377,12.72906,12.73119,0.00,0.00
2015.02.02 15:18:14.490,12.72906,12.73151,0.00,0.00
2015.02.02 15:18:14.541,12.72906,12.73199,0.00,0.00
2015.02.02 15:18:14.591,12.72931,12.73199,0.00,0.00
2015.02.02 15:18:15.016,12.7297,12.73199,0.00,0.00
2015.02.02 15:18:15.067,12.72947,12.73199,0.00,0.00
2015.02.02 15:18:15.168,12.7293,12.73199,0.00,0.00
2015.02.02 15:18:15.763,12.72917,12.73199,0.00,0.00
2015.02.02 15:18:15.863,12.72934,12.73199,0.00,0.00
2015.02.02 15:18:16.030,12.72934,12.73201,0.00,0.00
2015.02.02 15:18:16.081,12.72934,12.73218,0.00,0.00
2015.02.02 15:18:16.182,12.73004,12.73218,0.00,0.00
2015.02.02 15:18:16.383,12.7298,12.73218,0.00,0.00
2015.02.02 15:18:16.484,12.73001,12.73218,0.00,0.00
2015.02.02 15:18:17.000,12.72984,12.73218,0.00,0.00
2015.02.02 15:18:17.101,12.72969,12.73218,0.00,0.00
2015.02.02 15:18:17.202,12.72954,12.73218,0.00,0.00
2015.02.02 15:18:17.816,12.7298,12.73218,0.00,0.00
2015.02.02 15:18:18.039,12.73012,12.73298,0.00,0.00
2015.02.02 15:18:18.089,12.7304,12.73261,0.00,0.00
2015.02.02 15:18:18.305,12.72999,12.73298,0.00,0.00
2015.02.02 15:18:18.406,12.73044,12.73298,0.00,0.00
2015.02.02 15:18:18.711,12.73025,12.73298,0.00,0.00
2015.02.02 15:18:18.771,12.73041,12.73298,0.00,0.00
2015.02.02 15:18:19.329,12.73041,12.73311,0.00,0.00
2015.02.02 15:18:19.380,12.7306,12.73319,0.00,0.00
2015.02.02 15:18:19.721,12.73074,12.73319,0.00,0.00
2015.02.02 15:18:20.324,12.7309,12.73319,0.00,0.00
2015.02.02 15:18:20.631,12.73072,12.73319,0.00,0.00
2015.02.02 15:18:20.681,12.73072,12.73299,0.00,0.00
2015.02.02 15:18:20.732,12.73055,12.73299,0.00,0.00
2015.02.02 15:18:20.832,12.73013,12.73299,0.00,0.00
2015.02.02 15:18:21.486,12.73042,12.73299,0.00,0.00
2015.02.02 15:18:21.791,12.73012,12.73219,0.00,0.00
2015.02.02 15:18:22.295,12.73001,12.73219,0.00,0.00
2015.02.02 15:18:23.301,12.73017,12.73262,0.00,0.00
2015.02.02 15:18:23.402,12.73028,12.73298,0.00,0.00
2015.02.02 15:18:23.452,12.73028,12.73262,0.00,0.00
2015.02.02 15:18:23.503,12.72994,12.73262,0.00,0.00
2015.02.02 15:18:23.901,12.73012,12.73262,0.00,0.00
2015.02.02 15:18:24.002,12.73012,12.73298,0.00,0.00
2015.02.02 15:18:24.979,12.73012,12.73262,0.00,0.00
2015.02.02 15:18:25.349,12.72975,12.73219,0.00,0.00
2015.02.02 15:18:26.128,12.7299,12.73219,0.00,0.00
2015.02.02 15:18:26.330,12.72954,12.73219,0.00,0.00
2015.02.02 15:18:26.431,12.73012,12.73219,0.00,0.00
2015.02.02 15:18:26.833,12.72994,12.73219,0.00,0.00
2015.02.02 15:18:27.035,12.72975,12.73219,0.00,0.00
2015.02.02 15:18:27.355,12.73001,12.73219,0.00,0.00
2015.02.02 15:18:27.457,12.72965,12.73219,0.00,0.00
2015.02.02 15:18:27.560,12.73014,12.73219,0.00,0.00
2015.02.02 15:18:27.848,12.72985,12.73219,0.00,0.00
2015.02.02 15:18:28.730,12.73013,12.73219,0.00,0.00
2015.02.02 15:18:29.313,12.72996,12.73219,0.00,0.00
2015.02.02 15:18:29.464,12.72985,12.73219,0.00,0.00
2015.02.02 15:18:29.565,12.72962,12.73219,0.00,0.00
2015.02.02 15:18:30.365,12.72991,12.73219,0.00,0.00
2015.02.02 15:18:30.466,12.72975,12.73219,0.00,0.00
2015.02.02 15:18:31.476,12.72994,12.73219,0.00,0.00
2015.02.02 15:18:31.881,12.73006,12.73219,0.00,0.00
2015.02.02 15:18:32.286,12.73019,12.73219,0.00,0.00
2015.02.02 15:18:32.694,12.72973,12.73219,0.00,0.00
2015.02.02 15:18:33.363,12.72961,12.73219,0.00,0.00
2015.02.02 15:18:33.563,12.7297,12.73219,0.00,0.00
2015.02.02 15:18:35.221,12.72988,12.73219,0.00,0.00
2015.02.02 15:18:35.278,12.72978,12.73219,0.00,0.00
2015.02.02 15:18:35.379,12.72962,12.73219,0.00,0.00
2015.02.02 15:18:35.481,12.72957,12.73219,0.00,0.00
2015.02.02 15:18:35.582,12.72983,12.73219,0.00,0.00
2015.02.02 15:18:36.430,12.73001,12.73219,0.00,0.00
2015.02.02 15:18:36.795,12.73018,12.73219,0.00,0.00
2015.02.02 15:18:36.845,12.73018,12.73262,0.00,0.00
2015.02.02 15:18:36.896,12.7304,12.73298,0.00,0.00
2015.02.02 15:18:36.997,12.73086,12.73298,0.00,0.00
2015.02.02 15:18:37.325,12.73059,12.73298,0.00,0.00
2015.02.02 15:18:37.430,12.73045,12.73298,0.00,0.00
2015.02.02 15:18:37.530,12.73031,12.73298,0.00,0.00
2015.02.02 15:18:37.649,12.73031,12.73252,0.00,0.00
2015.02.02 15:18:37.699,12.73014,12.73252,0.00,0.00
2015.02.02 15:18:37.750,12.73014,12.73298,0.00,0.00
2015.02.02 15:18:37.801,12.7303,12.73298,0.00,0.00
2015.02.02 15:18:38.115,12.73046,12.73251,0.00,0.00
2015.02.02 15:18:38.712,12.73063,12.73219,0.00,0.00
2015.02.02 15:18:38.813,12.73031,12.73219,0.00,0.00
2015.02.02 15:18:39.109,12.73058,12.73219,0.00,0.00
2015.02.02 15:18:39.159,12.73058,12.73299,0.00,0.00
2015.02.02 15:18:39.308,12.73024,12.73299,0.00,0.00
2015.02.02 15:18:39.409,12.73049,12.73299,0.00,0.00
2015.02.02 15:18:39.810,12.73033,12.73299,0.00,0.00
2015.02.02 15:18:40.124,12.73066,12.73299,0.00,0.00
2015.02.02 15:18:40.999,12.73066,12.73219,0.00,0.00
2015.02.02 15:18:41.150,12.73031,12.73219,0.00,0.00
2015.02.02 15:18:41.515,12.73044,12.73219,0.00,0.00
2015.02.02 15:18:42.098,12.73044,12.73298,0.00,0.00
2015.02.02 15:18:42.342,12.73029,12.73298,0.00,0.00
2015.02.02 15:18:42.546,12.7298,12.73298,0.00,0.00
2015.02.02 15:18:42.597,12.7298,12.73252,0.00,0.00
2015.02.02 15:18:42.648,12.72968,12.73252,0.00,0.00
2015.02.02 15:18:43.089,12.72968,12.73218,0.00,0.00
2015.02.02 15:18:43.657,12.73003,12.73218,0.00,0.00
2015.02.02 15:18:44.007,12.73053,12.73218,0.00,0.00
2015.02.02 15:18:44.078,12.73053,12.73299,0.00,0.00
2015.02.02 15:18:44.268,12.73041,12.73299,0.00,0.00
2015.02.02 15:18:44.670,12.73006,12.73299,0.00,0.00
2015.02.02 15:18:44.775,12.73056,12.73299,0.00,0.00
2015.02.02 15:18:45.069,12.73042,12.73299,0.00,0.00
2015.02.02 15:18:45.170,12.73059,12.73299,0.00,0.00
2015.02.02 15:18:45.653,12.73059,12.73282,0.00,0.00
2015.02.02 15:18:45.995,12.73028,12.73218,0.00,0.00
2015.02.02 15:18:46.317,12.73042,12.73218,0.00,0.00
2015.02.02 15:18:46.468,12.72973,12.73218,0.00,0.00
2015.02.02 15:18:46.750,12.72993,12.73218,0.00,0.00
2015.02.02 15:18:46.951,12.72984,12.73218,0.00,0.00
2015.02.02 15:18:47.182,12.72984,12.73282,0.00,0.00
2015.02.02 15:18:47.283,12.73037,12.73282,0.00,0.00
2015.02.02 15:18:47.687,12.73025,12.73282,0.00,0.00
2015.02.02 15:18:48.079,12.73025,12.73231,0.00,0.00
2015.02.02 15:18:48.180,12.73001,12.73218,0.00,0.00
2015.02.02 15:18:48.281,12.72972,12.73218,0.00,0.00
2015.02.02 15:18:48.699,12.73013,12.73218,0.00,0.00
2015.02.02 15:18:48.901,12.72985,12.73218,0.00,0.00
2015.02.02 15:18:49.102,12.72967,12.73218,0.00,0.00
2015.02.02 15:18:49.580,12.72967,12.73119,0.00,0.00
2015.02.02 15:18:49.681,12.72901,12.73119,0.00,0.00
2015.02.02 15:18:49.782,12.72893,12.73119,0.00,0.00
2015.02.02 15:18:50.219,12.72913,12.73119,0.00,0.00
2015.02.02 15:18:50.574,12.72888,12.73119,0.00,0.00
2015.02.02 15:18:50.676,12.72875,12.73119,0.00,0.00
2015.02.02 15:18:50.877,12.72893,12.73119,0.00,0.00
2015.02.02 15:18:51.319,12.72876,12.73119,0.00,0.00
2015.02.02 15:18:51.780,12.72893,12.73119,0.00,0.00
2015.02.02 15:18:52.007,12.72872,12.73119,0.00,0.00
2015.02.02 15:18:53.085,12.72888,12.73119,0.00,0.00
2015.02.02 15:18:53.488,12.72903,12.73119,0.00,0.00
2015.02.02 15:18:53.593,12.72871,12.73119,0.00,0.00
2015.02.02 15:18:53.694,12.72893,12.73119,0.00,0.00
2015.02.02 15:18:54.296,12.72869,12.73119,0.00,0.00
2015.02.02 15:18:54.496,12.72885,12.73119,0.00,0.00
2015.02.02 15:18:56.039,12.72874,12.73119,0.00,0.00
2015.02.02 15:18:56.208,12.72893,12.73119,0.00,0.00
2015.02.02 15:18:56.553,12.72873,12.73119,0.00,0.00
2015.02.02 15:18:56.654,12.72885,12.73119,0.00,0.00
2015.02.02 15:18:57.014,12.7287,12.73119,0.00,0.00
2015.02.02 15:18:57.435,12.72924,12.73119,0.00,0.00
2015.02.02 15:18:57.537,12.72903,12.73119,0.00,0.00
2015.02.02 15:18:57.819,12.72878,12.73119,0.00,0.00
2015.02.02 15:18:58.120,12.72893,12.73119,0.00,0.00
2015.02.02 15:18:58.251,12.72875,12.73119,0.00,0.00
2015.02.02 15:18:58.455,12.72902,12.73119,0.00,0.00
2015.02.02 15:18:58.732,12.72863,12.73119,0.00,0.00
2015.02.02 15:18:59.236,12.72883,12.73119,0.00,0.00
2015.02.02 15:18:59.438,12.72867,12.73119,0.00,0.00
2015.02.02 15:18:59.822,12.72882,12.73119,0.00,0.00
2015.02.02 15:19:00.141,12.72888,12.73119,0.00,0.00
2015.02.02 15:19:00.473,12.72863,12.73119,0.00,0.00
2015.02.02 15:19:01.429,12.72885,12.73119,0.00,0.00
2015.02.02 15:19:01.832,12.7289,12.73119,0.00,0.00
2015.02.02 15:19:02.238,12.72854,12.73119,0.00,0.00
2015.02.02 15:19:02.666,12.72888,12.73119,0.00,0.00
2015.02.02 15:19:02.964,12.72863,12.73119,0.00,0.00
2015.02.02 15:19:03.278,12.72892,12.73119,0.00,0.00
2015.02.02 15:19:03.378,12.72876,12.73119,0.00,0.00
2015.02.02 15:19:03.441,12.72857,12.73119,0.00,0.00
2015.02.02 15:19:03.558,12.72873,12.73119,0.00,0.00
2015.02.02 15:19:04.217,12.72873,12.73019,0.00,0.00
2015.02.02 15:19:04.368,12.72832,12.73019,0.00,0.00
2015.02.02 15:19:04.419,12.72769,12.73019,0.00,0.00
2015.02.02 15:19:04.751,12.7279,12.73019,0.00,0.00
2015.02.02 15:19:05.090,12.72775,12.73019,0.00,0.00
2015.02.02 15:19:05.254,12.72792,12.73019,0.00,0.00
2015.02.02 15:19:05.355,12.72762,12.73019,0.00,0.00
2015.02.02 15:19:05.596,12.72777,12.73019,0.00,0.00
2015.02.02 15:19:05.887,12.72757,12.73019,0.00,0.00
2015.02.02 15:19:06.198,12.7279,12.73019,0.00,0.00
2015.02.02 15:19:08.180,12.72759,12.73019,0.00,0.00
2015.02.02 15:19:08.419,12.72776,12.73019,0.00,0.00
2015.02.02 15:19:08.750,12.72791,12.73019,0.00,0.00
2015.02.02 15:19:08.800,12.72755,12.73019,0.00,0.00
2015.02.02 15:19:09.169,12.72755,12.72918,0.00,0.00
2015.02.02 15:19:09.220,12.72709,12.72918,0.00,0.00
2015.02.02 15:19:09.271,12.72678,12.72918,0.00,0.00
2015.02.02 15:19:09.322,12.72599,12.72918,0.00,0.00
2015.02.02 15:19:09.372,12.72599,12.72909,0.00,0.00
2015.02.02 15:19:09.423,12.72567,12.72891,0.00,0.00
2015.02.02 15:19:09.524,12.72551,12.72798,0.00,0.00
2015.02.02 15:19:09.826,12.7249,12.72798,0.00,0.00
2015.02.02 15:19:09.876,12.7249,12.72741,0.00,0.00
2015.02.02 15:19:10.181,12.72532,12.72798,0.00,0.00
2015.02.02 15:19:10.281,12.72522,12.72798,0.00,0.00
2015.02.02 15:19:10.382,12.7255,12.72798,0.00,0.00
2015.02.02 15:19:10.483,12.72523,12.72798,0.00,0.00
2015.02.02 15:19:10.705,12.72537,12.72798,0.00,0.00
2015.02.02 15:19:10.883,12.72521,12.72798,0.00,0.00
2015.02.02 15:19:11.084,12.72549,12.72798,0.00,0.00
2015.02.02 15:19:11.398,12.72469,12.72719,0.00,0.00
2015.02.02 15:19:11.686,12.72485,12.72719,0.00,0.00
2015.02.02 15:19:11.887,12.72468,12.72719,0.00,0.00
2015.02.02 15:19:12.288,12.72489,12.72719,0.00,0.00
2015.02.02 15:19:12.690,12.7253,12.72719,0.00,0.00
2015.02.02 15:19:12.791,12.7253,12.72799,0.00,0.00
2015.02.02 15:19:12.842,12.72607,12.72799,0.00,0.00
2015.02.02 15:19:12.942,12.72575,12.72799,0.00,0.00
2015.02.02 15:19:13.043,12.72536,12.72799,0.00,0.00
2015.02.02 15:19:13.094,12.72574,12.72792,0.00,0.00
2015.02.02 15:19:13.195,12.72574,12.72799,0.00,0.00
2015.02.02 15:19:13.300,12.72553,12.72792,0.00,0.00
2015.02.02 15:19:13.402,12.72533,12.72792,0.00,0.00
2015.02.02 15:19:13.503,12.72549,12.72792,0.00,0.00
2015.02.02 15:19:14.928,12.72564,12.72818,0.00,0.00
2015.02.02 15:19:15.029,12.72583,12.72818,0.00,0.00
2015.02.02 15:19:15.355,12.72596,12.72818,0.00,0.00
2015.02.02 15:19:15.455,12.72554,12.72818,0.00,0.00
2015.02.02 15:19:15.608,12.72583,12.72818,0.00,0.00
2015.02.02 15:19:15.708,12.72547,12.72818,0.00,0.00
2015.02.02 15:19:15.809,12.72552,12.72818,0.00,0.00
2015.02.02 15:19:16.112,12.72586,12.72841,0.00,0.00
2015.02.02 15:19:16.162,12.72627,12.72892,0.00,0.00
2015.02.02 15:19:16.212,12.72609,12.72892,0.00,0.00
2015.02.02 15:19:16.263,12.72609,12.72841,0.00,0.00
2015.02.02 15:19:16.790,12.72612,12.72841,0.00,0.00
2015.02.02 15:19:17.117,12.72626,12.72841,0.00,0.00
2015.02.02 15:19:17.167,12.72626,12.72891,0.00,0.00
2015.02.02 15:19:17.218,12.72595,12.72818,0.00,0.00
2015.02.02 15:19:17.318,12.72552,12.72818,0.00,0.00
2015.02.02 15:19:17.619,12.72534,12.72818,0.00,0.00
2015.02.02 15:19:18.123,12.72552,12.72818,0.00,0.00
2015.02.02 15:19:18.428,12.72531,12.72799,0.00,0.00
2015.02.02 15:19:18.529,12.72458,12.72791,0.00,0.00
2015.02.02 15:19:18.579,12.72458,12.72741,0.00,0.00
2015.02.02 15:19:18.932,12.72475,12.72741,0.00,0.00
2015.02.02 15:19:19.285,12.72499,12.72741,0.00,0.00
2015.02.02 15:19:19.626,12.72487,12.72718,0.00,0.00
2015.02.02 15:19:19.862,12.72466,12.72718,0.00,0.00
2015.02.02 15:19:19.912,12.72466,12.72682,0.00,0.00
2015.02.02 15:19:19.963,12.72431,12.72682,0.00,0.00
2015.02.02 15:19:20.013,12.72431,12.72641,0.00,0.00
2015.02.02 15:19:20.360,12.72476,12.72619,0.00,0.00
2015.02.02 15:19:20.538,12.72448,12.72619,0.00,0.00
2015.02.02 15:19:20.640,12.72436,12.72619,0.00,0.00
2015.02.02 15:19:20.743,12.7242,12.72619,0.00,0.00
2015.02.02 15:19:21.162,12.72442,12.72619,0.00,0.00
2015.02.02 15:19:21.364,12.72401,12.72619,0.00,0.00
2015.02.02 15:19:21.464,12.72384,12.72619,0.00,0.00
2015.02.02 15:19:21.653,12.7237,12.72619,0.00,0.00
2015.02.02 15:19:21.753,12.72468,12.72718,0.00,0.00
2015.02.02 15:19:22.174,12.72452,12.72719,0.00,0.00
2015.02.02 15:19:22.654,12.72468,12.72719,0.00,0.00
2015.02.02 15:19:22.966,12.72438,12.72719,0.00,0.00
2015.02.02 15:19:23.156,12.7247,12.72719,0.00,0.00
2015.02.02 15:19:23.691,12.72455,12.72719,0.00,0.00
2015.02.02 15:19:23.792,12.72472,12.72719,0.00,0.00
2015.02.02 15:19:23.907,12.72438,12.72719,0.00,0.00
2015.02.02 15:19:24.161,12.72455,12.72719,0.00,0.00
2015.02.02 15:19:24.463,12.72471,12.72719,0.00,0.00
2015.02.02 15:19:25.564,12.72454,12.72719,0.00,0.00
2015.02.02 15:19:25.810,12.72454,12.72712,0.00,0.00
2015.02.02 15:19:25.966,12.72439,12.72712,0.00,0.00
2015.02.02 15:19:26.268,12.72451,12.72712,0.00,0.00
2015.02.02 15:19:26.701,12.72435,12.72712,0.00,0.00
2015.02.02 15:19:27.088,12.72435,12.72699,0.00,0.00
2015.02.02 15:19:27.390,12.72423,12.72699,0.00,0.00
2015.02.02 15:19:27.492,12.72449,12.72612,0.00,0.00
2015.02.02 15:19:27.595,12.72435,12.72612,0.00,0.00
2015.02.02 15:19:27.703,12.72377,12.72612,0.00,0.00
2015.02.02 15:19:27.770,12.72389,12.72612,0.00,0.00
2015.02.02 15:19:28.280,12.72374,12.72612,0.00,0.00
2015.02.02 15:19:28.873,12.72388,12.72612,0.00,0.00
2015.02.02 15:19:29.574,12.72371,12.72612,0.00,0.00
2015.02.02 15:19:30.412,12.72347,12.72612,0.00,0.00
2015.02.02 15:19:30.513,12.72332,12.72612,0.00,0.00
2015.02.02 15:19:30.613,12.72347,12.72612,0.00,0.00
2015.02.02 15:19:30.915,12.72332,12.72562,0.00,0.00
2015.02.02 15:19:31.016,12.72332,12.72599,0.00,0.00
2015.02.02 15:19:31.117,12.72332,12.72561,0.00,0.00
2015.02.02 15:19:31.449,12.72332,12.72512,0.00,0.00
2015.02.02 15:19:31.500,12.72258,12.72512,0.00,0.00
2015.02.02 15:19:31.550,12.72279,12.72512,0.00,0.00
2015.02.02 15:19:31.651,12.72302,12.72561,0.00,0.00
2015.02.02 15:19:31.702,12.72315,12.72561,0.00,0.00
2015.02.02 15:19:32.013,12.72326,12.72561,0.00,0.00
2015.02.02 15:19:32.316,12.72257,12.72511,0.00,0.00
2015.02.02 15:19:32.629,12.72241,12.72511,0.00,0.00
2015.02.02 15:19:32.680,12.72238,12.72511,0.00,0.00
2015.02.02 15:19:32.730,12.72248,12.72511,0.00,0.00
2015.02.02 15:19:32.831,12.72233,12.72511,0.00,0.00
2015.02.02 15:19:32.882,12.72245,12.72511,0.00,0.00
2015.02.02 15:19:33.185,12.72263,12.72462,0.00,0.00
2015.02.02 15:19:33.689,12.72263,12.72461,0.00,0.00
2015.02.02 15:19:33.790,12.72181,12.72411,0.00,0.00
2015.02.02 15:19:33.891,12.72178,12.72411,0.00,0.00
2015.02.02 15:19:34.517,12.72199,12.72411,0.00,0.00
2015.02.02 15:19:34.885,12.72185,12.72411,0.00,0.00
2015.02.02 15:19:35.099,12.72168,12.72411,0.00,0.00
2015.02.02 15:19:35.504,12.72131,12.72362,0.00,0.00
2015.02.02 15:19:35.554,12.72125,12.72362,0.00,0.00
2015.02.02 15:19:35.605,12.72074,12.72311,0.00,0.00
2015.02.02 15:19:35.708,12.72063,12.72311,0.00,0.00
2015.02.02 15:19:35.809,12.72059,12.72311,0.00,0.00
2015.02.02 15:19:35.918,12.72074,12.72311,0.00,0.00
2015.02.02 15:19:36.228,12.72045,12.72311,0.00,0.00
2015.02.02 15:19:36.638,12.72033,12.72311,0.00,0.00
2015.02.02 15:19:37.216,12.72045,12.72311,0.00,0.00
2015.02.02 15:19:37.518,12.72034,12.72311,0.00,0.00
2015.02.02 15:19:38.056,12.72033,12.72311,0.00,0.00
2015.02.02 15:19:38.112,12.72048,12.72311,0.00,0.00
2015.02.02 15:19:38.162,12.72032,12.72311,0.00,0.00
2015.02.02 15:19:38.445,12.72032,12.72299,0.00,0.00
2015.02.02 15:19:38.546,12.71968,12.72262,0.00,0.00
2015.02.02 15:19:38.596,12.71968,12.72211,0.00,0.00
2015.02.02 15:19:38.647,12.71942,12.72211,0.00,0.00
2015.02.02 15:19:39.824,12.71932,12.72211,0.00,0.00
2015.02.02 15:19:39.925,12.71959,12.72211,0.00,0.00
2015.02.02 15:19:40.024,12.71932,12.72211,0.00,0.00
2015.02.02 15:19:40.226,12.7194,12.72211,0.00,0.00
2015.02.02 15:19:40.450,12.71931,12.72211,0.00,0.00
2015.02.02 15:19:40.626,12.71939,12.72211,0.00,0.00
2015.02.02 15:19:40.730,12.71931,12.72211,0.00,0.00
2015.02.02 15:19:41.228,12.7194,12.72211,0.00,0.00
2015.02.02 15:19:41.551,12.71931,12.72211,0.00,0.00
2015.02.02 15:19:41.652,12.7197,12.72211,0.00,0.00
2015.02.02 15:19:41.949,12.71931,12.72211,0.00,0.00
2015.02.02 15:19:42.532,12.7195,12.72211,0.00,0.00
2015.02.02 15:19:42.773,12.71933,12.72211,0.00,0.00
2015.02.02 15:19:42.969,12.71931,12.72211,0.00,0.00
2015.02.02 15:19:43.829,12.71931,12.72199,0.00,0.00
2015.02.02 15:19:43.980,12.71842,12.72111,0.00,0.00
2015.02.02 15:19:44.080,12.71847,12.72112,0.00,0.00
2015.02.02 15:19:44.237,12.71841,12.72112,0.00,0.00
2015.02.02 15:19:45.292,12.71831,12.72148,0.00,0.00
2015.02.02 15:19:45.342,12.71893,12.72148,0.00,0.00
2015.02.02 15:19:45.594,12.71932,12.72212,0.00,0.00
2015.02.02 15:19:45.857,12.71932,12.72201,0.00,0.00
2015.02.02 15:19:46.268,12.71916,12.72141,0.00,0.00
2015.02.02 15:19:46.470,12.71881,12.72142,0.00,0.00
2015.02.02 15:19:46.728,12.71881,12.72202,0.00,0.00
2015.02.02 15:19:46.778,12.71918,12.72202,0.00,0.00
2015.02.02 15:19:47.142,12.71932,12.72202,0.00,0.00
2015.02.02 15:19:47.944,12.71942,12.72202,0.00,0.00
2015.02.02 15:19:48.246,12.719,12.72141,0.00,0.00
2015.02.02 15:19:48.548,12.71865,12.72092,0.00,0.00
2015.02.02 15:19:48.648,12.71852,12.72092,0.00,0.00
2015.02.02 15:19:48.979,12.71875,12.72092,0.00,0.00
2015.02.02 15:19:49.385,12.71841,12.72092,0.00,0.00
2015.02.02 15:19:49.586,12.71851,12.72092,0.00,0.00
2015.02.02 15:19:49.791,12.7184,12.72092,0.00,0.00
2015.02.02 15:19:49.985,12.71852,12.72092,0.00,0.00
2015.02.02 15:19:50.250,12.71831,12.72092,0.00,0.00
2015.02.02 15:19:50.351,12.71848,12.72092,0.00,0.00
2015.02.02 15:19:50.459,12.7186,12.72142,0.00,0.00
2015.02.02 15:19:50.567,12.71931,12.72202,0.00,0.00
2015.02.02 15:19:50.902,12.71914,12.72142,0.00,0.00
2015.02.02 15:19:50.952,12.71869,12.72142,0.00,0.00
2015.02.02 15:19:51.003,12.71844,12.72092,0.00,0.00
2015.02.02 15:19:51.226,12.71844,12.72141,0.00,0.00
2015.02.02 15:19:51.276,12.71865,12.72141,0.00,0.00
2015.02.02 15:19:51.606,12.71931,12.72202,0.00,0.00
2015.02.02 15:19:51.937,12.71946,12.72202,0.00,0.00
2015.02.02 15:19:52.867,12.71931,12.72202,0.00,0.00
2015.02.02 15:19:53.028,12.71979,12.72252,0.00,0.00
2015.02.02 15:19:53.078,12.72036,12.72252,0.00,0.00
2015.02.02 15:19:53.129,12.72036,12.72302,0.00,0.00
2015.02.02 15:19:53.792,12.72031,12.72302,0.00,0.00
2015.02.02 15:19:54.299,12.72037,12.72252,0.00,0.00
2015.02.02 15:19:54.405,12.72031,12.72252,0.00,0.00
2015.02.02 15:19:54.561,12.72031,12.72302,0.00,0.00
2015.02.02 15:19:54.737,12.72031,12.72252,0.00,0.00
2015.02.02 15:19:54.838,12.71999,12.72252,0.00,0.00
2015.02.02 15:19:54.961,12.71982,12.72252,0.00,0.00
2015.02.02 15:19:55.062,12.72031,12.72252,0.00,0.00
2015.02.02 15:19:55.112,12.72031,12.72302,0.00,0.00
2015.02.02 15:19:56.603,12.72032,12.72302,0.00,0.00
2015.02.02 15:19:56.870,12.72031,12.72252,0.00,0.00
2015.02.02 15:19:56.921,12.72014,12.72252,0.00,0.00
2015.02.02 15:19:57.021,12.71981,12.72252,0.00,0.00
2015.02.02 15:19:57.167,12.71991,12.72252,0.00,0.00
2015.02.02 15:19:57.549,12.72002,12.72252,0.00,0.00
2015.02.02 15:19:58.215,12.71988,12.72252,0.00,0.00
2015.02.02 15:19:58.519,12.71981,12.72252,0.00,0.00
2015.02.02 15:20:00.569,12.71981,12.72301,0.00,0.00
2015.02.02 15:20:00.687,12.72009,12.72301,0.00,0.00
2015.02.02 15:20:01.029,12.72009,12.72252,0.00,0.00
2015.02.02 15:20:01.299,12.71942,12.72201,0.00,0.00
2015.02.02 15:20:01.577,12.71954,12.72201,0.00,0.00
2015.02.02 15:20:01.678,12.71942,12.72201,0.00,0.00
2015.02.02 15:20:01.980,12.71932,12.72201,0.00,0.00
2015.02.02 15:20:02.070,12.71932,12.72149,0.00,0.00
2015.02.02 15:20:02.221,12.71843,12.72092,0.00,0.00
2015.02.02 15:20:02.279,12.71832,12.72092,0.00,0.00
2015.02.02 15:20:02.679,12.71857,12.72092,0.00,0.00
2015.02.02 15:20:02.995,12.71845,12.72092,0.00,0.00
2015.02.02 15:20:03.217,12.71864,12.72092,0.00,0.00
2015.02.02 15:20:03.318,12.7186,12.72092,0.00,0.00
2015.02.02 15:20:03.520,12.71881,12.72092,0.00,0.00
2015.02.02 15:20:03.620,12.71867,12.72092,0.00,0.00
2015.02.02 15:20:03.721,12.71846,12.72092,0.00,0.00
2015.02.02 15:20:03.822,12.71832,12.72092,0.00,0.00
2015.02.02 15:20:04.384,12.71861,12.72092,0.00,0.00
2015.02.02 15:20:04.731,12.71873,12.72092,0.00,0.00
2015.02.02 15:20:04.785,12.71858,12.72092,0.00,0.00
2015.02.02 15:20:05.187,12.71912,12.72092,0.00,0.00
2015.02.02 15:20:05.238,12.71912,12.72142,0.00,0.00
2015.02.02 15:20:05.591,12.71926,12.72142,0.00,0.00
2015.02.02 15:20:05.692,12.71911,12.72142,0.00,0.00
2015.02.02 15:20:05.850,12.71911,12.72198,0.00,0.00
2015.02.02 15:20:05.901,12.71941,12.72198,0.00,0.00
2015.02.02 15:20:06.179,12.71941,12.72202,0.00,0.00
2015.02.02 15:20:07.616,12.71957,12.72202,0.00,0.00
2015.02.02 15:20:07.819,12.71941,12.72202,0.00,0.00
2015.02.02 15:20:07.937,12.71941,12.72219,0.00,0.00
2015.02.02 15:20:07.988,12.7199,12.72219,0.00,0.00
2015.02.02 15:20:08.088,12.72031,12.72298,0.00,0.00
2015.02.02 15:20:08.139,12.72037,12.72298,0.00,0.00
2015.02.02 15:20:08.333,12.72031,12.72298,0.00,0.00
2015.02.02 15:20:09.028,12.72031,12.72301,0.00,0.00
2015.02.02 15:20:09.078,12.72031,12.72251,0.00,0.00
2015.02.02 15:20:09.179,12.71932,12.72252,0.00,0.00
2015.02.02 15:20:09.296,12.71943,12.72252,0.00,0.00
2015.02.02 15:20:09.497,12.71932,12.72252,0.00,0.00
2015.02.02 15:20:09.598,12.71932,12.72202,0.00,0.00
2015.02.02 15:20:10.091,12.71938,12.72202,0.00,0.00
2015.02.02 15:20:10.538,12.71932,12.72202,0.00,0.00
2015.02.02 15:20:10.696,12.71922,12.72202,0.00,0.00
2015.02.02 15:20:10.797,12.71893,12.72199,0.00,0.00
2015.02.02 15:20:10.907,12.71893,12.72142,0.00,0.00
2015.02.02 15:20:11.218,12.71914,12.72142,0.00,0.00
2015.02.02 15:20:11.546,12.71926,12.72142,0.00,0.00
2015.02.02 15:20:11.749,12.71914,12.72142,0.00,0.00
2015.02.02 15:20:12.228,12.71927,12.72199,0.00,0.00
2015.02.02 15:20:12.331,12.71951,12.72199,0.00,0.00
2015.02.02 15:20:12.452,12.71951,12.72202,0.00,0.00
2015.02.02 15:20:13.879,12.71951,12.72092,0.00,0.00
2015.02.02 15:20:13.929,12.71938,12.72092,0.00,0.00
2015.02.02 15:20:14.030,12.71917,12.72092,0.00,0.00
2015.02.02 15:20:14.131,12.71917,12.72118,0.00,0.00
2015.02.02 15:20:14.549,12.71942,12.72118,0.00,0.00
2015.02.02 15:20:14.607,12.71942,12.72202,0.00,0.00
2015.02.02 15:20:16.856,12.71929,12.72202,0.00,0.00
2015.02.02 15:20:17.576,12.72042,12.72202,0.00,0.00
2015.02.02 15:20:17.627,12.72086,12.72252,0.00,0.00
2015.02.02 15:20:17.728,12.72099,12.72252,0.00,0.00
2015.02.02 15:20:17.778,12.72099,12.72298,0.00,0.00
2015.02.02 15:20:17.829,12.72131,12.72298,0.00,0.00
2015.02.02 15:20:17.930,12.72131,12.72352,0.00,0.00
2015.02.02 15:20:18.216,12.72131,12.72402,0.00,0.00
2015.02.02 15:20:18.267,12.72082,12.72402,0.00,0.00
2015.02.02 15:20:18.317,12.72082,12.72352,0.00,0.00
2015.02.02 15:20:18.718,12.72095,12.72352,0.00,0.00
2015.02.02 15:20:19.019,12.72082,12.72352,0.00,0.00
2015.02.02 15:20:19.945,12.72097,12.72352,0.00,0.00
2015.02.02 15:20:20.368,12.72122,12.72352,0.00,0.00
2015.02.02 15:20:20.418,12.72122,12.72402,0.00,0.00
2015.02.02 15:20:20.469,12.72282,12.72402,0.00,0.00
2015.02.02 15:20:20.519,12.72322,12.72451,0.00,0.00
2015.02.02 15:20:20.570,12.72296,12.72418,0.00,0.00
2015.02.02 15:20:20.671,12.72282,12.72592,0.00,0.00
2015.02.02 15:20:20.721,12.72282,12.72552,0.00,0.00
2015.02.02 15:20:20.822,12.72282,12.72591,0.00,0.00
2015.02.02 15:20:20.873,12.72289,12.72591,0.00,0.00
2015.02.02 15:20:21.224,12.72332,12.72591,0.00,0.00
2015.02.02 15:20:21.423,12.72322,12.72591,0.00,0.00
2015.02.02 15:20:22.218,12.72331,12.72591,0.00,0.00
2015.02.02 15:20:22.723,12.72331,12.72552,0.00,0.00
2015.02.02 15:20:22.774,12.72291,12.72552,0.00,0.00
2015.02.02 15:20:22.875,12.72281,12.72552,0.00,0.00
2015.02.02 15:20:23.278,12.72281,12.72558,0.00,0.00
2015.02.02 15:20:23.328,12.72321,12.72558,0.00,0.00
2015.02.02 15:20:23.737,12.72321,12.72569,0.00,0.00
2015.02.02 15:20:23.988,12.72331,12.72569,0.00,0.00
2015.02.02 15:20:24.458,12.72321,12.72569,0.00,0.00
2015.02.02 15:20:24.844,12.72321,12.72592,0.00,0.00
2015.02.02 15:20:24.944,12.72389,12.72641,0.00,0.00
2015.02.02 15:20:25.399,12.72441,12.72659,0.00,0.00
2015.02.02 15:20:25.827,12.72441,12.72669,0.00,0.00
2015.02.02 15:20:26.438,12.72382,12.72641,0.00,0.00
2015.02.02 15:20:26.863,12.72382,12.72592,0.00,0.00
2015.02.02 15:20:26.964,12.72356,12.72592,0.00,0.00
2015.02.02 15:20:27.066,12.72342,12.72592,0.00,0.00
2015.02.02 15:20:27.759,12.72331,12.72592,0.00,0.00
2015.02.02 15:20:27.917,12.72331,12.72568,0.00,0.00
2015.02.02 15:20:28.462,12.72342,12.72568,0.00,0.00
2015.02.02 15:20:28.957,12.72331,12.72568,0.00,0.00
2015.02.02 15:20:29.108,12.72331,12.72501,0.00,0.00
2015.02.02 15:20:29.159,12.7227,12.72469,0.00,0.00
2015.02.02 15:20:29.210,12.72231,12.72469,0.00,0.00
2015.02.02 15:20:29.260,12.72261,12.72469,0.00,0.00
2015.02.02 15:20:29.595,12.72289,12.72469,0.00,0.00
2015.02.02 15:20:30.206,12.72304,12.72469,0.00,0.00
2015.02.02 15:20:30.672,12.72339,12.72501,0.00,0.00
2015.02.02 15:20:30.723,12.72339,12.72552,0.00,0.00
2015.02.02 15:20:30.773,12.72408,12.72552,0.00,0.00
2015.02.02 15:20:30.824,12.72408,12.72568,0.00,0.00
2015.02.02 15:20:30.964,12.72423,12.72568,0.00,0.00
2015.02.02 15:20:31.482,12.72398,12.72568,0.00,0.00
2015.02.02 15:20:31.812,12.72398,12.72669,0.00,0.00
2015.02.02 15:20:31.913,12.72469,12.72669,0.00,0.00
2015.02.02 15:20:32.264,12.72483,12.72669,0.00,0.00
2015.02.02 15:20:34.700,12.72458,12.72641,0.00,0.00
2015.02.02 15:20:35.064,12.72399,12.72568,0.00,0.00
2015.02.02 15:20:35.372,12.72378,12.72568,0.00,0.00
2015.02.02 15:20:36.174,12.72358,12.72568,0.00,0.00
2015.02.02 15:20:36.374,12.72371,12.72568,0.00,0.00
2015.02.02 15:20:36.475,12.72354,12.72568,0.00,0.00
2015.02.02 15:20:36.525,12.72354,12.72559,0.00,0.00
2015.02.02 15:20:36.576,12.72311,12.72552,0.00,0.00
2015.02.02 15:20:36.676,12.72295,12.72552,0.00,0.00
2015.02.02 15:20:37.088,12.72228,12.72508,0.00,0.00
2015.02.02 15:20:37.138,12.72228,12.72452,0.00,0.00
2015.02.02 15:20:37.440,12.72144,12.72352,0.00,0.00
2015.02.02 15:20:37.754,12.72144,12.72369,0.00,0.00
2015.02.02 15:20:37.805,12.72214,12.72369,0.00,0.00
2015.02.02 15:20:38.406,12.72158,12.72369,0.00,0.00
2015.02.02 15:20:38.457,12.72158,12.72351,0.00,0.00
2015.02.02 15:20:38.507,12.72143,12.72351,0.00,0.00
2015.02.02 15:20:38.990,12.72078,12.72302,0.00,0.00
2015.02.02 15:20:39.213,12.72043,12.72252,0.00,0.00
2015.02.02 15:20:40.289,12.71972,12.72201,0.00,0.00
2015.02.02 15:20:40.395,12.71891,12.72091,0.00,0.00
2015.02.02 15:20:40.708,12.71911,12.72091,0.00,0.00
2015.02.02 15:20:40.809,12.71871,12.72091,0.00,0.00
2015.02.02 15:20:41.067,12.71871,12.72152,0.00,0.00
2015.02.02 15:20:42.990,12.71891,12.72152,0.00,0.00
2015.02.02 15:20:43.041,12.71891,12.72199,0.00,0.00
2015.02.02 15:20:43.091,12.71921,12.72199,0.00,0.00
2015.02.02 15:20:43.142,12.71921,12.72201,0.00,0.00
2015.02.02 15:20:43.897,12.71904,12.72201,0.00,0.00
2015.02.02 15:20:43.947,12.71904,12.72151,0.00,0.00
2015.02.02 15:20:44.098,12.71872,12.72152,0.00,0.00
2015.02.02 15:20:44.149,12.71845,12.72102,0.00,0.00
2015.02.02 15:20:44.575,12.71845,12.72152,0.00,0.00
2015.02.02 15:20:44.897,12.71845,12.72132,0.00,0.00
2015.02.02 15:20:45.279,12.71866,12.72132,0.00,0.00
2015.02.02 15:20:48.903,12.71891,12.72132,0.00,0.00
2015.02.02 15:20:49.027,12.71871,12.72132,0.00,0.00
2015.02.02 15:20:49.317,12.71896,12.72158,0.00,0.00
2015.02.02 15:20:49.367,12.71921,12.72158,0.00,0.00
2015.02.02 15:20:49.695,12.71933,12.72132,0.00,0.00
2015.02.02 15:20:51.142,12.71906,12.72132,0.00,0.00
2015.02.02 15:20:51.209,12.71894,12.72132,0.00,0.00
2015.02.02 15:20:51.509,12.71877,12.72132,0.00,0.00
2015.02.02 15:20:51.728,12.7189,12.72132,0.00,0.00
2015.02.02 15:20:52.150,12.71829,12.72132,0.00,0.00
2015.02.02 15:20:52.200,12.71822,12.72121,0.00,0.00
2015.02.02 15:20:52.251,12.71776,12.72109,0.00,0.00
2015.02.02 15:20:52.302,12.71776,12.72092,0.00,0.00
2015.02.02 15:20:52.621,12.71787,12.72042,0.00,0.00
2015.02.02 15:20:53.237,12.7178,12.72042,0.00,0.00
2015.02.02 15:20:53.645,12.71788,12.72042,0.00,0.00
2015.02.02 15:20:55.787,12.71788,12.72092,0.00,0.00
2015.02.02 15:20:55.939,12.71802,12.72042,0.00,0.00
2015.02.02 15:20:56.039,12.71802,12.72092,0.00,0.00
2015.02.02 15:20:56.140,12.71823,12.72092,0.00,0.00
2015.02.02 15:20:57.924,12.7187,12.72092,0.00,0.00
2015.02.02 15:20:58.249,12.71859,12.72092,0.00,0.00
2015.02.02 15:20:58.564,12.71843,12.72092,0.00,0.00
2015.02.02 15:20:59.120,12.71843,12.72131,0.00,0.00
2015.02.02 15:20:59.171,12.71853,12.72131,0.00,0.00
2015.02.02 15:20:59.568,12.71882,12.72131,0.00,0.00
2015.02.02 15:20:59.871,12.71895,12.72131,0.00,0.00
2015.02.02 15:20:59.972,12.71865,12.72131,0.00,0.00
2015.02.02 15:21:00.178,12.71874,12.72131,0.00,0.00
2015.02.02 15:21:00.763,12.71874,12.72092,0.00,0.00
2015.02.02 15:21:00.864,12.71766,12.72042,0.00,0.00
2015.02.02 15:21:01.337,12.71792,12.72042,0.00,0.00
2015.02.02 15:21:01.448,12.71731,12.71991,0.00,0.00
2015.02.02 15:21:01.498,12.71731,12.71989,0.00,0.00
2015.02.02 15:21:01.599,12.71671,12.71989,0.00,0.00
2015.02.02 15:21:01.840,12.71657,12.71989,0.00,0.00
2015.02.02 15:21:01.890,12.71731,12.71989,0.00,0.00
2015.02.02 15:21:01.991,12.71742,12.72042,0.00,0.00
2015.02.02 15:21:02.422,12.71742,12.71991,0.00,0.00
2015.02.02 15:21:02.472,12.71731,12.71991,0.00,0.00
2015.02.02 15:21:02.548,12.71681,12.71991,0.00,0.00
2015.02.02 15:21:03.361,12.71699,12.71991,0.00,0.00
2015.02.02 15:21:03.462,12.7168,12.71991,0.00,0.00
2015.02.02 15:21:03.633,12.7168,12.71942,0.00,0.00
2015.02.02 15:21:03.684,12.71633,12.71942,0.00,0.00
2015.02.02 15:21:03.838,12.71668,12.71942,0.00,0.00
2015.02.02 15:21:05.977,12.71655,12.71942,0.00,0.00
2015.02.02 15:21:06.078,12.7167,12.71942,0.00,0.00
2015.02.02 15:21:06.285,12.71654,12.71942,0.00,0.00
2015.02.02 15:21:06.587,12.7164,12.71942,0.00,0.00
2015.02.02 15:21:06.638,12.7164,12.71909,0.00,0.00
2015.02.02 15:21:06.688,12.7157,12.71891,0.00,0.00
2015.02.02 15:21:06.790,12.71557,12.71891,0.00,0.00
2015.02.02 15:21:06.843,12.71571,12.71891,0.00,0.00
2015.02.02 15:21:07.685,12.71641,12.71908,0.00,0.00
2015.02.02 15:21:07.736,12.71641,12.71929,0.00,0.00
2015.02.02 15:21:07.887,12.71622,12.71929,0.00,0.00
2015.02.02 15:21:07.938,12.71622,12.71892,0.00,0.00
2015.02.02 15:21:07.988,12.71608,12.71892,0.00,0.00
2015.02.02 15:21:08.089,12.71651,12.71892,0.00,0.00
2015.02.02 15:21:08.140,12.71651,12.71929,0.00,0.00
2015.02.02 15:21:08.190,12.7167,12.71929,0.00,0.00
2015.02.02 15:21:08.291,12.7167,12.71942,0.00,0.00
2015.02.02 15:21:08.446,12.71662,12.71942,0.00,0.00
2015.02.02 15:21:08.674,12.71647,12.71942,0.00,0.00
2015.02.02 15:21:08.905,12.71647,12.71842,0.00,0.00
2015.02.02 15:21:08.955,12.71621,12.71842,0.00,0.00
2015.02.02 15:21:09.075,12.7157,12.71842,0.00,0.00
2015.02.02 15:21:10.028,12.7157,12.71819,0.00,0.00
2015.02.02 15:21:10.179,12.7147,12.71741,0.00,0.00
2015.02.02 15:21:10.966,12.71498,12.71741,0.00,0.00
2015.02.02 15:21:11.289,12.71487,12.71741,0.00,0.00
2015.02.02 15:21:11.352,12.71463,12.71741,0.00,0.00
2015.02.02 15:21:11.926,12.71463,12.71742,0.00,0.00
2015.02.02 15:21:12.162,12.71519,12.71792,0.00,0.00
2015.02.02 15:21:12.263,12.71506,12.71792,0.00,0.00
2015.02.02 15:21:12.338,12.71506,12.71759,0.00,0.00
2015.02.02 15:21:12.388,12.71494,12.71759,0.00,0.00
2015.02.02 15:21:12.439,12.71494,12.71741,0.00,0.00
2015.02.02 15:21:12.489,12.71418,12.71741,0.00,0.00
2015.02.02 15:21:12.540,12.71418,12.71681,0.00,0.00
2015.02.02 15:21:12.641,12.71479,12.71769,0.00,0.00
2015.02.02 15:21:12.691,12.71568,12.71829,0.00,0.00
2015.02.02 15:21:12.993,12.71564,12.71829,0.00,0.00
2015.02.02 15:21:13.044,12.71564,12.71842,0.00,0.00
2015.02.02 15:21:13.379,12.71562,12.71842,0.00,0.00
2015.02.02 15:21:13.698,12.71547,12.71842,0.00,0.00
2015.02.02 15:21:13.894,12.71534,12.71842,0.00,0.00
2015.02.02 15:21:14.203,12.71563,12.71842,0.00,0.00
2015.02.02 15:21:14.659,12.71532,12.71842,0.00,0.00
2015.02.02 15:21:14.865,12.7155,12.71842,0.00,0.00
2015.02.02 15:21:14.966,12.71535,12.71842,0.00,0.00
2015.02.02 15:21:15.017,12.71535,12.71828,0.00,0.00
2015.02.02 15:21:15.319,12.71457,12.71742,0.00,0.00
2015.02.02 15:21:15.369,12.71431,12.71742,0.00,0.00
2015.02.02 15:21:15.420,12.71431,12.71708,0.00,0.00
2015.02.02 15:21:15.470,12.71392,12.71708,0.00,0.00
2015.02.02 15:21:15.521,12.71392,12.71632,0.00,0.00
2015.02.02 15:21:15.672,12.71373,12.71628,0.00,0.00
2015.02.02 15:21:15.722,12.71373,12.71592,0.00,0.00
2015.02.02 15:21:15.773,12.71272,12.71592,0.00,0.00
2015.02.02 15:21:15.823,12.71272,12.71542,0.00,0.00
2015.02.02 15:21:16.163,12.71311,12.71552,0.00,0.00
2015.02.02 15:21:17.076,12.71341,12.71552,0.00,0.00
2015.02.02 15:21:17.126,12.71341,12.71591,0.00,0.00
2015.02.02 15:21:17.177,12.71391,12.71591,0.00,0.00
2015.02.02 15:21:18.307,12.71371,12.71591,0.00,0.00
2015.02.02 15:21:20.011,12.71381,12.71591,0.00,0.00
2015.02.02 15:21:20.062,12.7141,12.71642,0.00,0.00
2015.02.02 15:21:20.227,12.7141,12.71591,0.00,0.00
2015.02.02 15:21:20.464,12.71443,12.71702,0.00,0.00
2015.02.02 15:21:20.514,12.7146,12.71702,0.00,0.00
2015.02.02 15:21:20.819,12.71406,12.71641,0.00,0.00
2015.02.02 15:21:21.317,12.7145,12.71701,0.00,0.00
2015.02.02 15:21:21.519,12.7147,12.71701,0.00,0.00
2015.02.02 15:21:21.620,12.71443,12.71701,0.00,0.00
2015.02.02 15:21:21.720,12.71471,12.71701,0.00,0.00
2015.02.02 15:21:21.877,12.71443,12.71701,0.00,0.00
2015.02.02 15:21:22.777,12.7147,12.71701,0.00,0.00
2015.02.02 15:21:22.979,12.71456,12.71701,0.00,0.00
2015.02.02 15:21:23.129,12.7147,12.71701,0.00,0.00
2015.02.02 15:21:23.527,12.71444,12.71701,0.00,0.00
2015.02.02 15:21:23.684,12.7147,12.71701,0.00,0.00
2015.02.02 15:21:24.516,12.71447,12.71701,0.00,0.00
2015.02.02 15:21:24.891,12.71475,12.71701,0.00,0.00
2015.02.02 15:21:24.941,12.71475,12.71752,0.00,0.00
2015.02.02 15:21:24.992,12.71511,12.71752,0.00,0.00
2015.02.02 15:21:25.193,12.71498,12.71752,0.00,0.00
2015.02.02 15:21:25.294,12.71481,12.71752,0.00,0.00
2015.02.02 15:21:25.714,12.71496,12.71752,0.00,0.00
2015.02.02 15:21:26.210,12.71557,12.71752,0.00,0.00
2015.02.02 15:21:26.261,12.71557,12.71802,0.00,0.00
2015.02.02 15:21:26.412,12.71532,12.71802,0.00,0.00
2015.02.02 15:21:26.823,12.71537,12.71802,0.00,0.00
2015.02.02 15:21:27.358,12.71537,12.71702,0.00,0.00
2015.02.02 15:21:27.661,12.71561,12.71702,0.00,0.00
2015.02.02 15:21:27.712,12.71561,12.71802,0.00,0.00
2015.02.02 15:21:27.816,12.71546,12.71802,0.00,0.00
2015.02.02 15:21:28.413,12.7156,12.71802,0.00,0.00
2015.02.02 15:21:28.726,12.71695,12.71852,0.00,0.00
2015.02.02 15:21:28.827,12.71671,12.71952,0.00,0.00
2015.02.02 15:21:29.028,12.71671,12.71902,0.00,0.00
2015.02.02 15:21:29.129,12.71661,12.71902,0.00,0.00
2015.02.02 15:21:29.230,12.71651,12.71902,0.00,0.00
2015.02.02 15:21:29.424,12.71676,12.71902,0.00,0.00
2015.02.02 15:21:29.866,12.717,12.71902,0.00,0.00
2015.02.02 15:21:29.928,12.71666,12.71902,0.00,0.00
2015.02.02 15:21:30.246,12.71651,12.71902,0.00,0.00
2015.02.02 15:21:30.575,12.7166,12.71902,0.00,0.00
2015.02.02 15:21:30.877,12.71636,12.71852,0.00,0.00
2015.02.02 15:21:30.928,12.71636,12.71901,0.00,0.00
2015.02.02 15:21:31.135,12.7165,12.71901,0.00,0.00
2015.02.02 15:21:31.987,12.71632,12.71852,0.00,0.00
2015.02.02 15:21:32.037,12.71622,12.71852,0.00,0.00
2015.02.02 15:21:32.088,12.7156,12.71801,0.00,0.00
2015.02.02 15:21:33.664,12.71591,12.71801,0.00,0.00
2015.02.02 15:21:33.765,12.7157,12.71801,0.00,0.00
2015.02.02 15:21:34.755,12.716,12.71801,0.00,0.00
2015.02.02 15:21:35.870,12.71584,12.71801,0.00,0.00
2015.02.02 15:21:36.199,12.71558,12.71801,0.00,0.00
2015.02.02 15:21:36.368,12.71542,12.71801,0.00,0.00
2015.02.02 15:21:36.908,12.71587,12.71801,0.00,0.00
2015.02.02 15:21:37.695,12.71572,12.71801,0.00,0.00
2015.02.02 15:21:37.764,12.71588,12.71801,0.00,0.00
2015.02.02 15:21:38.499,12.71564,12.71801,0.00,0.00
2015.02.02 15:21:38.918,12.7158,12.71801,0.00,0.00
2015.02.02 15:21:39.228,12.71593,12.71801,0.00,0.00
2015.02.02 15:21:40.172,12.71562,12.71801,0.00,0.00
2015.02.02 15:21:41.574,12.71583,12.71801,0.00,0.00
2015.02.02 15:21:41.891,12.71621,12.71801,0.00,0.00
2015.02.02 15:21:41.992,12.71591,12.71801,0.00,0.00
2015.02.02 15:21:42.580,12.7156,12.71801,0.00,0.00
2015.02.02 15:21:42.681,12.71481,12.71751,0.00,0.00
2015.02.02 15:21:42.782,12.7145,12.71701,0.00,0.00
2015.02.02 15:21:42.891,12.7147,12.71751,0.00,0.00
2015.02.02 15:21:42.941,12.71482,12.71751,0.00,0.00
2015.02.02 15:21:43.251,12.71501,12.71751,0.00,0.00
2015.02.02 15:21:43.561,12.71465,12.71701,0.00,0.00
2015.02.02 15:21:43.864,12.7143,12.71642,0.00,0.00
2015.02.02 15:21:43.914,12.714,12.71642,0.00,0.00
2015.02.02 15:21:44.970,12.714,12.71592,0.00,0.00
2015.02.02 15:21:45.020,12.71365,12.71592,0.00,0.00
2015.02.02 15:21:45.121,12.71381,12.71592,0.00,0.00
2015.02.02 15:21:45.175,12.71381,12.71642,0.00,0.00
2015.02.02 15:21:45.226,12.71466,12.71642,0.00,0.00
2015.02.02 15:21:45.327,12.71466,12.71702,0.00,0.00
2015.02.02 15:21:45.503,12.7149,12.71702,0.00,0.00
2015.02.02 15:21:45.705,12.71401,12.71641,0.00,0.00
2015.02.02 15:21:45.856,12.71401,12.71702,0.00,0.00
2015.02.02 15:21:45.906,12.71481,12.71702,0.00,0.00
2015.02.02 15:21:45.957,12.71481,12.71762,0.00,0.00
2015.02.02 15:21:46.007,12.71501,12.71762,0.00,0.00
2015.02.02 15:21:46.309,12.71415,12.71652,0.00,0.00
2015.02.02 15:21:46.410,12.71401,12.71652,0.00,0.00
2015.02.02 15:21:46.496,12.71401,12.71712,0.00,0.00
2015.02.02 15:21:46.597,12.71431,12.71712,0.00,0.00
2015.02.02 15:21:46.700,12.7142,12.71712,0.00,0.00
2015.02.02 15:21:46.801,12.71431,12.71712,0.00,0.00
2015.02.02 15:21:47.164,12.71405,12.71651,0.00,0.00
2015.02.02 15:21:47.486,12.71405,12.71712,0.00,0.00
2015.02.02 15:21:47.537,12.71441,12.71712,0.00,0.00
2015.02.02 15:21:47.887,12.7149,12.71712,0.00,0.00
2015.02.02 15:21:48.513,12.71441,12.71651,0.00,0.00
2015.02.02 15:21:48.564,12.71401,12.71651,0.00,0.00
2015.02.02 15:21:48.697,12.71401,12.71712,0.00,0.00
2015.02.02 15:21:48.798,12.71431,12.71712,0.00,0.00
2015.02.02 15:21:49.385,12.71401,12.71652,0.00,0.00
2015.02.02 15:21:50.498,12.71401,12.71711,0.00,0.00
2015.02.02 15:21:50.549,12.71481,12.71711,0.00,0.00
2015.02.02 15:21:50.700,12.715,12.71761,0.00,0.00
2015.02.02 15:21:50.897,12.715,12.71712,0.00,0.00
2015.02.02 15:21:51.149,12.714,12.71652,0.00,0.00
2015.02.02 15:21:51.250,12.7138,12.71601,0.00,0.00
2015.02.02 15:21:51.300,12.71365,12.71601,0.00,0.00
2015.02.02 15:21:51.834,12.7135,12.71601,0.00,0.00
2015.02.02 15:21:52.519,12.71366,12.71601,0.00,0.00
2015.02.02 15:21:52.656,12.71366,12.71651,0.00,0.00
2015.02.02 15:21:52.706,12.71391,12.71651,0.00,0.00
2015.02.02 15:21:54.206,12.71391,12.71711,0.00,0.00
2015.02.02 15:21:54.257,12.71432,12.71711,0.00,0.00
2015.02.02 15:21:54.593,12.71451,12.71711,0.00,0.00
2015.02.02 15:21:54.644,12.71451,12.71762,0.00,0.00
2015.02.02 15:21:54.695,12.71482,12.71762,0.00,0.00
2015.02.02 15:21:55.034,12.71447,12.71702,0.00,0.00
2015.02.02 15:21:55.363,12.71401,12.71651,0.00,0.00
2015.02.02 15:21:55.717,12.71431,12.71651,0.00,0.00
2015.02.02 15:21:55.767,12.71431,12.71701,0.00,0.00
2015.02.02 15:21:56.205,12.71431,12.71652,0.00,0.00
2015.02.02 15:21:56.256,12.714,12.71652,0.00,0.00
2015.02.02 15:21:57.064,12.714,12.71701,0.00,0.00
2015.02.02 15:21:57.115,12.71432,12.71701,0.00,0.00
2015.02.02 15:21:57.674,12.7149,12.71701,0.00,0.00
2015.02.02 15:21:58.825,12.7149,12.71751,0.00,0.00
2015.02.02 15:22:01.423,12.71535,12.71751,0.00,0.00
2015.02.02 15:22:01.473,12.71535,12.71801,0.00,0.00
2015.02.02 15:22:01.524,12.7155,12.71801,0.00,0.00
2015.02.02 15:22:02.225,12.716,12.71801,0.00,0.00
2015.02.02 15:22:02.477,12.71745,12.72011,0.00,0.00
2015.02.02 15:22:02.625,12.71731,12.72011,0.00,0.00
2015.02.02 15:22:02.826,12.71751,12.72011,0.00,0.00
2015.02.02 15:22:04.735,12.71735,12.72011,0.00,0.00
2015.02.02 15:22:04.931,12.71754,12.72011,0.00,0.00
2015.02.02 15:22:05.140,12.71737,12.72011,0.00,0.00
2015.02.02 15:22:05.315,12.71831,12.72062,0.00,0.00
2015.02.02 15:22:05.466,12.71841,12.72101,0.00,0.00
2015.02.02 15:22:05.747,12.71822,12.72101,0.00,0.00
2015.02.02 15:22:06.049,12.7182,12.72101,0.00,0.00
2015.02.02 15:22:06.100,12.7182,12.72061,0.00,0.00
2015.02.02 15:22:06.150,12.71781,12.72061,0.00,0.00
2015.02.02 15:22:06.305,12.7178,12.72012,0.00,0.00
2015.02.02 15:22:06.356,12.71732,12.72012,0.00,0.00
2015.02.02 15:22:06.639,12.71756,12.72012,0.00,0.00
2015.02.02 15:22:06.847,12.71756,12.72062,0.00,0.00
2015.02.02 15:22:06.950,12.718,12.72062,0.00,0.00
2015.02.02 15:22:07.467,12.71787,12.72062,0.00,0.00
2015.02.02 15:22:08.068,12.71763,12.72012,0.00,0.00
2015.02.02 15:22:08.175,12.71732,12.72012,0.00,0.00
2015.02.02 15:22:08.280,12.71782,12.72062,0.00,0.00
2015.02.02 15:22:08.675,12.71798,12.72062,0.00,0.00
2015.02.02 15:22:08.726,12.71798,12.72101,0.00,0.00
2015.02.02 15:22:08.776,12.7184,12.72101,0.00,0.00
2015.02.02 15:22:09.587,12.71822,12.72101,0.00,0.00
2015.02.02 15:22:09.642,12.71848,12.72101,0.00,0.00
2015.02.02 15:22:09.843,12.71822,12.72101,0.00,0.00
2015.02.02 15:22:10.043,12.71832,12.72101,0.00,0.00
2015.02.02 15:22:10.356,12.71797,12.72061,0.00,0.00
2015.02.02 15:22:10.457,12.71782,12.72061,0.00,0.00
2015.02.02 15:22:10.558,12.71758,12.72062,0.00,0.00
2015.02.02 15:22:10.609,12.71758,12.72012,0.00,0.00
2015.02.02 15:22:10.659,12.71742,12.72012,0.00,0.00
2015.02.02 15:22:10.861,12.71732,12.72012,0.00,0.00
2015.02.02 15:22:11.169,12.7176,12.72012,0.00,0.00
2015.02.02 15:22:11.363,12.71731,12.72012,0.00,0.00
2015.02.02 15:22:11.578,12.71755,12.72012,0.00,0.00
2015.02.02 15:22:12.234,12.71755,12.71961,0.00,0.00
2015.02.02 15:22:12.285,12.71731,12.71961,0.00,0.00
2015.02.02 15:22:12.386,12.717,12.71961,0.00,0.00
2015.02.02 15:22:12.918,12.717,12.72011,0.00,0.00
2015.02.02 15:22:12.969,12.71749,12.72011,0.00,0.00
2015.02.02 15:22:14.053,12.71732,12.72011,0.00,0.00
2015.02.02 15:22:14.154,12.71731,12.71961,0.00,0.00
2015.02.02 15:22:14.205,12.71699,12.71961,0.00,0.00
2015.02.02 15:22:16.312,12.71699,12.72012,0.00,0.00
2015.02.02 15:22:16.362,12.7173,12.72012,0.00,0.00
2015.02.02 15:22:16.463,12.7174,12.72062,0.00,0.00
2015.02.02 15:22:16.514,12.71742,12.72062,0.00,0.00
2015.02.02 15:22:16.842,12.71815,12.72062,0.00,0.00
2015.02.02 15:22:17.104,12.71831,12.72101,0.00,0.00
2015.02.02 15:22:17.155,12.71815,12.72101,0.00,0.00
2015.02.02 15:22:17.205,12.71815,12.72061,0.00,0.00
2015.02.02 15:22:18.005,12.71798,12.72061,0.00,0.00
2015.02.02 15:22:18.395,12.71798,12.72102,0.00,0.00
2015.02.02 15:22:18.496,12.7182,12.72102,0.00,0.00
2015.02.02 15:22:18.902,12.718,12.72061,0.00,0.00
2015.02.02 15:22:19.271,12.71785,12.72061,0.00,0.00
2015.02.02 15:22:19.321,12.71785,12.72011,0.00,0.00
2015.02.02 15:22:19.439,12.71785,12.72062,0.00,0.00
2015.02.02 15:22:19.489,12.718,12.72062,0.00,0.00
2015.02.02 15:22:20.067,12.71786,12.72062,0.00,0.00
2015.02.02 15:22:20.117,12.71786,12.72012,0.00,0.00
2015.02.02 15:22:20.218,12.71786,12.72061,0.00,0.00
2015.02.02 15:22:20.319,12.71781,12.72012,0.00,0.00
2015.02.02 15:22:20.369,12.71736,12.72012,0.00,0.00
2015.02.02 15:22:20.425,12.71736,12.71962,0.00,0.00
2015.02.02 15:22:20.475,12.71699,12.71962,0.00,0.00
2015.02.02 15:22:21.185,12.71734,12.71962,0.00,0.00
2015.02.02 15:22:21.235,12.71734,12.71998,0.00,0.00
2015.02.02 15:22:21.286,12.71764,12.71998,0.00,0.00
2015.02.02 15:22:21.670,12.71752,12.71998,0.00,0.00
2015.02.02 15:22:21.764,12.71752,12.72012,0.00,0.00
2015.02.02 15:22:21.870,12.71764,12.72012,0.00,0.00
2015.02.02 15:22:22.071,12.71712,12.71962,0.00,0.00
2015.02.02 15:22:22.409,12.71712,12.72001,0.00,0.00
2015.02.02 15:22:22.459,12.71731,12.72001,0.00,0.00
2015.02.02 15:22:22.761,12.71714,12.71951,0.00,0.00
2015.02.02 15:22:23.714,12.71699,12.71951,0.00,0.00
2015.02.02 15:22:23.764,12.71699,12.71902,0.00,0.00
2015.02.02 15:22:23.999,12.71669,12.71902,0.00,0.00
2015.02.02 15:22:25.223,12.71654,12.71902,0.00,0.00
2015.02.02 15:22:25.814,12.71654,12.71919,0.00,0.00
2015.02.02 15:22:40.290,12.71731,12.71981,0.00,0.00
2015.02.02 15:22:40.593,12.71845,12.72118,0.00,0.00
2015.02.02 15:22:40.693,12.71828,12.72118,0.00,0.00
2015.02.02 15:22:40.744,12.71849,12.72118,0.00,0.00
2015.02.02 15:22:41.018,12.71835,12.72118,0.00,0.00
2015.02.02 15:22:41.453,12.71848,12.72118,0.00,0.00
2015.02.02 15:22:41.812,12.71828,12.72118,0.00,0.00
2015.02.02 15:22:42.221,12.71846,12.72118,0.00,0.00
2015.02.02 15:22:42.413,12.7183,12.72118,0.00,0.00
2015.02.02 15:22:42.578,12.7183,12.72082,0.00,0.00
2015.02.02 15:22:42.629,12.71782,12.72082,0.00,0.00
2015.02.02 15:22:42.680,12.71758,12.72032,0.00,0.00
2015.02.02 15:22:43.545,12.71758,12.72018,0.00,0.00
2015.02.02 15:22:44.417,12.71734,12.72018,0.00,0.00
2015.02.02 15:22:45.165,12.71732,12.72018,0.00,0.00
2015.02.02 15:22:45.219,12.71759,12.72018,0.00,0.00
2015.02.02 15:22:45.319,12.71745,12.72018,0.00,0.00
2015.02.02 15:22:45.420,12.71732,12.72018,0.00,0.00
2015.02.02 15:22:45.521,12.7176,12.72018,0.00,0.00
2015.02.02 15:22:45.619,12.71732,12.72018,0.00,0.00
2015.02.02 15:22:46.297,12.71732,12.72032,0.00,0.00
2015.02.02 15:22:46.398,12.71779,12.72057,0.00,0.00
2015.02.02 15:22:46.761,12.71843,12.72118,0.00,0.00
2015.02.02 15:22:47.332,12.71858,12.72118,0.00,0.00
2015.02.02 15:22:47.534,12.71843,12.72118,0.00,0.00
2015.02.02 15:22:47.736,12.71857,12.72118,0.00,0.00
2015.02.02 15:22:48.002,12.71834,12.72118,0.00,0.00
2015.02.02 15:22:48.126,12.71847,12.72118,0.00,0.00
2015.02.02 15:22:48.459,12.71835,12.72118,0.00,0.00
2015.02.02 15:22:49.037,12.71822,12.72118,0.00,0.00
2015.02.02 15:22:49.252,12.71848,12.72118,0.00,0.00
2015.02.02 15:22:49.552,12.71831,12.72118,0.00,0.00
2015.02.02 15:22:50.029,12.71843,12.72118,0.00,0.00
2015.02.02 15:22:50.771,12.71831,12.72118,0.00,0.00
2015.02.02 15:22:51.177,12.71842,12.72118,0.00,0.00
2015.02.02 15:22:52.637,12.71831,12.72118,0.00,0.00
2015.02.02 15:22:53.141,12.71842,12.72118,0.00,0.00
2015.02.02 15:22:54.163,12.71831,12.72118,0.00,0.00
2015.02.02 15:22:54.266,12.71842,12.72118,0.00,0.00
2015.02.02 15:22:55.846,12.71842,12.72091,0.00,0.00
2015.02.02 15:22:57.949,12.71842,12.72052,0.00,0.00
2015.02.02 15:22:57.999,12.7183,12.72052,0.00,0.00
2015.02.02 15:22:58.050,12.7183,12.72002,0.00,0.00
2015.02.02 15:22:58.100,12.71776,12.72002,0.00,0.00
2015.02.02 15:22:58.152,12.71747,12.72002,0.00,0.00
2015.02.02 15:22:58.253,12.71792,12.72052,0.00,0.00
2015.02.02 15:22:58.486,12.71792,12.72092,0.00,0.00
2015.02.02 15:22:58.536,12.71822,12.72092,0.00,0.00
2015.02.02 15:22:58.892,12.71832,12.72092,0.00,0.00
2015.02.02 15:22:59.406,12.71847,12.72092,0.00,0.00
2015.02.02 15:22:59.708,12.71907,12.72119,0.00,0.00
2015.02.02 15:22:59.946,12.71907,12.72141,0.00,0.00
2015.02.02 15:23:00.163,12.71932,12.72199,0.00,0.00
2015.02.02 15:23:01.036,12.71932,12.72202,0.00,0.00
2015.02.02 15:23:01.371,12.72072,12.72251,0.00,0.00
2015.02.02 15:23:01.471,12.72101,12.72351,0.00,0.00
2015.02.02 15:23:01.572,12.72101,12.72399,0.00,0.00
2015.02.02 15:23:01.675,12.72101,12.72352,0.00,0.00
2015.02.02 15:23:01.926,12.72104,12.72399,0.00,0.00
2015.02.02 15:23:01.977,12.72072,12.72399,0.00,0.00
2015.02.02 15:23:02.027,12.72072,12.72302,0.00,0.00
2015.02.02 15:23:02.113,12.72072,12.72352,0.00,0.00
2015.02.02 15:23:02.270,12.72087,12.72352,0.00,0.00
2015.02.02 15:23:02.993,12.72087,12.72399,0.00,0.00
2015.02.02 15:23:03.185,12.72071,12.72399,0.00,0.00
2015.02.02 15:23:03.374,12.72086,12.72399,0.00,0.00
2015.02.02 15:23:03.686,12.72108,12.72399,0.00,0.00
2015.02.02 15:23:03.786,12.72108,12.72402,0.00,0.00
2015.02.02 15:23:03.893,12.72088,12.72419,0.00,0.00
2015.02.02 15:23:03.994,12.72088,12.72402,0.00,0.00
2015.02.02 15:23:04.331,12.72109,12.72419,0.00,0.00
2015.02.02 15:23:04.644,12.72122,12.72318,0.00,0.00
2015.02.02 15:23:04.695,12.72072,12.72318,0.00,0.00
2015.02.02 15:23:04.915,12.72037,12.72318,0.00,0.00
2015.02.02 15:23:04.985,12.72031,12.72318,0.00,0.00
2015.02.02 15:23:05.105,12.72031,12.72292,0.00,0.00
2015.02.02 15:23:05.156,12.71985,12.72292,0.00,0.00
2015.02.02 15:23:05.390,12.72004,12.72292,0.00,0.00
2015.02.02 15:23:05.792,12.71991,12.72292,0.00,0.00
2015.02.02 15:23:05.893,12.71981,12.72241,0.00,0.00
2015.02.02 15:23:05.994,12.71941,12.72241,0.00,0.00
2015.02.02 15:23:06.667,12.71941,12.72219,0.00,0.00
2015.02.02 15:23:08.096,12.71939,12.72219,0.00,0.00
2015.02.02 15:23:08.199,12.71939,12.72192,0.00,0.00
2015.02.02 15:23:08.249,12.71881,12.72186,0.00,0.00
2015.02.02 15:23:08.300,12.71842,12.72142,0.00,0.00
2015.02.02 15:23:08.350,12.71832,12.72142,0.00,0.00
2015.02.02 15:23:09.190,12.71819,12.72091,0.00,0.00
2015.02.02 15:23:09.241,12.71747,12.72091,0.00,0.00
2015.02.02 15:23:09.292,12.71747,12.72052,0.00,0.00
2015.02.02 15:23:09.742,12.71761,12.72052,0.00,0.00
2015.02.02 15:23:10.203,12.71747,12.72019,0.00,0.00
2015.02.02 15:23:11.223,12.71731,12.72019,0.00,0.00
2015.02.02 15:23:11.323,12.71698,12.71998,0.00,0.00
2015.02.02 15:23:11.374,12.71672,12.71998,0.00,0.00
2015.02.02 15:23:11.425,12.71649,12.71998,0.00,0.00
2015.02.02 15:23:11.475,12.71632,12.71951,0.00,0.00
2015.02.02 15:23:12.261,12.71622,12.71918,0.00,0.00
2015.02.02 15:23:12.563,12.71822,12.72118,0.00,0.00
2015.02.02 15:23:15.266,12.71831,12.72118,0.00,0.00
2015.02.02 15:23:16.523,12.71838,12.72118,0.00,0.00
2015.02.02 15:23:16.574,12.71871,12.72192,0.00,0.00
2015.02.02 15:23:17.084,12.71872,12.72192,0.00,0.00
2015.02.02 15:23:17.546,12.71882,12.72192,0.00,0.00
2015.02.02 15:23:18.614,12.71889,12.72198,0.00,0.00
2015.02.02 15:23:18.916,12.72032,12.72219,0.00,0.00
2015.02.02 15:23:19.017,12.71989,12.72219,0.00,0.00
2015.02.02 15:23:19.118,12.71942,12.72219,0.00,0.00
2015.02.02 15:23:19.636,12.71921,12.72219,0.00,0.00
2015.02.02 15:23:19.823,12.71949,12.72219,0.00,0.00
2015.02.02 15:23:19.874,12.71981,12.72299,0.00,0.00
2015.02.02 15:23:20.305,12.71927,12.72242,0.00,0.00
2015.02.02 15:23:20.356,12.71921,12.72242,0.00,0.00
2015.02.02 15:23:20.507,12.71921,12.72198,0.00,0.00
2015.02.02 15:23:20.658,12.71838,12.72182,0.00,0.00
2015.02.02 15:23:20.709,12.71838,12.72142,0.00,0.00
2015.02.02 15:23:21.040,12.72032,12.72318,0.00,0.00
2015.02.02 15:23:23.894,12.72038,12.72318,0.00,0.00
2015.02.02 15:23:23.945,12.72071,12.72375,0.00,0.00
2015.02.02 15:23:23.996,12.72071,12.72392,0.00,0.00
2015.02.02 15:23:24.046,12.72082,12.72392,0.00,0.00
2015.02.02 15:23:24.574,12.72083,12.72392,0.00,0.00
2015.02.02 15:23:24.966,12.72072,12.72392,0.00,0.00
2015.02.02 15:23:25.175,12.72088,12.72392,0.00,0.00
2015.02.02 15:23:25.503,12.72058,12.72318,0.00,0.00
2015.02.02 15:23:25.877,12.72072,12.72318,0.00,0.00
2015.02.02 15:23:26.333,12.72072,12.72391,0.00,0.00
2015.02.02 15:23:26.384,12.72083,12.72391,0.00,0.00
2015.02.02 15:23:26.670,12.72071,12.72391,0.00,0.00
2015.02.02 15:23:26.974,12.72098,12.72399,0.00,0.00
2015.02.02 15:23:27.431,12.72121,12.72399,0.00,0.00
2015.02.02 15:23:27.482,12.72121,12.72419,0.00,0.00
2015.02.02 15:23:28.327,12.72122,12.72419,0.00,0.00
2015.02.02 15:23:28.377,12.72122,12.72416,0.00,0.00
2015.02.02 15:23:28.547,12.72098,12.72416,0.00,0.00
2015.02.02 15:23:28.598,12.72098,12.7241,0.00,0.00
2015.02.02 15:23:28.906,12.72083,12.72391,0.00,0.00
2015.02.02 15:23:29.075,12.72081,12.72391,0.00,0.00
2015.02.02 15:23:29.395,12.72088,12.72399,0.00,0.00
2015.02.02 15:23:29.498,12.72179,12.72399,0.00,0.00
2015.02.02 15:23:29.549,12.72232,12.72518,0.00,0.00
2015.02.02 15:23:30.966,12.72231,12.72518,0.00,0.00
2015.02.02 15:23:31.627,12.72207,12.72498,0.00,0.00
2015.02.02 15:23:31.729,12.72193,12.72498,0.00,0.00
2015.02.02 15:23:31.830,12.72148,12.72451,0.00,0.00
2015.02.02 15:23:32.138,12.72164,12.72451,0.00,0.00
2015.02.02 15:23:32.188,12.72147,12.72451,0.00,0.00
2015.02.02 15:23:32.289,12.72131,12.72451,0.00,0.00
2015.02.02 15:23:32.603,12.72131,12.72418,0.00,0.00
2015.02.02 15:23:33.712,12.72141,12.72418,0.00,0.00
2015.02.02 15:23:34.285,12.72152,12.72418,0.00,0.00
2015.02.02 15:23:34.615,12.72136,12.72418,0.00,0.00
2015.02.02 15:23:34.675,12.72136,12.72341,0.00,0.00
2015.02.02 15:23:34.831,12.72038,12.72318,0.00,0.00
2015.02.02 15:23:34.894,12.72031,12.72318,0.00,0.00
2015.02.02 15:23:35.208,12.72044,12.72318,0.00,0.00
2015.02.02 15:23:35.388,12.72031,12.72318,0.00,0.00
2015.02.02 15:23:35.822,12.72031,12.72342,0.00,0.00
2015.02.02 15:23:36.289,12.72044,12.72342,0.00,0.00
2015.02.02 15:23:36.440,12.72231,12.72535,0.00,0.00
2015.02.02 15:23:36.491,12.72199,12.72535,0.00,0.00
2015.02.02 15:23:36.546,12.72193,12.72501,0.00,0.00
2015.02.02 15:23:36.596,12.72191,12.72501,0.00,0.00
2015.02.02 15:23:36.697,12.72191,12.72496,0.00,0.00
2015.02.02 15:23:37.473,12.72172,12.72496,0.00,0.00
2015.02.02 15:23:37.592,12.72172,12.72447,0.00,0.00
2015.02.02 15:23:37.694,12.72098,12.72414,0.00,0.00
2015.02.02 15:23:37.804,12.72081,12.72392,0.00,0.00
2015.02.02 15:23:38.135,12.72106,12.72392,0.00,0.00
2015.02.02 15:23:38.236,12.72089,12.72392,0.00,0.00
2015.02.02 15:23:38.842,12.72081,12.72392,0.00,0.00
2015.02.02 15:23:38.892,12.72073,12.72342,0.00,0.00
2015.02.02 15:23:38.943,12.72032,12.72342,0.00,0.00
2015.02.02 15:23:39.698,12.72043,12.72342,0.00,0.00
2015.02.02 15:23:39.849,12.72059,12.72391,0.00,0.00
2015.02.02 15:23:39.899,12.72095,12.72391,0.00,0.00
2015.02.02 15:23:40.227,12.72108,12.72391,0.00,0.00
2015.02.02 15:23:40.692,12.72132,12.72452,0.00,0.00
2015.02.02 15:23:40.743,12.72147,12.72452,0.00,0.00
2015.02.02 15:23:41.085,12.72147,12.72391,0.00,0.00
2015.02.02 15:23:41.135,12.72103,12.72391,0.00,0.00
2015.02.02 15:23:42.423,12.72231,12.72476,0.00,0.00
2015.02.02 15:23:42.540,12.72199,12.72451,0.00,0.00
2015.02.02 15:23:42.646,12.72107,12.72451,0.00,0.00
2015.02.02 15:23:42.753,12.72107,12.72392,0.00,0.00
2015.02.02 15:23:43.914,12.72083,12.72342,0.00,0.00
2015.02.02 15:23:44.124,12.72062,12.72342,0.00,0.00
2015.02.02 15:23:44.509,12.72047,12.72342,0.00,0.00
2015.02.02 15:23:45.570,12.72099,12.72391,0.00,0.00
2015.02.02 15:23:45.621,12.72102,12.72409,0.00,0.00
2015.02.02 15:23:45.722,12.72172,12.72452,0.00,0.00
2015.02.02 15:23:45.822,12.72152,12.72452,0.00,0.00
2015.02.02 15:23:50.121,12.72172,12.72452,0.00,0.00
2015.02.02 15:23:50.227,12.72193,12.72501,0.00,0.00
2015.02.02 15:23:50.721,12.72217,12.72501,0.00,0.00
2015.02.02 15:23:50.772,12.72217,12.72549,0.00,0.00
2015.02.02 15:23:50.876,12.72231,12.72551,0.00,0.00
2015.02.02 15:23:51.723,12.72231,12.72545,0.00,0.00
2015.02.02 15:23:51.973,12.72233,12.72551,0.00,0.00
2015.02.02 15:23:52.825,12.72247,12.72551,0.00,0.00
2015.02.02 15:23:53.027,12.72191,12.72502,0.00,0.00
2015.02.02 15:23:53.156,12.72186,12.72502,0.00,0.00
2015.02.02 15:23:54.029,12.72171,12.72502,0.00,0.00
2015.02.02 15:23:54.080,12.72162,12.72452,0.00,0.00
2015.02.02 15:23:54.737,12.72172,12.72452,0.00,0.00
2015.02.02 15:23:55.150,12.72135,12.72452,0.00,0.00
2015.02.02 15:23:55.365,12.72157,12.72452,0.00,0.00
2015.02.02 15:23:55.707,12.72213,12.72502,0.00,0.00
2015.02.02 15:23:55.807,12.72232,12.72551,0.00,0.00
2015.02.02 15:23:56.233,12.72242,12.72551,0.00,0.00
2015.02.02 15:23:56.464,12.72185,12.72501,0.00,0.00
2015.02.02 15:24:00.482,12.72153,12.72495,0.00,0.00
2015.02.02 15:24:00.533,12.72153,12.72452,0.00,0.00
2015.02.02 15:24:01.043,12.72141,12.72452,0.00,0.00
2015.02.02 15:24:01.245,12.72073,12.72392,0.00,0.00
2015.02.02 15:24:01.296,12.72073,12.72341,0.00,0.00
2015.02.02 15:24:01.447,12.72092,12.72391,0.00,0.00
2015.02.02 15:24:02.045,12.72108,12.72391,0.00,0.00
2015.02.02 15:24:04.084,12.72163,12.72441,0.00,0.00
2015.02.02 15:24:04.588,12.72183,12.72452,0.00,0.00
2015.02.02 15:24:04.703,12.72183,12.72502,0.00,0.00
2015.02.02 15:24:06.135,12.72183,12.72451,0.00,0.00
2015.02.02 15:24:07.262,12.72162,12.72451,0.00,0.00
2015.02.02 15:24:09.050,12.72142,12.72451,0.00,0.00
2015.02.02 15:24:09.101,12.72097,12.72342,0.00,0.00
2015.02.02 15:24:09.151,12.72097,12.72391,0.00,0.00
2015.02.02 15:24:10.897,12.72048,12.72341,0.00,0.00
2015.02.02 15:24:11.518,12.72048,12.72319,0.00,0.00
2015.02.02 15:24:12.623,12.72048,12.72302,0.00,0.00
2015.02.02 15:24:12.674,12.72033,12.72299,0.00,0.00
2015.02.02 15:24:12.775,12.71973,12.72299,0.00,0.00
2015.02.02 15:24:12.875,12.71973,12.72242,0.00,0.00
2015.02.02 15:24:13.215,12.71992,12.72299,0.00,0.00
2015.02.02 15:24:15.774,12.72007,12.72299,0.00,0.00
2015.02.02 15:24:17.978,12.72033,12.72299,0.00,0.00
2015.02.02 15:24:18.280,12.72033,12.72318,0.00,0.00
2015.02.02 15:24:18.513,12.72053,12.72318,0.00,0.00
2015.02.02 15:24:18.829,12.72112,12.72318,0.00,0.00
2015.02.02 15:24:18.880,12.72099,12.72318,0.00,0.00
2015.02.02 15:24:18.981,12.72085,12.72318,0.00,0.00
2015.02.02 15:24:19.242,12.72085,12.72391,0.00,0.00
2015.02.02 15:24:19.343,12.72071,12.72342,0.00,0.00
2015.02.02 15:24:19.393,12.72032,12.72342,0.00,0.00
2015.02.02 15:24:20.025,12.72031,12.72342,0.00,0.00
2015.02.02 15:24:20.233,12.72031,12.72319,0.00,0.00
2015.02.02 15:24:20.759,12.72032,12.72319,0.00,0.00
2015.02.02 15:24:21.085,12.72092,12.72319,0.00,0.00
2015.02.02 15:24:21.332,12.72092,12.72392,0.00,0.00
2015.02.02 15:24:21.603,12.72072,12.72385,0.00,0.00
2015.02.02 15:24:21.653,12.72072,12.72342,0.00,0.00
2015.02.02 15:24:21.704,12.72007,12.72342,0.00,0.00
2015.02.02 15:24:21.754,12.72007,12.72302,0.00,0.00
2015.02.02 15:24:22.079,12.72107,12.72392,0.00,0.00
2015.02.02 15:24:22.515,12.72086,12.72392,0.00,0.00
2015.02.02 15:24:22.616,12.72179,12.72392,0.00,0.00
2015.02.02 15:24:22.667,12.72232,12.72514,0.00,0.00
2015.02.02 15:24:22.717,12.72239,12.72519,0.00,0.00
2015.02.02 15:24:23.190,12.72232,12.72519,0.00,0.00
2015.02.02 15:24:23.525,12.72232,12.72502,0.00,0.00
2015.02.02 15:24:23.962,12.72192,12.72419,0.00,0.00
2015.02.02 15:24:24.210,12.72175,12.72419,0.00,0.00
2015.02.02 15:24:24.523,12.72175,12.72498,0.00,0.00
2015.02.02 15:24:26.141,12.72192,12.72498,0.00,0.00
2015.02.02 15:24:26.638,12.72199,12.72519,0.00,0.00
2015.02.02 15:24:26.844,12.72217,12.72519,0.00,0.00
2015.02.02 15:24:27.360,12.72233,12.72519,0.00,0.00
2015.02.02 15:24:27.411,12.72231,12.72519,0.00,0.00
2015.02.02 15:24:27.512,12.72239,12.72519,0.00,0.00
2015.02.02 15:24:28.731,12.72231,12.72519,0.00,0.00
2015.02.02 15:24:28.832,12.72243,12.72519,0.00,0.00
2015.02.02 15:24:29.004,12.72231,12.72519,0.00,0.00
2015.02.02 15:24:29.055,12.72212,12.72498,0.00,0.00
2015.02.02 15:24:29.106,12.72183,12.72498,0.00,0.00
2015.02.02 15:24:29.722,12.72172,12.72452,0.00,0.00
2015.02.02 15:24:30.052,12.72172,12.72419,0.00,0.00
2015.02.02 15:24:30.744,12.72197,12.72419,0.00,0.00
2015.02.02 15:24:30.795,12.72197,12.72501,0.00,0.00
2015.02.02 15:24:31.003,12.72221,12.72518,0.00,0.00
2015.02.02 15:24:31.347,12.72222,12.72452,0.00,0.00
2015.02.02 15:24:31.398,12.72137,12.72452,0.00,0.00
2015.02.02 15:24:31.453,12.72137,12.72419,0.00,0.00
2015.02.02 15:24:31.987,12.72148,12.72419,0.00,0.00
2015.02.02 15:24:32.037,12.72137,12.72419,0.00,0.00
2015.02.02 15:24:32.348,12.72147,12.72419,0.00,0.00
2015.02.02 15:24:32.976,12.72183,12.72419,0.00,0.00
2015.02.02 15:24:33.619,12.72182,12.72419,0.00,0.00
2015.02.02 15:24:33.669,12.72182,12.72499,0.00,0.00
2015.02.02 15:24:34.842,12.72198,12.72499,0.00,0.00
2015.02.02 15:24:35.165,12.72183,12.72418,0.00,0.00
2015.02.02 15:24:36.317,12.72142,12.72418,0.00,0.00
2015.02.02 15:24:37.256,12.72142,12.72408,0.00,0.00
2015.02.02 15:24:37.408,12.72052,12.72322,0.00,0.00
2015.02.02 15:24:38.308,12.72052,12.72319,0.00,0.00
2015.02.02 15:24:39.622,12.72073,12.72319,0.00,0.00
2015.02.02 15:24:41.337,12.72042,12.72319,0.00,0.00
2015.02.02 15:24:42.697,12.72042,12.72272,0.00,0.00
2015.02.02 15:24:42.748,12.72032,12.72272,0.00,0.00
2015.02.02 15:24:42.798,12.72023,12.72222,0.00,0.00
2015.02.02 15:24:42.849,12.71943,12.72222,0.00,0.00
2015.02.02 15:24:42.949,12.71958,12.72222,0.00,0.00
2015.02.02 15:24:43.246,12.71981,12.72298,0.00,0.00
2015.02.02 15:24:43.417,12.71973,12.72298,0.00,0.00
2015.02.02 15:24:43.468,12.71943,12.72221,0.00,0.00
2015.02.02 15:24:43.871,12.71943,12.72218,0.00,0.00
2015.02.02 15:24:45.170,12.71982,12.72218,0.00,0.00
2015.02.02 15:24:45.220,12.71982,12.72271,0.00,0.00
2015.02.02 15:24:45.404,12.71982,12.72299,0.00,0.00
2015.02.02 15:24:45.455,12.71981,12.7229,0.00,0.00
2015.02.02 15:24:45.506,12.71968,12.7229,0.00,0.00
2015.02.02 15:24:45.556,12.71948,12.72221,0.00,0.00
2015.02.02 15:24:46.232,12.71948,12.72219,0.00,0.00
2015.02.02 15:24:47.025,12.71921,12.72219,0.00,0.00
2015.02.02 15:24:47.076,12.71892,12.72119,0.00,0.00
2015.02.02 15:24:47.126,12.71881,12.72119,0.00,0.00
2015.02.02 15:24:47.177,12.71853,12.72119,0.00,0.00
2015.02.02 15:24:47.278,12.71853,12.72071,0.00,0.00
2015.02.02 15:24:47.429,12.71793,12.72071,0.00,0.00
2015.02.02 15:24:48.045,12.71793,12.72119,0.00,0.00
2015.02.02 15:24:48.146,12.71823,12.72119,0.00,0.00
2015.02.02 15:24:48.448,12.71793,12.72072,0.00,0.00
2015.02.02 15:24:48.780,12.71832,12.72098,0.00,0.00
2015.02.02 15:24:49.303,12.71832,12.72071,0.00,0.00
2015.02.02 15:24:49.353,12.71793,12.72071,0.00,0.00
2015.02.02 15:24:49.862,12.71793,12.72072,0.00,0.00
2015.02.02 15:24:50.178,12.71793,12.72119,0.00,0.00
2015.02.02 15:24:50.280,12.71831,12.72119,0.00,0.00
2015.02.02 15:24:50.585,12.71821,12.72099,0.00,0.00
2015.02.02 15:24:50.935,12.71882,12.72099,0.00,0.00
2015.02.02 15:24:51.495,12.71882,12.72119,0.00,0.00
2015.02.02 15:24:51.637,12.71862,12.72119,0.00,0.00
2015.02.02 15:24:55.407,12.71941,12.72119,0.00,0.00
2015.02.02 15:24:55.457,12.71941,12.72219,0.00,0.00
2015.02.02 15:24:55.558,12.71957,12.72219,0.00,0.00
2015.02.02 15:24:55.867,12.71972,12.72219,0.00,0.00
2015.02.02 15:24:55.968,12.71952,12.72219,0.00,0.00
2015.02.02 15:24:56.069,12.71948,12.72219,0.00,0.00
2015.02.02 15:24:57.052,12.71982,12.72219,0.00,0.00
2015.02.02 15:24:58.285,12.71963,12.72219,0.00,0.00
2015.02.02 15:24:58.934,12.72032,12.72219,0.00,0.00
2015.02.02 15:24:58.984,12.72032,12.72272,0.00,0.00
2015.02.02 15:24:59.035,12.72122,12.72272,0.00,0.00
2015.02.02 15:24:59.085,12.72122,12.72299,0.00,0.00
2015.02.02 15:24:59.303,12.72122,12.72382,0.00,0.00
2015.02.02 15:24:59.404,12.72092,12.72382,0.00,0.00
2015.02.02 15:24:59.524,12.72122,12.72419,0.00,0.00
2015.02.02 15:25:00.731,12.72122,12.72319,0.00,0.00
2015.02.02 15:25:00.796,12.72094,12.72319,0.00,0.00
2015.02.02 15:25:00.897,12.72059,12.72319,0.00,0.00
2015.02.02 15:25:01.358,12.72072,12.72319,0.00,0.00
2015.02.02 15:25:02.262,12.72053,12.72319,0.00,0.00
2015.02.02 15:25:02.772,12.72034,12.72319,0.00,0.00
2015.02.02 15:25:03.489,12.72062,12.72319,0.00,0.00
2015.02.02 15:25:03.590,12.72062,12.72332,0.00,0.00
2015.02.02 15:25:03.694,12.72086,12.72381,0.00,0.00
2015.02.02 15:25:03.797,12.72099,12.72381,0.00,0.00
2015.02.02 15:25:04.107,12.72086,12.72381,0.00,0.00
2015.02.02 15:25:04.571,12.72072,12.72381,0.00,0.00
2015.02.02 15:25:04.654,12.72072,12.72399,0.00,0.00
2015.02.02 15:25:04.705,12.72072,12.72413,0.00,0.00
2015.02.02 15:25:04.767,12.72106,12.72418,0.00,0.00
2015.02.02 15:25:05.155,12.72072,12.72372,0.00,0.00
2015.02.02 15:25:05.578,12.72057,12.72319,0.00,0.00
2015.02.02 15:25:05.879,12.721,12.72319,0.00,0.00
2015.02.02 15:25:06.196,12.72071,12.72319,0.00,0.00
2015.02.02 15:25:06.543,12.72071,12.72371,0.00,0.00
2015.02.02 15:25:08.176,12.72071,12.72322,0.00,0.00
2015.02.02 15:25:08.478,12.72072,12.72319,0.00,0.00
2015.02.02 15:25:08.529,12.72032,12.72319,0.00,0.00
2015.02.02 15:25:09.377,12.72031,12.72319,0.00,0.00
2015.02.02 15:25:10.515,12.72041,12.72319,0.00,0.00
2015.02.02 15:25:11.096,12.72053,12.72319,0.00,0.00
2015.02.02 15:25:11.392,12.72031,12.72319,0.00,0.00
2015.02.02 15:25:12.095,12.72052,12.72319,0.00,0.00
2015.02.02 15:25:12.808,12.72022,12.72319,0.00,0.00
2015.02.02 15:25:12.858,12.72022,12.72218,0.00,0.00
2015.02.02 15:25:12.909,12.72005,12.72218,0.00,0.00
2015.02.02 15:25:13.010,12.71935,12.72218,0.00,0.00
2015.02.02 15:25:13.111,12.71946,12.72218,0.00,0.00
2015.02.02 15:25:13.417,12.71931,12.72218,0.00,0.00
2015.02.02 15:25:13.891,12.71922,12.72218,0.00,0.00
2015.02.02 15:25:14.320,12.7193,12.72218,0.00,0.00
2015.02.02 15:25:14.727,12.71997,12.72218,0.00,0.00
2015.02.02 15:25:15.037,12.71972,12.72218,0.00,0.00
2015.02.02 15:25:15.239,12.71982,12.72218,0.00,0.00
2015.02.02 15:25:15.340,12.71964,12.72218,0.00,0.00
2015.02.02 15:25:15.441,12.71953,12.72218,0.00,0.00
2015.02.02 15:25:15.816,12.71941,12.72218,0.00,0.00
2015.02.02 15:25:18.605,12.71953,12.72218,0.00,0.00
2015.02.02 15:25:19.308,12.71941,12.72218,0.00,0.00
2015.02.02 15:25:19.508,12.71952,12.72218,0.00,0.00
2015.02.02 15:25:20.611,12.71941,12.72218,0.00,0.00
2015.02.02 15:25:21.190,12.71941,12.72171,0.00,0.00
2015.02.02 15:25:21.240,12.71922,12.72168,0.00,0.00
2015.02.02 15:25:21.292,12.71922,12.72072,0.00,0.00
2015.02.02 15:25:21.393,12.71792,12.72072,0.00,0.00
2015.02.02 15:25:21.525,12.71772,12.72018,0.00,0.00
2015.02.02 15:25:21.850,12.71752,12.72018,0.00,0.00
2015.02.02 15:25:22.656,12.71773,12.72018,0.00,0.00
2015.02.02 15:25:22.761,12.71752,12.72018,0.00,0.00
2015.02.02 15:25:23.166,12.71772,12.72018,0.00,0.00
2015.02.02 15:25:23.216,12.71753,12.72018,0.00,0.00
2015.02.02 15:25:25.479,12.71753,12.71999,0.00,0.00
2015.02.02 15:25:25.530,12.71731,12.71999,0.00,0.00
2015.02.02 15:25:25.580,12.71712,12.71971,0.00,0.00
2015.02.02 15:25:25.631,12.71642,12.71971,0.00,0.00
2015.02.02 15:25:25.682,12.71642,12.71921,0.00,0.00
2015.02.02 15:25:26.336,12.71673,12.71921,0.00,0.00
2015.02.02 15:25:26.638,12.71653,12.71919,0.00,0.00
2015.02.02 15:25:29.868,12.71732,12.71995,0.00,0.00
2015.02.02 15:25:29.969,12.71693,12.71972,0.00,0.00
2015.02.02 15:25:30.686,12.71693,12.71971,0.00,0.00
2015.02.02 15:25:30.738,12.71693,12.71921,0.00,0.00
2015.02.02 15:25:31.369,12.71693,12.71918,0.00,0.00
2015.02.02 15:25:32.236,12.71673,12.71918,0.00,0.00
2015.02.02 15:25:32.337,12.71702,12.71918,0.00,0.00
2015.02.02 15:25:32.438,12.71743,12.72018,0.00,0.00
2015.02.02 15:25:33.740,12.71763,12.72018,0.00,0.00
2015.02.02 15:25:33.841,12.71792,12.72071,0.00,0.00
2015.02.02 15:25:34.507,12.71792,12.72022,0.00,0.00
2015.02.02 15:25:34.792,12.71792,12.72042,0.00,0.00
2015.02.02 15:25:34.843,12.71792,12.72019,0.00,0.00
2015.02.02 15:25:35.582,12.71773,12.72019,0.00,0.00
2015.02.02 15:25:35.942,12.71773,12.72091,0.00,0.00
2015.02.02 15:25:36.045,12.71793,12.72091,0.00,0.00
2015.02.02 15:25:37.566,12.71793,12.72019,0.00,0.00
2015.02.02 15:25:38.680,12.71793,12.72092,0.00,0.00
2015.02.02 15:25:38.853,12.71829,12.72092,0.00,0.00
2015.02.02 15:25:39.186,12.71854,12.72098,0.00,0.00
2015.02.02 15:25:39.672,12.71854,12.72119,0.00,0.00
2015.02.02 15:25:39.742,12.71854,12.72092,0.00,0.00
2015.02.02 15:25:39.793,12.71829,12.72092,0.00,0.00
2015.02.02 15:25:39.894,12.71799,12.72092,0.00,0.00
2015.02.02 15:25:42.772,12.71888,12.72098,0.00,0.00
2015.02.02 15:25:42.873,12.7192,12.72158,0.00,0.00
2015.02.02 15:25:42.974,12.7195,12.72219,0.00,0.00
2015.02.02 15:25:43.684,12.71964,12.72219,0.00,0.00
2015.02.02 15:25:43.735,12.71982,12.72242,0.00,0.00
2015.02.02 15:25:43.836,12.72031,12.72292,0.00,0.00
2015.02.02 15:25:43.886,12.7206,12.72319,0.00,0.00
2015.02.02 15:25:44.089,12.7204,12.72319,0.00,0.00
2015.02.02 15:25:44.496,12.72031,12.72319,0.00,0.00
2015.02.02 15:25:44.686,12.72021,12.72319,0.00,0.00
2015.02.02 15:25:46.113,12.7204,12.72319,0.00,0.00
2015.02.02 15:25:46.415,12.72005,12.72299,0.00,0.00
2015.02.02 15:25:46.465,12.72021,12.72299,0.00,0.00
2015.02.02 15:25:46.874,12.72024,12.72299,0.00,0.00
2015.02.02 15:25:47.076,12.72021,12.72299,0.00,0.00
2015.02.02 15:25:47.177,12.72006,12.72299,0.00,0.00
2015.02.02 15:25:48.391,12.7205,12.72318,0.00,0.00
2015.02.02 15:25:48.806,12.72094,12.72318,0.00,0.00
2015.02.02 15:25:49.010,12.7215,12.72391,0.00,0.00
2015.02.02 15:25:49.112,12.72103,12.72391,0.00,0.00
2015.02.02 15:25:49.217,12.72083,12.72391,0.00,0.00
2015.02.02 15:25:49.318,12.721,12.72391,0.00,0.00
2015.02.02 15:25:49.420,12.72083,12.72391,0.00,0.00
2015.02.02 15:25:49.475,12.72072,12.72391,0.00,0.00
2015.02.02 15:25:49.526,12.72072,12.72342,0.00,0.00
2015.02.02 15:25:49.858,12.72071,12.72319,0.00,0.00
2015.02.02 15:25:49.908,12.72056,12.72319,0.00,0.00
2015.02.02 15:25:49.977,12.72031,12.72319,0.00,0.00
2015.02.02 15:25:50.178,12.7205,12.72319,0.00,0.00
2015.02.02 15:25:50.279,12.72035,12.72319,0.00,0.00
2015.02.02 15:25:50.380,12.72022,12.72319,0.00,0.00
2015.02.02 15:25:50.597,12.72032,12.72319,0.00,0.00
2015.02.02 15:25:50.900,12.72089,12.72219,0.00,0.00
2015.02.02 15:25:51.000,12.72113,12.72302,0.00,0.00
2015.02.02 15:25:51.051,12.72121,12.72246,0.00,0.00
2015.02.02 15:25:51.152,12.72139,12.72392,0.00,0.00
2015.02.02 15:25:51.253,12.72139,12.72418,0.00,0.00
2015.02.02 15:25:51.354,12.72114,12.72392,0.00,0.00
2015.02.02 15:25:51.404,12.72083,12.72392,0.00,0.00
2015.02.02 15:25:52.134,12.72083,12.72341,0.00,0.00
2015.02.02 15:25:52.385,12.72121,12.72399,0.00,0.00
2015.02.02 15:25:53.082,12.72121,12.72419,0.00,0.00
2015.02.02 15:25:54.089,12.72121,12.72399,0.00,0.00
2015.02.02 15:25:54.240,12.72072,12.72392,0.00,0.00
2015.02.02 15:25:54.957,12.72111,12.72392,0.00,0.00
2015.02.02 15:25:55.251,12.72021,12.72319,0.00,0.00
2015.02.02 15:25:55.666,12.72021,12.72242,0.00,0.00
2015.02.02 15:25:55.918,12.71968,12.72219,0.00,0.00
2015.02.02 15:25:56.362,12.71981,12.72219,0.00,0.00
2015.02.02 15:25:56.745,12.72015,12.72219,0.00,0.00
2015.02.02 15:25:56.846,12.71981,12.72219,0.00,0.00
2015.02.02 15:25:56.947,12.71939,12.72219,0.00,0.00
2015.02.02 15:25:57.174,12.71959,12.72219,0.00,0.00
2015.02.02 15:25:57.379,12.71942,12.72219,0.00,0.00
2015.02.02 15:25:57.846,12.71959,12.72219,0.00,0.00
2015.02.02 15:25:58.033,12.71941,12.72219,0.00,0.00
2015.02.02 15:25:58.084,12.71937,12.72219,0.00,0.00
2015.02.02 15:25:58.653,12.71949,12.72219,0.00,0.00
2015.02.02 15:25:59.388,12.71931,12.72219,0.00,0.00
2015.02.02 15:25:59.861,12.71919,12.72049,0.00,0.00
2015.02.02 15:25:59.913,12.71838,12.72019,0.00,0.00
2015.02.02 15:26:00.038,12.71788,12.72019,0.00,0.00
2015.02.02 15:26:00.089,12.7175,12.72019,0.00,0.00
2015.02.02 15:26:02.880,12.7175,12.71918,0.00,0.00
2015.02.02 15:26:02.981,12.71699,12.71918,0.00,0.00
2015.02.02 15:26:03.685,12.71691,12.71918,0.00,0.00
2015.02.02 15:26:03.786,12.71654,12.71918,0.00,0.00
2015.02.02 15:26:04.114,12.71679,12.71918,0.00,0.00
2015.02.02 15:26:04.416,12.71649,12.71918,0.00,0.00
2015.02.02 15:26:05.406,12.71649,12.71899,0.00,0.00
2015.02.02 15:26:05.507,12.71539,12.71891,0.00,0.00
2015.02.02 15:26:05.653,12.71531,12.71842,0.00,0.00
2015.02.02 15:26:06.422,12.71531,12.71818,0.00,0.00
2015.02.02 15:26:08.026,12.7158,12.71818,0.00,0.00
2015.02.02 15:26:08.077,12.71581,12.71892,0.00,0.00
2015.02.02 15:26:08.127,12.71622,12.71892,0.00,0.00
2015.02.02 15:26:08.228,12.71598,12.71918,0.00,0.00
2015.02.02 15:26:08.292,12.71571,12.71892,0.00,0.00
2015.02.02 15:26:08.402,12.71598,12.71918,0.00,0.00
2015.02.02 15:26:08.797,12.71621,12.71918,0.00,0.00
2015.02.02 15:26:09.938,12.71621,12.71898,0.00,0.00
2015.02.02 15:26:09.989,12.71582,12.71892,0.00,0.00
2015.02.02 15:26:10.090,12.71569,12.71842,0.00,0.00
2015.02.02 15:26:10.291,12.71579,12.71891,0.00,0.00
2015.02.02 15:26:10.728,12.71569,12.71842,0.00,0.00
2015.02.02 15:26:10.828,12.7156,12.71842,0.00,0.00
2015.02.02 15:26:11.002,12.7156,12.71819,0.00,0.00
2015.02.02 15:26:11.140,12.7154,12.71819,0.00,0.00
2015.02.02 15:26:11.825,12.7154,12.71809,0.00,0.00
2015.02.02 15:26:11.932,12.71435,12.71718,0.00,0.00
2015.02.02 15:26:12.032,12.71422,12.71718,0.00,0.00
2015.02.02 15:26:12.083,12.71389,12.71718,0.00,0.00
2015.02.02 15:26:12.184,12.71382,12.71692,0.00,0.00
2015.02.02 15:26:12.503,12.71484,12.71718,0.00,0.00
2015.02.02 15:26:12.966,12.71469,12.71718,0.00,0.00
2015.02.02 15:26:13.347,12.71459,12.71718,0.00,0.00
2015.02.02 15:26:13.675,12.71469,12.71742,0.00,0.00
2015.02.02 15:26:13.776,12.71481,12.71799,0.00,0.00
2015.02.02 15:26:13.826,12.71571,12.71799,0.00,0.00
2015.02.02 15:26:14.130,12.71598,12.71919,0.00,0.00
2015.02.02 15:26:14.180,12.71624,12.71919,0.00,0.00
2015.02.02 15:26:14.536,12.71639,12.71919,0.00,0.00
2015.02.02 15:26:14.905,12.7166,12.71919,0.00,0.00
2015.02.02 15:26:14.956,12.71622,12.71919,0.00,0.00
2015.02.02 15:26:15.038,12.7164,12.71919,0.00,0.00
2015.02.02 15:26:15.294,12.71679,12.71998,0.00,0.00
2015.02.02 15:26:16.347,12.71669,12.71951,0.00,0.00
2015.02.02 15:26:16.701,12.7168,12.71919,0.00,0.00
2015.02.02 15:26:16.751,12.71671,12.71919,0.00,0.00
2015.02.02 15:26:16.852,12.7168,12.71919,0.00,0.00
2015.02.02 15:26:17.243,12.71672,12.71919,0.00,0.00
2015.02.02 15:26:17.351,12.71679,12.71919,0.00,0.00
2015.02.02 15:26:17.402,12.71679,12.71951,0.00,0.00
2015.02.02 15:26:17.507,12.71672,12.71999,0.00,0.00
2015.02.02 15:26:17.558,12.71632,12.71952,0.00,0.00
2015.02.02 15:26:17.608,12.71629,12.71952,0.00,0.00
2015.02.02 15:26:18.083,12.71629,12.71891,0.00,0.00
2015.02.02 15:26:18.184,12.71622,12.71891,0.00,0.00
2015.02.02 15:26:18.235,12.71579,12.71891,0.00,0.00
2015.02.02 15:26:19.743,12.71598,12.71919,0.00,0.00
2015.02.02 15:26:19.844,12.71579,12.71892,0.00,0.00
2015.02.02 15:26:20.392,12.71598,12.71923,0.00,0.00
2015.02.02 15:26:20.453,12.71598,12.71863,0.00,0.00
2015.02.02 15:26:20.654,12.71482,12.71802,0.00,0.00
2015.02.02 15:26:22.186,12.71482,12.71742,0.00,0.00
2015.02.02 15:26:22.286,12.71431,12.71742,0.00,0.00
2015.02.02 15:26:23.400,12.71431,12.71692,0.00,0.00
2015.02.02 15:26:23.786,12.71431,12.71642,0.00,0.00
2015.02.02 15:26:23.836,12.7137,12.71642,0.00,0.00
2015.02.02 15:26:23.887,12.71329,12.71642,0.00,0.00
2015.02.02 15:26:24.167,12.71329,12.71592,0.00,0.00
2015.02.02 15:26:24.268,12.71312,12.71582,0.00,0.00
2015.02.02 15:26:24.368,12.7124,12.71551,0.00,0.00
2015.02.02 15:26:24.931,12.7124,12.71582,0.00,0.00
2015.02.02 15:26:24.981,12.71279,12.71592,0.00,0.00
2015.02.02 15:26:25.284,12.71494,12.71641,0.00,0.00
2015.02.02 15:26:25.385,12.71539,12.71729,0.00,0.00
2015.02.02 15:26:25.436,12.71539,12.71842,0.00,0.00
2015.02.02 15:26:25.487,12.71559,12.71842,0.00,0.00
2015.02.02 15:26:26.192,12.7154,12.71842,0.00,0.00
2015.02.02 15:26:26.494,12.71531,12.71842,0.00,0.00
2015.02.02 15:26:27.112,12.71531,12.71802,0.00,0.00
2015.02.02 15:26:27.213,12.71429,12.71741,0.00,0.00
2015.02.02 15:26:28.114,12.71421,12.71692,0.00,0.00
2015.02.02 15:26:28.165,12.71409,12.71692,0.00,0.00
2015.02.02 15:26:28.215,12.71329,12.71601,0.00,0.00
2015.02.02 15:26:28.316,12.7128,12.71601,0.00,0.00
2015.02.02 15:26:28.532,12.7128,12.71622,0.00,0.00
2015.02.02 15:26:28.582,12.71321,12.71622,0.00,0.00
2015.02.02 15:26:28.683,12.71321,12.71642,0.00,0.00
2015.02.02 15:26:29.473,12.71324,12.71642,0.00,0.00
2015.02.02 15:26:29.523,12.71328,12.71668,0.00,0.00
2015.02.02 15:26:29.574,12.7138,12.71692,0.00,0.00
2015.02.02 15:26:30.342,12.71379,12.71642,0.00,0.00
2015.02.02 15:26:30.443,12.71379,12.71691,0.00,0.00
2015.02.02 15:26:30.851,12.71389,12.71723,0.00,0.00
2015.02.02 15:26:30.901,12.71421,12.71723,0.00,0.00
2015.02.02 15:26:31.593,12.71421,12.71751,0.00,0.00
2015.02.02 15:26:31.644,12.71462,12.71757,0.00,0.00
2015.02.02 15:26:31.694,12.7148,12.71802,0.00,0.00
2015.02.02 15:26:31.745,12.7148,12.71752,0.00,0.00
2015.02.02 15:26:31.795,12.7146,12.71752,0.00,0.00
2015.02.02 15:26:31.896,12.71431,12.71752,0.00,0.00
2015.02.02 15:26:32.201,12.71454,12.71752,0.00,0.00
2015.02.02 15:26:32.604,12.71454,12.71798,0.00,0.00
2015.02.02 15:26:32.705,12.71439,12.71749,0.00,0.00
2015.02.02 15:26:32.806,12.71371,12.71692,0.00,0.00
2015.02.02 15:26:33.320,12.71368,12.71692,0.00,0.00
2015.02.02 15:26:33.421,12.71362,12.71642,0.00,0.00
2015.02.02 15:26:33.522,12.71362,12.71692,0.00,0.00
2015.02.02 15:26:33.814,12.71369,12.71692,0.00,0.00
2015.02.02 15:26:34.251,12.71369,12.71641,0.00,0.00
2015.02.02 15:26:34.302,12.71361,12.71641,0.00,0.00
2015.02.02 15:26:34.403,12.71321,12.71632,0.00,0.00
2015.02.02 15:26:34.518,12.71321,12.71611,0.00,0.00
2015.02.02 15:26:34.583,12.71321,12.71641,0.00,0.00
2015.02.02 15:26:34.923,12.71321,12.71626,0.00,0.00
2015.02.02 15:26:35.024,12.71321,12.71641,0.00,0.00
2015.02.02 15:26:35.226,12.71325,12.71641,0.00,0.00
2015.02.02 15:26:35.326,12.71374,12.71691,0.00,0.00
2015.02.02 15:26:35.427,12.71362,12.71691,0.00,0.00
2015.02.02 15:26:35.586,12.71361,12.71689,0.00,0.00
2015.02.02 15:26:36.306,12.71363,12.71691,0.00,0.00
2015.02.02 15:26:36.840,12.71361,12.71689,0.00,0.00
2015.02.02 15:26:36.991,12.71311,12.71642,0.00,0.00
2015.02.02 15:26:38.076,12.71215,12.71551,0.00,0.00
2015.02.02 15:26:38.232,12.71229,12.71551,0.00,0.00
2015.02.02 15:26:38.643,12.71211,12.71545,0.00,0.00
2015.02.02 15:26:38.693,12.71201,12.71502,0.00,0.00
2015.02.02 15:26:38.743,12.71145,12.71487,0.00,0.00
2015.02.02 15:26:38.794,12.71145,12.71451,0.00,0.00
2015.02.02 15:26:39.113,12.71132,12.71451,0.00,0.00
2015.02.02 15:26:39.254,12.71126,12.71451,0.00,0.00
2015.02.02 15:26:39.762,12.71129,12.71451,0.00,0.00
2015.02.02 15:26:40.075,12.71131,12.71451,0.00,0.00
2015.02.02 15:26:40.206,12.71121,12.71451,0.00,0.00
2015.02.02 15:26:40.257,12.71128,12.71451,0.00,0.00
2015.02.02 15:26:40.314,12.71121,12.71451,0.00,0.00
2015.02.02 15:26:40.531,12.71121,12.71397,0.00,0.00
2015.02.02 15:26:40.582,12.71091,12.71397,0.00,0.00
2015.02.02 15:26:40.632,12.71038,12.71331,0.00,0.00
2015.02.02 15:26:40.683,12.70989,12.71302,0.00,0.00
2015.02.02 15:26:40.783,12.70979,12.71302,0.00,0.00
2015.02.02 15:26:41.016,12.71034,12.71302,0.00,0.00
2015.02.02 15:26:41.116,12.71034,12.71351,0.00,0.00
2015.02.02 15:26:41.952,12.71034,12.71311,0.00,0.00
2015.02.02 15:26:42.436,12.71021,12.71311,0.00,0.00
2015.02.02 15:26:42.629,12.71029,12.71311,0.00,0.00
2015.02.02 15:26:42.942,12.71021,12.71311,0.00,0.00
2015.02.02 15:26:43.282,12.71021,12.71272,0.00,0.00
2015.02.02 15:26:43.333,12.70971,12.71272,0.00,0.00
2015.02.02 15:26:43.384,12.70968,12.71212,0.00,0.00
2015.02.02 15:26:43.492,12.70968,12.71271,0.00,0.00
2015.02.02 15:26:43.593,12.70961,12.71271,0.00,0.00
2015.02.02 15:26:44.063,12.70932,12.71212,0.00,0.00
2015.02.02 15:26:44.164,12.70922,12.71212,0.00,0.00
2015.02.02 15:26:44.674,12.70921,12.71212,0.00,0.00
2015.02.02 15:26:44.923,12.70921,12.71271,0.00,0.00
2015.02.02 15:26:44.973,12.70961,12.71271,0.00,0.00
2015.02.02 15:26:45.312,12.70931,12.71211,0.00,0.00
2015.02.02 15:26:45.363,12.70921,12.71211,0.00,0.00
2015.02.02 15:26:45.827,12.70891,12.71111,0.00,0.00
2015.02.02 15:26:45.878,12.70842,12.71111,0.00,0.00
2015.02.02 15:26:46.120,12.70822,12.71111,0.00,0.00
2015.02.02 15:26:46.499,12.70801,12.71061,0.00,0.00
2015.02.02 15:26:46.550,12.70702,12.71061,0.00,0.00
2015.02.02 15:26:46.600,12.70702,12.71021,0.00,0.00
2015.02.02 15:26:47.109,12.70701,12.71021,0.00,0.00
2015.02.02 15:26:47.590,12.70701,12.70972,0.00,0.00
2015.02.02 15:26:47.741,12.70651,12.70972,0.00,0.00
2015.02.02 15:26:48.040,12.70651,12.70922,0.00,0.00
2015.02.02 15:26:48.090,12.70612,12.70922,0.00,0.00
2015.02.02 15:26:48.141,12.70602,12.70862,0.00,0.00
2015.02.02 15:26:48.191,12.70551,12.70862,0.00,0.00
2015.02.02 15:26:48.242,12.70579,12.70971,0.00,0.00
2015.02.02 15:26:48.292,12.70631,12.70971,0.00,0.00
2015.02.02 15:26:48.646,12.70692,12.71022,0.00,0.00
2015.02.02 15:26:48.986,12.70652,12.70972,0.00,0.00
2015.02.02 15:26:49.087,12.70612,12.70972,0.00,0.00
2015.02.02 15:26:49.138,12.70601,12.70921,0.00,0.00
2015.02.02 15:26:49.440,12.70678,12.70971,0.00,0.00
2015.02.02 15:26:49.541,12.70669,12.70971,0.00,0.00
2015.02.02 15:26:49.591,12.70669,12.70921,0.00,0.00
2015.02.02 15:26:49.692,12.70669,12.70972,0.00,0.00
2015.02.02 15:26:49.742,12.70679,12.70972,0.00,0.00
2015.02.02 15:26:50.092,12.70608,12.70861,0.00,0.00
2015.02.02 15:26:50.143,12.70579,12.70861,0.00,0.00
2015.02.02 15:26:50.345,12.70627,12.70921,0.00,0.00
2015.02.02 15:26:50.742,12.70607,12.70921,0.00,0.00
2015.02.02 15:26:50.793,12.70607,12.70812,0.00,0.00
2015.02.02 15:26:50.843,12.70577,12.70812,0.00,0.00
2015.02.02 15:26:50.894,12.70577,12.70862,0.00,0.00
2015.02.02 15:26:50.995,12.70567,12.70812,0.00,0.00
2015.02.02 15:26:51.045,12.70527,12.70812,0.00,0.00
2015.02.02 15:26:51.146,12.70542,12.70812,0.00,0.00
2015.02.02 15:26:51.196,12.70542,12.70862,0.00,0.00
2015.02.02 15:26:51.247,12.70527,12.70862,0.00,0.00
2015.02.02 15:26:51.301,12.70527,12.70812,0.00,0.00
2015.02.02 15:26:51.779,12.70527,12.70771,0.00,0.00
2015.02.02 15:26:51.880,12.70379,12.70708,0.00,0.00
2015.02.02 15:26:51.981,12.70417,12.70562,0.00,0.00
2015.02.02 15:26:52.082,12.70471,12.70721,0.00,0.00
2015.02.02 15:26:52.183,12.70456,12.70721,0.00,0.00
2015.02.02 15:26:52.283,12.70406,12.70721,0.00,0.00
2015.02.02 15:26:52.334,12.70406,12.70661,0.00,0.00
2015.02.02 15:26:52.384,12.70376,12.70661,0.00,0.00
2015.02.02 15:26:52.511,12.70376,12.7072,0.00,0.00
2015.02.02 15:26:52.562,12.70441,12.70722,0.00,0.00
2015.02.02 15:26:52.864,12.70377,12.70662,0.00,0.00
2015.02.02 15:26:53.150,12.70336,12.70662,0.00,0.00
2015.02.02 15:26:53.200,12.70336,12.70612,0.00,0.00
2015.02.02 15:26:53.301,12.70491,12.70771,0.00,0.00
2015.02.02 15:26:53.402,12.70471,12.70771,0.00,0.00
2015.02.02 15:26:53.452,12.70477,12.70771,0.00,0.00
2015.02.02 15:26:53.793,12.70446,12.70772,0.00,0.00
2015.02.02 15:26:53.846,12.70446,12.70722,0.00,0.00
2015.02.02 15:26:53.897,12.70426,12.70722,0.00,0.00
2015.02.02 15:26:53.947,12.70392,12.70661,0.00,0.00
2015.02.02 15:26:54.048,12.70337,12.70661,0.00,0.00
2015.02.02 15:26:54.099,12.70337,12.70612,0.00,0.00
2015.02.02 15:26:54.149,12.70281,12.70612,0.00,0.00
2015.02.02 15:26:54.200,12.70281,12.70571,0.00,0.00
2015.02.02 15:26:54.251,12.70257,12.70571,0.00,0.00
2015.02.02 15:26:54.301,12.70257,12.70521,0.00,0.00
2015.02.02 15:26:54.352,12.70255,12.70521,0.00,0.00
2015.02.02 15:26:54.611,12.70255,12.70571,0.00,0.00
2015.02.02 15:26:54.661,12.70276,12.70571,0.00,0.00
2015.02.02 15:26:54.712,12.70276,12.70611,0.00,0.00
2015.02.02 15:26:54.762,12.70296,12.70611,0.00,0.00
2015.02.02 15:26:55.083,12.7032,12.70661,0.00,0.00
2015.02.02 15:26:55.184,12.70336,12.70661,0.00,0.00
2015.02.02 15:26:55.490,12.70315,12.70612,0.00,0.00
2015.02.02 15:26:55.898,12.70281,12.70611,0.00,0.00
2015.02.02 15:26:55.998,12.70315,12.70612,0.00,0.00
2015.02.02 15:26:56.321,12.70312,12.70572,0.00,0.00
2015.02.02 15:26:57.906,12.70312,12.70612,0.00,0.00
2015.02.02 15:26:58.391,12.70311,12.70571,0.00,0.00
2015.02.02 15:26:58.492,12.70311,12.70612,0.00,0.00
2015.02.02 15:26:59.008,12.70311,12.70572,0.00,0.00
2015.02.02 15:26:59.451,12.70311,12.70612,0.00,0.00
2015.02.02 15:26:59.501,12.70335,12.70612,0.00,0.00
2015.02.02 15:26:59.552,12.70335,12.70679,0.00,0.00
2015.02.02 15:26:59.602,12.70362,12.70679,0.00,0.00
2015.02.02 15:26:59.904,12.70426,12.70722,0.00,0.00
2015.02.02 15:27:00.212,12.70421,12.70662,0.00,0.00
2015.02.02 15:27:00.363,12.7053,12.70822,0.00,0.00
2015.02.02 15:27:00.973,12.70516,12.70822,0.00,0.00
2015.02.02 15:27:01.101,12.70526,12.70822,0.00,0.00
2015.02.02 15:27:01.225,12.70562,12.70868,0.00,0.00
2015.02.02 15:27:01.275,12.70571,12.70871,0.00,0.00
2015.02.02 15:27:01.326,12.70571,12.70913,0.00,0.00
2015.02.02 15:27:01.376,12.70631,12.70921,0.00,0.00
2015.02.02 15:27:01.697,12.70611,12.70921,0.00,0.00
2015.02.02 15:27:01.864,12.70655,12.70921,0.00,0.00
2015.02.02 15:27:02.015,12.70676,12.70972,0.00,0.00
2015.02.02 15:27:02.115,12.70656,12.70922,0.00,0.00
2015.02.02 15:27:02.555,12.70656,12.70861,0.00,0.00
2015.02.02 15:27:02.605,12.70641,12.70861,0.00,0.00
2015.02.02 15:27:02.656,12.70641,12.70922,0.00,0.00
2015.02.02 15:27:02.757,12.70586,12.70922,0.00,0.00
2015.02.02 15:27:02.807,12.70628,12.70922,0.00,0.00
2015.02.02 15:27:02.968,12.70645,12.70972,0.00,0.00
2015.02.02 15:27:03.068,12.70676,12.70972,0.00,0.00
2015.02.02 15:27:03.743,12.70676,12.70922,0.00,0.00
2015.02.02 15:27:03.793,12.70661,12.70922,0.00,0.00
2015.02.02 15:27:03.844,12.70625,12.70921,0.00,0.00
2015.02.02 15:27:05.394,12.70625,12.70812,0.00,0.00
2015.02.02 15:27:05.495,12.70576,12.70861,0.00,0.00
2015.02.02 15:27:06.216,12.70586,12.70861,0.00,0.00
2015.02.02 15:27:06.266,12.70601,12.70921,0.00,0.00
2015.02.02 15:27:06.317,12.70635,12.70921,0.00,0.00
2015.02.02 15:27:06.417,12.70615,12.70921,0.00,0.00
2015.02.02 15:27:06.518,12.70611,12.70921,0.00,0.00
2015.02.02 15:27:06.622,12.70601,12.70862,0.00,0.00
2015.02.02 15:27:06.673,12.70581,12.70862,0.00,0.00
2015.02.02 15:27:06.723,12.70581,12.70811,0.00,0.00
2015.02.02 15:27:06.774,12.70565,12.70811,0.00,0.00
2015.02.02 15:27:06.973,12.70556,12.70811,0.00,0.00
2015.02.02 15:27:07.074,12.70545,12.70811,0.00,0.00
2015.02.02 15:27:07.175,12.70535,12.70811,0.00,0.00
2015.02.02 15:27:07.475,12.70531,12.70811,0.00,0.00
2015.02.02 15:27:08.176,12.70568,12.70811,0.00,0.00
2015.02.02 15:27:08.513,12.70442,12.70712,0.00,0.00
2015.02.02 15:27:08.696,12.70477,12.70772,0.00,0.00
2015.02.02 15:27:08.807,12.70512,12.70811,0.00,0.00
2015.02.02 15:27:08.861,12.70551,12.70811,0.00,0.00
2015.02.02 15:27:08.912,12.70578,12.7092,0.00,0.00
2015.02.02 15:27:09.012,12.70603,12.70922,0.00,0.00
2015.02.02 15:27:09.515,12.70648,12.70922,0.00,0.00
2015.02.02 15:27:09.851,12.70668,12.70922,0.00,0.00
2015.02.02 15:27:10.175,12.70688,12.70972,0.00,0.00
2015.02.02 15:27:10.226,12.70677,12.71021,0.00,0.00
2015.02.02 15:27:10.281,12.70717,12.71022,0.00,0.00
2015.02.02 15:27:10.581,12.70703,12.71022,0.00,0.00
2015.02.02 15:27:10.682,12.70727,12.71022,0.00,0.00
2015.02.02 15:27:11.107,12.70727,12.71002,0.00,0.00
2015.02.02 15:27:11.214,12.70727,12.71041,0.00,0.00
2015.02.02 15:27:11.281,12.70791,12.71041,0.00,0.00
2015.02.02 15:27:11.471,12.70827,12.71092,0.00,0.00
2015.02.02 15:27:11.521,12.70842,12.71092,0.00,0.00
2015.02.02 15:27:11.572,12.70842,12.71141,0.00,0.00
2015.02.02 15:27:11.776,12.70842,12.71149,0.00,0.00
2015.02.02 15:27:11.879,12.70861,12.71149,0.00,0.00
2015.02.02 15:27:11.930,12.70861,12.71192,0.00,0.00
2015.02.02 15:27:12.031,12.70862,12.71142,0.00,0.00
2015.02.02 15:27:12.335,12.70881,12.71192,0.00,0.00
2015.02.02 15:27:12.386,12.70901,12.71192,0.00,0.00
2015.02.02 15:27:12.789,12.70931,12.71252,0.00,0.00
2015.02.02 15:27:12.954,12.70951,12.71252,0.00,0.00
2015.02.02 15:27:13.267,12.70912,12.71192,0.00,0.00
2015.02.02 15:27:13.862,12.70912,12.71091,0.00,0.00
2015.02.02 15:27:13.963,12.70903,12.71192,0.00,0.00
2015.02.02 15:27:14.136,12.70919,12.71192,0.00,0.00
2015.02.02 15:27:15.393,12.70901,12.71192,0.00,0.00
2015.02.02 15:27:15.724,12.70899,12.71243,0.00,0.00
2015.02.02 15:27:15.775,12.70979,12.71243,0.00,0.00
2015.02.02 15:27:15.875,12.70996,12.71292,0.00,0.00
2015.02.02 15:27:15.926,12.71015,12.71292,0.00,0.00
2015.02.02 15:27:16.027,12.71001,12.71292,0.00,0.00
2015.02.02 15:27:16.195,12.70972,12.71292,0.00,0.00
2015.02.02 15:27:16.296,12.70987,12.71292,0.00,0.00
2015.02.02 15:27:16.599,12.71002,12.71292,0.00,0.00
2015.02.02 15:27:16.936,12.71018,12.71292,0.00,0.00
2015.02.02 15:27:17.138,12.70988,12.71292,0.00,0.00
2015.02.02 15:27:17.609,12.71018,12.71292,0.00,0.00
2015.02.02 15:27:17.940,12.71004,12.71292,0.00,0.00
2015.02.02 15:27:18.339,12.70989,12.71292,0.00,0.00
2015.02.02 15:27:18.443,12.71021,12.71292,0.00,0.00
2015.02.02 15:27:19.361,12.71021,12.71252,0.00,0.00
2015.02.02 15:27:19.562,12.70921,12.71191,0.00,0.00
2015.02.02 15:27:19.764,12.70881,12.71191,0.00,0.00
2015.02.02 15:27:19.814,12.70885,12.71141,0.00,0.00
2015.02.02 15:27:19.915,12.70921,12.71192,0.00,0.00
2015.02.02 15:27:20.186,12.70962,12.71192,0.00,0.00
2015.02.02 15:27:20.236,12.70962,12.71251,0.00,0.00
2015.02.02 15:27:20.495,12.70962,12.71191,0.00,0.00
2015.02.02 15:27:20.546,12.70899,12.71191,0.00,0.00
2015.02.02 15:27:20.597,12.70885,12.71142,0.00,0.00
2015.02.02 15:27:20.647,12.70872,12.71142,0.00,0.00
2015.02.02 15:27:21.316,12.70862,12.71142,0.00,0.00
2015.02.02 15:27:21.623,12.70842,12.71142,0.00,0.00
2015.02.02 15:27:21.673,12.70842,12.71091,0.00,0.00
2015.02.02 15:27:21.774,12.70821,12.71092,0.00,0.00
2015.02.02 15:27:21.825,12.70821,12.71079,0.00,0.00
2015.02.02 15:27:21.875,12.70781,12.71079,0.00,0.00
2015.02.02 15:27:21.926,12.70781,12.71042,0.00,0.00
2015.02.02 15:27:21.976,12.70772,12.71042,0.00,0.00
2015.02.02 15:27:22.287,12.70822,12.71042,0.00,0.00
2015.02.02 15:27:22.338,12.70822,12.71091,0.00,0.00
2015.02.02 15:27:22.388,12.70871,12.71091,0.00,0.00
2015.02.02 15:27:22.439,12.70871,12.71141,0.00,0.00
2015.02.02 15:27:22.798,12.70871,12.71092,0.00,0.00
2015.02.02 15:27:22.849,12.70834,12.71092,0.00,0.00
2015.02.02 15:27:23.246,12.70822,12.71041,0.00,0.00
2015.02.02 15:27:23.297,12.7082,12.71041,0.00,0.00
2015.02.02 15:27:23.347,12.70833,12.71041,0.00,0.00
2015.02.02 15:27:23.448,12.70841,12.71091,0.00,0.00
2015.02.02 15:27:23.712,12.70825,12.71091,0.00,0.00
2015.02.02 15:27:24.013,12.70822,12.71091,0.00,0.00
2015.02.02 15:27:24.114,12.70822,12.71083,0.00,0.00
2015.02.02 15:27:24.164,12.70782,12.71083,0.00,0.00
2015.02.02 15:27:24.215,12.70782,12.71042,0.00,0.00
2015.02.02 15:27:24.545,12.70782,12.71002,0.00,0.00
2015.02.02 15:27:24.596,12.70741,12.71002,0.00,0.00
2015.02.02 15:27:24.647,12.70732,12.71002,0.00,0.00
2015.02.02 15:27:24.814,12.70755,12.71002,0.00,0.00
2015.02.02 15:27:25.015,12.70732,12.71002,0.00,0.00
2015.02.02 15:27:25.197,12.70732,12.71041,0.00,0.00
2015.02.02 15:27:25.316,12.70748,12.71041,0.00,0.00
2015.02.02 15:27:25.419,12.70775,12.71092,0.00,0.00
2015.02.02 15:27:25.719,12.70781,12.71087,0.00,0.00
2015.02.02 15:27:25.923,12.70781,12.71092,0.00,0.00
2015.02.02 15:27:26.177,12.70788,12.71125,0.00,0.00
2015.02.02 15:27:26.228,12.70815,12.71132,0.00,0.00
2015.02.02 15:27:26.594,12.70821,12.71132,0.00,0.00
2015.02.02 15:27:27.236,12.70821,12.71109,0.00,0.00
2015.02.02 15:27:27.420,12.70821,12.71124,0.00,0.00
2015.02.02 15:27:28.121,12.70821,12.7111,0.00,0.00
2015.02.02 15:27:28.471,12.70821,12.71091,0.00,0.00
2015.02.02 15:27:28.572,12.70781,12.71091,0.00,0.00
2015.02.02 15:27:28.838,12.708,12.71091,0.00,0.00
2015.02.02 15:27:28.939,12.70867,12.71182,0.00,0.00
2015.02.02 15:27:29.168,12.70862,12.71182,0.00,0.00
2015.02.02 15:27:29.360,12.70868,12.71182,0.00,0.00
2015.02.02 15:27:29.829,12.70862,12.71182,0.00,0.00
2015.02.02 15:27:30.526,12.70868,12.71182,0.00,0.00
2015.02.02 15:27:30.872,12.70862,12.71182,0.00,0.00
2015.02.02 15:27:31.679,12.70862,12.71131,0.00,0.00
2015.02.02 15:27:31.779,12.70821,12.71099,0.00,0.00
2015.02.02 15:27:31.830,12.70821,12.71092,0.00,0.00
2015.02.02 15:27:31.880,12.70781,12.71092,0.00,0.00
2015.02.02 15:27:32.231,12.70781,12.71041,0.00,0.00
2015.02.02 15:27:32.334,12.70741,12.71041,0.00,0.00
2015.02.02 15:27:32.435,12.70765,12.71041,0.00,0.00
2015.02.02 15:27:32.591,12.70766,12.71082,0.00,0.00
2015.02.02 15:27:32.642,12.70775,12.71082,0.00,0.00
2015.02.02 15:27:33.032,12.70807,12.71082,0.00,0.00
2015.02.02 15:27:33.233,12.70872,12.71181,0.00,0.00
2015.02.02 15:27:33.613,12.70771,12.71082,0.00,0.00
2015.02.02 15:27:33.763,12.70771,12.71037,0.00,0.00
2015.02.02 15:27:33.865,12.70721,12.71037,0.00,0.00
2015.02.02 15:27:33.915,12.70721,12.70992,0.00,0.00
2015.02.02 15:27:34.016,12.70744,12.71042,0.00,0.00
2015.02.02 15:27:34.117,12.70744,12.71082,0.00,0.00
2015.02.02 15:27:34.167,12.70775,12.71082,0.00,0.00
2015.02.02 15:27:35.309,12.70775,12.71042,0.00,0.00
2015.02.02 15:27:35.359,12.70751,12.71042,0.00,0.00
2015.02.02 15:27:35.410,12.70751,12.71039,0.00,0.00
2015.02.02 15:27:35.461,12.70698,12.70991,0.00,0.00
2015.02.02 15:27:35.561,12.70661,12.70991,0.00,0.00
2015.02.02 15:27:35.612,12.70649,12.70979,0.00,0.00
2015.02.02 15:27:35.939,12.70654,12.70992,0.00,0.00
2015.02.02 15:27:35.989,12.70699,12.70996,0.00,0.00
2015.02.02 15:27:36.090,12.70649,12.70978,0.00,0.00
2015.02.02 15:27:36.191,12.70642,12.70941,0.00,0.00
2015.02.02 15:27:36.342,12.70601,12.70929,0.00,0.00
2015.02.02 15:27:37.248,12.70611,12.70941,0.00,0.00
2015.02.02 15:27:37.586,12.70601,12.70929,0.00,0.00
2015.02.02 15:27:39.256,12.70627,12.70941,0.00,0.00
2015.02.02 15:27:39.307,12.70648,12.70971,0.00,0.00
2015.02.02 15:27:39.408,12.70648,12.70988,0.00,0.00
2015.02.02 15:27:39.559,12.70684,12.70992,0.00,0.00
2015.02.02 15:27:39.609,12.70698,12.71028,0.00,0.00
2015.02.02 15:27:39.660,12.70702,12.71028,0.00,0.00
2015.02.02 15:27:40.062,12.70702,12.70991,0.00,0.00
2015.02.02 15:27:40.112,12.7067,12.70991,0.00,0.00
2015.02.02 15:27:40.163,12.70652,12.70978,0.00,0.00
2015.02.02 15:27:40.975,12.70649,12.70978,0.00,0.00
2015.02.02 15:27:41.076,12.70649,12.70969,0.00,0.00
2015.02.02 15:27:41.394,12.70731,12.71041,0.00,0.00
2015.02.02 15:27:41.901,12.70738,12.71063,0.00,0.00
2015.02.02 15:27:42.002,12.70761,12.71075,0.00,0.00
2015.02.02 15:27:42.331,12.70706,12.70989,0.00,0.00
2015.02.02 15:27:42.381,12.70612,12.70933,0.00,0.00
2015.02.02 15:27:42.571,12.70648,12.70933,0.00,0.00
2015.02.02 15:27:42.675,12.70671,12.70992,0.00,0.00
2015.02.02 15:27:42.857,12.70675,12.70992,0.00,0.00
2015.02.02 15:27:43.257,12.70671,12.70992,0.00,0.00
2015.02.02 15:27:43.459,12.70675,12.70992,0.00,0.00
2015.02.02 15:27:44.160,12.70662,12.70992,0.00,0.00
2015.02.02 15:27:44.275,12.70671,12.70992,0.00,0.00
2015.02.02 15:27:44.611,12.70675,12.70992,0.00,0.00
2015.02.02 15:27:45.674,12.70698,12.71004,0.00,0.00
2015.02.02 15:27:45.987,12.70646,12.70942,0.00,0.00
2015.02.02 15:27:46.365,12.70665,12.70942,0.00,0.00
2015.02.02 15:27:46.415,12.70665,12.70991,0.00,0.00
2015.02.02 15:27:46.466,12.70676,12.70991,0.00,0.00
2015.02.02 15:27:49.354,12.70682,12.70991,0.00,0.00
2015.02.02 15:27:49.610,12.70698,12.71018,0.00,0.00
2015.02.02 15:27:49.711,12.70749,12.71081,0.00,0.00
2015.02.02 15:27:49.812,12.7077,12.71081,0.00,0.00
2015.02.02 15:27:50.108,12.70721,12.71041,0.00,0.00
2015.02.02 15:27:50.159,12.70697,12.70992,0.00,0.00
2015.02.02 15:27:50.209,12.70672,12.70992,0.00,0.00
2015.02.02 15:27:50.316,12.70675,12.70992,0.00,0.00
2015.02.02 15:27:50.419,12.70672,12.70992,0.00,0.00
2015.02.02 15:27:50.472,12.70675,12.70992,0.00,0.00
2015.02.02 15:27:51.574,12.70702,12.70992,0.00,0.00
2015.02.02 15:27:51.625,12.70728,12.71041,0.00,0.00
2015.02.02 15:27:51.803,12.70739,12.71072,0.00,0.00
2015.02.02 15:27:51.865,12.70761,12.71072,0.00,0.00
2015.02.02 15:27:51.916,12.70766,12.71081,0.00,0.00
2015.02.02 15:27:52.021,12.70789,12.7111,0.00,0.00
2015.02.02 15:27:52.076,12.70789,12.71124,0.00,0.00
2015.02.02 15:27:52.126,12.70801,12.71124,0.00,0.00
2015.02.02 15:27:52.477,12.70806,12.71131,0.00,0.00
2015.02.02 15:27:52.578,12.7081,12.71131,0.00,0.00
2015.02.02 15:27:52.901,12.70843,12.71182,0.00,0.00
2015.02.02 15:27:53.002,12.70901,12.71182,0.00,0.00
2015.02.02 15:27:53.153,12.70901,12.71232,0.00,0.00
2015.02.02 15:27:53.392,12.70903,12.71232,0.00,0.00
2015.02.02 15:27:53.880,12.70921,12.71228,0.00,0.00
2015.02.02 15:27:55.290,12.70888,12.71178,0.00,0.00
2015.02.02 15:27:55.341,12.70871,12.71178,0.00,0.00
2015.02.02 15:27:55.443,12.70861,12.71178,0.00,0.00
2015.02.02 15:27:55.494,12.70861,12.71182,0.00,0.00
2015.02.02 15:27:55.598,12.70861,12.71178,0.00,0.00
2015.02.02 15:27:56.217,12.70861,12.71129,0.00,0.00
2015.02.02 15:27:56.267,12.70842,12.71129,0.00,0.00
2015.02.02 15:27:56.318,12.70801,12.71079,0.00,0.00
2015.02.02 15:27:56.425,12.70771,12.71079,0.00,0.00
2015.02.02 15:27:56.720,12.70771,12.71082,0.00,0.00
2015.02.02 15:27:56.820,12.70782,12.71082,0.00,0.00
2015.02.02 15:27:57.629,12.70825,12.71082,0.00,0.00
2015.02.02 15:27:57.679,12.70825,12.71132,0.00,0.00
2015.02.02 15:27:58.105,12.70811,12.71132,0.00,0.00
2015.02.02 15:27:58.156,12.70804,12.71132,0.00,0.00
2015.02.02 15:27:58.435,12.70825,12.71132,0.00,0.00
2015.02.02 15:27:58.773,12.70781,12.71082,0.00,0.00
2015.02.02 15:27:59.260,12.70771,12.71082,0.00,0.00
2015.02.02 15:27:59.507,12.70775,12.71082,0.00,0.00
2015.02.02 15:28:00.046,12.70816,12.71082,0.00,0.00
2015.02.02 15:28:00.149,12.70811,12.71082,0.00,0.00
2015.02.02 15:28:00.200,12.70811,12.71119,0.00,0.00
2015.02.02 15:28:00.301,12.70791,12.71082,0.00,0.00
2015.02.02 15:28:00.351,12.70776,12.71082,0.00,0.00
2015.02.02 15:28:00.509,12.70791,12.71081,0.00,0.00
2015.02.02 15:28:00.630,12.70791,12.71131,0.00,0.00
2015.02.02 15:28:00.740,12.70791,12.71082,0.00,0.00
2015.02.02 15:28:00.909,12.70773,12.71082,0.00,0.00
2015.02.02 15:28:02.500,12.70789,12.71115,0.00,0.00
2015.02.02 15:28:02.601,12.70795,12.71082,0.00,0.00
2015.02.02 15:28:02.702,12.70795,12.71131,0.00,0.00
2015.02.02 15:28:02.856,12.70789,12.71124,0.00,0.00
2015.02.02 15:28:03.235,12.7078,12.71081,0.00,0.00
2015.02.02 15:28:03.285,12.70788,12.71124,0.00,0.00
2015.02.02 15:28:03.336,12.70796,12.71132,0.00,0.00
2015.02.02 15:28:03.750,12.70816,12.71131,0.00,0.00
2015.02.02 15:28:04.064,12.70777,12.71082,0.00,0.00
2015.02.02 15:28:04.165,12.70811,12.71132,0.00,0.00
2015.02.02 15:28:04.266,12.70815,12.71132,0.00,0.00
2015.02.02 15:28:04.571,12.70826,12.71132,0.00,0.00
2015.02.02 15:28:04.621,12.70802,12.71132,0.00,0.00
2015.02.02 15:28:04.930,12.70825,12.71132,0.00,0.00
2015.02.02 15:28:05.327,12.70836,12.71132,0.00,0.00
2015.02.02 15:28:06.923,12.70822,12.71132,0.00,0.00
2015.02.02 15:28:07.358,12.70856,12.71132,0.00,0.00
2015.02.02 15:28:09.775,12.70876,12.71182,0.00,0.00
2015.02.02 15:28:10.830,12.70876,12.71131,0.00,0.00
2015.02.02 15:28:10.880,12.70852,12.71131,0.00,0.00
2015.02.02 15:28:10.931,12.70848,12.71131,0.00,0.00
2015.02.02 15:28:11.032,12.70802,12.71131,0.00,0.00
2015.02.02 15:28:11.082,12.70785,12.71082,0.00,0.00
2015.02.02 15:28:11.267,12.70773,12.71079,0.00,0.00
2015.02.02 15:28:11.317,12.70773,12.71042,0.00,0.00
2015.02.02 15:28:11.418,12.70773,12.71081,0.00,0.00
2015.02.02 15:28:11.469,12.70762,12.71081,0.00,0.00
2015.02.02 15:28:11.754,12.7077,12.71081,0.00,0.00
2015.02.02 15:28:12.062,12.7078,12.71081,0.00,0.00
2015.02.02 15:28:12.162,12.70761,12.71081,0.00,0.00
2015.02.02 15:28:12.263,12.70746,12.71081,0.00,0.00
2015.02.02 15:28:12.703,12.70757,12.71081,0.00,0.00
2015.02.02 15:28:12.855,12.70806,12.71131,0.00,0.00
2015.02.02 15:28:13.740,12.70871,12.71131,0.00,0.00
2015.02.02 15:28:13.840,12.70901,12.71182,0.00,0.00
2015.02.02 15:28:13.891,12.70891,12.71182,0.00,0.00
2015.02.02 15:28:13.941,12.70867,12.71132,0.00,0.00
2015.02.02 15:28:14.042,12.7085,12.71131,0.00,0.00
2015.02.02 15:28:14.143,12.70833,12.71081,0.00,0.00
2015.02.02 15:28:14.244,12.70812,12.71081,0.00,0.00
2015.02.02 15:28:16.381,12.70812,12.71132,0.00,0.00
2015.02.02 15:28:16.482,12.70826,12.71081,0.00,0.00
2015.02.02 15:28:16.684,12.70886,12.71181,0.00,0.00
2015.02.02 15:28:16.785,12.70861,12.71132,0.00,0.00
2015.02.02 15:28:17.464,12.7085,12.71132,0.00,0.00
2015.02.02 15:28:17.656,12.70866,12.71132,0.00,0.00
2015.02.02 15:28:18.020,12.70876,12.71132,0.00,0.00
2015.02.02 15:28:18.071,12.70861,12.71132,0.00,0.00
2015.02.02 15:28:18.179,12.7085,12.71132,0.00,0.00
2015.02.02 15:28:18.750,12.7085,12.71182,0.00,0.00
2015.02.02 15:28:18.865,12.70887,12.71182,0.00,0.00
2015.02.02 15:28:19.381,12.70876,12.71182,0.00,0.00
2015.02.02 15:28:19.432,12.70876,12.71132,0.00,0.00
2015.02.02 15:28:19.482,12.70859,12.71132,0.00,0.00
2015.02.02 15:28:19.784,12.70874,12.71132,0.00,0.00
2015.02.02 15:28:19.967,12.70887,12.71182,0.00,0.00
2015.02.02 15:28:20.454,12.70867,12.71182,0.00,0.00
2015.02.02 15:28:20.654,12.70884,12.71182,0.00,0.00
2015.02.02 15:28:21.287,12.70851,12.71132,0.00,0.00
2015.02.02 15:28:21.387,12.70847,12.71132,0.00,0.00
2015.02.02 15:28:21.501,12.70832,12.71082,0.00,0.00
2015.02.02 15:28:21.602,12.70804,12.71082,0.00,0.00
2015.02.02 15:28:21.653,12.70804,12.71132,0.00,0.00
2015.02.02 15:28:21.754,12.70788,12.71129,0.00,0.00
2015.02.02 15:28:21.834,12.70787,12.71082,0.00,0.00
2015.02.02 15:28:22.334,12.70801,12.71082,0.00,0.00
2015.02.02 15:28:22.385,12.70807,12.71132,0.00,0.00
2015.02.02 15:28:22.586,12.70847,12.71132,0.00,0.00
2015.02.02 15:28:23.373,12.70825,12.71132,0.00,0.00
2015.02.02 15:28:23.473,12.70846,12.71132,0.00,0.00
2015.02.02 15:28:23.987,12.70833,12.71132,0.00,0.00
2015.02.02 15:28:24.394,12.70867,12.71132,0.00,0.00
2015.02.02 15:28:24.704,12.70855,12.71132,0.00,0.00
2015.02.02 15:28:24.809,12.70855,12.71182,0.00,0.00
2015.02.02 15:28:24.860,12.7088,12.71182,0.00,0.00
2015.02.02 15:28:24.911,12.70921,12.71232,0.00,0.00
2015.02.02 15:28:25.012,12.70891,12.71232,0.00,0.00
2015.02.02 15:28:25.062,12.70891,12.71182,0.00,0.00
2015.02.02 15:28:25.377,12.7086,12.71132,0.00,0.00
2015.02.02 15:28:25.839,12.7086,12.71182,0.00,0.00
2015.02.02 15:28:25.890,12.70886,12.71182,0.00,0.00
2015.02.02 15:28:26.339,12.70888,12.7123,0.00,0.00
2015.02.02 15:28:26.455,12.70901,12.7123,0.00,0.00
2015.02.02 15:28:27.670,12.70901,12.71181,0.00,0.00
2015.02.02 15:28:27.771,12.70872,12.71181,0.00,0.00
2015.02.02 15:28:27.973,12.70886,12.71181,0.00,0.00
2015.02.02 15:28:28.984,12.70869,12.71181,0.00,0.00
2015.02.02 15:28:30.197,12.70869,12.71119,0.00,0.00
2015.02.02 15:28:30.602,12.70887,12.71119,0.00,0.00
2015.02.02 15:28:30.854,12.70793,12.71119,0.00,0.00
2015.02.02 15:28:30.978,12.70793,12.71082,0.00,0.00
2015.02.02 15:28:31.513,12.70781,12.71082,0.00,0.00
2015.02.02 15:28:32.016,12.70796,12.71082,0.00,0.00
2015.02.02 15:28:32.067,12.70796,12.71098,0.00,0.00
2015.02.02 15:28:32.178,12.70796,12.71082,0.00,0.00
2015.02.02 15:28:32.329,12.70781,12.71082,0.00,0.00
2015.02.02 15:28:32.873,12.70789,12.71098,0.00,0.00
2015.02.02 15:28:32.924,12.70935,12.71131,0.00,0.00
2015.02.02 15:28:33.049,12.70935,12.71198,0.00,0.00
2015.02.02 15:28:33.200,12.70944,12.71198,0.00,0.00
2015.02.02 15:28:33.351,12.70956,12.71218,0.00,0.00
2015.02.02 15:28:33.732,12.70976,12.71218,0.00,0.00
2015.02.02 15:28:34.264,12.70988,12.71218,0.00,0.00
2015.02.02 15:28:34.365,12.71011,12.71318,0.00,0.00
2015.02.02 15:28:35.292,12.71011,12.71291,0.00,0.00
2015.02.02 15:28:35.342,12.70951,12.71291,0.00,0.00
2015.02.02 15:28:35.478,12.70988,12.71293,0.00,0.00
2015.02.02 15:28:35.691,12.70951,12.71292,0.00,0.00
2015.02.02 15:28:35.797,12.71011,12.71292,0.00,0.00
2015.02.02 15:28:35.848,12.71011,12.71299,0.00,0.00
2015.02.02 15:28:36.311,12.71011,12.71318,0.00,0.00
2015.02.02 15:28:36.518,12.71023,12.71318,0.00,0.00
2015.02.02 15:28:36.798,12.71011,12.71318,0.00,0.00
2015.02.02 15:28:39.097,12.71011,12.71299,0.00,0.00
2015.02.02 15:28:39.198,12.70986,12.71291,0.00,0.00
2015.02.02 15:28:39.298,12.7097,12.71291,0.00,0.00
2015.02.02 15:28:39.450,12.70988,12.71299,0.00,0.00
2015.02.02 15:28:39.770,12.71011,12.71299,0.00,0.00
2015.02.02 15:28:40.080,12.71011,12.71319,0.00,0.00
2015.02.02 15:28:41.522,12.71053,12.71381,0.00,0.00
2015.02.02 15:28:41.623,12.71078,12.71381,0.00,0.00
2015.02.02 15:28:41.924,12.7112,12.71398,0.00,0.00
2015.02.02 15:28:42.166,12.71101,12.71398,0.00,0.00
2015.02.02 15:28:42.469,12.71101,12.71418,0.00,0.00
2015.02.02 15:28:42.520,12.71109,12.71418,0.00,0.00
2015.02.02 15:28:42.852,12.71111,12.71418,0.00,0.00
2015.02.02 15:28:42.903,12.71101,12.71418,0.00,0.00
2015.02.02 15:28:45.188,12.71112,12.71418,0.00,0.00
2015.02.02 15:28:45.518,12.71121,12.71418,0.00,0.00
2015.02.02 15:28:46.053,12.71134,12.71418,0.00,0.00
2015.02.02 15:28:46.315,12.71126,12.71418,0.00,0.00
2015.02.02 15:28:46.460,12.71121,12.71418,0.00,0.00
2015.02.02 15:28:46.917,12.71126,12.71418,0.00,0.00
2015.02.02 15:28:47.167,12.71122,12.71418,0.00,0.00
2015.02.02 15:28:47.218,12.71141,12.71418,0.00,0.00
2015.02.02 15:28:47.846,12.71152,12.71418,0.00,0.00
2015.02.02 15:28:47.965,12.71126,12.71418,0.00,0.00
2015.02.02 15:28:48.225,12.71138,12.71418,0.00,0.00
2015.02.02 15:28:48.539,12.71126,12.71418,0.00,0.00
2015.02.02 15:28:48.670,12.71126,12.71331,0.00,0.00
2015.02.02 15:28:48.822,12.7106,12.71319,0.00,0.00
2015.02.02 15:28:49.493,12.71073,12.71319,0.00,0.00
2015.02.02 15:28:50.609,12.71073,12.71299,0.00,0.00
2015.02.02 15:28:50.660,12.71051,12.71291,0.00,0.00
2015.02.02 15:28:50.761,12.70988,12.71299,0.00,0.00
2015.02.02 15:28:51.012,12.70978,12.71282,0.00,0.00
2015.02.02 15:28:52.565,12.71011,12.71318,0.00,0.00
2015.02.02 15:28:52.875,12.71011,12.71282,0.00,0.00
2015.02.02 15:28:52.981,12.70974,12.71282,0.00,0.00
2015.02.02 15:28:53.126,12.71011,12.71282,0.00,0.00
2015.02.02 15:28:53.226,12.71033,12.71318,0.00,0.00
2015.02.02 15:28:53.743,12.71022,12.71318,0.00,0.00
2015.02.02 15:28:53.881,12.71011,12.71318,0.00,0.00
2015.02.02 15:28:54.182,12.71011,12.71282,0.00,0.00
2015.02.02 15:28:54.333,12.70963,12.71282,0.00,0.00
2015.02.02 15:28:54.384,12.70938,12.71266,0.00,0.00
2015.02.02 15:28:54.434,12.70922,12.71232,0.00,0.00
2015.02.02 15:28:54.835,12.70936,12.71232,0.00,0.00
2015.02.02 15:28:55.070,12.70952,12.71281,0.00,0.00
2015.02.02 15:28:55.172,12.70986,12.71281,0.00,0.00
2015.02.02 15:28:55.536,12.70952,12.71268,0.00,0.00
2015.02.02 15:28:55.587,12.70952,12.71219,0.00,0.00
2015.02.02 15:28:55.637,12.70924,12.71219,0.00,0.00
2015.02.02 15:28:55.752,12.70982,12.71219,0.00,0.00
2015.02.02 15:28:56.087,12.71045,12.71219,0.00,0.00
2015.02.02 15:28:56.250,12.71055,12.71319,0.00,0.00
2015.02.02 15:28:56.351,12.71071,12.71319,0.00,0.00
2015.02.02 15:28:56.839,12.71057,12.71319,0.00,0.00
2015.02.02 15:28:57.340,12.71041,12.71319,0.00,0.00
2015.02.02 15:28:57.540,12.71031,12.71319,0.00,0.00
2015.02.02 15:28:57.841,12.71042,12.71319,0.00,0.00
2015.02.02 15:28:58.042,12.7098,12.71282,0.00,0.00
2015.02.02 15:28:58.093,12.70968,12.71282,0.00,0.00
2015.02.02 15:28:58.489,12.70966,12.71232,0.00,0.00
2015.02.02 15:28:58.590,12.70986,12.71281,0.00,0.00
2015.02.02 15:28:59.143,12.70966,12.71281,0.00,0.00
2015.02.02 15:28:59.266,12.70986,12.71281,0.00,0.00
2015.02.02 15:28:59.778,12.70966,12.71281,0.00,0.00
2015.02.02 15:29:00.771,12.70966,12.71232,0.00,0.00
2015.02.02 15:29:00.943,12.70938,12.71218,0.00,0.00
2015.02.02 15:29:01.686,12.70951,12.71218,0.00,0.00
2015.02.02 15:29:01.893,12.70926,12.71218,0.00,0.00
2015.02.02 15:29:02.377,12.70922,12.71218,0.00,0.00
2015.02.02 15:29:02.556,12.70962,12.71218,0.00,0.00
2015.02.02 15:29:02.758,12.70962,12.71281,0.00,0.00
2015.02.02 15:29:02.859,12.70962,12.71232,0.00,0.00
2015.02.02 15:29:02.909,12.70937,12.71232,0.00,0.00
2015.02.02 15:29:02.960,12.70927,12.71232,0.00,0.00
2015.02.02 15:29:03.061,12.70937,12.71232,0.00,0.00
2015.02.02 15:29:03.111,12.70961,12.71281,0.00,0.00
2015.02.02 15:29:03.363,12.70938,12.7127,0.00,0.00
2015.02.02 15:29:03.464,12.70938,12.7126,0.00,0.00
2015.02.02 15:29:03.767,12.70938,12.71219,0.00,0.00
2015.02.02 15:29:04.194,12.70941,12.71219,0.00,0.00
2015.02.02 15:29:04.345,12.70912,12.71219,0.00,0.00
2015.02.02 15:29:04.395,12.70912,12.71216,0.00,0.00
2015.02.02 15:29:04.708,12.70869,12.71119,0.00,0.00
2015.02.02 15:29:04.838,12.70851,12.71119,0.00,0.00
2015.02.02 15:29:05.013,12.70818,12.71119,0.00,0.00
2015.02.02 15:29:05.609,12.70868,12.71119,0.00,0.00
2015.02.02 15:29:05.709,12.70868,12.71145,0.00,0.00
2015.02.02 15:29:05.760,12.70868,12.71198,0.00,0.00
2015.02.02 15:29:05.986,12.70868,12.71176,0.00,0.00
2015.02.02 15:29:06.355,12.70868,12.71199,0.00,0.00
2015.02.02 15:29:06.683,12.70868,12.71118,0.00,0.00
2015.02.02 15:29:07.293,12.70867,12.71118,0.00,0.00
2015.02.02 15:29:07.630,12.70878,12.71118,0.00,0.00
2015.02.02 15:29:07.680,12.70878,12.71198,0.00,0.00
2015.02.02 15:29:07.730,12.70878,12.71161,0.00,0.00
2015.02.02 15:29:07.781,12.70868,12.71161,0.00,0.00
2015.02.02 15:29:07.932,12.70868,12.71189,0.00,0.00
2015.02.02 15:29:07.982,12.70917,12.71198,0.00,0.00
2015.02.02 15:29:08.283,12.70942,12.71198,0.00,0.00
2015.02.02 15:29:08.604,12.70967,12.71198,0.00,0.00
2015.02.02 15:29:08.759,12.70967,12.71219,0.00,0.00
2015.02.02 15:29:09.884,12.70978,12.71272,0.00,0.00
2015.02.02 15:29:09.935,12.70979,12.71299,0.00,0.00
2015.02.02 15:29:10.780,12.70978,12.71271,0.00,0.00
2015.02.02 15:29:10.931,12.70978,12.71299,0.00,0.00
2015.02.02 15:29:10.982,12.70978,12.71279,0.00,0.00
2015.02.02 15:29:11.355,12.70935,12.71271,0.00,0.00
2015.02.02 15:29:11.405,12.70935,12.71218,0.00,0.00
2015.02.02 15:29:11.506,12.70929,12.71218,0.00,0.00
2015.02.02 15:29:11.768,12.70979,12.71218,0.00,0.00
2015.02.02 15:29:11.923,12.70935,12.71218,0.00,0.00
2015.02.02 15:29:12.024,12.70929,12.71218,0.00,0.00
2015.02.02 15:29:12.242,12.70978,12.71218,0.00,0.00
2015.02.02 15:29:12.394,12.70978,12.71278,0.00,0.00
2015.02.02 15:29:12.562,12.71029,12.71278,0.00,0.00
2015.02.02 15:29:12.612,12.71029,12.71299,0.00,0.00
2015.02.02 15:29:13.412,12.71029,12.71319,0.00,0.00
2015.02.02 15:29:14.919,12.71029,12.71329,0.00,0.00
2015.02.02 15:29:15.020,12.70987,12.71322,0.00,0.00
2015.02.02 15:29:15.121,12.70978,12.71279,0.00,0.00
2015.02.02 15:29:15.447,12.71028,12.71311,0.00,0.00
2015.02.02 15:29:15.598,12.70939,12.71272,0.00,0.00
2015.02.02 15:29:15.806,12.70928,12.71252,0.00,0.00
2015.02.02 15:29:15.984,12.70928,12.71269,0.00,0.00
2015.02.02 15:29:16.034,12.70928,12.71248,0.00,0.00
2015.02.02 15:29:17.567,12.70978,12.71269,0.00,0.00
2015.02.02 15:29:17.618,12.70978,12.7129,0.00,0.00
2015.02.02 15:29:17.719,12.70978,12.71298,0.00,0.00
2015.02.02 15:29:17.769,12.70966,12.71271,0.00,0.00
2015.02.02 15:29:17.884,12.70988,12.7131,0.00,0.00
2015.02.02 15:29:17.985,12.70988,12.71319,0.00,0.00
2015.02.02 15:29:18.931,12.70988,12.71305,0.00,0.00
2015.02.02 15:29:19.032,12.70988,12.7132,0.00,0.00
2015.02.02 15:29:19.237,12.70976,12.71268,0.00,0.00
2015.02.02 15:29:19.634,12.70989,12.71268,0.00,0.00
2015.02.02 15:29:20.198,12.70989,12.7132,0.00,0.00
2015.02.02 15:29:20.299,12.71038,12.7135,0.00,0.00
2015.02.02 15:29:20.400,12.71038,12.71358,0.00,0.00
2015.02.02 15:29:20.699,12.71038,12.71348,0.00,0.00
2015.02.02 15:29:20.854,12.71101,12.71421,0.00,0.00
2015.02.02 15:29:20.905,12.71125,12.71421,0.00,0.00
2015.02.02 15:29:21.062,12.71129,12.71469,0.00,0.00
2015.02.02 15:29:21.218,12.71129,12.7144,0.00,0.00
2015.02.02 15:29:21.526,12.71102,12.71372,0.00,0.00
2015.02.02 15:29:21.576,12.71082,12.71372,0.00,0.00
2015.02.02 15:29:21.627,12.71089,12.71392,0.00,0.00
2015.02.02 15:29:22.195,12.7105,12.71372,0.00,0.00
2015.02.02 15:29:22.296,12.71089,12.71392,0.00,0.00
2015.02.02 15:29:22.347,12.71089,12.71395,0.00,0.00
2015.02.02 15:29:22.501,12.71089,12.71419,0.00,0.00
2015.02.02 15:29:22.600,12.71138,12.71419,0.00,0.00
2015.02.02 15:29:22.701,12.71138,12.71458,0.00,0.00
2015.02.02 15:29:22.840,12.71138,12.71462,0.00,0.00
2015.02.02 15:29:23.610,12.71138,12.71444,0.00,0.00
2015.02.02 15:29:23.711,12.71138,12.71469,0.00,0.00
2015.02.02 15:29:23.814,12.71144,12.71469,0.00,0.00
2015.02.02 15:29:23.915,12.71138,12.71469,0.00,0.00
2015.02.02 15:29:24.205,12.71138,12.7146,0.00,0.00
2015.02.02 15:29:24.306,12.71138,12.71469,0.00,0.00
2015.02.02 15:29:24.511,12.71163,12.71469,0.00,0.00
2015.02.02 15:29:26.510,12.71138,12.71469,0.00,0.00
2015.02.02 15:29:27.144,12.71163,12.71469,0.00,0.00
2015.02.02 15:29:27.426,12.71158,12.71469,0.00,0.00
2015.02.02 15:29:28.058,12.71178,12.71469,0.00,0.00
2015.02.02 15:29:28.360,12.71138,12.71469,0.00,0.00
2015.02.02 15:29:28.511,12.71138,12.71449,0.00,0.00
2015.02.02 15:29:28.662,12.71089,12.71421,0.00,0.00
2015.02.02 15:29:29.418,12.711,12.71421,0.00,0.00
2015.02.02 15:29:30.114,12.711,12.71369,0.00,0.00
2015.02.02 15:29:30.265,12.71054,12.71342,0.00,0.00
2015.02.02 15:29:30.366,12.71015,12.71342,0.00,0.00
2015.02.02 15:29:30.417,12.71023,12.71357,0.00,0.00
2015.02.02 15:29:30.520,12.71019,12.71342,0.00,0.00
2015.02.02 15:29:30.570,12.71004,12.71342,0.00,0.00
2015.02.02 15:29:31.474,12.71016,12.71342,0.00,0.00
2015.02.02 15:29:31.524,12.7103,12.71359,0.00,0.00
2015.02.02 15:29:31.625,12.71064,12.71359,0.00,0.00
2015.02.02 15:29:31.676,12.71064,12.71388,0.00,0.00
2015.02.02 15:29:31.825,12.71079,12.71388,0.00,0.00
2015.02.02 15:29:32.175,12.71123,12.71388,0.00,0.00
2015.02.02 15:29:32.326,12.71124,12.71468,0.00,0.00
2015.02.02 15:29:32.377,12.71144,12.71478,0.00,0.00
2015.02.02 15:29:32.427,12.71135,12.71477,0.00,0.00
2015.02.02 15:29:32.531,12.71169,12.71478,0.00,0.00
2015.02.02 15:29:32.581,12.71169,12.71488,0.00,0.00
2015.02.02 15:29:32.738,12.71164,12.71488,0.00,0.00
2015.02.02 15:29:32.842,12.7117,12.71488,0.00,0.00
2015.02.02 15:29:33.398,12.7117,12.71479,0.00,0.00
2015.02.02 15:29:33.449,12.71158,12.71479,0.00,0.00
2015.02.02 15:29:33.499,12.71158,12.71439,0.00,0.00
2015.02.02 15:29:33.550,12.71093,12.71437,0.00,0.00
2015.02.02 15:29:34.230,12.71105,12.71439,0.00,0.00
2015.02.02 15:29:35.233,12.71093,12.71437,0.00,0.00
2015.02.02 15:29:35.334,12.71109,12.71442,0.00,0.00
2015.02.02 15:29:35.705,12.71128,12.71453,0.00,0.00
2015.02.02 15:29:35.973,12.71064,12.71391,0.00,0.00
2015.02.02 15:29:36.039,12.71064,12.71388,0.00,0.00
2015.02.02 15:29:39.880,12.71053,12.71388,0.00,0.00
2015.02.02 15:29:40.136,12.71053,12.71347,0.00,0.00
2015.02.02 15:29:40.337,12.71055,12.71379,0.00,0.00
2015.02.02 15:29:40.388,12.71055,12.71304,0.00,0.00
2015.02.02 15:29:40.489,12.71013,12.71296,0.00,0.00
2015.02.02 15:29:40.590,12.70964,12.71296,0.00,0.00
2015.02.02 15:29:41.098,12.70964,12.71291,0.00,0.00
2015.02.02 15:29:42.560,12.71005,12.71299,0.00,0.00
2015.02.02 15:29:42.610,12.71005,12.71341,0.00,0.00
2015.02.02 15:29:42.819,12.71005,12.71299,0.00,0.00
2015.02.02 15:29:42.869,12.70955,12.71291,0.00,0.00
2015.02.02 15:29:43.080,12.70955,12.71269,0.00,0.00
2015.02.02 15:29:46.708,12.70955,12.71291,0.00,0.00
2015.02.02 15:29:46.759,12.71009,12.71291,0.00,0.00
2015.02.02 15:29:47.011,12.71079,12.71368,0.00,0.00
2015.02.02 15:29:47.294,12.71079,12.71392,0.00,0.00
2015.02.02 15:29:47.344,12.71112,12.71392,0.00,0.00
2015.02.02 15:29:47.395,12.71112,12.71442,0.00,0.00
2015.02.02 15:29:47.511,12.71128,12.71452,0.00,0.00
2015.02.02 15:29:47.707,12.71145,12.71479,0.00,0.00
2015.02.02 15:29:47.810,12.7116,12.71479,0.00,0.00
2015.02.02 15:29:48.248,12.7116,12.71488,0.00,0.00
2015.02.02 15:29:49.248,12.71178,12.71488,0.00,0.00
2015.02.02 15:29:49.456,12.7126,12.71589,0.00,0.00
2015.02.02 15:29:49.507,12.71272,12.71589,0.00,0.00
2015.02.02 15:29:51.088,12.71279,12.71589,0.00,0.00
2015.02.02 15:29:51.138,12.71279,12.71609,0.00,0.00
2015.02.02 15:29:51.189,12.71326,12.71641,0.00,0.00
2015.02.02 15:29:51.408,12.71312,12.71641,0.00,0.00
2015.02.02 15:29:51.654,12.71328,12.71678,0.00,0.00
2015.02.02 15:29:51.705,12.71366,12.71678,0.00,0.00
2015.02.02 15:29:52.128,12.71366,12.71642,0.00,0.00
2015.02.02 15:29:52.179,12.71343,12.71642,0.00,0.00
2015.02.02 15:29:52.279,12.71376,12.71689,0.00,0.00
2015.02.02 15:29:53.841,12.71376,12.71641,0.00,0.00
2015.02.02 15:29:53.891,12.71347,12.71641,0.00,0.00
2015.02.02 15:29:53.992,12.71311,12.71591,0.00,0.00
2015.02.02 15:29:54.043,12.71287,12.71591,0.00,0.00
2015.02.02 15:29:54.194,12.71332,12.71609,0.00,0.00
2015.02.02 15:29:54.244,12.71332,12.71671,0.00,0.00
2015.02.02 15:29:54.295,12.71346,12.71679,0.00,0.00
2015.02.02 15:29:54.599,12.71366,12.71679,0.00,0.00
2015.02.02 15:29:54.850,12.71366,12.71688,0.00,0.00
2015.02.02 15:29:55.268,12.71378,12.71688,0.00,0.00
2015.02.02 15:29:55.783,12.71378,12.71689,0.00,0.00
2015.02.02 15:29:56.175,12.71378,12.71698,0.00,0.00
2015.02.02 15:29:56.226,12.71378,12.71738,0.00,0.00
2015.02.02 15:29:56.287,12.71426,12.71738,0.00,0.00
2015.02.02 15:29:56.489,12.71451,12.71779,0.00,0.00
2015.02.02 15:29:56.785,12.71451,12.71791,0.00,0.00
2015.02.02 15:29:57.042,12.71451,12.71742,0.00,0.00
2015.02.02 15:29:57.092,12.71421,12.71742,0.00,0.00
2015.02.02 15:29:57.142,12.7142,12.71739,0.00,0.00
2015.02.02 15:29:58.806,12.71428,12.71739,0.00,0.00
2015.02.02 15:29:59.307,12.71486,12.71791,0.00,0.00
2015.02.02 15:29:59.626,12.71466,12.71791,0.00,0.00
2015.02.02 15:29:59.744,12.71466,12.71749,0.00,0.00
2015.02.02 15:30:00.045,12.71387,12.71691,0.00,0.00
2015.02.02 15:30:00.758,12.71387,12.71689,0.00,0.00
2015.02.02 15:30:01.030,12.71447,12.71791,0.00,0.00
2015.02.02 15:30:01.300,12.71477,12.71791,0.00,0.00
2015.02.02 15:30:01.351,12.7148,12.71798,0.00,0.00
2015.02.02 15:30:01.401,12.71572,12.71819,0.00,0.00
2015.02.02 15:30:01.577,12.71639,12.71899,0.00,0.00
2015.02.02 15:30:01.628,12.71712,12.72001,0.00,0.00
2015.02.02 15:30:01.678,12.71739,12.72018,0.00,0.00
2015.02.02 15:30:01.831,12.71681,12.72001,0.00,0.00
2015.02.02 15:30:01.881,12.71681,12.71999,0.00,0.00
2015.02.02 15:30:01.932,12.71639,12.71999,0.00,0.00
2015.02.02 15:30:01.982,12.71689,12.71999,0.00,0.00
2015.02.02 15:30:02.184,12.71829,12.72189,0.00,0.00
2015.02.02 15:30:02.531,12.71879,12.72189,0.00,0.00
2015.02.02 15:30:02.682,12.71847,12.72189,0.00,0.00
2015.02.02 15:30:02.999,12.71869,12.72102,0.00,0.00
2015.02.02 15:30:03.050,12.71774,12.72102,0.00,0.00
2015.02.02 15:30:03.101,12.7179,12.72102,0.00,0.00
2015.02.02 15:30:03.403,12.71814,12.72101,0.00,0.00
2015.02.02 15:30:03.749,12.71834,12.72089,0.00,0.00
2015.02.02 15:30:04.011,12.71815,12.72089,0.00,0.00
2015.02.02 15:30:04.911,12.71791,12.72089,0.00,0.00
2015.02.02 15:30:05.089,12.71791,12.72101,0.00,0.00
2015.02.02 15:30:05.437,12.71765,12.72101,0.00,0.00
2015.02.02 15:30:05.538,12.71765,12.72088,0.00,0.00
2015.02.02 15:30:05.880,12.71811,12.72102,0.00,0.00
2015.02.02 15:30:05.981,12.71795,12.72152,0.00,0.00
2015.02.02 15:30:06.032,12.71837,12.72152,0.00,0.00
2015.02.02 15:30:06.231,12.71815,12.72152,0.00,0.00
2015.02.02 15:30:07.032,12.71837,12.72152,0.00,0.00
2015.02.02 15:30:07.340,12.71877,12.72152,0.00,0.00
2015.02.02 15:30:09.709,12.71877,12.72168,0.00,0.00
2015.02.02 15:30:09.760,12.71896,12.72188,0.00,0.00
2015.02.02 15:30:09.860,12.71976,12.72242,0.00,0.00
2015.02.02 15:30:10.068,12.71944,12.72241,0.00,0.00
2015.02.02 15:30:10.331,12.71959,12.72279,0.00,0.00
2015.02.02 15:30:10.382,12.72072,12.72279,0.00,0.00
2015.02.02 15:30:10.436,12.72038,12.72279,0.00,0.00
2015.02.02 15:30:10.487,12.72022,12.72279,0.00,0.00
2015.02.02 15:30:10.580,12.72022,12.72302,0.00,0.00
2015.02.02 15:30:10.827,12.72022,12.72352,0.00,0.00
2015.02.02 15:30:10.878,12.72036,12.72352,0.00,0.00
2015.02.02 15:30:10.979,12.72021,12.72351,0.00,0.00
2015.02.02 15:30:11.029,12.72021,12.72321,0.00,0.00
2015.02.02 15:30:11.705,12.72021,12.72272,0.00,0.00
2015.02.02 15:30:11.755,12.71981,12.72272,0.00,0.00
2015.02.02 15:30:11.860,12.72001,12.72272,0.00,0.00
2015.02.02 15:30:12.169,12.71906,12.72188,0.00,0.00
2015.02.02 15:30:12.219,12.71906,12.72172,0.00,0.00
2015.02.02 15:30:12.270,12.71882,12.72172,0.00,0.00
2015.02.02 15:30:12.320,12.71928,12.72188,0.00,0.00
2015.02.02 15:30:12.629,12.71962,12.72188,0.00,0.00
2015.02.02 15:30:12.783,12.71962,12.72272,0.00,0.00
2015.02.02 15:30:12.884,12.71981,12.72272,0.00,0.00
2015.02.02 15:30:13.186,12.72036,12.72288,0.00,0.00
2015.02.02 15:30:13.287,12.72007,12.72288,0.00,0.00
2015.02.02 15:30:13.338,12.72007,12.72271,0.00,0.00
2015.02.02 15:30:13.652,12.72078,12.72421,0.00,0.00
2015.02.02 15:30:13.703,12.72158,12.72422,0.00,0.00
2015.02.02 15:30:13.858,12.72087,12.72372,0.00,0.00
2015.02.02 15:30:14.160,12.72101,12.72372,0.00,0.00
2015.02.02 15:30:14.662,12.72101,12.72389,0.00,0.00
2015.02.02 15:30:14.713,12.72117,12.72389,0.00,0.00
2015.02.02 15:30:15.175,12.72147,12.72389,0.00,0.00
2015.02.02 15:30:15.276,12.72078,12.72359,0.00,0.00
2015.02.02 15:30:15.327,12.72058,12.72372,0.00,0.00
2015.02.02 15:30:15.428,12.72032,12.72322,0.00,0.00
2015.02.02 15:30:15.839,12.72047,12.72322,0.00,0.00
2015.02.02 15:30:16.180,12.72047,12.72371,0.00,0.00
2015.02.02 15:30:16.281,12.72102,12.72372,0.00,0.00
2015.02.02 15:30:16.433,12.72102,12.72421,0.00,0.00
2015.02.02 15:30:16.483,12.72122,12.72421,0.00,0.00
2015.02.02 15:30:16.922,12.72148,12.72422,0.00,0.00
2015.02.02 15:30:17.741,12.72148,12.72372,0.00,0.00
2015.02.02 15:30:17.792,12.72083,12.72372,0.00,0.00
2015.02.02 15:30:17.842,12.72083,12.72322,0.00,0.00
2015.02.02 15:30:17.893,12.72062,12.72322,0.00,0.00
2015.02.02 15:30:18.623,12.72062,12.72372,0.00,0.00
2015.02.02 15:30:18.724,12.72062,12.72322,0.00,0.00
2015.02.02 15:30:18.825,12.72148,12.72421,0.00,0.00
2015.02.02 15:30:19.076,12.72148,12.72372,0.00,0.00
2015.02.02 15:30:19.127,12.72053,12.72372,0.00,0.00
2015.02.02 15:30:19.177,12.72053,12.72321,0.00,0.00
2015.02.02 15:30:19.944,12.72053,12.72271,0.00,0.00
2015.02.02 15:30:19.995,12.72034,12.72271,0.00,0.00
2015.02.02 15:30:20.705,12.72008,12.72271,0.00,0.00
2015.02.02 15:30:20.986,12.72029,12.72271,0.00,0.00
2015.02.02 15:30:21.037,12.72029,12.72298,0.00,0.00
2015.02.02 15:30:21.088,12.72044,12.72298,0.00,0.00
2015.02.02 15:30:21.153,12.72044,12.72321,0.00,0.00
2015.02.02 15:30:21.930,12.71994,12.72272,0.00,0.00
2015.02.02 15:30:22.031,12.71979,12.72272,0.00,0.00
2015.02.02 15:30:22.189,12.71933,12.72272,0.00,0.00
2015.02.02 15:30:22.240,12.71933,12.72211,0.00,0.00
2015.02.02 15:30:22.565,12.71794,12.72072,0.00,0.00
2015.02.02 15:30:24.867,12.71851,12.72121,0.00,0.00
2015.02.02 15:30:26.508,12.71851,12.72161,0.00,0.00
2015.02.02 15:30:26.614,12.71868,12.72161,0.00,0.00
2015.02.02 15:30:27.062,12.71868,12.72122,0.00,0.00
2015.02.02 15:30:27.119,12.71853,12.72122,0.00,0.00
2015.02.02 15:30:27.270,12.71883,12.72122,0.00,0.00
2015.02.02 15:30:27.320,12.71883,12.72162,0.00,0.00
2015.02.02 15:30:28.260,12.71897,12.72162,0.00,0.00
2015.02.02 15:30:28.643,12.71911,12.72162,0.00,0.00
2015.02.02 15:30:28.875,12.71893,12.72162,0.00,0.00
2015.02.02 15:30:29.040,12.71911,12.72162,0.00,0.00
2015.02.02 15:30:29.744,12.71923,12.72162,0.00,0.00
2015.02.02 15:30:30.062,12.71893,12.72162,0.00,0.00
2015.02.02 15:30:30.470,12.71853,12.72162,0.00,0.00
2015.02.02 15:30:30.521,12.71853,12.72121,0.00,0.00
2015.02.02 15:30:30.572,12.71843,12.72121,0.00,0.00
2015.02.02 15:30:30.676,12.71954,12.72121,0.00,0.00
2015.02.02 15:30:30.727,12.71954,12.72211,0.00,0.00
2015.02.02 15:30:30.778,12.71933,12.72272,0.00,0.00
2015.02.02 15:30:30.828,12.71933,12.72212,0.00,0.00
2015.02.02 15:30:30.986,12.71909,12.72212,0.00,0.00
2015.02.02 15:30:31.037,12.71909,12.72162,0.00,0.00
2015.02.02 15:30:31.087,12.71883,12.72162,0.00,0.00
2015.02.02 15:30:31.271,12.71896,12.72162,0.00,0.00
2015.02.02 15:30:31.401,12.71878,12.72162,0.00,0.00
2015.02.02 15:30:32.173,12.71878,12.72188,0.00,0.00
2015.02.02 15:30:32.223,12.71892,12.72188,0.00,0.00
2015.02.02 15:30:32.327,12.71878,12.72188,0.00,0.00
2015.02.02 15:30:32.378,12.71878,12.72191,0.00,0.00
2015.02.02 15:30:32.478,12.71853,12.72191,0.00,0.00
2015.02.02 15:30:32.833,12.71853,12.72188,0.00,0.00
2015.02.02 15:30:33.136,12.71871,12.72188,0.00,0.00
2015.02.02 15:30:33.438,12.71906,12.72191,0.00,0.00
2015.02.02 15:30:33.539,12.71944,12.72242,0.00,0.00
2015.02.02 15:30:33.823,12.71944,12.72249,0.00,0.00
2015.02.02 15:30:33.892,12.71979,12.72249,0.00,0.00
2015.02.02 15:30:33.942,12.71979,12.72299,0.00,0.00
2015.02.02 15:30:35.598,12.71979,12.72242,0.00,0.00
2015.02.02 15:30:35.649,12.71901,12.72242,0.00,0.00
2015.02.02 15:30:35.699,12.71894,12.72189,0.00,0.00
2015.02.02 15:30:36.233,12.71879,12.72169,0.00,0.00
2015.02.02 15:30:36.284,12.71853,12.72151,0.00,0.00
2015.02.02 15:30:36.335,12.71828,12.72151,0.00,0.00
2015.02.02 15:30:36.435,12.71844,12.72151,0.00,0.00
2015.02.02 15:30:36.486,12.71844,12.72188,0.00,0.00
2015.02.02 15:30:36.536,12.71879,12.72188,0.00,0.00
2015.02.02 15:30:37.075,12.71878,12.72188,0.00,0.00
2015.02.02 15:30:37.405,12.71894,12.72188,0.00,0.00
2015.02.02 15:30:37.623,12.71878,12.72188,0.00,0.00
2015.02.02 15:30:38.830,12.71895,12.72188,0.00,0.00
2015.02.02 15:30:39.237,12.71879,12.72188,0.00,0.00
2015.02.02 15:30:39.437,12.71929,12.72188,0.00,0.00
2015.02.02 15:30:39.538,12.71961,12.72246,0.00,0.00
2015.02.02 15:30:39.588,12.72029,12.72291,0.00,0.00
2015.02.02 15:30:39.789,12.72069,12.72398,0.00,0.00
2015.02.02 15:30:41.863,12.72108,12.72398,0.00,0.00
2015.02.02 15:30:42.617,12.72108,12.72352,0.00,0.00
2015.02.02 15:30:42.768,12.72079,12.72352,0.00,0.00
2015.02.02 15:30:42.874,12.72094,12.72379,0.00,0.00
2015.02.02 15:30:42.933,12.72111,12.72402,0.00,0.00
2015.02.02 15:30:42.983,12.72207,12.72451,0.00,0.00
2015.02.02 15:30:43.084,12.72211,12.72501,0.00,0.00
2015.02.02 15:30:43.193,12.72239,12.72388,0.00,0.00
2015.02.02 15:30:43.295,12.72239,12.72399,0.00,0.00
2015.02.02 15:30:43.397,12.72188,12.72399,0.00,0.00
2015.02.02 15:30:43.498,12.72089,12.72399,0.00,0.00
2015.02.02 15:30:43.607,12.72066,12.72399,0.00,0.00
2015.02.02 15:30:43.778,12.72038,12.72399,0.00,0.00
2015.02.02 15:30:43.958,12.7203,12.72298,0.00,0.00
2015.02.02 15:30:44.009,12.72011,12.72298,0.00,0.00
2015.02.02 15:30:44.060,12.72021,12.72302,0.00,0.00
2015.02.02 15:30:44.161,12.72039,12.72374,0.00,0.00
2015.02.02 15:30:44.212,12.72045,12.72399,0.00,0.00
2015.02.02 15:30:44.262,12.72045,12.72298,0.00,0.00
2015.02.02 15:30:44.312,12.7201,12.72298,0.00,0.00
2015.02.02 15:30:44.363,12.7201,12.72351,0.00,0.00
2015.02.02 15:30:44.600,12.72038,12.72369,0.00,0.00
2015.02.02 15:30:44.885,12.72006,12.72348,0.00,0.00
2015.02.02 15:30:45.498,12.72039,12.72348,0.00,0.00
2015.02.02 15:30:45.598,12.72065,12.72401,0.00,0.00
2015.02.02 15:30:45.702,12.72095,12.72401,0.00,0.00
2015.02.02 15:30:46.029,12.72006,12.72332,0.00,0.00
2015.02.02 15:30:46.907,12.72028,12.72372,0.00,0.00
2015.02.02 15:30:48.888,12.72079,12.72397,0.00,0.00
2015.02.02 15:30:49.039,12.72081,12.72409,0.00,0.00
2015.02.02 15:30:49.139,12.72121,12.72371,0.00,0.00
2015.02.02 15:30:49.250,12.72156,12.72482,0.00,0.00
2015.02.02 15:30:49.913,12.72186,12.72482,0.00,0.00
2015.02.02 15:30:50.249,12.7223,12.72509,0.00,0.00
2015.02.02 15:30:50.349,12.7223,12.72532,0.00,0.00
2015.02.02 15:30:50.563,12.72267,12.72581,0.00,0.00
2015.02.02 15:30:50.664,12.72329,12.72589,0.00,0.00
2015.02.02 15:30:50.765,12.72329,12.72622,0.00,0.00
2015.02.02 15:30:50.868,12.72329,12.72668,0.00,0.00
2015.02.02 15:30:50.920,12.7236,12.72668,0.00,0.00
2015.02.02 15:30:50.971,12.7236,12.72672,0.00,0.00
2015.02.02 15:30:51.021,12.72374,12.72672,0.00,0.00
2015.02.02 15:30:51.231,12.72358,12.72672,0.00,0.00
2015.02.02 15:30:51.433,12.72333,12.72622,0.00,0.00
2015.02.02 15:30:51.540,12.72309,12.72622,0.00,0.00
2015.02.02 15:30:51.641,12.72324,12.72622,0.00,0.00
2015.02.02 15:30:52.763,12.72336,12.72668,0.00,0.00
2015.02.02 15:30:52.868,12.72336,12.72621,0.00,0.00
2015.02.02 15:30:52.971,12.72323,12.72621,0.00,0.00
2015.02.02 15:30:53.286,12.72328,12.72668,0.00,0.00
2015.02.02 15:30:53.337,12.72389,12.72668,0.00,0.00
2015.02.02 15:30:53.388,12.72389,12.72672,0.00,0.00
2015.02.02 15:30:53.439,12.72458,12.72672,0.00,0.00
2015.02.02 15:30:53.542,12.72458,12.72771,0.00,0.00
2015.02.02 15:30:53.936,12.72473,12.72771,0.00,0.00
2015.02.02 15:30:54.188,12.72461,12.72771,0.00,0.00
2015.02.02 15:30:55.242,12.72448,12.72771,0.00,0.00
2015.02.02 15:30:55.393,12.72384,12.72722,0.00,0.00
2015.02.02 15:30:55.444,12.72378,12.72682,0.00,0.00
2015.02.02 15:30:55.495,12.72313,12.72621,0.00,0.00
2015.02.02 15:30:55.997,12.72313,12.72622,0.00,0.00
2015.02.02 15:30:56.210,12.7233,12.72622,0.00,0.00
2015.02.02 15:30:56.361,12.72349,12.72672,0.00,0.00
2015.02.02 15:30:56.752,12.72329,12.72672,0.00,0.00
2015.02.02 15:30:56.852,12.72308,12.72621,0.00,0.00
2015.02.02 15:30:57.373,12.72308,12.72652,0.00,0.00
2015.02.02 15:30:57.587,12.72366,12.72691,0.00,0.00
2015.02.02 15:30:57.897,12.72394,12.72691,0.00,0.00
2015.02.02 15:30:58.307,12.7241,12.72691,0.00,0.00
2015.02.02 15:30:58.898,12.7241,12.72741,0.00,0.00
2015.02.02 15:30:58.965,12.72428,12.72741,0.00,0.00
2015.02.02 15:30:59.016,12.72428,12.72792,0.00,0.00
2015.02.02 15:30:59.593,12.72413,12.72782,0.00,0.00
2015.02.02 15:31:01.553,12.72413,12.72742,0.00,0.00
2015.02.02 15:31:01.604,12.72394,12.72742,0.00,0.00
2015.02.02 15:31:01.654,12.72429,12.72761,0.00,0.00
2015.02.02 15:31:01.705,12.72429,12.72796,0.00,0.00
2015.02.02 15:31:01.806,12.72464,12.72831,0.00,0.00
2015.02.02 15:31:02.110,12.72363,12.72691,0.00,0.00
2015.02.02 15:31:02.541,12.72409,12.72741,0.00,0.00
2015.02.02 15:31:02.984,12.72409,12.72692,0.00,0.00
2015.02.02 15:31:03.113,12.72388,12.72692,0.00,0.00
2015.02.02 15:31:04.303,12.72438,12.72698,0.00,0.00
2015.02.02 15:31:04.404,12.72438,12.72757,0.00,0.00
2015.02.02 15:31:04.455,12.72438,12.72792,0.00,0.00
2015.02.02 15:31:05.623,12.72438,12.72731,0.00,0.00
2015.02.02 15:31:05.774,12.72409,12.72731,0.00,0.00
2015.02.02 15:31:05.825,12.72409,12.72698,0.00,0.00
2015.02.02 15:31:06.169,12.72388,12.72682,0.00,0.00
2015.02.02 15:31:06.284,12.72388,12.72731,0.00,0.00
2015.02.02 15:31:06.334,12.72408,12.72731,0.00,0.00
2015.02.02 15:31:06.837,12.72438,12.72768,0.00,0.00
2015.02.02 15:31:06.944,12.72438,12.72791,0.00,0.00
2015.02.02 15:31:07.280,12.72449,12.72792,0.00,0.00
2015.02.02 15:31:07.604,12.72488,12.72799,0.00,0.00
2015.02.02 15:31:07.705,12.72499,12.72842,0.00,0.00
2015.02.02 15:31:08.237,12.72499,12.72831,0.00,0.00
2015.02.02 15:31:08.542,12.72408,12.72732,0.00,0.00
2015.02.02 15:31:08.643,12.72334,12.72681,0.00,0.00
2015.02.02 15:31:08.946,12.72349,12.72681,0.00,0.00
2015.02.02 15:31:09.137,12.72334,12.72681,0.00,0.00
2015.02.02 15:31:09.238,12.72349,12.72681,0.00,0.00
2015.02.02 15:31:09.648,12.72368,12.72681,0.00,0.00
2015.02.02 15:31:09.849,12.72354,12.72681,0.00,0.00
2015.02.02 15:31:09.950,12.72379,12.72681,0.00,0.00
2015.02.02 15:31:10.251,12.72399,12.72698,0.00,0.00
2015.02.02 15:31:10.352,12.72399,12.72732,0.00,0.00
2015.02.02 15:31:10.688,12.72438,12.72758,0.00,0.00
2015.02.02 15:31:10.789,12.72399,12.72731,0.00,0.00
2015.02.02 15:31:11.109,12.72439,12.72758,0.00,0.00
2015.02.02 15:31:11.210,12.72439,12.72791,0.00,0.00
2015.02.02 15:31:11.260,12.72499,12.72791,0.00,0.00
2015.02.02 15:31:12.248,12.72538,12.72799,0.00,0.00
2015.02.02 15:31:12.349,12.72549,12.72892,0.00,0.00
2015.02.02 15:31:12.677,12.72574,12.72892,0.00,0.00
2015.02.02 15:31:13.000,12.72609,12.72942,0.00,0.00
2015.02.02 15:31:13.051,12.72629,12.72942,0.00,0.00
2015.02.02 15:31:13.460,12.72629,12.72892,0.00,0.00
2015.02.02 15:31:13.685,12.72546,12.72841,0.00,0.00
2015.02.02 15:31:13.886,12.72546,12.72791,0.00,0.00
2015.02.02 15:31:13.989,12.72526,12.72792,0.00,0.00
2015.02.02 15:31:14.091,12.72511,12.72682,0.00,0.00
2015.02.02 15:31:14.193,12.72417,12.72682,0.00,0.00
2015.02.02 15:31:14.444,12.72417,12.72731,0.00,0.00
2015.02.02 15:31:14.495,12.72436,12.72731,0.00,0.00
2015.02.02 15:31:14.699,12.72424,12.72731,0.00,0.00
2015.02.02 15:31:14.750,12.72406,12.72731,0.00,0.00
2015.02.02 15:31:14.994,12.72425,12.72731,0.00,0.00
2015.02.02 15:31:15.296,12.72356,12.72641,0.00,0.00
2015.02.02 15:31:15.397,12.72315,12.72641,0.00,0.00
2015.02.02 15:31:15.856,12.72315,12.72621,0.00,0.00
2015.02.02 15:31:16.993,12.72329,12.72621,0.00,0.00
2015.02.02 15:31:17.348,12.72342,12.72662,0.00,0.00
2015.02.02 15:31:17.606,12.72395,12.72662,0.00,0.00
2015.02.02 15:31:17.808,12.72381,12.72662,0.00,0.00
2015.02.02 15:31:18.663,12.72396,12.72662,0.00,0.00
2015.02.02 15:31:19.185,12.7238,12.72662,0.00,0.00
2015.02.02 15:31:19.286,12.72335,12.72662,0.00,0.00
2015.02.02 15:31:19.387,12.72341,12.72662,0.00,0.00
2015.02.02 15:31:19.773,12.72388,12.72662,0.00,0.00
2015.02.02 15:31:20.293,12.72372,12.72662,0.00,0.00
2015.02.02 15:31:20.495,12.72318,12.72662,0.00,0.00
2015.02.02 15:31:20.717,12.72333,12.72621,0.00,0.00
2015.02.02 15:31:20.818,12.72318,12.72662,0.00,0.00
2015.02.02 15:31:20.919,12.72318,12.72622,0.00,0.00
2015.02.02 15:31:21.120,12.72316,12.72622,0.00,0.00
2015.02.02 15:31:21.221,12.72331,12.72622,0.00,0.00
2015.02.02 15:31:21.604,12.72387,12.72622,0.00,0.00
2015.02.02 15:31:21.678,12.72371,12.72622,0.00,0.00
2015.02.02 15:31:21.788,12.72317,12.72622,0.00,0.00
2015.02.02 15:31:22.510,12.72344,12.72622,0.00,0.00
2015.02.02 15:31:22.611,12.72315,12.72622,0.00,0.00
2015.02.02 15:31:22.812,12.7233,12.72622,0.00,0.00
2015.02.02 15:31:23.404,12.72346,12.72622,0.00,0.00
2015.02.02 15:31:23.587,12.7233,12.72622,0.00,0.00
2015.02.02 15:31:23.688,12.72346,12.72622,0.00,0.00
2015.02.02 15:31:25.195,12.72317,12.72622,0.00,0.00
2015.02.02 15:31:26.419,12.72303,12.72571,0.00,0.00
2015.02.02 15:31:26.520,12.7229,12.72571,0.00,0.00
2015.02.02 15:31:26.899,12.72321,12.72571,0.00,0.00
2015.02.02 15:31:27.405,12.7234,12.72619,0.00,0.00
2015.02.02 15:31:27.506,12.7234,12.72622,0.00,0.00
2015.02.02 15:31:27.807,12.72328,12.72622,0.00,0.00
2015.02.02 15:31:27.908,12.72312,12.72622,0.00,0.00
2015.02.02 15:31:29.102,12.72329,12.72622,0.00,0.00
2015.02.02 15:31:29.304,12.72276,12.72572,0.00,0.00
2015.02.02 15:31:29.529,12.72307,12.72572,0.00,0.00
2015.02.02 15:31:30.405,12.7228,12.72572,0.00,0.00
2015.02.02 15:31:30.630,12.72267,12.72572,0.00,0.00
2015.02.02 15:31:30.731,12.72296,12.72572,0.00,0.00
2015.02.02 15:31:31.033,12.72326,12.72609,0.00,0.00
2015.02.02 15:31:31.113,12.72326,12.72622,0.00,0.00
2015.02.02 15:31:34.864,12.72322,12.72622,0.00,0.00
2015.02.02 15:31:35.115,12.72306,12.72622,0.00,0.00
2015.02.02 15:31:35.452,12.72308,12.72622,0.00,0.00
2015.02.02 15:31:36.867,12.72328,12.72659,0.00,0.00
2015.02.02 15:31:36.919,12.72386,12.72659,0.00,0.00
2015.02.02 15:31:36.969,12.72386,12.72711,0.00,0.00
2015.02.02 15:31:37.019,12.72422,12.72711,0.00,0.00
2015.02.02 15:31:38.439,12.72406,12.72711,0.00,0.00
2015.02.02 15:31:38.722,12.72391,12.72711,0.00,0.00
2015.02.02 15:31:39.123,12.7247,12.72711,0.00,0.00
2015.02.02 15:31:39.174,12.7247,12.72739,0.00,0.00
2015.02.02 15:31:39.275,12.7247,12.72771,0.00,0.00
2015.02.02 15:31:39.524,12.72439,12.72771,0.00,0.00
2015.02.02 15:31:40.707,12.72422,12.72712,0.00,0.00
2015.02.02 15:31:40.808,12.72418,12.72712,0.00,0.00
2015.02.02 15:31:41.127,12.72436,12.72712,0.00,0.00
2015.02.02 15:31:41.528,12.72383,12.72712,0.00,0.00
2015.02.02 15:31:41.911,12.72438,12.72735,0.00,0.00
2015.02.02 15:31:42.218,12.72377,12.72662,0.00,0.00
2015.02.02 15:31:42.269,12.72378,12.7271,0.00,0.00
2015.02.02 15:31:43.082,12.7238,12.7271,0.00,0.00
2015.02.02 15:31:43.234,12.72429,12.72761,0.00,0.00
2015.02.02 15:31:43.687,12.72488,12.72763,0.00,0.00
2015.02.02 15:31:43.737,12.7249,12.72799,0.00,0.00
2015.02.02 15:31:43.788,12.7249,12.72761,0.00,0.00
2015.02.02 15:31:43.838,12.72462,12.72761,0.00,0.00
2015.02.02 15:31:44.054,12.72481,12.72761,0.00,0.00
2015.02.02 15:31:44.415,12.72481,12.72711,0.00,0.00
2015.02.02 15:31:44.578,12.72416,12.72661,0.00,0.00
2015.02.02 15:31:44.678,12.72416,12.72711,0.00,0.00
2015.02.02 15:31:44.779,12.72396,12.72661,0.00,0.00
2015.02.02 15:31:46.641,12.72417,12.72661,0.00,0.00
2015.02.02 15:31:46.741,12.72382,12.72661,0.00,0.00
2015.02.02 15:31:47.778,12.72437,12.72669,0.00,0.00
2015.02.02 15:31:47.829,12.72437,12.72699,0.00,0.00
2015.02.02 15:31:47.929,12.72451,12.72762,0.00,0.00
2015.02.02 15:31:48.166,12.72428,12.72739,0.00,0.00
2015.02.02 15:31:48.489,12.7242,12.72711,0.00,0.00
2015.02.02 15:31:49.148,12.72379,12.72711,0.00,0.00
2015.02.02 15:31:49.198,12.72372,12.72661,0.00,0.00
2015.02.02 15:31:49.796,12.72384,12.72661,0.00,0.00
2015.02.02 15:31:50.142,12.72407,12.72661,0.00,0.00
2015.02.02 15:31:50.448,12.72426,12.72668,0.00,0.00
2015.02.02 15:31:50.499,12.72411,12.72668,0.00,0.00
2015.02.02 15:31:50.803,12.72392,12.72668,0.00,0.00
2015.02.02 15:31:50.854,12.72392,12.72661,0.00,0.00
2015.02.02 15:31:51.166,12.72347,12.72659,0.00,0.00
2015.02.02 15:31:51.267,12.72328,12.72612,0.00,0.00
2015.02.02 15:31:51.760,12.72342,12.72611,0.00,0.00
2015.02.02 15:31:52.488,12.72342,12.72658,0.00,0.00
2015.02.02 15:31:52.563,12.72426,12.72658,0.00,0.00
2015.02.02 15:31:52.672,12.72426,12.72668,0.00,0.00
2015.02.02 15:31:53.346,12.72529,12.72668,0.00,0.00
2015.02.02 15:31:53.447,12.72529,12.72738,0.00,0.00
2015.02.02 15:31:53.497,12.72535,12.72738,0.00,0.00
2015.02.02 15:31:53.598,12.72489,12.72821,0.00,0.00
2015.02.02 15:31:53.699,12.72448,12.72762,0.00,0.00
2015.02.02 15:31:54.022,12.72479,12.72762,0.00,0.00
2015.02.02 15:31:54.271,12.72448,12.72762,0.00,0.00
2015.02.02 15:31:54.995,12.7246,12.72762,0.00,0.00
2015.02.02 15:31:55.096,12.72428,12.72758,0.00,0.00
2015.02.02 15:31:55.146,12.72427,12.72711,0.00,0.00
2015.02.02 15:31:55.197,12.72409,12.72711,0.00,0.00
2015.02.02 15:31:55.577,12.72422,12.72711,0.00,0.00
2015.02.02 15:31:56.423,12.72411,12.72711,0.00,0.00
2015.02.02 15:31:56.474,12.72428,12.72749,0.00,0.00
2015.02.02 15:31:56.525,12.72428,12.72759,0.00,0.00
2015.02.02 15:31:56.575,12.72422,12.72711,0.00,0.00
2015.02.02 15:31:56.676,12.72456,12.72762,0.00,0.00
2015.02.02 15:31:57.022,12.72486,12.72762,0.00,0.00
2015.02.02 15:31:57.342,12.72528,12.72789,0.00,0.00
2015.02.02 15:31:57.643,12.72585,12.72789,0.00,0.00
2015.02.02 15:31:57.867,12.72585,12.72822,0.00,0.00
2015.02.02 15:31:58.190,12.72528,12.72862,0.00,0.00
2015.02.02 15:31:58.241,12.72667,12.72862,0.00,0.00
2015.02.02 15:31:58.342,12.72667,12.72868,0.00,0.00
2015.02.02 15:31:58.399,12.72651,12.72868,0.00,0.00
2015.02.02 15:31:58.500,12.72641,12.72868,0.00,0.00
2015.02.02 15:31:58.601,12.72641,12.72968,0.00,0.00
2015.02.02 15:31:58.702,12.72659,12.72969,0.00,0.00
2015.02.02 15:31:59.047,12.72621,12.72911,0.00,0.00
2015.02.02 15:31:59.098,12.72612,12.72911,0.00,0.00
2015.02.02 15:31:59.509,12.72638,12.72968,0.00,0.00
2015.02.02 15:31:59.634,12.72651,12.72969,0.00,0.00
2015.02.02 15:32:00.200,12.72688,12.72969,0.00,0.00
2015.02.02 15:32:00.251,12.72721,12.73008,0.00,0.00
2015.02.02 15:32:00.351,12.72741,12.73058,0.00,0.00
2015.02.02 15:32:01.236,12.72741,12.73069,0.00,0.00
2015.02.02 15:32:01.921,12.72738,12.73069,0.00,0.00
2015.02.02 15:32:02.430,12.72738,12.73068,0.00,0.00
2015.02.02 15:32:02.526,12.72738,12.73057,0.00,0.00
2015.02.02 15:32:04.036,12.72738,12.73037,0.00,0.00
2015.02.02 15:32:04.137,12.72688,12.73008,0.00,0.00
2015.02.02 15:32:04.793,12.72738,12.73008,0.00,0.00
2015.02.02 15:32:04.844,12.72738,12.73058,0.00,0.00
2015.02.02 15:32:04.945,12.72714,12.73022,0.00,0.00
2015.02.02 15:32:05.045,12.72738,12.73058,0.00,0.00
2015.02.02 15:32:05.146,12.72739,12.73048,0.00,0.00
2015.02.02 15:32:05.493,12.72739,12.73033,0.00,0.00
2015.02.02 15:32:05.968,12.72739,12.73018,0.00,0.00
2015.02.02 15:32:06.018,12.72711,12.73018,0.00,0.00
2015.02.02 15:32:06.069,12.72688,12.73008,0.00,0.00
2015.02.02 15:32:06.366,12.72661,12.72971,0.00,0.00
2015.02.02 15:32:06.416,12.72654,12.72971,0.00,0.00
2015.02.02 15:32:06.972,12.72639,12.72971,0.00,0.00
2015.02.02 15:32:07.073,12.72639,12.72962,0.00,0.00
2015.02.02 15:32:07.680,12.72654,12.72969,0.00,0.00
2015.02.02 15:32:07.883,12.72645,12.72969,0.00,0.00
2015.02.02 15:32:07.983,12.72639,12.72958,0.00,0.00
2015.02.02 15:32:08.298,12.72578,12.72907,0.00,0.00
2015.02.02 15:32:08.425,12.72638,12.72907,0.00,0.00
2015.02.02 15:32:08.475,12.72638,12.72923,0.00,0.00
2015.02.02 15:32:08.526,12.72579,12.72912,0.00,0.00
2015.02.02 15:32:08.706,12.72578,12.72908,0.00,0.00
2015.02.02 15:32:09.745,12.72639,12.72908,0.00,0.00
2015.02.02 15:32:09.896,12.72579,12.72908,0.00,0.00
2015.02.02 15:32:11.827,12.72571,12.72862,0.00,0.00
2015.02.02 15:32:12.085,12.72488,12.72807,0.00,0.00
2015.02.02 15:32:14.466,12.72481,12.72762,0.00,0.00
2015.02.02 15:32:14.522,12.72465,12.72749,0.00,0.00
2015.02.02 15:32:14.623,12.72435,12.72711,0.00,0.00
2015.02.02 15:32:14.795,12.72454,12.72761,0.00,0.00
2015.02.02 15:32:15.299,12.72454,12.72712,0.00,0.00
2015.02.02 15:32:15.349,12.72402,12.72712,0.00,0.00
2015.02.02 15:32:15.450,12.72378,12.72712,0.00,0.00
2015.02.02 15:32:15.607,12.72397,12.72712,0.00,0.00
2015.02.02 15:32:15.926,12.72367,12.72662,0.00,0.00
2015.02.02 15:32:16.027,12.72331,12.72662,0.00,0.00
2015.02.02 15:32:16.363,12.72343,12.72662,0.00,0.00
2015.02.02 15:32:16.666,12.72331,12.72662,0.00,0.00
2015.02.02 15:32:17.630,12.72338,12.72662,0.00,0.00
2015.02.02 15:32:17.836,12.72328,12.72661,0.00,0.00
2015.02.02 15:32:18.760,12.72328,12.7263,0.00,0.00
2015.02.02 15:32:20.648,12.72328,12.72641,0.00,0.00
2015.02.02 15:32:20.749,12.72328,12.72621,0.00,0.00
2015.02.02 15:32:20.966,12.72253,12.72571,0.00,0.00
2015.02.02 15:32:21.207,12.72289,12.72595,0.00,0.00
2015.02.02 15:32:21.257,12.72289,12.72616,0.00,0.00
2015.02.02 15:32:21.358,12.72294,12.72621,0.00,0.00
2015.02.02 15:32:22.333,12.72289,12.7262,0.00,0.00
2015.02.02 15:32:22.848,12.72329,12.7262,0.00,0.00
2015.02.02 15:32:22.966,12.72296,12.72611,0.00,0.00
2015.02.02 15:32:23.224,12.72332,12.7264,0.00,0.00
2015.02.02 15:32:23.274,12.72345,12.72661,0.00,0.00
2015.02.02 15:32:23.325,12.72379,12.72668,0.00,0.00
2015.02.02 15:32:23.635,12.72429,12.72668,0.00,0.00
2015.02.02 15:32:23.736,12.72386,12.72668,0.00,0.00
2015.02.02 15:32:23.837,12.72378,12.72668,0.00,0.00
2015.02.02 15:32:24.200,12.7237,12.72661,0.00,0.00
2015.02.02 15:32:24.301,12.72378,12.72668,0.00,0.00
2015.02.02 15:32:24.351,12.72378,12.72706,0.00,0.00
2015.02.02 15:32:25.160,12.72429,12.72706,0.00,0.00
2015.02.02 15:32:25.261,12.72429,12.72722,0.00,0.00
2015.02.02 15:32:25.311,12.72422,12.72712,0.00,0.00
2015.02.02 15:32:25.412,12.72429,12.72756,0.00,0.00
2015.02.02 15:32:26.051,12.72422,12.72712,0.00,0.00
2015.02.02 15:32:26.102,12.72403,12.72712,0.00,0.00
2015.02.02 15:32:26.211,12.72378,12.72705,0.00,0.00
2015.02.02 15:32:26.717,12.72379,12.72705,0.00,0.00
2015.02.02 15:32:26.767,12.72422,12.72712,0.00,0.00
2015.02.02 15:32:26.868,12.72428,12.72756,0.00,0.00
2015.02.02 15:32:28.281,12.72402,12.72712,0.00,0.00
2015.02.02 15:32:28.382,12.72378,12.72706,0.00,0.00
2015.02.02 15:32:28.685,12.72428,12.72706,0.00,0.00
2015.02.02 15:32:28.786,12.72428,12.72756,0.00,0.00
2015.02.02 15:32:32.367,12.72428,12.72749,0.00,0.00
2015.02.02 15:32:36.646,12.72489,12.72749,0.00,0.00
2015.02.02 15:32:36.696,12.72489,12.72769,0.00,0.00
2015.02.02 15:32:36.747,12.72528,12.72769,0.00,0.00
2015.02.02 15:32:36.798,12.72548,12.72838,0.00,0.00
2015.02.02 15:32:36.899,12.72561,12.72838,0.00,0.00
2015.02.02 15:32:37.000,12.72578,12.729,0.00,0.00
2015.02.02 15:32:37.101,12.72611,12.72912,0.00,0.00
2015.02.02 15:32:37.151,12.72638,12.72946,0.00,0.00
2015.02.02 15:32:37.202,12.72638,12.72949,0.00,0.00
2015.02.02 15:32:37.303,12.72646,12.72949,0.00,0.00
2015.02.02 15:32:37.583,12.72638,12.72949,0.00,0.00
2015.02.02 15:32:38.129,12.72646,12.72949,0.00,0.00
2015.02.02 15:32:38.230,12.72638,12.72949,0.00,0.00
2015.02.02 15:32:38.330,12.72647,12.72949,0.00,0.00
2015.02.02 15:32:38.787,12.72638,12.72925,0.00,0.00
2015.02.02 15:32:39.088,12.72638,12.72939,0.00,0.00
2015.02.02 15:32:39.189,12.72638,12.72949,0.00,0.00
2015.02.02 15:32:40.209,12.72638,12.72924,0.00,0.00
2015.02.02 15:32:40.822,12.72638,12.72949,0.00,0.00
2015.02.02 15:32:43.840,12.72638,12.72938,0.00,0.00
2015.02.02 15:32:43.891,12.72611,12.72912,0.00,0.00
2015.02.02 15:32:44.010,12.72578,12.72899,0.00,0.00
2015.02.02 15:32:44.638,12.72638,12.729,0.00,0.00
2015.02.02 15:32:44.739,12.72578,12.729,0.00,0.00
2015.02.02 15:32:44.789,12.72621,12.729,0.00,0.00
2015.02.02 15:32:45.009,12.72638,12.72926,0.00,0.00
2015.02.02 15:32:45.060,12.72638,12.729,0.00,0.00
2015.02.02 15:32:45.110,12.72579,12.729,0.00,0.00
2015.02.02 15:32:45.617,12.72561,12.72862,0.00,0.00
2015.02.02 15:32:45.768,12.72532,12.7284,0.00,0.00
2015.02.02 15:32:45.870,12.72532,12.7282,0.00,0.00
2015.02.02 15:32:45.926,12.72532,12.7284,0.00,0.00
2015.02.02 15:32:46.026,12.72532,12.72824,0.00,0.00
2015.02.02 15:32:46.127,12.72528,12.72849,0.00,0.00
2015.02.02 15:32:47.177,12.72528,12.7284,0.00,0.00
2015.02.02 15:32:47.278,12.72528,12.72849,0.00,0.00
2015.02.02 15:32:48.130,12.72528,12.72862,0.00,0.00
2015.02.02 15:32:48.180,12.72579,12.72899,0.00,0.00
2015.02.02 15:32:48.689,12.72579,12.729,0.00,0.00
2015.02.02 15:32:49.198,12.72579,12.72849,0.00,0.00
2015.02.02 15:32:49.299,12.72529,12.7283,0.00,0.00
2015.02.02 15:32:49.350,12.72529,12.72799,0.00,0.00
2015.02.02 15:32:49.400,12.72489,12.72799,0.00,0.00
2015.02.02 15:32:49.540,12.72489,12.72818,0.00,0.00
2015.02.02 15:32:49.641,12.72489,12.728,0.00,0.00
2015.02.02 15:32:49.943,12.72489,12.7279,0.00,0.00
2015.02.02 15:32:50.195,12.72432,12.72749,0.00,0.00
2015.02.02 15:32:50.246,12.72432,12.72719,0.00,0.00
2015.02.02 15:32:50.413,12.72428,12.7272,0.00,0.00
2015.02.02 15:32:50.616,12.72421,12.72711,0.00,0.00
2015.02.02 15:32:50.720,12.72429,12.7272,0.00,0.00
2015.02.02 15:32:51.253,12.72429,12.7274,0.00,0.00
2015.02.02 15:32:51.303,12.72429,12.72738,0.00,0.00
2015.02.02 15:32:51.354,12.72381,12.72711,0.00,0.00
2015.02.02 15:32:51.701,12.72398,12.72711,0.00,0.00
2015.02.02 15:32:51.805,12.72383,12.72711,0.00,0.00
2015.02.02 15:32:52.546,12.72429,12.72725,0.00,0.00
2015.02.02 15:32:52.596,12.72429,12.72738,0.00,0.00
2015.02.02 15:32:52.647,12.72429,12.72748,0.00,0.00
2015.02.02 15:32:52.697,12.72445,12.72748,0.00,0.00
2015.02.02 15:32:53.011,12.72488,12.72748,0.00,0.00
2015.02.02 15:32:53.464,12.72461,12.72748,0.00,0.00
2015.02.02 15:32:53.565,12.72489,12.72748,0.00,0.00
2015.02.02 15:32:53.615,12.72489,12.72799,0.00,0.00
2015.02.02 15:32:54.217,12.72528,12.72799,0.00,0.00
2015.02.02 15:32:54.726,12.72528,12.72819,0.00,0.00
2015.02.02 15:32:56.565,12.72528,12.72799,0.00,0.00
2015.02.02 15:32:56.666,12.72497,12.72799,0.00,0.00
2015.02.02 15:32:56.767,12.72488,12.72799,0.00,0.00
2015.02.02 15:32:57.182,12.72471,12.72762,0.00,0.00
2015.02.02 15:32:57.233,12.72462,12.72762,0.00,0.00
2015.02.02 15:32:57.536,12.72436,12.72762,0.00,0.00
2015.02.02 15:32:57.687,12.72436,12.72719,0.00,0.00
2015.02.02 15:32:58.000,12.72489,12.72719,0.00,0.00
2015.02.02 15:32:58.051,12.72446,12.72719,0.00,0.00
2015.02.02 15:32:58.808,12.72501,12.72719,0.00,0.00
2015.02.02 15:32:58.875,12.72501,12.72762,0.00,0.00
2015.02.02 15:32:58.925,12.72521,12.72762,0.00,0.00
2015.02.02 15:32:58.976,12.72521,12.72798,0.00,0.00
2015.02.02 15:32:59.862,12.72489,12.72698,0.00,0.00
2015.02.02 15:32:59.913,12.72437,12.72698,0.00,0.00
2015.02.02 15:33:00.466,12.72437,12.72662,0.00,0.00
2015.02.02 15:33:00.595,12.72437,12.72698,0.00,0.00
2015.02.02 15:33:00.752,12.72437,12.72719,0.00,0.00
2015.02.02 15:33:00.906,12.72437,12.72712,0.00,0.00
2015.02.02 15:33:00.956,12.72416,12.72712,0.00,0.00
2015.02.02 15:33:01.057,12.72461,12.72719,0.00,0.00
2015.02.02 15:33:01.158,12.72441,12.72719,0.00,0.00
2015.02.02 15:33:01.259,12.72428,12.72719,0.00,0.00
2015.02.02 15:33:01.321,12.72435,12.72719,0.00,0.00
2015.02.02 15:33:01.928,12.72461,12.72719,0.00,0.00
2015.02.02 15:33:02.233,12.72433,12.72719,0.00,0.00
2015.02.02 15:33:02.338,12.72428,12.72719,0.00,0.00
2015.02.02 15:33:02.536,12.72446,12.72719,0.00,0.00
2015.02.02 15:33:02.881,12.72462,12.72719,0.00,0.00
2015.02.02 15:33:03.156,12.72414,12.72699,0.00,0.00
2015.02.02 15:33:03.257,12.72414,12.72662,0.00,0.00
2015.02.02 15:33:03.358,12.72396,12.72662,0.00,0.00
2015.02.02 15:33:03.459,12.72396,12.72699,0.00,0.00
2015.02.02 15:33:03.559,12.72437,12.72699,0.00,0.00
2015.02.02 15:33:03.671,12.72405,12.72699,0.00,0.00
2015.02.02 15:33:03.932,12.72422,12.72699,0.00,0.00
2015.02.02 15:33:04.235,12.72442,12.72662,0.00,0.00
2015.02.02 15:33:04.644,12.72428,12.72619,0.00,0.00
2015.02.02 15:33:04.884,12.72409,12.72619,0.00,0.00
2015.02.02 15:33:05.254,12.72409,12.72699,0.00,0.00
2015.02.02 15:33:05.461,12.72424,12.72661,0.00,0.00
2015.02.02 15:33:05.562,12.72436,12.72699,0.00,0.00
2015.02.02 15:33:06.139,12.72437,12.72699,0.00,0.00
2015.02.02 15:33:06.240,12.72408,12.72699,0.00,0.00
2015.02.02 15:33:06.669,12.72441,12.72699,0.00,0.00
2015.02.02 15:33:06.720,12.72441,12.72712,0.00,0.00
2015.02.02 15:33:07.501,12.72441,12.72711,0.00,0.00
2015.02.02 15:33:07.676,12.72441,12.72699,0.00,0.00
2015.02.02 15:33:08.059,12.72546,12.72699,0.00,0.00
2015.02.02 15:33:08.111,12.72546,12.72818,0.00,0.00
2015.02.02 15:33:08.262,12.72528,12.72818,0.00,0.00
2015.02.02 15:33:08.313,12.72488,12.72818,0.00,0.00
2015.02.02 15:33:08.363,12.72499,12.72818,0.00,0.00
2015.02.02 15:33:08.822,12.72532,12.72818,0.00,0.00
2015.02.02 15:33:09.098,12.72506,12.72798,0.00,0.00
2015.02.02 15:33:10.205,12.72506,12.72819,0.00,0.00
2015.02.02 15:33:10.256,12.72529,12.72819,0.00,0.00
2015.02.02 15:33:10.457,12.72505,12.72819,0.00,0.00
2015.02.02 15:33:10.558,12.72521,12.72819,0.00,0.00
2015.02.02 15:33:11.132,12.72529,12.72819,0.00,0.00
2015.02.02 15:33:12.185,12.72529,12.72861,0.00,0.00
2015.02.02 15:33:12.235,12.72578,12.72887,0.00,0.00
2015.02.02 15:33:12.537,12.72529,12.72862,0.00,0.00
2015.02.02 15:33:13.176,12.72529,12.72818,0.00,0.00
2015.02.02 15:33:15.752,12.72562,12.72818,0.00,0.00
2015.02.02 15:33:15.805,12.72639,12.72899,0.00,0.00
2015.02.02 15:33:16.695,12.72639,12.72919,0.00,0.00
2015.02.02 15:33:19.165,12.72631,12.72862,0.00,0.00
2015.02.02 15:33:19.216,12.72611,12.72862,0.00,0.00
2015.02.02 15:33:19.267,12.72611,12.72819,0.00,0.00
2015.02.02 15:33:19.317,12.72528,12.72819,0.00,0.00
2015.02.02 15:33:19.635,12.72638,12.72819,0.00,0.00
2015.02.02 15:33:19.884,12.72638,12.72918,0.00,0.00
2015.02.02 15:33:19.934,12.72621,12.72862,0.00,0.00
2015.02.02 15:33:19.985,12.72577,12.72862,0.00,0.00
2015.02.02 15:33:20.086,12.72531,12.72862,0.00,0.00
2015.02.02 15:33:20.214,12.72531,12.72798,0.00,0.00
2015.02.02 15:33:20.317,12.72492,12.72798,0.00,0.00
2015.02.02 15:33:20.755,12.72501,12.72798,0.00,0.00
2015.02.02 15:33:20.806,12.72492,12.72798,0.00,0.00
2015.02.02 15:33:20.857,12.72492,12.72762,0.00,0.00
2015.02.02 15:33:20.958,12.72492,12.72798,0.00,0.00
2015.02.02 15:33:21.058,12.72488,12.72798,0.00,0.00
2015.02.02 15:33:21.109,12.72511,12.72798,0.00,0.00
2015.02.02 15:33:21.609,12.72534,12.72798,0.00,0.00
2015.02.02 15:33:22.514,12.72559,12.72798,0.00,0.00
2015.02.02 15:33:22.565,12.72559,12.72819,0.00,0.00
2015.02.02 15:33:22.615,12.726,12.72819,0.00,0.00
2015.02.02 15:33:22.918,12.72579,12.72819,0.00,0.00
2015.02.02 15:33:23.018,12.72602,12.72819,0.00,0.00
2015.02.02 15:33:23.119,12.72587,12.72819,0.00,0.00
2015.02.02 15:33:23.220,12.72544,12.72819,0.00,0.00
2015.02.02 15:33:23.514,12.72544,12.72799,0.00,0.00
2015.02.02 15:33:23.564,12.72531,12.72799,0.00,0.00
2015.02.02 15:33:23.674,12.72531,12.72762,0.00,0.00
2015.02.02 15:33:23.725,12.7252,12.72762,0.00,0.00
2015.02.02 15:33:24.038,12.72497,12.72799,0.00,0.00
2015.02.02 15:33:24.139,12.72491,12.72761,0.00,0.00
2015.02.02 15:33:24.189,12.72465,12.72761,0.00,0.00
2015.02.02 15:33:24.504,12.72465,12.72718,0.00,0.00
2015.02.02 15:33:24.806,12.72493,12.72718,0.00,0.00
2015.02.02 15:33:24.857,12.72467,12.72718,0.00,0.00
2015.02.02 15:33:24.959,12.72454,12.72718,0.00,0.00
2015.02.02 15:33:27.052,12.72475,12.72718,0.00,0.00
2015.02.02 15:33:27.866,12.725,12.72718,0.00,0.00
2015.02.02 15:33:28.972,12.72473,12.72718,0.00,0.00
2015.02.02 15:33:29.152,12.72432,12.72718,0.00,0.00
2015.02.02 15:33:29.262,12.72429,12.72698,0.00,0.00
2015.02.02 15:33:29.313,12.72413,12.72698,0.00,0.00
2015.02.02 15:33:29.414,12.72413,12.72661,0.00,0.00
2015.02.02 15:33:29.464,12.724,12.72661,0.00,0.00
2015.02.02 15:33:29.749,12.72419,12.72661,0.00,0.00
2015.02.02 15:33:29.881,12.72434,12.72698,0.00,0.00
2015.02.02 15:33:30.293,12.72423,12.72698,0.00,0.00
2015.02.02 15:33:30.597,12.72435,12.72698,0.00,0.00
2015.02.02 15:33:31.604,12.72435,12.72719,0.00,0.00
2015.02.02 15:33:32.005,12.72428,12.72719,0.00,0.00
2015.02.02 15:33:32.056,12.72421,12.72712,0.00,0.00
2015.02.02 15:33:32.106,12.72402,12.72712,0.00,0.00
2015.02.02 15:33:32.157,12.72402,12.72661,0.00,0.00
2015.02.02 15:33:32.562,12.72399,12.72619,0.00,0.00
2015.02.02 15:33:32.662,12.72382,12.72619,0.00,0.00
2015.02.02 15:33:32.763,12.72366,12.72619,0.00,0.00
2015.02.02 15:33:32.865,12.72368,12.72619,0.00,0.00
2015.02.02 15:33:33.175,12.72395,12.72619,0.00,0.00
2015.02.02 15:33:33.276,12.7237,12.72619,0.00,0.00
2015.02.02 15:33:33.477,12.72398,12.72619,0.00,0.00
2015.02.02 15:33:34.149,12.72398,12.72699,0.00,0.00
2015.02.02 15:33:34.199,12.72433,12.72699,0.00,0.00
2015.02.02 15:33:34.394,12.72403,12.72699,0.00,0.00
2015.02.02 15:33:34.473,12.72433,12.72699,0.00,0.00
2015.02.02 15:33:34.795,12.72453,12.72699,0.00,0.00
2015.02.02 15:33:34.895,12.72384,12.72699,0.00,0.00
2015.02.02 15:33:35.024,12.72402,12.72699,0.00,0.00
2015.02.02 15:33:35.326,12.7243,12.72719,0.00,0.00
2015.02.02 15:33:35.577,12.72401,12.72712,0.00,0.00
2015.02.02 15:33:35.778,12.72431,12.72712,0.00,0.00
2015.02.02 15:33:36.079,12.72414,12.72712,0.00,0.00
2015.02.02 15:33:36.194,12.72414,12.72699,0.00,0.00
2015.02.02 15:33:36.424,12.72399,12.72699,0.00,0.00
2015.02.02 15:33:36.783,12.72428,12.72699,0.00,0.00
2015.02.02 15:33:36.985,12.72489,12.72798,0.00,0.00
2015.02.02 15:33:38.503,12.72489,12.72818,0.00,0.00
2015.02.02 15:33:38.554,12.72529,12.72818,0.00,0.00
2015.02.02 15:33:38.858,12.7254,12.72818,0.00,0.00
2015.02.02 15:33:39.938,12.72555,12.72818,0.00,0.00
2015.02.02 15:33:40.122,12.7253,12.72818,0.00,0.00
2015.02.02 15:33:40.453,12.72551,12.72818,0.00,0.00
2015.02.02 15:33:40.912,12.72529,12.72818,0.00,0.00
2015.02.02 15:33:40.963,12.72578,12.72898,0.00,0.00
2015.02.02 15:33:41.014,12.72591,12.72898,0.00,0.00
2015.02.02 15:33:41.316,12.72639,12.72899,0.00,0.00
2015.02.02 15:33:41.714,12.72631,12.72899,0.00,0.00
2015.02.02 15:33:41.815,12.72579,12.72899,0.00,0.00
2015.02.02 15:33:41.915,12.72594,12.72899,0.00,0.00
2015.02.02 15:33:42.023,12.72594,12.72911,0.00,0.00
2015.02.02 15:33:42.074,12.72638,12.72919,0.00,0.00
2015.02.02 15:33:42.836,12.72622,12.72912,0.00,0.00
2015.02.02 15:33:42.937,12.72639,12.72919,0.00,0.00
2015.02.02 15:33:43.269,12.72583,12.72899,0.00,0.00
2015.02.02 15:33:43.319,12.72608,12.72899,0.00,0.00
2015.02.02 15:33:44.019,12.72593,12.72899,0.00,0.00
2015.02.02 15:33:44.070,12.72593,12.72861,0.00,0.00
2015.02.02 15:33:44.120,12.72578,12.72861,0.00,0.00
2015.02.02 15:33:44.171,12.72578,12.72899,0.00,0.00
2015.02.02 15:33:44.221,12.72594,12.72899,0.00,0.00
2015.02.02 15:33:44.620,12.72578,12.72899,0.00,0.00
2015.02.02 15:33:44.915,12.72578,12.72819,0.00,0.00
2015.02.02 15:33:44.965,12.72561,12.72819,0.00,0.00
2015.02.02 15:33:45.066,12.72529,12.72819,0.00,0.00
2015.02.02 15:33:45.350,12.72541,12.72819,0.00,0.00
2015.02.02 15:33:45.667,12.72579,12.72819,0.00,0.00
2015.02.02 15:33:45.983,12.72581,12.72898,0.00,0.00
2015.02.02 15:33:46.664,12.72581,12.72862,0.00,0.00
2015.02.02 15:33:46.765,12.72569,12.72862,0.00,0.00
2015.02.02 15:33:46.973,12.72569,12.72819,0.00,0.00
2015.02.02 15:33:47.126,12.72549,12.72819,0.00,0.00
2015.02.02 15:33:47.448,12.72535,12.72819,0.00,0.00
2015.02.02 15:33:48.631,12.72548,12.72819,0.00,0.00
2015.02.02 15:33:49.656,12.72534,12.72819,0.00,0.00
2015.02.02 15:33:49.756,12.72549,12.72819,0.00,0.00
2015.02.02 15:33:49.861,12.72546,12.72819,0.00,0.00
2015.02.02 15:33:50.045,12.72531,12.72819,0.00,0.00
2015.02.02 15:33:50.494,12.72531,12.72799,0.00,0.00
2015.02.02 15:33:50.645,12.72491,12.72761,0.00,0.00
2015.02.02 15:33:50.745,12.72429,12.72761,0.00,0.00
2015.02.02 15:33:51.133,12.72458,12.72761,0.00,0.00
2015.02.02 15:33:51.534,12.72429,12.72761,0.00,0.00
2015.02.02 15:33:51.635,12.72429,12.72718,0.00,0.00
2015.02.02 15:33:51.937,12.72489,12.72718,0.00,0.00
2015.02.02 15:33:51.987,12.72481,12.72718,0.00,0.00
2015.02.02 15:33:52.038,12.72459,12.72718,0.00,0.00
2015.02.02 15:33:52.260,12.72463,12.72718,0.00,0.00
2015.02.02 15:33:52.361,12.7244,12.72718,0.00,0.00
2015.02.02 15:33:52.875,12.72467,12.72718,0.00,0.00
2015.02.02 15:33:53.180,12.72439,12.72718,0.00,0.00
2015.02.02 15:33:53.285,12.72452,12.72718,0.00,0.00
2015.02.02 15:33:53.386,12.72431,12.72718,0.00,0.00
2015.02.02 15:33:53.677,12.72442,12.72718,0.00,0.00
2015.02.02 15:33:54.054,12.72458,12.72718,0.00,0.00
2015.02.02 15:33:54.441,12.72431,12.72718,0.00,0.00
2015.02.02 15:33:55.784,12.72456,12.72718,0.00,0.00
2015.02.02 15:33:56.345,12.72431,12.72718,0.00,0.00
2015.02.02 15:33:56.881,12.72429,12.72718,0.00,0.00
2015.02.02 15:33:57.070,12.72434,12.72718,0.00,0.00
2015.02.02 15:33:57.587,12.7245,12.72718,0.00,0.00
2015.02.02 15:33:57.973,12.72431,12.72718,0.00,0.00
2015.02.02 15:33:58.349,12.72444,12.72718,0.00,0.00
2015.02.02 15:33:58.665,12.73132,12.73262,0.00,0.00
2015.02.02 15:33:58.783,12.73121,12.73262,0.00,0.00
2015.02.02 15:33:58.894,12.73121,12.73332,0.00,0.00
2015.02.02 15:33:59.102,12.73059,12.73399,0.00,0.00
2015.02.02 15:33:59.167,12.73028,12.73399,0.00,0.00
2015.02.02 15:33:59.217,12.73029,12.73318,0.00,0.00
2015.02.02 15:33:59.519,12.73092,12.73318,0.00,0.00
2015.02.02 15:33:59.773,12.73078,12.73318,0.00,0.00
2015.02.02 15:33:59.874,12.73046,12.73318,0.00,0.00
2015.02.02 15:34:00.075,12.73125,12.73461,0.00,0.00
2015.02.02 15:34:00.126,12.73125,12.73431,0.00,0.00
2015.02.02 15:34:00.227,12.73145,12.73489,0.00,0.00
2015.02.02 15:34:00.378,12.73129,12.73424,0.00,0.00
2015.02.02 15:34:00.429,12.7308,12.73424,0.00,0.00
2015.02.02 15:34:00.591,12.73079,12.73313,0.00,0.00
2015.02.02 15:34:00.641,12.73028,12.73313,0.00,0.00
2015.02.02 15:34:00.692,12.73028,12.73333,0.00,0.00
2015.02.02 15:34:00.893,12.73028,12.73358,0.00,0.00
2015.02.02 15:34:00.995,12.73032,12.73358,0.00,0.00
2015.02.02 15:34:01.877,12.73041,12.73358,0.00,0.00
2015.02.02 15:34:02.161,12.73052,12.73394,0.00,0.00
2015.02.02 15:34:02.262,12.73047,12.73416,0.00,0.00
2015.02.02 15:34:02.312,12.73047,12.73408,0.00,0.00
2015.02.02 15:34:02.568,12.73033,12.73395,0.00,0.00
2015.02.02 15:34:02.784,12.7305,12.73402,0.00,0.00
2015.02.02 15:34:02.986,12.73034,12.73388,0.00,0.00
2015.02.02 15:34:03.087,12.73033,12.73375,0.00,0.00
2015.02.02 15:34:03.302,12.73048,12.73392,0.00,0.00
2015.02.02 15:34:03.479,12.73041,12.73367,0.00,0.00
2015.02.02 15:34:03.632,12.73028,12.73367,0.00,0.00
2015.02.02 15:34:04.128,12.73023,12.73367,0.00,0.00
2015.02.02 15:34:04.241,12.73023,12.73342,0.00,0.00
2015.02.02 15:34:04.769,12.73022,12.73342,0.00,0.00
2015.02.02 15:34:05.372,12.72993,12.73292,0.00,0.00
2015.02.02 15:34:05.477,12.72979,12.73291,0.00,0.00
2015.02.02 15:34:05.682,12.72998,12.73321,0.00,0.00
2015.02.02 15:34:05.833,12.73021,12.73321,0.00,0.00
2015.02.02 15:34:06.192,12.73021,12.73342,0.00,0.00
2015.02.02 15:34:06.251,12.73179,12.73342,0.00,0.00
2015.02.02 15:34:06.352,12.73242,12.73429,0.00,0.00
2015.02.02 15:34:06.403,12.73274,12.73429,0.00,0.00
2015.02.02 15:34:06.554,12.73321,12.73631,0.00,0.00
2015.02.02 15:34:06.654,12.73322,12.73592,0.00,0.00
2015.02.02 15:34:06.908,12.73171,12.73492,0.00,0.00
2015.02.02 15:34:06.984,12.73188,12.73507,0.00,0.00
2015.02.02 15:34:07.113,12.73171,12.73492,0.00,0.00
2015.02.02 15:34:07.660,12.73163,12.73492,0.00,0.00
2015.02.02 15:34:07.761,12.73163,12.73442,0.00,0.00
2015.02.02 15:34:07.812,12.73141,12.73442,0.00,0.00
2015.02.02 15:34:08.686,12.73131,12.73442,0.00,0.00
2015.02.02 15:34:09.311,12.73121,12.73442,0.00,0.00
2015.02.02 15:34:09.524,12.73123,12.73442,0.00,0.00
2015.02.02 15:34:09.854,12.73141,12.73442,0.00,0.00
2015.02.02 15:34:10.185,12.73144,12.73442,0.00,0.00
2015.02.02 15:34:13.835,12.73141,12.73442,0.00,0.00
2015.02.02 15:34:13.935,12.73121,12.73442,0.00,0.00
2015.02.02 15:34:15.030,12.73131,12.73442,0.00,0.00
2015.02.02 15:34:15.416,12.73142,12.73442,0.00,0.00
2015.02.02 15:34:17.011,12.73132,12.73442,0.00,0.00
2015.02.02 15:34:17.403,12.73132,12.73353,0.00,0.00
2015.02.02 15:34:17.453,12.73042,12.73353,0.00,0.00
2015.02.02 15:34:17.672,12.73042,12.73341,0.00,0.00
2015.02.02 15:34:18.000,12.73022,12.73341,0.00,0.00
2015.02.02 15:34:18.203,12.73022,12.73291,0.00,0.00
2015.02.02 15:34:18.354,12.72974,12.73291,0.00,0.00
2015.02.02 15:34:18.734,12.72971,12.73291,0.00,0.00
2015.02.02 15:34:18.784,12.73022,12.73302,0.00,0.00
2015.02.02 15:34:18.885,12.72931,12.73242,0.00,0.00
2015.02.02 15:34:19.761,12.72921,12.73242,0.00,0.00
2015.02.02 15:34:19.998,12.72921,12.73132,0.00,0.00
2015.02.02 15:34:20.100,12.72879,12.73132,0.00,0.00
2015.02.02 15:34:20.200,12.7285,12.73132,0.00,0.00
2015.02.02 15:34:20.867,12.72861,12.73181,0.00,0.00
2015.02.02 15:34:21.128,12.72871,12.73182,0.00,0.00
2015.02.02 15:34:21.505,12.72871,12.73132,0.00,0.00
2015.02.02 15:34:21.656,12.7285,12.73132,0.00,0.00
2015.02.02 15:34:21.981,12.72839,12.73132,0.00,0.00
2015.02.02 15:34:22.082,12.72831,12.73132,0.00,0.00
2015.02.02 15:34:22.206,12.72822,12.73132,0.00,0.00
2015.02.02 15:34:23.643,12.72822,12.73092,0.00,0.00
2015.02.02 15:34:23.744,12.72819,12.73092,0.00,0.00
2015.02.02 15:34:23.844,12.72792,12.73092,0.00,0.00
2015.02.02 15:34:24.803,12.72792,12.73041,0.00,0.00
2015.02.02 15:34:25.092,12.72721,12.73041,0.00,0.00
2015.02.02 15:34:25.379,12.72721,12.72992,0.00,0.00
2015.02.02 15:34:25.530,12.7265,12.72942,0.00,0.00
2015.02.02 15:34:25.828,12.7265,12.72921,0.00,0.00
2015.02.02 15:34:25.932,12.72671,12.72971,0.00,0.00
2015.02.02 15:34:25.983,12.72674,12.72971,0.00,0.00
2015.02.02 15:34:26.216,12.72671,12.72971,0.00,0.00
2015.02.02 15:34:28.985,12.72671,12.72921,0.00,0.00
2015.02.02 15:34:29.136,12.72572,12.72872,0.00,0.00
2015.02.02 15:34:29.708,12.72571,12.72871,0.00,0.00
2015.02.02 15:34:30.419,12.72581,12.72922,0.00,0.00
2015.02.02 15:34:30.469,12.72612,12.72922,0.00,0.00
2015.02.02 15:34:30.776,12.72572,12.72871,0.00,0.00
2015.02.02 15:34:31.409,12.72572,12.72922,0.00,0.00
2015.02.02 15:34:31.509,12.72579,12.72922,0.00,0.00
2015.02.02 15:34:32.018,12.72612,12.72922,0.00,0.00
2015.02.02 15:34:32.549,12.72621,12.72922,0.00,0.00
2015.02.02 15:34:34.500,12.72612,12.72922,0.00,0.00
2015.02.02 15:34:35.146,12.72612,12.72872,0.00,0.00
2015.02.02 15:34:35.197,12.72591,12.72872,0.00,0.00
2015.02.02 15:34:35.247,12.72591,12.72868,0.00,0.00
2015.02.02 15:34:35.298,12.7258,12.72868,0.00,0.00
2015.02.02 15:34:35.348,12.72609,12.72871,0.00,0.00
2015.02.02 15:34:35.399,12.72611,12.72921,0.00,0.00
2015.02.02 15:34:35.449,12.72621,12.72921,0.00,0.00
2015.02.02 15:34:35.788,12.72649,12.72921,0.00,0.00
2015.02.02 15:34:35.838,12.7264,12.72921,0.00,0.00
2015.02.02 15:34:36.038,12.7264,12.72951,0.00,0.00
2015.02.02 15:34:36.149,12.72611,12.72901,0.00,0.00
2015.02.02 15:34:36.200,12.726,12.72901,0.00,0.00
2015.02.02 15:34:36.403,12.72599,12.72852,0.00,0.00
2015.02.02 15:34:36.504,12.72599,12.72901,0.00,0.00
2015.02.02 15:34:37.028,12.72566,12.72852,0.00,0.00
2015.02.02 15:34:37.128,12.72521,12.72852,0.00,0.00
2015.02.02 15:34:37.624,12.72539,12.72852,0.00,0.00
2015.02.02 15:34:37.968,12.7255,12.72852,0.00,0.00
2015.02.02 15:34:38.228,12.72535,12.72852,0.00,0.00
2015.02.02 15:34:38.329,12.72551,12.72852,0.00,0.00
2015.02.02 15:34:38.645,12.72532,12.72802,0.00,0.00
2015.02.02 15:34:39.316,12.72586,12.72852,0.00,0.00
2015.02.02 15:34:41.317,12.72586,12.72802,0.00,0.00
2015.02.02 15:34:41.368,12.72527,12.72802,0.00,0.00
2015.02.02 15:34:41.468,12.72527,12.72852,0.00,0.00
2015.02.02 15:34:41.522,12.72542,12.72852,0.00,0.00
2015.02.02 15:34:41.823,12.72526,12.72802,0.00,0.00
2015.02.02 15:34:43.323,12.72526,12.72852,0.00,0.00
2015.02.02 15:34:43.373,12.72582,12.72852,0.00,0.00
2015.02.02 15:34:44.169,12.72582,12.72902,0.00,0.00
2015.02.02 15:34:44.270,12.72626,12.72902,0.00,0.00
2015.02.02 15:34:44.421,12.72626,12.72942,0.00,0.00
2015.02.02 15:34:44.471,12.72666,12.72942,0.00,0.00
2015.02.02 15:34:45.294,12.72666,12.72891,0.00,0.00
2015.02.02 15:34:45.344,12.72646,12.72891,0.00,0.00
2015.02.02 15:34:45.445,12.72616,12.72891,0.00,0.00
2015.02.02 15:34:45.496,12.72616,12.72919,0.00,0.00
2015.02.02 15:34:45.546,12.72646,12.72942,0.00,0.00
2015.02.02 15:34:46.232,12.72666,12.72942,0.00,0.00
2015.02.02 15:34:48.446,12.72682,12.72942,0.00,0.00
2015.02.02 15:34:49.373,12.72667,12.72892,0.00,0.00
2015.02.02 15:34:49.478,12.72642,12.72892,0.00,0.00
2015.02.02 15:34:49.579,12.72642,12.72941,0.00,0.00
2015.02.02 15:34:49.681,12.72667,12.72892,0.00,0.00
2015.02.02 15:34:50.325,12.72667,12.72942,0.00,0.00
2015.02.02 15:34:50.483,12.72682,12.72941,0.00,0.00
2015.02.02 15:34:50.794,12.73069,12.73242,0.00,0.00
2015.02.02 15:34:51.068,12.73022,12.73242,0.00,0.00
2015.02.02 15:34:51.168,12.7298,12.73241,0.00,0.00
2015.02.02 15:34:51.219,12.7298,12.73292,0.00,0.00
2015.02.02 15:34:51.269,12.72999,12.73292,0.00,0.00
2015.02.02 15:34:51.320,12.72999,12.73341,0.00,0.00
2015.02.02 15:34:51.371,12.7305,12.73341,0.00,0.00
2015.02.02 15:34:51.572,12.72938,12.73292,0.00,0.00
2015.02.02 15:34:51.673,12.72929,12.73242,0.00,0.00
2015.02.02 15:34:51.774,12.72922,12.73241,0.00,0.00
2015.02.02 15:34:51.975,12.72945,12.73241,0.00,0.00
2015.02.02 15:34:52.076,12.72922,12.73241,0.00,0.00
2015.02.02 15:34:52.632,12.72922,12.73192,0.00,0.00
2015.02.02 15:34:52.769,12.72884,12.73192,0.00,0.00
2015.02.02 15:34:53.224,12.72931,12.73241,0.00,0.00
2015.02.02 15:34:53.274,12.72982,12.73241,0.00,0.00
2015.02.02 15:34:53.782,12.72954,12.73192,0.00,0.00
2015.02.02 15:34:53.884,12.72911,12.73192,0.00,0.00
2015.02.02 15:34:54.462,12.72859,12.73132,0.00,0.00
2015.02.02 15:34:54.819,12.72876,12.73132,0.00,0.00
2015.02.02 15:34:55.255,12.72879,12.73132,0.00,0.00
2015.02.02 15:34:55.306,12.72921,12.73181,0.00,0.00
2015.02.02 15:34:55.406,12.72976,12.73242,0.00,0.00
2015.02.02 15:34:55.658,12.72964,12.73242,0.00,0.00
2015.02.02 15:34:56.963,12.72976,12.73242,0.00,0.00
2015.02.02 15:34:57.565,12.72958,12.73242,0.00,0.00
2015.02.02 15:34:57.764,12.72945,12.73242,0.00,0.00
2015.02.02 15:34:57.965,12.72962,12.73242,0.00,0.00
2015.02.02 15:34:58.266,12.72914,12.73181,0.00,0.00
2015.02.02 15:34:58.574,12.72914,12.73132,0.00,0.00
2015.02.02 15:34:58.674,12.72878,12.73132,0.00,0.00
2015.02.02 15:34:59.676,12.72891,12.73132,0.00,0.00
2015.02.02 15:35:01.291,12.72917,12.73132,0.00,0.00
2015.02.02 15:35:01.545,12.72917,12.73181,0.00,0.00
2015.02.02 15:35:02.088,12.72931,12.73181,0.00,0.00
2015.02.02 15:35:02.138,12.72931,12.73231,0.00,0.00
2015.02.02 15:35:02.205,12.72931,12.73182,0.00,0.00
2015.02.02 15:35:02.754,12.73099,12.73249,0.00,0.00
2015.02.02 15:35:02.956,12.73261,12.73492,0.00,0.00
2015.02.02 15:35:03.007,12.7323,12.73529,0.00,0.00
2015.02.02 15:35:03.057,12.7323,12.73521,0.00,0.00
2015.02.02 15:35:03.108,12.73191,12.73491,0.00,0.00
2015.02.02 15:35:03.208,12.73149,12.73491,0.00,0.00
2015.02.02 15:35:03.259,12.73149,12.73471,0.00,0.00
2015.02.02 15:35:03.575,12.73092,12.73342,0.00,0.00
2015.02.02 15:35:03.966,12.73102,12.73342,0.00,0.00
2015.02.02 15:35:04.426,12.73086,12.73342,0.00,0.00
2015.02.02 15:35:04.529,12.73102,12.73342,0.00,0.00
2015.02.02 15:35:04.632,12.73102,12.73391,0.00,0.00
2015.02.02 15:35:04.932,12.73081,12.73391,0.00,0.00
2015.02.02 15:35:04.983,12.73081,12.73342,0.00,0.00
2015.02.02 15:35:05.033,12.73079,12.73342,0.00,0.00
2015.02.02 15:35:05.134,12.73071,12.73342,0.00,0.00
2015.02.02 15:35:05.185,12.73071,12.73392,0.00,0.00
2015.02.02 15:35:05.535,12.73071,12.73342,0.00,0.00
2015.02.02 15:35:05.698,12.73004,12.73291,0.00,0.00
2015.02.02 15:35:05.987,12.73004,12.73342,0.00,0.00
2015.02.02 15:35:06.037,12.73078,12.73342,0.00,0.00
2015.02.02 15:35:06.088,12.73078,12.73392,0.00,0.00
2015.02.02 15:35:06.138,12.73098,12.73392,0.00,0.00
2015.02.02 15:35:06.292,12.73098,12.7344,0.00,0.00
2015.02.02 15:35:06.342,12.73131,12.73442,0.00,0.00
2015.02.02 15:35:06.651,12.7311,12.73392,0.00,0.00
2015.02.02 15:35:06.702,12.73091,12.73392,0.00,0.00
2015.02.02 15:35:06.949,12.73099,12.73435,0.00,0.00
2015.02.02 15:35:07.002,12.73125,12.73441,0.00,0.00
2015.02.02 15:35:07.154,12.73099,12.73438,0.00,0.00
2015.02.02 15:35:07.204,12.73109,12.73441,0.00,0.00
2015.02.02 15:35:07.724,12.73173,12.73492,0.00,0.00
2015.02.02 15:35:08.055,12.7308,12.73381,0.00,0.00
2015.02.02 15:35:08.206,12.73198,12.73508,0.00,0.00
2015.02.02 15:35:08.257,12.73166,12.73491,0.00,0.00
2015.02.02 15:35:08.630,12.73161,12.73441,0.00,0.00
2015.02.02 15:35:08.680,12.73146,12.73441,0.00,0.00
2015.02.02 15:35:08.731,12.73131,12.73441,0.00,0.00
2015.02.02 15:35:09.661,12.73212,12.73441,0.00,0.00
2015.02.02 15:35:09.711,12.73212,12.73473,0.00,0.00
2015.02.02 15:35:09.762,12.73212,12.73542,0.00,0.00
2015.02.02 15:35:10.175,12.73212,12.73491,0.00,0.00
2015.02.02 15:35:10.226,12.7318,12.73491,0.00,0.00
2015.02.02 15:35:10.327,12.73161,12.73491,0.00,0.00
2015.02.02 15:35:10.377,12.73161,12.73441,0.00,0.00
2015.02.02 15:35:10.478,12.73132,12.73441,0.00,0.00
2015.02.02 15:35:11.105,12.7313,12.73441,0.00,0.00
2015.02.02 15:35:12.228,12.73115,12.73441,0.00,0.00
2015.02.02 15:35:12.571,12.73115,12.73382,0.00,0.00
2015.02.02 15:35:12.671,12.73072,12.73382,0.00,0.00
2015.02.02 15:35:12.772,12.7308,12.73382,0.00,0.00
2015.02.02 15:35:13.210,12.73099,12.73424,0.00,0.00
2015.02.02 15:35:13.261,12.73099,12.73438,0.00,0.00
2015.02.02 15:35:13.311,12.73099,12.73419,0.00,0.00
2015.02.02 15:35:13.705,12.73055,12.73332,0.00,0.00
2015.02.02 15:35:15.338,12.73041,12.73332,0.00,0.00
2015.02.02 15:35:15.439,12.73031,12.73332,0.00,0.00
2015.02.02 15:35:15.639,12.73045,12.73332,0.00,0.00
2015.02.02 15:35:15.940,12.73031,12.7333,0.00,0.00
2015.02.02 15:35:15.990,12.73031,12.73291,0.00,0.00
2015.02.02 15:35:16.041,12.73022,12.73291,0.00,0.00
2015.02.02 15:35:16.173,12.73022,12.7333,0.00,0.00
2015.02.02 15:35:16.675,12.73022,12.73331,0.00,0.00
2015.02.02 15:35:16.743,12.73031,12.73331,0.00,0.00
2015.02.02 15:35:17.052,12.73061,12.73344,0.00,0.00
2015.02.02 15:35:17.153,12.73002,12.73292,0.00,0.00
2015.02.02 15:35:17.385,12.73098,12.73368,0.00,0.00
2015.02.02 15:35:17.497,12.73121,12.73421,0.00,0.00
2015.02.02 15:35:17.609,12.73121,12.73442,0.00,0.00
2015.02.02 15:35:17.865,12.73121,12.73382,0.00,0.00
2015.02.02 15:35:17.916,12.73097,12.73382,0.00,0.00
2015.02.02 15:35:18.017,12.73066,12.73382,0.00,0.00
2015.02.02 15:35:18.376,12.73066,12.73332,0.00,0.00
2015.02.02 15:35:18.683,12.73041,12.73332,0.00,0.00
2015.02.02 15:35:19.606,12.73056,12.73332,0.00,0.00
2015.02.02 15:35:19.707,12.73099,12.73419,0.00,0.00
2015.02.02 15:35:19.758,12.73121,12.73419,0.00,0.00
2015.02.02 15:35:19.808,12.73132,12.73441,0.00,0.00
2015.02.02 15:35:20.164,12.73132,12.73381,0.00,0.00
2015.02.02 15:35:20.265,12.73072,12.73381,0.00,0.00
2015.02.02 15:35:20.790,12.73039,12.73374,0.00,0.00
2015.02.02 15:35:20.841,12.73032,12.73332,0.00,0.00
2015.02.02 15:35:20.891,12.72999,12.73314,0.00,0.00
2015.02.02 15:35:20.942,12.72991,12.73291,0.00,0.00
2015.02.02 15:35:21.145,12.72993,12.73332,0.00,0.00
2015.02.02 15:35:21.195,12.73013,12.73332,0.00,0.00
2015.02.02 15:35:21.514,12.73052,12.73332,0.00,0.00
2015.02.02 15:35:21.615,12.73137,12.73441,0.00,0.00
2015.02.02 15:35:22.397,12.73122,12.73441,0.00,0.00
2015.02.02 15:35:23.685,12.73152,12.73441,0.00,0.00
2015.02.02 15:35:23.974,12.73272,12.73592,0.00,0.00
2015.02.02 15:35:24.024,12.73272,12.73541,0.00,0.00
2015.02.02 15:35:24.075,12.73252,12.73541,0.00,0.00
2015.02.02 15:35:24.175,12.73222,12.73542,0.00,0.00
2015.02.02 15:35:25.236,12.73222,12.73492,0.00,0.00
2015.02.02 15:35:25.286,12.73216,12.73492,0.00,0.00
2015.02.02 15:35:25.337,12.73216,12.73542,0.00,0.00
2015.02.02 15:35:25.637,12.73279,12.73581,0.00,0.00
2015.02.02 15:35:25.788,12.73321,12.73632,0.00,0.00
2015.02.02 15:35:25.894,12.73321,12.73582,0.00,0.00
2015.02.02 15:35:25.945,12.73272,12.73582,0.00,0.00
2015.02.02 15:35:26.627,12.73272,12.73542,0.00,0.00
2015.02.02 15:35:26.728,12.73198,12.7351,0.00,0.00
2015.02.02 15:35:26.779,12.73171,12.73491,0.00,0.00
2015.02.02 15:35:26.844,12.73199,12.7351,0.00,0.00
2015.02.02 15:35:26.945,12.73217,12.73541,0.00,0.00
2015.02.02 15:35:30.335,12.73231,12.73541,0.00,0.00
2015.02.02 15:35:30.638,12.73222,12.73541,0.00,0.00
2015.02.02 15:35:30.739,12.73222,12.73442,0.00,0.00
2015.02.02 15:35:30.789,12.73098,12.73419,0.00,0.00
2015.02.02 15:35:30.840,12.73077,12.73382,0.00,0.00
2015.02.02 15:35:30.890,12.73066,12.73382,0.00,0.00
2015.02.02 15:35:31.094,12.73066,12.73331,0.00,0.00
2015.02.02 15:35:31.146,12.73041,12.73331,0.00,0.00
2015.02.02 15:35:31.248,12.73056,12.73331,0.00,0.00
2015.02.02 15:35:31.941,12.73056,12.73292,0.00,0.00
2015.02.02 15:35:31.992,12.72948,12.73284,0.00,0.00
2015.02.02 15:35:32.042,12.7294,12.73242,0.00,0.00
2015.02.02 15:35:32.354,12.72971,12.73242,0.00,0.00
2015.02.02 15:35:32.697,12.72942,12.73242,0.00,0.00
2015.02.02 15:35:33.254,12.72937,12.73242,0.00,0.00
2015.02.02 15:35:33.355,12.72967,12.73292,0.00,0.00
2015.02.02 15:35:33.456,12.73004,12.73292,0.00,0.00
2015.02.02 15:35:33.807,12.7299,12.73292,0.00,0.00
2015.02.02 15:35:33.960,12.72974,12.73292,0.00,0.00
2015.02.02 15:35:34.061,12.73026,12.73342,0.00,0.00
2015.02.02 15:35:34.363,12.7294,12.73242,0.00,0.00
2015.02.02 15:35:34.668,12.72966,12.73242,0.00,0.00
2015.02.02 15:35:35.121,12.72966,12.73291,0.00,0.00
2015.02.02 15:35:35.171,12.73006,12.73291,0.00,0.00
2015.02.02 15:35:36.111,12.72991,12.73291,0.00,0.00
2015.02.02 15:35:36.368,12.73007,12.73291,0.00,0.00
2015.02.02 15:35:36.769,12.72993,12.73291,0.00,0.00
2015.02.02 15:35:37.192,12.73006,12.73291,0.00,0.00
2015.02.02 15:35:39.983,12.72921,12.73241,0.00,0.00
2015.02.02 15:35:40.154,12.72921,12.73182,0.00,0.00
2015.02.02 15:35:40.514,12.72907,12.73182,0.00,0.00
2015.02.02 15:35:41.254,12.72907,12.73132,0.00,0.00
2015.02.02 15:35:42.086,12.72927,12.73132,0.00,0.00
2015.02.02 15:35:42.137,12.72927,12.73228,0.00,0.00
2015.02.02 15:35:42.188,12.72946,12.73228,0.00,0.00
2015.02.02 15:35:42.539,12.72986,12.73228,0.00,0.00
2015.02.02 15:35:42.589,12.72933,12.73182,0.00,0.00
2015.02.02 15:35:42.690,12.72906,12.73182,0.00,0.00
2015.02.02 15:35:46.908,12.7289,12.73182,0.00,0.00
2015.02.02 15:35:47.504,12.72899,12.73232,0.00,0.00
2015.02.02 15:35:47.555,12.72888,12.73182,0.00,0.00
2015.02.02 15:35:48.083,12.72888,12.73181,0.00,0.00
2015.02.02 15:35:48.458,12.72902,12.73181,0.00,0.00
2015.02.02 15:35:48.761,12.72902,12.73131,0.00,0.00
2015.02.02 15:35:48.861,12.72902,12.73181,0.00,0.00
2015.02.02 15:35:48.955,12.72902,12.73131,0.00,0.00
2015.02.02 15:35:49.008,12.72852,12.73131,0.00,0.00
2015.02.02 15:35:49.109,12.7285,12.73131,0.00,0.00
2015.02.02 15:35:49.446,12.72894,12.73131,0.00,0.00
2015.02.02 15:35:49.640,12.72854,12.73131,0.00,0.00
2015.02.02 15:35:49.978,12.72888,12.73197,0.00,0.00
2015.02.02 15:35:50.029,12.72942,12.73209,0.00,0.00
2015.02.02 15:35:50.079,12.72942,12.73232,0.00,0.00
2015.02.02 15:35:50.130,12.72951,12.73232,0.00,0.00
2015.02.02 15:35:50.444,12.72931,12.73232,0.00,0.00
2015.02.02 15:35:50.755,12.72928,12.73232,0.00,0.00
2015.02.02 15:35:50.961,12.7294,12.73232,0.00,0.00
2015.02.02 15:35:51.163,12.72883,12.73181,0.00,0.00
2015.02.02 15:35:51.318,12.72881,12.73181,0.00,0.00
2015.02.02 15:35:51.703,12.72881,12.73132,0.00,0.00
2015.02.02 15:35:51.959,12.72881,12.73182,0.00,0.00
2015.02.02 15:35:52.022,12.72895,12.73182,0.00,0.00
2015.02.02 15:35:52.224,12.7288,12.73182,0.00,0.00
2015.02.02 15:35:52.325,12.72895,12.73182,0.00,0.00
2015.02.02 15:35:52.476,12.72932,12.73229,0.00,0.00
2015.02.02 15:35:52.576,12.72914,12.73229,0.00,0.00
2015.02.02 15:35:52.627,12.72896,12.73182,0.00,0.00
2015.02.02 15:35:52.728,12.72866,12.73182,0.00,0.00
2015.02.02 15:35:52.927,12.7288,12.73182,0.00,0.00
2015.02.02 15:35:53.409,12.72896,12.73182,0.00,0.00
2015.02.02 15:35:53.938,12.72841,12.73132,0.00,0.00
2015.02.02 15:35:54.039,12.72836,12.73132,0.00,0.00
2015.02.02 15:35:54.261,12.72821,12.73132,0.00,0.00
2015.02.02 15:35:54.311,12.72879,12.73132,0.00,0.00
2015.02.02 15:35:54.362,12.72909,12.73229,0.00,0.00
2015.02.02 15:35:54.463,12.72914,12.73229,0.00,0.00
2015.02.02 15:35:54.851,12.72902,12.73182,0.00,0.00
2015.02.02 15:35:54.902,12.72867,12.73182,0.00,0.00
2015.02.02 15:35:55.242,12.72881,12.73182,0.00,0.00
2015.02.02 15:35:55.544,12.72897,12.73182,0.00,0.00
2015.02.02 15:35:55.594,12.72866,12.73182,0.00,0.00
2015.02.02 15:35:55.787,12.7288,12.73182,0.00,0.00
2015.02.02 15:35:56.446,12.72897,12.73182,0.00,0.00
2015.02.02 15:35:56.547,12.7288,12.73182,0.00,0.00
2015.02.02 15:35:57.015,12.7288,12.73131,0.00,0.00
2015.02.02 15:35:57.066,12.72841,12.73131,0.00,0.00
2015.02.02 15:35:57.166,12.72833,12.73131,0.00,0.00
2015.02.02 15:35:57.348,12.72831,12.73131,0.00,0.00
2015.02.02 15:35:57.400,12.72821,12.73131,0.00,0.00
2015.02.02 15:35:57.451,12.72888,12.7319,0.00,0.00
2015.02.02 15:35:57.793,12.72857,12.73182,0.00,0.00
2015.02.02 15:35:57.899,12.72857,12.73132,0.00,0.00
2015.02.02 15:35:58.051,12.72802,12.73082,0.00,0.00
2015.02.02 15:35:58.102,12.72786,12.73082,0.00,0.00
2015.02.02 15:35:58.152,12.72817,12.73082,0.00,0.00
2015.02.02 15:35:58.253,12.72785,12.73082,0.00,0.00
2015.02.02 15:35:58.351,12.728,12.73082,0.00,0.00
2015.02.02 15:35:58.684,12.72816,12.73082,0.00,0.00
2015.02.02 15:35:58.852,12.72799,12.73082,0.00,0.00
2015.02.02 15:35:59.152,12.72782,12.73082,0.00,0.00
2015.02.02 15:35:59.203,12.72782,12.73032,0.00,0.00
2015.02.02 15:35:59.342,12.72782,12.73081,0.00,0.00
2015.02.02 15:35:59.473,12.7281,12.73081,0.00,0.00
2015.02.02 15:35:59.523,12.7281,12.73129,0.00,0.00
2015.02.02 15:35:59.574,12.72821,12.73129,0.00,0.00
2015.02.02 15:35:59.905,12.72838,12.73131,0.00,0.00
2015.02.02 15:36:00.255,12.72831,12.73131,0.00,0.00
2015.02.02 15:36:00.306,12.72816,12.73131,0.00,0.00
2015.02.02 15:36:00.460,12.72807,12.73131,0.00,0.00
2015.02.02 15:36:00.681,12.72846,12.73131,0.00,0.00
2015.02.02 15:36:00.887,12.72816,12.73131,0.00,0.00
2015.02.02 15:36:00.957,12.72829,12.73131,0.00,0.00
2015.02.02 15:36:01.268,12.72791,12.73131,0.00,0.00
2015.02.02 15:36:01.319,12.72791,12.73082,0.00,0.00
2015.02.02 15:36:01.369,12.72789,12.73082,0.00,0.00
2015.02.02 15:36:01.769,12.7282,12.73082,0.00,0.00
2015.02.02 15:36:01.870,12.7282,12.73132,0.00,0.00
2015.02.02 15:36:01.971,12.7282,12.73082,0.00,0.00
2015.02.02 15:36:02.275,12.72836,12.73082,0.00,0.00
2015.02.02 15:36:02.376,12.72849,12.73131,0.00,0.00
2015.02.02 15:36:02.673,12.72834,12.73131,0.00,0.00
2015.02.02 15:36:03.077,12.72831,12.73131,0.00,0.00
2015.02.02 15:36:03.782,12.72821,12.73131,0.00,0.00
2015.02.02 15:36:04.089,12.72844,12.73131,0.00,0.00
2015.02.02 15:36:04.190,12.72821,12.73131,0.00,0.00
2015.02.02 15:36:04.391,12.72821,12.73081,0.00,0.00
2015.02.02 15:36:04.441,12.72797,12.73081,0.00,0.00
2015.02.02 15:36:04.492,12.72773,12.73081,0.00,0.00
2015.02.02 15:36:05.196,12.72771,12.73081,0.00,0.00
2015.02.02 15:36:05.297,12.72788,12.73132,0.00,0.00
2015.02.02 15:36:05.347,12.72788,12.73081,0.00,0.00
2015.02.02 15:36:06.479,12.72764,12.73081,0.00,0.00
2015.02.02 15:36:06.580,12.72764,12.73032,0.00,0.00
2015.02.02 15:36:06.681,12.72764,12.73082,0.00,0.00
2015.02.02 15:36:06.731,12.72771,12.73082,0.00,0.00
2015.02.02 15:36:06.933,12.72807,12.73128,0.00,0.00
2015.02.02 15:36:06.983,12.72807,12.73118,0.00,0.00
2015.02.02 15:36:07.134,12.72768,12.73081,0.00,0.00
2015.02.02 15:36:07.429,12.72781,12.73081,0.00,0.00
2015.02.02 15:36:07.903,12.72797,12.73081,0.00,0.00
2015.02.02 15:36:08.451,12.72768,12.73081,0.00,0.00
2015.02.02 15:36:08.851,12.72772,12.73082,0.00,0.00
2015.02.02 15:36:09.257,12.72803,12.73082,0.00,0.00
2015.02.02 15:36:09.308,12.72803,12.73132,0.00,0.00
2015.02.02 15:36:09.359,12.72789,12.73131,0.00,0.00
2015.02.02 15:36:09.459,12.72789,12.73082,0.00,0.00
2015.02.02 15:36:09.560,12.72779,12.73082,0.00,0.00
2015.02.02 15:36:09.848,12.72803,12.73082,0.00,0.00
2015.02.02 15:36:10.751,12.72773,12.73031,0.00,0.00
2015.02.02 15:36:10.856,12.72773,12.73082,0.00,0.00
2015.02.02 15:36:11.014,12.72789,12.73082,0.00,0.00
2015.02.02 15:36:11.144,12.72777,12.73082,0.00,0.00
2015.02.02 15:36:11.415,12.72804,12.73082,0.00,0.00
2015.02.02 15:36:11.992,12.72804,12.73132,0.00,0.00
2015.02.02 15:36:12.043,12.72788,12.73122,0.00,0.00
2015.02.02 15:36:12.093,12.72773,12.73087,0.00,0.00
2015.02.02 15:36:12.395,12.72729,12.72987,0.00,0.00
2015.02.02 15:36:12.445,12.72707,12.72987,0.00,0.00
2015.02.02 15:36:12.496,12.72707,12.72937,0.00,0.00
2015.02.02 15:36:12.546,12.72663,12.72937,0.00,0.00
2015.02.02 15:36:12.836,12.72649,12.72937,0.00,0.00
2015.02.02 15:36:13.253,12.72661,12.72937,0.00,0.00
2015.02.02 15:36:13.959,12.72647,12.72937,0.00,0.00
2015.02.02 15:36:14.256,12.72662,12.72932,0.00,0.00
2015.02.02 15:36:15.925,12.72646,12.72932,0.00,0.00
2015.02.02 15:36:18.472,12.72613,12.72882,0.00,0.00
2015.02.02 15:36:18.674,12.72613,12.72931,0.00,0.00
2015.02.02 15:36:18.774,12.72626,12.72932,0.00,0.00
2015.02.02 15:36:19.107,12.72761,12.73032,0.00,0.00
2015.02.02 15:36:19.158,12.72739,12.73032,0.00,0.00
2015.02.02 15:36:19.342,12.72766,12.73032,0.00,0.00
2015.02.02 15:36:19.560,12.72756,12.73032,0.00,0.00
2015.02.02 15:36:19.661,12.72739,12.73032,0.00,0.00
2015.02.02 15:36:20.265,12.72752,12.73032,0.00,0.00
2015.02.02 15:36:20.708,12.72766,12.73032,0.00,0.00
2015.02.02 15:36:20.877,12.72736,12.73032,0.00,0.00
2015.02.02 15:36:20.935,12.72756,12.73032,0.00,0.00
2015.02.02 15:36:21.035,12.72739,12.73032,0.00,0.00
2015.02.02 15:36:21.281,12.72728,12.73032,0.00,0.00
2015.02.02 15:36:21.432,12.72728,12.72981,0.00,0.00
2015.02.02 15:36:21.533,12.72761,12.73031,0.00,0.00
2015.02.02 15:36:21.637,12.72723,12.73031,0.00,0.00
2015.02.02 15:36:21.938,12.72759,12.73031,0.00,0.00
2015.02.02 15:36:22.339,12.72787,12.73019,0.00,0.00
2015.02.02 15:36:22.641,12.72892,12.73132,0.00,0.00
2015.02.02 15:36:22.692,12.72902,12.73132,0.00,0.00
2015.02.02 15:36:22.742,12.72902,12.73182,0.00,0.00
2015.02.02 15:36:22.999,12.72866,12.73181,0.00,0.00
2015.02.02 15:36:23.400,12.72866,12.73119,0.00,0.00
2015.02.02 15:36:23.703,12.72847,12.73082,0.00,0.00
2015.02.02 15:36:23.753,12.72771,12.73081,0.00,0.00
2015.02.02 15:36:24.374,12.72788,12.73115,0.00,0.00
2015.02.02 15:36:24.425,12.72791,12.73104,0.00,0.00
2015.02.02 15:36:24.752,12.72738,12.73071,0.00,0.00
2015.02.02 15:36:24.853,12.72672,12.72986,0.00,0.00
2015.02.02 15:36:25.248,12.72659,12.72986,0.00,0.00
2015.02.02 15:36:25.299,12.72656,12.72936,0.00,0.00
2015.02.02 15:36:25.349,12.72642,12.72936,0.00,0.00
2015.02.02 15:36:25.450,12.72664,12.72936,0.00,0.00
2015.02.02 15:36:25.601,12.72697,12.72982,0.00,0.00
2015.02.02 15:36:25.839,12.72697,12.72999,0.00,0.00
2015.02.02 15:36:25.889,12.72711,12.72999,0.00,0.00
2015.02.02 15:36:26.217,12.72786,12.73001,0.00,0.00
2015.02.02 15:36:26.268,12.72769,12.73001,0.00,0.00
2015.02.02 15:36:26.875,12.72731,12.73001,0.00,0.00
2015.02.02 15:36:26.925,12.72731,12.72957,0.00,0.00
2015.02.02 15:36:26.976,12.72675,12.72957,0.00,0.00
2015.02.02 15:36:27.077,12.72659,12.72957,0.00,0.00
2015.02.02 15:36:27.127,12.72659,12.72907,0.00,0.00
2015.02.02 15:36:27.436,12.72654,12.72856,0.00,0.00
2015.02.02 15:36:27.487,12.7262,12.72856,0.00,0.00
2015.02.02 15:36:27.757,12.72591,12.72856,0.00,0.00
2015.02.02 15:36:27.808,12.72591,12.72807,0.00,0.00
2015.02.02 15:36:29.961,12.72572,12.72802,0.00,0.00
2015.02.02 15:36:30.061,12.72577,12.72802,0.00,0.00
2015.02.02 15:36:30.212,12.72621,12.72852,0.00,0.00
2015.02.02 15:36:30.565,12.72611,12.72802,0.00,0.00
2015.02.02 15:36:30.666,12.72587,12.72802,0.00,0.00
2015.02.02 15:36:30.767,12.72566,12.72802,0.00,0.00
2015.02.02 15:36:32.294,12.72562,12.72802,0.00,0.00
2015.02.02 15:36:32.877,12.72561,12.72802,0.00,0.00
2015.02.02 15:36:34.347,12.72555,12.72802,0.00,0.00
2015.02.02 15:36:34.822,12.72555,12.72819,0.00,0.00
2015.02.02 15:36:35.310,12.72562,12.72819,0.00,0.00
2015.02.02 15:36:35.462,12.72555,12.72819,0.00,0.00
2015.02.02 15:36:37.024,12.72555,12.72791,0.00,0.00
2015.02.02 15:36:37.124,12.72521,12.72791,0.00,0.00
2015.02.02 15:36:37.686,12.72507,12.72791,0.00,0.00
2015.02.02 15:36:37.885,12.72511,12.72799,0.00,0.00
2015.02.02 15:36:37.937,12.72511,12.72792,0.00,0.00
2015.02.02 15:36:38.901,12.72491,12.72741,0.00,0.00
2015.02.02 15:36:39.002,12.72457,12.72719,0.00,0.00
2015.02.02 15:36:43.745,12.72457,12.72741,0.00,0.00
2015.02.02 15:36:43.846,12.72562,12.72759,0.00,0.00
2015.02.02 15:36:43.896,12.72562,12.72791,0.00,0.00
2015.02.02 15:36:43.953,12.72562,12.72799,0.00,0.00
2015.02.02 15:36:44.875,12.72562,12.72818,0.00,0.00
2015.02.02 15:36:46.006,12.72552,12.72818,0.00,0.00
2015.02.02 15:36:46.056,12.72552,12.72791,0.00,0.00
2015.02.02 15:36:46.107,12.725,12.72789,0.00,0.00
2015.02.02 15:36:46.157,12.72446,12.72732,0.00,0.00
2015.02.02 15:36:46.265,12.72446,12.72782,0.00,0.00
2015.02.02 15:36:46.315,12.72471,12.72782,0.00,0.00
2015.02.02 15:36:46.752,12.72492,12.72779,0.00,0.00
2015.02.02 15:36:47.054,12.72531,12.72819,0.00,0.00
2015.02.02 15:36:47.510,12.72531,12.72781,0.00,0.00
2015.02.02 15:36:47.560,12.72506,12.72781,0.00,0.00
2015.02.02 15:36:47.910,12.72522,12.72781,0.00,0.00
2015.02.02 15:36:47.960,12.72522,12.72819,0.00,0.00
2015.02.02 15:36:48.011,12.72506,12.72819,0.00,0.00
2015.02.02 15:36:48.061,12.72506,12.72799,0.00,0.00
2015.02.02 15:36:48.442,12.72506,12.72782,0.00,0.00
2015.02.02 15:36:49.145,12.72536,12.72819,0.00,0.00
2015.02.02 15:36:49.195,12.72592,12.72819,0.00,0.00
2015.02.02 15:36:49.559,12.72607,12.72819,0.00,0.00
2015.02.02 15:36:49.861,12.72626,12.72819,0.00,0.00
2015.02.02 15:36:50.063,12.72467,12.72719,0.00,0.00
2015.02.02 15:36:51.410,12.72471,12.72719,0.00,0.00
2015.02.02 15:36:51.511,12.72467,12.72719,0.00,0.00
2015.02.02 15:36:53.121,12.72467,12.72682,0.00,0.00
2015.02.02 15:36:53.171,12.72436,12.72682,0.00,0.00
2015.02.02 15:36:53.272,12.72422,12.72682,0.00,0.00
2015.02.02 15:36:53.373,12.72422,12.72649,0.00,0.00
2015.02.02 15:36:53.473,12.7229,12.72519,0.00,0.00
2015.02.02 15:36:53.524,12.72266,12.72519,0.00,0.00
2015.02.02 15:36:53.642,12.72282,12.72519,0.00,0.00
2015.02.02 15:36:54.054,12.72311,12.72519,0.00,0.00
2015.02.02 15:36:54.225,12.72297,12.72519,0.00,0.00
2015.02.02 15:36:55.561,12.72281,12.72519,0.00,0.00
2015.02.02 15:36:58.461,12.72246,12.72519,0.00,0.00
2015.02.02 15:36:58.563,12.72231,12.72519,0.00,0.00
2015.02.02 15:36:59.537,12.72257,12.72519,0.00,0.00
2015.02.02 15:36:59.838,12.72271,12.72519,0.00,0.00
2015.02.02 15:37:00.743,12.72257,12.72519,0.00,0.00
2015.02.02 15:37:00.846,12.72236,12.72519,0.00,0.00
2015.02.02 15:37:00.946,12.72276,12.72519,0.00,0.00
2015.02.02 15:37:01.542,12.72411,12.72519,0.00,0.00
2015.02.02 15:37:01.593,12.72479,12.72598,0.00,0.00
2015.02.02 15:37:01.693,12.72531,12.72731,0.00,0.00
2015.02.02 15:37:01.744,12.72506,12.72731,0.00,0.00
2015.02.02 15:37:01.795,12.72506,12.72799,0.00,0.00
2015.02.02 15:37:01.895,12.72506,12.72792,0.00,0.00
2015.02.02 15:37:02.206,12.72561,12.72798,0.00,0.00
2015.02.02 15:37:02.543,12.72607,12.72798,0.00,0.00
2015.02.02 15:37:02.594,12.72592,12.72798,0.00,0.00
2015.02.02 15:37:02.695,12.72592,12.72882,0.00,0.00
2015.02.02 15:37:02.846,12.72606,12.72882,0.00,0.00
2015.02.02 15:37:03.093,12.72606,12.72898,0.00,0.00
2015.02.02 15:37:03.143,12.72632,12.72898,0.00,0.00
2015.02.02 15:37:03.347,12.72607,12.72882,0.00,0.00
2015.02.02 15:37:03.679,12.72607,12.72819,0.00,0.00
2015.02.02 15:37:03.780,12.72595,12.72819,0.00,0.00
2015.02.02 15:37:03.948,12.72606,12.72819,0.00,0.00
2015.02.02 15:37:04.333,12.72606,12.72919,0.00,0.00
2015.02.02 15:37:04.384,12.72631,12.72919,0.00,0.00
2015.02.02 15:37:04.947,12.72721,12.72919,0.00,0.00
2015.02.02 15:37:05.100,12.72709,12.72991,0.00,0.00
2015.02.02 15:37:05.407,12.72709,12.72942,0.00,0.00
2015.02.02 15:37:05.558,12.72656,12.72942,0.00,0.00
2015.02.02 15:37:05.756,12.72646,12.72882,0.00,0.00
2015.02.02 15:37:05.856,12.72606,12.72882,0.00,0.00
2015.02.02 15:37:06.053,12.72581,12.72882,0.00,0.00
2015.02.02 15:37:06.104,12.72581,12.72831,0.00,0.00
2015.02.02 15:37:06.154,12.72542,12.72831,0.00,0.00
2015.02.02 15:37:06.770,12.72531,12.72831,0.00,0.00
2015.02.02 15:37:06.990,12.72551,12.72831,0.00,0.00
2015.02.02 15:37:07.382,12.72551,12.72859,0.00,0.00
2015.02.02 15:37:07.458,12.72562,12.72859,0.00,0.00
2015.02.02 15:37:07.832,12.72606,12.72882,0.00,0.00
2015.02.02 15:37:10.132,12.72606,12.72831,0.00,0.00
2015.02.02 15:37:10.183,12.72575,12.72831,0.00,0.00
2015.02.02 15:37:10.284,12.72551,12.72831,0.00,0.00
2015.02.02 15:37:10.972,12.72541,12.72831,0.00,0.00
2015.02.02 15:37:11.217,12.72532,12.72831,0.00,0.00
2015.02.02 15:37:11.750,12.72541,12.72831,0.00,0.00
2015.02.02 15:37:12.160,12.72532,12.72831,0.00,0.00
2015.02.02 15:37:13.328,12.72532,12.72782,0.00,0.00
2015.02.02 15:37:13.378,12.72489,12.72782,0.00,0.00
2015.02.02 15:37:14.075,12.72505,12.72782,0.00,0.00
2015.02.02 15:37:14.125,12.72505,12.72831,0.00,0.00
2015.02.02 15:37:14.175,12.72531,12.72831,0.00,0.00
2015.02.02 15:37:14.483,12.72531,12.72782,0.00,0.00
2015.02.02 15:37:14.534,12.72551,12.72832,0.00,0.00
2015.02.02 15:37:14.896,12.72571,12.72832,0.00,0.00
2015.02.02 15:37:15.178,12.72542,12.72832,0.00,0.00
2015.02.02 15:37:15.501,12.72495,12.72832,0.00,0.00
2015.02.02 15:37:15.551,12.72495,12.72782,0.00,0.00
2015.02.02 15:37:18.530,12.72506,12.72782,0.00,0.00
2015.02.02 15:37:18.861,12.72506,12.72831,0.00,0.00
2015.02.02 15:37:18.911,12.72521,12.72831,0.00,0.00
2015.02.02 15:37:19.260,12.72506,12.72782,0.00,0.00
2015.02.02 15:37:20.032,12.72506,12.72832,0.00,0.00
2015.02.02 15:37:20.088,12.72557,12.72832,0.00,0.00
2015.02.02 15:37:20.389,12.72527,12.72831,0.00,0.00
2015.02.02 15:37:20.440,12.72532,12.72831,0.00,0.00
2015.02.02 15:37:20.991,12.72542,12.72831,0.00,0.00
2015.02.02 15:37:21.333,12.72562,12.72831,0.00,0.00
2015.02.02 15:37:23.242,12.72552,12.72831,0.00,0.00
2015.02.02 15:37:23.293,12.72546,12.72831,0.00,0.00
2015.02.02 15:37:23.403,12.72532,12.72831,0.00,0.00
2015.02.02 15:37:23.453,12.72532,12.72731,0.00,0.00
2015.02.02 15:37:23.504,12.72497,12.72731,0.00,0.00
2015.02.02 15:37:23.664,12.72497,12.72789,0.00,0.00
2015.02.02 15:37:23.770,12.72532,12.72829,0.00,0.00
2015.02.02 15:37:24.113,12.72532,12.72831,0.00,0.00
2015.02.02 15:37:24.512,12.72552,12.72831,0.00,0.00
2015.02.02 15:37:25.411,12.72567,12.72831,0.00,0.00
2015.02.02 15:37:25.462,12.72567,12.72882,0.00,0.00
2015.02.02 15:37:25.513,12.72622,12.72882,0.00,0.00
2015.02.02 15:37:25.613,12.72607,12.72882,0.00,0.00
2015.02.02 15:37:27.092,12.72607,12.72832,0.00,0.00
2015.02.02 15:37:27.142,12.72587,12.72832,0.00,0.00
2015.02.02 15:37:27.243,12.72574,12.72832,0.00,0.00
2015.02.02 15:37:27.864,12.72597,12.72832,0.00,0.00
2015.02.02 15:37:29.036,12.72569,12.72832,0.00,0.00
2015.02.02 15:37:29.338,12.72558,12.72832,0.00,0.00
2015.02.02 15:37:29.439,12.72576,12.72832,0.00,0.00
2015.02.02 15:37:29.772,12.72561,12.72832,0.00,0.00
2015.02.02 15:37:29.873,12.72583,12.72832,0.00,0.00
2015.02.02 15:37:30.282,12.72597,12.72832,0.00,0.00
2015.02.02 15:37:30.492,12.72566,12.72832,0.00,0.00
2015.02.02 15:37:30.646,12.72596,12.72832,0.00,0.00
2015.02.02 15:37:31.288,12.72565,12.72832,0.00,0.00
2015.02.02 15:37:31.389,12.72552,12.72832,0.00,0.00
2015.02.02 15:37:32.198,12.72566,12.72832,0.00,0.00
2015.02.02 15:37:32.593,12.72551,12.72832,0.00,0.00
2015.02.02 15:37:32.698,12.7254,12.72832,0.00,0.00
2015.02.02 15:37:32.798,12.72517,12.72732,0.00,0.00
2015.02.02 15:37:32.899,12.72476,12.72732,0.00,0.00
2015.02.02 15:37:33.966,12.72462,12.72732,0.00,0.00
2015.02.02 15:37:34.677,12.72487,12.72732,0.00,0.00
2015.02.02 15:37:34.777,12.72487,12.72782,0.00,0.00
2015.02.02 15:37:34.828,12.7246,12.72782,0.00,0.00
2015.02.02 15:37:34.931,12.7246,12.72732,0.00,0.00
2015.02.02 15:37:35.921,12.72472,12.72781,0.00,0.00
2015.02.02 15:37:35.972,12.72506,12.72781,0.00,0.00
2015.02.02 15:37:36.445,12.72506,12.72732,0.00,0.00
2015.02.02 15:37:36.647,12.72506,12.72782,0.00,0.00
2015.02.02 15:37:40.627,12.72487,12.72732,0.00,0.00
2015.02.02 15:37:40.728,12.72507,12.72782,0.00,0.00
2015.02.02 15:37:40.829,12.72472,12.72731,0.00,0.00
2015.02.02 15:37:40.879,12.72454,12.72731,0.00,0.00
2015.02.02 15:37:40.930,12.72421,12.72705,0.00,0.00
2015.02.02 15:37:40.980,12.72432,12.72705,0.00,0.00
2015.02.02 15:37:41.347,12.72361,12.72621,0.00,0.00
2015.02.02 15:37:42.352,12.72347,12.72621,0.00,0.00
2015.02.02 15:37:42.655,12.72331,12.72621,0.00,0.00
2015.02.02 15:37:43.064,12.72362,12.72621,0.00,0.00
2015.02.02 15:37:43.687,12.72361,12.72621,0.00,0.00
2015.02.02 15:37:44.014,12.72372,12.72621,0.00,0.00
2015.02.02 15:37:44.555,12.72441,12.72621,0.00,0.00
2015.02.02 15:37:44.606,12.72442,12.72672,0.00,0.00
2015.02.02 15:37:44.656,12.72471,12.72672,0.00,0.00
2015.02.02 15:37:44.707,12.72471,12.72731,0.00,0.00
2015.02.02 15:37:44.858,12.72442,12.72731,0.00,0.00
2015.02.02 15:37:44.909,12.72436,12.72671,0.00,0.00
2015.02.02 15:37:44.959,12.72412,12.72671,0.00,0.00
2015.02.02 15:37:45.440,12.72381,12.72671,0.00,0.00
2015.02.02 15:37:45.491,12.72372,12.72622,0.00,0.00
2015.02.02 15:37:45.650,12.72352,12.72622,0.00,0.00
2015.02.02 15:37:45.701,12.72352,12.72582,0.00,0.00
2015.02.02 15:37:45.752,12.72322,12.72582,0.00,0.00
2015.02.02 15:37:46.101,12.72322,12.72621,0.00,0.00
2015.02.02 15:37:46.151,12.72346,12.72621,0.00,0.00
2015.02.02 15:37:46.481,12.72352,12.72581,0.00,0.00
2015.02.02 15:37:46.582,12.72321,12.72581,0.00,0.00
2015.02.02 15:37:50.150,12.72352,12.72581,0.00,0.00
2015.02.02 15:37:50.302,12.72372,12.72619,0.00,0.00
2015.02.02 15:37:51.063,12.72466,12.72719,0.00,0.00
2015.02.02 15:37:51.170,12.72497,12.72719,0.00,0.00
2015.02.02 15:37:51.667,12.72474,12.72719,0.00,0.00
2015.02.02 15:37:52.100,12.72443,12.72719,0.00,0.00
2015.02.02 15:37:52.414,12.72461,12.72719,0.00,0.00
2015.02.02 15:37:52.716,12.72452,12.72699,0.00,0.00
2015.02.02 15:37:52.876,12.72447,12.72699,0.00,0.00
2015.02.02 15:37:52.927,12.72447,12.72672,0.00,0.00
2015.02.02 15:37:52.977,12.72407,12.72672,0.00,0.00
2015.02.02 15:37:53.078,12.72396,12.72621,0.00,0.00
2015.02.02 15:37:53.179,12.72396,12.72672,0.00,0.00
2015.02.02 15:37:53.279,12.72407,12.72672,0.00,0.00
2015.02.02 15:37:53.802,12.72407,12.72699,0.00,0.00
2015.02.02 15:37:53.903,12.72441,12.72718,0.00,0.00
2015.02.02 15:37:54.309,12.72465,12.72718,0.00,0.00
2015.02.02 15:37:54.631,12.72521,12.72782,0.00,0.00
2015.02.02 15:37:54.732,12.72546,12.72819,0.00,0.00
2015.02.02 15:37:54.832,12.7256,12.72819,0.00,0.00
2015.02.02 15:37:55.293,12.72549,12.72819,0.00,0.00
2015.02.02 15:37:56.505,12.72532,12.72819,0.00,0.00
2015.02.02 15:37:56.559,12.72525,12.72819,0.00,0.00
2015.02.02 15:37:56.610,12.72545,12.72819,0.00,0.00
2015.02.02 15:37:56.949,12.72561,12.72819,0.00,0.00
2015.02.02 15:37:57.412,12.72579,12.72819,0.00,0.00
2015.02.02 15:37:57.462,12.72579,12.72881,0.00,0.00
2015.02.02 15:37:57.513,12.72631,12.72881,0.00,0.00
2015.02.02 15:37:57.563,12.72632,12.72899,0.00,0.00
2015.02.02 15:37:57.614,12.72666,12.72899,0.00,0.00
2015.02.02 15:37:57.714,12.72646,12.72881,0.00,0.00
2015.02.02 15:37:57.765,12.72646,12.72832,0.00,0.00
2015.02.02 15:37:57.815,12.72597,12.72832,0.00,0.00
2015.02.02 15:37:57.990,12.72597,12.72882,0.00,0.00
2015.02.02 15:37:58.224,12.72597,12.72831,0.00,0.00
2015.02.02 15:37:58.325,12.72597,12.72881,0.00,0.00
2015.02.02 15:37:58.426,12.72611,12.72831,0.00,0.00
2015.02.02 15:37:58.527,12.72596,12.72818,0.00,0.00
2015.02.02 15:37:58.740,12.7261,12.72818,0.00,0.00
2015.02.02 15:37:58.841,12.72606,12.72818,0.00,0.00
2015.02.02 15:37:59.420,12.72606,12.72881,0.00,0.00
2015.02.02 15:37:59.947,12.72656,12.72881,0.00,0.00
2015.02.02 15:38:00.098,12.72656,12.72899,0.00,0.00
2015.02.02 15:38:00.544,12.72656,12.72919,0.00,0.00
2015.02.02 15:38:01.157,12.72632,12.72919,0.00,0.00
2015.02.02 15:38:01.259,12.72665,12.72919,0.00,0.00
2015.02.02 15:38:01.565,12.72653,12.72919,0.00,0.00
2015.02.02 15:38:01.867,12.72633,12.72919,0.00,0.00
2015.02.02 15:38:02.046,12.72621,12.72919,0.00,0.00
2015.02.02 15:38:02.096,12.72621,12.72881,0.00,0.00
2015.02.02 15:38:02.197,12.72594,12.72881,0.00,0.00
2015.02.02 15:38:02.248,12.72606,12.72881,0.00,0.00
2015.02.02 15:38:02.773,12.72592,12.72881,0.00,0.00
2015.02.02 15:38:02.823,12.72592,12.72831,0.00,0.00
2015.02.02 15:38:02.874,12.72581,12.72831,0.00,0.00
2015.02.02 15:38:02.975,12.72581,12.72881,0.00,0.00
2015.02.02 15:38:03.250,12.72603,12.72881,0.00,0.00
2015.02.02 15:38:03.697,12.72625,12.72881,0.00,0.00
2015.02.02 15:38:03.748,12.72625,12.72919,0.00,0.00
2015.02.02 15:38:03.849,12.72621,12.72919,0.00,0.00
2015.02.02 15:38:04.067,12.72594,12.72881,0.00,0.00
2015.02.02 15:38:04.477,12.72606,12.72881,0.00,0.00
2015.02.02 15:38:05.769,12.72596,12.72881,0.00,0.00
2015.02.02 15:38:06.780,12.72596,12.72898,0.00,0.00
2015.02.02 15:38:06.881,12.72655,12.72918,0.00,0.00
2015.02.02 15:38:07.556,12.72642,12.72918,0.00,0.00
2015.02.02 15:38:07.668,12.72631,12.72918,0.00,0.00
2015.02.02 15:38:07.857,12.72644,12.72918,0.00,0.00
2015.02.02 15:38:07.958,12.72624,12.72918,0.00,0.00
2015.02.02 15:38:08.008,12.72624,12.72819,0.00,0.00
2015.02.02 15:38:08.059,12.72622,12.72819,0.00,0.00
2015.02.02 15:38:08.160,12.72544,12.72819,0.00,0.00
2015.02.02 15:38:08.590,12.7258,12.72819,0.00,0.00
2015.02.02 15:38:08.791,12.72574,12.72819,0.00,0.00
2015.02.02 15:38:08.859,12.72589,12.72819,0.00,0.00
2015.02.02 15:38:09.111,12.72645,12.72881,0.00,0.00
2015.02.02 15:38:09.161,12.72655,12.72881,0.00,0.00
2015.02.02 15:38:09.212,12.72655,12.72918,0.00,0.00
2015.02.02 15:38:09.387,12.72642,12.72918,0.00,0.00
2015.02.02 15:38:09.588,12.72655,12.72918,0.00,0.00
2015.02.02 15:38:10.162,12.72629,12.72918,0.00,0.00
2015.02.02 15:38:10.910,12.72644,12.72918,0.00,0.00
2015.02.02 15:38:12.667,12.72622,12.72918,0.00,0.00
2015.02.02 15:38:12.913,12.7266,12.72918,0.00,0.00
2015.02.02 15:38:13.169,12.72641,12.72918,0.00,0.00
2015.02.02 15:38:13.675,12.7266,12.72918,0.00,0.00
2015.02.02 15:38:13.789,12.72647,12.72918,0.00,0.00
2015.02.02 15:38:14.092,12.7266,12.72918,0.00,0.00
2015.02.02 15:38:14.372,12.72642,12.72918,0.00,0.00
2015.02.02 15:38:14.673,12.72655,12.72918,0.00,0.00
2015.02.02 15:38:14.930,12.72655,12.72932,0.00,0.00
2015.02.02 15:38:14.980,12.72756,12.72932,0.00,0.00
2015.02.02 15:38:15.031,12.72756,12.72981,0.00,0.00
2015.02.02 15:38:15.081,12.7277,12.72981,0.00,0.00
2015.02.02 15:38:15.182,12.7277,12.72998,0.00,0.00
2015.02.02 15:38:16.057,12.7277,12.73019,0.00,0.00
2015.02.02 15:38:16.158,12.72746,12.73019,0.00,0.00
2015.02.02 15:38:16.615,12.72692,12.72982,0.00,0.00
2015.02.02 15:38:16.716,12.72692,12.72919,0.00,0.00
2015.02.02 15:38:17.181,12.72705,12.72919,0.00,0.00
2015.02.02 15:38:17.624,12.72685,12.72919,0.00,0.00
2015.02.02 15:38:18.710,12.72705,12.72981,0.00,0.00
2015.02.02 15:38:20.287,12.72687,12.72981,0.00,0.00
2015.02.02 15:38:20.337,12.72687,12.72918,0.00,0.00
2015.02.02 15:38:20.388,12.72672,12.72918,0.00,0.00
2015.02.02 15:38:20.488,12.72605,12.72918,0.00,0.00
2015.02.02 15:38:20.539,12.72605,12.72881,0.00,0.00
2015.02.02 15:38:20.860,12.72605,12.72918,0.00,0.00
2015.02.02 15:38:20.911,12.72671,12.72918,0.00,0.00
2015.02.02 15:38:22.795,12.72691,12.72918,0.00,0.00
2015.02.02 15:38:22.896,12.72731,12.72981,0.00,0.00
2015.02.02 15:38:22.946,12.72779,12.72981,0.00,0.00
2015.02.02 15:38:23.097,12.72906,12.73121,0.00,0.00
2015.02.02 15:38:23.198,12.72906,12.73172,0.00,0.00
2015.02.02 15:38:23.599,12.72893,12.73172,0.00,0.00
2015.02.02 15:38:23.719,12.72905,12.73172,0.00,0.00
2015.02.02 15:38:23.770,12.72905,12.73199,0.00,0.00
2015.02.02 15:38:23.820,12.72946,12.73199,0.00,0.00
2015.02.02 15:38:24.184,12.72946,12.73218,0.00,0.00
2015.02.02 15:38:26.009,12.73067,12.73218,0.00,0.00
2015.02.02 15:38:26.059,12.73102,12.73318,0.00,0.00
2015.02.02 15:38:26.110,12.7315,12.73318,0.00,0.00
2015.02.02 15:38:26.412,12.73088,12.73318,0.00,0.00
2015.02.02 15:38:26.512,12.72991,12.73318,0.00,0.00
2015.02.02 15:38:26.703,12.73041,12.73318,0.00,0.00
2015.02.02 15:38:27.029,12.73082,12.73382,0.00,0.00
2015.02.02 15:38:27.340,12.73079,12.73382,0.00,0.00
2015.02.02 15:38:27.391,12.73062,12.73382,0.00,0.00
2015.02.02 15:38:27.935,12.73088,12.73398,0.00,0.00
2015.02.02 15:38:28.286,12.73177,12.73481,0.00,0.00
2015.02.02 15:38:28.451,12.73162,12.73481,0.00,0.00
2015.02.02 15:38:28.951,12.73197,12.73481,0.00,0.00
2015.02.02 15:38:29.002,12.73197,12.73498,0.00,0.00
2015.02.02 15:38:29.153,12.73183,12.73482,0.00,0.00
2015.02.02 15:38:29.556,12.73168,12.73482,0.00,0.00
2015.02.02 15:38:30.049,12.73187,12.73482,0.00,0.00
2015.02.02 15:38:30.212,12.73188,12.73498,0.00,0.00
2015.02.02 15:38:30.263,12.73212,12.73519,0.00,0.00
2015.02.02 15:38:31.324,12.73212,12.73482,0.00,0.00
2015.02.02 15:38:31.475,12.73161,12.73482,0.00,0.00
2015.02.02 15:38:31.777,12.73188,12.73499,0.00,0.00
2015.02.02 15:38:32.082,12.73219,12.73499,0.00,0.00
2015.02.02 15:38:32.385,12.73231,12.73499,0.00,0.00
2015.02.02 15:38:32.436,12.73231,12.73519,0.00,0.00
2015.02.02 15:38:32.755,12.73211,12.73519,0.00,0.00
2015.02.02 15:38:33.085,12.73211,12.73482,0.00,0.00
2015.02.02 15:38:33.390,12.73151,12.73419,0.00,0.00
2015.02.02 15:38:34.748,12.73362,12.73519,0.00,0.00
2015.02.02 15:38:34.829,12.73373,12.73549,0.00,0.00
2015.02.02 15:38:34.880,12.73931,12.74118,0.00,0.00
2015.02.02 15:38:34.984,12.7398,12.74121,0.00,0.00
2015.02.02 15:38:35.186,12.74032,12.74182,0.00,0.00
2015.02.02 15:38:35.287,12.73969,12.74288,0.00,0.00
2015.02.02 15:38:35.388,12.73869,12.74261,0.00,0.00
2015.02.02 15:38:35.639,12.73825,12.74202,0.00,0.00
2015.02.02 15:38:36.261,12.73825,12.74151,0.00,0.00
2015.02.02 15:38:36.362,12.738,12.74151,0.00,0.00
2015.02.02 15:38:36.939,12.73779,12.74152,0.00,0.00
2015.02.02 15:38:36.993,12.73776,12.74152,0.00,0.00
2015.02.02 15:38:37.044,12.73768,12.74111,0.00,0.00
2015.02.02 15:38:37.800,12.73768,12.74062,0.00,0.00
2015.02.02 15:38:38.130,12.73768,12.74021,0.00,0.00
2015.02.02 15:38:38.180,12.73756,12.74021,0.00,0.00
2015.02.02 15:38:38.281,12.73756,12.74061,0.00,0.00
2015.02.02 15:38:38.382,12.73756,12.74021,0.00,0.00
2015.02.02 15:38:38.483,12.73756,12.74062,0.00,0.00
2015.02.02 15:38:38.584,12.73772,12.74062,0.00,0.00
2015.02.02 15:38:38.685,12.73772,12.74111,0.00,0.00
2015.02.02 15:38:39.143,12.73802,12.74111,0.00,0.00
2015.02.02 15:38:39.444,12.73831,12.74111,0.00,0.00
2015.02.02 15:38:39.945,12.73851,12.74111,0.00,0.00
2015.02.02 15:38:40.146,12.73911,12.74211,0.00,0.00
2015.02.02 15:38:40.247,12.7388,12.74112,0.00,0.00
2015.02.02 15:38:40.297,12.73856,12.74112,0.00,0.00
2015.02.02 15:38:40.348,12.73827,12.74112,0.00,0.00
2015.02.02 15:38:40.546,12.73842,12.74112,0.00,0.00
2015.02.02 15:38:40.597,12.73842,12.74162,0.00,0.00
2015.02.02 15:38:40.648,12.73867,12.74162,0.00,0.00
2015.02.02 15:38:40.851,12.7383,12.74161,0.00,0.00
2015.02.02 15:38:40.902,12.73827,12.74112,0.00,0.00
2015.02.02 15:38:40.952,12.73792,12.7409,0.00,0.00
2015.02.02 15:38:41.003,12.73746,12.74021,0.00,0.00
2015.02.02 15:38:41.053,12.73742,12.74021,0.00,0.00
2015.02.02 15:38:41.211,12.73742,12.7406,0.00,0.00
2015.02.02 15:38:41.262,12.73791,12.74062,0.00,0.00
2015.02.02 15:38:41.363,12.73811,12.74112,0.00,0.00
2015.02.02 15:38:41.463,12.73781,12.74112,0.00,0.00
2015.02.02 15:38:41.674,12.7378,12.74062,0.00,0.00
2015.02.02 15:38:41.725,12.73746,12.74062,0.00,0.00
2015.02.02 15:38:42.341,12.73746,12.7409,0.00,0.00
2015.02.02 15:38:42.391,12.73796,12.74112,0.00,0.00
2015.02.02 15:38:42.833,12.73811,12.74112,0.00,0.00
2015.02.02 15:38:43.001,12.73901,12.74212,0.00,0.00
2015.02.02 15:38:43.454,12.73914,12.74212,0.00,0.00
2015.02.02 15:38:43.660,12.73947,12.74271,0.00,0.00
2015.02.02 15:38:44.558,12.73986,12.74271,0.00,0.00
2015.02.02 15:38:44.873,12.73992,12.74221,0.00,0.00
2015.02.02 15:38:44.974,12.73881,12.74221,0.00,0.00
2015.02.02 15:38:45.077,12.73901,12.74221,0.00,0.00
2015.02.02 15:38:45.181,12.73886,12.74221,0.00,0.00
2015.02.02 15:38:45.282,12.73869,12.74213,0.00,0.00
2015.02.02 15:38:45.383,12.7396,12.74221,0.00,0.00
2015.02.02 15:38:45.433,12.7396,12.74271,0.00,0.00
2015.02.02 15:38:45.635,12.7396,12.74304,0.00,0.00
2015.02.02 15:38:45.736,12.7396,12.74271,0.00,0.00
2015.02.02 15:38:46.205,12.73976,12.74318,0.00,0.00
2015.02.02 15:38:46.367,12.7399,12.74322,0.00,0.00
2015.02.02 15:38:46.669,12.73869,12.74199,0.00,0.00
2015.02.02 15:38:46.973,12.73824,12.74112,0.00,0.00
2015.02.02 15:38:47.091,12.7381,12.74112,0.00,0.00
2015.02.02 15:38:47.210,12.73823,12.74112,0.00,0.00
2015.02.02 15:38:47.421,12.73836,12.74161,0.00,0.00
2015.02.02 15:38:47.477,12.73895,12.74161,0.00,0.00
2015.02.02 15:38:47.578,12.73876,12.74161,0.00,0.00
2015.02.02 15:38:47.629,12.73876,12.7422,0.00,0.00
2015.02.02 15:38:47.679,12.73846,12.7419,0.00,0.00
2015.02.02 15:38:47.996,12.73941,12.74222,0.00,0.00
2015.02.02 15:38:48.587,12.73942,12.74222,0.00,0.00
2015.02.02 15:38:49.322,12.73941,12.74222,0.00,0.00
2015.02.02 15:38:49.732,12.73932,12.74222,0.00,0.00
2015.02.02 15:38:49.798,12.73922,12.74222,0.00,0.00
2015.02.02 15:38:50.086,12.73922,12.7419,0.00,0.00
2015.02.02 15:38:50.136,12.7388,12.74161,0.00,0.00
2015.02.02 15:38:50.187,12.73846,12.74161,0.00,0.00
2015.02.02 15:38:50.394,12.7387,12.74161,0.00,0.00
2015.02.02 15:38:50.495,12.73854,12.74161,0.00,0.00
2015.02.02 15:38:50.670,12.73854,12.74111,0.00,0.00
2015.02.02 15:38:50.721,12.73832,12.74111,0.00,0.00
2015.02.02 15:38:50.830,12.73821,12.74111,0.00,0.00
2015.02.02 15:38:51.034,12.73802,12.74111,0.00,0.00
2015.02.02 15:38:51.209,12.73818,12.74111,0.00,0.00
2015.02.02 15:38:51.596,12.73862,12.74111,0.00,0.00
2015.02.02 15:38:51.697,12.73912,12.74162,0.00,0.00
2015.02.02 15:38:51.798,12.73912,12.74221,0.00,0.00
2015.02.02 15:38:52.099,12.73896,12.74221,0.00,0.00
2015.02.02 15:38:52.150,12.73896,12.74161,0.00,0.00
2015.02.02 15:38:52.201,12.73879,12.74161,0.00,0.00
2015.02.02 15:38:52.317,12.73846,12.74161,0.00,0.00
2015.02.02 15:38:52.526,12.73899,12.74221,0.00,0.00
2015.02.02 15:38:52.649,12.73899,12.74162,0.00,0.00
2015.02.02 15:38:52.750,12.73882,12.74162,0.00,0.00
2015.02.02 15:38:52.850,12.73846,12.74162,0.00,0.00
2015.02.02 15:38:52.904,12.73865,12.74162,0.00,0.00
2015.02.02 15:38:53.240,12.74011,12.74312,0.00,0.00
2015.02.02 15:38:53.611,12.74001,12.74312,0.00,0.00
2015.02.02 15:38:53.712,12.73991,12.74312,0.00,0.00
2015.02.02 15:38:53.762,12.73975,12.74271,0.00,0.00
2015.02.02 15:38:53.813,12.73944,12.74271,0.00,0.00
2015.02.02 15:38:54.993,12.73981,12.74271,0.00,0.00
2015.02.02 15:38:55.094,12.73999,12.74311,0.00,0.00
2015.02.02 15:38:55.145,12.74023,12.74311,0.00,0.00
2015.02.02 15:38:55.195,12.7406,12.74367,0.00,0.00
2015.02.02 15:38:55.246,12.7406,12.74372,0.00,0.00
2015.02.02 15:38:55.347,12.74043,12.74372,0.00,0.00
2015.02.02 15:38:55.840,12.74043,12.74387,0.00,0.00
2015.02.02 15:38:55.891,12.74082,12.74387,0.00,0.00
2015.02.02 15:38:55.941,12.74094,12.74422,0.00,0.00
2015.02.02 15:38:56.449,12.74105,12.74422,0.00,0.00
2015.02.02 15:38:56.666,12.74085,12.74422,0.00,0.00
2015.02.02 15:38:56.731,12.74103,12.74422,0.00,0.00
2015.02.02 15:38:57.146,12.74221,12.74522,0.00,0.00
2015.02.02 15:38:57.450,12.74221,12.74472,0.00,0.00
2015.02.02 15:38:57.501,12.74183,12.74472,0.00,0.00
2015.02.02 15:38:57.602,12.74053,12.74361,0.00,0.00
2015.02.02 15:38:57.753,12.74065,12.74361,0.00,0.00
2015.02.02 15:38:57.853,12.74043,12.74361,0.00,0.00
2015.02.02 15:38:57.986,12.74064,12.74361,0.00,0.00
2015.02.02 15:38:58.263,12.74064,12.74408,0.00,0.00
2015.02.02 15:38:58.364,12.74105,12.74422,0.00,0.00
2015.02.02 15:38:58.680,12.74141,12.74421,0.00,0.00
2015.02.02 15:38:58.747,12.74122,12.74421,0.00,0.00
2015.02.02 15:38:58.960,12.74128,12.74461,0.00,0.00
2015.02.02 15:38:59.061,12.74209,12.74521,0.00,0.00
2015.02.02 15:38:59.363,12.74231,12.74522,0.00,0.00
2015.02.02 15:38:59.570,12.74169,12.74472,0.00,0.00
2015.02.02 15:38:59.841,12.74149,12.74472,0.00,0.00
2015.02.02 15:38:59.892,12.74067,12.74411,0.00,0.00
2015.02.02 15:38:59.942,12.74067,12.74362,0.00,0.00
2015.02.02 15:39:00.309,12.74042,12.74362,0.00,0.00
2015.02.02 15:39:00.661,12.74077,12.74362,0.00,0.00
2015.02.02 15:39:01.011,12.74077,12.74421,0.00,0.00
2015.02.02 15:39:01.061,12.7408,12.74421,0.00,0.00
2015.02.02 15:39:01.364,12.74046,12.74361,0.00,0.00
2015.02.02 15:39:01.695,12.74046,12.7439,0.00,0.00
2015.02.02 15:39:01.796,12.74102,12.74422,0.00,0.00
2015.02.02 15:39:02.099,12.74088,12.74422,0.00,0.00
2015.02.02 15:39:02.276,12.74117,12.74422,0.00,0.00
2015.02.02 15:39:02.607,12.74104,12.74422,0.00,0.00
2015.02.02 15:39:02.782,12.74093,12.74422,0.00,0.00
2015.02.02 15:39:03.085,12.74103,12.74422,0.00,0.00
2015.02.02 15:39:03.183,12.74092,12.74422,0.00,0.00
2015.02.02 15:39:03.434,12.74105,12.74422,0.00,0.00
2015.02.02 15:39:03.919,12.74096,12.74362,0.00,0.00
2015.02.02 15:39:03.992,12.74066,12.74362,0.00,0.00
2015.02.02 15:39:04.093,12.74083,12.74422,0.00,0.00
2015.02.02 15:39:04.249,12.74083,12.74361,0.00,0.00
2015.02.02 15:39:04.495,12.74065,12.74361,0.00,0.00
2015.02.02 15:39:04.596,12.74082,12.74361,0.00,0.00
2015.02.02 15:39:05.006,12.74082,12.74312,0.00,0.00
2015.02.02 15:39:05.107,12.74026,12.74312,0.00,0.00
2015.02.02 15:39:05.258,12.74031,12.74312,0.00,0.00
2015.02.02 15:39:05.391,12.74026,12.74312,0.00,0.00
2015.02.02 15:39:05.627,12.74016,12.74312,0.00,0.00
2015.02.02 15:39:05.678,12.74079,12.7436,0.00,0.00
2015.02.02 15:39:05.728,12.74079,12.74362,0.00,0.00
2015.02.02 15:39:05.779,12.74055,12.74362,0.00,0.00
2015.02.02 15:39:06.307,12.74041,12.74362,0.00,0.00
2015.02.02 15:39:09.434,12.74058,12.74362,0.00,0.00
2015.02.02 15:39:09.484,12.74079,12.74402,0.00,0.00
2015.02.02 15:39:09.535,12.74095,12.74422,0.00,0.00
2015.02.02 15:39:09.635,12.74081,12.74422,0.00,0.00
2015.02.02 15:39:09.736,12.7408,12.74361,0.00,0.00
2015.02.02 15:39:09.787,12.74056,12.74361,0.00,0.00
2015.02.02 15:39:10.358,12.74029,12.74361,0.00,0.00
2015.02.02 15:39:10.408,12.74079,12.74311,0.00,0.00
2015.02.02 15:39:10.509,12.74093,12.74361,0.00,0.00
2015.02.02 15:39:10.560,12.7408,12.74361,0.00,0.00
2015.02.02 15:39:10.642,12.74061,12.74361,0.00,0.00
2015.02.02 15:39:10.843,12.74042,12.74361,0.00,0.00
2015.02.02 15:39:11.044,12.74058,12.74361,0.00,0.00
2015.02.02 15:39:11.365,12.74041,12.74361,0.00,0.00
2015.02.02 15:39:12.278,12.74031,12.74312,0.00,0.00
2015.02.02 15:39:12.834,12.74011,12.74312,0.00,0.00
2015.02.02 15:39:12.885,12.74033,12.74312,0.00,0.00
2015.02.02 15:39:12.935,12.74033,12.74375,0.00,0.00
2015.02.02 15:39:12.986,12.74121,12.74422,0.00,0.00
2015.02.02 15:39:13.565,12.74121,12.74404,0.00,0.00
2015.02.02 15:39:13.615,12.7406,12.74404,0.00,0.00
2015.02.02 15:39:14.429,12.7406,12.74362,0.00,0.00
2015.02.02 15:39:14.480,12.7403,12.74362,0.00,0.00
2015.02.02 15:39:14.588,12.74001,12.74311,0.00,0.00
2015.02.02 15:39:15.089,12.74031,12.74343,0.00,0.00
2015.02.02 15:39:15.139,12.74122,12.74343,0.00,0.00
2015.02.02 15:39:15.190,12.74122,12.74409,0.00,0.00
2015.02.02 15:39:15.241,12.74122,12.74312,0.00,0.00
2015.02.02 15:39:15.291,12.74051,12.74312,0.00,0.00
2015.02.02 15:39:15.392,12.74021,12.74312,0.00,0.00
2015.02.02 15:39:15.443,12.74021,12.74212,0.00,0.00
2015.02.02 15:39:15.493,12.73959,12.74212,0.00,0.00
2015.02.02 15:39:15.594,12.73932,12.74212,0.00,0.00
2015.02.02 15:39:16.238,12.73921,12.74212,0.00,0.00
2015.02.02 15:39:17.427,12.73921,12.74235,0.00,0.00
2015.02.02 15:39:17.528,12.73979,12.74299,0.00,0.00
2015.02.02 15:39:17.579,12.74032,12.74308,0.00,0.00
2015.02.02 15:39:17.631,12.74032,12.74311,0.00,0.00
2015.02.02 15:39:17.787,12.74012,12.74311,0.00,0.00
2015.02.02 15:39:18.389,12.74012,12.74272,0.00,0.00
2015.02.02 15:39:18.440,12.7399,12.74272,0.00,0.00
2015.02.02 15:39:18.540,12.73945,12.74212,0.00,0.00
2015.02.02 15:39:18.591,12.73941,12.74212,0.00,0.00
2015.02.02 15:39:18.742,12.73943,12.74212,0.00,0.00
2015.02.02 15:39:19.391,12.73942,12.74212,0.00,0.00
2015.02.02 15:39:19.551,12.73931,12.74212,0.00,0.00
2015.02.02 15:39:20.338,12.73921,12.74212,0.00,0.00
2015.02.02 15:39:20.438,12.73951,12.74256,0.00,0.00
2015.02.02 15:39:20.539,12.73951,12.74271,0.00,0.00
2015.02.02 15:39:20.700,12.73951,12.74212,0.00,0.00
2015.02.02 15:39:20.750,12.73923,12.74212,0.00,0.00
2015.02.02 15:39:20.854,12.73921,12.74212,0.00,0.00
2015.02.02 15:39:22.186,12.73922,12.74212,0.00,0.00
2015.02.02 15:39:22.874,12.73951,12.74212,0.00,0.00
2015.02.02 15:39:22.925,12.73951,12.74244,0.00,0.00
2015.02.02 15:39:23.026,12.73951,12.74271,0.00,0.00
2015.02.02 15:39:23.828,12.73962,12.74271,0.00,0.00
2015.02.02 15:39:25.279,12.73964,12.74271,0.00,0.00
2015.02.02 15:39:25.380,12.73961,12.74271,0.00,0.00
2015.02.02 15:39:25.740,12.7398,12.74271,0.00,0.00
2015.02.02 15:39:25.791,12.73999,12.74301,0.00,0.00
2015.02.02 15:39:25.842,12.74012,12.74301,0.00,0.00
2015.02.02 15:39:26.059,12.73982,12.74301,0.00,0.00
2015.02.02 15:39:26.110,12.73941,12.74268,0.00,0.00
2015.02.02 15:39:26.211,12.73941,12.74201,0.00,0.00
2015.02.02 15:39:26.814,12.73931,12.74201,0.00,0.00
2015.02.02 15:39:27.738,12.73931,12.74237,0.00,0.00
2015.02.02 15:39:27.789,12.73951,12.74252,0.00,0.00
2015.02.02 15:39:28.172,12.74041,12.74302,0.00,0.00
2015.02.02 15:39:28.273,12.74022,12.74302,0.00,0.00
2015.02.02 15:39:28.624,12.74038,12.74357,0.00,0.00
2015.02.02 15:39:28.675,12.74132,12.74402,0.00,0.00
2015.02.02 15:39:29.218,12.74131,12.74402,0.00,0.00
2015.02.02 15:39:30.428,12.74121,12.74402,0.00,0.00
2015.02.02 15:39:30.664,12.74131,12.74402,0.00,0.00
2015.02.02 15:39:31.323,12.74111,12.74402,0.00,0.00
2015.02.02 15:39:31.374,12.74111,12.74351,0.00,0.00
2015.02.02 15:39:31.424,12.74051,12.74351,0.00,0.00
2015.02.02 15:39:31.529,12.74031,12.74302,0.00,0.00
2015.02.02 15:39:32.997,12.74121,12.74302,0.00,0.00
2015.02.02 15:39:33.048,12.74121,12.74402,0.00,0.00
2015.02.02 15:39:33.199,12.74121,12.74398,0.00,0.00
2015.02.02 15:39:33.350,12.74121,12.74402,0.00,0.00
2015.02.02 15:39:33.964,12.74122,12.74402,0.00,0.00
2015.02.02 15:39:34.065,12.74222,12.74502,0.00,0.00
2015.02.02 15:39:35.335,12.74222,12.74452,0.00,0.00
2015.02.02 15:39:35.599,12.74174,12.74452,0.00,0.00
2015.02.02 15:39:35.700,12.74151,12.74452,0.00,0.00
2015.02.02 15:39:36.225,12.74151,12.74451,0.00,0.00
2015.02.02 15:39:37.265,12.74221,12.74451,0.00,0.00
2015.02.02 15:39:37.315,12.74221,12.74493,0.00,0.00
2015.02.02 15:39:37.366,12.74221,12.74501,0.00,0.00
2015.02.02 15:39:37.483,12.74232,12.74501,0.00,0.00
2015.02.02 15:39:38.706,12.74174,12.74501,0.00,0.00
2015.02.02 15:39:38.757,12.7417,12.74452,0.00,0.00
2015.02.02 15:39:38.808,12.74151,12.74452,0.00,0.00
2015.02.02 15:39:40.479,12.74587,12.74779,0.00,0.00
2015.02.02 15:39:40.530,12.7478,12.75002,0.00,0.00
2015.02.02 15:39:40.631,12.74762,12.75002,0.00,0.00
2015.02.02 15:39:40.682,12.74731,12.75002,0.00,0.00
2015.02.02 15:39:40.782,12.74731,12.75042,0.00,0.00
2015.02.02 15:39:40.883,12.74688,12.75042,0.00,0.00
2015.02.02 15:39:40.984,12.74778,12.75127,0.00,0.00
2015.02.02 15:39:41.208,12.74738,12.75092,0.00,0.00
2015.02.02 15:39:41.258,12.74779,12.75092,0.00,0.00
2015.02.02 15:39:41.309,12.74779,12.75132,0.00,0.00
2015.02.02 15:39:41.410,12.74779,12.75092,0.00,0.00
2015.02.02 15:39:41.488,12.74828,12.75177,0.00,0.00
2015.02.02 15:39:42.469,12.74828,12.75121,0.00,0.00
2015.02.02 15:39:42.519,12.74778,12.75121,0.00,0.00
2015.02.02 15:39:42.570,12.74778,12.75086,0.00,0.00
2015.02.02 15:39:42.620,12.74739,12.75086,0.00,0.00
2015.02.02 15:39:42.747,12.74751,12.75086,0.00,0.00
2015.02.02 15:39:43.525,12.74741,12.75086,0.00,0.00
2015.02.02 15:39:43.737,12.74739,12.75086,0.00,0.00
2015.02.02 15:39:44.086,12.74739,12.75061,0.00,0.00
2015.02.02 15:39:44.237,12.74638,12.74986,0.00,0.00
2015.02.02 15:39:44.489,12.74638,12.74962,0.00,0.00
2015.02.02 15:39:44.590,12.74638,12.74987,0.00,0.00
2015.02.02 15:39:44.691,12.74598,12.74952,0.00,0.00
2015.02.02 15:39:44.792,12.74539,12.74901,0.00,0.00
2015.02.02 15:39:45.238,12.74529,12.74852,0.00,0.00
2015.02.02 15:39:45.389,12.74539,12.74901,0.00,0.00
2015.02.02 15:39:45.490,12.74529,12.74852,0.00,0.00
2015.02.02 15:39:46.050,12.74529,12.74851,0.00,0.00
2015.02.02 15:39:46.661,12.74539,12.74901,0.00,0.00
2015.02.02 15:39:46.711,12.74651,12.74901,0.00,0.00
2015.02.02 15:39:46.817,12.74651,12.74927,0.00,0.00
2015.02.02 15:39:46.868,12.74611,12.74927,0.00,0.00
2015.02.02 15:39:46.918,12.74779,12.74952,0.00,0.00
2015.02.02 15:39:47.019,12.74779,12.75092,0.00,0.00
2015.02.02 15:39:47.548,12.7478,12.75052,0.00,0.00
2015.02.02 15:39:47.598,12.74773,12.75052,0.00,0.00
2015.02.02 15:39:47.699,12.74749,12.75002,0.00,0.00
2015.02.02 15:39:47.808,12.74683,12.75002,0.00,0.00
2015.02.02 15:39:48.081,12.74679,12.74992,0.00,0.00
2015.02.02 15:39:48.132,12.74648,12.74992,0.00,0.00
2015.02.02 15:39:48.198,12.74688,12.74992,0.00,0.00
2015.02.02 15:39:48.309,12.74648,12.74992,0.00,0.00
2015.02.02 15:39:48.410,12.74673,12.75001,0.00,0.00
2015.02.02 15:39:48.715,12.74722,12.74951,0.00,0.00
2015.02.02 15:39:48.766,12.74722,12.75002,0.00,0.00
2015.02.02 15:39:48.816,12.74761,12.75002,0.00,0.00
2015.02.02 15:39:49.018,12.74783,12.75052,0.00,0.00
2015.02.02 15:39:49.068,12.74822,12.75052,0.00,0.00
2015.02.02 15:39:49.119,12.74822,12.75092,0.00,0.00
2015.02.02 15:39:49.220,12.74822,12.75052,0.00,0.00
2015.02.02 15:39:49.270,12.74759,12.75052,0.00,0.00
2015.02.02 15:39:49.321,12.74693,12.75002,0.00,0.00
2015.02.02 15:39:50.629,12.74679,12.75002,0.00,0.00
2015.02.02 15:39:50.730,12.74718,12.75002,0.00,0.00
2015.02.02 15:39:50.781,12.74718,12.75051,0.00,0.00
2015.02.02 15:39:50.832,12.74734,12.75051,0.00,0.00
2015.02.02 15:39:51.129,12.74718,12.75051,0.00,0.00
2015.02.02 15:39:51.188,12.74734,12.75051,0.00,0.00
2015.02.02 15:39:52.309,12.74733,12.75001,0.00,0.00
2015.02.02 15:39:52.410,12.74718,12.75052,0.00,0.00
2015.02.02 15:39:52.489,12.74718,12.75001,0.00,0.00
2015.02.02 15:39:52.540,12.74709,12.75001,0.00,0.00
2015.02.02 15:39:52.591,12.74639,12.74976,0.00,0.00
2015.02.02 15:39:52.642,12.74634,12.74951,0.00,0.00
2015.02.02 15:39:52.971,12.74613,12.74901,0.00,0.00
2015.02.02 15:39:53.022,12.74584,12.74901,0.00,0.00
2015.02.02 15:39:53.207,12.74598,12.74901,0.00,0.00
2015.02.02 15:39:53.308,12.74618,12.74952,0.00,0.00
2015.02.02 15:39:53.409,12.74633,12.74952,0.00,0.00
2015.02.02 15:39:55.569,12.74638,12.74977,0.00,0.00
2015.02.02 15:39:55.720,12.74633,12.74952,0.00,0.00
2015.02.02 15:39:56.059,12.74633,12.74902,0.00,0.00
2015.02.02 15:39:56.109,12.74621,12.74902,0.00,0.00
2015.02.02 15:39:56.278,12.74602,12.74902,0.00,0.00
2015.02.02 15:39:56.329,12.74608,12.74902,0.00,0.00
2015.02.02 15:39:56.379,12.74608,12.74951,0.00,0.00
2015.02.02 15:39:56.430,12.74634,12.74951,0.00,0.00
2015.02.02 15:39:57.648,12.74614,12.74951,0.00,0.00
2015.02.02 15:39:57.699,12.74614,12.74901,0.00,0.00
2015.02.02 15:39:57.749,12.74584,12.74901,0.00,0.00
2015.02.02 15:39:58.317,12.74584,12.74851,0.00,0.00
2015.02.02 15:39:58.418,12.74558,12.74851,0.00,0.00
2015.02.02 15:39:58.759,12.74558,12.74902,0.00,0.00
2015.02.02 15:39:58.810,12.74573,12.74902,0.00,0.00
2015.02.02 15:39:59.137,12.74593,12.74902,0.00,0.00
2015.02.02 15:39:59.858,12.74593,12.74852,0.00,0.00
2015.02.02 15:39:59.908,12.74531,12.74841,0.00,0.00
2015.02.02 15:40:00.009,12.74531,12.74802,0.00,0.00
2015.02.02 15:40:00.399,12.74529,12.74802,0.00,0.00
2015.02.02 15:40:00.982,12.7453,12.74802,0.00,0.00
2015.02.02 15:40:01.178,12.7453,12.74752,0.00,0.00
2015.02.02 15:40:01.329,12.74461,12.74752,0.00,0.00
2015.02.02 15:40:01.430,12.74432,12.74702,0.00,0.00
2015.02.02 15:40:02.263,12.74421,12.74702,0.00,0.00
2015.02.02 15:40:02.719,12.74422,12.74642,0.00,0.00
2015.02.02 15:40:02.769,12.74413,12.74642,0.00,0.00
2015.02.02 15:40:02.820,12.74352,12.74642,0.00,0.00
2015.02.02 15:40:02.870,12.74352,12.74591,0.00,0.00
2015.02.02 15:40:02.921,12.74342,12.74591,0.00,0.00
2015.02.02 15:40:03.200,12.74342,12.74502,0.00,0.00
2015.02.02 15:40:03.250,12.7428,12.74502,0.00,0.00
2015.02.02 15:40:03.301,12.74221,12.74451,0.00,0.00
2015.02.02 15:40:03.402,12.742,12.74402,0.00,0.00
2015.02.02 15:40:03.452,12.74132,12.74402,0.00,0.00
2015.02.02 15:40:03.553,12.74152,12.74402,0.00,0.00
2015.02.02 15:40:03.603,12.74152,12.74452,0.00,0.00
2015.02.02 15:40:03.654,12.74163,12.74452,0.00,0.00
2015.02.02 15:40:03.755,12.74152,12.74452,0.00,0.00
2015.02.02 15:40:03.856,12.74152,12.74401,0.00,0.00
2015.02.02 15:40:03.906,12.74132,12.74401,0.00,0.00
2015.02.02 15:40:05.017,12.74131,12.74401,0.00,0.00
2015.02.02 15:40:05.741,12.74212,12.74502,0.00,0.00
2015.02.02 15:40:06.250,12.74213,12.74502,0.00,0.00
2015.02.02 15:40:06.618,12.74222,12.74502,0.00,0.00
2015.02.02 15:40:07.631,12.74212,12.74502,0.00,0.00
2015.02.02 15:40:08.162,12.74211,12.74502,0.00,0.00
2015.02.02 15:40:08.695,12.74212,12.74502,0.00,0.00
2015.02.02 15:40:09.324,12.74211,12.74502,0.00,0.00
2015.02.02 15:40:09.665,12.74211,12.74452,0.00,0.00
2015.02.02 15:40:09.715,12.74172,12.74452,0.00,0.00
2015.02.02 15:40:11.211,12.74171,12.74401,0.00,0.00
2015.02.02 15:40:11.261,12.74152,12.74401,0.00,0.00
2015.02.02 15:40:11.312,12.74129,12.74401,0.00,0.00
2015.02.02 15:40:11.764,12.74129,12.74302,0.00,0.00
2015.02.02 15:40:11.814,12.74108,12.74302,0.00,0.00
2015.02.02 15:40:11.915,12.73968,12.74302,0.00,0.00
2015.02.02 15:40:11.966,12.73968,12.74202,0.00,0.00
2015.02.02 15:40:12.016,12.73939,12.74202,0.00,0.00
2015.02.02 15:40:12.435,12.73939,12.74162,0.00,0.00
2015.02.02 15:40:12.536,12.73948,12.74211,0.00,0.00
2015.02.02 15:40:12.637,12.73934,12.74211,0.00,0.00
2015.02.02 15:40:12.743,12.73934,12.74162,0.00,0.00
2015.02.02 15:40:12.793,12.73922,12.74162,0.00,0.00
2015.02.02 15:40:12.921,12.73872,12.74162,0.00,0.00
2015.02.02 15:40:13.072,12.73923,12.74211,0.00,0.00
2015.02.02 15:40:13.929,12.73939,12.74211,0.00,0.00
2015.02.02 15:40:15.915,12.73923,12.74211,0.00,0.00
2015.02.02 15:40:16.169,12.73923,12.74161,0.00,0.00
2015.02.02 15:40:16.219,12.73898,12.74161,0.00,0.00
2015.02.02 15:40:16.270,12.73898,12.74111,0.00,0.00
2015.02.02 15:40:16.320,12.73858,12.74111,0.00,0.00
2015.02.02 15:40:16.421,12.73839,12.74112,0.00,0.00
2015.02.02 15:40:16.528,12.73871,12.74112,0.00,0.00
2015.02.02 15:40:16.630,12.73873,12.74162,0.00,0.00
2015.02.02 15:40:17.135,12.73873,12.74111,0.00,0.00
2015.02.02 15:40:17.186,12.73871,12.74111,0.00,0.00
2015.02.02 15:40:17.358,12.73838,12.74111,0.00,0.00
2015.02.02 15:40:17.628,12.73841,12.74111,0.00,0.00
2015.02.02 15:40:18.129,12.73838,12.74111,0.00,0.00
2015.02.02 15:40:18.288,12.73831,12.74111,0.00,0.00
2015.02.02 15:40:18.560,12.73831,12.74167,0.00,0.00
2015.02.02 15:40:18.610,12.73922,12.74212,0.00,0.00
2015.02.02 15:40:18.957,12.73843,12.74111,0.00,0.00
2015.02.02 15:40:19.008,12.73854,12.74198,0.00,0.00
2015.02.02 15:40:19.058,12.73872,12.74198,0.00,0.00
2015.02.02 15:40:19.367,12.7394,12.74212,0.00,0.00
2015.02.02 15:40:19.609,12.73924,12.74212,0.00,0.00
2015.02.02 15:40:19.660,12.73924,12.74162,0.00,0.00
2015.02.02 15:40:19.711,12.73882,12.74162,0.00,0.00
2015.02.02 15:40:20.870,12.73882,12.74211,0.00,0.00
2015.02.02 15:40:20.920,12.73894,12.74211,0.00,0.00
2015.02.02 15:40:21.584,12.73921,12.74211,0.00,0.00
2015.02.02 15:40:21.915,12.74025,12.74211,0.00,0.00
2015.02.02 15:40:22.091,12.74021,12.74211,0.00,0.00
2015.02.02 15:40:22.492,12.74024,12.74211,0.00,0.00
2015.02.02 15:40:23.393,12.74021,12.74211,0.00,0.00
2015.02.02 15:40:24.058,12.74021,12.74312,0.00,0.00
2015.02.02 15:40:24.388,12.74021,12.74211,0.00,0.00
2015.02.02 15:40:24.439,12.73994,12.74211,0.00,0.00
2015.02.02 15:40:24.496,12.73965,12.74211,0.00,0.00
2015.02.02 15:40:24.596,12.73935,12.74211,0.00,0.00
2015.02.02 15:40:25.546,12.73941,12.74211,0.00,0.00
2015.02.02 15:40:27.084,12.73935,12.74211,0.00,0.00
2015.02.02 15:40:27.502,12.73931,12.74211,0.00,0.00
2015.02.02 15:40:29.607,12.73921,12.74211,0.00,0.00
2015.02.02 15:40:29.831,12.7393,12.74211,0.00,0.00
2015.02.02 15:40:30.169,12.73932,12.74211,0.00,0.00
2015.02.02 15:40:30.781,12.73942,12.74211,0.00,0.00
2015.02.02 15:40:31.813,12.73931,12.74211,0.00,0.00
2015.02.02 15:40:32.259,12.73921,12.74211,0.00,0.00
2015.02.02 15:40:32.460,12.73892,12.74111,0.00,0.00
2015.02.02 15:40:32.511,12.7388,12.74111,0.00,0.00
2015.02.02 15:40:32.810,12.73822,12.74111,0.00,0.00
2015.02.02 15:40:32.861,12.73822,12.74161,0.00,0.00
2015.02.02 15:40:32.916,12.73849,12.74161,0.00,0.00
2015.02.02 15:40:33.218,12.73832,12.74091,0.00,0.00
2015.02.02 15:40:33.968,12.73821,12.74091,0.00,0.00
2015.02.02 15:40:34.771,12.73804,12.74091,0.00,0.00
2015.02.02 15:40:34.822,12.73774,12.74091,0.00,0.00
2015.02.02 15:40:34.872,12.73774,12.74052,0.00,0.00
2015.02.02 15:40:35.170,12.73774,12.74092,0.00,0.00
2015.02.02 15:40:35.220,12.73779,12.74092,0.00,0.00
2015.02.02 15:40:35.522,12.73786,12.74051,0.00,0.00
2015.02.02 15:40:35.968,12.73741,12.74002,0.00,0.00
2015.02.02 15:40:36.083,12.73736,12.74002,0.00,0.00
2015.02.02 15:40:38.234,12.73732,12.74002,0.00,0.00
2015.02.02 15:40:38.891,12.73731,12.74002,0.00,0.00
2015.02.02 15:40:39.295,12.73724,12.74002,0.00,0.00
2015.02.02 15:40:41.336,12.73721,12.74002,0.00,0.00
2015.02.02 15:40:46.735,12.73831,12.74036,0.00,0.00
2015.02.02 15:40:46.785,12.73831,12.74051,0.00,0.00
2015.02.02 15:40:46.836,12.73831,12.74054,0.00,0.00
2015.02.02 15:40:46.936,12.73831,12.74091,0.00,0.00
2015.02.02 15:40:46.987,12.73822,12.74051,0.00,0.00
2015.02.02 15:40:47.088,12.73782,12.74051,0.00,0.00
2015.02.02 15:40:51.613,12.73772,12.74051,0.00,0.00
2015.02.02 15:40:51.714,12.73772,12.74083,0.00,0.00
2015.02.02 15:40:51.815,12.73782,12.74091,0.00,0.00
2015.02.02 15:40:52.237,12.73821,12.74091,0.00,0.00
2015.02.02 15:40:55.646,12.73821,12.74042,0.00,0.00
2015.02.02 15:40:55.747,12.73781,12.74042,0.00,0.00
2015.02.02 15:40:56.419,12.73821,12.74091,0.00,0.00
2015.02.02 15:40:58.158,12.73821,12.74041,0.00,0.00
2015.02.02 15:40:58.208,12.73782,12.74041,0.00,0.00
2015.02.02 15:40:58.523,12.73731,12.74041,0.00,0.00
2015.02.02 15:40:58.574,12.73731,12.74032,0.00,0.00
2015.02.02 15:40:58.887,12.73731,12.74001,0.00,0.00
2015.02.02 15:40:59.219,12.73781,12.74042,0.00,0.00
2015.02.02 15:41:00.038,12.73772,12.74042,0.00,0.00
2015.02.02 15:41:01.018,12.73772,12.74002,0.00,0.00
2015.02.02 15:41:01.169,12.73732,12.74002,0.00,0.00
2015.02.02 15:41:01.821,12.73731,12.74002,0.00,0.00
2015.02.02 15:41:02.788,12.73722,12.74002,0.00,0.00
2015.02.02 15:41:09.612,12.73732,12.74002,0.00,0.00
2015.02.02 15:41:10.267,12.73721,12.74002,0.00,0.00
2015.02.02 15:41:12.484,12.73771,12.74002,0.00,0.00
2015.02.02 15:41:12.585,12.73771,12.74042,0.00,0.00
2015.02.02 15:41:13.457,12.73772,12.74042,0.00,0.00
2015.02.02 15:41:13.708,12.73822,12.74092,0.00,0.00
2015.02.02 15:41:14.227,12.73822,12.74091,0.00,0.00
2015.02.02 15:41:14.905,12.73822,12.74092,0.00,0.00
2015.02.02 15:41:15.255,12.73788,12.74092,0.00,0.00
2015.02.02 15:41:15.509,12.73781,12.74092,0.00,0.00
2015.02.02 15:41:15.715,12.73793,12.74092,0.00,0.00
2015.02.02 15:41:16.213,12.73781,12.74092,0.00,0.00
2015.02.02 15:41:16.615,12.73805,12.74092,0.00,0.00
2015.02.02 15:41:18.719,12.73782,12.74092,0.00,0.00
2015.02.02 15:41:18.819,12.73738,12.74037,0.00,0.00
2015.02.02 15:41:18.870,12.73731,12.74037,0.00,0.00
2015.02.02 15:41:18.920,12.73729,12.74022,0.00,0.00
2015.02.02 15:41:18.971,12.73692,12.74022,0.00,0.00
2015.02.02 15:41:19.058,12.73692,12.74002,0.00,0.00
2015.02.02 15:41:20.325,12.73695,12.74002,0.00,0.00
2015.02.02 15:41:20.750,12.73692,12.74002,0.00,0.00
2015.02.02 15:41:21.241,12.73696,12.74002,0.00,0.00
2015.02.02 15:41:21.750,12.73706,12.74002,0.00,0.00
2015.02.02 15:41:22.434,12.73717,12.74002,0.00,0.00
2015.02.02 15:41:22.665,12.73701,12.74002,0.00,0.00
2015.02.02 15:41:22.766,12.73692,12.74002,0.00,0.00
2015.02.02 15:41:23.472,12.73701,12.74002,0.00,0.00
2015.02.02 15:41:23.585,12.73692,12.74002,0.00,0.00
2015.02.02 15:41:23.745,12.73701,12.74002,0.00,0.00
2015.02.02 15:41:24.380,12.73692,12.7394,0.00,0.00
2015.02.02 15:41:24.481,12.73642,12.73901,0.00,0.00
2015.02.02 15:41:24.582,12.73645,12.73901,0.00,0.00
2015.02.02 15:41:24.851,12.73611,12.73901,0.00,0.00
2015.02.02 15:41:25.448,12.73603,12.73901,0.00,0.00
2015.02.02 15:41:25.893,12.73601,12.73902,0.00,0.00
2015.02.02 15:41:26.260,12.73612,12.73902,0.00,0.00
2015.02.02 15:41:26.568,12.73601,12.73902,0.00,0.00
2015.02.02 15:41:26.764,12.73624,12.73902,0.00,0.00
2015.02.02 15:41:27.117,12.7366,12.73902,0.00,0.00
2015.02.02 15:41:27.588,12.73616,12.73902,0.00,0.00
2015.02.02 15:41:29.179,12.73616,12.73912,0.00,0.00
2015.02.02 15:41:30.945,12.73629,12.73912,0.00,0.00
2015.02.02 15:41:31.289,12.73659,12.73912,0.00,0.00
2015.02.02 15:41:32.660,12.73648,12.73912,0.00,0.00
2015.02.02 15:41:34.738,12.73623,12.73912,0.00,0.00
2015.02.02 15:41:34.925,12.73601,12.73912,0.00,0.00
2015.02.02 15:41:35.028,12.73616,12.73912,0.00,0.00
2015.02.02 15:41:35.631,12.73631,12.73912,0.00,0.00
2015.02.02 15:41:36.244,12.7367,12.73912,0.00,0.00
2015.02.02 15:41:36.344,12.7367,12.73962,0.00,0.00
2015.02.02 15:41:36.951,12.73655,12.73962,0.00,0.00
2015.02.02 15:41:38.635,12.7367,12.73962,0.00,0.00
2015.02.02 15:41:39.459,12.7367,12.73919,0.00,0.00
2015.02.02 15:41:39.571,12.73642,12.73911,0.00,0.00
2015.02.02 15:41:39.672,12.7363,12.73911,0.00,0.00
2015.02.02 15:41:39.971,12.73616,12.73911,0.00,0.00
2015.02.02 15:41:40.139,12.73631,12.73911,0.00,0.00
2015.02.02 15:41:40.486,12.73612,12.73911,0.00,0.00
2015.02.02 15:41:41.290,12.73625,12.73911,0.00,0.00
2015.02.02 15:41:41.838,12.73631,12.73911,0.00,0.00
2015.02.02 15:41:41.939,12.73645,12.73962,0.00,0.00
2015.02.02 15:41:41.989,12.7367,12.73962,0.00,0.00
2015.02.02 15:41:42.344,12.73686,12.73962,0.00,0.00
2015.02.02 15:41:42.444,12.73662,12.73962,0.00,0.00
2015.02.02 15:41:42.704,12.73662,12.73912,0.00,0.00
2015.02.02 15:41:42.755,12.73632,12.73912,0.00,0.00
2015.02.02 15:41:43.757,12.73615,12.73912,0.00,0.00
2015.02.02 15:41:44.278,12.73591,12.73912,0.00,0.00
2015.02.02 15:41:46.596,12.73593,12.73912,0.00,0.00
2015.02.02 15:41:46.898,12.73605,12.73912,0.00,0.00
2015.02.02 15:41:47.231,12.73618,12.73912,0.00,0.00
2015.02.02 15:41:47.357,12.73602,12.73912,0.00,0.00
2015.02.02 15:41:47.458,12.73592,12.73912,0.00,0.00
2015.02.02 15:41:48.107,12.73591,12.73912,0.00,0.00
2015.02.02 15:41:48.521,12.73609,12.73932,0.00,0.00
2015.02.02 15:41:48.571,12.73631,12.73954,0.00,0.00
2015.02.02 15:41:48.740,12.73658,12.73987,0.00,0.00
2015.02.02 15:41:48.791,12.73672,12.73998,0.00,0.00
2015.02.02 15:41:49.093,12.73631,12.73961,0.00,0.00
2015.02.02 15:41:49.426,12.73631,12.73912,0.00,0.00
2015.02.02 15:41:49.477,12.73629,12.73912,0.00,0.00
2015.02.02 15:41:50.191,12.73646,12.73918,0.00,0.00
2015.02.02 15:41:50.568,12.73646,12.73961,0.00,0.00
2015.02.02 15:41:51.398,12.7366,12.73976,0.00,0.00
2015.02.02 15:41:51.448,12.73682,12.73976,0.00,0.00
2015.02.02 15:41:51.499,12.73682,12.73999,0.00,0.00
2015.02.02 15:41:51.560,12.73682,12.74006,0.00,0.00
2015.02.02 15:41:51.669,12.73682,12.73987,0.00,0.00
2015.02.02 15:41:51.769,12.73632,12.73962,0.00,0.00
2015.02.02 15:41:51.821,12.73632,12.73911,0.00,0.00
2015.02.02 15:41:51.922,12.73601,12.73911,0.00,0.00
2015.02.02 15:41:52.198,12.73609,12.73911,0.00,0.00
2015.02.02 15:41:52.548,12.73624,12.73911,0.00,0.00
2015.02.02 15:41:52.903,12.7364,12.73918,0.00,0.00
2015.02.02 15:41:53.072,12.73632,12.73918,0.00,0.00
2015.02.02 15:41:53.173,12.73641,12.73918,0.00,0.00
2015.02.02 15:41:53.223,12.73641,12.73962,0.00,0.00
2015.02.02 15:41:53.274,12.73659,12.74003,0.00,0.00
2015.02.02 15:41:53.324,12.73682,12.74003,0.00,0.00
2015.02.02 15:41:53.647,12.73682,12.73962,0.00,0.00
2015.02.02 15:41:53.697,12.73632,12.73962,0.00,0.00
2015.02.02 15:41:55.676,12.73682,12.73973,0.00,0.00
2015.02.02 15:41:55.727,12.73682,12.74005,0.00,0.00
2015.02.02 15:41:55.778,12.73671,12.73961,0.00,0.00
2015.02.02 15:41:55.879,12.73645,12.73961,0.00,0.00
2015.02.02 15:41:56.081,12.73632,12.73961,0.00,0.00
2015.02.02 15:41:57.122,12.73681,12.73973,0.00,0.00
2015.02.02 15:41:57.227,12.7366,12.73962,0.00,0.00
2015.02.02 15:41:57.590,12.73643,12.73962,0.00,0.00
2015.02.02 15:41:58.197,12.73681,12.73985,0.00,0.00
2015.02.02 15:41:58.327,12.73682,12.74011,0.00,0.00
2015.02.02 15:41:59.287,12.73681,12.74011,0.00,0.00
2015.02.02 15:42:00.506,12.73683,12.74011,0.00,0.00
2015.02.02 15:42:01.998,12.73705,12.74011,0.00,0.00
2015.02.02 15:42:02.897,12.73686,12.74011,0.00,0.00
2015.02.02 15:42:03.507,12.73681,12.74011,0.00,0.00
2015.02.02 15:42:03.999,12.73681,12.73995,0.00,0.00
2015.02.02 15:42:04.100,12.73681,12.74011,0.00,0.00
2015.02.02 15:42:04.400,12.73681,12.74006,0.00,0.00
2015.02.02 15:42:04.618,12.73681,12.74011,0.00,0.00
2015.02.02 15:42:04.927,12.73681,12.73999,0.00,0.00
2015.02.02 15:42:05.888,12.73682,12.73999,0.00,0.00
2015.02.02 15:42:05.939,12.73682,12.74001,0.00,0.00
2015.02.02 15:42:06.040,12.73692,12.74001,0.00,0.00
2015.02.02 15:42:07.440,12.73682,12.74001,0.00,0.00
2015.02.02 15:42:07.646,12.73695,12.74001,0.00,0.00
2015.02.02 15:42:07.954,12.73682,12.74001,0.00,0.00
2015.02.02 15:42:08.057,12.73682,12.73998,0.00,0.00
2015.02.02 15:42:08.158,12.73632,12.73952,0.00,0.00
2015.02.02 15:42:08.346,12.73659,12.73998,0.00,0.00
2015.02.02 15:42:08.447,12.73682,12.73998,0.00,0.00
2015.02.02 15:42:08.938,12.73682,12.74001,0.00,0.00
2015.02.02 15:42:08.988,12.73682,12.73951,0.00,0.00
2015.02.02 15:42:09.089,12.73646,12.73951,0.00,0.00
2015.02.02 15:42:09.140,12.73631,12.73902,0.00,0.00
2015.02.02 15:42:09.190,12.73592,12.73902,0.00,0.00
2015.02.02 15:42:09.241,12.73592,12.73842,0.00,0.00
2015.02.02 15:42:09.392,12.73515,12.73842,0.00,0.00
2015.02.02 15:42:09.442,12.73515,12.73792,0.00,0.00
2015.02.02 15:42:09.543,12.73504,12.73792,0.00,0.00
2015.02.02 15:42:10.110,12.73521,12.73792,0.00,0.00
2015.02.02 15:42:10.211,12.73494,12.73792,0.00,0.00
2015.02.02 15:42:10.617,12.73505,12.73792,0.00,0.00
2015.02.02 15:42:10.926,12.7352,12.73792,0.00,0.00
2015.02.02 15:42:11.027,12.73489,12.73792,0.00,0.00
2015.02.02 15:42:11.318,12.73519,12.73792,0.00,0.00
2015.02.02 15:42:11.423,12.73489,12.73792,0.00,0.00
2015.02.02 15:42:11.724,12.73453,12.73789,0.00,0.00
2015.02.02 15:42:11.774,12.73453,12.73751,0.00,0.00
2015.02.02 15:42:11.825,12.73411,12.73751,0.00,0.00
2015.02.02 15:42:11.875,12.73411,12.73692,0.00,0.00
2015.02.02 15:42:12.358,12.734,12.73692,0.00,0.00
2015.02.02 15:42:12.459,12.73421,12.73751,0.00,0.00
2015.02.02 15:42:12.509,12.73482,12.73751,0.00,0.00
2015.02.02 15:42:12.610,12.73492,12.73792,0.00,0.00
2015.02.02 15:42:13.235,12.73482,12.73792,0.00,0.00
2015.02.02 15:42:13.286,12.73467,12.73752,0.00,0.00
2015.02.02 15:42:13.336,12.73453,12.73752,0.00,0.00
2015.02.02 15:42:13.629,12.73481,12.73752,0.00,0.00
2015.02.02 15:42:14.814,12.73466,12.73752,0.00,0.00
2015.02.02 15:42:15.350,12.73438,12.73748,0.00,0.00
2015.02.02 15:42:15.400,12.73438,12.73691,0.00,0.00
2015.02.02 15:42:15.451,12.73412,12.73691,0.00,0.00
2015.02.02 15:42:15.610,12.73402,12.73691,0.00,0.00
2015.02.02 15:42:15.818,12.734,12.73691,0.00,0.00
2015.02.02 15:42:15.918,12.73389,12.73691,0.00,0.00
2015.02.02 15:42:16.723,12.73405,12.73691,0.00,0.00
2015.02.02 15:42:16.824,12.73389,12.73691,0.00,0.00
2015.02.02 15:42:16.926,12.73421,12.73691,0.00,0.00
2015.02.02 15:42:17.129,12.73402,12.73691,0.00,0.00
2015.02.02 15:42:17.657,12.73391,12.73691,0.00,0.00
2015.02.02 15:42:17.986,12.73381,12.73691,0.00,0.00
2015.02.02 15:42:18.662,12.73392,12.73691,0.00,0.00
2015.02.02 15:42:18.976,12.73381,12.73691,0.00,0.00
2015.02.02 15:42:19.328,12.73392,12.73691,0.00,0.00
2015.02.02 15:42:19.570,12.73381,12.73691,0.00,0.00
2015.02.02 15:42:25.146,12.73339,12.7363,0.00,0.00
2015.02.02 15:42:25.196,12.73288,12.7363,0.00,0.00
2015.02.02 15:42:25.375,12.73312,12.7363,0.00,0.00
2015.02.02 15:42:25.578,12.73312,12.73641,0.00,0.00
2015.02.02 15:42:25.629,12.73312,12.73592,0.00,0.00
2015.02.02 15:42:25.730,12.73381,12.73669,0.00,0.00
2015.02.02 15:42:25.831,12.73354,12.73631,0.00,0.00
2015.02.02 15:42:25.881,12.73332,12.73631,0.00,0.00
2015.02.02 15:42:26.348,12.73381,12.73631,0.00,0.00
2015.02.02 15:42:26.500,12.73349,12.73648,0.00,0.00
2015.02.02 15:42:26.600,12.73331,12.73632,0.00,0.00
2015.02.02 15:42:26.701,12.73311,12.73581,0.00,0.00
2015.02.02 15:42:26.802,12.73291,12.73581,0.00,0.00
2015.02.02 15:42:27.667,12.73286,12.73581,0.00,0.00
2015.02.02 15:42:29.550,12.73282,12.73581,0.00,0.00
2015.02.02 15:42:30.685,12.73286,12.73581,0.00,0.00
2015.02.02 15:42:31.052,12.73281,12.73581,0.00,0.00
2015.02.02 15:42:31.103,12.73281,12.73541,0.00,0.00
2015.02.02 15:42:31.326,12.73239,12.73541,0.00,0.00
2015.02.02 15:42:32.798,12.73232,12.73541,0.00,0.00
2015.02.02 15:42:32.849,12.73226,12.73492,0.00,0.00
2015.02.02 15:42:32.900,12.73211,12.73492,0.00,0.00
2015.02.02 15:42:33.416,12.73212,12.73492,0.00,0.00
2015.02.02 15:42:34.075,12.73201,12.73492,0.00,0.00
2015.02.02 15:42:34.634,12.73182,12.73492,0.00,0.00
2015.02.02 15:42:35.395,12.73181,12.73492,0.00,0.00
2015.02.02 15:42:36.055,12.73181,12.73491,0.00,0.00
2015.02.02 15:42:37.586,12.73182,12.73491,0.00,0.00
2015.02.02 15:42:37.687,12.73198,12.73525,0.00,0.00
2015.02.02 15:42:37.738,12.73198,12.73536,0.00,0.00
2015.02.02 15:42:37.788,12.73281,12.73536,0.00,0.00
2015.02.02 15:42:37.839,12.73281,12.73542,0.00,0.00
2015.02.02 15:42:37.955,12.73281,12.73582,0.00,0.00
2015.02.02 15:42:38.062,12.73286,12.73582,0.00,0.00
2015.02.02 15:42:38.796,12.73291,12.73582,0.00,0.00
2015.02.02 15:42:39.767,12.73286,12.73582,0.00,0.00
2015.02.02 15:42:40.458,12.73281,12.73541,0.00,0.00
2015.02.02 15:42:40.559,12.73232,12.73541,0.00,0.00
2015.02.02 15:42:40.660,12.73232,12.73492,0.00,0.00
2015.02.02 15:42:40.761,12.73222,12.73492,0.00,0.00
2015.02.02 15:42:40.862,12.73212,12.73492,0.00,0.00
2015.02.02 15:42:41.323,12.73189,12.73492,0.00,0.00
2015.02.02 15:42:41.373,12.73196,12.73492,0.00,0.00
2015.02.02 15:42:41.474,12.73231,12.73541,0.00,0.00
2015.02.02 15:42:41.986,12.73282,12.73565,0.00,0.00
2015.02.02 15:42:42.238,12.73332,12.73632,0.00,0.00
2015.02.02 15:42:44.946,12.73332,12.73665,0.00,0.00
2015.02.02 15:42:45.100,12.73332,12.73621,0.00,0.00
2015.02.02 15:42:45.629,12.73337,12.73621,0.00,0.00
2015.02.02 15:42:45.960,12.73362,12.73621,0.00,0.00
2015.02.02 15:42:46.391,12.73421,12.73704,0.00,0.00
2015.02.02 15:42:46.441,12.7358,12.73704,0.00,0.00
2015.02.02 15:42:46.492,12.73581,12.73749,0.00,0.00
2015.02.02 15:42:46.592,12.73616,12.73831,0.00,0.00
2015.02.02 15:42:46.706,12.73616,12.73881,0.00,0.00
2015.02.02 15:42:46.807,12.736,12.73881,0.00,0.00
2015.02.02 15:42:46.857,12.73598,12.73873,0.00,0.00
2015.02.02 15:42:46.958,12.73539,12.7385,0.00,0.00
2015.02.02 15:42:47.175,12.73539,12.73825,0.00,0.00
2015.02.02 15:42:49.906,12.73611,12.73825,0.00,0.00
2015.02.02 15:42:49.963,12.73611,12.73929,0.00,0.00
2015.02.02 15:42:50.013,12.73649,12.73929,0.00,0.00
2015.02.02 15:42:50.064,12.73649,12.73948,0.00,0.00
2015.02.02 15:42:50.115,12.73681,12.73948,0.00,0.00
2015.02.02 15:42:50.417,12.73666,12.73948,0.00,0.00
2015.02.02 15:42:50.518,12.73651,12.73948,0.00,0.00
2015.02.02 15:42:50.656,12.73649,12.73928,0.00,0.00
2015.02.02 15:42:50.707,12.73617,12.73928,0.00,0.00
2015.02.02 15:42:50.807,12.73538,12.73875,0.00,0.00
2015.02.02 15:42:51.875,12.73589,12.73875,0.00,0.00
2015.02.02 15:42:52.374,12.73726,12.73978,0.00,0.00
2015.02.02 15:42:52.424,12.73726,12.74019,0.00,0.00
2015.02.02 15:42:52.556,12.73781,12.74019,0.00,0.00
2015.02.02 15:42:52.808,12.73747,12.74019,0.00,0.00
2015.02.02 15:42:52.908,12.73711,12.74019,0.00,0.00
2015.02.02 15:42:53.085,12.73711,12.73992,0.00,0.00
2015.02.02 15:42:53.209,12.73648,12.73975,0.00,0.00
2015.02.02 15:42:54.291,12.73802,12.73992,0.00,0.00
2015.02.02 15:42:54.342,12.73802,12.74035,0.00,0.00
2015.02.02 15:42:54.485,12.73802,12.74119,0.00,0.00
2015.02.02 15:42:54.535,12.73811,12.74119,0.00,0.00
2015.02.02 15:42:54.842,12.73788,12.74119,0.00,0.00
2015.02.02 15:42:54.956,12.73828,12.74119,0.00,0.00
2015.02.02 15:42:56.583,12.73828,12.74098,0.00,0.00
2015.02.02 15:42:56.633,12.73789,12.74079,0.00,0.00
2015.02.02 15:42:56.683,12.73789,12.74019,0.00,0.00
2015.02.02 15:42:56.734,12.73738,12.74019,0.00,0.00
2015.02.02 15:42:56.785,12.73738,12.74,0.00,0.00
2015.02.02 15:42:57.086,12.73688,12.73984,0.00,0.00
2015.02.02 15:42:57.187,12.73739,12.74,0.00,0.00
2015.02.02 15:42:58.135,12.73779,12.74,0.00,0.00
2015.02.02 15:42:58.236,12.73828,12.74118,0.00,0.00
2015.02.02 15:42:59.048,12.73788,12.74118,0.00,0.00
2015.02.02 15:42:59.099,12.73788,12.74019,0.00,0.00
2015.02.02 15:42:59.149,12.73738,12.74019,0.00,0.00
2015.02.02 15:42:59.617,12.73788,12.74019,0.00,0.00
2015.02.02 15:43:00.244,12.73788,12.74075,0.00,0.00
2015.02.02 15:43:01.318,12.73788,12.74018,0.00,0.00
2015.02.02 15:43:01.685,12.73828,12.74018,0.00,0.00
2015.02.02 15:43:01.956,12.73828,12.74119,0.00,0.00
2015.02.02 15:43:02.117,12.73821,12.74119,0.00,0.00
2015.02.02 15:43:02.537,12.73819,12.74119,0.00,0.00
2015.02.02 15:43:21.552,12.73879,12.74119,0.00,0.00
2015.02.02 15:43:21.602,12.73879,12.74161,0.00,0.00
2015.02.02 15:43:21.703,12.73882,12.74198,0.00,0.00
2015.02.02 15:43:22.556,12.73882,12.74212,0.00,0.00
2015.02.02 15:43:23.162,12.73882,12.7419,0.00,0.00
2015.02.02 15:43:23.997,12.73929,12.7419,0.00,0.00
2015.02.02 15:43:25.190,12.73929,12.74202,0.00,0.00
2015.02.02 15:43:27.391,12.73929,12.74219,0.00,0.00
2015.02.02 15:43:27.442,12.73931,12.74245,0.00,0.00
2015.02.02 15:43:27.543,12.73981,12.74299,0.00,0.00
2015.02.02 15:43:27.626,12.74029,12.74299,0.00,0.00
2015.02.02 15:43:28.445,12.74029,12.743,0.00,0.00
2015.02.02 15:43:29.206,12.74029,12.74315,0.00,0.00
2015.02.02 15:43:29.257,12.74172,12.74315,0.00,0.00
2015.02.02 15:43:29.308,12.74212,12.74421,0.00,0.00
2015.02.02 15:43:29.409,12.74228,12.74499,0.00,0.00
2015.02.02 15:43:29.513,12.74228,12.74459,0.00,0.00
2015.02.02 15:43:29.621,12.74179,12.7444,0.00,0.00
2015.02.02 15:43:29.715,12.74128,12.7444,0.00,0.00
2015.02.02 15:43:30.255,12.74128,12.74419,0.00,0.00
2015.02.02 15:43:30.586,12.74128,12.74415,0.00,0.00
2015.02.02 15:43:31.045,12.74228,12.74415,0.00,0.00
2015.02.02 15:43:31.095,12.74228,12.74518,0.00,0.00
2015.02.02 15:43:31.146,12.74278,12.74518,0.00,0.00
2015.02.02 15:43:31.406,12.74228,12.74518,0.00,0.00
2015.02.02 15:43:31.507,12.74178,12.74455,0.00,0.00
2015.02.02 15:43:31.833,12.74129,12.74418,0.00,0.00
2015.02.02 15:43:31.884,12.74151,12.74418,0.00,0.00
2015.02.02 15:43:32.236,12.74229,12.74495,0.00,0.00
2015.02.02 15:43:32.388,12.74229,12.74525,0.00,0.00
2015.02.02 15:43:32.491,12.74229,12.7455,0.00,0.00
2015.02.02 15:43:32.595,12.74279,12.7455,0.00,0.00
2015.02.02 15:43:32.910,12.74319,12.7455,0.00,0.00
2015.02.02 15:43:33.061,12.74278,12.7455,0.00,0.00
2015.02.02 15:43:33.775,12.74282,12.7455,0.00,0.00
2015.02.02 15:43:34.033,12.74429,12.74704,0.00,0.00
2015.02.02 15:43:34.545,12.74429,12.74618,0.00,0.00
2015.02.02 15:43:34.595,12.74319,12.74618,0.00,0.00
2015.02.02 15:43:34.817,12.74319,12.74604,0.00,0.00
2015.02.02 15:43:35.543,12.74319,12.74575,0.00,0.00
2015.02.02 15:43:35.594,12.74278,12.74575,0.00,0.00
2015.02.02 15:43:35.644,12.74278,12.74554,0.00,0.00
2015.02.02 15:43:35.989,12.74319,12.74554,0.00,0.00
2015.02.02 15:43:36.257,12.74428,12.74699,0.00,0.00
2015.02.02 15:43:36.775,12.74428,12.74678,0.00,0.00
2015.02.02 15:43:36.826,12.74329,12.74625,0.00,0.00
2015.02.02 15:43:36.927,12.74318,12.74605,0.00,0.00
2015.02.02 15:43:37.436,12.74282,12.74605,0.00,0.00
2015.02.02 15:43:37.545,12.74279,12.7458,0.00,0.00
2015.02.02 15:43:37.955,12.74278,12.7455,0.00,0.00
2015.02.02 15:43:38.276,12.74429,12.74565,0.00,0.00
2015.02.02 15:43:38.327,12.74429,12.74699,0.00,0.00
2015.02.02 15:43:38.438,12.74392,12.74684,0.00,0.00
2015.02.02 15:43:38.541,12.74428,12.74684,0.00,0.00
2015.02.02 15:43:38.644,12.74428,12.747,0.00,0.00
2015.02.02 15:43:38.761,12.74392,12.747,0.00,0.00
2015.02.02 15:43:38.862,12.74378,12.74695,0.00,0.00
2015.02.02 15:43:38.913,12.74428,12.74695,0.00,0.00
2015.02.02 15:43:39.064,12.74428,12.7471,0.00,0.00
2015.02.02 15:43:39.164,12.74388,12.7471,0.00,0.00
2015.02.02 15:43:40.095,12.74448,12.7471,0.00,0.00
2015.02.02 15:43:40.146,12.74448,12.74719,0.00,0.00
2015.02.02 15:43:40.196,12.74492,12.74719,0.00,0.00
2015.02.02 15:43:40.246,12.74492,12.74799,0.00,0.00
2015.02.02 15:43:40.705,12.74488,12.74799,0.00,0.00
2015.02.02 15:43:41.085,12.74471,12.74792,0.00,0.00
2015.02.02 15:43:41.186,12.74448,12.74774,0.00,0.00
2015.02.02 15:43:41.287,12.74448,12.74755,0.00,0.00
2015.02.02 15:43:41.695,12.74472,12.74755,0.00,0.00
2015.02.02 15:43:41.746,12.74489,12.7479,0.00,0.00
2015.02.02 15:43:41.847,12.74489,12.74804,0.00,0.00
2015.02.02 15:43:42.094,12.74598,12.74818,0.00,0.00
2015.02.02 15:43:42.195,12.74572,12.74818,0.00,0.00
2015.02.02 15:43:42.296,12.74538,12.74818,0.00,0.00
2015.02.02 15:43:42.685,12.74538,12.74854,0.00,0.00
2015.02.02 15:43:43.287,12.74598,12.7488,0.00,0.00
2015.02.02 15:43:43.387,12.74538,12.7485,0.00,0.00
2015.02.02 15:43:43.775,12.74551,12.74882,0.00,0.00
2015.02.02 15:43:43.826,12.74598,12.74895,0.00,0.00
2015.02.02 15:43:43.977,12.74539,12.74849,0.00,0.00
2015.02.02 15:43:44.661,12.74547,12.74881,0.00,0.00
2015.02.02 15:43:44.712,12.74599,12.74889,0.00,0.00
2015.02.02 15:43:44.986,12.74599,12.74914,0.00,0.00
2015.02.02 15:43:45.037,12.74601,12.74914,0.00,0.00
2015.02.02 15:43:45.152,12.74599,12.74914,0.00,0.00
2015.02.02 15:43:45.254,12.74581,12.74882,0.00,0.00
2015.02.02 15:43:45.355,12.74538,12.74859,0.00,0.00
2015.02.02 15:43:45.460,12.74538,12.74849,0.00,0.00
2015.02.02 15:43:45.762,12.74598,12.74899,0.00,0.00
2015.02.02 15:43:46.262,12.74602,12.74899,0.00,0.00
2015.02.02 15:43:46.315,12.74602,12.74918,0.00,0.00
2015.02.02 15:43:46.693,12.74599,12.74905,0.00,0.00
2015.02.02 15:43:46.794,12.74539,12.74879,0.00,0.00
2015.02.02 15:43:47.060,12.74552,12.74881,0.00,0.00
2015.02.02 15:43:47.562,12.74572,12.74881,0.00,0.00
2015.02.02 15:43:47.964,12.74539,12.74855,0.00,0.00
2015.02.02 15:43:48.014,12.74529,12.74832,0.00,0.00
2015.02.02 15:43:48.115,12.74511,12.74832,0.00,0.00
2015.02.02 15:43:48.344,12.74511,12.74818,0.00,0.00
2015.02.02 15:43:48.595,12.74411,12.74732,0.00,0.00
2015.02.02 15:43:48.965,12.74388,12.74704,0.00,0.00
2015.02.02 15:43:50.415,12.74371,12.74682,0.00,0.00
2015.02.02 15:43:50.516,12.74345,12.74682,0.00,0.00
2015.02.02 15:43:51.613,12.74372,12.74682,0.00,0.00
2015.02.02 15:43:51.663,12.74388,12.74704,0.00,0.00
2015.02.02 15:43:51.955,12.74448,12.74704,0.00,0.00
2015.02.02 15:43:52.257,12.74502,12.74819,0.00,0.00
2015.02.02 15:43:53.062,12.74488,12.74819,0.00,0.00
2015.02.02 15:43:53.277,12.74488,12.74803,0.00,0.00
2015.02.02 15:43:53.392,12.74472,12.74788,0.00,0.00
2015.02.02 15:43:53.493,12.74448,12.74788,0.00,0.00
2015.02.02 15:43:53.723,12.74411,12.74731,0.00,0.00
2015.02.02 15:43:54.052,12.74389,12.74618,0.00,0.00
2015.02.02 15:43:54.276,12.74448,12.74739,0.00,0.00
2015.02.02 15:43:54.327,12.74448,12.74754,0.00,0.00
2015.02.02 15:43:56.708,12.74389,12.74699,0.00,0.00
2015.02.02 15:43:56.952,12.74389,12.74713,0.00,0.00
2015.02.02 15:43:58.343,12.74371,12.74681,0.00,0.00
2015.02.02 15:43:58.559,12.74288,12.74609,0.00,0.00
2015.02.02 15:43:59.334,12.74282,12.74579,0.00,0.00
2015.02.02 15:43:59.485,12.74199,12.74509,0.00,0.00
2015.02.02 15:43:59.536,12.74199,12.74423,0.00,0.00
2015.02.02 15:43:59.687,12.74149,12.74423,0.00,0.00
2015.02.02 15:43:59.737,12.74149,12.74408,0.00,0.00
2015.02.02 15:43:59.925,12.74098,12.74413,0.00,0.00
2015.02.02 15:44:00.026,12.74099,12.74418,0.00,0.00
2015.02.02 15:44:00.077,12.74112,12.74418,0.00,0.00
2015.02.02 15:44:00.426,12.74148,12.74418,0.00,0.00
2015.02.02 15:44:00.644,12.74181,12.74492,0.00,0.00
2015.02.02 15:44:00.746,12.7416,12.74491,0.00,0.00
2015.02.02 15:44:00.796,12.74198,12.74504,0.00,0.00
2015.02.02 15:44:01.105,12.74181,12.74496,0.00,0.00
2015.02.02 15:44:01.206,12.74199,12.74504,0.00,0.00
2015.02.02 15:44:01.822,12.742,12.74541,0.00,0.00
2015.02.02 15:44:01.872,12.74238,12.74544,0.00,0.00
2015.02.02 15:44:01.923,12.74238,12.74568,0.00,0.00
2015.02.02 15:44:02.305,12.74288,12.74568,0.00,0.00
2015.02.02 15:44:02.456,12.74289,12.74603,0.00,0.00
2015.02.02 15:44:03.725,12.74289,12.74588,0.00,0.00
2015.02.02 15:44:03.826,12.74289,12.74609,0.00,0.00
2015.02.02 15:44:04.384,12.74288,12.74609,0.00,0.00
2015.02.02 15:44:06.632,12.74288,12.74628,0.00,0.00
2015.02.02 15:44:06.683,12.74321,12.74628,0.00,0.00
2015.02.02 15:44:06.733,12.74338,12.74669,0.00,0.00
2015.02.02 15:44:07.662,12.74338,12.74644,0.00,0.00
2015.02.02 15:44:07.713,12.74302,12.74632,0.00,0.00
2015.02.02 15:44:09.010,12.74339,12.74644,0.00,0.00
2015.02.02 15:44:09.060,12.74339,12.74663,0.00,0.00
2015.02.02 15:44:09.262,12.74388,12.74663,0.00,0.00
2015.02.02 15:44:09.362,12.74339,12.74663,0.00,0.00
2015.02.02 15:44:09.781,12.74321,12.74618,0.00,0.00
2015.02.02 15:44:09.884,12.74289,12.74604,0.00,0.00
2015.02.02 15:44:11.296,12.74289,12.74578,0.00,0.00
2015.02.02 15:44:11.347,12.7426,12.74578,0.00,0.00
2015.02.02 15:44:11.447,12.74255,12.74582,0.00,0.00
2015.02.02 15:44:11.498,12.7424,12.74582,0.00,0.00
2015.02.02 15:44:11.807,12.74238,12.74559,0.00,0.00
2015.02.02 15:44:12.524,12.74222,12.74542,0.00,0.00
2015.02.02 15:44:12.742,12.74211,12.74542,0.00,0.00
2015.02.02 15:44:13.268,12.74212,12.74542,0.00,0.00
2015.02.02 15:44:14.015,12.74221,12.74542,0.00,0.00
2015.02.02 15:44:14.065,12.74239,12.74561,0.00,0.00
2015.02.02 15:44:14.504,12.74288,12.74561,0.00,0.00
2015.02.02 15:44:14.667,12.74288,12.74604,0.00,0.00
2015.02.02 15:44:18.674,12.74288,12.74616,0.00,0.00
2015.02.02 15:44:18.834,12.74339,12.74616,0.00,0.00
2015.02.02 15:44:18.884,12.74372,12.74681,0.00,0.00
2015.02.02 15:44:18.935,12.74388,12.74684,0.00,0.00
2015.02.02 15:44:18.985,12.74388,12.74704,0.00,0.00
2015.02.02 15:44:19.171,12.74372,12.74682,0.00,0.00
2015.02.02 15:44:19.221,12.74338,12.74659,0.00,0.00
2015.02.02 15:44:19.472,12.74388,12.74659,0.00,0.00
2015.02.02 15:44:19.523,12.74401,12.74718,0.00,0.00
2015.02.02 15:44:19.573,12.74449,12.74744,0.00,0.00
2015.02.02 15:44:19.624,12.74449,12.74769,0.00,0.00
2015.02.02 15:44:19.676,12.74489,12.74769,0.00,0.00
2015.02.02 15:44:19.784,12.74489,12.74794,0.00,0.00
2015.02.02 15:44:19.944,12.7445,12.74791,0.00,0.00
2015.02.02 15:44:19.995,12.74471,12.74791,0.00,0.00
2015.02.02 15:44:20.329,12.74448,12.74759,0.00,0.00
2015.02.02 15:44:20.379,12.74448,12.74773,0.00,0.00
2015.02.02 15:44:20.560,12.74488,12.74773,0.00,0.00
2015.02.02 15:44:20.610,12.74488,12.74813,0.00,0.00
2015.02.02 15:44:20.992,12.74488,12.74829,0.00,0.00
2015.02.02 15:44:21.159,12.74521,12.74832,0.00,0.00
2015.02.02 15:44:21.461,12.74488,12.74791,0.00,0.00
2015.02.02 15:44:21.512,12.74488,12.74807,0.00,0.00
2015.02.02 15:44:21.562,12.74538,12.74807,0.00,0.00
2015.02.02 15:44:21.613,12.74538,12.74828,0.00,0.00
2015.02.02 15:44:21.737,12.74538,12.74852,0.00,0.00
2015.02.02 15:44:21.788,12.74598,12.74901,0.00,0.00
2015.02.02 15:44:22.149,12.74551,12.74831,0.00,0.00
2015.02.02 15:44:22.199,12.74513,12.74831,0.00,0.00
2015.02.02 15:44:22.250,12.74539,12.74857,0.00,0.00
2015.02.02 15:44:22.615,12.74601,12.74902,0.00,0.00
2015.02.02 15:44:22.855,12.74573,12.74882,0.00,0.00
2015.02.02 15:44:22.905,12.74561,12.74856,0.00,0.00
2015.02.02 15:44:22.955,12.74538,12.74856,0.00,0.00
2015.02.02 15:44:23.411,12.74538,12.74871,0.00,0.00
2015.02.02 15:44:23.585,12.74544,12.74882,0.00,0.00
2015.02.02 15:44:23.636,12.74599,12.74886,0.00,0.00
2015.02.02 15:44:23.686,12.74599,12.74907,0.00,0.00
2015.02.02 15:44:23.787,12.74561,12.74841,0.00,0.00
2015.02.02 15:44:23.837,12.74538,12.74841,0.00,0.00
2015.02.02 15:44:23.888,12.74523,12.74832,0.00,0.00
2015.02.02 15:44:23.939,12.74591,12.74832,0.00,0.00
2015.02.02 15:44:23.989,12.74599,12.74916,0.00,0.00
2015.02.02 15:44:24.192,12.74648,12.74936,0.00,0.00
2015.02.02 15:44:24.294,12.74648,12.74967,0.00,0.00
2015.02.02 15:44:24.546,12.74699,12.74967,0.00,0.00
2015.02.02 15:44:24.596,12.74759,12.75041,0.00,0.00
2015.02.02 15:44:24.697,12.74729,12.75017,0.00,0.00
2015.02.02 15:44:24.747,12.74789,12.75017,0.00,0.00
2015.02.02 15:44:24.848,12.74711,12.75017,0.00,0.00
2015.02.02 15:44:25.066,12.74738,12.75017,0.00,0.00
2015.02.02 15:44:25.217,12.74738,12.75067,0.00,0.00
2015.02.02 15:44:25.426,12.74725,12.75041,0.00,0.00
2015.02.02 15:44:25.628,12.74801,12.75133,0.00,0.00
2015.02.02 15:44:25.733,12.74809,12.75141,0.00,0.00
2015.02.02 15:44:26.039,12.74892,12.75174,0.00,0.00
2015.02.02 15:44:26.090,12.74892,12.75191,0.00,0.00
2015.02.02 15:44:26.191,12.74861,12.75142,0.00,0.00
2015.02.02 15:44:26.241,12.74836,12.75142,0.00,0.00
2015.02.02 15:44:26.292,12.74872,12.75192,0.00,0.00
2015.02.02 15:44:26.392,12.74801,12.75092,0.00,0.00
2015.02.02 15:44:26.493,12.74738,12.75074,0.00,0.00
2015.02.02 15:44:26.543,12.74732,12.75041,0.00,0.00
2015.02.02 15:44:26.594,12.74716,12.75041,0.00,0.00
2015.02.02 15:44:26.644,12.74716,12.75002,0.00,0.00
2015.02.02 15:44:26.695,12.74672,12.75002,0.00,0.00
2015.02.02 15:44:26.846,12.74672,12.74952,0.00,0.00
2015.02.02 15:44:26.997,12.74711,12.75002,0.00,0.00
2015.02.02 15:44:27.048,12.74701,12.74951,0.00,0.00
2015.02.02 15:44:27.098,12.74671,12.74951,0.00,0.00
2015.02.02 15:44:27.149,12.74657,12.74951,0.00,0.00
2015.02.02 15:44:27.249,12.74657,12.74999,0.00,0.00
2015.02.02 15:44:27.300,12.74672,12.75001,0.00,0.00
2015.02.02 15:44:27.618,12.74652,12.74901,0.00,0.00
2015.02.02 15:44:27.718,12.74611,12.74901,0.00,0.00
2015.02.02 15:44:27.819,12.74611,12.74952,0.00,0.00
2015.02.02 15:44:28.104,12.74598,12.74934,0.00,0.00
2015.02.02 15:44:28.471,12.7468,12.75001,0.00,0.00
2015.02.02 15:44:28.730,12.74746,12.7509,0.00,0.00
2015.02.02 15:44:28.781,12.74782,12.7509,0.00,0.00
2015.02.02 15:44:29.033,12.74719,12.75042,0.00,0.00
2015.02.02 15:44:29.084,12.74716,12.75042,0.00,0.00
2015.02.02 15:44:29.244,12.74716,12.75001,0.00,0.00
2015.02.02 15:44:29.345,12.74681,12.75001,0.00,0.00
2015.02.02 15:44:29.496,12.74681,12.74952,0.00,0.00
2015.02.02 15:44:29.798,12.74612,12.74945,0.00,0.00
2015.02.02 15:44:29.849,12.74612,12.74952,0.00,0.00
2015.02.02 15:44:30.364,12.74649,12.74955,0.00,0.00
2015.02.02 15:44:30.465,12.74711,12.75042,0.00,0.00
2015.02.02 15:44:30.570,12.74711,12.74952,0.00,0.00
2015.02.02 15:44:30.621,12.74681,12.74952,0.00,0.00
2015.02.02 15:44:30.672,12.74652,12.74952,0.00,0.00
2015.02.02 15:44:30.878,12.74672,12.74952,0.00,0.00
2015.02.02 15:44:30.928,12.74672,12.74994,0.00,0.00
2015.02.02 15:44:31.029,12.74672,12.74952,0.00,0.00
2015.02.02 15:44:31.130,12.74652,12.74994,0.00,0.00
2015.02.02 15:44:31.231,12.74671,12.74994,0.00,0.00
2015.02.02 15:44:31.533,12.74727,12.75041,0.00,0.00
2015.02.02 15:44:31.846,12.74727,12.75002,0.00,0.00
2015.02.02 15:44:31.897,12.74727,12.75041,0.00,0.00
2015.02.02 15:44:32.295,12.74781,12.75041,0.00,0.00
2015.02.02 15:44:32.346,12.74781,12.75092,0.00,0.00
2015.02.02 15:44:32.446,12.74756,12.75091,0.00,0.00
2015.02.02 15:44:32.515,12.74781,12.75091,0.00,0.00
2015.02.02 15:44:33.004,12.74789,12.75119,0.00,0.00
2015.02.02 15:44:33.054,12.74791,12.751,0.00,0.00
2015.02.02 15:44:33.309,12.74751,12.7508,0.00,0.00
2015.02.02 15:44:33.359,12.74751,12.75042,0.00,0.00
2015.02.02 15:44:33.410,12.74736,12.75042,0.00,0.00
2015.02.02 15:44:33.528,12.74781,12.75042,0.00,0.00
2015.02.02 15:44:33.579,12.74781,12.7508,0.00,0.00
2015.02.02 15:44:33.680,12.74781,12.75091,0.00,0.00
2015.02.02 15:44:33.995,12.74762,12.75042,0.00,0.00
2015.02.02 15:44:34.046,12.74737,12.75042,0.00,0.00
2015.02.02 15:44:34.147,12.74751,12.75092,0.00,0.00
2015.02.02 15:44:34.197,12.74782,12.75092,0.00,0.00
2015.02.02 15:44:34.348,12.74788,12.75129,0.00,0.00
2015.02.02 15:44:34.399,12.74791,12.75129,0.00,0.00
2015.02.02 15:44:34.701,12.74872,12.75175,0.00,0.00
2015.02.02 15:44:34.751,12.74872,12.75192,0.00,0.00
2015.02.02 15:44:35.375,12.74871,12.75192,0.00,0.00
2015.02.02 15:44:35.426,12.74871,12.75141,0.00,0.00
2015.02.02 15:44:35.657,12.74862,12.75141,0.00,0.00
2015.02.02 15:44:35.758,12.74731,12.75042,0.00,0.00
2015.02.02 15:44:35.815,12.74781,12.75042,0.00,0.00
2015.02.02 15:44:35.865,12.74781,12.75075,0.00,0.00
2015.02.02 15:44:35.966,12.74782,12.75091,0.00,0.00
2015.02.02 15:44:36.017,12.74791,12.75091,0.00,0.00
2015.02.02 15:44:36.184,12.74791,12.75135,0.00,0.00
2015.02.02 15:44:36.234,12.74827,12.75141,0.00,0.00
2015.02.02 15:44:36.429,12.74839,12.75169,0.00,0.00
2015.02.02 15:44:36.480,12.74882,12.75169,0.00,0.00
2015.02.02 15:44:36.531,12.74886,12.75191,0.00,0.00
2015.02.02 15:44:36.632,12.74847,12.75142,0.00,0.00
2015.02.02 15:44:36.732,12.74832,12.75142,0.00,0.00
2015.02.02 15:44:37.063,12.74871,12.75174,0.00,0.00
2015.02.02 15:44:37.164,12.74871,12.75192,0.00,0.00
2015.02.02 15:44:37.314,12.74871,12.75142,0.00,0.00
2015.02.02 15:44:37.364,12.74837,12.75142,0.00,0.00
2015.02.02 15:44:37.566,12.74823,12.75142,0.00,0.00
2015.02.02 15:44:38.274,12.74839,12.75165,0.00,0.00
2015.02.02 15:44:38.325,12.74867,12.75191,0.00,0.00
2015.02.02 15:44:38.690,12.74832,12.75142,0.00,0.00
2015.02.02 15:44:41.052,12.74867,12.75192,0.00,0.00
2015.02.02 15:44:41.103,12.74871,12.75192,0.00,0.00
2015.02.02 15:44:41.327,12.74867,12.75192,0.00,0.00
2015.02.02 15:44:41.761,12.74908,12.75192,0.00,0.00
2015.02.02 15:44:42.559,12.74908,12.7525,0.00,0.00
2015.02.02 15:44:42.609,12.74929,12.7525,0.00,0.00
2015.02.02 15:44:42.918,12.74972,12.75291,0.00,0.00
2015.02.02 15:44:43.326,12.74991,12.75291,0.00,0.00
2015.02.02 15:44:43.628,12.75081,12.75342,0.00,0.00
2015.02.02 15:44:43.678,12.75103,12.75402,0.00,0.00
2015.02.02 15:44:43.786,12.75081,12.75402,0.00,0.00
2015.02.02 15:44:43.887,12.75091,12.75402,0.00,0.00
2015.02.02 15:44:44.352,12.75142,12.75452,0.00,0.00
2015.02.02 15:44:44.453,12.75177,12.75501,0.00,0.00
2015.02.02 15:44:44.655,12.75161,12.75499,0.00,0.00
2015.02.02 15:44:44.849,12.75161,12.75485,0.00,0.00
2015.02.02 15:44:45.151,12.75151,12.75495,0.00,0.00
2015.02.02 15:44:45.201,12.75159,12.75495,0.00,0.00
2015.02.02 15:44:45.505,12.75292,12.75541,0.00,0.00
2015.02.02 15:44:45.555,12.75292,12.75589,0.00,0.00
2015.02.02 15:44:45.606,12.75262,12.75589,0.00,0.00
2015.02.02 15:44:45.656,12.75262,12.75542,0.00,0.00
2015.02.02 15:44:45.757,12.75262,12.75574,0.00,0.00
2015.02.02 15:44:45.858,12.75262,12.75554,0.00,0.00
2015.02.02 15:44:46.009,12.75232,12.75541,0.00,0.00
2015.02.02 15:44:46.059,12.75251,12.75541,0.00,0.00
2015.02.02 15:44:46.261,12.75211,12.75502,0.00,0.00
2015.02.02 15:44:46.362,12.75211,12.75541,0.00,0.00
2015.02.02 15:44:46.462,12.7525,12.75541,0.00,0.00
2015.02.02 15:44:46.765,12.75081,12.75342,0.00,0.00
2015.02.02 15:44:46.866,12.75081,12.7539,0.00,0.00
2015.02.02 15:44:47.173,12.75082,12.75401,0.00,0.00
2015.02.02 15:44:47.490,12.75101,12.75401,0.00,0.00
2015.02.02 15:44:47.666,12.75087,12.75401,0.00,0.00
2015.02.02 15:44:47.872,12.75081,12.75291,0.00,0.00
2015.02.02 15:44:47.923,12.75056,12.75291,0.00,0.00
2015.02.02 15:44:47.974,12.75001,12.75291,0.00,0.00
2015.02.02 15:44:48.078,12.74989,12.75291,0.00,0.00
2015.02.02 15:44:48.179,12.75012,12.75291,0.00,0.00
2015.02.02 15:44:48.284,12.74991,12.75291,0.00,0.00
2015.02.02 15:44:48.797,12.74989,12.75291,0.00,0.00
2015.02.02 15:44:48.955,12.75029,12.75291,0.00,0.00
2015.02.02 15:44:49.056,12.7499,12.75291,0.00,0.00
2015.02.02 15:44:49.597,12.74989,12.75305,0.00,0.00
2015.02.02 15:44:49.699,12.75069,12.75319,0.00,0.00
2015.02.02 15:44:49.971,12.75152,12.75434,0.00,0.00
2015.02.02 15:44:50.022,12.75148,12.75434,0.00,0.00
2015.02.02 15:44:50.122,12.75151,12.75434,0.00,0.00
2015.02.02 15:44:50.443,12.75151,12.7542,0.00,0.00
2015.02.02 15:44:50.493,12.75151,12.75445,0.00,0.00
2015.02.02 15:44:50.544,12.75191,12.75445,0.00,0.00
2015.02.02 15:44:50.594,12.75191,12.75474,0.00,0.00
2015.02.02 15:44:51.064,12.75191,12.75452,0.00,0.00
2015.02.02 15:44:51.115,12.75151,12.75452,0.00,0.00
2015.02.02 15:44:51.165,12.75151,12.75444,0.00,0.00
2015.02.02 15:44:52.092,12.75102,12.75444,0.00,0.00
2015.02.02 15:44:52.784,12.75138,12.75444,0.00,0.00
2015.02.02 15:44:53.223,12.75102,12.75444,0.00,0.00
2015.02.02 15:44:53.444,12.75149,12.75444,0.00,0.00
2015.02.02 15:44:53.695,12.74939,12.75245,0.00,0.00
2015.02.02 15:44:53.796,12.74866,12.75192,0.00,0.00
2015.02.02 15:44:53.897,12.74831,12.75142,0.00,0.00
2015.02.02 15:44:54.199,12.74689,12.75041,0.00,0.00
2015.02.02 15:44:54.250,12.74671,12.75002,0.00,0.00
2015.02.02 15:44:54.501,12.74601,12.74952,0.00,0.00
2015.02.02 15:44:54.602,12.74621,12.74951,0.00,0.00
2015.02.02 15:44:54.904,12.74729,12.75091,0.00,0.00
2015.02.02 15:44:54.955,12.74782,12.75091,0.00,0.00
2015.02.02 15:44:55.106,12.74782,12.75142,0.00,0.00
2015.02.02 15:44:55.156,12.74831,12.75142,0.00,0.00
2015.02.02 15:44:55.345,12.74838,12.75169,0.00,0.00
2015.02.02 15:44:55.396,12.74871,12.75189,0.00,0.00
2015.02.02 15:44:55.601,12.74889,12.75251,0.00,0.00
2015.02.02 15:44:55.779,12.74938,12.75269,0.00,0.00
2015.02.02 15:44:56.084,12.74972,12.75251,0.00,0.00
2015.02.02 15:44:56.135,12.74889,12.75251,0.00,0.00
2015.02.02 15:44:56.326,12.74939,12.75283,0.00,0.00
2015.02.02 15:44:56.676,12.74971,12.75301,0.00,0.00
2015.02.02 15:44:56.726,12.74988,12.75352,0.00,0.00
2015.02.02 15:44:56.777,12.75038,12.75368,0.00,0.00
2015.02.02 15:44:56.887,12.75038,12.75402,0.00,0.00
2015.02.02 15:44:56.938,12.75071,12.75402,0.00,0.00
2015.02.02 15:44:57.240,12.75071,12.75302,0.00,0.00
2015.02.02 15:44:57.341,12.74991,12.75302,0.00,0.00
2015.02.02 15:44:57.445,12.74951,12.75302,0.00,0.00
2015.02.02 15:44:57.496,12.74902,12.75252,0.00,0.00
2015.02.02 15:44:57.871,12.74992,12.75334,0.00,0.00
2015.02.02 15:44:58.182,12.75072,12.7537,0.00,0.00
2015.02.02 15:44:58.559,12.75072,12.75352,0.00,0.00
2015.02.02 15:44:58.660,12.75042,12.75352,0.00,0.00
2015.02.02 15:44:58.711,12.7503,12.75352,0.00,0.00
2015.02.02 15:44:58.813,12.75038,12.7536,0.00,0.00
2015.02.02 15:44:59.118,12.75172,12.75452,0.00,0.00
2015.02.02 15:44:59.222,12.75132,12.75445,0.00,0.00
2015.02.02 15:44:59.323,12.75281,12.75445,0.00,0.00
2015.02.02 15:44:59.423,12.75281,12.75501,0.00,0.00
2015.02.02 15:44:59.474,12.75281,12.75535,0.00,0.00
2015.02.02 15:44:59.524,12.7533,12.75564,0.00,0.00
2015.02.02 15:44:59.625,12.75371,12.75679,0.00,0.00
2015.02.02 15:44:59.726,12.75371,12.75702,0.00,0.00
2015.02.02 15:44:59.827,12.75278,12.75642,0.00,0.00
2015.02.02 15:44:59.877,12.75242,12.75592,0.00,0.00
2015.02.02 15:45:00.028,12.75191,12.75552,0.00,0.00
2015.02.02 15:45:00.129,12.75188,12.75552,0.00,0.00
2015.02.02 15:45:00.230,12.75228,12.75577,0.00,0.00
2015.02.02 15:45:00.532,12.75231,12.75552,0.00,0.00
2015.02.02 15:45:00.582,12.75232,12.75569,0.00,0.00
2015.02.02 15:45:00.633,12.7524,12.75584,0.00,0.00
2015.02.02 15:45:00.855,12.75251,12.75584,0.00,0.00
2015.02.02 15:45:01.117,12.75241,12.75583,0.00,0.00
2015.02.02 15:45:01.235,12.75278,12.75583,0.00,0.00
2015.02.02 15:45:01.336,12.7528,12.75618,0.00,0.00
2015.02.02 15:45:01.390,12.7528,12.75594,0.00,0.00
2015.02.02 15:45:01.440,12.7525,12.75592,0.00,0.00
2015.02.02 15:45:01.491,12.7529,12.75592,0.00,0.00
2015.02.02 15:45:01.541,12.7529,12.75634,0.00,0.00
2015.02.02 15:45:01.592,12.75329,12.75634,0.00,0.00
2015.02.02 15:45:01.693,12.75338,12.75669,0.00,0.00
2015.02.02 15:45:01.794,12.75279,12.75591,0.00,0.00
2015.02.02 15:45:01.896,12.75279,12.75608,0.00,0.00
2015.02.02 15:45:02.006,12.75288,12.7563,0.00,0.00
2015.02.02 15:45:02.334,12.75371,12.7566,0.00,0.00
2015.02.02 15:45:02.594,12.75371,12.75685,0.00,0.00
2015.02.02 15:45:02.644,12.7538,12.75685,0.00,0.00
2015.02.02 15:45:02.960,12.75362,12.7567,0.00,0.00
2015.02.02 15:45:03.010,12.75362,12.75691,0.00,0.00
2015.02.02 15:45:03.061,12.7538,12.75691,0.00,0.00
2015.02.02 15:45:03.325,12.75341,12.7568,0.00,0.00
2015.02.02 15:45:03.496,12.75338,12.7568,0.00,0.00
2015.02.02 15:45:04.003,12.75292,12.75596,0.00,0.00
2015.02.02 15:45:04.103,12.75241,12.75565,0.00,0.00
2015.02.02 15:45:04.154,12.75329,12.75565,0.00,0.00
2015.02.02 15:45:04.305,12.75359,12.75701,0.00,0.00
2015.02.02 15:45:04.355,12.75379,12.75701,0.00,0.00
2015.02.02 15:45:04.406,12.75388,12.75715,0.00,0.00
2015.02.02 15:45:04.507,12.75351,12.75676,0.00,0.00
2015.02.02 15:45:04.809,12.75381,12.75647,0.00,0.00
2015.02.02 15:45:04.859,12.75308,12.75647,0.00,0.00
2015.02.02 15:45:04.910,12.75293,12.7564,0.00,0.00
2015.02.02 15:45:05.417,12.75281,12.75586,0.00,0.00
2015.02.02 15:45:05.827,12.75282,12.75557,0.00,0.00
2015.02.02 15:45:05.928,12.75271,12.75557,0.00,0.00
2015.02.02 15:45:05.979,12.75271,12.75566,0.00,0.00
2015.02.02 15:45:06.029,12.75279,12.75566,0.00,0.00
2015.02.02 15:45:06.345,12.7528,12.7558,0.00,0.00
2015.02.02 15:45:06.858,12.75279,12.7558,0.00,0.00
2015.02.02 15:45:07.318,12.7533,12.7558,0.00,0.00
2015.02.02 15:45:07.419,12.75332,12.75592,0.00,0.00
2015.02.02 15:45:07.519,12.75332,12.75617,0.00,0.00
2015.02.02 15:45:07.795,12.75338,12.75617,0.00,0.00
2015.02.02 15:45:07.946,12.7538,12.75682,0.00,0.00
2015.02.02 15:45:08.226,12.75382,12.75682,0.00,0.00
2015.02.02 15:45:08.446,12.75379,12.75682,0.00,0.00
2015.02.02 15:45:08.497,12.75451,12.75682,0.00,0.00
2015.02.02 15:45:08.547,12.75451,12.75741,0.00,0.00
2015.02.02 15:45:08.598,12.75471,12.75741,0.00,0.00
2015.02.02 15:45:08.648,12.75471,12.75766,0.00,0.00
2015.02.02 15:45:10.647,12.75451,12.75766,0.00,0.00
2015.02.02 15:45:10.698,12.75451,12.75752,0.00,0.00
2015.02.02 15:45:10.899,12.75451,12.75757,0.00,0.00
2015.02.02 15:45:10.950,12.75451,12.75777,0.00,0.00
2015.02.02 15:45:12.671,12.75479,12.75793,0.00,0.00
2015.02.02 15:45:12.993,12.75838,12.76182,0.00,0.00
2015.02.02 15:45:13.044,12.75838,12.76201,0.00,0.00
2015.02.02 15:45:13.094,12.75881,12.76201,0.00,0.00
2015.02.02 15:45:13.473,12.75879,12.76201,0.00,0.00
2015.02.02 15:45:13.524,12.75888,12.76252,0.00,0.00
2015.02.02 15:45:13.661,12.75938,12.7628,0.00,0.00
2015.02.02 15:45:13.963,12.7597,12.76251,0.00,0.00
2015.02.02 15:45:14.096,12.7593,12.76251,0.00,0.00
2015.02.02 15:45:14.602,12.75929,12.76251,0.00,0.00
2015.02.02 15:45:14.913,12.75911,12.76251,0.00,0.00
2015.02.02 15:45:14.963,12.75911,12.76202,0.00,0.00
2015.02.02 15:45:15.064,12.7589,12.76202,0.00,0.00
2015.02.02 15:45:15.171,12.7589,12.76252,0.00,0.00
2015.02.02 15:45:15.223,12.75919,12.76252,0.00,0.00
2015.02.02 15:45:15.525,12.7583,12.76092,0.00,0.00
2015.02.02 15:45:15.576,12.75742,12.76063,0.00,0.00
2015.02.02 15:45:15.626,12.75741,12.76051,0.00,0.00
2015.02.02 15:45:15.724,12.7573,12.76051,0.00,0.00
2015.02.02 15:45:15.775,12.75729,12.76038,0.00,0.00
2015.02.02 15:45:15.876,12.75661,12.76002,0.00,0.00
2015.02.02 15:45:15.977,12.75721,12.76052,0.00,0.00
2015.02.02 15:45:16.045,12.75728,12.76092,0.00,0.00
2015.02.02 15:45:16.146,12.75771,12.76092,0.00,0.00
2015.02.02 15:45:16.507,12.75779,12.76141,0.00,0.00
2015.02.02 15:45:16.608,12.75822,12.76141,0.00,0.00
2015.02.02 15:45:16.717,12.75822,12.76201,0.00,0.00
2015.02.02 15:45:16.771,12.7583,12.76172,0.00,0.00
2015.02.02 15:45:16.871,12.75849,12.76193,0.00,0.00
2015.02.02 15:45:16.972,12.75849,12.76162,0.00,0.00
2015.02.02 15:45:17.073,12.75871,12.76193,0.00,0.00
2015.02.02 15:45:17.123,12.759,12.76212,0.00,0.00
2015.02.02 15:45:17.425,12.7573,12.76053,0.00,0.00
2015.02.02 15:45:17.475,12.75788,12.76053,0.00,0.00
2015.02.02 15:45:17.827,12.75738,12.76027,0.00,0.00
2015.02.02 15:45:17.879,12.75738,12.75967,0.00,0.00
2015.02.02 15:45:17.930,12.75689,12.75967,0.00,0.00
2015.02.02 15:45:17.980,12.75689,12.75947,0.00,0.00
2015.02.02 15:45:18.031,12.75639,12.75947,0.00,0.00
2015.02.02 15:45:18.081,12.75639,12.75892,0.00,0.00
2015.02.02 15:45:18.233,12.75672,12.75964,0.00,0.00
2015.02.02 15:45:18.444,12.75638,12.75964,0.00,0.00
2015.02.02 15:45:18.545,12.75588,12.75948,0.00,0.00
2015.02.02 15:45:18.595,12.75639,12.75948,0.00,0.00
2015.02.02 15:45:18.897,12.75589,12.75844,0.00,0.00
2015.02.02 15:45:18.948,12.75538,12.75844,0.00,0.00
2015.02.02 15:45:19.015,12.75589,12.75844,0.00,0.00
2015.02.02 15:45:19.115,12.75589,12.75868,0.00,0.00
2015.02.02 15:45:19.222,12.75589,12.75904,0.00,0.00
2015.02.02 15:45:19.323,12.75538,12.75854,0.00,0.00
2015.02.02 15:45:19.373,12.75588,12.75854,0.00,0.00
2015.02.02 15:45:19.424,12.75588,12.75879,0.00,0.00
2015.02.02 15:45:19.525,12.75488,12.75834,0.00,0.00
2015.02.02 15:45:19.575,12.7539,12.75691,0.00,0.00
2015.02.02 15:45:19.626,12.75382,12.75691,0.00,0.00
2015.02.02 15:45:19.727,12.75329,12.75594,0.00,0.00
2015.02.02 15:45:19.828,12.75238,12.75602,0.00,0.00
2015.02.02 15:45:19.878,12.7524,12.75602,0.00,0.00
2015.02.02 15:45:20.180,12.75138,12.75477,0.00,0.00
2015.02.02 15:45:20.281,12.7509,12.75433,0.00,0.00
2015.02.02 15:45:20.420,12.75089,12.75393,0.00,0.00
2015.02.02 15:45:20.766,12.75138,12.75413,0.00,0.00
2015.02.02 15:45:20.816,12.75142,12.75433,0.00,0.00
2015.02.02 15:45:21.239,12.75188,12.75433,0.00,0.00
2015.02.02 15:45:21.340,12.75188,12.75492,0.00,0.00
2015.02.02 15:45:21.458,12.75182,12.75492,0.00,0.00
2015.02.02 15:45:21.509,12.75182,12.75467,0.00,0.00
2015.02.02 15:45:21.610,12.75188,12.75492,0.00,0.00
2015.02.02 15:45:21.710,12.75192,12.75492,0.00,0.00
2015.02.02 15:45:22.014,12.75189,12.75487,0.00,0.00
2015.02.02 15:45:22.099,12.7518,12.75487,0.00,0.00
2015.02.02 15:45:22.149,12.75191,12.75487,0.00,0.00
2015.02.02 15:45:22.782,12.75145,12.75422,0.00,0.00
2015.02.02 15:45:22.883,12.75031,12.75361,0.00,0.00
2015.02.02 15:45:22.933,12.75031,12.75343,0.00,0.00
2015.02.02 15:45:23.140,12.75082,12.75397,0.00,0.00
2015.02.02 15:45:23.342,12.75081,12.75362,0.00,0.00
2015.02.02 15:45:23.442,12.75054,12.75362,0.00,0.00
2015.02.02 15:45:23.543,12.7505,12.75352,0.00,0.00
2015.02.02 15:45:24.066,12.75049,12.75352,0.00,0.00
2015.02.02 15:45:24.275,12.75049,12.75372,0.00,0.00
2015.02.02 15:45:24.326,12.75081,12.75372,0.00,0.00
2015.02.02 15:45:24.376,12.75081,12.75383,0.00,0.00
2015.02.02 15:45:24.477,12.75081,12.75411,0.00,0.00
2015.02.02 15:45:24.578,12.7509,12.75432,0.00,0.00
2015.02.02 15:45:24.628,12.7513,12.75432,0.00,0.00
2015.02.02 15:45:24.679,12.75131,12.75458,0.00,0.00
2015.02.02 15:45:24.729,12.75131,12.75388,0.00,0.00
2015.02.02 15:45:24.780,12.751,12.75388,0.00,0.00
2015.02.02 15:45:24.881,12.75029,12.75347,0.00,0.00
2015.02.02 15:45:24.981,12.74985,12.75272,0.00,0.00
2015.02.02 15:45:25.082,12.74999,12.75343,0.00,0.00
2015.02.02 15:45:25.480,12.75011,12.75355,0.00,0.00
2015.02.02 15:45:25.915,12.75062,12.75366,0.00,0.00
2015.02.02 15:45:26.094,12.75081,12.75407,0.00,0.00
2015.02.02 15:45:26.152,12.75083,12.75422,0.00,0.00
2015.02.02 15:45:26.203,12.75083,12.75427,0.00,0.00
2015.02.02 15:45:26.354,12.75119,12.75427,0.00,0.00
2015.02.02 15:45:26.505,12.75119,12.75463,0.00,0.00
2015.02.02 15:45:26.555,12.75119,12.75447,0.00,0.00
2015.02.02 15:45:26.656,12.75128,12.75467,0.00,0.00
2015.02.02 15:45:26.706,12.75172,12.75467,0.00,0.00
2015.02.02 15:45:26.976,12.75172,12.75483,0.00,0.00
2015.02.02 15:45:27.179,12.75129,12.75462,0.00,0.00
2015.02.02 15:45:27.230,12.7512,12.75462,0.00,0.00
2015.02.02 15:45:27.280,12.75082,12.75412,0.00,0.00
2015.02.02 15:45:27.355,12.7509,12.75432,0.00,0.00
2015.02.02 15:45:27.456,12.75082,12.75418,0.00,0.00
2015.02.02 15:45:27.506,12.75074,12.75418,0.00,0.00
2015.02.02 15:45:27.557,12.75028,12.75327,0.00,0.00
2015.02.02 15:45:27.607,12.74992,12.75312,0.00,0.00
2015.02.02 15:45:27.658,12.74992,12.75258,0.00,0.00
2015.02.02 15:45:27.709,12.7498,12.75258,0.00,0.00
2015.02.02 15:45:27.810,12.74981,12.75323,0.00,0.00
2015.02.02 15:45:28.052,12.75071,12.75323,0.00,0.00
2015.02.02 15:45:28.102,12.75071,12.75338,0.00,0.00
2015.02.02 15:45:28.153,12.75021,12.75338,0.00,0.00
2015.02.02 15:45:28.254,12.75004,12.75348,0.00,0.00
2015.02.02 15:45:28.304,12.74992,12.75277,0.00,0.00
2015.02.02 15:45:28.405,12.74929,12.75227,0.00,0.00
2015.02.02 15:45:28.512,12.74901,12.75227,0.00,0.00
2015.02.02 15:45:28.562,12.74901,12.75213,0.00,0.00
2015.02.02 15:45:28.864,12.74971,12.75273,0.00,0.00
2015.02.02 15:45:28.915,12.74932,12.75259,0.00,0.00
2015.02.02 15:45:29.015,12.74902,12.7524,0.00,0.00
2015.02.02 15:45:29.066,12.74871,12.75188,0.00,0.00
2015.02.02 15:45:29.277,12.74876,12.75212,0.00,0.00
2015.02.02 15:45:29.383,12.7485,12.75112,0.00,0.00
2015.02.02 15:45:29.485,12.74809,12.75128,0.00,0.00
2015.02.02 15:45:29.539,12.74784,12.75128,0.00,0.00
2015.02.02 15:45:29.590,12.74822,12.75128,0.00,0.00
2015.02.02 15:45:29.696,12.74822,12.75153,0.00,0.00
2015.02.02 15:45:29.861,12.74822,12.75161,0.00,0.00
2015.02.02 15:45:29.912,12.74832,12.75166,0.00,0.00
2015.02.02 15:45:30.346,12.74822,12.75111,0.00,0.00
2015.02.02 15:45:30.447,12.74776,12.75111,0.00,0.00
2015.02.02 15:45:30.497,12.74772,12.75064,0.00,0.00
2015.02.02 15:45:30.598,12.74722,12.7505,0.00,0.00
2015.02.02 15:45:30.663,12.74722,12.7502,0.00,0.00
2015.02.02 15:45:30.764,12.74747,12.75089,0.00,0.00
2015.02.02 15:45:30.815,12.74872,12.75089,0.00,0.00
2015.02.02 15:45:30.865,12.74872,12.75179,0.00,0.00
2015.02.02 15:45:31.339,12.74837,12.75112,0.00,0.00
2015.02.02 15:45:31.390,12.7481,12.75112,0.00,0.00
2015.02.02 15:45:31.441,12.74786,12.75112,0.00,0.00
2015.02.02 15:45:31.542,12.74726,12.75061,0.00,0.00
2015.02.02 15:45:31.592,12.74677,12.74972,0.00,0.00
2015.02.02 15:45:31.844,12.74427,12.74771,0.00,0.00
2015.02.02 15:45:31.895,12.74471,12.74751,0.00,0.00
2015.02.02 15:45:31.995,12.74419,12.74768,0.00,0.00
2015.02.02 15:45:32.096,12.74521,12.74821,0.00,0.00
2015.02.02 15:45:32.147,12.74521,12.74835,0.00,0.00
2015.02.02 15:45:32.198,12.74521,12.74861,0.00,0.00
2015.02.02 15:45:32.417,12.74521,12.7483,0.00,0.00
2015.02.02 15:45:32.517,12.74532,12.74871,0.00,0.00
2015.02.02 15:45:32.568,12.74508,12.74822,0.00,0.00
2015.02.02 15:45:32.674,12.74492,12.74821,0.00,0.00
2015.02.02 15:45:32.879,12.74494,12.74822,0.00,0.00
2015.02.02 15:45:33.213,12.74559,12.74861,0.00,0.00
2015.02.02 15:45:33.414,12.74573,12.74917,0.00,0.00
2015.02.02 15:45:33.465,12.7465,12.74917,0.00,0.00
2015.02.02 15:45:33.515,12.7465,12.74972,0.00,0.00
2015.02.02 15:45:33.566,12.74671,12.74985,0.00,0.00
2015.02.02 15:45:33.616,12.7468,12.75022,0.00,0.00
2015.02.02 15:45:33.667,12.74721,12.75022,0.00,0.00
2015.02.02 15:45:33.717,12.74721,12.75026,0.00,0.00
2015.02.02 15:45:33.768,12.7476,12.75026,0.00,0.00
2015.02.02 15:45:33.818,12.7476,12.75044,0.00,0.00
2015.02.02 15:45:33.869,12.74771,12.75044,0.00,0.00
2015.02.02 15:45:33.919,12.74771,12.75092,0.00,0.00
2015.02.02 15:45:33.972,12.74771,12.75111,0.00,0.00
2015.02.02 15:45:34.102,12.74822,12.75125,0.00,0.00
2015.02.02 15:45:34.307,12.74888,12.75225,0.00,0.00
2015.02.02 15:45:34.966,12.74883,12.75221,0.00,0.00
2015.02.02 15:45:35.659,12.74883,12.75222,0.00,0.00
2015.02.02 15:45:36.380,12.74872,12.75194,0.00,0.00
2015.02.02 15:45:36.885,12.74871,12.75194,0.00,0.00
2015.02.02 15:45:36.986,12.74829,12.75158,0.00,0.00
2015.02.02 15:45:37.098,12.74781,12.75102,0.00,0.00
2015.02.02 15:45:37.199,12.74721,12.75062,0.00,0.00
2015.02.02 15:45:37.308,12.74721,12.75057,0.00,0.00
2015.02.02 15:45:37.645,12.74721,12.75022,0.00,0.00
2015.02.02 15:45:37.746,12.74671,12.75012,0.00,0.00
2015.02.02 15:45:37.796,12.74671,12.75002,0.00,0.00
2015.02.02 15:45:37.948,12.7469,12.75022,0.00,0.00
2015.02.02 15:45:37.998,12.74672,12.74971,0.00,0.00
2015.02.02 15:45:38.099,12.74571,12.74887,0.00,0.00
2015.02.02 15:45:39.639,12.74671,12.74887,0.00,0.00
2015.02.02 15:45:39.690,12.74721,12.75022,0.00,0.00
2015.02.02 15:45:39.741,12.74721,12.75047,0.00,0.00
2015.02.02 15:45:40.012,12.74729,12.75072,0.00,0.00
2015.02.02 15:45:40.474,12.74729,12.75022,0.00,0.00
2015.02.02 15:45:40.525,12.74698,12.75022,0.00,0.00
2015.02.02 15:45:40.595,12.74682,12.75018,0.00,0.00
2015.02.02 15:45:40.695,12.74676,12.75018,0.00,0.00
2015.02.02 15:45:40.746,12.74671,12.75005,0.00,0.00
2015.02.02 15:45:40.897,12.74676,12.7502,0.00,0.00
2015.02.02 15:45:40.998,12.74699,12.75043,0.00,0.00
2015.02.02 15:45:41.302,12.74625,12.74969,0.00,0.00
2015.02.02 15:45:41.651,12.74632,12.74969,0.00,0.00
2015.02.02 15:45:41.955,12.74582,12.74891,0.00,0.00
2015.02.02 15:45:42.012,12.74589,12.74921,0.00,0.00
2015.02.02 15:45:42.113,12.746,12.74921,0.00,0.00
2015.02.02 15:45:42.225,12.74532,12.74863,0.00,0.00
2015.02.02 15:45:42.328,12.74492,12.74815,0.00,0.00
2015.02.02 15:45:42.379,12.74481,12.74815,0.00,0.00
2015.02.02 15:45:42.429,12.74498,12.74821,0.00,0.00
2015.02.02 15:45:42.530,12.74531,12.74872,0.00,0.00
2015.02.02 15:45:42.631,12.74532,12.74726,0.00,0.00
2015.02.02 15:45:42.681,12.7448,12.74722,0.00,0.00
2015.02.02 15:45:42.732,12.74381,12.74697,0.00,0.00
2015.02.02 15:45:42.782,12.74381,12.74612,0.00,0.00
2015.02.02 15:45:42.883,12.74331,12.74612,0.00,0.00
2015.02.02 15:45:42.934,12.74271,12.74606,0.00,0.00
2015.02.02 15:45:42.985,12.74262,12.74606,0.00,0.00
2015.02.02 15:45:43.036,12.74261,12.74612,0.00,0.00
2015.02.02 15:45:43.137,12.74281,12.74662,0.00,0.00
2015.02.02 15:45:43.205,12.74261,12.74639,0.00,0.00
2015.02.02 15:45:43.514,12.74261,12.74421,0.00,0.00
2015.02.02 15:45:43.564,12.74171,12.74521,0.00,0.00
2015.02.02 15:45:43.668,12.74162,12.74521,0.00,0.00
2015.02.02 15:45:43.769,12.74168,12.74538,0.00,0.00
2015.02.02 15:45:43.819,12.74168,12.74488,0.00,0.00
2015.02.02 15:45:43.920,12.74099,12.74471,0.00,0.00
2015.02.02 15:45:43.971,12.74082,12.74471,0.00,0.00
2015.02.02 15:45:44.122,12.74119,12.74498,0.00,0.00
2015.02.02 15:45:44.323,12.74079,12.74468,0.00,0.00
2015.02.02 15:45:44.374,12.74072,12.74408,0.00,0.00
2015.02.02 15:45:44.424,12.74068,12.74408,0.00,0.00
2015.02.02 15:45:44.475,12.7401,12.74352,0.00,0.00
2015.02.02 15:45:44.537,12.74027,12.74371,0.00,0.00
2015.02.02 15:45:44.638,12.73996,12.7434,0.00,0.00
2015.02.02 15:45:44.957,12.74108,12.74421,0.00,0.00
2015.02.02 15:45:45.158,12.74092,12.74421,0.00,0.00
2015.02.02 15:45:45.259,12.74077,12.74419,0.00,0.00
2015.02.02 15:45:45.309,12.74077,12.74372,0.00,0.00
2015.02.02 15:45:45.360,12.7406,12.74366,0.00,0.00
2015.02.02 15:45:45.461,12.74029,12.74348,0.00,0.00
2015.02.02 15:45:45.562,12.7403,12.74372,0.00,0.00
2015.02.02 15:45:45.612,12.74099,12.74372,0.00,0.00
2015.02.02 15:45:45.663,12.74121,12.74422,0.00,0.00
2015.02.02 15:45:46.029,12.73984,12.74328,0.00,0.00
2015.02.02 15:45:46.080,12.73971,12.7427,0.00,0.00
2015.02.02 15:45:46.130,12.73926,12.7427,0.00,0.00
2015.02.02 15:45:46.181,12.73909,12.74253,0.00,0.00
2015.02.02 15:45:46.504,12.73871,12.74209,0.00,0.00
2015.02.02 15:45:46.655,12.739,12.74244,0.00,0.00
2015.02.02 15:45:46.706,12.73926,12.74268,0.00,0.00
2015.02.02 15:45:47.037,12.73909,12.74251,0.00,0.00
2015.02.02 15:45:47.339,12.73822,12.74161,0.00,0.00
2015.02.02 15:45:47.490,12.73807,12.74151,0.00,0.00
2015.02.02 15:45:47.746,12.73807,12.74112,0.00,0.00
2015.02.02 15:45:47.847,12.7384,12.74162,0.00,0.00
2015.02.02 15:45:47.898,12.73823,12.74162,0.00,0.00
2015.02.02 15:45:47.998,12.7381,12.74152,0.00,0.00
2015.02.02 15:45:48.099,12.73825,12.74162,0.00,0.00
2015.02.02 15:45:48.307,12.73825,12.74169,0.00,0.00
2015.02.02 15:45:48.358,12.73829,12.74169,0.00,0.00
2015.02.02 15:45:48.510,12.73925,12.74269,0.00,0.00
2015.02.02 15:45:49.028,12.73915,12.74257,0.00,0.00
2015.02.02 15:45:49.331,12.73926,12.74268,0.00,0.00
2015.02.02 15:45:49.636,12.73852,12.74162,0.00,0.00
2015.02.02 15:45:50.006,12.73872,12.74162,0.00,0.00
2015.02.02 15:45:50.056,12.73872,12.7421,0.00,0.00
2015.02.02 15:45:50.107,12.73881,12.74212,0.00,0.00
2015.02.02 15:45:50.424,12.73892,12.74212,0.00,0.00
2015.02.02 15:45:50.585,12.73923,12.74262,0.00,0.00
2015.02.02 15:45:50.736,12.73923,12.74211,0.00,0.00
2015.02.02 15:45:50.896,12.73892,12.74211,0.00,0.00
2015.02.02 15:45:50.946,12.73892,12.74162,0.00,0.00
2015.02.02 15:45:51.047,12.73861,12.74162,0.00,0.00
2015.02.02 15:45:51.405,12.73886,12.74162,0.00,0.00
2015.02.02 15:45:52.801,12.73874,12.74162,0.00,0.00
2015.02.02 15:45:53.096,12.73871,12.74155,0.00,0.00
2015.02.02 15:45:53.147,12.73811,12.74102,0.00,0.00
2015.02.02 15:45:53.197,12.73827,12.74102,0.00,0.00
2015.02.02 15:45:53.530,12.73947,12.74162,0.00,0.00
2015.02.02 15:45:53.581,12.73947,12.74261,0.00,0.00
2015.02.02 15:45:53.732,12.73971,12.74261,0.00,0.00
2015.02.02 15:45:54.037,12.73749,12.74052,0.00,0.00
2015.02.02 15:45:54.594,12.73752,12.74052,0.00,0.00
2015.02.02 15:45:55.204,12.73741,12.74052,0.00,0.00
2015.02.02 15:45:55.255,12.73721,12.74012,0.00,0.00
2015.02.02 15:45:55.594,12.73682,12.73961,0.00,0.00
2015.02.02 15:45:56.130,12.73681,12.73961,0.00,0.00
2015.02.02 15:45:56.648,12.73682,12.73961,0.00,0.00
2015.02.02 15:45:57.305,12.73672,12.73961,0.00,0.00
2015.02.02 15:45:57.517,12.73672,12.73911,0.00,0.00
2015.02.02 15:45:57.651,12.73571,12.73862,0.00,0.00
2015.02.02 15:45:58.653,12.73572,12.73862,0.00,0.00
2015.02.02 15:45:59.605,12.73571,12.73862,0.00,0.00
2015.02.02 15:46:00.413,12.73509,12.73811,0.00,0.00
2015.02.02 15:46:00.471,12.73499,12.73811,0.00,0.00
2015.02.02 15:46:00.521,12.73527,12.73812,0.00,0.00
2015.02.02 15:46:02.017,12.73581,12.73812,0.00,0.00
2015.02.02 15:46:02.068,12.73581,12.73862,0.00,0.00
2015.02.02 15:46:02.118,12.73616,12.73862,0.00,0.00
2015.02.02 15:46:02.411,12.73591,12.73862,0.00,0.00
2015.02.02 15:46:02.826,12.73612,12.73911,0.00,0.00
2015.02.02 15:46:02.927,12.73626,12.73911,0.00,0.00
2015.02.02 15:46:04.335,12.73626,12.73961,0.00,0.00
2015.02.02 15:46:04.436,12.73727,12.73961,0.00,0.00
2015.02.02 15:46:04.597,12.73727,12.74011,0.00,0.00
2015.02.02 15:46:04.774,12.73727,12.73961,0.00,0.00
2015.02.02 15:46:04.825,12.73699,12.73961,0.00,0.00
2015.02.02 15:46:04.995,12.73699,12.74011,0.00,0.00
2015.02.02 15:46:05.046,12.73716,12.74011,0.00,0.00
2015.02.02 15:46:05.417,12.73667,12.73962,0.00,0.00
2015.02.02 15:46:05.568,12.73686,12.74012,0.00,0.00
2015.02.02 15:46:05.619,12.73716,12.74012,0.00,0.00
2015.02.02 15:46:05.966,12.73772,12.74011,0.00,0.00
2015.02.02 15:46:06.017,12.73772,12.74052,0.00,0.00
2015.02.02 15:46:06.646,12.73782,12.74052,0.00,0.00
2015.02.02 15:46:07.218,12.73781,12.74052,0.00,0.00
2015.02.02 15:46:07.535,12.73744,12.74012,0.00,0.00
2015.02.02 15:46:07.636,12.73721,12.74012,0.00,0.00
2015.02.02 15:46:08.984,12.73781,12.74052,0.00,0.00
2015.02.02 15:46:09.311,12.73741,12.74012,0.00,0.00
2015.02.02 15:46:09.730,12.73718,12.74012,0.00,0.00
2015.02.02 15:46:09.931,12.73696,12.74012,0.00,0.00
2015.02.02 15:46:09.982,12.73696,12.73962,0.00,0.00
2015.02.02 15:46:10.032,12.73684,12.73962,0.00,0.00
2015.02.02 15:46:10.232,12.73681,12.73962,0.00,0.00
2015.02.02 15:46:10.352,12.73673,12.73962,0.00,0.00
2015.02.02 15:46:10.452,12.73726,12.74012,0.00,0.00
2015.02.02 15:46:10.934,12.73699,12.74012,0.00,0.00
2015.02.02 15:46:11.035,12.73715,12.74012,0.00,0.00
2015.02.02 15:46:11.236,12.73707,12.74012,0.00,0.00
2015.02.02 15:46:11.286,12.73707,12.73961,0.00,0.00
2015.02.02 15:46:11.337,12.73685,12.73961,0.00,0.00
2015.02.02 15:46:11.781,12.73683,12.73961,0.00,0.00
2015.02.02 15:46:12.036,12.73697,12.73961,0.00,0.00
2015.02.02 15:46:13.280,12.73676,12.73961,0.00,0.00
2015.02.02 15:46:13.381,12.73682,12.73961,0.00,0.00
2015.02.02 15:46:13.703,12.73691,12.73961,0.00,0.00
2015.02.02 15:46:13.904,12.73691,12.74012,0.00,0.00
2015.02.02 15:46:13.955,12.73711,12.74012,0.00,0.00
2015.02.02 15:46:14.345,12.73727,12.74012,0.00,0.00
2015.02.02 15:46:14.539,12.73723,12.74012,0.00,0.00
2015.02.02 15:46:15.836,12.73723,12.74065,0.00,0.00
2015.02.02 15:46:17.394,12.73701,12.74021,0.00,0.00
2015.02.02 15:46:17.495,12.73677,12.74019,0.00,0.00
2015.02.02 15:46:17.666,12.73672,12.74008,0.00,0.00
2015.02.02 15:46:17.971,12.73683,12.74021,0.00,0.00
2015.02.02 15:46:18.072,12.73707,12.74049,0.00,0.00
2015.02.02 15:46:18.122,12.73771,12.74049,0.00,0.00
2015.02.02 15:46:18.173,12.73788,12.74112,0.00,0.00
2015.02.02 15:46:18.375,12.73799,12.74142,0.00,0.00
2015.02.02 15:46:18.475,12.73828,12.74162,0.00,0.00
2015.02.02 15:46:19.435,12.7384,12.74162,0.00,0.00
2015.02.02 15:46:19.888,12.73782,12.74099,0.00,0.00
2015.02.02 15:46:20.234,12.73782,12.74022,0.00,0.00
2015.02.02 15:46:20.285,12.73769,12.74022,0.00,0.00
2015.02.02 15:46:20.386,12.73733,12.74062,0.00,0.00
2015.02.02 15:46:20.504,12.73719,12.74062,0.00,0.00
2015.02.02 15:46:20.605,12.73741,12.74062,0.00,0.00
2015.02.02 15:46:20.905,12.73718,12.74062,0.00,0.00
2015.02.02 15:46:21.271,12.73718,12.74021,0.00,0.00
2015.02.02 15:46:21.321,12.73682,12.74019,0.00,0.00
2015.02.02 15:46:21.507,12.73682,12.74005,0.00,0.00
2015.02.02 15:46:21.843,12.73682,12.7402,0.00,0.00
2015.02.02 15:46:21.996,12.73682,12.73971,0.00,0.00
2015.02.02 15:46:22.047,12.73662,12.73969,0.00,0.00
2015.02.02 15:46:22.148,12.73579,12.73911,0.00,0.00
2015.02.02 15:46:22.717,12.73579,12.73892,0.00,0.00
2015.02.02 15:46:22.918,12.73579,12.73923,0.00,0.00
2015.02.02 15:46:22.968,12.73589,12.73923,0.00,0.00
2015.02.02 15:46:23.019,12.7361,12.73954,0.00,0.00
2015.02.02 15:46:23.535,12.73629,12.73954,0.00,0.00
2015.02.02 15:46:23.841,12.73672,12.73996,0.00,0.00
2015.02.02 15:46:23.912,12.73672,12.74007,0.00,0.00
2015.02.02 15:46:24.151,12.73671,12.73993,0.00,0.00
2015.02.02 15:46:24.698,12.73672,12.73993,0.00,0.00
2015.02.02 15:46:24.749,12.73672,12.74012,0.00,0.00
2015.02.02 15:46:25.155,12.73672,12.74,0.00,0.00
2015.02.02 15:46:25.417,12.73719,12.74052,0.00,0.00
2015.02.02 15:46:25.518,12.73729,12.74073,0.00,0.00
2015.02.02 15:46:25.638,12.73729,12.74061,0.00,0.00
2015.02.02 15:46:25.738,12.7369,12.74029,0.00,0.00
2015.02.02 15:46:26.167,12.73706,12.7405,0.00,0.00
2015.02.02 15:46:26.554,12.73706,12.74021,0.00,0.00
2015.02.02 15:46:26.655,12.73682,12.74019,0.00,0.00
2015.02.02 15:46:26.820,12.73682,12.73995,0.00,0.00
2015.02.02 15:46:27.020,12.73682,12.74021,0.00,0.00
2015.02.02 15:46:27.137,12.73682,12.73995,0.00,0.00
2015.02.02 15:46:27.339,12.737,12.74041,0.00,0.00
2015.02.02 15:46:27.443,12.7371,12.74054,0.00,0.00
2015.02.02 15:46:27.854,12.73699,12.74038,0.00,0.00
2015.02.02 15:46:27.955,12.73713,12.74055,0.00,0.00
2015.02.02 15:46:28.722,12.73712,12.74056,0.00,0.00
2015.02.02 15:46:29.629,12.73699,12.74029,0.00,0.00
2015.02.02 15:46:29.914,12.73628,12.73966,0.00,0.00
2015.02.02 15:46:30.015,12.73612,12.73956,0.00,0.00
2015.02.02 15:46:30.065,12.73581,12.73896,0.00,0.00
2015.02.02 15:46:30.116,12.73571,12.73896,0.00,0.00
2015.02.02 15:46:30.166,12.73571,12.73885,0.00,0.00
2015.02.02 15:46:30.686,12.73572,12.73885,0.00,0.00
2015.02.02 15:46:30.737,12.73571,12.73915,0.00,0.00
2015.02.02 15:46:30.839,12.73589,12.7393,0.00,0.00
2015.02.02 15:46:31.199,12.73602,12.73922,0.00,0.00
2015.02.02 15:46:31.582,12.73581,12.7392,0.00,0.00
2015.02.02 15:46:31.682,12.73579,12.73891,0.00,0.00
2015.02.02 15:46:31.884,12.73671,12.74006,0.00,0.00
2015.02.02 15:46:32.087,12.73669,12.74006,0.00,0.00
2015.02.02 15:46:32.138,12.73661,12.73992,0.00,0.00
2015.02.02 15:46:32.339,12.73664,12.74006,0.00,0.00
2015.02.02 15:46:32.536,12.73661,12.73991,0.00,0.00
2015.02.02 15:46:32.847,12.73663,12.74005,0.00,0.00
2015.02.02 15:46:33.140,12.73661,12.73994,0.00,0.00
2015.02.02 15:46:33.240,12.73672,12.74016,0.00,0.00
2015.02.02 15:46:33.444,12.73662,12.73989,0.00,0.00
2015.02.02 15:46:33.815,12.73645,12.73989,0.00,0.00
2015.02.02 15:46:33.866,12.7363,12.73963,0.00,0.00
2015.02.02 15:46:34.172,12.73661,12.73948,0.00,0.00
2015.02.02 15:46:34.273,12.73629,12.73948,0.00,0.00
2015.02.02 15:46:34.374,12.73591,12.73933,0.00,0.00
2015.02.02 15:46:35.116,12.73591,12.73922,0.00,0.00
2015.02.02 15:46:35.337,12.73516,12.73858,0.00,0.00
2015.02.02 15:46:36.846,12.73516,12.73811,0.00,0.00
2015.02.02 15:46:36.896,12.7349,12.73811,0.00,0.00
2015.02.02 15:46:36.997,12.73482,12.73784,0.00,0.00
2015.02.02 15:46:37.047,12.73461,12.73784,0.00,0.00
2015.02.02 15:46:37.098,12.73461,12.73802,0.00,0.00
2015.02.02 15:46:37.199,12.73461,12.738,0.00,0.00
2015.02.02 15:46:37.567,12.73461,12.73795,0.00,0.00
2015.02.02 15:46:37.943,12.7341,12.73738,0.00,0.00
2015.02.02 15:46:38.569,12.73423,12.73765,0.00,0.00
2015.02.02 15:46:39.171,12.7341,12.73734,0.00,0.00
2015.02.02 15:46:39.507,12.73369,12.73687,0.00,0.00
2015.02.02 15:46:39.782,12.73279,12.73612,0.00,0.00
2015.02.02 15:46:39.866,12.73281,12.73612,0.00,0.00
2015.02.02 15:46:40.291,12.7332,12.73612,0.00,0.00
2015.02.02 15:46:40.374,12.73305,12.73612,0.00,0.00
2015.02.02 15:46:40.475,12.7332,12.73612,0.00,0.00
2015.02.02 15:46:40.821,12.73335,12.73662,0.00,0.00
2015.02.02 15:46:40.922,12.73353,12.73695,0.00,0.00
2015.02.02 15:46:40.972,12.73372,12.73695,0.00,0.00
2015.02.02 15:46:41.195,12.73413,12.73757,0.00,0.00
2015.02.02 15:46:41.878,12.73426,12.7377,0.00,0.00
2015.02.02 15:46:42.273,12.73516,12.7386,0.00,0.00
2015.02.02 15:46:42.579,12.73482,12.73794,0.00,0.00
2015.02.02 15:46:42.630,12.73468,12.73794,0.00,0.00
2015.02.02 15:46:42.731,12.73461,12.73794,0.00,0.00
2015.02.02 15:46:43.080,12.73464,12.73808,0.00,0.00
2015.02.02 15:46:43.189,12.73486,12.73811,0.00,0.00
2015.02.02 15:46:43.393,12.73472,12.73798,0.00,0.00
2015.02.02 15:46:43.648,12.73462,12.73798,0.00,0.00
2015.02.02 15:46:43.699,12.73462,12.73784,0.00,0.00
2015.02.02 15:46:43.749,12.73459,12.73784,0.00,0.00
2015.02.02 15:46:43.800,12.73415,12.73759,0.00,0.00
2015.02.02 15:46:44.543,12.73415,12.73712,0.00,0.00
2015.02.02 15:46:44.594,12.73391,12.73694,0.00,0.00
2015.02.02 15:46:44.695,12.73362,12.73694,0.00,0.00
2015.02.02 15:46:45.244,12.73361,12.73694,0.00,0.00
2015.02.02 15:46:45.792,12.73362,12.73694,0.00,0.00
2015.02.02 15:46:46.087,12.73361,12.73705,0.00,0.00
2015.02.02 15:46:46.137,12.73371,12.73705,0.00,0.00
2015.02.02 15:46:46.188,12.73376,12.73712,0.00,0.00
2015.02.02 15:46:46.389,12.73362,12.73699,0.00,0.00
2015.02.02 15:46:46.490,12.73373,12.73712,0.00,0.00
2015.02.02 15:46:46.889,12.73362,12.73699,0.00,0.00
2015.02.02 15:46:47.555,12.73361,12.73699,0.00,0.00
2015.02.02 15:46:47.886,12.73391,12.73712,0.00,0.00
2015.02.02 15:46:48.004,12.73383,12.73725,0.00,0.00
2015.02.02 15:46:48.111,12.73371,12.73712,0.00,0.00
2015.02.02 15:46:48.520,12.73383,12.73725,0.00,0.00
2015.02.02 15:46:48.692,12.73432,12.73768,0.00,0.00
2015.02.02 15:46:48.743,12.73432,12.73772,0.00,0.00
2015.02.02 15:46:48.794,12.7341,12.73754,0.00,0.00
2015.02.02 15:46:48.943,12.73419,12.73754,0.00,0.00
2015.02.02 15:46:49.145,12.73525,12.73861,0.00,0.00
2015.02.02 15:46:49.493,12.73525,12.73812,0.00,0.00
2015.02.02 15:46:49.543,12.73488,12.73812,0.00,0.00
2015.02.02 15:46:49.594,12.73499,12.73812,0.00,0.00
2015.02.02 15:46:49.644,12.73499,12.73832,0.00,0.00
2015.02.02 15:46:50.060,12.73499,12.73811,0.00,0.00
2015.02.02 15:46:50.362,12.73462,12.73752,0.00,0.00
2015.02.02 15:46:50.463,12.73418,12.7374,0.00,0.00
2015.02.02 15:46:50.514,12.734,12.7374,0.00,0.00
2015.02.02 15:46:50.598,12.73416,12.73758,0.00,0.00
2015.02.02 15:46:50.828,12.73399,12.73737,0.00,0.00
2015.02.02 15:46:51.130,12.73371,12.73699,0.00,0.00
2015.02.02 15:46:51.416,12.73362,12.73699,0.00,0.00
2015.02.02 15:46:51.602,12.73371,12.73712,0.00,0.00
2015.02.02 15:46:51.903,12.73362,12.73691,0.00,0.00
2015.02.02 15:46:54.108,12.73363,12.73705,0.00,0.00
2015.02.02 15:46:54.309,12.73361,12.73685,0.00,0.00
2015.02.02 15:46:54.632,12.73294,12.73612,0.00,0.00
2015.02.02 15:46:54.910,12.73282,12.73612,0.00,0.00
2015.02.02 15:46:55.511,12.73302,12.73612,0.00,0.00
2015.02.02 15:46:55.755,12.73282,12.73612,0.00,0.00
2015.02.02 15:46:56.012,12.73348,12.73612,0.00,0.00
2015.02.02 15:46:56.113,12.73348,12.73662,0.00,0.00
2015.02.02 15:46:56.329,12.73327,12.73662,0.00,0.00
2015.02.02 15:46:56.531,12.73398,12.73662,0.00,0.00
2015.02.02 15:46:56.581,12.73398,12.73711,0.00,0.00
2015.02.02 15:46:56.833,12.73362,12.73706,0.00,0.00
2015.02.02 15:46:57.014,12.7338,12.73711,0.00,0.00
2015.02.02 15:46:57.114,12.73371,12.73707,0.00,0.00
2015.02.02 15:46:57.330,12.73371,12.73662,0.00,0.00
2015.02.02 15:46:57.381,12.7334,12.73662,0.00,0.00
2015.02.02 15:46:57.512,12.73349,12.73662,0.00,0.00
2015.02.02 15:46:57.821,12.73369,12.73662,0.00,0.00
2015.02.02 15:46:58.148,12.7337,12.73654,0.00,0.00
2015.02.02 15:46:58.502,12.73339,12.73611,0.00,0.00
2015.02.02 15:46:58.654,12.73379,12.73662,0.00,0.00
2015.02.02 15:46:59.158,12.7338,12.73662,0.00,0.00
2015.02.02 15:46:59.724,12.73379,12.73672,0.00,0.00
2015.02.02 15:46:59.881,12.73359,12.73672,0.00,0.00
2015.02.02 15:47:00.168,12.73359,12.7369,0.00,0.00
2015.02.02 15:47:00.218,12.73399,12.7369,0.00,0.00
2015.02.02 15:47:00.369,12.73399,12.73721,0.00,0.00
2015.02.02 15:47:00.420,12.73382,12.73672,0.00,0.00
2015.02.02 15:47:00.470,12.73359,12.73672,0.00,0.00
2015.02.02 15:47:00.631,12.73359,12.73621,0.00,0.00
2015.02.02 15:47:00.732,12.73321,12.73621,0.00,0.00
2015.02.02 15:47:00.833,12.73319,12.73621,0.00,0.00
2015.02.02 15:47:01.271,12.73319,12.73638,0.00,0.00
2015.02.02 15:47:01.372,12.7327,12.73599,0.00,0.00
2015.02.02 15:47:01.423,12.7327,12.73571,0.00,0.00
2015.02.02 15:47:01.643,12.7326,12.73572,0.00,0.00
2015.02.02 15:47:01.744,12.733,12.73599,0.00,0.00
2015.02.02 15:47:01.952,12.733,12.7361,0.00,0.00
2015.02.02 15:47:02.053,12.73299,12.73621,0.00,0.00
2015.02.02 15:47:03.460,12.73297,12.73621,0.00,0.00
2015.02.02 15:47:04.275,12.73297,12.73612,0.00,0.00
2015.02.02 15:47:04.456,12.73297,12.73641,0.00,0.00
2015.02.02 15:47:04.557,12.73365,12.73661,0.00,0.00
2015.02.02 15:47:05.551,12.73355,12.73661,0.00,0.00
2015.02.02 15:47:05.842,12.73365,12.73661,0.00,0.00
2015.02.02 15:47:05.892,12.73365,12.73709,0.00,0.00
2015.02.02 15:47:06.146,12.73361,12.73642,0.00,0.00
2015.02.02 15:47:06.197,12.73324,12.73642,0.00,0.00
2015.02.02 15:47:06.375,12.7336,12.73642,0.00,0.00
2015.02.02 15:47:06.684,12.73337,12.73642,0.00,0.00
2015.02.02 15:47:06.951,12.73358,12.73642,0.00,0.00
2015.02.02 15:47:07.249,12.73331,12.73642,0.00,0.00
2015.02.02 15:47:08.172,12.73321,12.73642,0.00,0.00
2015.02.02 15:47:09.379,12.73326,12.73642,0.00,0.00
2015.02.02 15:47:09.447,12.73324,12.73642,0.00,0.00
2015.02.02 15:47:09.563,12.73324,12.73591,0.00,0.00
2015.02.02 15:47:09.766,12.73236,12.73552,0.00,0.00
2015.02.02 15:47:11.052,12.7325,12.73552,0.00,0.00
2015.02.02 15:47:11.385,12.73261,12.73591,0.00,0.00
2015.02.02 15:47:11.486,12.73271,12.73591,0.00,0.00
2015.02.02 15:47:11.762,12.73261,12.73601,0.00,0.00
2015.02.02 15:47:11.854,12.73261,12.73596,0.00,0.00
2015.02.02 15:47:12.229,12.7324,12.73571,0.00,0.00
2015.02.02 15:47:12.417,12.7324,12.73584,0.00,0.00
2015.02.02 15:47:12.467,12.73301,12.73622,0.00,0.00
2015.02.02 15:47:12.657,12.73289,12.73621,0.00,0.00
2015.02.02 15:47:13.105,12.73301,12.73621,0.00,0.00
2015.02.02 15:47:13.700,12.7328,12.73621,0.00,0.00
2015.02.02 15:47:14.352,12.7328,12.73591,0.00,0.00
2015.02.02 15:47:14.566,12.7327,12.73591,0.00,0.00
2015.02.02 15:47:14.616,12.7327,12.73552,0.00,0.00
2015.02.02 15:47:14.667,12.73203,12.73547,0.00,0.00
2015.02.02 15:47:14.868,12.7319,12.73532,0.00,0.00
2015.02.02 15:47:15.199,12.73201,12.73502,0.00,0.00
2015.02.02 15:47:15.766,12.73184,12.73502,0.00,0.00
2015.02.02 15:47:16.116,12.73178,12.73502,0.00,0.00
2015.02.02 15:47:16.474,12.73171,12.73502,0.00,0.00
2015.02.02 15:47:16.525,12.73178,12.73502,0.00,0.00
2015.02.02 15:47:17.370,12.73191,12.73502,0.00,0.00
2015.02.02 15:47:17.694,12.73262,12.73591,0.00,0.00
2015.02.02 15:47:17.808,12.73273,12.73591,0.00,0.00
2015.02.02 15:47:17.972,12.73262,12.73586,0.00,0.00
2015.02.02 15:47:18.110,12.73271,12.73591,0.00,0.00
2015.02.02 15:47:18.413,12.73262,12.73591,0.00,0.00
2015.02.02 15:47:18.473,12.73262,12.73587,0.00,0.00
2015.02.02 15:47:18.773,12.73265,12.73591,0.00,0.00
2015.02.02 15:47:19.407,12.73251,12.73591,0.00,0.00
2015.02.02 15:47:19.457,12.73251,12.73551,0.00,0.00
2015.02.02 15:47:19.508,12.73243,12.73551,0.00,0.00
2015.02.02 15:47:20.150,12.73243,12.73552,0.00,0.00
2015.02.02 15:47:20.302,12.73261,12.73552,0.00,0.00
2015.02.02 15:47:20.504,12.73183,12.73501,0.00,0.00
2015.02.02 15:47:20.953,12.73188,12.73527,0.00,0.00
2015.02.02 15:47:21.054,12.73192,12.73527,0.00,0.00
2015.02.02 15:47:21.471,12.73201,12.73502,0.00,0.00
2015.02.02 15:47:21.580,12.73199,12.73502,0.00,0.00
2015.02.02 15:47:22.394,12.73179,12.73502,0.00,0.00
2015.02.02 15:47:23.048,12.73179,12.73451,0.00,0.00
2015.02.02 15:47:23.098,12.73109,12.73434,0.00,0.00
2015.02.02 15:47:23.149,12.7309,12.73434,0.00,0.00
2015.02.02 15:47:23.532,12.73103,12.73445,0.00,0.00
2015.02.02 15:47:23.970,12.731,12.73444,0.00,0.00
2015.02.02 15:47:24.192,12.73122,12.73451,0.00,0.00
2015.02.02 15:47:24.520,12.73142,12.73451,0.00,0.00
2015.02.02 15:47:24.622,12.73111,12.73451,0.00,0.00
2015.02.02 15:47:24.675,12.7312,12.73451,0.00,0.00
2015.02.02 15:47:24.726,12.73166,12.73502,0.00,0.00
2015.02.02 15:47:25.684,12.73188,12.7351,0.00,0.00
2015.02.02 15:47:25.735,12.73211,12.73552,0.00,0.00
2015.02.02 15:47:25.836,12.73266,12.73552,0.00,0.00
2015.02.02 15:47:25.936,12.73266,12.73592,0.00,0.00
2015.02.02 15:47:26.602,12.73261,12.73592,0.00,0.00
2015.02.02 15:47:26.675,12.73261,12.73551,0.00,0.00
2015.02.02 15:47:26.826,12.73286,12.73592,0.00,0.00
2015.02.02 15:47:26.927,12.73286,12.7363,0.00,0.00
2015.02.02 15:47:27.027,12.73273,12.73617,0.00,0.00
2015.02.02 15:47:27.410,12.73287,12.73629,0.00,0.00
2015.02.02 15:47:27.917,12.73273,12.73617,0.00,0.00
2015.02.02 15:47:28.205,12.73285,12.73619,0.00,0.00
2015.02.02 15:47:29.309,12.73271,12.73615,0.00,0.00
2015.02.02 15:47:29.815,12.73287,12.73619,0.00,0.00
2015.02.02 15:47:29.917,12.73271,12.73615,0.00,0.00
2015.02.02 15:47:29.972,12.73318,12.73615,0.00,0.00
2015.02.02 15:47:30.123,12.73372,12.73698,0.00,0.00
2015.02.02 15:47:30.224,12.73378,12.73685,0.00,0.00
2015.02.02 15:47:30.534,12.73385,12.73698,0.00,0.00
2015.02.02 15:47:30.634,12.734,12.73698,0.00,0.00
2015.02.02 15:47:31.013,12.73378,12.73698,0.00,0.00
2015.02.02 15:47:31.255,12.73378,12.73709,0.00,0.00
2015.02.02 15:47:31.306,12.73395,12.73719,0.00,0.00
2015.02.02 15:47:32.114,12.73381,12.73719,0.00,0.00
2015.02.02 15:47:32.215,12.73381,12.73707,0.00,0.00
2015.02.02 15:47:32.463,12.73389,12.73719,0.00,0.00
2015.02.02 15:47:32.836,12.73381,12.73711,0.00,0.00
2015.02.02 15:47:32.887,12.73378,12.73711,0.00,0.00
2015.02.02 15:47:32.937,12.73378,12.73692,0.00,0.00
2015.02.02 15:47:33.416,12.73378,12.73712,0.00,0.00
2015.02.02 15:47:33.617,12.73378,12.7369,0.00,0.00
2015.02.02 15:47:33.732,12.73378,12.73707,0.00,0.00
2015.02.02 15:47:34.062,12.73378,12.7369,0.00,0.00
2015.02.02 15:47:34.369,12.73378,12.7368,0.00,0.00
2015.02.02 15:47:34.420,12.73322,12.73663,0.00,0.00
2015.02.02 15:47:34.621,12.73328,12.73663,0.00,0.00
2015.02.02 15:47:34.773,12.7329,12.73631,0.00,0.00
2015.02.02 15:47:34.824,12.73281,12.73612,0.00,0.00
2015.02.02 15:47:35.031,12.73335,12.73679,0.00,0.00
2015.02.02 15:47:35.235,12.73328,12.73662,0.00,0.00
2015.02.02 15:47:35.663,12.73329,12.73619,0.00,0.00
2015.02.02 15:47:36.365,12.73329,12.73665,0.00,0.00
2015.02.02 15:47:36.571,12.73329,12.73648,0.00,0.00
2015.02.02 15:47:36.672,12.73335,12.73679,0.00,0.00
2015.02.02 15:47:37.363,12.73329,12.73634,0.00,0.00
2015.02.02 15:47:37.672,12.73279,12.73504,0.00,0.00
2015.02.02 15:47:37.722,12.73188,12.73504,0.00,0.00
2015.02.02 15:47:37.833,12.73188,12.73502,0.00,0.00
2015.02.02 15:47:38.135,12.73089,12.73191,0.00,0.00
2015.02.02 15:47:38.236,12.72888,12.73119,0.00,0.00
2015.02.02 15:47:38.338,12.72838,12.73119,0.00,0.00
2015.02.02 15:47:38.858,12.72788,12.73119,0.00,0.00
2015.02.02 15:47:39.919,12.72788,12.73098,0.00,0.00
2015.02.02 15:47:40.019,12.72738,12.73092,0.00,0.00
2015.02.02 15:47:40.221,12.72788,12.73098,0.00,0.00
2015.02.02 15:47:40.422,12.72788,12.73142,0.00,0.00
2015.02.02 15:47:41.734,12.72863,12.73142,0.00,0.00
2015.02.02 15:47:41.784,12.72863,12.73192,0.00,0.00
2015.02.02 15:47:41.885,12.72888,12.73207,0.00,0.00
2015.02.02 15:47:41.986,12.72863,12.73191,0.00,0.00
2015.02.02 15:47:42.037,12.72853,12.73191,0.00,0.00
2015.02.02 15:47:42.087,12.72889,12.73197,0.00,0.00
2015.02.02 15:47:42.138,12.72889,12.73212,0.00,0.00
2015.02.02 15:47:42.239,12.72909,12.73241,0.00,0.00
2015.02.02 15:47:43.161,12.72923,12.73241,0.00,0.00
2015.02.02 15:47:43.211,12.72948,12.73267,0.00,0.00
2015.02.02 15:47:43.262,12.72954,12.73296,0.00,0.00
2015.02.02 15:47:43.502,12.72954,12.73241,0.00,0.00
2015.02.02 15:47:43.552,12.72929,12.73241,0.00,0.00
2015.02.02 15:47:43.653,12.72903,12.73241,0.00,0.00
2015.02.02 15:47:43.768,12.72889,12.73232,0.00,0.00
2015.02.02 15:47:44.845,12.72903,12.73241,0.00,0.00
2015.02.02 15:47:46.262,12.72954,12.73296,0.00,0.00
2015.02.02 15:47:48.012,12.72988,12.73296,0.00,0.00
2015.02.02 15:47:48.063,12.72988,12.73321,0.00,0.00
2015.02.02 15:47:48.164,12.72993,12.73337,0.00,0.00
2015.02.02 15:47:48.264,12.73039,12.73371,0.00,0.00
2015.02.02 15:47:48.576,12.72989,12.73286,0.00,0.00
2015.02.02 15:47:49.333,12.72944,12.73241,0.00,0.00
2015.02.02 15:47:49.384,12.72923,12.73241,0.00,0.00
2015.02.02 15:47:49.484,12.72889,12.73232,0.00,0.00
2015.02.02 15:47:50.813,12.72929,12.73241,0.00,0.00
2015.02.02 15:47:50.914,12.72988,12.73301,0.00,0.00
2015.02.02 15:47:51.015,12.72988,12.73332,0.00,0.00
2015.02.02 15:47:51.116,12.72977,12.73301,0.00,0.00
2015.02.02 15:47:51.229,12.72963,12.73301,0.00,0.00
2015.02.02 15:47:51.330,12.73013,12.73338,0.00,0.00
2015.02.02 15:47:51.380,12.73013,12.73341,0.00,0.00
2015.02.02 15:47:51.973,12.73039,12.73355,0.00,0.00
2015.02.02 15:47:52.023,12.73039,12.7337,0.00,0.00
2015.02.02 15:47:52.124,12.73042,12.73386,0.00,0.00
2015.02.02 15:47:52.225,12.73099,12.73386,0.00,0.00
2015.02.02 15:47:52.326,12.73042,12.73386,0.00,0.00
2015.02.02 15:47:53.000,12.73042,12.73342,0.00,0.00
2015.02.02 15:47:53.050,12.72988,12.7332,0.00,0.00
2015.02.02 15:47:53.105,12.72988,12.73308,0.00,0.00
2015.02.02 15:47:53.870,12.72998,12.7334,0.00,0.00
2015.02.02 15:47:54.330,12.72988,12.73329,0.00,0.00
2015.02.02 15:47:54.721,12.72988,12.73302,0.00,0.00
2015.02.02 15:47:55.455,12.72997,12.73341,0.00,0.00
2015.02.02 15:47:55.505,12.73038,12.73341,0.00,0.00
2015.02.02 15:47:55.556,12.73038,12.7336,0.00,0.00
2015.02.02 15:47:55.775,12.73038,12.7338,0.00,0.00
2015.02.02 15:47:55.825,12.73036,12.73342,0.00,0.00
2015.02.02 15:47:55.876,12.7299,12.73332,0.00,0.00
2015.02.02 15:47:55.976,12.72948,12.73273,0.00,0.00
2015.02.02 15:47:57.723,12.72988,12.73273,0.00,0.00
2015.02.02 15:47:57.774,12.72988,12.733,0.00,0.00
2015.02.02 15:47:57.874,12.73004,12.73342,0.00,0.00
2015.02.02 15:47:57.975,12.73017,12.73342,0.00,0.00
2015.02.02 15:47:58.292,12.73004,12.73342,0.00,0.00
2015.02.02 15:47:58.356,12.72989,12.73331,0.00,0.00
2015.02.02 15:47:58.870,12.72988,12.73274,0.00,0.00
2015.02.02 15:47:58.971,12.72988,12.73292,0.00,0.00
2015.02.02 15:47:59.103,12.72988,12.73316,0.00,0.00
2015.02.02 15:47:59.154,12.73021,12.73316,0.00,0.00
2015.02.02 15:47:59.307,12.73039,12.73359,0.00,0.00
2015.02.02 15:47:59.357,12.73036,12.73341,0.00,0.00
2015.02.02 15:47:59.408,12.72989,12.73315,0.00,0.00
2015.02.02 15:47:59.508,12.72989,12.73297,0.00,0.00
2015.02.02 15:48:00.071,12.72989,12.73308,0.00,0.00
2015.02.02 15:48:00.800,12.72989,12.73292,0.00,0.00
2015.02.02 15:48:00.901,12.72989,12.73321,0.00,0.00
2015.02.02 15:48:02.230,12.73047,12.73391,0.00,0.00
2015.02.02 15:48:02.331,12.73038,12.73356,0.00,0.00
2015.02.02 15:48:02.432,12.72989,12.73321,0.00,0.00
2015.02.02 15:48:02.911,12.72989,12.73297,0.00,0.00
2015.02.02 15:48:04.394,12.72989,12.73325,0.00,0.00
2015.02.02 15:48:04.495,12.73007,12.73341,0.00,0.00
2015.02.02 15:48:04.841,12.73039,12.73366,0.00,0.00
2015.02.02 15:48:05.847,12.73049,12.73366,0.00,0.00
2015.02.02 15:48:06.800,12.73049,12.73346,0.00,0.00
2015.02.02 15:48:07.202,12.73049,12.73335,0.00,0.00
2015.02.02 15:48:07.261,12.73022,12.73335,0.00,0.00
2015.02.02 15:48:07.312,12.72999,12.73303,0.00,0.00
2015.02.02 15:48:07.703,12.72999,12.73316,0.00,0.00
2015.02.02 15:48:08.204,12.72999,12.73298,0.00,0.00
2015.02.02 15:48:08.254,12.72971,12.73292,0.00,0.00
2015.02.02 15:48:08.305,12.72948,12.73053,0.00,0.00
2015.02.02 15:48:08.405,12.72898,12.73075,0.00,0.00
2015.02.02 15:48:08.506,12.72898,12.73114,0.00,0.00
2015.02.02 15:48:08.708,12.72898,12.73076,0.00,0.00
2015.02.02 15:48:08.852,12.72749,12.73022,0.00,0.00
2015.02.02 15:48:09.140,12.72698,12.73022,0.00,0.00
2015.02.02 15:48:09.206,12.72698,12.73037,0.00,0.00
2015.02.02 15:48:09.306,12.72698,12.7302,0.00,0.00
2015.02.02 15:48:09.607,12.72722,12.73042,0.00,0.00
2015.02.02 15:48:09.708,12.72748,12.73091,0.00,0.00
2015.02.02 15:48:10.007,12.72748,12.73068,0.00,0.00
2015.02.02 15:48:10.309,12.72748,12.7305,0.00,0.00
2015.02.02 15:48:10.359,12.72708,12.73041,0.00,0.00
2015.02.02 15:48:10.410,12.72699,12.73036,0.00,0.00
2015.02.02 15:48:10.710,12.7271,12.73041,0.00,0.00
2015.02.02 15:48:11.221,12.72709,12.73041,0.00,0.00
2015.02.02 15:48:11.423,12.72838,12.73181,0.00,0.00
2015.02.02 15:48:11.772,12.72898,12.73181,0.00,0.00
2015.02.02 15:48:11.822,12.72898,12.73191,0.00,0.00
2015.02.02 15:48:11.881,12.72847,12.73181,0.00,0.00
2015.02.02 15:48:12.441,12.72839,12.73171,0.00,0.00
2015.02.02 15:48:12.762,12.72816,12.73132,0.00,0.00
2015.02.02 15:48:13.253,12.72751,12.73091,0.00,0.00
2015.02.02 15:48:13.353,12.72782,12.73091,0.00,0.00
2015.02.02 15:48:13.454,12.72802,12.73132,0.00,0.00
2015.02.02 15:48:13.515,12.72838,12.73132,0.00,0.00
2015.02.02 15:48:14.411,12.72838,12.7318,0.00,0.00
2015.02.02 15:48:14.462,12.72838,12.73161,0.00,0.00
2015.02.02 15:48:14.563,12.72838,12.7317,0.00,0.00
2015.02.02 15:48:14.617,12.72842,12.73182,0.00,0.00
2015.02.02 15:48:15.977,12.72861,12.73182,0.00,0.00
2015.02.02 15:48:16.078,12.72898,12.73241,0.00,0.00
2015.02.02 15:48:16.527,12.72898,12.73229,0.00,0.00
2015.02.02 15:48:16.722,12.72898,12.73241,0.00,0.00
2015.02.02 15:48:18.450,12.72898,12.73229,0.00,0.00
2015.02.02 15:48:18.926,12.72898,12.732,0.00,0.00
2015.02.02 15:48:19.719,12.72999,12.732,0.00,0.00
2015.02.02 15:48:19.770,12.72999,12.73253,0.00,0.00
2015.02.02 15:48:19.871,12.72999,12.73316,0.00,0.00
2015.02.02 15:48:20.131,12.72999,12.733,0.00,0.00
2015.02.02 15:48:21.634,12.72999,12.73315,0.00,0.00
2015.02.02 15:48:21.883,12.72999,12.733,0.00,0.00
2015.02.02 15:48:23.444,12.72999,12.73316,0.00,0.00
2015.02.02 15:48:24.447,12.73021,12.73339,0.00,0.00
2015.02.02 15:48:24.548,12.73038,12.73369,0.00,0.00
2015.02.02 15:48:25.594,12.73071,12.73369,0.00,0.00
2015.02.02 15:48:25.899,12.73099,12.7338,0.00,0.00
2015.02.02 15:48:26.000,12.73072,12.7338,0.00,0.00
2015.02.02 15:48:26.100,12.73099,12.7338,0.00,0.00
2015.02.02 15:48:26.203,12.73072,12.7338,0.00,0.00
2015.02.02 15:48:26.254,12.73048,12.73365,0.00,0.00
2015.02.02 15:48:26.304,12.73099,12.73365,0.00,0.00
2015.02.02 15:48:26.455,12.73099,12.73386,0.00,0.00
2015.02.02 15:48:26.556,12.73099,12.73382,0.00,0.00
2015.02.02 15:48:26.657,12.73048,12.73355,0.00,0.00
2015.02.02 15:48:26.982,12.72998,12.733,0.00,0.00
2015.02.02 15:48:27.788,12.72998,12.73286,0.00,0.00
2015.02.02 15:48:27.838,12.72971,12.73286,0.00,0.00
2015.02.02 15:48:27.889,12.72948,12.73256,0.00,0.00
2015.02.02 15:48:28.234,12.72998,12.73276,0.00,0.00
2015.02.02 15:48:28.493,12.73022,12.73304,0.00,0.00
2015.02.02 15:48:28.594,12.72998,12.73281,0.00,0.00
2015.02.02 15:48:28.862,12.73001,12.73342,0.00,0.00
2015.02.02 15:48:29.703,12.73049,12.73366,0.00,0.00
2015.02.02 15:48:30.113,12.73099,12.73381,0.00,0.00
2015.02.02 15:48:30.916,12.73072,12.73381,0.00,0.00
2015.02.02 15:48:31.067,12.73049,12.73381,0.00,0.00
2015.02.02 15:48:31.118,12.73049,12.73366,0.00,0.00
2015.02.02 15:48:31.456,12.73071,12.73381,0.00,0.00
2015.02.02 15:48:31.763,12.73098,12.73381,0.00,0.00
2015.02.02 15:48:32.327,12.73098,12.73396,0.00,0.00
2015.02.02 15:48:32.379,12.73129,12.73396,0.00,0.00
2015.02.02 15:48:32.430,12.73158,12.73442,0.00,0.00
2015.02.02 15:48:32.530,12.73171,12.73481,0.00,0.00
2015.02.02 15:48:32.581,12.73199,12.73481,0.00,0.00
2015.02.02 15:48:33.584,12.73199,12.73495,0.00,0.00
2015.02.02 15:48:35.909,12.73188,12.73495,0.00,0.00
2015.02.02 15:48:36.527,12.73188,12.7348,0.00,0.00
2015.02.02 15:48:37.032,12.73188,12.73406,0.00,0.00
2015.02.02 15:48:37.083,12.73171,12.73406,0.00,0.00
2015.02.02 15:48:37.184,12.73088,12.73406,0.00,0.00
2015.02.02 15:48:37.553,12.73038,12.73336,0.00,0.00
2015.02.02 15:48:37.654,12.72988,12.73322,0.00,0.00
2015.02.02 15:48:37.810,12.72997,12.73341,0.00,0.00
2015.02.02 15:48:37.911,12.73024,12.73342,0.00,0.00
2015.02.02 15:48:38.012,12.72997,12.73341,0.00,0.00
2015.02.02 15:48:38.447,12.73026,12.73342,0.00,0.00
2015.02.02 15:48:38.516,12.72988,12.73323,0.00,0.00
2015.02.02 15:48:39.547,12.72995,12.73339,0.00,0.00
2015.02.02 15:48:40.225,12.73008,12.73342,0.00,0.00
2015.02.02 15:48:40.629,12.73095,12.73439,0.00,0.00
2015.02.02 15:48:40.737,12.73139,12.73466,0.00,0.00
2015.02.02 15:48:41.117,12.73124,12.73441,0.00,0.00
2015.02.02 15:48:41.334,12.73089,12.73414,0.00,0.00
2015.02.02 15:48:42.926,12.73138,12.73414,0.00,0.00
2015.02.02 15:48:42.976,12.73138,12.73466,0.00,0.00
2015.02.02 15:48:43.147,12.73189,12.73467,0.00,0.00
2015.02.02 15:48:43.248,12.73189,12.7348,0.00,0.00
2015.02.02 15:48:43.348,12.73139,12.7348,0.00,0.00
2015.02.02 15:48:43.449,12.7315,12.73491,0.00,0.00
2015.02.02 15:48:43.751,12.73138,12.73461,0.00,0.00
2015.02.02 15:48:44.087,12.73143,12.73485,0.00,0.00
2015.02.02 15:48:45.151,12.73138,12.7347,0.00,0.00
2015.02.02 15:48:45.353,12.73145,12.73489,0.00,0.00
2015.02.02 15:48:45.654,12.73188,12.73489,0.00,0.00
2015.02.02 15:48:45.805,12.73139,12.73472,0.00,0.00
2015.02.02 15:48:47.109,12.7313,12.73442,0.00,0.00
2015.02.02 15:48:47.260,12.73038,12.73377,0.00,0.00
2015.02.02 15:48:47.310,12.73038,12.73356,0.00,0.00
2015.02.02 15:48:47.700,12.73038,12.73381,0.00,0.00
2015.02.02 15:48:47.962,12.73148,12.73352,0.00,0.00
2015.02.02 15:48:48.013,12.73148,12.73433,0.00,0.00
2015.02.02 15:48:48.114,12.73148,12.73467,0.00,0.00
2015.02.02 15:48:48.220,12.73189,12.73467,0.00,0.00
2015.02.02 15:48:48.321,12.73139,12.73469,0.00,0.00
2015.02.02 15:48:48.793,12.73139,12.73452,0.00,0.00
2015.02.02 15:48:49.509,12.73122,12.73441,0.00,0.00
2015.02.02 15:48:49.660,12.73139,12.73452,0.00,0.00
2015.02.02 15:48:50.303,12.73139,12.73469,0.00,0.00
2015.02.02 15:48:50.404,12.73139,12.73451,0.00,0.00
2015.02.02 15:48:53.140,12.73198,12.73451,0.00,0.00
2015.02.02 15:48:53.241,12.73198,12.73481,0.00,0.00
2015.02.02 15:48:53.341,12.73198,12.73501,0.00,0.00
2015.02.02 15:48:56.828,12.73198,12.73516,0.00,0.00
2015.02.02 15:48:56.879,12.73248,12.73516,0.00,0.00
2015.02.02 15:48:56.980,12.73248,12.73566,0.00,0.00
2015.02.02 15:48:57.274,12.73248,12.7358,0.00,0.00
2015.02.02 15:48:57.324,12.73288,12.7358,0.00,0.00
2015.02.02 15:48:57.375,12.73332,12.73632,0.00,0.00
2015.02.02 15:48:57.476,12.73371,12.73682,0.00,0.00
2015.02.02 15:48:57.576,12.73399,12.737,0.00,0.00
2015.02.02 15:48:58.662,12.73438,12.7374,0.00,0.00
2015.02.02 15:48:58.763,12.73438,12.73766,0.00,0.00
2015.02.02 15:48:59.183,12.73488,12.73766,0.00,0.00
2015.02.02 15:48:59.334,12.73439,12.73766,0.00,0.00
2015.02.02 15:48:59.511,12.73431,12.73742,0.00,0.00
2015.02.02 15:48:59.561,12.73422,12.73742,0.00,0.00
2015.02.02 15:48:59.662,12.73397,12.73741,0.00,0.00
2015.02.02 15:48:59.780,12.73388,12.73715,0.00,0.00
2015.02.02 15:49:00.452,12.73388,12.7373,0.00,0.00
2015.02.02 15:49:02.060,12.73413,12.73742,0.00,0.00
2015.02.02 15:49:02.161,12.73388,12.7373,0.00,0.00
2015.02.02 15:49:02.361,12.73407,12.73742,0.00,0.00
2015.02.02 15:49:02.852,12.73438,12.73766,0.00,0.00
2015.02.02 15:49:03.897,12.73438,12.7373,0.00,0.00
2015.02.02 15:49:03.948,12.73432,12.7373,0.00,0.00
2015.02.02 15:49:04.049,12.73399,12.7373,0.00,0.00
2015.02.02 15:49:04.172,12.73403,12.73741,0.00,0.00
2015.02.02 15:49:04.676,12.73399,12.7373,0.00,0.00
2015.02.02 15:49:04.801,12.73402,12.73741,0.00,0.00
2015.02.02 15:49:05.213,12.73399,12.73726,0.00,0.00
2015.02.02 15:49:07.285,12.73399,12.737,0.00,0.00
2015.02.02 15:49:11.212,12.73372,12.73606,0.00,0.00
2015.02.02 15:49:11.263,12.73338,12.73606,0.00,0.00
2015.02.02 15:49:11.314,12.73288,12.73606,0.00,0.00
2015.02.02 15:49:12.820,12.73271,12.73592,0.00,0.00
2015.02.02 15:49:12.921,12.73248,12.73526,0.00,0.00
2015.02.02 15:49:12.972,12.73199,12.73526,0.00,0.00
2015.02.02 15:49:13.316,12.73199,12.73501,0.00,0.00
2015.02.02 15:49:14.644,12.73199,12.73516,0.00,0.00
2015.02.02 15:49:15.523,12.73199,12.735,0.00,0.00
2015.02.02 15:49:15.704,12.73158,12.73492,0.00,0.00
2015.02.02 15:49:15.755,12.73148,12.73456,0.00,0.00
2015.02.02 15:49:15.805,12.73139,12.73456,0.00,0.00
2015.02.02 15:49:16.157,12.73122,12.73442,0.00,0.00
2015.02.02 15:49:16.258,12.73088,12.73421,0.00,0.00
2015.02.02 15:49:16.698,12.73088,12.73419,0.00,0.00
2015.02.02 15:49:17.628,12.73088,12.73406,0.00,0.00
2015.02.02 15:49:17.879,12.73038,12.7338,0.00,0.00
2015.02.02 15:49:17.930,12.73038,12.73392,0.00,0.00
2015.02.02 15:49:17.980,12.73038,12.73379,0.00,0.00
2015.02.02 15:49:18.132,12.72988,12.73342,0.00,0.00
2015.02.02 15:49:18.653,12.73088,12.73398,0.00,0.00
2015.02.02 15:49:18.809,12.73088,12.73419,0.00,0.00
2015.02.02 15:49:20.435,12.73088,12.73398,0.00,0.00
2015.02.02 15:49:20.536,12.73039,12.73391,0.00,0.00
2015.02.02 15:49:21.633,12.73088,12.73418,0.00,0.00
2015.02.02 15:49:21.733,12.73038,12.73392,0.00,0.00
2015.02.02 15:49:21.993,12.73038,12.73218,0.00,0.00
2015.02.02 15:49:22.094,12.72979,12.73218,0.00,0.00
2015.02.02 15:49:22.145,12.72971,12.73218,0.00,0.00
2015.02.02 15:49:22.195,12.72988,12.73218,0.00,0.00
2015.02.02 15:49:22.502,12.72971,12.73218,0.00,0.00
2015.02.02 15:49:22.603,12.72939,12.73218,0.00,0.00
2015.02.02 15:49:22.704,12.72898,12.73218,0.00,0.00
2015.02.02 15:49:22.815,12.72889,12.73218,0.00,0.00
2015.02.02 15:49:22.865,12.72939,12.73218,0.00,0.00
2015.02.02 15:49:23.119,12.72939,12.73245,0.00,0.00
2015.02.02 15:49:23.380,12.72989,12.73245,0.00,0.00
2015.02.02 15:49:23.481,12.72989,12.73265,0.00,0.00
2015.02.02 15:49:23.585,12.72989,12.73281,0.00,0.00
2015.02.02 15:49:23.711,12.72971,12.73281,0.00,0.00
2015.02.02 15:49:23.812,12.72938,12.73281,0.00,0.00
2015.02.02 15:49:23.980,12.72938,12.73266,0.00,0.00
2015.02.02 15:49:24.311,12.72989,12.73266,0.00,0.00
2015.02.02 15:49:24.362,12.72989,12.73301,0.00,0.00
2015.02.02 15:49:24.993,12.72989,12.73285,0.00,0.00
2015.02.02 15:49:26.061,12.72939,12.73256,0.00,0.00
2015.02.02 15:49:26.570,12.72921,12.73251,0.00,0.00
2015.02.02 15:49:26.923,12.72938,12.73256,0.00,0.00
2015.02.02 15:49:27.124,12.72922,12.73251,0.00,0.00
2015.02.02 15:49:27.863,12.72921,12.73251,0.00,0.00
2015.02.02 15:49:28.379,12.72934,12.73256,0.00,0.00
2015.02.02 15:49:28.481,12.72921,12.73252,0.00,0.00
2015.02.02 15:49:28.532,12.72967,12.73252,0.00,0.00
2015.02.02 15:49:28.582,12.72967,12.73275,0.00,0.00
2015.02.02 15:49:28.633,12.72939,12.73275,0.00,0.00
2015.02.02 15:49:28.683,12.72938,12.7325,0.00,0.00
2015.02.02 15:49:28.784,12.72932,12.7325,0.00,0.00
2015.02.02 15:49:28.980,12.72966,12.73251,0.00,0.00
2015.02.02 15:49:29.031,12.72966,12.73264,0.00,0.00
2015.02.02 15:49:29.131,12.72977,12.73252,0.00,0.00
2015.02.02 15:49:29.232,12.72932,12.73252,0.00,0.00
2015.02.02 15:49:29.333,12.72932,12.73192,0.00,0.00
2015.02.02 15:49:29.534,12.72912,12.73191,0.00,0.00
2015.02.02 15:49:29.635,12.72966,12.73191,0.00,0.00
2015.02.02 15:49:29.686,12.72966,12.73269,0.00,0.00
2015.02.02 15:49:30.833,12.72982,12.73269,0.00,0.00
2015.02.02 15:49:30.884,12.72989,12.73318,0.00,0.00
2015.02.02 15:49:30.984,12.72981,12.73291,0.00,0.00
2015.02.02 15:49:31.839,12.72971,12.73291,0.00,0.00
2015.02.02 15:49:31.890,12.72988,12.7332,0.00,0.00
2015.02.02 15:49:31.940,12.73022,12.7332,0.00,0.00
2015.02.02 15:49:31.991,12.73022,12.73342,0.00,0.00
2015.02.02 15:49:32.950,12.73049,12.73345,0.00,0.00
2015.02.02 15:49:33.001,12.73049,12.73365,0.00,0.00
2015.02.02 15:49:33.051,12.73071,12.73365,0.00,0.00
2015.02.02 15:49:33.102,12.73071,12.734,0.00,0.00
2015.02.02 15:49:33.734,12.73077,12.73401,0.00,0.00
2015.02.02 15:49:34.064,12.73081,12.73401,0.00,0.00
2015.02.02 15:49:34.493,12.73098,12.73399,0.00,0.00
2015.02.02 15:49:34.593,12.73098,12.73414,0.00,0.00
2015.02.02 15:49:34.710,12.73079,12.73402,0.00,0.00
2015.02.02 15:49:35.652,12.73072,12.73398,0.00,0.00
2015.02.02 15:49:35.703,12.73048,12.73365,0.00,0.00
2015.02.02 15:49:36.038,12.72982,12.73292,0.00,0.00
2015.02.02 15:49:36.321,12.72932,12.73252,0.00,0.00
2015.02.02 15:49:36.371,12.73049,12.73274,0.00,0.00
2015.02.02 15:49:36.522,12.73031,12.73298,0.00,0.00
2015.02.02 15:49:37.086,12.73031,12.73342,0.00,0.00
2015.02.02 15:49:37.387,12.73031,12.73292,0.00,0.00
2015.02.02 15:49:37.572,12.73031,12.7334,0.00,0.00
2015.02.02 15:49:38.202,12.73032,12.7334,0.00,0.00
2015.02.02 15:49:38.253,12.73032,12.73291,0.00,0.00
2015.02.02 15:49:38.354,12.73032,12.7334,0.00,0.00
2015.02.02 15:49:38.673,12.73049,12.7334,0.00,0.00
2015.02.02 15:49:38.825,12.73121,12.73419,0.00,0.00
2015.02.02 15:49:39.686,12.73121,12.73402,0.00,0.00
2015.02.02 15:49:39.787,12.73121,12.73444,0.00,0.00
2015.02.02 15:49:40.213,12.73148,12.73444,0.00,0.00
2015.02.02 15:49:40.320,12.73182,12.73498,0.00,0.00
2015.02.02 15:49:40.717,12.73182,12.73502,0.00,0.00
2015.02.02 15:49:40.976,12.73171,12.73502,0.00,0.00
2015.02.02 15:49:41.127,12.73132,12.73452,0.00,0.00
2015.02.02 15:49:41.677,12.73132,12.73402,0.00,0.00
2015.02.02 15:49:41.727,12.73111,12.73402,0.00,0.00
2015.02.02 15:49:41.878,12.73111,12.73418,0.00,0.00
2015.02.02 15:49:41.929,12.73099,12.73418,0.00,0.00
2015.02.02 15:49:41.979,12.73131,12.73418,0.00,0.00
2015.02.02 15:49:42.750,12.73131,12.73402,0.00,0.00
2015.02.02 15:49:42.853,12.73131,12.73418,0.00,0.00
2015.02.02 15:49:42.904,12.73131,12.73456,0.00,0.00
2015.02.02 15:49:43.005,12.73112,12.73421,0.00,0.00
2015.02.02 15:49:43.055,12.73083,12.73421,0.00,0.00
2015.02.02 15:49:43.153,12.73131,12.73421,0.00,0.00
2015.02.02 15:49:43.203,12.73131,12.73425,0.00,0.00
2015.02.02 15:49:43.254,12.73131,12.73456,0.00,0.00
2015.02.02 15:49:43.354,12.73131,12.73468,0.00,0.00
2015.02.02 15:49:43.405,12.73131,12.73422,0.00,0.00
2015.02.02 15:49:43.530,12.73113,12.73422,0.00,0.00
2015.02.02 15:49:43.631,12.73131,12.73441,0.00,0.00
2015.02.02 15:49:43.732,12.73131,12.73466,0.00,0.00
2015.02.02 15:49:44.171,12.73131,12.73422,0.00,0.00
2015.02.02 15:49:44.628,12.73131,12.73419,0.00,0.00
2015.02.02 15:49:45.209,12.73131,12.7346,0.00,0.00
2015.02.02 15:49:45.614,12.73131,12.73471,0.00,0.00
2015.02.02 15:49:47.979,12.73131,12.73419,0.00,0.00
2015.02.02 15:49:48.130,12.73083,12.73419,0.00,0.00
2015.02.02 15:49:48.466,12.73095,12.73419,0.00,0.00
2015.02.02 15:49:48.639,12.73083,12.73419,0.00,0.00
2015.02.02 15:49:49.098,12.73083,12.73422,0.00,0.00
2015.02.02 15:49:49.149,12.73128,12.7347,0.00,0.00
2015.02.02 15:49:49.631,12.73121,12.73455,0.00,0.00
2015.02.02 15:49:49.983,12.73112,12.73454,0.00,0.00
2015.02.02 15:49:50.034,12.73081,12.73366,0.00,0.00
2015.02.02 15:49:50.084,12.73022,12.73366,0.00,0.00
2015.02.02 15:49:50.135,12.72992,12.73321,0.00,0.00
2015.02.02 15:49:50.375,12.73014,12.73356,0.00,0.00
2015.02.02 15:49:50.426,12.73031,12.73356,0.00,0.00
2015.02.02 15:49:50.526,12.73031,12.73371,0.00,0.00
2015.02.02 15:49:50.733,12.73031,12.73356,0.00,0.00
2015.02.02 15:49:50.934,12.73072,12.73411,0.00,0.00
2015.02.02 15:49:51.035,12.73072,12.73391,0.00,0.00
2015.02.02 15:49:51.324,12.73033,12.73372,0.00,0.00
2015.02.02 15:49:51.375,12.73032,12.73356,0.00,0.00
2015.02.02 15:49:52.441,12.73035,12.73377,0.00,0.00
2015.02.02 15:49:52.542,12.73035,12.73372,0.00,0.00
2015.02.02 15:49:52.860,12.73031,12.73321,0.00,0.00
2015.02.02 15:49:53.162,12.73034,12.73318,0.00,0.00
2015.02.02 15:49:53.363,12.73031,12.73318,0.00,0.00
2015.02.02 15:49:53.414,12.73007,12.73318,0.00,0.00
2015.02.02 15:49:53.464,12.72982,12.73273,0.00,0.00
2015.02.02 15:49:53.515,12.72968,12.73273,0.00,0.00
2015.02.02 15:49:53.565,12.72931,12.73222,0.00,0.00
2015.02.02 15:49:53.666,12.72931,12.73256,0.00,0.00
2015.02.02 15:49:54.059,12.72931,12.73266,0.00,0.00
2015.02.02 15:49:54.160,12.72931,12.73251,0.00,0.00
2015.02.02 15:49:54.753,12.72931,12.73266,0.00,0.00
2015.02.02 15:49:55.071,12.72931,12.73222,0.00,0.00
2015.02.02 15:49:55.171,12.72894,12.73218,0.00,0.00
2015.02.02 15:49:55.272,12.72882,12.73204,0.00,0.00
2015.02.02 15:49:55.739,12.7289,12.73218,0.00,0.00
2015.02.02 15:49:56.340,12.72882,12.73202,0.00,0.00
2015.02.02 15:49:56.581,12.72882,12.73218,0.00,0.00
2015.02.02 15:49:56.641,12.72913,12.73218,0.00,0.00
2015.02.02 15:49:56.991,12.72894,12.73218,0.00,0.00
2015.02.02 15:49:57.044,12.72898,12.73218,0.00,0.00
2015.02.02 15:49:57.384,12.72967,12.7331,0.00,0.00
2015.02.02 15:49:58.460,12.72979,12.73321,0.00,0.00
2015.02.02 15:49:58.560,12.73031,12.73372,0.00,0.00
2015.02.02 15:49:58.875,12.73042,12.73372,0.00,0.00
2015.02.02 15:49:59.536,12.73042,12.73319,0.00,0.00
2015.02.02 15:49:59.696,12.73006,12.73319,0.00,0.00
2015.02.02 15:49:59.865,12.72993,12.73319,0.00,0.00
2015.02.02 15:50:00.123,12.72993,12.73272,0.00,0.00
2015.02.02 15:50:00.173,12.72981,12.73272,0.00,0.00
2015.02.02 15:50:00.224,12.72968,12.73272,0.00,0.00
2015.02.02 15:50:00.353,12.72953,12.73272,0.00,0.00
2015.02.02 15:50:00.906,12.72953,12.73297,0.00,0.00
2015.02.02 15:50:00.957,12.72972,12.73299,0.00,0.00
2015.02.02 15:50:01.284,12.73003,12.73299,0.00,0.00
2015.02.02 15:50:01.385,12.73003,12.73345,0.00,0.00
2015.02.02 15:50:01.435,12.73022,12.73345,0.00,0.00
2015.02.02 15:50:01.486,12.73042,12.73372,0.00,0.00
2015.02.02 15:50:01.538,12.73071,12.73372,0.00,0.00
2015.02.02 15:50:01.589,12.73071,12.73398,0.00,0.00
2015.02.02 15:50:01.764,12.73122,12.73398,0.00,0.00
2015.02.02 15:50:02.049,12.73143,12.73471,0.00,0.00
2015.02.02 15:50:02.202,12.73146,12.73471,0.00,0.00
2015.02.02 15:50:02.303,12.7313,12.73471,0.00,0.00
2015.02.02 15:50:02.455,12.7313,12.73422,0.00,0.00
2015.02.02 15:50:02.556,12.7313,12.73472,0.00,0.00
2015.02.02 15:50:02.607,12.73159,12.73472,0.00,0.00
2015.02.02 15:50:02.708,12.73122,12.73457,0.00,0.00
2015.02.02 15:50:02.954,12.73115,12.73457,0.00,0.00
2015.02.02 15:50:03.004,12.73115,12.73421,0.00,0.00
2015.02.02 15:50:03.105,12.73097,12.73419,0.00,0.00
2015.02.02 15:50:03.496,12.73122,12.73419,0.00,0.00
2015.02.02 15:50:03.825,12.73122,12.73372,0.00,0.00
2015.02.02 15:50:03.875,12.73038,12.73372,0.00,0.00
2015.02.02 15:50:04.067,12.7305,12.73372,0.00,0.00
2015.02.02 15:50:04.268,12.73034,12.73372,0.00,0.00
2015.02.02 15:50:04.368,12.73059,12.73399,0.00,0.00
2015.02.02 15:50:04.419,12.73072,12.73399,0.00,0.00
2015.02.02 15:50:04.765,12.73082,12.73399,0.00,0.00
2015.02.02 15:50:05.075,12.73082,12.73322,0.00,0.00
2015.02.02 15:50:05.176,12.72996,12.73319,0.00,0.00
2015.02.02 15:50:05.809,12.73029,12.73319,0.00,0.00
2015.02.02 15:50:05.911,12.73107,12.73418,0.00,0.00
2015.02.02 15:50:05.971,12.73123,12.73418,0.00,0.00
2015.02.02 15:50:06.072,12.73101,12.73418,0.00,0.00
2015.02.02 15:50:06.772,12.73129,12.73418,0.00,0.00
2015.02.02 15:50:07.074,12.73172,12.73498,0.00,0.00
2015.02.02 15:50:07.175,12.73183,12.73498,0.00,0.00
2015.02.02 15:50:07.375,12.73172,12.73498,0.00,0.00
2015.02.02 15:50:07.476,12.73182,12.73498,0.00,0.00
2015.02.02 15:50:07.871,12.73182,12.73518,0.00,0.00
2015.02.02 15:50:08.605,12.73172,12.73495,0.00,0.00
2015.02.02 15:50:08.978,12.73182,12.73518,0.00,0.00
2015.02.02 15:50:11.382,12.73172,12.73509,0.00,0.00
2015.02.02 15:50:11.483,12.73172,12.73489,0.00,0.00
2015.02.02 15:50:12.121,12.73171,12.73489,0.00,0.00
2015.02.02 15:50:12.222,12.73171,12.73506,0.00,0.00
2015.02.02 15:50:12.531,12.73181,12.73506,0.00,0.00
2015.02.02 15:50:12.631,12.73181,12.73517,0.00,0.00
2015.02.02 15:50:13.209,12.73181,12.73501,0.00,0.00
2015.02.02 15:50:13.516,12.73171,12.73501,0.00,0.00
2015.02.02 15:50:13.624,12.73162,12.73501,0.00,0.00
2015.02.02 15:50:16.659,12.73171,12.73515,0.00,0.00
2015.02.02 15:50:17.132,12.73162,12.735,0.00,0.00
2015.02.02 15:50:17.737,12.73172,12.73514,0.00,0.00
2015.02.02 15:50:18.637,12.73162,12.73491,0.00,0.00
2015.02.02 15:50:18.688,12.73147,12.73491,0.00,0.00
2015.02.02 15:50:18.739,12.73118,12.73456,0.00,0.00
2015.02.02 15:50:18.840,12.73112,12.73456,0.00,0.00
2015.02.02 15:50:20.707,12.73119,12.73456,0.00,0.00
2015.02.02 15:50:21.011,12.73092,12.73409,0.00,0.00
2015.02.02 15:50:21.112,12.73019,12.73356,0.00,0.00
2015.02.02 15:50:21.213,12.73012,12.73356,0.00,0.00
2015.02.02 15:50:21.366,12.73035,12.73372,0.00,0.00
2015.02.02 15:50:21.669,12.73085,12.73398,0.00,0.00
2015.02.02 15:50:21.976,12.73099,12.73398,0.00,0.00
2015.02.02 15:50:22.063,12.73099,12.73419,0.00,0.00
2015.02.02 15:50:22.984,12.73112,12.73419,0.00,0.00
2015.02.02 15:50:23.085,12.7313,12.73471,0.00,0.00
2015.02.02 15:50:23.359,12.73119,12.73461,0.00,0.00
2015.02.02 15:50:24.262,12.73135,12.73471,0.00,0.00
2015.02.02 15:50:24.413,12.73179,12.73519,0.00,0.00
2015.02.02 15:50:24.563,12.73167,12.73509,0.00,0.00
2015.02.02 15:50:24.667,12.73133,12.73472,0.00,0.00
2015.02.02 15:50:24.768,12.73161,12.73501,0.00,0.00
2015.02.02 15:50:24.869,12.73191,12.73519,0.00,0.00
2015.02.02 15:50:25.165,12.73161,12.73503,0.00,0.00
2015.02.02 15:50:25.765,12.73176,12.73519,0.00,0.00
2015.02.02 15:50:25.866,12.73192,12.73519,0.00,0.00
2015.02.02 15:50:26.266,12.73178,12.73519,0.00,0.00
2015.02.02 15:50:26.367,12.73193,12.73519,0.00,0.00
2015.02.02 15:50:26.594,12.73162,12.73506,0.00,0.00
2015.02.02 15:50:26.812,12.73197,12.73519,0.00,0.00
2015.02.02 15:50:27.136,12.73222,12.73519,0.00,0.00
2015.02.02 15:50:27.186,12.73257,12.73572,0.00,0.00
2015.02.02 15:50:27.510,12.73257,12.73421,0.00,0.00
2015.02.02 15:50:27.611,12.73232,12.73419,0.00,0.00
2015.02.02 15:50:27.711,12.73153,12.73419,0.00,0.00
2015.02.02 15:50:28.491,12.73112,12.73419,0.00,0.00
2015.02.02 15:50:28.592,12.73128,12.73472,0.00,0.00
2015.02.02 15:50:28.693,12.73148,12.73472,0.00,0.00
2015.02.02 15:50:29.119,12.73256,12.73498,0.00,0.00
2015.02.02 15:50:29.220,12.73211,12.73498,0.00,0.00
2015.02.02 15:50:29.320,12.73171,12.73514,0.00,0.00
2015.02.02 15:50:29.371,12.73212,12.73514,0.00,0.00
2015.02.02 15:50:29.421,12.73212,12.73546,0.00,0.00
2015.02.02 15:50:29.522,12.73247,12.73572,0.00,0.00
2015.02.02 15:50:29.673,12.73223,12.73565,0.00,0.00
2015.02.02 15:50:30.859,12.73223,12.73521,0.00,0.00
2015.02.02 15:50:30.910,12.73192,12.73518,0.00,0.00
2015.02.02 15:50:31.191,12.73207,12.73518,0.00,0.00
2015.02.02 15:50:31.549,12.73245,12.73518,0.00,0.00
2015.02.02 15:50:31.599,12.73234,12.73518,0.00,0.00
2015.02.02 15:50:31.851,12.73234,12.73571,0.00,0.00
2015.02.02 15:50:32.392,12.73222,12.73521,0.00,0.00
2015.02.02 15:50:32.492,12.73222,12.73561,0.00,0.00
2015.02.02 15:50:33.720,12.73222,12.73518,0.00,0.00
2015.02.02 15:50:33.821,12.73172,12.7351,0.00,0.00
2015.02.02 15:50:33.872,12.73168,12.7351,0.00,0.00
2015.02.02 15:50:34.426,12.73211,12.73518,0.00,0.00
2015.02.02 15:50:34.820,12.7326,12.73562,0.00,0.00
2015.02.02 15:50:34.921,12.73246,12.73562,0.00,0.00
2015.02.02 15:50:35.292,12.73232,12.73562,0.00,0.00
2015.02.02 15:50:36.471,12.73232,12.73518,0.00,0.00
2015.02.02 15:50:36.522,12.73212,12.73518,0.00,0.00
2015.02.02 15:50:36.622,12.73192,12.73518,0.00,0.00
2015.02.02 15:50:36.802,12.73228,12.73518,0.00,0.00
2015.02.02 15:50:37.126,12.73222,12.73518,0.00,0.00
2015.02.02 15:50:37.227,12.73176,12.73518,0.00,0.00
2015.02.02 15:50:37.434,12.73171,12.73506,0.00,0.00
2015.02.02 15:50:37.744,12.73212,12.73518,0.00,0.00
2015.02.02 15:50:37.989,12.73172,12.73498,0.00,0.00
2015.02.02 15:50:38.587,12.73162,12.73498,0.00,0.00
2015.02.02 15:50:38.721,12.73181,12.73518,0.00,0.00
2015.02.02 15:50:38.822,12.73216,12.73518,0.00,0.00
2015.02.02 15:50:39.001,12.73229,12.73562,0.00,0.00
2015.02.02 15:50:39.091,12.73218,12.7356,0.00,0.00
2015.02.02 15:50:40.234,12.73234,12.73562,0.00,0.00
2015.02.02 15:50:40.536,12.73221,12.73518,0.00,0.00
2015.02.02 15:50:40.637,12.73207,12.73518,0.00,0.00
2015.02.02 15:50:40.996,12.73219,12.73518,0.00,0.00
2015.02.02 15:50:42.240,12.73279,12.73597,0.00,0.00
2015.02.02 15:50:42.298,12.73261,12.73597,0.00,0.00
2015.02.02 15:50:42.349,12.73264,12.73608,0.00,0.00
2015.02.02 15:50:42.449,12.73261,12.73601,0.00,0.00
2015.02.02 15:50:42.651,12.73194,12.73536,0.00,0.00
2015.02.02 15:50:42.701,12.73194,12.73522,0.00,0.00
2015.02.02 15:50:42.802,12.73143,12.73487,0.00,0.00
2015.02.02 15:50:42.853,12.73128,12.73459,0.00,0.00
2015.02.02 15:50:42.954,12.73096,12.7344,0.00,0.00
2015.02.02 15:50:43.069,12.73096,12.73422,0.00,0.00
2015.02.02 15:50:43.680,12.73096,12.7344,0.00,0.00
2015.02.02 15:50:43.731,12.73117,12.73461,0.00,0.00
2015.02.02 15:50:44.128,12.73157,12.73472,0.00,0.00
2015.02.02 15:50:44.581,12.73157,12.73422,0.00,0.00
2015.02.02 15:50:44.631,12.73124,12.73419,0.00,0.00
2015.02.02 15:50:44.860,12.73101,12.73419,0.00,0.00
2015.02.02 15:50:44.926,12.73079,12.73419,0.00,0.00
2015.02.02 15:50:45.127,12.73138,12.73419,0.00,0.00
2015.02.02 15:50:45.441,12.73157,12.73419,0.00,0.00
2015.02.02 15:50:45.542,12.73152,12.73419,0.00,0.00
2015.02.02 15:50:45.642,12.73119,12.73419,0.00,0.00
2015.02.02 15:50:45.743,12.73079,12.73417,0.00,0.00
2015.02.02 15:50:45.794,12.73073,12.73417,0.00,0.00
2015.02.02 15:50:45.895,12.73073,12.73362,0.00,0.00
2015.02.02 15:50:45.945,12.73047,12.73362,0.00,0.00
2015.02.02 15:50:46.046,12.73012,12.73351,0.00,0.00
2015.02.02 15:50:46.210,12.73012,12.73312,0.00,0.00
2015.02.02 15:50:46.431,12.72998,12.73311,0.00,0.00
2015.02.02 15:50:46.632,12.72985,12.73311,0.00,0.00
2015.02.02 15:50:46.959,12.72973,12.73311,0.00,0.00
2015.02.02 15:50:47.112,12.72973,12.73315,0.00,0.00
2015.02.02 15:50:47.162,12.73014,12.73318,0.00,0.00
2015.02.02 15:50:47.434,12.73012,12.73318,0.00,0.00
2015.02.02 15:50:47.535,12.73023,12.73318,0.00,0.00
2015.02.02 15:50:47.910,12.73038,12.73361,0.00,0.00
2015.02.02 15:50:48.124,12.73038,12.73312,0.00,0.00
2015.02.02 15:50:48.175,12.72994,12.73312,0.00,0.00
2015.02.02 15:50:48.275,12.72972,12.73307,0.00,0.00
2015.02.02 15:50:48.437,12.72977,12.73312,0.00,0.00
2015.02.02 15:50:48.979,12.72994,12.73312,0.00,0.00
2015.02.02 15:50:50.064,12.72962,12.73306,0.00,0.00
2015.02.02 15:50:50.164,12.72978,12.73312,0.00,0.00
2015.02.02 15:50:50.471,12.72997,12.73312,0.00,0.00
2015.02.02 15:50:50.541,12.72986,12.73312,0.00,0.00
2015.02.02 15:50:50.862,12.72972,12.73271,0.00,0.00
2015.02.02 15:50:51.121,12.72901,12.73243,0.00,0.00
2015.02.02 15:50:51.172,12.72889,12.73233,0.00,0.00
2015.02.02 15:50:51.551,12.72889,12.73198,0.00,0.00
2015.02.02 15:50:51.702,12.72799,12.73141,0.00,0.00
2015.02.02 15:50:51.752,12.72816,12.73111,0.00,0.00
2015.02.02 15:50:52.056,12.72801,12.73111,0.00,0.00
2015.02.02 15:50:52.258,12.72812,12.73111,0.00,0.00
2015.02.02 15:50:53.720,12.72812,12.73119,0.00,0.00
2015.02.02 15:50:53.771,12.72812,12.73156,0.00,0.00
2015.02.02 15:50:57.802,12.72832,12.73176,0.00,0.00
2015.02.02 15:50:58.140,12.72832,12.73161,0.00,0.00
2015.02.02 15:50:59.363,12.72898,12.73161,0.00,0.00
2015.02.02 15:50:59.414,12.72898,12.73198,0.00,0.00
2015.02.02 15:50:59.789,12.72898,12.73212,0.00,0.00
2015.02.02 15:51:07.497,12.72972,12.73212,0.00,0.00
2015.02.02 15:51:07.598,12.72992,12.73272,0.00,0.00
2015.02.02 15:51:07.800,12.73037,12.73299,0.00,0.00
2015.02.02 15:51:08.150,12.73057,12.73361,0.00,0.00
2015.02.02 15:51:08.842,12.73097,12.73361,0.00,0.00
2015.02.02 15:51:08.893,12.73097,12.73398,0.00,0.00
2015.02.02 15:51:08.944,12.73073,12.73398,0.00,0.00
2015.02.02 15:51:08.994,12.73073,12.73362,0.00,0.00
2015.02.02 15:51:09.045,12.73052,12.73362,0.00,0.00
2015.02.02 15:51:13.709,12.73052,12.73312,0.00,0.00
2015.02.02 15:51:13.823,12.73036,12.73312,0.00,0.00
2015.02.02 15:51:13.924,12.73023,12.73312,0.00,0.00
2015.02.02 15:51:14.197,12.73023,12.73318,0.00,0.00
2015.02.02 15:51:14.248,12.73048,12.73318,0.00,0.00
2015.02.02 15:51:14.406,12.73043,12.73318,0.00,0.00
2015.02.02 15:51:14.581,12.73061,12.73318,0.00,0.00
2015.02.02 15:51:14.681,12.73078,12.73418,0.00,0.00
2015.02.02 15:51:14.732,12.73098,12.73418,0.00,0.00
2015.02.02 15:51:15.108,12.73084,12.73418,0.00,0.00
2015.02.02 15:51:15.409,12.73097,12.73418,0.00,0.00
2015.02.02 15:51:15.709,12.73073,12.73417,0.00,0.00
2015.02.02 15:51:16.317,12.73087,12.73418,0.00,0.00
2015.02.02 15:51:16.518,12.73027,12.73359,0.00,0.00
2015.02.02 15:51:16.569,12.73112,12.73362,0.00,0.00
2015.02.02 15:51:16.720,12.73112,12.73398,0.00,0.00
2015.02.02 15:51:16.923,12.73098,12.73398,0.00,0.00
2015.02.02 15:51:17.112,12.73112,12.73398,0.00,0.00
2015.02.02 15:51:17.390,12.73112,12.73419,0.00,0.00
2015.02.02 15:51:17.747,12.73098,12.73419,0.00,0.00
2015.02.02 15:51:18.232,12.73086,12.73362,0.00,0.00
2015.02.02 15:51:18.333,12.73046,12.73362,0.00,0.00
2015.02.02 15:51:18.383,12.73046,12.73319,0.00,0.00
2015.02.02 15:51:18.434,12.72992,12.73319,0.00,0.00
2015.02.02 15:51:18.484,12.72992,12.73312,0.00,0.00
2015.02.02 15:51:19.134,12.72973,12.73272,0.00,0.00
2015.02.02 15:51:19.235,12.72952,12.73272,0.00,0.00
2015.02.02 15:51:19.285,12.73021,12.73272,0.00,0.00
2015.02.02 15:51:19.336,12.73021,12.73312,0.00,0.00
2015.02.02 15:51:19.436,12.73037,12.73319,0.00,0.00
2015.02.02 15:51:19.487,12.73037,12.73362,0.00,0.00
2015.02.02 15:51:19.537,12.73047,12.73362,0.00,0.00
2015.02.02 15:51:19.700,12.73047,12.73391,0.00,0.00
2015.02.02 15:51:19.751,12.73061,12.73391,0.00,0.00
2015.02.02 15:51:19.852,12.73067,12.73399,0.00,0.00
2015.02.02 15:51:20.337,12.73067,12.73362,0.00,0.00
2015.02.02 15:51:22.977,12.73033,12.73362,0.00,0.00
2015.02.02 15:51:23.532,12.7306,12.73362,0.00,0.00
2015.02.02 15:51:23.651,12.7306,12.73399,0.00,0.00
2015.02.02 15:51:23.841,12.73091,12.73418,0.00,0.00
2015.02.02 15:51:24.341,12.73071,12.7341,0.00,0.00
2015.02.02 15:51:24.643,12.73071,12.73398,0.00,0.00
2015.02.02 15:51:25.186,12.73072,12.73398,0.00,0.00
2015.02.02 15:51:25.456,12.73041,12.73368,0.00,0.00
2015.02.02 15:51:25.557,12.72976,12.73318,0.00,0.00
2015.02.02 15:51:26.667,12.72988,12.73318,0.00,0.00
2015.02.02 15:51:27.166,12.73021,12.73348,0.00,0.00
2015.02.02 15:51:28.283,12.73054,12.73398,0.00,0.00
2015.02.02 15:51:28.334,12.73062,12.73398,0.00,0.00
2015.02.02 15:51:29.391,12.73062,12.73361,0.00,0.00
2015.02.02 15:51:29.542,12.73021,12.73353,0.00,0.00
2015.02.02 15:51:30.500,12.73061,12.73401,0.00,0.00
2015.02.02 15:51:31.127,12.73062,12.73401,0.00,0.00
2015.02.02 15:51:31.787,12.73061,12.73401,0.00,0.00
2015.02.02 15:51:32.341,12.73061,12.73361,0.00,0.00
2015.02.02 15:51:32.391,12.73022,12.73353,0.00,0.00
2015.02.02 15:51:32.498,12.72974,12.73311,0.00,0.00
2015.02.02 15:51:32.609,12.72971,12.73283,0.00,0.00
2015.02.02 15:51:32.716,12.72921,12.73252,0.00,0.00
2015.02.02 15:51:33.670,12.72921,12.73233,0.00,0.00
2015.02.02 15:51:33.811,12.72889,12.73212,0.00,0.00
2015.02.02 15:51:35.189,12.72872,12.73212,0.00,0.00
2015.02.02 15:51:36.375,12.72872,12.73197,0.00,0.00
2015.02.02 15:51:37.070,12.72871,12.73197,0.00,0.00
2015.02.02 15:51:37.500,12.72871,12.73167,0.00,0.00
2015.02.02 15:51:37.551,12.72825,12.73167,0.00,0.00
2015.02.02 15:51:37.601,12.72821,12.73102,0.00,0.00
2015.02.02 15:51:37.652,12.72771,12.73102,0.00,0.00
2015.02.02 15:51:37.903,12.72791,12.73111,0.00,0.00
2015.02.02 15:51:38.010,12.72771,12.73103,0.00,0.00
2015.02.02 15:51:38.321,12.72791,12.73111,0.00,0.00
2015.02.02 15:51:38.480,12.72773,12.73111,0.00,0.00
2015.02.02 15:51:38.681,12.728,12.73111,0.00,0.00
2015.02.02 15:51:39.145,12.72815,12.73111,0.00,0.00
2015.02.02 15:51:39.195,12.72782,12.73111,0.00,0.00
2015.02.02 15:51:40.211,12.72797,12.73111,0.00,0.00
2015.02.02 15:51:41.286,12.72781,12.73111,0.00,0.00
2015.02.02 15:51:41.386,12.72824,12.73161,0.00,0.00
2015.02.02 15:51:41.487,12.72836,12.73161,0.00,0.00
2015.02.02 15:51:41.588,12.72811,12.73148,0.00,0.00
2015.02.02 15:51:41.689,12.72837,12.73161,0.00,0.00
2015.02.02 15:51:41.790,12.72821,12.73161,0.00,0.00
2015.02.02 15:51:42.288,12.72811,12.73149,0.00,0.00
2015.02.02 15:51:42.630,12.72787,12.73111,0.00,0.00
2015.02.02 15:51:42.977,12.72834,12.73119,0.00,0.00
2015.02.02 15:51:43.156,12.72834,12.73161,0.00,0.00
2015.02.02 15:51:43.408,12.72812,12.73152,0.00,0.00
2015.02.02 15:51:43.509,12.72812,12.73138,0.00,0.00
2015.02.02 15:51:43.864,12.72835,12.73161,0.00,0.00
2015.02.02 15:51:44.319,12.72812,12.73114,0.00,0.00
2015.02.02 15:51:44.370,12.72772,12.73112,0.00,0.00
2015.02.02 15:51:44.420,12.72772,12.73102,0.00,0.00
2015.02.02 15:51:44.471,12.72758,12.73102,0.00,0.00
2015.02.02 15:51:44.522,12.72722,12.73065,0.00,0.00
2015.02.02 15:51:44.824,12.72749,12.73062,0.00,0.00
2015.02.02 15:51:44.894,12.72721,12.73062,0.00,0.00
2015.02.02 15:51:45.028,12.72742,12.73062,0.00,0.00
2015.02.02 15:51:45.130,12.72721,12.7306,0.00,0.00
2015.02.02 15:51:45.331,12.7273,12.73072,0.00,0.00
2015.02.02 15:51:45.382,12.72761,12.73072,0.00,0.00
2015.02.02 15:51:45.432,12.72788,12.73112,0.00,0.00
2015.02.02 15:51:45.697,12.72761,12.73097,0.00,0.00
2015.02.02 15:51:45.917,12.72772,12.73097,0.00,0.00
2015.02.02 15:51:46.917,12.72762,12.73097,0.00,0.00
2015.02.02 15:51:47.472,12.72761,12.73097,0.00,0.00
2015.02.02 15:51:47.628,12.72769,12.73112,0.00,0.00
2015.02.02 15:51:47.678,12.72862,12.73113,0.00,0.00
2015.02.02 15:51:47.729,12.72862,12.73162,0.00,0.00
2015.02.02 15:51:47.780,12.72839,12.73162,0.00,0.00
2015.02.02 15:51:48.049,12.72781,12.73111,0.00,0.00
2015.02.02 15:51:48.150,12.72809,12.73111,0.00,0.00
2015.02.02 15:51:48.436,12.72771,12.73111,0.00,0.00
2015.02.02 15:51:48.907,12.72771,12.73098,0.00,0.00
2015.02.02 15:51:49.500,12.72772,12.73098,0.00,0.00
2015.02.02 15:51:49.550,12.72775,12.73117,0.00,0.00
2015.02.02 15:51:49.660,12.72822,12.73157,0.00,0.00
2015.02.02 15:51:49.761,12.72784,12.73128,0.00,0.00
2015.02.02 15:51:49.813,12.72771,12.73108,0.00,0.00
2015.02.02 15:51:50.065,12.72784,12.73128,0.00,0.00
2015.02.02 15:51:50.116,12.72861,12.73128,0.00,0.00
2015.02.02 15:51:50.166,12.72861,12.73152,0.00,0.00
2015.02.02 15:51:50.217,12.72821,12.73152,0.00,0.00
2015.02.02 15:51:50.267,12.72821,12.73138,0.00,0.00
2015.02.02 15:51:50.418,12.72794,12.73112,0.00,0.00
2015.02.02 15:51:50.469,12.72771,12.73108,0.00,0.00
2015.02.02 15:51:50.520,12.72771,12.73079,0.00,0.00
2015.02.02 15:51:50.867,12.72771,12.73109,0.00,0.00
2015.02.02 15:51:50.923,12.72771,12.73036,0.00,0.00
2015.02.02 15:51:50.974,12.72729,12.73036,0.00,0.00
2015.02.02 15:51:51.024,12.72721,12.72968,0.00,0.00
2015.02.02 15:51:51.075,12.72691,12.72968,0.00,0.00
2015.02.02 15:51:51.407,12.72671,12.72968,0.00,0.00
2015.02.02 15:51:51.943,12.72661,12.72968,0.00,0.00
2015.02.02 15:51:52.094,12.72671,12.72968,0.00,0.00
2015.02.02 15:51:52.144,12.72671,12.72983,0.00,0.00
2015.02.02 15:51:52.245,12.72719,12.73049,0.00,0.00
2015.02.02 15:51:52.296,12.72762,12.73063,0.00,0.00
2015.02.02 15:51:52.620,12.72721,12.73042,0.00,0.00
2015.02.02 15:51:52.671,12.72721,12.73023,0.00,0.00
2015.02.02 15:51:52.973,12.72521,12.72854,0.00,0.00
2015.02.02 15:51:53.074,12.72532,12.72862,0.00,0.00
2015.02.02 15:51:53.175,12.72522,12.72855,0.00,0.00
2015.02.02 15:51:53.276,12.72522,12.72812,0.00,0.00
2015.02.02 15:51:53.377,12.72462,12.72806,0.00,0.00
2015.02.02 15:51:53.478,12.72461,12.72772,0.00,0.00
2015.02.02 15:51:53.529,12.72443,12.72772,0.00,0.00
2015.02.02 15:51:53.630,12.72419,12.72763,0.00,0.00
2015.02.02 15:51:53.680,12.72408,12.72752,0.00,0.00
2015.02.02 15:51:53.982,12.72422,12.72764,0.00,0.00
2015.02.02 15:51:54.284,12.72327,12.72661,0.00,0.00
2015.02.02 15:51:54.586,12.72372,12.72619,0.00,0.00
2015.02.02 15:51:54.687,12.72361,12.72619,0.00,0.00
2015.02.02 15:51:54.788,12.72373,12.72619,0.00,0.00
2015.02.02 15:51:55.039,12.724,12.72712,0.00,0.00
2015.02.02 15:51:55.090,12.724,12.72686,0.00,0.00
2015.02.02 15:51:55.141,12.72371,12.72686,0.00,0.00
2015.02.02 15:51:55.245,12.72371,12.72711,0.00,0.00
2015.02.02 15:51:55.295,12.72382,12.72711,0.00,0.00
2015.02.02 15:51:55.346,12.72382,12.72718,0.00,0.00
2015.02.02 15:51:55.397,12.72379,12.7269,0.00,0.00
2015.02.02 15:51:55.447,12.72348,12.72661,0.00,0.00
2015.02.02 15:51:55.637,12.72327,12.72661,0.00,0.00
2015.02.02 15:51:55.769,12.72327,12.72612,0.00,0.00
2015.02.02 15:51:56.071,12.72319,12.72606,0.00,0.00
2015.02.02 15:51:56.122,12.72262,12.72606,0.00,0.00
2015.02.02 15:51:56.557,12.72277,12.72612,0.00,0.00
2015.02.02 15:51:56.883,12.72297,12.72612,0.00,0.00
2015.02.02 15:51:56.959,12.72282,12.72612,0.00,0.00
2015.02.02 15:51:57.100,12.72278,12.72612,0.00,0.00
2015.02.02 15:51:57.463,12.72264,12.72608,0.00,0.00
2015.02.02 15:51:57.531,12.72264,12.72571,0.00,0.00
2015.02.02 15:51:57.582,12.72246,12.72571,0.00,0.00
2015.02.02 15:51:58.010,12.72287,12.72612,0.00,0.00
2015.02.02 15:51:58.409,12.72287,12.72631,0.00,0.00
2015.02.02 15:51:58.510,12.72317,12.72661,0.00,0.00
2015.02.02 15:51:59.181,12.72317,12.72612,0.00,0.00
2015.02.02 15:51:59.282,12.72286,12.72612,0.00,0.00
2015.02.02 15:51:59.433,12.72318,12.7263,0.00,0.00
2015.02.02 15:51:59.483,12.72323,12.72665,0.00,0.00
2015.02.02 15:51:59.534,12.72323,12.72662,0.00,0.00
2015.02.02 15:51:59.971,12.72323,12.72611,0.00,0.00
2015.02.02 15:52:00.022,12.72281,12.72611,0.00,0.00
2015.02.02 15:52:00.173,12.72281,12.72521,0.00,0.00
2015.02.02 15:52:00.224,12.72261,12.72521,0.00,0.00
2015.02.02 15:52:00.325,12.72261,12.72572,0.00,0.00
2015.02.02 15:52:00.425,12.72249,12.72572,0.00,0.00
2015.02.02 15:52:00.650,12.72249,12.72591,0.00,0.00
2015.02.02 15:52:00.700,12.72304,12.72612,0.00,0.00
2015.02.02 15:52:00.801,12.72258,12.72572,0.00,0.00
2015.02.02 15:52:01.181,12.72258,12.72521,0.00,0.00
2015.02.02 15:52:01.232,12.72233,12.72521,0.00,0.00
2015.02.02 15:52:01.333,12.72224,12.72522,0.00,0.00
2015.02.02 15:52:01.383,12.72239,12.72522,0.00,0.00
2015.02.02 15:52:01.534,12.72261,12.72582,0.00,0.00
2015.02.02 15:52:01.585,12.72261,12.72601,0.00,0.00
2015.02.02 15:52:01.869,12.72261,12.72572,0.00,0.00
2015.02.02 15:52:02.020,12.72172,12.72512,0.00,0.00
2015.02.02 15:52:02.071,12.72168,12.72421,0.00,0.00
2015.02.02 15:52:02.174,12.72168,12.72472,0.00,0.00
2015.02.02 15:52:02.479,12.72168,12.72421,0.00,0.00
2015.02.02 15:52:02.530,12.72139,12.72421,0.00,0.00
2015.02.02 15:52:02.630,12.72171,12.72471,0.00,0.00
2015.02.02 15:52:02.681,12.72179,12.72471,0.00,0.00
2015.02.02 15:52:02.731,12.72254,12.72548,0.00,0.00
2015.02.02 15:52:02.782,12.72254,12.72572,0.00,0.00
2015.02.02 15:52:03.702,12.7221,12.72554,0.00,0.00
2015.02.02 15:52:04.459,12.7221,12.72521,0.00,0.00
2015.02.02 15:52:04.618,12.72105,12.72449,0.00,0.00
2015.02.02 15:52:04.738,12.72154,12.72472,0.00,0.00
2015.02.02 15:52:05.049,12.72103,12.72422,0.00,0.00
2015.02.02 15:52:05.118,12.72103,12.72447,0.00,0.00
2015.02.02 15:52:05.249,12.72099,12.72436,0.00,0.00
2015.02.02 15:52:05.550,12.72148,12.72472,0.00,0.00
2015.02.02 15:52:05.650,12.72149,12.72491,0.00,0.00
2015.02.02 15:52:05.998,12.72149,12.72462,0.00,0.00
2015.02.02 15:52:06.149,12.72133,12.72462,0.00,0.00
2015.02.02 15:52:06.328,12.72133,12.72402,0.00,0.00
2015.02.02 15:52:06.445,12.72071,12.72377,0.00,0.00
2015.02.02 15:52:06.545,12.72061,12.72396,0.00,0.00
2015.02.02 15:52:06.596,12.72098,12.72396,0.00,0.00
2015.02.02 15:52:06.646,12.72098,12.72422,0.00,0.00
2015.02.02 15:52:06.697,12.72149,12.72422,0.00,0.00
2015.02.02 15:52:06.747,12.72149,12.72466,0.00,0.00
2015.02.02 15:52:06.798,12.72124,12.72462,0.00,0.00
2015.02.02 15:52:06.899,12.72109,12.72451,0.00,0.00
2015.02.02 15:52:06.949,12.72098,12.72422,0.00,0.00
2015.02.02 15:52:07.317,12.72149,12.72467,0.00,0.00
2015.02.02 15:52:07.418,12.72198,12.72522,0.00,0.00
2015.02.02 15:52:07.979,12.72178,12.72512,0.00,0.00
2015.02.02 15:52:08.030,12.72161,12.72497,0.00,0.00
2015.02.02 15:52:08.081,12.72153,12.72497,0.00,0.00
2015.02.02 15:52:08.131,12.72148,12.72476,0.00,0.00
2015.02.02 15:52:08.578,12.72134,12.72462,0.00,0.00
2015.02.02 15:52:08.628,12.72098,12.72436,0.00,0.00
2015.02.02 15:52:08.729,12.72128,12.72462,0.00,0.00
2015.02.02 15:52:09.188,12.72149,12.72472,0.00,0.00
2015.02.02 15:52:09.551,12.72128,12.72462,0.00,0.00
2015.02.02 15:52:09.651,12.72108,12.72452,0.00,0.00
2015.02.02 15:52:10.323,12.72149,12.72452,0.00,0.00
2015.02.02 15:52:10.373,12.72149,12.72466,0.00,0.00
2015.02.02 15:52:11.059,12.72124,12.72462,0.00,0.00
2015.02.02 15:52:11.160,12.72107,12.72449,0.00,0.00
2015.02.02 15:52:11.211,12.72148,12.72449,0.00,0.00
2015.02.02 15:52:11.261,12.72148,12.72462,0.00,0.00
2015.02.02 15:52:11.312,12.72198,12.72462,0.00,0.00
2015.02.02 15:52:11.362,12.72198,12.72517,0.00,0.00
2015.02.02 15:52:11.609,12.72239,12.72517,0.00,0.00
2015.02.02 15:52:11.760,12.72282,12.72601,0.00,0.00
2015.02.02 15:52:11.813,12.72273,12.72601,0.00,0.00
2015.02.02 15:52:11.863,12.72289,12.72617,0.00,0.00
2015.02.02 15:52:12.346,12.72294,12.72636,0.00,0.00
2015.02.02 15:52:12.685,12.72289,12.7262,0.00,0.00
2015.02.02 15:52:12.963,12.72264,12.72602,0.00,0.00
2015.02.02 15:52:13.064,12.72298,12.72642,0.00,0.00
2015.02.02 15:52:13.265,12.72288,12.72586,0.00,0.00
2015.02.02 15:52:13.492,12.72303,12.72647,0.00,0.00
2015.02.02 15:52:13.655,12.72293,12.72635,0.00,0.00
2015.02.02 15:52:13.957,12.72339,12.72667,0.00,0.00
2015.02.02 15:52:14.028,12.72323,12.72652,0.00,0.00
2015.02.02 15:52:14.191,12.72303,12.72647,0.00,0.00
2015.02.02 15:52:14.708,12.72304,12.72646,0.00,0.00
2015.02.02 15:52:15.058,12.72288,12.72632,0.00,0.00
2015.02.02 15:52:16.717,12.72288,12.72601,0.00,0.00
2015.02.02 15:52:16.768,12.72273,12.72601,0.00,0.00
2015.02.02 15:52:16.919,12.72289,12.72617,0.00,0.00
2015.02.02 15:52:18.127,12.72273,12.72601,0.00,0.00
2015.02.02 15:52:18.178,12.72239,12.72577,0.00,0.00
2015.02.02 15:52:19.292,12.72239,12.72558,0.00,0.00
2015.02.02 15:52:19.343,12.72233,12.72558,0.00,0.00
2015.02.02 15:52:19.393,12.72199,12.72522,0.00,0.00
2015.02.02 15:52:20.049,12.72199,12.7252,0.00,0.00
2015.02.02 15:52:20.201,12.72098,12.72427,0.00,0.00
2015.02.02 15:52:23.928,12.72149,12.72427,0.00,0.00
2015.02.02 15:52:24.129,12.72199,12.72522,0.00,0.00
2015.02.02 15:52:24.180,12.72238,12.72522,0.00,0.00
2015.02.02 15:52:24.230,12.72238,12.72572,0.00,0.00
2015.02.02 15:52:25.498,12.72289,12.72572,0.00,0.00
2015.02.02 15:52:25.649,12.72289,12.72607,0.00,0.00
2015.02.02 15:52:25.832,12.72289,12.72617,0.00,0.00
2015.02.02 15:52:26.005,12.72289,12.72606,0.00,0.00
2015.02.02 15:52:26.557,12.72289,12.72596,0.00,0.00
2015.02.02 15:52:26.752,12.72254,12.72596,0.00,0.00
2015.02.02 15:52:26.803,12.72239,12.72581,0.00,0.00
2015.02.02 15:52:28.327,12.72281,12.72581,0.00,0.00
2015.02.02 15:52:28.428,12.72281,12.72601,0.00,0.00
2015.02.02 15:52:28.528,12.72288,12.72621,0.00,0.00
2015.02.02 15:52:29.335,12.72388,12.72656,0.00,0.00
2015.02.02 15:52:29.436,12.72338,12.72636,0.00,0.00
2015.02.02 15:52:29.587,12.72294,12.72636,0.00,0.00
2015.02.02 15:52:29.637,12.72288,12.72622,0.00,0.00
2015.02.02 15:52:30.234,12.72294,12.72636,0.00,0.00
2015.02.02 15:52:30.782,12.72338,12.72647,0.00,0.00
2015.02.02 15:52:30.938,12.72389,12.72717,0.00,0.00
2015.02.02 15:52:31.298,12.72449,12.72717,0.00,0.00
2015.02.02 15:52:31.349,12.72449,12.72742,0.00,0.00
2015.02.02 15:52:31.399,12.72471,12.72742,0.00,0.00
2015.02.02 15:52:31.450,12.72489,12.72817,0.00,0.00
2015.02.02 15:52:31.855,12.72539,12.72817,0.00,0.00
2015.02.02 15:52:31.956,12.72539,12.72847,0.00,0.00
2015.02.02 15:52:32.057,12.72539,12.72867,0.00,0.00
2015.02.02 15:52:33.694,12.72539,12.72855,0.00,0.00
2015.02.02 15:52:33.845,12.72543,12.72887,0.00,0.00
2015.02.02 15:52:33.895,12.72538,12.72871,0.00,0.00
2015.02.02 15:52:33.996,12.72489,12.72827,0.00,0.00
2015.02.02 15:52:34.097,12.72489,12.72817,0.00,0.00
2015.02.02 15:52:34.676,12.72493,12.72837,0.00,0.00
2015.02.02 15:52:34.979,12.72472,12.7277,0.00,0.00
2015.02.02 15:52:35.150,12.72393,12.72735,0.00,0.00
2015.02.02 15:52:36.673,12.72388,12.72724,0.00,0.00
2015.02.02 15:52:36.993,12.72392,12.72736,0.00,0.00
2015.02.02 15:52:37.093,12.72413,12.72752,0.00,0.00
2015.02.02 15:52:37.801,12.72413,12.72701,0.00,0.00
2015.02.02 15:52:37.902,12.72312,12.72652,0.00,0.00
2015.02.02 15:52:38.003,12.72288,12.72626,0.00,0.00
2015.02.02 15:52:38.358,12.72288,12.72615,0.00,0.00
2015.02.02 15:52:38.788,12.72288,12.7263,0.00,0.00
2015.02.02 15:52:38.889,12.72308,12.7265,0.00,0.00
2015.02.02 15:52:39.686,12.72338,12.7265,0.00,0.00
2015.02.02 15:52:39.838,12.72338,12.72676,0.00,0.00
2015.02.02 15:52:40.462,12.72332,12.72652,0.00,0.00
2015.02.02 15:52:40.563,12.72338,12.72668,0.00,0.00
2015.02.02 15:52:40.614,12.72338,12.72665,0.00,0.00
2015.02.02 15:52:40.664,12.72321,12.72651,0.00,0.00
2015.02.02 15:52:40.715,12.72311,12.72651,0.00,0.00
2015.02.02 15:52:43.144,12.72289,12.72616,0.00,0.00
2015.02.02 15:52:43.247,12.72289,12.72631,0.00,0.00
2015.02.02 15:52:43.514,12.72338,12.72675,0.00,0.00
2015.02.02 15:52:43.843,12.72388,12.72691,0.00,0.00
2015.02.02 15:52:43.994,12.72338,12.72677,0.00,0.00
2015.02.02 15:52:44.833,12.72347,12.72691,0.00,0.00
2015.02.02 15:52:45.416,12.72358,12.72702,0.00,0.00
2015.02.02 15:52:53.269,12.72408,12.72702,0.00,0.00
2015.02.02 15:52:53.320,12.72408,12.72752,0.00,0.00
2015.02.02 15:52:56.272,12.72418,12.72752,0.00,0.00
2015.02.02 15:52:56.490,12.72504,12.72846,0.00,0.00
2015.02.02 15:53:00.050,12.72493,12.72837,0.00,0.00
2015.02.02 15:53:00.308,12.72488,12.72817,0.00,0.00
2015.02.02 15:53:00.459,12.72403,12.72747,0.00,0.00
2015.02.02 15:53:00.509,12.72393,12.72737,0.00,0.00
2015.02.02 15:53:00.889,12.72393,12.72692,0.00,0.00
2015.02.02 15:53:01.040,12.72278,12.72622,0.00,0.00
2015.02.02 15:53:01.092,12.72278,12.72619,0.00,0.00
2015.02.02 15:53:01.143,12.72259,12.72601,0.00,0.00
2015.02.02 15:53:01.337,12.72278,12.72601,0.00,0.00
2015.02.02 15:53:01.414,12.72294,12.72619,0.00,0.00
2015.02.02 15:53:01.464,12.72294,12.72601,0.00,0.00
2015.02.02 15:53:01.517,12.72273,12.72601,0.00,0.00
2015.02.02 15:53:01.567,12.72273,12.72568,0.00,0.00
2015.02.02 15:53:01.618,12.72248,12.72568,0.00,0.00
2015.02.02 15:53:01.668,12.72248,12.72551,0.00,0.00
2015.02.02 15:53:01.719,12.72233,12.72551,0.00,0.00
2015.02.02 15:53:01.820,12.72243,12.72568,0.00,0.00
2015.02.02 15:53:01.920,12.72243,12.72551,0.00,0.00
2015.02.02 15:53:02.021,12.72243,12.72568,0.00,0.00
2015.02.02 15:53:02.122,12.72253,12.72597,0.00,0.00
2015.02.02 15:53:02.223,12.72243,12.72552,0.00,0.00
2015.02.02 15:53:02.474,12.72509,12.72829,0.00,0.00
2015.02.02 15:53:02.632,12.72561,12.72829,0.00,0.00
2015.02.02 15:53:02.683,12.72561,12.72838,0.00,0.00
2015.02.02 15:53:02.784,12.72603,12.72947,0.00,0.00
2015.02.02 15:53:03.124,12.72599,12.72922,0.00,0.00
2015.02.02 15:53:03.225,12.72561,12.72902,0.00,0.00
2015.02.02 15:53:03.325,12.72599,12.72952,0.00,0.00
2015.02.02 15:53:03.426,12.72599,12.72959,0.00,0.00
2015.02.02 15:53:03.647,12.72561,12.72901,0.00,0.00
2015.02.02 15:53:03.798,12.72598,12.72953,0.00,0.00
2015.02.02 15:53:03.849,12.72598,12.72962,0.00,0.00
2015.02.02 15:53:04.172,12.72601,12.72962,0.00,0.00
2015.02.02 15:53:04.441,12.72598,12.72962,0.00,0.00
2015.02.02 15:53:05.057,12.72601,12.72962,0.00,0.00
2015.02.02 15:53:06.267,12.72598,12.72919,0.00,0.00
2015.02.02 15:53:06.318,12.72561,12.72902,0.00,0.00
2015.02.02 15:53:06.419,12.72561,12.72851,0.00,0.00
2015.02.02 15:53:06.599,12.72491,12.72809,0.00,0.00
2015.02.02 15:53:06.818,12.72491,12.72769,0.00,0.00
2015.02.02 15:53:06.869,12.72448,12.72769,0.00,0.00
2015.02.02 15:53:07.519,12.72448,12.72768,0.00,0.00
2015.02.02 15:53:07.831,12.72489,12.72809,0.00,0.00
2015.02.02 15:53:08.218,12.72553,12.72869,0.00,0.00
2015.02.02 15:53:08.547,12.72533,12.72819,0.00,0.00
2015.02.02 15:53:09.257,12.72539,12.72819,0.00,0.00
2015.02.02 15:53:09.369,12.72544,12.72879,0.00,0.00
2015.02.02 15:53:09.638,12.72559,12.72879,0.00,0.00
2015.02.02 15:53:10.024,12.72559,12.72852,0.00,0.00
2015.02.02 15:53:10.074,12.72538,12.72852,0.00,0.00
2015.02.02 15:53:10.175,12.72538,12.72868,0.00,0.00
2015.02.02 15:53:10.276,12.7255,12.72868,0.00,0.00
2015.02.02 15:53:10.441,12.72538,12.72868,0.00,0.00
2015.02.02 15:53:10.578,12.72552,12.72889,0.00,0.00
2015.02.02 15:53:10.662,12.72552,12.72868,0.00,0.00
2015.02.02 15:53:10.763,12.72504,12.72846,0.00,0.00
2015.02.02 15:53:10.814,12.72504,12.72818,0.00,0.00
2015.02.02 15:53:11.187,12.72528,12.72818,0.00,0.00
2015.02.02 15:53:11.431,12.72528,12.72851,0.00,0.00
2015.02.02 15:53:11.482,12.72568,12.7288,0.00,0.00
2015.02.02 15:53:11.784,12.72698,12.73008,0.00,0.00
2015.02.02 15:53:12.177,12.72704,12.73008,0.00,0.00
2015.02.02 15:53:12.278,12.72698,12.73008,0.00,0.00
2015.02.02 15:53:12.821,12.72698,12.73009,0.00,0.00
2015.02.02 15:53:13.317,12.72689,12.73009,0.00,0.00
2015.02.02 15:53:13.418,12.72689,12.72969,0.00,0.00
2015.02.02 15:53:13.468,12.72664,12.72969,0.00,0.00
2015.02.02 15:53:14.614,12.72664,12.72961,0.00,0.00
2015.02.02 15:53:14.665,12.72611,12.72919,0.00,0.00
2015.02.02 15:53:14.978,12.72599,12.72919,0.00,0.00
2015.02.02 15:53:15.179,12.72648,12.7294,0.00,0.00
2015.02.02 15:53:15.280,12.72656,12.72968,0.00,0.00
2015.02.02 15:53:15.597,12.72648,12.72968,0.00,0.00
2015.02.02 15:53:16.059,12.7265,12.72958,0.00,0.00
2015.02.02 15:53:16.400,12.72649,12.72955,0.00,0.00
2015.02.02 15:53:16.501,12.72649,12.72959,0.00,0.00
2015.02.02 15:53:18.613,12.72649,12.72919,0.00,0.00
2015.02.02 15:53:18.663,12.72599,12.72904,0.00,0.00
2015.02.02 15:53:18.714,12.72599,12.72868,0.00,0.00
2015.02.02 15:53:18.815,12.72548,12.72868,0.00,0.00
2015.02.02 15:53:18.989,12.72548,12.72852,0.00,0.00
2015.02.02 15:53:19.089,12.72541,12.72852,0.00,0.00
2015.02.02 15:53:19.140,12.72541,12.72869,0.00,0.00
2015.02.02 15:53:19.241,12.72541,12.72852,0.00,0.00
2015.02.02 15:53:19.830,12.72532,12.72819,0.00,0.00
2015.02.02 15:53:19.984,12.72518,12.72819,0.00,0.00
2015.02.02 15:53:20.085,12.72506,12.72819,0.00,0.00
2015.02.02 15:53:21.771,12.72506,12.72818,0.00,0.00
2015.02.02 15:53:22.313,12.72521,12.72819,0.00,0.00
2015.02.02 15:53:22.657,12.72532,12.72818,0.00,0.00
2015.02.02 15:53:23.201,12.72532,12.72819,0.00,0.00
2015.02.02 15:53:23.692,12.72497,12.72818,0.00,0.00
2015.02.02 15:53:24.350,12.72497,12.72809,0.00,0.00
2015.02.02 15:53:24.882,12.72497,12.72808,0.00,0.00
2015.02.02 15:53:25.198,12.72448,12.72718,0.00,0.00
2015.02.02 15:53:25.299,12.72453,12.72752,0.00,0.00
2015.02.02 15:53:25.367,12.72453,12.72769,0.00,0.00
2015.02.02 15:53:26.058,12.72489,12.72769,0.00,0.00
2015.02.02 15:53:26.108,12.72489,12.72819,0.00,0.00
2015.02.02 15:53:26.209,12.72526,12.72819,0.00,0.00
2015.02.02 15:53:26.531,12.72506,12.72819,0.00,0.00
2015.02.02 15:53:29.594,12.72602,12.7285,0.00,0.00
2015.02.02 15:53:29.694,12.72571,12.72902,0.00,0.00
2015.02.02 15:53:29.745,12.72631,12.72902,0.00,0.00
2015.02.02 15:53:29.795,12.72631,12.72918,0.00,0.00
2015.02.02 15:53:30.452,12.72602,12.72918,0.00,0.00
2015.02.02 15:53:30.617,12.72599,12.72919,0.00,0.00
2015.02.02 15:53:30.827,12.72615,12.72919,0.00,0.00
2015.02.02 15:53:31.218,12.72599,12.72919,0.00,0.00
2015.02.02 15:53:31.519,12.72613,12.72919,0.00,0.00
2015.02.02 15:53:31.770,12.72599,12.72919,0.00,0.00
2015.02.02 15:53:33.431,12.72614,12.72919,0.00,0.00
2015.02.02 15:53:33.752,12.726,12.72919,0.00,0.00
2015.02.02 15:53:34.135,12.72599,12.72915,0.00,0.00
2015.02.02 15:53:34.538,12.72601,12.72919,0.00,0.00
2015.02.02 15:53:36.392,12.72706,12.72919,0.00,0.00
2015.02.02 15:53:36.442,12.72706,12.72959,0.00,0.00
2015.02.02 15:53:36.543,12.72706,12.73009,0.00,0.00
2015.02.02 15:53:37.203,12.72698,12.73009,0.00,0.00
2015.02.02 15:53:37.405,12.72648,12.72968,0.00,0.00
2015.02.02 15:53:37.506,12.72644,12.72959,0.00,0.00
2015.02.02 15:53:37.662,12.72642,12.72959,0.00,0.00
2015.02.02 15:53:38.375,12.72657,12.72959,0.00,0.00
2015.02.02 15:53:39.668,12.7266,12.72959,0.00,0.00
2015.02.02 15:53:39.967,12.72638,12.72959,0.00,0.00
2015.02.02 15:53:40.068,12.72655,12.72959,0.00,0.00
2015.02.02 15:53:40.497,12.72666,12.72958,0.00,0.00
2015.02.02 15:53:40.987,12.72688,12.72958,0.00,0.00
2015.02.02 15:53:41.138,12.72666,12.72959,0.00,0.00
2015.02.02 15:53:41.539,12.72666,12.72952,0.00,0.00
2015.02.02 15:53:41.589,12.72631,12.72952,0.00,0.00
2015.02.02 15:53:41.640,12.72631,12.72919,0.00,0.00
2015.02.02 15:53:41.794,12.72621,12.72919,0.00,0.00
2015.02.02 15:53:42.008,12.72606,12.72919,0.00,0.00
2015.02.02 15:53:42.071,12.72606,12.72908,0.00,0.00
2015.02.02 15:53:42.272,12.72588,12.72908,0.00,0.00
2015.02.02 15:53:42.372,12.72597,12.72908,0.00,0.00
2015.02.02 15:53:43.304,12.72612,12.72909,0.00,0.00
2015.02.02 15:53:43.972,12.72612,12.72918,0.00,0.00
2015.02.02 15:53:44.978,12.72631,12.72918,0.00,0.00
2015.02.02 15:53:45.091,12.7262,12.72918,0.00,0.00
2015.02.02 15:53:45.194,12.72608,12.72918,0.00,0.00
2015.02.02 15:53:45.521,12.72631,12.72919,0.00,0.00
2015.02.02 15:53:45.927,12.72615,12.72919,0.00,0.00
2015.02.02 15:53:46.828,12.72631,12.72919,0.00,0.00
2015.02.02 15:53:47.081,12.72621,12.72919,0.00,0.00
2015.02.02 15:53:48.288,12.72572,12.72865,0.00,0.00
2015.02.02 15:53:48.339,12.72561,12.72865,0.00,0.00
2015.02.02 15:53:48.390,12.72521,12.72829,0.00,0.00
2015.02.02 15:53:49.001,12.72521,12.72818,0.00,0.00
2015.02.02 15:53:50.216,12.72522,12.72818,0.00,0.00
2015.02.02 15:53:50.592,12.72522,12.72838,0.00,0.00
2015.02.02 15:53:53.495,12.72521,12.72838,0.00,0.00
2015.02.02 15:53:53.777,12.72549,12.72865,0.00,0.00
2015.02.02 15:53:53.878,12.72652,12.72972,0.00,0.00
2015.02.02 15:53:53.929,12.72672,12.72972,0.00,0.00
2015.02.02 15:53:53.979,12.72672,12.72978,0.00,0.00
2015.02.02 15:53:54.721,12.72672,12.72988,0.00,0.00
2015.02.02 15:53:55.542,12.72655,12.72988,0.00,0.00
2015.02.02 15:53:56.297,12.72688,12.72988,0.00,0.00
2015.02.02 15:53:56.655,12.72723,12.72999,0.00,0.00
2015.02.02 15:53:56.705,12.72696,12.72999,0.00,0.00
2015.02.02 15:53:56.911,12.72722,12.72999,0.00,0.00
2015.02.02 15:53:57.104,12.72688,12.72999,0.00,0.00
2015.02.02 15:53:57.472,12.72688,12.73019,0.00,0.00
2015.02.02 15:53:57.616,12.72708,12.73019,0.00,0.00
2015.02.02 15:53:58.005,12.72696,12.73019,0.00,0.00
2015.02.02 15:53:58.306,12.72688,12.73019,0.00,0.00
2015.02.02 15:53:58.357,12.72688,12.72989,0.00,0.00
2015.02.02 15:53:58.407,12.72651,12.72984,0.00,0.00
2015.02.02 15:53:58.458,12.7264,12.72984,0.00,0.00
2015.02.02 15:53:58.508,12.7264,12.72939,0.00,0.00
2015.02.02 15:53:58.609,12.72652,12.72989,0.00,0.00
2015.02.02 15:53:58.709,12.72673,12.72989,0.00,0.00
2015.02.02 15:53:59.428,12.72656,12.72989,0.00,0.00
2015.02.02 15:53:59.479,12.72656,12.72979,0.00,0.00
2015.02.02 15:54:01.666,12.72656,12.72952,0.00,0.00
2015.02.02 15:54:01.817,12.72646,12.72952,0.00,0.00
2015.02.02 15:54:01.918,12.72635,12.72938,0.00,0.00
2015.02.02 15:54:02.386,12.72635,12.72918,0.00,0.00
2015.02.02 15:54:02.555,12.72626,12.72918,0.00,0.00
2015.02.02 15:54:03.069,12.72615,12.72918,0.00,0.00
2015.02.02 15:54:06.664,12.72601,12.72918,0.00,0.00
2015.02.02 15:54:06.766,12.72621,12.72918,0.00,0.00
2015.02.02 15:54:08.638,12.72604,12.72918,0.00,0.00
2015.02.02 15:54:08.739,12.72648,12.72918,0.00,0.00
2015.02.02 15:54:08.790,12.72648,12.72939,0.00,0.00
2015.02.02 15:54:08.890,12.72668,12.72978,0.00,0.00
2015.02.02 15:54:09.140,12.72683,12.72978,0.00,0.00
2015.02.02 15:54:09.458,12.72699,12.72998,0.00,0.00
2015.02.02 15:54:09.756,12.72699,12.73019,0.00,0.00
2015.02.02 15:54:10.136,12.72699,12.73002,0.00,0.00
2015.02.02 15:54:10.187,12.72685,12.73002,0.00,0.00
2015.02.02 15:54:10.288,12.72723,12.73019,0.00,0.00
2015.02.02 15:54:10.342,12.72701,12.73019,0.00,0.00
2015.02.02 15:54:10.542,12.72722,12.73019,0.00,0.00
2015.02.02 15:54:10.779,12.72678,12.73001,0.00,0.00
2015.02.02 15:54:10.830,12.72678,12.72989,0.00,0.00
2015.02.02 15:54:11.068,12.72657,12.72989,0.00,0.00
2015.02.02 15:54:11.393,12.72673,12.72989,0.00,0.00
2015.02.02 15:54:11.493,12.72656,12.72989,0.00,0.00
2015.02.02 15:54:12.747,12.72673,12.72989,0.00,0.00
2015.02.02 15:54:13.466,12.72658,12.72989,0.00,0.00
2015.02.02 15:54:16.288,12.72649,12.72919,0.00,0.00
2015.02.02 15:54:16.339,12.72645,12.72919,0.00,0.00
2015.02.02 15:54:16.440,12.72616,12.72919,0.00,0.00
2015.02.02 15:54:17.094,12.72648,12.72919,0.00,0.00
2015.02.02 15:54:17.347,12.72667,12.72989,0.00,0.00
2015.02.02 15:54:17.944,12.72667,12.72988,0.00,0.00
2015.02.02 15:54:18.298,12.72651,12.72952,0.00,0.00
2015.02.02 15:54:18.604,12.72651,12.72919,0.00,0.00
2015.02.02 15:54:19.453,12.72651,12.72938,0.00,0.00
2015.02.02 15:54:19.554,12.72648,12.72939,0.00,0.00
2015.02.02 15:54:19.924,12.72635,12.72939,0.00,0.00
2015.02.02 15:54:20.108,12.72621,12.72939,0.00,0.00
2015.02.02 15:54:20.427,12.72621,12.72919,0.00,0.00
2015.02.02 15:54:24.190,12.72632,12.72919,0.00,0.00
2015.02.02 15:54:25.585,12.72647,12.72919,0.00,0.00
2015.02.02 15:54:25.736,12.72667,12.72989,0.00,0.00
2015.02.02 15:54:25.786,12.72717,12.72989,0.00,0.00
2015.02.02 15:54:25.896,12.72717,12.72999,0.00,0.00
2015.02.02 15:54:26.696,12.72717,12.73019,0.00,0.00
2015.02.02 15:54:28.223,12.72706,12.73019,0.00,0.00
2015.02.02 15:54:28.325,12.72698,12.73019,0.00,0.00
2015.02.02 15:54:29.542,12.72695,12.73002,0.00,0.00
2015.02.02 15:54:29.642,12.72674,12.72989,0.00,0.00
2015.02.02 15:54:30.362,12.72674,12.72939,0.00,0.00
2015.02.02 15:54:30.412,12.72652,12.72939,0.00,0.00
2015.02.02 15:54:30.516,12.72652,12.72988,0.00,0.00
2015.02.02 15:54:30.625,12.72672,12.72988,0.00,0.00
2015.02.02 15:54:31.206,12.72672,12.72919,0.00,0.00
2015.02.02 15:54:31.256,12.72661,12.72919,0.00,0.00
2015.02.02 15:54:31.357,12.72645,12.72919,0.00,0.00
2015.02.02 15:54:31.764,12.72634,12.72919,0.00,0.00
2015.02.02 15:54:32.918,12.72623,12.72919,0.00,0.00
2015.02.02 15:54:36.182,12.72637,12.72938,0.00,0.00
2015.02.02 15:54:36.283,12.72717,12.72999,0.00,0.00
2015.02.02 15:54:36.786,12.72818,12.72999,0.00,0.00
2015.02.02 15:54:36.836,12.72818,12.73101,0.00,0.00
2015.02.02 15:54:36.887,12.72818,12.73119,0.00,0.00
2015.02.02 15:54:37.041,12.72805,12.73119,0.00,0.00
2015.02.02 15:54:37.142,12.72821,12.73119,0.00,0.00
2015.02.02 15:54:37.744,12.72807,12.73119,0.00,0.00
2015.02.02 15:54:38.046,12.72823,12.73119,0.00,0.00
2015.02.02 15:54:38.648,12.72803,12.73119,0.00,0.00
2015.02.02 15:54:38.878,12.72823,12.73119,0.00,0.00
2015.02.02 15:54:40.055,12.72801,12.73119,0.00,0.00
2015.02.02 15:54:40.668,12.72822,12.73119,0.00,0.00
2015.02.02 15:54:43.181,12.72809,12.73119,0.00,0.00
2015.02.02 15:54:45.125,12.72822,12.73119,0.00,0.00
2015.02.02 15:54:45.226,12.72808,12.73119,0.00,0.00
2015.02.02 15:54:46.918,12.72823,12.73119,0.00,0.00
2015.02.02 15:54:49.340,12.72848,12.73119,0.00,0.00
2015.02.02 15:54:49.390,12.72848,12.73139,0.00,0.00
2015.02.02 15:54:49.441,12.72898,12.73179,0.00,0.00
2015.02.02 15:54:49.542,12.72898,12.73199,0.00,0.00
2015.02.02 15:54:49.608,12.72907,12.73199,0.00,0.00
2015.02.02 15:54:49.910,12.72898,12.73199,0.00,0.00
2015.02.02 15:54:50.248,12.72903,12.73199,0.00,0.00
2015.02.02 15:54:50.349,12.72903,12.73218,0.00,0.00
2015.02.02 15:54:50.614,12.72915,12.73218,0.00,0.00
2015.02.02 15:54:51.142,12.72898,12.73218,0.00,0.00
2015.02.02 15:54:51.245,12.72898,12.7321,0.00,0.00
2015.02.02 15:54:51.750,12.7292,12.73218,0.00,0.00
2015.02.02 15:54:54.341,12.72986,12.73229,0.00,0.00
2015.02.02 15:54:54.492,12.73,12.73318,0.00,0.00
2015.02.02 15:54:54.661,12.72998,12.73318,0.00,0.00
2015.02.02 15:54:55.051,12.72998,12.73239,0.00,0.00
2015.02.02 15:54:55.152,12.72948,12.73269,0.00,0.00
2015.02.02 15:54:55.353,12.72925,12.73252,0.00,0.00
2015.02.02 15:54:55.457,12.72918,12.73239,0.00,0.00
2015.02.02 15:54:56.265,12.72949,12.73239,0.00,0.00
2015.02.02 15:54:56.366,12.72913,12.73239,0.00,0.00
2015.02.02 15:54:56.416,12.72913,12.73219,0.00,0.00
2015.02.02 15:54:57.191,12.72901,12.73219,0.00,0.00
2015.02.02 15:54:57.242,12.72901,12.73139,0.00,0.00
2015.02.02 15:54:57.443,12.72839,12.73119,0.00,0.00
2015.02.02 15:54:57.548,12.72825,12.73119,0.00,0.00
2015.02.02 15:54:58.131,12.72814,12.73119,0.00,0.00
2015.02.02 15:54:58.232,12.72838,12.73119,0.00,0.00
2015.02.02 15:54:58.383,12.72898,12.73199,0.00,0.00
2015.02.02 15:54:58.434,12.72873,12.73139,0.00,0.00
2015.02.02 15:54:58.484,12.72852,12.73139,0.00,0.00
2015.02.02 15:54:58.585,12.72833,12.73139,0.00,0.00
2015.02.02 15:54:58.686,12.72839,12.73139,0.00,0.00
2015.02.02 15:54:58.787,12.7281,12.73139,0.00,0.00
2015.02.02 15:54:58.888,12.72833,12.73139,0.00,0.00
2015.02.02 15:54:59.197,12.72853,12.73139,0.00,0.00
2015.02.02 15:54:59.297,12.72839,12.73138,0.00,0.00
2015.02.02 15:54:59.398,12.72839,12.73118,0.00,0.00
2015.02.02 15:54:59.449,12.72837,12.73118,0.00,0.00
2015.02.02 15:54:59.549,12.72833,12.73118,0.00,0.00
2015.02.02 15:54:59.600,12.72819,12.73118,0.00,0.00
2015.02.02 15:54:59.874,12.72832,12.73118,0.00,0.00
2015.02.02 15:55:00.176,12.7282,12.73118,0.00,0.00
2015.02.02 15:55:00.280,12.72806,12.73118,0.00,0.00
2015.02.02 15:55:01.078,12.72817,12.73118,0.00,0.00
2015.02.02 15:55:01.819,12.72794,12.73118,0.00,0.00
2015.02.02 15:55:02.262,12.72812,12.73118,0.00,0.00
2015.02.02 15:55:02.362,12.72863,12.73188,0.00,0.00
2015.02.02 15:55:02.413,12.72832,12.73138,0.00,0.00
2015.02.02 15:55:02.485,12.72818,12.73138,0.00,0.00
2015.02.02 15:55:03.286,12.72832,12.73138,0.00,0.00
2015.02.02 15:55:03.387,12.72809,12.73119,0.00,0.00
2015.02.02 15:55:03.926,12.72786,12.73088,0.00,0.00
2015.02.02 15:55:04.789,12.72803,12.73088,0.00,0.00
2015.02.02 15:55:05.135,12.72888,12.73099,0.00,0.00
2015.02.02 15:55:05.236,12.72898,12.73219,0.00,0.00
2015.02.02 15:55:05.791,12.72888,12.73215,0.00,0.00
2015.02.02 15:55:05.842,12.72878,12.73215,0.00,0.00
2015.02.02 15:55:06.292,12.72902,12.73219,0.00,0.00
2015.02.02 15:55:06.593,12.72914,12.73219,0.00,0.00
2015.02.02 15:55:07.094,12.72887,12.73219,0.00,0.00
2015.02.02 15:55:07.405,12.72917,12.73219,0.00,0.00
2015.02.02 15:55:07.796,12.72903,12.73219,0.00,0.00
2015.02.02 15:55:08.096,12.72886,12.73219,0.00,0.00
2015.02.02 15:55:08.899,12.72917,12.73219,0.00,0.00
2015.02.02 15:55:09.005,12.72903,12.73219,0.00,0.00
2015.02.02 15:55:09.115,12.72878,12.73212,0.00,0.00
2015.02.02 15:55:10.403,12.72883,12.73219,0.00,0.00
2015.02.02 15:55:10.935,12.72884,12.73219,0.00,0.00
2015.02.02 15:55:11.205,12.72899,12.73219,0.00,0.00
2015.02.02 15:55:11.806,12.72878,12.73219,0.00,0.00
2015.02.02 15:55:13.252,12.72907,12.73219,0.00,0.00
2015.02.02 15:55:13.614,12.72878,12.73219,0.00,0.00
2015.02.02 15:55:16.326,12.72902,12.73219,0.00,0.00
2015.02.02 15:55:16.831,12.72939,12.73219,0.00,0.00
2015.02.02 15:55:16.882,12.72939,12.73257,0.00,0.00
2015.02.02 15:55:16.983,12.72942,12.73279,0.00,0.00
2015.02.02 15:55:17.216,12.72946,12.73279,0.00,0.00
2015.02.02 15:55:17.585,12.72946,12.73241,0.00,0.00
2015.02.02 15:55:17.635,12.7292,12.73241,0.00,0.00
2015.02.02 15:55:17.686,12.7292,12.73238,0.00,0.00
2015.02.02 15:55:17.736,12.72897,12.73238,0.00,0.00
2015.02.02 15:55:17.847,12.72897,12.73218,0.00,0.00
2015.02.02 15:55:18.805,12.72938,12.73218,0.00,0.00
2015.02.02 15:55:18.855,12.72945,12.73279,0.00,0.00
2015.02.02 15:55:19.143,12.72938,12.73277,0.00,0.00
2015.02.02 15:55:19.244,12.72978,12.73299,0.00,0.00
2015.02.02 15:55:19.664,12.72993,12.73299,0.00,0.00
2015.02.02 15:55:19.848,12.72978,12.73318,0.00,0.00
2015.02.02 15:55:20.051,12.72992,12.73318,0.00,0.00
2015.02.02 15:55:21.056,12.72978,12.73318,0.00,0.00
2015.02.02 15:55:21.824,12.72978,12.73305,0.00,0.00
2015.02.02 15:55:24.433,12.72978,12.73318,0.00,0.00
2015.02.02 15:55:24.484,12.73062,12.73318,0.00,0.00
2015.02.02 15:55:24.584,12.7308,12.73342,0.00,0.00
2015.02.02 15:55:24.797,12.7308,12.73392,0.00,0.00
2015.02.02 15:55:25.732,12.73061,12.73392,0.00,0.00
2015.02.02 15:55:25.835,12.73059,12.73392,0.00,0.00
2015.02.02 15:55:25.932,12.7308,12.73392,0.00,0.00
2015.02.02 15:55:26.033,12.73059,12.73392,0.00,0.00
2015.02.02 15:55:26.134,12.73049,12.73388,0.00,0.00
2015.02.02 15:55:26.720,12.73049,12.73342,0.00,0.00
2015.02.02 15:55:26.771,12.73028,12.73342,0.00,0.00
2015.02.02 15:55:26.821,12.73028,12.73338,0.00,0.00
2015.02.02 15:55:26.872,12.73004,12.73338,0.00,0.00
2015.02.02 15:55:27.255,12.72992,12.73336,0.00,0.00
2015.02.02 15:55:27.356,12.72978,12.7332,0.00,0.00
2015.02.02 15:55:27.758,12.72991,12.73319,0.00,0.00
2015.02.02 15:55:27.859,12.72978,12.73317,0.00,0.00
2015.02.02 15:55:28.000,12.72978,12.73289,0.00,0.00
2015.02.02 15:55:28.050,12.72963,12.73289,0.00,0.00
2015.02.02 15:55:28.154,12.72939,12.73279,0.00,0.00
2015.02.02 15:55:35.198,12.72958,12.73279,0.00,0.00
2015.02.02 15:55:35.360,12.72939,12.73267,0.00,0.00
2015.02.02 15:55:35.715,12.72925,12.73242,0.00,0.00
2015.02.02 15:55:35.766,12.72904,12.73242,0.00,0.00
2015.02.02 15:55:35.816,12.72904,12.73219,0.00,0.00
2015.02.02 15:55:35.866,12.72878,12.73216,0.00,0.00
2015.02.02 15:55:35.934,12.72874,12.73191,0.00,0.00
2015.02.02 15:55:36.086,12.72794,12.73136,0.00,0.00
2015.02.02 15:55:36.445,12.72794,12.73118,0.00,0.00
2015.02.02 15:55:36.754,12.72778,12.73117,0.00,0.00
2015.02.02 15:55:36.805,12.72778,12.73088,0.00,0.00
2015.02.02 15:55:36.855,12.72736,12.7308,0.00,0.00
2015.02.02 15:55:37.060,12.72806,12.73088,0.00,0.00
2015.02.02 15:55:37.110,12.72806,12.73118,0.00,0.00
2015.02.02 15:55:37.161,12.72788,12.73092,0.00,0.00
2015.02.02 15:55:37.261,12.72764,12.73088,0.00,0.00
2015.02.02 15:55:37.456,12.72773,12.73088,0.00,0.00
2015.02.02 15:55:37.607,12.72764,12.73089,0.00,0.00
2015.02.02 15:55:37.708,12.72764,12.73051,0.00,0.00
2015.02.02 15:55:37.759,12.72717,12.73039,0.00,0.00
2015.02.02 15:55:37.860,12.72705,12.73039,0.00,0.00
2015.02.02 15:55:37.961,12.72779,12.73039,0.00,0.00
2015.02.02 15:55:38.011,12.72779,12.73069,0.00,0.00
2015.02.02 15:55:38.062,12.72779,12.73098,0.00,0.00
2015.02.02 15:55:38.113,12.72779,12.73089,0.00,0.00
2015.02.02 15:55:38.163,12.72759,12.73089,0.00,0.00
2015.02.02 15:55:38.275,12.72743,12.73087,0.00,0.00
2015.02.02 15:55:38.659,12.72741,12.73083,0.00,0.00
2015.02.02 15:55:38.961,12.72733,12.73077,0.00,0.00
2015.02.02 15:55:39.178,12.72762,12.73088,0.00,0.00
2015.02.02 15:55:40.162,12.72743,12.73087,0.00,0.00
2015.02.02 15:55:40.213,12.72743,12.73079,0.00,0.00
2015.02.02 15:55:40.515,12.72764,12.73088,0.00,0.00
2015.02.02 15:55:41.909,12.72778,12.73088,0.00,0.00
2015.02.02 15:55:41.960,12.72778,12.73106,0.00,0.00
2015.02.02 15:55:42.011,12.72774,12.73092,0.00,0.00
2015.02.02 15:55:42.570,12.72774,12.73089,0.00,0.00
2015.02.02 15:55:42.700,12.72788,12.73116,0.00,0.00
2015.02.02 15:55:42.851,12.72788,12.73078,0.00,0.00
2015.02.02 15:55:42.901,12.72773,12.73078,0.00,0.00
2015.02.02 15:55:43.434,12.72789,12.73078,0.00,0.00
2015.02.02 15:55:43.484,12.72798,12.73098,0.00,0.00
2015.02.02 15:55:43.940,12.72798,12.73118,0.00,0.00
2015.02.02 15:55:44.140,12.72798,12.73039,0.00,0.00
2015.02.02 15:55:44.191,12.72788,12.73039,0.00,0.00
2015.02.02 15:55:44.292,12.72748,12.73039,0.00,0.00
2015.02.02 15:55:44.600,12.7273,12.73039,0.00,0.00
2015.02.02 15:55:44.673,12.72744,12.73039,0.00,0.00
2015.02.02 15:55:45.118,12.72729,12.73019,0.00,0.00
2015.02.02 15:55:45.540,12.72744,12.73019,0.00,0.00
2015.02.02 15:55:46.886,12.72727,12.73019,0.00,0.00
2015.02.02 15:55:47.191,12.72741,12.73019,0.00,0.00
2015.02.02 15:55:47.520,12.72743,12.73019,0.00,0.00
2015.02.02 15:55:52.605,12.72721,12.73019,0.00,0.00
2015.02.02 15:55:54.492,12.72708,12.73019,0.00,0.00
2015.02.02 15:55:57.495,12.72698,12.73019,0.00,0.00
2015.02.02 15:55:58.497,12.72709,12.73019,0.00,0.00
2015.02.02 15:55:58.598,12.72652,12.72966,0.00,0.00
2015.02.02 15:55:58.699,12.72638,12.72938,0.00,0.00
2015.02.02 15:55:58.853,12.72622,12.72938,0.00,0.00
2015.02.02 15:55:59.194,12.72622,12.72891,0.00,0.00
2015.02.02 15:55:59.244,12.72543,12.72838,0.00,0.00
2015.02.02 15:55:59.299,12.72539,12.72838,0.00,0.00
2015.02.02 15:55:59.349,12.72539,12.72789,0.00,0.00
2015.02.02 15:55:59.541,12.72514,12.72789,0.00,0.00
2015.02.02 15:55:59.592,12.72489,12.72789,0.00,0.00
2015.02.02 15:55:59.923,12.72498,12.72789,0.00,0.00
2015.02.02 15:56:00.702,12.72489,12.72789,0.00,0.00
2015.02.02 15:56:00.753,12.72489,12.72739,0.00,0.00
2015.02.02 15:56:00.803,12.72443,12.72739,0.00,0.00
2015.02.02 15:56:00.908,12.72424,12.72739,0.00,0.00
2015.02.02 15:56:01.305,12.72424,12.72719,0.00,0.00
2015.02.02 15:56:02.544,12.72424,12.72619,0.00,0.00
2015.02.02 15:56:02.645,12.72348,12.72619,0.00,0.00
2015.02.02 15:56:02.746,12.72328,12.72619,0.00,0.00
2015.02.02 15:56:05.866,12.72328,12.72591,0.00,0.00
2015.02.02 15:56:11.694,12.72328,12.72552,0.00,0.00
2015.02.02 15:56:11.745,12.72191,12.72539,0.00,0.00
2015.02.02 15:56:11.796,12.72191,12.72501,0.00,0.00
2015.02.02 15:56:12.047,12.7228,12.72591,0.00,0.00
2015.02.02 15:56:12.856,12.72265,12.72589,0.00,0.00
2015.02.02 15:56:12.907,12.72265,12.72551,0.00,0.00
2015.02.02 15:56:12.958,12.72242,12.72551,0.00,0.00
2015.02.02 15:56:13.784,12.72242,12.72502,0.00,0.00
2015.02.02 15:56:13.835,12.72221,12.72502,0.00,0.00
2015.02.02 15:56:13.936,12.72201,12.72502,0.00,0.00
2015.02.02 15:56:14.775,12.72231,12.72519,0.00,0.00
2015.02.02 15:56:15.080,12.72279,12.72519,0.00,0.00
2015.02.02 15:56:15.355,12.72253,12.72501,0.00,0.00
2015.02.02 15:56:15.937,12.72238,12.72501,0.00,0.00
2015.02.02 15:56:18.869,12.72224,12.72452,0.00,0.00
2015.02.02 15:56:18.970,12.72178,12.72452,0.00,0.00
2015.02.02 15:56:19.514,12.72178,12.72402,0.00,0.00
2015.02.02 15:56:19.565,12.72101,12.72402,0.00,0.00
2015.02.02 15:56:19.615,12.72101,12.72352,0.00,0.00
2015.02.02 15:56:19.666,12.72078,12.72352,0.00,0.00
2015.02.02 15:56:20.888,12.72088,12.72352,0.00,0.00
2015.02.02 15:56:20.939,12.72088,12.72399,0.00,0.00
2015.02.02 15:56:20.989,12.72124,12.72399,0.00,0.00
2015.02.02 15:56:21.040,12.72124,12.72419,0.00,0.00
2015.02.02 15:56:22.600,12.72199,12.72419,0.00,0.00
2015.02.02 15:56:22.650,12.72199,12.72481,0.00,0.00
2015.02.02 15:56:22.701,12.72239,12.72481,0.00,0.00
2015.02.02 15:56:22.752,12.72239,12.72519,0.00,0.00
2015.02.02 15:56:22.852,12.72268,12.72519,0.00,0.00
2015.02.02 15:56:23.196,12.72251,12.72519,0.00,0.00
2015.02.02 15:56:23.399,12.72239,12.72519,0.00,0.00
2015.02.02 15:56:23.499,12.72218,12.72501,0.00,0.00
2015.02.02 15:56:23.600,12.72169,12.72501,0.00,0.00
2015.02.02 15:56:23.651,12.72169,12.72498,0.00,0.00
2015.02.02 15:56:24.554,12.72169,12.72451,0.00,0.00
2015.02.02 15:56:24.710,12.72108,12.72419,0.00,0.00
2015.02.02 15:56:24.766,12.72123,12.72419,0.00,0.00
2015.02.02 15:56:25.355,12.72168,12.72419,0.00,0.00
2015.02.02 15:56:25.750,12.72168,12.72498,0.00,0.00
2015.02.02 15:56:26.791,12.72199,12.72498,0.00,0.00
2015.02.02 15:56:26.841,12.72199,12.72519,0.00,0.00
2015.02.02 15:56:26.892,12.72223,12.72519,0.00,0.00
2015.02.02 15:56:27.194,12.72317,12.72519,0.00,0.00
2015.02.02 15:56:27.487,12.72317,12.72618,0.00,0.00
2015.02.02 15:56:27.804,12.72304,12.72618,0.00,0.00
2015.02.02 15:56:27.907,12.72323,12.72618,0.00,0.00
2015.02.02 15:56:28.217,12.72312,12.72618,0.00,0.00
2015.02.02 15:56:28.520,12.72289,12.72618,0.00,0.00
2015.02.02 15:56:29.574,12.72289,12.72599,0.00,0.00
2015.02.02 15:56:29.624,12.72277,12.72592,0.00,0.00
2015.02.02 15:56:29.725,12.72288,12.72599,0.00,0.00
2015.02.02 15:56:30.306,12.72323,12.72599,0.00,0.00
2015.02.02 15:56:30.419,12.72312,12.72599,0.00,0.00
2015.02.02 15:56:30.686,12.72312,12.72619,0.00,0.00
2015.02.02 15:56:31.512,12.72312,12.72592,0.00,0.00
2015.02.02 15:56:31.563,12.72289,12.72592,0.00,0.00
2015.02.02 15:56:31.664,12.72254,12.72589,0.00,0.00
2015.02.02 15:56:33.134,12.72254,12.72552,0.00,0.00
2015.02.02 15:56:33.240,12.72198,12.72519,0.00,0.00
2015.02.02 15:56:33.400,12.72288,12.72519,0.00,0.00
2015.02.02 15:56:33.729,12.72314,12.72519,0.00,0.00
2015.02.02 15:56:33.779,12.72288,12.72519,0.00,0.00
2015.02.02 15:56:33.880,12.72288,12.72615,0.00,0.00
2015.02.02 15:56:34.058,12.72297,12.72619,0.00,0.00
2015.02.02 15:56:34.159,12.7225,12.72589,0.00,0.00
2015.02.02 15:56:34.247,12.72273,12.72589,0.00,0.00
2015.02.02 15:56:34.897,12.72288,12.72589,0.00,0.00
2015.02.02 15:56:34.998,12.72309,12.72619,0.00,0.00
2015.02.02 15:56:35.099,12.72323,12.72619,0.00,0.00
2015.02.02 15:56:35.257,12.72308,12.72619,0.00,0.00
2015.02.02 15:56:35.804,12.72291,12.72619,0.00,0.00
2015.02.02 15:56:37.475,12.72306,12.72619,0.00,0.00
2015.02.02 15:56:37.805,12.72245,12.72519,0.00,0.00
2015.02.02 15:56:39.289,12.72222,12.72519,0.00,0.00
2015.02.02 15:56:39.394,12.72248,12.72519,0.00,0.00
2015.02.02 15:56:39.675,12.72239,12.72519,0.00,0.00
2015.02.02 15:56:39.726,12.72223,12.72519,0.00,0.00
2015.02.02 15:56:39.999,12.72211,12.72519,0.00,0.00
2015.02.02 15:56:40.111,12.72243,12.72519,0.00,0.00
2015.02.02 15:56:40.362,12.72268,12.72589,0.00,0.00
2015.02.02 15:56:40.503,12.72268,12.72552,0.00,0.00
2015.02.02 15:56:40.615,12.72245,12.72552,0.00,0.00
2015.02.02 15:56:40.726,12.72245,12.72589,0.00,0.00
2015.02.02 15:56:40.827,12.72315,12.72592,0.00,0.00
2015.02.02 15:56:40.877,12.72315,12.72599,0.00,0.00
2015.02.02 15:56:41.226,12.72313,12.72599,0.00,0.00
2015.02.02 15:56:41.377,12.72313,12.72619,0.00,0.00
2015.02.02 15:56:41.631,12.72289,12.72619,0.00,0.00
2015.02.02 15:56:42.639,12.72305,12.72619,0.00,0.00
2015.02.02 15:56:43.955,12.72316,12.72619,0.00,0.00
2015.02.02 15:56:45.223,12.72305,12.72619,0.00,0.00
2015.02.02 15:56:45.943,12.72348,12.72619,0.00,0.00
2015.02.02 15:56:45.993,12.72348,12.72688,0.00,0.00
2015.02.02 15:56:46.044,12.72348,12.72641,0.00,0.00
2015.02.02 15:56:46.227,12.72315,12.72639,0.00,0.00
2015.02.02 15:56:46.430,12.72339,12.72639,0.00,0.00
2015.02.02 15:56:46.941,12.72368,12.72639,0.00,0.00
2015.02.02 15:56:46.992,12.72368,12.72689,0.00,0.00
2015.02.02 15:56:47.326,12.7235,12.72689,0.00,0.00
2015.02.02 15:56:47.972,12.72374,12.72688,0.00,0.00
2015.02.02 15:56:49.728,12.72374,12.72689,0.00,0.00
2015.02.02 15:56:49.778,12.72357,12.72689,0.00,0.00
2015.02.02 15:56:50.540,12.72343,12.72687,0.00,0.00
2015.02.02 15:56:50.590,12.72343,12.72618,0.00,0.00
2015.02.02 15:56:50.641,12.72311,12.72618,0.00,0.00
2015.02.02 15:56:51.048,12.72323,12.72618,0.00,0.00
2015.02.02 15:56:51.846,12.7231,12.72618,0.00,0.00
2015.02.02 15:56:52.049,12.72324,12.72618,0.00,0.00
2015.02.02 15:56:52.150,12.72338,12.72666,0.00,0.00
2015.02.02 15:56:52.201,12.72368,12.72689,0.00,0.00
2015.02.02 15:56:52.539,12.72348,12.72638,0.00,0.00
2015.02.02 15:56:52.590,12.72322,12.72639,0.00,0.00
2015.02.02 15:56:52.963,12.72338,12.72639,0.00,0.00
2015.02.02 15:56:53.266,12.72368,12.72618,0.00,0.00
2015.02.02 15:56:53.891,12.72357,12.72618,0.00,0.00
2015.02.02 15:56:54.103,12.72357,12.72679,0.00,0.00
2015.02.02 15:56:54.274,12.7235,12.72642,0.00,0.00
2015.02.02 15:56:54.375,12.7235,12.72679,0.00,0.00
2015.02.02 15:56:54.558,12.72375,12.72679,0.00,0.00
2015.02.02 15:56:54.679,12.72358,12.72679,0.00,0.00
2015.02.02 15:56:54.779,12.72338,12.72639,0.00,0.00
2015.02.02 15:56:54.830,12.72316,12.72639,0.00,0.00
2015.02.02 15:56:55.060,12.72303,12.72639,0.00,0.00
2015.02.02 15:56:55.244,12.72303,12.72618,0.00,0.00
2015.02.02 15:56:55.620,12.72314,12.72618,0.00,0.00
2015.02.02 15:56:56.495,12.7234,12.72618,0.00,0.00
2015.02.02 15:56:57.212,12.72317,12.72618,0.00,0.00
2015.02.02 15:56:57.414,12.7234,12.72618,0.00,0.00
2015.02.02 15:56:58.101,12.7237,12.72688,0.00,0.00
2015.02.02 15:56:59.426,12.72389,12.72688,0.00,0.00
2015.02.02 15:56:59.577,12.72374,12.72688,0.00,0.00
2015.02.02 15:56:59.795,12.72424,12.72688,0.00,0.00
2015.02.02 15:56:59.846,12.72424,12.72718,0.00,0.00
2015.02.02 15:57:00.784,12.72412,12.72718,0.00,0.00
2015.02.02 15:57:01.130,12.72424,12.72718,0.00,0.00
2015.02.02 15:57:03.076,12.72424,12.72692,0.00,0.00
2015.02.02 15:57:03.126,12.72345,12.72618,0.00,0.00
2015.02.02 15:57:04.004,12.72369,12.72618,0.00,0.00
2015.02.02 15:57:04.256,12.72369,12.72642,0.00,0.00
2015.02.02 15:57:04.356,12.72369,12.72688,0.00,0.00
2015.02.02 15:57:05.583,12.72389,12.72688,0.00,0.00
2015.02.02 15:57:05.890,12.72425,12.72719,0.00,0.00
2015.02.02 15:57:06.234,12.72411,12.72719,0.00,0.00
2015.02.02 15:57:06.335,12.72409,12.72719,0.00,0.00
2015.02.02 15:57:07.010,12.72424,12.72719,0.00,0.00
2015.02.02 15:57:07.225,12.72374,12.72688,0.00,0.00
2015.02.02 15:57:07.638,12.72356,12.72688,0.00,0.00
2015.02.02 15:57:07.689,12.72356,12.72642,0.00,0.00
2015.02.02 15:57:07.898,12.72356,12.72688,0.00,0.00
2015.02.02 15:57:07.948,12.72374,12.72688,0.00,0.00
2015.02.02 15:57:08.774,12.72374,12.72642,0.00,0.00
2015.02.02 15:57:08.824,12.72351,12.72642,0.00,0.00
2015.02.02 15:57:08.875,12.72351,12.72619,0.00,0.00
2015.02.02 15:57:08.925,12.7233,12.72619,0.00,0.00
2015.02.02 15:57:10.765,12.7232,12.72619,0.00,0.00
2015.02.02 15:57:14.656,12.72315,12.72539,0.00,0.00
2015.02.02 15:57:14.757,12.72229,12.72539,0.00,0.00
2015.02.02 15:57:14.865,12.72249,12.72539,0.00,0.00
2015.02.02 15:57:15.453,12.72259,12.72539,0.00,0.00
2015.02.02 15:57:15.504,12.72244,12.72539,0.00,0.00
2015.02.02 15:57:15.605,12.72229,12.72539,0.00,0.00
2015.02.02 15:57:15.910,12.72229,12.72519,0.00,0.00
2015.02.02 15:57:16.254,12.72239,12.72519,0.00,0.00
2015.02.02 15:57:18.885,12.72224,12.72519,0.00,0.00
2015.02.02 15:57:19.211,12.72224,12.72418,0.00,0.00
2015.02.02 15:57:19.312,12.72148,12.72418,0.00,0.00
2015.02.02 15:57:19.363,12.7213,12.72418,0.00,0.00
2015.02.02 15:57:23.896,12.72118,12.72418,0.00,0.00
2015.02.02 15:57:24.793,12.72118,12.72319,0.00,0.00
2015.02.02 15:57:24.843,12.72101,12.72319,0.00,0.00
2015.02.02 15:57:24.944,12.7206,12.72319,0.00,0.00
2015.02.02 15:57:25.045,12.72044,12.72319,0.00,0.00
2015.02.02 15:57:25.095,12.72098,12.72319,0.00,0.00
2015.02.02 15:57:25.453,12.72119,12.72419,0.00,0.00
2015.02.02 15:57:28.454,12.7211,12.72419,0.00,0.00
2015.02.02 15:57:28.636,12.72125,12.72419,0.00,0.00
2015.02.02 15:57:31.869,12.72109,12.72419,0.00,0.00
2015.02.02 15:57:32.543,12.72125,12.72419,0.00,0.00
2015.02.02 15:57:34.084,12.72212,12.72459,0.00,0.00
2015.02.02 15:57:34.386,12.7224,12.72459,0.00,0.00
2015.02.02 15:57:34.603,12.72272,12.72588,0.00,0.00
2015.02.02 15:57:34.732,12.72289,12.72588,0.00,0.00
2015.02.02 15:57:34.783,12.72289,12.72599,0.00,0.00
2015.02.02 15:57:34.884,12.72291,12.72599,0.00,0.00
2015.02.02 15:57:35.425,12.72292,12.72599,0.00,0.00
2015.02.02 15:57:35.683,12.72303,12.72618,0.00,0.00
2015.02.02 15:57:36.466,12.72314,12.72618,0.00,0.00
2015.02.02 15:57:36.966,12.72289,12.72618,0.00,0.00
2015.02.02 15:57:37.170,12.72289,12.72609,0.00,0.00
2015.02.02 15:57:37.664,12.72318,12.72618,0.00,0.00
2015.02.02 15:57:37.964,12.72306,12.72618,0.00,0.00
2015.02.02 15:57:38.204,12.72321,12.72618,0.00,0.00
2015.02.02 15:57:38.509,12.72344,12.72618,0.00,0.00
2015.02.02 15:57:39.969,12.72301,12.72618,0.00,0.00
2015.02.02 15:57:40.973,12.72344,12.72618,0.00,0.00
2015.02.02 15:57:41.074,12.72359,12.72641,0.00,0.00
2015.02.02 15:57:41.125,12.72359,12.72679,0.00,0.00
2015.02.02 15:57:41.176,12.72369,12.72679,0.00,0.00
2015.02.02 15:57:41.674,12.72358,12.72679,0.00,0.00
2015.02.02 15:57:41.775,12.72338,12.72622,0.00,0.00
2015.02.02 15:57:41.826,12.72289,12.72599,0.00,0.00
2015.02.02 15:57:41.884,12.7228,12.72592,0.00,0.00
2015.02.02 15:57:42.276,12.72289,12.72592,0.00,0.00
2015.02.02 15:57:42.326,12.72289,12.72599,0.00,0.00
2015.02.02 15:57:42.433,12.72275,12.72591,0.00,0.00
2015.02.02 15:57:42.800,12.7225,12.72552,0.00,0.00
2015.02.02 15:57:43.103,12.72239,12.72518,0.00,0.00
2015.02.02 15:57:43.804,12.72269,12.72518,0.00,0.00
2015.02.02 15:57:43.955,12.72269,12.72579,0.00,0.00
2015.02.02 15:57:44.194,12.72269,12.72551,0.00,0.00
2015.02.02 15:57:44.311,12.72248,12.72538,0.00,0.00
2015.02.02 15:57:44.914,12.72203,12.72538,0.00,0.00
2015.02.02 15:57:44.965,12.72203,12.72519,0.00,0.00
2015.02.02 15:57:46.911,12.72215,12.72519,0.00,0.00
2015.02.02 15:57:47.340,12.72231,12.72519,0.00,0.00
2015.02.02 15:57:48.089,12.72256,12.72519,0.00,0.00
2015.02.02 15:57:48.139,12.72256,12.72549,0.00,0.00
2015.02.02 15:57:48.190,12.72256,12.72551,0.00,0.00
2015.02.02 15:57:48.291,12.72256,12.72579,0.00,0.00
2015.02.02 15:57:48.790,12.72268,12.72579,0.00,0.00
2015.02.02 15:57:48.952,12.72268,12.72589,0.00,0.00
2015.02.02 15:57:49.103,12.7225,12.72518,0.00,0.00
2015.02.02 15:57:49.291,12.7223,12.72518,0.00,0.00
2015.02.02 15:57:51.719,12.72219,12.72518,0.00,0.00
2015.02.02 15:57:53.814,12.72204,12.72499,0.00,0.00
2015.02.02 15:57:53.917,12.72175,12.72489,0.00,0.00
2015.02.02 15:57:54.601,12.72175,12.72488,0.00,0.00
2015.02.02 15:57:55.307,12.72156,12.72418,0.00,0.00
2015.02.02 15:57:55.407,12.72153,12.72418,0.00,0.00
2015.02.02 15:57:55.508,12.72165,12.72418,0.00,0.00
2015.02.02 15:57:56.301,12.72165,12.72439,0.00,0.00
2015.02.02 15:57:56.453,12.72128,12.72439,0.00,0.00
2015.02.02 15:57:57.108,12.72116,12.72439,0.00,0.00
2015.02.02 15:57:57.209,12.72134,12.72439,0.00,0.00
2015.02.02 15:57:57.571,12.72134,12.72419,0.00,0.00
2015.02.02 15:57:58.142,12.72123,12.72419,0.00,0.00
2015.02.02 15:57:58.746,12.72144,12.72419,0.00,0.00
2015.02.02 15:57:58.813,12.72121,12.72419,0.00,0.00
2015.02.02 15:57:59.149,12.72139,12.72419,0.00,0.00
2015.02.02 15:58:00.016,12.72129,12.72419,0.00,0.00
2015.02.02 15:58:00.643,12.72144,12.72419,0.00,0.00
2015.02.02 15:58:00.747,12.72116,12.72419,0.00,0.00
2015.02.02 15:58:00.799,12.72116,12.72371,0.00,0.00
2015.02.02 15:58:00.850,12.72025,12.72328,0.00,0.00
2015.02.02 15:58:00.900,12.72025,12.72319,0.00,0.00
2015.02.02 15:58:02.783,12.72039,12.72319,0.00,0.00
2015.02.02 15:58:03.035,12.72115,12.72398,0.00,0.00
2015.02.02 15:58:03.842,12.72115,12.72418,0.00,0.00
2015.02.02 15:58:03.993,12.72115,12.72392,0.00,0.00
2015.02.02 15:58:04.043,12.72095,12.72392,0.00,0.00
2015.02.02 15:58:04.144,12.72074,12.72392,0.00,0.00
2015.02.02 15:58:04.245,12.7207,12.72341,0.00,0.00
2015.02.02 15:58:04.346,12.7207,12.72391,0.00,0.00
2015.02.02 15:58:04.446,12.7207,12.72389,0.00,0.00
2015.02.02 15:58:05.875,12.72069,12.72341,0.00,0.00
2015.02.02 15:58:05.979,12.72038,12.72319,0.00,0.00
2015.02.02 15:58:06.130,12.72035,12.72319,0.00,0.00
2015.02.02 15:58:06.867,12.72045,12.72319,0.00,0.00
2015.02.02 15:58:06.923,12.72045,12.72338,0.00,0.00
2015.02.02 15:58:06.974,12.72124,12.72398,0.00,0.00
2015.02.02 15:58:07.143,12.72121,12.72398,0.00,0.00
2015.02.02 15:58:07.930,12.72121,12.72419,0.00,0.00
2015.02.02 15:58:09.039,12.72121,12.72438,0.00,0.00
2015.02.02 15:58:09.090,12.72134,12.72452,0.00,0.00
2015.02.02 15:58:09.191,12.72165,12.72488,0.00,0.00
2015.02.02 15:58:11.038,12.72165,12.72489,0.00,0.00
2015.02.02 15:58:11.359,12.7219,12.72489,0.00,0.00
2015.02.02 15:58:11.409,12.72198,12.72519,0.00,0.00
2015.02.02 15:58:11.460,12.7222,12.72519,0.00,0.00
2015.02.02 15:58:12.459,12.72198,12.72519,0.00,0.00
2015.02.02 15:58:13.051,12.72288,12.72519,0.00,0.00
2015.02.02 15:58:13.101,12.72288,12.72538,0.00,0.00
2015.02.02 15:58:13.152,12.72288,12.72542,0.00,0.00
2015.02.02 15:58:13.203,12.72303,12.72619,0.00,0.00
2015.02.02 15:58:13.763,12.72311,12.72619,0.00,0.00
2015.02.02 15:58:13.858,12.72288,12.72619,0.00,0.00
2015.02.02 15:58:14.005,12.72282,12.72591,0.00,0.00
2015.02.02 15:58:14.307,12.72389,12.72738,0.00,0.00
2015.02.02 15:58:14.358,12.72411,12.72741,0.00,0.00
2015.02.02 15:58:14.458,12.72448,12.72789,0.00,0.00
2015.02.02 15:58:14.664,12.72489,12.72789,0.00,0.00
2015.02.02 15:58:14.714,12.72489,12.72818,0.00,0.00
2015.02.02 15:58:15.019,12.72462,12.72801,0.00,0.00
2015.02.02 15:58:15.120,12.72488,12.72799,0.00,0.00
2015.02.02 15:58:15.675,12.72451,12.72741,0.00,0.00
2015.02.02 15:58:15.776,12.72389,12.72739,0.00,0.00
2015.02.02 15:58:16.069,12.72389,12.72718,0.00,0.00
2015.02.02 15:58:16.483,12.72404,12.72718,0.00,0.00
2015.02.02 15:58:16.865,12.72389,12.72718,0.00,0.00
2015.02.02 15:58:17.367,12.72392,12.72718,0.00,0.00
2015.02.02 15:58:18.870,12.72389,12.72718,0.00,0.00
2015.02.02 15:58:19.181,12.72382,12.72592,0.00,0.00
2015.02.02 15:58:19.332,12.72202,12.72511,0.00,0.00
2015.02.02 15:58:19.383,12.72213,12.72511,0.00,0.00
2015.02.02 15:58:19.713,12.7228,12.72519,0.00,0.00
2015.02.02 15:58:19.902,12.7228,12.72619,0.00,0.00
2015.02.02 15:58:20.401,12.72282,12.72619,0.00,0.00
2015.02.02 15:58:21.488,12.72278,12.72619,0.00,0.00
2015.02.02 15:58:23.042,12.72282,12.72619,0.00,0.00
2015.02.02 15:58:23.268,12.72278,12.72619,0.00,0.00
2015.02.02 15:58:24.648,12.72278,12.72599,0.00,0.00
2015.02.02 15:58:24.698,12.72239,12.72589,0.00,0.00
2015.02.02 15:58:24.799,12.72248,12.72589,0.00,0.00
2015.02.02 15:58:25.352,12.72198,12.72528,0.00,0.00
2015.02.02 15:58:25.691,12.72198,12.72518,0.00,0.00
2015.02.02 15:58:25.807,12.72159,12.72518,0.00,0.00
2015.02.02 15:58:25.937,12.72222,12.72518,0.00,0.00
2015.02.02 15:58:26.548,12.72208,12.72518,0.00,0.00
2015.02.02 15:58:26.656,12.72208,12.72572,0.00,0.00
2015.02.02 15:58:26.765,12.72192,12.72521,0.00,0.00
2015.02.02 15:58:26.916,12.72172,12.72521,0.00,0.00
2015.02.02 15:58:27.017,12.72209,12.72571,0.00,0.00
2015.02.02 15:58:27.467,12.72183,12.72521,0.00,0.00
2015.02.02 15:58:27.619,12.72172,12.72521,0.00,0.00
2015.02.02 15:58:27.721,12.72172,12.72519,0.00,0.00
2015.02.02 15:58:28.240,12.72208,12.72519,0.00,0.00
2015.02.02 15:58:28.662,12.72212,12.72519,0.00,0.00
2015.02.02 15:58:28.712,12.72212,12.72572,0.00,0.00
2015.02.02 15:58:28.853,12.72212,12.72522,0.00,0.00
2015.02.02 15:58:28.903,12.72208,12.72522,0.00,0.00
2015.02.02 15:58:29.537,12.72192,12.72522,0.00,0.00
2015.02.02 15:58:29.701,12.72192,12.72518,0.00,0.00
2015.02.02 15:58:30.391,12.72259,12.72518,0.00,0.00
2015.02.02 15:58:30.492,12.72259,12.72556,0.00,0.00
2015.02.02 15:58:30.543,12.72212,12.72521,0.00,0.00
2015.02.02 15:58:31.122,12.72212,12.72519,0.00,0.00
2015.02.02 15:58:31.498,12.72225,12.72519,0.00,0.00
2015.02.02 15:58:32.112,12.72225,12.72567,0.00,0.00
2015.02.02 15:58:34.603,12.72225,12.72522,0.00,0.00
2015.02.02 15:58:34.943,12.72223,12.72519,0.00,0.00
2015.02.02 15:58:35.411,12.72239,12.72519,0.00,0.00
2015.02.02 15:58:35.461,12.72259,12.72583,0.00,0.00
2015.02.02 15:58:35.512,12.72265,12.72607,0.00,0.00
2015.02.02 15:58:35.613,12.72278,12.72571,0.00,0.00
2015.02.02 15:58:35.713,12.72282,12.72618,0.00,0.00
2015.02.02 15:58:35.814,12.72282,12.72572,0.00,0.00
2015.02.02 15:58:35.915,12.72231,12.72571,0.00,0.00
2015.02.02 15:58:36.016,12.72259,12.72581,0.00,0.00
2015.02.02 15:58:36.167,12.72277,12.72618,0.00,0.00
2015.02.02 15:58:36.521,12.72262,12.72596,0.00,0.00
2015.02.02 15:58:36.837,12.72278,12.72571,0.00,0.00
2015.02.02 15:58:36.887,12.72278,12.72589,0.00,0.00
2015.02.02 15:58:36.938,12.72278,12.72598,0.00,0.00
2015.02.02 15:58:37.139,12.72261,12.72571,0.00,0.00
2015.02.02 15:58:37.240,12.72233,12.72571,0.00,0.00
2015.02.02 15:58:37.461,12.72277,12.72598,0.00,0.00
2015.02.02 15:58:37.512,12.72277,12.72618,0.00,0.00
2015.02.02 15:58:37.937,12.72259,12.72595,0.00,0.00
2015.02.02 15:58:38.038,12.72232,12.72572,0.00,0.00
2015.02.02 15:58:38.424,12.72258,12.72588,0.00,0.00
2015.02.02 15:58:38.747,12.72261,12.72572,0.00,0.00
2015.02.02 15:58:38.797,12.72258,12.72595,0.00,0.00
2015.02.02 15:58:38.848,12.72258,12.72586,0.00,0.00
2015.02.02 15:58:39.001,12.72242,12.72571,0.00,0.00
2015.02.02 15:58:39.052,12.72231,12.7257,0.00,0.00
2015.02.02 15:58:39.103,12.72261,12.7257,0.00,0.00
2015.02.02 15:58:39.153,12.72261,12.72587,0.00,0.00
2015.02.02 15:58:39.254,12.72277,12.72598,0.00,0.00
2015.02.02 15:58:39.558,12.72233,12.72572,0.00,0.00
2015.02.02 15:58:39.661,12.72233,12.72521,0.00,0.00
2015.02.02 15:58:39.762,12.72197,12.72518,0.00,0.00
2015.02.02 15:58:40.072,12.72208,12.72518,0.00,0.00
2015.02.02 15:58:40.619,12.72232,12.72518,0.00,0.00
2015.02.02 15:58:40.692,12.72232,12.72572,0.00,0.00
2015.02.02 15:58:41.329,12.72232,12.72522,0.00,0.00
2015.02.02 15:58:41.430,12.72207,12.72522,0.00,0.00
2015.02.02 15:58:41.531,12.72208,12.72536,0.00,0.00
2015.02.02 15:58:41.632,12.72232,12.72572,0.00,0.00
2015.02.02 15:58:42.953,12.72282,12.72588,0.00,0.00
2015.02.02 15:58:43.054,12.72282,12.72619,0.00,0.00
2015.02.02 15:58:43.310,12.72282,12.72571,0.00,0.00
2015.02.02 15:58:43.559,12.72233,12.72571,0.00,0.00
2015.02.02 15:58:44.142,12.72281,12.72599,0.00,0.00
2015.02.02 15:58:44.982,12.72281,12.72618,0.00,0.00
2015.02.02 15:58:45.235,12.72281,12.72585,0.00,0.00
2015.02.02 15:58:45.336,12.72226,12.7257,0.00,0.00
2015.02.02 15:58:46.938,12.72222,12.72559,0.00,0.00
2015.02.02 15:58:47.264,12.72231,12.72518,0.00,0.00
2015.02.02 15:58:47.711,12.72282,12.72518,0.00,0.00
2015.02.02 15:58:47.762,12.72282,12.72619,0.00,0.00
2015.02.02 15:58:48.144,12.72282,12.72572,0.00,0.00
2015.02.02 15:58:48.245,12.72281,12.72616,0.00,0.00
2015.02.02 15:58:48.446,12.72292,12.72619,0.00,0.00
2015.02.02 15:58:48.641,12.72281,12.72619,0.00,0.00
2015.02.02 15:58:48.692,12.72281,12.72572,0.00,0.00
2015.02.02 15:58:48.742,12.72277,12.72572,0.00,0.00
2015.02.02 15:58:48.793,12.72277,12.72588,0.00,0.00
2015.02.02 15:58:48.894,12.72277,12.72599,0.00,0.00
2015.02.02 15:58:49.082,12.72281,12.72599,0.00,0.00
2015.02.02 15:58:49.743,12.72281,12.72618,0.00,0.00
2015.02.02 15:58:50.084,12.72281,12.72572,0.00,0.00
2015.02.02 15:58:50.195,12.72276,12.72572,0.00,0.00
2015.02.02 15:58:50.246,12.7229,12.72589,0.00,0.00
2015.02.02 15:58:50.347,12.7229,12.72618,0.00,0.00
2015.02.02 15:58:50.670,12.72281,12.72618,0.00,0.00
2015.02.02 15:58:50.770,12.72288,12.72618,0.00,0.00
2015.02.02 15:58:50.846,12.72281,12.72618,0.00,0.00
2015.02.02 15:58:51.476,12.72281,12.72598,0.00,0.00
2015.02.02 15:58:51.527,12.72266,12.72588,0.00,0.00
2015.02.02 15:58:51.577,12.72259,12.72574,0.00,0.00
2015.02.02 15:58:51.628,12.72232,12.72572,0.00,0.00
2015.02.02 15:58:52.893,12.72329,12.72572,0.00,0.00
2015.02.02 15:58:53.095,12.72382,12.72715,0.00,0.00
2015.02.02 15:58:54.812,12.72458,12.72715,0.00,0.00
2015.02.02 15:58:54.863,12.72458,12.72719,0.00,0.00
2015.02.02 15:58:54.963,12.72482,12.72804,0.00,0.00
2015.02.02 15:58:55.370,12.72462,12.72804,0.00,0.00
2015.02.02 15:58:58.340,12.72481,12.72804,0.00,0.00
2015.02.02 15:59:03.249,12.72462,12.72804,0.00,0.00
2015.02.02 15:59:04.931,12.72462,12.72772,0.00,0.00
2015.02.02 15:59:04.982,12.72451,12.72772,0.00,0.00
2015.02.02 15:59:05.082,12.72421,12.72765,0.00,0.00
2015.02.02 15:59:05.924,12.72421,12.72731,0.00,0.00
2015.02.02 15:59:06.025,12.72372,12.72689,0.00,0.00
2015.02.02 15:59:06.076,12.72372,12.72671,0.00,0.00
2015.02.02 15:59:06.126,12.72331,12.72664,0.00,0.00
2015.02.02 15:59:07.460,12.72351,12.72664,0.00,0.00
2015.02.02 15:59:07.611,12.72331,12.72664,0.00,0.00
2015.02.02 15:59:07.791,12.72368,12.72664,0.00,0.00
2015.02.02 15:59:07.892,12.72368,12.72684,0.00,0.00
2015.02.02 15:59:08.081,12.72342,12.72672,0.00,0.00
2015.02.02 15:59:09.780,12.72368,12.72684,0.00,0.00
2015.02.02 15:59:09.911,12.72342,12.72672,0.00,0.00
2015.02.02 15:59:13.536,12.72368,12.72684,0.00,0.00
2015.02.02 15:59:13.637,12.72382,12.72719,0.00,0.00
2015.02.02 15:59:13.900,12.72382,12.7271,0.00,0.00
2015.02.02 15:59:13.951,12.72368,12.7271,0.00,0.00
2015.02.02 15:59:14.603,12.72381,12.72719,0.00,0.00
2015.02.02 15:59:14.975,12.72392,12.72719,0.00,0.00
2015.02.02 15:59:15.232,12.72381,12.7271,0.00,0.00
2015.02.02 15:59:15.637,12.72395,12.72719,0.00,0.00
2015.02.02 15:59:15.738,12.72381,12.72719,0.00,0.00
2015.02.02 15:59:15.838,12.72381,12.7271,0.00,0.00
2015.02.02 15:59:16.054,12.72381,12.72719,0.00,0.00
2015.02.02 15:59:16.154,12.72368,12.7271,0.00,0.00
2015.02.02 15:59:16.408,12.72386,12.72719,0.00,0.00
2015.02.02 15:59:16.795,12.72386,12.72698,0.00,0.00
2015.02.02 15:59:16.895,12.72356,12.72671,0.00,0.00
2015.02.02 15:59:16.946,12.72331,12.72665,0.00,0.00
2015.02.02 15:59:18.445,12.72333,12.72671,0.00,0.00
2015.02.02 15:59:18.546,12.72322,12.72662,0.00,0.00
2015.02.02 15:59:18.646,12.7235,12.72671,0.00,0.00
2015.02.02 15:59:19.565,12.72322,12.72663,0.00,0.00
2015.02.02 15:59:20.023,12.72345,12.72671,0.00,0.00
2015.02.02 15:59:20.329,12.72358,12.72619,0.00,0.00
2015.02.02 15:59:20.631,12.72385,12.72619,0.00,0.00
2015.02.02 15:59:20.832,12.72381,12.72619,0.00,0.00
2015.02.02 15:59:20.883,12.72342,12.72619,0.00,0.00
2015.02.02 15:59:21.171,12.72342,12.72684,0.00,0.00
2015.02.02 15:59:21.222,12.72352,12.72688,0.00,0.00
2015.02.02 15:59:21.823,12.72352,12.72689,0.00,0.00
2015.02.02 15:59:22.098,12.72342,12.72684,0.00,0.00
2015.02.02 15:59:22.199,12.72342,12.72618,0.00,0.00
2015.02.02 15:59:22.761,12.72332,12.72618,0.00,0.00
2015.02.02 15:59:23.063,12.72349,12.72689,0.00,0.00
2015.02.02 15:59:25.060,12.72349,12.72688,0.00,0.00
2015.02.02 15:59:25.704,12.72349,12.72619,0.00,0.00
2015.02.02 15:59:25.860,12.72341,12.72619,0.00,0.00
2015.02.02 15:59:26.394,12.72342,12.72619,0.00,0.00
2015.02.02 15:59:26.624,12.72348,12.72619,0.00,0.00
2015.02.02 15:59:26.675,12.72351,12.72689,0.00,0.00
2015.02.02 15:59:26.776,12.72366,12.7271,0.00,0.00
2015.02.02 15:59:26.933,12.72366,12.72692,0.00,0.00
2015.02.02 15:59:26.983,12.72352,12.7269,0.00,0.00
2015.02.02 15:59:27.034,12.72367,12.72692,0.00,0.00
2015.02.02 15:59:27.085,12.72367,12.72709,0.00,0.00
2015.02.02 15:59:27.135,12.72412,12.72719,0.00,0.00
2015.02.02 15:59:27.671,12.72416,12.7276,0.00,0.00
2015.02.02 15:59:28.024,12.72416,12.72739,0.00,0.00
2015.02.02 15:59:28.074,12.72386,12.7273,0.00,0.00
2015.02.02 15:59:28.125,12.72402,12.7273,0.00,0.00
2015.02.02 15:59:28.392,12.72411,12.72755,0.00,0.00
2015.02.02 15:59:29.138,12.72411,12.72742,0.00,0.00
2015.02.02 15:59:29.189,12.72402,12.72735,0.00,0.00
2015.02.02 15:59:29.239,12.72401,12.72719,0.00,0.00
2015.02.02 15:59:29.700,12.72416,12.72719,0.00,0.00
2015.02.02 15:59:29.750,12.72401,12.72719,0.00,0.00
2015.02.02 15:59:29.902,12.72387,12.72719,0.00,0.00
2015.02.02 15:59:30.013,12.72361,12.72692,0.00,0.00
2015.02.02 15:59:30.315,12.72401,12.72619,0.00,0.00
2015.02.02 15:59:30.469,12.72362,12.72619,0.00,0.00
2015.02.02 15:59:30.765,12.72346,12.72689,0.00,0.00
2015.02.02 15:59:31.549,12.72331,12.72675,0.00,0.00
2015.02.02 15:59:31.599,12.72331,12.72642,0.00,0.00
2015.02.02 15:59:31.958,12.72341,12.72619,0.00,0.00
2015.02.02 15:59:32.301,12.72416,12.72741,0.00,0.00
2015.02.02 15:59:32.402,12.72461,12.72742,0.00,0.00
2015.02.02 15:59:32.452,12.72461,12.72789,0.00,0.00
2015.02.02 15:59:32.561,12.72481,12.72789,0.00,0.00
2015.02.02 15:59:32.875,12.72466,12.72788,0.00,0.00
2015.02.02 15:59:33.534,12.72466,12.72741,0.00,0.00
2015.02.02 15:59:33.807,12.72432,12.72719,0.00,0.00
2015.02.02 15:59:34.014,12.72417,12.72719,0.00,0.00
2015.02.02 15:59:34.065,12.72382,12.72719,0.00,0.00
2015.02.02 15:59:34.158,12.72403,12.72719,0.00,0.00
2015.02.02 15:59:34.304,12.72364,12.72691,0.00,0.00
2015.02.02 15:59:34.405,12.72364,12.72619,0.00,0.00
2015.02.02 15:59:34.506,12.72322,12.72619,0.00,0.00
2015.02.02 15:59:34.978,12.72386,12.72619,0.00,0.00
2015.02.02 15:59:35.185,12.7243,12.72688,0.00,0.00
2015.02.02 15:59:35.287,12.72512,12.72791,0.00,0.00
2015.02.02 15:59:35.338,12.72512,12.72829,0.00,0.00
2015.02.02 15:59:35.389,12.72521,12.72829,0.00,0.00
2015.02.02 15:59:35.496,12.72506,12.72839,0.00,0.00
2015.02.02 15:59:35.600,12.72526,12.72839,0.00,0.00
2015.02.02 15:59:35.904,12.72557,12.72818,0.00,0.00
2015.02.02 15:59:36.165,12.72539,12.72818,0.00,0.00
2015.02.02 15:59:36.466,12.72556,12.72818,0.00,0.00
2015.02.02 15:59:36.729,12.72556,12.72879,0.00,0.00
2015.02.02 15:59:36.780,12.72566,12.72879,0.00,0.00
2015.02.02 15:59:36.830,12.72566,12.72889,0.00,0.00
2015.02.02 15:59:36.881,12.72553,12.72889,0.00,0.00
2015.02.02 15:59:36.982,12.72567,12.72889,0.00,0.00
2015.02.02 15:59:37.083,12.72531,12.7287,0.00,0.00
2015.02.02 15:59:37.183,12.72539,12.72883,0.00,0.00
2015.02.02 15:59:37.469,12.72531,12.7287,0.00,0.00
2015.02.02 15:59:37.770,12.72541,12.72883,0.00,0.00
2015.02.02 15:59:37.871,12.72531,12.72869,0.00,0.00
2015.02.02 15:59:38.178,12.72547,12.72889,0.00,0.00
2015.02.02 15:59:38.795,12.72531,12.7287,0.00,0.00
2015.02.02 15:59:39.132,12.72691,12.72992,0.00,0.00
2015.02.02 15:59:39.342,12.72662,12.72992,0.00,0.00
2015.02.02 15:59:39.442,12.72721,12.7299,0.00,0.00
2015.02.02 15:59:39.493,12.72722,12.73064,0.00,0.00
2015.02.02 15:59:40.179,12.72734,12.73076,0.00,0.00
2015.02.02 15:59:40.481,12.72736,12.7308,0.00,0.00
2015.02.02 15:59:41.124,12.72749,12.7308,0.00,0.00
2015.02.02 15:59:41.232,12.72776,12.73118,0.00,0.00
2015.02.02 15:59:41.333,12.72771,12.73118,0.00,0.00
2015.02.02 15:59:42.188,12.72761,12.73118,0.00,0.00
2015.02.02 15:59:44.278,12.72772,12.73118,0.00,0.00
2015.02.02 15:59:44.541,12.72721,12.73089,0.00,0.00
2015.02.02 15:59:44.746,12.72711,12.73089,0.00,0.00
2015.02.02 15:59:44.974,12.72718,12.73089,0.00,0.00
2015.02.02 15:59:45.025,12.72711,12.73089,0.00,0.00
2015.02.02 15:59:45.192,12.72711,12.73042,0.00,0.00
2015.02.02 15:59:45.634,12.72641,12.72919,0.00,0.00
2015.02.02 15:59:47.572,12.72641,12.72939,0.00,0.00
2015.02.02 15:59:47.623,12.72641,12.72985,0.00,0.00
2015.02.02 15:59:47.673,12.72651,12.72989,0.00,0.00
2015.02.02 15:59:47.996,12.72667,12.72989,0.00,0.00
2015.02.02 15:59:48.046,12.72667,12.72998,0.00,0.00
2015.02.02 15:59:48.160,12.72647,12.72991,0.00,0.00
2015.02.02 15:59:48.706,12.72659,12.72989,0.00,0.00
2015.02.02 15:59:50.205,12.72649,12.72989,0.00,0.00
2015.02.02 15:59:50.255,12.72748,12.72988,0.00,0.00
2015.02.02 15:59:50.356,12.72748,12.73018,0.00,0.00
2015.02.02 15:59:50.678,12.72736,12.73018,0.00,0.00
2015.02.02 15:59:50.779,12.72701,12.73018,0.00,0.00
2015.02.02 15:59:51.275,12.72721,12.73018,0.00,0.00
2015.02.02 15:59:51.387,12.72697,12.73018,0.00,0.00
2015.02.02 15:59:51.438,12.72697,12.72998,0.00,0.00
2015.02.02 15:59:51.488,12.72661,12.72998,0.00,0.00
2015.02.02 15:59:51.539,12.72656,12.72998,0.00,0.00
2015.02.02 15:59:51.589,12.72672,12.72998,0.00,0.00
2015.02.02 15:59:51.901,12.72693,12.72998,0.00,0.00
2015.02.02 15:59:52.028,12.72662,12.72998,0.00,0.00
2015.02.02 15:59:52.520,12.72662,12.73004,0.00,0.00
2015.02.02 15:59:53.512,12.72662,12.72999,0.00,0.00
2015.02.02 15:59:53.663,12.72632,12.72974,0.00,0.00
2015.02.02 15:59:53.784,12.72657,12.72989,0.00,0.00
2015.02.02 15:59:53.890,12.72641,12.72985,0.00,0.00
2015.02.02 15:59:54.022,12.72656,12.72989,0.00,0.00
2015.02.02 15:59:54.336,12.72691,12.72999,0.00,0.00
2015.02.02 15:59:54.486,12.72661,12.72976,0.00,0.00
2015.02.02 15:59:54.537,12.72632,12.72976,0.00,0.00
2015.02.02 15:59:55.019,12.72648,12.72989,0.00,0.00
2015.02.02 15:59:55.225,12.72621,12.72989,0.00,0.00
2015.02.02 15:59:55.679,12.72659,12.72989,0.00,0.00
2015.02.02 15:59:55.730,12.72661,12.73019,0.00,0.00
2015.02.02 15:59:56.385,12.72671,12.73019,0.00,0.00
2015.02.02 15:59:57.258,12.72681,12.73019,0.00,0.00
2015.02.02 15:59:57.361,12.72681,12.73039,0.00,0.00
2015.02.02 15:59:57.412,12.72749,12.73039,0.00,0.00
2015.02.02 15:59:57.478,12.72772,12.73091,0.00,0.00
2015.02.02 15:59:57.693,12.72772,12.73098,0.00,0.00
2015.02.02 15:59:57.886,12.72798,12.73098,0.00,0.00
2015.02.02 15:59:58.037,12.72831,12.73189,0.00,0.00
2015.02.02 15:59:58.188,12.72859,12.73189,0.00,0.00
2015.02.02 15:59:58.289,12.72872,12.73228,0.00,0.00
2015.02.02 15:59:58.390,12.72958,12.73228,0.00,0.00
2015.02.02 15:59:58.491,12.72961,12.73348,0.00,0.00
2015.02.02 15:59:58.542,12.72961,12.73301,0.00,0.00
2015.02.02 15:59:58.592,12.72912,12.73301,0.00,0.00
2015.02.02 15:59:58.693,12.72909,12.73259,0.00,0.00
2015.02.02 15:59:58.743,12.72892,12.73251,0.00,0.00
2015.02.02 15:59:58.956,12.72909,12.73301,0.00,0.00
2015.02.02 15:59:59.492,12.72958,12.73318,0.00,0.00
2015.02.02 15:59:59.645,12.72908,12.73302,0.00,0.00
2015.02.02 15:59:59.695,12.72911,12.73302,0.00,0.00
