2012.03.11 23:00:00.081,17.13693,17.14537,0.00,0.00
2012.03.11 23:00:00.580,17.13663,17.14537,0.00,0.00
2012.03.11 23:00:01.186,17.13663,17.14507,0.00,0.00
2012.03.11 23:00:02.278,17.13723,17.14587,0.00,0.00
2012.03.11 23:00:02.922,17.13693,17.14587,0.00,0.00
2012.03.11 23:00:03.581,17.13733,17.14607,0.00,0.00
2012.03.11 23:00:08.380,17.13733,17.14627,0.00,0.00
2012.03.11 23:00:08.557,17.13753,17.14667,0.00,0.00
2012.03.11 23:00:09.470,17.13833,17.14697,0.00,0.00
2012.03.11 23:00:10.250,17.13833,17.14667,0.00,0.00
2012.03.11 23:00:12.953,17.13793,17.14637,0.00,0.00
2012.03.11 23:00:22.380,17.13773,17.14617,0.00,0.00
2012.03.11 23:00:29.851,17.13753,17.14617,0.00,0.00
2012.03.11 23:00:30.671,17.13773,17.14617,0.00,0.00
2012.03.11 23:00:35.713,17.13743,17.14587,0.00,0.00
2012.03.11 23:00:38.650,17.13713,17.14557,0.00,0.00
2012.03.11 23:00:43.720,17.13683,17.14527,0.00,0.00
2012.03.11 23:00:49.739,17.13683,17.14547,0.00,0.00
2012.03.11 23:00:50.522,17.13713,17.14547,0.00,0.00
2012.03.11 23:00:54.501,17.13733,17.14567,0.00,0.00
2012.03.11 23:00:58.802,17.13683,17.14527,0.00,0.00
2012.03.11 23:01:04.781,17.13643,17.14487,0.00,0.00
2012.03.11 23:01:08.581,17.13613,17.14447,0.00,0.00
2012.03.11 23:01:11.258,17.13633,17.14477,0.00,0.00
2012.03.11 23:01:11.642,17.13633,17.14497,0.00,0.00
2012.03.11 23:01:11.797,17.13673,17.14517,0.00,0.00
2012.03.11 23:01:12.830,17.13703,17.14567,0.00,0.00
2012.03.11 23:01:15.251,17.13703,17.14547,0.00,0.00
2012.03.11 23:01:16.653,17.13733,17.14577,0.00,0.00
2012.03.11 23:01:18.210,17.13773,17.14607,0.00,0.00
2012.03.11 23:01:18.880,17.13823,17.14667,0.00,0.00
2012.03.11 23:01:34.960,17.13843,17.14687,0.00,0.00
2012.03.11 23:01:57.730,17.13793,17.14637,0.00,0.00
2012.03.11 23:01:58.362,17.13823,17.14667,0.00,0.00
2012.03.11 23:02:27.131,17.13853,17.14697,0.00,0.00
2012.03.11 23:02:28.160,17.13803,17.14647,0.00,0.00
2012.03.11 23:03:07.870,17.13833,17.14677,0.00,0.00
2012.03.11 23:03:21.290,17.13863,17.14707,0.00,0.00
2012.03.11 23:03:26.067,17.13893,17.14737,0.00,0.00
2012.03.11 23:03:26.937,17.13873,17.14707,0.00,0.00
2012.03.11 23:03:34.107,17.13893,17.14737,0.00,0.00
2012.03.11 23:03:35.094,17.13913,17.14757,0.00,0.00
2012.03.11 23:03:42.581,17.13943,17.14787,0.00,0.00
2012.03.11 23:03:52.967,17.13812,17.14597,0.00,0.00
2012.03.11 23:03:53.168,17.13733,17.14597,0.00,0.00
2012.03.11 23:03:55.901,17.13693,17.14537,0.00,0.00
2012.03.11 23:04:08.197,17.13643,17.14517,0.00,0.00
2012.03.11 23:04:13.783,17.13522,17.14648,0.00,0.00
2012.03.11 23:04:13.838,17.13032,17.14548,0.00,0.00
2012.03.11 23:04:13.998,17.13163,17.14127,0.00,0.00
2012.03.11 23:04:14.418,17.13103,17.14127,0.00,0.00
2012.03.11 23:04:14.870,17.13103,17.14067,0.00,0.00
2012.03.11 23:04:16.613,17.13103,17.14047,0.00,0.00
2012.03.11 23:04:17.641,17.13103,17.14087,0.00,0.00
2012.03.11 23:04:17.811,17.13243,17.14167,0.00,0.00
2012.03.11 23:04:18.008,17.13243,17.14207,0.00,0.00
2012.03.11 23:04:19.000,17.13252,17.14207,0.00,0.00
2012.03.11 23:04:19.461,17.13313,17.14187,0.00,0.00
2012.03.11 23:04:20.217,17.13293,17.14137,0.00,0.00
2012.03.11 23:04:21.882,17.13293,17.14068,0.00,0.00
2012.03.11 23:04:21.957,17.12903,17.13937,0.00,0.00
2012.03.11 23:04:22.095,17.12773,17.13677,0.00,0.00
2012.03.11 23:04:22.420,17.12723,17.13547,0.00,0.00
2012.03.11 23:04:23.591,17.12693,17.13547,0.00,0.00
2012.03.11 23:04:27.081,17.12733,17.13577,0.00,0.00
2012.03.11 23:04:30.779,17.12862,17.13577,0.00,0.00
2012.03.11 23:04:30.861,17.12993,17.13877,0.00,0.00
2012.03.11 23:04:31.067,17.13103,17.13947,0.00,0.00
2012.03.11 23:04:31.507,17.13103,17.13967,0.00,0.00
2012.03.11 23:04:32.951,17.13103,17.13937,0.00,0.00
2012.03.11 23:04:33.157,17.13043,17.13887,0.00,0.00
2012.03.11 23:04:35.172,17.13083,17.13917,0.00,0.00
2012.03.11 23:04:35.381,17.13053,17.13917,0.00,0.00
2012.03.11 23:04:35.671,17.13053,17.13897,0.00,0.00
2012.03.11 23:04:38.890,17.13053,17.13917,0.00,0.00
2012.03.11 23:04:41.069,17.13053,17.13908,0.00,0.00
2012.03.11 23:04:41.264,17.12662,17.13908,0.00,0.00
2012.03.11 23:04:41.332,17.12793,17.13737,0.00,0.00
2012.03.11 23:04:42.121,17.12793,17.13717,0.00,0.00
2012.03.11 23:04:45.230,17.12793,17.13678,0.00,0.00
2012.03.11 23:04:45.290,17.12643,17.13547,0.00,0.00
2012.03.11 23:04:46.356,17.12643,17.13517,0.00,0.00
2012.03.11 23:04:47.011,17.12643,17.13467,0.00,0.00
2012.03.11 23:04:47.871,17.12583,17.13417,0.00,0.00
2012.03.11 23:04:48.053,17.12623,17.13467,0.00,0.00
2012.03.11 23:04:48.701,17.12593,17.13437,0.00,0.00
2012.03.11 23:04:49.830,17.12553,17.13407,0.00,0.00
2012.03.11 23:04:50.042,17.12493,17.13347,0.00,0.00
2012.03.11 23:04:50.218,17.12493,17.13397,0.00,0.00
2012.03.11 23:04:50.471,17.12533,17.13397,0.00,0.00
2012.03.11 23:04:52.570,17.12533,17.13308,0.00,0.00
2012.03.11 23:04:52.808,17.12223,17.13177,0.00,0.00
2012.03.11 23:04:53.467,17.12223,17.13147,0.00,0.00
2012.03.11 23:04:53.791,17.12223,17.13167,0.00,0.00
2012.03.11 23:04:53.996,17.12223,17.13117,0.00,0.00
2012.03.11 23:04:54.627,17.12223,17.13137,0.00,0.00
2012.03.11 23:04:59.017,17.12223,17.13057,0.00,0.00
2012.03.11 23:04:59.081,17.12183,17.13057,0.00,0.00
2012.03.11 23:04:59.227,17.12062,17.12647,0.00,0.00
2012.03.11 23:04:59.291,17.11813,17.12647,0.00,0.00
2012.03.11 23:04:59.493,17.11813,17.12677,0.00,0.00
2012.03.11 23:04:59.690,17.11843,17.12677,0.00,0.00
2012.03.11 23:05:00.771,17.11863,17.12707,0.00,0.00
2012.03.11 23:05:06.240,17.11913,17.12747,0.00,0.00
2012.03.11 23:05:06.731,17.11883,17.12727,0.00,0.00
2012.03.11 23:05:12.410,17.11853,17.12697,0.00,0.00
2012.03.11 23:05:12.567,17.11853,17.12717,0.00,0.00
2012.03.11 23:05:12.911,17.11903,17.12747,0.00,0.00
2012.03.11 23:05:16.478,17.11853,17.12697,0.00,0.00
2012.03.11 23:05:16.741,17.11823,17.12697,0.00,0.00
2012.03.11 23:05:17.150,17.11863,17.12727,0.00,0.00
2012.03.11 23:05:18.140,17.11893,17.12727,0.00,0.00
2012.03.11 23:05:18.591,17.12052,17.12727,0.00,0.00
2012.03.11 23:05:19.232,17.12052,17.12757,0.00,0.00
2012.03.11 23:05:20.841,17.12052,17.12797,0.00,0.00
2012.03.11 23:05:20.913,17.12152,17.12797,0.00,0.00
2012.03.11 23:05:21.907,17.12252,17.12797,0.00,0.00
2012.03.11 23:05:21.971,17.12252,17.12827,0.00,0.00
2012.03.11 23:05:25.482,17.12252,17.12848,0.00,0.00
2012.03.11 23:05:26.082,17.12252,17.12847,0.00,0.00
2012.03.11 23:05:26.901,17.12252,17.12807,0.00,0.00
2012.03.11 23:05:30.172,17.12252,17.12827,0.00,0.00
2012.03.11 23:05:30.359,17.12252,17.12848,0.00,0.00
2012.03.11 23:05:30.989,17.12252,17.12907,0.00,0.00
2012.03.11 23:05:34.730,17.12352,17.12907,0.00,0.00
2012.03.11 23:05:34.828,17.12352,17.12927,0.00,0.00
2012.03.11 23:05:34.891,17.12352,17.12967,0.00,0.00
2012.03.11 23:05:35.492,17.12352,17.12997,0.00,0.00
2012.03.11 23:05:35.908,17.12353,17.13197,0.00,0.00
2012.03.11 23:05:36.119,17.12352,17.13057,0.00,0.00
2012.03.11 23:05:36.183,17.12252,17.13048,0.00,0.00
2012.03.11 23:05:36.329,17.12252,17.12987,0.00,0.00
2012.03.11 23:05:36.406,17.12152,17.12987,0.00,0.00
2012.03.11 23:05:36.791,17.12152,17.12937,0.00,0.00
2012.03.11 23:05:37.277,17.12252,17.12937,0.00,0.00
2012.03.11 23:05:37.343,17.12252,17.12957,0.00,0.00
2012.03.11 23:05:37.681,17.12252,17.12987,0.00,0.00
2012.03.11 23:05:38.250,17.12143,17.12987,0.00,0.00
2012.03.11 23:05:38.751,17.12123,17.12957,0.00,0.00
2012.03.11 23:05:40.480,17.12143,17.12987,0.00,0.00
2012.03.11 23:05:40.610,17.12152,17.12987,0.00,0.00
2012.03.11 23:05:41.338,17.12163,17.13007,0.00,0.00
2012.03.11 23:05:43.191,17.12193,17.13037,0.00,0.00
2012.03.11 23:05:45.497,17.12252,17.13037,0.00,0.00
2012.03.11 23:05:46.560,17.12252,17.13057,0.00,0.00
2012.03.11 23:05:52.791,17.12213,17.13057,0.00,0.00
2012.03.11 23:05:56.918,17.12252,17.13057,0.00,0.00
2012.03.11 23:06:01.557,17.12352,17.13057,0.00,0.00
2012.03.11 23:06:01.650,17.12352,17.13117,0.00,0.00
2012.03.11 23:06:03.031,17.12352,17.13147,0.00,0.00
2012.03.11 23:06:03.091,17.12552,17.13147,0.00,0.00
2012.03.11 23:06:05.417,17.12552,17.13187,0.00,0.00
2012.03.11 23:06:05.748,17.12652,17.13187,0.00,0.00
2012.03.11 23:06:05.871,17.12652,17.13267,0.00,0.00
2012.03.11 23:06:06.751,17.12652,17.13227,0.00,0.00
2012.03.11 23:06:06.814,17.12552,17.13227,0.00,0.00
2012.03.11 23:06:07.509,17.12552,17.13207,0.00,0.00
2012.03.11 23:06:10.871,17.12552,17.13157,0.00,0.00
2012.03.11 23:06:13.251,17.12552,17.13187,0.00,0.00
2012.03.11 23:06:15.491,17.12552,17.13217,0.00,0.00
2012.03.11 23:06:16.360,17.12552,17.13277,0.00,0.00
2012.03.11 23:06:20.740,17.12552,17.13327,0.00,0.00
2012.03.11 23:06:24.481,17.12552,17.13347,0.00,0.00
2012.03.11 23:06:30.981,17.12552,17.13348,0.00,0.00
2012.03.11 23:06:31.041,17.12752,17.13348,0.00,0.00
2012.03.11 23:06:35.608,17.12752,17.13377,0.00,0.00
2012.03.11 23:06:35.671,17.12752,17.13407,0.00,0.00
2012.03.11 23:06:36.288,17.12752,17.13248,0.00,0.00
2012.03.11 23:06:40.336,17.12752,17.13407,0.00,0.00
2012.03.11 23:06:40.401,17.12752,17.13497,0.00,0.00
2012.03.11 23:06:42.422,17.12752,17.13477,0.00,0.00
2012.03.11 23:06:46.241,17.12752,17.13507,0.00,0.00
2012.03.11 23:06:46.301,17.12852,17.13507,0.00,0.00
2012.03.11 23:06:48.648,17.12752,17.13507,0.00,0.00
2012.03.11 23:06:48.751,17.12752,17.13487,0.00,0.00
2012.03.11 23:06:55.631,17.12752,17.13467,0.00,0.00
2012.03.11 23:07:00.303,17.12752,17.13448,0.00,0.00
2012.03.11 23:07:01.215,17.12752,17.13427,0.00,0.00
2012.03.11 23:07:01.839,17.12752,17.13407,0.00,0.00
2012.03.11 23:07:03.901,17.12752,17.13437,0.00,0.00
2012.03.11 23:07:08.011,17.12752,17.13387,0.00,0.00
2012.03.11 23:07:08.168,17.12552,17.13348,0.00,0.00
2012.03.11 23:07:10.413,17.12552,17.13048,0.00,0.00
2012.03.11 23:07:11.672,17.12153,17.12748,0.00,0.00
2012.03.11 23:07:12.091,17.12052,17.12748,0.00,0.00
2012.03.11 23:07:12.582,17.11983,17.12748,0.00,0.00
2012.03.11 23:07:15.770,17.11952,17.12747,0.00,0.00
2012.03.11 23:07:21.010,17.11952,17.12748,0.00,0.00
2012.03.11 23:07:21.168,17.11952,17.12717,0.00,0.00
2012.03.11 23:07:25.482,17.11952,17.12747,0.00,0.00
2012.03.11 23:07:31.600,17.11953,17.12748,0.00,0.00
2012.03.11 23:07:32.480,17.11952,17.12748,0.00,0.00
2012.03.11 23:07:33.391,17.11963,17.12748,0.00,0.00
2012.03.11 23:07:35.069,17.12052,17.12748,0.00,0.00
2012.03.11 23:07:38.528,17.11952,17.12748,0.00,0.00
2012.03.11 23:07:38.652,17.12052,17.12748,0.00,0.00
2012.03.11 23:07:42.512,17.11952,17.12748,0.00,0.00
2012.03.11 23:07:45.393,17.11952,17.12677,0.00,0.00
2012.03.11 23:07:46.302,17.11952,17.12448,0.00,0.00
2012.03.11 23:07:47.776,17.12052,17.12448,0.00,0.00
2012.03.11 23:07:48.974,17.11952,17.12448,0.00,0.00
2012.03.11 23:07:54.251,17.11852,17.12448,0.00,0.00
2012.03.11 23:07:58.589,17.11852,17.12487,0.00,0.00
2012.03.11 23:07:58.653,17.11852,17.12547,0.00,0.00
2012.03.11 23:08:02.590,17.11852,17.12548,0.00,0.00
2012.03.11 23:08:04.253,17.11852,17.12577,0.00,0.00
2012.03.11 23:08:08.088,17.11752,17.12548,0.00,0.00
2012.03.11 23:08:08.154,17.11752,17.12537,0.00,0.00
2012.03.11 23:08:08.750,17.11752,17.12517,0.00,0.00
2012.03.11 23:08:12.220,17.11752,17.12537,0.00,0.00
2012.03.11 23:08:12.419,17.11852,17.12537,0.00,0.00
2012.03.11 23:08:13.950,17.11852,17.12548,0.00,0.00
2012.03.11 23:08:15.761,17.11952,17.12667,0.00,0.00
2012.03.11 23:08:15.909,17.11952,17.12697,0.00,0.00
2012.03.11 23:08:17.074,17.11853,17.12697,0.00,0.00
2012.03.11 23:08:20.507,17.11952,17.12697,0.00,0.00
2012.03.11 23:08:21.970,17.11952,17.12667,0.00,0.00
2012.03.11 23:08:22.438,17.11952,17.12648,0.00,0.00
2012.03.11 23:08:24.083,17.11952,17.12667,0.00,0.00
2012.03.11 23:08:24.251,17.11952,17.12707,0.00,0.00
2012.03.11 23:08:31.109,17.11852,17.12648,0.00,0.00
2012.03.11 23:08:33.390,17.11852,17.12548,0.00,0.00
2012.03.11 23:08:38.618,17.11952,17.12607,0.00,0.00
2012.03.11 23:08:38.788,17.11952,17.12677,0.00,0.00
2012.03.11 23:08:39.010,17.11952,17.12717,0.00,0.00
2012.03.11 23:08:40.739,17.11952,17.12687,0.00,0.00
2012.03.11 23:08:40.803,17.11952,17.12717,0.00,0.00
2012.03.11 23:08:47.791,17.11952,17.12747,0.00,0.00
2012.03.11 23:08:57.230,17.11952,17.12707,0.00,0.00
2012.03.11 23:09:06.050,17.11952,17.12687,0.00,0.00
2012.03.11 23:09:09.420,17.11952,17.12617,0.00,0.00
2012.03.11 23:09:10.502,17.11952,17.12548,0.00,0.00
2012.03.11 23:09:17.172,17.12052,17.12548,0.00,0.00
2012.03.11 23:09:18.051,17.12052,17.12587,0.00,0.00
2012.03.11 23:09:18.178,17.12052,17.12707,0.00,0.00
2012.03.11 23:09:18.400,17.12052,17.12747,0.00,0.00
2012.03.11 23:09:18.629,17.12152,17.12747,0.00,0.00
2012.03.11 23:09:19.201,17.12152,17.12748,0.00,0.00
2012.03.11 23:09:21.356,17.12152,17.12747,0.00,0.00
2012.03.11 23:09:23.440,17.12152,17.12748,0.00,0.00
2012.03.11 23:09:31.718,17.12052,17.12748,0.00,0.00
2012.03.11 23:09:32.572,17.12152,17.12748,0.00,0.00
2012.03.11 23:09:42.784,17.12252,17.12748,0.00,0.00
2012.03.11 23:09:43.701,17.12252,17.12848,0.00,0.00
2012.03.11 23:09:48.231,17.12252,17.12877,0.00,0.00
2012.03.11 23:09:48.291,17.12352,17.12877,0.00,0.00
2012.03.11 23:09:48.352,17.12352,17.12907,0.00,0.00
2012.03.11 23:09:49.011,17.12352,17.12948,0.00,0.00
2012.03.11 23:09:49.142,17.12452,17.12987,0.00,0.00
2012.03.11 23:09:49.219,17.12452,17.13027,0.00,0.00
2012.03.11 23:09:50.422,17.12452,17.13047,0.00,0.00
2012.03.11 23:09:51.400,17.12452,17.13017,0.00,0.00
2012.03.11 23:09:51.751,17.12452,17.13037,0.00,0.00
2012.03.11 23:09:52.280,17.12452,17.12997,0.00,0.00
2012.03.11 23:09:52.661,17.12452,17.12948,0.00,0.00
2012.03.11 23:09:53.142,17.12352,17.12948,0.00,0.00
2012.03.11 23:09:55.065,17.12352,17.12957,0.00,0.00
2012.03.11 23:09:55.131,17.12352,17.12977,0.00,0.00
2012.03.11 23:09:56.220,17.12352,17.12997,0.00,0.00
2012.03.11 23:09:59.321,17.12352,17.13037,0.00,0.00
2012.03.11 23:09:59.381,17.12452,17.13037,0.00,0.00
2012.03.11 23:09:59.886,17.12352,17.13037,0.00,0.00
2012.03.11 23:09:59.951,17.12352,17.13017,0.00,0.00
2012.03.11 23:10:00.974,17.12452,17.13017,0.00,0.00
2012.03.11 23:10:04.472,17.12252,17.13017,0.00,0.00
2012.03.11 23:10:04.942,17.12252,17.12977,0.00,0.00
2012.03.11 23:10:05.792,17.12252,17.12948,0.00,0.00
2012.03.11 23:10:06.002,17.12252,17.12977,0.00,0.00
2012.03.11 23:10:09.603,17.12252,17.13027,0.00,0.00
2012.03.11 23:10:09.662,17.12552,17.13027,0.00,0.00
2012.03.11 23:10:10.822,17.12552,17.12957,0.00,0.00
2012.03.11 23:10:10.883,17.12123,17.12957,0.00,0.00
2012.03.11 23:10:10.966,17.12252,17.12957,0.00,0.00
2012.03.11 23:10:11.033,17.12252,17.13048,0.00,0.00
2012.03.11 23:10:11.176,17.12552,17.13057,0.00,0.00
2012.03.11 23:10:13.120,17.12552,17.13097,0.00,0.00
2012.03.11 23:10:13.346,17.12552,17.13027,0.00,0.00
2012.03.11 23:10:13.429,17.12252,17.13027,0.00,0.00
2012.03.11 23:10:13.892,17.12252,17.12997,0.00,0.00
2012.03.11 23:10:14.368,17.12252,17.12848,0.00,0.00
2012.03.11 23:10:15.219,17.12252,17.12937,0.00,0.00
2012.03.11 23:10:15.282,17.12252,17.12987,0.00,0.00
2012.03.11 23:10:16.159,17.12252,17.12967,0.00,0.00
2012.03.11 23:10:16.605,17.12252,17.12948,0.00,0.00
2012.03.11 23:10:17.659,17.12252,17.12967,0.00,0.00
2012.03.11 23:10:22.958,17.12252,17.12957,0.00,0.00
2012.03.11 23:10:23.403,17.12252,17.12948,0.00,0.00
2012.03.11 23:10:24.859,17.12252,17.12907,0.00,0.00
2012.03.11 23:10:28.209,17.12252,17.12948,0.00,0.00
2012.03.11 23:10:29.289,17.12252,17.12917,0.00,0.00
2012.03.11 23:10:29.762,17.12252,17.12848,0.00,0.00
2012.03.11 23:10:30.956,17.12352,17.12848,0.00,0.00
2012.03.11 23:10:36.642,17.12352,17.12742,0.00,0.00
2012.03.11 23:10:38.244,17.12352,17.12716,0.00,0.00
2012.03.11 23:10:38.963,17.12195,17.12697,0.00,0.00
2012.03.11 23:10:39.024,17.12252,17.12697,0.00,0.00
2012.03.11 23:10:39.177,17.12252,17.12673,0.00,0.00
2012.03.11 23:10:41.953,17.12252,17.12653,0.00,0.00
2012.03.11 23:10:45.585,17.12252,17.12633,0.00,0.00
2012.03.11 23:10:45.730,17.12152,17.12633,0.00,0.00
2012.03.11 23:10:45.800,17.12152,17.126,0.00,0.00
2012.03.11 23:10:49.063,17.12036,17.126,0.00,0.00
2012.03.11 23:10:49.176,17.11952,17.12488,0.00,0.00
2012.03.11 23:10:49.863,17.12052,17.12488,0.00,0.00
2012.03.11 23:10:50.220,17.12052,17.12502,0.00,0.00
2012.03.11 23:10:50.402,17.11952,17.12502,0.00,0.00
2012.03.11 23:10:50.462,17.11952,17.12479,0.00,0.00
2012.03.11 23:10:52.171,17.11952,17.12459,0.00,0.00
2012.03.11 23:10:52.779,17.11952,17.12442,0.00,0.00
2012.03.11 23:10:55.512,17.11952,17.12402,0.00,0.00
2012.03.11 23:10:59.619,17.11952,17.12476,0.00,0.00
2012.03.11 23:10:59.682,17.12052,17.12476,0.00,0.00
2012.03.11 23:11:00.313,17.12052,17.12531,0.00,0.00
2012.03.11 23:11:00.808,17.12052,17.12552,0.00,0.00
2012.03.11 23:11:01.338,17.12052,17.12572,0.00,0.00
2012.03.11 23:11:01.573,17.12052,17.12616,0.00,0.00
2012.03.11 23:11:01.987,17.12052,17.12577,0.00,0.00
2012.03.11 23:11:08.488,17.12052,17.12611,0.00,0.00
2012.03.11 23:11:08.970,17.12152,17.12611,0.00,0.00
2012.03.11 23:11:09.904,17.12252,17.12611,0.00,0.00
2012.03.11 23:11:10.022,17.12252,17.12651,0.00,0.00
2012.03.11 23:11:10.095,17.12252,17.12691,0.00,0.00
2012.03.11 23:11:17.330,17.12152,17.12691,0.00,0.00
2012.03.11 23:11:17.392,17.12152,17.12669,0.00,0.00
2012.03.11 23:11:22.793,17.12152,17.12642,0.00,0.00
2012.03.11 23:11:24.802,17.12152,17.12612,0.00,0.00
2012.03.11 23:11:28.866,17.12252,17.12612,0.00,0.00
2012.03.11 23:11:29.053,17.12252,17.12658,0.00,0.00
2012.03.11 23:11:38.679,17.12094,17.12658,0.00,0.00
2012.03.11 23:11:39.009,17.12067,17.12631,0.00,0.00
2012.03.11 23:11:39.904,17.12152,17.12631,0.00,0.00
2012.03.11 23:11:40.562,17.12067,17.12631,0.00,0.00
2012.03.11 23:11:40.627,17.12052,17.12601,0.00,0.00
2012.03.11 23:11:43.298,17.12057,17.12621,0.00,0.00
2012.03.11 23:11:44.109,17.12152,17.12621,0.00,0.00
2012.03.11 23:11:50.426,17.12152,17.12637,0.00,0.00
2012.03.11 23:11:50.530,17.12252,17.12637,0.00,0.00
2012.03.11 23:11:59.614,17.12252,17.12669,0.00,0.00
2012.03.11 23:12:02.077,17.12152,17.12669,0.00,0.00
2012.03.11 23:12:02.153,17.12152,17.1265,0.00,0.00
2012.03.11 23:12:03.663,17.12152,17.1262,0.00,0.00
2012.03.11 23:12:05.722,17.12152,17.1264,0.00,0.00
2012.03.11 23:12:11.591,17.12152,17.12662,0.00,0.00
2012.03.11 23:12:14.059,17.12152,17.12692,0.00,0.00
2012.03.11 23:12:14.953,17.12177,17.12741,0.00,0.00
2012.03.11 23:12:15.409,17.12152,17.12691,0.00,0.00
2012.03.11 23:12:26.132,17.12252,17.12691,0.00,0.00
2012.03.11 23:12:26.273,17.12252,17.12714,0.00,0.00
2012.03.11 23:12:27.901,17.12252,17.12765,0.00,0.00
2012.03.11 23:12:28.106,17.12252,17.12787,0.00,0.00
2012.03.11 23:12:29.183,17.12257,17.12821,0.00,0.00
2012.03.11 23:12:30.005,17.12252,17.12805,0.00,0.00
2012.03.11 23:12:31.613,17.12352,17.12805,0.00,0.00
2012.03.11 23:12:31.724,17.12352,17.12831,0.00,0.00
2012.03.11 23:12:36.096,17.12267,17.12831,0.00,0.00
2012.03.11 23:12:36.193,17.12252,17.12797,0.00,0.00
2012.03.11 23:12:40.303,17.12274,17.12838,0.00,0.00
2012.03.11 23:12:41.033,17.12252,17.12797,0.00,0.00
2012.03.11 23:12:46.952,17.12274,17.12838,0.00,0.00
2012.03.11 23:12:54.232,17.12252,17.12797,0.00,0.00
2012.03.11 23:12:55.823,17.12252,17.1276,0.00,0.00
2012.03.11 23:12:59.684,17.12252,17.12681,0.00,0.00
2012.03.11 23:12:59.829,17.12152,17.12681,0.00,0.00
2012.03.11 23:13:01.457,17.12152,17.1264,0.00,0.00
2012.03.11 23:13:03.681,17.12152,17.1262,0.00,0.00
2012.03.11 23:13:05.332,17.12056,17.1262,0.00,0.00
2012.03.11 23:13:05.615,17.12086,17.1265,0.00,0.00
2012.03.11 23:13:33.486,17.12152,17.1265,0.00,0.00
2012.03.11 23:13:33.551,17.12152,17.12668,0.00,0.00
2012.03.11 23:13:34.089,17.12152,17.12651,0.00,0.00
2012.03.11 23:13:34.230,17.12087,17.12651,0.00,0.00
2012.03.11 23:13:39.698,17.12057,17.12621,0.00,0.00
2012.03.11 23:13:45.382,17.12052,17.12601,0.00,0.00
2012.03.11 23:13:55.012,17.12252,17.12601,0.00,0.00
2012.03.11 23:13:55.124,17.12252,17.12653,0.00,0.00
2012.03.11 23:13:58.962,17.12252,17.12695,0.00,0.00
2012.03.11 23:13:59.492,17.12352,17.12695,0.00,0.00
2012.03.11 23:14:00.242,17.12352,17.12736,0.00,0.00
2012.03.11 23:14:03.312,17.12352,17.1277,0.00,0.00
2012.03.11 23:14:03.502,17.12352,17.12729,0.00,0.00
2012.03.11 23:14:05.672,17.12207,17.12709,0.00,0.00
2012.03.11 23:14:05.932,17.12252,17.12709,0.00,0.00
2012.03.11 23:14:09.682,17.12252,17.12679,0.00,0.00
2012.03.11 23:14:17.954,17.12252,17.12659,0.00,0.00
2012.03.11 23:14:19.904,17.12252,17.12618,0.00,0.00
2012.03.11 23:14:19.972,17.12152,17.12618,0.00,0.00
2012.03.11 23:14:24.002,17.12152,17.12592,0.00,0.00
2012.03.11 23:14:25.093,17.12052,17.12592,0.00,0.00
2012.03.11 23:14:25.153,17.12052,17.12558,0.00,0.00
2012.03.11 23:14:26.263,17.12052,17.1258,0.00,0.00
2012.03.11 23:14:27.608,17.12052,17.12538,0.00,0.00
2012.03.11 23:14:37.234,17.12052,17.1249,0.00,0.00
2012.03.11 23:14:39.191,17.12052,17.12524,0.00,0.00
2012.03.11 23:14:50.561,17.12052,17.1249,0.00,0.00
2012.03.11 23:14:52.950,17.12052,17.12512,0.00,0.00
2012.03.11 23:14:53.091,17.12152,17.12512,0.00,0.00
2012.03.11 23:14:53.170,17.12152,17.12532,0.00,0.00
2012.03.11 23:14:54.473,17.12052,17.12532,0.00,0.00
2012.03.11 23:14:55.074,17.12052,17.12471,0.00,0.00
2012.03.11 23:14:56.420,17.12052,17.12501,0.00,0.00
2012.03.11 23:14:56.632,17.12052,17.12545,0.00,0.00
2012.03.11 23:14:56.959,17.12052,17.12562,0.00,0.00
2012.03.11 23:15:00.627,17.12152,17.12562,0.00,0.00
2012.03.11 23:15:01.134,17.12152,17.12582,0.00,0.00
2012.03.11 23:15:01.195,17.12152,17.12607,0.00,0.00
2012.03.11 23:15:06.187,17.12152,17.12576,0.00,0.00
2012.03.11 23:15:07.715,17.12152,17.12648,0.00,0.00
2012.03.11 23:15:07.783,17.12252,17.12653,0.00,0.00
2012.03.11 23:15:10.868,17.12252,17.12694,0.00,0.00
2012.03.11 23:15:24.773,17.12252,17.12674,0.00,0.00
2012.03.11 23:15:44.852,17.12152,17.12674,0.00,0.00
2012.03.11 23:15:45.384,17.12152,17.12611,0.00,0.00
2012.03.11 23:15:47.404,17.12152,17.12578,0.00,0.00
2012.03.11 23:15:48.772,17.12003,17.12505,0.00,0.00
2012.03.11 23:15:48.912,17.12052,17.12505,0.00,0.00
2012.03.11 23:15:49.306,17.12052,17.12531,0.00,0.00
2012.03.11 23:15:50.582,17.12152,17.12531,0.00,0.00
2012.03.11 23:15:51.126,17.12052,17.12565,0.00,0.00
2012.03.11 23:15:51.233,17.12052,17.12541,0.00,0.00
2012.03.11 23:15:54.873,17.12052,17.12525,0.00,0.00
2012.03.11 23:16:01.758,17.12152,17.12525,0.00,0.00
2012.03.11 23:16:01.904,17.12152,17.12586,0.00,0.00
2012.03.11 23:16:04.573,17.12152,17.12615,0.00,0.00
2012.03.11 23:16:09.605,17.12152,17.12564,0.00,0.00
2012.03.11 23:16:10.652,17.12252,17.12624,0.00,0.00
2012.03.11 23:16:22.115,17.12104,17.12606,0.00,0.00
2012.03.11 23:16:35.544,17.12088,17.1259,0.00,0.00
2012.03.11 23:16:35.662,17.12052,17.12498,0.00,0.00
2012.03.11 23:16:36.135,17.12052,17.12469,0.00,0.00
2012.03.11 23:16:36.230,17.11952,17.12469,0.00,0.00
2012.03.11 23:16:36.293,17.12052,17.12489,0.00,0.00
2012.03.11 23:16:44.872,17.12052,17.12458,0.00,0.00
2012.03.11 23:16:45.662,17.12052,17.12432,0.00,0.00
2012.03.11 23:16:45.992,17.12052,17.12463,0.00,0.00
2012.03.11 23:16:50.182,17.12052,17.12515,0.00,0.00
2012.03.11 23:16:50.280,17.12052,17.12548,0.00,0.00
2012.03.11 23:16:50.342,17.12152,17.12582,0.00,0.00
2012.03.11 23:16:50.822,17.12152,17.12602,0.00,0.00
2012.03.11 23:16:51.481,17.12152,17.12619,0.00,0.00
2012.03.11 23:17:03.438,17.12252,17.12619,0.00,0.00
2012.03.11 23:17:03.622,17.12252,17.12671,0.00,0.00
2012.03.11 23:17:12.822,17.12252,17.12701,0.00,0.00
2012.03.11 23:17:13.042,17.12252,17.12722,0.00,0.00
2012.03.11 23:17:23.206,17.12252,17.12798,0.00,0.00
2012.03.11 23:17:23.273,17.12252,17.12781,0.00,0.00
2012.03.11 23:17:26.722,17.12252,17.12741,0.00,0.00
2012.03.11 23:17:26.942,17.12252,17.12763,0.00,0.00
2012.03.11 23:17:37.652,17.12176,17.1274,0.00,0.00
2012.03.11 23:17:38.409,17.12204,17.12768,0.00,0.00
2012.03.11 23:17:39.170,17.12181,17.12745,0.00,0.00
2012.03.11 23:17:42.548,17.12227,17.12791,0.00,0.00
2012.03.11 23:17:56.192,17.12252,17.12752,0.00,0.00
2012.03.11 23:17:56.658,17.12252,17.12711,0.00,0.00
2012.03.11 23:18:03.979,17.12252,17.12691,0.00,0.00
2012.03.11 23:18:10.724,17.12152,17.12663,0.00,0.00
2012.03.11 23:18:11.998,17.12252,17.12663,0.00,0.00
2012.03.11 23:18:12.081,17.12252,17.12682,0.00,0.00
2012.03.11 23:18:12.418,17.12152,17.12682,0.00,0.00
2012.03.11 23:18:12.501,17.12152,17.12662,0.00,0.00
2012.03.11 23:18:17.282,17.12152,17.12626,0.00,0.00
2012.03.11 23:18:21.089,17.12152,17.12606,0.00,0.00
2012.03.11 23:18:22.172,17.12152,17.12657,0.00,0.00
2012.03.11 23:18:22.724,17.12152,17.12698,0.00,0.00
2012.03.11 23:18:24.122,17.12153,17.12717,0.00,0.00
2012.03.11 23:18:24.594,17.1219,17.12754,0.00,0.00
2012.03.11 23:18:25.298,17.12168,17.12732,0.00,0.00
2012.03.11 23:18:25.872,17.12205,17.12769,0.00,0.00
2012.03.11 23:18:26.719,17.12154,17.12718,0.00,0.00
2012.03.11 23:18:37.654,17.12152,17.12668,0.00,0.00
2012.03.11 23:18:38.065,17.12152,17.12649,0.00,0.00
2012.03.11 23:18:39.045,17.12152,17.12713,0.00,0.00
2012.03.11 23:18:40.794,17.12152,17.12682,0.00,0.00
2012.03.11 23:18:42.665,17.12152,17.12663,0.00,0.00
2012.03.11 23:18:52.491,17.12152,17.12621,0.00,0.00
2012.03.11 23:18:52.905,17.12057,17.12621,0.00,0.00
2012.03.11 23:18:52.973,17.12052,17.12572,0.00,0.00
2012.03.11 23:18:55.625,17.12152,17.12572,0.00,0.00
2012.03.11 23:18:55.693,17.12152,17.12595,0.00,0.00
2012.03.11 23:18:57.322,17.12052,17.12595,0.00,0.00
2012.03.11 23:18:57.833,17.12052,17.12571,0.00,0.00
2012.03.11 23:18:58.312,17.12052,17.12604,0.00,0.00
2012.03.11 23:18:58.740,17.12152,17.12604,0.00,0.00
2012.03.11 23:18:59.389,17.12152,17.12635,0.00,0.00
2012.03.11 23:19:01.649,17.12152,17.12596,0.00,0.00
2012.03.11 23:19:02.644,17.12152,17.12573,0.00,0.00
2012.03.11 23:19:12.167,17.12152,17.12554,0.00,0.00
2012.03.11 23:19:13.066,17.12152,17.12615,0.00,0.00
2012.03.11 23:19:13.506,17.12152,17.12635,0.00,0.00
2012.03.11 23:19:17.494,17.12152,17.12605,0.00,0.00
2012.03.11 23:19:22.753,17.12152,17.12635,0.00,0.00
2012.03.11 23:19:26.165,17.12152,17.12656,0.00,0.00
2012.03.11 23:19:34.831,17.12152,17.12674,0.00,0.00
2012.03.11 23:19:40.217,17.12152,17.12715,0.00,0.00
2012.03.11 23:19:47.393,17.12152,17.12669,0.00,0.00
2012.03.11 23:19:47.912,17.12152,17.12701,0.00,0.00
2012.03.11 23:19:48.617,17.12152,17.12669,0.00,0.00
2012.03.11 23:19:49.543,17.12152,17.12701,0.00,0.00
2012.03.11 23:19:49.900,17.12152,17.12669,0.00,0.00
2012.03.11 23:19:50.577,17.12152,17.12701,0.00,0.00
2012.03.11 23:19:51.003,17.12152,17.12669,0.00,0.00
2012.03.11 23:19:51.575,17.12152,17.12701,0.00,0.00
2012.03.11 23:19:51.885,17.12152,17.12669,0.00,0.00
2012.03.11 23:19:52.196,17.12152,17.12701,0.00,0.00
2012.03.11 23:19:52.730,17.12152,17.12669,0.00,0.00
2012.03.11 23:19:53.265,17.12152,17.127,0.00,0.00
2012.03.11 23:19:54.137,17.12152,17.12669,0.00,0.00
2012.03.11 23:19:54.927,17.12152,17.127,0.00,0.00
2012.03.11 23:19:56.066,17.12152,17.12669,0.00,0.00
2012.03.11 23:19:56.507,17.12152,17.127,0.00,0.00
2012.03.11 23:19:57.045,17.12152,17.12668,0.00,0.00
2012.03.11 23:19:57.485,17.12152,17.127,0.00,0.00
2012.03.11 23:19:58.124,17.12152,17.12668,0.00,0.00
2012.03.11 23:19:58.812,17.12152,17.127,0.00,0.00
2012.03.11 23:20:00.474,17.12152,17.1265,0.00,0.00
2012.03.11 23:20:00.847,17.12152,17.12628,0.00,0.00
2012.03.11 23:20:08.246,17.12152,17.127,0.00,0.00
2012.03.11 23:20:14.544,17.12152,17.1266,0.00,0.00
2012.03.11 23:20:17.420,17.12152,17.12691,0.00,0.00
2012.03.11 23:20:17.753,17.12252,17.12733,0.00,0.00
2012.03.11 23:20:20.139,17.12252,17.127,0.00,0.00
2012.03.11 23:20:20.682,17.12252,17.12733,0.00,0.00
2012.03.11 23:20:20.789,17.12252,17.12753,0.00,0.00
2012.03.11 23:20:20.959,17.12352,17.12753,0.00,0.00
2012.03.11 23:20:22.438,17.12352,17.1272,0.00,0.00
2012.03.11 23:20:22.935,17.12352,17.12753,0.00,0.00
2012.03.11 23:20:23.538,17.12352,17.1272,0.00,0.00
2012.03.11 23:20:24.088,17.12352,17.12753,0.00,0.00
2012.03.11 23:20:24.529,17.12352,17.1272,0.00,0.00
2012.03.11 23:20:25.132,17.12352,17.12753,0.00,0.00
2012.03.11 23:20:25.432,17.12352,17.12793,0.00,0.00
2012.03.11 23:20:25.938,17.12352,17.12818,0.00,0.00
2012.03.11 23:20:26.792,17.12254,17.12818,0.00,0.00
2012.03.11 23:20:26.852,17.12252,17.12796,0.00,0.00
2012.03.11 23:20:27.247,17.12252,17.12759,0.00,0.00
2012.03.11 23:20:27.687,17.12252,17.12789,0.00,0.00
2012.03.11 23:20:28.922,17.12252,17.12773,0.00,0.00
2012.03.11 23:20:29.802,17.12252,17.12735,0.00,0.00
2012.03.11 23:20:30.164,17.12352,17.12735,0.00,0.00
2012.03.11 23:20:30.636,17.12352,17.12764,0.00,0.00
2012.03.11 23:20:30.747,17.12352,17.12829,0.00,0.00
2012.03.11 23:20:30.892,17.12352,17.12764,0.00,0.00
2012.03.11 23:20:31.442,17.12352,17.12818,0.00,0.00
2012.03.11 23:20:31.872,17.12352,17.12764,0.00,0.00
2012.03.11 23:20:32.402,17.12352,17.12818,0.00,0.00
2012.03.11 23:20:32.905,17.12352,17.12764,0.00,0.00
2012.03.11 23:20:33.332,17.12352,17.12742,0.00,0.00
2012.03.11 23:20:33.456,17.12352,17.12764,0.00,0.00
2012.03.11 23:20:34.112,17.12352,17.12742,0.00,0.00
2012.03.11 23:20:34.652,17.12352,17.12764,0.00,0.00
2012.03.11 23:20:35.101,17.12352,17.12742,0.00,0.00
2012.03.11 23:20:35.751,17.12352,17.12764,0.00,0.00
2012.03.11 23:20:36.542,17.12352,17.12742,0.00,0.00
2012.03.11 23:20:37.327,17.12352,17.12764,0.00,0.00
2012.03.11 23:20:37.952,17.12352,17.12722,0.00,0.00
2012.03.11 23:20:38.512,17.12352,17.12764,0.00,0.00
2012.03.11 23:20:39.004,17.12352,17.12722,0.00,0.00
2012.03.11 23:20:39.572,17.12352,17.12742,0.00,0.00
2012.03.11 23:20:40.202,17.12352,17.12721,0.00,0.00
2012.03.11 23:20:42.043,17.12252,17.12721,0.00,0.00
2012.03.11 23:20:42.343,17.12252,17.12689,0.00,0.00
2012.03.11 23:20:43.339,17.12252,17.12721,0.00,0.00
2012.03.11 23:20:43.402,17.12352,17.12721,0.00,0.00
2012.03.11 23:20:43.594,17.12252,17.12721,0.00,0.00
2012.03.11 23:20:43.655,17.12252,17.12689,0.00,0.00
2012.03.11 23:20:46.543,17.12252,17.12699,0.00,0.00
2012.03.11 23:20:49.952,17.12252,17.12669,0.00,0.00
2012.03.11 23:20:58.579,17.12252,17.1265,0.00,0.00
2012.03.11 23:21:04.853,17.12099,17.12601,0.00,0.00
2012.03.11 23:21:04.915,17.12152,17.12601,0.00,0.00
2012.03.11 23:21:07.223,17.12152,17.12641,0.00,0.00
2012.03.11 23:21:08.682,17.12152,17.12612,0.00,0.00
2012.03.11 23:21:10.827,17.12152,17.12641,0.00,0.00
2012.03.11 23:21:10.936,17.12152,17.12682,0.00,0.00
2012.03.11 23:21:15.795,17.12152,17.12713,0.00,0.00
2012.03.11 23:21:20.803,17.12177,17.12741,0.00,0.00
2012.03.11 23:21:21.223,17.12152,17.12682,0.00,0.00
2012.03.11 23:21:23.224,17.12178,17.12742,0.00,0.00
2012.03.11 23:21:28.582,17.12152,17.12692,0.00,0.00
2012.03.11 23:21:30.181,17.12252,17.12692,0.00,0.00
2012.03.11 23:21:30.243,17.12252,17.12777,0.00,0.00
2012.03.11 23:21:30.456,17.12252,17.12798,0.00,0.00
2012.03.11 23:21:30.752,17.12226,17.12812,0.00,0.00
2012.03.11 23:21:32.162,17.12244,17.1281,0.00,0.00
2012.03.11 23:21:34.647,17.12168,17.12732,0.00,0.00
2012.03.11 23:21:34.947,17.12152,17.12681,0.00,0.00
2012.03.11 23:21:35.414,17.12167,17.12731,0.00,0.00
2012.03.11 23:21:36.014,17.12152,17.12681,0.00,0.00
2012.03.11 23:21:36.491,17.12168,17.12732,0.00,0.00
2012.03.11 23:21:37.020,17.12152,17.12681,0.00,0.00
2012.03.11 23:21:37.603,17.12168,17.12732,0.00,0.00
2012.03.11 23:21:38.013,17.12152,17.12671,0.00,0.00
2012.03.11 23:21:38.530,17.12158,17.12722,0.00,0.00
2012.03.11 23:21:44.250,17.12252,17.12722,0.00,0.00
2012.03.11 23:21:44.433,17.12252,17.12776,0.00,0.00
2012.03.11 23:21:45.884,17.12252,17.12812,0.00,0.00
2012.03.11 23:21:50.033,17.12289,17.12853,0.00,0.00
2012.03.11 23:21:51.097,17.12267,17.12831,0.00,0.00
2012.03.11 23:21:57.193,17.12303,17.12867,0.00,0.00
2012.03.11 23:21:57.774,17.12352,17.12889,0.00,0.00
2012.03.11 23:21:58.372,17.12352,17.12848,0.00,0.00
2012.03.11 23:22:01.594,17.12352,17.12889,0.00,0.00
2012.03.11 23:22:09.902,17.12352,17.128,0.00,0.00
2012.03.11 23:22:17.983,17.12352,17.12782,0.00,0.00
2012.03.11 23:22:18.730,17.12352,17.12792,0.00,0.00
2012.03.11 23:22:20.522,17.12352,17.12762,0.00,0.00
2012.03.11 23:22:20.659,17.12252,17.12762,0.00,0.00
2012.03.11 23:22:22.424,17.12252,17.12801,0.00,0.00
2012.03.11 23:22:23.146,17.12352,17.12801,0.00,0.00
2012.03.11 23:22:27.222,17.12352,17.1283,0.00,0.00
2012.03.11 23:22:27.933,17.12352,17.12868,0.00,0.00
2012.03.11 23:22:28.454,17.12352,17.12888,0.00,0.00
2012.03.11 23:22:32.643,17.12352,17.12811,0.00,0.00
2012.03.11 23:22:34.366,17.12352,17.12782,0.00,0.00
2012.03.11 23:22:36.196,17.12352,17.12801,0.00,0.00
2012.03.11 23:22:46.114,17.12352,17.12848,0.00,0.00
2012.03.11 23:22:46.493,17.12365,17.12929,0.00,0.00
2012.03.11 23:22:48.422,17.12452,17.12929,0.00,0.00
2012.03.11 23:22:48.482,17.12452,17.12955,0.00,0.00
2012.03.11 23:22:48.630,17.12552,17.12955,0.00,0.00
2012.03.11 23:22:48.692,17.12552,17.12978,0.00,0.00
2012.03.11 23:22:50.772,17.12552,17.12939,0.00,0.00
2012.03.11 23:22:55.413,17.12552,17.12999,0.00,0.00
2012.03.11 23:22:55.973,17.12652,17.12999,0.00,0.00
2012.03.11 23:22:56.186,17.12652,17.13029,0.00,0.00
2012.03.11 23:22:56.880,17.12504,17.13006,0.00,0.00
2012.03.11 23:22:56.970,17.12552,17.13006,0.00,0.00
2012.03.11 23:22:57.420,17.12552,17.13027,0.00,0.00
2012.03.11 23:23:16.692,17.12552,17.13049,0.00,0.00
2012.03.11 23:23:17.633,17.12552,17.13028,0.00,0.00
2012.03.11 23:23:23.404,17.12552,17.1299,0.00,0.00
2012.03.11 23:23:40.276,17.12552,17.12969,0.00,0.00
2012.03.11 23:23:42.343,17.12552,17.12948,0.00,0.00
2012.03.11 23:23:50.918,17.12552,17.12929,0.00,0.00
2012.03.11 23:23:54.077,17.12552,17.12959,0.00,0.00
2012.03.11 23:23:54.736,17.12552,17.1299,0.00,0.00
2012.03.11 23:24:03.752,17.12552,17.13042,0.00,0.00
2012.03.11 23:24:20.538,17.12552,17.13069,0.00,0.00
2012.03.11 23:24:29.491,17.12652,17.13069,0.00,0.00
2012.03.11 23:24:47.844,17.12652,17.13053,0.00,0.00
2012.03.11 23:25:02.093,17.12476,17.12978,0.00,0.00
2012.03.11 23:25:02.153,17.12552,17.12978,0.00,0.00
2012.03.11 23:25:07.077,17.12452,17.12978,0.00,0.00
2012.03.11 23:25:07.223,17.12452,17.12941,0.00,0.00
2012.03.11 23:25:07.662,17.12452,17.1292,0.00,0.00
2012.03.11 23:25:09.188,17.12452,17.129,0.00,0.00
2012.03.11 23:25:17.067,17.12452,17.12879,0.00,0.00
2012.03.11 23:25:24.985,17.12452,17.1282,0.00,0.00
2012.03.11 23:25:25.044,17.12352,17.1282,0.00,0.00
2012.03.11 23:25:27.874,17.12352,17.12751,0.00,0.00
2012.03.11 23:25:27.934,17.12352,17.12783,0.00,0.00
2012.03.11 23:25:30.903,17.12352,17.12761,0.00,0.00
2012.03.11 23:25:30.963,17.12252,17.12761,0.00,0.00
2012.03.11 23:25:31.125,17.12252,17.12782,0.00,0.00
2012.03.11 23:25:34.644,17.12252,17.12811,0.00,0.00
2012.03.11 23:25:35.000,17.12452,17.12811,0.00,0.00
2012.03.11 23:25:36.054,17.12247,17.12811,0.00,0.00
2012.03.11 23:25:36.312,17.12252,17.12731,0.00,0.00
2012.03.11 23:25:37.889,17.12252,17.12761,0.00,0.00
2012.03.11 23:25:39.461,17.12252,17.12802,0.00,0.00
2012.03.11 23:25:39.525,17.12152,17.12802,0.00,0.00
2012.03.11 23:25:40.063,17.12152,17.12842,0.00,0.00
2012.03.11 23:25:40.654,17.12252,17.12842,0.00,0.00
2012.03.11 23:25:41.926,17.12252,17.12803,0.00,0.00
2012.03.11 23:25:44.614,17.12252,17.12843,0.00,0.00
2012.03.11 23:25:44.779,17.12256,17.12842,0.00,0.00
2012.03.11 23:25:49.536,17.12298,17.12862,0.00,0.00
2012.03.11 23:25:54.336,17.12352,17.12841,0.00,0.00
2012.03.11 23:25:54.449,17.12255,17.12841,0.00,0.00
2012.03.11 23:26:14.798,17.12252,17.12802,0.00,0.00
2012.03.11 23:26:18.340,17.12252,17.12766,0.00,0.00
2012.03.11 23:26:20.684,17.12252,17.12724,0.00,0.00
2012.03.11 23:26:23.020,17.12252,17.12693,0.00,0.00
2012.03.11 23:26:23.625,17.12252,17.12672,0.00,0.00
2012.03.11 23:26:31.843,17.12252,17.12652,0.00,0.00
2012.03.11 23:26:37.493,17.12252,17.12692,0.00,0.00
2012.03.11 23:26:51.898,17.12252,17.1265,0.00,0.00
2012.03.11 23:26:52.032,17.12152,17.1265,0.00,0.00
2012.03.11 23:26:52.423,17.12152,17.12623,0.00,0.00
2012.03.11 23:26:59.887,17.12059,17.12623,0.00,0.00
2012.03.11 23:27:00.715,17.12029,17.12615,0.00,0.00
2012.03.11 23:27:00.930,17.12029,17.12593,0.00,0.00
2012.03.11 23:27:04.335,17.12052,17.12563,0.00,0.00
2012.03.11 23:27:04.893,17.12052,17.12533,0.00,0.00
2012.03.11 23:27:04.993,17.11969,17.12533,0.00,0.00
2012.03.11 23:27:07.554,17.11952,17.12514,0.00,0.00
2012.03.11 23:27:08.405,17.12008,17.12572,0.00,0.00
2012.03.11 23:27:08.823,17.12028,17.12614,0.00,0.00
2012.03.11 23:27:10.089,17.12008,17.12614,0.00,0.00
2012.03.11 23:27:11.059,17.11998,17.12562,0.00,0.00
2012.03.11 23:27:12.898,17.1197,17.12534,0.00,0.00
2012.03.11 23:27:15.735,17.12,17.12564,0.00,0.00
2012.03.11 23:27:16.857,17.12018,17.12582,0.00,0.00
2012.03.11 23:27:17.886,17.12052,17.12602,0.00,0.00
2012.03.11 23:27:18.216,17.12059,17.12623,0.00,0.00
2012.03.11 23:27:18.735,17.12152,17.12623,0.00,0.00
2012.03.11 23:27:19.543,17.12152,17.12652,0.00,0.00
2012.03.11 23:27:19.953,17.12152,17.12621,0.00,0.00
2012.03.11 23:27:23.793,17.12057,17.12621,0.00,0.00
2012.03.11 23:27:23.998,17.12052,17.1242,0.00,0.00
2012.03.11 23:27:24.181,17.11952,17.1242,0.00,0.00
2012.03.11 23:27:24.243,17.11952,17.12402,0.00,0.00
2012.03.11 23:27:32.965,17.11952,17.12381,0.00,0.00
2012.03.11 23:27:53.736,17.11952,17.12363,0.00,0.00
2012.03.11 23:28:08.223,17.11952,17.12341,0.00,0.00
2012.03.11 23:28:11.295,17.11952,17.12321,0.00,0.00
2012.03.11 23:28:11.450,17.11852,17.12321,0.00,0.00
2012.03.11 23:28:14.664,17.11752,17.12282,0.00,0.00
2012.03.11 23:28:19.175,17.11952,17.12282,0.00,0.00
2012.03.11 23:28:19.245,17.11952,17.124,0.00,0.00
2012.03.11 23:28:19.414,17.11852,17.12359,0.00,0.00
2012.03.11 23:28:20.934,17.11757,17.12321,0.00,0.00
2012.03.11 23:28:23.629,17.11752,17.1228,0.00,0.00
2012.03.11 23:28:28.136,17.1177,17.12334,0.00,0.00
2012.03.11 23:28:28.647,17.1177,17.12148,0.00,0.00
2012.03.11 23:28:28.926,17.11552,17.11966,0.00,0.00
2012.03.11 23:28:29.813,17.11552,17.11946,0.00,0.00
2012.03.11 23:28:29.988,17.11552,17.12048,0.00,0.00
2012.03.11 23:28:30.276,17.11598,17.12162,0.00,0.00
2012.03.11 23:28:30.643,17.11642,17.12207,0.00,0.00
2012.03.11 23:28:30.817,17.11648,17.12207,0.00,0.00
2012.03.11 23:28:31.206,17.11668,17.12207,0.00,0.00
2012.03.11 23:28:31.528,17.11648,17.12237,0.00,0.00
2012.03.11 23:28:31.755,17.11668,17.12237,0.00,0.00
2012.03.11 23:28:32.613,17.1162,17.12184,0.00,0.00
2012.03.11 23:28:33.058,17.11652,17.12214,0.00,0.00
2012.03.11 23:28:33.554,17.11709,17.12257,0.00,0.00
2012.03.11 23:28:35.467,17.11659,17.12223,0.00,0.00
2012.03.11 23:28:36.050,17.11652,17.12193,0.00,0.00
2012.03.11 23:28:37.986,17.11717,17.12281,0.00,0.00
2012.03.11 23:28:40.134,17.11765,17.12387,0.00,0.00
2012.03.11 23:28:40.383,17.11765,17.12387,0.00,0.00
2012.03.11 23:28:40.443,17.11765,17.12407,0.00,0.00
2012.03.11 23:28:40.504,17.11764,17.1239,0.00,0.00
2012.03.11 23:28:40.816,17.11806,17.12392,0.00,0.00
2012.03.11 23:28:41.056,17.11842,17.12457,0.00,0.00
2012.03.11 23:28:41.184,17.11882,17.12457,0.00,0.00
2012.03.11 23:28:41.243,17.11882,17.12477,0.00,0.00
2012.03.11 23:28:41.484,17.11862,17.12477,0.00,0.00
2012.03.11 23:28:41.733,17.11864,17.1245,0.00,0.00
2012.03.11 23:28:43.443,17.11852,17.124,0.00,0.00
2012.03.11 23:28:44.206,17.11852,17.12381,0.00,0.00
2012.03.11 23:28:48.548,17.11788,17.12352,0.00,0.00
2012.03.11 23:28:50.856,17.11817,17.12381,0.00,0.00
2012.03.11 23:28:54.325,17.11752,17.12311,0.00,0.00
2012.03.11 23:28:58.141,17.11824,17.12388,0.00,0.00
2012.03.11 23:28:58.755,17.11776,17.1234,0.00,0.00
2012.03.11 23:28:59.635,17.11852,17.1238,0.00,0.00
2012.03.11 23:28:59.940,17.11952,17.12403,0.00,0.00
2012.03.11 23:29:00.961,17.11852,17.12403,0.00,0.00
2012.03.11 23:29:02.300,17.11852,17.1237,0.00,0.00
2012.03.11 23:29:03.145,17.11752,17.1229,0.00,0.00
2012.03.11 23:29:06.627,17.12052,17.12352,0.00,0.00
2012.03.11 23:29:06.695,17.12052,17.12479,0.00,0.00
2012.03.11 23:29:07.193,17.12052,17.12514,0.00,0.00
2012.03.11 23:29:07.253,17.12052,17.12539,0.00,0.00
2012.03.11 23:29:08.665,17.12052,17.12608,0.00,0.00
2012.03.11 23:29:09.083,17.12084,17.12648,0.00,0.00
2012.03.11 23:29:09.489,17.12103,17.12667,0.00,0.00
2012.03.11 23:29:09.884,17.12152,17.12704,0.00,0.00
2012.03.11 23:29:10.925,17.12164,17.12728,0.00,0.00
2012.03.11 23:29:12.254,17.12252,17.12728,0.00,0.00
2012.03.11 23:29:12.313,17.12164,17.12728,0.00,0.00
2012.03.11 23:29:12.373,17.12152,17.12708,0.00,0.00
2012.03.11 23:29:12.772,17.12105,17.12669,0.00,0.00
2012.03.11 23:29:13.320,17.12114,17.12678,0.00,0.00
2012.03.11 23:29:13.822,17.12094,17.12658,0.00,0.00
2012.03.11 23:29:17.240,17.12135,17.12741,0.00,0.00
2012.03.11 23:29:17.423,17.12119,17.12683,0.00,0.00
2012.03.11 23:29:21.515,17.12102,17.12668,0.00,0.00
2012.03.11 23:29:23.485,17.12123,17.12689,0.00,0.00
2012.03.11 23:29:25.114,17.1214,17.12704,0.00,0.00
2012.03.11 23:29:26.002,17.12156,17.12762,0.00,0.00
2012.03.11 23:29:28.604,17.12121,17.12767,0.00,0.00
2012.03.11 23:29:28.722,17.1212,17.12726,0.00,0.00
2012.03.11 23:29:29.473,17.12152,17.12718,0.00,0.00
2012.03.11 23:29:29.998,17.12137,17.12701,0.00,0.00
2012.03.11 23:29:34.256,17.12052,17.12614,0.00,0.00
2012.03.11 23:29:35.226,17.12052,17.12598,0.00,0.00
2012.03.11 23:29:41.065,17.12052,17.12574,0.00,0.00
2012.03.11 23:29:47.793,17.12052,17.12596,0.00,0.00
2012.03.11 23:29:50.968,17.12052,17.12581,0.00,0.00
2012.03.11 23:29:52.155,17.12052,17.12448,0.00,0.00
2012.03.11 23:29:54.093,17.12052,17.12582,0.00,0.00
2012.03.11 23:29:55.010,17.12052,17.12608,0.00,0.00
2012.03.11 23:29:55.365,17.12085,17.12649,0.00,0.00
2012.03.11 23:29:55.681,17.12052,17.1261,0.00,0.00
2012.03.11 23:29:56.023,17.12152,17.12648,0.00,0.00
2012.03.11 23:29:58.252,17.12152,17.12669,0.00,0.00
2012.03.11 23:29:59.618,17.11843,17.12206,0.00,0.00
2012.03.11 23:29:59.684,17.12003,17.12403,0.00,0.00
2012.03.11 23:29:59.753,17.12303,17.12603,0.00,0.00
2012.03.11 23:29:59.820,17.12161,17.12524,0.00,0.00
2012.03.11 23:29:59.882,17.12152,17.12524,0.00,0.00
2012.03.11 23:30:00.306,17.12113,17.12507,0.00,0.00
2012.03.11 23:30:00.916,17.12152,17.12528,0.00,0.00
2012.03.11 23:30:01.138,17.12152,17.12551,0.00,0.00
2012.03.11 23:30:01.358,17.12152,17.12528,0.00,0.00
2012.03.11 23:30:05.289,17.12352,17.12653,0.00,0.00
2012.03.11 23:30:05.352,17.12183,17.12592,0.00,0.00
2012.03.11 23:30:07.504,17.12252,17.12592,0.00,0.00
2012.03.11 23:30:07.623,17.12143,17.12548,0.00,0.00
2012.03.11 23:30:08.773,17.12183,17.12567,0.00,0.00
2012.03.11 23:30:10.050,17.12652,17.12953,0.00,0.00
2012.03.11 23:30:10.484,17.12652,17.13072,0.00,0.00
2012.03.11 23:30:11.929,17.12508,17.13072,0.00,0.00
2012.03.11 23:30:11.999,17.12313,17.13157,0.00,0.00
2012.03.11 23:30:12.084,17.12061,17.12361,0.00,0.00
2012.03.11 23:30:12.204,17.12352,17.1289,0.00,0.00
2012.03.11 23:30:12.557,17.12352,17.12874,0.00,0.00
2012.03.11 23:30:13.566,17.12294,17.12858,0.00,0.00
2012.03.11 23:30:14.953,17.12271,17.12835,0.00,0.00
2012.03.11 23:30:15.363,17.12291,17.12855,0.00,0.00
2012.03.11 23:30:17.487,17.12271,17.12835,0.00,0.00
2012.03.11 23:30:17.962,17.12216,17.1278,0.00,0.00
2012.03.11 23:30:18.812,17.12168,17.12732,0.00,0.00
2012.03.11 23:30:19.327,17.12173,17.12737,0.00,0.00
2012.03.11 23:30:20.389,17.12192,17.12756,0.00,0.00
2012.03.11 23:30:23.198,17.12252,17.12777,0.00,0.00
2012.03.11 23:30:32.175,17.12252,17.12739,0.00,0.00
2012.03.11 23:30:33.173,17.12252,17.1272,0.00,0.00
2012.03.11 23:30:35.053,17.12156,17.1272,0.00,0.00
2012.03.11 23:30:35.356,17.12152,17.1269,0.00,0.00
2012.03.11 23:30:36.107,17.12152,17.12709,0.00,0.00
2012.03.11 23:30:39.465,17.12186,17.1275,0.00,0.00
2012.03.11 23:30:44.234,17.12166,17.1273,0.00,0.00
2012.03.11 23:30:45.309,17.12152,17.12711,0.00,0.00
2012.03.11 23:30:47.014,17.12152,17.12691,0.00,0.00
2012.03.11 23:30:47.997,17.12176,17.1274,0.00,0.00
2012.03.11 23:30:48.390,17.12205,17.12769,0.00,0.00
2012.03.11 23:30:49.097,17.12252,17.1275,0.00,0.00
2012.03.11 23:30:49.286,17.12252,17.12774,0.00,0.00
2012.03.11 23:30:58.974,17.12252,17.12809,0.00,0.00
2012.03.11 23:31:10.708,17.12252,17.12775,0.00,0.00
2012.03.11 23:31:11.969,17.12201,17.12765,0.00,0.00
2012.03.11 23:31:12.082,17.1224,17.12826,0.00,0.00
2012.03.11 23:31:22.496,17.12273,17.12837,0.00,0.00
2012.03.11 23:31:22.802,17.12352,17.12892,0.00,0.00
2012.03.11 23:31:25.993,17.12452,17.12892,0.00,0.00
2012.03.11 23:31:26.977,17.12452,17.12909,0.00,0.00
2012.03.11 23:31:39.693,17.12452,17.12945,0.00,0.00
2012.03.11 23:31:40.993,17.12352,17.12898,0.00,0.00
2012.03.11 23:31:41.255,17.12352,17.12914,0.00,0.00
2012.03.11 23:31:46.600,17.12352,17.12873,0.00,0.00
2012.03.11 23:31:50.354,17.12276,17.1284,0.00,0.00
2012.03.11 23:31:51.818,17.12252,17.12822,0.00,0.00
2012.03.11 23:31:51.944,17.12279,17.12843,0.00,0.00
2012.03.11 23:31:53.312,17.12296,17.1286,0.00,0.00
2012.03.11 23:31:58.326,17.12276,17.1284,0.00,0.00
2012.03.11 23:31:58.756,17.12322,17.12886,0.00,0.00
2012.03.11 23:32:00.064,17.12322,17.12748,0.00,0.00
2012.03.11 23:32:00.392,17.12152,17.1255,0.00,0.00
2012.03.11 23:32:00.454,17.12152,17.12591,0.00,0.00
2012.03.11 23:32:07.363,17.12167,17.12731,0.00,0.00
2012.03.11 23:32:07.554,17.12218,17.12782,0.00,0.00
2012.03.11 23:32:08.176,17.12352,17.12782,0.00,0.00
2012.03.11 23:32:08.664,17.12352,17.12751,0.00,0.00
2012.03.11 23:32:08.723,17.12187,17.12751,0.00,0.00
2012.03.11 23:32:09.652,17.12278,17.12842,0.00,0.00
2012.03.11 23:32:09.984,17.12291,17.12877,0.00,0.00
2012.03.11 23:32:11.191,17.12322,17.12886,0.00,0.00
2012.03.11 23:32:16.993,17.12368,17.12932,0.00,0.00
2012.03.11 23:32:18.366,17.12452,17.12932,0.00,0.00
2012.03.11 23:32:18.821,17.12452,17.12953,0.00,0.00
2012.03.11 23:32:20.811,17.12452,17.12923,0.00,0.00
2012.03.11 23:32:20.921,17.12452,17.12944,0.00,0.00
2012.03.11 23:32:22.591,17.1238,17.12944,0.00,0.00
2012.03.11 23:32:22.660,17.12352,17.12913,0.00,0.00
2012.03.11 23:32:23.861,17.1238,17.12944,0.00,0.00
2012.03.11 23:32:24.399,17.12359,17.12923,0.00,0.00
2012.03.11 23:32:25.664,17.12352,17.12718,0.00,0.00
2012.03.11 23:32:25.723,17.12252,17.12718,0.00,0.00
2012.03.11 23:32:26.904,17.12154,17.12718,0.00,0.00
2012.03.11 23:32:26.963,17.12152,17.12678,0.00,0.00
2012.03.11 23:32:27.284,17.12352,17.12895,0.00,0.00
2012.03.11 23:32:27.733,17.12352,17.12915,0.00,0.00
2012.03.11 23:32:31.378,17.12398,17.12962,0.00,0.00
2012.03.11 23:32:31.704,17.12452,17.12983,0.00,0.00
2012.03.11 23:32:32.232,17.12372,17.12936,0.00,0.00
2012.03.11 23:32:32.588,17.12271,17.12917,0.00,0.00
2012.03.11 23:32:33.143,17.12251,17.12917,0.00,0.00
2012.03.11 23:32:39.458,17.12452,17.12917,0.00,0.00
2012.03.11 23:32:39.745,17.12452,17.12951,0.00,0.00
2012.03.11 23:32:49.304,17.12452,17.12972,0.00,0.00
2012.03.11 23:32:49.514,17.12452,17.12993,0.00,0.00
2012.03.11 23:32:53.359,17.12552,17.12993,0.00,0.00
2012.03.11 23:32:53.975,17.12552,17.13044,0.00,0.00
2012.03.11 23:32:54.185,17.12552,17.13024,0.00,0.00
2012.03.11 23:32:54.244,17.1246,17.13024,0.00,0.00
2012.03.11 23:32:56.852,17.12452,17.13005,0.00,0.00
2012.03.11 23:33:04.894,17.12552,17.13005,0.00,0.00
2012.03.11 23:33:04.953,17.12552,17.13053,0.00,0.00
2012.03.11 23:33:07.960,17.12452,17.12992,0.00,0.00
2012.03.11 23:33:20.753,17.12552,17.13044,0.00,0.00
2012.03.11 23:33:25.505,17.12552,17.13073,0.00,0.00
2012.03.11 23:33:25.742,17.12552,17.13053,0.00,0.00
2012.03.11 23:33:30.453,17.12552,17.13033,0.00,0.00
2012.03.11 23:33:30.693,17.12552,17.13052,0.00,0.00
2012.03.11 23:33:31.763,17.12552,17.13014,0.00,0.00
2012.03.11 23:33:32.084,17.12388,17.1289,0.00,0.00
2012.03.11 23:33:32.143,17.12352,17.1289,0.00,0.00
2012.03.11 23:33:32.285,17.12294,17.12858,0.00,0.00
2012.03.11 23:33:32.813,17.12274,17.12838,0.00,0.00
2012.03.11 23:33:33.654,17.12244,17.12808,0.00,0.00
2012.03.11 23:33:35.503,17.12205,17.12769,0.00,0.00
2012.03.11 23:33:36.422,17.12223,17.12787,0.00,0.00
2012.03.11 23:33:38.175,17.12253,17.12819,0.00,0.00
2012.03.11 23:33:39.563,17.1233,17.12894,0.00,0.00
2012.03.11 23:33:40.420,17.12452,17.12894,0.00,0.00
2012.03.11 23:33:42.390,17.12552,17.12894,0.00,0.00
2012.03.11 23:33:42.513,17.12552,17.12946,0.00,0.00
2012.03.11 23:33:44.727,17.12552,17.1301,0.00,0.00
2012.03.11 23:33:45.823,17.12552,17.13063,0.00,0.00
2012.03.11 23:33:51.613,17.12552,17.13044,0.00,0.00
2012.03.11 23:33:54.564,17.12552,17.13084,0.00,0.00
2012.03.11 23:33:56.614,17.12552,17.13105,0.00,0.00
2012.03.11 23:33:59.836,17.12552,17.13089,0.00,0.00
2012.03.11 23:34:02.017,17.12552,17.13059,0.00,0.00
2012.03.11 23:34:04.958,17.12552,17.13,0.00,0.00
2012.03.11 23:34:07.973,17.12452,17.12967,0.00,0.00
2012.03.11 23:34:08.054,17.12452,17.12931,0.00,0.00
2012.03.11 23:34:19.479,17.12552,17.12931,0.00,0.00
2012.03.11 23:34:19.543,17.12552,17.1296,0.00,0.00
2012.03.11 23:34:20.064,17.12452,17.1293,0.00,0.00
2012.03.11 23:34:35.195,17.12452,17.12954,0.00,0.00
2012.03.11 23:34:35.254,17.12552,17.12954,0.00,0.00
2012.03.11 23:34:37.010,17.12452,17.12954,0.00,0.00
2012.03.11 23:34:37.337,17.12452,17.12917,0.00,0.00
2012.03.11 23:34:49.874,17.12452,17.12901,0.00,0.00
2012.03.11 23:34:50.000,17.12352,17.12901,0.00,0.00
2012.03.11 23:34:53.615,17.12352,17.12881,0.00,0.00
2012.03.11 23:35:05.155,17.12352,17.12847,0.00,0.00
2012.03.11 23:35:05.273,17.12246,17.1281,0.00,0.00
2012.03.11 23:35:09.989,17.12252,17.12755,0.00,0.00
2012.03.11 23:35:13.498,17.12252,17.12796,0.00,0.00
2012.03.11 23:35:14.754,17.12252,17.12737,0.00,0.00
2012.03.11 23:35:18.429,17.12173,17.12737,0.00,0.00
2012.03.11 23:35:21.616,17.12214,17.12778,0.00,0.00
2012.03.11 23:35:25.286,17.12252,17.12806,0.00,0.00
2012.03.11 23:35:30.163,17.12298,17.12862,0.00,0.00
2012.03.11 23:35:30.645,17.12319,17.12883,0.00,0.00
2012.03.11 23:35:30.961,17.12396,17.1296,0.00,0.00
2012.03.11 23:35:35.216,17.12416,17.1298,0.00,0.00
2012.03.11 23:35:35.884,17.12445,17.13009,0.00,0.00
2012.03.11 23:35:38.360,17.12378,17.12942,0.00,0.00
2012.03.11 23:35:38.843,17.12336,17.12922,0.00,0.00
2012.03.11 23:35:46.714,17.12223,17.12829,0.00,0.00
2012.03.11 23:35:47.069,17.12203,17.12829,0.00,0.00
2012.03.11 23:35:47.180,17.12206,17.12792,0.00,0.00
2012.03.11 23:35:50.560,17.12185,17.12749,0.00,0.00
2012.03.11 23:35:52.644,17.12205,17.12769,0.00,0.00
2012.03.11 23:35:53.544,17.12171,17.12735,0.00,0.00
2012.03.11 23:35:57.278,17.12152,17.127,0.00,0.00
2012.03.11 23:35:57.694,17.12155,17.12719,0.00,0.00
2012.03.11 23:35:58.937,17.12201,17.12765,0.00,0.00
2012.03.11 23:36:37.928,17.12176,17.1274,0.00,0.00
2012.03.11 23:36:40.130,17.12252,17.1274,0.00,0.00
2012.03.11 23:36:40.195,17.12252,17.12764,0.00,0.00
2012.03.11 23:37:34.186,17.12352,17.12802,0.00,0.00
2012.03.11 23:37:38.645,17.12352,17.12818,0.00,0.00
2012.03.11 23:37:42.325,17.12252,17.12788,0.00,0.00
2012.03.11 23:37:42.432,17.12252,17.12769,0.00,0.00
2012.03.11 23:37:45.524,17.12252,17.12748,0.00,0.00
2012.03.11 23:37:45.588,17.12164,17.12728,0.00,0.00
2012.03.11 23:37:48.720,17.12252,17.12728,0.00,0.00
2012.03.11 23:37:48.789,17.12252,17.12748,0.00,0.00
2012.03.11 23:37:50.979,17.12252,17.12732,0.00,0.00
2012.03.11 23:37:53.213,17.12352,17.12732,0.00,0.00
2012.03.11 23:37:53.601,17.12352,17.1277,0.00,0.00
2012.03.11 23:37:59.355,17.12252,17.1277,0.00,0.00
2012.03.11 23:37:59.445,17.12252,17.12751,0.00,0.00
2012.03.11 23:37:59.943,17.12352,17.12751,0.00,0.00
2012.03.11 23:38:00.464,17.12352,17.12772,0.00,0.00
2012.03.11 23:38:01.817,17.12352,17.12751,0.00,0.00
2012.03.11 23:38:01.883,17.12252,17.12751,0.00,0.00
2012.03.11 23:38:10.879,17.12187,17.12751,0.00,0.00
2012.03.11 23:38:10.955,17.12165,17.12729,0.00,0.00
2012.03.11 23:38:11.554,17.12152,17.1271,0.00,0.00
2012.03.11 23:38:27.845,17.12159,17.12723,0.00,0.00
2012.03.11 23:38:31.913,17.12252,17.12723,0.00,0.00
2012.03.11 23:38:31.975,17.12252,17.1275,0.00,0.00
2012.03.11 23:38:33.044,17.12452,17.12752,0.00,0.00
2012.03.11 23:38:33.155,17.12292,17.12794,0.00,0.00
2012.03.11 23:38:33.213,17.12252,17.12794,0.00,0.00
2012.03.11 23:38:42.486,17.12252,17.12815,0.00,0.00
2012.03.11 23:38:43.980,17.12352,17.12815,0.00,0.00
2012.03.11 23:38:46.166,17.12352,17.1279,0.00,0.00
2012.03.11 23:38:46.230,17.12252,17.1279,0.00,0.00
2012.03.11 23:38:52.717,17.12279,17.12843,0.00,0.00
2012.03.11 23:38:54.283,17.12352,17.12843,0.00,0.00
2012.03.11 23:39:05.014,17.12352,17.12788,0.00,0.00
2012.03.11 23:39:05.074,17.12252,17.12788,0.00,0.00
2012.03.11 23:39:15.335,17.12253,17.12817,0.00,0.00
2012.03.11 23:39:17.109,17.12452,17.12817,0.00,0.00
2012.03.11 23:39:17.239,17.12452,17.12865,0.00,0.00
2012.03.11 23:39:28.795,17.12452,17.12887,0.00,0.00
2012.03.11 23:39:31.015,17.12452,17.12868,0.00,0.00
2012.03.11 23:39:31.184,17.12352,17.12868,0.00,0.00
2012.03.11 23:39:50.290,17.12352,17.12911,0.00,0.00
2012.03.11 23:39:54.924,17.12398,17.12962,0.00,0.00
2012.03.11 23:40:02.444,17.12452,17.12982,0.00,0.00
2012.03.11 23:40:52.618,17.12752,17.13052,0.00,0.00
2012.03.11 23:40:52.684,17.12752,17.13087,0.00,0.00
2012.03.11 23:40:52.746,17.12752,17.13181,0.00,0.00
2012.03.11 23:41:04.662,17.12752,17.132,0.00,0.00
2012.03.11 23:41:30.355,17.12752,17.13267,0.00,0.00
2012.03.11 23:41:30.533,17.13152,17.13452,0.00,0.00
2012.03.11 23:41:30.597,17.13152,17.13575,0.00,0.00
2012.03.11 23:41:32.094,17.13052,17.13575,0.00,0.00
2012.03.11 23:41:32.257,17.12797,17.13299,0.00,0.00
2012.03.11 23:41:32.449,17.13052,17.13556,0.00,0.00
2012.03.11 23:41:32.888,17.12797,17.13299,0.00,0.00
2012.03.11 23:41:33.995,17.13052,17.1352,0.00,0.00
2012.03.11 23:41:40.095,17.13052,17.135,0.00,0.00
2012.03.11 23:41:40.263,17.13052,17.13541,0.00,0.00
2012.03.11 23:41:40.482,17.13052,17.13521,0.00,0.00
2012.03.11 23:41:41.014,17.13052,17.13454,0.00,0.00
2012.03.11 23:42:07.702,17.13052,17.13462,0.00,0.00
2012.03.11 23:42:11.565,17.13052,17.13491,0.00,0.00
2012.03.11 23:42:11.714,17.13052,17.13461,0.00,0.00
2012.03.11 23:42:18.316,17.13052,17.13492,0.00,0.00
2012.03.11 23:42:39.715,17.13052,17.13545,0.00,0.00
2012.03.11 23:42:39.835,17.13052,17.13524,0.00,0.00
2012.03.11 23:42:43.716,17.13052,17.13458,0.00,0.00
2012.03.11 23:42:45.505,17.12894,17.13458,0.00,0.00
2012.03.11 23:42:45.697,17.12752,17.13311,0.00,0.00
2012.03.11 23:42:46.973,17.12703,17.13267,0.00,0.00
2012.03.11 23:42:47.505,17.12652,17.1321,0.00,0.00
2012.03.11 23:42:49.466,17.12667,17.13231,0.00,0.00
2012.03.11 23:42:53.817,17.12652,17.1319,0.00,0.00
2012.03.11 23:42:59.004,17.12552,17.13112,0.00,0.00
2012.03.11 23:43:14.431,17.12652,17.13112,0.00,0.00
2012.03.11 23:43:14.519,17.12652,17.13146,0.00,0.00
2012.03.11 23:43:33.395,17.12652,17.13113,0.00,0.00
2012.03.11 23:43:33.617,17.12652,17.13156,0.00,0.00
2012.03.11 23:43:39.235,17.12652,17.13196,0.00,0.00
2012.03.11 23:44:06.744,17.12594,17.13158,0.00,0.00
2012.03.11 23:44:38.868,17.12652,17.13174,0.00,0.00
2012.03.11 23:45:03.524,17.12652,17.13175,0.00,0.00
2012.03.11 23:45:06.502,17.12652,17.13195,0.00,0.00
2012.03.11 23:45:17.076,17.12652,17.13211,0.00,0.00
2012.03.11 23:46:17.157,17.12652,17.13327,0.00,0.00
2012.03.11 23:46:21.374,17.12652,17.1312,0.00,0.00
2012.03.11 23:46:21.444,17.12556,17.1312,0.00,0.00
2012.03.11 23:46:21.504,17.12538,17.13102,0.00,0.00
2012.03.11 23:46:26.355,17.12546,17.13152,0.00,0.00
2012.03.11 23:46:26.462,17.12538,17.13102,0.00,0.00
2012.03.11 23:46:35.509,17.12545,17.13151,0.00,0.00
2012.03.11 23:46:35.627,17.12538,17.13102,0.00,0.00
2012.03.11 23:47:35.836,17.12452,17.13267,0.00,0.00
2012.03.11 23:47:41.931,17.12452,17.13217,0.00,0.00
2012.03.11 23:47:42.322,17.12478,17.13042,0.00,0.00
2012.03.11 23:47:48.492,17.12497,17.13061,0.00,0.00
2012.03.11 23:48:08.325,17.1256,17.13124,0.00,0.00
2012.03.11 23:48:16.834,17.12552,17.13074,0.00,0.00
2012.03.11 23:49:17.203,17.12552,17.13207,0.00,0.00
2012.03.11 23:49:19.846,17.12552,17.13247,0.00,0.00
2012.03.11 23:49:20.017,17.12552,17.13103,0.00,0.00
2012.03.11 23:49:28.767,17.12552,17.13074,0.00,0.00
2012.03.11 23:49:33.296,17.12538,17.13102,0.00,0.00
2012.03.11 23:49:49.903,17.12476,17.1304,0.00,0.00
2012.03.11 23:50:23.595,17.12456,17.1302,0.00,0.00
2012.03.11 23:50:24.785,17.12452,17.13,0.00,0.00
2012.03.11 23:50:25.623,17.1242,17.12984,0.00,0.00
2012.03.11 23:50:28.122,17.12451,17.13015,0.00,0.00
2012.03.11 23:50:28.992,17.12435,17.12999,0.00,0.00
2012.03.11 23:50:39.820,17.12452,17.13016,0.00,0.00
2012.03.11 23:50:42.404,17.12432,17.12996,0.00,0.00
2012.03.11 23:50:44.905,17.12411,17.12975,0.00,0.00
2012.03.11 23:50:45.595,17.12389,17.12953,0.00,0.00
2012.03.11 23:50:46.228,17.1241,17.12974,0.00,0.00
2012.03.11 23:51:05.235,17.12452,17.12996,0.00,0.00
2012.03.11 23:51:06.411,17.12411,17.12975,0.00,0.00
2012.03.11 23:51:16.315,17.1239,17.12954,0.00,0.00
2012.03.11 23:51:44.633,17.1241,17.12974,0.00,0.00
2012.03.11 23:51:46.983,17.12452,17.13004,0.00,0.00
2012.03.11 23:51:51.399,17.12418,17.12982,0.00,0.00
2012.03.11 23:51:55.878,17.12452,17.13014,0.00,0.00
2012.03.11 23:51:57.141,17.12452,17.12993,0.00,0.00
2012.03.11 23:52:02.918,17.1245,17.13014,0.00,0.00
2012.03.11 23:52:04.255,17.1248,17.13044,0.00,0.00
2012.03.11 23:52:06.876,17.12436,17.13,0.00,0.00
2012.03.11 23:52:12.645,17.12471,17.13035,0.00,0.00
2012.03.11 23:52:14.701,17.12452,17.13003,0.00,0.00
2012.03.11 23:52:31.344,17.1246,17.13024,0.00,0.00
2012.03.11 23:52:34.049,17.12438,17.13002,0.00,0.00
2012.03.11 23:52:42.855,17.12469,17.13033,0.00,0.00
2012.03.11 23:52:43.184,17.12452,17.13013,0.00,0.00
2012.03.11 23:52:44.697,17.12429,17.12993,0.00,0.00
2012.03.11 23:53:11.473,17.12471,17.13035,0.00,0.00
2012.03.11 23:53:12.365,17.12492,17.13056,0.00,0.00
2012.03.11 23:53:17.275,17.12463,17.13027,0.00,0.00
2012.03.11 23:53:17.825,17.12493,17.13057,0.00,0.00
2012.03.11 23:53:18.618,17.12552,17.13097,0.00,0.00
2012.03.11 23:53:19.002,17.12493,17.13057,0.00,0.00
2012.03.11 23:53:20.786,17.12474,17.13038,0.00,0.00
2012.03.11 23:53:27.778,17.12494,17.13058,0.00,0.00
2012.03.11 23:53:32.366,17.12447,17.13011,0.00,0.00
2012.03.11 23:53:36.804,17.12431,17.12995,0.00,0.00
2012.03.11 23:53:50.172,17.12482,17.13046,0.00,0.00
2012.03.11 23:53:53.442,17.12452,17.1301,0.00,0.00
2012.03.11 23:53:56.835,17.12462,17.13026,0.00,0.00
2012.03.11 23:53:57.275,17.12483,17.13047,0.00,0.00
2012.03.11 23:53:57.782,17.12452,17.13012,0.00,0.00
2012.03.11 23:53:59.686,17.12464,17.13028,0.00,0.00
2012.03.11 23:54:00.001,17.12443,17.13007,0.00,0.00
2012.03.11 23:54:03.639,17.12463,17.13027,0.00,0.00
2012.03.11 23:54:06.026,17.12493,17.13057,0.00,0.00
2012.03.11 23:54:07.739,17.12477,17.13041,0.00,0.00
2012.03.11 23:54:08.745,17.12457,17.13021,0.00,0.00
2012.03.11 23:54:14.065,17.12503,17.13067,0.00,0.00
2012.03.11 23:54:16.795,17.12752,17.13067,0.00,0.00
2012.03.11 23:54:16.855,17.12752,17.1319,0.00,0.00
2012.03.11 23:54:17.161,17.12626,17.1319,0.00,0.00
2012.03.11 23:54:17.284,17.12552,17.13071,0.00,0.00
2012.03.11 23:54:17.696,17.12527,17.13091,0.00,0.00
2012.03.11 23:54:18.194,17.12507,17.13071,0.00,0.00
2012.03.11 23:54:21.526,17.12482,17.13046,0.00,0.00
2012.03.11 23:54:22.488,17.12446,17.1301,0.00,0.00
2012.03.11 23:54:41.507,17.12462,17.13026,0.00,0.00
2012.03.11 23:54:51.267,17.12446,17.1301,0.00,0.00
2012.03.11 23:54:52.444,17.12484,17.13048,0.00,0.00
2012.03.11 23:54:52.945,17.12552,17.13068,0.00,0.00
2012.03.11 23:54:58.576,17.12569,17.13133,0.00,0.00
2012.03.11 23:55:02.567,17.12606,17.1317,0.00,0.00
2012.03.11 23:55:03.006,17.12567,17.13131,0.00,0.00
2012.03.11 23:55:06.493,17.12594,17.13158,0.00,0.00
2012.03.11 23:55:08.999,17.12584,17.13148,0.00,0.00
2012.03.11 23:55:12.502,17.12636,17.132,0.00,0.00
2012.03.11 23:55:15.068,17.12752,17.132,0.00,0.00
2012.03.11 23:55:15.137,17.12752,17.13233,0.00,0.00
2012.03.11 23:55:16.291,17.12669,17.13233,0.00,0.00
2012.03.11 23:55:16.372,17.12652,17.13203,0.00,0.00
2012.03.11 23:55:16.976,17.12677,17.13241,0.00,0.00
2012.03.11 23:55:19.156,17.12652,17.13203,0.00,0.00
2012.03.11 23:55:21.830,17.12652,17.13164,0.00,0.00
2012.03.11 23:55:23.225,17.12629,17.13193,0.00,0.00
2012.03.11 23:55:23.860,17.12588,17.13152,0.00,0.00
2012.03.11 23:55:27.463,17.12652,17.13152,0.00,0.00
2012.03.11 23:55:27.525,17.12652,17.13181,0.00,0.00
2012.03.11 23:55:31.687,17.12659,17.13223,0.00,0.00
2012.03.11 23:55:35.147,17.12652,17.13187,0.00,0.00
2012.03.11 23:55:36.602,17.12664,17.13228,0.00,0.00
2012.03.11 23:55:43.275,17.12752,17.13228,0.00,0.00
2012.03.11 23:55:43.395,17.12752,17.13258,0.00,0.00
2012.03.11 23:55:52.473,17.12752,17.13278,0.00,0.00
2012.03.11 23:55:52.936,17.12852,17.13278,0.00,0.00
2012.03.11 23:55:58.947,17.12852,17.13274,0.00,0.00
2012.03.11 23:56:22.568,17.12852,17.13305,0.00,0.00
2012.03.11 23:56:41.135,17.12752,17.13305,0.00,0.00
2012.03.11 23:56:41.305,17.12752,17.13266,0.00,0.00
2012.03.11 23:56:41.734,17.12752,17.13246,0.00,0.00
2012.03.11 23:56:44.456,17.12852,17.13277,0.00,0.00
2012.03.11 23:56:46.094,17.12852,17.13246,0.00,0.00
2012.03.11 23:56:46.163,17.12752,17.13246,0.00,0.00
2012.03.11 23:56:46.309,17.12752,17.13267,0.00,0.00
2012.03.11 23:57:32.628,17.12752,17.13283,0.00,0.00
2012.03.11 23:57:53.962,17.12752,17.13312,0.00,0.00
2012.03.11 23:57:54.513,17.12852,17.13312,0.00,0.00
2012.03.11 23:57:56.012,17.12852,17.13286,0.00,0.00
2012.03.11 23:57:56.092,17.12752,17.13286,0.00,0.00
2012.03.11 23:58:00.311,17.12752,17.13302,0.00,0.00
2012.03.11 23:58:33.235,17.12701,17.13265,0.00,0.00
2012.03.11 23:58:36.832,17.12698,17.13262,0.00,0.00
2012.03.11 23:58:45.875,17.12752,17.1329,0.00,0.00
2012.03.11 23:58:46.554,17.12752,17.13291,0.00,0.00
2012.03.11 23:58:46.975,17.12752,17.1326,0.00,0.00
2012.03.11 23:58:48.847,17.12701,17.13265,0.00,0.00
2012.03.11 23:58:52.279,17.12677,17.13241,0.00,0.00
2012.03.11 23:58:58.876,17.12652,17.13211,0.00,0.00
2012.03.11 23:59:00.681,17.12736,17.133,0.00,0.00
2012.03.11 23:59:01.411,17.12852,17.13322,0.00,0.00
2012.03.11 23:59:04.505,17.12852,17.13345,0.00,0.00
2012.03.11 23:59:04.688,17.12952,17.13345,0.00,0.00
2012.03.11 23:59:10.393,17.12952,17.13372,0.00,0.00
2012.03.11 23:59:10.596,17.12952,17.13345,0.00,0.00
2012.03.11 23:59:10.725,17.12781,17.13345,0.00,0.00
2012.03.11 23:59:11.146,17.12752,17.1329,0.00,0.00
2012.03.11 23:59:13.562,17.12952,17.1329,0.00,0.00
2012.03.11 23:59:13.634,17.12952,17.13345,0.00,0.00
2012.03.11 23:59:20.805,17.12952,17.13344,0.00,0.00
2012.03.11 23:59:25.264,17.12852,17.13344,0.00,0.00
2012.03.11 23:59:25.326,17.12852,17.13319,0.00,0.00
2012.03.11 23:59:29.077,17.12852,17.1332,0.00,0.00
2012.03.11 23:59:39.087,17.127,17.13264,0.00,0.00
2012.03.11 23:59:39.145,17.12665,17.13229,0.00,0.00
2012.03.11 23:59:39.527,17.12652,17.13187,0.00,0.00
2012.03.11 23:59:40.736,17.12765,17.13329,0.00,0.00
2012.03.11 23:59:41.276,17.12664,17.13228,0.00,0.00
2012.03.11 23:59:42.027,17.12652,17.13207,0.00,0.00
2012.03.11 23:59:42.826,17.1268,17.13244,0.00,0.00
2012.03.11 23:59:43.192,17.12712,17.13276,0.00,0.00
2012.03.11 23:59:43.651,17.12652,17.13188,0.00,0.00
2012.03.11 23:59:44.185,17.12752,17.13188,0.00,0.00
2012.03.11 23:59:44.327,17.12752,17.13225,0.00,0.00
2012.03.11 23:59:44.393,17.12661,17.13225,0.00,0.00
2012.03.11 23:59:44.456,17.12664,17.13228,0.00,0.00
2012.03.11 23:59:45.315,17.12725,17.13289,0.00,0.00
2012.03.11 23:59:46.035,17.12811,17.13375,0.00,0.00
2012.03.11 23:59:46.413,17.13052,17.13375,0.00,0.00
2012.03.11 23:59:46.535,17.13052,17.13451,0.00,0.00
2012.03.11 23:59:47.036,17.13052,17.1349,0.00,0.00
2012.03.11 23:59:47.625,17.13052,17.13521,0.00,0.00
2012.03.11 23:59:48.058,17.13152,17.13521,0.00,0.00
2012.03.11 23:59:48.324,17.13152,17.13552,0.00,0.00
2012.03.11 23:59:48.388,17.13052,17.13552,0.00,0.00
2012.03.11 23:59:49.181,17.13052,17.13568,0.00,0.00
2012.03.11 23:59:49.389,17.13052,17.1359,0.00,0.00
2012.03.11 23:59:49.708,17.13152,17.1359,0.00,0.00
2012.03.11 23:59:49.779,17.13152,17.1361,0.00,0.00
2012.03.11 23:59:50.721,17.13152,17.13589,0.00,0.00
