2011.06.14 05:00:00.048,15.20355,15.20711,0.00,0.00
2011.06.14 05:00:00.256,15.20402,15.20738,0.00,0.00
2011.06.14 05:00:00.369,15.20409,15.20757,0.00,0.00
2011.06.14 05:00:00.476,15.20404,15.20761,0.00,0.00
2011.06.14 05:00:00.809,15.20425,15.20725,0.00,0.00
2011.06.14 05:00:01.046,15.20427,15.20744,0.00,0.00
2011.06.14 05:00:01.376,15.20409,15.20825,0.00,0.00
2011.06.14 05:00:01.488,15.20487,15.20813,0.00,0.00
2011.06.14 05:00:01.707,15.20487,15.20864,0.00,0.00
2011.06.14 05:00:04.787,15.20524,15.20872,0.00,0.00
2011.06.14 05:00:05.037,15.20522,15.2092,0.00,0.00
2011.06.14 05:00:05.146,15.20566,15.20914,0.00,0.00
2011.06.14 05:00:11.762,15.20583,15.20911,0.00,0.00
2011.06.14 05:00:22.967,15.20576,15.20922,0.00,0.00
2011.06.14 05:00:40.667,15.20583,15.20919,0.00,0.00
2011.06.14 05:00:47.262,15.20581,15.20927,0.00,0.00
2011.06.14 05:01:05.406,15.20539,15.20943,0.00,0.00
2011.06.14 05:01:05.833,15.20544,15.2087,0.00,0.00
2011.06.14 05:01:09.636,15.20524,15.20832,0.00,0.00
2011.06.14 05:01:09.746,15.20492,15.2083,0.00,0.00
2011.06.14 05:01:09.865,15.20491,15.20837,0.00,0.00
2011.06.14 05:01:14.081,15.20488,15.20884,0.00,0.00
2011.06.14 05:01:16.747,15.20518,15.20896,0.00,0.00
2011.06.14 05:01:17.007,15.20505,15.20903,0.00,0.00
2011.06.14 05:01:22.077,15.20448,15.20888,0.00,0.00
2011.06.14 05:01:24.357,15.20475,15.20775,0.00,0.00
2011.06.14 05:01:24.467,15.20432,15.2076,0.00,0.00
2011.06.14 05:01:24.576,15.20361,15.20777,0.00,0.00
2011.06.14 05:01:24.686,15.20353,15.20741,0.00,0.00
2011.06.14 05:01:24.796,15.20316,15.20756,0.00,0.00
2011.06.14 05:01:25.016,15.20333,15.20741,0.00,0.00
2011.06.14 05:01:29.506,15.2035,15.20744,0.00,0.00
2011.06.14 05:01:29.728,15.20357,15.20753,0.00,0.00
2011.06.14 05:01:31.632,15.20325,15.20761,0.00,0.00
2011.06.14 05:01:34.487,15.20323,15.20717,0.00,0.00
2011.06.14 05:01:41.798,15.20312,15.20709,0.00,0.00
2011.06.14 05:01:42.146,15.20328,15.20726,0.00,0.00
2011.06.14 05:01:42.498,15.20358,15.20712,0.00,0.00
2011.06.14 05:01:45.332,15.20346,15.2073,0.00,0.00
2011.06.14 05:01:46.346,15.2036,15.20736,0.00,0.00
2011.06.14 05:01:46.566,15.20359,15.20755,0.00,0.00
2011.06.14 05:01:46.857,15.20332,15.20772,0.00,0.00
2011.06.14 05:01:47.152,15.20326,15.20762,0.00,0.00
2011.06.14 05:01:48.518,15.20331,15.20725,0.00,0.00
2011.06.14 05:01:51.520,15.2034,15.20684,0.00,0.00
2011.06.14 05:01:51.629,15.20328,15.20675,0.00,0.00
2011.06.14 05:01:52.887,15.20306,15.2068,0.00,0.00
2011.06.14 05:01:53.332,15.20297,15.20691,0.00,0.00
2011.06.14 05:01:54.926,15.20332,15.2068,0.00,0.00
2011.06.14 05:01:55.039,15.20311,15.20709,0.00,0.00
2011.06.14 05:02:00.606,15.20285,15.20723,0.00,0.00
2011.06.14 05:02:03.162,15.20277,15.20717,0.00,0.00
2011.06.14 05:02:03.507,15.20304,15.20701,0.00,0.00
2011.06.14 05:02:05.896,15.20331,15.20727,0.00,0.00
2011.06.14 05:02:06.376,15.20385,15.20731,0.00,0.00
2011.06.14 05:02:07.806,15.20353,15.20793,0.00,0.00
2011.06.14 05:02:07.917,15.20361,15.20757,0.00,0.00
2011.06.14 05:02:08.026,15.20319,15.20759,0.00,0.00
2011.06.14 05:02:08.138,15.2032,15.20734,0.00,0.00
2011.06.14 05:02:10.046,15.20322,15.20706,0.00,0.00
2011.06.14 05:02:12.202,15.20325,15.20679,0.00,0.00
2011.06.14 05:02:15.747,15.20308,15.20656,0.00,0.00
2011.06.14 05:02:15.966,15.20234,15.20674,0.00,0.00
2011.06.14 05:02:16.083,15.20257,15.20633,0.00,0.00
2011.06.14 05:02:17.567,15.20302,15.20608,0.00,0.00
2011.06.14 05:02:17.712,15.203,15.20636,0.00,0.00
2011.06.14 05:02:18.252,15.20296,15.20662,0.00,0.00
2011.06.14 05:02:25.315,15.20295,15.20671,0.00,0.00
2011.06.14 05:02:43.854,15.20297,15.20663,0.00,0.00
2011.06.14 05:02:45.096,15.20275,15.20669,0.00,0.00
2011.06.14 05:02:45.206,15.20272,15.20656,0.00,0.00
2011.06.14 05:02:45.849,15.20267,15.20641,0.00,0.00
2011.06.14 05:02:48.339,15.20231,15.20648,0.00,0.00
2011.06.14 05:02:48.447,15.20239,15.20616,0.00,0.00
2011.06.14 05:02:48.574,15.2022,15.20616,0.00,0.00
2011.06.14 05:02:52.527,15.20227,15.20575,0.00,0.00
2011.06.14 05:02:56.178,15.20183,15.20587,0.00,0.00
2011.06.14 05:02:56.285,15.20155,15.20595,0.00,0.00
2011.06.14 05:02:57.528,15.20156,15.20578,0.00,0.00
2011.06.14 05:02:58.804,15.20155,15.20567,0.00,0.00
2011.06.14 05:03:00.010,15.20153,15.20555,0.00,0.00
2011.06.14 05:03:01.208,15.20167,15.20539,0.00,0.00
2011.06.14 05:03:01.869,15.2014,15.20562,0.00,0.00
2011.06.14 05:03:03.528,15.20154,15.20526,0.00,0.00
2011.06.14 05:03:08.909,15.20125,15.20529,0.00,0.00
2011.06.14 05:03:09.296,15.20101,15.20523,0.00,0.00
2011.06.14 05:03:12.508,15.20111,15.20483,0.00,0.00
2011.06.14 05:03:15.767,15.20096,15.2048,0.00,0.00
2011.06.14 05:03:17.577,15.20091,15.20487,0.00,0.00
2011.06.14 05:03:17.703,15.20123,15.20487,0.00,0.00
2011.06.14 05:03:24.067,15.20143,15.2052,0.00,0.00
2011.06.14 05:03:24.279,15.20189,15.20535,0.00,0.00
2011.06.14 05:03:27.008,15.20174,15.20614,0.00,0.00
2011.06.14 05:03:29.666,15.20216,15.20613,0.00,0.00
2011.06.14 05:03:44.406,15.20226,15.2062,0.00,0.00
2011.06.14 05:03:49.686,15.20232,15.20618,0.00,0.00
2011.06.14 05:03:49.796,15.2023,15.20626,0.00,0.00
2011.06.14 05:03:54.036,15.20245,15.20641,0.00,0.00
2011.06.14 05:03:55.166,15.20262,15.20659,0.00,0.00
2011.06.14 05:04:07.788,15.20262,15.2066,0.00,0.00
2011.06.14 05:04:08.006,15.20235,15.20673,0.00,0.00
2011.06.14 05:04:08.116,15.20228,15.20668,0.00,0.00
2011.06.14 05:04:10.458,15.20254,15.2065,0.00,0.00
2011.06.14 05:04:10.984,15.20264,15.20662,0.00,0.00
2011.06.14 05:04:16.036,15.20262,15.2066,0.00,0.00
2011.06.14 05:04:16.146,15.20232,15.20672,0.00,0.00
2011.06.14 05:04:16.256,15.20214,15.2065,0.00,0.00
2011.06.14 05:04:17.307,15.20188,15.20628,0.00,0.00
2011.06.14 05:04:21.448,15.20196,15.20592,0.00,0.00
2011.06.14 05:04:32.356,15.20166,15.20606,0.00,0.00
2011.06.14 05:04:32.808,15.20173,15.20569,0.00,0.00
2011.06.14 05:04:33.026,15.20136,15.20576,0.00,0.00
2011.06.14 05:04:33.138,15.20136,15.20564,0.00,0.00
2011.06.14 05:04:35.801,15.20127,15.20567,0.00,0.00
2011.06.14 05:04:36.551,15.20125,15.20553,0.00,0.00
2011.06.14 05:04:39.549,15.20126,15.20522,0.00,0.00
2011.06.14 05:04:46.377,15.20121,15.20493,0.00,0.00
2011.06.14 05:04:46.489,15.2008,15.20502,0.00,0.00
2011.06.14 05:04:46.596,15.20078,15.20492,0.00,0.00
2011.06.14 05:04:49.558,15.20086,15.2049,0.00,0.00
2011.06.14 05:04:52.359,15.20129,15.20475,0.00,0.00
2011.06.14 05:04:52.467,15.2012,15.20496,0.00,0.00
2011.06.14 05:04:54.616,15.2011,15.20482,0.00,0.00
2011.06.14 05:04:54.726,15.20073,15.20477,0.00,0.00
2011.06.14 05:04:54.876,15.20078,15.20432,0.00,0.00
2011.06.14 05:04:57.198,15.20029,15.20451,0.00,0.00
2011.06.14 05:04:57.468,15.20018,15.20432,0.00,0.00
2011.06.14 05:04:58.141,15.20004,15.20398,0.00,0.00
2011.06.14 05:05:00.338,15.19957,15.20385,0.00,0.00
2011.06.14 05:05:00.557,15.19927,15.20367,0.00,0.00
2011.06.14 05:05:00.721,15.19928,15.20324,0.00,0.00
2011.06.14 05:05:00.827,15.199,15.20326,0.00,0.00
2011.06.14 05:05:01.405,15.19894,15.20334,0.00,0.00
2011.06.14 05:05:05.591,15.19925,15.20321,0.00,0.00
2011.06.14 05:05:08.951,15.1993,15.20324,0.00,0.00
2011.06.14 05:05:24.514,15.1993,15.20327,0.00,0.00
2011.06.14 05:05:25.266,15.19932,15.20326,0.00,0.00
2011.06.14 05:05:34.177,15.19933,15.2033,0.00,0.00
2011.06.14 05:05:34.364,15.19946,15.2033,0.00,0.00
2011.06.14 05:05:39.911,15.19971,15.20335,0.00,0.00
2011.06.14 05:05:43.587,15.20016,15.2035,0.00,0.00
2011.06.14 05:05:43.816,15.1999,15.2043,0.00,0.00
2011.06.14 05:05:45.156,15.20005,15.20431,0.00,0.00
2011.06.14 05:05:48.345,15.20035,15.20431,0.00,0.00
2011.06.14 05:05:48.488,15.20032,15.20472,0.00,0.00
2011.06.14 05:05:50.487,15.20059,15.20455,0.00,0.00
2011.06.14 05:05:54.284,15.20026,15.20466,0.00,0.00
2011.06.14 05:05:56.549,15.20034,15.20431,0.00,0.00
2011.06.14 05:06:00.179,15.2002,15.20417,0.00,0.00
2011.06.14 05:06:00.397,15.19983,15.20423,0.00,0.00
2011.06.14 05:06:00.997,15.19976,15.20402,0.00,0.00
2011.06.14 05:06:03.247,15.19975,15.20371,0.00,0.00
2011.06.14 05:06:03.357,15.19941,15.20377,0.00,0.00
2011.06.14 05:06:03.467,15.19925,15.20365,0.00,0.00
2011.06.14 05:06:06.517,15.19937,15.20333,0.00,0.00
2011.06.14 05:06:32.191,15.19936,15.20322,0.00,0.00
2011.06.14 05:06:45.871,15.19928,15.20325,0.00,0.00
2011.06.14 05:07:04.717,15.19925,15.20329,0.00,0.00
2011.06.14 05:07:06.606,15.19894,15.20388,0.00,0.00
2011.06.14 05:07:16.243,15.19969,15.20357,0.00,0.00
2011.06.14 05:07:17.689,15.19983,15.20379,0.00,0.00
2011.06.14 05:07:22.172,15.20027,15.20373,0.00,0.00
2011.06.14 05:07:22.430,15.20033,15.20409,0.00,0.00
2011.06.14 05:07:23.297,15.20061,15.20459,0.00,0.00
2011.06.14 05:07:37.017,15.20162,15.2047,0.00,0.00
2011.06.14 05:07:37.237,15.20191,15.20537,0.00,0.00
2011.06.14 05:07:43.487,15.20208,15.20605,0.00,0.00
2011.06.14 05:07:43.596,15.20241,15.20637,0.00,0.00
2011.06.14 05:07:44.647,15.20273,15.20671,0.00,0.00
2011.06.14 05:07:48.667,15.20325,15.20671,0.00,0.00
2011.06.14 05:07:48.777,15.20312,15.20708,0.00,0.00
2011.06.14 05:07:52.824,15.20291,15.20719,0.00,0.00
2011.06.14 05:07:53.077,15.20277,15.20717,0.00,0.00
2011.06.14 05:07:55.496,15.20298,15.20694,0.00,0.00
2011.06.14 05:07:58.353,15.20333,15.20681,0.00,0.00
2011.06.14 05:07:58.466,15.20321,15.20719,0.00,0.00
2011.06.14 05:08:00.870,15.20327,15.20721,0.00,0.00
2011.06.14 05:08:01.827,15.20323,15.20709,0.00,0.00
2011.06.14 05:08:01.937,15.20276,15.20714,0.00,0.00
2011.06.14 05:08:03.977,15.20268,15.20664,0.00,0.00
2011.06.14 05:08:04.345,15.20254,15.2065,0.00,0.00
2011.06.14 05:08:13.059,15.20291,15.20637,0.00,0.00
2011.06.14 05:08:30.315,15.20319,15.20647,0.00,0.00
2011.06.14 05:08:30.427,15.20274,15.20712,0.00,0.00
2011.06.14 05:08:30.647,15.20289,15.20717,0.00,0.00
2011.06.14 05:08:31.796,15.20326,15.20704,0.00,0.00
2011.06.14 05:08:32.880,15.20324,15.20721,0.00,0.00
2011.06.14 05:08:33.961,15.20329,15.20715,0.00,0.00
2011.06.14 05:08:34.666,15.20323,15.20717,0.00,0.00
2011.06.14 05:08:34.777,15.20315,15.20712,0.00,0.00
2011.06.14 05:08:34.887,15.20281,15.20721,0.00,0.00
2011.06.14 05:08:34.996,15.2028,15.20696,0.00,0.00
2011.06.14 05:08:37.453,15.20271,15.20667,0.00,0.00
2011.06.14 05:09:08.238,15.20274,15.2062,0.00,0.00
2011.06.14 05:09:08.348,15.2023,15.20626,0.00,0.00
2011.06.14 05:09:08.568,15.20231,15.20605,0.00,0.00
2011.06.14 05:09:12.925,15.20236,15.20604,0.00,0.00
2011.06.14 05:09:13.038,15.20232,15.20628,0.00,0.00
2011.06.14 05:09:16.281,15.20266,15.20654,0.00,0.00
2011.06.14 05:09:23.284,15.20355,15.20655,0.00,0.00
2011.06.14 05:09:23.399,15.20387,15.20693,0.00,0.00
2011.06.14 05:09:23.618,15.20375,15.20771,0.00,0.00
2011.06.14 05:09:24.098,15.20424,15.2077,0.00,0.00
2011.06.14 05:09:24.209,15.20411,15.20799,0.00,0.00
2011.06.14 05:09:24.569,15.20379,15.20815,0.00,0.00
2011.06.14 05:09:24.788,15.20385,15.20782,0.00,0.00
2011.06.14 05:09:29.569,15.2037,15.20724,0.00,0.00
2011.06.14 05:09:33.488,15.20278,15.20716,0.00,0.00
2011.06.14 05:09:33.598,15.20281,15.20677,0.00,0.00
2011.06.14 05:09:33.821,15.20277,15.20671,0.00,0.00
2011.06.14 05:09:35.330,15.20285,15.20671,0.00,0.00
2011.06.14 05:09:35.440,15.20285,15.20691,0.00,0.00
2011.06.14 05:09:35.879,15.20283,15.20721,0.00,0.00
2011.06.14 05:09:36.208,15.20326,15.20712,0.00,0.00
2011.06.14 05:09:36.318,15.20335,15.20733,0.00,0.00
2011.06.14 05:09:42.942,15.20332,15.20772,0.00,0.00
2011.06.14 05:09:43.049,15.20369,15.20765,0.00,0.00
2011.06.14 05:09:45.878,15.20378,15.20766,0.00,0.00
2011.06.14 05:09:46.288,15.2037,15.20766,0.00,0.00
2011.06.14 05:09:48.030,15.20339,15.20775,0.00,0.00
2011.06.14 05:09:48.138,15.20327,15.20767,0.00,0.00
2011.06.14 05:09:48.248,15.20347,15.20745,0.00,0.00
2011.06.14 05:09:49.956,15.20386,15.20732,0.00,0.00
2011.06.14 05:09:50.073,15.20381,15.20778,0.00,0.00
2011.06.14 05:09:52.267,15.20429,15.20775,0.00,0.00
2011.06.14 05:09:52.378,15.20415,15.20812,0.00,0.00
2011.06.14 05:10:02.269,15.20411,15.20809,0.00,0.00
2011.06.14 05:10:02.380,15.20384,15.2081,0.00,0.00
2011.06.14 05:10:03.060,15.20381,15.20787,0.00,0.00
2011.06.14 05:10:04.192,15.2037,15.20766,0.00,0.00
2011.06.14 05:10:04.407,15.20347,15.20775,0.00,0.00
2011.06.14 05:10:07.454,15.20379,15.20755,0.00,0.00
2011.06.14 05:10:07.718,15.20375,15.20772,0.00,0.00
2011.06.14 05:10:17.330,15.20378,15.20764,0.00,0.00
2011.06.14 05:10:20.077,15.20365,15.20759,0.00,0.00
2011.06.14 05:10:20.187,15.20329,15.20765,0.00,0.00
2011.06.14 05:10:20.698,15.20342,15.20738,0.00,0.00
2011.06.14 05:10:20.808,15.20324,15.20762,0.00,0.00
2011.06.14 05:10:20.918,15.20343,15.20759,0.00,0.00
2011.06.14 05:10:21.418,15.20373,15.20759,0.00,0.00
2011.06.14 05:10:21.821,15.20373,15.20769,0.00,0.00
2011.06.14 05:10:26.238,15.20365,15.20763,0.00,0.00
2011.06.14 05:10:26.348,15.20333,15.20773,0.00,0.00
2011.06.14 05:10:26.458,15.20329,15.20756,0.00,0.00
2011.06.14 05:10:28.239,15.20336,15.20733,0.00,0.00
2011.06.14 05:10:53.521,15.20331,15.20725,0.00,0.00
2011.06.14 05:10:56.341,15.20315,15.20711,0.00,0.00
2011.06.14 05:11:04.511,15.20293,15.20687,0.00,0.00
2011.06.14 05:11:08.293,15.20265,15.20661,0.00,0.00
2011.06.14 05:11:22.473,15.20281,15.20585,0.00,0.00
2011.06.14 05:11:22.621,15.20251,15.20597,0.00,0.00
2011.06.14 05:11:22.728,15.20247,15.20683,0.00,0.00
2011.06.14 05:11:23.008,15.20389,15.20726,0.00,0.00
2011.06.14 05:11:23.119,15.20459,15.20847,0.00,0.00
2011.06.14 05:11:23.669,15.20534,15.20898,0.00,0.00
2011.06.14 05:11:24.108,15.20582,15.20906,0.00,0.00
2011.06.14 05:11:26.171,15.20578,15.20922,0.00,0.00
2011.06.14 05:11:27.300,15.20577,15.20914,0.00,0.00
2011.06.14 05:11:27.800,15.20549,15.20917,0.00,0.00
2011.06.14 05:11:29.527,15.20554,15.20878,0.00,0.00
2011.06.14 05:11:30.290,15.20524,15.20878,0.00,0.00
2011.06.14 05:11:30.618,15.20496,15.20892,0.00,0.00
2011.06.14 05:11:43.148,15.20522,15.20866,0.00,0.00
2011.06.14 05:11:46.238,15.20495,15.20879,0.00,0.00
2011.06.14 05:11:48.282,15.20489,15.20886,0.00,0.00
2011.06.14 05:11:51.861,15.20516,15.2088,0.00,0.00
2011.06.14 05:11:52.838,15.20547,15.20891,0.00,0.00
2011.06.14 05:12:05.168,15.20566,15.20914,0.00,0.00
2011.06.14 05:12:06.807,15.20582,15.20916,0.00,0.00
2011.06.14 05:12:09.191,15.20569,15.20915,0.00,0.00
2011.06.14 05:12:11.828,15.20531,15.20929,0.00,0.00
2011.06.14 05:12:12.048,15.20528,15.20922,0.00,0.00
2011.06.14 05:12:14.550,15.20533,15.20929,0.00,0.00
2011.06.14 05:12:16.370,15.20563,15.20909,0.00,0.00
2011.06.14 05:12:23.260,15.20532,15.20928,0.00,0.00
2011.06.14 05:12:24.058,15.20532,15.20918,0.00,0.00
2011.06.14 05:12:26.283,15.20524,15.20918,0.00,0.00
2011.06.14 05:12:26.388,15.20521,15.20907,0.00,0.00
2011.06.14 05:12:28.461,15.2053,15.20876,0.00,0.00
2011.06.14 05:12:29.228,15.20504,15.209,0.00,0.00
2011.06.14 05:12:44.239,15.20523,15.20909,0.00,0.00
2011.06.14 05:12:44.630,15.20524,15.2092,0.00,0.00
2011.06.14 05:12:59.898,15.20532,15.20918,0.00,0.00
2011.06.14 05:13:00.962,15.2053,15.20927,0.00,0.00
2011.06.14 05:13:03.018,15.20537,15.20931,0.00,0.00
2011.06.14 05:13:05.768,15.20553,15.20917,0.00,0.00
2011.06.14 05:13:12.828,15.20533,15.20927,0.00,0.00
2011.06.14 05:13:13.371,15.20521,15.20918,0.00,0.00
2011.06.14 05:13:13.929,15.20489,15.20929,0.00,0.00
2011.06.14 05:13:14.256,15.20495,15.20931,0.00,0.00
2011.06.14 05:13:14.682,15.20535,15.20931,0.00,0.00
2011.06.14 05:13:17.026,15.20588,15.20934,0.00,0.00
2011.06.14 05:13:17.249,15.20611,15.20965,0.00,0.00
2011.06.14 05:13:17.830,15.20637,15.20961,0.00,0.00
2011.06.14 05:13:18.055,15.20616,15.2097,0.00,0.00
2011.06.14 05:13:18.428,15.2058,15.20978,0.00,0.00
2011.06.14 05:13:21.266,15.20558,15.20955,0.00,0.00
2011.06.14 05:13:22.740,15.20541,15.20925,0.00,0.00
2011.06.14 05:13:25.671,15.20523,15.20919,0.00,0.00
2011.06.14 05:13:31.167,15.2052,15.20894,0.00,0.00
2011.06.14 05:13:47.978,15.2049,15.20907,0.00,0.00
2011.06.14 05:13:48.088,15.20475,15.20915,0.00,0.00
2011.06.14 05:13:49.040,15.20476,15.20892,0.00,0.00
2011.06.14 05:13:50.559,15.20465,15.20863,0.00,0.00
2011.06.14 05:13:58.089,15.20462,15.20838,0.00,0.00
2011.06.14 05:13:58.256,15.20443,15.20869,0.00,0.00
2011.06.14 05:13:59.019,15.20463,15.20869,0.00,0.00
2011.06.14 05:13:59.804,15.20479,15.20875,0.00,0.00
2011.06.14 05:14:00.251,15.20492,15.20876,0.00,0.00
2011.06.14 05:14:00.599,15.20503,15.20867,0.00,0.00
2011.06.14 05:14:02.609,15.20489,15.20877,0.00,0.00
2011.06.14 05:14:02.718,15.2049,15.20884,0.00,0.00
2011.06.14 05:14:02.829,15.20515,15.20859,0.00,0.00
2011.06.14 05:14:04.230,15.20477,15.20865,0.00,0.00
2011.06.14 05:14:04.449,15.20433,15.20859,0.00,0.00
2011.06.14 05:14:04.789,15.20452,15.2078,0.00,0.00
2011.06.14 05:14:04.899,15.20417,15.20774,0.00,0.00
2011.06.14 05:14:05.118,15.2039,15.20776,0.00,0.00
2011.06.14 05:14:08.080,15.20381,15.20777,0.00,0.00
2011.06.14 05:14:15.734,15.20387,15.20783,0.00,0.00
2011.06.14 05:14:16.068,15.2041,15.20758,0.00,0.00
2011.06.14 05:14:19.599,15.20373,15.20769,0.00,0.00
2011.06.14 05:14:51.999,15.20342,15.20782,0.00,0.00
2011.06.14 05:14:53.066,15.20356,15.20783,0.00,0.00
2011.06.14 05:14:53.545,15.20389,15.20785,0.00,0.00
2011.06.14 05:14:56.119,15.20401,15.20798,0.00,0.00
2011.06.14 05:15:02.240,15.20373,15.20813,0.00,0.00
2011.06.14 05:15:02.458,15.20392,15.20788,0.00,0.00
2011.06.14 05:15:04.309,15.20419,15.20787,0.00,0.00
2011.06.14 05:15:04.958,15.20424,15.2084,0.00,0.00
2011.06.14 05:15:05.178,15.20473,15.20909,0.00,0.00
2011.06.14 05:15:05.398,15.20545,15.20981,0.00,0.00
2011.06.14 05:15:05.745,15.20599,15.20995,0.00,0.00
2011.06.14 05:15:09.926,15.20595,15.21011,0.00,0.00
2011.06.14 05:15:10.147,15.20581,15.21021,0.00,0.00
2011.06.14 05:15:10.709,15.2058,15.21016,0.00,0.00
2011.06.14 05:15:11.359,15.20591,15.21009,0.00,0.00
2011.06.14 05:15:11.771,15.20622,15.20996,0.00,0.00
2011.06.14 05:15:17.606,15.20616,15.2101,0.00,0.00
2011.06.14 05:15:17.829,15.20611,15.21008,0.00,0.00
2011.06.14 05:15:29.078,15.2061,15.20994,0.00,0.00
2011.06.14 05:15:35.868,15.20633,15.20977,0.00,0.00
2011.06.14 05:15:37.129,15.2064,15.20964,0.00,0.00
2011.06.14 05:15:49.228,15.20605,15.20979,0.00,0.00
2011.06.14 05:15:56.839,15.20583,15.20977,0.00,0.00
2011.06.14 05:16:01.859,15.20561,15.20959,0.00,0.00
2011.06.14 05:16:02.842,15.20533,15.20941,0.00,0.00
2011.06.14 05:16:02.966,15.2053,15.20916,0.00,0.00
2011.06.14 05:16:03.740,15.20502,15.2092,0.00,0.00
2011.06.14 05:16:07.532,15.20515,15.20889,0.00,0.00
2011.06.14 05:16:07.844,15.20529,15.20873,0.00,0.00
2011.06.14 05:16:11.520,15.20519,15.20883,0.00,0.00
2011.06.14 05:16:16.328,15.20534,15.20868,0.00,0.00
2011.06.14 05:16:16.466,15.20514,15.20888,0.00,0.00
2011.06.14 05:16:17.759,15.20539,15.20883,0.00,0.00
2011.06.14 05:16:17.869,15.20525,15.20919,0.00,0.00
2011.06.14 05:16:17.978,15.20537,15.20923,0.00,0.00
2011.06.14 05:16:18.375,15.20553,15.20917,0.00,0.00
2011.06.14 05:16:18.976,15.20534,15.20928,0.00,0.00
2011.06.14 05:16:19.739,15.20524,15.2092,0.00,0.00
2011.06.14 05:16:19.848,15.20503,15.2091,0.00,0.00
2011.06.14 05:16:19.959,15.20492,15.20888,0.00,0.00
2011.06.14 05:16:31.296,15.20505,15.20873,0.00,0.00
2011.06.14 05:16:31.400,15.20512,15.20886,0.00,0.00
2011.06.14 05:16:31.509,15.2051,15.20927,0.00,0.00
2011.06.14 05:16:31.619,15.20522,15.20962,0.00,0.00
2011.06.14 05:16:31.728,15.2055,15.20966,0.00,0.00
2011.06.14 05:16:35.462,15.20571,15.20967,0.00,0.00
2011.06.14 05:16:46.584,15.20578,15.20976,0.00,0.00
2011.06.14 05:16:47.189,15.20586,15.2097,0.00,0.00
2011.06.14 05:16:47.876,15.20566,15.20964,0.00,0.00
2011.06.14 05:16:51.674,15.20557,15.20903,0.00,0.00
2011.06.14 05:16:51.779,15.20481,15.20889,0.00,0.00
2011.06.14 05:16:51.889,15.20453,15.20855,0.00,0.00
2011.06.14 05:16:52.218,15.20423,15.20863,0.00,0.00
2011.06.14 05:16:52.329,15.20446,15.20842,0.00,0.00
2011.06.14 05:16:55.969,15.20505,15.20853,0.00,0.00
2011.06.14 05:16:56.396,15.20557,15.20903,0.00,0.00
2011.06.14 05:17:09.188,15.20599,15.20933,0.00,0.00
2011.06.14 05:17:09.640,15.20594,15.2098,0.00,0.00
2011.06.14 05:17:12.490,15.20635,15.20959,0.00,0.00
2011.06.14 05:17:16.970,15.20622,15.2101,0.00,0.00
2011.06.14 05:17:18.689,15.20637,15.21003,0.00,0.00
2011.06.14 05:17:19.779,15.20647,15.20971,0.00,0.00
2011.06.14 05:17:20.660,15.20602,15.20976,0.00,0.00
2011.06.14 05:17:27.019,15.20557,15.20955,0.00,0.00
2011.06.14 05:17:27.129,15.20543,15.209,0.00,0.00
2011.06.14 05:17:27.239,15.20498,15.20916,0.00,0.00
2011.06.14 05:17:27.509,15.2049,15.20907,0.00,0.00
2011.06.14 05:17:29.582,15.20476,15.20912,0.00,0.00
2011.06.14 05:17:29.691,15.20478,15.20895,0.00,0.00
2011.06.14 05:17:30.559,15.20473,15.20871,0.00,0.00
2011.06.14 05:17:33.466,15.20481,15.20827,0.00,0.00
2011.06.14 05:17:46.710,15.20442,15.20836,0.00,0.00
2011.06.14 05:17:47.114,15.20429,15.20826,0.00,0.00
2011.06.14 05:17:50.049,15.20418,15.20814,0.00,0.00
2011.06.14 05:17:50.269,15.20388,15.20828,0.00,0.00
2011.06.14 05:17:50.790,15.20392,15.20828,0.00,0.00
2011.06.14 05:17:52.328,15.2042,15.20806,0.00,0.00
2011.06.14 05:17:58.088,15.20404,15.20798,0.00,0.00
2011.06.14 05:17:58.198,15.20379,15.20775,0.00,0.00
2011.06.14 05:17:59.815,15.20392,15.20738,0.00,0.00
2011.06.14 05:18:00.125,15.20361,15.20757,0.00,0.00
2011.06.14 05:18:00.240,15.2034,15.20768,0.00,0.00
2011.06.14 05:18:07.808,15.20384,15.20738,0.00,0.00
2011.06.14 05:18:08.138,15.20374,15.20776,0.00,0.00
2011.06.14 05:18:10.931,15.20367,15.20807,0.00,0.00
2011.06.14 05:18:11.039,15.20387,15.20811,0.00,0.00
2011.06.14 05:18:11.520,15.20407,15.20803,0.00,0.00
2011.06.14 05:18:15.990,15.20372,15.20812,0.00,0.00
2011.06.14 05:18:16.100,15.2037,15.20766,0.00,0.00
2011.06.14 05:18:29.393,15.20357,15.20705,0.00,0.00
2011.06.14 05:18:29.610,15.20302,15.207,0.00,0.00
2011.06.14 05:18:35.970,15.20302,15.20698,0.00,0.00
2011.06.14 05:18:36.650,15.20307,15.20705,0.00,0.00
2011.06.14 05:18:41.318,15.20277,15.20717,0.00,0.00
2011.06.14 05:18:43.465,15.20296,15.20692,0.00,0.00
2011.06.14 05:18:53.610,15.20284,15.20724,0.00,0.00
2011.06.14 05:18:53.720,15.20306,15.20704,0.00,0.00
2011.06.14 05:18:57.571,15.20273,15.20701,0.00,0.00
2011.06.14 05:18:57.680,15.20252,15.20692,0.00,0.00
2011.06.14 05:19:01.431,15.20274,15.2067,0.00,0.00
2011.06.14 05:19:12.142,15.20276,15.20673,0.00,0.00
2011.06.14 05:19:14.549,15.20265,15.20663,0.00,0.00
2011.06.14 05:19:14.970,15.20228,15.20668,0.00,0.00
2011.06.14 05:19:18.545,15.20236,15.20632,0.00,0.00
2011.06.14 05:19:32.210,15.20214,15.20608,0.00,0.00
2011.06.14 05:19:33.102,15.20236,15.20536,0.00,0.00
2011.06.14 05:19:33.209,15.20226,15.20563,0.00,0.00
2011.06.14 05:19:33.320,15.20206,15.20642,0.00,0.00
2011.06.14 05:19:33.429,15.20203,15.20643,0.00,0.00
2011.06.14 05:19:33.540,15.20179,15.20619,0.00,0.00
2011.06.14 05:19:34.161,15.20177,15.20573,0.00,0.00
2011.06.14 05:19:39.520,15.2018,15.20534,0.00,0.00
2011.06.14 05:19:50.769,15.2016,15.20534,0.00,0.00
2011.06.14 05:19:51.309,15.20159,15.20513,0.00,0.00
2011.06.14 05:19:51.709,15.20108,15.20514,0.00,0.00
2011.06.14 05:19:51.819,15.20091,15.20447,0.00,0.00
2011.06.14 05:19:52.038,15.20005,15.20445,0.00,0.00
2011.06.14 05:19:55.339,15.19978,15.20415,0.00,0.00
2011.06.14 05:19:55.670,15.19988,15.20365,0.00,0.00
2011.06.14 05:19:55.779,15.1995,15.2039,0.00,0.00
2011.06.14 05:19:56.000,15.19988,15.20356,0.00,0.00
2011.06.14 05:19:58.251,15.19961,15.20357,0.00,0.00
2011.06.14 05:19:58.631,15.19956,15.20324,0.00,0.00
2011.06.14 05:19:58.952,15.19928,15.20325,0.00,0.00
2011.06.14 05:19:59.698,15.19912,15.2034,0.00,0.00
2011.06.14 05:19:59.809,15.19911,15.20351,0.00,0.00
2011.06.14 05:19:59.919,15.19923,15.20319,0.00,0.00
2011.06.14 05:20:02.260,15.19887,15.20327,0.00,0.00
2011.06.14 05:20:04.580,15.19877,15.20313,0.00,0.00
2011.06.14 05:20:05.512,15.19882,15.2028,0.00,0.00
2011.06.14 05:20:12.163,15.19868,15.20266,0.00,0.00
2011.06.14 05:20:12.408,15.19829,15.20269,0.00,0.00
2011.06.14 05:20:16.471,15.19836,15.20232,0.00,0.00
2011.06.14 05:20:22.811,15.1982,15.20216,0.00,0.00
2011.06.14 05:20:22.919,15.19781,15.20221,0.00,0.00
2011.06.14 05:20:25.443,15.19795,15.20193,0.00,0.00
2011.06.14 05:20:25.549,15.19773,15.20213,0.00,0.00
2011.06.14 05:20:25.659,15.1978,15.20202,0.00,0.00
2011.06.14 05:20:28.369,15.19771,15.20207,0.00,0.00
2011.06.14 05:20:28.479,15.19784,15.20181,0.00,0.00
2011.06.14 05:20:30.699,15.19759,15.20181,0.00,0.00
2011.06.14 05:20:32.219,15.19745,15.20167,0.00,0.00
2011.06.14 05:20:33.070,15.19739,15.20161,0.00,0.00
2011.06.14 05:20:33.811,15.19729,15.20151,0.00,0.00
2011.06.14 05:20:36.562,15.19735,15.20139,0.00,0.00
2011.06.14 05:20:39.180,15.19761,15.20133,0.00,0.00
2011.06.14 05:20:39.289,15.19749,15.20171,0.00,0.00
2011.06.14 05:20:40.738,15.19762,15.20176,0.00,0.00
2011.06.14 05:20:41.540,15.19774,15.20171,0.00,0.00
2011.06.14 05:20:42.859,15.19768,15.20182,0.00,0.00
2011.06.14 05:20:42.970,15.1976,15.20182,0.00,0.00
2011.06.14 05:20:43.753,15.19771,15.20143,0.00,0.00
2011.06.14 05:20:43.859,15.19738,15.2015,0.00,0.00
2011.06.14 05:20:44.299,15.19725,15.20147,0.00,0.00
2011.06.14 05:20:47.471,15.19736,15.2014,0.00,0.00
2011.06.14 05:20:49.887,15.19772,15.2012,0.00,0.00
2011.06.14 05:20:51.493,15.1978,15.20134,0.00,0.00
2011.06.14 05:20:51.709,15.19768,15.20172,0.00,0.00
2011.06.14 05:20:57.622,15.19784,15.20182,0.00,0.00
2011.06.14 05:21:06.332,15.19767,15.20207,0.00,0.00
2011.06.14 05:21:06.438,15.19772,15.20194,0.00,0.00
2011.06.14 05:21:07.530,15.19778,15.20182,0.00,0.00
2011.06.14 05:21:07.960,15.19782,15.20178,0.00,0.00
2011.06.14 05:21:08.871,15.19768,15.2019,0.00,0.00
2011.06.14 05:21:10.520,15.19772,15.20176,0.00,0.00
2011.06.14 05:21:16.799,15.19759,15.20173,0.00,0.00
2011.06.14 05:21:17.102,15.19764,15.20156,0.00,0.00
2011.06.14 05:21:17.227,15.19753,15.20175,0.00,0.00
2011.06.14 05:21:20.471,15.19807,15.20179,0.00,0.00
2011.06.14 05:21:30.373,15.19889,15.20189,0.00,0.00
2011.06.14 05:21:30.590,15.19857,15.20297,0.00,0.00
2011.06.14 05:21:30.699,15.19958,15.20275,0.00,0.00
2011.06.14 05:21:30.809,15.19957,15.20303,0.00,0.00
2011.06.14 05:21:31.369,15.19974,15.2028,0.00,0.00
2011.06.14 05:21:31.480,15.19932,15.20289,0.00,0.00
2011.06.14 05:21:31.589,15.19888,15.20294,0.00,0.00
2011.06.14 05:21:31.809,15.19899,15.20275,0.00,0.00
2011.06.14 05:21:32.141,15.19912,15.20269,0.00,0.00
2011.06.14 05:21:34.547,15.19919,15.20256,0.00,0.00
2011.06.14 05:21:35.539,15.19926,15.2023,0.00,0.00
2011.06.14 05:21:39.641,15.19911,15.20225,0.00,0.00
2011.06.14 05:21:39.859,15.19887,15.20231,0.00,0.00
2011.06.14 05:21:44.968,15.19885,15.20222,0.00,0.00
2011.06.14 05:21:44.977,15.19873,15.20217,0.00,0.00
2011.06.14 05:21:47.532,15.19881,15.20185,0.00,0.00
2011.06.14 05:21:49.108,15.1988,15.20204,0.00,0.00
2011.06.14 05:21:49.219,15.19867,15.20264,0.00,0.00
2011.06.14 05:21:49.328,15.19884,15.20268,0.00,0.00
2011.06.14 05:21:52.831,15.19886,15.20262,0.00,0.00
2011.06.14 05:21:52.939,15.19853,15.20269,0.00,0.00
2011.06.14 05:21:53.158,15.19828,15.20268,0.00,0.00
2011.06.14 05:21:55.502,15.19835,15.20233,0.00,0.00
2011.06.14 05:22:01.350,15.19826,15.20212,0.00,0.00
2011.06.14 05:22:01.569,15.19782,15.20222,0.00,0.00
2011.06.14 05:22:04.679,15.19791,15.20188,0.00,0.00
2011.06.14 05:22:15.838,15.19792,15.20176,0.00,0.00
2011.06.14 05:22:17.808,15.19787,15.20183,0.00,0.00
2011.06.14 05:22:38.408,15.19811,15.20185,0.00,0.00
2011.06.14 05:22:39.828,15.19857,15.20191,0.00,0.00
2011.06.14 05:22:40.450,15.19891,15.20205,0.00,0.00
2011.06.14 05:22:43.987,15.19884,15.20218,0.00,0.00
2011.06.14 05:22:44.537,15.19865,15.20229,0.00,0.00
2011.06.14 05:22:46.187,15.19858,15.20242,0.00,0.00
2011.06.14 05:22:48.957,15.19857,15.20253,0.00,0.00
2011.06.14 05:22:51.473,15.19872,15.20226,0.00,0.00
2011.06.14 05:22:54.400,15.19857,15.20231,0.00,0.00
2011.06.14 05:22:57.240,15.19853,15.20247,0.00,0.00
2011.06.14 05:22:57.349,15.1987,15.20266,0.00,0.00
2011.06.14 05:22:57.460,15.19883,15.20277,0.00,0.00
2011.06.14 05:22:58.878,15.19904,15.20278,0.00,0.00
2011.06.14 05:23:00.518,15.19924,15.20268,0.00,0.00
2011.06.14 05:23:14.138,15.19917,15.20281,0.00,0.00
2011.06.14 05:23:19.334,15.19928,15.20276,0.00,0.00
2011.06.14 05:23:20.189,15.19931,15.20275,0.00,0.00
2011.06.14 05:23:27.086,15.19927,15.20291,0.00,0.00
2011.06.14 05:23:29.270,15.1992,15.20318,0.00,0.00
2011.06.14 05:23:29.379,15.19928,15.20322,0.00,0.00
2011.06.14 05:23:32.540,15.19926,15.20322,0.00,0.00
2011.06.14 05:23:35.590,15.1992,15.20317,0.00,0.00
2011.06.14 05:23:35.809,15.19898,15.20314,0.00,0.00
2011.06.14 05:23:38.481,15.19907,15.20281,0.00,0.00
2011.06.14 05:23:44.227,15.19893,15.20287,0.00,0.00
2011.06.14 05:23:56.157,15.1991,15.20307,0.00,0.00
2011.06.14 05:24:16.573,15.19948,15.20314,0.00,0.00
2011.06.14 05:24:16.691,15.19944,15.20292,0.00,0.00
2011.06.14 05:24:17.059,15.19936,15.20272,0.00,0.00
2011.06.14 05:24:17.168,15.19911,15.20307,0.00,0.00
2011.06.14 05:24:18.319,15.19893,15.20321,0.00,0.00
2011.06.14 05:24:18.429,15.19892,15.20332,0.00,0.00
2011.06.14 05:24:19.423,15.1992,15.20317,0.00,0.00
2011.06.14 05:24:28.513,15.19919,15.20316,0.00,0.00
2011.06.14 05:24:28.730,15.19901,15.20318,0.00,0.00
2011.06.14 05:24:31.010,15.19875,15.20315,0.00,0.00
2011.06.14 05:24:31.609,15.19876,15.20272,0.00,0.00
2011.06.14 05:24:33.480,15.19877,15.20225,0.00,0.00
2011.06.14 05:24:33.699,15.19841,15.20227,0.00,0.00
2011.06.14 05:24:33.809,15.19829,15.20227,0.00,0.00
2011.06.14 05:24:39.767,15.19825,15.20223,0.00,0.00
2011.06.14 05:24:50.140,15.1982,15.20216,0.00,0.00
2011.06.14 05:24:50.249,15.19798,15.20214,0.00,0.00
2011.06.14 05:24:53.492,15.19806,15.2018,0.00,0.00
2011.06.14 05:24:55.839,15.19787,15.20184,0.00,0.00
2011.06.14 05:25:01.958,15.19793,15.20177,0.00,0.00
2011.06.14 05:25:07.979,15.19789,15.20185,0.00,0.00
2011.06.14 05:25:08.089,15.19817,15.20165,0.00,0.00
2011.06.14 05:25:08.309,15.198,15.20197,0.00,0.00
2011.06.14 05:25:24.672,15.19813,15.20211,0.00,0.00
2011.06.14 05:25:24.779,15.19815,15.20219,0.00,0.00
2011.06.14 05:25:25.110,15.19811,15.20207,0.00,0.00
2011.06.14 05:25:39.701,15.19807,15.20204,0.00,0.00
2011.06.14 05:25:40.262,15.19818,15.20215,0.00,0.00
2011.06.14 05:25:40.370,15.19826,15.2023,0.00,0.00
2011.06.14 05:26:12.501,15.19856,15.20228,0.00,0.00
2011.06.14 05:26:12.721,15.19837,15.20259,0.00,0.00
2011.06.14 05:26:16.304,15.19854,15.20226,0.00,0.00
2011.06.14 05:26:16.555,15.19833,15.20229,0.00,0.00
2011.06.14 05:26:24.774,15.19822,15.20219,0.00,0.00
2011.06.14 05:26:24.881,15.19808,15.20214,0.00,0.00
2011.06.14 05:26:27.554,15.19816,15.2018,0.00,0.00
2011.06.14 05:26:27.661,15.19797,15.20181,0.00,0.00
2011.06.14 05:26:28.037,15.19791,15.20187,0.00,0.00
2011.06.14 05:26:45.086,15.19818,15.20166,0.00,0.00
2011.06.14 05:26:51.956,15.19797,15.20181,0.00,0.00
2011.06.14 05:26:52.118,15.19801,15.20175,0.00,0.00
2011.06.14 05:26:53.959,15.19795,15.20189,0.00,0.00
2011.06.14 05:27:12.281,15.19832,15.2018,0.00,0.00
2011.06.14 05:27:12.391,15.1982,15.20218,0.00,0.00
2011.06.14 05:27:13.311,15.19824,15.20218,0.00,0.00
2011.06.14 05:27:18.850,15.19837,15.20199,0.00,0.00
2011.06.14 05:27:19.329,15.19836,15.20208,0.00,0.00
2011.06.14 05:27:34.085,15.19844,15.20216,0.00,0.00
2011.06.14 05:27:50.467,15.19849,15.20211,0.00,0.00
2011.06.14 05:27:52.504,15.19871,15.20193,0.00,0.00
2011.06.14 05:27:55.233,15.19869,15.20206,0.00,0.00
2011.06.14 05:27:58.601,15.19847,15.20219,0.00,0.00
2011.06.14 05:28:00.507,15.19872,15.20194,0.00,0.00
2011.06.14 05:28:07.772,15.19895,15.20201,0.00,0.00
2011.06.14 05:28:11.162,15.19897,15.20225,0.00,0.00
2011.06.14 05:28:11.270,15.19874,15.20272,0.00,0.00
2011.06.14 05:28:14.755,15.19938,15.20246,0.00,0.00
2011.06.14 05:28:14.970,15.199,15.20296,0.00,0.00
2011.06.14 05:28:16.713,15.19946,15.20294,0.00,0.00
2011.06.14 05:28:16.932,15.1997,15.20326,0.00,0.00
2011.06.14 05:28:17.813,15.19998,15.20306,0.00,0.00
2011.06.14 05:28:18.032,15.19975,15.20283,0.00,0.00
2011.06.14 05:28:23.641,15.19922,15.20268,0.00,0.00
2011.06.14 05:28:25.443,15.19884,15.20258,0.00,0.00
2011.06.14 05:28:26.222,15.19911,15.20233,0.00,0.00
2011.06.14 05:28:26.551,15.19923,15.20231,0.00,0.00
2011.06.14 05:28:36.992,15.19899,15.20251,0.00,0.00
2011.06.14 05:28:37.143,15.19901,15.20223,0.00,0.00
2011.06.14 05:28:37.707,15.19892,15.20194,0.00,0.00
2011.06.14 05:28:38.524,15.19853,15.20225,0.00,0.00
2011.06.14 05:28:42.809,15.19905,15.20205,0.00,0.00
2011.06.14 05:28:42.921,15.19909,15.20209,0.00,0.00
2011.06.14 05:28:43.142,15.19886,15.20186,0.00,0.00
2011.06.14 05:28:44.951,15.19791,15.20163,0.00,0.00
2011.06.14 05:28:53.091,15.19758,15.20082,0.00,0.00
2011.06.14 05:28:53.446,15.19727,15.20045,0.00,0.00
2011.06.14 05:28:53.771,15.19695,15.20067,0.00,0.00
2011.06.14 05:28:59.811,15.19775,15.20081,0.00,0.00
2011.06.14 05:29:03.054,15.19833,15.20133,0.00,0.00
2011.06.14 05:29:03.164,15.19833,15.20133,0.00,0.00
2011.06.14 05:29:03.271,15.19811,15.20111,0.00,0.00
2011.06.14 05:29:06.281,15.19736,15.20132,0.00,0.00
2011.06.14 05:29:09.582,15.1969,15.20086,0.00,0.00
2011.06.14 05:29:09.691,15.19641,15.20067,0.00,0.00
2011.06.14 05:29:10.183,15.19639,15.20025,0.00,0.00
2011.06.14 05:29:11.642,15.19626,15.20002,0.00,0.00
2011.06.14 05:29:12.434,15.19612,15.19958,0.00,0.00
2011.06.14 05:29:13.473,15.1957,15.19966,0.00,0.00
2011.06.14 05:29:14.703,15.19656,15.19956,0.00,0.00
2011.06.14 05:29:14.813,15.1969,15.20036,0.00,0.00
2011.06.14 05:29:14.921,15.19714,15.20062,0.00,0.00
2011.06.14 05:29:26.199,15.19738,15.20066,0.00,0.00
2011.06.14 05:29:26.895,15.1977,15.2007,0.00,0.00
2011.06.14 05:29:27.002,15.19796,15.20096,0.00,0.00
2011.06.14 05:29:27.221,15.19834,15.20134,0.00,0.00
2011.06.14 05:29:48.044,15.19877,15.20223,0.00,0.00
2011.06.14 05:29:53.524,15.19969,15.20269,0.00,0.00
2011.06.14 05:29:53.744,15.19974,15.2032,0.00,0.00
2011.06.14 05:29:53.851,15.19995,15.20343,0.00,0.00
2011.06.14 05:30:13.116,15.19986,15.20362,0.00,0.00
2011.06.14 05:30:14.286,15.19969,15.20317,0.00,0.00
2011.06.14 05:30:51.505,15.19931,15.20305,0.00,0.00
2011.06.14 05:31:16.347,15.19952,15.20326,0.00,0.00
2011.06.14 05:31:44.486,15.20013,15.20359,0.00,0.00
2011.06.14 05:31:45.865,15.20032,15.20369,0.00,0.00
2011.06.14 05:31:45.972,15.19996,15.20382,0.00,0.00
2011.06.14 05:31:46.189,15.19988,15.20385,0.00,0.00
2011.06.14 05:32:18.494,15.19999,15.20345,0.00,0.00
2011.06.14 05:32:21.764,15.19954,15.20351,0.00,0.00
2011.06.14 05:32:26.525,15.19969,15.20315,0.00,0.00
2011.06.14 05:32:30.560,15.19979,15.20333,0.00,0.00
2011.06.14 05:32:56.145,15.20008,15.20384,0.00,0.00
2011.06.14 05:32:58.449,15.20039,15.20367,0.00,0.00
2011.06.14 05:32:58.672,15.20002,15.20388,0.00,0.00
2011.06.14 05:32:58.781,15.20025,15.20422,0.00,0.00
2011.06.14 05:33:41.772,15.20117,15.20434,0.00,0.00
2011.06.14 05:33:42.945,15.20137,15.20473,0.00,0.00
2011.06.14 05:33:43.052,15.20132,15.2053,0.00,0.00
2011.06.14 05:33:44.707,15.20252,15.20552,0.00,0.00
2011.06.14 05:33:44.923,15.20336,15.2064,0.00,0.00
2011.06.14 05:33:45.032,15.20408,15.20732,0.00,0.00
2011.06.14 05:33:46.552,15.20475,15.20823,0.00,0.00
2011.06.14 05:33:47.733,15.20499,15.20905,0.00,0.00
2011.06.14 05:33:48.683,15.20526,15.20883,0.00,0.00
2011.06.14 05:33:48.794,15.20509,15.20857,0.00,0.00
2011.06.14 05:33:48.902,15.2047,15.20866,0.00,0.00
2011.06.14 05:33:50.532,15.20477,15.20825,0.00,0.00
2011.06.14 05:33:53.459,15.20483,15.20827,0.00,0.00
2011.06.14 05:33:54.312,15.20479,15.20865,0.00,0.00
2011.06.14 05:33:54.441,15.20485,15.20879,0.00,0.00
2011.06.14 05:33:55.091,15.20533,15.2087,0.00,0.00
2011.06.14 05:33:55.311,15.20503,15.20887,0.00,0.00
2011.06.14 05:34:27.123,15.20504,15.2085,0.00,0.00
2011.06.14 05:34:29.532,15.20461,15.20845,0.00,0.00
2011.06.14 05:34:46.783,15.20444,15.2084,0.00,0.00
2011.06.14 05:34:49.109,15.2047,15.20816,0.00,0.00
2011.06.14 05:34:49.600,15.20501,15.20845,0.00,0.00
2011.06.14 05:34:54.073,15.20561,15.20917,0.00,0.00
2011.06.14 05:34:55.082,15.20589,15.20966,0.00,0.00
2011.06.14 05:35:01.813,15.20591,15.20987,0.00,0.00
2011.06.14 05:35:09.312,15.20628,15.20974,0.00,0.00
2011.06.14 05:35:10.792,15.20624,15.2099,0.00,0.00
2011.06.14 05:35:11.453,15.20642,15.2099,0.00,0.00
2011.06.14 05:35:16.266,15.20675,15.20983,0.00,0.00
2011.06.14 05:35:16.374,15.20676,15.20992,0.00,0.00
2011.06.14 05:35:16.510,15.20663,15.20999,0.00,0.00
2011.06.14 05:35:18.535,15.20647,15.21045,0.00,0.00
2011.06.14 05:35:25.310,15.20729,15.21029,0.00,0.00
2011.06.14 05:35:25.532,15.20692,15.21088,0.00,0.00
2011.06.14 05:35:35.319,15.20758,15.21057,0.00,0.00
2011.06.14 05:35:35.545,15.20769,15.21091,0.00,0.00
2011.06.14 05:35:35.762,15.20758,15.2115,0.00,0.00
2011.06.14 05:35:35.873,15.20778,15.21196,0.00,0.00
2011.06.14 05:35:35.982,15.20843,15.21221,0.00,0.00
2011.06.14 05:35:36.656,15.20906,15.21232,0.00,0.00
2011.06.14 05:35:36.984,15.20893,15.2125,0.00,0.00
2011.06.14 05:35:37.202,15.20855,15.21251,0.00,0.00
2011.06.14 05:35:37.862,15.20866,15.21214,0.00,0.00
2011.06.14 05:35:38.083,15.20832,15.21208,0.00,0.00
2011.06.14 05:35:38.192,15.20793,15.21221,0.00,0.00
2011.06.14 05:35:38.303,15.20842,15.21179,0.00,0.00
2011.06.14 05:35:38.847,15.20862,15.21168,0.00,0.00
2011.06.14 05:35:39.172,15.20824,15.21181,0.00,0.00
2011.06.14 05:35:39.515,15.2078,15.21186,0.00,0.00
2011.06.14 05:35:40.456,15.20764,15.2115,0.00,0.00
2011.06.14 05:35:40.562,15.20721,15.21158,0.00,0.00
2011.06.14 05:35:40.672,15.20729,15.21165,0.00,0.00
2011.06.14 05:35:40.783,15.20742,15.21182,0.00,0.00
2011.06.14 05:35:40.893,15.20802,15.21148,0.00,0.00
2011.06.14 05:35:42.573,15.20808,15.21172,0.00,0.00
2011.06.14 05:35:44.614,15.20834,15.2119,0.00,0.00
2011.06.14 05:35:44.832,15.20845,15.21243,0.00,0.00
2011.06.14 05:35:46.633,15.20964,15.2128,0.00,0.00
2011.06.14 05:35:46.852,15.20997,15.21343,0.00,0.00
2011.06.14 05:35:50.572,15.20966,15.21342,0.00,0.00
2011.06.14 05:35:53.222,15.20916,15.21356,0.00,0.00
2011.06.14 05:35:53.332,15.20915,15.21343,0.00,0.00
2011.06.14 05:35:53.891,15.20941,15.21297,0.00,0.00
2011.06.14 05:35:54.622,15.20915,15.21303,0.00,0.00
2011.06.14 05:35:55.142,15.20903,15.213,0.00,0.00
2011.06.14 05:35:55.252,15.2094,15.21286,0.00,0.00
2011.06.14 05:35:56.651,15.20958,15.21284,0.00,0.00
2011.06.14 05:35:56.762,15.20951,15.21299,0.00,0.00
2011.06.14 05:35:56.872,15.20955,15.21303,0.00,0.00
2011.06.14 05:35:59.322,15.20952,15.21298,0.00,0.00
2011.06.14 05:35:59.481,15.2094,15.21288,0.00,0.00
2011.06.14 05:36:01.494,15.20935,15.21281,0.00,0.00
2011.06.14 05:36:01.603,15.20948,15.21344,0.00,0.00
2011.06.14 05:36:01.712,15.21023,15.21369,0.00,0.00
2011.06.14 05:36:04.169,15.21067,15.21403,0.00,0.00
2011.06.14 05:36:07.504,15.21101,15.21401,0.00,0.00
2011.06.14 05:36:07.612,15.21086,15.21403,0.00,0.00
2011.06.14 05:36:07.832,15.21068,15.21405,0.00,0.00
2011.06.14 05:36:07.942,15.2103,15.21418,0.00,0.00
2011.06.14 05:36:08.709,15.21031,15.21387,0.00,0.00
2011.06.14 05:36:09.501,15.21009,15.21357,0.00,0.00
2011.06.14 05:36:12.470,15.20963,15.2136,0.00,0.00
2011.06.14 05:36:16.982,15.20998,15.21344,0.00,0.00
2011.06.14 05:36:17.232,15.21006,15.21363,0.00,0.00
2011.06.14 05:36:17.796,15.20987,15.21383,0.00,0.00
2011.06.14 05:36:22.293,15.20998,15.21344,0.00,0.00
2011.06.14 05:36:24.510,15.20945,15.21341,0.00,0.00
2011.06.14 05:36:28.793,15.2092,15.21317,0.00,0.00
2011.06.14 05:36:32.542,15.209,15.21297,0.00,0.00
2011.06.14 05:36:36.944,15.20911,15.21257,0.00,0.00
2011.06.14 05:36:40.454,15.20892,15.21246,0.00,0.00
2011.06.14 05:36:46.630,15.20908,15.21254,0.00,0.00
2011.06.14 05:36:46.993,15.20924,15.21292,0.00,0.00
2011.06.14 05:36:50.469,15.20947,15.21293,0.00,0.00
2011.06.14 05:36:50.582,15.20933,15.21329,0.00,0.00
2011.06.14 05:36:51.175,15.20977,15.21314,0.00,0.00
2011.06.14 05:36:51.283,15.20933,15.2133,0.00,0.00
2011.06.14 05:36:52.602,15.2091,15.21316,0.00,0.00
2011.06.14 05:36:52.713,15.20891,15.21307,0.00,0.00
2011.06.14 05:36:54.476,15.20909,15.21307,0.00,0.00
2011.06.14 05:36:54.962,15.2098,15.21298,0.00,0.00
2011.06.14 05:36:57.824,15.20989,15.21317,0.00,0.00
2011.06.14 05:36:57.932,15.20953,15.21349,0.00,0.00
2011.06.14 05:36:58.792,15.2099,15.21338,0.00,0.00
2011.06.14 05:36:59.123,15.21002,15.21348,0.00,0.00
2011.06.14 05:37:04.735,15.21,15.21346,0.00,0.00
2011.06.14 05:37:06.564,15.20976,15.21324,0.00,0.00
2011.06.14 05:37:07.053,15.2086,15.21288,0.00,0.00
2011.06.14 05:37:07.283,15.20823,15.21177,0.00,0.00
2011.06.14 05:37:07.502,15.20791,15.21139,0.00,0.00
2011.06.14 05:37:08.090,15.20794,15.21112,0.00,0.00
2011.06.14 05:37:08.202,15.20792,15.21129,0.00,0.00
2011.06.14 05:37:08.484,15.20826,15.21126,0.00,0.00
2011.06.14 05:37:09.187,15.20813,15.21149,0.00,0.00
2011.06.14 05:37:09.292,15.20777,15.21163,0.00,0.00
2011.06.14 05:37:09.410,15.20793,15.2113,0.00,0.00
2011.06.14 05:37:10.353,15.20785,15.21085,0.00,0.00
2011.06.14 05:37:10.613,15.20701,15.21077,0.00,0.00
2011.06.14 05:37:10.832,15.20689,15.21026,0.00,0.00
2011.06.14 05:37:11.606,15.20679,15.20996,0.00,0.00
2011.06.14 05:37:12.296,15.20638,15.21006,0.00,0.00
2011.06.14 05:37:12.513,15.20639,15.20995,0.00,0.00
2011.06.14 05:37:12.701,15.20623,15.21011,0.00,0.00
2011.06.14 05:37:13.682,15.20627,15.20984,0.00,0.00
2011.06.14 05:37:14.602,15.20606,15.20952,0.00,0.00
2011.06.14 05:37:15.524,15.2055,15.20946,0.00,0.00
2011.06.14 05:37:18.495,15.20585,15.20931,0.00,0.00
2011.06.14 05:37:23.691,15.20633,15.20933,0.00,0.00
2011.06.14 05:37:23.913,15.20583,15.2098,0.00,0.00
2011.06.14 05:37:36.753,15.20591,15.20978,0.00,0.00
2011.06.14 05:37:36.867,15.20615,15.20953,0.00,0.00
2011.06.14 05:37:37.426,15.20615,15.20921,0.00,0.00
2011.06.14 05:37:39.553,15.20555,15.20953,0.00,0.00
2011.06.14 05:37:46.217,15.20587,15.20933,0.00,0.00
2011.06.14 05:37:46.432,15.20613,15.20919,0.00,0.00
2011.06.14 05:37:46.873,15.20597,15.20943,0.00,0.00
2011.06.14 05:37:48.536,15.20606,15.20932,0.00,0.00
2011.06.14 05:37:51.183,15.2058,15.20926,0.00,0.00
2011.06.14 05:37:51.512,15.20537,15.20933,0.00,0.00
2011.06.14 05:37:52.230,15.20532,15.2092,0.00,0.00
2011.06.14 05:37:53.793,15.20562,15.2091,0.00,0.00
2011.06.14 05:37:54.285,15.20613,15.20913,0.00,0.00
2011.06.14 05:37:54.392,15.2063,15.2093,0.00,0.00
2011.06.14 05:37:54.503,15.20638,15.20964,0.00,0.00
2011.06.14 05:37:58.142,15.20673,15.20973,0.00,0.00
2011.06.14 05:37:58.252,15.2069,15.20998,0.00,0.00
2011.06.14 05:38:12.809,15.20713,15.21013,0.00,0.00
2011.06.14 05:38:12.934,15.20709,15.21009,0.00,0.00
2011.06.14 05:38:13.042,15.20652,15.21049,0.00,0.00
2011.06.14 05:38:14.422,15.20688,15.21034,0.00,0.00
2011.06.14 05:38:15.588,15.20715,15.21023,0.00,0.00
2011.06.14 05:38:20.234,15.20708,15.21054,0.00,0.00
2011.06.14 05:38:21.745,15.20735,15.21035,0.00,0.00
2011.06.14 05:38:22.072,15.20686,15.21032,0.00,0.00
2011.06.14 05:38:22.735,15.20665,15.20993,0.00,0.00
2011.06.14 05:38:26.503,15.20602,15.20998,0.00,0.00
2011.06.14 05:38:28.256,15.20599,15.20997,0.00,0.00
2011.06.14 05:38:29.284,15.2064,15.20986,0.00,0.00
2011.06.14 05:38:32.172,15.20661,15.20999,0.00,0.00
2011.06.14 05:38:33.612,15.20636,15.21032,0.00,0.00
2011.06.14 05:38:37.972,15.20657,15.21003,0.00,0.00
2011.06.14 05:38:40.464,15.2064,15.21038,0.00,0.00
2011.06.14 05:38:47.493,15.20675,15.21052,0.00,0.00
2011.06.14 05:38:47.713,15.2068,15.21077,0.00,0.00
2011.06.14 05:38:48.734,15.20735,15.21072,0.00,0.00
2011.06.14 05:38:48.843,15.20721,15.21118,0.00,0.00
2011.06.14 05:38:50.120,15.20788,15.21088,0.00,0.00
2011.06.14 05:38:50.343,15.20732,15.21128,0.00,0.00
2011.06.14 05:38:56.572,15.20734,15.2111,0.00,0.00
2011.06.14 05:38:56.682,15.20726,15.21102,0.00,0.00
2011.06.14 05:38:59.547,15.20733,15.21081,0.00,0.00
2011.06.14 05:39:02.735,15.20748,15.21076,0.00,0.00
2011.06.14 05:39:14.082,15.20788,15.21088,0.00,0.00
2011.06.14 05:39:14.302,15.20774,15.2116,0.00,0.00
2011.06.14 05:39:14.412,15.20814,15.21151,0.00,0.00
2011.06.14 05:39:14.523,15.20817,15.21143,0.00,0.00
2011.06.14 05:39:14.743,15.2078,15.21156,0.00,0.00
2011.06.14 05:39:14.859,15.20798,15.21126,0.00,0.00
2011.06.14 05:39:17.834,15.20812,15.21112,0.00,0.00
2011.06.14 05:39:17.994,15.2079,15.21116,0.00,0.00
2011.06.14 05:39:18.103,15.20771,15.21119,0.00,0.00
2011.06.14 05:39:21.042,15.20773,15.2109,0.00,0.00
2011.06.14 05:39:22.171,15.20724,15.21098,0.00,0.00
2011.06.14 05:39:22.282,15.20685,15.21101,0.00,0.00
2011.06.14 05:39:22.393,15.20687,15.21073,0.00,0.00
2011.06.14 05:39:22.822,15.20693,15.21061,0.00,0.00
2011.06.14 05:39:23.202,15.20706,15.21042,0.00,0.00
2011.06.14 05:39:26.512,15.2068,15.21076,0.00,0.00
2011.06.14 05:39:29.616,15.20751,15.21051,0.00,0.00
2011.06.14 05:39:30.132,15.20737,15.21085,0.00,0.00
2011.06.14 05:39:30.243,15.20723,15.21119,0.00,0.00
2011.06.14 05:39:31.206,15.20735,15.21123,0.00,0.00
2011.06.14 05:39:31.313,15.20762,15.211,0.00,0.00
2011.06.14 05:39:31.735,15.20731,15.21119,0.00,0.00
2011.06.14 05:39:31.843,15.20748,15.21105,0.00,0.00
2011.06.14 05:39:33.153,15.20787,15.21093,0.00,0.00
2011.06.14 05:39:33.787,15.20799,15.21099,0.00,0.00
2011.06.14 05:39:34.003,15.20755,15.21143,0.00,0.00
2011.06.14 05:39:37.902,15.2077,15.21146,0.00,0.00
2011.06.14 05:39:41.313,15.20771,15.21147,0.00,0.00
2011.06.14 05:39:41.423,15.2079,15.21126,0.00,0.00
2011.06.14 05:39:42.033,15.20789,15.21145,0.00,0.00
2011.06.14 05:39:42.143,15.20821,15.21129,0.00,0.00
2011.06.14 05:39:42.253,15.20809,15.21137,0.00,0.00
2011.06.14 05:39:43.525,15.20778,15.21175,0.00,0.00
2011.06.14 05:39:44.040,15.20847,15.21155,0.00,0.00
2011.06.14 05:39:44.153,15.20835,15.21232,0.00,0.00
2011.06.14 05:40:10.235,15.2087,15.21276,0.00,0.00
2011.06.14 05:40:10.453,15.20916,15.21262,0.00,0.00
2011.06.14 05:40:13.522,15.20927,15.21264,0.00,0.00
2011.06.14 05:40:13.632,15.20912,15.21258,0.00,0.00
2011.06.14 05:40:14.025,15.20901,15.21297,0.00,0.00
2011.06.14 05:40:14.133,15.20939,15.21287,0.00,0.00
2011.06.14 05:40:14.353,15.20923,15.2132,0.00,0.00
2011.06.14 05:40:14.462,15.20961,15.21329,0.00,0.00
2011.06.14 05:40:14.894,15.20991,15.21337,0.00,0.00
2011.06.14 05:40:15.114,15.21002,15.21348,0.00,0.00
2011.06.14 05:40:16.962,15.21009,15.21355,0.00,0.00
2011.06.14 05:40:19.297,15.2101,15.21387,0.00,0.00
2011.06.14 05:40:21.153,15.21029,15.21426,0.00,0.00
2011.06.14 05:40:21.593,15.21101,15.21447,0.00,0.00
2011.06.14 05:40:21.923,15.21078,15.21518,0.00,0.00
2011.06.14 05:40:22.329,15.21092,15.21508,0.00,0.00
2011.06.14 05:40:22.443,15.21119,15.21465,0.00,0.00
2011.06.14 05:40:22.664,15.211,15.21486,0.00,0.00
2011.06.14 05:40:22.773,15.21119,15.21465,0.00,0.00
2011.06.14 05:40:23.614,15.21086,15.21504,0.00,0.00
2011.06.14 05:40:23.722,15.21117,15.21463,0.00,0.00
2011.06.14 05:40:23.832,15.21098,15.21486,0.00,0.00
2011.06.14 05:40:23.942,15.21117,15.21465,0.00,0.00
2011.06.14 05:40:25.323,15.21088,15.21506,0.00,0.00
2011.06.14 05:40:25.432,15.21126,15.21472,0.00,0.00
2011.06.14 05:40:26.402,15.21128,15.21484,0.00,0.00
2011.06.14 05:40:26.513,15.21123,15.21469,0.00,0.00
2011.06.14 05:40:27.187,15.21091,15.21499,0.00,0.00
2011.06.14 05:40:27.833,15.21115,15.21461,0.00,0.00
2011.06.14 05:40:30.424,15.21103,15.21479,0.00,0.00
2011.06.14 05:40:30.732,15.21128,15.21476,0.00,0.00
2011.06.14 05:40:31.656,15.2118,15.21516,0.00,0.00
2011.06.14 05:40:33.253,15.21231,15.21568,0.00,0.00
2011.06.14 05:40:33.365,15.21308,15.21625,0.00,0.00
2011.06.14 05:40:34.419,15.21369,15.21669,0.00,0.00
2011.06.14 05:40:34.535,15.21337,15.21735,0.00,0.00
2011.06.14 05:40:34.643,15.2137,15.21764,0.00,0.00
2011.06.14 05:40:34.863,15.21417,15.21773,0.00,0.00
2011.06.14 05:40:35.255,15.21434,15.2178,0.00,0.00
2011.06.14 05:40:37.153,15.21467,15.21815,0.00,0.00
2011.06.14 05:40:40.163,15.21499,15.21816,0.00,0.00
2011.06.14 05:40:40.273,15.21477,15.21873,0.00,0.00
2011.06.14 05:40:40.426,15.21547,15.21865,0.00,0.00
2011.06.14 05:40:40.532,15.21532,15.21898,0.00,0.00
2011.06.14 05:40:40.752,15.21564,15.21864,0.00,0.00
2011.06.14 05:40:44.033,15.21514,15.21871,0.00,0.00
2011.06.14 05:40:44.593,15.21486,15.21834,0.00,0.00
2011.06.14 05:40:47.334,15.2144,15.21837,0.00,0.00
2011.06.14 05:40:47.442,15.21472,15.2182,0.00,0.00
2011.06.14 05:40:48.543,15.2151,15.21836,0.00,0.00
2011.06.14 05:40:49.443,15.21472,15.219,0.00,0.00
2011.06.14 05:40:49.772,15.21513,15.2185,0.00,0.00
2011.06.14 05:40:50.065,15.21468,15.21854,0.00,0.00
2011.06.14 05:40:51.382,15.21483,15.21829,0.00,0.00
2011.06.14 05:40:51.895,15.21505,15.21842,0.00,0.00
2011.06.14 05:40:52.114,15.21483,15.21879,0.00,0.00
2011.06.14 05:40:52.472,15.21503,15.21851,0.00,0.00
2011.06.14 05:40:53.504,15.21481,15.21879,0.00,0.00
2011.06.14 05:40:54.023,15.21537,15.21854,0.00,0.00
2011.06.14 05:40:54.133,15.2149,15.21887,0.00,0.00
2011.06.14 05:40:54.615,15.21488,15.21885,0.00,0.00
2011.06.14 05:40:56.529,15.21499,15.21847,0.00,0.00
2011.06.14 05:40:57.563,15.21463,15.21857,0.00,0.00
2011.06.14 05:41:00.189,15.215,15.21846,0.00,0.00
2011.06.14 05:41:00.821,15.21492,15.21878,0.00,0.00
2011.06.14 05:41:01.221,15.21512,15.21858,0.00,0.00
2011.06.14 05:41:01.336,15.2149,15.21878,0.00,0.00
2011.06.14 05:41:01.775,15.21486,15.21833,0.00,0.00
2011.06.14 05:41:01.883,15.21449,15.21833,0.00,0.00
2011.06.14 05:41:01.993,15.21426,15.21822,0.00,0.00
2011.06.14 05:41:04.557,15.21433,15.21779,0.00,0.00
2011.06.14 05:41:05.405,15.21421,15.21747,0.00,0.00
2011.06.14 05:41:11.214,15.21392,15.21738,0.00,0.00
2011.06.14 05:41:11.324,15.21383,15.21731,0.00,0.00
2011.06.14 05:41:11.433,15.21357,15.21723,0.00,0.00
2011.06.14 05:41:11.793,15.21294,15.21734,0.00,0.00
2011.06.14 05:41:11.903,15.21285,15.21713,0.00,0.00
2011.06.14 05:41:13.272,15.21279,15.21695,0.00,0.00
2011.06.14 05:41:13.492,15.21272,15.21668,0.00,0.00
2011.06.14 05:41:15.554,15.2128,15.21626,0.00,0.00
2011.06.14 05:41:18.495,15.21296,15.2165,0.00,0.00
2011.06.14 05:41:19.013,15.21343,15.21711,0.00,0.00
2011.06.14 05:41:19.233,15.21386,15.21732,0.00,0.00
2011.06.14 05:41:19.343,15.21404,15.21704,0.00,0.00
2011.06.14 05:41:19.452,15.21311,15.21707,0.00,0.00
2011.06.14 05:41:19.563,15.21281,15.21678,0.00,0.00
2011.06.14 05:41:21.677,15.21235,15.21675,0.00,0.00
2011.06.14 05:41:21.795,15.21233,15.21641,0.00,0.00
2011.06.14 05:41:22.323,15.21224,15.2161,0.00,0.00
2011.06.14 05:41:23.494,15.2121,15.21556,0.00,0.00
2011.06.14 05:41:26.492,15.21145,15.21541,0.00,0.00
2011.06.14 05:41:30.183,15.21104,15.21544,0.00,0.00
2011.06.14 05:41:30.402,15.21128,15.21524,0.00,0.00
2011.06.14 05:41:30.963,15.21176,15.21524,0.00,0.00
2011.06.14 05:41:34.935,15.2123,15.21536,0.00,0.00
2011.06.14 05:41:35.152,15.21199,15.21595,0.00,0.00
2011.06.14 05:41:46.087,15.21285,15.21584,0.00,0.00
2011.06.14 05:41:46.193,15.21316,15.21662,0.00,0.00
2011.06.14 05:41:46.302,15.2137,15.21686,0.00,0.00
2011.06.14 05:41:46.413,15.21375,15.21681,0.00,0.00
2011.06.14 05:41:46.637,15.21298,15.21694,0.00,0.00
2011.06.14 05:41:46.885,15.2129,15.21668,0.00,0.00
2011.06.14 05:41:48.445,15.2131,15.21658,0.00,0.00
2011.06.14 05:41:49.757,15.21351,15.21651,0.00,0.00
2011.06.14 05:41:49.864,15.21316,15.21712,0.00,0.00
2011.06.14 05:41:49.973,15.21371,15.21671,0.00,0.00
2011.06.14 05:41:50.083,15.21299,15.21693,0.00,0.00
2011.06.14 05:41:50.303,15.2128,15.21677,0.00,0.00
2011.06.14 05:41:51.565,15.21298,15.21646,0.00,0.00
2011.06.14 05:41:52.293,15.21284,15.2168,0.00,0.00
2011.06.14 05:41:52.513,15.21308,15.21705,0.00,0.00
2011.06.14 05:41:52.622,15.21326,15.21722,0.00,0.00
2011.06.14 05:41:52.733,15.21338,15.21684,0.00,0.00
2011.06.14 05:41:52.952,15.21325,15.21661,0.00,0.00
2011.06.14 05:41:53.063,15.21283,15.21671,0.00,0.00
2011.06.14 05:41:53.685,15.21297,15.21643,0.00,0.00
2011.06.14 05:41:55.602,15.21311,15.21619,0.00,0.00
2011.06.14 05:41:55.943,15.21284,15.2162,0.00,0.00
2011.06.14 05:41:56.544,15.21298,15.21606,0.00,0.00
2011.06.14 05:41:57.084,15.21298,15.21646,0.00,0.00
2011.06.14 05:41:59.802,15.21327,15.21633,0.00,0.00
2011.06.14 05:42:00.133,15.21286,15.21623,0.00,0.00
2011.06.14 05:42:00.242,15.21237,15.21623,0.00,0.00
2011.06.14 05:42:00.585,15.21233,15.21589,0.00,0.00
2011.06.14 05:42:01.465,15.21212,15.2156,0.00,0.00
2011.06.14 05:42:04.496,15.21178,15.21574,0.00,0.00
2011.06.14 05:42:09.385,15.21221,15.21618,0.00,0.00
2011.06.14 05:42:09.774,15.21312,15.21612,0.00,0.00
2011.06.14 05:42:10.043,15.21294,15.2164,0.00,0.00
2011.06.14 05:42:14.317,15.21312,15.2162,0.00,0.00
2011.06.14 05:42:14.533,15.21281,15.21629,0.00,0.00
2011.06.14 05:42:14.752,15.21283,15.21609,0.00,0.00
2011.06.14 05:42:15.404,15.21287,15.21595,0.00,0.00
2011.06.14 05:42:21.864,15.21281,15.21607,0.00,0.00
2011.06.14 05:42:30.225,15.21268,15.21616,0.00,0.00
2011.06.14 05:42:31.022,15.21269,15.21586,0.00,0.00
2011.06.14 05:42:32.223,15.21233,15.21587,0.00,0.00
2011.06.14 05:42:35.533,15.21248,15.21566,0.00,0.00
2011.06.14 05:42:35.644,15.21253,15.21553,0.00,0.00
2011.06.14 05:42:43.063,15.21201,15.21587,0.00,0.00
2011.06.14 05:42:44.341,15.21226,15.21563,0.00,0.00
2011.06.14 05:42:44.452,15.2125,15.21558,0.00,0.00
2011.06.14 05:42:45.867,15.2127,15.2157,0.00,0.00
2011.06.14 05:42:47.864,15.21245,15.21582,0.00,0.00
2011.06.14 05:42:59.414,15.21188,15.21584,0.00,0.00
2011.06.14 05:42:59.633,15.21186,15.21532,0.00,0.00
2011.06.14 05:43:00.063,15.21176,15.21493,0.00,0.00
2011.06.14 05:43:01.265,15.21138,15.21492,0.00,0.00
2011.06.14 05:43:11.104,15.21139,15.21485,0.00,0.00
2011.06.14 05:43:11.366,15.21136,15.21502,0.00,0.00
2011.06.14 05:43:11.474,15.21166,15.21484,0.00,0.00
2011.06.14 05:43:19.663,15.21139,15.21507,0.00,0.00
2011.06.14 05:43:19.773,15.21161,15.21478,0.00,0.00
2011.06.14 05:43:23.485,15.21125,15.21523,0.00,0.00
2011.06.14 05:43:27.704,15.21186,15.21486,0.00,0.00
2011.06.14 05:43:27.934,15.2115,15.21516,0.00,0.00
2011.06.14 05:43:40.098,15.21182,15.21499,0.00,0.00
2011.06.14 05:43:40.294,15.21172,15.21518,0.00,0.00
2011.06.14 05:43:40.734,15.21196,15.21504,0.00,0.00
2011.06.14 05:43:41.469,15.21201,15.21501,0.00,0.00
2011.06.14 05:43:41.693,15.21149,15.21535,0.00,0.00
2011.06.14 05:43:42.946,15.21168,15.21504,0.00,0.00
2011.06.14 05:43:43.055,15.21161,15.21465,0.00,0.00
2011.06.14 05:43:43.163,15.21085,15.21482,0.00,0.00
2011.06.14 05:43:43.273,15.21093,15.21439,0.00,0.00
2011.06.14 05:43:44.237,15.21084,15.21438,0.00,0.00
2011.06.14 05:43:44.453,15.21061,15.21457,0.00,0.00
2011.06.14 05:43:44.563,15.21026,15.21466,0.00,0.00
2011.06.14 05:43:45.190,15.21026,15.21432,0.00,0.00
2011.06.14 05:43:47.213,15.21001,15.21437,0.00,0.00
2011.06.14 05:43:47.543,15.21036,15.21422,0.00,0.00
2011.06.14 05:43:48.874,15.21071,15.21409,0.00,0.00
2011.06.14 05:43:48.985,15.21067,15.21413,0.00,0.00
2011.06.14 05:43:50.993,15.21033,15.21429,0.00,0.00
2011.06.14 05:43:51.103,15.21024,15.21412,0.00,0.00
2011.06.14 05:43:53.476,15.21028,15.21376,0.00,0.00
2011.06.14 05:43:58.414,15.20992,15.2139,0.00,0.00
2011.06.14 05:43:58.743,15.2101,15.21356,0.00,0.00
2011.06.14 05:44:01.603,15.21007,15.21381,0.00,0.00
2011.06.14 05:44:03.154,15.21053,15.21451,0.00,0.00
2011.06.14 05:44:03.594,15.21133,15.21481,0.00,0.00
2011.06.14 05:44:03.702,15.21137,15.21533,0.00,0.00
2011.06.14 05:44:04.693,15.21192,15.2154,0.00,0.00
2011.06.14 05:44:09.814,15.21231,15.21531,0.00,0.00
2011.06.14 05:44:10.207,15.21203,15.2154,0.00,0.00
2011.06.14 05:44:10.314,15.21168,15.21564,0.00,0.00
2011.06.14 05:44:17.123,15.21171,15.21535,0.00,0.00
2011.06.14 05:44:17.344,15.21133,15.21539,0.00,0.00
2011.06.14 05:44:17.655,15.21134,15.2151,0.00,0.00
2011.06.14 05:44:21.123,15.21134,15.21491,0.00,0.00
2011.06.14 05:44:21.523,15.21131,15.21477,0.00,0.00
2011.06.14 05:44:28.114,15.21139,15.21467,0.00,0.00
2011.06.14 05:44:33.864,15.21145,15.21491,0.00,0.00
2011.06.14 05:44:39.014,15.21162,15.21556,0.00,0.00
2011.06.14 05:44:39.124,15.2126,15.2156,0.00,0.00
2011.06.14 05:44:39.233,15.21272,15.2162,0.00,0.00
2011.06.14 05:44:42.704,15.21275,15.21672,0.00,0.00
2011.06.14 05:44:42.923,15.21313,15.21659,0.00,0.00
2011.06.14 05:44:43.185,15.21294,15.2169,0.00,0.00
2011.06.14 05:44:43.513,15.21344,15.21692,0.00,0.00
2011.06.14 05:44:43.932,15.21383,15.21729,0.00,0.00
2011.06.14 05:44:49.105,15.21413,15.21761,0.00,0.00
2011.06.14 05:44:49.353,15.21435,15.21781,0.00,0.00
2011.06.14 05:44:50.865,15.21474,15.2178,0.00,0.00
2011.06.14 05:44:51.083,15.21479,15.21796,0.00,0.00
2011.06.14 05:44:52.354,15.21466,15.21812,0.00,0.00
2011.06.14 05:45:05.163,15.21432,15.21828,0.00,0.00
2011.06.14 05:45:05.274,15.21432,15.21809,0.00,0.00
2011.06.14 05:45:06.084,15.21439,15.21795,0.00,0.00
2011.06.14 05:45:06.974,15.21418,15.21814,0.00,0.00
2011.06.14 05:45:07.086,15.21389,15.21829,0.00,0.00
2011.06.14 05:45:07.194,15.21424,15.21781,0.00,0.00
2011.06.14 05:45:08.495,15.21413,15.21759,0.00,0.00
2011.06.14 05:45:11.436,15.21386,15.21784,0.00,0.00
2011.06.14 05:45:17.436,15.21458,15.21764,0.00,0.00
2011.06.14 05:45:17.543,15.21465,15.21771,0.00,0.00
2011.06.14 05:45:20.165,15.21432,15.21789,0.00,0.00
2011.06.14 05:45:22.464,15.21424,15.21772,0.00,0.00
2011.06.14 05:45:23.302,15.21386,15.21782,0.00,0.00
2011.06.14 05:45:23.524,15.21378,15.21766,0.00,0.00
2011.06.14 05:45:26.442,15.21395,15.21741,0.00,0.00
2011.06.14 05:45:27.094,15.21378,15.21765,0.00,0.00
2011.06.14 05:45:27.205,15.21374,15.2177,0.00,0.00
2011.06.14 05:45:29.543,15.21365,15.21763,0.00,0.00
2011.06.14 05:45:29.653,15.21333,15.21773,0.00,0.00
2011.06.14 05:45:29.764,15.21327,15.21755,0.00,0.00
2011.06.14 05:45:31.494,15.21332,15.21728,0.00,0.00
2011.06.14 05:45:34.423,15.21359,15.21707,0.00,0.00
2011.06.14 05:45:38.433,15.21356,15.21733,0.00,0.00
2011.06.14 05:45:38.544,15.2136,15.21706,0.00,0.00
2011.06.14 05:45:39.519,15.21293,15.21733,0.00,0.00
2011.06.14 05:45:42.506,15.21326,15.21722,0.00,0.00
2011.06.14 05:45:57.514,15.21367,15.21753,0.00,0.00
2011.06.14 05:46:04.225,15.21414,15.21751,0.00,0.00
2011.06.14 05:46:04.443,15.21418,15.21754,0.00,0.00
2011.06.14 05:46:05.437,15.21389,15.21775,0.00,0.00
2011.06.14 05:46:05.654,15.21384,15.21782,0.00,0.00
2011.06.14 05:46:07.231,15.21395,15.21741,0.00,0.00
2011.06.14 05:46:08.501,15.21335,15.21732,0.00,0.00
2011.06.14 05:46:08.824,15.21292,15.21732,0.00,0.00
2011.06.14 05:46:11.244,15.2128,15.21718,0.00,0.00
2011.06.14 05:46:11.575,15.21299,15.21693,0.00,0.00
2011.06.14 05:46:12.933,15.21336,15.21684,0.00,0.00
2011.06.14 05:46:13.044,15.2133,15.21726,0.00,0.00
2011.06.14 05:46:14.582,15.21363,15.21711,0.00,0.00
2011.06.14 05:46:24.973,15.21339,15.21735,0.00,0.00
2011.06.14 05:46:25.084,15.21354,15.217,0.00,0.00
2011.06.14 05:46:27.516,15.21327,15.21701,0.00,0.00
2011.06.14 05:46:39.984,15.21356,15.21702,0.00,0.00
2011.06.14 05:46:40.734,15.21354,15.2174,0.00,0.00
2011.06.14 05:46:40.844,15.2137,15.21716,0.00,0.00
2011.06.14 05:46:42.936,15.21325,15.21723,0.00,0.00
2011.06.14 05:46:45.034,15.21281,15.21721,0.00,0.00
2011.06.14 05:46:45.255,15.21286,15.21683,0.00,0.00
2011.06.14 05:46:48.613,15.21312,15.2166,0.00,0.00
2011.06.14 05:46:57.583,15.21308,15.21704,0.00,0.00
2011.06.14 05:47:00.273,15.21319,15.21713,0.00,0.00
2011.06.14 05:47:03.940,15.21329,15.21717,0.00,0.00
2011.06.14 05:47:04.054,15.21327,15.21725,0.00,0.00
2011.06.14 05:47:04.164,15.21335,15.21731,0.00,0.00
2011.06.14 05:47:06.586,15.2137,15.21718,0.00,0.00
2011.06.14 05:47:08.236,15.21371,15.21735,0.00,0.00
2011.06.14 05:47:09.966,15.21383,15.21741,0.00,0.00
2011.06.14 05:47:10.074,15.21387,15.21765,0.00,0.00
2011.06.14 05:47:10.183,15.21426,15.21754,0.00,0.00
2011.06.14 05:47:10.294,15.21419,15.21776,0.00,0.00
2011.06.14 05:47:14.626,15.21424,15.2177,0.00,0.00
2011.06.14 05:47:14.994,15.21426,15.2177,0.00,0.00
2011.06.14 05:47:16.923,15.21429,15.21777,0.00,0.00
2011.06.14 05:47:17.034,15.21423,15.218,0.00,0.00
2011.06.14 05:47:17.300,15.21434,15.21802,0.00,0.00
2011.06.14 05:47:17.415,15.21436,15.21824,0.00,0.00
2011.06.14 05:47:30.737,15.21472,15.21809,0.00,0.00
2011.06.14 05:47:36.861,15.21479,15.21816,0.00,0.00
2011.06.14 05:47:36.974,15.21461,15.21835,0.00,0.00
2011.06.14 05:47:38.954,15.21465,15.21809,0.00,0.00
2011.06.14 05:47:41.504,15.21449,15.21806,0.00,0.00
2011.06.14 05:47:50.888,15.21475,15.21782,0.00,0.00
2011.06.14 05:47:51.104,15.21441,15.21818,0.00,0.00
2011.06.14 05:47:51.271,15.2142,15.21846,0.00,0.00
2011.06.14 05:47:51.604,15.21443,15.21829,0.00,0.00
2011.06.14 05:47:52.511,15.2148,15.21824,0.00,0.00
2011.06.14 05:47:55.481,15.21516,15.2182,0.00,0.00
2011.06.14 05:48:01.874,15.2151,15.21834,0.00,0.00
2011.06.14 05:48:02.014,15.21509,15.21811,0.00,0.00
2011.06.14 05:48:02.124,15.21478,15.21802,0.00,0.00
2011.06.14 05:48:03.613,15.21467,15.21771,0.00,0.00
2011.06.14 05:48:07.791,15.2141,15.21802,0.00,0.00
2011.06.14 05:48:07.905,15.21419,15.21787,0.00,0.00
2011.06.14 05:48:08.133,15.21392,15.21809,0.00,0.00
2011.06.14 05:48:12.466,15.21415,15.21789,0.00,0.00
2011.06.14 05:48:12.834,15.21421,15.21775,0.00,0.00
2011.06.14 05:48:14.775,15.21418,15.21762,0.00,0.00
2011.06.14 05:48:14.983,15.21386,15.21772,0.00,0.00
2011.06.14 05:48:18.634,15.21372,15.21766,0.00,0.00
2011.06.14 05:48:19.134,15.21369,15.21743,0.00,0.00
2011.06.14 05:48:25.994,15.21368,15.21712,0.00,0.00
2011.06.14 05:48:27.724,15.21319,15.21713,0.00,0.00
2011.06.14 05:48:27.834,15.21333,15.21657,0.00,0.00
2011.06.14 05:48:28.414,15.21334,15.21638,0.00,0.00
2011.06.14 05:48:58.535,15.21318,15.21642,0.00,0.00
2011.06.14 05:49:08.693,15.21319,15.21623,0.00,0.00
2011.06.14 05:49:25.405,15.21289,15.21637,0.00,0.00
2011.06.14 05:49:33.217,15.21279,15.21647,0.00,0.00
2011.06.14 05:49:34.825,15.21283,15.21657,0.00,0.00
2011.06.14 05:49:37.877,15.21328,15.21652,0.00,0.00
2011.06.14 05:49:56.436,15.2137,15.2167,0.00,0.00
2011.06.14 05:49:56.655,15.21362,15.2174,0.00,0.00
2011.06.14 05:49:56.946,15.21357,15.21765,0.00,0.00
2011.06.14 05:49:57.496,15.21335,15.21775,0.00,0.00
2011.06.14 05:49:57.604,15.2133,15.21768,0.00,0.00
2011.06.14 05:49:58.854,15.2134,15.21758,0.00,0.00
2011.06.14 05:50:01.489,15.21371,15.21745,0.00,0.00
2011.06.14 05:50:01.814,15.21384,15.2175,0.00,0.00
2011.06.14 05:50:05.518,15.21403,15.21727,0.00,0.00
2011.06.14 05:50:16.105,15.21381,15.21718,0.00,0.00
2011.06.14 05:50:20.725,15.21372,15.21696,0.00,0.00
2011.06.14 05:50:21.605,15.21336,15.21704,0.00,0.00
2011.06.14 05:50:21.714,15.21327,15.21701,0.00,0.00
2011.06.14 05:50:21.934,15.21328,15.21696,0.00,0.00
2011.06.14 05:50:23.069,15.21318,15.21692,0.00,0.00
2011.06.14 05:50:23.174,15.21321,15.21665,0.00,0.00
2011.06.14 05:50:34.455,15.21314,15.21638,0.00,0.00
2011.06.14 05:50:37.833,15.21291,15.21629,0.00,0.00
2011.06.14 05:50:38.603,15.21299,15.21617,0.00,0.00
2011.06.14 05:50:56.154,15.21318,15.21622,0.00,0.00
2011.06.14 05:51:18.474,15.21308,15.21632,0.00,0.00
2011.06.14 05:51:20.675,15.21296,15.216,0.00,0.00
2011.06.14 05:51:26.813,15.21179,15.21663,0.00,0.00
2011.06.14 05:51:35.245,15.21178,15.21662,0.00,0.00
2011.06.14 05:51:37.204,15.21179,15.21663,0.00,0.00
2011.06.14 05:51:42.752,15.2118,15.21664,0.00,0.00
2011.06.14 05:51:44.325,15.21207,15.21691,0.00,0.00
2011.06.14 05:51:53.086,15.21317,15.21655,0.00,0.00
2011.06.14 05:51:53.194,15.21314,15.21702,0.00,0.00
2011.06.14 05:51:53.414,15.21319,15.21713,0.00,0.00
2011.06.14 05:51:53.634,15.21315,15.21712,0.00,0.00
2011.06.14 05:51:53.841,15.21326,15.2169,0.00,0.00
2011.06.14 05:51:54.713,15.21332,15.21676,0.00,0.00
2011.06.14 05:51:55.467,15.21338,15.21642,0.00,0.00
2011.06.14 05:52:04.514,15.21258,15.21675,0.00,0.00
2011.06.14 05:52:04.730,15.21274,15.21648,0.00,0.00
2011.06.14 05:52:05.874,15.21272,15.2164,0.00,0.00
2011.06.14 05:52:06.176,15.21294,15.21611,0.00,0.00
2011.06.14 05:52:06.285,15.21274,15.21648,0.00,0.00
2011.06.14 05:52:08.488,15.21292,15.21616,0.00,0.00
2011.06.14 05:52:10.035,15.21238,15.21624,0.00,0.00
2011.06.14 05:52:17.624,15.21198,15.21638,0.00,0.00
2011.06.14 05:52:17.753,15.21217,15.21614,0.00,0.00
2011.06.14 05:52:17.864,15.2122,15.21604,0.00,0.00
2011.06.14 05:52:19.463,15.21222,15.21586,0.00,0.00
2011.06.14 05:52:20.015,15.21226,15.2157,0.00,0.00
2011.06.14 05:52:22.945,15.21237,15.21561,0.00,0.00
2011.06.14 05:52:24.528,15.21251,15.21551,0.00,0.00
2011.06.14 05:52:26.532,15.21214,15.216,0.00,0.00
2011.06.14 05:52:27.739,15.21274,15.21598,0.00,0.00
2011.06.14 05:52:32.095,15.2127,15.21668,0.00,0.00
2011.06.14 05:52:32.204,15.21322,15.2167,0.00,0.00
2011.06.14 05:52:32.314,15.21326,15.21703,0.00,0.00
2011.06.14 05:52:32.752,15.21334,15.21731,0.00,0.00
2011.06.14 05:52:34.574,15.2137,15.21724,0.00,0.00
2011.06.14 05:52:38.482,15.21391,15.21695,0.00,0.00
2011.06.14 05:52:41.894,15.21326,15.21692,0.00,0.00
2011.06.14 05:52:42.275,15.21208,15.21694,0.00,0.00
2011.06.14 05:52:43.545,15.21212,15.21558,0.00,0.00
2011.06.14 05:53:18.075,15.21181,15.21515,0.00,0.00
2011.06.14 05:53:18.184,15.21136,15.2152,0.00,0.00
2011.06.14 05:53:18.294,15.2112,15.21516,0.00,0.00
2011.06.14 05:53:19.011,15.21117,15.21491,0.00,0.00
2011.06.14 05:53:20.474,15.21103,15.21449,0.00,0.00
2011.06.14 05:53:25.584,15.21047,15.21455,0.00,0.00
2011.06.14 05:53:25.695,15.21082,15.2143,0.00,0.00
2011.06.14 05:53:26.904,15.21074,15.21471,0.00,0.00
2011.06.14 05:53:29.545,15.21113,15.21461,0.00,0.00
2011.06.14 05:53:31.463,15.21121,15.21465,0.00,0.00
2011.06.14 05:53:34.104,15.2112,15.21468,0.00,0.00
2011.06.14 05:53:48.585,15.21116,15.2146,0.00,0.00
2011.06.14 05:53:49.035,15.21091,15.21479,0.00,0.00
2011.06.14 05:53:49.382,15.21087,15.21493,0.00,0.00
2011.06.14 05:53:50.498,15.21108,15.21472,0.00,0.00
2011.06.14 05:53:51.632,15.21094,15.21438,0.00,0.00
2011.06.14 05:53:54.127,15.21024,15.21462,0.00,0.00
2011.06.14 05:53:54.235,15.21069,15.21417,0.00,0.00
2011.06.14 05:53:55.904,15.21072,15.21416,0.00,0.00
2011.06.14 05:54:10.332,15.21064,15.2141,0.00,0.00
2011.06.14 05:54:14.054,15.21062,15.21376,0.00,0.00
2011.06.14 05:54:18.602,15.21019,15.21405,0.00,0.00
2011.06.14 05:54:21.685,15.21065,15.21389,0.00,0.00
2011.06.14 05:54:21.924,15.21061,15.21407,0.00,0.00
2011.06.14 05:54:22.102,15.21078,15.21392,0.00,0.00
2011.06.14 05:54:23.172,15.21062,15.21396,0.00,0.00
2011.06.14 05:54:27.496,15.21055,15.21359,0.00,0.00
2011.06.14 05:54:28.172,15.20993,15.21361,0.00,0.00
2011.06.14 05:54:34.762,15.20996,15.21344,0.00,0.00
2011.06.14 05:54:36.342,15.21027,15.21373,0.00,0.00
2011.06.14 05:54:44.445,15.21059,15.21447,0.00,0.00
2011.06.14 05:54:45.480,15.21101,15.21465,0.00,0.00
2011.06.14 05:54:46.215,15.21126,15.2147,0.00,0.00
2011.06.14 05:54:47.486,15.21127,15.21501,0.00,0.00
2011.06.14 05:54:48.495,15.21168,15.21492,0.00,0.00
2011.06.14 05:54:49.064,15.21188,15.21505,0.00,0.00
2011.06.14 05:54:49.174,15.21167,15.21555,0.00,0.00
2011.06.14 05:54:49.765,15.21162,15.21556,0.00,0.00
2011.06.14 05:54:49.876,15.21181,15.21529,0.00,0.00
2011.06.14 05:54:52.346,15.21183,15.21537,0.00,0.00
2011.06.14 05:54:53.496,15.21221,15.21525,0.00,0.00
2011.06.14 05:54:54.143,15.21225,15.21549,0.00,0.00
2011.06.14 05:54:58.282,15.21222,15.21576,0.00,0.00
2011.06.14 05:54:58.556,15.21244,15.21548,0.00,0.00
2011.06.14 05:55:00.882,15.21189,15.21566,0.00,0.00
2011.06.14 05:55:03.384,15.21193,15.21541,0.00,0.00
2011.06.14 05:55:04.914,15.21202,15.21506,0.00,0.00
2011.06.14 05:55:05.363,15.21153,15.2153,0.00,0.00
2011.06.14 05:55:05.584,15.21175,15.21509,0.00,0.00
2011.06.14 05:55:05.802,15.21167,15.21521,0.00,0.00
2011.06.14 05:55:10.595,15.21178,15.21512,0.00,0.00
2011.06.14 05:55:11.297,15.21174,15.21528,0.00,0.00
2011.06.14 05:55:14.376,15.21188,15.21536,0.00,0.00
2011.06.14 05:55:14.484,15.21181,15.21578,0.00,0.00
2011.06.14 05:55:16.594,15.21219,15.21573,0.00,0.00
2011.06.14 05:55:17.333,15.21226,15.216,0.00,0.00
2011.06.14 05:55:19.635,15.21257,15.21581,0.00,0.00
2011.06.14 05:55:21.435,15.21252,15.21556,0.00,0.00
2011.06.14 05:55:30.992,15.21194,15.21562,0.00,0.00
2011.06.14 05:55:37.341,15.21197,15.21543,0.00,0.00
2011.06.14 05:55:38.705,15.21197,15.21565,0.00,0.00
2011.06.14 05:55:43.035,15.21234,15.21538,0.00,0.00
2011.06.14 05:55:47.902,15.21181,15.21547,0.00,0.00
2011.06.14 05:55:49.434,15.2116,15.21546,0.00,0.00
2011.06.14 05:55:49.544,15.2119,15.21494,0.00,0.00
2011.06.14 05:55:56.025,15.21143,15.215,0.00,0.00
2011.06.14 05:55:57.162,15.21143,15.2148,0.00,0.00
2011.06.14 05:55:57.275,15.21142,15.21446,0.00,0.00
2011.06.14 05:55:57.385,15.21092,15.21438,0.00,0.00
2011.06.14 05:55:58.144,15.21086,15.21403,0.00,0.00
2011.06.14 05:55:59.993,15.21091,15.21391,0.00,0.00
2011.06.14 05:56:00.107,15.21093,15.21393,0.00,0.00
2011.06.14 05:56:00.215,15.21069,15.21425,0.00,0.00
2011.06.14 05:56:13.385,15.21123,15.21423,0.00,0.00
2011.06.14 05:56:15.506,15.21131,15.21431,0.00,0.00
2011.06.14 05:56:24.094,15.21098,15.21444,0.00,0.00
2011.06.14 05:56:24.915,15.2111,15.2141,0.00,0.00
2011.06.14 05:56:25.634,15.21074,15.21408,0.00,0.00
2011.06.14 05:56:25.745,15.21055,15.21369,0.00,0.00
2011.06.14 05:56:26.245,15.20996,15.21364,0.00,0.00
2011.06.14 05:56:26.892,15.21,15.21337,0.00,0.00
2011.06.14 05:56:27.004,15.21017,15.21321,0.00,0.00
2011.06.14 05:56:28.605,15.20988,15.2131,0.00,0.00
2011.06.14 05:56:28.836,15.20925,15.21307,0.00,0.00
2011.06.14 05:56:33.091,15.20918,15.2128,0.00,0.00
2011.06.14 05:56:41.512,15.20899,15.21281,0.00,0.00
2011.06.14 05:56:44.581,15.20901,15.21253,0.00,0.00
2011.06.14 05:56:50.052,15.20888,15.21245,0.00,0.00
2011.06.14 05:56:53.965,15.2091,15.21236,0.00,0.00
2011.06.14 05:56:55.253,15.20924,15.21224,0.00,0.00
2011.06.14 05:56:55.365,15.20908,15.21214,0.00,0.00
2011.06.14 05:56:57.862,15.20889,15.21245,0.00,0.00
2011.06.14 05:57:03.982,15.20922,15.21236,0.00,0.00
2011.06.14 05:57:04.205,15.20908,15.21252,0.00,0.00
2011.06.14 05:57:08.945,15.20903,15.21217,0.00,0.00
2011.06.14 05:57:12.161,15.20831,15.21219,0.00,0.00
2011.06.14 05:57:13.665,15.20819,15.21207,0.00,0.00
2011.06.14 05:57:16.405,15.20874,15.21174,0.00,0.00
2011.06.14 05:57:16.515,15.20885,15.21191,0.00,0.00
2011.06.14 05:57:16.672,15.20876,15.21224,0.00,0.00
2011.06.14 05:57:18.564,15.20894,15.21198,0.00,0.00
2011.06.14 05:57:21.715,15.20851,15.21217,0.00,0.00
2011.06.14 05:57:23.431,15.20847,15.21235,0.00,0.00
2011.06.14 05:57:24.522,15.20891,15.21205,0.00,0.00
2011.06.14 05:57:36.071,15.20863,15.21241,0.00,0.00
2011.06.14 05:57:42.785,15.20917,15.21231,0.00,0.00
2011.06.14 05:57:47.792,15.20919,15.21263,0.00,0.00
2011.06.14 05:57:51.325,15.20943,15.21279,0.00,0.00
2011.06.14 05:57:51.545,15.20964,15.21308,0.00,0.00
2011.06.14 05:57:52.304,15.20971,15.21335,0.00,0.00
2011.06.14 05:57:54.491,15.20994,15.21308,0.00,0.00
2011.06.14 05:57:56.343,15.20936,15.21322,0.00,0.00
2011.06.14 05:57:58.252,15.2092,15.21288,0.00,0.00
2011.06.14 05:58:01.636,15.20868,15.21308,0.00,0.00
2011.06.14 05:58:01.746,15.20919,15.21219,0.00,0.00
2011.06.14 05:58:01.966,15.2086,15.21206,0.00,0.00
2011.06.14 05:58:05.036,15.20831,15.21199,0.00,0.00
2011.06.14 05:58:11.742,15.20836,15.21182,0.00,0.00
2011.06.14 05:58:36.221,15.20861,15.21178,0.00,0.00
2011.06.14 05:58:41.652,15.2088,15.2118,0.00,0.00
2011.06.14 05:58:43.526,15.20834,15.212,0.00,0.00
2011.06.14 05:59:00.301,15.20842,15.21178,0.00,0.00
2011.06.14 05:59:07.221,15.20838,15.21242,0.00,0.00
2011.06.14 05:59:07.337,15.20937,15.21237,0.00,0.00
2011.06.14 05:59:07.445,15.20919,15.21287,0.00,0.00
2011.06.14 05:59:08.216,15.20937,15.21283,0.00,0.00
2011.06.14 05:59:08.545,15.20954,15.21258,0.00,0.00
2011.06.14 05:59:09.061,15.20927,15.21255,0.00,0.00
2011.06.14 05:59:13.515,15.20917,15.21263,0.00,0.00
2011.06.14 05:59:15.475,15.2095,15.21254,0.00,0.00
2011.06.14 05:59:15.820,15.20925,15.21279,0.00,0.00
2011.06.14 05:59:17.935,15.20929,15.21277,0.00,0.00
2011.06.14 05:59:18.176,15.20929,15.21283,0.00,0.00
2011.06.14 05:59:18.395,15.20926,15.21292,0.00,0.00
2011.06.14 05:59:18.785,15.20925,15.21299,0.00,0.00
2011.06.14 05:59:19.115,15.20959,15.21313,0.00,0.00
2011.06.14 05:59:20.036,15.21011,15.21339,0.00,0.00
2011.06.14 05:59:20.733,15.21019,15.21376,0.00,0.00
2011.06.14 05:59:23.745,15.21021,15.21397,0.00,0.00
2011.06.14 05:59:24.623,15.21041,15.21398,0.00,0.00
2011.06.14 05:59:26.418,15.21082,15.21396,0.00,0.00
2011.06.14 05:59:27.626,15.21075,15.21452,0.00,0.00
2011.06.14 05:59:31.022,15.21081,15.21489,0.00,0.00
2011.06.14 05:59:31.245,15.21127,15.21483,0.00,0.00
2011.06.14 05:59:34.497,15.2115,15.21464,0.00,0.00
2011.06.14 05:59:54.511,15.21126,15.21452,0.00,0.00
2011.06.14 05:59:55.496,15.21089,15.21455,0.00,0.00
2011.06.14 05:59:56.966,15.2107,15.21444,0.00,0.00
2011.06.14 05:59:57.745,15.21065,15.21409,0.00,0.00
2011.06.14 05:59:58.205,15.21048,15.21396,0.00,0.00
