2013.11.01 17:00:00.107,13.15192,13.15508,0.00,0.00
2013.11.01 17:00:00.168,13.1516,13.15447,0.00,0.00
2013.11.01 17:00:00.508,13.15142,13.15447,0.00,0.00
2013.11.01 17:00:00.628,13.15142,13.15427,0.00,0.00
2013.11.01 17:00:00.688,13.15112,13.15427,0.00,0.00
2013.11.01 17:00:00.749,13.15137,13.15438,0.00,0.00
2013.11.01 17:00:01.108,13.15167,13.15488,0.00,0.00
2013.11.01 17:00:01.167,13.15187,13.15457,0.00,0.00
2013.11.01 17:00:01.287,13.15169,13.15478,0.00,0.00
2013.11.01 17:00:01.379,13.15162,13.15478,0.00,0.00
2013.11.01 17:00:01.438,13.15142,13.15458,0.00,0.00
2013.11.01 17:00:01.498,13.15104,13.15437,0.00,0.00
2013.11.01 17:00:01.647,13.15115,13.15437,0.00,0.00
2013.11.01 17:00:02.038,13.15117,13.15437,0.00,0.00
2013.11.01 17:00:02.491,13.15098,13.15437,0.00,0.00
2013.11.01 17:00:02.547,13.15107,13.15428,0.00,0.00
2013.11.01 17:00:02.857,13.15147,13.15467,0.00,0.00
2013.11.01 17:00:04.217,13.15167,13.15487,0.00,0.00
2013.11.01 17:00:04.545,13.15162,13.15478,0.00,0.00
2013.11.01 17:00:05.060,13.15142,13.15458,0.00,0.00
2013.11.01 17:00:05.297,13.1512,13.15447,0.00,0.00
2013.11.01 17:00:05.361,13.15102,13.15447,0.00,0.00
2013.11.01 17:00:05.417,13.15082,13.15447,0.00,0.00
2013.11.01 17:00:05.880,13.15082,13.15447,0.00,0.00
2013.11.01 17:00:06.195,13.15157,13.15477,0.00,0.00
2013.11.01 17:00:07.808,13.15157,13.15478,0.00,0.00
2013.11.01 17:00:08.117,13.15197,13.15518,0.00,0.00
2013.11.01 17:00:08.452,13.15227,13.15548,0.00,0.00
2013.11.01 17:00:08.777,13.15247,13.1555,0.00,0.00
2013.11.01 17:00:08.837,13.15247,13.15568,0.00,0.00
2013.11.01 17:00:10.477,13.15337,13.15648,0.00,0.00
2013.11.01 17:00:10.717,13.15302,13.15618,0.00,0.00
2013.11.01 17:00:10.837,13.15292,13.15608,0.00,0.00
2013.11.01 17:00:11.217,13.15272,13.15588,0.00,0.00
2013.11.01 17:00:11.704,13.15337,13.15638,0.00,0.00
2013.11.01 17:00:12.007,13.15358,13.15638,0.00,0.00
2013.11.01 17:00:12.197,13.15427,13.15748,0.00,0.00
2013.11.01 17:00:13.005,13.15437,13.15748,0.00,0.00
2013.11.01 17:00:13.102,13.15457,13.15778,0.00,0.00
2013.11.01 17:00:17.190,13.15442,13.15748,0.00,0.00
2013.11.01 17:00:17.388,13.15447,13.15768,0.00,0.00
2013.11.01 17:00:18.017,13.15442,13.15758,0.00,0.00
2013.11.01 17:00:19.322,13.15418,13.15708,0.00,0.00
2013.11.01 17:00:19.437,13.15368,13.15678,0.00,0.00
2013.11.01 17:00:19.497,13.15362,13.15678,0.00,0.00
2013.11.01 17:00:19.657,13.15318,13.15608,0.00,0.00
2013.11.01 17:00:19.837,13.15218,13.15547,0.00,0.00
2013.11.01 17:00:19.957,13.15212,13.15547,0.00,0.00
2013.11.01 17:00:20.077,13.15212,13.15528,0.00,0.00
2013.11.01 17:00:21.087,13.15152,13.15468,0.00,0.00
2013.11.01 17:00:21.950,13.15142,13.15458,0.00,0.00
2013.11.01 17:00:22.791,13.15132,13.15448,0.00,0.00
2013.11.01 17:00:23.098,13.15112,13.15428,0.00,0.00
2013.11.01 17:00:23.417,13.15082,13.15398,0.00,0.00
2013.11.01 17:00:24.828,13.15062,13.15378,0.00,0.00
2013.11.01 17:00:25.997,13.15137,13.15401,0.00,0.00
2013.11.01 17:00:26.117,13.15137,13.15448,0.00,0.00
2013.11.01 17:00:26.177,13.15147,13.15468,0.00,0.00
2013.11.01 17:00:27.417,13.15152,13.15468,0.00,0.00
2013.11.01 17:00:27.477,13.15237,13.15486,0.00,0.00
2013.11.01 17:00:27.537,13.15237,13.15515,0.00,0.00
2013.11.01 17:00:27.597,13.15257,13.15515,0.00,0.00
2013.11.01 17:00:27.657,13.15257,13.15578,0.00,0.00
2013.11.01 17:00:27.717,13.15267,13.15588,0.00,0.00
2013.11.01 17:00:28.174,13.15337,13.15597,0.00,0.00
2013.11.01 17:00:28.327,13.15337,13.15611,0.00,0.00
2013.11.01 17:00:28.447,13.15337,13.15648,0.00,0.00
2013.11.01 17:00:28.507,13.15347,13.15668,0.00,0.00
2013.11.01 17:00:29.347,13.15357,13.15678,0.00,0.00
2013.11.01 17:00:30.207,13.15342,13.15658,0.00,0.00
2013.11.01 17:00:30.517,13.15326,13.15527,0.00,0.00
2013.11.01 17:00:30.577,13.15243,13.15527,0.00,0.00
2013.11.01 17:00:30.638,13.15172,13.15488,0.00,0.00
2013.11.01 17:00:34.197,13.15131,13.15408,0.00,0.00
2013.11.01 17:00:34.257,13.15072,13.15388,0.00,0.00
2013.11.01 17:00:37.091,13.15137,13.15406,0.00,0.00
2013.11.01 17:00:37.398,13.15167,13.15426,0.00,0.00
2013.11.01 17:00:37.457,13.15167,13.15488,0.00,0.00
2013.11.01 17:00:37.517,13.15177,13.15498,0.00,0.00
2013.11.01 17:00:38.528,13.15177,13.15497,0.00,0.00
2013.11.01 17:00:38.918,13.15142,13.15448,0.00,0.00
2013.11.01 17:00:40.637,13.15147,13.15468,0.00,0.00
2013.11.01 17:00:40.797,13.15167,13.15487,0.00,0.00
2013.11.01 17:00:41.353,13.15167,13.15488,0.00,0.00
2013.11.01 17:00:41.711,13.15152,13.15468,0.00,0.00
2013.11.01 17:00:42.893,13.15157,13.15478,0.00,0.00
2013.11.01 17:00:45.227,13.15142,13.15458,0.00,0.00
2013.11.01 17:00:47.217,13.15142,13.15417,0.00,0.00
2013.11.01 17:00:47.277,13.15122,13.15417,0.00,0.00
2013.11.01 17:00:47.337,13.15072,13.15388,0.00,0.00
2013.11.01 17:00:47.517,13.15052,13.15368,0.00,0.00
2013.11.01 17:00:53.222,13.15137,13.15371,0.00,0.00
2013.11.01 17:00:53.457,13.15083,13.15371,0.00,0.00
2013.11.01 17:00:53.577,13.15052,13.15368,0.00,0.00
2013.11.01 17:00:53.637,13.15091,13.15368,0.00,0.00
2013.11.01 17:00:53.697,13.15052,13.15368,0.00,0.00
2013.11.01 17:00:59.744,13.15026,13.15338,0.00,0.00
2013.11.01 17:01:00.047,13.14952,13.15268,0.00,0.00
2013.11.01 17:01:01.137,13.14942,13.15291,0.00,0.00
2013.11.01 17:01:01.197,13.14942,13.15304,0.00,0.00
2013.11.01 17:01:01.923,13.14942,13.15258,0.00,0.00
2013.11.01 17:01:02.127,13.14967,13.15288,0.00,0.00
2013.11.01 17:01:02.247,13.14991,13.15248,0.00,0.00
2013.11.01 17:01:02.387,13.14932,13.15248,0.00,0.00
2013.11.01 17:01:03.241,13.14937,13.15248,0.00,0.00
2013.11.01 17:01:03.860,13.14932,13.15248,0.00,0.00
2013.11.01 17:01:04.888,13.14937,13.15248,0.00,0.00
2013.11.01 17:01:06.308,13.14932,13.15248,0.00,0.00
2013.11.01 17:01:06.907,13.14932,13.15227,0.00,0.00
2013.11.01 17:01:06.967,13.14882,13.15186,0.00,0.00
2013.11.01 17:01:07.027,13.14852,13.15168,0.00,0.00
2013.11.01 17:01:07.147,13.14811,13.15018,0.00,0.00
2013.11.01 17:01:07.207,13.14702,13.15018,0.00,0.00
2013.11.01 17:01:07.267,13.14652,13.14968,0.00,0.00
2013.11.01 17:01:07.607,13.14667,13.14988,0.00,0.00
2013.11.01 17:01:07.999,13.14667,13.14941,0.00,0.00
2013.11.01 17:01:08.068,13.14612,13.14928,0.00,0.00
2013.11.01 17:01:08.134,13.14612,13.14921,0.00,0.00
2013.11.01 17:01:08.187,13.14572,13.14888,0.00,0.00
2013.11.01 17:01:08.696,13.14587,13.14908,0.00,0.00
2013.11.01 17:01:09.007,13.14582,13.14898,0.00,0.00
2013.11.01 17:01:09.337,13.14637,13.14948,0.00,0.00
2013.11.01 17:01:09.517,13.14637,13.14958,0.00,0.00
2013.11.01 17:01:09.668,13.14632,13.14948,0.00,0.00
2013.11.01 17:01:09.976,13.14657,13.14967,0.00,0.00
2013.11.01 17:01:10.137,13.14737,13.15058,0.00,0.00
2013.11.01 17:01:10.197,13.14777,13.15072,0.00,0.00
2013.11.01 17:01:10.257,13.14777,13.1509,0.00,0.00
2013.11.01 17:01:10.317,13.14777,13.15098,0.00,0.00
2013.11.01 17:01:10.682,13.14772,13.15088,0.00,0.00
2013.11.01 17:01:11.037,13.14742,13.15007,0.00,0.00
2013.11.01 17:01:11.097,13.14699,13.15007,0.00,0.00
2013.11.01 17:01:11.267,13.14692,13.15007,0.00,0.00
2013.11.01 17:01:11.327,13.14682,13.15007,0.00,0.00
2013.11.01 17:01:11.798,13.14672,13.15007,0.00,0.00
2013.11.01 17:01:12.187,13.14672,13.14987,0.00,0.00
2013.11.01 17:01:12.247,13.14662,13.14978,0.00,0.00
2013.11.01 17:01:12.307,13.14677,13.14987,0.00,0.00
2013.11.01 17:01:12.627,13.14654,13.14987,0.00,0.00
2013.11.01 17:01:12.729,13.14627,13.14987,0.00,0.00
2013.11.01 17:01:12.847,13.14647,13.14968,0.00,0.00
2013.11.01 17:01:13.197,13.14657,13.14978,0.00,0.00
2013.11.01 17:01:13.544,13.14687,13.14987,0.00,0.00
2013.11.01 17:01:13.946,13.14687,13.14967,0.00,0.00
2013.11.01 17:01:14.049,13.14672,13.14967,0.00,0.00
2013.11.01 17:01:14.167,13.14697,13.14995,0.00,0.00
2013.11.01 17:01:14.367,13.14697,13.15017,0.00,0.00
2013.11.01 17:01:14.864,13.14717,13.15017,0.00,0.00
2013.11.01 17:01:15.267,13.14717,13.15038,0.00,0.00
2013.11.01 17:01:15.327,13.14727,13.15047,0.00,0.00
2013.11.01 17:01:17.036,13.14722,13.15038,0.00,0.00
2013.11.01 17:01:17.668,13.14727,13.15047,0.00,0.00
2013.11.01 17:01:17.807,13.14722,13.15038,0.00,0.00
2013.11.01 17:01:18.649,13.14727,13.15047,0.00,0.00
2013.11.01 17:01:19.176,13.14712,13.15028,0.00,0.00
2013.11.01 17:01:19.379,13.14727,13.15047,0.00,0.00
2013.11.01 17:01:20.009,13.14706,13.15008,0.00,0.00
2013.11.01 17:01:20.237,13.14692,13.15008,0.00,0.00
2013.11.01 17:01:20.322,13.14707,13.15028,0.00,0.00
2013.11.01 17:01:20.637,13.14682,13.14998,0.00,0.00
2013.11.01 17:01:21.177,13.14663,13.14978,0.00,0.00
2013.11.01 17:01:21.842,13.14662,13.14978,0.00,0.00
2013.11.01 17:01:22.417,13.14677,13.14998,0.00,0.00
2013.11.01 17:01:22.827,13.14737,13.15022,0.00,0.00
2013.11.01 17:01:22.947,13.14737,13.15038,0.00,0.00
2013.11.01 17:01:23.007,13.14712,13.15028,0.00,0.00
2013.11.01 17:01:23.137,13.14737,13.15047,0.00,0.00
2013.11.01 17:01:23.201,13.14692,13.15008,0.00,0.00
2013.11.01 17:01:23.349,13.14767,13.15032,0.00,0.00
2013.11.01 17:01:23.407,13.14767,13.15047,0.00,0.00
2013.11.01 17:01:23.467,13.14767,13.15088,0.00,0.00
2013.11.01 17:01:23.623,13.14777,13.15098,0.00,0.00
2013.11.01 17:01:23.927,13.14787,13.15108,0.00,0.00
2013.11.01 17:01:24.268,13.14827,13.15148,0.00,0.00
2013.11.01 17:01:24.397,13.14807,13.15128,0.00,0.00
2013.11.01 17:01:24.517,13.14802,13.15128,0.00,0.00
2013.11.01 17:01:24.960,13.14837,13.15146,0.00,0.00
2013.11.01 17:01:25.018,13.14837,13.15158,0.00,0.00
2013.11.01 17:01:25.378,13.14837,13.15148,0.00,0.00
2013.11.01 17:01:26.017,13.14937,13.15167,0.00,0.00
2013.11.01 17:01:26.137,13.14937,13.15218,0.00,0.00
2013.11.01 17:01:26.293,13.14937,13.15238,0.00,0.00
2013.11.01 17:01:26.611,13.14922,13.15238,0.00,0.00
2013.11.01 17:01:26.922,13.14937,13.15248,0.00,0.00
2013.11.01 17:01:27.367,13.15037,13.15257,0.00,0.00
2013.11.01 17:01:27.427,13.15037,13.15298,0.00,0.00
2013.11.01 17:01:27.487,13.15037,13.15307,0.00,0.00
2013.11.01 17:01:27.547,13.15032,13.15348,0.00,0.00
2013.11.01 17:01:27.733,13.15037,13.15348,0.00,0.00
2013.11.01 17:01:29.876,13.15037,13.15347,0.00,0.00
2013.11.01 17:01:29.937,13.15017,13.15328,0.00,0.00
2013.11.01 17:01:30.167,13.14982,13.15308,0.00,0.00
2013.11.01 17:01:30.227,13.14982,13.15297,0.00,0.00
2013.11.01 17:01:30.287,13.14952,13.15268,0.00,0.00
2013.11.01 17:01:30.528,13.14932,13.15247,0.00,0.00
2013.11.01 17:01:30.587,13.14902,13.15218,0.00,0.00
2013.11.01 17:01:31.344,13.14892,13.15218,0.00,0.00
2013.11.01 17:01:32.977,13.14892,13.15187,0.00,0.00
2013.11.01 17:01:33.680,13.14862,13.15146,0.00,0.00
2013.11.01 17:01:33.749,13.14762,13.15078,0.00,0.00
2013.11.01 17:01:34.647,13.14777,13.15098,0.00,0.00
2013.11.01 17:01:36.030,13.14762,13.15078,0.00,0.00
2013.11.01 17:01:37.054,13.14767,13.15088,0.00,0.00
2013.11.01 17:01:37.457,13.14787,13.15108,0.00,0.00
2013.11.01 17:01:37.865,13.14807,13.15125,0.00,0.00
2013.11.01 17:01:37.927,13.14807,13.15128,0.00,0.00
2013.11.01 17:01:38.475,13.14802,13.15118,0.00,0.00
2013.11.01 17:01:38.989,13.14837,13.15128,0.00,0.00
2013.11.01 17:01:39.107,13.14847,13.15168,0.00,0.00
2013.11.01 17:01:39.397,13.14842,13.15148,0.00,0.00
2013.11.01 17:01:39.647,13.14762,13.15078,0.00,0.00
2013.11.01 17:01:40.317,13.14777,13.15098,0.00,0.00
2013.11.01 17:01:40.637,13.14777,13.15096,0.00,0.00
2013.11.01 17:01:40.797,13.14787,13.15108,0.00,0.00
2013.11.01 17:01:40.857,13.14782,13.15098,0.00,0.00
2013.11.01 17:01:41.340,13.14759,13.15097,0.00,0.00
2013.11.01 17:01:41.750,13.14759,13.15078,0.00,0.00
2013.11.01 17:01:42.055,13.14777,13.15097,0.00,0.00
2013.11.01 17:01:42.155,13.14772,13.15088,0.00,0.00
2013.11.01 17:01:42.277,13.14777,13.15097,0.00,0.00
2013.11.01 17:01:42.517,13.14772,13.15088,0.00,0.00
2013.11.01 17:01:42.765,13.14777,13.15097,0.00,0.00
2013.11.01 17:01:43.070,13.14762,13.15078,0.00,0.00
2013.11.01 17:01:43.217,13.14767,13.15088,0.00,0.00
2013.11.01 17:01:43.588,13.14762,13.15078,0.00,0.00
2013.11.01 17:01:43.988,13.14752,13.15068,0.00,0.00
2013.11.01 17:01:44.503,13.14742,13.15048,0.00,0.00
2013.11.01 17:01:44.757,13.14742,13.15058,0.00,0.00
2013.11.01 17:01:44.877,13.14747,13.15068,0.00,0.00
2013.11.01 17:01:47.453,13.14788,13.15068,0.00,0.00
2013.11.01 17:01:47.518,13.14867,13.15188,0.00,0.00
2013.11.01 17:01:48.647,13.14877,13.15198,0.00,0.00
2013.11.01 17:01:48.967,13.14937,13.15238,0.00,0.00
2013.11.01 17:01:52.287,13.14947,13.15268,0.00,0.00
2013.11.01 17:01:54.883,13.15037,13.15248,0.00,0.00
2013.11.01 17:01:55.007,13.1493,13.1529,0.00,0.00
2013.11.01 17:01:55.067,13.14905,13.15265,0.00,0.00
2013.11.01 17:01:55.388,13.15068,13.15348,0.00,0.00
2013.11.01 17:01:55.509,13.15009,13.15348,0.00,0.00
2013.11.01 17:01:55.568,13.15077,13.15398,0.00,0.00
2013.11.01 17:01:55.877,13.15044,13.15348,0.00,0.00
2013.11.01 17:01:55.953,13.15032,13.15348,0.00,0.00
2013.11.01 17:01:56.215,13.15037,13.15348,0.00,0.00
2013.11.01 17:01:56.415,13.15037,13.15358,0.00,0.00
2013.11.01 17:01:59.009,13.15037,13.15348,0.00,0.00
2013.11.01 17:01:59.362,13.15037,13.15328,0.00,0.00
2013.11.01 17:01:59.861,13.15047,13.15349,0.00,0.00
2013.11.01 17:01:59.968,13.15047,13.15358,0.00,0.00
2013.11.01 17:02:00.087,13.15032,13.15348,0.00,0.00
2013.11.01 17:02:00.208,13.15047,13.15368,0.00,0.00
2013.11.01 17:02:00.581,13.15032,13.15348,0.00,0.00
2013.11.01 17:02:01.092,13.15037,13.15358,0.00,0.00
2013.11.01 17:02:04.956,13.15057,13.15378,0.00,0.00
2013.11.01 17:02:05.443,13.15137,13.15398,0.00,0.00
2013.11.01 17:02:05.627,13.15137,13.15438,0.00,0.00
2013.11.01 17:02:05.784,13.15137,13.15458,0.00,0.00
2013.11.01 17:02:06.676,13.15137,13.15437,0.00,0.00
2013.11.01 17:02:06.737,13.15122,13.15437,0.00,0.00
2013.11.01 17:02:06.858,13.15122,13.15434,0.00,0.00
2013.11.01 17:02:06.917,13.15082,13.15398,0.00,0.00
2013.11.01 17:02:07.037,13.15062,13.15378,0.00,0.00
2013.11.01 17:02:11.277,13.15067,13.15388,0.00,0.00
2013.11.01 17:02:11.607,13.14954,13.15268,0.00,0.00
2013.11.01 17:02:11.727,13.14952,13.15268,0.00,0.00
2013.11.01 17:02:11.787,13.14932,13.15248,0.00,0.00
2013.11.01 17:02:12.089,13.14862,13.15178,0.00,0.00
2013.11.01 17:02:13.100,13.14867,13.15187,0.00,0.00
2013.11.01 17:02:13.754,13.14887,13.15202,0.00,0.00
2013.11.01 17:02:13.898,13.14887,13.15208,0.00,0.00
2013.11.01 17:02:14.768,13.14887,13.15199,0.00,0.00
2013.11.01 17:02:14.827,13.14839,13.15147,0.00,0.00
2013.11.01 17:02:14.887,13.14832,13.15147,0.00,0.00
2013.11.01 17:02:15.462,13.14847,13.15147,0.00,0.00
2013.11.01 17:02:15.517,13.14847,13.15168,0.00,0.00
2013.11.01 17:02:15.670,13.14887,13.15194,0.00,0.00
2013.11.01 17:02:15.738,13.14887,13.15207,0.00,0.00
2013.11.01 17:02:19.817,13.14887,13.15187,0.00,0.00
2013.11.01 17:02:19.877,13.14872,13.15187,0.00,0.00
2013.11.01 17:02:19.997,13.14862,13.15178,0.00,0.00
2013.11.01 17:02:20.207,13.14854,13.15138,0.00,0.00
2013.11.01 17:02:20.447,13.14652,13.14968,0.00,0.00
2013.11.01 17:02:20.507,13.14687,13.15008,0.00,0.00
2013.11.01 17:02:20.859,13.14717,13.15038,0.00,0.00
2013.11.01 17:02:21.467,13.14712,13.15028,0.00,0.00
2013.11.01 17:02:21.960,13.14692,13.15008,0.00,0.00
2013.11.01 17:02:22.482,13.14717,13.15032,0.00,0.00
2013.11.01 17:02:22.618,13.14717,13.15038,0.00,0.00
2013.11.01 17:02:22.848,13.14685,13.14968,0.00,0.00
2013.11.01 17:02:22.909,13.14652,13.14968,0.00,0.00
2013.11.01 17:02:23.087,13.14603,13.14918,0.00,0.00
2013.11.01 17:02:23.409,13.14687,13.14977,0.00,0.00
2013.11.01 17:02:23.467,13.14662,13.14977,0.00,0.00
2013.11.01 17:02:23.527,13.14687,13.14977,0.00,0.00
2013.11.01 17:02:23.937,13.14662,13.14977,0.00,0.00
2013.11.01 17:02:24.267,13.14677,13.14977,0.00,0.00
2013.11.01 17:02:24.568,13.14482,13.14798,0.00,0.00
2013.11.01 17:02:24.646,13.14487,13.14808,0.00,0.00
2013.11.01 17:02:25.038,13.14507,13.14823,0.00,0.00
2013.11.01 17:02:25.097,13.14492,13.14808,0.00,0.00
2013.11.01 17:02:25.157,13.14492,13.14808,0.00,0.00
2013.11.01 17:02:25.217,13.14492,13.14808,0.00,0.00
2013.11.01 17:02:25.607,13.14482,13.14798,0.00,0.00
2013.11.01 17:02:25.948,13.1446,13.14667,0.00,0.00
2013.11.01 17:02:26.068,13.1446,13.14738,0.00,0.00
2013.11.01 17:02:26.138,13.14449,13.14738,0.00,0.00
2013.11.01 17:02:26.197,13.14449,13.14747,0.00,0.00
2013.11.01 17:02:26.387,13.14422,13.14738,0.00,0.00
2013.11.01 17:02:26.483,13.14404,13.14718,0.00,0.00
2013.11.01 17:02:26.797,13.14402,13.14718,0.00,0.00
2013.11.01 17:02:26.947,13.14417,13.14738,0.00,0.00
2013.11.01 17:02:27.307,13.14447,13.14768,0.00,0.00
2013.11.01 17:02:27.800,13.14442,13.14728,0.00,0.00
2013.11.01 17:02:27.997,13.14477,13.14798,0.00,0.00
2013.11.01 17:02:28.615,13.14472,13.14788,0.00,0.00
2013.11.01 17:02:28.957,13.14487,13.14808,0.00,0.00
2013.11.01 17:02:29.785,13.14487,13.14797,0.00,0.00
2013.11.01 17:02:30.039,13.14477,13.14788,0.00,0.00
2013.11.01 17:02:30.133,13.14477,13.14778,0.00,0.00
2013.11.01 17:02:30.187,13.14462,13.14778,0.00,0.00
2013.11.01 17:02:30.367,13.14462,13.14772,0.00,0.00
2013.11.01 17:02:30.497,13.14422,13.14738,0.00,0.00
2013.11.01 17:02:30.797,13.14402,13.14717,0.00,0.00
2013.11.01 17:02:31.058,13.14382,13.14698,0.00,0.00
2013.11.01 17:02:31.417,13.14417,13.14717,0.00,0.00
2013.11.01 17:02:31.966,13.14412,13.14717,0.00,0.00
2013.11.01 17:02:32.027,13.14412,13.14728,0.00,0.00
2013.11.01 17:02:32.509,13.14427,13.14727,0.00,0.00
2013.11.01 17:02:32.578,13.14422,13.14727,0.00,0.00
2013.11.01 17:02:33.093,13.14412,13.14727,0.00,0.00
2013.11.01 17:02:33.317,13.14437,13.14727,0.00,0.00
2013.11.01 17:02:33.757,13.14432,13.14727,0.00,0.00
2013.11.01 17:02:33.817,13.14417,13.14727,0.00,0.00
2013.11.01 17:02:33.877,13.14412,13.14727,0.00,0.00
2013.11.01 17:02:34.067,13.14417,13.14727,0.00,0.00
2013.11.01 17:02:34.214,13.14398,13.14727,0.00,0.00
2013.11.01 17:02:34.338,13.14382,13.14727,0.00,0.00
2013.11.01 17:02:34.457,13.14382,13.14698,0.00,0.00
2013.11.01 17:02:35.230,13.14397,13.14716,0.00,0.00
2013.11.01 17:02:35.548,13.14397,13.14718,0.00,0.00
2013.11.01 17:02:36.187,13.14382,13.14698,0.00,0.00
2013.11.01 17:02:36.743,13.14372,13.14688,0.00,0.00
2013.11.01 17:02:37.067,13.14352,13.14668,0.00,0.00
2013.11.01 17:02:37.377,13.14417,13.14717,0.00,0.00
2013.11.01 17:02:37.517,13.14447,13.14757,0.00,0.00
2013.11.01 17:02:37.697,13.14432,13.14748,0.00,0.00
2013.11.01 17:02:37.977,13.14487,13.14774,0.00,0.00
2013.11.01 17:02:38.037,13.14487,13.14808,0.00,0.00
2013.11.01 17:02:39.094,13.14472,13.14788,0.00,0.00
2013.11.01 17:02:39.598,13.14497,13.14812,0.00,0.00
2013.11.01 17:02:39.658,13.14497,13.14817,0.00,0.00
2013.11.01 17:02:39.858,13.14547,13.14868,0.00,0.00
2013.11.01 17:02:40.016,13.14567,13.14888,0.00,0.00
2013.11.01 17:02:40.358,13.14577,13.14898,0.00,0.00
2013.11.01 17:02:40.768,13.14544,13.14904,0.00,0.00
2013.11.01 17:02:40.907,13.14544,13.14848,0.00,0.00
2013.11.01 17:02:40.967,13.14532,13.14845,0.00,0.00
2013.11.01 17:02:41.064,13.14503,13.14818,0.00,0.00
2013.11.01 17:02:41.117,13.14503,13.14778,0.00,0.00
2013.11.01 17:02:41.281,13.14503,13.14808,0.00,0.00
2013.11.01 17:02:41.479,13.14503,13.14788,0.00,0.00
2013.11.01 17:02:41.766,13.14472,13.14788,0.00,0.00
2013.11.01 17:02:41.898,13.14477,13.14798,0.00,0.00
2013.11.01 17:02:42.310,13.14487,13.14807,0.00,0.00
2013.11.01 17:02:42.818,13.14482,13.14798,0.00,0.00
2013.11.01 17:02:43.657,13.14472,13.14788,0.00,0.00
2013.11.01 17:02:44.742,13.14462,13.14778,0.00,0.00
2013.11.01 17:02:46.690,13.14469,13.14778,0.00,0.00
2013.11.01 17:02:46.747,13.14487,13.14807,0.00,0.00
2013.11.01 17:02:47.067,13.14474,13.14788,0.00,0.00
2013.11.01 17:02:47.188,13.14462,13.14778,0.00,0.00
2013.11.01 17:02:47.247,13.14497,13.14806,0.00,0.00
2013.11.01 17:02:47.307,13.14497,13.14818,0.00,0.00
2013.11.01 17:02:47.537,13.14527,13.14848,0.00,0.00
2013.11.01 17:02:47.877,13.14547,13.14868,0.00,0.00
2013.11.01 17:02:49.097,13.14577,13.14877,0.00,0.00
2013.11.01 17:02:50.497,13.14577,13.14898,0.00,0.00
2013.11.01 17:02:50.582,13.14558,13.14868,0.00,0.00
2013.11.01 17:02:50.641,13.14552,13.14868,0.00,0.00
2013.11.01 17:02:51.218,13.14552,13.14867,0.00,0.00
2013.11.01 17:02:52.105,13.14552,13.14868,0.00,0.00
2013.11.01 17:02:52.527,13.14577,13.14889,0.00,0.00
2013.11.01 17:02:52.587,13.14577,13.14898,0.00,0.00
2013.11.01 17:02:54.550,13.14562,13.14858,0.00,0.00
2013.11.01 17:02:54.677,13.14559,13.14858,0.00,0.00
2013.11.01 17:02:54.748,13.14542,13.14858,0.00,0.00
2013.11.01 17:02:54.897,13.14524,13.14838,0.00,0.00
2013.11.01 17:02:54.957,13.14522,13.14838,0.00,0.00
2013.11.01 17:02:56.381,13.14504,13.14818,0.00,0.00
2013.11.01 17:02:56.497,13.14502,13.14817,0.00,0.00
2013.11.01 17:02:56.993,13.14517,13.14817,0.00,0.00
2013.11.01 17:02:58.167,13.14517,13.14837,0.00,0.00
2013.11.01 17:03:00.177,13.14537,13.14858,0.00,0.00
2013.11.01 17:03:00.297,13.14557,13.14858,0.00,0.00
2013.11.01 17:03:00.477,13.14544,13.14848,0.00,0.00
2013.11.01 17:03:00.628,13.14532,13.14848,0.00,0.00
2013.11.01 17:03:01.947,13.14557,13.14858,0.00,0.00
2013.11.01 17:03:02.137,13.14544,13.14848,0.00,0.00
2013.11.01 17:03:02.208,13.14532,13.14848,0.00,0.00
2013.11.01 17:03:02.316,13.14522,13.14838,0.00,0.00
2013.11.01 17:03:02.662,13.14502,13.14818,0.00,0.00
2013.11.01 17:03:03.237,13.14502,13.14817,0.00,0.00
2013.11.01 17:03:03.898,13.14517,13.14817,0.00,0.00
2013.11.01 17:03:07.217,13.14517,13.14838,0.00,0.00
2013.11.01 17:03:07.277,13.14527,13.14847,0.00,0.00
2013.11.01 17:03:07.485,13.14522,13.14838,0.00,0.00
2013.11.01 17:03:07.995,13.14512,13.14828,0.00,0.00
2013.11.01 17:03:09.376,13.14482,13.14797,0.00,0.00
2013.11.01 17:03:10.276,13.14497,13.14797,0.00,0.00
2013.11.01 17:03:10.365,13.14497,13.14814,0.00,0.00
2013.11.01 17:03:10.427,13.14491,13.14798,0.00,0.00
2013.11.01 17:03:10.547,13.14482,13.14798,0.00,0.00
2013.11.01 17:03:10.727,13.14507,13.14827,0.00,0.00
2013.11.01 17:03:10.947,13.14482,13.14798,0.00,0.00
2013.11.01 17:03:11.112,13.14487,13.14808,0.00,0.00
2013.11.01 17:03:11.467,13.14577,13.14848,0.00,0.00
2013.11.01 17:03:11.848,13.14587,13.14848,0.00,0.00
2013.11.01 17:03:12.117,13.14587,13.14867,0.00,0.00
2013.11.01 17:03:12.177,13.14582,13.14867,0.00,0.00
2013.11.01 17:03:12.915,13.14582,13.14847,0.00,0.00
2013.11.01 17:03:13.059,13.14555,13.14847,0.00,0.00
2013.11.01 17:03:13.117,13.14552,13.14847,0.00,0.00
2013.11.01 17:03:13.297,13.14532,13.14847,0.00,0.00
2013.11.01 17:03:14.038,13.14532,13.14817,0.00,0.00
2013.11.01 17:03:16.336,13.14567,13.14817,0.00,0.00
2013.11.01 17:03:16.457,13.14577,13.14877,0.00,0.00
2013.11.01 17:03:16.638,13.14597,13.14877,0.00,0.00
2013.11.01 17:03:16.697,13.14597,13.14897,0.00,0.00
2013.11.01 17:03:17.758,13.14607,13.14897,0.00,0.00
2013.11.01 17:03:18.327,13.14685,13.14988,0.00,0.00
2013.11.01 17:03:18.387,13.1466,13.1502,0.00,0.00
2013.11.01 17:03:18.485,13.14777,13.1502,0.00,0.00
2013.11.01 17:03:18.547,13.14777,13.15077,0.00,0.00
2013.11.01 17:03:18.607,13.14762,13.15077,0.00,0.00
2013.11.01 17:03:18.683,13.14777,13.15077,0.00,0.00
2013.11.01 17:03:18.937,13.14772,13.15077,0.00,0.00
2013.11.01 17:03:19.097,13.14777,13.15077,0.00,0.00
2013.11.01 17:03:19.327,13.14772,13.15077,0.00,0.00
2013.11.01 17:03:19.447,13.14732,13.15037,0.00,0.00
2013.11.01 17:03:19.507,13.14712,13.15028,0.00,0.00
2013.11.01 17:03:20.857,13.14727,13.15046,0.00,0.00
2013.11.01 17:03:20.977,13.14727,13.15048,0.00,0.00
2013.11.01 17:03:21.237,13.14747,13.15057,0.00,0.00
2013.11.01 17:03:21.358,13.14732,13.15048,0.00,0.00
2013.11.01 17:03:21.484,13.14737,13.15057,0.00,0.00
2013.11.01 17:03:21.659,13.14702,13.15018,0.00,0.00
2013.11.01 17:03:22.897,13.14717,13.15038,0.00,0.00
2013.11.01 17:03:23.295,13.14747,13.15047,0.00,0.00
2013.11.01 17:03:25.125,13.14747,13.15068,0.00,0.00
2013.11.01 17:03:25.187,13.14787,13.1509,0.00,0.00
2013.11.01 17:03:25.247,13.14787,13.15107,0.00,0.00
2013.11.01 17:03:25.307,13.14772,13.15088,0.00,0.00
2013.11.01 17:03:25.401,13.14787,13.15107,0.00,0.00
2013.11.01 17:03:25.910,13.14782,13.15098,0.00,0.00
2013.11.01 17:03:26.348,13.14752,13.15068,0.00,0.00
2013.11.01 17:03:27.297,13.14714,13.15028,0.00,0.00
2013.11.01 17:03:27.477,13.14702,13.15027,0.00,0.00
2013.11.01 17:03:27.691,13.14684,13.15018,0.00,0.00
2013.11.01 17:03:28.190,13.14682,13.15018,0.00,0.00
2013.11.01 17:03:28.557,13.14682,13.15007,0.00,0.00
2013.11.01 17:03:31.459,13.14672,13.15007,0.00,0.00
2013.11.01 17:03:31.517,13.14672,13.14977,0.00,0.00
2013.11.01 17:03:31.637,13.14652,13.14968,0.00,0.00
2013.11.01 17:03:39.957,13.14659,13.14968,0.00,0.00
2013.11.01 17:03:40.207,13.14777,13.15097,0.00,0.00
2013.11.01 17:03:40.547,13.14772,13.15088,0.00,0.00
2013.11.01 17:03:41.000,13.14762,13.15078,0.00,0.00
2013.11.01 17:03:41.470,13.14777,13.15097,0.00,0.00
2013.11.01 17:03:41.778,13.14762,13.15078,0.00,0.00
2013.11.01 17:03:44.264,13.14762,13.15077,0.00,0.00
2013.11.01 17:03:44.403,13.14752,13.15068,0.00,0.00
2013.11.01 17:03:44.917,13.14767,13.15077,0.00,0.00
2013.11.01 17:03:45.187,13.14767,13.15088,0.00,0.00
2013.11.01 17:03:45.319,13.14777,13.15097,0.00,0.00
2013.11.01 17:03:45.937,13.14787,13.15097,0.00,0.00
2013.11.01 17:03:46.349,13.14782,13.15097,0.00,0.00
2013.11.01 17:03:47.857,13.14787,13.15097,0.00,0.00
2013.11.01 17:03:48.262,13.14772,13.15088,0.00,0.00
2013.11.01 17:03:48.669,13.14787,13.15097,0.00,0.00
2013.11.01 17:03:49.388,13.14837,13.15097,0.00,0.00
2013.11.01 17:03:49.447,13.14837,13.15125,0.00,0.00
2013.11.01 17:03:49.507,13.14812,13.15128,0.00,0.00
2013.11.01 17:03:49.647,13.14817,13.15128,0.00,0.00
2013.11.01 17:03:49.715,13.14812,13.15128,0.00,0.00
2013.11.01 17:03:49.847,13.14827,13.15148,0.00,0.00
2013.11.01 17:03:50.155,13.14812,13.15128,0.00,0.00
2013.11.01 17:03:50.484,13.14812,13.15107,0.00,0.00
2013.11.01 17:03:50.537,13.14782,13.15098,0.00,0.00
2013.11.01 17:03:51.567,13.14837,13.15142,0.00,0.00
2013.11.01 17:03:51.627,13.14837,13.15147,0.00,0.00
2013.11.01 17:03:51.687,13.14837,13.15158,0.00,0.00
2013.11.01 17:03:51.747,13.14846,13.15158,0.00,0.00
2013.11.01 17:03:51.807,13.14877,13.15198,0.00,0.00
2013.11.01 17:03:51.867,13.14864,13.15224,0.00,0.00
2013.11.01 17:03:51.988,13.14853,13.15258,0.00,0.00
2013.11.01 17:03:52.107,13.14917,13.15238,0.00,0.00
2013.11.01 17:03:52.437,13.14882,13.15198,0.00,0.00
2013.11.01 17:03:52.768,13.14872,13.15188,0.00,0.00
2013.11.01 17:03:54.289,13.14877,13.15198,0.00,0.00
2013.11.01 17:03:54.798,13.14872,13.15188,0.00,0.00
2013.11.01 17:03:55.608,13.14862,13.15178,0.00,0.00
2013.11.01 17:04:01.984,13.14867,13.15188,0.00,0.00
2013.11.01 17:04:02.689,13.14862,13.15178,0.00,0.00
2013.11.01 17:04:03.179,13.14862,13.15117,0.00,0.00
2013.11.01 17:04:03.298,13.14774,13.15078,0.00,0.00
2013.11.01 17:04:03.357,13.14762,13.15078,0.00,0.00
2013.11.01 17:04:03.549,13.14797,13.15104,0.00,0.00
2013.11.01 17:04:03.667,13.14797,13.15118,0.00,0.00
2013.11.01 17:04:03.957,13.14782,13.15098,0.00,0.00
2013.11.01 17:04:04.504,13.14775,13.15078,0.00,0.00
2013.11.01 17:04:04.567,13.14762,13.15078,0.00,0.00
2013.11.01 17:04:04.655,13.14752,13.15058,0.00,0.00
2013.11.01 17:04:04.958,13.14767,13.15058,0.00,0.00
2013.11.01 17:04:05.467,13.14817,13.15109,0.00,0.00
2013.11.01 17:04:05.528,13.14817,13.15138,0.00,0.00
2013.11.01 17:04:05.588,13.14827,13.15148,0.00,0.00
2013.11.01 17:04:08.021,13.14841,13.15148,0.00,0.00
2013.11.01 17:04:08.700,13.14897,13.15197,0.00,0.00
2013.11.01 17:04:08.794,13.14897,13.15218,0.00,0.00
2013.11.01 17:04:08.847,13.14917,13.15237,0.00,0.00
2013.11.01 17:04:09.717,13.14937,13.15237,0.00,0.00
2013.11.01 17:04:09.784,13.14937,13.15254,0.00,0.00
2013.11.01 17:04:09.860,13.14937,13.15258,0.00,0.00
2013.11.01 17:04:10.039,13.14957,13.15258,0.00,0.00
2013.11.01 17:04:10.224,13.14967,13.15277,0.00,0.00
2013.11.01 17:04:10.687,13.14962,13.15277,0.00,0.00
2013.11.01 17:04:10.834,13.14952,13.15268,0.00,0.00
2013.11.01 17:04:11.142,13.14967,13.15277,0.00,0.00
2013.11.01 17:04:12.059,13.14962,13.15277,0.00,0.00
2013.11.01 17:04:15.130,13.14952,13.15258,0.00,0.00
2013.11.01 17:04:15.829,13.14942,13.15248,0.00,0.00
2013.11.01 17:04:16.158,13.14957,13.15258,0.00,0.00
2013.11.01 17:04:16.437,13.14977,13.15297,0.00,0.00
2013.11.01 17:04:22.357,13.14939,13.15197,0.00,0.00
2013.11.01 17:04:22.497,13.14875,13.15188,0.00,0.00
2013.11.01 17:04:22.617,13.14872,13.15188,0.00,0.00
2013.11.01 17:04:22.746,13.14877,13.15197,0.00,0.00
2013.11.01 17:04:22.867,13.14872,13.15188,0.00,0.00
2013.11.01 17:04:23.397,13.14877,13.15197,0.00,0.00
2013.11.01 17:04:23.978,13.14872,13.15188,0.00,0.00
2013.11.01 17:04:26.394,13.14872,13.15127,0.00,0.00
2013.11.01 17:04:26.447,13.14847,13.15127,0.00,0.00
2013.11.01 17:04:26.568,13.14792,13.15108,0.00,0.00
2013.11.01 17:04:26.768,13.14793,13.15108,0.00,0.00
2013.11.01 17:04:27.365,13.14792,13.15108,0.00,0.00
2013.11.01 17:04:27.929,13.14782,13.15098,0.00,0.00
2013.11.01 17:04:28.472,13.14787,13.15108,0.00,0.00
2013.11.01 17:04:29.044,13.14782,13.15098,0.00,0.00
2013.11.01 17:04:29.654,13.14797,13.15097,0.00,0.00
2013.11.01 17:04:31.065,13.14782,13.15097,0.00,0.00
2013.11.01 17:04:31.165,13.14787,13.15097,0.00,0.00
2013.11.01 17:04:31.771,13.14782,13.15097,0.00,0.00
2013.11.01 17:04:33.323,13.14782,13.14987,0.00,0.00
2013.11.01 17:04:33.384,13.14755,13.14987,0.00,0.00
2013.11.01 17:04:33.484,13.14702,13.14987,0.00,0.00
2013.11.01 17:04:33.598,13.14678,13.14987,0.00,0.00
2013.11.01 17:04:33.657,13.14672,13.14987,0.00,0.00
2013.11.01 17:04:34.293,13.14651,13.14928,0.00,0.00
2013.11.01 17:04:34.447,13.14602,13.14917,0.00,0.00
2013.11.01 17:04:34.507,13.14572,13.14888,0.00,0.00
2013.11.01 17:04:34.594,13.14597,13.14911,0.00,0.00
2013.11.01 17:04:34.897,13.14657,13.1497,0.00,0.00
2013.11.01 17:04:34.968,13.14642,13.14958,0.00,0.00
2013.11.01 17:04:35.027,13.14657,13.14978,0.00,0.00
2013.11.01 17:04:35.301,13.14642,13.14987,0.00,0.00
2013.11.01 17:04:35.417,13.14642,13.15027,0.00,0.00
2013.11.01 17:04:35.477,13.1469,13.15027,0.00,0.00
2013.11.01 17:04:35.839,13.14717,13.15027,0.00,0.00
2013.11.01 17:04:37.667,13.14717,13.14987,0.00,0.00
2013.11.01 17:04:37.727,13.14679,13.14978,0.00,0.00
2013.11.01 17:04:37.787,13.14662,13.14978,0.00,0.00
2013.11.01 17:04:37.847,13.14642,13.14958,0.00,0.00
2013.11.01 17:04:38.234,13.14647,13.14968,0.00,0.00
2013.11.01 17:04:38.823,13.14647,13.14967,0.00,0.00
2013.11.01 17:04:39.149,13.14672,13.14967,0.00,0.00
2013.11.01 17:04:39.450,13.14677,13.14958,0.00,0.00
2013.11.01 17:04:40.087,13.14662,13.14958,0.00,0.00
2013.11.01 17:04:40.361,13.14652,13.14958,0.00,0.00
2013.11.01 17:04:40.417,13.14652,13.14947,0.00,0.00
2013.11.01 17:04:40.965,13.14622,13.14938,0.00,0.00
2013.11.01 17:04:41.472,13.14637,13.14947,0.00,0.00
2013.11.01 17:04:41.578,13.14622,13.14938,0.00,0.00
2013.11.01 17:04:42.989,13.14637,13.14947,0.00,0.00
2013.11.01 17:04:44.468,13.14637,13.14958,0.00,0.00
2013.11.01 17:04:44.968,13.14637,13.14947,0.00,0.00
2013.11.01 17:04:47.114,13.14637,13.14917,0.00,0.00
2013.11.01 17:04:47.407,13.14562,13.14847,0.00,0.00
2013.11.01 17:04:47.479,13.14535,13.14847,0.00,0.00
2013.11.01 17:04:47.537,13.1452,13.14808,0.00,0.00
2013.11.01 17:04:47.597,13.1452,13.14828,0.00,0.00
2013.11.01 17:04:47.658,13.1452,13.14797,0.00,0.00
2013.11.01 17:04:47.948,13.14512,13.14797,0.00,0.00
2013.11.01 17:04:49.916,13.14527,13.14797,0.00,0.00
2013.11.01 17:04:49.979,13.14527,13.14827,0.00,0.00
2013.11.01 17:04:50.413,13.14527,13.14847,0.00,0.00
2013.11.01 17:04:50.467,13.14547,13.14847,0.00,0.00
2013.11.01 17:04:51.128,13.14542,13.14847,0.00,0.00
2013.11.01 17:04:56.463,13.14542,13.14877,0.00,0.00
2013.11.01 17:04:56.517,13.14547,13.14858,0.00,0.00
2013.11.01 17:04:56.793,13.14522,13.14838,0.00,0.00
2013.11.01 17:04:56.993,13.14547,13.14857,0.00,0.00
2013.11.01 17:04:57.329,13.14532,13.14848,0.00,0.00
2013.11.01 17:04:57.447,13.14566,13.14847,0.00,0.00
2013.11.01 17:04:57.507,13.14532,13.14847,0.00,0.00
2013.11.01 17:05:00.907,13.14587,13.14847,0.00,0.00
2013.11.01 17:05:01.027,13.14607,13.14887,0.00,0.00
2013.11.01 17:05:02.447,13.14607,13.14907,0.00,0.00
2013.11.01 17:05:03.107,13.14592,13.14907,0.00,0.00
2013.11.01 17:05:03.527,13.14637,13.14929,0.00,0.00
2013.11.01 17:05:03.709,13.14647,13.14957,0.00,0.00
2013.11.01 17:05:03.768,13.14737,13.14957,0.00,0.00
2013.11.01 17:05:03.829,13.14737,13.14978,0.00,0.00
2013.11.01 17:05:04.130,13.14735,13.15017,0.00,0.00
2013.11.01 17:05:04.248,13.14652,13.14968,0.00,0.00
2013.11.01 17:05:04.497,13.14667,13.14987,0.00,0.00
2013.11.01 17:05:04.585,13.14662,13.14978,0.00,0.00
2013.11.01 17:05:04.717,13.14667,13.14987,0.00,0.00
2013.11.01 17:05:04.933,13.14687,13.15008,0.00,0.00
2013.11.01 17:05:05.127,13.14747,13.15047,0.00,0.00
2013.11.01 17:05:05.187,13.14747,13.15058,0.00,0.00
2013.11.01 17:05:05.538,13.14757,13.15067,0.00,0.00
2013.11.01 17:05:05.920,13.14767,13.15067,0.00,0.00
2013.11.01 17:05:06.220,13.14762,13.15067,0.00,0.00
2013.11.01 17:05:06.277,13.14767,13.15067,0.00,0.00
2013.11.01 17:05:06.399,13.14777,13.15097,0.00,0.00
2013.11.01 17:05:06.739,13.14762,13.15078,0.00,0.00
2013.11.01 17:05:07.478,13.14755,13.15068,0.00,0.00
2013.11.01 17:05:07.538,13.14752,13.15068,0.00,0.00
2013.11.01 17:05:07.679,13.14742,13.15058,0.00,0.00
2013.11.01 17:05:08.195,13.14767,13.15075,0.00,0.00
2013.11.01 17:05:08.258,13.14767,13.15088,0.00,0.00
2013.11.01 17:05:08.503,13.14762,13.15078,0.00,0.00
2013.11.01 17:05:10.323,13.14762,13.15067,0.00,0.00
2013.11.01 17:05:10.677,13.14742,13.15058,0.00,0.00
2013.11.01 17:05:11.704,13.14742,13.15058,0.00,0.00
2013.11.01 17:05:11.757,13.14777,13.15097,0.00,0.00
2013.11.01 17:05:12.307,13.14772,13.15088,0.00,0.00
2013.11.01 17:05:14.278,13.14787,13.15097,0.00,0.00
2013.11.01 17:05:14.717,13.14807,13.15097,0.00,0.00
2013.11.01 17:05:15.788,13.14792,13.15097,0.00,0.00
2013.11.01 17:05:17.612,13.14837,13.15097,0.00,0.00
2013.11.01 17:05:17.693,13.14837,13.15131,0.00,0.00
2013.11.01 17:05:17.747,13.14877,13.15131,0.00,0.00
2013.11.01 17:05:17.807,13.14877,13.15153,0.00,0.00
2013.11.01 17:05:17.867,13.14877,13.15167,0.00,0.00
2013.11.01 17:05:17.927,13.14897,13.15167,0.00,0.00
2013.11.01 17:05:18.623,13.14892,13.15167,0.00,0.00
2013.11.01 17:05:18.724,13.14897,13.15167,0.00,0.00
2013.11.01 17:05:19.453,13.14897,13.15187,0.00,0.00
2013.11.01 17:05:20.393,13.14937,13.15187,0.00,0.00
2013.11.01 17:05:20.447,13.14937,13.15226,0.00,0.00
2013.11.01 17:05:20.629,13.14937,13.15257,0.00,0.00
2013.11.01 17:05:20.688,13.14943,13.15257,0.00,0.00
2013.11.01 17:05:21.233,13.14942,13.15257,0.00,0.00
2013.11.01 17:05:21.314,13.14919,13.15238,0.00,0.00
2013.11.01 17:05:21.367,13.14912,13.15238,0.00,0.00
2013.11.01 17:05:21.816,13.14937,13.15257,0.00,0.00
2013.11.01 17:05:22.420,13.14922,13.15238,0.00,0.00
2013.11.01 17:05:22.944,13.14947,13.15257,0.00,0.00
2013.11.01 17:05:24.465,13.14924,13.15228,0.00,0.00
2013.11.01 17:05:24.517,13.14912,13.15228,0.00,0.00
2013.11.01 17:05:25.576,13.14917,13.15238,0.00,0.00
2013.11.01 17:05:25.882,13.14947,13.15258,0.00,0.00
2013.11.01 17:05:26.619,13.14942,13.15258,0.00,0.00
2013.11.01 17:05:27.458,13.14977,13.15277,0.00,0.00
2013.11.01 17:05:27.818,13.15037,13.15277,0.00,0.00
2013.11.01 17:05:27.937,13.15042,13.15316,0.00,0.00
2013.11.01 17:05:27.997,13.15042,13.15397,0.00,0.00
2013.11.01 17:05:28.057,13.15099,13.15464,0.00,0.00
2013.11.01 17:05:28.117,13.1516,13.15497,0.00,0.00
2013.11.01 17:05:28.472,13.15227,13.15525,0.00,0.00
2013.11.01 17:05:28.527,13.15212,13.15525,0.00,0.00
2013.11.01 17:05:28.587,13.15221,13.15527,0.00,0.00
2013.11.01 17:05:28.707,13.15183,13.15498,0.00,0.00
2013.11.01 17:05:29.507,13.15182,13.15498,0.00,0.00
2013.11.01 17:05:30.016,13.15152,13.15458,0.00,0.00
2013.11.01 17:05:30.370,13.15159,13.15458,0.00,0.00
2013.11.01 17:05:30.427,13.15187,13.15507,0.00,0.00
2013.11.01 17:05:30.619,13.15172,13.15488,0.00,0.00
2013.11.01 17:05:30.677,13.15172,13.15477,0.00,0.00
2013.11.01 17:05:31.077,13.15177,13.15477,0.00,0.00
2013.11.01 17:05:31.627,13.1515,13.15418,0.00,0.00
2013.11.01 17:05:31.827,13.15071,13.15378,0.00,0.00
2013.11.01 17:05:31.899,13.15062,13.15378,0.00,0.00
2013.11.01 17:05:32.028,13.15067,13.15388,0.00,0.00
2013.11.01 17:05:32.347,13.15097,13.15397,0.00,0.00
2013.11.01 17:05:32.787,13.15092,13.15397,0.00,0.00
2013.11.01 17:05:33.040,13.15082,13.15397,0.00,0.00
2013.11.01 17:05:33.287,13.15107,13.1541,0.00,0.00
2013.11.01 17:05:33.439,13.15107,13.15417,0.00,0.00
2013.11.01 17:05:33.753,13.15083,13.15398,0.00,0.00
2013.11.01 17:05:34.464,13.15087,13.15408,0.00,0.00
2013.11.01 17:05:35.484,13.15107,13.15417,0.00,0.00
2013.11.01 17:05:36.173,13.15107,13.15428,0.00,0.00
2013.11.01 17:05:36.347,13.15127,13.15448,0.00,0.00
2013.11.01 17:05:36.667,13.15177,13.15477,0.00,0.00
2013.11.01 17:05:36.937,13.15132,13.15448,0.00,0.00
2013.11.01 17:05:37.088,13.15146,13.15448,0.00,0.00
2013.11.01 17:05:37.147,13.15146,13.15458,0.00,0.00
2013.11.01 17:05:37.208,13.15142,13.15457,0.00,0.00
2013.11.01 17:05:37.327,13.15122,13.15438,0.00,0.00
2013.11.01 17:05:37.543,13.15127,13.15448,0.00,0.00
2013.11.01 17:05:37.979,13.15122,13.15438,0.00,0.00
2013.11.01 17:05:38.305,13.15197,13.15517,0.00,0.00
2013.11.01 17:05:38.988,13.15197,13.15511,0.00,0.00
2013.11.01 17:05:39.167,13.15126,13.15457,0.00,0.00
2013.11.01 17:05:39.230,13.15112,13.15457,0.00,0.00
2013.11.01 17:05:39.477,13.15117,13.15457,0.00,0.00
2013.11.01 17:05:39.915,13.15117,13.15427,0.00,0.00
2013.11.01 17:05:40.078,13.15112,13.15427,0.00,0.00
2013.11.01 17:05:40.138,13.15102,13.15418,0.00,0.00
2013.11.01 17:05:41.177,13.15127,13.15437,0.00,0.00
2013.11.01 17:05:41.527,13.15122,13.15437,0.00,0.00
2013.11.01 17:05:41.793,13.15112,13.15428,0.00,0.00
2013.11.01 17:05:42.100,13.15117,13.15437,0.00,0.00
2013.11.01 17:05:42.418,13.15112,13.15428,0.00,0.00
2013.11.01 17:05:42.647,13.15117,13.15437,0.00,0.00
2013.11.01 17:05:43.108,13.15127,13.15437,0.00,0.00
2013.11.01 17:05:43.847,13.15122,13.15437,0.00,0.00
2013.11.01 17:05:44.321,13.15127,13.15437,0.00,0.00
2013.11.01 17:05:44.621,13.15122,13.15437,0.00,0.00
2013.11.01 17:05:47.172,13.15122,13.15417,0.00,0.00
2013.11.01 17:05:47.479,13.15072,13.15288,0.00,0.00
2013.11.01 17:05:47.678,13.14984,13.15288,0.00,0.00
2013.11.01 17:05:47.799,13.14972,13.15288,0.00,0.00
2013.11.01 17:05:47.942,13.14972,13.15227,0.00,0.00
2013.11.01 17:05:48.058,13.14886,13.15198,0.00,0.00
2013.11.01 17:05:48.117,13.14882,13.15198,0.00,0.00
2013.11.01 17:05:48.687,13.14907,13.15219,0.00,0.00
2013.11.01 17:05:48.749,13.14883,13.15198,0.00,0.00
2013.11.01 17:05:49.346,13.14907,13.15197,0.00,0.00
2013.11.01 17:05:49.852,13.14883,13.15158,0.00,0.00
2013.11.01 17:05:49.907,13.14862,13.15158,0.00,0.00
2013.11.01 17:05:50.662,13.14867,13.15158,0.00,0.00
2013.11.01 17:05:51.065,13.14887,13.15158,0.00,0.00
2013.11.01 17:05:51.977,13.14967,13.15197,0.00,0.00
2013.11.01 17:05:52.037,13.14967,13.15223,0.00,0.00
2013.11.01 17:05:52.097,13.14967,13.15258,0.00,0.00
2013.11.01 17:05:52.278,13.14977,13.15258,0.00,0.00
2013.11.01 17:05:52.439,13.14972,13.15258,0.00,0.00
2013.11.01 17:05:52.589,13.14962,13.15278,0.00,0.00
2013.11.01 17:05:52.704,13.14968,13.15278,0.00,0.00
2013.11.01 17:05:52.837,13.14962,13.15278,0.00,0.00
2013.11.01 17:05:52.897,13.14977,13.15297,0.00,0.00
2013.11.01 17:05:53.597,13.14987,13.15297,0.00,0.00
2013.11.01 17:05:54.904,13.14972,13.15288,0.00,0.00
2013.11.01 17:05:55.227,13.14977,13.15297,0.00,0.00
2013.11.01 17:05:55.310,13.14972,13.15288,0.00,0.00
2013.11.01 17:05:55.423,13.14972,13.15277,0.00,0.00
2013.11.01 17:05:55.539,13.14912,13.15228,0.00,0.00
2013.11.01 17:05:56.227,13.14917,13.15238,0.00,0.00
2013.11.01 17:05:57.330,13.14927,13.15247,0.00,0.00
2013.11.01 17:05:57.636,13.14913,13.15228,0.00,0.00
2013.11.01 17:05:58.407,13.14927,13.15247,0.00,0.00
2013.11.01 17:05:59.200,13.14913,13.15228,0.00,0.00
2013.11.01 17:05:59.399,13.14917,13.15238,0.00,0.00
2013.11.01 17:05:59.837,13.14974,13.15297,0.00,0.00
2013.11.01 17:06:00.273,13.14974,13.15339,0.00,0.00
2013.11.01 17:06:00.328,13.15057,13.15339,0.00,0.00
2013.11.01 17:06:00.389,13.15057,13.15378,0.00,0.00
2013.11.01 17:06:00.459,13.15087,13.15399,0.00,0.00
2013.11.01 17:06:00.518,13.15087,13.15407,0.00,0.00
2013.11.01 17:06:00.688,13.15097,13.15407,0.00,0.00
2013.11.01 17:06:01.262,13.15097,13.15418,0.00,0.00
2013.11.01 17:06:02.615,13.15092,13.15408,0.00,0.00
2013.11.01 17:06:04.239,13.15107,13.15427,0.00,0.00
2013.11.01 17:06:04.358,13.15092,13.15408,0.00,0.00
2013.11.01 17:06:04.748,13.15107,13.15426,0.00,0.00
2013.11.01 17:06:05.763,13.15094,13.15408,0.00,0.00
2013.11.01 17:06:05.817,13.15092,13.15408,0.00,0.00
2013.11.01 17:06:06.078,13.15107,13.15427,0.00,0.00
2013.11.01 17:06:06.762,13.15107,13.15428,0.00,0.00
2013.11.01 17:06:07.199,13.15167,13.15477,0.00,0.00
2013.11.01 17:06:08.772,13.15162,13.15477,0.00,0.00
2013.11.01 17:06:08.963,13.15162,13.15447,0.00,0.00
2013.11.01 17:06:09.028,13.15149,13.15447,0.00,0.00
2013.11.01 17:06:09.087,13.15149,13.15438,0.00,0.00
2013.11.01 17:06:09.147,13.15149,13.15447,0.00,0.00
2013.11.01 17:06:09.207,13.15142,13.15447,0.00,0.00
2013.11.01 17:06:09.337,13.15132,13.15447,0.00,0.00
2013.11.01 17:06:09.651,13.15116,13.15428,0.00,0.00
2013.11.01 17:06:09.709,13.15112,13.15428,0.00,0.00
2013.11.01 17:06:09.768,13.15237,13.15446,0.00,0.00
2013.11.01 17:06:09.827,13.15237,13.15568,0.00,0.00
2013.11.01 17:06:09.887,13.15267,13.15588,0.00,0.00
2013.11.01 17:06:13.348,13.15251,13.15518,0.00,0.00
2013.11.01 17:06:13.408,13.15216,13.15497,0.00,0.00
2013.11.01 17:06:13.468,13.15202,13.15497,0.00,0.00
2013.11.01 17:06:13.528,13.15182,13.15497,0.00,0.00
2013.11.01 17:06:15.262,13.15182,13.15498,0.00,0.00
2013.11.01 17:06:15.328,13.15197,13.15516,0.00,0.00
2013.11.01 17:06:15.656,13.15267,13.15588,0.00,0.00
2013.11.01 17:06:17.798,13.15287,13.15608,0.00,0.00
2013.11.01 17:06:18.127,13.15192,13.15508,0.00,0.00
2013.11.01 17:06:18.453,13.15172,13.15488,0.00,0.00
2013.11.01 17:06:19.466,13.15152,13.15458,0.00,0.00
2013.11.01 17:06:25.053,13.15187,13.15477,0.00,0.00
2013.11.01 17:06:25.368,13.15277,13.15536,0.00,0.00
2013.11.01 17:06:25.428,13.15277,13.15598,0.00,0.00
2013.11.01 17:06:25.607,13.15261,13.15577,0.00,0.00
2013.11.01 17:06:25.787,13.15222,13.15576,0.00,0.00
2013.11.01 17:06:25.847,13.15231,13.15578,0.00,0.00
2013.11.01 17:06:26.208,13.15226,13.15498,0.00,0.00
2013.11.01 17:06:26.288,13.15182,13.15498,0.00,0.00
2013.11.01 17:06:29.748,13.15161,13.15468,0.00,0.00
2013.11.01 17:06:29.869,13.15152,13.15468,0.00,0.00
2013.11.01 17:06:29.950,13.15131,13.15408,0.00,0.00
2013.11.01 17:06:30.127,13.15072,13.15358,0.00,0.00
2013.11.01 17:06:30.194,13.15021,13.15288,0.00,0.00
2013.11.01 17:06:30.317,13.14972,13.15288,0.00,0.00
2013.11.01 17:06:30.762,13.14946,13.15258,0.00,0.00
2013.11.01 17:06:30.977,13.14912,13.15228,0.00,0.00
2013.11.01 17:06:31.063,13.14886,13.15198,0.00,0.00
2013.11.01 17:06:31.155,13.14882,13.15198,0.00,0.00
2013.11.01 17:06:34.290,13.14937,13.15216,0.00,0.00
2013.11.01 17:06:34.358,13.14937,13.15237,0.00,0.00
2013.11.01 17:06:34.417,13.14987,13.15241,0.00,0.00
2013.11.01 17:06:34.477,13.14987,13.15286,0.00,0.00
2013.11.01 17:06:34.537,13.14987,13.15297,0.00,0.00
2013.11.01 17:06:37.019,13.14972,13.15288,0.00,0.00
2013.11.01 17:06:39.557,13.14987,13.15297,0.00,0.00
2013.11.01 17:06:40.664,13.15017,13.15297,0.00,0.00
2013.11.01 17:06:41.937,13.15017,13.15317,0.00,0.00
2013.11.01 17:06:43.102,13.15027,13.15317,0.00,0.00
2013.11.01 17:06:44.798,13.15048,13.15317,0.00,0.00
2013.11.01 17:06:44.959,13.15067,13.15358,0.00,0.00
2013.11.01 17:06:45.078,13.15087,13.15358,0.00,0.00
2013.11.01 17:06:45.248,13.15082,13.15358,0.00,0.00
2013.11.01 17:06:45.449,13.15087,13.15358,0.00,0.00
2013.11.01 17:06:45.507,13.15087,13.15377,0.00,0.00
2013.11.01 17:06:46.062,13.15087,13.15408,0.00,0.00
2013.11.01 17:06:46.169,13.15092,13.15408,0.00,0.00
2013.11.01 17:06:46.288,13.15187,13.15508,0.00,0.00
2013.11.01 17:06:46.348,13.15198,13.15508,0.00,0.00
2013.11.01 17:06:46.661,13.15217,13.15527,0.00,0.00
2013.11.01 17:06:46.897,13.15192,13.15508,0.00,0.00
2013.11.01 17:06:47.547,13.15207,13.15527,0.00,0.00
2013.11.01 17:06:49.778,13.15167,13.15428,0.00,0.00
2013.11.01 17:06:50.110,13.15088,13.15398,0.00,0.00
2013.11.01 17:06:50.231,13.15082,13.15398,0.00,0.00
2013.11.01 17:06:50.555,13.15177,13.15397,0.00,0.00
2013.11.01 17:06:50.727,13.15177,13.15467,0.00,0.00
2013.11.01 17:06:50.788,13.15257,13.15467,0.00,0.00
2013.11.01 17:06:50.847,13.15257,13.15487,0.00,0.00
2013.11.01 17:06:50.907,13.15257,13.15578,0.00,0.00
2013.11.01 17:06:50.967,13.15287,13.15587,0.00,0.00
2013.11.01 17:06:51.162,13.15282,13.15587,0.00,0.00
2013.11.01 17:06:52.083,13.15262,13.15578,0.00,0.00
2013.11.01 17:06:52.138,13.15259,13.15487,0.00,0.00
2013.11.01 17:06:52.258,13.15243,13.15507,0.00,0.00
2013.11.01 17:06:52.318,13.15182,13.15498,0.00,0.00
2013.11.01 17:06:52.647,13.15187,13.15507,0.00,0.00
2013.11.01 17:06:53.219,13.15187,13.15508,0.00,0.00
2013.11.01 17:06:53.915,13.15257,13.15532,0.00,0.00
2013.11.01 17:06:54.037,13.15257,13.15561,0.00,0.00
2013.11.01 17:06:54.099,13.15257,13.15577,0.00,0.00
2013.11.01 17:06:54.838,13.15267,13.15577,0.00,0.00
2013.11.01 17:06:54.987,13.15267,13.15588,0.00,0.00
2013.11.01 17:06:57.832,13.15267,13.15587,0.00,0.00
2013.11.01 17:06:58.785,13.15251,13.15458,0.00,0.00
2013.11.01 17:06:58.907,13.15173,13.15388,0.00,0.00
2013.11.01 17:06:58.971,13.15072,13.15377,0.00,0.00
2013.11.01 17:06:59.097,13.15052,13.15368,0.00,0.00
2013.11.01 17:06:59.407,13.15057,13.15377,0.00,0.00
2013.11.01 17:07:00.201,13.15057,13.15378,0.00,0.00
2013.11.01 17:07:04.048,13.15067,13.15388,0.00,0.00
2013.11.01 17:07:04.547,13.15087,13.15408,0.00,0.00
2013.11.01 17:07:04.988,13.15167,13.15456,0.00,0.00
2013.11.01 17:07:05.047,13.15167,13.15488,0.00,0.00
2013.11.01 17:07:05.167,13.15146,13.15458,0.00,0.00
2013.11.01 17:07:05.499,13.15052,13.15357,0.00,0.00
2013.11.01 17:07:10.779,13.15137,13.15357,0.00,0.00
2013.11.01 17:07:10.918,13.15147,13.15411,0.00,0.00
2013.11.01 17:07:10.978,13.15147,13.15457,0.00,0.00
2013.11.01 17:07:14.167,13.15237,13.15457,0.00,0.00
2013.11.01 17:07:14.318,13.15237,13.15491,0.00,0.00
2013.11.01 17:07:14.377,13.15237,13.15556,0.00,0.00
2013.11.01 17:07:14.557,13.15247,13.15557,0.00,0.00
2013.11.01 17:07:14.651,13.15247,13.15568,0.00,0.00
2013.11.01 17:07:14.767,13.15267,13.15587,0.00,0.00
2013.11.01 17:07:15.882,13.15246,13.15448,0.00,0.00
2013.11.01 17:07:15.998,13.15111,13.15387,0.00,0.00
2013.11.01 17:07:16.057,13.15072,13.15387,0.00,0.00
2013.11.01 17:07:16.851,13.15072,13.15357,0.00,0.00
2013.11.01 17:07:16.908,13.15052,13.15357,0.00,0.00
2013.11.01 17:07:17.119,13.15042,13.15357,0.00,0.00
2013.11.01 17:07:18.892,13.15022,13.15338,0.00,0.00
2013.11.01 17:07:18.948,13.15022,13.15327,0.00,0.00
2013.11.01 17:07:19.068,13.15002,13.15318,0.00,0.00
2013.11.01 17:07:19.217,13.15137,13.15327,0.00,0.00
2013.11.01 17:07:19.277,13.15137,13.15358,0.00,0.00
2013.11.01 17:07:19.338,13.15137,13.15361,0.00,0.00
2013.11.01 17:07:19.397,13.15137,13.15438,0.00,0.00
2013.11.01 17:07:19.517,13.15157,13.15467,0.00,0.00
2013.11.01 17:07:19.803,13.15152,13.15467,0.00,0.00
2013.11.01 17:07:19.917,13.15141,13.15458,0.00,0.00
2013.11.01 17:07:19.988,13.15126,13.15458,0.00,0.00
2013.11.01 17:07:20.107,13.15092,13.15458,0.00,0.00
2013.11.01 17:07:22.029,13.15097,13.15467,0.00,0.00
2013.11.01 17:07:22.426,13.15096,13.15467,0.00,0.00
2013.11.01 17:07:22.487,13.15082,13.15467,0.00,0.00
2013.11.01 17:07:22.547,13.15055,13.15368,0.00,0.00
2013.11.01 17:07:22.668,13.15026,13.15358,0.00,0.00
2013.11.01 17:07:22.727,13.14992,13.15347,0.00,0.00
2013.11.01 17:07:23.488,13.15007,13.15347,0.00,0.00
2013.11.01 17:07:23.891,13.15007,13.15367,0.00,0.00
2013.11.01 17:07:28.137,13.15017,13.15367,0.00,0.00
2013.11.01 17:07:30.528,13.15017,13.15358,0.00,0.00
2013.11.01 17:07:31.921,13.15017,13.15347,0.00,0.00
2013.11.01 17:07:32.335,13.15002,13.15347,0.00,0.00
2013.11.01 17:07:33.547,13.14992,13.15308,0.00,0.00
2013.11.01 17:07:36.440,13.14972,13.15288,0.00,0.00
2013.11.01 17:07:38.575,13.14951,13.15228,0.00,0.00
2013.11.01 17:07:38.859,13.14892,13.15208,0.00,0.00
2013.11.01 17:07:42.978,13.14882,13.15198,0.00,0.00
2013.11.01 17:07:47.217,13.14937,13.1524,0.00,0.00
2013.11.01 17:07:47.278,13.14967,13.1528,0.00,0.00
2013.11.01 17:07:47.418,13.14967,13.15288,0.00,0.00
2013.11.01 17:07:47.761,13.14967,13.15277,0.00,0.00
2013.11.01 17:07:47.817,13.14962,13.15277,0.00,0.00
2013.11.01 17:07:49.941,13.14952,13.15258,0.00,0.00
2013.11.01 17:07:50.297,13.14802,13.15138,0.00,0.00
2013.11.01 17:07:50.418,13.14827,13.15156,0.00,0.00
2013.11.01 17:07:50.838,13.14822,13.15138,0.00,0.00
2013.11.01 17:07:51.391,13.14822,13.15107,0.00,0.00
2013.11.01 17:07:51.508,13.14772,13.15088,0.00,0.00
2013.11.01 17:07:51.709,13.14746,13.15028,0.00,0.00
2013.11.01 17:07:51.768,13.14712,13.14997,0.00,0.00
2013.11.01 17:07:51.828,13.14686,13.14988,0.00,0.00
2013.11.01 17:07:51.888,13.14672,13.14988,0.00,0.00
2013.11.01 17:07:52.188,13.14673,13.14988,0.00,0.00
2013.11.01 17:07:52.616,13.14697,13.14997,0.00,0.00
2013.11.01 17:07:52.899,13.14692,13.14997,0.00,0.00
2013.11.01 17:07:53.138,13.14697,13.14997,0.00,0.00
2013.11.01 17:07:53.714,13.14682,13.14997,0.00,0.00
2013.11.01 17:07:54.367,13.14687,13.14997,0.00,0.00
2013.11.01 17:07:54.848,13.14672,13.14988,0.00,0.00
2013.11.01 17:07:55.488,13.14677,13.14997,0.00,0.00
2013.11.01 17:07:55.755,13.14672,13.14988,0.00,0.00
2013.11.01 17:07:56.054,13.14662,13.14978,0.00,0.00
2013.11.01 17:07:56.488,13.14667,13.14988,0.00,0.00
2013.11.01 17:07:56.797,13.14662,13.14978,0.00,0.00
2013.11.01 17:07:57.520,13.14677,13.14997,0.00,0.00
2013.11.01 17:07:58.168,13.14672,13.14988,0.00,0.00
2013.11.01 17:07:58.498,13.14687,13.14997,0.00,0.00
2013.11.01 17:07:59.048,13.14672,13.14988,0.00,0.00
2013.11.01 17:07:59.108,13.14646,13.14948,0.00,0.00
2013.11.01 17:07:59.168,13.14632,13.14948,0.00,0.00
2013.11.01 17:07:59.299,13.14632,13.14936,0.00,0.00
2013.11.01 17:07:59.358,13.14602,13.14917,0.00,0.00
2013.11.01 17:07:59.478,13.14592,13.14908,0.00,0.00
2013.11.01 17:07:59.561,13.14607,13.14917,0.00,0.00
2013.11.01 17:07:59.678,13.14602,13.14917,0.00,0.00
2013.11.01 17:07:59.869,13.14582,13.14898,0.00,0.00
2013.11.01 17:08:00.088,13.14597,13.14913,0.00,0.00
2013.11.01 17:08:00.267,13.14597,13.14917,0.00,0.00
2013.11.01 17:08:00.388,13.14582,13.14898,0.00,0.00
2013.11.01 17:08:00.578,13.14637,13.14917,0.00,0.00
2013.11.01 17:08:00.698,13.14637,13.1493,0.00,0.00
2013.11.01 17:08:00.818,13.14637,13.14957,0.00,0.00
2013.11.01 17:08:00.877,13.14657,13.14957,0.00,0.00
2013.11.01 17:08:01.198,13.14677,13.14977,0.00,0.00
2013.11.01 17:08:01.458,13.14662,13.14958,0.00,0.00
2013.11.01 17:08:01.518,13.14636,13.14908,0.00,0.00
2013.11.01 17:08:01.908,13.14632,13.14931,0.00,0.00
2013.11.01 17:08:01.967,13.14632,13.14937,0.00,0.00
2013.11.01 17:08:03.616,13.14622,13.14937,0.00,0.00
2013.11.01 17:08:03.820,13.14622,13.14907,0.00,0.00
2013.11.01 17:08:03.878,13.14596,13.14888,0.00,0.00
2013.11.01 17:08:04.018,13.14572,13.14888,0.00,0.00
2013.11.01 17:08:04.268,13.14637,13.14898,0.00,0.00
2013.11.01 17:08:04.388,13.14622,13.14901,0.00,0.00
2013.11.01 17:08:04.448,13.14622,13.14938,0.00,0.00
2013.11.01 17:08:04.628,13.1463,13.14938,0.00,0.00
2013.11.01 17:08:04.688,13.14595,13.14908,0.00,0.00
2013.11.01 17:08:04.809,13.14592,13.14908,0.00,0.00
2013.11.01 17:08:04.988,13.14617,13.14938,0.00,0.00
2013.11.01 17:08:05.859,13.14637,13.14958,0.00,0.00
2013.11.01 17:08:06.188,13.14657,13.14975,0.00,0.00
2013.11.01 17:08:06.318,13.14667,13.14987,0.00,0.00
2013.11.01 17:08:06.570,13.14662,13.14978,0.00,0.00
2013.11.01 17:08:06.787,13.14667,13.14987,0.00,0.00
2013.11.01 17:08:07.008,13.14677,13.14998,0.00,0.00
2013.11.01 17:08:07.780,13.14672,13.14988,0.00,0.00
2013.11.01 17:08:08.357,13.14677,13.14998,0.00,0.00
2013.11.01 17:08:08.689,13.14737,13.15042,0.00,0.00
2013.11.01 17:08:08.749,13.14757,13.15066,0.00,0.00
2013.11.01 17:08:08.808,13.14757,13.15078,0.00,0.00
2013.11.01 17:08:09.617,13.14752,13.15068,0.00,0.00
2013.11.01 17:08:09.797,13.14726,13.15048,0.00,0.00
2013.11.01 17:08:09.909,13.14692,13.15048,0.00,0.00
2013.11.01 17:08:11.287,13.14692,13.15006,0.00,0.00
2013.11.01 17:08:11.647,13.14697,13.15017,0.00,0.00
2013.11.01 17:08:11.768,13.14677,13.14958,0.00,0.00
2013.11.01 17:08:11.897,13.14593,13.14908,0.00,0.00
2013.11.01 17:08:11.958,13.14593,13.14878,0.00,0.00
2013.11.01 17:08:12.017,13.14562,13.14878,0.00,0.00
2013.11.01 17:08:12.257,13.14567,13.14887,0.00,0.00
2013.11.01 17:08:12.778,13.14562,13.14857,0.00,0.00
2013.11.01 17:08:13.079,13.14768,13.15088,0.00,0.00
2013.11.01 17:08:13.154,13.14787,13.15108,0.00,0.00
2013.11.01 17:08:13.354,13.14782,13.15098,0.00,0.00
2013.11.01 17:08:14.808,13.14837,13.15124,0.00,0.00
2013.11.01 17:08:14.928,13.14832,13.15124,0.00,0.00
2013.11.01 17:08:14.987,13.14832,13.15139,0.00,0.00
2013.11.01 17:08:15.048,13.14832,13.15148,0.00,0.00
2013.11.01 17:08:15.108,13.14822,13.15138,0.00,0.00
2013.11.01 17:08:16.017,13.14792,13.15108,0.00,0.00
2013.11.01 17:08:16.318,13.14857,13.15178,0.00,0.00
2013.11.01 17:08:16.378,13.14842,13.15198,0.00,0.00
2013.11.01 17:08:16.438,13.14925,13.15257,0.00,0.00
2013.11.01 17:08:16.908,13.14882,13.15257,0.00,0.00
2013.11.01 17:08:16.968,13.14917,13.15237,0.00,0.00
2013.11.01 17:08:17.148,13.14902,13.15218,0.00,0.00
2013.11.01 17:08:17.570,13.14902,13.15157,0.00,0.00
2013.11.01 17:08:17.688,13.14842,13.15157,0.00,0.00
2013.11.01 17:08:17.750,13.1482,13.15138,0.00,0.00
2013.11.01 17:08:17.828,13.14815,13.15138,0.00,0.00
2013.11.01 17:08:17.948,13.14857,13.15175,0.00,0.00
2013.11.01 17:08:18.008,13.14857,13.15178,0.00,0.00
2013.11.01 17:08:18.068,13.14812,13.15128,0.00,0.00
2013.11.01 17:08:18.397,13.14795,13.15048,0.00,0.00
2013.11.01 17:08:18.629,13.14742,13.15048,0.00,0.00
2013.11.01 17:08:19.018,13.14742,13.15058,0.00,0.00
2013.11.01 17:08:20.063,13.14742,13.15048,0.00,0.00
2013.11.01 17:08:20.871,13.14742,13.15058,0.00,0.00
2013.11.01 17:08:21.783,13.14742,13.15048,0.00,0.00
2013.11.01 17:08:22.381,13.14742,13.15038,0.00,0.00
2013.11.01 17:08:22.437,13.14702,13.15018,0.00,0.00
2013.11.01 17:08:23.714,13.14717,13.15038,0.00,0.00
2013.11.01 17:08:24.988,13.14757,13.15078,0.00,0.00
2013.11.01 17:08:25.978,13.14742,13.15058,0.00,0.00
2013.11.01 17:08:26.288,13.14757,13.15078,0.00,0.00
2013.11.01 17:08:27.028,13.14744,13.15087,0.00,0.00
2013.11.01 17:08:27.088,13.14797,13.15087,0.00,0.00
2013.11.01 17:08:27.148,13.14797,13.15118,0.00,0.00
2013.11.01 17:08:27.328,13.14817,13.15158,0.00,0.00
2013.11.01 17:08:28.291,13.14847,13.15158,0.00,0.00
2013.11.01 17:08:28.527,13.14802,13.15118,0.00,0.00
2013.11.01 17:08:28.708,13.14807,13.15138,0.00,0.00
2013.11.01 17:08:29.121,13.14807,13.15057,0.00,0.00
2013.11.01 17:08:29.328,13.14682,13.14998,0.00,0.00
2013.11.01 17:08:29.388,13.14682,13.14967,0.00,0.00
2013.11.01 17:08:29.447,13.14642,13.14958,0.00,0.00
2013.11.01 17:08:29.748,13.14647,13.14968,0.00,0.00
2013.11.01 17:08:30.221,13.14642,13.14958,0.00,0.00
2013.11.01 17:08:32.748,13.14667,13.14979,0.00,0.00
2013.11.01 17:08:32.959,13.14667,13.14988,0.00,0.00
2013.11.01 17:08:34.018,13.14652,13.14968,0.00,0.00
2013.11.01 17:08:34.407,13.14657,13.14978,0.00,0.00
2013.11.01 17:08:34.812,13.14677,13.14987,0.00,0.00
2013.11.01 17:08:35.008,13.14677,13.14998,0.00,0.00
2013.11.01 17:08:35.068,13.14687,13.15007,0.00,0.00
2013.11.01 17:08:35.128,13.14697,13.15018,0.00,0.00
2013.11.01 17:08:35.628,13.14717,13.15038,0.00,0.00
2013.11.01 17:08:37.567,13.14702,13.15018,0.00,0.00
2013.11.01 17:08:37.868,13.14662,13.14957,0.00,0.00
2013.11.01 17:08:38.118,13.14642,13.14957,0.00,0.00
2013.11.01 17:08:38.400,13.14642,13.14877,0.00,0.00
2013.11.01 17:08:38.518,13.14632,13.14877,0.00,0.00
2013.11.01 17:08:38.582,13.14609,13.14877,0.00,0.00
2013.11.01 17:08:38.638,13.14592,13.14877,0.00,0.00
2013.11.01 17:08:38.698,13.14552,13.14868,0.00,0.00
2013.11.01 17:08:39.097,13.14557,13.14877,0.00,0.00
2013.11.01 17:08:39.457,13.14492,13.14787,0.00,0.00
2013.11.01 17:08:39.648,13.14462,13.14778,0.00,0.00
2013.11.01 17:08:39.920,13.14477,13.14787,0.00,0.00
2013.11.01 17:08:41.028,13.14462,13.14778,0.00,0.00
2013.11.01 17:08:42.649,13.14497,13.14787,0.00,0.00
2013.11.01 17:08:49.249,13.14482,13.14787,0.00,0.00
2013.11.01 17:08:49.320,13.14487,13.14787,0.00,0.00
2013.11.01 17:08:51.249,13.14482,13.14787,0.00,0.00
2013.11.01 17:08:51.352,13.14507,13.14787,0.00,0.00
2013.11.01 17:08:51.528,13.14507,13.14807,0.00,0.00
2013.11.01 17:08:51.710,13.14507,13.14828,0.00,0.00
2013.11.01 17:08:51.768,13.14537,13.14837,0.00,0.00
2013.11.01 17:08:52.008,13.14532,13.14837,0.00,0.00
2013.11.01 17:08:52.318,13.14567,13.14867,0.00,0.00
2013.11.01 17:08:52.681,13.14597,13.14867,0.00,0.00
2013.11.01 17:08:53.412,13.14575,13.14867,0.00,0.00
2013.11.01 17:08:53.528,13.14575,13.14847,0.00,0.00
2013.11.01 17:08:53.588,13.14572,13.14847,0.00,0.00
2013.11.01 17:08:53.648,13.14552,13.14847,0.00,0.00
2013.11.01 17:08:53.708,13.14542,13.14847,0.00,0.00
2013.11.01 17:08:55.049,13.14532,13.14847,0.00,0.00
2013.11.01 17:08:56.689,13.14522,13.14847,0.00,0.00
2013.11.01 17:08:58.204,13.14527,13.14847,0.00,0.00
2013.11.01 17:08:58.970,13.14578,13.14908,0.00,0.00
2013.11.01 17:08:59.028,13.14637,13.14928,0.00,0.00
2013.11.01 17:08:59.088,13.14637,13.1498,0.00,0.00
2013.11.01 17:08:59.199,13.14751,13.15038,0.00,0.00
2013.11.01 17:08:59.258,13.14732,13.15047,0.00,0.00
2013.11.01 17:08:59.378,13.14747,13.15047,0.00,0.00
2013.11.01 17:08:59.920,13.14777,13.15047,0.00,0.00
2013.11.01 17:08:59.985,13.14772,13.15047,0.00,0.00
2013.11.01 17:09:00.048,13.14757,13.15047,0.00,0.00
2013.11.01 17:09:00.108,13.14777,13.15047,0.00,0.00
2013.11.01 17:09:01.327,13.14772,13.15047,0.00,0.00
2013.11.01 17:09:01.842,13.14777,13.15047,0.00,0.00
2013.11.01 17:09:01.988,13.14777,13.15077,0.00,0.00
2013.11.01 17:09:02.818,13.14797,13.15077,0.00,0.00
2013.11.01 17:09:02.938,13.14834,13.15118,0.00,0.00
2013.11.01 17:09:02.999,13.14887,13.15167,0.00,0.00
2013.11.01 17:09:03.058,13.14887,13.15197,0.00,0.00
2013.11.01 17:09:03.178,13.14887,13.15208,0.00,0.00
2013.11.01 17:09:03.580,13.14872,13.15188,0.00,0.00
2013.11.01 17:09:03.929,13.14838,13.15138,0.00,0.00
2013.11.01 17:09:03.988,13.14822,13.15138,0.00,0.00
2013.11.01 17:09:04.102,13.14837,13.15158,0.00,0.00
2013.11.01 17:09:04.430,13.14832,13.15148,0.00,0.00
2013.11.01 17:09:05.569,13.14832,13.15147,0.00,0.00
2013.11.01 17:09:06.541,13.14812,13.15128,0.00,0.00
2013.11.01 17:09:06.658,13.14772,13.15088,0.00,0.00
2013.11.01 17:09:08.892,13.14787,13.15108,0.00,0.00
2013.11.01 17:09:10.849,13.14787,13.15097,0.00,0.00
2013.11.01 17:09:10.934,13.14782,13.15097,0.00,0.00
2013.11.01 17:09:11.998,13.14797,13.15097,0.00,0.00
2013.11.01 17:09:13.399,13.14792,13.15097,0.00,0.00
2013.11.01 17:09:13.912,13.14782,13.15097,0.00,0.00
2013.11.01 17:09:15.037,13.14797,13.15097,0.00,0.00
2013.11.01 17:09:15.751,13.14778,13.15078,0.00,0.00
2013.11.01 17:09:15.978,13.14772,13.15077,0.00,0.00
2013.11.01 17:09:16.188,13.14787,13.15077,0.00,0.00
2013.11.01 17:09:16.784,13.14797,13.15077,0.00,0.00
2013.11.01 17:09:17.204,13.14837,13.15077,0.00,0.00
2013.11.01 17:09:17.368,13.14867,13.15144,0.00,0.00
2013.11.01 17:09:17.428,13.14867,13.15188,0.00,0.00
2013.11.01 17:09:17.488,13.14852,13.15147,0.00,0.00
2013.11.01 17:09:17.548,13.14832,13.15147,0.00,0.00
2013.11.01 17:09:18.539,13.14837,13.15147,0.00,0.00
2013.11.01 17:09:19.084,13.14847,13.15147,0.00,0.00
2013.11.01 17:09:19.419,13.14867,13.15147,0.00,0.00
2013.11.01 17:09:19.478,13.14867,13.15167,0.00,0.00
2013.11.01 17:09:19.598,13.14877,13.15164,0.00,0.00
2013.11.01 17:09:19.658,13.14877,13.15167,0.00,0.00
2013.11.01 17:09:19.718,13.14836,13.15167,0.00,0.00
2013.11.01 17:09:19.778,13.14832,13.15167,0.00,0.00
2013.11.01 17:09:20.308,13.14837,13.15167,0.00,0.00
2013.11.01 17:09:20.616,13.14847,13.15137,0.00,0.00
2013.11.01 17:09:20.857,13.14782,13.15097,0.00,0.00
2013.11.01 17:09:21.538,13.14782,13.15057,0.00,0.00
2013.11.01 17:09:24.668,13.14772,13.15057,0.00,0.00
2013.11.01 17:09:25.172,13.14777,13.15057,0.00,0.00
2013.11.01 17:09:25.792,13.14787,13.15057,0.00,0.00
2013.11.01 17:09:28.230,13.14797,13.15057,0.00,0.00
2013.11.01 17:09:28.288,13.14797,13.15087,0.00,0.00
2013.11.01 17:09:29.138,13.14792,13.15087,0.00,0.00
2013.11.01 17:09:29.241,13.14797,13.15087,0.00,0.00
2013.11.01 17:09:30.265,13.14782,13.15087,0.00,0.00
2013.11.01 17:09:33.629,13.14782,13.15067,0.00,0.00
2013.11.01 17:09:36.349,13.14772,13.15067,0.00,0.00
2013.11.01 17:09:38.716,13.14797,13.15067,0.00,0.00
2013.11.01 17:09:39.123,13.14775,13.15067,0.00,0.00
2013.11.01 17:09:39.178,13.14797,13.15087,0.00,0.00
2013.11.01 17:09:39.531,13.14887,13.15087,0.00,0.00
2013.11.01 17:09:39.588,13.14887,13.15208,0.00,0.00
2013.11.01 17:09:39.648,13.14932,13.15247,0.00,0.00
2013.11.01 17:09:40.036,13.14947,13.15247,0.00,0.00
2013.11.01 17:09:40.457,13.14957,13.15247,0.00,0.00
2013.11.01 17:09:41.253,13.14942,13.15247,0.00,0.00
2013.11.01 17:09:42.273,13.14922,13.15238,0.00,0.00
2013.11.01 17:09:42.388,13.14947,13.15258,0.00,0.00
2013.11.01 17:09:42.888,13.14932,13.15248,0.00,0.00
2013.11.01 17:09:44.401,13.14937,13.15258,0.00,0.00
2013.11.01 17:09:46.018,13.14947,13.15258,0.00,0.00
2013.11.01 17:09:47.878,13.14942,13.15258,0.00,0.00
2013.11.01 17:09:48.198,13.14987,13.15297,0.00,0.00
2013.11.01 17:09:48.318,13.14972,13.15288,0.00,0.00
2013.11.01 17:09:48.922,13.14987,13.15297,0.00,0.00
2013.11.01 17:09:50.306,13.14972,13.15288,0.00,0.00
2013.11.01 17:09:51.148,13.14987,13.15297,0.00,0.00
2013.11.01 17:09:51.428,13.14972,13.15288,0.00,0.00
2013.11.01 17:09:51.488,13.14972,13.15267,0.00,0.00
2013.11.01 17:09:52.329,13.14977,13.15267,0.00,0.00
2013.11.01 17:09:54.262,13.14962,13.15267,0.00,0.00
2013.11.01 17:09:54.668,13.14962,13.15247,0.00,0.00
2013.11.01 17:09:55.521,13.14977,13.15247,0.00,0.00
2013.11.01 17:09:57.326,13.14955,13.15247,0.00,0.00
2013.11.01 17:09:57.404,13.14952,13.15247,0.00,0.00
2013.11.01 17:09:57.499,13.14952,13.15267,0.00,0.00
2013.11.01 17:09:57.558,13.14977,13.15267,0.00,0.00
2013.11.01 17:09:59.384,13.15137,13.15267,0.00,0.00
2013.11.01 17:09:59.498,13.15237,13.15458,0.00,0.00
2013.11.01 17:09:59.558,13.15237,13.15472,0.00,0.00
2013.11.01 17:09:59.678,13.15237,13.15551,0.00,0.00
2013.11.01 17:09:59.738,13.15216,13.15528,0.00,0.00
2013.11.01 17:09:59.798,13.15237,13.15558,0.00,0.00
2013.11.01 17:09:59.938,13.15247,13.15558,0.00,0.00
2013.11.01 17:10:00.095,13.15247,13.15568,0.00,0.00
2013.11.01 17:10:00.149,13.15257,13.15577,0.00,0.00
2013.11.01 17:10:01.420,13.15252,13.15568,0.00,0.00
2013.11.01 17:10:01.899,13.15252,13.15557,0.00,0.00
2013.11.01 17:10:02.231,13.15257,13.15557,0.00,0.00
2013.11.01 17:10:02.954,13.15267,13.15557,0.00,0.00
2013.11.01 17:10:03.768,13.15267,13.15577,0.00,0.00
2013.11.01 17:10:04.648,13.15277,13.15577,0.00,0.00
2013.11.01 17:10:05.218,13.15337,13.15577,0.00,0.00
2013.11.01 17:10:05.528,13.15447,13.15702,0.00,0.00
2013.11.01 17:10:05.588,13.15447,13.15737,0.00,0.00
2013.11.01 17:10:06.348,13.15491,13.15737,0.00,0.00
2013.11.01 17:10:06.468,13.15452,13.15757,0.00,0.00
2013.11.01 17:10:07.729,13.15452,13.15737,0.00,0.00
2013.11.01 17:10:11.368,13.15452,13.15767,0.00,0.00
2013.11.01 17:10:12.028,13.15467,13.15767,0.00,0.00
2013.11.01 17:10:14.108,13.15467,13.15787,0.00,0.00
2013.11.01 17:10:16.373,13.15477,13.15787,0.00,0.00
2013.11.01 17:10:16.879,13.15462,13.15778,0.00,0.00
2013.11.01 17:10:16.968,13.15462,13.15767,0.00,0.00
2013.11.01 17:10:17.099,13.15456,13.15767,0.00,0.00
2013.11.01 17:10:17.158,13.15452,13.15767,0.00,0.00
2013.11.01 17:10:17.282,13.15457,13.15767,0.00,0.00
2013.11.01 17:10:17.485,13.15442,13.15758,0.00,0.00
2013.11.01 17:10:19.158,13.15457,13.15767,0.00,0.00
2013.11.01 17:10:21.699,13.15457,13.15778,0.00,0.00
2013.11.01 17:10:21.758,13.15507,13.15803,0.00,0.00
2013.11.01 17:10:21.989,13.15527,13.15848,0.00,0.00
2013.11.01 17:10:25.358,13.15557,13.15878,0.00,0.00
2013.11.01 17:10:29.273,13.15577,13.15898,0.00,0.00
2013.11.01 17:10:29.590,13.15597,13.15918,0.00,0.00
2013.11.01 17:10:29.908,13.15582,13.15898,0.00,0.00
2013.11.01 17:10:30.663,13.15572,13.15888,0.00,0.00
2013.11.01 17:10:33.000,13.15503,13.15808,0.00,0.00
2013.11.01 17:10:33.346,13.15472,13.15777,0.00,0.00
2013.11.01 17:10:34.264,13.15442,13.15758,0.00,0.00
2013.11.01 17:10:35.395,13.15457,13.15777,0.00,0.00
2013.11.01 17:10:36.108,13.15457,13.15778,0.00,0.00
2013.11.01 17:10:36.424,13.15557,13.15878,0.00,0.00
2013.11.01 17:10:36.988,13.15557,13.15867,0.00,0.00
2013.11.01 17:10:37.308,13.15542,13.15817,0.00,0.00
2013.11.01 17:10:37.841,13.15532,13.15817,0.00,0.00
2013.11.01 17:10:37.898,13.15532,13.15787,0.00,0.00
2013.11.01 17:10:37.960,13.1551,13.15787,0.00,0.00
2013.11.01 17:10:38.098,13.15472,13.15787,0.00,0.00
2013.11.01 17:10:41.528,13.15497,13.15818,0.00,0.00
2013.11.01 17:10:41.708,13.15547,13.15837,0.00,0.00
2013.11.01 17:10:42.388,13.15547,13.15817,0.00,0.00
2013.11.01 17:10:42.839,13.15502,13.15817,0.00,0.00
2013.11.01 17:10:46.471,13.15482,13.15658,0.00,0.00
2013.11.01 17:10:46.588,13.15455,13.15658,0.00,0.00
2013.11.01 17:10:46.648,13.15393,13.15658,0.00,0.00
2013.11.01 17:10:46.708,13.15342,13.15577,0.00,0.00
2013.11.01 17:10:46.772,13.15325,13.15577,0.00,0.00
2013.11.01 17:10:46.828,13.15272,13.15577,0.00,0.00
2013.11.01 17:10:47.118,13.15287,13.15577,0.00,0.00
2013.11.01 17:10:47.186,13.15272,13.15577,0.00,0.00
2013.11.01 17:10:47.408,13.15307,13.15577,0.00,0.00
2013.11.01 17:10:47.598,13.15307,13.15617,0.00,0.00
2013.11.01 17:10:47.878,13.15307,13.15645,0.00,0.00
2013.11.01 17:10:47.938,13.15367,13.15645,0.00,0.00
2013.11.01 17:10:47.998,13.15367,13.15669,0.00,0.00
2013.11.01 17:10:48.058,13.15367,13.15687,0.00,0.00
2013.11.01 17:10:48.199,13.15362,13.15678,0.00,0.00
2013.11.01 17:10:48.418,13.15437,13.15687,0.00,0.00
2013.11.01 17:10:48.538,13.15437,13.15758,0.00,0.00
2013.11.01 17:10:49.123,13.15457,13.15778,0.00,0.00
2013.11.01 17:10:49.438,13.15557,13.15802,0.00,0.00
2013.11.01 17:10:49.498,13.15557,13.15861,0.00,0.00
2013.11.01 17:10:49.619,13.15557,13.15867,0.00,0.00
2013.11.01 17:10:49.678,13.15557,13.15878,0.00,0.00
2013.11.01 17:10:51.208,13.15557,13.15877,0.00,0.00
2013.11.01 17:10:52.602,13.15541,13.15808,0.00,0.00
2013.11.01 17:10:52.778,13.15459,13.15758,0.00,0.00
2013.11.01 17:10:52.838,13.15459,13.15708,0.00,0.00
2013.11.01 17:10:52.898,13.15392,13.15708,0.00,0.00
2013.11.01 17:10:53.228,13.15392,13.15658,0.00,0.00
2013.11.01 17:10:53.488,13.15292,13.15607,0.00,0.00
2013.11.01 17:10:53.548,13.15252,13.15568,0.00,0.00
2013.11.01 17:10:54.078,13.15252,13.15567,0.00,0.00
2013.11.01 17:10:57.383,13.15337,13.15567,0.00,0.00
2013.11.01 17:10:57.498,13.15348,13.15648,0.00,0.00
2013.11.01 17:10:57.638,13.15417,13.15668,0.00,0.00
2013.11.01 17:10:57.698,13.15417,13.15738,0.00,0.00
2013.11.01 17:10:58.803,13.15403,13.15698,0.00,0.00
2013.11.01 17:10:58.858,13.15382,13.15698,0.00,0.00
2013.11.01 17:10:59.309,13.15372,13.15688,0.00,0.00
2013.11.01 17:11:00.012,13.15352,13.15668,0.00,0.00
2013.11.01 17:11:01.298,13.15352,13.15617,0.00,0.00
2013.11.01 17:11:01.358,13.15328,13.15608,0.00,0.00
2013.11.01 17:11:01.426,13.15328,13.15578,0.00,0.00
2013.11.01 17:11:01.488,13.15273,13.15578,0.00,0.00
2013.11.01 17:11:01.549,13.15262,13.15578,0.00,0.00
2013.11.01 17:11:06.468,13.15262,13.15527,0.00,0.00
2013.11.01 17:11:06.528,13.15243,13.15527,0.00,0.00
2013.11.01 17:11:06.588,13.15228,13.15527,0.00,0.00
2013.11.01 17:11:06.648,13.15162,13.15478,0.00,0.00
2013.11.01 17:11:06.716,13.15237,13.15498,0.00,0.00
2013.11.01 17:11:06.898,13.15257,13.15563,0.00,0.00
2013.11.01 17:11:07.118,13.15257,13.15578,0.00,0.00
2013.11.01 17:11:07.733,13.15242,13.15558,0.00,0.00
2013.11.01 17:11:08.070,13.15152,13.15468,0.00,0.00
2013.11.01 17:11:08.441,13.15133,13.15448,0.00,0.00
2013.11.01 17:11:08.618,13.15102,13.15418,0.00,0.00
2013.11.01 17:11:08.678,13.15083,13.15388,0.00,0.00
2013.11.01 17:11:08.738,13.15072,13.15388,0.00,0.00
2013.11.01 17:11:08.858,13.15053,13.15413,0.00,0.00
2013.11.01 17:11:08.918,13.15053,13.15357,0.00,0.00
2013.11.01 17:11:08.978,13.15032,13.15348,0.00,0.00
2013.11.01 17:11:09.098,13.15012,13.15328,0.00,0.00
2013.11.01 17:11:09.408,13.15037,13.15348,0.00,0.00
2013.11.01 17:11:09.468,13.15037,13.15357,0.00,0.00
2013.11.01 17:11:09.978,13.15137,13.15377,0.00,0.00
2013.11.01 17:11:10.038,13.15137,13.15388,0.00,0.00
2013.11.01 17:11:10.098,13.15137,13.15408,0.00,0.00
2013.11.01 17:11:10.158,13.15137,13.15438,0.00,0.00
2013.11.01 17:11:10.263,13.15147,13.15463,0.00,0.00
2013.11.01 17:11:10.318,13.15147,13.15467,0.00,0.00
2013.11.01 17:11:10.470,13.15237,13.15467,0.00,0.00
2013.11.01 17:11:10.538,13.15237,13.15488,0.00,0.00
2013.11.01 17:11:10.598,13.15237,13.15528,0.00,0.00
2013.11.01 17:11:10.743,13.15237,13.15537,0.00,0.00
2013.11.01 17:11:11.958,13.15337,13.15537,0.00,0.00
2013.11.01 17:11:12.078,13.15337,13.15658,0.00,0.00
2013.11.01 17:11:12.138,13.15417,13.15684,0.00,0.00
2013.11.01 17:11:12.258,13.15417,13.15738,0.00,0.00
2013.11.01 17:11:13.068,13.15404,13.15698,0.00,0.00
2013.11.01 17:11:13.128,13.15382,13.15698,0.00,0.00
2013.11.01 17:11:13.338,13.15372,13.15688,0.00,0.00
2013.11.01 17:11:14.024,13.15362,13.15678,0.00,0.00
2013.11.01 17:11:14.435,13.15342,13.15658,0.00,0.00
2013.11.01 17:11:15.341,13.15332,13.15648,0.00,0.00
2013.11.01 17:11:15.542,13.15309,13.15628,0.00,0.00
2013.11.01 17:11:15.598,13.15282,13.15628,0.00,0.00
2013.11.01 17:11:16.148,13.15288,13.15628,0.00,0.00
2013.11.01 17:11:16.549,13.15417,13.15737,0.00,0.00
2013.11.01 17:11:17.056,13.15417,13.15738,0.00,0.00
2013.11.01 17:11:19.377,13.15404,13.15698,0.00,0.00
2013.11.01 17:11:19.628,13.15272,13.15588,0.00,0.00
2013.11.01 17:11:19.688,13.15258,13.15558,0.00,0.00
2013.11.01 17:11:19.808,13.15254,13.15558,0.00,0.00
2013.11.01 17:11:19.868,13.15242,13.15558,0.00,0.00
2013.11.01 17:11:20.497,13.15224,13.15508,0.00,0.00
2013.11.01 17:11:20.558,13.15214,13.15508,0.00,0.00
2013.11.01 17:11:20.618,13.15192,13.15508,0.00,0.00
2013.11.01 17:11:20.678,13.15192,13.15477,0.00,0.00
2013.11.01 17:11:20.738,13.15162,13.15477,0.00,0.00
2013.11.01 17:11:20.918,13.15164,13.15478,0.00,0.00
2013.11.01 17:11:21.069,13.15162,13.15478,0.00,0.00
2013.11.01 17:11:23.088,13.15139,13.15438,0.00,0.00
2013.11.01 17:11:23.388,13.15104,13.15438,0.00,0.00
2013.11.01 17:11:23.448,13.15177,13.15464,0.00,0.00
2013.11.01 17:11:23.568,13.15187,13.15508,0.00,0.00
2013.11.01 17:11:23.688,13.15257,13.15534,0.00,0.00
2013.11.01 17:11:23.808,13.15257,13.15578,0.00,0.00
2013.11.01 17:11:27.048,13.15257,13.15557,0.00,0.00
2013.11.01 17:11:27.108,13.15239,13.15538,0.00,0.00
2013.11.01 17:11:27.168,13.15222,13.15538,0.00,0.00
2013.11.01 17:11:27.228,13.15222,13.15534,0.00,0.00
2013.11.01 17:11:27.309,13.15192,13.15508,0.00,0.00
2013.11.01 17:11:28.820,13.15182,13.15498,0.00,0.00
2013.11.01 17:11:29.933,13.15237,13.15524,0.00,0.00
2013.11.01 17:11:30.058,13.15247,13.15564,0.00,0.00
2013.11.01 17:11:30.118,13.15247,13.15568,0.00,0.00
2013.11.01 17:11:31.278,13.15257,13.15578,0.00,0.00
2013.11.01 17:11:31.969,13.15277,13.15598,0.00,0.00
2013.11.01 17:11:32.562,13.15307,13.15624,0.00,0.00
2013.11.01 17:11:32.671,13.15307,13.15658,0.00,0.00
2013.11.01 17:11:32.868,13.15307,13.15637,0.00,0.00
2013.11.01 17:11:33.225,13.15272,13.15588,0.00,0.00
2013.11.01 17:11:35.350,13.15262,13.15578,0.00,0.00
2013.11.01 17:11:35.655,13.15243,13.15518,0.00,0.00
2013.11.01 17:11:35.708,13.15223,13.15518,0.00,0.00
2013.11.01 17:11:35.768,13.15172,13.15488,0.00,0.00
2013.11.01 17:11:37.580,13.15162,13.15478,0.00,0.00
2013.11.01 17:11:42.260,13.15237,13.15487,0.00,0.00
2013.11.01 17:11:42.478,13.15257,13.15573,0.00,0.00
2013.11.01 17:11:42.538,13.15257,13.15578,0.00,0.00
2013.11.01 17:11:52.712,13.15337,13.15597,0.00,0.00
2013.11.01 17:11:52.988,13.15337,13.15638,0.00,0.00
2013.11.01 17:11:53.048,13.15367,13.15688,0.00,0.00
2013.11.01 17:11:55.459,13.15377,13.15698,0.00,0.00
2013.11.01 17:11:57.399,13.15457,13.15738,0.00,0.00
2013.11.01 17:11:57.578,13.15457,13.15778,0.00,0.00
2013.11.01 17:11:58.624,13.15443,13.15708,0.00,0.00
2013.11.01 17:11:58.678,13.15398,13.15708,0.00,0.00
2013.11.01 17:11:58.738,13.15398,13.15678,0.00,0.00
2013.11.01 17:11:58.798,13.15373,13.15678,0.00,0.00
2013.11.01 17:11:58.918,13.15362,13.15678,0.00,0.00
2013.11.01 17:12:00.156,13.15377,13.15698,0.00,0.00
2013.11.01 17:12:00.478,13.15407,13.15748,0.00,0.00
2013.11.01 17:12:09.145,13.15387,13.15688,0.00,0.00
2013.11.01 17:12:09.212,13.15372,13.15688,0.00,0.00
2013.11.01 17:12:12.487,13.15362,13.15678,0.00,0.00
2013.11.01 17:12:25.588,13.15338,13.15548,0.00,0.00
2013.11.01 17:12:25.708,13.15293,13.15548,0.00,0.00
2013.11.01 17:12:25.768,13.15232,13.15488,0.00,0.00
2013.11.01 17:12:25.828,13.15152,13.15447,0.00,0.00
2013.11.01 17:12:25.888,13.15102,13.15418,0.00,0.00
2013.11.01 17:12:25.959,13.15102,13.15408,0.00,0.00
2013.11.01 17:12:26.018,13.15072,13.15388,0.00,0.00
2013.11.01 17:12:30.373,13.15137,13.15408,0.00,0.00
2013.11.01 17:12:30.559,13.15137,13.15438,0.00,0.00
2013.11.01 17:12:30.618,13.15157,13.15468,0.00,0.00
2013.11.01 17:12:30.680,13.15142,13.15458,0.00,0.00
2013.11.01 17:12:30.798,13.15142,13.15387,0.00,0.00
2013.11.01 17:12:30.924,13.15082,13.15387,0.00,0.00
2013.11.01 17:12:30.995,13.15052,13.15368,0.00,0.00
2013.11.01 17:12:35.067,13.15052,13.15367,0.00,0.00
2013.11.01 17:12:35.128,13.1503,13.15328,0.00,0.00
2013.11.01 17:12:35.188,13.15012,13.15328,0.00,0.00
2013.11.01 17:12:35.248,13.14993,13.15308,0.00,0.00
2013.11.01 17:12:35.933,13.14992,13.15308,0.00,0.00
2013.11.01 17:12:36.923,13.14973,13.15278,0.00,0.00
2013.11.01 17:12:37.098,13.14962,13.15278,0.00,0.00
2013.11.01 17:12:53.269,13.14938,13.15248,0.00,0.00
2013.11.01 17:12:53.608,13.14852,13.15168,0.00,0.00
2013.11.01 17:12:53.818,13.14842,13.15148,0.00,0.00
2013.11.01 17:12:53.968,13.14847,13.15168,0.00,0.00
2013.11.01 17:12:54.173,13.14887,13.15177,0.00,0.00
2013.11.01 17:12:54.228,13.14887,13.15188,0.00,0.00
2013.11.01 17:12:54.288,13.14887,13.15203,0.00,0.00
2013.11.01 17:12:54.348,13.14887,13.15208,0.00,0.00
2013.11.01 17:12:54.683,13.14897,13.15227,0.00,0.00
2013.11.01 17:12:55.189,13.14907,13.15228,0.00,0.00
2013.11.01 17:12:55.392,13.14902,13.15228,0.00,0.00
2013.11.01 17:12:56.029,13.14877,13.15168,0.00,0.00
2013.11.01 17:12:56.148,13.14852,13.15168,0.00,0.00
2013.11.01 17:12:56.231,13.14867,13.15188,0.00,0.00
2013.11.01 17:12:57.050,13.14887,13.15207,0.00,0.00
2013.11.01 17:12:57.251,13.14897,13.15218,0.00,0.00
2013.11.01 17:12:57.862,13.14937,13.15237,0.00,0.00
2013.11.01 17:12:58.058,13.14937,13.15257,0.00,0.00
2013.11.01 17:12:58.371,13.14957,13.15267,0.00,0.00
2013.11.01 17:12:58.429,13.14957,13.15278,0.00,0.00
2013.11.01 17:12:59.958,13.14967,13.15288,0.00,0.00
2013.11.01 17:13:11.866,13.14952,13.15268,0.00,0.00
2013.11.01 17:13:12.796,13.14958,13.15268,0.00,0.00
2013.11.01 17:13:12.908,13.15037,13.15348,0.00,0.00
2013.11.01 17:13:13.008,13.15057,13.15378,0.00,0.00
2013.11.01 17:13:33.588,13.15057,13.15327,0.00,0.00
2013.11.01 17:13:33.648,13.15038,13.15318,0.00,0.00
2013.11.01 17:13:33.708,13.15038,13.15278,0.00,0.00
2013.11.01 17:13:33.849,13.14962,13.15278,0.00,0.00
2013.11.01 17:13:39.874,13.14942,13.15258,0.00,0.00
2013.11.01 17:13:40.749,13.14942,13.15257,0.00,0.00
2013.11.01 17:13:41.079,13.14862,13.15178,0.00,0.00
2013.11.01 17:13:42.319,13.14867,13.15188,0.00,0.00
2013.11.01 17:13:42.558,13.14887,13.15224,0.00,0.00
2013.11.01 17:13:42.619,13.14887,13.15228,0.00,0.00
2013.11.01 17:13:46.174,13.14937,13.15237,0.00,0.00
2013.11.01 17:13:46.228,13.14937,13.15253,0.00,0.00
2013.11.01 17:13:46.348,13.14937,13.15258,0.00,0.00
2013.11.01 17:13:46.879,13.14918,13.15238,0.00,0.00
2013.11.01 17:13:46.938,13.14892,13.15238,0.00,0.00
2013.11.01 17:13:49.357,13.14892,13.15208,0.00,0.00
2013.11.01 17:13:49.768,13.14862,13.15178,0.00,0.00
2013.11.01 17:13:51.709,13.14877,13.15198,0.00,0.00
2013.11.01 17:13:52.313,13.14872,13.15188,0.00,0.00
2013.11.01 17:13:53.439,13.14828,13.15128,0.00,0.00
2013.11.01 17:13:53.498,13.14818,13.15128,0.00,0.00
2013.11.01 17:13:53.558,13.14812,13.15128,0.00,0.00
2013.11.01 17:13:53.618,13.14812,13.15115,0.00,0.00
2013.11.01 17:13:53.678,13.14792,13.15108,0.00,0.00
2013.11.01 17:13:53.937,13.14797,13.15115,0.00,0.00
2013.11.01 17:13:54.040,13.14772,13.15088,0.00,0.00
2013.11.01 17:13:54.360,13.14787,13.15108,0.00,0.00
2013.11.01 17:13:54.555,13.14755,13.15115,0.00,0.00
2013.11.01 17:13:54.608,13.14765,13.15117,0.00,0.00
2013.11.01 17:13:54.972,13.14787,13.15108,0.00,0.00
2013.11.01 17:13:55.790,13.14782,13.15098,0.00,0.00
2013.11.01 17:13:56.098,13.14762,13.15078,0.00,0.00
2013.11.01 17:13:56.495,13.14777,13.15098,0.00,0.00
2013.11.01 17:13:57.038,13.14777,13.15097,0.00,0.00
2013.11.01 17:13:58.017,13.1476,13.15068,0.00,0.00
2013.11.01 17:13:58.328,13.14787,13.15097,0.00,0.00
2013.11.01 17:13:59.637,13.14772,13.15088,0.00,0.00
2013.11.01 17:14:03.118,13.14787,13.15097,0.00,0.00
2013.11.01 17:14:03.324,13.14782,13.15097,0.00,0.00
2013.11.01 17:14:04.540,13.14787,13.15097,0.00,0.00
2013.11.01 17:14:05.718,13.14787,13.15108,0.00,0.00
2013.11.01 17:14:06.708,13.14782,13.15098,0.00,0.00
2013.11.01 17:14:07.591,13.14797,13.15116,0.00,0.00
2013.11.01 17:14:07.709,13.14792,13.15108,0.00,0.00
2013.11.01 17:14:07.828,13.14762,13.15078,0.00,0.00
2013.11.01 17:14:09.523,13.14777,13.15098,0.00,0.00
2013.11.01 17:14:09.824,13.14762,13.15078,0.00,0.00
2013.11.01 17:14:13.308,13.14752,13.15068,0.00,0.00
2013.11.01 17:14:17.780,13.14767,13.15077,0.00,0.00
2013.11.01 17:14:18.738,13.14752,13.15068,0.00,0.00
2013.11.01 17:14:19.500,13.14767,13.15077,0.00,0.00
2013.11.01 17:14:20.009,13.14762,13.15077,0.00,0.00
2013.11.01 17:14:21.246,13.14742,13.15058,0.00,0.00
2013.11.01 17:14:21.398,13.14735,13.15008,0.00,0.00
2013.11.01 17:14:21.558,13.14672,13.14988,0.00,0.00
2013.11.01 17:14:22.274,13.14645,13.14858,0.00,0.00
2013.11.01 17:14:22.459,13.14572,13.14888,0.00,0.00
2013.11.01 17:14:22.638,13.14577,13.14898,0.00,0.00
2013.11.01 17:14:23.314,13.14572,13.14888,0.00,0.00
2013.11.01 17:14:23.649,13.14577,13.14898,0.00,0.00
2013.11.01 17:14:24.258,13.14562,13.14878,0.00,0.00
2013.11.01 17:14:26.568,13.14518,13.14797,0.00,0.00
2013.11.01 17:14:26.749,13.14492,13.14797,0.00,0.00
2013.11.01 17:14:26.810,13.14463,13.14778,0.00,0.00
2013.11.01 17:14:27.335,13.14462,13.14778,0.00,0.00
2013.11.01 17:14:27.448,13.14527,13.14848,0.00,0.00
2013.11.01 17:14:27.759,13.14512,13.14828,0.00,0.00
2013.11.01 17:14:28.759,13.14517,13.14837,0.00,0.00
2013.11.01 17:14:28.888,13.14502,13.14818,0.00,0.00
2013.11.01 17:14:30.578,13.14492,13.14808,0.00,0.00
2013.11.01 17:14:31.408,13.14492,13.14807,0.00,0.00
2013.11.01 17:14:31.502,13.14472,13.14788,0.00,0.00
2013.11.01 17:14:36.518,13.14462,13.14778,0.00,0.00
2013.11.01 17:14:37.030,13.14462,13.14767,0.00,0.00
2013.11.01 17:14:37.400,13.14467,13.14767,0.00,0.00
2013.11.01 17:14:37.938,13.14462,13.14767,0.00,0.00
2013.11.01 17:14:38.459,13.14442,13.14758,0.00,0.00
2013.11.01 17:14:38.658,13.14457,13.14767,0.00,0.00
2013.11.01 17:14:38.718,13.14457,13.14778,0.00,0.00
2013.11.01 17:14:43.060,13.14457,13.14767,0.00,0.00
2013.11.01 17:14:43.119,13.14452,13.14767,0.00,0.00
2013.11.01 17:14:44.714,13.14452,13.14768,0.00,0.00
2013.11.01 17:14:44.769,13.14457,13.14778,0.00,0.00
2013.11.01 17:14:47.948,13.14452,13.14767,0.00,0.00
2013.11.01 17:14:50.324,13.14452,13.14768,0.00,0.00
2013.11.01 17:14:52.092,13.14457,13.14778,0.00,0.00
2013.11.01 17:14:54.548,13.14443,13.14803,0.00,0.00
2013.11.01 17:14:55.255,13.14457,13.14778,0.00,0.00
2013.11.01 17:15:00.349,13.14457,13.14738,0.00,0.00
2013.11.01 17:15:00.528,13.14352,13.14668,0.00,0.00
2013.11.01 17:15:00.768,13.14342,13.14658,0.00,0.00
2013.11.01 17:15:01.128,13.14322,13.14638,0.00,0.00
2013.11.01 17:15:01.634,13.14302,13.14618,0.00,0.00
2013.11.01 17:15:02.048,13.14279,13.14588,0.00,0.00
2013.11.01 17:15:02.228,13.14272,13.14588,0.00,0.00
2013.11.01 17:15:02.965,13.14287,13.14597,0.00,0.00
2013.11.01 17:15:03.098,13.14287,13.14608,0.00,0.00
2013.11.01 17:15:03.918,13.14347,13.14629,0.00,0.00
2013.11.01 17:15:03.979,13.14347,13.14659,0.00,0.00
2013.11.01 17:15:04.278,13.14387,13.14659,0.00,0.00
2013.11.01 17:15:04.398,13.14387,13.14689,0.00,0.00
2013.11.01 17:15:04.519,13.14387,13.14708,0.00,0.00
2013.11.01 17:15:04.578,13.14407,13.14728,0.00,0.00
2013.11.01 17:15:06.189,13.14437,13.14747,0.00,0.00
2013.11.01 17:15:06.509,13.14477,13.14797,0.00,0.00
2013.11.01 17:15:06.685,13.14537,13.14797,0.00,0.00
2013.11.01 17:15:06.738,13.14537,13.14819,0.00,0.00
2013.11.01 17:15:06.798,13.14537,13.14848,0.00,0.00
2013.11.01 17:15:06.918,13.14532,13.14848,0.00,0.00
2013.11.01 17:15:07.198,13.14512,13.14828,0.00,0.00
2013.11.01 17:15:07.603,13.14537,13.14828,0.00,0.00
2013.11.01 17:15:07.806,13.14537,13.14847,0.00,0.00
2013.11.01 17:15:07.928,13.14547,13.14847,0.00,0.00
2013.11.01 17:15:08.048,13.14547,13.14867,0.00,0.00
2013.11.01 17:15:08.540,13.14557,13.14867,0.00,0.00
2013.11.01 17:15:08.599,13.14557,13.14878,0.00,0.00
2013.11.01 17:15:10.989,13.14637,13.14897,0.00,0.00
2013.11.01 17:15:11.048,13.14637,13.14904,0.00,0.00
2013.11.01 17:15:11.108,13.14637,13.14908,0.00,0.00
2013.11.01 17:15:11.228,13.14657,13.14974,0.00,0.00
2013.11.01 17:15:11.288,13.14657,13.14978,0.00,0.00
2013.11.01 17:15:11.348,13.14737,13.14999,0.00,0.00
2013.11.01 17:15:11.408,13.14729,13.15058,0.00,0.00
2013.11.01 17:15:11.468,13.14713,13.15058,0.00,0.00
2013.11.01 17:15:11.529,13.14713,13.14958,0.00,0.00
2013.11.01 17:15:11.648,13.14664,13.14928,0.00,0.00
2013.11.01 17:15:11.708,13.14659,13.14928,0.00,0.00
2013.11.01 17:15:11.829,13.14612,13.14928,0.00,0.00
2013.11.01 17:15:12.058,13.14647,13.14968,0.00,0.00
2013.11.01 17:15:13.608,13.14667,13.14987,0.00,0.00
2013.11.01 17:15:14.468,13.14652,13.14968,0.00,0.00
2013.11.01 17:15:14.570,13.14649,13.14958,0.00,0.00
2013.11.01 17:15:14.738,13.14642,13.14958,0.00,0.00
2013.11.01 17:15:14.798,13.14612,13.14928,0.00,0.00
2013.11.01 17:15:15.190,13.14637,13.14954,0.00,0.00
2013.11.01 17:15:15.368,13.14637,13.14958,0.00,0.00
2013.11.01 17:15:15.502,13.14647,13.14968,0.00,0.00
2013.11.01 17:15:18.259,13.14687,13.14987,0.00,0.00
2013.11.01 17:15:18.660,13.14672,13.14987,0.00,0.00
2013.11.01 17:15:19.980,13.14662,13.14978,0.00,0.00
2013.11.01 17:15:21.212,13.14667,13.14987,0.00,0.00
2013.11.01 17:15:21.848,13.14677,13.14987,0.00,0.00
2013.11.01 17:15:23.640,13.14662,13.14978,0.00,0.00
2013.11.01 17:15:23.788,13.14642,13.14958,0.00,0.00
2013.11.01 17:15:24.128,13.14592,13.14907,0.00,0.00
2013.11.01 17:15:24.248,13.14562,13.14878,0.00,0.00
2013.11.01 17:15:25.004,13.14578,13.14878,0.00,0.00
2013.11.01 17:15:25.149,13.14637,13.14958,0.00,0.00
2013.11.01 17:15:25.208,13.14667,13.1498,0.00,0.00
2013.11.01 17:15:25.268,13.14652,13.14968,0.00,0.00
2013.11.01 17:15:25.388,13.14642,13.14957,0.00,0.00
2013.11.01 17:15:25.508,13.14622,13.14938,0.00,0.00
2013.11.01 17:15:28.943,13.14564,13.14868,0.00,0.00
2013.11.01 17:15:28.999,13.14552,13.14868,0.00,0.00
2013.11.01 17:15:29.632,13.14552,13.14847,0.00,0.00
2013.11.01 17:15:29.688,13.14525,13.14838,0.00,0.00
2013.11.01 17:15:29.748,13.14522,13.14838,0.00,0.00
2013.11.01 17:15:32.868,13.14495,13.14788,0.00,0.00
2013.11.01 17:15:33.049,13.14472,13.14788,0.00,0.00
2013.11.01 17:15:34.179,13.14462,13.14778,0.00,0.00
2013.11.01 17:15:34.774,13.14442,13.14758,0.00,0.00
2013.11.01 17:15:35.089,13.14422,13.14738,0.00,0.00
2013.11.01 17:15:35.390,13.14447,13.14757,0.00,0.00
2013.11.01 17:15:35.449,13.14447,13.14768,0.00,0.00
2013.11.01 17:15:35.807,13.14467,13.14777,0.00,0.00
2013.11.01 17:15:36.819,13.14467,13.14788,0.00,0.00
2013.11.01 17:15:37.190,13.14462,13.14778,0.00,0.00
2013.11.01 17:15:37.893,13.14467,13.14788,0.00,0.00
2013.11.01 17:15:39.860,13.14452,13.14768,0.00,0.00
2013.11.01 17:15:40.664,13.14467,13.14788,0.00,0.00
2013.11.01 17:15:40.970,13.14452,13.14768,0.00,0.00
2013.11.01 17:15:46.064,13.14467,13.14788,0.00,0.00
2013.11.01 17:15:47.812,13.14445,13.14758,0.00,0.00
2013.11.01 17:15:48.108,13.14412,13.14728,0.00,0.00
2013.11.01 17:15:48.969,13.14402,13.14718,0.00,0.00
2013.11.01 17:15:54.902,13.14392,13.14708,0.00,0.00
2013.11.01 17:15:55.229,13.14372,13.14688,0.00,0.00
2013.11.01 17:16:07.183,13.14372,13.14687,0.00,0.00
2013.11.01 17:16:10.228,13.14352,13.14668,0.00,0.00
2013.11.01 17:16:10.920,13.14342,13.14658,0.00,0.00
2013.11.01 17:16:11.253,13.14322,13.14638,0.00,0.00
2013.11.01 17:16:12.588,13.14322,13.14567,0.00,0.00
2013.11.01 17:16:12.828,13.14092,13.14407,0.00,0.00
2013.11.01 17:16:12.899,13.14092,13.14367,0.00,0.00
2013.11.01 17:16:13.212,13.14137,13.14367,0.00,0.00
2013.11.01 17:16:13.268,13.14072,13.14367,0.00,0.00
2013.11.01 17:16:14.916,13.14147,13.14367,0.00,0.00
2013.11.01 17:16:15.158,13.14177,13.14497,0.00,0.00
2013.11.01 17:16:16.268,13.14197,13.14517,0.00,0.00
2013.11.01 17:16:16.749,13.14217,13.14517,0.00,0.00
2013.11.01 17:16:17.598,13.14186,13.14488,0.00,0.00
2013.11.01 17:16:17.658,13.14172,13.14488,0.00,0.00
2013.11.01 17:16:19.105,13.14172,13.14477,0.00,0.00
2013.11.01 17:16:21.100,13.14146,13.14458,0.00,0.00
2013.11.01 17:16:21.218,13.14146,13.14378,0.00,0.00
2013.11.01 17:16:21.278,13.14063,13.14378,0.00,0.00
2013.11.01 17:16:21.338,13.14042,13.14277,0.00,0.00
2013.11.01 17:16:21.398,13.14042,13.14347,0.00,0.00
2013.11.01 17:16:21.458,13.14041,13.14338,0.00,0.00
2013.11.01 17:16:21.638,13.14026,13.14327,0.00,0.00
2013.11.01 17:16:21.758,13.14022,13.14348,0.00,0.00
2013.11.01 17:16:21.818,13.14057,13.14378,0.00,0.00
2013.11.01 17:16:22.179,13.14067,13.14377,0.00,0.00
2013.11.01 17:16:22.493,13.14067,13.14388,0.00,0.00
2013.11.01 17:16:22.549,13.14087,13.14408,0.00,0.00
2013.11.01 17:16:22.928,13.14097,13.14418,0.00,0.00
2013.11.01 17:16:23.269,13.14103,13.14418,0.00,0.00
2013.11.01 17:16:23.579,13.14127,13.14427,0.00,0.00
2013.11.01 17:16:23.768,13.14122,13.14427,0.00,0.00
2013.11.01 17:16:24.140,13.14127,13.14427,0.00,0.00
2013.11.01 17:16:24.339,13.14112,13.14427,0.00,0.00
2013.11.01 17:16:24.458,13.14092,13.14408,0.00,0.00
2013.11.01 17:16:24.579,13.14082,13.14398,0.00,0.00
2013.11.01 17:16:27.165,13.14137,13.14407,0.00,0.00
2013.11.01 17:16:27.223,13.14137,13.14416,0.00,0.00
2013.11.01 17:16:27.338,13.14137,13.14457,0.00,0.00
2013.11.01 17:16:27.398,13.14157,13.14457,0.00,0.00
2013.11.01 17:16:28.328,13.14157,13.14478,0.00,0.00
2013.11.01 17:16:28.389,13.14257,13.14519,0.00,0.00
2013.11.01 17:16:28.470,13.14257,13.14557,0.00,0.00
2013.11.01 17:16:28.589,13.14252,13.14557,0.00,0.00
2013.11.01 17:16:28.881,13.14267,13.14557,0.00,0.00
2013.11.01 17:16:29.009,13.14277,13.14577,0.00,0.00
2013.11.01 17:16:29.258,13.14277,13.14598,0.00,0.00
2013.11.01 17:16:29.593,13.14337,13.14607,0.00,0.00
2013.11.01 17:16:29.649,13.14342,13.14619,0.00,0.00
2013.11.01 17:16:29.709,13.14357,13.14619,0.00,0.00
2013.11.01 17:16:29.768,13.14357,13.14649,0.00,0.00
2013.11.01 17:16:29.829,13.14352,13.14649,0.00,0.00
2013.11.01 17:16:29.888,13.14352,13.14668,0.00,0.00
2013.11.01 17:16:29.949,13.14352,13.14668,0.00,0.00
2013.11.01 17:16:30.009,13.14367,13.14688,0.00,0.00
2013.11.01 17:16:31.039,13.14357,13.14668,0.00,0.00
2013.11.01 17:16:31.158,13.14352,13.14668,0.00,0.00
2013.11.01 17:16:31.218,13.14326,13.14638,0.00,0.00
2013.11.01 17:16:31.278,13.14322,13.14638,0.00,0.00
2013.11.01 17:16:37.139,13.14322,13.14567,0.00,0.00
2013.11.01 17:16:37.258,13.14212,13.14507,0.00,0.00
2013.11.01 17:16:37.388,13.14186,13.14488,0.00,0.00
2013.11.01 17:16:37.448,13.14172,13.14488,0.00,0.00
2013.11.01 17:16:37.684,13.14187,13.14506,0.00,0.00
2013.11.01 17:16:38.189,13.14155,13.14458,0.00,0.00
2013.11.01 17:16:38.248,13.14142,13.14458,0.00,0.00
2013.11.01 17:16:38.387,13.14177,13.14481,0.00,0.00
2013.11.01 17:16:38.449,13.14177,13.14487,0.00,0.00
2013.11.01 17:16:39.129,13.14162,13.14478,0.00,0.00
2013.11.01 17:16:39.469,13.14142,13.14447,0.00,0.00
2013.11.01 17:16:39.528,13.14122,13.14447,0.00,0.00
2013.11.01 17:16:39.708,13.14137,13.14447,0.00,0.00
2013.11.01 17:16:39.829,13.14122,13.14447,0.00,0.00
2013.11.01 17:16:40.159,13.14137,13.14447,0.00,0.00
2013.11.01 17:16:40.499,13.14137,13.14436,0.00,0.00
2013.11.01 17:16:40.558,13.14092,13.14408,0.00,0.00
2013.11.01 17:16:42.126,13.14117,13.14425,0.00,0.00
2013.11.01 17:16:42.338,13.14117,13.14438,0.00,0.00
2013.11.01 17:16:43.234,13.14127,13.14447,0.00,0.00
2013.11.01 17:16:43.568,13.14167,13.14477,0.00,0.00
2013.11.01 17:16:43.879,13.14162,13.14477,0.00,0.00
2013.11.01 17:16:45.279,13.14162,13.14478,0.00,0.00
2013.11.01 17:16:46.784,13.14187,13.145,0.00,0.00
2013.11.01 17:16:46.899,13.14187,13.14508,0.00,0.00
2013.11.01 17:16:47.018,13.14154,13.14408,0.00,0.00
2013.11.01 17:16:47.199,13.14072,13.14388,0.00,0.00
2013.11.01 17:16:47.518,13.14052,13.14358,0.00,0.00
2013.11.01 17:16:47.929,13.14052,13.14368,0.00,0.00
2013.11.01 17:16:48.048,13.14077,13.14398,0.00,0.00
2013.11.01 17:16:48.440,13.14072,13.14388,0.00,0.00
2013.11.01 17:16:49.969,13.14077,13.14398,0.00,0.00
2013.11.01 17:16:50.289,13.14157,13.1442,0.00,0.00
2013.11.01 17:16:50.348,13.14157,13.14478,0.00,0.00
2013.11.01 17:16:50.739,13.14152,13.14468,0.00,0.00
2013.11.01 17:16:51.100,13.14122,13.14438,0.00,0.00
2013.11.01 17:16:53.253,13.14102,13.14418,0.00,0.00
2013.11.01 17:16:53.613,13.14072,13.14388,0.00,0.00
2013.11.01 17:16:54.999,13.14077,13.14398,0.00,0.00
2013.11.01 17:16:55.308,13.14072,13.14388,0.00,0.00
2013.11.01 17:16:58.631,13.14127,13.14413,0.00,0.00
2013.11.01 17:16:58.689,13.14157,13.1447,0.00,0.00
2013.11.01 17:16:58.839,13.14157,13.14478,0.00,0.00
2013.11.01 17:16:59.744,13.14157,13.14476,0.00,0.00
2013.11.01 17:16:59.918,13.14122,13.14438,0.00,0.00
2013.11.01 17:17:00.499,13.14096,13.14388,0.00,0.00
2013.11.01 17:17:00.618,13.14072,13.14388,0.00,0.00
2013.11.01 17:17:00.998,13.14077,13.14398,0.00,0.00
2013.11.01 17:17:01.330,13.14097,13.14418,0.00,0.00
2013.11.01 17:17:01.828,13.14092,13.14408,0.00,0.00
2013.11.01 17:17:02.149,13.14097,13.14418,0.00,0.00
2013.11.01 17:17:04.534,13.14082,13.14398,0.00,0.00
2013.11.01 17:17:04.891,13.14072,13.14388,0.00,0.00
2013.11.01 17:17:07.989,13.14157,13.14417,0.00,0.00
2013.11.01 17:17:08.048,13.14157,13.1443,0.00,0.00
2013.11.01 17:17:08.109,13.14187,13.14487,0.00,0.00
2013.11.01 17:17:08.169,13.14187,13.14508,0.00,0.00
2013.11.01 17:17:10.508,13.14237,13.14531,0.00,0.00
2013.11.01 17:17:10.569,13.14237,13.14538,0.00,0.00
2013.11.01 17:17:10.748,13.14237,13.14558,0.00,0.00
2013.11.01 17:17:11.359,13.14237,13.14508,0.00,0.00
2013.11.01 17:17:11.960,13.14237,13.14527,0.00,0.00
2013.11.01 17:17:12.488,13.14237,13.14538,0.00,0.00
2013.11.01 17:17:12.548,13.14237,13.14547,0.00,0.00
2013.11.01 17:17:14.632,13.14237,13.14558,0.00,0.00
2013.11.01 17:17:14.808,13.14247,13.14568,0.00,0.00
2013.11.01 17:17:16.282,13.14242,13.14518,0.00,0.00
2013.11.01 17:17:16.886,13.14182,13.14498,0.00,0.00
2013.11.01 17:17:18.208,13.14207,13.14516,0.00,0.00
2013.11.01 17:17:18.268,13.14207,13.14528,0.00,0.00
2013.11.01 17:17:18.328,13.14217,13.14537,0.00,0.00
2013.11.01 17:17:24.599,13.14237,13.14537,0.00,0.00
2013.11.01 17:17:26.182,13.14237,13.14558,0.00,0.00
2013.11.01 17:17:26.898,13.14337,13.14583,0.00,0.00
2013.11.01 17:17:27.019,13.14337,13.14628,0.00,0.00
2013.11.01 17:17:27.138,13.14337,13.14647,0.00,0.00
2013.11.01 17:17:27.500,13.14337,13.14628,0.00,0.00
2013.11.01 17:17:30.912,13.14337,13.14627,0.00,0.00
2013.11.01 17:17:31.215,13.14337,13.14608,0.00,0.00
2013.11.01 17:17:33.554,13.14271,13.14558,0.00,0.00
2013.11.01 17:17:33.630,13.14256,13.14558,0.00,0.00
2013.11.01 17:17:33.749,13.14256,13.14538,0.00,0.00
2013.11.01 17:17:33.809,13.14222,13.14517,0.00,0.00
2013.11.01 17:17:34.982,13.14222,13.14537,0.00,0.00
2013.11.01 17:17:35.769,13.14237,13.14556,0.00,0.00
2013.11.01 17:17:36.390,13.14237,13.14557,0.00,0.00
2013.11.01 17:17:37.024,13.14244,13.14557,0.00,0.00
2013.11.01 17:17:37.368,13.14257,13.14557,0.00,0.00
2013.11.01 17:17:40.168,13.14257,13.14577,0.00,0.00
2013.11.01 17:17:44.992,13.14257,13.14547,0.00,0.00
2013.11.01 17:17:45.061,13.14242,13.14547,0.00,0.00
2013.11.01 17:17:45.179,13.14236,13.14538,0.00,0.00
2013.11.01 17:17:45.239,13.14222,13.14538,0.00,0.00
2013.11.01 17:17:47.529,13.14237,13.14556,0.00,0.00
2013.11.01 17:17:47.588,13.14237,13.14558,0.00,0.00
2013.11.01 17:17:47.699,13.14257,13.14577,0.00,0.00
2013.11.01 17:17:50.009,13.14267,13.14577,0.00,0.00
2013.11.01 17:17:50.068,13.14267,13.14588,0.00,0.00
2013.11.01 17:17:55.329,13.14267,13.14587,0.00,0.00
2013.11.01 17:18:01.419,13.14262,13.14567,0.00,0.00
2013.11.01 17:18:01.479,13.14242,13.14558,0.00,0.00
2013.11.01 17:18:01.570,13.14222,13.14538,0.00,0.00
2013.11.01 17:18:02.978,13.14247,13.14556,0.00,0.00
2013.11.01 17:18:03.051,13.14247,13.14567,0.00,0.00
2013.11.01 17:18:03.109,13.14267,13.14567,0.00,0.00
2013.11.01 17:18:03.168,13.14267,13.14587,0.00,0.00
2013.11.01 17:18:03.691,13.14267,13.14588,0.00,0.00
2013.11.01 17:18:03.809,13.14337,13.14651,0.00,0.00
2013.11.01 17:18:04.399,13.14367,13.14667,0.00,0.00
2013.11.01 17:18:05.221,13.14346,13.14628,0.00,0.00
2013.11.01 17:18:05.279,13.14321,13.14628,0.00,0.00
2013.11.01 17:18:05.338,13.14321,13.14568,0.00,0.00
2013.11.01 17:18:05.459,13.14281,13.14568,0.00,0.00
2013.11.01 17:18:05.519,13.14252,13.14568,0.00,0.00
2013.11.01 17:18:05.579,13.14231,13.14558,0.00,0.00
2013.11.01 17:18:05.639,13.14222,13.14558,0.00,0.00
2013.11.01 17:18:06.330,13.14227,13.14567,0.00,0.00
2013.11.01 17:18:07.650,13.14247,13.14567,0.00,0.00
2013.11.01 17:18:07.879,13.14247,13.14587,0.00,0.00
2013.11.01 17:18:07.999,13.14297,13.14587,0.00,0.00
2013.11.01 17:18:08.179,13.1428,13.14587,0.00,0.00
2013.11.01 17:18:08.238,13.14272,13.14587,0.00,0.00
2013.11.01 17:18:08.469,13.14297,13.14607,0.00,0.00
2013.11.01 17:18:08.819,13.14292,13.14607,0.00,0.00
2013.11.01 17:18:09.651,13.14297,13.14607,0.00,0.00
2013.11.01 17:18:09.960,13.14292,13.14607,0.00,0.00
2013.11.01 17:18:10.069,13.14317,13.14607,0.00,0.00
2013.11.01 17:18:10.370,13.14312,13.14607,0.00,0.00
2013.11.01 17:18:11.554,13.14317,13.14607,0.00,0.00
2013.11.01 17:18:12.019,13.14347,13.14607,0.00,0.00
2013.11.01 17:18:12.079,13.14357,13.14657,0.00,0.00
2013.11.01 17:18:12.209,13.14377,13.14657,0.00,0.00
2013.11.01 17:18:12.388,13.14372,13.14657,0.00,0.00
2013.11.01 17:18:13.019,13.14387,13.14657,0.00,0.00
2013.11.01 17:18:14.695,13.14382,13.14657,0.00,0.00
2013.11.01 17:18:17.360,13.14362,13.14657,0.00,0.00
2013.11.01 17:18:17.426,13.14356,13.14657,0.00,0.00
2013.11.01 17:18:17.478,13.14356,13.14637,0.00,0.00
2013.11.01 17:18:17.599,13.1434,13.14637,0.00,0.00
2013.11.01 17:18:17.659,13.14332,13.14637,0.00,0.00
2013.11.01 17:18:17.779,13.14337,13.14637,0.00,0.00
2013.11.01 17:18:22.608,13.14332,13.14637,0.00,0.00
2013.11.01 17:18:22.669,13.14332,13.14637,0.00,0.00
2013.11.01 17:18:22.990,13.14337,13.14637,0.00,0.00
2013.11.01 17:18:24.586,13.14357,13.14637,0.00,0.00
2013.11.01 17:18:24.749,13.14357,13.14677,0.00,0.00
2013.11.01 17:18:24.809,13.14377,13.14677,0.00,0.00
2013.11.01 17:18:25.095,13.14362,13.14677,0.00,0.00
2013.11.01 17:18:25.301,13.14387,13.14677,0.00,0.00
2013.11.01 17:18:27.700,13.14372,13.14677,0.00,0.00
2013.11.01 17:18:27.819,13.14397,13.14677,0.00,0.00
2013.11.01 17:18:30.119,13.14372,13.14677,0.00,0.00
2013.11.01 17:18:30.210,13.14362,13.14677,0.00,0.00
2013.11.01 17:18:32.631,13.14362,13.14647,0.00,0.00
2013.11.01 17:18:32.689,13.14352,13.14647,0.00,0.00
2013.11.01 17:18:32.869,13.14332,13.14647,0.00,0.00
2013.11.01 17:18:32.989,13.14322,13.14638,0.00,0.00
2013.11.01 17:18:33.049,13.14296,13.14558,0.00,0.00
2013.11.01 17:18:33.169,13.14276,13.14557,0.00,0.00
2013.11.01 17:18:33.229,13.14242,13.14557,0.00,0.00
2013.11.01 17:18:33.289,13.14222,13.14538,0.00,0.00
2013.11.01 17:18:38.810,13.14227,13.14548,0.00,0.00
2013.11.01 17:18:39.116,13.14222,13.14538,0.00,0.00
2013.11.01 17:18:42.188,13.14227,13.14548,0.00,0.00
2013.11.01 17:18:44.448,13.14222,13.14538,0.00,0.00
2013.11.01 17:18:48.175,13.14202,13.14518,0.00,0.00
2013.11.01 17:18:48.489,13.14172,13.14488,0.00,0.00
2013.11.01 17:18:50.600,13.14162,13.14478,0.00,0.00
2013.11.01 17:18:50.929,13.14177,13.14498,0.00,0.00
2013.11.01 17:18:51.372,13.14172,13.14488,0.00,0.00
2013.11.01 17:18:52.269,13.14162,13.14478,0.00,0.00
2013.11.01 17:18:53.311,13.14162,13.14467,0.00,0.00
2013.11.01 17:18:53.549,13.14122,13.14438,0.00,0.00
2013.11.01 17:18:53.669,13.14127,13.14448,0.00,0.00
2013.11.01 17:18:54.059,13.14122,13.14438,0.00,0.00
2013.11.01 17:18:55.469,13.14099,13.14398,0.00,0.00
2013.11.01 17:18:55.529,13.14089,13.14398,0.00,0.00
2013.11.01 17:18:55.588,13.14082,13.14398,0.00,0.00
2013.11.01 17:18:55.769,13.14072,13.14388,0.00,0.00
2013.11.01 17:18:56.354,13.14072,13.14387,0.00,0.00
2013.11.01 17:19:00.329,13.14052,13.14368,0.00,0.00
2013.11.01 17:19:00.449,13.14031,13.14318,0.00,0.00
2013.11.01 17:19:00.509,13.13982,13.14298,0.00,0.00
2013.11.01 17:19:00.910,13.13987,13.14307,0.00,0.00
2013.11.01 17:19:01.228,13.13972,13.14288,0.00,0.00
2013.11.01 17:19:01.749,13.13987,13.14287,0.00,0.00
2013.11.01 17:19:01.919,13.13982,13.14287,0.00,0.00
2013.11.01 17:19:02.149,13.13972,13.14287,0.00,0.00
2013.11.01 17:19:02.624,13.13977,13.14287,0.00,0.00
2013.11.01 17:19:03.169,13.13972,13.14287,0.00,0.00
2013.11.01 17:19:03.430,13.13977,13.14287,0.00,0.00
2013.11.01 17:19:03.789,13.13987,13.14287,0.00,0.00
2013.11.01 17:19:04.379,13.13972,13.14287,0.00,0.00
2013.11.01 17:19:04.559,13.13977,13.14287,0.00,0.00
2013.11.01 17:19:04.642,13.13972,13.14287,0.00,0.00
2013.11.01 17:19:04.747,13.13997,13.14287,0.00,0.00
2013.11.01 17:19:05.357,13.13965,13.14278,0.00,0.00
2013.11.01 17:19:05.430,13.13962,13.14278,0.00,0.00
2013.11.01 17:19:05.760,13.13952,13.14268,0.00,0.00
2013.11.01 17:19:06.219,13.13967,13.14287,0.00,0.00
2013.11.01 17:19:06.367,13.13952,13.14268,0.00,0.00
2013.11.01 17:19:06.491,13.13932,13.14248,0.00,0.00
2013.11.01 17:19:06.849,13.13892,13.14208,0.00,0.00
2013.11.01 17:19:07.209,13.13917,13.14227,0.00,0.00
2013.11.01 17:19:07.549,13.13927,13.14248,0.00,0.00
2013.11.01 17:19:07.609,13.13906,13.14188,0.00,0.00
2013.11.01 17:19:07.669,13.13872,13.14188,0.00,0.00
2013.11.01 17:19:07.729,13.13872,13.14167,0.00,0.00
2013.11.01 17:19:08.049,13.13877,13.14167,0.00,0.00
2013.11.01 17:19:08.482,13.13887,13.14167,0.00,0.00
2013.11.01 17:19:08.599,13.13882,13.14167,0.00,0.00
2013.11.01 17:19:08.987,13.13872,13.14167,0.00,0.00
2013.11.01 17:19:09.959,13.13842,13.14097,0.00,0.00
2013.11.01 17:19:10.649,13.13867,13.14097,0.00,0.00
2013.11.01 17:19:10.709,13.13867,13.14157,0.00,0.00
2013.11.01 17:19:10.828,13.13887,13.14157,0.00,0.00
2013.11.01 17:19:11.069,13.13882,13.14157,0.00,0.00
2013.11.01 17:19:11.779,13.13887,13.14157,0.00,0.00
2013.11.01 17:19:11.999,13.13882,13.14157,0.00,0.00
2013.11.01 17:19:12.059,13.13871,13.14157,0.00,0.00
2013.11.01 17:19:12.118,13.13852,13.14157,0.00,0.00
2013.11.01 17:19:12.239,13.13848,13.14157,0.00,0.00
2013.11.01 17:19:12.299,13.13842,13.14137,0.00,0.00
2013.11.01 17:19:12.629,13.13867,13.14137,0.00,0.00
2013.11.01 17:19:13.049,13.13848,13.14128,0.00,0.00
2013.11.01 17:19:13.121,13.13848,13.14088,0.00,0.00
2013.11.01 17:19:13.209,13.13773,13.14088,0.00,0.00
2013.11.01 17:19:13.269,13.13773,13.14078,0.00,0.00
2013.11.01 17:19:13.329,13.13747,13.14058,0.00,0.00
2013.11.01 17:19:13.449,13.13742,13.14057,0.00,0.00
2013.11.01 17:19:13.829,13.13787,13.14057,0.00,0.00
2013.11.01 17:19:13.949,13.13766,13.14057,0.00,0.00
2013.11.01 17:19:14.069,13.13762,13.14057,0.00,0.00
2013.11.01 17:19:14.359,13.13742,13.14057,0.00,0.00
2013.11.01 17:19:14.539,13.13757,13.14057,0.00,0.00
2013.11.01 17:19:15.046,13.13717,13.14028,0.00,0.00
2013.11.01 17:19:15.098,13.13717,13.14017,0.00,0.00
2013.11.01 17:19:15.159,13.13712,13.14017,0.00,0.00
2013.11.01 17:19:15.449,13.13712,13.14028,0.00,0.00
2013.11.01 17:19:15.509,13.13692,13.14008,0.00,0.00
2013.11.01 17:19:15.970,13.13707,13.14028,0.00,0.00
2013.11.01 17:19:16.371,13.13702,13.14018,0.00,0.00
2013.11.01 17:19:16.709,13.13717,13.14038,0.00,0.00
2013.11.01 17:19:17.890,13.13702,13.14018,0.00,0.00
2013.11.01 17:19:18.780,13.13707,13.14028,0.00,0.00
2013.11.01 17:19:19.879,13.13757,13.14051,0.00,0.00
2013.11.01 17:19:19.999,13.13787,13.14097,0.00,0.00
2013.11.01 17:19:20.178,13.13772,13.14088,0.00,0.00
2013.11.01 17:19:20.369,13.13756,13.14058,0.00,0.00
2013.11.01 17:19:20.430,13.13742,13.14058,0.00,0.00
2013.11.01 17:19:21.069,13.13757,13.14077,0.00,0.00
2013.11.01 17:19:21.688,13.13757,13.14078,0.00,0.00
2013.11.01 17:19:22.368,13.13757,13.14077,0.00,0.00
2013.11.01 17:19:22.969,13.13742,13.14058,0.00,0.00
2013.11.01 17:19:23.360,13.13747,13.14068,0.00,0.00
2013.11.01 17:19:25.781,13.13742,13.14068,0.00,0.00
2013.11.01 17:19:25.984,13.13722,13.14048,0.00,0.00
2013.11.01 17:19:26.439,13.13737,13.14068,0.00,0.00
2013.11.01 17:19:26.998,13.13747,13.14077,0.00,0.00
2013.11.01 17:19:27.708,13.13767,13.14077,0.00,0.00
2013.11.01 17:19:27.769,13.13767,13.14088,0.00,0.00
2013.11.01 17:19:27.829,13.13777,13.14097,0.00,0.00
2013.11.01 17:19:28.230,13.13772,13.14088,0.00,0.00
2013.11.01 17:19:28.314,13.13817,13.14097,0.00,0.00
2013.11.01 17:19:28.429,13.13837,13.14127,0.00,0.00
2013.11.01 17:19:28.489,13.13837,13.14157,0.00,0.00
2013.11.01 17:19:28.679,13.13832,13.14148,0.00,0.00
2013.11.01 17:19:28.739,13.13837,13.14157,0.00,0.00
2013.11.01 17:19:29.269,13.13867,13.14177,0.00,0.00
2013.11.01 17:19:29.329,13.13867,13.14188,0.00,0.00
2013.11.01 17:19:29.832,13.13862,13.14178,0.00,0.00
2013.11.01 17:19:30.838,13.13867,13.14188,0.00,0.00
2013.11.01 17:19:31.452,13.13927,13.14248,0.00,0.00
2013.11.01 17:19:31.758,13.13922,13.14238,0.00,0.00
2013.11.01 17:19:33.790,13.13927,13.14248,0.00,0.00
2013.11.01 17:19:34.168,13.13937,13.14257,0.00,0.00
2013.11.01 17:19:34.479,13.13923,13.14238,0.00,0.00
2013.11.01 17:19:34.900,13.13937,13.14257,0.00,0.00
2013.11.01 17:19:35.121,13.13932,13.14248,0.00,0.00
2013.11.01 17:19:35.239,13.13937,13.14257,0.00,0.00
2013.11.01 17:19:35.409,13.13902,13.14218,0.00,0.00
2013.11.01 17:19:36.259,13.13907,13.14228,0.00,0.00
2013.11.01 17:19:36.929,13.13894,13.14198,0.00,0.00
2013.11.01 17:19:36.989,13.13882,13.14198,0.00,0.00
2013.11.01 17:19:37.531,13.13882,13.14197,0.00,0.00
2013.11.01 17:19:40.259,13.13862,13.14178,0.00,0.00
2013.11.01 17:19:41.163,13.13852,13.14158,0.00,0.00
2013.11.01 17:19:41.464,13.13827,13.14098,0.00,0.00
2013.11.01 17:19:41.519,13.13782,13.14098,0.00,0.00
2013.11.01 17:19:41.674,13.13787,13.14108,0.00,0.00
2013.11.01 17:19:42.046,13.13782,13.14098,0.00,0.00
2013.11.01 17:19:42.599,13.13787,13.14108,0.00,0.00
2013.11.01 17:19:43.190,13.13782,13.14098,0.00,0.00
2013.11.01 17:19:43.549,13.13702,13.13987,0.00,0.00
2013.11.01 17:19:43.919,13.13702,13.13967,0.00,0.00
2013.11.01 17:19:44.069,13.13672,13.13967,0.00,0.00
2013.11.01 17:19:44.689,13.13672,13.13937,0.00,0.00
2013.11.01 17:19:45.139,13.13654,13.13937,0.00,0.00
2013.11.01 17:19:45.210,13.13654,13.13897,0.00,0.00
2013.11.01 17:19:45.329,13.13622,13.13897,0.00,0.00
2013.11.01 17:19:45.389,13.13602,13.13897,0.00,0.00
2013.11.01 17:19:45.699,13.13617,13.13897,0.00,0.00
2013.11.01 17:19:46.109,13.13637,13.13897,0.00,0.00
2013.11.01 17:19:46.289,13.13747,13.14021,0.00,0.00
2013.11.01 17:19:46.360,13.13742,13.14021,0.00,0.00
2013.11.01 17:19:46.430,13.13742,13.14037,0.00,0.00
2013.11.01 17:19:46.489,13.13747,13.14037,0.00,0.00
2013.11.01 17:19:46.609,13.13742,13.14037,0.00,0.00
2013.11.01 17:19:46.749,13.13742,13.14057,0.00,0.00
2013.11.01 17:19:46.809,13.13767,13.14057,0.00,0.00
2013.11.01 17:19:48.329,13.13762,13.14057,0.00,0.00
2013.11.01 17:19:48.791,13.13777,13.14057,0.00,0.00
2013.11.01 17:19:49.509,13.13787,13.14057,0.00,0.00
2013.11.01 17:19:49.859,13.13712,13.13977,0.00,0.00
2013.11.01 17:19:49.919,13.13702,13.13977,0.00,0.00
2013.11.01 17:19:50.049,13.13662,13.13977,0.00,0.00
2013.11.01 17:19:50.209,13.13662,13.13977,0.00,0.00
2013.11.01 17:19:50.459,13.13662,13.13977,0.00,0.00
2013.11.01 17:19:50.519,13.13662,13.13947,0.00,0.00
2013.11.01 17:19:50.620,13.13638,13.13947,0.00,0.00
2013.11.01 17:19:50.679,13.13632,13.13947,0.00,0.00
2013.11.01 17:19:50.739,13.13647,13.13947,0.00,0.00
2013.11.01 17:19:51.105,13.13687,13.13947,0.00,0.00
2013.11.01 17:19:51.159,13.13687,13.13987,0.00,0.00
2013.11.01 17:19:51.279,13.13687,13.14008,0.00,0.00
2013.11.01 17:19:51.339,13.13717,13.14027,0.00,0.00
2013.11.01 17:19:51.639,13.13712,13.14027,0.00,0.00
2013.11.01 17:19:52.420,13.13727,13.14027,0.00,0.00
2013.11.01 17:19:52.821,13.13737,13.14027,0.00,0.00
2013.11.01 17:19:52.910,13.13737,13.14047,0.00,0.00
2013.11.01 17:19:53.119,13.13722,13.14047,0.00,0.00
2013.11.01 17:19:53.239,13.13721,13.14028,0.00,0.00
2013.11.01 17:19:53.379,13.13712,13.14028,0.00,0.00
2013.11.01 17:19:54.026,13.13717,13.14038,0.00,0.00
2013.11.01 17:19:55.437,13.13712,13.14028,0.00,0.00
2013.11.01 17:19:55.758,13.1369,13.13967,0.00,0.00
2013.11.01 17:19:55.827,13.13672,13.13967,0.00,0.00
2013.11.01 17:19:55.889,13.13646,13.13968,0.00,0.00
2013.11.01 17:19:55.949,13.13657,13.13968,0.00,0.00
2013.11.01 17:19:56.508,13.13707,13.13997,0.00,0.00
2013.11.01 17:19:56.860,13.13717,13.13997,0.00,0.00
2013.11.01 17:19:56.919,13.13717,13.14027,0.00,0.00
2013.11.01 17:19:56.979,13.13699,13.14008,0.00,0.00
2013.11.01 17:19:57.039,13.13692,13.14008,0.00,0.00
2013.11.01 17:19:57.099,13.13686,13.13998,0.00,0.00
2013.11.01 17:19:57.159,13.13682,13.13998,0.00,0.00
2013.11.01 17:19:57.860,13.13682,13.13998,0.00,0.00
2013.11.01 17:19:58.109,13.13717,13.14027,0.00,0.00
2013.11.01 17:19:58.376,13.13711,13.14027,0.00,0.00
2013.11.01 17:19:58.446,13.13692,13.14027,0.00,0.00
2013.11.01 17:19:58.776,13.13695,13.14027,0.00,0.00
2013.11.01 17:19:59.119,13.13737,13.14047,0.00,0.00
2013.11.01 17:19:59.490,13.13747,13.14047,0.00,0.00
2013.11.01 17:20:00.619,13.13732,13.14047,0.00,0.00
2013.11.01 17:20:00.706,13.13747,13.14047,0.00,0.00
2013.11.01 17:20:00.949,13.13817,13.14138,0.00,0.00
2013.11.01 17:20:01.009,13.13847,13.14157,0.00,0.00
2013.11.01 17:20:01.129,13.13827,13.14148,0.00,0.00
2013.11.01 17:20:01.189,13.13812,13.14148,0.00,0.00
2013.11.01 17:20:01.312,13.13837,13.14157,0.00,0.00
2013.11.01 17:20:01.429,13.13817,13.14138,0.00,0.00
2013.11.01 17:20:01.490,13.13817,13.14097,0.00,0.00
2013.11.01 17:20:01.549,13.13762,13.14078,0.00,0.00
2013.11.01 17:20:01.869,13.13817,13.14126,0.00,0.00
2013.11.01 17:20:01.989,13.13817,13.14138,0.00,0.00
2013.11.01 17:20:02.049,13.13827,13.14167,0.00,0.00
2013.11.01 17:20:02.130,13.13808,13.14158,0.00,0.00
2013.11.01 17:20:02.279,13.13802,13.14158,0.00,0.00
2013.11.01 17:20:02.419,13.13802,13.14137,0.00,0.00
2013.11.01 17:20:02.838,13.13827,13.14137,0.00,0.00
2013.11.01 17:20:03.228,13.13837,13.14137,0.00,0.00
2013.11.01 17:20:03.643,13.13832,13.14137,0.00,0.00
2013.11.01 17:20:03.969,13.13847,13.14167,0.00,0.00
2013.11.01 17:20:04.509,13.13832,13.14148,0.00,0.00
2013.11.01 17:20:04.959,13.13822,13.14138,0.00,0.00
2013.11.01 17:20:05.509,13.13796,13.14098,0.00,0.00
2013.11.01 17:20:05.629,13.13782,13.14098,0.00,0.00
2013.11.01 17:20:05.862,13.13797,13.14118,0.00,0.00
2013.11.01 17:20:07.100,13.13797,13.14107,0.00,0.00
2013.11.01 17:20:07.449,13.13777,13.13917,0.00,0.00
2013.11.01 17:20:07.590,13.13777,13.13977,0.00,0.00
2013.11.01 17:20:07.709,13.13682,13.13977,0.00,0.00
2013.11.01 17:20:07.794,13.13662,13.13977,0.00,0.00
2013.11.01 17:20:07.909,13.13687,13.13977,0.00,0.00
2013.11.01 17:20:08.029,13.13672,13.13977,0.00,0.00
2013.11.01 17:20:08.101,13.13687,13.13977,0.00,0.00
2013.11.01 17:20:08.403,13.13682,13.13977,0.00,0.00
2013.11.01 17:20:08.842,13.13697,13.13977,0.00,0.00
2013.11.01 17:20:09.309,13.13676,13.13977,0.00,0.00
2013.11.01 17:20:09.369,13.13672,13.13977,0.00,0.00
2013.11.01 17:20:09.579,13.13697,13.13997,0.00,0.00
2013.11.01 17:20:09.699,13.13652,13.13958,0.00,0.00
2013.11.01 17:20:09.850,13.13677,13.13993,0.00,0.00
2013.11.01 17:20:09.969,13.13697,13.13993,0.00,0.00
2013.11.01 17:20:10.029,13.13697,13.13997,0.00,0.00
2013.11.01 17:20:10.316,13.13682,13.13997,0.00,0.00
2013.11.01 17:20:10.369,13.13675,13.13988,0.00,0.00
2013.11.01 17:20:10.859,13.13687,13.13997,0.00,0.00
2013.11.01 17:20:11.140,13.13672,13.13988,0.00,0.00
2013.11.01 17:20:11.259,13.13652,13.13958,0.00,0.00
2013.11.01 17:20:11.949,13.13687,13.13997,0.00,0.00
2013.11.01 17:20:12.330,13.13687,13.13994,0.00,0.00
2013.11.01 17:20:12.411,13.13652,13.13958,0.00,0.00
2013.11.01 17:20:13.644,13.13697,13.13994,0.00,0.00
2013.11.01 17:20:13.711,13.13697,13.13997,0.00,0.00
2013.11.01 17:20:13.899,13.13676,13.13988,0.00,0.00
2013.11.01 17:20:13.980,13.13672,13.13988,0.00,0.00
2013.11.01 17:20:15.290,13.13697,13.13997,0.00,0.00
2013.11.01 17:20:15.409,13.13697,13.14017,0.00,0.00
2013.11.01 17:20:15.482,13.13682,13.13998,0.00,0.00
2013.11.01 17:20:18.911,13.13697,13.14017,0.00,0.00
2013.11.01 17:20:19.219,13.13707,13.14017,0.00,0.00
2013.11.01 17:20:19.279,13.13707,13.14028,0.00,0.00
2013.11.01 17:20:19.339,13.13737,13.14035,0.00,0.00
2013.11.01 17:20:19.399,13.13737,13.14058,0.00,0.00
2013.11.01 17:20:19.459,13.13787,13.14059,0.00,0.00
2013.11.01 17:20:19.579,13.13787,13.14097,0.00,0.00
2013.11.01 17:20:20.130,13.13787,13.14108,0.00,0.00
2013.11.01 17:20:20.434,13.13782,13.14098,0.00,0.00
2013.11.01 17:20:21.599,13.13746,13.14058,0.00,0.00
2013.11.01 17:20:21.909,13.13722,13.14007,0.00,0.00
2013.11.01 17:20:22.979,13.13737,13.14007,0.00,0.00
2013.11.01 17:20:23.370,13.13722,13.14007,0.00,0.00
2013.11.01 17:20:23.472,13.13737,13.14007,0.00,0.00
2013.11.01 17:20:23.989,13.13737,13.14027,0.00,0.00
2013.11.01 17:20:24.639,13.13722,13.14027,0.00,0.00
2013.11.01 17:20:27.210,13.13737,13.14027,0.00,0.00
2013.11.01 17:20:27.469,13.13722,13.14027,0.00,0.00
2013.11.01 17:20:27.822,13.13696,13.13998,0.00,0.00
2013.11.01 17:20:27.939,13.13682,13.13997,0.00,0.00
2013.11.01 17:20:28.169,13.13682,13.13988,0.00,0.00
2013.11.01 17:20:28.489,13.13652,13.13958,0.00,0.00
2013.11.01 17:20:29.239,13.13657,13.13958,0.00,0.00
2013.11.01 17:20:29.539,13.13572,13.13877,0.00,0.00
2013.11.01 17:20:29.599,13.13556,13.13848,0.00,0.00
2013.11.01 17:20:29.779,13.13532,13.13848,0.00,0.00
2013.11.01 17:20:30.376,13.13532,13.13847,0.00,0.00
2013.11.01 17:20:30.729,13.13547,13.13847,0.00,0.00
2013.11.01 17:20:31.011,13.13542,13.13847,0.00,0.00
2013.11.01 17:20:31.441,13.13522,13.13838,0.00,0.00
2013.11.01 17:20:32.439,13.13547,13.13847,0.00,0.00
2013.11.01 17:20:32.540,13.13522,13.13838,0.00,0.00
2013.11.01 17:20:32.599,13.13522,13.13838,0.00,0.00
2013.11.01 17:20:32.659,13.13522,13.13838,0.00,0.00
2013.11.01 17:20:33.147,13.13527,13.13847,0.00,0.00
2013.11.01 17:20:34.909,13.13547,13.13847,0.00,0.00
2013.11.01 17:20:35.624,13.13532,13.13847,0.00,0.00
2013.11.01 17:20:36.644,13.13537,13.13847,0.00,0.00
2013.11.01 17:20:38.264,13.13517,13.13828,0.00,0.00
2013.11.01 17:20:38.347,13.13512,13.13828,0.00,0.00
2013.11.01 17:20:38.778,13.13502,13.13818,0.00,0.00
2013.11.01 17:20:41.627,13.13482,13.13798,0.00,0.00
2013.11.01 17:20:43.045,13.13487,13.13807,0.00,0.00
2013.11.01 17:20:43.251,13.13482,13.13798,0.00,0.00
2013.11.01 17:20:43.510,13.13507,13.13807,0.00,0.00
2013.11.01 17:20:43.569,13.13474,13.13778,0.00,0.00
2013.11.01 17:20:43.629,13.13476,13.13778,0.00,0.00
2013.11.01 17:20:43.689,13.13462,13.13778,0.00,0.00
2013.11.01 17:20:43.840,13.13497,13.13801,0.00,0.00
2013.11.01 17:20:43.899,13.13497,13.13807,0.00,0.00
2013.11.01 17:20:45.220,13.13497,13.13818,0.00,0.00
2013.11.01 17:20:50.649,13.13507,13.13827,0.00,0.00
2013.11.01 17:20:50.779,13.13517,13.13838,0.00,0.00
2013.11.01 17:20:50.899,13.13547,13.13863,0.00,0.00
2013.11.01 17:20:50.959,13.13547,13.13866,0.00,0.00
2013.11.01 17:20:51.019,13.13506,13.13818,0.00,0.00
2013.11.01 17:20:51.079,13.13547,13.13868,0.00,0.00
2013.11.01 17:20:51.264,13.13532,13.13848,0.00,0.00
2013.11.01 17:20:51.589,13.13522,13.13838,0.00,0.00
2013.11.01 17:20:54.109,13.13637,13.13859,0.00,0.00
2013.11.01 17:20:54.299,13.13707,13.14017,0.00,0.00
2013.11.01 17:20:54.359,13.13707,13.14028,0.00,0.00
2013.11.01 17:20:54.419,13.13767,13.14053,0.00,0.00
2013.11.01 17:20:54.500,13.13767,13.14088,0.00,0.00
2013.11.01 17:20:54.619,13.13754,13.14058,0.00,0.00
2013.11.01 17:20:54.679,13.13752,13.14058,0.00,0.00
2013.11.01 17:20:55.017,13.13777,13.14087,0.00,0.00
2013.11.01 17:20:55.239,13.13777,13.14097,0.00,0.00
2013.11.01 17:20:55.825,13.13762,13.14078,0.00,0.00
2013.11.01 17:20:56.240,13.13777,13.14097,0.00,0.00
2013.11.01 17:20:57.137,13.13772,13.14088,0.00,0.00
2013.11.01 17:20:57.259,13.13777,13.14097,0.00,0.00
2013.11.01 17:20:57.439,13.13797,13.14118,0.00,0.00
2013.11.01 17:20:57.499,13.13807,13.14128,0.00,0.00
2013.11.01 17:20:57.559,13.13827,13.14153,0.00,0.00
2013.11.01 17:20:57.619,13.13827,13.14158,0.00,0.00
2013.11.01 17:20:57.742,13.13822,13.14148,0.00,0.00
2013.11.01 17:20:58.171,13.13827,13.14158,0.00,0.00
2013.11.01 17:20:58.502,13.13822,13.14148,0.00,0.00
2013.11.01 17:20:59.959,13.13822,13.14137,0.00,0.00
2013.11.01 17:21:00.271,13.13752,13.14058,0.00,0.00
2013.11.01 17:21:01.199,13.13761,13.14068,0.00,0.00
2013.11.01 17:21:01.289,13.13787,13.14108,0.00,0.00
2013.11.01 17:21:01.539,13.13766,13.14078,0.00,0.00
2013.11.01 17:21:01.599,13.13762,13.14078,0.00,0.00
2013.11.01 17:21:03.549,13.13837,13.14098,0.00,0.00
2013.11.01 17:21:03.729,13.13907,13.14228,0.00,0.00
2013.11.01 17:21:03.789,13.13937,13.14248,0.00,0.00
2013.11.01 17:21:03.849,13.13937,13.14258,0.00,0.00
2013.11.01 17:21:04.099,13.13977,13.14282,0.00,0.00
2013.11.01 17:21:04.159,13.13977,13.14298,0.00,0.00
2013.11.01 17:21:04.250,13.13987,13.14308,0.00,0.00
2013.11.01 17:21:04.647,13.13972,13.14278,0.00,0.00
2013.11.01 17:21:04.709,13.13962,13.14278,0.00,0.00
2013.11.01 17:21:06.484,13.13952,13.14268,0.00,0.00
2013.11.01 17:21:06.850,13.13957,13.14278,0.00,0.00
2013.11.01 17:21:07.349,13.13977,13.14298,0.00,0.00
2013.11.01 17:21:10.049,13.14121,13.14307,0.00,0.00
2013.11.01 17:21:10.109,13.14237,13.14385,0.00,0.00
2013.11.01 17:21:10.169,13.14237,13.14583,0.00,0.00
2013.11.01 17:21:10.229,13.14262,13.14627,0.00,0.00
2013.11.01 17:21:10.308,13.14328,13.14668,0.00,0.00
2013.11.01 17:21:10.925,13.14337,13.14668,0.00,0.00
2013.11.01 17:21:11.430,13.14337,13.14658,0.00,0.00
2013.11.01 17:21:12.340,13.14357,13.14677,0.00,0.00
2013.11.01 17:21:18.659,13.14357,13.14678,0.00,0.00
2013.11.01 17:21:32.198,13.14357,13.14677,0.00,0.00
2013.11.01 17:21:32.259,13.14352,13.14668,0.00,0.00
2013.11.01 17:21:33.446,13.14332,13.14648,0.00,0.00
2013.11.01 17:21:33.749,13.14407,13.14692,0.00,0.00
2013.11.01 17:21:33.869,13.14427,13.14748,0.00,0.00
2013.11.01 17:21:34.069,13.14447,13.14758,0.00,0.00
2013.11.01 17:21:34.461,13.14457,13.14778,0.00,0.00
2013.11.01 17:21:35.347,13.14457,13.14777,0.00,0.00
2013.11.01 17:21:36.010,13.14452,13.14768,0.00,0.00
2013.11.01 17:21:38.750,13.14637,13.14787,0.00,0.00
2013.11.01 17:21:38.929,13.14667,13.14927,0.00,0.00
2013.11.01 17:21:38.989,13.14667,13.14988,0.00,0.00
2013.11.01 17:21:41.139,13.14677,13.14998,0.00,0.00
2013.11.01 17:21:41.499,13.14662,13.14978,0.00,0.00
2013.11.01 17:21:41.931,13.14642,13.14958,0.00,0.00
2013.11.01 17:21:42.169,13.14617,13.14938,0.00,0.00
2013.11.01 17:21:42.291,13.14612,13.14938,0.00,0.00
2013.11.01 17:21:42.469,13.14602,13.14918,0.00,0.00
2013.11.01 17:21:42.835,13.14637,13.14937,0.00,0.00
2013.11.01 17:21:43.382,13.14637,13.14938,0.00,0.00
2013.11.01 17:21:43.850,13.14637,13.14958,0.00,0.00
2013.11.01 17:21:43.999,13.14622,13.14938,0.00,0.00
2013.11.01 17:21:44.319,13.14602,13.14918,0.00,0.00
2013.11.01 17:21:46.890,13.14577,13.14848,0.00,0.00
2013.11.01 17:21:47.009,13.14542,13.14848,0.00,0.00
2013.11.01 17:21:47.910,13.14532,13.14848,0.00,0.00
2013.11.01 17:21:48.001,13.14507,13.14758,0.00,0.00
2013.11.01 17:21:48.179,13.14427,13.14698,0.00,0.00
2013.11.01 17:21:48.239,13.14362,13.14678,0.00,0.00
2013.11.01 17:21:49.727,13.14377,13.14698,0.00,0.00
2013.11.01 17:21:49.929,13.14397,13.14722,0.00,0.00
2013.11.01 17:21:49.989,13.14397,13.14737,0.00,0.00
2013.11.01 17:21:50.849,13.14407,13.14737,0.00,0.00
2013.11.01 17:21:51.400,13.14407,13.14738,0.00,0.00
2013.11.01 17:21:52.459,13.14402,13.14718,0.00,0.00
2013.11.01 17:21:53.170,13.14407,13.14728,0.00,0.00
2013.11.01 17:21:53.289,13.14402,13.14738,0.00,0.00
2013.11.01 17:21:56.339,13.14402,13.14737,0.00,0.00
2013.11.01 17:21:56.399,13.14382,13.14698,0.00,0.00
2013.11.01 17:21:56.849,13.14372,13.14688,0.00,0.00
2013.11.01 17:22:01.010,13.14372,13.14617,0.00,0.00
2013.11.01 17:22:01.129,13.14247,13.14558,0.00,0.00
2013.11.01 17:22:01.189,13.14242,13.14552,0.00,0.00
2013.11.01 17:22:01.370,13.14257,13.14578,0.00,0.00
2013.11.01 17:22:13.709,13.14257,13.14527,0.00,0.00
2013.11.01 17:22:13.769,13.14237,13.14527,0.00,0.00
2013.11.01 17:22:13.829,13.14212,13.14527,0.00,0.00
2013.11.01 17:22:13.889,13.14187,13.14498,0.00,0.00
2013.11.01 17:22:13.949,13.14182,13.14498,0.00,0.00
2013.11.01 17:22:19.240,13.14162,13.14478,0.00,0.00
2013.11.01 17:22:22.039,13.14142,13.14418,0.00,0.00
2013.11.01 17:22:22.259,13.14077,13.14388,0.00,0.00
2013.11.01 17:22:22.319,13.14072,13.14388,0.00,0.00
2013.11.01 17:22:23.951,13.14052,13.14368,0.00,0.00
2013.11.01 17:22:25.289,13.14052,13.14347,0.00,0.00
2013.11.01 17:22:26.128,13.14052,13.14368,0.00,0.00
2013.11.01 17:22:26.309,13.14042,13.14358,0.00,0.00
2013.11.01 17:22:28.559,13.14042,13.14317,0.00,0.00
2013.11.01 17:22:30.122,13.13977,13.14278,0.00,0.00
2013.11.01 17:22:30.299,13.13962,13.14278,0.00,0.00
2013.11.01 17:22:34.099,13.13937,13.14208,0.00,0.00
2013.11.01 17:22:34.159,13.13892,13.14207,0.00,0.00
2013.11.01 17:22:34.219,13.13892,13.14202,0.00,0.00
2013.11.01 17:22:34.339,13.13862,13.14178,0.00,0.00
2013.11.01 17:22:35.111,13.13867,13.14188,0.00,0.00
2013.11.01 17:22:36.360,13.13862,13.14178,0.00,0.00
2013.11.01 17:22:36.839,13.13852,13.14168,0.00,0.00
2013.11.01 17:22:38.499,13.13827,13.14098,0.00,0.00
2013.11.01 17:22:38.559,13.13762,13.14067,0.00,0.00
2013.11.01 17:22:38.619,13.13752,13.14067,0.00,0.00
2013.11.01 17:22:39.019,13.13757,13.14067,0.00,0.00
2013.11.01 17:22:39.100,13.13757,13.14078,0.00,0.00
2013.11.01 17:22:40.521,13.13742,13.14018,0.00,0.00
2013.11.01 17:22:40.579,13.13742,13.14058,0.00,0.00
2013.11.01 17:22:40.699,13.13767,13.14073,0.00,0.00
2013.11.01 17:22:40.839,13.13767,13.14077,0.00,0.00
2013.11.01 17:22:42.136,13.13752,13.14057,0.00,0.00
2013.11.01 17:22:42.259,13.13722,13.14038,0.00,0.00
2013.11.01 17:22:42.659,13.13787,13.14064,0.00,0.00
2013.11.01 17:22:42.719,13.13787,13.14108,0.00,0.00
2013.11.01 17:22:43.019,13.13807,13.14128,0.00,0.00
2013.11.01 17:22:43.289,13.13775,13.14098,0.00,0.00
2013.11.01 17:22:43.350,13.13772,13.14098,0.00,0.00
2013.11.01 17:22:43.409,13.13772,13.14088,0.00,0.00
2013.11.01 17:22:43.719,13.13722,13.14048,0.00,0.00
2013.11.01 17:22:43.999,13.13767,13.14067,0.00,0.00
2013.11.01 17:22:44.059,13.13767,13.14074,0.00,0.00
2013.11.01 17:22:44.119,13.13767,13.14044,0.00,0.00
2013.11.01 17:22:44.179,13.13767,13.14088,0.00,0.00
2013.11.01 17:22:44.240,13.13777,13.14097,0.00,0.00
2013.11.01 17:22:44.649,13.13807,13.14128,0.00,0.00
2013.11.01 17:22:44.817,13.13837,13.14146,0.00,0.00
2013.11.01 17:22:44.879,13.13837,13.14158,0.00,0.00
2013.11.01 17:22:45.280,13.13837,13.14137,0.00,0.00
2013.11.01 17:22:45.350,13.13824,13.14128,0.00,0.00
2013.11.01 17:22:45.409,13.13812,13.14128,0.00,0.00
2013.11.01 17:22:46.089,13.13812,13.14148,0.00,0.00
2013.11.01 17:22:47.079,13.13839,13.14148,0.00,0.00
2013.11.01 17:22:47.199,13.13857,13.14178,0.00,0.00
2013.11.01 17:22:48.299,13.13877,13.14198,0.00,0.00
2013.11.01 17:22:55.659,13.13862,13.14178,0.00,0.00
2013.11.01 17:22:57.242,13.13937,13.14204,0.00,0.00
2013.11.01 17:22:57.449,13.13937,13.14229,0.00,0.00
2013.11.01 17:22:57.509,13.13957,13.14278,0.00,0.00
2013.11.01 17:22:58.452,13.13968,13.14278,0.00,0.00
2013.11.01 17:22:58.630,13.14017,13.14338,0.00,0.00
2013.11.01 17:22:58.689,13.14047,13.14368,0.00,0.00
2013.11.01 17:22:59.929,13.14067,13.14388,0.00,0.00
2013.11.01 17:23:05.933,13.14054,13.14368,0.00,0.00
2013.11.01 17:23:06.053,13.14052,13.14368,0.00,0.00
2013.11.01 17:23:08.478,13.14052,13.14327,0.00,0.00
2013.11.01 17:23:08.601,13.14019,13.14327,0.00,0.00
2013.11.01 17:23:08.721,13.14019,13.14278,0.00,0.00
2013.11.01 17:23:08.940,13.13974,13.14278,0.00,0.00
2013.11.01 17:23:09.151,13.13962,13.14278,0.00,0.00
2013.11.01 17:23:11.120,13.13977,13.14298,0.00,0.00
2013.11.01 17:23:12.769,13.13997,13.14318,0.00,0.00
2013.11.01 17:23:13.079,13.14017,13.14338,0.00,0.00
2013.11.01 17:23:15.469,13.14006,13.14278,0.00,0.00
2013.11.01 17:23:15.589,13.13962,13.14278,0.00,0.00
2013.11.01 17:23:16.870,13.13952,13.14268,0.00,0.00
2013.11.01 17:23:17.251,13.13912,13.14228,0.00,0.00
2013.11.01 17:23:25.636,13.13937,13.14248,0.00,0.00
2013.11.01 17:23:25.909,13.13977,13.14298,0.00,0.00
2013.11.01 17:23:28.529,13.13961,13.14258,0.00,0.00
2013.11.01 17:23:28.589,13.13944,13.14258,0.00,0.00
2013.11.01 17:23:28.709,13.13942,13.14257,0.00,0.00
2013.11.01 17:23:28.769,13.13912,13.14228,0.00,0.00
2013.11.01 17:23:33.920,13.13894,13.14208,0.00,0.00
2013.11.01 17:23:34.109,13.13882,13.14198,0.00,0.00
2013.11.01 17:23:34.169,13.13937,13.14219,0.00,0.00
2013.11.01 17:23:34.539,13.13937,13.14248,0.00,0.00
2013.11.01 17:23:35.342,13.13937,13.14238,0.00,0.00
2013.11.01 17:23:36.119,13.13937,13.14237,0.00,0.00
2013.11.01 17:23:37.500,13.13937,13.14218,0.00,0.00
2013.11.01 17:23:38.280,13.13879,13.14178,0.00,0.00
2013.11.01 17:23:38.412,13.13862,13.14178,0.00,0.00
2013.11.01 17:23:43.937,13.13844,13.14158,0.00,0.00
2013.11.01 17:23:44.001,13.13842,13.14158,0.00,0.00
2013.11.01 17:23:45.050,13.13842,13.14157,0.00,0.00
2013.11.01 17:23:45.248,13.13824,13.14128,0.00,0.00
2013.11.01 17:23:45.379,13.13812,13.14128,0.00,0.00
2013.11.01 17:23:45.449,13.13794,13.14088,0.00,0.00
2013.11.01 17:23:45.819,13.13772,13.14088,0.00,0.00
2013.11.01 17:23:46.790,13.13777,13.14098,0.00,0.00
2013.11.01 17:23:49.940,13.13847,13.14124,0.00,0.00
2013.11.01 17:23:50.000,13.13847,13.14135,0.00,0.00
2013.11.01 17:23:50.059,13.13877,13.14187,0.00,0.00
2013.11.01 17:23:50.140,13.13877,13.14198,0.00,0.00
2013.11.01 17:23:50.349,13.13862,13.14178,0.00,0.00
2013.11.01 17:23:51.010,13.13877,13.14198,0.00,0.00
2013.11.01 17:23:58.948,13.13862,13.14178,0.00,0.00
2013.11.01 17:24:04.897,13.13844,13.14158,0.00,0.00
2013.11.01 17:24:05.230,13.13822,13.14138,0.00,0.00
2013.11.01 17:24:05.350,13.13804,13.14118,0.00,0.00
2013.11.01 17:24:05.409,13.13802,13.14118,0.00,0.00
2013.11.01 17:24:05.941,13.13782,13.14098,0.00,0.00
2013.11.01 17:24:06.259,13.13797,13.14118,0.00,0.00
2013.11.01 17:24:08.579,13.13847,13.14144,0.00,0.00
2013.11.01 17:24:08.699,13.13847,13.14168,0.00,0.00
2013.11.01 17:24:08.820,13.13867,13.14188,0.00,0.00
2013.11.01 17:24:21.729,13.13862,13.14178,0.00,0.00
2013.11.01 17:24:22.159,13.13842,13.14158,0.00,0.00
2013.11.01 17:24:23.401,13.13842,13.14154,0.00,0.00
2013.11.01 17:24:23.459,13.13812,13.14128,0.00,0.00
2013.11.01 17:24:25.671,13.13817,13.14138,0.00,0.00
2013.11.01 17:24:28.179,13.13802,13.14118,0.00,0.00
2013.11.01 17:24:28.509,13.13772,13.14088,0.00,0.00
2013.11.01 17:24:30.116,13.13762,13.14078,0.00,0.00
2013.11.01 17:24:32.320,13.13742,13.14058,0.00,0.00
2013.11.01 17:24:32.942,13.13722,13.14038,0.00,0.00
2013.11.01 17:24:35.669,13.13712,13.1402,0.00,0.00
2013.11.01 17:24:35.729,13.13682,13.13998,0.00,0.00
2013.11.01 17:24:36.609,13.13672,13.13988,0.00,0.00
2013.11.01 17:24:37.201,13.13662,13.13978,0.00,0.00
2013.11.01 17:24:37.509,13.13622,13.13938,0.00,0.00
2013.11.01 17:24:41.619,13.13637,13.13947,0.00,0.00
2013.11.01 17:24:41.680,13.13637,13.13955,0.00,0.00
2013.11.01 17:24:41.800,13.13737,13.13955,0.00,0.00
2013.11.01 17:24:41.920,13.13737,13.14016,0.00,0.00
2013.11.01 17:24:41.980,13.13767,13.14088,0.00,0.00
2013.11.01 17:24:42.099,13.13787,13.14097,0.00,0.00
2013.11.01 17:24:42.266,13.13772,13.14078,0.00,0.00
2013.11.01 17:24:42.380,13.13762,13.14078,0.00,0.00
2013.11.01 17:24:43.559,13.13837,13.1409,0.00,0.00
2013.11.01 17:24:43.739,13.13887,13.14208,0.00,0.00
2013.11.01 17:24:43.799,13.13875,13.14235,0.00,0.00
2013.11.01 17:24:43.919,13.13935,13.14278,0.00,0.00
2013.11.01 17:24:44.367,13.13957,13.14278,0.00,0.00
2013.11.01 17:24:46.149,13.13957,13.14257,0.00,0.00
2013.11.01 17:24:55.279,13.13957,13.14278,0.00,0.00
2013.11.01 17:24:56.034,13.13942,13.14258,0.00,0.00
2013.11.01 17:24:56.435,13.13957,13.14257,0.00,0.00
2013.11.01 17:24:56.491,13.13957,13.14277,0.00,0.00
2013.11.01 17:24:58.102,13.14037,13.14277,0.00,0.00
2013.11.01 17:24:58.280,13.14055,13.14418,0.00,0.00
2013.11.01 17:24:58.343,13.14167,13.1442,0.00,0.00
2013.11.01 17:24:58.400,13.14167,13.1444,0.00,0.00
2013.11.01 17:24:58.460,13.14167,13.14488,0.00,0.00
2013.11.01 17:24:59.609,13.14172,13.14488,0.00,0.00
2013.11.01 17:24:59.670,13.14237,13.14558,0.00,0.00
2013.11.01 17:24:59.737,13.14267,13.14575,0.00,0.00
2013.11.01 17:24:59.790,13.14267,13.14587,0.00,0.00
2013.11.01 17:25:00.775,13.14267,13.14588,0.00,0.00
2013.11.01 17:25:13.712,13.14277,13.14598,0.00,0.00
2013.11.01 17:25:14.049,13.14307,13.14628,0.00,0.00
2013.11.01 17:25:14.361,13.14272,13.14588,0.00,0.00
2013.11.01 17:25:15.791,13.1425,13.14508,0.00,0.00
2013.11.01 17:25:15.850,13.14192,13.14508,0.00,0.00
2013.11.01 17:25:15.970,13.14172,13.14488,0.00,0.00
2013.11.01 17:25:16.360,13.14207,13.1451,0.00,0.00
2013.11.01 17:25:16.420,13.14207,13.14517,0.00,0.00
2013.11.01 17:25:18.497,13.1419,13.14458,0.00,0.00
2013.11.01 17:25:18.549,13.14171,13.14458,0.00,0.00
2013.11.01 17:25:18.609,13.14171,13.14417,0.00,0.00
2013.11.01 17:25:18.729,13.14132,13.14417,0.00,0.00
2013.11.01 17:25:19.669,13.14112,13.14417,0.00,0.00
2013.11.01 17:25:22.489,13.14112,13.14387,0.00,0.00
2013.11.01 17:25:27.123,13.14102,13.14358,0.00,0.00
2013.11.01 17:25:27.231,13.1409,13.14358,0.00,0.00
2013.11.01 17:25:27.289,13.1409,13.14347,0.00,0.00
2013.11.01 17:25:27.349,13.14041,13.14338,0.00,0.00
2013.11.01 17:25:27.470,13.14022,13.14338,0.00,0.00
2013.11.01 17:25:27.699,13.14022,13.14307,0.00,0.00
2013.11.01 17:25:27.925,13.14012,13.14307,0.00,0.00
2013.11.01 17:25:32.233,13.13992,13.14307,0.00,0.00
2013.11.01 17:25:32.295,13.13992,13.14277,0.00,0.00
2013.11.01 17:25:32.870,13.13971,13.14247,0.00,0.00
2013.11.01 17:25:33.009,13.13936,13.14247,0.00,0.00
2013.11.01 17:25:33.071,13.13932,13.14247,0.00,0.00
2013.11.01 17:25:33.251,13.13977,13.14247,0.00,0.00
2013.11.01 17:25:33.309,13.13977,13.14276,0.00,0.00
2013.11.01 17:25:33.369,13.13997,13.14276,0.00,0.00
2013.11.01 17:25:33.429,13.13997,13.14307,0.00,0.00
2013.11.01 17:25:33.491,13.13956,13.14258,0.00,0.00
2013.11.01 17:25:33.549,13.13942,13.14258,0.00,0.00
2013.11.01 17:25:33.609,13.13947,13.14288,0.00,0.00
2013.11.01 17:25:33.670,13.13961,13.14258,0.00,0.00
2013.11.01 17:25:33.849,13.13932,13.14247,0.00,0.00
2013.11.01 17:25:35.271,13.13922,13.14238,0.00,0.00
2013.11.01 17:25:36.365,13.13922,13.14227,0.00,0.00
2013.11.01 17:25:41.922,13.13902,13.14218,0.00,0.00
2013.11.01 17:25:42.040,13.13896,13.14158,0.00,0.00
2013.11.01 17:25:42.099,13.13876,13.14147,0.00,0.00
2013.11.01 17:25:42.281,13.13872,13.14147,0.00,0.00
2013.11.01 17:25:42.340,13.13897,13.14167,0.00,0.00
2013.11.01 17:25:42.539,13.13897,13.14197,0.00,0.00
2013.11.01 17:25:42.670,13.13876,13.14197,0.00,0.00
2013.11.01 17:25:42.802,13.13842,13.14197,0.00,0.00
2013.11.01 17:25:43.099,13.13842,13.14167,0.00,0.00
2013.11.01 17:25:43.350,13.13842,13.14198,0.00,0.00
2013.11.01 17:25:43.410,13.13907,13.14207,0.00,0.00
2013.11.01 17:25:47.093,13.13902,13.14207,0.00,0.00
2013.11.01 17:25:47.829,13.13917,13.14207,0.00,0.00
2013.11.01 17:25:48.809,13.13902,13.14207,0.00,0.00
2013.11.01 17:25:49.612,13.13882,13.14198,0.00,0.00
2013.11.01 17:25:49.916,13.13907,13.14207,0.00,0.00
2013.11.01 17:25:50.005,13.13907,13.14222,0.00,0.00
2013.11.01 17:25:50.059,13.13907,13.14228,0.00,0.00
2013.11.01 17:25:50.469,13.13957,13.14271,0.00,0.00
2013.11.01 17:25:50.529,13.13957,13.14278,0.00,0.00
2013.11.01 17:25:50.649,13.13957,13.14258,0.00,0.00
2013.11.01 17:25:50.709,13.13932,13.14258,0.00,0.00
2013.11.01 17:25:52.240,13.13937,13.14268,0.00,0.00
2013.11.01 17:25:53.211,13.13932,13.14248,0.00,0.00
2013.11.01 17:25:54.166,13.13922,13.14238,0.00,0.00
2013.11.01 17:25:54.899,13.13886,13.14158,0.00,0.00
2013.11.01 17:25:55.079,13.13817,13.14118,0.00,0.00
2013.11.01 17:25:55.139,13.13802,13.14118,0.00,0.00
2013.11.01 17:25:55.285,13.13817,13.14137,0.00,0.00
2013.11.01 17:25:55.988,13.13802,13.14118,0.00,0.00
2013.11.01 17:25:56.109,13.13802,13.14107,0.00,0.00
2013.11.01 17:25:56.187,13.13792,13.14107,0.00,0.00
2013.11.01 17:25:56.498,13.13807,13.14107,0.00,0.00
2013.11.01 17:25:56.911,13.13793,13.14107,0.00,0.00
2013.11.01 17:25:56.969,13.13793,13.14077,0.00,0.00
2013.11.01 17:25:57.089,13.13807,13.14117,0.00,0.00
2013.11.01 17:25:57.149,13.13807,13.14113,0.00,0.00
2013.11.01 17:25:57.209,13.13807,13.14117,0.00,0.00
2013.11.01 17:25:57.440,13.13792,13.14108,0.00,0.00
2013.11.01 17:25:57.941,13.13774,13.14088,0.00,0.00
2013.11.01 17:25:58.242,13.13772,13.14088,0.00,0.00
2013.11.01 17:25:58.555,13.13762,13.14078,0.00,0.00
2013.11.01 17:25:58.820,13.13738,13.14068,0.00,0.00
2013.11.01 17:25:58.888,13.13722,13.14068,0.00,0.00
2013.11.01 17:25:58.949,13.13737,13.14087,0.00,0.00
2013.11.01 17:26:00.323,13.13767,13.14087,0.00,0.00
2013.11.01 17:26:00.569,13.13787,13.14108,0.00,0.00
2013.11.01 17:26:00.850,13.13772,13.14088,0.00,0.00
2013.11.01 17:26:02.349,13.13749,13.14058,0.00,0.00
2013.11.01 17:26:02.409,13.13742,13.14058,0.00,0.00
2013.11.01 17:26:02.651,13.13757,13.14058,0.00,0.00
2013.11.01 17:26:04.498,13.13777,13.14098,0.00,0.00
2013.11.01 17:26:04.619,13.13797,13.14117,0.00,0.00
2013.11.01 17:26:04.939,13.13772,13.14058,0.00,0.00
2013.11.01 17:26:05.412,13.13762,13.14058,0.00,0.00
2013.11.01 17:26:05.529,13.13787,13.14102,0.00,0.00
2013.11.01 17:26:05.649,13.13787,13.14108,0.00,0.00
2013.11.01 17:26:06.963,13.13782,13.14098,0.00,0.00
2013.11.01 17:26:07.600,13.13753,13.14058,0.00,0.00
2013.11.01 17:26:08.295,13.13752,13.14058,0.00,0.00
2013.11.01 17:26:08.600,13.13725,13.14038,0.00,0.00
2013.11.01 17:26:08.760,13.13722,13.14038,0.00,0.00
2013.11.01 17:26:09.494,13.13727,13.14048,0.00,0.00
2013.11.01 17:26:10.760,13.13722,13.14038,0.00,0.00
2013.11.01 17:26:13.040,13.13737,13.14057,0.00,0.00
2013.11.01 17:26:13.942,13.13777,13.14057,0.00,0.00
2013.11.01 17:26:14.740,13.13777,13.14058,0.00,0.00
2013.11.01 17:26:15.165,13.13797,13.14097,0.00,0.00
2013.11.01 17:26:16.579,13.13782,13.14097,0.00,0.00
2013.11.01 17:26:16.986,13.13797,13.14097,0.00,0.00
2013.11.01 17:26:17.039,13.13782,13.14097,0.00,0.00
2013.11.01 17:26:17.309,13.13797,13.14097,0.00,0.00
2013.11.01 17:26:21.350,13.13797,13.14118,0.00,0.00
2013.11.01 17:26:25.355,13.13782,13.14098,0.00,0.00
2013.11.01 17:26:26.980,13.13797,13.14115,0.00,0.00
2013.11.01 17:26:27.039,13.13797,13.14118,0.00,0.00
2013.11.01 17:26:27.181,13.13778,13.14088,0.00,0.00
2013.11.01 17:26:27.240,13.13772,13.14088,0.00,0.00
2013.11.01 17:26:29.241,13.13753,13.14038,0.00,0.00
2013.11.01 17:26:29.459,13.13703,13.14008,0.00,0.00
2013.11.01 17:26:29.579,13.13692,13.14008,0.00,0.00
2013.11.01 17:26:29.699,13.13697,13.14017,0.00,0.00
2013.11.01 17:26:30.190,13.13692,13.14008,0.00,0.00
2013.11.01 17:26:30.860,13.13697,13.14017,0.00,0.00
2013.11.01 17:26:32.070,13.13682,13.13998,0.00,0.00
2013.11.01 17:26:32.472,13.13697,13.14017,0.00,0.00
2013.11.01 17:26:33.909,13.13682,13.13998,0.00,0.00
2013.11.01 17:26:35.569,13.13682,13.13987,0.00,0.00
2013.11.01 17:26:35.870,13.13697,13.13987,0.00,0.00
2013.11.01 17:26:36.139,13.13692,13.13987,0.00,0.00
2013.11.01 17:26:45.195,13.13697,13.13987,0.00,0.00
2013.11.01 17:26:45.334,13.13697,13.14007,0.00,0.00
2013.11.01 17:26:46.101,13.13682,13.13998,0.00,0.00
2013.11.01 17:26:46.717,13.13697,13.14007,0.00,0.00
2013.11.01 17:26:47.669,13.13682,13.13998,0.00,0.00
2013.11.01 17:26:48.031,13.13747,13.14007,0.00,0.00
2013.11.01 17:26:48.329,13.13757,13.14058,0.00,0.00
2013.11.01 17:26:48.572,13.13777,13.14087,0.00,0.00
2013.11.01 17:26:49.579,13.13763,13.14078,0.00,0.00
2013.11.01 17:26:50.190,13.13762,13.14078,0.00,0.00
2013.11.01 17:26:51.368,13.13777,13.14087,0.00,0.00
2013.11.01 17:26:52.483,13.13787,13.14087,0.00,0.00
2013.11.01 17:26:56.559,13.13769,13.14087,0.00,0.00
2013.11.01 17:26:56.689,13.13837,13.14129,0.00,0.00
2013.11.01 17:26:56.749,13.13837,13.14158,0.00,0.00
2013.11.01 17:26:56.809,13.13857,13.14169,0.00,0.00
2013.11.01 17:26:56.869,13.13857,13.14177,0.00,0.00
2013.11.01 17:26:56.929,13.1384,13.14138,0.00,0.00
2013.11.01 17:26:56.990,13.13822,13.14138,0.00,0.00
2013.11.01 17:26:58.710,13.13837,13.14157,0.00,0.00
2013.11.01 17:26:58.795,13.13832,13.14148,0.00,0.00
2013.11.01 17:26:59.110,13.13832,13.14127,0.00,0.00
2013.11.01 17:26:59.416,13.13778,13.14058,0.00,0.00
2013.11.01 17:26:59.470,13.13724,13.14048,0.00,0.00
2013.11.01 17:26:59.530,13.13722,13.14048,0.00,0.00
2013.11.01 17:26:59.627,13.13727,13.14058,0.00,0.00
2013.11.01 17:27:00.003,13.13722,13.14048,0.00,0.00
2013.11.01 17:27:00.341,13.13737,13.14068,0.00,0.00
2013.11.01 17:27:01.479,13.13797,13.14093,0.00,0.00
2013.11.01 17:27:01.539,13.13797,13.14097,0.00,0.00
2013.11.01 17:27:01.679,13.13867,13.14097,0.00,0.00
2013.11.01 17:27:02.130,13.13897,13.14228,0.00,0.00
2013.11.01 17:27:02.901,13.13912,13.14228,0.00,0.00
2013.11.01 17:27:03.013,13.13937,13.14257,0.00,0.00
2013.11.01 17:27:03.230,13.13882,13.14187,0.00,0.00
2013.11.01 17:27:03.733,13.13882,13.14167,0.00,0.00
2013.11.01 17:27:03.850,13.13907,13.14223,0.00,0.00
2013.11.01 17:27:03.927,13.13927,13.14223,0.00,0.00
2013.11.01 17:27:04.039,13.13927,13.14248,0.00,0.00
2013.11.01 17:27:04.160,13.13947,13.14267,0.00,0.00
2013.11.01 17:27:05.348,13.13942,13.14258,0.00,0.00
2013.11.01 17:27:05.659,13.13947,13.14268,0.00,0.00
2013.11.01 17:27:06.878,13.14027,13.14277,0.00,0.00
2013.11.01 17:27:07.090,13.14057,13.14374,0.00,0.00
2013.11.01 17:27:07.210,13.14057,13.14378,0.00,0.00
2013.11.01 17:27:07.540,13.14067,13.14387,0.00,0.00
2013.11.01 17:27:07.850,13.14087,13.14387,0.00,0.00
2013.11.01 17:27:08.210,13.14097,13.14387,0.00,0.00
2013.11.01 17:27:08.293,13.14092,13.14387,0.00,0.00
2013.11.01 17:27:08.900,13.14072,13.14387,0.00,0.00
2013.11.01 17:27:09.039,13.14072,13.14357,0.00,0.00
2013.11.01 17:27:09.160,13.14097,13.14407,0.00,0.00
2013.11.01 17:27:09.220,13.14082,13.14407,0.00,0.00
2013.11.01 17:27:09.280,13.14082,13.14407,0.00,0.00
2013.11.01 17:27:09.590,13.14082,13.14398,0.00,0.00
2013.11.01 17:27:10.180,13.14097,13.14407,0.00,0.00
2013.11.01 17:27:10.310,13.14082,13.14398,0.00,0.00
2013.11.01 17:27:10.580,13.14082,13.14387,0.00,0.00
2013.11.01 17:27:10.716,13.14062,13.14378,0.00,0.00
2013.11.01 17:27:10.769,13.14052,13.14378,0.00,0.00
2013.11.01 17:27:12.129,13.14097,13.14387,0.00,0.00
2013.11.01 17:27:13.009,13.14097,13.14407,0.00,0.00
2013.11.01 17:27:16.850,13.14052,13.14358,0.00,0.00
2013.11.01 17:27:17.040,13.14032,13.14348,0.00,0.00
2013.11.01 17:27:17.525,13.14012,13.14328,0.00,0.00
2013.11.01 17:27:19.919,13.14027,13.14348,0.00,0.00
2013.11.01 17:27:20.220,13.14057,13.14377,0.00,0.00
2013.11.01 17:27:21.200,13.14087,13.14377,0.00,0.00
2013.11.01 17:27:21.260,13.14087,13.14407,0.00,0.00
2013.11.01 17:27:21.320,13.14061,13.14368,0.00,0.00
2013.11.01 17:27:21.379,13.14052,13.14368,0.00,0.00
2013.11.01 17:27:21.439,13.14067,13.14388,0.00,0.00
2013.11.01 17:27:21.862,13.14052,13.14368,0.00,0.00
2013.11.01 17:27:22.319,13.14032,13.14348,0.00,0.00
2013.11.01 17:27:22.639,13.14022,13.14338,0.00,0.00
2013.11.01 17:27:23.789,13.14022,13.14327,0.00,0.00
2013.11.01 17:27:23.849,13.14012,13.14327,0.00,0.00
2013.11.01 17:27:23.970,13.13998,13.14288,0.00,0.00
2013.11.01 17:27:24.099,13.13952,13.14268,0.00,0.00
2013.11.01 17:27:24.543,13.13957,13.14277,0.00,0.00
2013.11.01 17:27:25.590,13.13967,13.14277,0.00,0.00
2013.11.01 17:27:25.910,13.13987,13.14277,0.00,0.00
2013.11.01 17:27:26.060,13.13987,13.14308,0.00,0.00
2013.11.01 17:27:26.119,13.14007,13.14317,0.00,0.00
2013.11.01 17:27:26.475,13.14027,13.14317,0.00,0.00
2013.11.01 17:27:26.530,13.14027,13.14348,0.00,0.00
2013.11.01 17:27:26.770,13.14034,13.14348,0.00,0.00
2013.11.01 17:27:26.829,13.14057,13.14377,0.00,0.00
2013.11.01 17:27:28.739,13.14032,13.14368,0.00,0.00
2013.11.01 17:27:28.859,13.14117,13.14377,0.00,0.00
2013.11.01 17:27:28.920,13.14104,13.14377,0.00,0.00
2013.11.01 17:27:28.980,13.14104,13.14388,0.00,0.00
2013.11.01 17:27:29.040,13.14062,13.14387,0.00,0.00
2013.11.01 17:27:29.111,13.14042,13.14368,0.00,0.00
2013.11.01 17:27:29.169,13.14059,13.14347,0.00,0.00
2013.11.01 17:27:29.235,13.14042,13.14347,0.00,0.00
2013.11.01 17:27:29.473,13.14042,13.14368,0.00,0.00
2013.11.01 17:27:29.591,13.14099,13.14368,0.00,0.00
2013.11.01 17:27:29.650,13.14117,13.14417,0.00,0.00
2013.11.01 17:27:29.921,13.14104,13.14417,0.00,0.00
2013.11.01 17:27:30.039,13.14102,13.14417,0.00,0.00
2013.11.01 17:27:30.903,13.14102,13.14397,0.00,0.00
2013.11.01 17:27:32.766,13.14107,13.14397,0.00,0.00
2013.11.01 17:27:32.819,13.14107,13.14417,0.00,0.00
2013.11.01 17:27:34.181,13.14117,13.14417,0.00,0.00
2013.11.01 17:27:36.603,13.14102,13.14417,0.00,0.00
2013.11.01 17:27:37.059,13.14107,13.14417,0.00,0.00
2013.11.01 17:27:37.120,13.14107,13.14428,0.00,0.00
2013.11.01 17:27:38.719,13.14092,13.14408,0.00,0.00
2013.11.01 17:27:39.540,13.14082,13.14398,0.00,0.00
2013.11.01 17:27:40.736,13.14087,13.14408,0.00,0.00
2013.11.01 17:27:41.039,13.14017,13.14328,0.00,0.00
2013.11.01 17:27:41.141,13.14027,13.14348,0.00,0.00
2013.11.01 17:27:43.415,13.14037,13.14358,0.00,0.00
2013.11.01 17:27:43.717,13.14077,13.14358,0.00,0.00
2013.11.01 17:27:43.949,13.14072,13.14358,0.00,0.00
2013.11.01 17:27:44.324,13.14077,13.14358,0.00,0.00
2013.11.01 17:27:44.427,13.14097,13.14406,0.00,0.00
2013.11.01 17:27:44.980,13.14097,13.14407,0.00,0.00
2013.11.01 17:27:47.967,13.14092,13.14407,0.00,0.00
2013.11.01 17:27:48.773,13.14097,13.14407,0.00,0.00
2013.11.01 17:27:50.153,13.14097,13.14418,0.00,0.00
2013.11.01 17:27:50.210,13.14127,13.14427,0.00,0.00
2013.11.01 17:27:51.043,13.14112,13.14427,0.00,0.00
2013.11.01 17:27:51.142,13.14112,13.14407,0.00,0.00
2013.11.01 17:27:51.280,13.14109,13.14407,0.00,0.00
2013.11.01 17:27:51.339,13.14102,13.14407,0.00,0.00
2013.11.01 17:27:54.663,13.14102,13.14418,0.00,0.00
2013.11.01 17:27:54.720,13.14107,13.14427,0.00,0.00
2013.11.01 17:27:56.821,13.14102,13.14418,0.00,0.00
2013.11.01 17:27:58.210,13.14102,13.14412,0.00,0.00
2013.11.01 17:27:58.270,13.14032,13.14348,0.00,0.00
2013.11.01 17:27:58.329,13.14032,13.14277,0.00,0.00
2013.11.01 17:27:58.450,13.14002,13.14277,0.00,0.00
2013.11.01 17:28:00.163,13.14002,13.14307,0.00,0.00
2013.11.01 17:28:00.279,13.14007,13.14307,0.00,0.00
2013.11.01 17:28:20.230,13.14007,13.14327,0.00,0.00
2013.11.01 17:28:24.694,13.13992,13.14258,0.00,0.00
2013.11.01 17:28:25.110,13.13982,13.14258,0.00,0.00
2013.11.01 17:28:25.172,13.13982,13.14247,0.00,0.00
2013.11.01 17:28:25.230,13.13974,13.14247,0.00,0.00
2013.11.01 17:28:25.350,13.13932,13.14247,0.00,0.00
2013.11.01 17:28:25.409,13.13912,13.14228,0.00,0.00
2013.11.01 17:28:25.630,13.13912,13.14207,0.00,0.00
2013.11.01 17:28:28.912,13.13938,13.14228,0.00,0.00
2013.11.01 17:28:28.970,13.13938,13.14238,0.00,0.00
2013.11.01 17:28:29.030,13.13922,13.14238,0.00,0.00
2013.11.01 17:28:29.090,13.13957,13.14258,0.00,0.00
2013.11.01 17:28:29.150,13.13932,13.14248,0.00,0.00
2013.11.01 17:28:29.258,13.13937,13.14258,0.00,0.00
2013.11.01 17:28:29.567,13.13924,13.14058,0.00,0.00
2013.11.01 17:28:29.750,13.13852,13.14058,0.00,0.00
2013.11.01 17:28:29.810,13.13844,13.14117,0.00,0.00
2013.11.01 17:28:29.960,13.13832,13.14117,0.00,0.00
2013.11.01 17:28:30.100,13.13809,13.14058,0.00,0.00
2013.11.01 17:28:30.160,13.13794,13.14058,0.00,0.00
2013.11.01 17:28:30.470,13.13782,13.14058,0.00,0.00
2013.11.01 17:28:30.940,13.13787,13.14058,0.00,0.00
2013.11.01 17:28:31.420,13.13809,13.14058,0.00,0.00
2013.11.01 17:28:31.480,13.13827,13.14147,0.00,0.00
2013.11.01 17:28:32.110,13.13827,13.14148,0.00,0.00
2013.11.01 17:28:32.890,13.13847,13.14158,0.00,0.00
2013.11.01 17:28:33.220,13.13854,13.14158,0.00,0.00
2013.11.01 17:28:33.563,13.13877,13.14158,0.00,0.00
2013.11.01 17:28:34.120,13.13862,13.14158,0.00,0.00
2013.11.01 17:28:34.187,13.13867,13.14158,0.00,0.00
2013.11.01 17:28:34.420,13.13852,13.14158,0.00,0.00
2013.11.01 17:28:34.480,13.13852,13.14158,0.00,0.00
2013.11.01 17:28:34.792,13.13852,13.14147,0.00,0.00
2013.11.01 17:28:34.950,13.13832,13.14147,0.00,0.00
2013.11.01 17:28:35.501,13.13832,13.14148,0.00,0.00
2013.11.01 17:28:36.430,13.13847,13.14158,0.00,0.00
2013.11.01 17:28:36.890,13.13867,13.14157,0.00,0.00
2013.11.01 17:28:37.092,13.13854,13.14148,0.00,0.00
2013.11.01 17:28:37.151,13.13832,13.14148,0.00,0.00
2013.11.01 17:28:38.595,13.13837,13.14157,0.00,0.00
2013.11.01 17:28:43.070,13.13832,13.14148,0.00,0.00
2013.11.01 17:28:46.520,13.13832,13.14137,0.00,0.00
2013.11.01 17:28:47.160,13.13809,13.14058,0.00,0.00
2013.11.01 17:28:47.306,13.13782,13.14058,0.00,0.00
2013.11.01 17:28:47.363,13.13772,13.14058,0.00,0.00
2013.11.01 17:28:47.599,13.13749,13.14058,0.00,0.00
2013.11.01 17:28:47.780,13.13742,13.14058,0.00,0.00
2013.11.01 17:28:51.501,13.13757,13.14058,0.00,0.00
2013.11.01 17:28:51.904,13.13749,13.14058,0.00,0.00
2013.11.01 17:28:52.020,13.13724,13.13958,0.00,0.00
2013.11.01 17:28:52.150,13.13694,13.13958,0.00,0.00
2013.11.01 17:28:52.270,13.13682,13.13958,0.00,0.00
2013.11.01 17:28:53.550,13.13682,13.13958,0.00,0.00
2013.11.01 17:28:53.611,13.13682,13.13958,0.00,0.00
2013.11.01 17:28:53.670,13.13687,13.13958,0.00,0.00
2013.11.01 17:28:56.080,13.13697,13.14007,0.00,0.00
2013.11.01 17:28:56.280,13.13692,13.13958,0.00,0.00
2013.11.01 17:28:57.585,13.13697,13.14018,0.00,0.00
2013.11.01 17:28:59.825,13.13697,13.13958,0.00,0.00
2013.11.01 17:29:00.600,13.13684,13.13958,0.00,0.00
2013.11.01 17:29:00.660,13.13652,13.13958,0.00,0.00
2013.11.01 17:29:00.720,13.13622,13.13938,0.00,0.00
2013.11.01 17:29:00.780,13.13627,13.13947,0.00,0.00
2013.11.01 17:29:01.089,13.13677,13.13947,0.00,0.00
2013.11.01 17:29:01.210,13.13652,13.13958,0.00,0.00
2013.11.01 17:29:03.520,13.13677,13.13958,0.00,0.00
2013.11.01 17:29:03.660,13.13662,13.13958,0.00,0.00
2013.11.01 17:29:03.720,13.13644,13.13958,0.00,0.00
2013.11.01 17:29:03.850,13.13642,13.13954,0.00,0.00
2013.11.01 17:29:03.910,13.13612,13.13928,0.00,0.00
2013.11.01 17:29:04.011,13.13602,13.13918,0.00,0.00
2013.11.01 17:29:04.621,13.13602,13.13917,0.00,0.00
2013.11.01 17:29:05.535,13.13582,13.13858,0.00,0.00
2013.11.01 17:29:05.840,13.13572,13.13858,0.00,0.00
2013.11.01 17:29:06.090,13.13587,13.13894,0.00,0.00
2013.11.01 17:29:06.210,13.13587,13.13907,0.00,0.00
2013.11.01 17:29:07.080,13.13569,13.13858,0.00,0.00
2013.11.01 17:29:07.320,13.13587,13.13897,0.00,0.00
2013.11.01 17:29:07.471,13.13562,13.13878,0.00,0.00
2013.11.01 17:29:07.530,13.13562,13.13878,0.00,0.00
2013.11.01 17:29:07.590,13.13562,13.13878,0.00,0.00
2013.11.01 17:29:07.859,13.13562,13.13858,0.00,0.00
2013.11.01 17:29:07.960,13.13539,13.13848,0.00,0.00
2013.11.01 17:29:08.021,13.13532,13.13848,0.00,0.00
2013.11.01 17:29:08.465,13.13567,13.13858,0.00,0.00
2013.11.01 17:29:08.810,13.13522,13.13758,0.00,0.00
2013.11.01 17:29:08.971,13.13502,13.13758,0.00,0.00
2013.11.01 17:29:09.030,13.13527,13.13839,0.00,0.00
2013.11.01 17:29:09.150,13.13527,13.13848,0.00,0.00
2013.11.01 17:29:09.470,13.13527,13.13844,0.00,0.00
2013.11.01 17:29:09.961,13.13509,13.13758,0.00,0.00
2013.11.01 17:29:10.020,13.13527,13.13848,0.00,0.00
2013.11.01 17:29:10.139,13.13537,13.13858,0.00,0.00
2013.11.01 17:29:10.511,13.13537,13.13844,0.00,0.00
2013.11.01 17:29:10.860,13.13502,13.13758,0.00,0.00
2013.11.01 17:29:11.110,13.13502,13.13818,0.00,0.00
2013.11.01 17:29:11.170,13.13509,13.13818,0.00,0.00
2013.11.01 17:29:11.230,13.13527,13.13848,0.00,0.00
2013.11.01 17:29:11.420,13.13514,13.13758,0.00,0.00
2013.11.01 17:29:11.480,13.13502,13.13758,0.00,0.00
2013.11.01 17:29:13.370,13.13482,13.13758,0.00,0.00
2013.11.01 17:29:14.340,13.13449,13.13758,0.00,0.00
2013.11.01 17:29:14.400,13.13442,13.13758,0.00,0.00
2013.11.01 17:29:14.459,13.13434,13.13748,0.00,0.00
2013.11.01 17:29:14.640,13.13437,13.13758,0.00,0.00
2013.11.01 17:29:15.359,13.13449,13.13758,0.00,0.00
2013.11.01 17:29:15.680,13.13467,13.13758,0.00,0.00
2013.11.01 17:29:16.020,13.13487,13.13808,0.00,0.00
2013.11.01 17:29:16.080,13.13507,13.13828,0.00,0.00
2013.11.01 17:29:16.821,13.13517,13.13837,0.00,0.00
2013.11.01 17:29:16.893,13.13537,13.13858,0.00,0.00
2013.11.01 17:29:17.581,13.13547,13.13849,0.00,0.00
2013.11.01 17:29:17.700,13.13547,13.13858,0.00,0.00
2013.11.01 17:29:17.778,13.13567,13.13858,0.00,0.00
2013.11.01 17:29:18.132,13.13532,13.13758,0.00,0.00
2013.11.01 17:29:18.190,13.13502,13.13758,0.00,0.00
2013.11.01 17:29:20.220,13.13527,13.13844,0.00,0.00
2013.11.01 17:29:20.340,13.13527,13.13848,0.00,0.00
2013.11.01 17:29:20.400,13.13522,13.13838,0.00,0.00
2013.11.01 17:29:20.842,13.13492,13.13758,0.00,0.00
2013.11.01 17:29:21.890,13.13482,13.13758,0.00,0.00
2013.11.01 17:29:22.330,13.13472,13.13758,0.00,0.00
2013.11.01 17:29:22.476,13.13449,13.13758,0.00,0.00
2013.11.01 17:29:22.533,13.13442,13.13758,0.00,0.00
2013.11.01 17:29:23.100,13.13424,13.13728,0.00,0.00
2013.11.01 17:29:23.167,13.13412,13.13728,0.00,0.00
2013.11.01 17:29:23.610,13.13537,13.13767,0.00,0.00
2013.11.01 17:29:23.850,13.13577,13.13858,0.00,0.00
2013.11.01 17:29:26.027,13.13607,13.13907,0.00,0.00
2013.11.01 17:29:26.290,13.13592,13.13907,0.00,0.00
2013.11.01 17:29:26.420,13.13607,13.13907,0.00,0.00
2013.11.01 17:29:26.640,13.13586,13.13898,0.00,0.00
2013.11.01 17:29:26.801,13.13582,13.13898,0.00,0.00
2013.11.01 17:29:26.890,13.13607,13.13907,0.00,0.00
2013.11.01 17:29:27.130,13.13585,13.13898,0.00,0.00
2013.11.01 17:29:27.250,13.13582,13.13898,0.00,0.00
2013.11.01 17:29:27.395,13.13607,13.13907,0.00,0.00
2013.11.01 17:29:27.650,13.13592,13.13907,0.00,0.00
2013.11.01 17:29:27.910,13.13582,13.13898,0.00,0.00
2013.11.01 17:29:28.320,13.13607,13.13907,0.00,0.00
2013.11.01 17:29:28.540,13.13582,13.13898,0.00,0.00
2013.11.01 17:29:29.541,13.13587,13.13907,0.00,0.00
2013.11.01 17:29:29.780,13.13502,13.13818,0.00,0.00
2013.11.01 17:29:30.049,13.13492,13.13808,0.00,0.00
2013.11.01 17:29:30.370,13.13547,13.13858,0.00,0.00
2013.11.01 17:29:30.490,13.13512,13.13828,0.00,0.00
2013.11.01 17:29:30.610,13.13512,13.13818,0.00,0.00
2013.11.01 17:29:30.670,13.13502,13.13818,0.00,0.00
2013.11.01 17:29:30.990,13.13517,13.13837,0.00,0.00
2013.11.01 17:29:31.159,13.13512,13.13828,0.00,0.00
2013.11.01 17:29:31.300,13.13527,13.13848,0.00,0.00
2013.11.01 17:29:31.788,13.13522,13.13838,0.00,0.00
2013.11.01 17:29:32.090,13.13512,13.13828,0.00,0.00
2013.11.01 17:29:32.481,13.13527,13.13847,0.00,0.00
2013.11.01 17:29:32.790,13.13512,13.13828,0.00,0.00
2013.11.01 17:29:33.393,13.13517,13.13838,0.00,0.00
2013.11.01 17:29:33.798,13.13502,13.13818,0.00,0.00
2013.11.01 17:29:34.710,13.13517,13.13838,0.00,0.00
2013.11.01 17:29:35.094,13.13532,13.13848,0.00,0.00
2013.11.01 17:29:35.426,13.13532,13.13838,0.00,0.00
2013.11.01 17:29:35.620,13.13522,13.13838,0.00,0.00
2013.11.01 17:29:35.680,13.13502,13.13818,0.00,0.00
2013.11.01 17:29:36.135,13.13517,13.13838,0.00,0.00
2013.11.01 17:29:36.513,13.13502,13.13818,0.00,0.00
2013.11.01 17:29:37.240,13.13502,13.13807,0.00,0.00
2013.11.01 17:29:37.657,13.13507,13.13807,0.00,0.00
2013.11.01 17:29:38.778,13.13492,13.13807,0.00,0.00
2013.11.01 17:29:39.082,13.13507,13.13807,0.00,0.00
2013.11.01 17:29:39.140,13.13492,13.13807,0.00,0.00
2013.11.01 17:29:39.387,13.13497,13.13807,0.00,0.00
2013.11.01 17:29:39.500,13.13452,13.13758,0.00,0.00
2013.11.01 17:29:39.740,13.13432,13.13748,0.00,0.00
2013.11.01 17:29:40.240,13.13477,13.13748,0.00,0.00
2013.11.01 17:29:40.360,13.13497,13.13797,0.00,0.00
2013.11.01 17:29:40.613,13.13492,13.13797,0.00,0.00
2013.11.01 17:29:40.730,13.13482,13.13797,0.00,0.00
2013.11.01 17:29:41.060,13.13497,13.13797,0.00,0.00
2013.11.01 17:29:41.180,13.13432,13.13748,0.00,0.00
2013.11.01 17:29:41.240,13.13412,13.13728,0.00,0.00
2013.11.01 17:29:42.621,13.13412,13.13677,0.00,0.00
2013.11.01 17:29:42.680,13.13388,13.13658,0.00,0.00
2013.11.01 17:29:42.800,13.13342,13.13658,0.00,0.00
2013.11.01 17:29:43.160,13.13397,13.13697,0.00,0.00
2013.11.01 17:29:43.550,13.13382,13.13648,0.00,0.00
2013.11.01 17:29:43.610,13.13332,13.13648,0.00,0.00
2013.11.01 17:29:43.670,13.13337,13.13657,0.00,0.00
2013.11.01 17:29:44.046,13.13407,13.13717,0.00,0.00
2013.11.01 17:29:44.821,13.13407,13.13728,0.00,0.00
2013.11.01 17:29:44.880,13.13427,13.13748,0.00,0.00
2013.11.01 17:29:45.191,13.13457,13.13777,0.00,0.00
2013.11.01 17:29:46.075,13.13452,13.13758,0.00,0.00
2013.11.01 17:29:46.260,13.13412,13.13728,0.00,0.00
2013.11.01 17:29:46.531,13.13427,13.13748,0.00,0.00
2013.11.01 17:29:48.510,13.13422,13.13738,0.00,0.00
2013.11.01 17:29:49.630,13.13412,13.13728,0.00,0.00
2013.11.01 17:29:50.011,13.13427,13.13748,0.00,0.00
2013.11.01 17:29:50.341,13.13412,13.13728,0.00,0.00
2013.11.01 17:29:50.651,13.13392,13.13708,0.00,0.00
2013.11.01 17:29:50.970,13.13407,13.13728,0.00,0.00
2013.11.01 17:29:51.668,13.13427,13.13747,0.00,0.00
2013.11.01 17:29:51.770,13.13422,13.13738,0.00,0.00
2013.11.01 17:29:52.511,13.13437,13.13758,0.00,0.00
2013.11.01 17:29:52.830,13.13497,13.13797,0.00,0.00
2013.11.01 17:29:53.530,13.13482,13.13797,0.00,0.00
2013.11.01 17:29:53.601,13.13477,13.13758,0.00,0.00
2013.11.01 17:29:53.791,13.13452,13.13757,0.00,0.00
2013.11.01 17:29:53.850,13.13422,13.13738,0.00,0.00
2013.11.01 17:29:53.910,13.13427,13.13748,0.00,0.00
2013.11.01 17:29:54.560,13.13427,13.13747,0.00,0.00
2013.11.01 17:29:54.780,13.13412,13.13728,0.00,0.00
2013.11.01 17:29:55.142,13.13417,13.13738,0.00,0.00
2013.11.01 17:29:55.450,13.13412,13.13728,0.00,0.00
2013.11.01 17:29:56.669,13.13392,13.13708,0.00,0.00
2013.11.01 17:29:57.000,13.13392,13.13697,0.00,0.00
2013.11.01 17:29:57.581,13.13392,13.13667,0.00,0.00
2013.11.01 17:29:57.700,13.13362,13.13667,0.00,0.00
2013.11.01 17:29:58.520,13.13337,13.13648,0.00,0.00
2013.11.01 17:29:58.590,13.13332,13.13648,0.00,0.00
2013.11.01 17:29:58.940,13.13322,13.13638,0.00,0.00
2013.11.01 17:29:59.920,13.13302,13.13618,0.00,0.00
2013.11.01 17:30:00.280,13.13302,13.13607,0.00,0.00
2013.11.01 17:30:00.340,13.13282,13.13598,0.00,0.00
2013.11.01 17:30:00.614,13.13297,13.13607,0.00,0.00
2013.11.01 17:30:01.050,13.13282,13.13598,0.00,0.00
2013.11.01 17:30:01.110,13.13302,13.13598,0.00,0.00
2013.11.01 17:30:01.170,13.13327,13.13648,0.00,0.00
2013.11.01 17:30:01.230,13.13312,13.13617,0.00,0.00
2013.11.01 17:30:01.690,13.13312,13.13628,0.00,0.00
2013.11.01 17:30:02.100,13.13337,13.13648,0.00,0.00
2013.11.01 17:30:02.220,13.13377,13.13697,0.00,0.00
2013.11.01 17:30:02.298,13.13382,13.13697,0.00,0.00
2013.11.01 17:30:02.654,13.13407,13.13697,0.00,0.00
2013.11.01 17:30:02.970,13.13392,13.13697,0.00,0.00
2013.11.01 17:30:03.090,13.13372,13.13658,0.00,0.00
2013.11.01 17:30:03.411,13.13437,13.13692,0.00,0.00
2013.11.01 17:30:03.470,13.13437,13.13748,0.00,0.00
2013.11.01 17:30:03.531,13.13487,13.13787,0.00,0.00
2013.11.01 17:30:04.262,13.13507,13.13787,0.00,0.00
2013.11.01 17:30:04.511,13.13507,13.13817,0.00,0.00
2013.11.01 17:30:07.481,13.13507,13.13767,0.00,0.00
2013.11.01 17:30:07.540,13.13482,13.13767,0.00,0.00
2013.11.01 17:30:07.630,13.13477,13.13767,0.00,0.00
2013.11.01 17:30:07.690,13.13462,13.13767,0.00,0.00
2013.11.01 17:30:08.150,13.13435,13.13728,0.00,0.00
2013.11.01 17:30:08.210,13.13416,13.13728,0.00,0.00
2013.11.01 17:30:08.330,13.13412,13.13728,0.00,0.00
2013.11.01 17:30:09.520,13.13427,13.13748,0.00,0.00
2013.11.01 17:30:09.972,13.13457,13.13767,0.00,0.00
2013.11.01 17:30:10.320,13.13507,13.13767,0.00,0.00
2013.11.01 17:30:10.380,13.13507,13.13797,0.00,0.00
2013.11.01 17:30:10.440,13.13492,13.13797,0.00,0.00
2013.11.01 17:30:10.607,13.13507,13.13797,0.00,0.00
2013.11.01 17:30:12.590,13.13473,13.13717,0.00,0.00
2013.11.01 17:30:12.651,13.13402,13.13708,0.00,0.00
2013.11.01 17:30:12.791,13.13392,13.13708,0.00,0.00
2013.11.01 17:30:16.214,13.13407,13.13717,0.00,0.00
2013.11.01 17:30:17.651,13.13407,13.13716,0.00,0.00
2013.11.01 17:30:18.000,13.13382,13.13658,0.00,0.00
2013.11.01 17:30:20.154,13.13397,13.13716,0.00,0.00
2013.11.01 17:30:20.687,13.13397,13.13717,0.00,0.00
2013.11.01 17:30:41.730,13.13397,13.13687,0.00,0.00
2013.11.01 17:30:41.790,13.13382,13.13687,0.00,0.00
2013.11.01 17:30:41.999,13.13362,13.13638,0.00,0.00
2013.11.01 17:30:42.060,13.13322,13.13638,0.00,0.00
2013.11.01 17:30:42.780,13.13337,13.13658,0.00,0.00
2013.11.01 17:30:43.140,13.13292,13.13608,0.00,0.00
2013.11.01 17:30:43.500,13.13297,13.13617,0.00,0.00
2013.11.01 17:30:43.899,13.13292,13.13608,0.00,0.00
2013.11.01 17:30:43.959,13.13292,13.13597,0.00,0.00
2013.11.01 17:30:44.289,13.13242,13.13558,0.00,0.00
2013.11.01 17:30:44.998,13.13267,13.13582,0.00,0.00
2013.11.01 17:30:45.299,13.13287,13.13597,0.00,0.00
2013.11.01 17:30:45.360,13.13287,13.13608,0.00,0.00
2013.11.01 17:30:47.314,13.13282,13.13598,0.00,0.00
2013.11.01 17:30:47.649,13.13287,13.13608,0.00,0.00
2013.11.01 17:30:49.539,13.13307,13.13617,0.00,0.00
2013.11.01 17:30:49.600,13.13307,13.13627,0.00,0.00
2013.11.01 17:30:49.659,13.13327,13.13648,0.00,0.00
2013.11.01 17:30:50.640,13.13327,13.13647,0.00,0.00
2013.11.01 17:30:50.699,13.13312,13.13608,0.00,0.00
2013.11.01 17:30:50.759,13.13292,13.13607,0.00,0.00
2013.11.01 17:30:51.980,13.13282,13.13558,0.00,0.00
2013.11.01 17:30:59.399,13.13307,13.13607,0.00,0.00
2013.11.01 17:31:02.991,13.13292,13.13607,0.00,0.00
2013.11.01 17:31:03.386,13.13297,13.13607,0.00,0.00
2013.11.01 17:31:04.500,13.13282,13.13598,0.00,0.00
2013.11.01 17:31:06.433,13.13307,13.13607,0.00,0.00
2013.11.01 17:31:06.942,13.13302,13.13607,0.00,0.00
2013.11.01 17:31:07.964,13.13307,13.13607,0.00,0.00
2013.11.01 17:31:08.100,13.13307,13.13627,0.00,0.00
2013.11.01 17:31:08.275,13.13289,13.13598,0.00,0.00
2013.11.01 17:31:08.361,13.13282,13.13598,0.00,0.00
2013.11.01 17:31:10.440,13.13297,13.13618,0.00,0.00
2013.11.01 17:31:10.750,13.13307,13.13627,0.00,0.00
2013.11.01 17:31:10.912,13.13292,13.13608,0.00,0.00
2013.11.01 17:31:11.570,13.13307,13.13627,0.00,0.00
2013.11.01 17:31:11.630,13.13292,13.13608,0.00,0.00
2013.11.01 17:31:13.432,13.13307,13.13625,0.00,0.00
2013.11.01 17:31:13.534,13.13282,13.13598,0.00,0.00
2013.11.01 17:31:14.660,13.13287,13.13608,0.00,0.00
2013.11.01 17:31:15.261,13.13317,13.13627,0.00,0.00
2013.11.01 17:31:15.320,13.13302,13.13618,0.00,0.00
2013.11.01 17:31:16.177,13.13284,13.13598,0.00,0.00
2013.11.01 17:31:16.280,13.13282,13.13598,0.00,0.00
2013.11.01 17:31:16.888,13.13297,13.13618,0.00,0.00
2013.11.01 17:31:17.869,13.13307,13.13627,0.00,0.00
2013.11.01 17:31:18.629,13.13307,13.13628,0.00,0.00
2013.11.01 17:31:20.846,13.13292,13.13608,0.00,0.00
2013.11.01 17:31:21.453,13.13437,13.1363,0.00,0.00
2013.11.01 17:31:21.509,13.13437,13.13738,0.00,0.00
2013.11.01 17:31:21.569,13.13467,13.13758,0.00,0.00
2013.11.01 17:31:21.859,13.13462,13.13758,0.00,0.00
2013.11.01 17:31:22.400,13.13452,13.13758,0.00,0.00
2013.11.01 17:31:22.799,13.13467,13.13758,0.00,0.00
2013.11.01 17:31:22.990,13.13487,13.13808,0.00,0.00
2013.11.01 17:31:23.730,13.13452,13.13758,0.00,0.00
2013.11.01 17:31:24.059,13.13467,13.13758,0.00,0.00
2013.11.01 17:31:24.201,13.13462,13.13758,0.00,0.00
2013.11.01 17:31:24.811,13.13477,13.13758,0.00,0.00
2013.11.01 17:31:25.506,13.13462,13.13758,0.00,0.00
2013.11.01 17:31:25.930,13.13452,13.13758,0.00,0.00
2013.11.01 17:31:27.390,13.13477,13.13758,0.00,0.00
2013.11.01 17:31:28.410,13.13462,13.13758,0.00,0.00
2013.11.01 17:31:29.130,13.13487,13.13808,0.00,0.00
2013.11.01 17:31:29.493,13.13472,13.13788,0.00,0.00
2013.11.01 17:31:30.050,13.13487,13.13808,0.00,0.00
2013.11.01 17:31:31.121,13.13472,13.13788,0.00,0.00
2013.11.01 17:31:32.931,13.13487,13.13807,0.00,0.00
2013.11.01 17:31:33.132,13.13472,13.13788,0.00,0.00
2013.11.01 17:31:33.370,13.13447,13.13688,0.00,0.00
2013.11.01 17:31:33.489,13.13457,13.13777,0.00,0.00
2013.11.01 17:31:33.550,13.13442,13.13706,0.00,0.00
2013.11.01 17:31:33.610,13.13442,13.13758,0.00,0.00
2013.11.01 17:31:33.670,13.13467,13.13787,0.00,0.00
2013.11.01 17:31:34.380,13.13462,13.13778,0.00,0.00
2013.11.01 17:31:34.863,13.13467,13.13787,0.00,0.00
2013.11.01 17:31:35.490,13.13462,13.13778,0.00,0.00
2013.11.01 17:31:35.981,13.13477,13.13787,0.00,0.00
2013.11.01 17:31:36.039,13.13477,13.13798,0.00,0.00
2013.11.01 17:31:37.420,13.13497,13.13818,0.00,0.00
2013.11.01 17:31:38.042,13.13482,13.13798,0.00,0.00
2013.11.01 17:31:38.841,13.13487,13.13808,0.00,0.00
2013.11.01 17:31:39.815,13.13482,13.13798,0.00,0.00
2013.11.01 17:31:44.840,13.13507,13.13827,0.00,0.00
2013.11.01 17:31:45.080,13.13492,13.13808,0.00,0.00
2013.11.01 17:31:45.140,13.13517,13.13838,0.00,0.00
2013.11.01 17:31:45.480,13.13537,13.13851,0.00,0.00
2013.11.01 17:31:45.540,13.13502,13.13818,0.00,0.00
2013.11.01 17:31:45.599,13.13511,13.13818,0.00,0.00
2013.11.01 17:31:45.719,13.13502,13.13818,0.00,0.00
2013.11.01 17:31:47.871,13.13517,13.13838,0.00,0.00
2013.11.01 17:31:48.590,13.13527,13.13848,0.00,0.00
2013.11.01 17:31:48.950,13.13452,13.13758,0.00,0.00
2013.11.01 17:31:49.661,13.13467,13.13758,0.00,0.00
2013.11.01 17:31:50.924,13.13452,13.13758,0.00,0.00
2013.11.01 17:31:51.239,13.13467,13.13758,0.00,0.00
2013.11.01 17:31:51.749,13.13497,13.13809,0.00,0.00
2013.11.01 17:31:51.810,13.13497,13.13818,0.00,0.00
2013.11.01 17:31:51.980,13.13492,13.13808,0.00,0.00
2013.11.01 17:31:53.454,13.13497,13.13818,0.00,0.00
2013.11.01 17:31:53.859,13.13517,13.13838,0.00,0.00
2013.11.01 17:31:59.590,13.13607,13.13858,0.00,0.00
2013.11.01 17:31:59.709,13.13607,13.13928,0.00,0.00
2013.11.01 17:31:59.843,13.13677,13.13953,0.00,0.00
2013.11.01 17:31:59.960,13.13662,13.13953,0.00,0.00
2013.11.01 17:32:00.020,13.13662,13.13958,0.00,0.00
2013.11.01 17:32:00.954,13.13677,13.13998,0.00,0.00
2013.11.01 17:32:02.543,13.13747,13.14017,0.00,0.00
2013.11.01 17:32:02.660,13.13777,13.14086,0.00,0.00
2013.11.01 17:32:02.723,13.13777,13.14098,0.00,0.00
2013.11.01 17:32:03.030,13.13787,13.14108,0.00,0.00
2013.11.01 17:32:15.159,13.13782,13.14098,0.00,0.00
2013.11.01 17:32:15.970,13.13762,13.14058,0.00,0.00
2013.11.01 17:32:16.190,13.13732,13.14048,0.00,0.00
2013.11.01 17:32:16.310,13.13702,13.14018,0.00,0.00
2013.11.01 17:32:19.970,13.13692,13.14008,0.00,0.00
2013.11.01 17:32:24.260,13.13672,13.13988,0.00,0.00
2013.11.01 17:32:27.241,13.13697,13.14012,0.00,0.00
2013.11.01 17:32:27.379,13.13682,13.13998,0.00,0.00
2013.11.01 17:32:27.443,13.13687,13.14008,0.00,0.00
2013.11.01 17:32:32.050,13.13707,13.14028,0.00,0.00
2013.11.01 17:32:32.510,13.13727,13.14048,0.00,0.00
2013.11.01 17:32:32.811,13.13737,13.14058,0.00,0.00
2013.11.01 17:32:33.950,13.13722,13.13958,0.00,0.00
2013.11.01 17:32:34.129,13.13652,13.13958,0.00,0.00
2013.11.01 17:32:34.190,13.13642,13.13958,0.00,0.00
2013.11.01 17:32:34.441,13.13667,13.13977,0.00,0.00
2013.11.01 17:32:34.499,13.13667,13.13988,0.00,0.00
2013.11.01 17:32:37.770,13.13677,13.13998,0.00,0.00
2013.11.01 17:32:46.200,13.13664,13.13858,0.00,0.00
2013.11.01 17:32:46.320,13.13557,13.13858,0.00,0.00
2013.11.01 17:32:46.380,13.13552,13.13858,0.00,0.00
2013.11.01 17:32:46.989,13.13577,13.13892,0.00,0.00
2013.11.01 17:32:47.087,13.13577,13.13898,0.00,0.00
2013.11.01 17:32:48.941,13.13557,13.13858,0.00,0.00
2013.11.01 17:32:49.017,13.13552,13.13858,0.00,0.00
2013.11.01 17:32:49.570,13.13513,13.13758,0.00,0.00
2013.11.01 17:32:49.629,13.13497,13.13758,0.00,0.00
2013.11.01 17:32:49.690,13.13467,13.13758,0.00,0.00
2013.11.01 17:32:49.810,13.13462,13.13758,0.00,0.00
2013.11.01 17:32:49.930,13.13467,13.13758,0.00,0.00
2013.11.01 17:32:50.050,13.13453,13.13758,0.00,0.00
2013.11.01 17:32:50.583,13.13452,13.13758,0.00,0.00
2013.11.01 17:32:57.610,13.13497,13.13792,0.00,0.00
2013.11.01 17:32:57.670,13.13497,13.13818,0.00,0.00
2013.11.01 17:32:58.717,13.13567,13.13836,0.00,0.00
2013.11.01 17:32:58.960,13.13567,13.13888,0.00,0.00
2013.11.01 17:32:59.656,13.13552,13.13858,0.00,0.00
2013.11.01 17:32:59.880,13.13567,13.13888,0.00,0.00
2013.11.01 17:33:05.990,13.13552,13.13848,0.00,0.00
2013.11.01 17:33:06.110,13.13542,13.13848,0.00,0.00
2013.11.01 17:33:06.170,13.13637,13.13877,0.00,0.00
2013.11.01 17:33:06.365,13.13697,13.13982,0.00,0.00
2013.11.01 17:33:06.430,13.13697,13.14012,0.00,0.00
2013.11.01 17:33:06.490,13.13697,13.14018,0.00,0.00
2013.11.01 17:33:07.012,13.13697,13.13977,0.00,0.00
2013.11.01 17:33:07.070,13.13632,13.13958,0.00,0.00
2013.11.01 17:33:07.130,13.13617,13.13928,0.00,0.00
2013.11.01 17:33:07.190,13.13612,13.13928,0.00,0.00
2013.11.01 17:33:07.250,13.13612,13.13912,0.00,0.00
2013.11.01 17:33:07.430,13.13677,13.13987,0.00,0.00
2013.11.01 17:33:07.650,13.13677,13.13998,0.00,0.00
2013.11.01 17:33:11.469,13.13697,13.14018,0.00,0.00
2013.11.01 17:33:11.853,13.13757,13.14078,0.00,0.00
2013.11.01 17:33:12.210,13.13777,13.14098,0.00,0.00
2013.11.01 17:33:12.520,13.13757,13.14028,0.00,0.00
2013.11.01 17:33:12.861,13.13682,13.13998,0.00,0.00
2013.11.01 17:33:13.410,13.13687,13.14008,0.00,0.00
2013.11.01 17:33:13.750,13.13672,13.13988,0.00,0.00
2013.11.01 17:33:15.940,13.13582,13.13898,0.00,0.00
2013.11.01 17:33:16.334,13.13562,13.13878,0.00,0.00
2013.11.01 17:33:19.240,13.13542,13.13828,0.00,0.00
2013.11.01 17:33:19.300,13.13517,13.13828,0.00,0.00
2013.11.01 17:33:19.360,13.13527,13.13848,0.00,0.00
2013.11.01 17:33:19.480,13.13537,13.13858,0.00,0.00
2013.11.01 17:33:19.840,13.13557,13.13877,0.00,0.00
2013.11.01 17:33:25.123,13.13537,13.13838,0.00,0.00
2013.11.01 17:33:25.180,13.13522,13.13838,0.00,0.00
2013.11.01 17:33:25.240,13.13517,13.13818,0.00,0.00
2013.11.01 17:33:25.389,13.13502,13.13818,0.00,0.00
2013.11.01 17:33:26.133,13.13492,13.13808,0.00,0.00
2013.11.01 17:33:27.758,13.13467,13.13778,0.00,0.00
2013.11.01 17:33:28.000,13.13497,13.13818,0.00,0.00
2013.11.01 17:33:33.097,13.13497,13.13757,0.00,0.00
2013.11.01 17:33:33.160,13.13482,13.13757,0.00,0.00
2013.11.01 17:33:33.220,13.13482,13.13788,0.00,0.00
2013.11.01 17:33:33.678,13.13452,13.13768,0.00,0.00
2013.11.01 17:33:33.860,13.13432,13.13748,0.00,0.00
2013.11.01 17:33:34.060,13.13422,13.13748,0.00,0.00
2013.11.01 17:33:34.136,13.13397,13.13748,0.00,0.00
2013.11.01 17:33:34.281,13.13382,13.13748,0.00,0.00
2013.11.01 17:33:34.340,13.13356,13.13648,0.00,0.00
2013.11.01 17:33:34.400,13.13327,13.13648,0.00,0.00
2013.11.01 17:33:34.460,13.13322,13.13648,0.00,0.00
2013.11.01 17:33:34.938,13.13337,13.13667,0.00,0.00
2013.11.01 17:33:35.242,13.13357,13.13678,0.00,0.00
2013.11.01 17:33:36.090,13.13352,13.13668,0.00,0.00
2013.11.01 17:33:36.270,13.13322,13.13648,0.00,0.00
2013.11.01 17:33:37.020,13.13357,13.13667,0.00,0.00
2013.11.01 17:33:37.080,13.13357,13.13678,0.00,0.00
2013.11.01 17:33:41.807,13.13367,13.13688,0.00,0.00
2013.11.01 17:33:42.440,13.13407,13.13714,0.00,0.00
2013.11.01 17:33:42.521,13.13407,13.13727,0.00,0.00
2013.11.01 17:33:45.140,13.13437,13.13727,0.00,0.00
2013.11.01 17:33:45.200,13.13437,13.13752,0.00,0.00
2013.11.01 17:33:45.260,13.13477,13.13767,0.00,0.00
2013.11.01 17:33:45.320,13.13477,13.13786,0.00,0.00
2013.11.01 17:33:45.540,13.13463,13.13778,0.00,0.00
2013.11.01 17:33:45.660,13.13434,13.13758,0.00,0.00
2013.11.01 17:33:45.720,13.13422,13.13758,0.00,0.00
2013.11.01 17:33:45.950,13.13437,13.13778,0.00,0.00
2013.11.01 17:33:49.981,13.13422,13.13758,0.00,0.00
2013.11.01 17:33:52.611,13.13437,13.13767,0.00,0.00
2013.11.01 17:33:54.878,13.13437,13.13735,0.00,0.00
2013.11.01 17:33:54.941,13.13402,13.13718,0.00,0.00
2013.11.01 17:33:56.338,13.13407,13.13728,0.00,0.00
2013.11.01 17:33:57.970,13.13392,13.13708,0.00,0.00
2013.11.01 17:34:01.691,13.13407,13.13728,0.00,0.00
2013.11.01 17:34:02.089,13.13387,13.13698,0.00,0.00
2013.11.01 17:34:02.271,13.13382,13.13698,0.00,0.00
2013.11.01 17:34:02.798,13.13397,13.13718,0.00,0.00
2013.11.01 17:34:04.504,13.13407,13.13728,0.00,0.00
2013.11.01 17:34:04.960,13.13447,13.13737,0.00,0.00
2013.11.01 17:34:05.020,13.13507,13.13828,0.00,0.00
2013.11.01 17:34:05.080,13.1354,13.13828,0.00,0.00
2013.11.01 17:34:05.140,13.13567,13.13858,0.00,0.00
2013.11.01 17:34:05.380,13.13542,13.13858,0.00,0.00
2013.11.01 17:34:05.500,13.13567,13.13858,0.00,0.00
2013.11.01 17:34:05.770,13.13552,13.13858,0.00,0.00
2013.11.01 17:34:10.619,13.13542,13.13858,0.00,0.00
2013.11.01 17:34:11.632,13.13567,13.13858,0.00,0.00
2013.11.01 17:34:12.290,13.13577,13.13887,0.00,0.00
2013.11.01 17:34:14.154,13.13572,13.13887,0.00,0.00
2013.11.01 17:34:14.361,13.13597,13.13887,0.00,0.00
2013.11.01 17:34:14.600,13.13627,13.13938,0.00,0.00
2013.11.01 17:34:14.660,13.13638,13.13948,0.00,0.00
2013.11.01 17:34:14.720,13.13657,13.13998,0.00,0.00
2013.11.01 17:34:15.780,13.13652,13.13958,0.00,0.00
2013.11.01 17:34:15.990,13.13657,13.13986,0.00,0.00
2013.11.01 17:34:16.180,13.13657,13.13988,0.00,0.00
2013.11.01 17:34:19.503,13.13677,13.13998,0.00,0.00
2013.11.01 17:34:19.809,13.13697,13.14017,0.00,0.00
2013.11.01 17:34:19.990,13.13717,13.14038,0.00,0.00
2013.11.01 17:34:20.050,13.13737,13.14056,0.00,0.00
2013.11.01 17:34:20.660,13.13737,13.14057,0.00,0.00
2013.11.01 17:34:21.730,13.13737,13.14058,0.00,0.00
2013.11.01 17:34:22.101,13.13777,13.14058,0.00,0.00
2013.11.01 17:34:22.451,13.13762,13.14058,0.00,0.00
2013.11.01 17:34:22.700,13.13738,13.14048,0.00,0.00
2013.11.01 17:34:22.800,13.13732,13.14048,0.00,0.00
2013.11.01 17:34:22.953,13.13747,13.14058,0.00,0.00
2013.11.01 17:34:26.011,13.13742,13.14058,0.00,0.00
2013.11.01 17:34:26.070,13.13747,13.14058,0.00,0.00
2013.11.01 17:34:27.331,13.13726,13.14038,0.00,0.00
2013.11.01 17:34:27.501,13.13722,13.14038,0.00,0.00
2013.11.01 17:34:27.641,13.13737,13.14058,0.00,0.00
2013.11.01 17:34:33.990,13.13747,13.14058,0.00,0.00
2013.11.01 17:34:35.508,13.13742,13.14058,0.00,0.00
2013.11.01 17:34:42.110,13.13747,13.14068,0.00,0.00
2013.11.01 17:34:42.450,13.13787,13.14108,0.00,0.00
2013.11.01 17:34:42.930,13.13807,13.14127,0.00,0.00
2013.11.01 17:34:43.198,13.13782,13.14098,0.00,0.00
2013.11.01 17:34:47.853,13.13807,13.14123,0.00,0.00
2013.11.01 17:34:47.910,13.13807,13.14128,0.00,0.00
2013.11.01 17:34:48.420,13.13802,13.14118,0.00,0.00
2013.11.01 17:34:50.410,13.13817,13.14138,0.00,0.00
2013.11.01 17:34:50.650,13.13827,13.14157,0.00,0.00
2013.11.01 17:34:50.860,13.13857,13.14157,0.00,0.00
2013.11.01 17:34:50.980,13.13867,13.14188,0.00,0.00
2013.11.01 17:34:51.040,13.13852,13.14168,0.00,0.00
2013.11.01 17:34:51.350,13.13832,13.14148,0.00,0.00
2013.11.01 17:34:51.950,13.13837,13.14158,0.00,0.00
2013.11.01 17:34:52.280,13.13832,13.14148,0.00,0.00
2013.11.01 17:34:53.480,13.13802,13.14138,0.00,0.00
2013.11.01 17:34:54.341,13.13817,13.14158,0.00,0.00
2013.11.01 17:34:57.187,13.13827,13.14164,0.00,0.00
2013.11.01 17:34:57.300,13.13822,13.14158,0.00,0.00
2013.11.01 17:34:57.850,13.13823,13.14158,0.00,0.00
2013.11.01 17:34:58.201,13.13887,13.14197,0.00,0.00
2013.11.01 17:34:59.509,13.13868,13.14128,0.00,0.00
2013.11.01 17:34:59.690,13.13786,13.14098,0.00,0.00
2013.11.01 17:34:59.750,13.13782,13.14098,0.00,0.00
2013.11.01 17:34:59.813,13.13763,13.14123,0.00,0.00
2013.11.01 17:34:59.940,13.13774,13.14139,0.00,0.00
2013.11.01 17:35:00.422,13.13787,13.14108,0.00,0.00
2013.11.01 17:35:00.780,13.13917,13.14215,0.00,0.00
2013.11.01 17:35:00.843,13.13917,13.14217,0.00,0.00
2013.11.01 17:35:01.290,13.13927,13.14217,0.00,0.00
2013.11.01 17:35:01.490,13.13977,13.14298,0.00,0.00
2013.11.01 17:35:01.550,13.13947,13.14238,0.00,0.00
2013.11.01 17:35:01.670,13.13922,13.14238,0.00,0.00
2013.11.01 17:35:01.747,13.13899,13.14208,0.00,0.00
2013.11.01 17:35:01.821,13.13892,13.14208,0.00,0.00
2013.11.01 17:35:02.149,13.13917,13.14237,0.00,0.00
2013.11.01 17:35:02.610,13.13892,13.14208,0.00,0.00
2013.11.01 17:35:03.481,13.13917,13.14233,0.00,0.00
2013.11.01 17:35:03.623,13.13917,13.14238,0.00,0.00
2013.11.01 17:35:03.869,13.13912,13.14228,0.00,0.00
2013.11.01 17:35:04.219,13.13902,13.14218,0.00,0.00
2013.11.01 17:35:04.550,13.13937,13.14258,0.00,0.00
2013.11.01 17:35:05.270,13.13937,13.14254,0.00,0.00
2013.11.01 17:35:05.330,13.13912,13.14228,0.00,0.00
2013.11.01 17:35:05.610,13.13927,13.14248,0.00,0.00
2013.11.01 17:35:05.931,13.13977,13.14278,0.00,0.00
2013.11.01 17:35:05.990,13.13977,13.14297,0.00,0.00
2013.11.01 17:35:06.541,13.13977,13.14298,0.00,0.00
2013.11.01 17:35:06.785,13.13971,13.14278,0.00,0.00
2013.11.01 17:35:06.840,13.13962,13.14278,0.00,0.00
2013.11.01 17:35:07.110,13.13967,13.14288,0.00,0.00
2013.11.01 17:35:07.493,13.13997,13.14287,0.00,0.00
2013.11.01 17:35:08.198,13.14017,13.14287,0.00,0.00
2013.11.01 17:35:08.320,13.14017,13.14337,0.00,0.00
2013.11.01 17:35:08.609,13.14002,13.14318,0.00,0.00
2013.11.01 17:35:09.431,13.14017,13.14337,0.00,0.00
2013.11.01 17:35:10.280,13.14017,13.14338,0.00,0.00
2013.11.01 17:35:10.640,13.14057,13.14377,0.00,0.00
2013.11.01 17:35:10.950,13.14097,13.14417,0.00,0.00
2013.11.01 17:35:11.344,13.14085,13.14398,0.00,0.00
2013.11.01 17:35:11.500,13.14082,13.14398,0.00,0.00
2013.11.01 17:35:11.560,13.14072,13.14388,0.00,0.00
2013.11.01 17:35:11.920,13.14077,13.14398,0.00,0.00
2013.11.01 17:35:12.210,13.14044,13.14368,0.00,0.00
2013.11.01 17:35:12.270,13.14042,13.14368,0.00,0.00
2013.11.01 17:35:12.469,13.14047,13.14378,0.00,0.00
2013.11.01 17:35:15.985,13.14057,13.14397,0.00,0.00
2013.11.01 17:35:16.100,13.14041,13.14368,0.00,0.00
2013.11.01 17:35:16.470,13.14032,13.14368,0.00,0.00
2013.11.01 17:35:17.011,13.14022,13.14358,0.00,0.00
2013.11.01 17:35:19.080,13.14047,13.14378,0.00,0.00
2013.11.01 17:35:19.141,13.14029,13.14368,0.00,0.00
2013.11.01 17:35:19.320,13.14022,13.14368,0.00,0.00
2013.11.01 17:35:24.303,13.14097,13.14391,0.00,0.00
2013.11.01 17:35:24.480,13.14097,13.14418,0.00,0.00
2013.11.01 17:35:24.720,13.14117,13.14435,0.00,0.00
2013.11.01 17:35:24.860,13.14117,13.14438,0.00,0.00
2013.11.01 17:35:24.920,13.14137,13.14455,0.00,0.00
2013.11.01 17:35:24.980,13.14137,13.14458,0.00,0.00
2013.11.01 17:35:25.111,13.14157,13.14475,0.00,0.00
2013.11.01 17:35:25.170,13.14157,13.14478,0.00,0.00
2013.11.01 17:35:25.940,13.14102,13.14458,0.00,0.00
2013.11.01 17:35:27.000,13.14117,13.14458,0.00,0.00
2013.11.01 17:35:27.357,13.14147,13.14468,0.00,0.00
2013.11.01 17:35:27.690,13.14167,13.14488,0.00,0.00
2013.11.01 17:35:29.061,13.14167,13.14487,0.00,0.00
2013.11.01 17:35:29.120,13.14135,13.14458,0.00,0.00
2013.11.01 17:35:29.240,13.14122,13.14458,0.00,0.00
2013.11.01 17:35:30.050,13.14137,13.14458,0.00,0.00
2013.11.01 17:35:30.361,13.14157,13.14478,0.00,0.00
2013.11.01 17:35:31.831,13.1414,13.14468,0.00,0.00
2013.11.01 17:35:31.970,13.14122,13.14468,0.00,0.00
2013.11.01 17:35:39.402,13.141,13.14348,0.00,0.00
2013.11.01 17:35:39.640,13.14012,13.14328,0.00,0.00
2013.11.01 17:35:42.450,13.14037,13.14345,0.00,0.00
2013.11.01 17:35:42.510,13.14037,13.14358,0.00,0.00
2013.11.01 17:35:44.882,13.14047,13.14368,0.00,0.00
2013.11.01 17:35:45.620,13.1403,13.14328,0.00,0.00
2013.11.01 17:35:45.680,13.14012,13.14328,0.00,0.00
2013.11.01 17:35:51.640,13.13992,13.14308,0.00,0.00
2013.11.01 17:35:53.140,13.13972,13.14288,0.00,0.00
2013.11.01 17:35:53.547,13.1395,13.14218,0.00,0.00
2013.11.01 17:35:53.660,13.13902,13.14187,0.00,0.00
2013.11.01 17:35:53.746,13.1388,13.14178,0.00,0.00
2013.11.01 17:35:53.831,13.13862,13.14178,0.00,0.00
2013.11.01 17:35:56.581,13.13862,13.14157,0.00,0.00
2013.11.01 17:35:56.640,13.13812,13.14128,0.00,0.00
2013.11.01 17:35:56.724,13.13792,13.14108,0.00,0.00
2013.11.01 17:35:57.150,13.13837,13.14125,0.00,0.00
2013.11.01 17:35:57.210,13.13837,13.14148,0.00,0.00
2013.11.01 17:35:57.270,13.13857,13.1417,0.00,0.00
2013.11.01 17:35:57.330,13.13857,13.14178,0.00,0.00
2013.11.01 17:35:57.642,13.13842,13.14158,0.00,0.00
2013.11.01 17:35:58.230,13.13822,13.14138,0.00,0.00
2013.11.01 17:35:58.855,13.13812,13.14128,0.00,0.00
2013.11.01 17:36:08.733,13.13792,13.14108,0.00,0.00
2013.11.01 17:36:09.191,13.13772,13.14088,0.00,0.00
2013.11.01 17:36:11.040,13.13754,13.14038,0.00,0.00
2013.11.01 17:36:11.100,13.1373,13.14038,0.00,0.00
2013.11.01 17:36:11.160,13.13695,13.13988,0.00,0.00
2013.11.01 17:36:11.280,13.13672,13.13988,0.00,0.00
2013.11.01 17:36:11.740,13.13697,13.14007,0.00,0.00
2013.11.01 17:36:11.860,13.13697,13.1401,0.00,0.00
2013.11.01 17:36:11.920,13.13697,13.14018,0.00,0.00
2013.11.01 17:36:12.040,13.13717,13.1404,0.00,0.00
2013.11.01 17:36:12.100,13.13682,13.13998,0.00,0.00
2013.11.01 17:36:16.868,13.13672,13.13988,0.00,0.00
2013.11.01 17:36:17.378,13.13707,13.14005,0.00,0.00
2013.11.01 17:36:17.640,13.13707,13.14027,0.00,0.00
2013.11.01 17:36:18.696,13.13692,13.14008,0.00,0.00
2013.11.01 17:36:21.050,13.13663,13.13978,0.00,0.00
2013.11.01 17:36:21.541,13.13667,13.13988,0.00,0.00
2013.11.01 17:36:25.725,13.13662,13.13978,0.00,0.00
2013.11.01 17:36:27.065,13.13667,13.13988,0.00,0.00
2013.11.01 17:36:28.044,13.13687,13.14008,0.00,0.00
2013.11.01 17:36:28.371,13.1367,13.13978,0.00,0.00
2013.11.01 17:36:28.550,13.13662,13.13978,0.00,0.00
2013.11.01 17:36:30.472,13.13687,13.14003,0.00,0.00
2013.11.01 17:36:30.663,13.13687,13.14008,0.00,0.00
2013.11.01 17:36:30.996,13.13674,13.13988,0.00,0.00
2013.11.01 17:36:31.140,13.13672,13.13988,0.00,0.00
2013.11.01 17:36:32.150,13.13677,13.13998,0.00,0.00
2013.11.01 17:36:32.933,13.13697,13.14018,0.00,0.00
2013.11.01 17:36:33.321,13.13682,13.13998,0.00,0.00
2013.11.01 17:36:33.670,13.13672,13.13988,0.00,0.00
2013.11.01 17:36:35.494,13.13687,13.14008,0.00,0.00
2013.11.01 17:36:35.810,13.13674,13.13988,0.00,0.00
2013.11.01 17:36:35.911,13.13672,13.13988,0.00,0.00
2013.11.01 17:36:37.154,13.13687,13.14008,0.00,0.00
2013.11.01 17:36:37.939,13.13674,13.13988,0.00,0.00
2013.11.01 17:36:38.022,13.13672,13.13988,0.00,0.00
2013.11.01 17:36:40.150,13.13687,13.14008,0.00,0.00
2013.11.01 17:36:40.480,13.13662,13.13978,0.00,0.00
2013.11.01 17:36:40.873,13.13677,13.13998,0.00,0.00
2013.11.01 17:36:44.900,13.13662,13.13978,0.00,0.00
2013.11.01 17:36:49.157,13.13687,13.14001,0.00,0.00
2013.11.01 17:36:49.210,13.13687,13.14008,0.00,0.00
2013.11.01 17:36:49.564,13.13669,13.13978,0.00,0.00
2013.11.01 17:36:49.651,13.13662,13.13978,0.00,0.00
2013.11.01 17:36:49.710,13.13677,13.13998,0.00,0.00
2013.11.01 17:36:50.054,13.13662,13.13978,0.00,0.00
2013.11.01 17:36:51.795,13.13687,13.14001,0.00,0.00
2013.11.01 17:36:51.891,13.13687,13.14008,0.00,0.00
2013.11.01 17:36:54.430,13.13697,13.14018,0.00,0.00
2013.11.01 17:36:55.100,13.13692,13.14008,0.00,0.00
2013.11.01 17:36:58.050,13.13693,13.14008,0.00,0.00
2013.11.01 17:36:58.110,13.13727,13.14048,0.00,0.00
2013.11.01 17:36:58.255,13.13757,13.14072,0.00,0.00
2013.11.01 17:36:58.310,13.13757,13.14078,0.00,0.00
2013.11.01 17:37:01.031,13.13777,13.14096,0.00,0.00
2013.11.01 17:37:01.121,13.13777,13.14098,0.00,0.00
2013.11.01 17:37:03.258,13.13764,13.14078,0.00,0.00
2013.11.01 17:37:03.341,13.13762,13.14078,0.00,0.00
2013.11.01 17:37:04.220,13.13752,13.14068,0.00,0.00
2013.11.01 17:37:04.610,13.13726,13.14048,0.00,0.00
2013.11.01 17:37:04.670,13.13722,13.14048,0.00,0.00
2013.11.01 17:37:04.960,13.13727,13.14058,0.00,0.00
2013.11.01 17:37:05.391,13.13722,13.14048,0.00,0.00
2013.11.01 17:37:06.151,13.13737,13.14068,0.00,0.00
2013.11.01 17:37:06.454,13.13722,13.14048,0.00,0.00
2013.11.01 17:37:06.790,13.13767,13.14088,0.00,0.00
2013.11.01 17:37:15.001,13.13762,13.14078,0.00,0.00
2013.11.01 17:37:16.634,13.13762,13.14077,0.00,0.00
2013.11.01 17:37:16.750,13.13722,13.14038,0.00,0.00
2013.11.01 17:37:16.870,13.13722,13.14027,0.00,0.00
2013.11.01 17:37:16.930,13.13701,13.14008,0.00,0.00
2013.11.01 17:37:16.990,13.13692,13.14008,0.00,0.00
2013.11.01 17:37:18.170,13.13682,13.13998,0.00,0.00
2013.11.01 17:37:18.641,13.13687,13.14008,0.00,0.00
2013.11.01 17:37:18.980,13.13682,13.13998,0.00,0.00
2013.11.01 17:37:22.240,13.13697,13.14018,0.00,0.00
2013.11.01 17:37:22.570,13.13682,13.13998,0.00,0.00
2013.11.01 17:37:23.144,13.13687,13.14008,0.00,0.00
2013.11.01 17:37:23.900,13.13682,13.13998,0.00,0.00
2013.11.01 17:37:25.820,13.13697,13.14018,0.00,0.00
2013.11.01 17:37:26.129,13.13692,13.14008,0.00,0.00
2013.11.01 17:37:26.505,13.13697,13.14018,0.00,0.00
2013.11.01 17:37:27.030,13.13747,13.14041,0.00,0.00
2013.11.01 17:37:27.090,13.13747,13.14068,0.00,0.00
2013.11.01 17:37:27.270,13.13721,13.14028,0.00,0.00
2013.11.01 17:37:27.451,13.13712,13.14028,0.00,0.00
2013.11.01 17:37:29.010,13.13717,13.14038,0.00,0.00
2013.11.01 17:37:31.981,13.13727,13.14048,0.00,0.00
2013.11.01 17:37:32.370,13.13737,13.14028,0.00,0.00
2013.11.01 17:37:32.521,13.13747,13.14051,0.00,0.00
2013.11.01 17:37:32.580,13.13747,13.14068,0.00,0.00
2013.11.01 17:37:33.084,13.13742,13.14058,0.00,0.00
2013.11.01 17:37:33.411,13.13712,13.14028,0.00,0.00
2013.11.01 17:37:35.131,13.13692,13.14008,0.00,0.00
2013.11.01 17:37:44.493,13.13697,13.14018,0.00,0.00
2013.11.01 17:37:48.018,13.13692,13.14008,0.00,0.00
2013.11.01 17:37:53.371,13.13737,13.14028,0.00,0.00
2013.11.01 17:37:53.590,13.13757,13.14078,0.00,0.00
2013.11.01 17:38:02.112,13.13742,13.14058,0.00,0.00
2013.11.01 17:38:02.726,13.13722,13.14038,0.00,0.00
2013.11.01 17:38:03.080,13.13682,13.13998,0.00,0.00
2013.11.01 17:38:03.961,13.13682,13.13998,0.00,0.00
2013.11.01 17:38:04.100,13.13737,13.14058,0.00,0.00
2013.11.01 17:38:04.160,13.13757,13.14078,0.00,0.00
2013.11.01 17:38:05.210,13.13752,13.14068,0.00,0.00
2013.11.01 17:38:05.677,13.13725,13.14038,0.00,0.00
2013.11.01 17:38:06.033,13.137,13.14008,0.00,0.00
2013.11.01 17:38:06.176,13.13692,13.14008,0.00,0.00
2013.11.01 17:38:08.120,13.13697,13.14018,0.00,0.00
2013.11.01 17:38:08.546,13.13724,13.14038,0.00,0.00
2013.11.01 17:38:08.702,13.13737,13.14058,0.00,0.00
2013.11.01 17:38:08.806,13.13747,13.14068,0.00,0.00
2013.11.01 17:38:11.170,13.13742,13.14058,0.00,0.00
2013.11.01 17:38:11.537,13.13712,13.14028,0.00,0.00
2013.11.01 17:38:13.450,13.13717,13.14038,0.00,0.00
2013.11.01 17:38:15.697,13.13737,13.14058,0.00,0.00
2013.11.01 17:38:16.072,13.13757,13.14078,0.00,0.00
2013.11.01 17:38:17.208,13.13752,13.14068,0.00,0.00
2013.11.01 17:38:21.955,13.13837,13.1409,0.00,0.00
2013.11.01 17:38:22.081,13.13837,13.14148,0.00,0.00
2013.11.01 17:38:22.210,13.13837,13.14158,0.00,0.00
2013.11.01 17:38:25.193,13.13848,13.14158,0.00,0.00
2013.11.01 17:38:25.250,13.13857,13.14178,0.00,0.00
2013.11.01 17:38:25.310,13.1387,13.14178,0.00,0.00
2013.11.01 17:38:25.370,13.13897,13.14218,0.00,0.00
2013.11.01 17:38:30.216,13.13882,13.14198,0.00,0.00
2013.11.01 17:38:35.496,13.13882,13.14147,0.00,0.00
2013.11.01 17:38:35.551,13.13855,13.14128,0.00,0.00
2013.11.01 17:38:35.770,13.13855,13.14098,0.00,0.00
2013.11.01 17:38:36.073,13.13782,13.14098,0.00,0.00
2013.11.01 17:38:38.012,13.13762,13.14078,0.00,0.00
2013.11.01 17:38:41.571,13.13777,13.14098,0.00,0.00
2013.11.01 17:38:45.761,13.13787,13.14108,0.00,0.00
2013.11.01 17:38:46.420,13.13797,13.14118,0.00,0.00
2013.11.01 17:38:54.051,13.13781,13.14068,0.00,0.00
2013.11.01 17:38:54.110,13.13752,13.14068,0.00,0.00
2013.11.01 17:38:55.184,13.13752,13.14037,0.00,0.00
2013.11.01 17:38:55.391,13.13672,13.13988,0.00,0.00
2013.11.01 17:38:58.660,13.13662,13.13978,0.00,0.00
2013.11.01 17:38:59.007,13.13667,13.13988,0.00,0.00
2013.11.01 17:39:12.772,13.13662,13.13978,0.00,0.00
2013.11.01 17:39:21.618,13.13667,13.13988,0.00,0.00
2013.11.01 17:39:23.455,13.13662,13.13978,0.00,0.00
2013.11.01 17:39:25.400,13.13667,13.13988,0.00,0.00
2013.11.01 17:39:31.850,13.13737,13.14008,0.00,0.00
2013.11.01 17:39:31.980,13.13747,13.14058,0.00,0.00
2013.11.01 17:39:32.490,13.13757,13.14058,0.00,0.00
2013.11.01 17:39:34.560,13.13752,13.14058,0.00,0.00
2013.11.01 17:39:37.330,13.13742,13.14058,0.00,0.00
2013.11.01 17:39:45.491,13.13742,13.14037,0.00,0.00
2013.11.01 17:39:45.681,13.13692,13.14008,0.00,0.00
2013.11.01 17:39:45.740,13.13672,13.13988,0.00,0.00
2013.11.01 17:40:00.325,13.13652,13.13958,0.00,0.00
2013.11.01 17:40:00.742,13.13652,13.13917,0.00,0.00
2013.11.01 17:40:00.813,13.13572,13.13888,0.00,0.00
2013.11.01 17:40:00.934,13.13552,13.13858,0.00,0.00
2013.11.01 17:40:01.151,13.13492,13.13808,0.00,0.00
2013.11.01 17:40:01.270,13.13537,13.1385,0.00,0.00
2013.11.01 17:40:01.451,13.13557,13.13878,0.00,0.00
2013.11.01 17:40:01.630,13.13557,13.13847,0.00,0.00
2013.11.01 17:40:01.690,13.13522,13.13838,0.00,0.00
2013.11.01 17:40:01.751,13.13512,13.13828,0.00,0.00
2013.11.01 17:40:02.110,13.13502,13.13818,0.00,0.00
2013.11.01 17:40:02.410,13.13402,13.13748,0.00,0.00
2013.11.01 17:40:02.558,13.13402,13.13728,0.00,0.00
2013.11.01 17:40:02.891,13.13497,13.13818,0.00,0.00
2013.11.01 17:40:03.220,13.13492,13.13808,0.00,0.00
2013.11.01 17:40:03.523,13.1344,13.13748,0.00,0.00
2013.11.01 17:40:03.581,13.13425,13.13748,0.00,0.00
2013.11.01 17:40:03.659,13.13422,13.13748,0.00,0.00
2013.11.01 17:40:03.720,13.13402,13.13718,0.00,0.00
2013.11.01 17:40:04.211,13.13382,13.13708,0.00,0.00
2013.11.01 17:40:04.450,13.13382,13.13695,0.00,0.00
2013.11.01 17:40:04.510,13.13362,13.13678,0.00,0.00
2013.11.01 17:40:05.611,13.13342,13.13658,0.00,0.00
2013.11.01 17:40:05.940,13.13282,13.13598,0.00,0.00
2013.11.01 17:40:06.270,13.13307,13.13628,0.00,0.00
2013.11.01 17:40:06.631,13.13347,13.13648,0.00,0.00
2013.11.01 17:40:06.830,13.13377,13.13697,0.00,0.00
2013.11.01 17:40:07.030,13.13364,13.13678,0.00,0.00
2013.11.01 17:40:07.090,13.13362,13.13678,0.00,0.00
2013.11.01 17:40:07.312,13.13377,13.13695,0.00,0.00
2013.11.01 17:40:07.421,13.13377,13.13698,0.00,0.00
2013.11.01 17:40:09.261,13.13362,13.13678,0.00,0.00
2013.11.01 17:40:09.937,13.13342,13.13658,0.00,0.00
2013.11.01 17:40:10.278,13.13322,13.13638,0.00,0.00
2013.11.01 17:40:11.282,13.13337,13.13658,0.00,0.00
2013.11.01 17:40:11.590,13.13322,13.13638,0.00,0.00
2013.11.01 17:40:11.982,13.13321,13.13588,0.00,0.00
2013.11.01 17:40:12.040,13.13272,13.13588,0.00,0.00
2013.11.01 17:40:14.271,13.13255,13.13568,0.00,0.00
2013.11.01 17:40:14.331,13.13252,13.13568,0.00,0.00
2013.11.01 17:40:15.421,13.13252,13.13517,0.00,0.00
2013.11.01 17:40:15.720,13.13092,13.13408,0.00,0.00
2013.11.01 17:40:15.782,13.13097,13.13418,0.00,0.00
2013.11.01 17:40:16.180,13.13092,13.13408,0.00,0.00
2013.11.01 17:40:16.481,13.13085,13.13398,0.00,0.00
2013.11.01 17:40:16.888,13.13137,13.13407,0.00,0.00
2013.11.01 17:40:17.130,13.13207,13.13507,0.00,0.00
2013.11.01 17:40:17.810,13.13207,13.13527,0.00,0.00
2013.11.01 17:40:22.541,13.13192,13.13508,0.00,0.00
2013.11.01 17:40:25.657,13.13207,13.13527,0.00,0.00
2013.11.01 17:40:26.162,13.13192,13.13508,0.00,0.00
2013.11.01 17:40:26.280,13.13182,13.13498,0.00,0.00
2013.11.01 17:40:29.113,13.13183,13.13498,0.00,0.00
2013.11.01 17:40:29.181,13.13187,13.13508,0.00,0.00
2013.11.01 17:40:29.301,13.13182,13.13458,0.00,0.00
2013.11.01 17:40:29.510,13.13112,13.13428,0.00,0.00
2013.11.01 17:40:29.690,13.13117,13.13438,0.00,0.00
2013.11.01 17:40:30.021,13.13102,13.13418,0.00,0.00
2013.11.01 17:40:30.350,13.13147,13.13458,0.00,0.00
2013.11.01 17:40:30.410,13.13122,13.13438,0.00,0.00
2013.11.01 17:40:30.491,13.13127,13.13448,0.00,0.00
2013.11.01 17:40:31.551,13.13122,13.13438,0.00,0.00
2013.11.01 17:40:32.070,13.13122,13.13387,0.00,0.00
2013.11.01 17:40:32.260,13.13022,13.13338,0.00,0.00
2013.11.01 17:40:32.920,13.13027,13.13348,0.00,0.00
2013.11.01 17:40:33.481,13.13027,13.13287,0.00,0.00
2013.11.01 17:40:33.540,13.13012,13.13287,0.00,0.00
2013.11.01 17:40:33.660,13.12957,13.13238,0.00,0.00
2013.11.01 17:40:33.720,13.12934,13.13237,0.00,0.00
2013.11.01 17:40:33.792,13.12922,13.13237,0.00,0.00
2013.11.01 17:40:34.911,13.12922,13.13238,0.00,0.00
2013.11.01 17:40:34.972,13.12937,13.13258,0.00,0.00
2013.11.01 17:40:37.503,13.12922,13.13238,0.00,0.00
2013.11.01 17:40:37.981,13.12927,13.13248,0.00,0.00
2013.11.01 17:40:38.619,13.12937,13.13258,0.00,0.00
2013.11.01 17:40:39.221,13.12932,13.13248,0.00,0.00
2013.11.01 17:40:40.750,13.12937,13.13258,0.00,0.00
2013.11.01 17:40:41.155,13.12967,13.13267,0.00,0.00
2013.11.01 17:40:41.211,13.12967,13.13287,0.00,0.00
2013.11.01 17:40:41.390,13.12977,13.13287,0.00,0.00
2013.11.01 17:40:41.571,13.12972,13.13287,0.00,0.00
2013.11.01 17:40:42.061,13.12987,13.13287,0.00,0.00
2013.11.01 17:40:42.171,13.12987,13.13308,0.00,0.00
2013.11.01 17:40:42.301,13.12972,13.13288,0.00,0.00
2013.11.01 17:40:42.699,13.12912,13.13228,0.00,0.00
2013.11.01 17:40:43.161,13.12917,13.13238,0.00,0.00
2013.11.01 17:40:43.782,13.12937,13.13258,0.00,0.00
2013.11.01 17:40:44.270,13.12912,13.13228,0.00,0.00
2013.11.01 17:40:47.429,13.12948,13.13228,0.00,0.00
2013.11.01 17:40:47.550,13.12977,13.13258,0.00,0.00
2013.11.01 17:40:47.734,13.12968,13.13228,0.00,0.00
2013.11.01 17:40:48.050,13.12882,13.13198,0.00,0.00
2013.11.01 17:40:48.142,13.12887,13.13208,0.00,0.00
2013.11.01 17:40:48.608,13.12882,13.13198,0.00,0.00
2013.11.01 17:40:48.928,13.12897,13.13218,0.00,0.00
2013.11.01 17:40:49.371,13.12869,13.13058,0.00,0.00
2013.11.01 17:40:49.430,13.12823,13.13052,0.00,0.00
2013.11.01 17:40:49.491,13.12702,13.13018,0.00,0.00
2013.11.01 17:40:49.551,13.12727,13.13048,0.00,0.00
2013.11.01 17:40:49.853,13.12722,13.13038,0.00,0.00
2013.11.01 17:40:50.181,13.12712,13.13028,0.00,0.00
2013.11.01 17:40:50.561,13.12717,13.13027,0.00,0.00
2013.11.01 17:40:50.862,13.12712,13.13027,0.00,0.00
2013.11.01 17:40:51.164,13.12727,13.13027,0.00,0.00
2013.11.01 17:40:51.220,13.12702,13.13018,0.00,0.00
2013.11.01 17:40:51.480,13.12684,13.12968,0.00,0.00
2013.11.01 17:40:51.567,13.12684,13.12998,0.00,0.00
2013.11.01 17:40:51.620,13.12682,13.12998,0.00,0.00
2013.11.01 17:40:51.801,13.12687,13.12958,0.00,0.00
2013.11.01 17:40:52.001,13.12682,13.12958,0.00,0.00
2013.11.01 17:40:52.682,13.12665,13.12958,0.00,0.00
2013.11.01 17:40:52.740,13.12652,13.12958,0.00,0.00
2013.11.01 17:40:52.800,13.12614,13.12928,0.00,0.00
2013.11.01 17:40:52.860,13.12612,13.12928,0.00,0.00
2013.11.01 17:40:52.988,13.12737,13.12948,0.00,0.00
2013.11.01 17:40:53.171,13.12777,13.13005,0.00,0.00
2013.11.01 17:40:53.241,13.12777,13.13058,0.00,0.00
2013.11.01 17:40:53.451,13.12768,13.13058,0.00,0.00
2013.11.01 17:40:53.511,13.12768,13.13027,0.00,0.00
2013.11.01 17:40:53.571,13.12742,13.13027,0.00,0.00
2013.11.01 17:40:53.692,13.12722,13.13027,0.00,0.00
2013.11.01 17:40:54.141,13.12707,13.12998,0.00,0.00
2013.11.01 17:40:54.200,13.12682,13.12998,0.00,0.00
2013.11.01 17:40:55.410,13.12665,13.12978,0.00,0.00
2013.11.01 17:40:55.531,13.12652,13.12968,0.00,0.00
2013.11.01 17:40:55.590,13.12632,13.12968,0.00,0.00
2013.11.01 17:40:55.841,13.12637,13.12978,0.00,0.00
2013.11.01 17:40:56.171,13.12697,13.12997,0.00,0.00
2013.11.01 17:40:56.350,13.12692,13.12997,0.00,0.00
2013.11.01 17:40:57.680,13.12692,13.13008,0.00,0.00
2013.11.01 17:40:57.741,13.12697,13.13018,0.00,0.00
2013.11.01 17:40:58.131,13.12777,13.13058,0.00,0.00
2013.11.01 17:40:59.035,13.12777,13.13047,0.00,0.00
2013.11.01 17:40:59.090,13.12742,13.13047,0.00,0.00
2013.11.01 17:40:59.210,13.12732,13.13047,0.00,0.00
2013.11.01 17:40:59.572,13.12757,13.13047,0.00,0.00
2013.11.01 17:40:59.710,13.12742,13.13058,0.00,0.00
2013.11.01 17:41:00.530,13.12742,13.13058,0.00,0.00
2013.11.01 17:41:00.990,13.12787,13.13058,0.00,0.00
2013.11.01 17:41:03.931,13.12907,13.13087,0.00,0.00
2013.11.01 17:41:03.990,13.12907,13.13227,0.00,0.00
2013.11.01 17:41:08.681,13.12907,13.13228,0.00,0.00
2013.11.01 17:41:09.360,13.12937,13.1325,0.00,0.00
2013.11.01 17:41:09.670,13.12957,13.13275,0.00,0.00
2013.11.01 17:41:09.753,13.12957,13.13277,0.00,0.00
2013.11.01 17:41:10.660,13.12987,13.13277,0.00,0.00
2013.11.01 17:41:10.721,13.13007,13.133,0.00,0.00
2013.11.01 17:41:10.780,13.13007,13.13317,0.00,0.00
2013.11.01 17:41:11.532,13.13007,13.13328,0.00,0.00
2013.11.01 17:41:11.591,13.13047,13.13365,0.00,0.00
2013.11.01 17:41:11.890,13.13065,13.13387,0.00,0.00
2013.11.01 17:41:11.950,13.1304,13.13387,0.00,0.00
2013.11.01 17:41:12.070,13.13022,13.13387,0.00,0.00
2013.11.01 17:41:15.122,13.13055,13.13387,0.00,0.00
2013.11.01 17:41:15.442,13.13087,13.13408,0.00,0.00
2013.11.01 17:41:15.931,13.13097,13.13417,0.00,0.00
2013.11.01 17:41:16.460,13.13097,13.13387,0.00,0.00
2013.11.01 17:41:16.951,13.13052,13.13378,0.00,0.00
2013.11.01 17:41:17.011,13.13057,13.13387,0.00,0.00
2013.11.01 17:41:17.900,13.13077,13.13387,0.00,0.00
2013.11.01 17:41:18.251,13.13087,13.13387,0.00,0.00
2013.11.01 17:41:18.651,13.13107,13.13387,0.00,0.00
2013.11.01 17:41:18.711,13.13107,13.13417,0.00,0.00
2013.11.01 17:41:18.772,13.13102,13.13387,0.00,0.00
2013.11.01 17:41:18.831,13.1309,13.13387,0.00,0.00
2013.11.01 17:41:18.962,13.13082,13.13387,0.00,0.00
2013.11.01 17:41:19.023,13.13052,13.13387,0.00,0.00
2013.11.01 17:41:19.550,13.13057,13.13387,0.00,0.00
2013.11.01 17:41:20.011,13.13042,13.13387,0.00,0.00
2013.11.01 17:41:20.579,13.13077,13.13387,0.00,0.00
2013.11.01 17:41:20.931,13.13107,13.13387,0.00,0.00
2013.11.01 17:41:21.653,13.13085,13.13387,0.00,0.00
2013.11.01 17:41:21.711,13.13082,13.13387,0.00,0.00
2013.11.01 17:41:22.011,13.13082,13.13398,0.00,0.00
2013.11.01 17:41:22.071,13.13107,13.13407,0.00,0.00
2013.11.01 17:41:22.351,13.1309,13.13398,0.00,0.00
2013.11.01 17:41:22.441,13.13082,13.13398,0.00,0.00
2013.11.01 17:41:24.178,13.13072,13.13388,0.00,0.00
2013.11.01 17:41:24.792,13.13097,13.13407,0.00,0.00
2013.11.01 17:41:24.851,13.13097,13.13418,0.00,0.00
2013.11.01 17:41:24.910,13.13107,13.13428,0.00,0.00
2013.11.01 17:41:25.322,13.13127,13.13448,0.00,0.00
2013.11.01 17:41:30.131,13.13127,13.13468,0.00,0.00
2013.11.01 17:41:30.600,13.13122,13.13448,0.00,0.00
2013.11.01 17:41:31.100,13.13127,13.13458,0.00,0.00
2013.11.01 17:41:32.121,13.13122,13.13448,0.00,0.00
2013.11.01 17:41:35.595,13.13103,13.13448,0.00,0.00
2013.11.01 17:41:35.777,13.13137,13.13473,0.00,0.00
2013.11.01 17:41:35.984,13.13137,13.13477,0.00,0.00
2013.11.01 17:41:36.301,13.13132,13.13477,0.00,0.00
2013.11.01 17:41:45.574,13.13132,13.13478,0.00,0.00
2013.11.01 17:41:45.631,13.13207,13.13528,0.00,0.00
2013.11.01 17:41:46.041,13.13217,13.13538,0.00,0.00
2013.11.01 17:41:46.442,13.13212,13.13528,0.00,0.00
2013.11.01 17:41:52.420,13.13227,13.13545,0.00,0.00
2013.11.01 17:41:52.502,13.13227,13.13548,0.00,0.00
2013.11.01 17:41:53.122,13.13247,13.13567,0.00,0.00
2013.11.01 17:41:55.161,13.13232,13.13548,0.00,0.00
2013.11.01 17:41:56.564,13.13212,13.13528,0.00,0.00
2013.11.01 17:41:56.880,13.13192,13.13508,0.00,0.00
2013.11.01 17:41:57.310,13.13172,13.13488,0.00,0.00
2013.11.01 17:41:59.360,13.13177,13.13498,0.00,0.00
2013.11.01 17:42:00.890,13.13182,13.13498,0.00,0.00
2013.11.01 17:42:01.190,13.13307,13.13628,0.00,0.00
2013.11.01 17:42:02.171,13.13302,13.13618,0.00,0.00
2013.11.01 17:42:02.643,13.13272,13.13588,0.00,0.00
2013.11.01 17:42:04.056,13.13262,13.13578,0.00,0.00
2013.11.01 17:42:04.362,13.13235,13.13518,0.00,0.00
2013.11.01 17:42:04.481,13.1322,13.13518,0.00,0.00
2013.11.01 17:42:04.540,13.13202,13.13518,0.00,0.00
2013.11.01 17:42:04.601,13.13182,13.13498,0.00,0.00
2013.11.01 17:42:09.416,13.1316,13.13458,0.00,0.00
2013.11.01 17:42:09.651,13.1307,13.13378,0.00,0.00
2013.11.01 17:42:09.782,13.13062,13.13378,0.00,0.00
2013.11.01 17:42:10.391,13.13067,13.13388,0.00,0.00
2013.11.01 17:42:13.195,13.13062,13.13378,0.00,0.00
2013.11.01 17:42:16.837,13.1307,13.13378,0.00,0.00
2013.11.01 17:42:16.890,13.13097,13.13407,0.00,0.00
2013.11.01 17:42:17.011,13.13082,13.13398,0.00,0.00
2013.11.01 17:42:20.285,13.13087,13.13407,0.00,0.00
2013.11.01 17:42:21.672,13.13087,13.13408,0.00,0.00
2013.11.01 17:42:24.124,13.13072,13.13388,0.00,0.00
2013.11.01 17:42:26.213,13.13087,13.13408,0.00,0.00
2013.11.01 17:42:28.394,13.13087,13.13402,0.00,0.00
2013.11.01 17:42:28.453,13.13062,13.13378,0.00,0.00
2013.11.01 17:42:31.312,13.13077,13.13398,0.00,0.00
2013.11.01 17:42:31.711,13.13087,13.13408,0.00,0.00
2013.11.01 17:42:32.308,13.13072,13.13388,0.00,0.00
2013.11.01 17:42:32.617,13.13077,13.13398,0.00,0.00
2013.11.01 17:42:33.228,13.13072,13.13388,0.00,0.00
2013.11.01 17:42:33.680,13.13042,13.13358,0.00,0.00
2013.11.01 17:42:37.372,13.13047,13.13358,0.00,0.00
2013.11.01 17:42:38.579,13.13088,13.13358,0.00,0.00
2013.11.01 17:42:38.641,13.13147,13.13468,0.00,0.00
2013.11.01 17:42:38.821,13.13167,13.13488,0.00,0.00
2013.11.01 17:42:39.641,13.13162,13.13478,0.00,0.00
2013.11.01 17:42:40.189,13.13167,13.13488,0.00,0.00
2013.11.01 17:42:40.597,13.13187,13.13508,0.00,0.00
2013.11.01 17:42:44.139,13.13172,13.13488,0.00,0.00
2013.11.01 17:42:51.999,13.13172,13.13477,0.00,0.00
2013.11.01 17:42:52.181,13.13076,13.13388,0.00,0.00
2013.11.01 17:42:52.321,13.13072,13.13388,0.00,0.00
2013.11.01 17:42:52.432,13.13062,13.13378,0.00,0.00
2013.11.01 17:42:53.437,13.13077,13.13398,0.00,0.00
2013.11.01 17:42:54.180,13.13072,13.13388,0.00,0.00
2013.11.01 17:42:54.491,13.13097,13.13418,0.00,0.00
2013.11.01 17:42:54.858,13.13077,13.13368,0.00,0.00
2013.11.01 17:42:54.981,13.13022,13.13338,0.00,0.00
2013.11.01 17:42:55.101,13.12992,13.13308,0.00,0.00
2013.11.01 17:42:56.890,13.12974,13.13238,0.00,0.00
2013.11.01 17:42:57.111,13.12902,13.13218,0.00,0.00
2013.11.01 17:42:57.391,13.12907,13.13228,0.00,0.00
2013.11.01 17:42:57.897,13.12892,13.13208,0.00,0.00
2013.11.01 17:42:59.213,13.12907,13.13228,0.00,0.00
2013.11.01 17:43:00.141,13.12885,13.13138,0.00,0.00
2013.11.01 17:43:00.201,13.12871,13.13138,0.00,0.00
2013.11.01 17:43:00.261,13.12871,13.13108,0.00,0.00
2013.11.01 17:43:00.321,13.12796,13.13108,0.00,0.00
2013.11.01 17:43:00.501,13.12792,13.13108,0.00,0.00
2013.11.01 17:43:00.629,13.12797,13.13118,0.00,0.00
2013.11.01 17:43:01.081,13.12792,13.13108,0.00,0.00
2013.11.01 17:43:01.421,13.12807,13.13125,0.00,0.00
2013.11.01 17:43:01.481,13.12792,13.13108,0.00,0.00
2013.11.01 17:43:03.482,13.12807,13.13125,0.00,0.00
2013.11.01 17:43:03.831,13.12703,13.13008,0.00,0.00
2013.11.01 17:43:04.254,13.12692,13.13008,0.00,0.00
2013.11.01 17:43:04.312,13.12707,13.13028,0.00,0.00
2013.11.01 17:43:06.671,13.12717,13.13038,0.00,0.00
2013.11.01 17:43:07.051,13.12705,13.13018,0.00,0.00
2013.11.01 17:43:07.111,13.12702,13.13018,0.00,0.00
2013.11.01 17:43:07.239,13.12707,13.13027,0.00,0.00
2013.11.01 17:43:07.740,13.12702,13.13018,0.00,0.00
2013.11.01 17:43:07.844,13.12707,13.13027,0.00,0.00
2013.11.01 17:43:07.981,13.12727,13.13048,0.00,0.00
2013.11.01 17:43:09.856,13.12757,13.13058,0.00,0.00
2013.11.01 17:43:09.971,13.12757,13.13077,0.00,0.00
2013.11.01 17:43:11.031,13.12742,13.13058,0.00,0.00
2013.11.01 17:43:11.211,13.12797,13.13088,0.00,0.00
2013.11.01 17:43:11.271,13.12797,13.13115,0.00,0.00
2013.11.01 17:43:11.331,13.12797,13.13118,0.00,0.00
2013.11.01 17:43:11.591,13.12782,13.13098,0.00,0.00
2013.11.01 17:43:11.970,13.12797,13.13118,0.00,0.00
2013.11.01 17:43:12.292,13.12772,13.13088,0.00,0.00
2013.11.01 17:43:12.611,13.12797,13.13118,0.00,0.00
2013.11.01 17:43:13.721,13.12807,13.13128,0.00,0.00
2013.11.01 17:43:14.203,13.12827,13.13148,0.00,0.00
2013.11.01 17:43:14.576,13.12897,13.13217,0.00,0.00
2013.11.01 17:43:14.805,13.12892,13.13208,0.00,0.00
2013.11.01 17:43:15.612,13.12872,13.13188,0.00,0.00
2013.11.01 17:43:15.915,13.12852,13.13168,0.00,0.00
2013.11.01 17:43:16.731,13.12857,13.13178,0.00,0.00
2013.11.01 17:43:17.128,13.12877,13.13198,0.00,0.00
2013.11.01 17:43:17.461,13.12782,13.13098,0.00,0.00
2013.11.01 17:43:19.751,13.12807,13.13107,0.00,0.00
2013.11.01 17:43:19.858,13.12807,13.13122,0.00,0.00
2013.11.01 17:43:19.921,13.12807,13.13127,0.00,0.00
2013.11.01 17:43:19.981,13.12848,13.13128,0.00,0.00
2013.11.01 17:43:20.101,13.12887,13.13208,0.00,0.00
2013.11.01 17:43:20.161,13.12937,13.1323,0.00,0.00
2013.11.01 17:43:20.281,13.12937,13.13267,0.00,0.00
2013.11.01 17:43:20.662,13.12932,13.13267,0.00,0.00
2013.11.01 17:43:20.969,13.12937,13.13267,0.00,0.00
2013.11.01 17:43:21.441,13.12932,13.13258,0.00,0.00
2013.11.01 17:43:21.582,13.12922,13.13248,0.00,0.00
2013.11.01 17:43:22.011,13.12927,13.13258,0.00,0.00
2013.11.01 17:43:23.451,13.12937,13.13267,0.00,0.00
2013.11.01 17:43:23.512,13.12932,13.13258,0.00,0.00
2013.11.01 17:43:23.821,13.12932,13.13248,0.00,0.00
2013.11.01 17:43:24.483,13.12922,13.13238,0.00,0.00
2013.11.01 17:43:24.832,13.12937,13.13258,0.00,0.00
2013.11.01 17:43:25.151,13.12782,13.13097,0.00,0.00
2013.11.01 17:43:25.500,13.12797,13.13097,0.00,0.00
2013.11.01 17:43:25.561,13.12782,13.13097,0.00,0.00
2013.11.01 17:43:27.581,13.12797,13.13097,0.00,0.00
2013.11.01 17:43:28.382,13.12775,13.13088,0.00,0.00
2013.11.01 17:43:28.459,13.12772,13.13088,0.00,0.00
2013.11.01 17:43:29.462,13.12797,13.13097,0.00,0.00
2013.11.01 17:43:29.661,13.12772,13.13088,0.00,0.00
2013.11.01 17:43:29.721,13.12775,13.13088,0.00,0.00
2013.11.01 17:43:29.781,13.12772,13.13088,0.00,0.00
2013.11.01 17:43:30.848,13.12772,13.13088,0.00,0.00
2013.11.01 17:43:31.233,13.12797,13.13097,0.00,0.00
2013.11.01 17:43:31.351,13.12797,13.13118,0.00,0.00
2013.11.01 17:43:31.411,13.12817,13.13151,0.00,0.00
2013.11.01 17:43:31.471,13.12817,13.13177,0.00,0.00
2013.11.01 17:43:35.588,13.12817,13.13157,0.00,0.00
2013.11.01 17:43:35.933,13.12812,13.13128,0.00,0.00
2013.11.01 17:43:39.931,13.12867,13.13146,0.00,0.00
2013.11.01 17:43:39.991,13.12867,13.13188,0.00,0.00
2013.11.01 17:43:40.206,13.12876,13.13188,0.00,0.00
2013.11.01 17:43:40.261,13.12897,13.13218,0.00,0.00
2013.11.01 17:43:40.321,13.12892,13.13208,0.00,0.00
2013.11.01 17:43:40.871,13.12862,13.13127,0.00,0.00
2013.11.01 17:43:41.061,13.12821,13.13127,0.00,0.00
2013.11.01 17:43:41.121,13.12812,13.13127,0.00,0.00
2013.11.01 17:43:43.838,13.12812,13.13097,0.00,0.00
2013.11.01 17:43:43.932,13.12792,13.13097,0.00,0.00
2013.11.01 17:43:44.051,13.12772,13.13088,0.00,0.00
2013.11.01 17:43:44.111,13.12772,13.13057,0.00,0.00
2013.11.01 17:43:44.181,13.12746,13.13048,0.00,0.00
2013.11.01 17:43:44.241,13.12732,13.13048,0.00,0.00
2013.11.01 17:43:44.781,13.12757,13.13057,0.00,0.00
2013.11.01 17:43:45.582,13.12742,13.13057,0.00,0.00
2013.11.01 17:43:45.911,13.12712,13.13028,0.00,0.00
2013.11.01 17:43:45.971,13.12727,13.13048,0.00,0.00
2013.11.01 17:43:47.482,13.12737,13.13057,0.00,0.00
2013.11.01 17:43:47.541,13.12732,13.13048,0.00,0.00
2013.11.01 17:43:47.891,13.12712,13.13028,0.00,0.00
2013.11.01 17:43:48.363,13.12737,13.13057,0.00,0.00
2013.11.01 17:43:50.561,13.12747,13.13057,0.00,0.00
2013.11.01 17:43:50.911,13.12712,13.13028,0.00,0.00
2013.11.01 17:43:52.922,13.12727,13.13048,0.00,0.00
2013.11.01 17:43:54.952,13.12737,13.13057,0.00,0.00
2013.11.01 17:43:55.511,13.12732,13.13048,0.00,0.00
2013.11.01 17:43:55.636,13.12737,13.13057,0.00,0.00
2013.11.01 17:43:56.511,13.12767,13.13078,0.00,0.00
2013.11.01 17:43:56.832,13.12767,13.13058,0.00,0.00
2013.11.01 17:43:56.891,13.12713,13.13028,0.00,0.00
2013.11.01 17:43:57.171,13.12727,13.13048,0.00,0.00
2013.11.01 17:43:57.261,13.12737,13.13054,0.00,0.00
2013.11.01 17:43:57.321,13.12737,13.13058,0.00,0.00
2013.11.01 17:43:58.275,13.12718,13.13028,0.00,0.00
2013.11.01 17:43:58.421,13.12712,13.13028,0.00,0.00
2013.11.01 17:43:58.780,13.12817,13.13053,0.00,0.00
2013.11.01 17:43:58.902,13.12817,13.13138,0.00,0.00
2013.11.01 17:43:59.212,13.12795,13.13108,0.00,0.00
2013.11.01 17:43:59.511,13.12736,13.13058,0.00,0.00
2013.11.01 17:43:59.571,13.12732,13.13058,0.00,0.00
2013.11.01 17:43:59.891,13.12737,13.13068,0.00,0.00
2013.11.01 17:44:00.561,13.12797,13.13093,0.00,0.00
2013.11.01 17:44:00.621,13.12797,13.13117,0.00,0.00
2013.11.01 17:44:01.356,13.12772,13.13088,0.00,0.00
2013.11.01 17:44:01.581,13.12772,13.13057,0.00,0.00
2013.11.01 17:44:01.711,13.12692,13.13008,0.00,0.00
2013.11.01 17:44:03.576,13.12682,13.12998,0.00,0.00
2013.11.01 17:44:06.441,13.12697,13.13018,0.00,0.00
2013.11.01 17:44:08.532,13.12707,13.13028,0.00,0.00
2013.11.01 17:44:10.925,13.12691,13.12948,0.00,0.00
2013.11.01 17:44:11.121,13.12612,13.12897,0.00,0.00
2013.11.01 17:44:11.529,13.12627,13.12897,0.00,0.00
2013.11.01 17:44:11.591,13.12627,13.12946,0.00,0.00
2013.11.01 17:44:11.751,13.12657,13.12947,0.00,0.00
2013.11.01 17:44:11.992,13.12657,13.12988,0.00,0.00
2013.11.01 17:44:12.051,13.12717,13.13006,0.00,0.00
2013.11.01 17:44:12.112,13.12717,13.13048,0.00,0.00
2013.11.01 17:44:12.946,13.12696,13.12998,0.00,0.00
2013.11.01 17:44:13.061,13.12662,13.12977,0.00,0.00
2013.11.01 17:44:19.239,13.12642,13.12977,0.00,0.00
2013.11.01 17:44:20.248,13.12642,13.12827,0.00,0.00
2013.11.01 17:44:20.381,13.12552,13.12827,0.00,0.00
2013.11.01 17:44:20.502,13.12542,13.12827,0.00,0.00
2013.11.01 17:44:20.621,13.12496,13.12798,0.00,0.00
2013.11.01 17:44:20.681,13.12496,13.12788,0.00,0.00
2013.11.01 17:44:20.921,13.12507,13.12828,0.00,0.00
2013.11.01 17:44:21.221,13.12547,13.12834,0.00,0.00
2013.11.01 17:44:21.341,13.12547,13.12868,0.00,0.00
2013.11.01 17:44:21.461,13.12607,13.12928,0.00,0.00
2013.11.01 17:44:22.011,13.12592,13.12888,0.00,0.00
2013.11.01 17:44:22.132,13.12572,13.12888,0.00,0.00
2013.11.01 17:44:22.421,13.12617,13.12938,0.00,0.00
2013.11.01 17:44:22.761,13.12657,13.12978,0.00,0.00
2013.11.01 17:44:23.111,13.12652,13.12968,0.00,0.00
2013.11.01 17:44:23.171,13.12637,13.12968,0.00,0.00
2013.11.01 17:44:23.285,13.12582,13.12968,0.00,0.00
2013.11.01 17:44:23.341,13.12607,13.12987,0.00,0.00
2013.11.01 17:44:23.891,13.12607,13.12957,0.00,0.00
2013.11.01 17:44:24.011,13.12592,13.12938,0.00,0.00
2013.11.01 17:44:24.705,13.12603,13.12938,0.00,0.00
2013.11.01 17:44:24.761,13.12617,13.12957,0.00,0.00
2013.11.01 17:44:26.801,13.12608,13.12938,0.00,0.00
2013.11.01 17:44:27.021,13.12602,13.12938,0.00,0.00
2013.11.01 17:44:27.811,13.12576,13.12878,0.00,0.00
2013.11.01 17:44:27.931,13.12562,13.12878,0.00,0.00
2013.11.01 17:44:28.019,13.12617,13.12896,0.00,0.00
2013.11.01 17:44:28.261,13.12627,13.12957,0.00,0.00
2013.11.01 17:44:28.457,13.12622,13.12948,0.00,0.00
2013.11.01 17:44:29.337,13.126,13.12828,0.00,0.00
2013.11.01 17:44:29.601,13.12489,13.12777,0.00,0.00
2013.11.01 17:44:29.661,13.12472,13.12777,0.00,0.00
2013.11.01 17:44:29.726,13.12472,13.12788,0.00,0.00
2013.11.01 17:44:29.794,13.12507,13.12828,0.00,0.00
2013.11.01 17:44:30.101,13.12482,13.12767,0.00,0.00
2013.11.01 17:44:30.431,13.12497,13.12767,0.00,0.00
2013.11.01 17:44:30.587,13.12497,13.12818,0.00,0.00
2013.11.01 17:44:30.701,13.12537,13.12837,0.00,0.00
2013.11.01 17:44:30.761,13.12522,13.12837,0.00,0.00
2013.11.01 17:44:30.881,13.12536,13.12837,0.00,0.00
2013.11.01 17:44:30.941,13.12522,13.12837,0.00,0.00
2013.11.01 17:44:31.061,13.12522,13.12807,0.00,0.00
2013.11.01 17:44:31.801,13.12502,13.12807,0.00,0.00
2013.11.01 17:44:35.481,13.12492,13.12807,0.00,0.00
2013.11.01 17:44:35.961,13.12507,13.12807,0.00,0.00
2013.11.01 17:44:37.841,13.12482,13.12798,0.00,0.00
2013.11.01 17:44:37.945,13.12472,13.12788,0.00,0.00
2013.11.01 17:44:38.281,13.12472,13.12783,0.00,0.00
2013.11.01 17:44:38.448,13.12442,13.12758,0.00,0.00
2013.11.01 17:44:38.561,13.12487,13.12777,0.00,0.00
2013.11.01 17:44:38.701,13.12487,13.12787,0.00,0.00
2013.11.01 17:44:38.772,13.12497,13.12787,0.00,0.00
2013.11.01 17:44:39.311,13.12497,13.12817,0.00,0.00
2013.11.01 17:44:39.371,13.12482,13.12798,0.00,0.00
2013.11.01 17:44:40.592,13.12487,13.12808,0.00,0.00
2013.11.01 17:44:46.371,13.12527,13.12828,0.00,0.00
2013.11.01 17:44:46.913,13.12537,13.12877,0.00,0.00
2013.11.01 17:44:47.657,13.12516,13.12868,0.00,0.00
2013.11.01 17:44:47.801,13.12512,13.12868,0.00,0.00
2013.11.01 17:44:48.962,13.12512,13.12857,0.00,0.00
2013.11.01 17:44:49.572,13.12502,13.12818,0.00,0.00
2013.11.01 17:44:50.103,13.12507,13.12828,0.00,0.00
2013.11.01 17:44:50.408,13.12507,13.12758,0.00,0.00
2013.11.01 17:44:50.521,13.12382,13.12698,0.00,0.00
2013.11.01 17:44:51.524,13.12387,13.12708,0.00,0.00
2013.11.01 17:44:52.901,13.12397,13.12718,0.00,0.00
2013.11.01 17:44:53.251,13.12392,13.12708,0.00,0.00
2013.11.01 17:44:54.764,13.12382,13.12698,0.00,0.00
2013.11.01 17:44:58.222,13.12397,13.12718,0.00,0.00
2013.11.01 17:45:01.431,13.12382,13.12698,0.00,0.00
2013.11.01 17:45:02.682,13.12387,13.12708,0.00,0.00
2013.11.01 17:45:03.062,13.12467,13.12788,0.00,0.00
2013.11.01 17:45:03.401,13.12452,13.12768,0.00,0.00
2013.11.01 17:45:03.741,13.12432,13.12748,0.00,0.00
2013.11.01 17:45:04.083,13.12447,13.12767,0.00,0.00
2013.11.01 17:45:05.746,13.12447,13.12737,0.00,0.00
2013.11.01 17:45:05.811,13.12402,13.12718,0.00,0.00
2013.11.01 17:45:06.121,13.12417,13.12738,0.00,0.00
2013.11.01 17:45:06.422,13.12412,13.12728,0.00,0.00
2013.11.01 17:45:09.545,13.12427,13.12745,0.00,0.00
2013.11.01 17:45:09.601,13.12427,13.12748,0.00,0.00
2013.11.01 17:45:09.781,13.12447,13.12766,0.00,0.00
2013.11.01 17:45:09.862,13.12447,13.12777,0.00,0.00
2013.11.01 17:45:10.151,13.12442,13.12768,0.00,0.00
2013.11.01 17:45:10.553,13.12432,13.12758,0.00,0.00
2013.11.01 17:45:13.082,13.12437,13.12777,0.00,0.00
2013.11.01 17:45:13.781,13.12447,13.12777,0.00,0.00
2013.11.01 17:45:14.390,13.12432,13.12758,0.00,0.00
2013.11.01 17:45:14.689,13.12437,13.12768,0.00,0.00
2013.11.01 17:45:15.341,13.12432,13.12748,0.00,0.00
2013.11.01 17:45:16.609,13.12405,13.12708,0.00,0.00
2013.11.01 17:45:16.731,13.12392,13.12708,0.00,0.00
2013.11.01 17:45:17.461,13.12392,13.12708,0.00,0.00
2013.11.01 17:45:17.522,13.12392,13.12708,0.00,0.00
2013.11.01 17:45:19.001,13.12382,13.12698,0.00,0.00
2013.11.01 17:45:22.021,13.12382,13.12658,0.00,0.00
2013.11.01 17:45:25.312,13.12417,13.12719,0.00,0.00
2013.11.01 17:45:25.371,13.12417,13.12738,0.00,0.00
2013.11.01 17:45:25.474,13.12395,13.12698,0.00,0.00
2013.11.01 17:45:25.591,13.12382,13.12698,0.00,0.00
2013.11.01 17:45:26.811,13.12387,13.12708,0.00,0.00
2013.11.01 17:45:28.016,13.12397,13.12717,0.00,0.00
2013.11.01 17:45:30.547,13.12397,13.12687,0.00,0.00
2013.11.01 17:45:30.601,13.1238,13.12678,0.00,0.00
2013.11.01 17:45:30.661,13.12362,13.12678,0.00,0.00
2013.11.01 17:45:30.891,13.12342,13.12658,0.00,0.00
2013.11.01 17:45:31.481,13.12332,13.12648,0.00,0.00
2013.11.01 17:45:31.866,13.12367,13.12688,0.00,0.00
2013.11.01 17:45:32.262,13.12292,13.12608,0.00,0.00
2013.11.01 17:45:32.686,13.12297,13.12618,0.00,0.00
2013.11.01 17:45:33.905,13.12292,13.12608,0.00,0.00
2013.11.01 17:45:34.308,13.12297,13.12614,0.00,0.00
2013.11.01 17:45:34.398,13.12297,13.12618,0.00,0.00
2013.11.01 17:45:34.451,13.12292,13.12608,0.00,0.00
2013.11.01 17:45:35.730,13.12297,13.12618,0.00,0.00
2013.11.01 17:45:37.281,13.12282,13.12598,0.00,0.00
2013.11.01 17:45:37.668,13.12317,13.12638,0.00,0.00
2013.11.01 17:45:38.269,13.12327,13.12648,0.00,0.00
2013.11.01 17:45:38.683,13.12312,13.12628,0.00,0.00
2013.11.01 17:45:39.021,13.12337,13.12658,0.00,0.00
2013.11.01 17:45:40.402,13.12357,13.12658,0.00,0.00
2013.11.01 17:45:42.002,13.12337,13.12648,0.00,0.00
2013.11.01 17:45:42.141,13.12332,13.12648,0.00,0.00
2013.11.01 17:45:44.536,13.12357,13.12658,0.00,0.00
2013.11.01 17:45:46.602,13.1231,13.12618,0.00,0.00
2013.11.01 17:45:46.781,13.12302,13.12618,0.00,0.00
2013.11.01 17:45:50.591,13.12317,13.12638,0.00,0.00
2013.11.01 17:45:51.311,13.12302,13.12618,0.00,0.00
2013.11.01 17:45:51.662,13.12327,13.12648,0.00,0.00
2013.11.01 17:45:52.063,13.12337,13.12658,0.00,0.00
2013.11.01 17:45:52.931,13.12322,13.12638,0.00,0.00
2013.11.01 17:45:57.561,13.12312,13.12628,0.00,0.00
2013.11.01 17:46:06.351,13.12327,13.12648,0.00,0.00
2013.11.01 17:46:06.711,13.12397,13.12718,0.00,0.00
2013.11.01 17:46:07.041,13.12382,13.12698,0.00,0.00
2013.11.01 17:46:07.372,13.12397,13.12718,0.00,0.00
2013.11.01 17:46:07.701,13.12417,13.12738,0.00,0.00
2013.11.01 17:46:08.361,13.12427,13.12748,0.00,0.00
2013.11.01 17:46:08.691,13.12408,13.12718,0.00,0.00
2013.11.01 17:46:08.751,13.12402,13.12718,0.00,0.00
2013.11.01 17:46:10.101,13.12382,13.12698,0.00,0.00
2013.11.01 17:46:10.752,13.12397,13.12718,0.00,0.00
2013.11.01 17:46:11.771,13.12407,13.12728,0.00,0.00
2013.11.01 17:46:12.101,13.12537,13.12767,0.00,0.00
2013.11.01 17:46:12.161,13.12537,13.1282,0.00,0.00
2013.11.01 17:46:12.221,13.12547,13.12858,0.00,0.00
2013.11.01 17:46:12.441,13.12567,13.12858,0.00,0.00
2013.11.01 17:46:12.627,13.12562,13.12858,0.00,0.00
2013.11.01 17:46:14.514,13.12567,13.12858,0.00,0.00
2013.11.01 17:46:15.435,13.12667,13.12902,0.00,0.00
2013.11.01 17:46:15.533,13.12667,13.12907,0.00,0.00
2013.11.01 17:46:15.591,13.12667,13.12988,0.00,0.00
2013.11.01 17:46:15.652,13.12677,13.12998,0.00,0.00
2013.11.01 17:46:15.991,13.12707,13.13028,0.00,0.00
2013.11.01 17:46:17.941,13.12717,13.13048,0.00,0.00
2013.11.01 17:46:18.431,13.12702,13.13008,0.00,0.00
2013.11.01 17:46:18.491,13.12692,13.13008,0.00,0.00
2013.11.01 17:46:18.632,13.12697,13.13018,0.00,0.00
2013.11.01 17:46:19.022,13.12707,13.13028,0.00,0.00
2013.11.01 17:46:22.831,13.12682,13.12998,0.00,0.00
2013.11.01 17:46:23.596,13.12697,13.13018,0.00,0.00
2013.11.01 17:46:24.002,13.12707,13.13028,0.00,0.00
2013.11.01 17:46:25.214,13.12682,13.12998,0.00,0.00
2013.11.01 17:46:26.671,13.1266,13.12938,0.00,0.00
2013.11.01 17:46:26.731,13.12645,13.12938,0.00,0.00
2013.11.01 17:46:26.891,13.12595,13.12908,0.00,0.00
2013.11.01 17:46:26.951,13.12592,13.12908,0.00,0.00
2013.11.01 17:46:27.351,13.12597,13.12918,0.00,0.00
2013.11.01 17:46:27.711,13.12607,13.12928,0.00,0.00
2013.11.01 17:46:28.543,13.12602,13.12918,0.00,0.00
2013.11.01 17:46:29.256,13.12602,13.12867,0.00,0.00
2013.11.01 17:46:29.350,13.12582,13.12858,0.00,0.00
2013.11.01 17:46:29.471,13.1256,13.12808,0.00,0.00
2013.11.01 17:46:29.531,13.125,13.12808,0.00,0.00
2013.11.01 17:46:29.591,13.12492,13.12808,0.00,0.00
2013.11.01 17:46:30.021,13.12507,13.12828,0.00,0.00
2013.11.01 17:46:31.613,13.12502,13.12818,0.00,0.00
2013.11.01 17:46:31.974,13.12507,13.12805,0.00,0.00
2013.11.01 17:46:32.031,13.12472,13.12788,0.00,0.00
2013.11.01 17:46:32.820,13.12445,13.12758,0.00,0.00
2013.11.01 17:46:32.881,13.12442,13.12758,0.00,0.00
2013.11.01 17:46:33.536,13.12422,13.12738,0.00,0.00
2013.11.01 17:46:33.891,13.12402,13.12718,0.00,0.00
2013.11.01 17:46:36.911,13.12352,13.12658,0.00,0.00
2013.11.01 17:46:37.217,13.12387,13.12658,0.00,0.00
2013.11.01 17:46:37.282,13.12372,13.12658,0.00,0.00
2013.11.01 17:46:37.382,13.12352,13.12658,0.00,0.00
2013.11.01 17:46:37.972,13.12357,13.12658,0.00,0.00
2013.11.01 17:46:38.472,13.12342,13.12658,0.00,0.00
2013.11.01 17:46:40.621,13.12357,13.12658,0.00,0.00
2013.11.01 17:46:44.662,13.12342,13.12658,0.00,0.00
2013.11.01 17:46:51.705,13.12357,13.12658,0.00,0.00
2013.11.01 17:46:53.012,13.12342,13.12658,0.00,0.00
2013.11.01 17:46:54.072,13.12397,13.12679,0.00,0.00
2013.11.01 17:46:54.697,13.12397,13.12703,0.00,0.00
2013.11.01 17:46:54.863,13.12397,13.12718,0.00,0.00
2013.11.01 17:46:55.702,13.12437,13.12758,0.00,0.00
2013.11.01 17:46:56.607,13.12416,13.12728,0.00,0.00
2013.11.01 17:46:56.722,13.12412,13.12728,0.00,0.00
2013.11.01 17:46:56.781,13.12412,13.12714,0.00,0.00
2013.11.01 17:46:56.841,13.12372,13.12688,0.00,0.00
2013.11.01 17:46:56.913,13.12387,13.12708,0.00,0.00
2013.11.01 17:47:00.431,13.12372,13.12688,0.00,0.00
2013.11.01 17:47:00.751,13.12387,13.12708,0.00,0.00
2013.11.01 17:47:01.811,13.12407,13.12726,0.00,0.00
2013.11.01 17:47:01.932,13.12407,13.12728,0.00,0.00
2013.11.01 17:47:02.052,13.12437,13.12758,0.00,0.00
2013.11.01 17:47:02.383,13.12432,13.12748,0.00,0.00
2013.11.01 17:47:02.818,13.12437,13.12758,0.00,0.00
2013.11.01 17:47:03.831,13.12432,13.12748,0.00,0.00
2013.11.01 17:47:04.227,13.1241,13.12718,0.00,0.00
2013.11.01 17:47:04.441,13.12417,13.12738,0.00,0.00
2013.11.01 17:47:04.530,13.12412,13.12728,0.00,0.00
2013.11.01 17:47:11.401,13.12427,13.12748,0.00,0.00
2013.11.01 17:47:11.721,13.12437,13.12758,0.00,0.00
2013.11.01 17:47:19.131,13.12432,13.12748,0.00,0.00
2013.11.01 17:47:21.344,13.12467,13.12773,0.00,0.00
2013.11.01 17:47:21.401,13.12467,13.12788,0.00,0.00
2013.11.01 17:47:22.255,13.12447,13.12748,0.00,0.00
2013.11.01 17:47:22.332,13.12432,13.12748,0.00,0.00
2013.11.01 17:47:25.492,13.12467,13.12758,0.00,0.00
2013.11.01 17:47:26.541,13.12497,13.12809,0.00,0.00
2013.11.01 17:47:26.661,13.12497,13.12818,0.00,0.00
2013.11.01 17:47:26.721,13.12547,13.12847,0.00,0.00
2013.11.01 17:47:26.841,13.12547,13.12858,0.00,0.00
2013.11.01 17:47:27.072,13.12567,13.12858,0.00,0.00
2013.11.01 17:47:28.461,13.12562,13.12858,0.00,0.00
2013.11.01 17:47:28.651,13.12577,13.12858,0.00,0.00
2013.11.01 17:47:30.480,13.12572,13.12858,0.00,0.00
2013.11.01 17:47:30.990,13.12587,13.12858,0.00,0.00
2013.11.01 17:47:31.111,13.12617,13.12907,0.00,0.00
2013.11.01 17:47:31.899,13.12617,13.12858,0.00,0.00
2013.11.01 17:47:32.051,13.12592,13.12858,0.00,0.00
2013.11.01 17:47:33.206,13.12617,13.12907,0.00,0.00
2013.11.01 17:47:33.506,13.12617,13.12938,0.00,0.00
2013.11.01 17:47:33.562,13.12637,13.12958,0.00,0.00
2013.11.01 17:47:33.881,13.12697,13.12975,0.00,0.00
2013.11.01 17:47:33.953,13.12697,13.13007,0.00,0.00
2013.11.01 17:47:36.071,13.12662,13.12858,0.00,0.00
2013.11.01 17:47:36.202,13.1266,13.12858,0.00,0.00
2013.11.01 17:47:36.261,13.12592,13.12858,0.00,0.00
2013.11.01 17:47:36.321,13.12563,13.12858,0.00,0.00
2013.11.01 17:47:36.474,13.12577,13.12858,0.00,0.00
2013.11.01 17:47:36.711,13.12597,13.12915,0.00,0.00
2013.11.01 17:47:36.872,13.12597,13.12918,0.00,0.00
2013.11.01 17:47:37.245,13.12597,13.12907,0.00,0.00
2013.11.01 17:47:37.594,13.12592,13.12907,0.00,0.00
2013.11.01 17:47:37.711,13.12582,13.12898,0.00,0.00
2013.11.01 17:47:38.015,13.12582,13.12887,0.00,0.00
2013.11.01 17:47:39.457,13.12587,13.12887,0.00,0.00
2013.11.01 17:47:39.992,13.12587,13.12827,0.00,0.00
2013.11.01 17:47:40.051,13.12555,13.12827,0.00,0.00
2013.11.01 17:47:40.182,13.12512,13.12827,0.00,0.00
2013.11.01 17:47:41.477,13.12512,13.12823,0.00,0.00
2013.11.01 17:47:41.712,13.12451,13.12778,0.00,0.00
2013.11.01 17:47:41.771,13.12442,13.12778,0.00,0.00
2013.11.01 17:47:42.085,13.12442,13.12757,0.00,0.00
2013.11.01 17:47:42.141,13.12422,13.12738,0.00,0.00
2013.11.01 17:47:43.312,13.12412,13.12728,0.00,0.00
2013.11.01 17:47:45.499,13.12392,13.12708,0.00,0.00
2013.11.01 17:47:46.019,13.12392,13.12707,0.00,0.00
2013.11.01 17:47:47.591,13.12407,13.12728,0.00,0.00
2013.11.01 17:47:51.582,13.12417,13.12737,0.00,0.00
2013.11.01 17:47:52.371,13.12417,13.12738,0.00,0.00
2013.11.01 17:47:52.579,13.12401,13.12757,0.00,0.00
2013.11.01 17:47:52.701,13.12427,13.12748,0.00,0.00
2013.11.01 17:47:53.083,13.12437,13.12758,0.00,0.00
2013.11.01 17:48:01.612,13.12432,13.12748,0.00,0.00
2013.11.01 17:48:02.060,13.12412,13.12728,0.00,0.00
2013.11.01 17:48:02.516,13.12427,13.12748,0.00,0.00
2013.11.01 17:48:02.930,13.12411,13.12718,0.00,0.00
2013.11.01 17:48:03.131,13.12402,13.12718,0.00,0.00
2013.11.01 17:48:08.831,13.12417,13.12738,0.00,0.00
2013.11.01 17:48:09.202,13.12427,13.12748,0.00,0.00
2013.11.01 17:48:11.043,13.12467,13.12757,0.00,0.00
2013.11.01 17:48:11.571,13.12467,13.12758,0.00,0.00
2013.11.01 17:48:15.996,13.12477,13.12758,0.00,0.00
2013.11.01 17:48:28.341,13.12462,13.12758,0.00,0.00
2013.11.01 17:48:28.461,13.12456,13.12748,0.00,0.00
2013.11.01 17:48:28.521,13.12444,13.12748,0.00,0.00
2013.11.01 17:48:28.581,13.12432,13.12748,0.00,0.00
2013.11.01 17:48:28.641,13.12487,13.12758,0.00,0.00
2013.11.01 17:48:36.431,13.12567,13.12831,0.00,0.00
2013.11.01 17:48:36.491,13.12567,13.12856,0.00,0.00
2013.11.01 17:48:36.551,13.12567,13.12858,0.00,0.00
2013.11.01 17:48:36.671,13.12677,13.12858,0.00,0.00
2013.11.01 17:48:37.041,13.12655,13.12858,0.00,0.00
2013.11.01 17:48:37.101,13.12652,13.12858,0.00,0.00
2013.11.01 17:48:37.161,13.12657,13.12858,0.00,0.00
2013.11.01 17:48:38.122,13.12657,13.12887,0.00,0.00
2013.11.01 17:48:38.641,13.12572,13.12858,0.00,0.00
2013.11.01 17:48:38.822,13.12577,13.12858,0.00,0.00
2013.11.01 17:48:38.881,13.12562,13.12858,0.00,0.00
2013.11.01 17:48:39.032,13.12577,13.12858,0.00,0.00
2013.11.01 17:48:40.542,13.12562,13.12858,0.00,0.00
2013.11.01 17:48:40.661,13.12577,13.12858,0.00,0.00
2013.11.01 17:48:41.439,13.12556,13.12858,0.00,0.00
2013.11.01 17:48:41.621,13.12542,13.12857,0.00,0.00
2013.11.01 17:48:41.681,13.12522,13.12838,0.00,0.00
2013.11.01 17:48:42.221,13.12522,13.12827,0.00,0.00
2013.11.01 17:48:42.779,13.12547,13.12827,0.00,0.00
2013.11.01 17:48:42.863,13.12547,13.12856,0.00,0.00
2013.11.01 17:48:42.921,13.12532,13.12848,0.00,0.00
2013.11.01 17:48:43.041,13.12567,13.12858,0.00,0.00
2013.11.01 17:48:43.371,13.12587,13.12858,0.00,0.00
2013.11.01 17:48:43.431,13.12597,13.12897,0.00,0.00
2013.11.01 17:48:49.372,13.12592,13.12897,0.00,0.00
2013.11.01 17:48:50.479,13.12582,13.12858,0.00,0.00
2013.11.01 17:48:50.580,13.1257,13.12858,0.00,0.00
2013.11.01 17:48:50.701,13.12562,13.12858,0.00,0.00
2013.11.01 17:49:03.465,13.12542,13.12848,0.00,0.00
2013.11.01 17:49:03.522,13.12532,13.12848,0.00,0.00
2013.11.01 17:49:03.581,13.12532,13.12807,0.00,0.00
2013.11.01 17:49:03.702,13.12516,13.12798,0.00,0.00
2013.11.01 17:49:04.019,13.12482,13.12798,0.00,0.00
2013.11.01 17:49:06.542,13.12472,13.12758,0.00,0.00
2013.11.01 17:49:06.801,13.12414,13.12728,0.00,0.00
2013.11.01 17:49:06.921,13.12412,13.12728,0.00,0.00
2013.11.01 17:49:08.552,13.12402,13.12718,0.00,0.00
2013.11.01 17:49:12.672,13.12402,13.12717,0.00,0.00
2013.11.01 17:49:16.542,13.12402,13.12718,0.00,0.00
2013.11.01 17:49:17.141,13.12417,13.12738,0.00,0.00
2013.11.01 17:49:17.681,13.12427,13.12757,0.00,0.00
2013.11.01 17:49:19.115,13.12457,13.12757,0.00,0.00
2013.11.01 17:49:19.183,13.12457,13.12778,0.00,0.00
2013.11.01 17:49:19.361,13.12487,13.12787,0.00,0.00
2013.11.01 17:49:19.951,13.12521,13.12787,0.00,0.00
2013.11.01 17:49:20.012,13.12547,13.12837,0.00,0.00
2013.11.01 17:49:20.072,13.12547,13.12858,0.00,0.00
2013.11.01 17:49:20.132,13.12567,13.12858,0.00,0.00
2013.11.01 17:49:21.321,13.12587,13.12887,0.00,0.00
2013.11.01 17:49:24.243,13.12587,13.12867,0.00,0.00
2013.11.01 17:49:24.421,13.12542,13.12858,0.00,0.00
2013.11.01 17:49:24.573,13.12542,13.12827,0.00,0.00
2013.11.01 17:49:24.632,13.12512,13.12827,0.00,0.00
2013.11.01 17:49:29.641,13.12527,13.12848,0.00,0.00
2013.11.01 17:49:33.711,13.12567,13.12877,0.00,0.00
2013.11.01 17:49:34.104,13.12587,13.12877,0.00,0.00
2013.11.01 17:49:34.583,13.12587,13.12837,0.00,0.00
2013.11.01 17:49:34.641,13.12566,13.12837,0.00,0.00
2013.11.01 17:49:34.701,13.12554,13.12837,0.00,0.00
2013.11.01 17:49:34.761,13.12554,13.12828,0.00,0.00
2013.11.01 17:49:34.821,13.12513,13.12828,0.00,0.00
2013.11.01 17:49:35.331,13.12512,13.12828,0.00,0.00
2013.11.01 17:49:38.718,13.12527,13.12837,0.00,0.00
2013.11.01 17:49:55.552,13.1251,13.12758,0.00,0.00
2013.11.01 17:49:55.611,13.12482,13.12758,0.00,0.00
2013.11.01 17:49:55.821,13.12462,13.12758,0.00,0.00
2013.11.01 17:49:55.941,13.12477,13.12758,0.00,0.00
2013.11.01 17:49:56.242,13.12487,13.12758,0.00,0.00
2013.11.01 17:49:56.571,13.12527,13.12831,0.00,0.00
2013.11.01 17:49:56.631,13.12527,13.12837,0.00,0.00
2013.11.01 17:49:58.749,13.12512,13.12828,0.00,0.00
2013.11.01 17:49:59.757,13.12512,13.12758,0.00,0.00
2013.11.01 17:49:59.891,13.12512,13.12828,0.00,0.00
2013.11.01 17:50:03.341,13.12527,13.12837,0.00,0.00
2013.11.01 17:50:09.575,13.12547,13.12837,0.00,0.00
2013.11.01 17:50:09.692,13.12547,13.12858,0.00,0.00
2013.11.01 17:50:10.991,13.12532,13.12848,0.00,0.00
2013.11.01 17:50:14.401,13.12547,13.12858,0.00,0.00
2013.11.01 17:50:14.711,13.12567,13.12877,0.00,0.00
2013.11.01 17:50:15.111,13.12587,13.12877,0.00,0.00
2013.11.01 17:50:16.281,13.12587,13.12897,0.00,0.00
2013.11.01 17:50:29.642,13.12597,13.12917,0.00,0.00
2013.11.01 17:50:33.767,13.12582,13.12898,0.00,0.00
2013.11.01 17:50:34.167,13.12587,13.12908,0.00,0.00
2013.11.01 17:50:38.329,13.12572,13.12858,0.00,0.00
2013.11.01 17:50:38.743,13.12597,13.12905,0.00,0.00
2013.11.01 17:50:38.852,13.12597,13.12917,0.00,0.00
2013.11.01 17:50:48.322,13.12582,13.12898,0.00,0.00
2013.11.01 17:50:48.425,13.12576,13.12858,0.00,0.00
2013.11.01 17:50:48.541,13.12564,13.12858,0.00,0.00
2013.11.01 17:50:48.601,13.12562,13.12858,0.00,0.00
2013.11.01 17:50:48.661,13.12542,13.12858,0.00,0.00
2013.11.01 17:50:48.961,13.12547,13.12876,0.00,0.00
2013.11.01 17:50:49.081,13.12547,13.12878,0.00,0.00
2013.11.01 17:50:49.141,13.12587,13.12907,0.00,0.00
2013.11.01 17:50:49.571,13.12607,13.12907,0.00,0.00
2013.11.01 17:50:53.982,13.12602,13.12907,0.00,0.00
2013.11.01 17:50:54.621,13.12575,13.12858,0.00,0.00
2013.11.01 17:50:54.681,13.12552,13.12858,0.00,0.00
2013.11.01 17:50:54.861,13.12552,13.12856,0.00,0.00
2013.11.01 17:50:54.921,13.12522,13.12838,0.00,0.00
2013.11.01 17:50:55.426,13.12522,13.12837,0.00,0.00
2013.11.01 17:50:56.001,13.12522,13.12838,0.00,0.00
2013.11.01 17:50:56.133,13.12527,13.12848,0.00,0.00
2013.11.01 17:51:03.141,13.12522,13.12838,0.00,0.00
2013.11.01 17:51:04.201,13.12522,13.12837,0.00,0.00
2013.11.01 17:51:10.391,13.12522,13.12838,0.00,0.00
2013.11.01 17:51:10.721,13.12537,13.12857,0.00,0.00
2013.11.01 17:51:11.107,13.12547,13.12857,0.00,0.00
2013.11.01 17:51:15.613,13.12531,13.12838,0.00,0.00
2013.11.01 17:51:15.792,13.12522,13.12837,0.00,0.00
2013.11.01 17:51:17.040,13.12502,13.12818,0.00,0.00
2013.11.01 17:51:17.161,13.12495,13.12808,0.00,0.00
2013.11.01 17:51:17.221,13.12492,13.12808,0.00,0.00
2013.11.01 17:51:17.345,13.12497,13.12817,0.00,0.00
2013.11.01 17:51:25.265,13.12507,13.12817,0.00,0.00
2013.11.01 17:51:25.391,13.12507,13.12828,0.00,0.00
2013.11.01 17:51:25.511,13.12502,13.12818,0.00,0.00
2013.11.01 17:51:30.451,13.12492,13.12797,0.00,0.00
2013.11.01 17:51:34.201,13.12471,13.12758,0.00,0.00
2013.11.01 17:51:34.339,13.12462,13.12758,0.00,0.00
2013.11.01 17:51:34.408,13.12442,13.12758,0.00,0.00
2013.11.01 17:51:42.172,13.12467,13.12758,0.00,0.00
2013.11.01 17:51:42.718,13.12497,13.12806,0.00,0.00
2013.11.01 17:51:42.771,13.12497,13.12817,0.00,0.00
2013.11.01 17:51:43.761,13.12497,13.12797,0.00,0.00
2013.11.01 17:51:44.111,13.12442,13.12758,0.00,0.00
2013.11.01 17:51:47.893,13.12537,13.12776,0.00,0.00
2013.11.01 17:51:48.202,13.12567,13.12776,0.00,0.00
2013.11.01 17:51:48.262,13.12567,13.12858,0.00,0.00
2013.11.01 17:51:48.322,13.12587,13.12887,0.00,0.00
2013.11.01 17:51:48.410,13.12582,13.12858,0.00,0.00
2013.11.01 17:51:48.918,13.12587,13.12887,0.00,0.00
2013.11.01 17:51:51.455,13.12572,13.12858,0.00,0.00
2013.11.01 17:51:51.631,13.12542,13.12857,0.00,0.00
2013.11.01 17:51:51.691,13.12516,13.12818,0.00,0.00
2013.11.01 17:51:51.751,13.12502,13.12818,0.00,0.00
2013.11.01 17:51:54.431,13.12482,13.12758,0.00,0.00
2013.11.01 17:51:54.491,13.12462,13.12758,0.00,0.00
2013.11.01 17:51:54.611,13.12442,13.12758,0.00,0.00
2013.11.01 17:51:55.232,13.12457,13.12776,0.00,0.00
2013.11.01 17:51:55.613,13.12487,13.12797,0.00,0.00
2013.11.01 17:51:57.602,13.12507,13.12797,0.00,0.00
2013.11.01 17:51:57.661,13.12507,13.12826,0.00,0.00
2013.11.01 17:51:58.453,13.12507,13.12827,0.00,0.00
2013.11.01 17:52:02.395,13.12492,13.12808,0.00,0.00
2013.11.01 17:52:09.701,13.12472,13.12788,0.00,0.00
2013.11.01 17:52:10.015,13.12471,13.12768,0.00,0.00
2013.11.01 17:52:10.072,13.12452,13.12768,0.00,0.00
2013.11.01 17:52:11.540,13.12467,13.12787,0.00,0.00
2013.11.01 17:52:11.881,13.12487,13.12807,0.00,0.00
2013.11.01 17:52:24.531,13.12487,13.12806,0.00,0.00
2013.11.01 17:52:25.093,13.12487,13.12807,0.00,0.00
2013.11.01 17:52:25.417,13.12497,13.12807,0.00,0.00
2013.11.01 17:52:30.211,13.12497,13.12818,0.00,0.00
2013.11.01 17:52:30.271,13.12527,13.12841,0.00,0.00
2013.11.01 17:52:30.611,13.12547,13.12858,0.00,0.00
2013.11.01 17:52:33.068,13.12532,13.12848,0.00,0.00
2013.11.01 17:52:33.778,13.12567,13.12858,0.00,0.00
2013.11.01 17:52:33.991,13.12562,13.12858,0.00,0.00
2013.11.01 17:52:34.182,13.12542,13.12858,0.00,0.00
2013.11.01 17:52:34.611,13.12587,13.12858,0.00,0.00
2013.11.01 17:52:39.528,13.12607,13.12917,0.00,0.00
2013.11.01 17:52:39.642,13.12627,13.12948,0.00,0.00
2013.11.01 17:52:39.762,13.12637,13.12958,0.00,0.00
2013.11.01 17:52:40.083,13.12677,13.12997,0.00,0.00
2013.11.01 17:52:41.162,13.12672,13.12988,0.00,0.00
2013.11.01 17:52:41.453,13.12677,13.12997,0.00,0.00
2013.11.01 17:52:42.241,13.12672,13.12988,0.00,0.00
2013.11.01 17:52:45.019,13.12677,13.12997,0.00,0.00
2013.11.01 17:52:46.585,13.12672,13.12988,0.00,0.00
2013.11.01 17:52:46.701,13.12652,13.12958,0.00,0.00
2013.11.01 17:52:47.002,13.12625,13.12938,0.00,0.00
2013.11.01 17:52:47.062,13.12622,13.12938,0.00,0.00
2013.11.01 17:52:47.121,13.12637,13.12958,0.00,0.00
2013.11.01 17:52:47.634,13.12667,13.12958,0.00,0.00
2013.11.01 17:52:47.705,13.12677,13.12997,0.00,0.00
2013.11.01 17:52:47.822,13.12661,13.12968,0.00,0.00
2013.11.01 17:52:47.881,13.12652,13.12968,0.00,0.00
2013.11.01 17:52:51.412,13.12652,13.12967,0.00,0.00
2013.11.01 17:52:51.471,13.12627,13.12938,0.00,0.00
2013.11.01 17:52:51.531,13.12622,13.12938,0.00,0.00
2013.11.01 17:53:01.902,13.12602,13.12918,0.00,0.00
2013.11.01 17:53:10.132,13.12562,13.12838,0.00,0.00
2013.11.01 17:53:10.191,13.12527,13.12838,0.00,0.00
2013.11.01 17:53:10.371,13.12547,13.12858,0.00,0.00
2013.11.01 17:53:10.523,13.12527,13.12838,0.00,0.00
2013.11.01 17:53:10.672,13.12522,13.12838,0.00,0.00
2013.11.01 17:53:15.352,13.12577,13.12861,0.00,0.00
2013.11.01 17:53:15.412,13.12577,13.12886,0.00,0.00
2013.11.01 17:53:15.472,13.12577,13.12898,0.00,0.00
2013.11.01 17:53:15.545,13.12607,13.12921,0.00,0.00
2013.11.01 17:53:15.662,13.12607,13.12927,0.00,0.00
2013.11.01 17:53:16.248,13.12607,13.12928,0.00,0.00
2013.11.01 17:53:16.312,13.12637,13.12958,0.00,0.00
2013.11.01 17:53:17.102,13.12687,13.13007,0.00,0.00
2013.11.01 17:53:17.921,13.12707,13.13007,0.00,0.00
2013.11.01 17:53:26.342,13.12707,13.13028,0.00,0.00
2013.11.01 17:53:26.522,13.12717,13.13038,0.00,0.00
2013.11.01 17:53:27.044,13.12737,13.13058,0.00,0.00
2013.11.01 17:53:28.122,13.12737,13.13057,0.00,0.00
2013.11.01 17:53:28.241,13.12722,13.13038,0.00,0.00
2013.11.01 17:53:28.916,13.12702,13.13018,0.00,0.00
2013.11.01 17:53:29.571,13.12692,13.12958,0.00,0.00
2013.11.01 17:53:29.701,13.12681,13.12958,0.00,0.00
2013.11.01 17:53:29.822,13.12642,13.12958,0.00,0.00
2013.11.01 17:53:30.073,13.12622,13.12938,0.00,0.00
2013.11.01 17:53:32.941,13.12637,13.12956,0.00,0.00
2013.11.01 17:53:33.062,13.12637,13.12958,0.00,0.00
2013.11.01 17:53:53.293,13.12647,13.12968,0.00,0.00
2013.11.01 17:53:53.612,13.12697,13.12997,0.00,0.00
2013.11.01 17:53:57.229,13.12717,13.12997,0.00,0.00
2013.11.01 17:53:57.282,13.12717,13.13027,0.00,0.00
2013.11.01 17:54:05.673,13.12702,13.13018,0.00,0.00
2013.11.01 17:54:09.379,13.12702,13.12958,0.00,0.00
2013.11.01 17:54:09.829,13.12682,13.12958,0.00,0.00
2013.11.01 17:54:13.152,13.12656,13.12958,0.00,0.00
2013.11.01 17:54:13.212,13.12642,13.12958,0.00,0.00
2013.11.01 17:54:15.522,13.12707,13.13028,0.00,0.00
2013.11.01 17:54:15.891,13.12727,13.13047,0.00,0.00
2013.11.01 17:54:16.072,13.12737,13.13058,0.00,0.00
2013.11.01 17:54:16.132,13.12712,13.13028,0.00,0.00
2013.11.01 17:54:16.476,13.12682,13.12998,0.00,0.00
2013.11.01 17:54:16.976,13.12697,13.13018,0.00,0.00
2013.11.01 17:54:17.742,13.12685,13.12948,0.00,0.00
2013.11.01 17:54:17.802,13.12632,13.12948,0.00,0.00
2013.11.01 17:54:30.677,13.12657,13.12958,0.00,0.00
2013.11.01 17:54:30.916,13.12747,13.13058,0.00,0.00
2013.11.01 17:54:31.101,13.12757,13.13058,0.00,0.00
2013.11.01 17:54:31.542,13.12752,13.13058,0.00,0.00
2013.11.01 17:54:31.602,13.12764,13.13058,0.00,0.00
2013.11.01 17:54:31.751,13.12752,13.13058,0.00,0.00
2013.11.01 17:54:31.812,13.12787,13.13091,0.00,0.00
2013.11.01 17:54:31.903,13.12752,13.13058,0.00,0.00
2013.11.01 17:54:32.022,13.12752,13.13058,0.00,0.00
2013.11.01 17:54:32.115,13.12752,13.13058,0.00,0.00
2013.11.01 17:54:32.552,13.12787,13.13091,0.00,0.00
2013.11.01 17:54:32.612,13.12787,13.13103,0.00,0.00
2013.11.01 17:54:32.672,13.12787,13.13108,0.00,0.00
2013.11.01 17:54:33.033,13.12782,13.13098,0.00,0.00
2013.11.01 17:54:33.371,13.12756,13.13058,0.00,0.00
2013.11.01 17:54:33.432,13.12745,13.13058,0.00,0.00
2013.11.01 17:54:33.525,13.12742,13.13058,0.00,0.00
2013.11.01 17:54:41.838,13.12742,13.13037,0.00,0.00
2013.11.01 17:54:41.892,13.12715,13.13018,0.00,0.00
2013.11.01 17:54:41.952,13.12702,13.13018,0.00,0.00
2013.11.01 17:54:42.132,13.12683,13.12978,0.00,0.00
2013.11.01 17:54:42.225,13.12683,13.12988,0.00,0.00
2013.11.01 17:54:42.365,13.12697,13.13018,0.00,0.00
2013.11.01 17:54:42.482,13.12683,13.13037,0.00,0.00
2013.11.01 17:54:42.622,13.12642,13.13,0.00,0.00
2013.11.01 17:54:43.033,13.12672,13.13037,0.00,0.00
2013.11.01 17:54:43.153,13.1266,13.1302,0.00,0.00
2013.11.01 17:54:43.612,13.12687,13.13008,0.00,0.00
2013.11.01 17:54:43.933,13.12707,13.13028,0.00,0.00
2013.11.01 17:54:44.337,13.12702,13.13018,0.00,0.00
2013.11.01 17:54:45.844,13.12683,13.12998,0.00,0.00
2013.11.01 17:54:46.077,13.12697,13.13018,0.00,0.00
2013.11.01 17:54:48.167,13.12682,13.12998,0.00,0.00
2013.11.01 17:54:49.089,13.12672,13.12998,0.00,0.00
2013.11.01 17:54:49.242,13.12663,13.12938,0.00,0.00
2013.11.01 17:54:49.302,13.12633,13.12938,0.00,0.00
2013.11.01 17:54:49.363,13.12625,13.12938,0.00,0.00
2013.11.01 17:54:49.422,13.12622,13.12938,0.00,0.00
2013.11.01 17:54:49.482,13.12602,13.12918,0.00,0.00
2013.11.01 17:54:51.677,13.12582,13.12898,0.00,0.00
2013.11.01 17:54:51.983,13.12737,13.12915,0.00,0.00
2013.11.01 17:54:52.042,13.12737,13.12947,0.00,0.00
2013.11.01 17:54:52.102,13.12747,13.13025,0.00,0.00
2013.11.01 17:54:52.162,13.12747,13.13058,0.00,0.00
2013.11.01 17:54:57.322,13.12777,13.13058,0.00,0.00
2013.11.01 17:54:57.382,13.12753,13.13058,0.00,0.00
2013.11.01 17:54:57.732,13.12777,13.13092,0.00,0.00
2013.11.01 17:54:57.912,13.12787,13.13108,0.00,0.00
2013.11.01 17:54:58.833,13.12857,13.1313,0.00,0.00
2013.11.01 17:54:58.892,13.12857,13.13158,0.00,0.00
2013.11.01 17:54:58.952,13.12842,13.13158,0.00,0.00
2013.11.01 17:54:59.072,13.12822,13.13138,0.00,0.00
2013.11.01 17:54:59.621,13.12802,13.13118,0.00,0.00
2013.11.01 17:55:00.802,13.12837,13.13158,0.00,0.00
2013.11.01 17:55:04.772,13.12822,13.13138,0.00,0.00
2013.11.01 17:55:05.086,13.12802,13.13118,0.00,0.00
2013.11.01 17:55:07.244,13.12782,13.13098,0.00,0.00
2013.11.01 17:55:07.660,13.12752,13.13058,0.00,0.00
2013.11.01 17:55:16.079,13.12767,13.13085,0.00,0.00
2013.11.01 17:55:16.235,13.12767,13.13088,0.00,0.00
2013.11.01 17:55:16.687,13.12748,13.13058,0.00,0.00
2013.11.01 17:55:16.775,13.12742,13.13058,0.00,0.00
2013.11.01 17:55:25.732,13.12747,13.13058,0.00,0.00
2013.11.01 17:55:32.189,13.12777,13.13058,0.00,0.00
2013.11.01 17:55:32.342,13.12762,13.13058,0.00,0.00
2013.11.01 17:55:33.603,13.12762,13.13058,0.00,0.00
2013.11.01 17:55:33.662,13.12797,13.13118,0.00,0.00
2013.11.01 17:55:36.174,13.12752,13.13058,0.00,0.00
2013.11.01 17:55:56.357,13.12742,13.13058,0.00,0.00
2013.11.01 17:56:03.402,13.12747,13.13058,0.00,0.00
2013.11.01 17:56:04.096,13.12742,13.13058,0.00,0.00
2013.11.01 17:56:06.543,13.12767,13.13075,0.00,0.00
2013.11.01 17:56:06.602,13.12767,13.13088,0.00,0.00
2013.11.01 17:56:06.662,13.12787,13.13108,0.00,0.00
2013.11.01 17:56:08.612,13.12837,13.13158,0.00,0.00
2013.11.01 17:56:10.223,13.12857,13.13176,0.00,0.00
2013.11.01 17:56:10.402,13.12857,13.13178,0.00,0.00
2013.11.01 17:56:13.156,13.12887,13.132,0.00,0.00
2013.11.01 17:56:13.392,13.12897,13.13218,0.00,0.00
2013.11.01 17:56:15.877,13.12927,13.13235,0.00,0.00
2013.11.01 17:56:16.052,13.12927,13.13246,0.00,0.00
2013.11.01 17:56:16.112,13.12927,13.13258,0.00,0.00
2013.11.01 17:56:16.179,13.12967,13.13279,0.00,0.00
2013.11.01 17:56:16.232,13.12967,13.13288,0.00,0.00
2013.11.01 17:56:16.292,13.12977,13.13298,0.00,0.00
2013.11.01 17:56:17.482,13.12972,13.13288,0.00,0.00
2013.11.01 17:56:25.802,13.12977,13.13298,0.00,0.00
2013.11.01 17:56:28.712,13.13007,13.13322,0.00,0.00
2013.11.01 17:56:28.833,13.13007,13.13328,0.00,0.00
2013.11.01 17:56:28.952,13.13027,13.13348,0.00,0.00
2013.11.01 17:56:32.745,13.13037,13.13358,0.00,0.00
2013.11.01 17:56:33.090,13.13067,13.1338,0.00,0.00
2013.11.01 17:56:33.152,13.13042,13.13358,0.00,0.00
2013.11.01 17:56:33.463,13.13042,13.13358,0.00,0.00
2013.11.01 17:56:33.522,13.13042,13.13358,0.00,0.00
2013.11.01 17:56:36.875,13.13045,13.13358,0.00,0.00
2013.11.01 17:56:36.932,13.13067,13.13388,0.00,0.00
2013.11.01 17:56:37.013,13.13067,13.13358,0.00,0.00
2013.11.01 17:56:37.132,13.13042,13.13358,0.00,0.00
2013.11.01 17:56:37.522,13.13137,13.13405,0.00,0.00
2013.11.01 17:56:37.582,13.13137,13.13445,0.00,0.00
2013.11.01 17:56:37.642,13.13167,13.13445,0.00,0.00
2013.11.01 17:56:37.702,13.13167,13.13458,0.00,0.00
2013.11.01 17:56:38.843,13.13162,13.13458,0.00,0.00
2013.11.01 17:56:39.213,13.13142,13.13458,0.00,0.00
2013.11.01 17:56:41.773,13.13157,13.13458,0.00,0.00
2013.11.01 17:56:44.802,13.13167,13.13458,0.00,0.00
2013.11.01 17:56:46.577,13.13152,13.13458,0.00,0.00
2013.11.01 17:56:46.879,13.13167,13.13458,0.00,0.00
2013.11.01 17:56:49.093,13.13154,13.13458,0.00,0.00
2013.11.01 17:56:49.212,13.13152,13.13458,0.00,0.00
2013.11.01 17:56:49.723,13.13142,13.13458,0.00,0.00
2013.11.01 17:56:50.305,13.13132,13.13448,0.00,0.00
2013.11.01 17:56:51.062,13.13157,13.13458,0.00,0.00
2013.11.01 17:56:51.122,13.13097,13.13408,0.00,0.00
2013.11.01 17:56:51.372,13.13117,13.13438,0.00,0.00
2013.11.01 17:56:51.432,13.13092,13.13408,0.00,0.00
2013.11.01 17:56:51.782,13.13097,13.13418,0.00,0.00
2013.11.01 17:56:52.092,13.13092,13.13408,0.00,0.00
2013.11.01 17:56:52.421,13.13082,13.13398,0.00,0.00
2013.11.01 17:56:52.759,13.13087,13.13408,0.00,0.00
2013.11.01 17:56:57.222,13.13072,13.13388,0.00,0.00
2013.11.01 17:57:03.362,13.13087,13.13408,0.00,0.00
2013.11.01 17:57:04.294,13.13071,13.13378,0.00,0.00
2013.11.01 17:57:04.388,13.13062,13.13378,0.00,0.00
2013.11.01 17:57:05.932,13.13087,13.13399,0.00,0.00
2013.11.01 17:57:06.013,13.13052,13.13368,0.00,0.00
2013.11.01 17:57:07.027,13.13067,13.13358,0.00,0.00
2013.11.01 17:57:07.082,13.13045,13.13338,0.00,0.00
2013.11.01 17:57:07.142,13.13045,13.13318,0.00,0.00
2013.11.01 17:57:07.202,13.13004,13.13318,0.00,0.00
2013.11.01 17:57:07.262,13.13002,13.13318,0.00,0.00
2013.11.01 17:57:07.671,13.13002,13.13318,0.00,0.00
2013.11.01 17:57:07.733,13.13027,13.13348,0.00,0.00
2013.11.01 17:57:08.962,13.13012,13.13328,0.00,0.00
2013.11.01 17:57:09.952,13.13017,13.13338,0.00,0.00
2013.11.01 17:57:11.042,13.13027,13.13348,0.00,0.00
2013.11.01 17:57:14.273,13.13022,13.13338,0.00,0.00
2013.11.01 17:57:14.581,13.12992,13.13308,0.00,0.00
2013.11.01 17:57:15.916,13.13017,13.13334,0.00,0.00
2013.11.01 17:57:16.020,13.13002,13.13318,0.00,0.00
2013.11.01 17:57:16.852,13.12992,13.13308,0.00,0.00
2013.11.01 17:57:17.256,13.12966,13.13158,0.00,0.00
2013.11.01 17:57:17.442,13.12859,13.13138,0.00,0.00
2013.11.01 17:57:17.502,13.12802,13.13118,0.00,0.00
2013.11.01 17:57:17.564,13.12807,13.13128,0.00,0.00
2013.11.01 17:57:17.922,13.12808,13.13058,0.00,0.00
2013.11.01 17:57:17.982,13.12718,13.12998,0.00,0.00
2013.11.01 17:57:18.044,13.12687,13.12998,0.00,0.00
2013.11.01 17:57:18.102,13.12707,13.13028,0.00,0.00
2013.11.01 17:57:18.222,13.12727,13.13047,0.00,0.00
2013.11.01 17:57:18.702,13.12712,13.13028,0.00,0.00
2013.11.01 17:57:18.822,13.12727,13.13047,0.00,0.00
2013.11.01 17:57:19.535,13.12735,13.13047,0.00,0.00
2013.11.01 17:57:19.712,13.12877,13.13197,0.00,0.00
2013.11.01 17:57:19.832,13.12917,13.13217,0.00,0.00
2013.11.01 17:57:19.952,13.12912,13.13217,0.00,0.00
2013.11.01 17:57:20.121,13.129,13.13208,0.00,0.00
2013.11.01 17:57:20.194,13.12892,13.13208,0.00,0.00
2013.11.01 17:57:20.252,13.12907,13.13217,0.00,0.00
2013.11.01 17:57:21.348,13.12892,13.13208,0.00,0.00
2013.11.01 17:57:22.053,13.12917,13.13217,0.00,0.00
2013.11.01 17:57:23.302,13.12902,13.13217,0.00,0.00
2013.11.01 17:57:24.923,13.12917,13.13217,0.00,0.00
2013.11.01 17:57:25.053,13.12917,13.13238,0.00,0.00
2013.11.01 17:57:25.224,13.12937,13.13258,0.00,0.00
2013.11.01 17:57:26.556,13.12937,13.13257,0.00,0.00
2013.11.01 17:57:26.612,13.12922,13.13238,0.00,0.00
2013.11.01 17:57:27.772,13.12937,13.13255,0.00,0.00
2013.11.01 17:57:27.913,13.12937,13.13258,0.00,0.00
2013.11.01 17:57:28.822,13.12947,13.13275,0.00,0.00
2013.11.01 17:57:28.882,13.12947,13.13278,0.00,0.00
2013.11.01 17:57:28.942,13.12987,13.13299,0.00,0.00
2013.11.01 17:57:29.254,13.12972,13.13288,0.00,0.00
2013.11.01 17:57:29.412,13.12987,13.13299,0.00,0.00
2013.11.01 17:57:29.472,13.12987,13.13307,0.00,0.00
2013.11.01 17:57:30.654,13.12962,13.13278,0.00,0.00
2013.11.01 17:57:30.950,13.12932,13.13268,0.00,0.00
2013.11.01 17:57:31.154,13.12947,13.13288,0.00,0.00
2013.11.01 17:57:32.911,13.12932,13.13268,0.00,0.00
2013.11.01 17:57:33.606,13.12932,13.13257,0.00,0.00
2013.11.01 17:57:33.963,13.12854,13.13128,0.00,0.00
2013.11.01 17:57:34.022,13.12812,13.13128,0.00,0.00
2013.11.01 17:57:35.449,13.12802,13.13118,0.00,0.00
2013.11.01 17:57:36.221,13.12807,13.13128,0.00,0.00
2013.11.01 17:57:38.666,13.12807,13.13117,0.00,0.00
2013.11.01 17:57:38.972,13.12802,13.13118,0.00,0.00
2013.11.01 17:57:40.102,13.12817,13.13137,0.00,0.00
2013.11.01 17:57:40.342,13.12837,13.13158,0.00,0.00
2013.11.01 17:57:46.307,13.12867,13.13158,0.00,0.00
2013.11.01 17:57:47.082,13.12852,13.13158,0.00,0.00
2013.11.01 17:57:47.142,13.12845,13.13148,0.00,0.00
2013.11.01 17:57:47.322,13.12813,13.13128,0.00,0.00
2013.11.01 17:57:47.841,13.12812,13.13128,0.00,0.00
2013.11.01 17:57:49.473,13.12789,13.13038,0.00,0.00
2013.11.01 17:57:49.672,13.12722,13.13037,0.00,0.00
2013.11.01 17:57:49.733,13.12702,13.13008,0.00,0.00
2013.11.01 17:57:50.062,13.12652,13.12968,0.00,0.00
2013.11.01 17:57:50.500,13.12677,13.12998,0.00,0.00
2013.11.01 17:57:50.563,13.12642,13.12988,0.00,0.00
2013.11.01 17:57:51.062,13.12647,13.13007,0.00,0.00
2013.11.01 17:57:51.912,13.12647,13.12995,0.00,0.00
2013.11.01 17:57:52.272,13.12632,13.12948,0.00,0.00
2013.11.01 17:57:53.802,13.12612,13.12928,0.00,0.00
2013.11.01 17:57:54.182,13.12647,13.12968,0.00,0.00
2013.11.01 17:57:54.488,13.12647,13.12987,0.00,0.00
2013.11.01 17:57:58.383,13.12642,13.12978,0.00,0.00
2013.11.01 17:57:59.022,13.12707,13.13028,0.00,0.00
2013.11.01 17:58:00.423,13.12707,13.13022,0.00,0.00
2013.11.01 17:58:00.483,13.12692,13.13008,0.00,0.00
2013.11.01 17:58:01.019,13.12707,13.13028,0.00,0.00
2013.11.01 17:58:01.362,13.12737,13.13058,0.00,0.00
2013.11.01 17:58:01.735,13.12732,13.13048,0.00,0.00
2013.11.01 17:58:02.092,13.12732,13.13007,0.00,0.00
2013.11.01 17:58:02.212,13.12662,13.12958,0.00,0.00
2013.11.01 17:58:02.272,13.12634,13.12908,0.00,0.00
2013.11.01 17:58:02.392,13.12592,13.12908,0.00,0.00
2013.11.01 17:58:03.044,13.12592,13.12908,0.00,0.00
2013.11.01 17:58:03.102,13.12607,13.12928,0.00,0.00
2013.11.01 17:58:03.165,13.12617,13.12938,0.00,0.00
2013.11.01 17:58:04.386,13.12707,13.12964,0.00,0.00
2013.11.01 17:58:04.502,13.12707,13.12992,0.00,0.00
2013.11.01 17:58:04.622,13.12692,13.12992,0.00,0.00
2013.11.01 17:58:04.683,13.12692,13.13008,0.00,0.00
2013.11.01 17:58:04.743,13.12692,13.13008,0.00,0.00
2013.11.01 17:58:04.802,13.12707,13.13028,0.00,0.00
2013.11.01 17:58:04.862,13.12707,13.12987,0.00,0.00
2013.11.01 17:58:04.922,13.12702,13.12981,0.00,0.00
2013.11.01 17:58:04.982,13.12621,13.12928,0.00,0.00
2013.11.01 17:58:05.102,13.12612,13.12928,0.00,0.00
2013.11.01 17:58:05.222,13.12648,13.12928,0.00,0.00
2013.11.01 17:58:05.282,13.12648,13.12958,0.00,0.00
2013.11.01 17:58:05.402,13.12669,13.12958,0.00,0.00
2013.11.01 17:58:05.462,13.12687,13.13008,0.00,0.00
2013.11.01 17:58:05.922,13.12747,13.13058,0.00,0.00
2013.11.01 17:58:06.172,13.12722,13.13038,0.00,0.00
2013.11.01 17:58:06.292,13.12798,13.13038,0.00,0.00
2013.11.01 17:58:06.412,13.12847,13.13158,0.00,0.00
2013.11.01 17:58:07.273,13.12842,13.13158,0.00,0.00
2013.11.01 17:58:07.332,13.12957,13.13195,0.00,0.00
2013.11.01 17:58:07.714,13.12957,13.1319,0.00,0.00
2013.11.01 17:58:07.773,13.12957,13.13278,0.00,0.00
2013.11.01 17:58:07.832,13.12977,13.13298,0.00,0.00
2013.11.01 17:58:09.352,13.12998,13.13298,0.00,0.00
2013.11.01 17:58:09.673,13.13157,13.1345,0.00,0.00
2013.11.01 17:58:09.732,13.13157,13.13458,0.00,0.00
2013.11.01 17:58:10.582,13.13208,13.13458,0.00,0.00
2013.11.01 17:58:10.702,13.13183,13.13438,0.00,0.00
2013.11.01 17:58:10.762,13.13122,13.13438,0.00,0.00
2013.11.01 17:58:10.942,13.13102,13.13418,0.00,0.00
2013.11.01 17:58:11.308,13.13117,13.13437,0.00,0.00
2013.11.01 17:58:11.856,13.13117,13.13438,0.00,0.00
2013.11.01 17:58:12.642,13.13097,13.13318,0.00,0.00
2013.11.01 17:58:12.702,13.13007,13.13288,0.00,0.00
2013.11.01 17:58:12.762,13.12972,13.13288,0.00,0.00
2013.11.01 17:58:13.759,13.12977,13.13298,0.00,0.00
2013.11.01 17:58:14.068,13.13017,13.13338,0.00,0.00
2013.11.01 17:58:14.782,13.13002,13.13318,0.00,0.00
2013.11.01 17:58:15.389,13.12982,13.13298,0.00,0.00
2013.11.01 17:58:16.562,13.12957,13.13258,0.00,0.00
2013.11.01 17:58:16.623,13.12942,13.13258,0.00,0.00
2013.11.01 17:58:16.932,13.12977,13.13282,0.00,0.00
2013.11.01 17:58:17.172,13.12987,13.13308,0.00,0.00
2013.11.01 17:58:19.242,13.12997,13.13318,0.00,0.00
2013.11.01 17:58:20.005,13.12982,13.13298,0.00,0.00
2013.11.01 17:58:20.435,13.12982,13.13247,0.00,0.00
2013.11.01 17:58:20.513,13.12812,13.13158,0.00,0.00
2013.11.01 17:58:20.832,13.12827,13.13178,0.00,0.00
2013.11.01 17:58:22.036,13.12827,13.13137,0.00,0.00
2013.11.01 17:58:22.173,13.12812,13.13128,0.00,0.00
2013.11.01 17:58:22.232,13.12877,13.13152,0.00,0.00
2013.11.01 17:58:22.292,13.12859,13.13168,0.00,0.00
2013.11.01 17:58:22.377,13.12877,13.13198,0.00,0.00
2013.11.01 17:58:22.432,13.12877,13.13187,0.00,0.00
2013.11.01 17:58:22.552,13.12877,13.13198,0.00,0.00
2013.11.01 17:58:23.576,13.12877,13.13197,0.00,0.00
2013.11.01 17:58:23.633,13.12862,13.13178,0.00,0.00
2013.11.01 17:58:23.756,13.1286,13.13168,0.00,0.00
2013.11.01 17:58:23.823,13.12837,13.13168,0.00,0.00
2013.11.01 17:58:23.968,13.12837,13.13188,0.00,0.00
2013.11.01 17:58:24.034,13.12832,13.13188,0.00,0.00
2013.11.01 17:58:24.164,13.12822,13.13178,0.00,0.00
2013.11.01 17:58:24.675,13.12838,13.13178,0.00,0.00
2013.11.01 17:58:25.012,13.12967,13.13262,0.00,0.00
2013.11.01 17:58:25.072,13.12967,13.13288,0.00,0.00
2013.11.01 17:58:25.765,13.12967,13.13287,0.00,0.00
2013.11.01 17:58:28.990,13.12962,13.13278,0.00,0.00
2013.11.01 17:58:34.372,13.12937,13.13248,0.00,0.00
2013.11.01 17:58:34.492,13.12932,13.13248,0.00,0.00
2013.11.01 17:58:37.793,13.12967,13.13272,0.00,0.00
2013.11.01 17:58:38.256,13.12967,13.13287,0.00,0.00
2013.11.01 17:58:48.966,13.13147,13.13411,0.00,0.00
2013.11.01 17:58:49.142,13.13147,13.13468,0.00,0.00
2013.11.01 17:58:49.231,13.13132,13.13448,0.00,0.00
2013.11.01 17:58:50.049,13.13147,13.13458,0.00,0.00
2013.11.01 17:59:05.653,13.13187,13.13487,0.00,0.00
2013.11.01 17:59:05.713,13.13187,13.13508,0.00,0.00
2013.11.01 17:59:10.942,13.13182,13.13498,0.00,0.00
2013.11.01 17:59:11.252,13.13337,13.13608,0.00,0.00
2013.11.01 17:59:11.432,13.13357,13.13647,0.00,0.00
2013.11.01 17:59:11.492,13.13357,13.13678,0.00,0.00
2013.11.01 17:59:12.479,13.13367,13.13688,0.00,0.00
2013.11.01 17:59:18.823,13.13537,13.13713,0.00,0.00
2013.11.01 17:59:18.943,13.13537,13.13737,0.00,0.00
2013.11.01 17:59:19.062,13.13477,13.13708,0.00,0.00
2013.11.01 17:59:19.123,13.13392,13.13708,0.00,0.00
2013.11.01 17:59:19.243,13.13372,13.13688,0.00,0.00
2013.11.01 17:59:19.621,13.13367,13.13678,0.00,0.00
2013.11.01 17:59:19.685,13.13362,13.13678,0.00,0.00
2013.11.01 17:59:20.213,13.13387,13.13697,0.00,0.00
2013.11.01 17:59:20.273,13.13387,13.13708,0.00,0.00
2013.11.01 17:59:20.566,13.13397,13.13718,0.00,0.00
2013.11.01 17:59:22.506,13.13447,13.13742,0.00,0.00
2013.11.01 17:59:22.663,13.13447,13.13758,0.00,0.00
2013.11.01 17:59:25.074,13.13458,13.13758,0.00,0.00
2013.11.01 17:59:25.263,13.13537,13.13848,0.00,0.00
2013.11.01 17:59:26.422,13.13522,13.13838,0.00,0.00
2013.11.01 17:59:26.577,13.13497,13.13808,0.00,0.00
2013.11.01 17:59:26.854,13.13492,13.13808,0.00,0.00
2013.11.01 17:59:27.200,13.13482,13.13798,0.00,0.00
2013.11.01 17:59:36.854,13.13472,13.13788,0.00,0.00
2013.11.01 17:59:37.991,13.13477,13.13798,0.00,0.00
2013.11.01 17:59:39.932,13.13497,13.13807,0.00,0.00
2013.11.01 17:59:40.005,13.13497,13.13818,0.00,0.00
2013.11.01 17:59:40.142,13.13492,13.13808,0.00,0.00
2013.11.01 17:59:41.522,13.13557,13.13826,0.00,0.00
2013.11.01 17:59:41.642,13.13577,13.13858,0.00,0.00
2013.11.01 17:59:41.928,13.13562,13.13858,0.00,0.00
2013.11.01 17:59:42.128,13.13577,13.13858,0.00,0.00
2013.11.01 17:59:42.372,13.13557,13.13858,0.00,0.00
2013.11.01 17:59:42.492,13.13552,13.13858,0.00,0.00
2013.11.01 17:59:42.681,13.13567,13.13858,0.00,0.00
2013.11.01 17:59:43.700,13.13562,13.13858,0.00,0.00
2013.11.01 17:59:44.323,13.13587,13.13858,0.00,0.00
2013.11.01 17:59:44.383,13.13572,13.13858,0.00,0.00
2013.11.01 17:59:44.442,13.13587,13.13908,0.00,0.00
2013.11.01 17:59:44.629,13.13587,13.1389,0.00,0.00
2013.11.01 17:59:44.682,13.13552,13.13858,0.00,0.00
2013.11.01 17:59:44.947,13.13567,13.13858,0.00,0.00
2013.11.01 17:59:46.282,13.13647,13.13914,0.00,0.00
2013.11.01 17:59:46.342,13.13647,13.13929,0.00,0.00
2013.11.01 17:59:46.402,13.13647,13.13958,0.00,0.00
2013.11.01 17:59:47.295,13.13657,13.13958,0.00,0.00
2013.11.01 17:59:48.142,13.13642,13.13958,0.00,0.00
2013.11.01 17:59:48.345,13.13657,13.13958,0.00,0.00
2013.11.01 17:59:48.853,13.13652,13.13958,0.00,0.00
2013.11.01 17:59:48.972,13.13657,13.13958,0.00,0.00
2013.11.01 17:59:49.915,13.13652,13.13958,0.00,0.00
2013.11.01 17:59:52.062,13.13632,13.13948,0.00,0.00
2013.11.01 17:59:52.753,13.13622,13.13938,0.00,0.00
2013.11.01 17:59:53.112,13.13562,13.13878,0.00,0.00
2013.11.01 17:59:54.804,13.13562,13.13877,0.00,0.00
2013.11.01 17:59:55.112,13.13637,13.13957,0.00,0.00
2013.11.01 17:59:55.851,13.13637,13.13958,0.00,0.00
