2017.03.09 07:00:00.153,12.06129,12.06401,0.00,0.00
2017.03.09 07:00:00.479,12.06198,12.06451,0.00,0.00
2017.03.09 07:00:00.530,12.06159,12.06441,0.00,0.00
2017.03.09 07:00:00.631,12.06128,12.06412,0.00,0.00
2017.03.09 07:00:00.687,12.06149,12.06431,0.00,0.00
2017.03.09 07:00:00.988,12.06168,12.06451,0.00,0.00
2017.03.09 07:00:01.088,12.06178,12.06451,0.00,0.00
2017.03.09 07:00:01.289,12.06138,12.06422,0.00,0.00
2017.03.09 07:00:01.404,12.06178,12.06451,0.00,0.00
2017.03.09 07:00:01.759,12.06188,12.06451,0.00,0.00
2017.03.09 07:00:02.199,12.06169,12.06451,0.00,0.00
2017.03.09 07:00:02.300,12.06149,12.06431,0.00,0.00
2017.03.09 07:00:02.409,12.06158,12.06442,0.00,0.00
2017.03.09 07:00:02.516,12.06198,12.06451,0.00,0.00
2017.03.09 07:00:02.609,12.06148,12.06432,0.00,0.00
2017.03.09 07:00:03.025,12.06179,12.06451,0.00,0.00
2017.03.09 07:00:03.507,12.06158,12.06442,0.00,0.00
2017.03.09 07:00:03.696,12.06188,12.06451,0.00,0.00
2017.03.09 07:00:04.109,12.06208,12.06451,0.00,0.00
2017.03.09 07:00:04.231,12.06198,12.06451,0.00,0.00
2017.03.09 07:00:04.332,12.06208,12.06451,0.00,0.00
2017.03.09 07:00:04.383,12.06208,12.06492,0.00,0.00
2017.03.09 07:00:04.433,12.06171,12.06452,0.00,0.00
2017.03.09 07:00:04.534,12.06189,12.06471,0.00,0.00
2017.03.09 07:00:04.635,12.06249,12.06491,0.00,0.00
2017.03.09 07:00:04.702,12.06208,12.06491,0.00,0.00
2017.03.09 07:00:04.820,12.06199,12.06481,0.00,0.00
2017.03.09 07:00:05.024,12.06208,12.06491,0.00,0.00
2017.03.09 07:00:05.135,12.06179,12.06461,0.00,0.00
2017.03.09 07:00:05.462,12.06189,12.06471,0.00,0.00
2017.03.09 07:00:05.789,12.06199,12.06481,0.00,0.00
2017.03.09 07:00:06.123,12.06169,12.06451,0.00,0.00
2017.03.09 07:00:06.309,12.06178,12.06462,0.00,0.00
2017.03.09 07:00:06.711,12.06159,12.06441,0.00,0.00
2017.03.09 07:00:07.537,12.06168,12.06441,0.00,0.00
2017.03.09 07:00:07.638,12.06098,12.06382,0.00,0.00
2017.03.09 07:00:07.850,12.06109,12.06391,0.00,0.00
2017.03.09 07:00:07.959,12.06088,12.06372,0.00,0.00
2017.03.09 07:00:08.247,12.06128,12.06391,0.00,0.00
2017.03.09 07:00:08.348,12.06109,12.06391,0.00,0.00
2017.03.09 07:00:08.419,12.06089,12.06371,0.00,0.00
2017.03.09 07:00:08.720,12.06099,12.06381,0.00,0.00
2017.03.09 07:00:09.015,12.06108,12.06392,0.00,0.00
2017.03.09 07:00:09.344,12.06079,12.06361,0.00,0.00
2017.03.09 07:00:09.651,12.06179,12.06461,0.00,0.00
2017.03.09 07:00:09.771,12.06158,12.06442,0.00,0.00
2017.03.09 07:00:09.872,12.06119,12.06401,0.00,0.00
2017.03.09 07:00:09.973,12.06088,12.06372,0.00,0.00
2017.03.09 07:00:10.081,12.06122,12.06372,0.00,0.00
2017.03.09 07:00:10.131,12.06122,12.06392,0.00,0.00
2017.03.09 07:00:10.182,12.06108,12.06392,0.00,0.00
2017.03.09 07:00:10.232,12.06159,12.06441,0.00,0.00
2017.03.09 07:00:10.531,12.06118,12.06402,0.00,0.00
2017.03.09 07:00:10.634,12.06138,12.06422,0.00,0.00
2017.03.09 07:00:11.099,12.06188,12.06451,0.00,0.00
2017.03.09 07:00:11.581,12.06188,12.06432,0.00,0.00
2017.03.09 07:00:11.961,12.06188,12.06442,0.00,0.00
2017.03.09 07:00:12.357,12.06188,12.06462,0.00,0.00
2017.03.09 07:00:12.442,12.06188,12.06451,0.00,0.00
2017.03.09 07:00:12.743,12.06188,12.06441,0.00,0.00
2017.03.09 07:00:13.777,12.06188,12.06421,0.00,0.00
2017.03.09 07:00:13.849,12.06188,12.06462,0.00,0.00
2017.03.09 07:00:13.983,12.06188,12.06451,0.00,0.00
2017.03.09 07:00:14.685,12.06188,12.06431,0.00,0.00
2017.03.09 07:00:14.794,12.06199,12.06462,0.00,0.00
2017.03.09 07:00:14.854,12.06188,12.06462,0.00,0.00
2017.03.09 07:00:14.956,12.06188,12.06452,0.00,0.00
2017.03.09 07:00:15.088,12.06189,12.06462,0.00,0.00
2017.03.09 07:00:15.155,12.06188,12.06452,0.00,0.00
2017.03.09 07:00:15.455,12.06188,12.06462,0.00,0.00
2017.03.09 07:00:16.294,12.06188,12.06452,0.00,0.00
2017.03.09 07:00:16.611,12.06208,12.06462,0.00,0.00
2017.03.09 07:00:16.662,12.06188,12.06462,0.00,0.00
2017.03.09 07:00:16.963,12.06188,12.06442,0.00,0.00
2017.03.09 07:00:17.069,12.06188,12.06451,0.00,0.00
2017.03.09 07:00:17.398,12.06188,12.06441,0.00,0.00
2017.03.09 07:00:17.767,12.06188,12.06421,0.00,0.00
2017.03.09 07:00:18.069,12.06188,12.06461,0.00,0.00
2017.03.09 07:00:18.692,12.06188,12.06422,0.00,0.00
2017.03.09 07:00:18.819,12.06188,12.06452,0.00,0.00
2017.03.09 07:00:18.870,12.06188,12.06462,0.00,0.00
2017.03.09 07:00:18.992,12.06188,12.06441,0.00,0.00
2017.03.09 07:00:19.171,12.06188,12.06462,0.00,0.00
2017.03.09 07:00:19.272,12.06188,12.06441,0.00,0.00
2017.03.09 07:00:21.377,12.06188,12.06421,0.00,0.00
2017.03.09 07:00:21.477,12.06188,12.06461,0.00,0.00
2017.03.09 07:00:21.879,12.06209,12.06462,0.00,0.00
2017.03.09 07:00:21.980,12.06188,12.06451,0.00,0.00
2017.03.09 07:00:23.183,12.06188,12.06442,0.00,0.00
2017.03.09 07:00:23.802,12.06188,12.06451,0.00,0.00
2017.03.09 07:00:23.884,12.06188,12.06442,0.00,0.00
2017.03.09 07:00:24.385,12.06188,12.06451,0.00,0.00
2017.03.09 07:00:24.436,12.06169,12.06412,0.00,0.00
2017.03.09 07:00:24.787,12.06188,12.06442,0.00,0.00
2017.03.09 07:00:24.918,12.06188,12.06452,0.00,0.00
2017.03.09 07:00:25.025,12.06188,12.06422,0.00,0.00
2017.03.09 07:00:25.088,12.06188,12.06442,0.00,0.00
2017.03.09 07:00:25.189,12.06188,12.06451,0.00,0.00
2017.03.09 07:00:25.298,12.06188,12.06422,0.00,0.00
2017.03.09 07:00:25.402,12.06188,12.06431,0.00,0.00
2017.03.09 07:00:25.503,12.06139,12.06411,0.00,0.00
2017.03.09 07:00:25.604,12.06119,12.06361,0.00,0.00
2017.03.09 07:00:25.704,12.06089,12.06361,0.00,0.00
2017.03.09 07:00:25.891,12.06118,12.06361,0.00,0.00
2017.03.09 07:00:25.992,12.06089,12.06361,0.00,0.00
2017.03.09 07:00:26.098,12.06099,12.06361,0.00,0.00
2017.03.09 07:00:26.193,12.06089,12.06361,0.00,0.00
2017.03.09 07:00:26.494,12.06089,12.06351,0.00,0.00
2017.03.09 07:00:26.615,12.06089,12.06361,0.00,0.00
2017.03.09 07:00:26.795,12.06089,12.06342,0.00,0.00
2017.03.09 07:00:27.218,12.06089,12.06351,0.00,0.00
2017.03.09 07:00:27.319,12.06089,12.06331,0.00,0.00
2017.03.09 07:00:27.511,12.06089,12.06351,0.00,0.00
2017.03.09 07:00:27.698,12.06089,12.06341,0.00,0.00
2017.03.09 07:00:28.789,12.06059,12.06261,0.00,0.00
2017.03.09 07:00:28.991,12.06068,12.06312,0.00,0.00
2017.03.09 07:00:29.041,12.06041,12.06282,0.00,0.00
2017.03.09 07:00:29.202,12.06098,12.06361,0.00,0.00
2017.03.09 07:00:29.437,12.06089,12.06342,0.00,0.00
2017.03.09 07:00:29.503,12.06089,12.06361,0.00,0.00
2017.03.09 07:00:29.604,12.06099,12.06361,0.00,0.00
2017.03.09 07:00:29.704,12.06089,12.06352,0.00,0.00
2017.03.09 07:00:29.842,12.06098,12.06361,0.00,0.00
2017.03.09 07:00:30.407,12.06089,12.06361,0.00,0.00
2017.03.09 07:00:30.507,12.06089,12.06331,0.00,0.00
2017.03.09 07:00:30.946,12.06089,12.06342,0.00,0.00
2017.03.09 07:00:31.009,12.06089,12.06331,0.00,0.00
2017.03.09 07:00:31.238,12.06089,12.06342,0.00,0.00
2017.03.09 07:00:31.347,12.06089,12.06332,0.00,0.00
2017.03.09 07:00:31.451,12.06089,12.06361,0.00,0.00
2017.03.09 07:00:31.511,12.06089,12.06351,0.00,0.00
2017.03.09 07:00:31.712,12.06089,12.06361,0.00,0.00
2017.03.09 07:00:32.012,12.06089,12.06342,0.00,0.00
2017.03.09 07:00:33.220,12.06089,12.06331,0.00,0.00
2017.03.09 07:00:33.323,12.06109,12.06361,0.00,0.00
2017.03.09 07:00:33.453,12.06098,12.06361,0.00,0.00
2017.03.09 07:00:33.569,12.06089,12.06342,0.00,0.00
2017.03.09 07:00:33.752,12.06089,12.06352,0.00,0.00
2017.03.09 07:00:34.119,12.06089,12.06361,0.00,0.00
2017.03.09 07:00:34.368,12.06109,12.06361,0.00,0.00
2017.03.09 07:00:34.421,12.06089,12.06352,0.00,0.00
2017.03.09 07:00:34.540,12.06089,12.06342,0.00,0.00
2017.03.09 07:00:34.622,12.06089,12.06361,0.00,0.00
2017.03.09 07:00:34.722,12.06089,12.06342,0.00,0.00
2017.03.09 07:00:35.235,12.06089,12.06321,0.00,0.00
2017.03.09 07:00:35.641,12.06089,12.06361,0.00,0.00
2017.03.09 07:00:36.511,12.06078,12.06312,0.00,0.00
2017.03.09 07:00:36.831,12.06088,12.06301,0.00,0.00
2017.03.09 07:00:36.932,12.06088,12.06331,0.00,0.00
2017.03.09 07:00:37.079,12.06088,12.06352,0.00,0.00
2017.03.09 07:00:37.334,12.06088,12.06342,0.00,0.00
2017.03.09 07:00:37.683,12.06039,12.06311,0.00,0.00
2017.03.09 07:00:37.735,12.06048,12.06311,0.00,0.00
2017.03.09 07:00:38.055,12.06188,12.06452,0.00,0.00
2017.03.09 07:00:38.345,12.06188,12.06412,0.00,0.00
2017.03.09 07:00:38.438,12.06188,12.06452,0.00,0.00
2017.03.09 07:00:39.240,12.06188,12.06412,0.00,0.00
2017.03.09 07:00:39.441,12.06188,12.06441,0.00,0.00
2017.03.09 07:00:39.561,12.06188,12.06462,0.00,0.00
2017.03.09 07:00:40.968,12.06188,12.06431,0.00,0.00
2017.03.09 07:00:43.194,12.06188,12.06422,0.00,0.00
2017.03.09 07:00:43.551,12.06188,12.06432,0.00,0.00
2017.03.09 07:00:44.042,12.06148,12.06361,0.00,0.00
2017.03.09 07:00:44.352,12.06189,12.06381,0.00,0.00
2017.03.09 07:00:44.487,12.06189,12.06451,0.00,0.00
2017.03.09 07:00:44.588,12.06189,12.06442,0.00,0.00
2017.03.09 07:00:44.927,12.06189,12.06422,0.00,0.00
2017.03.09 07:00:44.978,12.06189,12.06441,0.00,0.00
2017.03.09 07:00:45.029,12.06159,12.06411,0.00,0.00
2017.03.09 07:00:45.080,12.06139,12.06411,0.00,0.00
2017.03.09 07:00:45.181,12.06138,12.06391,0.00,0.00
2017.03.09 07:00:45.464,12.06098,12.06361,0.00,0.00
2017.03.09 07:00:45.565,12.06089,12.06361,0.00,0.00
2017.03.09 07:00:45.616,12.06139,12.06362,0.00,0.00
2017.03.09 07:00:45.870,12.06188,12.06412,0.00,0.00
2017.03.09 07:00:45.991,12.06168,12.06412,0.00,0.00
2017.03.09 07:00:46.093,12.06138,12.06412,0.00,0.00
2017.03.09 07:00:46.143,12.06188,12.06412,0.00,0.00
2017.03.09 07:00:46.244,12.06139,12.06401,0.00,0.00
2017.03.09 07:00:46.358,12.06139,12.06392,0.00,0.00
2017.03.09 07:00:46.409,12.06108,12.06362,0.00,0.00
2017.03.09 07:00:46.460,12.06089,12.06362,0.00,0.00
2017.03.09 07:00:46.891,12.06099,12.06362,0.00,0.00
2017.03.09 07:00:47.193,12.06188,12.06462,0.00,0.00
2017.03.09 07:00:47.398,12.06188,12.06432,0.00,0.00
2017.03.09 07:00:47.509,12.06148,12.06412,0.00,0.00
2017.03.09 07:00:47.639,12.06188,12.06412,0.00,0.00
2017.03.09 07:00:47.690,12.06139,12.06412,0.00,0.00
2017.03.09 07:00:47.765,12.06138,12.06392,0.00,0.00
2017.03.09 07:00:48.106,12.06139,12.06382,0.00,0.00
2017.03.09 07:00:48.207,12.06139,12.06401,0.00,0.00
2017.03.09 07:00:48.266,12.06139,12.06382,0.00,0.00
2017.03.09 07:00:48.507,12.06098,12.06362,0.00,0.00
2017.03.09 07:00:48.608,12.06128,12.06362,0.00,0.00
2017.03.09 07:00:48.667,12.06088,12.06352,0.00,0.00
2017.03.09 07:00:48.718,12.06139,12.06352,0.00,0.00
2017.03.09 07:00:48.869,12.06119,12.06362,0.00,0.00
2017.03.09 07:00:49.108,12.06088,12.06362,0.00,0.00
2017.03.09 07:00:49.209,12.06088,12.06352,0.00,0.00
2017.03.09 07:00:49.389,12.06088,12.06362,0.00,0.00
2017.03.09 07:00:49.473,12.06098,12.06362,0.00,0.00
2017.03.09 07:00:49.972,12.06118,12.06362,0.00,0.00
2017.03.09 07:00:50.073,12.06099,12.06362,0.00,0.00
2017.03.09 07:00:51.184,12.06088,12.06362,0.00,0.00
2017.03.09 07:00:51.304,12.06099,12.06362,0.00,0.00
2017.03.09 07:00:51.412,12.06088,12.06361,0.00,0.00
2017.03.09 07:00:51.513,12.06099,12.06362,0.00,0.00
2017.03.09 07:00:52.117,12.06109,12.06362,0.00,0.00
2017.03.09 07:00:52.179,12.06099,12.06362,0.00,0.00
2017.03.09 07:00:53.391,12.06088,12.06351,0.00,0.00
2017.03.09 07:00:53.901,12.06119,12.06362,0.00,0.00
2017.03.09 07:00:53.983,12.06099,12.06362,0.00,0.00
2017.03.09 07:00:55.184,12.06088,12.06361,0.00,0.00
2017.03.09 07:00:55.395,12.06088,12.06342,0.00,0.00
2017.03.09 07:00:56.029,12.06088,12.06362,0.00,0.00
2017.03.09 07:00:56.389,12.06098,12.06362,0.00,0.00
2017.03.09 07:00:56.761,12.06088,12.06332,0.00,0.00
2017.03.09 07:00:56.909,12.06088,12.06351,0.00,0.00
2017.03.09 07:00:57.695,12.06088,12.06362,0.00,0.00
2017.03.09 07:00:58.268,12.06088,12.06352,0.00,0.00
2017.03.09 07:00:59.199,12.06088,12.06331,0.00,0.00
2017.03.09 07:00:59.313,12.06088,12.06362,0.00,0.00
2017.03.09 07:01:00.024,12.06088,12.06342,0.00,0.00
2017.03.09 07:01:00.135,12.06088,12.06362,0.00,0.00
2017.03.09 07:01:00.250,12.06088,12.06352,0.00,0.00
2017.03.09 07:01:00.352,12.06088,12.06362,0.00,0.00
2017.03.09 07:01:00.449,12.06088,12.06352,0.00,0.00
2017.03.09 07:01:01.107,12.06088,12.06341,0.00,0.00
2017.03.09 07:01:01.508,12.06088,12.06352,0.00,0.00
2017.03.09 07:01:02.046,12.06088,12.06362,0.00,0.00
2017.03.09 07:01:02.112,12.06118,12.06362,0.00,0.00
2017.03.09 07:01:02.257,12.06098,12.06362,0.00,0.00
2017.03.09 07:01:02.313,12.06088,12.06342,0.00,0.00
2017.03.09 07:01:02.414,12.06088,12.06362,0.00,0.00
2017.03.09 07:01:02.629,12.06099,12.06362,0.00,0.00
2017.03.09 07:01:02.730,12.06089,12.06362,0.00,0.00
2017.03.09 07:01:03.338,12.06088,12.06362,0.00,0.00
2017.03.09 07:01:04.013,12.06089,12.06362,0.00,0.00
2017.03.09 07:01:04.421,12.06099,12.06362,0.00,0.00
2017.03.09 07:01:04.521,12.06088,12.06362,0.00,0.00
2017.03.09 07:01:04.728,12.06088,12.06351,0.00,0.00
2017.03.09 07:01:05.055,12.06069,12.06311,0.00,0.00
2017.03.09 07:01:05.208,12.06089,12.06361,0.00,0.00
2017.03.09 07:01:05.259,12.06089,12.06311,0.00,0.00
2017.03.09 07:01:05.324,12.06089,12.06332,0.00,0.00
2017.03.09 07:01:05.637,12.06089,12.06361,0.00,0.00
2017.03.09 07:01:05.737,12.06089,12.06321,0.00,0.00
2017.03.09 07:01:05.859,12.06089,12.06361,0.00,0.00
2017.03.09 07:01:06.141,12.06089,12.06332,0.00,0.00
2017.03.09 07:01:06.228,12.06099,12.06361,0.00,0.00
2017.03.09 07:01:06.429,12.06109,12.06361,0.00,0.00
2017.03.09 07:01:06.559,12.06089,12.06361,0.00,0.00
2017.03.09 07:01:06.661,12.06089,12.06342,0.00,0.00
2017.03.09 07:01:06.732,12.06089,12.06361,0.00,0.00
2017.03.09 07:01:06.842,12.06118,12.06361,0.00,0.00
2017.03.09 07:01:07.041,12.06089,12.06352,0.00,0.00
2017.03.09 07:01:07.147,12.06089,12.06361,0.00,0.00
2017.03.09 07:01:07.536,12.06098,12.06361,0.00,0.00
2017.03.09 07:01:07.737,12.06089,12.06361,0.00,0.00
2017.03.09 07:01:07.837,12.06109,12.06361,0.00,0.00
2017.03.09 07:01:07.971,12.06089,12.06361,0.00,0.00
2017.03.09 07:01:08.071,12.06098,12.06361,0.00,0.00
2017.03.09 07:01:08.180,12.06089,12.06361,0.00,0.00
2017.03.09 07:01:09.746,12.06098,12.06361,0.00,0.00
2017.03.09 07:01:09.848,12.06089,12.06361,0.00,0.00
2017.03.09 07:01:09.948,12.06089,12.06321,0.00,0.00
2017.03.09 07:01:10.179,12.06089,12.06341,0.00,0.00
2017.03.09 07:01:10.249,12.06089,12.06351,0.00,0.00
2017.03.09 07:01:10.350,12.06089,12.06361,0.00,0.00
2017.03.09 07:01:10.573,12.06099,12.06361,0.00,0.00
2017.03.09 07:01:10.900,12.06089,12.06341,0.00,0.00
2017.03.09 07:01:11.166,12.06099,12.06361,0.00,0.00
2017.03.09 07:01:11.600,12.06089,12.06352,0.00,0.00
2017.03.09 07:01:11.701,12.06089,12.06331,0.00,0.00
2017.03.09 07:01:11.807,12.06089,12.06361,0.00,0.00
2017.03.09 07:01:11.916,12.06089,12.06331,0.00,0.00
2017.03.09 07:01:11.967,12.06089,12.06361,0.00,0.00
2017.03.09 07:01:12.161,12.06089,12.06342,0.00,0.00
2017.03.09 07:01:12.283,12.06098,12.06361,0.00,0.00
2017.03.09 07:01:12.393,12.06089,12.06361,0.00,0.00
2017.03.09 07:01:12.692,12.06089,12.06331,0.00,0.00
2017.03.09 07:01:12.808,12.06089,12.06352,0.00,0.00
2017.03.09 07:01:12.912,12.06089,12.06361,0.00,0.00
2017.03.09 07:01:13.171,12.06089,12.06352,0.00,0.00
2017.03.09 07:01:13.526,12.06089,12.06332,0.00,0.00
2017.03.09 07:01:13.684,12.06089,12.06361,0.00,0.00
2017.03.09 07:01:14.472,12.06098,12.06361,0.00,0.00
2017.03.09 07:01:14.776,12.06089,12.06351,0.00,0.00
2017.03.09 07:01:14.904,12.06089,12.06361,0.00,0.00
2017.03.09 07:01:15.375,12.06089,12.06352,0.00,0.00
2017.03.09 07:01:15.777,12.06089,12.06342,0.00,0.00
2017.03.09 07:01:15.877,12.06089,12.06351,0.00,0.00
2017.03.09 07:01:16.078,12.06089,12.06361,0.00,0.00
2017.03.09 07:01:16.213,12.06089,12.06351,0.00,0.00
2017.03.09 07:01:16.720,12.06098,12.06361,0.00,0.00
2017.03.09 07:01:16.781,12.06089,12.06342,0.00,0.00
2017.03.09 07:01:17.028,12.06089,12.06352,0.00,0.00
2017.03.09 07:01:18.123,12.06089,12.06341,0.00,0.00
2017.03.09 07:01:18.387,12.06089,12.06361,0.00,0.00
2017.03.09 07:01:18.591,12.06089,12.06331,0.00,0.00
2017.03.09 07:01:19.119,12.06089,12.06332,0.00,0.00
2017.03.09 07:01:19.336,12.06089,12.06342,0.00,0.00
2017.03.09 07:01:19.390,12.06089,12.06361,0.00,0.00
2017.03.09 07:01:20.741,12.06089,12.06331,0.00,0.00
2017.03.09 07:01:20.795,12.06089,12.06352,0.00,0.00
2017.03.09 07:01:20.940,12.06089,12.06331,0.00,0.00
2017.03.09 07:01:21.098,12.06089,12.06351,0.00,0.00
2017.03.09 07:01:21.224,12.06108,12.06361,0.00,0.00
2017.03.09 07:01:21.523,12.06089,12.06361,0.00,0.00
2017.03.09 07:01:21.624,12.06089,12.06342,0.00,0.00
2017.03.09 07:01:21.701,12.06089,12.06361,0.00,0.00
2017.03.09 07:01:22.314,12.06089,12.06331,0.00,0.00
2017.03.09 07:01:22.422,12.06098,12.06361,0.00,0.00
2017.03.09 07:01:22.503,12.06089,12.06342,0.00,0.00
2017.03.09 07:01:22.872,12.06109,12.06361,0.00,0.00
2017.03.09 07:01:23.129,12.06089,12.06352,0.00,0.00
2017.03.09 07:01:23.321,12.06098,12.06361,0.00,0.00
2017.03.09 07:01:25.121,12.06118,12.06361,0.00,0.00
2017.03.09 07:01:25.624,12.06089,12.06361,0.00,0.00
2017.03.09 07:01:25.729,12.06089,12.06331,0.00,0.00
2017.03.09 07:01:26.871,12.06089,12.06351,0.00,0.00
2017.03.09 07:01:26.972,12.06089,12.06361,0.00,0.00
2017.03.09 07:01:27.570,12.06089,12.06332,0.00,0.00
2017.03.09 07:01:27.678,12.06089,12.06361,0.00,0.00
2017.03.09 07:01:27.730,12.06098,12.06361,0.00,0.00
2017.03.09 07:01:27.830,12.06089,12.06361,0.00,0.00
2017.03.09 07:01:32.447,12.06089,12.06341,0.00,0.00
2017.03.09 07:01:32.554,12.06108,12.06361,0.00,0.00
2017.03.09 07:01:32.749,12.06089,12.06361,0.00,0.00
2017.03.09 07:01:32.884,12.06108,12.06361,0.00,0.00
2017.03.09 07:01:33.060,12.06089,12.06361,0.00,0.00
2017.03.09 07:01:33.265,12.06089,12.06342,0.00,0.00
2017.03.09 07:01:33.353,12.06089,12.06361,0.00,0.00
2017.03.09 07:01:33.654,12.06089,12.06341,0.00,0.00
2017.03.09 07:01:34.082,12.06089,12.06352,0.00,0.00
2017.03.09 07:01:34.204,12.06089,12.06361,0.00,0.00
2017.03.09 07:01:34.258,12.06089,12.06351,0.00,0.00
2017.03.09 07:01:34.763,12.06099,12.06361,0.00,0.00
2017.03.09 07:01:35.144,12.06089,12.06322,0.00,0.00
2017.03.09 07:01:35.336,12.06038,12.06312,0.00,0.00
2017.03.09 07:01:35.487,12.06089,12.06292,0.00,0.00
2017.03.09 07:01:35.626,12.06089,12.06312,0.00,0.00
2017.03.09 07:01:35.677,12.06089,12.06361,0.00,0.00
2017.03.09 07:01:35.797,12.06089,12.06352,0.00,0.00
2017.03.09 07:01:36.134,12.06089,12.06331,0.00,0.00
2017.03.09 07:01:36.278,12.06089,12.06352,0.00,0.00
2017.03.09 07:01:36.381,12.06089,12.06332,0.00,0.00
2017.03.09 07:01:36.686,12.06089,12.06342,0.00,0.00
2017.03.09 07:01:36.767,12.06089,12.06331,0.00,0.00
2017.03.09 07:01:36.868,12.06089,12.06342,0.00,0.00
2017.03.09 07:01:36.968,12.06089,12.06361,0.00,0.00
2017.03.09 07:01:37.387,12.06089,12.06331,0.00,0.00
2017.03.09 07:01:37.506,12.06089,12.06341,0.00,0.00
2017.03.09 07:01:38.586,12.06089,12.06322,0.00,0.00
2017.03.09 07:01:38.690,12.06089,12.06361,0.00,0.00
2017.03.09 07:01:39.097,12.06089,12.06341,0.00,0.00
2017.03.09 07:01:39.198,12.06089,12.06361,0.00,0.00
2017.03.09 07:01:40.949,12.06088,12.06361,0.00,0.00
2017.03.09 07:01:41.000,12.06088,12.06331,0.00,0.00
2017.03.09 07:01:41.075,12.06088,12.06341,0.00,0.00
2017.03.09 07:01:41.575,12.06088,12.06331,0.00,0.00
2017.03.09 07:01:42.138,12.06088,12.06322,0.00,0.00
2017.03.09 07:01:42.577,12.06088,12.06362,0.00,0.00
2017.03.09 07:01:42.708,12.06108,12.06362,0.00,0.00
2017.03.09 07:01:42.810,12.06088,12.06361,0.00,0.00
2017.03.09 07:01:43.695,12.06088,12.06352,0.00,0.00
2017.03.09 07:01:43.779,12.06088,12.06362,0.00,0.00
2017.03.09 07:01:44.398,12.06088,12.06341,0.00,0.00
2017.03.09 07:01:44.500,12.06089,12.06362,0.00,0.00
2017.03.09 07:01:44.686,12.06098,12.06362,0.00,0.00
2017.03.09 07:01:44.791,12.06088,12.06362,0.00,0.00
2017.03.09 07:01:45.295,12.06109,12.06362,0.00,0.00
2017.03.09 07:01:45.728,12.06088,12.06351,0.00,0.00
2017.03.09 07:01:45.987,12.06088,12.06342,0.00,0.00
2017.03.09 07:01:46.320,12.06099,12.06362,0.00,0.00
2017.03.09 07:01:46.427,12.06088,12.06352,0.00,0.00
2017.03.09 07:01:46.528,12.06088,12.06362,0.00,0.00
2017.03.09 07:01:46.721,12.06088,12.06342,0.00,0.00
2017.03.09 07:01:46.868,12.06088,12.06351,0.00,0.00
2017.03.09 07:01:47.220,12.06088,12.06331,0.00,0.00
2017.03.09 07:01:47.284,12.06088,12.06352,0.00,0.00
2017.03.09 07:01:50.111,12.06088,12.06332,0.00,0.00
2017.03.09 07:01:50.216,12.06088,12.06352,0.00,0.00
2017.03.09 07:01:50.291,12.06088,12.06342,0.00,0.00
2017.03.09 07:01:50.721,12.06088,12.06332,0.00,0.00
2017.03.09 07:01:50.992,12.06088,12.06341,0.00,0.00
2017.03.09 07:01:51.459,12.06089,12.06362,0.00,0.00
2017.03.09 07:01:53.103,12.06088,12.06331,0.00,0.00
2017.03.09 07:01:53.204,12.06088,12.06361,0.00,0.00
2017.03.09 07:01:53.300,12.06088,12.06331,0.00,0.00
2017.03.09 07:01:56.834,12.06049,12.06311,0.00,0.00
2017.03.09 07:01:56.935,12.06039,12.06311,0.00,0.00
2017.03.09 07:01:56.985,12.06039,12.06262,0.00,0.00
2017.03.09 07:01:57.036,12.06009,12.06262,0.00,0.00
2017.03.09 07:01:57.086,12.06039,12.06291,0.00,0.00
2017.03.09 07:01:57.137,12.06039,12.06302,0.00,0.00
2017.03.09 07:01:57.238,12.06088,12.06332,0.00,0.00
2017.03.09 07:01:57.559,12.06028,12.06261,0.00,0.00
2017.03.09 07:01:57.610,12.05998,12.06261,0.00,0.00
2017.03.09 07:01:57.711,12.06009,12.06261,0.00,0.00
2017.03.09 07:01:57.809,12.05998,12.06261,0.00,0.00
2017.03.09 07:01:57.910,12.06009,12.06261,0.00,0.00
2017.03.09 07:01:58.269,12.05999,12.06261,0.00,0.00
2017.03.09 07:01:58.319,12.06019,12.06261,0.00,0.00
2017.03.09 07:01:58.675,12.06048,12.06261,0.00,0.00
2017.03.09 07:01:58.725,12.06008,12.06261,0.00,0.00
2017.03.09 07:01:58.812,12.06038,12.06261,0.00,0.00
2017.03.09 07:01:59.013,12.06109,12.06362,0.00,0.00
2017.03.09 07:01:59.114,12.06119,12.06362,0.00,0.00
2017.03.09 07:01:59.305,12.06138,12.06401,0.00,0.00
2017.03.09 07:01:59.356,12.06138,12.06371,0.00,0.00
2017.03.09 07:01:59.423,12.06089,12.06361,0.00,0.00
2017.03.09 07:01:59.542,12.06098,12.06361,0.00,0.00
2017.03.09 07:01:59.614,12.06089,12.06361,0.00,0.00
2017.03.09 07:01:59.916,12.06089,12.06351,0.00,0.00
2017.03.09 07:02:00.219,12.06089,12.06361,0.00,0.00
2017.03.09 07:02:00.661,12.06089,12.06342,0.00,0.00
2017.03.09 07:02:00.716,12.06089,12.06361,0.00,0.00
2017.03.09 07:02:01.719,12.06119,12.06361,0.00,0.00
2017.03.09 07:02:01.770,12.06138,12.06401,0.00,0.00
2017.03.09 07:02:01.821,12.06138,12.06392,0.00,0.00
2017.03.09 07:02:01.922,12.06189,12.06461,0.00,0.00
2017.03.09 07:02:02.227,12.06189,12.06451,0.00,0.00
2017.03.09 07:02:02.563,12.06208,12.06461,0.00,0.00
2017.03.09 07:02:02.620,12.06189,12.06461,0.00,0.00
2017.03.09 07:02:02.754,12.06189,12.06441,0.00,0.00
2017.03.09 07:02:02.855,12.06189,12.06452,0.00,0.00
2017.03.09 07:02:03.021,12.06189,12.06432,0.00,0.00
2017.03.09 07:02:03.131,12.06189,12.06451,0.00,0.00
2017.03.09 07:02:03.269,12.06189,12.06411,0.00,0.00
2017.03.09 07:02:04.161,12.06189,12.06431,0.00,0.00
2017.03.09 07:02:04.223,12.06189,12.06461,0.00,0.00
2017.03.09 07:02:04.324,12.06189,12.06452,0.00,0.00
2017.03.09 07:02:04.829,12.06189,12.06431,0.00,0.00
2017.03.09 07:02:04.930,12.06189,12.06461,0.00,0.00
2017.03.09 07:02:05.732,12.06199,12.06461,0.00,0.00
2017.03.09 07:02:05.827,12.06189,12.06461,0.00,0.00
2017.03.09 07:02:06.027,12.06198,12.06461,0.00,0.00
2017.03.09 07:02:07.236,12.06189,12.06461,0.00,0.00
2017.03.09 07:02:07.350,12.06189,12.06442,0.00,0.00
2017.03.09 07:02:07.632,12.06189,12.06452,0.00,0.00
2017.03.09 07:02:08.032,12.06189,12.06432,0.00,0.00
2017.03.09 07:02:08.148,12.06189,12.06452,0.00,0.00
2017.03.09 07:02:08.249,12.06189,12.06441,0.00,0.00
2017.03.09 07:02:08.591,12.06189,12.06422,0.00,0.00
2017.03.09 07:02:10.184,12.06189,12.06461,0.00,0.00
2017.03.09 07:02:10.237,12.06189,12.06442,0.00,0.00
2017.03.09 07:02:10.438,12.06198,12.06461,0.00,0.00
2017.03.09 07:02:10.638,12.06189,12.06461,0.00,0.00
2017.03.09 07:02:11.246,12.06189,12.06421,0.00,0.00
2017.03.09 07:02:13.582,12.06189,12.06432,0.00,0.00
2017.03.09 07:02:13.643,12.06189,12.06452,0.00,0.00
2017.03.09 07:02:14.187,12.06189,12.06421,0.00,0.00
2017.03.09 07:02:14.345,12.06189,12.06461,0.00,0.00
2017.03.09 07:02:14.445,12.06189,12.06432,0.00,0.00
2017.03.09 07:02:15.347,12.06189,12.06388,0.00,0.00
2017.03.09 07:02:17.557,12.06198,12.06388,0.00,0.00
2017.03.09 07:02:17.655,12.06189,12.06388,0.00,0.00
2017.03.09 07:02:17.732,12.06189,12.06308,0.00,0.00
2017.03.09 07:02:17.783,12.06129,12.06308,0.00,0.00
2017.03.09 07:02:17.892,12.06098,12.06308,0.00,0.00
2017.03.09 07:02:17.999,12.06088,12.06308,0.00,0.00
2017.03.09 07:02:20.015,12.06088,12.06289,0.00,0.00
2017.03.09 07:02:24.270,12.06099,12.06289,0.00,0.00
2017.03.09 07:02:24.368,12.06088,12.06289,0.00,0.00
2017.03.09 07:02:27.208,12.06088,12.06319,0.00,0.00
2017.03.09 07:02:29.230,12.06048,12.06249,0.00,0.00
2017.03.09 07:02:29.330,12.06019,12.06249,0.00,0.00
2017.03.09 07:02:29.382,12.05988,12.06249,0.00,0.00
2017.03.09 07:02:31.346,12.05988,12.06219,0.00,0.00
2017.03.09 07:02:31.788,12.06008,12.06219,0.00,0.00
2017.03.09 07:02:32.029,12.05988,12.06219,0.00,0.00
2017.03.09 07:02:32.134,12.06009,12.06219,0.00,0.00
2017.03.09 07:02:32.594,12.05989,12.06219,0.00,0.00
2017.03.09 07:02:33.602,12.06008,12.06219,0.00,0.00
2017.03.09 07:02:33.727,12.05988,12.06219,0.00,0.00
2017.03.09 07:02:33.994,12.05998,12.06219,0.00,0.00
2017.03.09 07:02:34.105,12.05988,12.06219,0.00,0.00
2017.03.09 07:02:35.413,12.05998,12.06219,0.00,0.00
2017.03.09 07:02:35.597,12.05988,12.06219,0.00,0.00
2017.03.09 07:02:36.127,12.05998,12.06219,0.00,0.00
2017.03.09 07:02:36.301,12.05988,12.06219,0.00,0.00
2017.03.09 07:02:39.550,12.05998,12.06209,0.00,0.00
2017.03.09 07:02:39.652,12.05988,12.06209,0.00,0.00
2017.03.09 07:02:39.806,12.05988,12.06222,0.00,0.00
2017.03.09 07:02:39.857,12.05988,12.06238,0.00,0.00
2017.03.09 07:02:39.909,12.05988,12.06222,0.00,0.00
2017.03.09 07:02:40.114,12.05988,12.06238,0.00,0.00
2017.03.09 07:02:40.812,12.06008,12.06238,0.00,0.00
2017.03.09 07:02:40.912,12.05988,12.06238,0.00,0.00
2017.03.09 07:02:41.413,12.06008,12.06238,0.00,0.00
2017.03.09 07:02:41.514,12.05988,12.06238,0.00,0.00
2017.03.09 07:02:42.811,12.05988,12.06249,0.00,0.00
2017.03.09 07:02:43.562,12.06008,12.06249,0.00,0.00
2017.03.09 07:02:43.616,12.05988,12.06249,0.00,0.00
2017.03.09 07:02:43.863,12.06009,12.06249,0.00,0.00
2017.03.09 07:02:43.980,12.05988,12.06241,0.00,0.00
2017.03.09 07:02:45.130,12.05988,12.06232,0.00,0.00
2017.03.09 07:02:45.219,12.05988,12.06249,0.00,0.00
2017.03.09 07:02:45.334,12.05988,12.06241,0.00,0.00
2017.03.09 07:02:45.435,12.05988,12.06249,0.00,0.00
2017.03.09 07:02:45.485,12.05968,12.06179,0.00,0.00
2017.03.09 07:02:45.536,12.05949,12.06179,0.00,0.00
2017.03.09 07:02:45.641,12.05899,12.06161,0.00,0.00
2017.03.09 07:02:45.742,12.05909,12.06161,0.00,0.00
2017.03.09 07:02:45.858,12.05898,12.06161,0.00,0.00
2017.03.09 07:02:45.965,12.05938,12.06161,0.00,0.00
2017.03.09 07:02:46.552,12.05908,12.06161,0.00,0.00
2017.03.09 07:02:46.738,12.05939,12.06161,0.00,0.00
2017.03.09 07:02:47.057,12.05908,12.06161,0.00,0.00
2017.03.09 07:02:47.125,12.05918,12.06161,0.00,0.00
2017.03.09 07:02:47.325,12.05899,12.06161,0.00,0.00
2017.03.09 07:02:47.613,12.05899,12.06149,0.00,0.00
2017.03.09 07:02:48.033,12.05928,12.06149,0.00,0.00
2017.03.09 07:02:48.128,12.05889,12.06149,0.00,0.00
2017.03.09 07:02:48.468,12.05918,12.06149,0.00,0.00
2017.03.09 07:02:48.977,12.05929,12.06149,0.00,0.00
2017.03.09 07:02:49.931,12.05898,12.06149,0.00,0.00
2017.03.09 07:02:50.347,12.05889,12.06149,0.00,0.00
2017.03.09 07:02:50.433,12.05909,12.06149,0.00,0.00
2017.03.09 07:02:51.034,12.05899,12.06149,0.00,0.00
2017.03.09 07:02:51.364,12.05889,12.06149,0.00,0.00
2017.03.09 07:02:51.564,12.05899,12.06149,0.00,0.00
2017.03.09 07:02:51.803,12.05899,12.06159,0.00,0.00
2017.03.09 07:02:51.984,12.05889,12.06159,0.00,0.00
2017.03.09 07:02:52.136,12.05918,12.06159,0.00,0.00
2017.03.09 07:02:53.138,12.05889,12.06159,0.00,0.00
2017.03.09 07:02:53.238,12.05908,12.06159,0.00,0.00
2017.03.09 07:02:54.040,12.05919,12.06159,0.00,0.00
2017.03.09 07:02:54.803,12.05919,12.06149,0.00,0.00
2017.03.09 07:02:55.958,12.05899,12.06149,0.00,0.00
2017.03.09 07:02:56.180,12.05919,12.06149,0.00,0.00
2017.03.09 07:02:59.350,12.05899,12.06149,0.00,0.00
2017.03.09 07:03:02.160,12.05889,12.06149,0.00,0.00
2017.03.09 07:03:02.260,12.05899,12.06149,0.00,0.00
2017.03.09 07:03:02.372,12.05889,12.06149,0.00,0.00
2017.03.09 07:03:02.657,12.05898,12.06149,0.00,0.00
2017.03.09 07:03:03.181,12.05889,12.06149,0.00,0.00
2017.03.09 07:03:03.259,12.05909,12.06149,0.00,0.00
2017.03.09 07:03:03.888,12.05889,12.06149,0.00,0.00
2017.03.09 07:03:03.991,12.05988,12.06159,0.00,0.00
2017.03.09 07:03:04.333,12.06019,12.06159,0.00,0.00
2017.03.09 07:03:04.464,12.06008,12.06159,0.00,0.00
2017.03.09 07:03:04.564,12.05988,12.06159,0.00,0.00
2017.03.09 07:03:04.668,12.05998,12.06159,0.00,0.00
2017.03.09 07:03:04.718,12.05998,12.06249,0.00,0.00
2017.03.09 07:03:04.908,12.05988,12.06249,0.00,0.00
2017.03.09 07:03:04.965,12.05998,12.06249,0.00,0.00
2017.03.09 07:03:05.299,12.05988,12.06249,0.00,0.00
2017.03.09 07:03:05.405,12.06009,12.06249,0.00,0.00
2017.03.09 07:03:05.513,12.05988,12.06249,0.00,0.00
2017.03.09 07:03:05.567,12.05998,12.06249,0.00,0.00
2017.03.09 07:03:06.988,12.05989,12.06249,0.00,0.00
2017.03.09 07:03:07.372,12.05999,12.06249,0.00,0.00
2017.03.09 07:03:08.073,12.06009,12.06249,0.00,0.00
2017.03.09 07:03:08.750,12.06009,12.06258,0.00,0.00
2017.03.09 07:03:08.905,12.06028,12.06258,0.00,0.00
2017.03.09 07:03:09.019,12.05998,12.06258,0.00,0.00
2017.03.09 07:03:09.258,12.05988,12.06258,0.00,0.00
2017.03.09 07:03:10.304,12.05988,12.06252,0.00,0.00
2017.03.09 07:03:10.377,12.05988,12.06258,0.00,0.00
2017.03.09 07:03:10.484,12.05988,12.06241,0.00,0.00
2017.03.09 07:03:10.577,12.05998,12.06258,0.00,0.00
2017.03.09 07:03:11.628,12.06018,12.06258,0.00,0.00
2017.03.09 07:03:11.680,12.05999,12.06258,0.00,0.00
2017.03.09 07:03:11.846,12.05988,12.06251,0.00,0.00
2017.03.09 07:03:11.897,12.05988,12.06248,0.00,0.00
2017.03.09 07:03:12.231,12.05998,12.06248,0.00,0.00
2017.03.09 07:03:12.789,12.06008,12.06248,0.00,0.00
2017.03.09 07:03:12.883,12.05989,12.06248,0.00,0.00
2017.03.09 07:03:12.984,12.06028,12.06248,0.00,0.00
2017.03.09 07:03:13.619,12.06038,12.06248,0.00,0.00
2017.03.09 07:03:13.726,12.06089,12.06321,0.00,0.00
2017.03.09 07:03:13.835,12.06099,12.06348,0.00,0.00
2017.03.09 07:03:14.015,12.06089,12.06348,0.00,0.00
2017.03.09 07:03:14.125,12.06098,12.06361,0.00,0.00
2017.03.09 07:03:14.186,12.06089,12.06341,0.00,0.00
2017.03.09 07:03:14.387,12.06089,12.06361,0.00,0.00
2017.03.09 07:03:14.525,12.06089,12.06321,0.00,0.00
2017.03.09 07:03:14.821,12.06089,12.06332,0.00,0.00
2017.03.09 07:03:15.124,12.06089,12.06311,0.00,0.00
2017.03.09 07:03:15.228,12.06089,12.06332,0.00,0.00
2017.03.09 07:03:15.413,12.06089,12.06321,0.00,0.00
2017.03.09 07:03:15.740,12.06089,12.06311,0.00,0.00
2017.03.09 07:03:16.200,12.06089,12.06292,0.00,0.00
2017.03.09 07:03:16.304,12.06089,12.06351,0.00,0.00
2017.03.09 07:03:16.417,12.06089,12.06361,0.00,0.00
2017.03.09 07:03:16.512,12.06098,12.06361,0.00,0.00
2017.03.09 07:03:16.793,12.06089,12.06361,0.00,0.00
2017.03.09 07:03:17.933,12.06059,12.06312,0.00,0.00
2017.03.09 07:03:18.140,12.06001,12.06262,0.00,0.00
2017.03.09 07:03:18.250,12.06088,12.06281,0.00,0.00
2017.03.09 07:03:18.300,12.06088,12.06321,0.00,0.00
2017.03.09 07:03:18.401,12.06048,12.06312,0.00,0.00
2017.03.09 07:03:18.452,12.06048,12.06291,0.00,0.00
2017.03.09 07:03:18.603,12.05988,12.06262,0.00,0.00
2017.03.09 07:03:18.728,12.06039,12.06281,0.00,0.00
2017.03.09 07:03:19.032,12.05989,12.06261,0.00,0.00
2017.03.09 07:03:19.593,12.06019,12.06261,0.00,0.00
2017.03.09 07:03:19.644,12.05999,12.06261,0.00,0.00
2017.03.09 07:03:20.930,12.05989,12.06261,0.00,0.00
2017.03.09 07:03:21.040,12.05999,12.06261,0.00,0.00
2017.03.09 07:03:23.106,12.06019,12.06261,0.00,0.00
2017.03.09 07:03:23.211,12.05989,12.06261,0.00,0.00
2017.03.09 07:03:23.364,12.05998,12.06261,0.00,0.00
2017.03.09 07:03:23.415,12.05989,12.06261,0.00,0.00
2017.03.09 07:03:23.507,12.05998,12.06261,0.00,0.00
2017.03.09 07:03:26.514,12.06009,12.06261,0.00,0.00
2017.03.09 07:03:26.821,12.06018,12.06261,0.00,0.00
2017.03.09 07:03:27.554,12.06008,12.06261,0.00,0.00
2017.03.09 07:03:27.659,12.05989,12.06261,0.00,0.00
2017.03.09 07:03:27.759,12.05989,12.06251,0.00,0.00
2017.03.09 07:03:27.915,12.05998,12.06261,0.00,0.00
2017.03.09 07:03:28.052,12.05989,12.06261,0.00,0.00
2017.03.09 07:03:28.328,12.06018,12.06261,0.00,0.00
2017.03.09 07:03:28.663,12.05989,12.06232,0.00,0.00
2017.03.09 07:03:28.717,12.05989,12.06251,0.00,0.00
2017.03.09 07:03:28.817,12.05989,12.06222,0.00,0.00
2017.03.09 07:03:28.958,12.05989,12.06232,0.00,0.00
2017.03.09 07:03:29.059,12.05989,12.06261,0.00,0.00
2017.03.09 07:03:29.118,12.05989,12.06252,0.00,0.00
2017.03.09 07:03:29.365,12.05989,12.06261,0.00,0.00
2017.03.09 07:03:29.419,12.05989,12.06231,0.00,0.00
2017.03.09 07:03:29.638,12.05989,12.06261,0.00,0.00
2017.03.09 07:03:29.739,12.05989,12.06232,0.00,0.00
2017.03.09 07:03:29.819,12.05989,12.06261,0.00,0.00
2017.03.09 07:03:29.921,12.05999,12.06261,0.00,0.00
2017.03.09 07:03:30.257,12.05989,12.06242,0.00,0.00
2017.03.09 07:03:30.364,12.05989,12.06261,0.00,0.00
2017.03.09 07:03:30.420,12.05989,12.06241,0.00,0.00
2017.03.09 07:03:30.668,12.05989,12.06252,0.00,0.00
2017.03.09 07:03:30.721,12.05989,12.06212,0.00,0.00
2017.03.09 07:03:30.827,12.05989,12.06261,0.00,0.00
2017.03.09 07:03:31.358,12.05989,12.06242,0.00,0.00
2017.03.09 07:03:31.470,12.05989,12.06261,0.00,0.00
2017.03.09 07:03:31.825,12.06008,12.06261,0.00,0.00
2017.03.09 07:03:31.924,12.05989,12.06261,0.00,0.00
2017.03.09 07:03:32.674,12.05989,12.06232,0.00,0.00
2017.03.09 07:03:32.826,12.05989,12.06242,0.00,0.00
2017.03.09 07:03:33.827,12.05989,12.06261,0.00,0.00
2017.03.09 07:03:34.128,12.05989,12.06232,0.00,0.00
2017.03.09 07:03:34.667,12.05989,12.06261,0.00,0.00
2017.03.09 07:03:35.129,12.05989,12.06232,0.00,0.00
2017.03.09 07:03:35.230,12.05989,12.06251,0.00,0.00
2017.03.09 07:03:35.331,12.05989,12.06261,0.00,0.00
2017.03.09 07:03:35.460,12.05989,12.06251,0.00,0.00
2017.03.09 07:03:35.531,12.05989,12.06261,0.00,0.00
2017.03.09 07:03:36.583,12.05989,12.06251,0.00,0.00
2017.03.09 07:03:36.851,12.05989,12.06261,0.00,0.00
2017.03.09 07:03:36.934,12.05989,12.06251,0.00,0.00
2017.03.09 07:03:37.134,12.05989,12.06261,0.00,0.00
2017.03.09 07:03:37.367,12.05989,12.06242,0.00,0.00
2017.03.09 07:03:37.748,12.05989,12.06261,0.00,0.00
2017.03.09 07:03:37.875,12.06008,12.06261,0.00,0.00
2017.03.09 07:03:37.937,12.05989,12.06261,0.00,0.00
2017.03.09 07:03:38.038,12.05989,12.06251,0.00,0.00
2017.03.09 07:03:38.960,12.05989,12.06261,0.00,0.00
2017.03.09 07:03:40.182,12.06008,12.06261,0.00,0.00
2017.03.09 07:03:40.342,12.05999,12.06261,0.00,0.00
2017.03.09 07:03:40.442,12.05989,12.06261,0.00,0.00
2017.03.09 07:03:40.947,12.06018,12.06261,0.00,0.00
2017.03.09 07:03:41.048,12.06038,12.06282,0.00,0.00
2017.03.09 07:03:41.167,12.06048,12.06312,0.00,0.00
2017.03.09 07:03:41.218,12.06088,12.06332,0.00,0.00
2017.03.09 07:03:41.268,12.06088,12.06349,0.00,0.00
2017.03.09 07:03:41.389,12.06088,12.06322,0.00,0.00
2017.03.09 07:03:41.647,12.06088,12.06332,0.00,0.00
2017.03.09 07:03:41.768,12.06088,12.06321,0.00,0.00
2017.03.09 07:03:41.978,12.06088,12.06352,0.00,0.00
2017.03.09 07:03:42.046,12.06088,12.06322,0.00,0.00
2017.03.09 07:03:42.146,12.06088,12.06331,0.00,0.00
2017.03.09 07:03:42.968,12.06088,12.06322,0.00,0.00
2017.03.09 07:03:43.047,12.06088,12.06342,0.00,0.00
2017.03.09 07:03:43.586,12.06088,12.06321,0.00,0.00
2017.03.09 07:03:43.688,12.06088,12.06341,0.00,0.00
2017.03.09 07:03:43.749,12.06088,12.06321,0.00,0.00
2017.03.09 07:03:43.848,12.06088,12.06342,0.00,0.00
2017.03.09 07:03:43.953,12.06068,12.06311,0.00,0.00
2017.03.09 07:03:44.057,12.05999,12.06262,0.00,0.00
2017.03.09 07:03:44.821,12.06039,12.06292,0.00,0.00
2017.03.09 07:03:45.054,12.05999,12.06262,0.00,0.00
2017.03.09 07:03:45.237,12.05999,12.06271,0.00,0.00
2017.03.09 07:03:45.291,12.06018,12.06271,0.00,0.00
2017.03.09 07:03:45.354,12.05999,12.06271,0.00,0.00
2017.03.09 07:03:45.466,12.06028,12.06271,0.00,0.00
2017.03.09 07:03:45.555,12.05999,12.06271,0.00,0.00
2017.03.09 07:03:46.271,12.06009,12.06271,0.00,0.00
2017.03.09 07:03:46.458,12.05999,12.06271,0.00,0.00
2017.03.09 07:03:46.631,12.06008,12.06271,0.00,0.00
2017.03.09 07:03:46.686,12.05999,12.06271,0.00,0.00
2017.03.09 07:03:46.759,12.06009,12.06271,0.00,0.00
2017.03.09 07:03:47.688,12.05999,12.06271,0.00,0.00
2017.03.09 07:03:47.807,12.06018,12.06271,0.00,0.00
2017.03.09 07:03:47.861,12.06008,12.06271,0.00,0.00
2017.03.09 07:03:48.002,12.05999,12.06271,0.00,0.00
2017.03.09 07:03:49.463,12.06008,12.06271,0.00,0.00
2017.03.09 07:03:49.577,12.05999,12.06271,0.00,0.00
2017.03.09 07:03:50.897,12.06008,12.06271,0.00,0.00
2017.03.09 07:03:50.998,12.05999,12.06271,0.00,0.00
2017.03.09 07:03:51.066,12.06009,12.06271,0.00,0.00
2017.03.09 07:03:51.471,12.05999,12.06271,0.00,0.00
2017.03.09 07:03:51.664,12.05999,12.06262,0.00,0.00
2017.03.09 07:03:51.715,12.05999,12.06271,0.00,0.00
2017.03.09 07:03:52.289,12.06008,12.06271,0.00,0.00
2017.03.09 07:03:52.659,12.05999,12.06242,0.00,0.00
2017.03.09 07:03:52.908,12.05999,12.06262,0.00,0.00
2017.03.09 07:03:52.970,12.05999,12.06232,0.00,0.00
2017.03.09 07:03:53.678,12.05999,12.06252,0.00,0.00
2017.03.09 07:03:55.297,12.05999,12.06241,0.00,0.00
2017.03.09 07:03:55.630,12.05999,12.06232,0.00,0.00
2017.03.09 07:03:55.680,12.05999,12.06261,0.00,0.00
2017.03.09 07:03:55.799,12.05999,12.06269,0.00,0.00
2017.03.09 07:03:55.875,12.05999,12.06262,0.00,0.00
2017.03.09 07:03:56.240,12.05999,12.06232,0.00,0.00
2017.03.09 07:03:56.290,12.05999,12.06262,0.00,0.00
2017.03.09 07:03:56.510,12.05999,12.06241,0.00,0.00
2017.03.09 07:03:56.576,12.05999,12.06261,0.00,0.00
2017.03.09 07:03:57.081,12.05999,12.06232,0.00,0.00
2017.03.09 07:03:57.330,12.05999,12.06251,0.00,0.00
2017.03.09 07:03:57.780,12.05999,12.06232,0.00,0.00
2017.03.09 07:03:58.182,12.05999,12.06241,0.00,0.00
2017.03.09 07:03:58.282,12.05999,12.06232,0.00,0.00
2017.03.09 07:03:58.382,12.05999,12.06271,0.00,0.00
2017.03.09 07:03:59.484,12.05999,12.06242,0.00,0.00
2017.03.09 07:03:59.584,12.05999,12.06261,0.00,0.00
2017.03.09 07:04:01.588,12.05999,12.06241,0.00,0.00
2017.03.09 07:04:01.718,12.05999,12.06262,0.00,0.00
2017.03.09 07:04:02.117,12.05999,12.06242,0.00,0.00
2017.03.09 07:04:02.290,12.05999,12.06271,0.00,0.00
2017.03.09 07:04:02.409,12.05999,12.06231,0.00,0.00
2017.03.09 07:04:02.490,12.05999,12.06251,0.00,0.00
2017.03.09 07:04:02.591,12.05999,12.06231,0.00,0.00
2017.03.09 07:04:02.734,12.05999,12.06252,0.00,0.00
2017.03.09 07:04:02.903,12.05999,12.06231,0.00,0.00
2017.03.09 07:04:02.992,12.05999,12.06271,0.00,0.00
2017.03.09 07:04:03.200,12.05999,12.06261,0.00,0.00
2017.03.09 07:04:03.418,12.05999,12.06271,0.00,0.00
2017.03.09 07:04:03.594,12.06008,12.06271,0.00,0.00
2017.03.09 07:04:04.294,12.05999,12.06262,0.00,0.00
2017.03.09 07:04:04.345,12.05999,12.06271,0.00,0.00
2017.03.09 07:04:04.497,12.06018,12.06271,0.00,0.00
2017.03.09 07:04:04.597,12.05999,12.06271,0.00,0.00
2017.03.09 07:04:04.724,12.06008,12.06271,0.00,0.00
2017.03.09 07:04:05.517,12.05999,12.06252,0.00,0.00
2017.03.09 07:04:05.800,12.05999,12.06271,0.00,0.00
2017.03.09 07:04:06.100,12.05999,12.06242,0.00,0.00
2017.03.09 07:04:06.201,12.06009,12.06271,0.00,0.00
2017.03.09 07:04:06.501,12.05999,12.06252,0.00,0.00
2017.03.09 07:04:06.601,12.05999,12.06262,0.00,0.00
2017.03.09 07:04:06.802,12.06019,12.06271,0.00,0.00
2017.03.09 07:04:06.952,12.06008,12.06271,0.00,0.00
2017.03.09 07:04:07.304,12.05999,12.06261,0.00,0.00
2017.03.09 07:04:07.656,12.05999,12.06252,0.00,0.00
2017.03.09 07:04:07.706,12.06009,12.06269,0.00,0.00
2017.03.09 07:04:07.810,12.05999,12.06252,0.00,0.00
2017.03.09 07:04:08.315,12.05999,12.06271,0.00,0.00
2017.03.09 07:04:08.366,12.06048,12.06281,0.00,0.00
2017.03.09 07:04:08.607,12.06098,12.06332,0.00,0.00
2017.03.09 07:04:08.718,12.06098,12.06338,0.00,0.00
2017.03.09 07:04:08.892,12.06098,12.06351,0.00,0.00
2017.03.09 07:04:09.048,12.06098,12.06342,0.00,0.00
2017.03.09 07:04:09.601,12.06058,12.06321,0.00,0.00
2017.03.09 07:04:09.651,12.06088,12.06291,0.00,0.00
2017.03.09 07:04:09.752,12.06019,12.06272,0.00,0.00
2017.03.09 07:04:09.859,12.05998,12.06272,0.00,0.00
2017.03.09 07:04:10.833,12.06049,12.06272,0.00,0.00
2017.03.09 07:04:10.934,12.06098,12.06322,0.00,0.00
2017.03.09 07:04:11.064,12.06098,12.06361,0.00,0.00
2017.03.09 07:04:11.207,12.06098,12.06372,0.00,0.00
2017.03.09 07:04:11.258,12.06078,12.06321,0.00,0.00
2017.03.09 07:04:11.365,12.06099,12.06371,0.00,0.00
2017.03.09 07:04:11.415,12.06099,12.06302,0.00,0.00
2017.03.09 07:04:11.527,12.06099,12.06332,0.00,0.00
2017.03.09 07:04:11.615,12.06099,12.06351,0.00,0.00
2017.03.09 07:04:12.426,12.06099,12.06322,0.00,0.00
2017.03.09 07:04:12.477,12.06048,12.06289,0.00,0.00
2017.03.09 07:04:12.527,12.06058,12.06289,0.00,0.00
2017.03.09 07:04:12.628,12.06019,12.06272,0.00,0.00
2017.03.09 07:04:12.718,12.05998,12.06271,0.00,0.00
2017.03.09 07:04:13.758,12.06029,12.06272,0.00,0.00
2017.03.09 07:04:13.820,12.06008,12.06272,0.00,0.00
2017.03.09 07:04:13.920,12.06018,12.06272,0.00,0.00
2017.03.09 07:04:14.020,12.06008,12.06272,0.00,0.00
2017.03.09 07:04:16.124,12.05998,12.06272,0.00,0.00
2017.03.09 07:04:16.525,12.06018,12.06272,0.00,0.00
2017.03.09 07:04:16.661,12.05998,12.06272,0.00,0.00
2017.03.09 07:04:18.355,12.05998,12.06261,0.00,0.00
2017.03.09 07:04:18.790,12.05998,12.06231,0.00,0.00
2017.03.09 07:04:18.932,12.05998,12.06242,0.00,0.00
2017.03.09 07:04:19.464,12.05998,12.06221,0.00,0.00
2017.03.09 07:04:20.059,12.05998,12.06262,0.00,0.00
2017.03.09 07:04:20.172,12.05999,12.06269,0.00,0.00
2017.03.09 07:04:20.235,12.05998,12.06262,0.00,0.00
2017.03.09 07:04:21.637,12.05998,12.06252,0.00,0.00
2017.03.09 07:04:22.035,12.05998,12.06232,0.00,0.00
2017.03.09 07:04:22.762,12.05998,12.06262,0.00,0.00
2017.03.09 07:04:25.357,12.05998,12.06272,0.00,0.00
2017.03.09 07:04:25.442,12.05998,12.06232,0.00,0.00
2017.03.09 07:04:26.144,12.05998,12.06242,0.00,0.00
2017.03.09 07:04:26.379,12.05998,12.06261,0.00,0.00
2017.03.09 07:04:27.796,12.05998,12.06271,0.00,0.00
2017.03.09 07:04:27.848,12.05998,12.06252,0.00,0.00
2017.03.09 07:04:28.359,12.05998,12.06232,0.00,0.00
2017.03.09 07:04:28.448,12.05998,12.06242,0.00,0.00
2017.03.09 07:04:28.962,12.05998,12.06251,0.00,0.00
2017.03.09 07:04:29.063,12.05998,12.06242,0.00,0.00
2017.03.09 07:04:30.252,12.05998,12.06271,0.00,0.00
2017.03.09 07:04:30.763,12.05998,12.06262,0.00,0.00
2017.03.09 07:04:31.253,12.05998,12.06232,0.00,0.00
2017.03.09 07:04:31.354,12.05998,12.06251,0.00,0.00
2017.03.09 07:04:31.455,12.05998,12.06232,0.00,0.00
2017.03.09 07:04:31.559,12.05998,12.06242,0.00,0.00
2017.03.09 07:04:32.056,12.05998,12.06232,0.00,0.00
2017.03.09 07:04:32.356,12.05998,12.06242,0.00,0.00
2017.03.09 07:04:35.963,12.05998,12.06252,0.00,0.00
2017.03.09 07:04:36.075,12.05998,12.06222,0.00,0.00
2017.03.09 07:04:36.178,12.05998,12.06231,0.00,0.00
2017.03.09 07:04:36.280,12.05998,12.06262,0.00,0.00
2017.03.09 07:04:37.065,12.05998,12.06231,0.00,0.00
2017.03.09 07:04:37.587,12.05998,12.06222,0.00,0.00
2017.03.09 07:04:38.517,12.05998,12.06261,0.00,0.00
2017.03.09 07:04:38.967,12.05998,12.06252,0.00,0.00
2017.03.09 07:04:39.368,12.05998,12.06222,0.00,0.00
2017.03.09 07:04:40.373,12.05998,12.06242,0.00,0.00
2017.03.09 07:04:40.470,12.05998,12.06261,0.00,0.00
2017.03.09 07:04:42.297,12.05998,12.06272,0.00,0.00
2017.03.09 07:04:42.374,12.05998,12.06242,0.00,0.00
2017.03.09 07:04:42.673,12.05998,12.06261,0.00,0.00
2017.03.09 07:04:42.883,12.05998,12.06222,0.00,0.00
2017.03.09 07:04:43.010,12.05998,12.06242,0.00,0.00
2017.03.09 07:04:43.123,12.05998,12.06221,0.00,0.00
2017.03.09 07:04:43.224,12.05998,12.06232,0.00,0.00
2017.03.09 07:04:43.275,12.05998,12.06221,0.00,0.00
2017.03.09 07:04:43.714,12.05998,12.06241,0.00,0.00
2017.03.09 07:04:43.776,12.05998,12.06262,0.00,0.00
2017.03.09 07:04:44.377,12.05998,12.06242,0.00,0.00
2017.03.09 07:04:44.715,12.05998,12.06262,0.00,0.00
2017.03.09 07:04:44.777,12.05998,12.06251,0.00,0.00
2017.03.09 07:04:45.078,12.05998,12.06262,0.00,0.00
2017.03.09 07:04:45.192,12.05998,12.06232,0.00,0.00
2017.03.09 07:04:45.379,12.05998,12.06262,0.00,0.00
2017.03.09 07:04:45.522,12.05998,12.06241,0.00,0.00
2017.03.09 07:04:49.484,12.05998,12.06272,0.00,0.00
2017.03.09 07:04:49.559,12.05998,12.06268,0.00,0.00
2017.03.09 07:04:49.885,12.05998,12.06252,0.00,0.00
2017.03.09 07:04:49.989,12.05998,12.06261,0.00,0.00
2017.03.09 07:04:50.103,12.05998,12.06252,0.00,0.00
2017.03.09 07:04:50.217,12.05998,12.06268,0.00,0.00
2017.03.09 07:04:50.286,12.05998,12.06261,0.00,0.00
2017.03.09 07:04:50.477,12.05998,12.06268,0.00,0.00
2017.03.09 07:04:50.587,12.05998,12.06261,0.00,0.00
2017.03.09 07:04:50.692,12.05998,12.06271,0.00,0.00
2017.03.09 07:04:50.807,12.05998,12.06252,0.00,0.00
2017.03.09 07:04:51.022,12.05998,12.06271,0.00,0.00
2017.03.09 07:04:51.137,12.05998,12.06242,0.00,0.00
2017.03.09 07:04:51.473,12.06098,12.06232,0.00,0.00
2017.03.09 07:04:51.524,12.06098,12.06362,0.00,0.00
2017.03.09 07:04:51.690,12.06098,12.06321,0.00,0.00
2017.03.09 07:04:51.797,12.06098,12.06361,0.00,0.00
2017.03.09 07:04:51.903,12.06098,12.06331,0.00,0.00
2017.03.09 07:04:51.991,12.06098,12.06361,0.00,0.00
2017.03.09 07:04:52.127,12.06098,12.06341,0.00,0.00
2017.03.09 07:04:52.492,12.06098,12.06362,0.00,0.00
2017.03.09 07:04:52.592,12.06098,12.06342,0.00,0.00
2017.03.09 07:04:53.514,12.06098,12.06362,0.00,0.00
2017.03.09 07:04:54.995,12.06098,12.06361,0.00,0.00
2017.03.09 07:04:55.096,12.06098,12.06352,0.00,0.00
2017.03.09 07:04:56.098,12.06098,12.06371,0.00,0.00
2017.03.09 07:04:56.398,12.06098,12.06352,0.00,0.00
2017.03.09 07:04:56.833,12.06099,12.06372,0.00,0.00
2017.03.09 07:04:56.899,12.06098,12.06341,0.00,0.00
2017.03.09 07:04:57.815,12.06098,12.06332,0.00,0.00
2017.03.09 07:04:57.934,12.06098,12.06341,0.00,0.00
2017.03.09 07:04:59.038,12.06098,12.06342,0.00,0.00
2017.03.09 07:04:59.139,12.06098,12.06321,0.00,0.00
2017.03.09 07:04:59.244,12.06098,12.06331,0.00,0.00
2017.03.09 07:04:59.304,12.06098,12.06321,0.00,0.00
2017.03.09 07:04:59.404,12.06098,12.06342,0.00,0.00
2017.03.09 07:04:59.505,12.06098,12.06362,0.00,0.00
2017.03.09 07:04:59.604,12.06098,12.06342,0.00,0.00
2017.03.09 07:05:00.231,12.06098,12.06332,0.00,0.00
2017.03.09 07:05:00.337,12.06098,12.06342,0.00,0.00
2017.03.09 07:05:00.507,12.06098,12.06322,0.00,0.00
2017.03.09 07:05:00.846,12.06098,12.06352,0.00,0.00
2017.03.09 07:05:00.907,12.06098,12.06332,0.00,0.00
2017.03.09 07:05:02.014,12.06098,12.06322,0.00,0.00
2017.03.09 07:05:02.114,12.06098,12.06331,0.00,0.00
2017.03.09 07:05:02.658,12.06098,12.06332,0.00,0.00
2017.03.09 07:05:02.715,12.06098,12.06341,0.00,0.00
2017.03.09 07:05:02.816,12.06098,12.06312,0.00,0.00
2017.03.09 07:05:02.959,12.06098,12.06332,0.00,0.00
2017.03.09 07:05:04.620,12.06098,12.06352,0.00,0.00
2017.03.09 07:05:04.756,12.06098,12.06332,0.00,0.00
2017.03.09 07:05:05.433,12.06098,12.06321,0.00,0.00
2017.03.09 07:05:05.521,12.06098,12.06332,0.00,0.00
2017.03.09 07:05:05.621,12.06098,12.06352,0.00,0.00
2017.03.09 07:05:06.222,12.06098,12.06341,0.00,0.00
2017.03.09 07:05:06.735,12.06199,12.06341,0.00,0.00
2017.03.09 07:05:06.836,12.06199,12.06381,0.00,0.00
2017.03.09 07:05:06.962,12.06199,12.06452,0.00,0.00
2017.03.09 07:05:07.067,12.06199,12.06441,0.00,0.00
2017.03.09 07:05:07.675,12.06199,12.06431,0.00,0.00
2017.03.09 07:05:08.977,12.06199,12.06412,0.00,0.00
2017.03.09 07:05:09.131,12.06199,12.06441,0.00,0.00
2017.03.09 07:05:09.231,12.06199,12.06421,0.00,0.00
2017.03.09 07:05:10.146,12.06199,12.06451,0.00,0.00
2017.03.09 07:05:10.255,12.06199,12.06431,0.00,0.00
2017.03.09 07:05:10.406,12.06198,12.06451,0.00,0.00
2017.03.09 07:05:10.457,12.06209,12.06472,0.00,0.00
2017.03.09 07:05:10.534,12.06199,12.06472,0.00,0.00
2017.03.09 07:05:10.635,12.06198,12.06451,0.00,0.00
2017.03.09 07:05:10.843,12.06198,12.06471,0.00,0.00
2017.03.09 07:05:10.936,12.06198,12.06461,0.00,0.00
2017.03.09 07:05:11.437,12.06198,12.06452,0.00,0.00
2017.03.09 07:05:11.617,12.06198,12.06472,0.00,0.00
2017.03.09 07:05:11.668,12.06198,12.06442,0.00,0.00
2017.03.09 07:05:12.479,12.06198,12.06462,0.00,0.00
2017.03.09 07:05:12.540,12.06198,12.06441,0.00,0.00
2017.03.09 07:05:13.060,12.06198,12.06462,0.00,0.00
2017.03.09 07:05:13.141,12.06198,12.06442,0.00,0.00
2017.03.09 07:05:13.241,12.06198,12.06472,0.00,0.00
2017.03.09 07:05:16.462,12.06198,12.06451,0.00,0.00
2017.03.09 07:05:19.700,12.06198,12.06472,0.00,0.00
2017.03.09 07:05:19.922,12.06248,12.06482,0.00,0.00
2017.03.09 07:05:19.972,12.06248,12.06491,0.00,0.00
2017.03.09 07:05:20.073,12.06298,12.06548,0.00,0.00
2017.03.09 07:05:20.288,12.06298,12.06521,0.00,0.00
2017.03.09 07:05:20.353,12.06298,12.06541,0.00,0.00
2017.03.09 07:05:20.553,12.06298,12.06548,0.00,0.00
2017.03.09 07:05:20.604,12.06298,12.06552,0.00,0.00
2017.03.09 07:05:20.999,12.06298,12.06541,0.00,0.00
2017.03.09 07:05:21.771,12.06298,12.06568,0.00,0.00
2017.03.09 07:05:21.855,12.06298,12.06551,0.00,0.00
2017.03.09 07:05:22.491,12.06298,12.06568,0.00,0.00
2017.03.09 07:05:22.556,12.06298,12.06532,0.00,0.00
2017.03.09 07:05:22.762,12.06298,12.06568,0.00,0.00
2017.03.09 07:05:22.857,12.06308,12.06568,0.00,0.00
2017.03.09 07:05:23.106,12.06298,12.06561,0.00,0.00
2017.03.09 07:05:23.158,12.06298,12.06512,0.00,0.00
2017.03.09 07:05:23.347,12.06298,12.06542,0.00,0.00
2017.03.09 07:05:23.399,12.06298,12.06512,0.00,0.00
2017.03.09 07:05:23.459,12.06298,12.06521,0.00,0.00
2017.03.09 07:05:25.161,12.06298,12.06512,0.00,0.00
2017.03.09 07:05:25.394,12.06298,12.06522,0.00,0.00
2017.03.09 07:05:25.461,12.06298,12.06511,0.00,0.00
2017.03.09 07:05:27.382,12.06298,12.06532,0.00,0.00
2017.03.09 07:05:27.465,12.06298,12.06512,0.00,0.00
2017.03.09 07:05:27.567,12.06298,12.06542,0.00,0.00
2017.03.09 07:05:27.684,12.06298,12.06502,0.00,0.00
2017.03.09 07:05:28.591,12.06218,12.06472,0.00,0.00
2017.03.09 07:05:28.700,12.06269,12.06472,0.00,0.00
2017.03.09 07:05:28.807,12.06248,12.06462,0.00,0.00
2017.03.09 07:05:28.910,12.06299,12.06472,0.00,0.00
2017.03.09 07:05:28.968,12.06299,12.06541,0.00,0.00
2017.03.09 07:05:29.168,12.06299,12.06521,0.00,0.00
2017.03.09 07:05:30.178,12.06299,12.06532,0.00,0.00
2017.03.09 07:05:30.270,12.06299,12.06511,0.00,0.00
2017.03.09 07:05:30.620,12.06229,12.06471,0.00,0.00
2017.03.09 07:05:30.801,12.06199,12.06461,0.00,0.00
2017.03.09 07:05:30.971,12.06199,12.06471,0.00,0.00
2017.03.09 07:05:31.171,12.06199,12.06462,0.00,0.00
2017.03.09 07:05:31.501,12.06208,12.06471,0.00,0.00
2017.03.09 07:05:31.978,12.06228,12.06471,0.00,0.00
2017.03.09 07:05:33.257,12.06249,12.06492,0.00,0.00
2017.03.09 07:05:33.407,12.06298,12.06562,0.00,0.00
2017.03.09 07:05:33.599,12.06298,12.06542,0.00,0.00
2017.03.09 07:05:33.816,12.06298,12.06552,0.00,0.00
2017.03.09 07:05:33.876,12.06298,12.06532,0.00,0.00
2017.03.09 07:05:34.181,12.06298,12.06562,0.00,0.00
2017.03.09 07:05:34.306,12.06298,12.06542,0.00,0.00
2017.03.09 07:05:34.377,12.06298,12.06562,0.00,0.00
2017.03.09 07:05:34.496,12.06298,12.06522,0.00,0.00
2017.03.09 07:05:35.278,12.06299,12.06569,0.00,0.00
2017.03.09 07:05:35.379,12.06298,12.06531,0.00,0.00
2017.03.09 07:05:35.879,12.06298,12.06512,0.00,0.00
2017.03.09 07:05:35.994,12.06298,12.06551,0.00,0.00
2017.03.09 07:05:37.989,12.06298,12.06522,0.00,0.00
2017.03.09 07:05:38.102,12.06298,12.06562,0.00,0.00
2017.03.09 07:05:39.520,12.06298,12.06569,0.00,0.00
2017.03.09 07:05:39.586,12.06298,12.06541,0.00,0.00
2017.03.09 07:05:39.902,12.06199,12.06471,0.00,0.00
2017.03.09 07:05:40.002,12.06199,12.06442,0.00,0.00
2017.03.09 07:05:40.326,12.06199,12.06471,0.00,0.00
2017.03.09 07:05:40.387,12.06199,12.06432,0.00,0.00
2017.03.09 07:05:40.698,12.06199,12.06422,0.00,0.00
2017.03.09 07:05:41.393,12.06199,12.06451,0.00,0.00
2017.03.09 07:05:41.489,12.06199,12.06431,0.00,0.00
2017.03.09 07:05:42.395,12.06199,12.06412,0.00,0.00
2017.03.09 07:05:43.524,12.06199,12.06461,0.00,0.00
2017.03.09 07:05:43.797,12.06199,12.06421,0.00,0.00
2017.03.09 07:05:43.898,12.06199,12.06441,0.00,0.00
2017.03.09 07:05:44.303,12.06199,12.06422,0.00,0.00
2017.03.09 07:05:44.392,12.06199,12.06432,0.00,0.00
2017.03.09 07:05:45.611,12.06199,12.06452,0.00,0.00
2017.03.09 07:05:45.695,12.06199,12.06421,0.00,0.00
2017.03.09 07:05:45.843,12.06199,12.06452,0.00,0.00
2017.03.09 07:05:45.944,12.06199,12.06422,0.00,0.00
2017.03.09 07:05:45.995,12.06199,12.06442,0.00,0.00
2017.03.09 07:05:46.098,12.06199,12.06432,0.00,0.00
2017.03.09 07:05:46.196,12.06199,12.06442,0.00,0.00
2017.03.09 07:05:46.488,12.06199,12.06462,0.00,0.00
2017.03.09 07:05:46.538,12.06199,12.06442,0.00,0.00
2017.03.09 07:05:48.237,12.06199,12.06432,0.00,0.00
2017.03.09 07:05:48.300,12.06199,12.06452,0.00,0.00
2017.03.09 07:05:48.842,12.06199,12.06468,0.00,0.00
2017.03.09 07:05:48.943,12.06199,12.06442,0.00,0.00
2017.03.09 07:05:49.126,12.06199,12.06461,0.00,0.00
2017.03.09 07:05:49.502,12.06199,12.06468,0.00,0.00
2017.03.09 07:05:49.603,12.06199,12.06462,0.00,0.00
2017.03.09 07:05:49.705,12.06199,12.06468,0.00,0.00
2017.03.09 07:05:51.335,12.06228,12.06468,0.00,0.00
2017.03.09 07:05:51.386,12.06228,12.06471,0.00,0.00
2017.03.09 07:05:51.436,12.06199,12.06442,0.00,0.00
2017.03.09 07:05:51.706,12.06199,12.06461,0.00,0.00
2017.03.09 07:05:51.954,12.06208,12.06471,0.00,0.00
2017.03.09 07:05:52.057,12.06199,12.06462,0.00,0.00
2017.03.09 07:05:52.561,12.06199,12.06461,0.00,0.00
2017.03.09 07:05:52.951,12.06199,12.06442,0.00,0.00
2017.03.09 07:05:53.008,12.06199,12.06461,0.00,0.00
2017.03.09 07:05:53.709,12.06199,12.06441,0.00,0.00
2017.03.09 07:05:54.110,12.06219,12.06471,0.00,0.00
2017.03.09 07:05:54.210,12.06199,12.06431,0.00,0.00
2017.03.09 07:05:54.511,12.06199,12.06452,0.00,0.00
2017.03.09 07:05:55.523,12.06199,12.06432,0.00,0.00
2017.03.09 07:05:55.624,12.06199,12.06452,0.00,0.00
2017.03.09 07:05:55.813,12.06199,12.06432,0.00,0.00
2017.03.09 07:05:56.414,12.06199,12.06451,0.00,0.00
2017.03.09 07:05:58.340,12.06199,12.06441,0.00,0.00
2017.03.09 07:05:58.417,12.06199,12.06462,0.00,0.00
2017.03.09 07:05:58.526,12.06199,12.06471,0.00,0.00
2017.03.09 07:05:59.533,12.06218,12.06471,0.00,0.00
2017.03.09 07:05:59.618,12.06199,12.06462,0.00,0.00
2017.03.09 07:06:00.420,12.06199,12.06442,0.00,0.00
2017.03.09 07:06:00.646,12.06158,12.06421,0.00,0.00
2017.03.09 07:06:00.747,12.06168,12.06372,0.00,0.00
2017.03.09 07:06:00.821,12.06098,12.06352,0.00,0.00
2017.03.09 07:06:01.021,12.06108,12.06372,0.00,0.00
2017.03.09 07:06:01.142,12.06098,12.06352,0.00,0.00
2017.03.09 07:06:01.242,12.06098,12.06362,0.00,0.00
2017.03.09 07:06:01.453,12.06098,12.06341,0.00,0.00
2017.03.09 07:06:02.821,12.06059,12.06322,0.00,0.00
2017.03.09 07:06:02.922,12.06059,12.06272,0.00,0.00
2017.03.09 07:06:02.973,12.06048,12.06272,0.00,0.00
2017.03.09 07:06:03.025,12.05998,12.06271,0.00,0.00
2017.03.09 07:06:03.455,12.06008,12.06272,0.00,0.00
2017.03.09 07:06:03.783,12.05998,12.06262,0.00,0.00
2017.03.09 07:06:03.947,12.05999,12.06272,0.00,0.00
2017.03.09 07:06:04.026,12.06018,12.06272,0.00,0.00
2017.03.09 07:06:04.327,12.05998,12.06262,0.00,0.00
2017.03.09 07:06:04.440,12.06009,12.06272,0.00,0.00
2017.03.09 07:06:04.541,12.05999,12.06272,0.00,0.00
2017.03.09 07:06:04.728,12.05998,12.06261,0.00,0.00
2017.03.09 07:06:05.631,12.06019,12.06272,0.00,0.00
2017.03.09 07:06:05.730,12.05998,12.06272,0.00,0.00
2017.03.09 07:06:05.832,12.05998,12.06262,0.00,0.00
2017.03.09 07:06:06.148,12.06008,12.06272,0.00,0.00
2017.03.09 07:06:06.341,12.05998,12.06271,0.00,0.00
2017.03.09 07:06:08.783,12.06019,12.06272,0.00,0.00
2017.03.09 07:06:09.089,12.06099,12.06349,0.00,0.00
2017.03.09 07:06:09.647,12.06099,12.06371,0.00,0.00
2017.03.09 07:06:10.660,12.06108,12.06371,0.00,0.00
2017.03.09 07:06:11.062,12.06119,12.06371,0.00,0.00
2017.03.09 07:06:11.538,12.06108,12.06371,0.00,0.00
2017.03.09 07:06:13.667,12.06198,12.06402,0.00,0.00
2017.03.09 07:06:13.742,12.06198,12.06449,0.00,0.00
2017.03.09 07:06:14.348,12.06198,12.06471,0.00,0.00
2017.03.09 07:06:15.244,12.06198,12.06472,0.00,0.00
2017.03.09 07:06:15.391,12.06198,12.06461,0.00,0.00
2017.03.09 07:06:15.571,12.06208,12.06472,0.00,0.00
2017.03.09 07:06:15.646,12.06198,12.06471,0.00,0.00
2017.03.09 07:06:15.747,12.06198,12.06442,0.00,0.00
2017.03.09 07:06:16.096,12.06198,12.06412,0.00,0.00
2017.03.09 07:06:16.467,12.06162,12.06402,0.00,0.00
2017.03.09 07:06:16.568,12.06099,12.06342,0.00,0.00
2017.03.09 07:06:18.499,12.06099,12.06371,0.00,0.00
2017.03.09 07:06:18.602,12.06099,12.06362,0.00,0.00
2017.03.09 07:06:18.975,12.06099,12.06371,0.00,0.00
2017.03.09 07:06:19.050,12.06109,12.06371,0.00,0.00
2017.03.09 07:06:19.362,12.06099,12.06362,0.00,0.00
2017.03.09 07:06:19.481,12.06099,12.06341,0.00,0.00
2017.03.09 07:06:20.202,12.06099,12.06351,0.00,0.00
2017.03.09 07:06:20.253,12.06109,12.06371,0.00,0.00
2017.03.09 07:06:20.503,12.06099,12.06371,0.00,0.00
2017.03.09 07:06:20.553,12.06108,12.06371,0.00,0.00
2017.03.09 07:06:20.700,12.06099,12.06371,0.00,0.00
2017.03.09 07:06:21.469,12.06109,12.06371,0.00,0.00
2017.03.09 07:06:21.777,12.06099,12.06362,0.00,0.00
2017.03.09 07:06:21.855,12.06099,12.06371,0.00,0.00
2017.03.09 07:06:21.974,12.06109,12.06371,0.00,0.00
2017.03.09 07:06:22.055,12.06099,12.06371,0.00,0.00
2017.03.09 07:06:22.283,12.06099,12.06351,0.00,0.00
2017.03.09 07:06:22.355,12.06099,12.06371,0.00,0.00
2017.03.09 07:06:22.856,12.06099,12.06361,0.00,0.00
2017.03.09 07:06:23.056,12.06108,12.06371,0.00,0.00
2017.03.09 07:06:23.157,12.06099,12.06371,0.00,0.00
2017.03.09 07:06:23.657,12.06099,12.06352,0.00,0.00
2017.03.09 07:06:23.779,12.06099,12.06361,0.00,0.00
2017.03.09 07:06:24.158,12.06099,12.06371,0.00,0.00
2017.03.09 07:06:24.561,12.06099,12.06361,0.00,0.00
2017.03.09 07:06:25.255,12.06099,12.06359,0.00,0.00
2017.03.09 07:06:25.708,12.05998,12.06242,0.00,0.00
2017.03.09 07:06:25.760,12.05998,12.06262,0.00,0.00
2017.03.09 07:06:25.865,12.05998,12.06272,0.00,0.00
2017.03.09 07:06:25.960,12.05998,12.06261,0.00,0.00
2017.03.09 07:06:26.861,12.05998,12.06272,0.00,0.00
2017.03.09 07:06:26.962,12.05998,12.06242,0.00,0.00
2017.03.09 07:06:27.771,12.05998,12.06261,0.00,0.00
2017.03.09 07:06:30.379,12.05998,12.06241,0.00,0.00
2017.03.09 07:06:30.768,12.05998,12.06252,0.00,0.00
2017.03.09 07:06:30.869,12.05998,12.06242,0.00,0.00
2017.03.09 07:06:30.972,12.05999,12.06272,0.00,0.00
2017.03.09 07:06:31.072,12.06019,12.06272,0.00,0.00
2017.03.09 07:06:31.277,12.05999,12.06272,0.00,0.00
2017.03.09 07:06:31.595,12.06008,12.06272,0.00,0.00
2017.03.09 07:06:32.400,12.06049,12.06311,0.00,0.00
2017.03.09 07:06:32.519,12.06099,12.06371,0.00,0.00
2017.03.09 07:06:32.672,12.06099,12.06352,0.00,0.00
2017.03.09 07:06:32.909,12.06099,12.06371,0.00,0.00
2017.03.09 07:06:36.377,12.06099,12.06342,0.00,0.00
2017.03.09 07:06:37.211,12.06099,12.06371,0.00,0.00
2017.03.09 07:06:37.482,12.06099,12.06362,0.00,0.00
2017.03.09 07:06:37.594,12.06099,12.06371,0.00,0.00
2017.03.09 07:06:37.950,12.06198,12.06372,0.00,0.00
2017.03.09 07:06:38.101,12.06198,12.06471,0.00,0.00
2017.03.09 07:06:38.530,12.06198,12.06452,0.00,0.00
2017.03.09 07:06:39.983,12.06198,12.06472,0.00,0.00
2017.03.09 07:06:40.084,12.06198,12.06442,0.00,0.00
2017.03.09 07:06:40.210,12.06198,12.06462,0.00,0.00
2017.03.09 07:06:40.284,12.06198,12.06472,0.00,0.00
2017.03.09 07:06:40.410,12.06198,12.06442,0.00,0.00
2017.03.09 07:06:40.896,12.06198,12.06431,0.00,0.00
2017.03.09 07:06:41.856,12.06149,12.06422,0.00,0.00
2017.03.09 07:06:41.907,12.06158,12.06422,0.00,0.00
2017.03.09 07:06:42.307,12.06098,12.06352,0.00,0.00
2017.03.09 07:06:42.415,12.06098,12.06361,0.00,0.00
2017.03.09 07:06:42.488,12.06098,12.06352,0.00,0.00
2017.03.09 07:06:43.590,12.06098,12.06341,0.00,0.00
2017.03.09 07:06:43.690,12.06098,12.06372,0.00,0.00
2017.03.09 07:06:49.206,12.06098,12.06352,0.00,0.00
2017.03.09 07:06:49.427,12.06098,12.06371,0.00,0.00
2017.03.09 07:06:49.831,12.06098,12.06342,0.00,0.00
2017.03.09 07:06:49.901,12.06098,12.06362,0.00,0.00
2017.03.09 07:07:00.248,12.06098,12.06341,0.00,0.00
2017.03.09 07:07:00.357,12.06099,12.06372,0.00,0.00
2017.03.09 07:07:00.515,12.06098,12.06351,0.00,0.00
2017.03.09 07:07:06.530,12.06098,12.06372,0.00,0.00
2017.03.09 07:07:06.732,12.06108,12.06372,0.00,0.00
2017.03.09 07:07:07.839,12.06098,12.06352,0.00,0.00
2017.03.09 07:07:08.025,12.06098,12.06371,0.00,0.00
2017.03.09 07:07:12.732,12.06118,12.06372,0.00,0.00
2017.03.09 07:07:13.075,12.06162,12.06412,0.00,0.00
2017.03.09 07:07:13.454,12.06198,12.06449,0.00,0.00
2017.03.09 07:07:13.555,12.06208,12.06449,0.00,0.00
2017.03.09 07:07:13.609,12.06208,12.06472,0.00,0.00
2017.03.09 07:07:13.659,12.06272,12.06501,0.00,0.00
2017.03.09 07:07:13.874,12.06298,12.06548,0.00,0.00
2017.03.09 07:07:14.171,12.06298,12.06542,0.00,0.00
2017.03.09 07:07:15.479,12.06298,12.06537,0.00,0.00
2017.03.09 07:07:15.583,12.06298,12.06552,0.00,0.00
2017.03.09 07:07:16.741,12.06298,12.06546,0.00,0.00
2017.03.09 07:07:17.240,12.06298,12.06552,0.00,0.00
2017.03.09 07:07:17.341,12.06299,12.06572,0.00,0.00
2017.03.09 07:07:18.269,12.06298,12.06571,0.00,0.00
2017.03.09 07:07:18.581,12.06308,12.06572,0.00,0.00
2017.03.09 07:07:18.895,12.06319,12.06572,0.00,0.00
2017.03.09 07:07:19.312,12.06398,12.06601,0.00,0.00
2017.03.09 07:07:19.492,12.06398,12.06648,0.00,0.00
2017.03.09 07:07:20.088,12.06398,12.06672,0.00,0.00
2017.03.09 07:07:21.372,12.06409,12.06672,0.00,0.00
2017.03.09 07:07:21.474,12.06399,12.06672,0.00,0.00
2017.03.09 07:07:21.594,12.06498,12.06701,0.00,0.00
2017.03.09 07:07:21.749,12.06498,12.06762,0.00,0.00
2017.03.09 07:07:21.950,12.06498,12.06731,0.00,0.00
2017.03.09 07:07:22.095,12.06498,12.06742,0.00,0.00
2017.03.09 07:07:22.702,12.06508,12.06772,0.00,0.00
2017.03.09 07:07:22.752,12.06498,12.06761,0.00,0.00
2017.03.09 07:07:23.205,12.06498,12.06771,0.00,0.00
2017.03.09 07:07:23.256,12.06498,12.06762,0.00,0.00
2017.03.09 07:07:23.967,12.06498,12.06751,0.00,0.00
2017.03.09 07:07:24.104,12.06509,12.06772,0.00,0.00
2017.03.09 07:07:24.155,12.06498,12.06772,0.00,0.00
2017.03.09 07:07:24.315,12.06498,12.06751,0.00,0.00
2017.03.09 07:07:24.366,12.06498,12.06772,0.00,0.00
2017.03.09 07:07:24.456,12.06518,12.06772,0.00,0.00
2017.03.09 07:07:24.693,12.06499,12.06772,0.00,0.00
2017.03.09 07:07:25.782,12.06518,12.06772,0.00,0.00
2017.03.09 07:07:25.983,12.06598,12.06872,0.00,0.00
2017.03.09 07:07:26.034,12.06598,12.06859,0.00,0.00
2017.03.09 07:07:26.186,12.06498,12.06772,0.00,0.00
2017.03.09 07:07:26.288,12.06498,12.06732,0.00,0.00
2017.03.09 07:07:26.515,12.06461,12.06732,0.00,0.00
2017.03.09 07:07:26.566,12.06478,12.06732,0.00,0.00
2017.03.09 07:07:26.667,12.06461,12.06732,0.00,0.00
2017.03.09 07:07:27.280,12.06461,12.06731,0.00,0.00
2017.03.09 07:07:27.399,12.06468,12.06732,0.00,0.00
2017.03.09 07:07:27.762,12.06449,12.06631,0.00,0.00
2017.03.09 07:07:27.813,12.06359,12.06631,0.00,0.00
2017.03.09 07:07:28.176,12.06379,12.06631,0.00,0.00
2017.03.09 07:07:28.812,12.06348,12.06631,0.00,0.00
2017.03.09 07:07:28.865,12.06378,12.06631,0.00,0.00
2017.03.09 07:07:29.085,12.06368,12.06631,0.00,0.00
2017.03.09 07:07:29.265,12.06348,12.06631,0.00,0.00
2017.03.09 07:07:29.318,12.06372,12.06631,0.00,0.00
2017.03.09 07:07:29.643,12.06488,12.06731,0.00,0.00
2017.03.09 07:07:29.694,12.06478,12.06731,0.00,0.00
2017.03.09 07:07:29.814,12.06449,12.06731,0.00,0.00
2017.03.09 07:07:29.917,12.06479,12.06731,0.00,0.00
2017.03.09 07:07:30.267,12.06498,12.06731,0.00,0.00
2017.03.09 07:07:30.317,12.06468,12.06731,0.00,0.00
2017.03.09 07:07:30.418,12.06449,12.06731,0.00,0.00
2017.03.09 07:07:31.381,12.06469,12.06731,0.00,0.00
2017.03.09 07:07:32.107,12.06439,12.06721,0.00,0.00
2017.03.09 07:07:32.172,12.06458,12.06731,0.00,0.00
2017.03.09 07:07:32.532,12.06478,12.06731,0.00,0.00
2017.03.09 07:07:34.414,12.06449,12.06731,0.00,0.00
2017.03.09 07:07:34.677,12.06439,12.06722,0.00,0.00
2017.03.09 07:07:34.777,12.06459,12.06731,0.00,0.00
2017.03.09 07:07:34.877,12.06439,12.06721,0.00,0.00
2017.03.09 07:07:35.582,12.06458,12.06731,0.00,0.00
2017.03.09 07:07:35.693,12.06439,12.06722,0.00,0.00
2017.03.09 07:07:35.794,12.06468,12.06731,0.00,0.00
2017.03.09 07:07:36.189,12.06459,12.06731,0.00,0.00
2017.03.09 07:07:36.680,12.06478,12.06731,0.00,0.00
2017.03.09 07:07:36.781,12.06468,12.06731,0.00,0.00
2017.03.09 07:07:37.698,12.06488,12.06722,0.00,0.00
2017.03.09 07:07:37.821,12.06458,12.06722,0.00,0.00
2017.03.09 07:07:38.293,12.06478,12.06722,0.00,0.00
2017.03.09 07:07:38.605,12.06489,12.06722,0.00,0.00
2017.03.09 07:07:38.713,12.06478,12.06722,0.00,0.00
2017.03.09 07:07:40.085,12.06478,12.06622,0.00,0.00
2017.03.09 07:07:40.135,12.06439,12.06622,0.00,0.00
2017.03.09 07:07:40.187,12.06369,12.06622,0.00,0.00
2017.03.09 07:07:40.289,12.06359,12.06622,0.00,0.00
2017.03.09 07:07:40.475,12.06359,12.06522,0.00,0.00
2017.03.09 07:07:40.525,12.06319,12.06602,0.00,0.00
2017.03.09 07:07:40.588,12.06338,12.06621,0.00,0.00
2017.03.09 07:07:40.937,12.06259,12.06522,0.00,0.00
2017.03.09 07:07:41.105,12.06248,12.06522,0.00,0.00
2017.03.09 07:07:41.591,12.06258,12.06522,0.00,0.00
2017.03.09 07:07:42.330,12.06238,12.06522,0.00,0.00
2017.03.09 07:07:42.393,12.06258,12.06522,0.00,0.00
2017.03.09 07:07:42.993,12.06278,12.06522,0.00,0.00
2017.03.09 07:07:45.098,12.06249,12.06522,0.00,0.00
2017.03.09 07:07:45.198,12.06309,12.06522,0.00,0.00
2017.03.09 07:07:47.211,12.06278,12.06522,0.00,0.00
2017.03.09 07:07:47.323,12.06289,12.06522,0.00,0.00
2017.03.09 07:07:47.682,12.06318,12.06522,0.00,0.00
2017.03.09 07:07:47.732,12.06298,12.06522,0.00,0.00
2017.03.09 07:07:47.903,12.06309,12.06522,0.00,0.00
2017.03.09 07:07:48.205,12.06278,12.06522,0.00,0.00
2017.03.09 07:07:48.392,12.06269,12.06522,0.00,0.00
2017.03.09 07:07:48.890,12.06418,12.06551,0.00,0.00
2017.03.09 07:07:49.052,12.06449,12.06672,0.00,0.00
2017.03.09 07:07:49.106,12.06429,12.06672,0.00,0.00
2017.03.09 07:07:49.156,12.06429,12.06622,0.00,0.00
2017.03.09 07:07:49.207,12.06349,12.06622,0.00,0.00
2017.03.09 07:07:49.312,12.06388,12.06622,0.00,0.00
2017.03.09 07:07:49.609,12.06358,12.06622,0.00,0.00
2017.03.09 07:07:51.049,12.06389,12.06622,0.00,0.00
2017.03.09 07:07:51.109,12.06378,12.06622,0.00,0.00
2017.03.09 07:07:51.614,12.06348,12.06622,0.00,0.00
2017.03.09 07:07:51.758,12.06328,12.06612,0.00,0.00
2017.03.09 07:07:51.812,12.06359,12.06622,0.00,0.00
2017.03.09 07:07:52.177,12.06389,12.06622,0.00,0.00
2017.03.09 07:07:52.517,12.06379,12.06622,0.00,0.00
2017.03.09 07:07:52.614,12.06338,12.06622,0.00,0.00
2017.03.09 07:07:52.715,12.06399,12.06622,0.00,0.00
2017.03.09 07:07:52.815,12.06368,12.06622,0.00,0.00
2017.03.09 07:07:54.225,12.06338,12.06622,0.00,0.00
2017.03.09 07:07:54.342,12.06378,12.06622,0.00,0.00
2017.03.09 07:07:54.418,12.06328,12.06612,0.00,0.00
2017.03.09 07:07:54.618,12.06368,12.06622,0.00,0.00
2017.03.09 07:07:54.818,12.06348,12.06622,0.00,0.00
2017.03.09 07:07:55.894,12.06348,12.06571,0.00,0.00
2017.03.09 07:07:56.045,12.06279,12.06521,0.00,0.00
2017.03.09 07:07:56.120,12.06269,12.06521,0.00,0.00
2017.03.09 07:07:56.465,12.06298,12.06521,0.00,0.00
2017.03.09 07:07:56.521,12.06279,12.06521,0.00,0.00
2017.03.09 07:07:56.852,12.06308,12.06521,0.00,0.00
2017.03.09 07:07:56.991,12.06312,12.06571,0.00,0.00
2017.03.09 07:07:57.041,12.06318,12.06571,0.00,0.00
2017.03.09 07:07:57.378,12.06368,12.06621,0.00,0.00
2017.03.09 07:07:57.718,12.06388,12.06621,0.00,0.00
2017.03.09 07:07:57.843,12.06338,12.06621,0.00,0.00
2017.03.09 07:07:57.924,12.06399,12.06621,0.00,0.00
2017.03.09 07:07:58.224,12.06379,12.06621,0.00,0.00
2017.03.09 07:07:58.425,12.06339,12.06621,0.00,0.00
2017.03.09 07:07:58.531,12.06358,12.06621,0.00,0.00
2017.03.09 07:07:58.740,12.06338,12.06621,0.00,0.00
2017.03.09 07:07:58.825,12.06359,12.06621,0.00,0.00
2017.03.09 07:07:59.962,12.06368,12.06621,0.00,0.00
2017.03.09 07:08:01.043,12.06338,12.06621,0.00,0.00
2017.03.09 07:08:01.154,12.06369,12.06621,0.00,0.00
2017.03.09 07:08:01.442,12.06418,12.06671,0.00,0.00
2017.03.09 07:08:01.493,12.06389,12.06621,0.00,0.00
2017.03.09 07:08:01.751,12.06328,12.06572,0.00,0.00
2017.03.09 07:08:01.851,12.06289,12.06571,0.00,0.00
2017.03.09 07:08:01.952,12.06299,12.06572,0.00,0.00
2017.03.09 07:08:02.432,12.06318,12.06572,0.00,0.00
2017.03.09 07:08:02.731,12.06259,12.06521,0.00,0.00
2017.03.09 07:08:02.862,12.06238,12.06521,0.00,0.00
2017.03.09 07:08:02.963,12.06278,12.06521,0.00,0.00
2017.03.09 07:08:03.032,12.06258,12.06521,0.00,0.00
2017.03.09 07:08:03.933,12.06238,12.06521,0.00,0.00
2017.03.09 07:08:04.082,12.06248,12.06521,0.00,0.00
2017.03.09 07:08:04.317,12.06238,12.06521,0.00,0.00
2017.03.09 07:08:04.637,12.06229,12.06511,0.00,0.00
2017.03.09 07:08:04.972,12.06219,12.06421,0.00,0.00
2017.03.09 07:08:05.037,12.06178,12.06421,0.00,0.00
2017.03.09 07:08:05.338,12.06198,12.06421,0.00,0.00
2017.03.09 07:08:05.490,12.06218,12.06472,0.00,0.00
2017.03.09 07:08:05.595,12.06219,12.06501,0.00,0.00
2017.03.09 07:08:05.646,12.06259,12.06521,0.00,0.00
2017.03.09 07:08:05.949,12.06298,12.06521,0.00,0.00
2017.03.09 07:08:06.040,12.06258,12.06521,0.00,0.00
2017.03.09 07:08:06.141,12.06239,12.06521,0.00,0.00
2017.03.09 07:08:06.242,12.06258,12.06521,0.00,0.00
2017.03.09 07:08:06.550,12.06218,12.06491,0.00,0.00
2017.03.09 07:08:06.668,12.06228,12.06512,0.00,0.00
2017.03.09 07:08:06.794,12.06279,12.06522,0.00,0.00
2017.03.09 07:08:07.172,12.06298,12.06522,0.00,0.00
2017.03.09 07:08:07.445,12.06238,12.06522,0.00,0.00
2017.03.09 07:08:07.564,12.06259,12.06522,0.00,0.00
2017.03.09 07:08:07.855,12.06238,12.06522,0.00,0.00
2017.03.09 07:08:07.956,12.06268,12.06522,0.00,0.00
2017.03.09 07:08:08.050,12.06239,12.06521,0.00,0.00
2017.03.09 07:08:08.147,12.06269,12.06522,0.00,0.00
2017.03.09 07:08:08.348,12.06248,12.06522,0.00,0.00
2017.03.09 07:08:08.464,12.06268,12.06522,0.00,0.00
2017.03.09 07:08:08.548,12.06258,12.06522,0.00,0.00
2017.03.09 07:08:09.650,12.06238,12.06522,0.00,0.00
2017.03.09 07:08:09.750,12.06268,12.06522,0.00,0.00
2017.03.09 07:08:10.351,12.06258,12.06522,0.00,0.00
2017.03.09 07:08:10.453,12.06239,12.06521,0.00,0.00
2017.03.09 07:08:11.854,12.06259,12.06522,0.00,0.00
2017.03.09 07:08:12.152,12.06248,12.06522,0.00,0.00
2017.03.09 07:08:12.202,12.06289,12.06522,0.00,0.00
2017.03.09 07:08:13.458,12.06279,12.06522,0.00,0.00
2017.03.09 07:08:13.716,12.06299,12.06522,0.00,0.00
2017.03.09 07:08:14.762,12.06248,12.06522,0.00,0.00
2017.03.09 07:08:14.877,12.06269,12.06522,0.00,0.00
2017.03.09 07:08:15.200,12.06289,12.06422,0.00,0.00
2017.03.09 07:08:15.262,12.06188,12.06422,0.00,0.00
2017.03.09 07:08:15.673,12.06198,12.06422,0.00,0.00
2017.03.09 07:08:16.147,12.06209,12.06422,0.00,0.00
2017.03.09 07:08:16.499,12.06228,12.06422,0.00,0.00
2017.03.09 07:08:16.550,12.06228,12.06472,0.00,0.00
2017.03.09 07:08:16.600,12.06249,12.06472,0.00,0.00
2017.03.09 07:08:16.651,12.06249,12.06521,0.00,0.00
2017.03.09 07:08:16.701,12.06268,12.06521,0.00,0.00
2017.03.09 07:08:16.966,12.06248,12.06521,0.00,0.00
2017.03.09 07:08:17.076,12.06278,12.06521,0.00,0.00
2017.03.09 07:08:17.209,12.06259,12.06521,0.00,0.00
2017.03.09 07:08:17.266,12.06299,12.06521,0.00,0.00
2017.03.09 07:08:17.367,12.06278,12.06521,0.00,0.00
2017.03.09 07:08:17.667,12.06259,12.06521,0.00,0.00
2017.03.09 07:08:17.790,12.06308,12.06521,0.00,0.00
2017.03.09 07:08:18.090,12.06288,12.06521,0.00,0.00
2017.03.09 07:08:19.306,12.06309,12.06521,0.00,0.00
2017.03.09 07:08:19.616,12.06259,12.06521,0.00,0.00
2017.03.09 07:08:19.671,12.06298,12.06521,0.00,0.00
2017.03.09 07:08:20.015,12.06278,12.06521,0.00,0.00
2017.03.09 07:08:21.275,12.06288,12.06521,0.00,0.00
2017.03.09 07:08:21.583,12.06268,12.06521,0.00,0.00
2017.03.09 07:08:21.723,12.06309,12.06521,0.00,0.00
2017.03.09 07:08:21.826,12.06298,12.06521,0.00,0.00
2017.03.09 07:08:21.878,12.06238,12.06521,0.00,0.00
2017.03.09 07:08:22.008,12.06279,12.06521,0.00,0.00
2017.03.09 07:08:22.581,12.06288,12.06521,0.00,0.00
2017.03.09 07:08:22.725,12.06228,12.06512,0.00,0.00
2017.03.09 07:08:22.776,12.06228,12.06471,0.00,0.00
2017.03.09 07:08:22.930,12.06219,12.06492,0.00,0.00
2017.03.09 07:08:22.982,12.06219,12.06472,0.00,0.00
2017.03.09 07:08:23.325,12.06279,12.06521,0.00,0.00
2017.03.09 07:08:23.643,12.06298,12.06521,0.00,0.00
2017.03.09 07:08:23.693,12.06258,12.06521,0.00,0.00
2017.03.09 07:08:24.185,12.06279,12.06521,0.00,0.00
2017.03.09 07:08:24.934,12.06258,12.06521,0.00,0.00
2017.03.09 07:08:24.986,12.06268,12.06521,0.00,0.00
2017.03.09 07:08:25.578,12.06268,12.06472,0.00,0.00
2017.03.09 07:08:25.629,12.06239,12.06472,0.00,0.00
2017.03.09 07:08:25.730,12.06188,12.06422,0.00,0.00
2017.03.09 07:08:25.873,12.06169,12.06422,0.00,0.00
2017.03.09 07:08:26.070,12.06202,12.06451,0.00,0.00
2017.03.09 07:08:26.238,12.06218,12.06472,0.00,0.00
2017.03.09 07:08:26.289,12.06279,12.06522,0.00,0.00
2017.03.09 07:08:26.390,12.06268,12.06522,0.00,0.00
2017.03.09 07:08:27.226,12.06249,12.06522,0.00,0.00
2017.03.09 07:08:27.369,12.06278,12.06522,0.00,0.00
2017.03.09 07:08:27.622,12.06268,12.06522,0.00,0.00
2017.03.09 07:08:27.726,12.06319,12.06522,0.00,0.00
2017.03.09 07:08:27.795,12.06308,12.06522,0.00,0.00
2017.03.09 07:08:28.296,12.06318,12.06522,0.00,0.00
2017.03.09 07:08:28.643,12.06299,12.06522,0.00,0.00
2017.03.09 07:08:31.201,12.06319,12.06522,0.00,0.00
2017.03.09 07:08:31.307,12.06259,12.06522,0.00,0.00
2017.03.09 07:08:31.703,12.06289,12.06522,0.00,0.00
2017.03.09 07:08:32.906,12.06289,12.06471,0.00,0.00
2017.03.09 07:08:33.007,12.06248,12.06471,0.00,0.00
2017.03.09 07:08:33.058,12.06248,12.06521,0.00,0.00
2017.03.09 07:08:33.532,12.06268,12.06521,0.00,0.00
2017.03.09 07:08:33.862,12.06249,12.06471,0.00,0.00
2017.03.09 07:08:34.271,12.06199,12.06421,0.00,0.00
2017.03.09 07:08:34.403,12.06221,12.06472,0.00,0.00
2017.03.09 07:08:34.508,12.06288,12.06522,0.00,0.00
2017.03.09 07:08:34.850,12.06309,12.06522,0.00,0.00
2017.03.09 07:08:34.909,12.06288,12.06522,0.00,0.00
2017.03.09 07:08:35.027,12.06258,12.06522,0.00,0.00
2017.03.09 07:08:35.128,12.06309,12.06522,0.00,0.00
2017.03.09 07:08:35.555,12.06278,12.06522,0.00,0.00
2017.03.09 07:08:35.611,12.06298,12.06522,0.00,0.00
2017.03.09 07:08:36.826,12.06311,12.06572,0.00,0.00
2017.03.09 07:08:36.979,12.06298,12.06572,0.00,0.00
2017.03.09 07:08:37.030,12.06358,12.06622,0.00,0.00
2017.03.09 07:08:37.365,12.06388,12.06622,0.00,0.00
2017.03.09 07:08:37.921,12.06349,12.06622,0.00,0.00
2017.03.09 07:08:38.316,12.06358,12.06622,0.00,0.00
2017.03.09 07:08:39.074,12.06389,12.06622,0.00,0.00
2017.03.09 07:08:39.413,12.06398,12.06622,0.00,0.00
2017.03.09 07:08:39.464,12.06368,12.06622,0.00,0.00
2017.03.09 07:08:39.520,12.06358,12.06622,0.00,0.00
2017.03.09 07:08:39.720,12.06388,12.06622,0.00,0.00
2017.03.09 07:08:39.821,12.06378,12.06622,0.00,0.00
2017.03.09 07:08:40.140,12.06358,12.06622,0.00,0.00
2017.03.09 07:08:40.190,12.06358,12.06571,0.00,0.00
2017.03.09 07:08:40.241,12.06339,12.06571,0.00,0.00
2017.03.09 07:08:40.292,12.06339,12.06621,0.00,0.00
2017.03.09 07:08:40.443,12.06319,12.06601,0.00,0.00
2017.03.09 07:08:40.763,12.06348,12.06622,0.00,0.00
2017.03.09 07:08:40.823,12.06338,12.06622,0.00,0.00
2017.03.09 07:08:41.129,12.06338,12.06572,0.00,0.00
2017.03.09 07:08:41.225,12.06318,12.06572,0.00,0.00
2017.03.09 07:08:41.275,12.06318,12.06522,0.00,0.00
2017.03.09 07:08:41.326,12.06288,12.06522,0.00,0.00
2017.03.09 07:08:41.431,12.06258,12.06522,0.00,0.00
2017.03.09 07:08:41.558,12.06278,12.06522,0.00,0.00
2017.03.09 07:08:41.826,12.06258,12.06522,0.00,0.00
2017.03.09 07:08:42.230,12.06279,12.06522,0.00,0.00
2017.03.09 07:08:42.568,12.06298,12.06572,0.00,0.00
2017.03.09 07:08:42.675,12.06309,12.06571,0.00,0.00
2017.03.09 07:08:42.829,12.06299,12.06562,0.00,0.00
2017.03.09 07:08:42.929,12.06299,12.06571,0.00,0.00
2017.03.09 07:08:43.330,12.06299,12.06562,0.00,0.00
2017.03.09 07:08:43.431,12.06299,12.06571,0.00,0.00
2017.03.09 07:08:46.233,12.06308,12.06571,0.00,0.00
2017.03.09 07:08:46.634,12.06299,12.06541,0.00,0.00
2017.03.09 07:08:47.337,12.06308,12.06571,0.00,0.00
2017.03.09 07:08:47.453,12.06328,12.06571,0.00,0.00
2017.03.09 07:08:48.039,12.06299,12.06571,0.00,0.00
2017.03.09 07:08:48.139,12.06309,12.06571,0.00,0.00
2017.03.09 07:08:48.346,12.06398,12.06671,0.00,0.00
2017.03.09 07:08:48.672,12.06398,12.06652,0.00,0.00
2017.03.09 07:08:49.052,12.06398,12.06632,0.00,0.00
2017.03.09 07:08:49.343,12.06368,12.06621,0.00,0.00
2017.03.09 07:08:49.444,12.06398,12.06672,0.00,0.00
2017.03.09 07:08:49.643,12.06398,12.06632,0.00,0.00
2017.03.09 07:08:49.761,12.06398,12.06651,0.00,0.00
2017.03.09 07:08:50.046,12.06398,12.06672,0.00,0.00
2017.03.09 07:08:52.760,12.06398,12.06652,0.00,0.00
2017.03.09 07:08:53.275,12.06398,12.06642,0.00,0.00
2017.03.09 07:08:53.350,12.06398,12.06651,0.00,0.00
2017.03.09 07:08:53.951,12.06398,12.06672,0.00,0.00
2017.03.09 07:08:54.064,12.06398,12.06641,0.00,0.00
2017.03.09 07:08:54.252,12.06398,12.06652,0.00,0.00
2017.03.09 07:08:55.055,12.06398,12.06662,0.00,0.00
2017.03.09 07:08:55.154,12.06398,12.06642,0.00,0.00
2017.03.09 07:08:55.268,12.06398,12.06651,0.00,0.00
2017.03.09 07:08:55.383,12.06398,12.06642,0.00,0.00
2017.03.09 07:08:55.654,12.06398,12.06652,0.00,0.00
2017.03.09 07:08:55.755,12.06398,12.06641,0.00,0.00
2017.03.09 07:08:58.494,12.06398,12.06661,0.00,0.00
2017.03.09 07:08:58.616,12.06398,12.06622,0.00,0.00
2017.03.09 07:08:59.361,12.06398,12.06661,0.00,0.00
2017.03.09 07:08:59.462,12.06349,12.06621,0.00,0.00
2017.03.09 07:08:59.577,12.06319,12.06571,0.00,0.00
2017.03.09 07:08:59.780,12.06299,12.06561,0.00,0.00
2017.03.09 07:08:59.895,12.06299,12.06542,0.00,0.00
2017.03.09 07:09:00.097,12.06299,12.06571,0.00,0.00
2017.03.09 07:09:00.773,12.06299,12.06552,0.00,0.00
2017.03.09 07:09:01.293,12.06299,12.06562,0.00,0.00
2017.03.09 07:09:01.406,12.06308,12.06571,0.00,0.00
2017.03.09 07:09:01.769,12.06318,12.06571,0.00,0.00
2017.03.09 07:09:01.870,12.06349,12.06621,0.00,0.00
2017.03.09 07:09:01.921,12.06348,12.06572,0.00,0.00
2017.03.09 07:09:01.971,12.06318,12.06572,0.00,0.00
2017.03.09 07:09:02.073,12.06298,12.06571,0.00,0.00
2017.03.09 07:09:02.371,12.06298,12.06562,0.00,0.00
2017.03.09 07:09:04.201,12.06298,12.06572,0.00,0.00
2017.03.09 07:09:05.713,12.06298,12.06542,0.00,0.00
2017.03.09 07:09:05.913,12.06298,12.06561,0.00,0.00
2017.03.09 07:09:06.327,12.06298,12.06572,0.00,0.00
2017.03.09 07:09:06.887,12.06298,12.06571,0.00,0.00
2017.03.09 07:09:09.585,12.06298,12.06552,0.00,0.00
2017.03.09 07:09:11.218,12.06298,12.06562,0.00,0.00
2017.03.09 07:09:11.990,12.06298,12.06572,0.00,0.00
2017.03.09 07:09:12.090,12.06298,12.06532,0.00,0.00
2017.03.09 07:09:12.392,12.06298,12.06572,0.00,0.00
2017.03.09 07:09:12.509,12.06303,12.06572,0.00,0.00
2017.03.09 07:09:14.209,12.06298,12.06562,0.00,0.00
2017.03.09 07:09:14.819,12.06298,12.06552,0.00,0.00
2017.03.09 07:09:15.842,12.06298,12.06562,0.00,0.00
2017.03.09 07:09:15.918,12.06298,12.06542,0.00,0.00
2017.03.09 07:09:16.077,12.06249,12.06521,0.00,0.00
2017.03.09 07:09:16.127,12.06249,12.06512,0.00,0.00
2017.03.09 07:09:16.228,12.06198,12.06472,0.00,0.00
2017.03.09 07:09:16.918,12.06209,12.06472,0.00,0.00
2017.03.09 07:09:19.521,12.06248,12.06512,0.00,0.00
2017.03.09 07:09:19.622,12.06248,12.06522,0.00,0.00
2017.03.09 07:09:19.673,12.06299,12.06532,0.00,0.00
2017.03.09 07:09:19.723,12.06299,12.06571,0.00,0.00
2017.03.09 07:09:20.103,12.06299,12.06541,0.00,0.00
2017.03.09 07:09:20.204,12.06299,12.06561,0.00,0.00
2017.03.09 07:09:21.334,12.06279,12.06522,0.00,0.00
2017.03.09 07:09:21.506,12.06219,12.06471,0.00,0.00
2017.03.09 07:09:21.606,12.06199,12.06471,0.00,0.00
2017.03.09 07:09:21.907,12.06209,12.06471,0.00,0.00
2017.03.09 07:09:22.207,12.06199,12.06471,0.00,0.00
2017.03.09 07:09:22.307,12.06208,12.06471,0.00,0.00
2017.03.09 07:09:25.051,12.06229,12.06471,0.00,0.00
2017.03.09 07:09:25.152,12.06209,12.06471,0.00,0.00
2017.03.09 07:09:25.213,12.06199,12.06471,0.00,0.00
2017.03.09 07:09:25.313,12.06229,12.06471,0.00,0.00
2017.03.09 07:09:26.316,12.06208,12.06471,0.00,0.00
2017.03.09 07:09:26.425,12.06199,12.06471,0.00,0.00
2017.03.09 07:09:29.561,12.06229,12.06471,0.00,0.00
2017.03.09 07:09:29.626,12.06199,12.06471,0.00,0.00
2017.03.09 07:09:31.706,12.06211,12.06471,0.00,0.00
2017.03.09 07:09:31.931,12.06308,12.06572,0.00,0.00
2017.03.09 07:09:32.345,12.06298,12.06572,0.00,0.00
2017.03.09 07:09:32.467,12.06298,12.06542,0.00,0.00
2017.03.09 07:09:32.533,12.06298,12.06561,0.00,0.00
2017.03.09 07:09:34.152,12.06298,12.06552,0.00,0.00
2017.03.09 07:09:34.283,12.06298,12.06561,0.00,0.00
2017.03.09 07:09:34.440,12.06298,12.06552,0.00,0.00
2017.03.09 07:09:34.540,12.06298,12.06572,0.00,0.00
2017.03.09 07:09:34.676,12.06298,12.06551,0.00,0.00
2017.03.09 07:09:36.043,12.06298,12.06572,0.00,0.00
2017.03.09 07:09:36.143,12.06298,12.06551,0.00,0.00
2017.03.09 07:09:36.252,12.06298,12.06562,0.00,0.00
2017.03.09 07:09:36.948,12.06298,12.06552,0.00,0.00
2017.03.09 07:09:37.092,12.06308,12.06572,0.00,0.00
2017.03.09 07:09:38.348,12.06298,12.06531,0.00,0.00
2017.03.09 07:09:38.448,12.06298,12.06551,0.00,0.00
2017.03.09 07:09:42.255,12.06298,12.06572,0.00,0.00
2017.03.09 07:09:42.355,12.06298,12.06562,0.00,0.00
2017.03.09 07:09:43.367,12.06298,12.06571,0.00,0.00
2017.03.09 07:09:43.421,12.06289,12.06522,0.00,0.00
2017.03.09 07:09:43.472,12.06248,12.06521,0.00,0.00
2017.03.09 07:09:43.572,12.06248,12.06492,0.00,0.00
2017.03.09 07:09:43.673,12.06248,12.06522,0.00,0.00
2017.03.09 07:09:43.824,12.06299,12.06531,0.00,0.00
2017.03.09 07:09:43.976,12.06299,12.06551,0.00,0.00
2017.03.09 07:09:44.159,12.06299,12.06562,0.00,0.00
2017.03.09 07:09:44.669,12.06299,12.06551,0.00,0.00
2017.03.09 07:09:44.971,12.06299,12.06561,0.00,0.00
2017.03.09 07:09:45.059,12.06299,12.06532,0.00,0.00
2017.03.09 07:09:45.460,12.06299,12.06552,0.00,0.00
2017.03.09 07:09:45.560,12.06299,12.06561,0.00,0.00
2017.03.09 07:09:46.372,12.06299,12.06551,0.00,0.00
2017.03.09 07:09:46.463,12.06299,12.06571,0.00,0.00
2017.03.09 07:09:47.282,12.06299,12.06552,0.00,0.00
2017.03.09 07:09:47.382,12.06299,12.06571,0.00,0.00
2017.03.09 07:09:48.100,12.06299,12.06552,0.00,0.00
2017.03.09 07:09:48.469,12.06299,12.06571,0.00,0.00
2017.03.09 07:09:48.569,12.06299,12.06552,0.00,0.00
2017.03.09 07:09:50.085,12.06299,12.06571,0.00,0.00
2017.03.09 07:09:50.203,12.06299,12.06552,0.00,0.00
2017.03.09 07:09:50.316,12.06299,12.06571,0.00,0.00
2017.03.09 07:09:50.373,12.06299,12.06552,0.00,0.00
2017.03.09 07:09:50.473,12.06299,12.06561,0.00,0.00
2017.03.09 07:09:52.379,12.06299,12.06552,0.00,0.00
2017.03.09 07:09:52.615,12.06299,12.06571,0.00,0.00
2017.03.09 07:09:52.880,12.06299,12.06532,0.00,0.00
2017.03.09 07:09:53.181,12.06299,12.06571,0.00,0.00
2017.03.09 07:09:53.281,12.06299,12.06542,0.00,0.00
2017.03.09 07:09:53.593,12.06299,12.06571,0.00,0.00
2017.03.09 07:09:53.694,12.06299,12.06552,0.00,0.00
2017.03.09 07:09:54.020,12.06349,12.06552,0.00,0.00
2017.03.09 07:09:54.133,12.06349,12.06562,0.00,0.00
2017.03.09 07:09:54.184,12.06398,12.06562,0.00,0.00
2017.03.09 07:09:54.234,12.06398,12.06581,0.00,0.00
2017.03.09 07:09:54.286,12.06398,12.06662,0.00,0.00
2017.03.09 07:09:54.386,12.06398,12.06668,0.00,0.00
2017.03.09 07:09:54.688,12.06398,12.06662,0.00,0.00
2017.03.09 07:09:55.008,12.06398,12.06622,0.00,0.00
2017.03.09 07:09:55.212,12.06398,12.06641,0.00,0.00
2017.03.09 07:09:55.328,12.06398,12.06661,0.00,0.00
2017.03.09 07:09:55.391,12.06398,12.06672,0.00,0.00
2017.03.09 07:09:55.950,12.06398,12.06671,0.00,0.00
2017.03.09 07:09:56.060,12.06398,12.06662,0.00,0.00
2017.03.09 07:09:57.128,12.06398,12.06672,0.00,0.00
2017.03.09 07:09:57.345,12.06408,12.06672,0.00,0.00
2017.03.09 07:09:57.805,12.06398,12.06651,0.00,0.00
2017.03.09 07:09:57.940,12.06398,12.06672,0.00,0.00
2017.03.09 07:09:58.312,12.06398,12.06652,0.00,0.00
2017.03.09 07:09:58.400,12.06398,12.06671,0.00,0.00
2017.03.09 07:09:58.818,12.06409,12.06672,0.00,0.00
2017.03.09 07:09:59.154,12.06398,12.06642,0.00,0.00
2017.03.09 07:09:59.205,12.06398,12.06672,0.00,0.00
2017.03.09 07:10:00.046,12.06398,12.06631,0.00,0.00
2017.03.09 07:10:00.244,12.06398,12.06642,0.00,0.00
2017.03.09 07:10:00.344,12.06398,12.06661,0.00,0.00
2017.03.09 07:10:00.446,12.06409,12.06672,0.00,0.00
2017.03.09 07:10:00.511,12.06398,12.06662,0.00,0.00
2017.03.09 07:10:00.622,12.06398,12.06642,0.00,0.00
2017.03.09 07:10:01.150,12.06398,12.06632,0.00,0.00
2017.03.09 07:10:01.517,12.06398,12.06671,0.00,0.00
2017.03.09 07:10:01.617,12.06398,12.06642,0.00,0.00
2017.03.09 07:10:02.017,12.06398,12.06651,0.00,0.00
2017.03.09 07:10:02.466,12.06369,12.06622,0.00,0.00
2017.03.09 07:10:02.766,12.06298,12.06552,0.00,0.00
2017.03.09 07:10:02.819,12.06298,12.06541,0.00,0.00
2017.03.09 07:10:03.050,12.06298,12.06571,0.00,0.00
2017.03.09 07:10:03.150,12.06338,12.06572,0.00,0.00
2017.03.09 07:10:03.221,12.06319,12.06572,0.00,0.00
2017.03.09 07:10:03.271,12.06348,12.06601,0.00,0.00
2017.03.09 07:10:03.430,12.06359,12.06622,0.00,0.00
2017.03.09 07:10:03.635,12.06398,12.06632,0.00,0.00
2017.03.09 07:10:03.738,12.06398,12.06642,0.00,0.00
2017.03.09 07:10:03.848,12.06398,12.06651,0.00,0.00
2017.03.09 07:10:04.022,12.06398,12.06671,0.00,0.00
2017.03.09 07:10:04.247,12.06398,12.06612,0.00,0.00
2017.03.09 07:10:04.348,12.06398,12.06631,0.00,0.00
2017.03.09 07:10:04.487,12.06398,12.06642,0.00,0.00
2017.03.09 07:10:04.538,12.06398,12.06631,0.00,0.00
2017.03.09 07:10:04.973,12.06398,12.06622,0.00,0.00
2017.03.09 07:10:05.244,12.06398,12.06632,0.00,0.00
2017.03.09 07:10:05.345,12.06398,12.06662,0.00,0.00
2017.03.09 07:10:05.522,12.06449,12.06662,0.00,0.00
2017.03.09 07:10:05.572,12.06449,12.06672,0.00,0.00
2017.03.09 07:10:05.673,12.06499,12.06681,0.00,0.00
2017.03.09 07:10:05.775,12.06499,12.06751,0.00,0.00
2017.03.09 07:10:05.827,12.06499,12.06761,0.00,0.00
2017.03.09 07:10:05.930,12.06499,12.06731,0.00,0.00
2017.03.09 07:10:06.065,12.06499,12.06752,0.00,0.00
2017.03.09 07:10:06.529,12.06499,12.06742,0.00,0.00
2017.03.09 07:10:06.836,12.06499,12.06732,0.00,0.00
2017.03.09 07:10:06.955,12.06499,12.06751,0.00,0.00
2017.03.09 07:10:07.959,12.06499,12.06771,0.00,0.00
2017.03.09 07:10:08.275,12.06499,12.06761,0.00,0.00
2017.03.09 07:10:08.582,12.06489,12.06721,0.00,0.00
2017.03.09 07:10:08.633,12.06449,12.06721,0.00,0.00
2017.03.09 07:10:08.945,12.06438,12.06721,0.00,0.00
2017.03.09 07:10:09.070,12.06458,12.06721,0.00,0.00
2017.03.09 07:10:09.535,12.06438,12.06721,0.00,0.00
2017.03.09 07:10:09.989,12.06461,12.06721,0.00,0.00
2017.03.09 07:10:10.645,12.06438,12.06672,0.00,0.00
2017.03.09 07:10:10.796,12.06468,12.06721,0.00,0.00
2017.03.09 07:10:10.897,12.06451,12.06712,0.00,0.00
2017.03.09 07:10:10.947,12.06469,12.06721,0.00,0.00
2017.03.09 07:10:11.258,12.06412,12.06682,0.00,0.00
2017.03.09 07:10:11.392,12.06458,12.06682,0.00,0.00
2017.03.09 07:10:11.444,12.06418,12.06682,0.00,0.00
2017.03.09 07:10:11.683,12.06452,12.06722,0.00,0.00
2017.03.09 07:10:11.791,12.06478,12.06732,0.00,0.00
2017.03.09 07:10:12.092,12.06378,12.06631,0.00,0.00
2017.03.09 07:10:12.448,12.06418,12.06631,0.00,0.00
2017.03.09 07:10:16.655,12.06398,12.06631,0.00,0.00
2017.03.09 07:10:16.758,12.06388,12.06631,0.00,0.00
2017.03.09 07:10:17.265,12.06378,12.06631,0.00,0.00
2017.03.09 07:10:17.356,12.06388,12.06631,0.00,0.00
2017.03.09 07:10:18.580,12.06398,12.06631,0.00,0.00
2017.03.09 07:10:19.379,12.06389,12.06631,0.00,0.00
2017.03.09 07:10:19.498,12.06418,12.06631,0.00,0.00
2017.03.09 07:10:20.587,12.06451,12.06682,0.00,0.00
2017.03.09 07:10:20.689,12.06508,12.06732,0.00,0.00
2017.03.09 07:10:20.861,12.06479,12.06732,0.00,0.00
2017.03.09 07:10:20.987,12.06508,12.06732,0.00,0.00
2017.03.09 07:10:21.663,12.06498,12.06732,0.00,0.00
2017.03.09 07:10:21.775,12.06469,12.06732,0.00,0.00
2017.03.09 07:10:21.876,12.06458,12.06732,0.00,0.00
2017.03.09 07:10:21.965,12.06499,12.06732,0.00,0.00
2017.03.09 07:10:22.600,12.06468,12.06732,0.00,0.00
2017.03.09 07:10:22.666,12.06488,12.06732,0.00,0.00
2017.03.09 07:10:23.066,12.06499,12.06732,0.00,0.00
2017.03.09 07:10:23.257,12.06458,12.06732,0.00,0.00
2017.03.09 07:10:23.307,12.06452,12.06702,0.00,0.00
2017.03.09 07:10:23.408,12.06452,12.06712,0.00,0.00
2017.03.09 07:10:23.508,12.06479,12.06731,0.00,0.00
2017.03.09 07:10:23.667,12.06458,12.06731,0.00,0.00
2017.03.09 07:10:24.018,12.06458,12.06681,0.00,0.00
2017.03.09 07:10:24.069,12.06438,12.06681,0.00,0.00
2017.03.09 07:10:24.170,12.06451,12.06692,0.00,0.00
2017.03.09 07:10:24.273,12.06489,12.06732,0.00,0.00
2017.03.09 07:10:24.577,12.06479,12.06732,0.00,0.00
2017.03.09 07:10:25.614,12.06488,12.06732,0.00,0.00
2017.03.09 07:10:25.670,12.06458,12.06732,0.00,0.00
2017.03.09 07:10:26.087,12.06489,12.06732,0.00,0.00
2017.03.09 07:10:26.628,12.06478,12.06732,0.00,0.00
2017.03.09 07:10:27.486,12.06458,12.06732,0.00,0.00
2017.03.09 07:10:27.908,12.06478,12.06732,0.00,0.00
2017.03.09 07:10:27.976,12.06451,12.06732,0.00,0.00
2017.03.09 07:10:28.076,12.06498,12.06732,0.00,0.00
2017.03.09 07:10:28.573,12.06458,12.06732,0.00,0.00
2017.03.09 07:10:28.686,12.06478,12.06732,0.00,0.00
2017.03.09 07:10:29.008,12.06459,12.06732,0.00,0.00
2017.03.09 07:10:29.078,12.06451,12.06722,0.00,0.00
2017.03.09 07:10:29.179,12.06451,12.06732,0.00,0.00
2017.03.09 07:10:29.281,12.06459,12.06732,0.00,0.00
2017.03.09 07:10:30.280,12.06451,12.06721,0.00,0.00
2017.03.09 07:10:30.782,12.06468,12.06732,0.00,0.00
2017.03.09 07:10:32.152,12.06472,12.06732,0.00,0.00
2017.03.09 07:10:32.466,12.06488,12.06732,0.00,0.00
2017.03.09 07:10:33.084,12.06472,12.06732,0.00,0.00
2017.03.09 07:10:33.185,12.06479,12.06732,0.00,0.00
2017.03.09 07:10:33.804,12.06472,12.06732,0.00,0.00
2017.03.09 07:10:33.886,12.06478,12.06732,0.00,0.00
2017.03.09 07:10:37.547,12.06499,12.06732,0.00,0.00
2017.03.09 07:10:37.597,12.06479,12.06732,0.00,0.00
2017.03.09 07:10:37.695,12.06498,12.06732,0.00,0.00
2017.03.09 07:10:37.896,12.06472,12.06732,0.00,0.00
2017.03.09 07:10:37.996,12.06481,12.06762,0.00,0.00
2017.03.09 07:10:38.102,12.06509,12.06732,0.00,0.00
2017.03.09 07:10:38.297,12.06498,12.06732,0.00,0.00
2017.03.09 07:10:38.397,12.06481,12.06732,0.00,0.00
2017.03.09 07:10:38.498,12.06498,12.06732,0.00,0.00
2017.03.09 07:10:38.698,12.06481,12.06732,0.00,0.00
2017.03.09 07:10:38.799,12.06489,12.06732,0.00,0.00
2017.03.09 07:10:39.149,12.06499,12.06732,0.00,0.00
2017.03.09 07:10:39.200,12.06488,12.06732,0.00,0.00
2017.03.09 07:10:39.627,12.06561,12.06772,0.00,0.00
2017.03.09 07:10:39.773,12.06561,12.06781,0.00,0.00
2017.03.09 07:10:39.900,12.06561,12.06831,0.00,0.00
2017.03.09 07:10:40.149,12.06621,12.06832,0.00,0.00
2017.03.09 07:10:40.250,12.06578,12.06822,0.00,0.00
2017.03.09 07:10:40.301,12.06571,12.06822,0.00,0.00
2017.03.09 07:10:40.351,12.06629,12.06832,0.00,0.00
2017.03.09 07:10:40.511,12.06571,12.06832,0.00,0.00
2017.03.09 07:10:40.680,12.06661,12.06841,0.00,0.00
2017.03.09 07:10:40.834,12.06661,12.06892,0.00,0.00
2017.03.09 07:10:40.938,12.06669,12.06931,0.00,0.00
2017.03.09 07:10:41.214,12.06679,12.06931,0.00,0.00
2017.03.09 07:10:41.304,12.06661,12.06931,0.00,0.00
2017.03.09 07:10:41.407,12.06669,12.06931,0.00,0.00
2017.03.09 07:10:41.607,12.06661,12.06931,0.00,0.00
2017.03.09 07:10:41.705,12.06668,12.06931,0.00,0.00
2017.03.09 07:10:42.065,12.06679,12.06931,0.00,0.00
2017.03.09 07:10:42.224,12.06668,12.06931,0.00,0.00
2017.03.09 07:10:42.360,12.06661,12.06931,0.00,0.00
2017.03.09 07:10:42.411,12.06668,12.06931,0.00,0.00
2017.03.09 07:10:42.746,12.06708,12.06931,0.00,0.00
2017.03.09 07:10:42.924,12.06661,12.06931,0.00,0.00
2017.03.09 07:10:43.008,12.06688,12.06931,0.00,0.00
2017.03.09 07:10:43.309,12.06678,12.06931,0.00,0.00
2017.03.09 07:10:43.633,12.06661,12.06931,0.00,0.00
2017.03.09 07:10:43.711,12.06688,12.06931,0.00,0.00
2017.03.09 07:10:44.747,12.06698,12.06931,0.00,0.00
2017.03.09 07:10:45.052,12.06668,12.06931,0.00,0.00
2017.03.09 07:10:45.218,12.06661,12.06922,0.00,0.00
2017.03.09 07:10:45.741,12.06678,12.06931,0.00,0.00
2017.03.09 07:10:46.032,12.06661,12.06931,0.00,0.00
2017.03.09 07:10:46.220,12.06661,12.06922,0.00,0.00
2017.03.09 07:10:46.520,12.06668,12.06931,0.00,0.00
2017.03.09 07:10:46.621,12.06661,12.06931,0.00,0.00
2017.03.09 07:10:47.160,12.06669,12.06931,0.00,0.00
2017.03.09 07:10:47.467,12.06689,12.06931,0.00,0.00
2017.03.09 07:10:48.125,12.06661,12.06931,0.00,0.00
2017.03.09 07:10:48.267,12.06662,12.06881,0.00,0.00
2017.03.09 07:10:48.397,12.06648,12.06931,0.00,0.00
2017.03.09 07:10:48.448,12.06639,12.06898,0.00,0.00
2017.03.09 07:10:48.798,12.06578,12.06831,0.00,0.00
2017.03.09 07:10:49.108,12.06601,12.06862,0.00,0.00
2017.03.09 07:10:49.228,12.06609,12.06882,0.00,0.00
2017.03.09 07:10:49.328,12.06639,12.06882,0.00,0.00
2017.03.09 07:10:49.889,12.06641,12.06882,0.00,0.00
2017.03.09 07:10:49.940,12.06641,12.06921,0.00,0.00
2017.03.09 07:10:50.144,12.06668,12.06932,0.00,0.00
2017.03.09 07:10:50.505,12.06688,12.06932,0.00,0.00
2017.03.09 07:10:50.770,12.06578,12.06831,0.00,0.00
2017.03.09 07:10:50.921,12.06589,12.06862,0.00,0.00
2017.03.09 07:10:50.972,12.06589,12.06872,0.00,0.00
2017.03.09 07:10:51.151,12.06618,12.06831,0.00,0.00
2017.03.09 07:10:51.500,12.06628,12.06831,0.00,0.00
2017.03.09 07:10:51.551,12.06599,12.06831,0.00,0.00
2017.03.09 07:10:52.064,12.06589,12.06831,0.00,0.00
2017.03.09 07:10:52.262,12.06568,12.06831,0.00,0.00
2017.03.09 07:10:52.337,12.06578,12.06831,0.00,0.00
2017.03.09 07:10:52.663,12.06562,12.06831,0.00,0.00
2017.03.09 07:10:52.764,12.06629,12.06831,0.00,0.00
2017.03.09 07:10:52.882,12.06599,12.06831,0.00,0.00
2017.03.09 07:10:52.939,12.06609,12.06831,0.00,0.00
2017.03.09 07:10:53.368,12.06628,12.06831,0.00,0.00
2017.03.09 07:10:53.549,12.06589,12.06831,0.00,0.00
2017.03.09 07:10:53.678,12.06578,12.06831,0.00,0.00
2017.03.09 07:10:53.779,12.06569,12.06831,0.00,0.00
2017.03.09 07:10:54.531,12.06588,12.06831,0.00,0.00
2017.03.09 07:10:54.625,12.06562,12.06831,0.00,0.00
2017.03.09 07:10:55.234,12.06548,12.06732,0.00,0.00
2017.03.09 07:10:55.335,12.06578,12.06832,0.00,0.00
2017.03.09 07:10:55.386,12.06552,12.06772,0.00,0.00
2017.03.09 07:10:55.545,12.06589,12.06832,0.00,0.00
2017.03.09 07:10:55.645,12.06598,12.06861,0.00,0.00
2017.03.09 07:10:55.746,12.06598,12.06851,0.00,0.00
2017.03.09 07:10:55.849,12.06608,12.06872,0.00,0.00
2017.03.09 07:10:55.960,12.06619,12.06872,0.00,0.00
2017.03.09 07:10:56.192,12.06598,12.06872,0.00,0.00
2017.03.09 07:10:56.447,12.06598,12.06852,0.00,0.00
2017.03.09 07:10:56.768,12.06598,12.06841,0.00,0.00
2017.03.09 07:10:56.848,12.06598,12.06872,0.00,0.00
2017.03.09 07:10:56.949,12.06608,12.06872,0.00,0.00
2017.03.09 07:10:57.850,12.06618,12.06872,0.00,0.00
2017.03.09 07:10:58.007,12.06609,12.06872,0.00,0.00
2017.03.09 07:10:58.061,12.06628,12.06872,0.00,0.00
2017.03.09 07:11:00.188,12.06598,12.06872,0.00,0.00
2017.03.09 07:11:00.376,12.06598,12.06861,0.00,0.00
2017.03.09 07:11:00.696,12.06648,12.06882,0.00,0.00
2017.03.09 07:11:00.856,12.06628,12.06872,0.00,0.00
2017.03.09 07:11:00.957,12.06598,12.06872,0.00,0.00
2017.03.09 07:11:01.058,12.06598,12.06861,0.00,0.00
2017.03.09 07:11:01.352,12.06598,12.06872,0.00,0.00
2017.03.09 07:11:01.403,12.06618,12.06872,0.00,0.00
2017.03.09 07:11:01.458,12.06598,12.06861,0.00,0.00
2017.03.09 07:11:01.558,12.06619,12.06872,0.00,0.00
2017.03.09 07:11:02.172,12.06598,12.06861,0.00,0.00
2017.03.09 07:11:02.299,12.06619,12.06872,0.00,0.00
2017.03.09 07:11:02.607,12.06598,12.06872,0.00,0.00
2017.03.09 07:11:02.661,12.06618,12.06872,0.00,0.00
2017.03.09 07:11:02.961,12.06598,12.06872,0.00,0.00
2017.03.09 07:11:03.274,12.06648,12.06882,0.00,0.00
2017.03.09 07:11:03.463,12.06699,12.06971,0.00,0.00
2017.03.09 07:11:03.788,12.06699,12.06952,0.00,0.00
2017.03.09 07:11:03.863,12.06699,12.06971,0.00,0.00
2017.03.09 07:11:04.496,12.06699,12.06942,0.00,0.00
2017.03.09 07:11:04.826,12.06699,12.06932,0.00,0.00
2017.03.09 07:11:05.548,12.06648,12.06922,0.00,0.00
2017.03.09 07:11:05.599,12.06659,12.06922,0.00,0.00
2017.03.09 07:11:05.901,12.06698,12.06922,0.00,0.00
2017.03.09 07:11:06.067,12.06698,12.06962,0.00,0.00
2017.03.09 07:11:06.167,12.06698,12.06972,0.00,0.00
2017.03.09 07:11:06.467,12.06698,12.06941,0.00,0.00
2017.03.09 07:11:06.568,12.06698,12.06972,0.00,0.00
2017.03.09 07:11:07.002,12.06708,12.06972,0.00,0.00
2017.03.09 07:11:07.308,12.06698,12.06962,0.00,0.00
2017.03.09 07:11:07.999,12.06698,12.06942,0.00,0.00
2017.03.09 07:11:08.104,12.06698,12.06971,0.00,0.00
2017.03.09 07:11:08.644,12.06698,12.06972,0.00,0.00
2017.03.09 07:11:08.771,12.06698,12.06962,0.00,0.00
2017.03.09 07:11:09.232,12.06718,12.06972,0.00,0.00
2017.03.09 07:11:09.573,12.06708,12.06972,0.00,0.00
2017.03.09 07:11:09.986,12.06698,12.06951,0.00,0.00
2017.03.09 07:11:10.412,12.06719,12.06972,0.00,0.00
2017.03.09 07:11:10.775,12.06698,12.06971,0.00,0.00
2017.03.09 07:11:11.306,12.06708,12.06972,0.00,0.00
2017.03.09 07:11:11.477,12.06698,12.06972,0.00,0.00
2017.03.09 07:11:12.178,12.06698,12.06962,0.00,0.00
2017.03.09 07:11:12.579,12.06698,12.06972,0.00,0.00
2017.03.09 07:11:16.485,12.06698,12.06952,0.00,0.00
2017.03.09 07:11:16.585,12.06698,12.06972,0.00,0.00
2017.03.09 07:11:17.432,12.06709,12.06972,0.00,0.00
2017.03.09 07:11:17.943,12.06698,12.06942,0.00,0.00
2017.03.09 07:11:18.389,12.06698,12.06972,0.00,0.00
2017.03.09 07:11:18.492,12.06698,12.06952,0.00,0.00
2017.03.09 07:11:18.689,12.06698,12.06972,0.00,0.00
2017.03.09 07:11:18.790,12.06698,12.06962,0.00,0.00
2017.03.09 07:11:19.120,12.06689,12.06872,0.00,0.00
2017.03.09 07:11:19.232,12.06618,12.06872,0.00,0.00
2017.03.09 07:11:19.303,12.06598,12.06862,0.00,0.00
2017.03.09 07:11:19.491,12.06608,12.06872,0.00,0.00
2017.03.09 07:11:19.792,12.06598,12.06871,0.00,0.00
2017.03.09 07:11:19.911,12.06628,12.06872,0.00,0.00
2017.03.09 07:11:20.636,12.06598,12.06872,0.00,0.00
2017.03.09 07:11:20.693,12.06598,12.06861,0.00,0.00
2017.03.09 07:11:23.214,12.06608,12.06872,0.00,0.00
2017.03.09 07:11:23.314,12.06619,12.06872,0.00,0.00
2017.03.09 07:11:23.699,12.06598,12.06872,0.00,0.00
2017.03.09 07:11:23.842,12.06609,12.06872,0.00,0.00
2017.03.09 07:11:24.214,12.06638,12.06872,0.00,0.00
2017.03.09 07:11:24.716,12.06599,12.06872,0.00,0.00
2017.03.09 07:11:24.801,12.06618,12.06872,0.00,0.00
2017.03.09 07:11:25.047,12.06598,12.06872,0.00,0.00
2017.03.09 07:11:25.327,12.06628,12.06872,0.00,0.00
2017.03.09 07:11:25.703,12.06608,12.06872,0.00,0.00
2017.03.09 07:11:25.904,12.06598,12.06862,0.00,0.00
2017.03.09 07:11:26.215,12.06618,12.06872,0.00,0.00
2017.03.09 07:11:26.531,12.06698,12.06962,0.00,0.00
2017.03.09 07:11:26.646,12.06698,12.06972,0.00,0.00
2017.03.09 07:11:26.921,12.06698,12.06962,0.00,0.00
2017.03.09 07:11:27.569,12.06668,12.06872,0.00,0.00
2017.03.09 07:11:27.620,12.06599,12.06872,0.00,0.00
2017.03.09 07:11:27.834,12.06598,12.06862,0.00,0.00
2017.03.09 07:11:28.146,12.06698,12.06922,0.00,0.00
2017.03.09 07:11:28.259,12.06698,12.06972,0.00,0.00
2017.03.09 07:11:28.905,12.06698,12.06971,0.00,0.00
2017.03.09 07:11:29.116,12.06698,12.06961,0.00,0.00
2017.03.09 07:11:29.566,12.06698,12.06931,0.00,0.00
2017.03.09 07:11:29.815,12.06698,12.06952,0.00,0.00
2017.03.09 07:11:30.041,12.06698,12.06971,0.00,0.00
2017.03.09 07:11:30.092,12.06689,12.06922,0.00,0.00
2017.03.09 07:11:30.142,12.06652,12.06922,0.00,0.00
2017.03.09 07:11:30.193,12.06698,12.06932,0.00,0.00
2017.03.09 07:11:30.462,12.06699,12.06971,0.00,0.00
2017.03.09 07:11:30.514,12.06718,12.06971,0.00,0.00
2017.03.09 07:11:30.855,12.06699,12.06971,0.00,0.00
2017.03.09 07:11:30.956,12.06718,12.06971,0.00,0.00
2017.03.09 07:11:32.117,12.06699,12.06971,0.00,0.00
2017.03.09 07:11:32.221,12.06718,12.06971,0.00,0.00
2017.03.09 07:11:32.330,12.06699,12.06971,0.00,0.00
2017.03.09 07:11:32.517,12.06699,12.06951,0.00,0.00
2017.03.09 07:11:32.723,12.06699,12.06971,0.00,0.00
2017.03.09 07:11:33.318,12.06718,12.06971,0.00,0.00
2017.03.09 07:11:33.619,12.06699,12.06942,0.00,0.00
2017.03.09 07:11:33.736,12.06699,12.06971,0.00,0.00
2017.03.09 07:11:33.849,12.06709,12.06971,0.00,0.00
2017.03.09 07:11:34.020,12.06699,12.06971,0.00,0.00
2017.03.09 07:11:34.347,12.06699,12.06961,0.00,0.00
2017.03.09 07:11:34.421,12.06699,12.06971,0.00,0.00
2017.03.09 07:11:34.627,12.06718,12.06971,0.00,0.00
2017.03.09 07:11:35.551,12.06699,12.06962,0.00,0.00
2017.03.09 07:11:35.623,12.06699,12.06971,0.00,0.00
2017.03.09 07:11:35.824,12.06708,12.06971,0.00,0.00
2017.03.09 07:11:35.925,12.06699,12.06971,0.00,0.00
2017.03.09 07:11:36.225,12.06738,12.06971,0.00,0.00
2017.03.09 07:11:36.445,12.06728,12.06971,0.00,0.00
2017.03.09 07:11:36.551,12.06708,12.06971,0.00,0.00
2017.03.09 07:11:36.626,12.06699,12.06971,0.00,0.00
2017.03.09 07:11:37.858,12.06728,12.06971,0.00,0.00
2017.03.09 07:11:38.252,12.06738,12.06971,0.00,0.00
2017.03.09 07:11:38.328,12.06718,12.06971,0.00,0.00
2017.03.09 07:11:38.567,12.06699,12.06961,0.00,0.00
2017.03.09 07:11:38.628,12.06699,12.06971,0.00,0.00
2017.03.09 07:11:39.445,12.06708,12.06971,0.00,0.00
2017.03.09 07:11:39.575,12.06699,12.06971,0.00,0.00
2017.03.09 07:11:41.333,12.06728,12.06971,0.00,0.00
2017.03.09 07:11:41.833,12.06699,12.06971,0.00,0.00
2017.03.09 07:11:42.282,12.06708,12.06971,0.00,0.00
2017.03.09 07:11:42.445,12.06699,12.06971,0.00,0.00
2017.03.09 07:11:42.635,12.06729,12.06971,0.00,0.00
2017.03.09 07:11:43.745,12.06699,12.06971,0.00,0.00
2017.03.09 07:11:44.037,12.06708,12.06971,0.00,0.00
2017.03.09 07:11:44.169,12.06699,12.06971,0.00,0.00
2017.03.09 07:11:44.348,12.06699,12.06952,0.00,0.00
2017.03.09 07:11:44.739,12.06699,12.06942,0.00,0.00
2017.03.09 07:11:44.857,12.06699,12.06971,0.00,0.00
2017.03.09 07:11:45.662,12.06699,12.06961,0.00,0.00
2017.03.09 07:11:46.127,12.06699,12.06952,0.00,0.00
2017.03.09 07:11:46.272,12.06699,12.06971,0.00,0.00
2017.03.09 07:11:46.683,12.06699,12.06962,0.00,0.00
2017.03.09 07:11:46.743,12.06699,12.06971,0.00,0.00
2017.03.09 07:11:47.675,12.06718,12.06971,0.00,0.00
2017.03.09 07:11:47.845,12.06699,12.06971,0.00,0.00
2017.03.09 07:11:47.952,12.06718,12.06971,0.00,0.00
2017.03.09 07:11:48.045,12.06699,12.06962,0.00,0.00
2017.03.09 07:11:48.195,12.06699,12.06971,0.00,0.00
2017.03.09 07:11:48.346,12.06708,12.06971,0.00,0.00
2017.03.09 07:11:48.849,12.06739,12.06971,0.00,0.00
2017.03.09 07:11:49.369,12.06699,12.06962,0.00,0.00
2017.03.09 07:11:49.474,12.06729,12.06971,0.00,0.00
2017.03.09 07:11:49.575,12.06699,12.06971,0.00,0.00
2017.03.09 07:11:49.648,12.06719,12.06971,0.00,0.00
2017.03.09 07:11:50.036,12.06699,12.06971,0.00,0.00
2017.03.09 07:11:50.476,12.06719,12.06971,0.00,0.00
2017.03.09 07:11:50.577,12.06709,12.06971,0.00,0.00
2017.03.09 07:11:50.750,12.06699,12.06971,0.00,0.00
2017.03.09 07:11:50.881,12.06699,12.06962,0.00,0.00
2017.03.09 07:11:51.479,12.06699,12.06971,0.00,0.00
2017.03.09 07:11:52.164,12.06699,12.06961,0.00,0.00
2017.03.09 07:11:52.253,12.06708,12.06971,0.00,0.00
2017.03.09 07:11:52.754,12.06718,12.06971,0.00,0.00
2017.03.09 07:11:53.255,12.06699,12.06971,0.00,0.00
2017.03.09 07:11:53.402,12.06708,12.06971,0.00,0.00
2017.03.09 07:11:54.657,12.06699,12.06971,0.00,0.00
2017.03.09 07:11:56.274,12.06699,12.06941,0.00,0.00
2017.03.09 07:11:56.382,12.06709,12.06971,0.00,0.00
2017.03.09 07:11:56.505,12.06729,12.06971,0.00,0.00
2017.03.09 07:11:56.606,12.06699,12.06971,0.00,0.00
2017.03.09 07:11:56.662,12.06699,12.06962,0.00,0.00
2017.03.09 07:11:56.762,12.06699,12.06971,0.00,0.00
2017.03.09 07:11:56.963,12.06699,12.06961,0.00,0.00
2017.03.09 07:11:57.063,12.06699,12.06971,0.00,0.00
2017.03.09 07:11:57.567,12.06699,12.06951,0.00,0.00
2017.03.09 07:11:57.983,12.06739,12.06971,0.00,0.00
2017.03.09 07:11:58.199,12.06699,12.06971,0.00,0.00
2017.03.09 07:11:59.075,12.06699,12.06952,0.00,0.00
2017.03.09 07:11:59.384,12.06699,12.06971,0.00,0.00
2017.03.09 07:11:59.490,12.06749,12.06971,0.00,0.00
2017.03.09 07:11:59.595,12.06729,12.06971,0.00,0.00
2017.03.09 07:11:59.674,12.06699,12.06971,0.00,0.00
2017.03.09 07:11:59.875,12.06708,12.06971,0.00,0.00
2017.03.09 07:12:00.212,12.06699,12.06971,0.00,0.00
2017.03.09 07:12:00.313,12.06709,12.06971,0.00,0.00
2017.03.09 07:12:00.524,12.06699,12.06962,0.00,0.00
2017.03.09 07:12:01.379,12.06699,12.06971,0.00,0.00
2017.03.09 07:12:01.790,12.06709,12.06971,0.00,0.00
2017.03.09 07:12:02.178,12.06748,12.06971,0.00,0.00
2017.03.09 07:12:02.522,12.06718,12.06971,0.00,0.00
2017.03.09 07:12:02.585,12.06708,12.06971,0.00,0.00
2017.03.09 07:12:03.724,12.06738,12.06971,0.00,0.00
2017.03.09 07:12:04.047,12.06758,12.06971,0.00,0.00
2017.03.09 07:12:04.209,12.06728,12.06971,0.00,0.00
2017.03.09 07:12:04.630,12.06739,12.06971,0.00,0.00
2017.03.09 07:12:04.696,12.06719,12.06971,0.00,0.00
2017.03.09 07:12:05.409,12.06709,12.06971,0.00,0.00
2017.03.09 07:12:05.543,12.06758,12.06971,0.00,0.00
2017.03.09 07:12:05.644,12.06748,12.06971,0.00,0.00
2017.03.09 07:12:05.923,12.06719,12.06971,0.00,0.00
2017.03.09 07:12:07.504,12.06749,12.06971,0.00,0.00
2017.03.09 07:12:07.605,12.06729,12.06971,0.00,0.00
2017.03.09 07:12:07.705,12.06749,12.06971,0.00,0.00
2017.03.09 07:12:07.863,12.06749,12.07022,0.00,0.00
2017.03.09 07:12:07.913,12.06748,12.07001,0.00,0.00
2017.03.09 07:12:08.220,12.06819,12.07068,0.00,0.00
2017.03.09 07:12:08.271,12.06819,12.07072,0.00,0.00
2017.03.09 07:12:08.508,12.06798,12.07061,0.00,0.00
2017.03.09 07:12:08.609,12.06828,12.07072,0.00,0.00
2017.03.09 07:12:08.808,12.06809,12.07072,0.00,0.00
2017.03.09 07:12:09.310,12.06799,12.07072,0.00,0.00
2017.03.09 07:12:09.411,12.06828,12.07072,0.00,0.00
2017.03.09 07:12:09.614,12.06899,12.07171,0.00,0.00
2017.03.09 07:12:10.042,12.06909,12.07171,0.00,0.00
2017.03.09 07:12:10.366,12.06929,12.07171,0.00,0.00
2017.03.09 07:12:10.416,12.06909,12.07171,0.00,0.00
2017.03.09 07:12:10.538,12.06899,12.07171,0.00,0.00
2017.03.09 07:12:10.639,12.06899,12.07141,0.00,0.00
2017.03.09 07:12:10.856,12.06899,12.07152,0.00,0.00
2017.03.09 07:12:10.957,12.06899,12.07171,0.00,0.00
2017.03.09 07:12:12.419,12.06899,12.07162,0.00,0.00
2017.03.09 07:12:12.746,12.06899,12.07171,0.00,0.00
2017.03.09 07:12:12.820,12.06899,12.07162,0.00,0.00
2017.03.09 07:12:13.122,12.06899,12.07171,0.00,0.00
2017.03.09 07:12:15.118,12.06899,12.07162,0.00,0.00
2017.03.09 07:12:15.513,12.06908,12.07171,0.00,0.00
2017.03.09 07:12:15.973,12.06919,12.07171,0.00,0.00
2017.03.09 07:12:16.231,12.06908,12.07171,0.00,0.00
2017.03.09 07:12:16.649,12.06899,12.07171,0.00,0.00
2017.03.09 07:12:16.764,12.06908,12.07171,0.00,0.00
2017.03.09 07:12:17.085,12.06899,12.07142,0.00,0.00
2017.03.09 07:12:17.750,12.06899,12.07171,0.00,0.00
2017.03.09 07:12:18.241,12.06998,12.07201,0.00,0.00
2017.03.09 07:12:18.366,12.06908,12.07171,0.00,0.00
2017.03.09 07:12:18.468,12.06899,12.07171,0.00,0.00
2017.03.09 07:12:18.582,12.06899,12.07152,0.00,0.00
2017.03.09 07:12:18.841,12.06908,12.07171,0.00,0.00
2017.03.09 07:12:18.981,12.06899,12.07162,0.00,0.00
2017.03.09 07:12:19.322,12.06899,12.07132,0.00,0.00
2017.03.09 07:12:19.373,12.06899,12.07162,0.00,0.00
2017.03.09 07:12:19.486,12.06899,12.07171,0.00,0.00
2017.03.09 07:12:20.044,12.06909,12.07171,0.00,0.00
2017.03.09 07:12:20.177,12.06899,12.07171,0.00,0.00
2017.03.09 07:12:20.731,12.06899,12.07151,0.00,0.00
2017.03.09 07:12:21.177,12.06899,12.07171,0.00,0.00
2017.03.09 07:12:21.278,12.06899,12.07152,0.00,0.00
2017.03.09 07:12:22.063,12.06899,12.07132,0.00,0.00
2017.03.09 07:12:22.166,12.06899,12.07141,0.00,0.00
2017.03.09 07:12:22.277,12.06899,12.07161,0.00,0.00
2017.03.09 07:12:22.327,12.06998,12.07161,0.00,0.00
2017.03.09 07:12:22.484,12.06938,12.07172,0.00,0.00
2017.03.09 07:12:22.554,12.06899,12.07172,0.00,0.00
2017.03.09 07:12:22.654,12.06898,12.07142,0.00,0.00
2017.03.09 07:12:23.237,12.06898,12.07162,0.00,0.00
2017.03.09 07:12:23.488,12.06898,12.07122,0.00,0.00
2017.03.09 07:12:23.557,12.06898,12.07142,0.00,0.00
2017.03.09 07:12:23.874,12.06898,12.07121,0.00,0.00
2017.03.09 07:12:24.060,12.06898,12.07141,0.00,0.00
2017.03.09 07:12:24.161,12.06898,12.07121,0.00,0.00
2017.03.09 07:12:24.625,12.06898,12.07152,0.00,0.00
2017.03.09 07:12:24.676,12.06898,12.07132,0.00,0.00
2017.03.09 07:12:26.066,12.06898,12.07112,0.00,0.00
2017.03.09 07:12:26.167,12.06898,12.07131,0.00,0.00
2017.03.09 07:12:26.586,12.06898,12.07161,0.00,0.00
2017.03.09 07:12:27.078,12.06898,12.07172,0.00,0.00
2017.03.09 07:12:27.170,12.06898,12.07141,0.00,0.00
2017.03.09 07:12:27.595,12.06898,12.07161,0.00,0.00
2017.03.09 07:12:27.672,12.06898,12.07142,0.00,0.00
2017.03.09 07:12:29.488,12.06858,12.07118,0.00,0.00
2017.03.09 07:12:29.617,12.06839,12.07071,0.00,0.00
2017.03.09 07:12:29.724,12.06808,12.07071,0.00,0.00
2017.03.09 07:12:29.777,12.06799,12.07032,0.00,0.00
2017.03.09 07:12:29.883,12.06799,12.07052,0.00,0.00
2017.03.09 07:12:29.988,12.06799,12.07071,0.00,0.00
2017.03.09 07:12:30.097,12.06808,12.07071,0.00,0.00
2017.03.09 07:12:30.311,12.06799,12.07071,0.00,0.00
2017.03.09 07:12:30.428,12.06799,12.07042,0.00,0.00
2017.03.09 07:12:30.480,12.06799,12.07071,0.00,0.00
2017.03.09 07:12:30.593,12.06809,12.07071,0.00,0.00
2017.03.09 07:12:30.882,12.06799,12.07071,0.00,0.00
2017.03.09 07:12:30.981,12.06799,12.07062,0.00,0.00
2017.03.09 07:12:31.284,12.06799,12.07071,0.00,0.00
2017.03.09 07:12:31.721,12.06809,12.07071,0.00,0.00
2017.03.09 07:12:31.785,12.06799,12.07062,0.00,0.00
2017.03.09 07:12:32.191,12.06799,12.07071,0.00,0.00
2017.03.09 07:12:33.789,12.06809,12.07071,0.00,0.00
2017.03.09 07:12:34.090,12.06799,12.07071,0.00,0.00
2017.03.09 07:12:34.199,12.06819,12.07071,0.00,0.00
2017.03.09 07:12:35.092,12.06799,12.07052,0.00,0.00
2017.03.09 07:12:36.502,12.06799,12.07071,0.00,0.00
2017.03.09 07:12:36.724,12.06808,12.07071,0.00,0.00
2017.03.09 07:12:37.090,12.06828,12.07069,0.00,0.00
2017.03.09 07:12:37.242,12.06799,12.07062,0.00,0.00
2017.03.09 07:12:37.406,12.06799,12.07032,0.00,0.00
2017.03.09 07:12:37.564,12.06799,12.07069,0.00,0.00
2017.03.09 07:12:37.797,12.06799,12.07062,0.00,0.00
2017.03.09 07:12:38.001,12.06749,12.07019,0.00,0.00
2017.03.09 07:12:38.051,12.06748,12.06971,0.00,0.00
2017.03.09 07:12:38.102,12.06699,12.06971,0.00,0.00
2017.03.09 07:12:38.399,12.06709,12.06971,0.00,0.00
2017.03.09 07:12:38.700,12.06748,12.06971,0.00,0.00
2017.03.09 07:12:38.910,12.06699,12.06971,0.00,0.00
2017.03.09 07:12:39.322,12.06728,12.06972,0.00,0.00
2017.03.09 07:12:39.602,12.06699,12.06972,0.00,0.00
2017.03.09 07:12:40.003,12.06709,12.06972,0.00,0.00
2017.03.09 07:12:40.604,12.06698,12.06961,0.00,0.00
2017.03.09 07:12:40.804,12.06698,12.06972,0.00,0.00
2017.03.09 07:12:41.650,12.06709,12.06972,0.00,0.00
2017.03.09 07:12:42.207,12.06699,12.06972,0.00,0.00
2017.03.09 07:12:42.609,12.06698,12.06962,0.00,0.00
2017.03.09 07:12:42.936,12.06698,12.06951,0.00,0.00
2017.03.09 07:12:43.316,12.06718,12.06972,0.00,0.00
2017.03.09 07:12:43.527,12.06708,12.06972,0.00,0.00
2017.03.09 07:12:43.614,12.06749,12.06972,0.00,0.00
2017.03.09 07:12:43.710,12.06738,12.06972,0.00,0.00
2017.03.09 07:12:43.910,12.06718,12.06972,0.00,0.00
2017.03.09 07:12:44.011,12.06698,12.06972,0.00,0.00
2017.03.09 07:12:44.321,12.06738,12.06972,0.00,0.00
2017.03.09 07:12:44.521,12.06718,12.06972,0.00,0.00
2017.03.09 07:12:44.812,12.06698,12.06961,0.00,0.00
2017.03.09 07:12:44.912,12.06719,12.06972,0.00,0.00
2017.03.09 07:12:45.013,12.06698,12.06972,0.00,0.00
2017.03.09 07:12:45.622,12.06698,12.06952,0.00,0.00
2017.03.09 07:12:46.028,12.06699,12.06972,0.00,0.00
2017.03.09 07:12:46.217,12.06698,12.06961,0.00,0.00
2017.03.09 07:12:46.317,12.06708,12.06972,0.00,0.00
2017.03.09 07:12:47.134,12.06698,12.06952,0.00,0.00
2017.03.09 07:12:47.557,12.06738,12.06972,0.00,0.00
2017.03.09 07:12:47.721,12.06698,12.06972,0.00,0.00
2017.03.09 07:12:48.223,12.06698,12.06971,0.00,0.00
2017.03.09 07:12:48.726,12.06729,12.06972,0.00,0.00
2017.03.09 07:12:49.027,12.06698,12.06961,0.00,0.00
2017.03.09 07:12:49.126,12.06728,12.06972,0.00,0.00
2017.03.09 07:12:49.239,12.06719,12.06972,0.00,0.00
2017.03.09 07:12:49.539,12.06749,12.07001,0.00,0.00
2017.03.09 07:12:49.743,12.06759,12.07021,0.00,0.00
2017.03.09 07:12:50.467,12.06798,12.07041,0.00,0.00
2017.03.09 07:12:50.571,12.06798,12.07051,0.00,0.00
2017.03.09 07:12:50.672,12.06798,12.07062,0.00,0.00
2017.03.09 07:12:50.773,12.06798,12.07069,0.00,0.00
2017.03.09 07:12:51.232,12.06798,12.07052,0.00,0.00
2017.03.09 07:12:51.442,12.06798,12.07069,0.00,0.00
2017.03.09 07:12:51.656,12.06798,12.07061,0.00,0.00
2017.03.09 07:12:51.734,12.06798,12.07072,0.00,0.00
2017.03.09 07:12:52.282,12.06809,12.07072,0.00,0.00
2017.03.09 07:12:52.671,12.06799,12.07072,0.00,0.00
2017.03.09 07:12:53.334,12.06798,12.07072,0.00,0.00
2017.03.09 07:12:53.841,12.06808,12.07072,0.00,0.00
2017.03.09 07:12:54.774,12.06828,12.07072,0.00,0.00
2017.03.09 07:12:55.126,12.06818,12.07072,0.00,0.00
2017.03.09 07:12:55.491,12.06849,12.07099,0.00,0.00
2017.03.09 07:12:55.541,12.06849,12.07102,0.00,0.00
2017.03.09 07:12:55.592,12.06849,12.07072,0.00,0.00
2017.03.09 07:12:55.642,12.06799,12.07071,0.00,0.00
2017.03.09 07:12:55.693,12.06859,12.07071,0.00,0.00
2017.03.09 07:12:55.749,12.06828,12.07071,0.00,0.00
2017.03.09 07:12:55.799,12.06899,12.07112,0.00,0.00
2017.03.09 07:12:55.950,12.06899,12.07161,0.00,0.00
2017.03.09 07:12:56.051,12.06899,12.07171,0.00,0.00
2017.03.09 07:12:56.384,12.06899,12.07161,0.00,0.00
2017.03.09 07:12:56.741,12.06918,12.07171,0.00,0.00
2017.03.09 07:12:57.059,12.06929,12.07171,0.00,0.00
2017.03.09 07:12:57.498,12.06948,12.07211,0.00,0.00
2017.03.09 07:12:57.599,12.06948,12.07191,0.00,0.00
2017.03.09 07:12:57.854,12.06958,12.07221,0.00,0.00
2017.03.09 07:12:57.994,12.06948,12.07209,0.00,0.00
2017.03.09 07:12:58.352,12.06899,12.07151,0.00,0.00
2017.03.09 07:12:58.699,12.06899,12.07171,0.00,0.00
2017.03.09 07:12:58.761,12.06899,12.07152,0.00,0.00
2017.03.09 07:12:59.077,12.06998,12.07182,0.00,0.00
2017.03.09 07:12:59.184,12.06998,12.07242,0.00,0.00
2017.03.09 07:12:59.570,12.06998,12.07221,0.00,0.00
2017.03.09 07:13:00.011,12.06998,12.07212,0.00,0.00
2017.03.09 07:13:00.164,12.06998,12.07252,0.00,0.00
2017.03.09 07:13:00.409,12.06998,12.07272,0.00,0.00
2017.03.09 07:13:00.467,12.06998,12.07252,0.00,0.00
2017.03.09 07:13:01.002,12.06998,12.07231,0.00,0.00
2017.03.09 07:13:01.103,12.06998,12.07242,0.00,0.00
2017.03.09 07:13:01.167,12.06998,12.07262,0.00,0.00
2017.03.09 07:13:01.268,12.06998,12.07241,0.00,0.00
2017.03.09 07:13:01.481,12.06998,12.07252,0.00,0.00
2017.03.09 07:13:01.784,12.06998,12.07241,0.00,0.00
2017.03.09 07:13:02.091,12.06979,12.07199,0.00,0.00
2017.03.09 07:13:02.195,12.06949,12.07199,0.00,0.00
2017.03.09 07:13:02.289,12.06899,12.07151,0.00,0.00
2017.03.09 07:13:02.340,12.06869,12.07121,0.00,0.00
2017.03.09 07:13:02.392,12.06849,12.07102,0.00,0.00
2017.03.09 07:13:02.544,12.06818,12.07071,0.00,0.00
2017.03.09 07:13:02.595,12.06809,12.07071,0.00,0.00
2017.03.09 07:13:02.696,12.06799,12.07071,0.00,0.00
2017.03.09 07:13:02.980,12.06799,12.07051,0.00,0.00
2017.03.09 07:13:03.081,12.06808,12.07071,0.00,0.00
2017.03.09 07:13:03.204,12.06818,12.07071,0.00,0.00
2017.03.09 07:13:03.392,12.06799,12.07062,0.00,0.00
2017.03.09 07:13:04.511,12.06799,12.07031,0.00,0.00
2017.03.09 07:13:04.578,12.06799,12.07061,0.00,0.00
2017.03.09 07:13:04.703,12.06808,12.07071,0.00,0.00
2017.03.09 07:13:04.979,12.06799,12.07051,0.00,0.00
2017.03.09 07:13:05.080,12.06799,12.07071,0.00,0.00
2017.03.09 07:13:05.183,12.06799,12.07052,0.00,0.00
2017.03.09 07:13:05.292,12.06808,12.07071,0.00,0.00
2017.03.09 07:13:05.497,12.06799,12.07051,0.00,0.00
2017.03.09 07:13:05.781,12.06799,12.07071,0.00,0.00
2017.03.09 07:13:06.808,12.06818,12.07071,0.00,0.00
2017.03.09 07:13:06.883,12.06799,12.07062,0.00,0.00
2017.03.09 07:13:07.284,12.06818,12.07071,0.00,0.00
2017.03.09 07:13:07.585,12.06799,12.07071,0.00,0.00
2017.03.09 07:13:07.686,12.06799,12.07062,0.00,0.00
2017.03.09 07:13:07.801,12.06799,12.07071,0.00,0.00
2017.03.09 07:13:08.542,12.06849,12.07081,0.00,0.00
2017.03.09 07:13:08.731,12.06899,12.07171,0.00,0.00
2017.03.09 07:13:08.934,12.06899,12.07132,0.00,0.00
2017.03.09 07:13:09.089,12.06899,12.07161,0.00,0.00
2017.03.09 07:13:09.629,12.06899,12.07132,0.00,0.00
2017.03.09 07:13:09.690,12.06908,12.07171,0.00,0.00
2017.03.09 07:13:09.790,12.06899,12.07162,0.00,0.00
2017.03.09 07:13:10.091,12.06899,12.07152,0.00,0.00
2017.03.09 07:13:10.637,12.06899,12.07142,0.00,0.00
2017.03.09 07:13:11.254,12.06899,12.07121,0.00,0.00
2017.03.09 07:13:11.716,12.06848,12.07098,0.00,0.00
2017.03.09 07:13:11.817,12.06859,12.07072,0.00,0.00
2017.03.09 07:13:11.930,12.06799,12.07071,0.00,0.00
2017.03.09 07:13:11.994,12.06818,12.07071,0.00,0.00
2017.03.09 07:13:12.336,12.06798,12.07071,0.00,0.00
2017.03.09 07:13:12.729,12.06828,12.07072,0.00,0.00
2017.03.09 07:13:12.796,12.06798,12.07071,0.00,0.00
2017.03.09 07:13:12.897,12.06808,12.07072,0.00,0.00
2017.03.09 07:13:13.813,12.06798,12.07062,0.00,0.00
2017.03.09 07:13:14.277,12.06798,12.07042,0.00,0.00
2017.03.09 07:13:14.518,12.06798,12.07052,0.00,0.00
2017.03.09 07:13:14.825,12.06809,12.07072,0.00,0.00
2017.03.09 07:13:14.902,12.06798,12.07062,0.00,0.00
2017.03.09 07:13:15.327,12.06798,12.07042,0.00,0.00
2017.03.09 07:13:15.435,12.06798,12.07072,0.00,0.00
2017.03.09 07:13:15.844,12.06798,12.07062,0.00,0.00
2017.03.09 07:13:16.453,12.06798,12.07052,0.00,0.00
2017.03.09 07:13:16.613,12.06799,12.07072,0.00,0.00
2017.03.09 07:13:16.714,12.06808,12.07072,0.00,0.00
2017.03.09 07:13:17.044,12.06798,12.07072,0.00,0.00
2017.03.09 07:13:17.373,12.06788,12.07008,0.00,0.00
2017.03.09 07:13:17.424,12.06759,12.07008,0.00,0.00
2017.03.09 07:13:17.484,12.06759,12.06972,0.00,0.00
2017.03.09 07:13:17.534,12.06748,12.06972,0.00,0.00
2017.03.09 07:13:17.639,12.06708,12.06972,0.00,0.00
2017.03.09 07:13:17.909,12.06738,12.06972,0.00,0.00
2017.03.09 07:13:18.109,12.06699,12.06972,0.00,0.00
2017.03.09 07:13:19.018,12.06718,12.06972,0.00,0.00
2017.03.09 07:13:19.335,12.06728,12.06972,0.00,0.00
2017.03.09 07:13:19.443,12.06718,12.06972,0.00,0.00
2017.03.09 07:13:19.512,12.06698,12.06972,0.00,0.00
2017.03.09 07:13:19.813,12.06718,12.06972,0.00,0.00
2017.03.09 07:13:19.913,12.06698,12.06972,0.00,0.00
2017.03.09 07:13:20.614,12.06728,12.06972,0.00,0.00
2017.03.09 07:13:21.061,12.06719,12.06972,0.00,0.00
2017.03.09 07:13:22.052,12.06709,12.06972,0.00,0.00
2017.03.09 07:13:22.234,12.06698,12.06972,0.00,0.00
2017.03.09 07:13:22.336,12.06709,12.06972,0.00,0.00
2017.03.09 07:13:22.462,12.06698,12.06972,0.00,0.00
2017.03.09 07:13:22.620,12.06718,12.06972,0.00,0.00
2017.03.09 07:13:23.256,12.06698,12.06972,0.00,0.00
2017.03.09 07:13:23.468,12.06708,12.06972,0.00,0.00
2017.03.09 07:13:23.723,12.06699,12.06972,0.00,0.00
2017.03.09 07:13:23.824,12.06709,12.06972,0.00,0.00
2017.03.09 07:13:26.565,12.06698,12.06971,0.00,0.00
2017.03.09 07:13:26.673,12.06729,12.06972,0.00,0.00
2017.03.09 07:13:26.830,12.06698,12.06972,0.00,0.00
2017.03.09 07:13:26.930,12.06729,12.06972,0.00,0.00
2017.03.09 07:13:29.376,12.06708,12.06972,0.00,0.00
2017.03.09 07:13:29.435,12.06698,12.06972,0.00,0.00
2017.03.09 07:13:32.471,12.06709,12.06972,0.00,0.00
2017.03.09 07:13:32.539,12.06698,12.06972,0.00,0.00
2017.03.09 07:13:34.281,12.06698,12.06962,0.00,0.00
2017.03.09 07:13:34.830,12.06698,12.06961,0.00,0.00
2017.03.09 07:13:35.070,12.06698,12.06972,0.00,0.00
2017.03.09 07:13:35.375,12.06698,12.06961,0.00,0.00
2017.03.09 07:13:35.443,12.06699,12.06972,0.00,0.00
2017.03.09 07:13:37.449,12.06709,12.06972,0.00,0.00
2017.03.09 07:13:37.546,12.06698,12.06972,0.00,0.00
2017.03.09 07:13:42.492,12.06698,12.06961,0.00,0.00
2017.03.09 07:13:42.776,12.06698,12.06972,0.00,0.00
2017.03.09 07:13:45.907,12.06698,12.06962,0.00,0.00
2017.03.09 07:13:46.291,12.06698,12.06932,0.00,0.00
2017.03.09 07:13:46.398,12.06698,12.06952,0.00,0.00
2017.03.09 07:13:46.461,12.06698,12.06962,0.00,0.00
2017.03.09 07:13:48.498,12.06698,12.06931,0.00,0.00
2017.03.09 07:13:48.619,12.06698,12.06962,0.00,0.00
2017.03.09 07:13:48.784,12.06698,12.06942,0.00,0.00
2017.03.09 07:13:48.903,12.06719,12.06972,0.00,0.00
2017.03.09 07:13:49.167,12.06698,12.06962,0.00,0.00
2017.03.09 07:13:49.715,12.06698,12.06942,0.00,0.00
2017.03.09 07:13:49.768,12.06698,12.06961,0.00,0.00
2017.03.09 07:13:50.211,12.06698,12.06941,0.00,0.00
2017.03.09 07:13:50.269,12.06698,12.06962,0.00,0.00
2017.03.09 07:13:50.637,12.06678,12.06918,0.00,0.00
2017.03.09 07:13:50.893,12.06599,12.06852,0.00,0.00
2017.03.09 07:13:50.971,12.06599,12.06871,0.00,0.00
2017.03.09 07:13:51.074,12.06608,12.06871,0.00,0.00
2017.03.09 07:13:51.774,12.06628,12.06871,0.00,0.00
2017.03.09 07:13:52.175,12.06599,12.06871,0.00,0.00
2017.03.09 07:13:52.911,12.06609,12.06871,0.00,0.00
2017.03.09 07:13:53.077,12.06599,12.06871,0.00,0.00
2017.03.09 07:13:53.385,12.06619,12.06871,0.00,0.00
2017.03.09 07:13:53.909,12.06628,12.06871,0.00,0.00
2017.03.09 07:13:53.979,12.06599,12.06871,0.00,0.00
2017.03.09 07:13:54.400,12.06608,12.06871,0.00,0.00
2017.03.09 07:13:54.815,12.06618,12.06871,0.00,0.00
2017.03.09 07:13:54.919,12.06599,12.06871,0.00,0.00
2017.03.09 07:13:55.281,12.06609,12.06871,0.00,0.00
2017.03.09 07:13:55.608,12.06629,12.06871,0.00,0.00
2017.03.09 07:13:55.709,12.06608,12.06871,0.00,0.00
2017.03.09 07:13:55.782,12.06628,12.06871,0.00,0.00
2017.03.09 07:13:56.184,12.06599,12.06871,0.00,0.00
2017.03.09 07:13:56.284,12.06619,12.06871,0.00,0.00
2017.03.09 07:13:56.601,12.06648,12.06901,0.00,0.00
2017.03.09 07:13:56.702,12.06698,12.06882,0.00,0.00
2017.03.09 07:13:56.825,12.06698,12.06972,0.00,0.00
2017.03.09 07:13:57.016,12.06698,12.06941,0.00,0.00
2017.03.09 07:13:57.086,12.06709,12.06972,0.00,0.00
2017.03.09 07:13:57.186,12.06698,12.06962,0.00,0.00
2017.03.09 07:13:57.390,12.06698,12.06951,0.00,0.00
2017.03.09 07:13:57.530,12.06698,12.06962,0.00,0.00
2017.03.09 07:13:58.235,12.06698,12.06952,0.00,0.00
2017.03.09 07:13:59.310,12.06698,12.06941,0.00,0.00
2017.03.09 07:13:59.410,12.06698,12.06951,0.00,0.00
2017.03.09 07:14:00.397,12.06698,12.06952,0.00,0.00
2017.03.09 07:14:00.493,12.06698,12.06971,0.00,0.00
2017.03.09 07:14:00.594,12.06698,12.06961,0.00,0.00
2017.03.09 07:14:00.717,12.06699,12.06972,0.00,0.00
2017.03.09 07:14:00.794,12.06698,12.06941,0.00,0.00
2017.03.09 07:14:00.930,12.06698,12.06952,0.00,0.00
2017.03.09 07:14:01.897,12.06698,12.06972,0.00,0.00
2017.03.09 07:14:03.198,12.06698,12.06961,0.00,0.00
2017.03.09 07:14:04.601,12.06698,12.06951,0.00,0.00
2017.03.09 07:14:04.702,12.06698,12.06962,0.00,0.00
2017.03.09 07:14:05.009,12.06698,12.06972,0.00,0.00
2017.03.09 07:14:05.143,12.06698,12.06941,0.00,0.00
2017.03.09 07:14:05.706,12.06698,12.06971,0.00,0.00
2017.03.09 07:14:05.806,12.06708,12.06972,0.00,0.00
2017.03.09 07:14:06.207,12.06699,12.06972,0.00,0.00
2017.03.09 07:14:07.211,12.06698,12.06972,0.00,0.00
2017.03.09 07:14:09.321,12.06698,12.06951,0.00,0.00
2017.03.09 07:14:09.414,12.06698,12.06972,0.00,0.00
2017.03.09 07:14:09.515,12.06748,12.07012,0.00,0.00
2017.03.09 07:14:09.627,12.06799,12.07071,0.00,0.00
2017.03.09 07:14:09.728,12.06808,12.07071,0.00,0.00
2017.03.09 07:14:09.829,12.06799,12.07071,0.00,0.00
2017.03.09 07:14:10.112,12.06899,12.07081,0.00,0.00
2017.03.09 07:14:10.163,12.06899,12.07122,0.00,0.00
2017.03.09 07:14:10.218,12.06899,12.07139,0.00,0.00
2017.03.09 07:14:10.485,12.06899,12.07142,0.00,0.00
2017.03.09 07:14:10.619,12.06899,12.07122,0.00,0.00
2017.03.09 07:14:10.739,12.06899,12.07141,0.00,0.00
2017.03.09 07:14:11.554,12.06899,12.07111,0.00,0.00
2017.03.09 07:14:12.560,12.06899,12.07141,0.00,0.00
2017.03.09 07:14:12.833,12.06899,12.07112,0.00,0.00
2017.03.09 07:14:12.923,12.06899,12.07122,0.00,0.00
2017.03.09 07:14:14.685,12.06849,12.07089,0.00,0.00
2017.03.09 07:14:14.787,12.06819,12.07071,0.00,0.00
2017.03.09 07:14:14.895,12.06799,12.07071,0.00,0.00
2017.03.09 07:14:15.231,12.06799,12.07061,0.00,0.00
2017.03.09 07:14:15.835,12.06799,12.07071,0.00,0.00
2017.03.09 07:14:18.134,12.06799,12.07061,0.00,0.00
2017.03.09 07:14:18.456,12.06818,12.07071,0.00,0.00
2017.03.09 07:14:18.935,12.06808,12.07071,0.00,0.00
2017.03.09 07:14:19.767,12.06828,12.07071,0.00,0.00
2017.03.09 07:14:19.977,12.06799,12.07071,0.00,0.00
2017.03.09 07:14:20.037,12.06799,12.07052,0.00,0.00
2017.03.09 07:14:20.437,12.06799,12.07071,0.00,0.00
2017.03.09 07:14:21.059,12.06829,12.07071,0.00,0.00
2017.03.09 07:14:21.750,12.06849,12.07089,0.00,0.00
2017.03.09 07:14:21.800,12.06849,12.07111,0.00,0.00
2017.03.09 07:14:21.851,12.06849,12.07071,0.00,0.00
2017.03.09 07:14:21.952,12.06898,12.07152,0.00,0.00
2017.03.09 07:14:22.079,12.06898,12.07162,0.00,0.00
2017.03.09 07:14:22.142,12.06898,12.07152,0.00,0.00
2017.03.09 07:14:22.461,12.06898,12.07161,0.00,0.00
2017.03.09 07:14:22.543,12.06898,12.07141,0.00,0.00
2017.03.09 07:14:24.319,12.06859,12.07072,0.00,0.00
2017.03.09 07:14:24.496,12.06799,12.07072,0.00,0.00
2017.03.09 07:14:24.859,12.06808,12.07072,0.00,0.00
2017.03.09 07:14:25.256,12.06898,12.07142,0.00,0.00
2017.03.09 07:14:25.558,12.06898,12.07122,0.00,0.00
2017.03.09 07:14:25.650,12.06898,12.07142,0.00,0.00
2017.03.09 07:14:25.787,12.06898,12.07112,0.00,0.00
2017.03.09 07:14:27.087,12.06898,12.07101,0.00,0.00
2017.03.09 07:14:27.138,12.06819,12.07071,0.00,0.00
2017.03.09 07:14:27.189,12.06799,12.07071,0.00,0.00
2017.03.09 07:14:28.066,12.06839,12.07071,0.00,0.00
2017.03.09 07:14:28.217,12.06869,12.07122,0.00,0.00
2017.03.09 07:14:28.267,12.06898,12.07141,0.00,0.00
2017.03.09 07:14:28.582,12.06898,12.07152,0.00,0.00
2017.03.09 07:14:30.161,12.06898,12.07142,0.00,0.00
2017.03.09 07:14:30.433,12.06858,12.07121,0.00,0.00
2017.03.09 07:14:30.549,12.06848,12.07121,0.00,0.00
2017.03.09 07:14:30.600,12.06848,12.07091,0.00,0.00
2017.03.09 07:14:30.874,12.06898,12.07161,0.00,0.00
2017.03.09 07:14:31.014,12.06878,12.07122,0.00,0.00
2017.03.09 07:14:31.065,12.06848,12.07122,0.00,0.00
2017.03.09 07:14:31.190,12.06848,12.07102,0.00,0.00
2017.03.09 07:14:31.433,12.06809,12.07072,0.00,0.00
2017.03.09 07:14:31.484,12.06818,12.07072,0.00,0.00
2017.03.09 07:14:31.585,12.06859,12.07122,0.00,0.00
2017.03.09 07:14:31.666,12.06848,12.07101,0.00,0.00
2017.03.09 07:14:31.992,12.06898,12.07132,0.00,0.00
2017.03.09 07:14:32.093,12.06898,12.07172,0.00,0.00
2017.03.09 07:14:32.552,12.06898,12.07151,0.00,0.00
2017.03.09 07:14:32.873,12.06898,12.07142,0.00,0.00
2017.03.09 07:14:33.972,12.06898,12.07162,0.00,0.00
2017.03.09 07:14:34.073,12.06898,12.07172,0.00,0.00
2017.03.09 07:14:34.180,12.06909,12.07172,0.00,0.00
2017.03.09 07:14:34.514,12.06948,12.07171,0.00,0.00
2017.03.09 07:14:34.575,12.06899,12.07171,0.00,0.00
2017.03.09 07:14:34.876,12.06929,12.07171,0.00,0.00
2017.03.09 07:14:36.393,12.06899,12.07171,0.00,0.00
2017.03.09 07:14:36.730,12.06899,12.07162,0.00,0.00
2017.03.09 07:14:37.396,12.06908,12.07171,0.00,0.00
2017.03.09 07:14:37.709,12.06899,12.07162,0.00,0.00
2017.03.09 07:14:38.099,12.06899,12.07171,0.00,0.00
2017.03.09 07:14:38.937,12.06909,12.07171,0.00,0.00
2017.03.09 07:14:39.201,12.06899,12.07171,0.00,0.00
2017.03.09 07:14:39.912,12.06899,12.07151,0.00,0.00
2017.03.09 07:14:40.704,12.06899,12.07171,0.00,0.00
2017.03.09 07:14:41.249,12.06899,12.07139,0.00,0.00
2017.03.09 07:14:41.350,12.06859,12.07121,0.00,0.00
2017.03.09 07:14:41.451,12.06848,12.07121,0.00,0.00
2017.03.09 07:14:41.806,12.06879,12.07122,0.00,0.00
2017.03.09 07:14:41.911,12.06898,12.07161,0.00,0.00
2017.03.09 07:14:42.012,12.06898,12.07172,0.00,0.00
2017.03.09 07:14:42.508,12.06898,12.07162,0.00,0.00
2017.03.09 07:14:42.808,12.06899,12.07172,0.00,0.00
2017.03.09 07:14:43.315,12.06898,12.07152,0.00,0.00
2017.03.09 07:14:43.649,12.06898,12.07172,0.00,0.00
2017.03.09 07:14:44.160,12.06908,12.07172,0.00,0.00
2017.03.09 07:14:44.586,12.06919,12.07172,0.00,0.00
2017.03.09 07:14:45.246,12.06909,12.07172,0.00,0.00
2017.03.09 07:14:45.312,12.06898,12.07162,0.00,0.00
2017.03.09 07:14:45.931,12.06898,12.07152,0.00,0.00
2017.03.09 07:14:46.050,12.06908,12.07172,0.00,0.00
2017.03.09 07:14:46.416,12.06898,12.07162,0.00,0.00
2017.03.09 07:14:46.765,12.06898,12.07132,0.00,0.00
2017.03.09 07:14:46.920,12.06898,12.07171,0.00,0.00
2017.03.09 07:14:47.036,12.06898,12.07151,0.00,0.00
2017.03.09 07:14:48.829,12.06898,12.07131,0.00,0.00
2017.03.09 07:14:49.623,12.06898,12.07141,0.00,0.00
2017.03.09 07:14:51.768,12.06898,12.07161,0.00,0.00
2017.03.09 07:14:53.551,12.06879,12.07088,0.00,0.00
2017.03.09 07:14:53.675,12.06858,12.07071,0.00,0.00
2017.03.09 07:14:53.776,12.06808,12.07071,0.00,0.00
2017.03.09 07:14:53.979,12.06849,12.07089,0.00,0.00
2017.03.09 07:14:54.079,12.06798,12.07072,0.00,0.00
2017.03.09 07:14:54.133,12.06838,12.07072,0.00,0.00
2017.03.09 07:14:54.381,12.06808,12.07072,0.00,0.00
2017.03.09 07:14:54.434,12.06798,12.07072,0.00,0.00
2017.03.09 07:14:55.160,12.06808,12.07072,0.00,0.00
2017.03.09 07:14:55.641,12.06828,12.07072,0.00,0.00
2017.03.09 07:14:55.742,12.06809,12.07072,0.00,0.00
2017.03.09 07:14:55.845,12.06798,12.07072,0.00,0.00
2017.03.09 07:14:55.950,12.06809,12.07072,0.00,0.00
2017.03.09 07:14:56.339,12.06798,12.07062,0.00,0.00
2017.03.09 07:14:56.455,12.06798,12.07072,0.00,0.00
2017.03.09 07:14:56.556,12.06798,12.07051,0.00,0.00
2017.03.09 07:14:56.740,12.06798,12.07061,0.00,0.00
2017.03.09 07:14:57.242,12.06798,12.07051,0.00,0.00
2017.03.09 07:14:57.544,12.06798,12.07072,0.00,0.00
2017.03.09 07:14:59.372,12.06809,12.07072,0.00,0.00
2017.03.09 07:14:59.448,12.06798,12.07062,0.00,0.00
2017.03.09 07:14:59.599,12.06779,12.07022,0.00,0.00
2017.03.09 07:14:59.650,12.06758,12.07022,0.00,0.00
2017.03.09 07:14:59.751,12.06798,12.07041,0.00,0.00
2017.03.09 07:14:59.988,12.06798,12.07072,0.00,0.00
2017.03.09 07:15:00.089,12.06798,12.07061,0.00,0.00
2017.03.09 07:15:00.251,12.06798,12.07072,0.00,0.00
2017.03.09 07:15:00.369,12.06798,12.06988,0.00,0.00
2017.03.09 07:15:00.470,12.06769,12.07022,0.00,0.00
2017.03.09 07:15:00.520,12.06769,12.06989,0.00,0.00
2017.03.09 07:15:00.664,12.06748,12.07011,0.00,0.00
2017.03.09 07:15:00.753,12.06768,12.07022,0.00,0.00
2017.03.09 07:15:01.055,12.06799,12.07022,0.00,0.00
2017.03.09 07:15:01.156,12.06779,12.07022,0.00,0.00
2017.03.09 07:15:01.280,12.06758,12.07022,0.00,0.00
2017.03.09 07:15:01.357,12.06748,12.07022,0.00,0.00
2017.03.09 07:15:01.482,12.06759,12.07022,0.00,0.00
2017.03.09 07:15:01.885,12.06759,12.06988,0.00,0.00
2017.03.09 07:15:01.986,12.06739,12.06971,0.00,0.00
2017.03.09 07:15:02.059,12.06709,12.06971,0.00,0.00
2017.03.09 07:15:02.384,12.06728,12.06971,0.00,0.00
2017.03.09 07:15:02.485,12.06708,12.06971,0.00,0.00
2017.03.09 07:15:02.560,12.06699,12.06971,0.00,0.00
2017.03.09 07:15:03.203,12.06709,12.06971,0.00,0.00
2017.03.09 07:15:03.388,12.06699,12.06971,0.00,0.00
2017.03.09 07:15:03.901,12.06718,12.06971,0.00,0.00
2017.03.09 07:15:04.202,12.06699,12.06971,0.00,0.00
2017.03.09 07:15:04.313,12.06718,12.06971,0.00,0.00
2017.03.09 07:15:04.661,12.06749,12.06971,0.00,0.00
2017.03.09 07:15:04.979,12.06728,12.06971,0.00,0.00
2017.03.09 07:15:05.098,12.06709,12.06971,0.00,0.00
2017.03.09 07:15:05.234,12.06699,12.06962,0.00,0.00
2017.03.09 07:15:05.290,12.06708,12.06971,0.00,0.00
2017.03.09 07:15:05.370,12.06699,12.06971,0.00,0.00
2017.03.09 07:15:06.096,12.06699,12.06961,0.00,0.00
2017.03.09 07:15:07.301,12.06699,12.06971,0.00,0.00
2017.03.09 07:15:07.416,12.06728,12.06971,0.00,0.00
2017.03.09 07:15:07.514,12.06718,12.06971,0.00,0.00
2017.03.09 07:15:07.578,12.06699,12.06971,0.00,0.00
2017.03.09 07:15:07.908,12.06699,12.06951,0.00,0.00
2017.03.09 07:15:07.980,12.06709,12.06971,0.00,0.00
2017.03.09 07:15:08.084,12.06718,12.06971,0.00,0.00
2017.03.09 07:15:08.835,12.06798,12.07002,0.00,0.00
2017.03.09 07:15:08.885,12.06798,12.07012,0.00,0.00
2017.03.09 07:15:08.989,12.06798,12.07061,0.00,0.00
2017.03.09 07:15:09.285,12.06798,12.07021,0.00,0.00
2017.03.09 07:15:09.410,12.06798,12.07062,0.00,0.00
2017.03.09 07:15:09.921,12.06798,12.07032,0.00,0.00
2017.03.09 07:15:09.984,12.06798,12.07072,0.00,0.00
2017.03.09 07:15:10.809,12.06798,12.07032,0.00,0.00
2017.03.09 07:15:10.886,12.06798,12.07042,0.00,0.00
2017.03.09 07:15:11.094,12.06798,12.07031,0.00,0.00
2017.03.09 07:15:11.314,12.06798,12.07062,0.00,0.00
2017.03.09 07:15:11.387,12.06799,12.07072,0.00,0.00
2017.03.09 07:15:14.291,12.06798,12.07072,0.00,0.00
2017.03.09 07:15:14.392,12.06798,12.07042,0.00,0.00
2017.03.09 07:15:14.722,12.06798,12.07071,0.00,0.00
2017.03.09 07:15:14.876,12.06798,12.07021,0.00,0.00
2017.03.09 07:15:14.927,12.06798,12.07071,0.00,0.00
2017.03.09 07:15:15.094,12.06798,12.07041,0.00,0.00
2017.03.09 07:15:15.194,12.06798,12.07072,0.00,0.00
2017.03.09 07:15:15.394,12.06848,12.07072,0.00,0.00
2017.03.09 07:15:15.714,12.06899,12.07132,0.00,0.00
2017.03.09 07:15:15.820,12.06899,12.07141,0.00,0.00
2017.03.09 07:15:16.395,12.06899,12.07132,0.00,0.00
2017.03.09 07:15:16.865,12.06899,12.07112,0.00,0.00
2017.03.09 07:15:17.201,12.06899,12.07102,0.00,0.00
2017.03.09 07:15:17.497,12.06899,12.07121,0.00,0.00
2017.03.09 07:15:17.602,12.06899,12.07102,0.00,0.00
2017.03.09 07:15:17.705,12.06899,12.07122,0.00,0.00
2017.03.09 07:15:17.998,12.06899,12.07131,0.00,0.00
2017.03.09 07:15:18.100,12.06899,12.07112,0.00,0.00
2017.03.09 07:15:18.198,12.06899,12.07131,0.00,0.00
2017.03.09 07:15:18.299,12.06848,12.07111,0.00,0.00
2017.03.09 07:15:18.400,12.06899,12.07101,0.00,0.00
2017.03.09 07:15:18.501,12.06899,12.07141,0.00,0.00
2017.03.09 07:15:18.901,12.06899,12.07161,0.00,0.00
2017.03.09 07:15:19.006,12.06899,12.07142,0.00,0.00
2017.03.09 07:15:19.195,12.06858,12.07121,0.00,0.00
2017.03.09 07:15:19.346,12.06849,12.07101,0.00,0.00
2017.03.09 07:15:19.935,12.06819,12.07072,0.00,0.00
2017.03.09 07:15:20.045,12.06849,12.07072,0.00,0.00
2017.03.09 07:15:20.196,12.06798,12.07062,0.00,0.00
2017.03.09 07:15:20.301,12.06798,12.07072,0.00,0.00
2017.03.09 07:15:20.452,12.06798,12.07062,0.00,0.00
2017.03.09 07:15:20.716,12.06799,12.07072,0.00,0.00
2017.03.09 07:15:20.817,12.06818,12.07072,0.00,0.00
2017.03.09 07:15:22.503,12.06899,12.07102,0.00,0.00
2017.03.09 07:15:22.606,12.06899,12.07152,0.00,0.00
2017.03.09 07:15:23.007,12.06899,12.07132,0.00,0.00
2017.03.09 07:15:24.020,12.06899,12.07121,0.00,0.00
2017.03.09 07:15:24.121,12.06899,12.07152,0.00,0.00
2017.03.09 07:15:24.735,12.06868,12.07121,0.00,0.00
2017.03.09 07:15:25.147,12.06898,12.07089,0.00,0.00
2017.03.09 07:15:25.199,12.06829,12.07071,0.00,0.00
2017.03.09 07:15:25.250,12.06799,12.07071,0.00,0.00
2017.03.09 07:15:25.318,12.06799,12.07062,0.00,0.00
2017.03.09 07:15:25.758,12.06799,12.07071,0.00,0.00
2017.03.09 07:15:26.838,12.06799,12.07062,0.00,0.00
2017.03.09 07:15:27.139,12.06799,12.07041,0.00,0.00
2017.03.09 07:15:27.322,12.06799,12.07052,0.00,0.00
2017.03.09 07:15:28.925,12.06799,12.07071,0.00,0.00
2017.03.09 07:15:29.026,12.06799,12.07062,0.00,0.00
2017.03.09 07:15:29.541,12.06799,12.07042,0.00,0.00
2017.03.09 07:15:29.726,12.06898,12.07142,0.00,0.00
2017.03.09 07:15:29.956,12.06898,12.07122,0.00,0.00
2017.03.09 07:15:30.174,12.06898,12.07141,0.00,0.00
2017.03.09 07:15:31.659,12.06898,12.07131,0.00,0.00
2017.03.09 07:15:31.830,12.06898,12.07152,0.00,0.00
2017.03.09 07:15:31.931,12.06898,12.07132,0.00,0.00
2017.03.09 07:15:32.032,12.06898,12.07162,0.00,0.00
2017.03.09 07:15:32.228,12.06898,12.07151,0.00,0.00
2017.03.09 07:15:32.658,12.06898,12.07131,0.00,0.00
2017.03.09 07:15:34.985,12.06898,12.07111,0.00,0.00
2017.03.09 07:15:35.036,12.06898,12.07131,0.00,0.00
2017.03.09 07:15:39.974,12.06898,12.07152,0.00,0.00
2017.03.09 07:15:40.865,12.06898,12.07131,0.00,0.00
2017.03.09 07:15:41.190,12.06898,12.07152,0.00,0.00
2017.03.09 07:15:41.264,12.06898,12.07132,0.00,0.00
2017.03.09 07:15:42.267,12.06898,12.07142,0.00,0.00
2017.03.09 07:15:42.367,12.06898,12.07131,0.00,0.00
2017.03.09 07:15:45.598,12.06898,12.07112,0.00,0.00
2017.03.09 07:15:45.648,12.06828,12.07071,0.00,0.00
2017.03.09 07:15:45.699,12.06818,12.07071,0.00,0.00
2017.03.09 07:15:45.800,12.06849,12.07042,0.00,0.00
2017.03.09 07:15:45.901,12.06849,12.07061,0.00,0.00
2017.03.09 07:15:46.001,12.06818,12.07071,0.00,0.00
2017.03.09 07:15:46.074,12.06809,12.07071,0.00,0.00
2017.03.09 07:15:46.189,12.06799,12.07062,0.00,0.00
2017.03.09 07:15:46.323,12.06799,12.07071,0.00,0.00
2017.03.09 07:15:46.375,12.06799,12.07052,0.00,0.00
2017.03.09 07:15:46.476,12.06799,12.07071,0.00,0.00
2017.03.09 07:15:46.905,12.06799,12.07051,0.00,0.00
2017.03.09 07:15:47.179,12.06799,12.07071,0.00,0.00
2017.03.09 07:15:47.348,12.06848,12.07081,0.00,0.00
2017.03.09 07:15:47.600,12.06848,12.07122,0.00,0.00
2017.03.09 07:15:47.707,12.06848,12.07082,0.00,0.00
2017.03.09 07:15:48.015,12.06899,12.07111,0.00,0.00
2017.03.09 07:15:48.116,12.06899,12.07142,0.00,0.00
2017.03.09 07:15:48.340,12.06858,12.07121,0.00,0.00
2017.03.09 07:15:48.390,12.06849,12.07102,0.00,0.00
2017.03.09 07:15:48.720,12.06799,12.07071,0.00,0.00
2017.03.09 07:15:48.821,12.06799,12.07062,0.00,0.00
2017.03.09 07:15:49.530,12.06799,12.07071,0.00,0.00
2017.03.09 07:15:49.581,12.06799,12.07062,0.00,0.00
2017.03.09 07:15:49.882,12.06799,12.07071,0.00,0.00
2017.03.09 07:15:51.097,12.06799,12.07051,0.00,0.00
2017.03.09 07:15:51.184,12.06799,12.07071,0.00,0.00
2017.03.09 07:15:53.095,12.06799,12.07052,0.00,0.00
2017.03.09 07:15:53.438,12.06898,12.07132,0.00,0.00
2017.03.09 07:15:54.708,12.06898,12.07152,0.00,0.00
2017.03.09 07:15:54.829,12.06898,12.07112,0.00,0.00
2017.03.09 07:15:55.191,12.06898,12.07121,0.00,0.00
2017.03.09 07:15:55.291,12.06898,12.07132,0.00,0.00
2017.03.09 07:15:57.229,12.06898,12.07092,0.00,0.00
2017.03.09 07:15:58.035,12.06898,12.07122,0.00,0.00
2017.03.09 07:15:58.644,12.06898,12.07112,0.00,0.00
2017.03.09 07:15:58.822,12.06898,12.07122,0.00,0.00
2017.03.09 07:16:00.224,12.06898,12.07131,0.00,0.00
2017.03.09 07:16:00.801,12.06898,12.07121,0.00,0.00
2017.03.09 07:16:01.616,12.06898,12.07101,0.00,0.00
2017.03.09 07:16:01.702,12.06898,12.07122,0.00,0.00
2017.03.09 07:16:02.550,12.06858,12.07089,0.00,0.00
2017.03.09 07:16:02.605,12.06848,12.07089,0.00,0.00
2017.03.09 07:16:02.706,12.06799,12.07071,0.00,0.00
2017.03.09 07:16:02.921,12.06799,12.07061,0.00,0.00
2017.03.09 07:16:03.230,12.06898,12.07122,0.00,0.00
2017.03.09 07:16:03.306,12.06898,12.07151,0.00,0.00
2017.03.09 07:16:03.407,12.06898,12.07161,0.00,0.00
2017.03.09 07:16:03.653,12.06898,12.07152,0.00,0.00
2017.03.09 07:16:03.707,12.06898,12.07162,0.00,0.00
2017.03.09 07:16:05.211,12.06898,12.07131,0.00,0.00
2017.03.09 07:16:05.311,12.06898,12.07152,0.00,0.00
2017.03.09 07:16:06.144,12.06898,12.07162,0.00,0.00
2017.03.09 07:16:06.257,12.06898,12.07151,0.00,0.00
2017.03.09 07:16:06.774,12.06898,12.07122,0.00,0.00
2017.03.09 07:16:09.140,12.06898,12.07152,0.00,0.00
2017.03.09 07:16:10.229,12.06898,12.07122,0.00,0.00
2017.03.09 07:16:10.321,12.06898,12.07142,0.00,0.00
2017.03.09 07:16:10.639,12.06898,12.07152,0.00,0.00
2017.03.09 07:16:10.722,12.06898,12.07142,0.00,0.00
2017.03.09 07:16:13.260,12.06898,12.07122,0.00,0.00
2017.03.09 07:16:13.360,12.06898,12.07141,0.00,0.00
2017.03.09 07:16:13.956,12.06898,12.07161,0.00,0.00
2017.03.09 07:16:14.029,12.06898,12.07121,0.00,0.00
2017.03.09 07:16:15.586,12.06898,12.07152,0.00,0.00
2017.03.09 07:16:15.636,12.06898,12.07132,0.00,0.00
2017.03.09 07:16:15.863,12.06898,12.07152,0.00,0.00
2017.03.09 07:16:15.931,12.06898,12.07132,0.00,0.00
2017.03.09 07:16:17.425,12.06848,12.07072,0.00,0.00
2017.03.09 07:16:17.475,12.06828,12.07072,0.00,0.00
2017.03.09 07:16:17.534,12.06798,12.07061,0.00,0.00
2017.03.09 07:16:17.638,12.06798,12.07042,0.00,0.00
2017.03.09 07:16:18.849,12.06798,12.07061,0.00,0.00
2017.03.09 07:16:18.900,12.06849,12.07061,0.00,0.00
2017.03.09 07:16:19.001,12.06798,12.07042,0.00,0.00
2017.03.09 07:16:19.051,12.06842,12.07072,0.00,0.00
2017.03.09 07:16:19.257,12.06898,12.07142,0.00,0.00
2017.03.09 07:16:20.211,12.06858,12.07122,0.00,0.00
2017.03.09 07:16:20.339,12.06848,12.07112,0.00,0.00
2017.03.09 07:16:20.735,12.06848,12.07101,0.00,0.00
2017.03.09 07:16:22.199,12.06819,12.07072,0.00,0.00
2017.03.09 07:16:22.250,12.06808,12.07072,0.00,0.00
2017.03.09 07:16:22.352,12.06798,12.07072,0.00,0.00
2017.03.09 07:16:22.652,12.06818,12.07072,0.00,0.00
2017.03.09 07:16:23.105,12.06848,12.07102,0.00,0.00
2017.03.09 07:16:23.156,12.06848,12.07112,0.00,0.00
2017.03.09 07:16:23.257,12.06898,12.07161,0.00,0.00
2017.03.09 07:16:25.888,12.06898,12.07172,0.00,0.00
2017.03.09 07:16:26.787,12.06898,12.07152,0.00,0.00
2017.03.09 07:16:28.359,12.06898,12.07162,0.00,0.00
2017.03.09 07:16:28.460,12.06899,12.07172,0.00,0.00
2017.03.09 07:16:29.364,12.06898,12.07161,0.00,0.00
2017.03.09 07:16:29.464,12.06898,12.07172,0.00,0.00
2017.03.09 07:16:30.077,12.06908,12.07172,0.00,0.00
2017.03.09 07:16:30.385,12.06898,12.07141,0.00,0.00
2017.03.09 07:16:30.696,12.06898,12.07132,0.00,0.00
2017.03.09 07:16:31.423,12.06898,12.07172,0.00,0.00
2017.03.09 07:16:31.473,12.06898,12.07152,0.00,0.00
2017.03.09 07:16:33.297,12.06898,12.07172,0.00,0.00
2017.03.09 07:16:33.417,12.06898,12.07162,0.00,0.00
2017.03.09 07:16:33.729,12.06898,12.07142,0.00,0.00
2017.03.09 07:16:33.814,12.06899,12.07172,0.00,0.00
2017.03.09 07:16:34.080,12.06898,12.07162,0.00,0.00
2017.03.09 07:16:34.825,12.06898,12.07172,0.00,0.00
2017.03.09 07:16:34.884,12.06898,12.07132,0.00,0.00
2017.03.09 07:16:35.631,12.06898,12.07152,0.00,0.00
2017.03.09 07:16:35.731,12.06898,12.07132,0.00,0.00
2017.03.09 07:16:35.785,12.06899,12.07172,0.00,0.00
2017.03.09 07:16:35.888,12.06868,12.07122,0.00,0.00
2017.03.09 07:16:36.336,12.06898,12.07142,0.00,0.00
2017.03.09 07:16:37.637,12.06898,12.07172,0.00,0.00
2017.03.09 07:16:40.731,12.06898,12.07152,0.00,0.00
2017.03.09 07:16:40.793,12.06898,12.07171,0.00,0.00
2017.03.09 07:16:42.062,12.06949,12.07171,0.00,0.00
2017.03.09 07:16:42.112,12.06949,12.07201,0.00,0.00
2017.03.09 07:16:42.163,12.06999,12.07201,0.00,0.00
2017.03.09 07:16:42.213,12.06999,12.07242,0.00,0.00
2017.03.09 07:16:43.155,12.06999,12.07231,0.00,0.00
2017.03.09 07:16:44.399,12.06999,12.07242,0.00,0.00
2017.03.09 07:16:44.499,12.06999,12.07231,0.00,0.00
2017.03.09 07:16:45.240,12.06999,12.07212,0.00,0.00
2017.03.09 07:16:46.283,12.06948,12.07212,0.00,0.00
2017.03.09 07:16:46.333,12.06958,12.07222,0.00,0.00
2017.03.09 07:16:46.434,12.06899,12.07171,0.00,0.00
2017.03.09 07:16:46.503,12.06899,12.07152,0.00,0.00
2017.03.09 07:16:46.609,12.06899,12.07161,0.00,0.00
2017.03.09 07:16:47.610,12.06899,12.07152,0.00,0.00
2017.03.09 07:16:47.705,12.06899,12.07162,0.00,0.00
2017.03.09 07:16:48.252,12.06949,12.07162,0.00,0.00
2017.03.09 07:16:48.406,12.06998,12.07222,0.00,0.00
2017.03.09 07:16:48.509,12.06998,12.07251,0.00,0.00
2017.03.09 07:16:48.636,12.06998,12.07211,0.00,0.00
2017.03.09 07:16:48.822,12.06998,12.07252,0.00,0.00
2017.03.09 07:16:49.137,12.06998,12.07242,0.00,0.00
2017.03.09 07:16:49.247,12.06998,12.07262,0.00,0.00
2017.03.09 07:16:49.308,12.06998,12.07272,0.00,0.00
2017.03.09 07:16:49.590,12.06988,12.07172,0.00,0.00
2017.03.09 07:16:49.640,12.06969,12.07172,0.00,0.00
2017.03.09 07:16:49.748,12.06898,12.07172,0.00,0.00
2017.03.09 07:16:49.955,12.06898,12.07162,0.00,0.00
2017.03.09 07:16:50.210,12.06999,12.07271,0.00,0.00
2017.03.09 07:16:51.241,12.06999,12.07262,0.00,0.00
2017.03.09 07:16:51.512,12.06999,12.07271,0.00,0.00
2017.03.09 07:16:51.713,12.06999,12.07262,0.00,0.00
2017.03.09 07:16:53.766,12.06999,12.07271,0.00,0.00
2017.03.09 07:16:53.817,12.06999,12.07232,0.00,0.00
2017.03.09 07:16:54.017,12.06999,12.07262,0.00,0.00
2017.03.09 07:16:54.353,12.06959,12.07221,0.00,0.00
2017.03.09 07:16:54.455,12.06899,12.07171,0.00,0.00
2017.03.09 07:16:54.767,12.06908,12.07171,0.00,0.00
2017.03.09 07:16:54.818,12.06899,12.07171,0.00,0.00
2017.03.09 07:16:54.920,12.06899,12.07161,0.00,0.00
2017.03.09 07:16:55.320,12.06919,12.07171,0.00,0.00
2017.03.09 07:16:55.532,12.06899,12.07171,0.00,0.00
2017.03.09 07:16:56.321,12.06899,12.07161,0.00,0.00
2017.03.09 07:16:57.351,12.06899,12.07171,0.00,0.00
2017.03.09 07:16:57.424,12.06899,12.07151,0.00,0.00
2017.03.09 07:16:57.931,12.06899,12.07171,0.00,0.00
2017.03.09 07:16:58.025,12.06908,12.07171,0.00,0.00
2017.03.09 07:16:59.563,12.06869,12.07072,0.00,0.00
2017.03.09 07:16:59.628,12.06798,12.07062,0.00,0.00
2017.03.09 07:16:59.828,12.06809,12.07072,0.00,0.00
2017.03.09 07:16:59.949,12.06798,12.07071,0.00,0.00
2017.03.09 07:17:00.077,12.06808,12.07072,0.00,0.00
2017.03.09 07:17:00.178,12.06798,12.07072,0.00,0.00
2017.03.09 07:17:00.360,12.06798,12.07052,0.00,0.00
2017.03.09 07:17:00.430,12.06798,12.07071,0.00,0.00
2017.03.09 07:17:01.146,12.06809,12.07072,0.00,0.00
2017.03.09 07:17:01.484,12.06798,12.07042,0.00,0.00
2017.03.09 07:17:01.789,12.06802,12.07042,0.00,0.00
2017.03.09 07:17:01.840,12.06802,12.07072,0.00,0.00
2017.03.09 07:17:02.034,12.06818,12.07072,0.00,0.00
2017.03.09 07:17:02.132,12.06802,12.07072,0.00,0.00
2017.03.09 07:17:03.381,12.06808,12.07072,0.00,0.00
2017.03.09 07:17:05.456,12.06802,12.07072,0.00,0.00
2017.03.09 07:17:05.506,12.06898,12.07072,0.00,0.00
2017.03.09 07:17:05.639,12.06898,12.07149,0.00,0.00
2017.03.09 07:17:06.039,12.06898,12.07142,0.00,0.00
2017.03.09 07:17:06.197,12.06908,12.07172,0.00,0.00
2017.03.09 07:17:07.441,12.06898,12.07172,0.00,0.00
2017.03.09 07:17:08.085,12.06898,12.07171,0.00,0.00
2017.03.09 07:17:08.243,12.06898,12.07162,0.00,0.00
2017.03.09 07:17:08.649,12.06898,12.07142,0.00,0.00
2017.03.09 07:17:08.743,12.06898,12.07161,0.00,0.00
2017.03.09 07:17:08.870,12.06898,12.07151,0.00,0.00
2017.03.09 07:17:08.981,12.06898,12.07161,0.00,0.00
2017.03.09 07:17:09.044,12.06898,12.07151,0.00,0.00
2017.03.09 07:17:10.246,12.06898,12.07172,0.00,0.00
2017.03.09 07:17:10.706,12.06898,12.07121,0.00,0.00
2017.03.09 07:17:10.756,12.06858,12.07121,0.00,0.00
2017.03.09 07:17:10.807,12.06858,12.07072,0.00,0.00
2017.03.09 07:17:10.858,12.06798,12.07072,0.00,0.00
2017.03.09 07:17:10.977,12.06848,12.07082,0.00,0.00
2017.03.09 07:17:11.153,12.06879,12.07122,0.00,0.00
2017.03.09 07:17:11.204,12.06898,12.07161,0.00,0.00
2017.03.09 07:17:11.254,12.06909,12.07172,0.00,0.00
2017.03.09 07:17:11.348,12.06898,12.07172,0.00,0.00
2017.03.09 07:17:11.589,12.06898,12.07161,0.00,0.00
2017.03.09 07:17:11.939,12.06888,12.07132,0.00,0.00
2017.03.09 07:17:11.990,12.06872,12.07132,0.00,0.00
2017.03.09 07:17:12.040,12.06869,12.07082,0.00,0.00
2017.03.09 07:17:12.191,12.06831,12.07082,0.00,0.00
2017.03.09 07:17:12.350,12.06838,12.07082,0.00,0.00
2017.03.09 07:17:12.673,12.06791,12.07031,0.00,0.00
2017.03.09 07:17:13.151,12.06799,12.07031,0.00,0.00
2017.03.09 07:17:13.255,12.06791,12.07031,0.00,0.00
2017.03.09 07:17:13.382,12.06799,12.07031,0.00,0.00
2017.03.09 07:17:13.451,12.06791,12.07031,0.00,0.00
2017.03.09 07:17:13.652,12.06798,12.07031,0.00,0.00
2017.03.09 07:17:18.060,12.06808,12.07031,0.00,0.00
2017.03.09 07:17:18.158,12.06798,12.07031,0.00,0.00
2017.03.09 07:17:19.460,12.06791,12.07031,0.00,0.00
2017.03.09 07:17:19.560,12.06798,12.07031,0.00,0.00
2017.03.09 07:17:19.861,12.06791,12.07031,0.00,0.00
2017.03.09 07:17:20.261,12.06808,12.07031,0.00,0.00
2017.03.09 07:17:22.405,12.06819,12.07031,0.00,0.00
2017.03.09 07:17:22.765,12.06791,12.07031,0.00,0.00
2017.03.09 07:17:22.864,12.06809,12.07031,0.00,0.00
2017.03.09 07:17:22.981,12.06791,12.07031,0.00,0.00
2017.03.09 07:17:23.966,12.06799,12.07031,0.00,0.00
2017.03.09 07:17:24.210,12.06791,12.07031,0.00,0.00
2017.03.09 07:17:26.974,12.06818,12.07031,0.00,0.00
2017.03.09 07:17:27.076,12.06799,12.07031,0.00,0.00
2017.03.09 07:17:27.291,12.06791,12.07031,0.00,0.00
2017.03.09 07:17:27.420,12.06798,12.07031,0.00,0.00
2017.03.09 07:17:27.572,12.06791,12.07031,0.00,0.00
2017.03.09 07:17:32.289,12.06798,12.07031,0.00,0.00
2017.03.09 07:17:32.413,12.06791,12.07031,0.00,0.00
2017.03.09 07:17:34.496,12.06719,12.06982,0.00,0.00
2017.03.09 07:17:34.599,12.06688,12.06932,0.00,0.00
2017.03.09 07:17:34.960,12.06718,12.06932,0.00,0.00
2017.03.09 07:17:35.731,12.06709,12.06932,0.00,0.00
2017.03.09 07:17:36.019,12.06688,12.06932,0.00,0.00
2017.03.09 07:17:36.085,12.06708,12.06932,0.00,0.00
2017.03.09 07:17:36.455,12.06719,12.06932,0.00,0.00
2017.03.09 07:17:36.635,12.06688,12.06932,0.00,0.00
2017.03.09 07:17:36.736,12.06709,12.06932,0.00,0.00
2017.03.09 07:17:36.910,12.06679,12.06932,0.00,0.00
2017.03.09 07:17:37.189,12.06662,12.06932,0.00,0.00
2017.03.09 07:17:37.289,12.06688,12.06932,0.00,0.00
2017.03.09 07:17:38.315,12.06662,12.06932,0.00,0.00
2017.03.09 07:17:38.416,12.06708,12.06932,0.00,0.00
2017.03.09 07:17:38.721,12.06688,12.06932,0.00,0.00
2017.03.09 07:17:38.964,12.06668,12.06932,0.00,0.00
2017.03.09 07:17:39.015,12.06689,12.06932,0.00,0.00
2017.03.09 07:17:39.395,12.06662,12.06932,0.00,0.00
2017.03.09 07:17:39.515,12.06718,12.06932,0.00,0.00
2017.03.09 07:17:39.596,12.06709,12.06932,0.00,0.00
2017.03.09 07:17:39.697,12.06728,12.06932,0.00,0.00
2017.03.09 07:17:39.805,12.06698,12.06932,0.00,0.00
2017.03.09 07:17:42.404,12.06678,12.06932,0.00,0.00
2017.03.09 07:17:42.522,12.06699,12.06932,0.00,0.00
2017.03.09 07:17:44.236,12.06662,12.06931,0.00,0.00
2017.03.09 07:17:44.337,12.06669,12.06932,0.00,0.00
2017.03.09 07:17:44.831,12.06662,12.06922,0.00,0.00
2017.03.09 07:17:45.237,12.06688,12.06932,0.00,0.00
2017.03.09 07:17:46.210,12.06689,12.06932,0.00,0.00
2017.03.09 07:17:47.415,12.06662,12.06921,0.00,0.00
2017.03.09 07:17:47.530,12.06709,12.06932,0.00,0.00
2017.03.09 07:17:47.615,12.06678,12.06932,0.00,0.00
2017.03.09 07:17:47.816,12.06662,12.06932,0.00,0.00
2017.03.09 07:17:49.253,12.06698,12.06932,0.00,0.00
2017.03.09 07:17:49.353,12.06679,12.06932,0.00,0.00
2017.03.09 07:17:49.468,12.06688,12.06932,0.00,0.00
2017.03.09 07:17:49.526,12.06662,12.06932,0.00,0.00
2017.03.09 07:17:49.634,12.06708,12.06932,0.00,0.00
2017.03.09 07:17:49.828,12.06689,12.06932,0.00,0.00
2017.03.09 07:17:50.029,12.06662,12.06931,0.00,0.00
2017.03.09 07:17:50.129,12.06698,12.06932,0.00,0.00
2017.03.09 07:17:50.839,12.06709,12.06932,0.00,0.00
2017.03.09 07:17:50.932,12.06699,12.06932,0.00,0.00
2017.03.09 07:17:52.361,12.06708,12.06932,0.00,0.00
2017.03.09 07:17:52.859,12.06679,12.06932,0.00,0.00
2017.03.09 07:17:52.968,12.06719,12.06932,0.00,0.00
2017.03.09 07:17:53.075,12.06699,12.06932,0.00,0.00
2017.03.09 07:17:53.743,12.06719,12.06932,0.00,0.00
2017.03.09 07:17:53.793,12.06751,12.06982,0.00,0.00
2017.03.09 07:17:53.844,12.06768,12.06982,0.00,0.00
2017.03.09 07:17:53.894,12.06768,12.07032,0.00,0.00
2017.03.09 07:17:53.945,12.06799,12.07032,0.00,0.00
2017.03.09 07:17:55.760,12.06779,12.07032,0.00,0.00
2017.03.09 07:17:56.598,12.06769,12.07032,0.00,0.00
2017.03.09 07:17:56.791,12.06759,12.07032,0.00,0.00
2017.03.09 07:17:58.266,12.06789,12.07032,0.00,0.00
2017.03.09 07:17:58.357,12.06751,12.07031,0.00,0.00
2017.03.09 07:17:58.757,12.06769,12.07032,0.00,0.00
2017.03.09 07:17:59.083,12.06751,12.07012,0.00,0.00
2017.03.09 07:18:01.903,12.06751,12.07031,0.00,0.00
2017.03.09 07:18:02.009,12.06751,12.07022,0.00,0.00
2017.03.09 07:18:02.338,12.06769,12.07032,0.00,0.00
2017.03.09 07:18:02.474,12.06751,12.07032,0.00,0.00
2017.03.09 07:18:04.777,12.06751,12.07022,0.00,0.00
2017.03.09 07:18:05.382,12.06751,12.07012,0.00,0.00
2017.03.09 07:18:05.522,12.06719,12.06982,0.00,0.00
2017.03.09 07:18:05.572,12.06719,12.06931,0.00,0.00
2017.03.09 07:18:05.623,12.06671,12.06931,0.00,0.00
2017.03.09 07:18:05.680,12.06698,12.06931,0.00,0.00
2017.03.09 07:18:06.028,12.06751,12.07002,0.00,0.00
2017.03.09 07:18:06.129,12.06758,12.07032,0.00,0.00
2017.03.09 07:18:06.232,12.06779,12.07032,0.00,0.00
2017.03.09 07:18:06.282,12.06768,12.07032,0.00,0.00
2017.03.09 07:18:06.428,12.06768,12.06981,0.00,0.00
2017.03.09 07:18:06.516,12.06759,12.06981,0.00,0.00
2017.03.09 07:18:06.618,12.06751,12.06982,0.00,0.00
2017.03.09 07:18:06.719,12.06751,12.07011,0.00,0.00
2017.03.09 07:18:06.784,12.06768,12.07031,0.00,0.00
2017.03.09 07:18:07.430,12.06748,12.07031,0.00,0.00
2017.03.09 07:18:07.486,12.06768,12.07031,0.00,0.00
2017.03.09 07:18:08.890,12.06759,12.07031,0.00,0.00
2017.03.09 07:18:09.030,12.06778,12.07031,0.00,0.00
2017.03.09 07:18:09.594,12.06799,12.07031,0.00,0.00
2017.03.09 07:18:09.802,12.06848,12.07081,0.00,0.00
2017.03.09 07:18:09.920,12.06848,12.07092,0.00,0.00
2017.03.09 07:18:10.023,12.06848,12.07082,0.00,0.00
2017.03.09 07:18:10.130,12.06848,12.07102,0.00,0.00
2017.03.09 07:18:11.888,12.06838,12.07102,0.00,0.00
2017.03.09 07:18:11.938,12.06838,12.07082,0.00,0.00
2017.03.09 07:18:15.960,12.06838,12.07051,0.00,0.00
2017.03.09 07:18:16.119,12.06838,12.07061,0.00,0.00
2017.03.09 07:18:16.240,12.06838,12.07081,0.00,0.00
2017.03.09 07:18:17.010,12.06838,12.07082,0.00,0.00
2017.03.09 07:18:18.122,12.06838,12.07091,0.00,0.00
2017.03.09 07:18:19.939,12.06838,12.07061,0.00,0.00
2017.03.09 07:18:20.693,12.06799,12.07061,0.00,0.00
2017.03.09 07:18:20.744,12.06799,12.07071,0.00,0.00
2017.03.09 07:18:20.896,12.06808,12.07071,0.00,0.00
2017.03.09 07:18:21.251,12.06799,12.07052,0.00,0.00
2017.03.09 07:18:21.352,12.06799,12.07061,0.00,0.00
2017.03.09 07:18:21.427,12.06799,12.07042,0.00,0.00
2017.03.09 07:18:21.567,12.06799,12.07062,0.00,0.00
2017.03.09 07:18:21.752,12.06799,12.07042,0.00,0.00
2017.03.09 07:18:24.684,12.06799,12.07071,0.00,0.00
2017.03.09 07:18:24.734,12.06799,12.07042,0.00,0.00
2017.03.09 07:18:27.945,12.06799,12.07071,0.00,0.00
2017.03.09 07:18:30.382,12.06799,12.07052,0.00,0.00
2017.03.09 07:18:30.697,12.06799,12.07032,0.00,0.00
2017.03.09 07:18:30.747,12.06799,12.07042,0.00,0.00
2017.03.09 07:18:31.374,12.06799,12.07061,0.00,0.00
2017.03.09 07:18:31.494,12.06799,12.07041,0.00,0.00
2017.03.09 07:18:31.548,12.06799,12.07062,0.00,0.00
2017.03.09 07:18:32.149,12.06799,12.07052,0.00,0.00
2017.03.09 07:18:32.385,12.06799,12.07062,0.00,0.00
2017.03.09 07:18:32.450,12.06799,12.07031,0.00,0.00
2017.03.09 07:18:32.752,12.06799,12.07071,0.00,0.00
2017.03.09 07:18:32.963,12.06799,12.07062,0.00,0.00
2017.03.09 07:18:33.064,12.06749,12.07021,0.00,0.00
2017.03.09 07:18:33.165,12.06749,12.06982,0.00,0.00
2017.03.09 07:18:33.216,12.06699,12.06971,0.00,0.00
2017.03.09 07:18:35.076,12.06709,12.06971,0.00,0.00
2017.03.09 07:18:35.158,12.06699,12.06971,0.00,0.00
2017.03.09 07:18:35.282,12.06699,12.06952,0.00,0.00
2017.03.09 07:18:35.686,12.06699,12.06941,0.00,0.00
2017.03.09 07:18:39.568,12.06699,12.06952,0.00,0.00
2017.03.09 07:18:40.083,12.06699,12.06961,0.00,0.00
2017.03.09 07:18:40.236,12.06699,12.06911,0.00,0.00
2017.03.09 07:18:40.289,12.06699,12.06951,0.00,0.00
2017.03.09 07:18:40.389,12.06699,12.06971,0.00,0.00
2017.03.09 07:18:40.510,12.06699,12.06941,0.00,0.00
2017.03.09 07:18:40.571,12.06699,12.06971,0.00,0.00
2017.03.09 07:18:40.686,12.06699,12.06902,0.00,0.00
2017.03.09 07:18:40.873,12.06699,12.06942,0.00,0.00
2017.03.09 07:18:41.073,12.06699,12.06911,0.00,0.00
2017.03.09 07:18:41.173,12.06699,12.06942,0.00,0.00
2017.03.09 07:18:41.815,12.06699,12.06911,0.00,0.00
2017.03.09 07:18:41.875,12.06699,12.06952,0.00,0.00
2017.03.09 07:18:41.978,12.06699,12.06961,0.00,0.00
2017.03.09 07:18:42.076,12.06699,12.06922,0.00,0.00
2017.03.09 07:18:42.376,12.06699,12.06932,0.00,0.00
2017.03.09 07:18:42.669,12.06649,12.06921,0.00,0.00
2017.03.09 07:18:42.777,12.06668,12.06921,0.00,0.00
2017.03.09 07:18:42.879,12.06598,12.06871,0.00,0.00
2017.03.09 07:18:43.278,12.06598,12.06862,0.00,0.00
2017.03.09 07:18:43.610,12.06598,12.06852,0.00,0.00
2017.03.09 07:18:44.086,12.06609,12.06872,0.00,0.00
2017.03.09 07:18:44.205,12.06619,12.06872,0.00,0.00
2017.03.09 07:18:44.312,12.06608,12.06872,0.00,0.00
2017.03.09 07:18:44.413,12.06628,12.06872,0.00,0.00
2017.03.09 07:18:44.720,12.06598,12.06871,0.00,0.00
2017.03.09 07:18:44.783,12.06608,12.06872,0.00,0.00
2017.03.09 07:18:46.893,12.06598,12.06871,0.00,0.00
2017.03.09 07:18:47.798,12.06628,12.06872,0.00,0.00
2017.03.09 07:18:47.900,12.06598,12.06872,0.00,0.00
2017.03.09 07:18:48.777,12.06599,12.06872,0.00,0.00
2017.03.09 07:18:49.495,12.06619,12.06872,0.00,0.00
2017.03.09 07:18:49.996,12.06598,12.06872,0.00,0.00
2017.03.09 07:18:50.296,12.06598,12.06861,0.00,0.00
2017.03.09 07:18:50.657,12.06609,12.06872,0.00,0.00
2017.03.09 07:18:51.148,12.06619,12.06872,0.00,0.00
2017.03.09 07:18:51.199,12.06598,12.06862,0.00,0.00
2017.03.09 07:18:51.901,12.06598,12.06872,0.00,0.00
2017.03.09 07:18:54.350,12.06608,12.06872,0.00,0.00
2017.03.09 07:18:55.414,12.06598,12.06862,0.00,0.00
2017.03.09 07:18:55.746,12.06598,12.06841,0.00,0.00
2017.03.09 07:18:55.810,12.06598,12.06861,0.00,0.00
2017.03.09 07:18:55.910,12.06598,12.06821,0.00,0.00
2017.03.09 07:18:57.013,12.06598,12.06842,0.00,0.00
2017.03.09 07:18:57.447,12.06598,12.06831,0.00,0.00
2017.03.09 07:18:57.591,12.06598,12.06842,0.00,0.00
2017.03.09 07:18:58.466,12.06558,12.06822,0.00,0.00
2017.03.09 07:18:58.567,12.06579,12.06772,0.00,0.00
2017.03.09 07:18:58.668,12.06498,12.06772,0.00,0.00
2017.03.09 07:18:58.818,12.06529,12.06772,0.00,0.00
2017.03.09 07:18:58.929,12.06498,12.06761,0.00,0.00
2017.03.09 07:18:59.039,12.06498,12.06752,0.00,0.00
2017.03.09 07:18:59.458,12.06499,12.06772,0.00,0.00
2017.03.09 07:18:59.520,12.06498,12.06742,0.00,0.00
2017.03.09 07:19:00.047,12.06498,12.06772,0.00,0.00
2017.03.09 07:19:00.148,12.06498,12.06762,0.00,0.00
2017.03.09 07:19:00.338,12.06498,12.06772,0.00,0.00
2017.03.09 07:19:00.423,12.06508,12.06772,0.00,0.00
2017.03.09 07:19:00.732,12.06498,12.06772,0.00,0.00
2017.03.09 07:19:00.839,12.06518,12.06772,0.00,0.00
2017.03.09 07:19:01.347,12.06519,12.06772,0.00,0.00
2017.03.09 07:19:01.534,12.06498,12.06761,0.00,0.00
2017.03.09 07:19:01.648,12.06498,12.06741,0.00,0.00
2017.03.09 07:19:01.960,12.06498,12.06762,0.00,0.00
2017.03.09 07:19:02.759,12.06498,12.06772,0.00,0.00
2017.03.09 07:19:02.828,12.06498,12.06742,0.00,0.00
2017.03.09 07:19:03.329,12.06498,12.06772,0.00,0.00
2017.03.09 07:19:04.060,12.06498,12.06761,0.00,0.00
2017.03.09 07:19:04.130,12.06498,12.06772,0.00,0.00
2017.03.09 07:19:04.230,12.06498,12.06751,0.00,0.00
2017.03.09 07:19:05.008,12.06509,12.06772,0.00,0.00
2017.03.09 07:19:05.132,12.06519,12.06772,0.00,0.00
2017.03.09 07:19:05.471,12.06498,12.06752,0.00,0.00
2017.03.09 07:19:05.533,12.06498,12.06741,0.00,0.00
2017.03.09 07:19:05.633,12.06498,12.06772,0.00,0.00
2017.03.09 07:19:05.733,12.06518,12.06772,0.00,0.00
2017.03.09 07:19:05.972,12.06498,12.06772,0.00,0.00
2017.03.09 07:19:06.750,12.06519,12.06772,0.00,0.00
2017.03.09 07:19:06.940,12.06508,12.06772,0.00,0.00
2017.03.09 07:19:07.035,12.06499,12.06772,0.00,0.00
2017.03.09 07:19:07.335,12.06498,12.06752,0.00,0.00
2017.03.09 07:19:07.636,12.06498,12.06772,0.00,0.00
2017.03.09 07:19:07.764,12.06508,12.06772,0.00,0.00
2017.03.09 07:19:07.937,12.06499,12.06772,0.00,0.00
2017.03.09 07:19:08.540,12.06498,12.06772,0.00,0.00
2017.03.09 07:19:09.374,12.06498,12.06752,0.00,0.00
2017.03.09 07:19:09.662,12.06509,12.06772,0.00,0.00
2017.03.09 07:19:09.859,12.06599,12.06791,0.00,0.00
2017.03.09 07:19:10.072,12.06608,12.06871,0.00,0.00
2017.03.09 07:19:10.382,12.06599,12.06871,0.00,0.00
2017.03.09 07:19:10.543,12.06609,12.06871,0.00,0.00
2017.03.09 07:19:11.177,12.06599,12.06852,0.00,0.00
2017.03.09 07:19:11.279,12.06608,12.06871,0.00,0.00
2017.03.09 07:19:11.885,12.06648,12.06892,0.00,0.00
2017.03.09 07:19:11.986,12.06648,12.06902,0.00,0.00
2017.03.09 07:19:12.047,12.06649,12.06922,0.00,0.00
2017.03.09 07:19:12.166,12.06698,12.06931,0.00,0.00
2017.03.09 07:19:12.267,12.06648,12.06922,0.00,0.00
2017.03.09 07:19:12.390,12.06648,12.06892,0.00,0.00
2017.03.09 07:19:12.448,12.06648,12.06922,0.00,0.00
2017.03.09 07:19:13.897,12.06648,12.06871,0.00,0.00
2017.03.09 07:19:13.998,12.06619,12.06871,0.00,0.00
2017.03.09 07:19:14.051,12.06599,12.06871,0.00,0.00
2017.03.09 07:19:14.452,12.06608,12.06871,0.00,0.00
2017.03.09 07:19:14.898,12.06629,12.06871,0.00,0.00
2017.03.09 07:19:15.027,12.06648,12.06911,0.00,0.00
2017.03.09 07:19:15.078,12.06648,12.06881,0.00,0.00
2017.03.09 07:19:15.178,12.06699,12.06942,0.00,0.00
2017.03.09 07:19:15.279,12.06699,12.06962,0.00,0.00
2017.03.09 07:19:15.392,12.06678,12.06921,0.00,0.00
2017.03.09 07:19:15.593,12.06628,12.06872,0.00,0.00
2017.03.09 07:19:15.644,12.06649,12.06912,0.00,0.00
2017.03.09 07:19:15.694,12.06649,12.06882,0.00,0.00
2017.03.09 07:19:15.745,12.06598,12.06872,0.00,0.00
2017.03.09 07:19:15.795,12.06609,12.06872,0.00,0.00
2017.03.09 07:19:15.855,12.06599,12.06872,0.00,0.00
2017.03.09 07:19:16.091,12.06628,12.06872,0.00,0.00
2017.03.09 07:19:16.471,12.06598,12.06872,0.00,0.00
2017.03.09 07:19:16.597,12.06598,12.06862,0.00,0.00
2017.03.09 07:19:17.398,12.06598,12.06872,0.00,0.00
2017.03.09 07:19:17.696,12.06598,12.06862,0.00,0.00
2017.03.09 07:19:17.759,12.06598,12.06872,0.00,0.00
2017.03.09 07:19:18.000,12.06598,12.06861,0.00,0.00
2017.03.09 07:19:20.463,12.06598,12.06841,0.00,0.00
2017.03.09 07:19:20.569,12.06598,12.06861,0.00,0.00
2017.03.09 07:19:21.168,12.06648,12.06881,0.00,0.00
2017.03.09 07:19:21.272,12.06629,12.06872,0.00,0.00
2017.03.09 07:19:21.512,12.06619,12.06872,0.00,0.00
2017.03.09 07:19:21.613,12.06598,12.06871,0.00,0.00
2017.03.09 07:19:21.993,12.06619,12.06872,0.00,0.00
2017.03.09 07:19:22.282,12.06609,12.06872,0.00,0.00
2017.03.09 07:19:22.396,12.06628,12.06872,0.00,0.00
2017.03.09 07:19:22.506,12.06598,12.06871,0.00,0.00
2017.03.09 07:19:22.607,12.06598,12.06862,0.00,0.00
2017.03.09 07:19:22.869,12.06598,12.06872,0.00,0.00
2017.03.09 07:19:23.470,12.06609,12.06872,0.00,0.00
2017.03.09 07:19:23.581,12.06598,12.06872,0.00,0.00
2017.03.09 07:19:24.901,12.06598,12.06862,0.00,0.00
2017.03.09 07:19:25.265,12.06608,12.06872,0.00,0.00
2017.03.09 07:19:25.699,12.06598,12.06862,0.00,0.00
2017.03.09 07:19:25.974,12.06598,12.06871,0.00,0.00
2017.03.09 07:19:26.210,12.06598,12.06862,0.00,0.00
2017.03.09 07:19:27.991,12.06598,12.06852,0.00,0.00
2017.03.09 07:19:28.092,12.06609,12.06872,0.00,0.00
2017.03.09 07:19:28.480,12.06598,12.06851,0.00,0.00
2017.03.09 07:19:28.615,12.06598,12.06862,0.00,0.00
2017.03.09 07:19:30.018,12.06598,12.06872,0.00,0.00
2017.03.09 07:19:30.132,12.06598,12.06842,0.00,0.00
2017.03.09 07:19:30.183,12.06598,12.06851,0.00,0.00
2017.03.09 07:19:30.284,12.06598,12.06841,0.00,0.00
2017.03.09 07:19:30.876,12.06598,12.06842,0.00,0.00
2017.03.09 07:19:31.185,12.06598,12.06872,0.00,0.00
2017.03.09 07:19:31.285,12.06598,12.06852,0.00,0.00
2017.03.09 07:19:31.831,12.06598,12.06842,0.00,0.00
2017.03.09 07:19:31.931,12.06598,12.06872,0.00,0.00
2017.03.09 07:19:31.986,12.06608,12.06872,0.00,0.00
2017.03.09 07:19:32.322,12.06598,12.06861,0.00,0.00
2017.03.09 07:19:32.720,12.06609,12.06872,0.00,0.00
2017.03.09 07:19:33.610,12.06598,12.06871,0.00,0.00
2017.03.09 07:19:33.923,12.06598,12.06851,0.00,0.00
2017.03.09 07:19:33.989,12.06618,12.06872,0.00,0.00
2017.03.09 07:19:34.390,12.06599,12.06872,0.00,0.00
2017.03.09 07:19:36.686,12.06608,12.06872,0.00,0.00
2017.03.09 07:19:36.922,12.06598,12.06872,0.00,0.00
2017.03.09 07:19:37.295,12.06598,12.06852,0.00,0.00
2017.03.09 07:19:37.527,12.06599,12.06872,0.00,0.00
2017.03.09 07:19:37.998,12.06619,12.06872,0.00,0.00
2017.03.09 07:19:38.106,12.06598,12.06861,0.00,0.00
2017.03.09 07:19:38.207,12.06598,12.06872,0.00,0.00
2017.03.09 07:19:41.442,12.06618,12.06872,0.00,0.00
2017.03.09 07:19:41.776,12.06628,12.06872,0.00,0.00
2017.03.09 07:19:42.607,12.06608,12.06872,0.00,0.00
2017.03.09 07:19:43.050,12.06629,12.06872,0.00,0.00
2017.03.09 07:19:43.508,12.06618,12.06872,0.00,0.00
2017.03.09 07:19:44.116,12.06629,12.06872,0.00,0.00
2017.03.09 07:19:45.329,12.06598,12.06872,0.00,0.00
2017.03.09 07:19:46.755,12.06608,12.06872,0.00,0.00
2017.03.09 07:19:47.117,12.06628,12.06872,0.00,0.00
2017.03.09 07:19:47.719,12.06638,12.06872,0.00,0.00
2017.03.09 07:19:48.100,12.06648,12.06922,0.00,0.00
2017.03.09 07:19:48.251,12.06648,12.06871,0.00,0.00
2017.03.09 07:19:48.450,12.06638,12.06871,0.00,0.00
2017.03.09 07:19:48.551,12.06599,12.06871,0.00,0.00
2017.03.09 07:19:50.650,12.06619,12.06871,0.00,0.00
2017.03.09 07:19:50.724,12.06608,12.06871,0.00,0.00
2017.03.09 07:19:52.463,12.06638,12.06871,0.00,0.00
2017.03.09 07:19:52.767,12.06599,12.06871,0.00,0.00
2017.03.09 07:19:53.606,12.06628,12.06871,0.00,0.00
2017.03.09 07:19:54.773,12.06608,12.06871,0.00,0.00
2017.03.09 07:19:54.833,12.06599,12.06871,0.00,0.00
2017.03.09 07:19:54.934,12.06599,12.06862,0.00,0.00
2017.03.09 07:19:55.436,12.06608,12.06871,0.00,0.00
2017.03.09 07:19:58.444,12.06618,12.06871,0.00,0.00
2017.03.09 07:20:01.253,12.06599,12.06871,0.00,0.00
2017.03.09 07:20:01.373,12.06619,12.06871,0.00,0.00
2017.03.09 07:20:04.573,12.06599,12.06871,0.00,0.00
2017.03.09 07:20:04.707,12.06599,12.06862,0.00,0.00
2017.03.09 07:20:05.025,12.06599,12.06851,0.00,0.00
2017.03.09 07:20:05.662,12.06599,12.06862,0.00,0.00
2017.03.09 07:20:06.698,12.06599,12.06842,0.00,0.00
2017.03.09 07:20:07.212,12.06599,12.06862,0.00,0.00
2017.03.09 07:20:07.265,12.06599,12.06871,0.00,0.00
2017.03.09 07:20:07.466,12.06599,12.06852,0.00,0.00
2017.03.09 07:20:07.609,12.06599,12.06871,0.00,0.00
2017.03.09 07:20:08.767,12.06619,12.06871,0.00,0.00
2017.03.09 07:20:09.177,12.06608,12.06871,0.00,0.00
2017.03.09 07:20:09.279,12.06599,12.06852,0.00,0.00
2017.03.09 07:20:09.619,12.06599,12.06842,0.00,0.00
2017.03.09 07:20:09.720,12.06599,12.06851,0.00,0.00
2017.03.09 07:20:09.771,12.06599,12.06871,0.00,0.00
2017.03.09 07:20:09.870,12.06609,12.06871,0.00,0.00
2017.03.09 07:20:09.971,12.06599,12.06871,0.00,0.00
2017.03.09 07:20:11.479,12.06589,12.06822,0.00,0.00
2017.03.09 07:20:11.580,12.06558,12.06822,0.00,0.00
2017.03.09 07:20:11.630,12.06558,12.06772,0.00,0.00
2017.03.09 07:20:11.681,12.06498,12.06771,0.00,0.00
2017.03.09 07:20:11.785,12.06498,12.06742,0.00,0.00
2017.03.09 07:20:11.924,12.06498,12.06772,0.00,0.00
2017.03.09 07:20:12.175,12.06498,12.06762,0.00,0.00
2017.03.09 07:20:12.890,12.06499,12.06772,0.00,0.00
2017.03.09 07:20:13.610,12.06498,12.06772,0.00,0.00
2017.03.09 07:20:14.479,12.06509,12.06772,0.00,0.00
2017.03.09 07:20:14.579,12.06498,12.06772,0.00,0.00
2017.03.09 07:20:15.286,12.06498,12.06752,0.00,0.00
2017.03.09 07:20:15.381,12.06498,12.06772,0.00,0.00
2017.03.09 07:20:16.996,12.06498,12.06771,0.00,0.00
2017.03.09 07:20:18.001,12.06508,12.06772,0.00,0.00
2017.03.09 07:20:18.329,12.06498,12.06752,0.00,0.00
2017.03.09 07:20:18.645,12.06498,12.06742,0.00,0.00
2017.03.09 07:20:21.137,12.06498,12.06762,0.00,0.00
2017.03.09 07:20:21.643,12.06498,12.06741,0.00,0.00
2017.03.09 07:20:21.744,12.06498,12.06761,0.00,0.00
2017.03.09 07:20:21.796,12.06498,12.06741,0.00,0.00
2017.03.09 07:20:24.497,12.06498,12.06761,0.00,0.00
2017.03.09 07:20:24.619,12.06498,12.06732,0.00,0.00
2017.03.09 07:20:24.925,12.06498,12.06752,0.00,0.00
2017.03.09 07:20:25.026,12.06498,12.06732,0.00,0.00
2017.03.09 07:20:26.207,12.06498,12.06762,0.00,0.00
2017.03.09 07:20:26.334,12.06498,12.06732,0.00,0.00
2017.03.09 07:20:27.013,12.06498,12.06762,0.00,0.00
2017.03.09 07:20:27.108,12.06498,12.06772,0.00,0.00
2017.03.09 07:20:27.654,12.06509,12.06772,0.00,0.00
2017.03.09 07:20:28.011,12.06498,12.06752,0.00,0.00
2017.03.09 07:20:28.240,12.06498,12.06761,0.00,0.00
2017.03.09 07:20:28.341,12.06498,12.06721,0.00,0.00
2017.03.09 07:20:28.629,12.06479,12.06722,0.00,0.00
2017.03.09 07:20:28.737,12.06409,12.06671,0.00,0.00
2017.03.09 07:20:28.841,12.06399,12.06671,0.00,0.00
2017.03.09 07:20:29.002,12.06428,12.06671,0.00,0.00
2017.03.09 07:20:29.053,12.06399,12.06671,0.00,0.00
2017.03.09 07:20:29.156,12.06408,12.06671,0.00,0.00
2017.03.09 07:20:30.050,12.06418,12.06671,0.00,0.00
2017.03.09 07:20:30.551,12.06408,12.06671,0.00,0.00
2017.03.09 07:20:31.049,12.06399,12.06671,0.00,0.00
2017.03.09 07:20:31.120,12.06409,12.06671,0.00,0.00
2017.03.09 07:20:31.253,12.06399,12.06671,0.00,0.00
2017.03.09 07:20:32.222,12.06408,12.06671,0.00,0.00
2017.03.09 07:20:32.523,12.06419,12.06671,0.00,0.00
2017.03.09 07:20:32.725,12.06399,12.06662,0.00,0.00
2017.03.09 07:20:33.567,12.06419,12.06671,0.00,0.00
2017.03.09 07:20:33.727,12.06399,12.06671,0.00,0.00
2017.03.09 07:20:33.840,12.06418,12.06671,0.00,0.00
2017.03.09 07:20:33.927,12.06399,12.06671,0.00,0.00
2017.03.09 07:20:34.128,12.06419,12.06671,0.00,0.00
2017.03.09 07:20:34.429,12.06429,12.06671,0.00,0.00
2017.03.09 07:20:34.867,12.06439,12.06671,0.00,0.00
2017.03.09 07:20:35.142,12.06428,12.06671,0.00,0.00
2017.03.09 07:20:35.230,12.06408,12.06671,0.00,0.00
2017.03.09 07:20:35.457,12.06428,12.06671,0.00,0.00
2017.03.09 07:20:35.531,12.06408,12.06671,0.00,0.00
2017.03.09 07:20:35.645,12.06418,12.06671,0.00,0.00
2017.03.09 07:20:35.746,12.06409,12.06671,0.00,0.00
2017.03.09 07:20:35.832,12.06438,12.06671,0.00,0.00
2017.03.09 07:20:36.840,12.06408,12.06671,0.00,0.00
2017.03.09 07:20:36.956,12.06428,12.06671,0.00,0.00
2017.03.09 07:20:37.057,12.06399,12.06671,0.00,0.00
2017.03.09 07:20:37.236,12.06438,12.06671,0.00,0.00
2017.03.09 07:20:37.340,12.06408,12.06671,0.00,0.00
2017.03.09 07:20:37.437,12.06418,12.06671,0.00,0.00
2017.03.09 07:20:37.546,12.06399,12.06671,0.00,0.00
2017.03.09 07:20:37.669,12.06408,12.06671,0.00,0.00
2017.03.09 07:20:37.985,12.06429,12.06671,0.00,0.00
2017.03.09 07:20:38.261,12.06399,12.06671,0.00,0.00
2017.03.09 07:20:38.362,12.06438,12.06671,0.00,0.00
2017.03.09 07:20:38.479,12.06419,12.06671,0.00,0.00
2017.03.09 07:20:38.540,12.06409,12.06671,0.00,0.00
2017.03.09 07:20:40.685,12.06438,12.06671,0.00,0.00
2017.03.09 07:20:40.781,12.06418,12.06671,0.00,0.00
2017.03.09 07:20:41.050,12.06399,12.06671,0.00,0.00
2017.03.09 07:20:42.049,12.06408,12.06671,0.00,0.00
2017.03.09 07:20:44.956,12.06399,12.06671,0.00,0.00
2017.03.09 07:20:45.194,12.06419,12.06671,0.00,0.00
2017.03.09 07:20:45.304,12.06399,12.06652,0.00,0.00
2017.03.09 07:20:46.563,12.06399,12.06671,0.00,0.00
2017.03.09 07:20:46.664,12.06399,12.06652,0.00,0.00
2017.03.09 07:20:46.775,12.06399,12.06671,0.00,0.00
2017.03.09 07:20:46.960,12.06399,12.06661,0.00,0.00
2017.03.09 07:20:47.090,12.06399,12.06671,0.00,0.00
2017.03.09 07:20:47.205,12.06409,12.06671,0.00,0.00
2017.03.09 07:20:47.535,12.06462,12.06692,0.00,0.00
2017.03.09 07:20:47.586,12.06498,12.06752,0.00,0.00
2017.03.09 07:20:47.686,12.06498,12.06762,0.00,0.00
2017.03.09 07:20:48.063,12.06498,12.06732,0.00,0.00
2017.03.09 07:20:48.185,12.06498,12.06762,0.00,0.00
2017.03.09 07:20:49.079,12.06498,12.06732,0.00,0.00
2017.03.09 07:20:49.484,12.06448,12.06722,0.00,0.00
2017.03.09 07:20:49.535,12.06462,12.06722,0.00,0.00
2017.03.09 07:20:49.807,12.06499,12.06772,0.00,0.00
2017.03.09 07:20:50.611,12.06509,12.06772,0.00,0.00
2017.03.09 07:20:50.670,12.06498,12.06772,0.00,0.00
2017.03.09 07:20:52.688,12.06498,12.06741,0.00,0.00
2017.03.09 07:20:53.190,12.06498,12.06771,0.00,0.00
2017.03.09 07:20:53.291,12.06498,12.06732,0.00,0.00
2017.03.09 07:20:53.614,12.06448,12.06722,0.00,0.00
2017.03.09 07:20:53.715,12.06468,12.06722,0.00,0.00
2017.03.09 07:20:53.809,12.06448,12.06712,0.00,0.00
2017.03.09 07:20:54.139,12.06498,12.06712,0.00,0.00
2017.03.09 07:20:54.190,12.06498,12.06732,0.00,0.00
2017.03.09 07:20:54.290,12.06498,12.06771,0.00,0.00
2017.03.09 07:20:54.709,12.06498,12.06762,0.00,0.00
2017.03.09 07:20:54.780,12.06498,12.06771,0.00,0.00
2017.03.09 07:20:56.693,12.06498,12.06762,0.00,0.00
2017.03.09 07:20:56.783,12.06499,12.06772,0.00,0.00
2017.03.09 07:20:57.014,12.06498,12.06762,0.00,0.00
2017.03.09 07:20:58.687,12.06498,12.06741,0.00,0.00
2017.03.09 07:20:58.737,12.06459,12.06722,0.00,0.00
2017.03.09 07:20:58.788,12.06449,12.06722,0.00,0.00
2017.03.09 07:20:58.838,12.06449,12.06671,0.00,0.00
2017.03.09 07:20:58.889,12.06409,12.06671,0.00,0.00
2017.03.09 07:20:59.098,12.06438,12.06671,0.00,0.00
2017.03.09 07:20:59.325,12.06399,12.06671,0.00,0.00
2017.03.09 07:21:00.391,12.06439,12.06671,0.00,0.00
2017.03.09 07:21:00.491,12.06399,12.06671,0.00,0.00
2017.03.09 07:21:00.992,12.06418,12.06671,0.00,0.00
2017.03.09 07:21:01.733,12.06429,12.06671,0.00,0.00
2017.03.09 07:21:02.210,12.06439,12.06671,0.00,0.00
2017.03.09 07:21:02.443,12.06448,12.06721,0.00,0.00
2017.03.09 07:21:02.544,12.06449,12.06672,0.00,0.00
2017.03.09 07:21:02.645,12.06438,12.06672,0.00,0.00
2017.03.09 07:21:02.696,12.06408,12.06672,0.00,0.00
2017.03.09 07:21:02.997,12.06438,12.06672,0.00,0.00
2017.03.09 07:21:03.394,12.06418,12.06672,0.00,0.00
2017.03.09 07:21:04.302,12.06398,12.06672,0.00,0.00
2017.03.09 07:21:04.424,12.06409,12.06672,0.00,0.00
2017.03.09 07:21:04.544,12.06398,12.06662,0.00,0.00
2017.03.09 07:21:05.504,12.06398,12.06672,0.00,0.00
2017.03.09 07:21:06.927,12.06409,12.06672,0.00,0.00
2017.03.09 07:21:07.007,12.06398,12.06672,0.00,0.00
2017.03.09 07:21:09.927,12.06409,12.06672,0.00,0.00
2017.03.09 07:21:10.012,12.06398,12.06671,0.00,0.00
2017.03.09 07:21:11.614,12.06398,12.06661,0.00,0.00
2017.03.09 07:21:11.833,12.06398,12.06672,0.00,0.00
2017.03.09 07:21:11.936,12.06398,12.06652,0.00,0.00
2017.03.09 07:21:13.017,12.06419,12.06672,0.00,0.00
2017.03.09 07:21:13.153,12.06398,12.06672,0.00,0.00
2017.03.09 07:21:13.618,12.06398,12.06651,0.00,0.00
2017.03.09 07:21:14.120,12.06398,12.06661,0.00,0.00
2017.03.09 07:21:14.220,12.06399,12.06672,0.00,0.00
2017.03.09 07:21:15.332,12.06398,12.06662,0.00,0.00
2017.03.09 07:21:15.741,12.06398,12.06652,0.00,0.00
2017.03.09 07:21:17.055,12.06398,12.06661,0.00,0.00
2017.03.09 07:21:17.125,12.06398,12.06652,0.00,0.00
2017.03.09 07:21:17.475,12.06369,12.06572,0.00,0.00
2017.03.09 07:21:17.576,12.06298,12.06572,0.00,0.00
2017.03.09 07:21:17.866,12.06328,12.06572,0.00,0.00
2017.03.09 07:21:17.976,12.06308,12.06572,0.00,0.00
2017.03.09 07:21:18.027,12.06298,12.06572,0.00,0.00
2017.03.09 07:21:18.144,12.06308,12.06572,0.00,0.00
2017.03.09 07:21:18.485,12.06329,12.06572,0.00,0.00
2017.03.09 07:21:19.931,12.06338,12.06572,0.00,0.00
2017.03.09 07:21:20.972,12.06318,12.06572,0.00,0.00
2017.03.09 07:21:21.138,12.06298,12.06572,0.00,0.00
2017.03.09 07:21:21.344,12.06348,12.06592,0.00,0.00
2017.03.09 07:21:21.445,12.06318,12.06571,0.00,0.00
2017.03.09 07:21:21.546,12.06348,12.06571,0.00,0.00
2017.03.09 07:21:21.779,12.06328,12.06571,0.00,0.00
2017.03.09 07:21:21.880,12.06309,12.06571,0.00,0.00
2017.03.09 07:21:22.142,12.06319,12.06571,0.00,0.00
2017.03.09 07:21:22.654,12.06318,12.06571,0.00,0.00
2017.03.09 07:21:24.385,12.06299,12.06571,0.00,0.00
2017.03.09 07:21:25.944,12.06299,12.06552,0.00,0.00
2017.03.09 07:21:26.344,12.06318,12.06571,0.00,0.00
2017.03.09 07:21:26.454,12.06299,12.06571,0.00,0.00
2017.03.09 07:21:27.177,12.06319,12.06571,0.00,0.00
2017.03.09 07:21:27.347,12.06299,12.06552,0.00,0.00
2017.03.09 07:21:27.684,12.06299,12.06542,0.00,0.00
2017.03.09 07:21:27.798,12.06299,12.06571,0.00,0.00
2017.03.09 07:21:28.349,12.06299,12.06552,0.00,0.00
2017.03.09 07:21:28.471,12.06299,12.06571,0.00,0.00
2017.03.09 07:21:28.588,12.06328,12.06571,0.00,0.00
2017.03.09 07:21:28.649,12.06299,12.06571,0.00,0.00
2017.03.09 07:21:29.151,12.06299,12.06552,0.00,0.00
2017.03.09 07:21:29.351,12.06299,12.06562,0.00,0.00
2017.03.09 07:21:29.460,12.06309,12.06571,0.00,0.00
2017.03.09 07:21:29.852,12.06299,12.06571,0.00,0.00
2017.03.09 07:21:31.368,12.06299,12.06541,0.00,0.00
2017.03.09 07:21:31.469,12.06299,12.06571,0.00,0.00
2017.03.09 07:21:31.797,12.06318,12.06571,0.00,0.00
2017.03.09 07:21:31.856,12.06299,12.06571,0.00,0.00
2017.03.09 07:21:32.857,12.06299,12.06552,0.00,0.00
2017.03.09 07:21:33.362,12.06299,12.06551,0.00,0.00
2017.03.09 07:21:33.870,12.06299,12.06552,0.00,0.00
2017.03.09 07:21:34.005,12.06299,12.06562,0.00,0.00
2017.03.09 07:21:34.761,12.06299,12.06571,0.00,0.00
2017.03.09 07:21:35.710,12.06299,12.06561,0.00,0.00
2017.03.09 07:21:36.038,12.06299,12.06521,0.00,0.00
2017.03.09 07:21:36.089,12.06299,12.06531,0.00,0.00
2017.03.09 07:21:36.189,12.06299,12.06571,0.00,0.00
2017.03.09 07:21:36.701,12.06399,12.06581,0.00,0.00
2017.03.09 07:21:36.903,12.06399,12.06661,0.00,0.00
2017.03.09 07:21:37.005,12.06408,12.06671,0.00,0.00
2017.03.09 07:21:37.065,12.06419,12.06671,0.00,0.00
2017.03.09 07:21:39.501,12.06399,12.06671,0.00,0.00
2017.03.09 07:21:39.572,12.06418,12.06671,0.00,0.00
2017.03.09 07:21:40.175,12.06461,12.06702,0.00,0.00
2017.03.09 07:21:40.392,12.06498,12.06761,0.00,0.00
2017.03.09 07:21:41.374,12.06498,12.06751,0.00,0.00
2017.03.09 07:21:41.475,12.06449,12.06721,0.00,0.00
2017.03.09 07:21:41.576,12.06448,12.06681,0.00,0.00
2017.03.09 07:21:41.793,12.06498,12.06742,0.00,0.00
2017.03.09 07:21:41.903,12.06498,12.06751,0.00,0.00
2017.03.09 07:21:42.003,12.06498,12.06761,0.00,0.00
2017.03.09 07:21:42.118,12.06498,12.06751,0.00,0.00
2017.03.09 07:21:43.178,12.06498,12.06742,0.00,0.00
2017.03.09 07:21:44.806,12.06498,12.06761,0.00,0.00
2017.03.09 07:21:44.856,12.06479,12.06722,0.00,0.00
2017.03.09 07:21:45.181,12.06498,12.06761,0.00,0.00
2017.03.09 07:21:45.419,12.06498,12.06752,0.00,0.00
2017.03.09 07:21:45.732,12.06498,12.06732,0.00,0.00
2017.03.09 07:21:45.783,12.06508,12.06772,0.00,0.00
2017.03.09 07:21:46.183,12.06498,12.06772,0.00,0.00
2017.03.09 07:21:46.631,12.06498,12.06752,0.00,0.00
2017.03.09 07:21:46.684,12.06499,12.06772,0.00,0.00
2017.03.09 07:21:46.785,12.06518,12.06772,0.00,0.00
2017.03.09 07:21:47.086,12.06498,12.06772,0.00,0.00
2017.03.09 07:21:47.689,12.06518,12.06772,0.00,0.00
2017.03.09 07:21:48.593,12.06509,12.06772,0.00,0.00
2017.03.09 07:21:48.906,12.06498,12.06761,0.00,0.00
2017.03.09 07:21:49.233,12.06498,12.06751,0.00,0.00
2017.03.09 07:21:49.897,12.06498,12.06771,0.00,0.00
2017.03.09 07:21:50.017,12.06498,12.06751,0.00,0.00
2017.03.09 07:21:50.098,12.06498,12.06772,0.00,0.00
2017.03.09 07:21:50.299,12.06498,12.06762,0.00,0.00
2017.03.09 07:21:50.400,12.06499,12.06772,0.00,0.00
2017.03.09 07:21:50.800,12.06498,12.06762,0.00,0.00
2017.03.09 07:21:50.900,12.06498,12.06772,0.00,0.00
2017.03.09 07:21:51.030,12.06498,12.06762,0.00,0.00
2017.03.09 07:21:51.353,12.06498,12.06741,0.00,0.00
2017.03.09 07:21:51.404,12.06498,12.06761,0.00,0.00
2017.03.09 07:21:52.705,12.06498,12.06771,0.00,0.00
2017.03.09 07:21:52.815,12.06498,12.06741,0.00,0.00
2017.03.09 07:21:53.022,12.06498,12.06751,0.00,0.00
2017.03.09 07:21:54.209,12.06498,12.06771,0.00,0.00
2017.03.09 07:21:54.550,12.06498,12.06742,0.00,0.00
2017.03.09 07:21:54.705,12.06458,12.06721,0.00,0.00
2017.03.09 07:21:54.809,12.06469,12.06721,0.00,0.00
2017.03.09 07:21:54.910,12.06408,12.06672,0.00,0.00
2017.03.09 07:21:55.212,12.06439,12.06672,0.00,0.00
2017.03.09 07:21:55.318,12.06419,12.06672,0.00,0.00
2017.03.09 07:21:55.412,12.06439,12.06672,0.00,0.00
2017.03.09 07:21:56.945,12.06461,12.06721,0.00,0.00
2017.03.09 07:21:57.046,12.06498,12.06731,0.00,0.00
2017.03.09 07:21:57.153,12.06498,12.06772,0.00,0.00
2017.03.09 07:21:57.635,12.06509,12.06772,0.00,0.00
2017.03.09 07:21:58.687,12.06459,12.06722,0.00,0.00
2017.03.09 07:21:58.825,12.06488,12.06721,0.00,0.00
2017.03.09 07:21:58.953,12.06449,12.06712,0.00,0.00
2017.03.09 07:21:59.099,12.06498,12.06712,0.00,0.00
2017.03.09 07:21:59.260,12.06498,12.06741,0.00,0.00
2017.03.09 07:21:59.320,12.06498,12.06771,0.00,0.00
2017.03.09 07:22:00.270,12.06498,12.06762,0.00,0.00
2017.03.09 07:22:00.322,12.06499,12.06772,0.00,0.00
2017.03.09 07:22:00.427,12.06509,12.06772,0.00,0.00
2017.03.09 07:22:00.884,12.06498,12.06741,0.00,0.00
2017.03.09 07:22:01.023,12.06498,12.06771,0.00,0.00
2017.03.09 07:22:01.265,12.06498,12.06751,0.00,0.00
2017.03.09 07:22:01.525,12.06409,12.06672,0.00,0.00
2017.03.09 07:22:01.626,12.06398,12.06672,0.00,0.00
2017.03.09 07:22:01.955,12.06418,12.06672,0.00,0.00
2017.03.09 07:22:02.027,12.06398,12.06662,0.00,0.00
2017.03.09 07:22:02.429,12.06409,12.06672,0.00,0.00
2017.03.09 07:22:02.529,12.06398,12.06671,0.00,0.00
2017.03.09 07:22:03.574,12.06398,12.06661,0.00,0.00
2017.03.09 07:22:03.766,12.06398,12.06672,0.00,0.00
2017.03.09 07:22:03.934,12.06428,12.06672,0.00,0.00
2017.03.09 07:22:04.235,12.06398,12.06672,0.00,0.00
2017.03.09 07:22:04.935,12.06398,12.06652,0.00,0.00
2017.03.09 07:22:05.461,12.06399,12.06672,0.00,0.00
2017.03.09 07:22:05.638,12.06408,12.06672,0.00,0.00
2017.03.09 07:22:06.070,12.06429,12.06672,0.00,0.00
2017.03.09 07:22:06.139,12.06409,12.06672,0.00,0.00
2017.03.09 07:22:06.654,12.06398,12.06672,0.00,0.00
2017.03.09 07:22:06.755,12.06398,12.06661,0.00,0.00
2017.03.09 07:22:06.870,12.06398,12.06671,0.00,0.00
2017.03.09 07:22:07.976,12.06398,12.06652,0.00,0.00
2017.03.09 07:22:08.146,12.06399,12.06672,0.00,0.00
2017.03.09 07:22:08.447,12.06398,12.06662,0.00,0.00
2017.03.09 07:22:08.971,12.06408,12.06672,0.00,0.00
2017.03.09 07:22:09.465,12.06398,12.06641,0.00,0.00
2017.03.09 07:22:09.867,12.06398,12.06672,0.00,0.00
2017.03.09 07:22:10.185,12.06398,12.06651,0.00,0.00
2017.03.09 07:22:10.286,12.06398,12.06672,0.00,0.00
2017.03.09 07:22:10.652,12.06409,12.06672,0.00,0.00
2017.03.09 07:22:10.986,12.06399,12.06672,0.00,0.00
2017.03.09 07:22:11.088,12.06418,12.06672,0.00,0.00
2017.03.09 07:22:11.188,12.06398,12.06661,0.00,0.00
2017.03.09 07:22:11.254,12.06399,12.06672,0.00,0.00
2017.03.09 07:22:11.555,12.06418,12.06672,0.00,0.00
2017.03.09 07:22:12.057,12.06398,12.06672,0.00,0.00
2017.03.09 07:22:12.859,12.06418,12.06672,0.00,0.00
2017.03.09 07:22:12.960,12.06449,12.06711,0.00,0.00
2017.03.09 07:22:13.068,12.06498,12.06732,0.00,0.00
2017.03.09 07:22:13.256,12.06498,12.06748,0.00,0.00
2017.03.09 07:22:13.307,12.06498,12.06741,0.00,0.00
2017.03.09 07:22:13.979,12.06498,12.06772,0.00,0.00
2017.03.09 07:22:15.482,12.06498,12.06762,0.00,0.00
2017.03.09 07:22:17.667,12.06498,12.06741,0.00,0.00
2017.03.09 07:22:19.113,12.06459,12.06721,0.00,0.00
2017.03.09 07:22:19.314,12.06449,12.06721,0.00,0.00
2017.03.09 07:22:19.365,12.06448,12.06672,0.00,0.00
2017.03.09 07:22:19.415,12.06429,12.06672,0.00,0.00
2017.03.09 07:22:19.486,12.06449,12.06702,0.00,0.00
2017.03.09 07:22:19.591,12.06449,12.06721,0.00,0.00
2017.03.09 07:22:19.642,12.06449,12.06672,0.00,0.00
2017.03.09 07:22:19.793,12.06429,12.06672,0.00,0.00
2017.03.09 07:22:19.909,12.06409,12.06672,0.00,0.00
2017.03.09 07:22:20.171,12.06419,12.06672,0.00,0.00
2017.03.09 07:22:21.109,12.06398,12.06672,0.00,0.00
2017.03.09 07:22:22.106,12.06408,12.06672,0.00,0.00
2017.03.09 07:22:22.275,12.06398,12.06672,0.00,0.00
2017.03.09 07:22:22.993,12.06408,12.06672,0.00,0.00
2017.03.09 07:22:23.094,12.06398,12.06672,0.00,0.00
2017.03.09 07:22:23.178,12.06428,12.06672,0.00,0.00
2017.03.09 07:22:26.105,12.06379,12.06571,0.00,0.00
2017.03.09 07:22:26.206,12.06399,12.06661,0.00,0.00
2017.03.09 07:22:26.322,12.06399,12.06671,0.00,0.00
2017.03.09 07:22:26.609,12.06399,12.06661,0.00,0.00
2017.03.09 07:22:26.924,12.06418,12.06671,0.00,0.00
2017.03.09 07:22:27.034,12.06399,12.06662,0.00,0.00
2017.03.09 07:22:29.398,12.06371,12.06622,0.00,0.00
2017.03.09 07:22:29.712,12.06371,12.06571,0.00,0.00
2017.03.09 07:22:32.115,12.06371,12.06562,0.00,0.00
2017.03.09 07:22:32.463,12.06371,12.06551,0.00,0.00
2017.03.09 07:22:32.645,12.06371,12.06562,0.00,0.00
2017.03.09 07:22:32.753,12.06299,12.06562,0.00,0.00
2017.03.09 07:22:33.203,12.06299,12.06571,0.00,0.00
2017.03.09 07:22:36.704,12.06299,12.06562,0.00,0.00
2017.03.09 07:22:37.087,12.06278,12.06522,0.00,0.00
2017.03.09 07:22:37.304,12.06198,12.06472,0.00,0.00
2017.03.09 07:22:37.401,12.06238,12.06482,0.00,0.00
2017.03.09 07:22:37.452,12.06239,12.06521,0.00,0.00
2017.03.09 07:22:37.504,12.06249,12.06529,0.00,0.00
2017.03.09 07:22:37.620,12.06238,12.06522,0.00,0.00
2017.03.09 07:22:37.723,12.06238,12.06492,0.00,0.00
2017.03.09 07:22:37.824,12.06238,12.06502,0.00,0.00
2017.03.09 07:22:38.005,12.06238,12.06482,0.00,0.00
2017.03.09 07:22:38.123,12.06238,12.06511,0.00,0.00
2017.03.09 07:22:38.310,12.06238,12.06481,0.00,0.00
2017.03.09 07:22:38.452,12.06238,12.06502,0.00,0.00
2017.03.09 07:22:38.506,12.06238,12.06512,0.00,0.00
2017.03.09 07:22:38.656,12.06238,12.06502,0.00,0.00
2017.03.09 07:22:40.019,12.06238,12.06482,0.00,0.00
2017.03.09 07:22:40.322,12.06238,12.06512,0.00,0.00
2017.03.09 07:22:40.441,12.06239,12.06521,0.00,0.00
2017.03.09 07:22:40.830,12.06238,12.06502,0.00,0.00
2017.03.09 07:22:41.011,12.06238,12.06522,0.00,0.00
2017.03.09 07:22:41.112,12.06238,12.06482,0.00,0.00
2017.03.09 07:22:41.761,12.06238,12.06501,0.00,0.00
2017.03.09 07:22:41.927,12.06238,12.06482,0.00,0.00
2017.03.09 07:22:42.486,12.06238,12.06481,0.00,0.00
2017.03.09 07:22:42.814,12.06238,12.06461,0.00,0.00
2017.03.09 07:22:43.337,12.06238,12.06502,0.00,0.00
2017.03.09 07:22:43.438,12.06238,12.06512,0.00,0.00
2017.03.09 07:22:44.417,12.06238,12.06482,0.00,0.00
2017.03.09 07:22:44.517,12.06239,12.06521,0.00,0.00
2017.03.09 07:22:44.818,12.06238,12.06491,0.00,0.00
2017.03.09 07:22:44.921,12.06238,12.06522,0.00,0.00
2017.03.09 07:22:45.118,12.06249,12.06529,0.00,0.00
2017.03.09 07:22:45.668,12.06238,12.06502,0.00,0.00
2017.03.09 07:22:45.820,12.06239,12.06521,0.00,0.00
2017.03.09 07:22:46.721,12.06238,12.06491,0.00,0.00
2017.03.09 07:22:47.527,12.06239,12.06521,0.00,0.00
2017.03.09 07:22:48.054,12.06238,12.06511,0.00,0.00
2017.03.09 07:22:48.368,12.06258,12.06529,0.00,0.00
2017.03.09 07:22:48.539,12.06238,12.06511,0.00,0.00
2017.03.09 07:22:52.470,12.06238,12.06512,0.00,0.00
2017.03.09 07:22:53.131,12.06238,12.06492,0.00,0.00
2017.03.09 07:22:55.336,12.06238,12.06471,0.00,0.00
2017.03.09 07:22:55.663,12.06238,12.06511,0.00,0.00
2017.03.09 07:22:55.736,12.06239,12.06521,0.00,0.00
2017.03.09 07:22:55.854,12.06238,12.06511,0.00,0.00
2017.03.09 07:22:56.198,12.06238,12.06471,0.00,0.00
2017.03.09 07:22:56.524,12.06238,12.06452,0.00,0.00
2017.03.09 07:22:56.575,12.06238,12.06471,0.00,0.00
2017.03.09 07:22:56.638,12.06238,12.06492,0.00,0.00
2017.03.09 07:22:56.739,12.06238,12.06502,0.00,0.00
2017.03.09 07:22:57.470,12.06238,12.06482,0.00,0.00
2017.03.09 07:22:57.741,12.06238,12.06501,0.00,0.00
2017.03.09 07:22:57.886,12.06238,12.06452,0.00,0.00
2017.03.09 07:22:58.073,12.06238,12.06482,0.00,0.00
2017.03.09 07:22:58.143,12.06238,12.06452,0.00,0.00
2017.03.09 07:22:58.413,12.06189,12.06439,0.00,0.00
2017.03.09 07:22:58.553,12.06138,12.06382,0.00,0.00
2017.03.09 07:22:58.660,12.06138,12.06392,0.00,0.00
2017.03.09 07:22:58.781,12.06148,12.06432,0.00,0.00
2017.03.09 07:22:58.890,12.06138,12.06391,0.00,0.00
2017.03.09 07:22:59.285,12.06138,12.06411,0.00,0.00
2017.03.09 07:22:59.386,12.06139,12.06421,0.00,0.00
2017.03.09 07:22:59.436,12.06189,12.06421,0.00,0.00
2017.03.09 07:22:59.487,12.06189,12.06432,0.00,0.00
2017.03.09 07:22:59.537,12.06239,12.06432,0.00,0.00
2017.03.09 07:22:59.588,12.06239,12.06501,0.00,0.00
2017.03.09 07:22:59.768,12.06239,12.06512,0.00,0.00
2017.03.09 07:22:59.870,12.06239,12.06481,0.00,0.00
2017.03.09 07:23:00.274,12.06239,12.06461,0.00,0.00
2017.03.09 07:23:00.479,12.06239,12.06471,0.00,0.00
2017.03.09 07:23:00.747,12.06239,12.06461,0.00,0.00
2017.03.09 07:23:01.549,12.06239,12.06481,0.00,0.00
2017.03.09 07:23:01.649,12.06239,12.06501,0.00,0.00
2017.03.09 07:23:02.550,12.06239,12.06492,0.00,0.00
2017.03.09 07:23:03.153,12.06239,12.06472,0.00,0.00
2017.03.09 07:23:03.483,12.06239,12.06492,0.00,0.00
2017.03.09 07:23:03.553,12.06239,12.06482,0.00,0.00
2017.03.09 07:23:03.986,12.06239,12.06501,0.00,0.00
2017.03.09 07:23:04.094,12.06239,12.06461,0.00,0.00
2017.03.09 07:23:04.226,12.06239,12.06481,0.00,0.00
2017.03.09 07:23:04.355,12.06239,12.06462,0.00,0.00
2017.03.09 07:23:04.749,12.06239,12.06451,0.00,0.00
2017.03.09 07:23:08.060,12.06189,12.06451,0.00,0.00
2017.03.09 07:23:08.110,12.06189,12.06438,0.00,0.00
2017.03.09 07:23:08.211,12.06159,12.06432,0.00,0.00
2017.03.09 07:23:08.262,12.06138,12.06412,0.00,0.00
2017.03.09 07:23:08.362,12.06239,12.06391,0.00,0.00
2017.03.09 07:23:08.464,12.06239,12.06401,0.00,0.00
2017.03.09 07:23:08.567,12.06239,12.06501,0.00,0.00
2017.03.09 07:23:08.753,12.06239,12.06462,0.00,0.00
2017.03.09 07:23:09.092,12.06239,12.06452,0.00,0.00
2017.03.09 07:23:10.164,12.06239,12.06492,0.00,0.00
2017.03.09 07:23:10.364,12.06239,12.06452,0.00,0.00
2017.03.09 07:23:11.975,12.06239,12.06482,0.00,0.00
2017.03.09 07:23:12.066,12.06239,12.06461,0.00,0.00
2017.03.09 07:23:13.068,12.06239,12.06451,0.00,0.00
2017.03.09 07:23:13.168,12.06239,12.06462,0.00,0.00
2017.03.09 07:23:14.210,12.06239,12.06482,0.00,0.00
2017.03.09 07:23:14.310,12.06239,12.06492,0.00,0.00
2017.03.09 07:23:16.273,12.06239,12.06451,0.00,0.00
2017.03.09 07:23:16.591,12.06239,12.06462,0.00,0.00
2017.03.09 07:23:16.673,12.06239,12.06491,0.00,0.00
2017.03.09 07:23:18.492,12.06239,12.06472,0.00,0.00
2017.03.09 07:23:18.593,12.06239,12.06492,0.00,0.00
2017.03.09 07:23:18.777,12.06239,12.06472,0.00,0.00
2017.03.09 07:23:20.121,12.06188,12.06431,0.00,0.00
2017.03.09 07:23:20.318,12.06138,12.06412,0.00,0.00
2017.03.09 07:23:20.419,12.06138,12.06382,0.00,0.00
2017.03.09 07:23:20.730,12.06188,12.06462,0.00,0.00
2017.03.09 07:23:20.781,12.06188,12.06449,0.00,0.00
2017.03.09 07:23:20.932,12.06138,12.06422,0.00,0.00
2017.03.09 07:23:20.982,12.06138,12.06392,0.00,0.00
2017.03.09 07:23:21.295,12.06239,12.06492,0.00,0.00
2017.03.09 07:23:21.427,12.06189,12.06462,0.00,0.00
2017.03.09 07:23:21.528,12.06188,12.06422,0.00,0.00
2017.03.09 07:23:21.579,12.06138,12.06422,0.00,0.00
2017.03.09 07:23:21.629,12.06138,12.06391,0.00,0.00
2017.03.09 07:23:21.931,12.06139,12.06422,0.00,0.00
2017.03.09 07:23:21.984,12.06139,12.06381,0.00,0.00
2017.03.09 07:23:22.298,12.06139,12.06352,0.00,0.00
2017.03.09 07:23:22.385,12.06139,12.06401,0.00,0.00
2017.03.09 07:23:22.490,12.06139,12.06381,0.00,0.00
2017.03.09 07:23:22.628,12.06139,12.06412,0.00,0.00
2017.03.09 07:23:23.132,12.06139,12.06382,0.00,0.00
2017.03.09 07:23:23.787,12.06139,12.06412,0.00,0.00
2017.03.09 07:23:23.888,12.06139,12.06391,0.00,0.00
2017.03.09 07:23:24.238,12.06139,12.06371,0.00,0.00
2017.03.09 07:23:24.557,12.06139,12.06351,0.00,0.00
2017.03.09 07:23:25.598,12.06139,12.06381,0.00,0.00
2017.03.09 07:23:25.791,12.06139,12.06361,0.00,0.00
2017.03.09 07:23:26.133,12.06139,12.06342,0.00,0.00
2017.03.09 07:23:26.300,12.06139,12.06362,0.00,0.00
2017.03.09 07:23:26.393,12.06139,12.06342,0.00,0.00
2017.03.09 07:23:26.493,12.06139,12.06362,0.00,0.00
2017.03.09 07:23:26.593,12.06139,12.06371,0.00,0.00
2017.03.09 07:23:26.920,12.06139,12.06341,0.00,0.00
2017.03.09 07:23:26.994,12.06139,12.06362,0.00,0.00
2017.03.09 07:23:27.695,12.06139,12.06372,0.00,0.00
2017.03.09 07:23:27.795,12.06139,12.06342,0.00,0.00
2017.03.09 07:23:29.814,12.06139,12.06322,0.00,0.00
2017.03.09 07:23:29.939,12.06139,12.06332,0.00,0.00
2017.03.09 07:23:30.108,12.06139,12.06322,0.00,0.00
2017.03.09 07:23:30.199,12.06139,12.06332,0.00,0.00
2017.03.09 07:23:31.203,12.06139,12.06361,0.00,0.00
2017.03.09 07:23:31.304,12.06139,12.06331,0.00,0.00
2017.03.09 07:23:32.620,12.06139,12.06352,0.00,0.00
2017.03.09 07:23:32.723,12.06089,12.06338,0.00,0.00
2017.03.09 07:23:32.823,12.06058,12.06332,0.00,0.00
2017.03.09 07:23:32.924,12.06038,12.06261,0.00,0.00
2017.03.09 07:23:33.139,12.06038,12.06292,0.00,0.00
2017.03.09 07:23:33.243,12.06038,12.06282,0.00,0.00
2017.03.09 07:23:33.488,12.05998,12.06262,0.00,0.00
2017.03.09 07:23:33.538,12.06008,12.06272,0.00,0.00
2017.03.09 07:23:33.705,12.05998,12.06272,0.00,0.00
2017.03.09 07:23:34.404,12.05998,12.06251,0.00,0.00
2017.03.09 07:23:34.605,12.05998,12.06271,0.00,0.00
2017.03.09 07:23:34.705,12.05998,12.06241,0.00,0.00
2017.03.09 07:23:35.406,12.05998,12.06252,0.00,0.00
2017.03.09 07:23:35.607,12.05998,12.06272,0.00,0.00
2017.03.09 07:23:35.833,12.05998,12.06251,0.00,0.00
2017.03.09 07:23:35.933,12.05998,12.06271,0.00,0.00
2017.03.09 07:23:36.408,12.05998,12.06252,0.00,0.00
2017.03.09 07:23:36.645,12.05998,12.06272,0.00,0.00
2017.03.09 07:23:37.029,12.05998,12.06242,0.00,0.00
2017.03.09 07:23:37.109,12.05998,12.06262,0.00,0.00
2017.03.09 07:23:37.210,12.05999,12.06272,0.00,0.00
2017.03.09 07:23:37.610,12.05998,12.06261,0.00,0.00
2017.03.09 07:23:37.729,12.05999,12.06272,0.00,0.00
2017.03.09 07:23:38.473,12.05998,12.06271,0.00,0.00
2017.03.09 07:23:38.629,12.05998,12.06262,0.00,0.00
2017.03.09 07:23:38.711,12.05999,12.06272,0.00,0.00
2017.03.09 07:23:39.252,12.05998,12.06271,0.00,0.00
2017.03.09 07:23:39.459,12.05998,12.06251,0.00,0.00
2017.03.09 07:23:39.560,12.05998,12.06272,0.00,0.00
2017.03.09 07:23:40.207,12.05999,12.06272,0.00,0.00
2017.03.09 07:23:40.715,12.05998,12.06252,0.00,0.00
2017.03.09 07:23:41.115,12.05998,12.06261,0.00,0.00
2017.03.09 07:23:41.416,12.05998,12.06242,0.00,0.00
2017.03.09 07:23:41.516,12.05998,12.06251,0.00,0.00
2017.03.09 07:23:42.828,12.05998,12.06262,0.00,0.00
2017.03.09 07:23:42.928,12.05998,12.06251,0.00,0.00
2017.03.09 07:23:43.331,12.05999,12.06272,0.00,0.00
2017.03.09 07:23:44.225,12.05998,12.06262,0.00,0.00
2017.03.09 07:23:44.443,12.05999,12.06272,0.00,0.00
2017.03.09 07:23:45.020,12.05998,12.06251,0.00,0.00
2017.03.09 07:23:45.322,12.05969,12.06222,0.00,0.00
2017.03.09 07:23:45.429,12.05999,12.06271,0.00,0.00
2017.03.09 07:23:45.541,12.06008,12.06271,0.00,0.00
2017.03.09 07:23:45.922,12.05999,12.06271,0.00,0.00
2017.03.09 07:23:46.109,12.05999,12.06242,0.00,0.00
2017.03.09 07:23:46.223,12.05999,12.06262,0.00,0.00
2017.03.09 07:23:46.323,12.05999,12.06271,0.00,0.00
2017.03.09 07:23:46.543,12.05999,12.06252,0.00,0.00
2017.03.09 07:23:46.624,12.05999,12.06261,0.00,0.00
2017.03.09 07:23:46.730,12.05999,12.06252,0.00,0.00
2017.03.09 07:23:47.925,12.05999,12.06271,0.00,0.00
2017.03.09 07:23:48.133,12.05999,12.06241,0.00,0.00
2017.03.09 07:23:48.279,12.05999,12.06262,0.00,0.00
2017.03.09 07:23:48.330,12.06008,12.06271,0.00,0.00
2017.03.09 07:23:48.627,12.05999,12.06271,0.00,0.00
2017.03.09 07:23:48.727,12.06009,12.06271,0.00,0.00
2017.03.09 07:23:48.841,12.05999,12.06271,0.00,0.00
2017.03.09 07:23:49.528,12.06009,12.06271,0.00,0.00
2017.03.09 07:23:49.638,12.05999,12.06271,0.00,0.00
2017.03.09 07:23:49.756,12.06008,12.06271,0.00,0.00
2017.03.09 07:23:50.075,12.05999,12.06261,0.00,0.00
2017.03.09 07:23:50.176,12.05999,12.06271,0.00,0.00
2017.03.09 07:23:50.330,12.05999,12.06262,0.00,0.00
2017.03.09 07:23:50.477,12.05999,12.06271,0.00,0.00
2017.03.09 07:23:50.731,12.05999,12.06261,0.00,0.00
2017.03.09 07:23:51.031,12.06008,12.06271,0.00,0.00
2017.03.09 07:23:51.153,12.05999,12.06271,0.00,0.00
2017.03.09 07:23:51.932,12.05999,12.06261,0.00,0.00
2017.03.09 07:23:52.233,12.06009,12.06271,0.00,0.00
2017.03.09 07:23:52.333,12.05999,12.06271,0.00,0.00
2017.03.09 07:23:53.770,12.05999,12.06261,0.00,0.00
2017.03.09 07:23:54.091,12.05999,12.06252,0.00,0.00
2017.03.09 07:23:55.137,12.05999,12.06271,0.00,0.00
2017.03.09 07:23:55.646,12.05999,12.06252,0.00,0.00
2017.03.09 07:23:56.458,12.05999,12.06271,0.00,0.00
2017.03.09 07:23:57.240,12.06008,12.06271,0.00,0.00
2017.03.09 07:23:57.988,12.05999,12.06271,0.00,0.00
2017.03.09 07:23:58.041,12.06008,12.06271,0.00,0.00
2017.03.09 07:23:58.642,12.05999,12.06271,0.00,0.00
2017.03.09 07:23:58.767,12.05999,12.06262,0.00,0.00
2017.03.09 07:23:59.443,12.05999,12.06271,0.00,0.00
2017.03.09 07:24:00.385,12.06018,12.06271,0.00,0.00
2017.03.09 07:24:00.445,12.05999,12.06261,0.00,0.00
2017.03.09 07:24:00.545,12.05999,12.06271,0.00,0.00
2017.03.09 07:24:02.080,12.06009,12.06271,0.00,0.00
2017.03.09 07:24:02.148,12.05999,12.06271,0.00,0.00
2017.03.09 07:24:02.594,12.05999,12.06262,0.00,0.00
2017.03.09 07:24:02.749,12.05999,12.06271,0.00,0.00
2017.03.09 07:24:03.333,12.06048,12.06281,0.00,0.00
2017.03.09 07:24:03.586,12.06099,12.06372,0.00,0.00
2017.03.09 07:24:03.699,12.06108,12.06372,0.00,0.00
2017.03.09 07:24:04.040,12.06098,12.06352,0.00,0.00
2017.03.09 07:24:04.152,12.06109,12.06372,0.00,0.00
2017.03.09 07:24:04.252,12.06098,12.06372,0.00,0.00
2017.03.09 07:24:04.373,12.06108,12.06372,0.00,0.00
2017.03.09 07:24:04.981,12.06098,12.06372,0.00,0.00
2017.03.09 07:24:05.190,12.06098,12.06362,0.00,0.00
2017.03.09 07:24:05.507,12.06072,12.06172,0.00,0.00
2017.03.09 07:24:05.558,12.06098,12.06208,0.00,0.00
2017.03.09 07:24:05.690,12.05949,12.06171,0.00,0.00
2017.03.09 07:24:05.755,12.05949,12.06181,0.00,0.00
2017.03.09 07:24:05.894,12.05949,12.06208,0.00,0.00
2017.03.09 07:24:06.056,12.05949,12.06181,0.00,0.00
2017.03.09 07:24:06.410,12.05949,12.06192,0.00,0.00
2017.03.09 07:24:06.461,12.05949,12.06181,0.00,0.00
2017.03.09 07:24:06.557,12.05949,12.06192,0.00,0.00
2017.03.09 07:24:06.757,12.05949,12.06182,0.00,0.00
2017.03.09 07:24:07.107,12.05949,12.06191,0.00,0.00
2017.03.09 07:24:07.159,12.05949,12.06172,0.00,0.00
2017.03.09 07:24:07.782,12.05949,12.06192,0.00,0.00
2017.03.09 07:24:08.862,12.05949,12.06171,0.00,0.00
2017.03.09 07:24:08.994,12.05949,12.06202,0.00,0.00
2017.03.09 07:24:09.240,12.05999,12.06202,0.00,0.00
2017.03.09 07:24:09.340,12.05949,12.06202,0.00,0.00
2017.03.09 07:24:09.391,12.05949,12.06212,0.00,0.00
2017.03.09 07:24:09.499,12.05949,12.06228,0.00,0.00
2017.03.09 07:24:09.563,12.05979,12.06228,0.00,0.00
2017.03.09 07:24:09.613,12.06008,12.06261,0.00,0.00
2017.03.09 07:24:09.664,12.06008,12.06241,0.00,0.00
2017.03.09 07:24:09.715,12.05959,12.06229,0.00,0.00
2017.03.09 07:24:09.765,12.05989,12.06229,0.00,0.00
2017.03.09 07:24:09.870,12.05958,12.06229,0.00,0.00
2017.03.09 07:24:09.982,12.05948,12.06212,0.00,0.00
2017.03.09 07:24:10.320,12.05998,12.06241,0.00,0.00
2017.03.09 07:24:10.494,12.05948,12.06202,0.00,0.00
2017.03.09 07:24:10.892,12.05999,12.06202,0.00,0.00
2017.03.09 07:24:10.992,12.05999,12.06211,0.00,0.00
2017.03.09 07:24:11.065,12.05999,12.06269,0.00,0.00
2017.03.09 07:24:11.116,12.06049,12.06271,0.00,0.00
2017.03.09 07:24:11.268,12.06049,12.06291,0.00,0.00
2017.03.09 07:24:11.602,12.06049,12.06282,0.00,0.00
2017.03.09 07:24:11.709,12.06049,12.06302,0.00,0.00
2017.03.09 07:24:12.568,12.06049,12.06272,0.00,0.00
2017.03.09 07:24:12.913,12.06049,12.06262,0.00,0.00
2017.03.09 07:24:13.167,12.06049,12.06272,0.00,0.00
2017.03.09 07:24:13.218,12.06049,12.06292,0.00,0.00
2017.03.09 07:24:13.768,12.06009,12.06281,0.00,0.00
2017.03.09 07:24:13.871,12.06009,12.06262,0.00,0.00
2017.03.09 07:24:14.233,12.06009,12.06242,0.00,0.00
2017.03.09 07:24:14.472,12.06009,12.06261,0.00,0.00
2017.03.09 07:24:15.378,12.06009,12.06281,0.00,0.00
2017.03.09 07:24:15.494,12.06009,12.06262,0.00,0.00
2017.03.09 07:24:15.886,12.06009,12.06241,0.00,0.00
2017.03.09 07:24:16.188,12.05959,12.06209,0.00,0.00
2017.03.09 07:24:16.289,12.06009,12.06272,0.00,0.00
2017.03.09 07:24:16.394,12.06009,12.06232,0.00,0.00
2017.03.09 07:24:16.475,12.06009,12.06242,0.00,0.00
2017.03.09 07:24:16.775,12.06009,12.06281,0.00,0.00
2017.03.09 07:24:17.076,12.06009,12.06261,0.00,0.00
2017.03.09 07:24:17.889,12.06009,12.06252,0.00,0.00
2017.03.09 07:24:18.377,12.06009,12.06261,0.00,0.00
2017.03.09 07:24:18.691,12.05968,12.06232,0.00,0.00
2017.03.09 07:24:18.792,12.06008,12.06232,0.00,0.00
2017.03.09 07:24:18.905,12.06008,12.06242,0.00,0.00
2017.03.09 07:24:18.979,12.06008,12.06272,0.00,0.00
2017.03.09 07:24:20.481,12.06008,12.06251,0.00,0.00
2017.03.09 07:24:20.681,12.06008,12.06282,0.00,0.00
2017.03.09 07:24:20.802,12.05969,12.06228,0.00,0.00
2017.03.09 07:24:20.982,12.05909,12.06182,0.00,0.00
2017.03.09 07:24:21.201,12.05958,12.06191,0.00,0.00
2017.03.09 07:24:21.382,12.06008,12.06261,0.00,0.00
2017.03.09 07:24:21.512,12.06008,12.06272,0.00,0.00
2017.03.09 07:24:21.929,12.06008,12.06251,0.00,0.00
2017.03.09 07:24:22.448,12.06008,12.06232,0.00,0.00
2017.03.09 07:24:22.604,12.06008,12.06272,0.00,0.00
2017.03.09 07:24:23.166,12.05988,12.06232,0.00,0.00
2017.03.09 07:24:23.217,12.05958,12.06232,0.00,0.00
2017.03.09 07:24:23.267,12.06008,12.06242,0.00,0.00
2017.03.09 07:24:23.488,12.06008,12.06272,0.00,0.00
2017.03.09 07:24:23.787,12.06008,12.06261,0.00,0.00
2017.03.09 07:24:23.998,12.06008,12.06271,0.00,0.00
2017.03.09 07:24:24.087,12.06008,12.06262,0.00,0.00
2017.03.09 07:24:24.678,12.05978,12.06231,0.00,0.00
2017.03.09 07:24:24.728,12.05959,12.06231,0.00,0.00
2017.03.09 07:24:24.778,12.05959,12.06182,0.00,0.00
2017.03.09 07:24:24.829,12.05928,12.06182,0.00,0.00
2017.03.09 07:24:24.930,12.05908,12.06172,0.00,0.00
2017.03.09 07:24:24.989,12.05908,12.06152,0.00,0.00
2017.03.09 07:24:26.734,12.05908,12.06181,0.00,0.00
2017.03.09 07:24:27.216,12.05959,12.06191,0.00,0.00
2017.03.09 07:24:27.317,12.05959,12.06202,0.00,0.00
2017.03.09 07:24:27.418,12.05959,12.06231,0.00,0.00
2017.03.09 07:24:27.469,12.05959,12.06219,0.00,0.00
2017.03.09 07:24:27.519,12.05918,12.06182,0.00,0.00
2017.03.09 07:24:27.627,12.05908,12.06172,0.00,0.00
2017.03.09 07:24:27.908,12.05959,12.06231,0.00,0.00
2017.03.09 07:24:27.958,12.06008,12.06241,0.00,0.00
2017.03.09 07:24:28.009,12.06008,12.06251,0.00,0.00
2017.03.09 07:24:28.300,12.06008,12.06232,0.00,0.00
2017.03.09 07:24:28.979,12.05958,12.06232,0.00,0.00
2017.03.09 07:24:29.030,12.05958,12.06212,0.00,0.00
2017.03.09 07:24:29.419,12.05959,12.06202,0.00,0.00
2017.03.09 07:24:29.470,12.05959,12.06222,0.00,0.00
2017.03.09 07:24:29.521,12.05959,12.06202,0.00,0.00
2017.03.09 07:24:29.708,12.05909,12.06182,0.00,0.00
2017.03.09 07:24:29.809,12.05908,12.06152,0.00,0.00
2017.03.09 07:24:30.044,12.05908,12.06162,0.00,0.00
2017.03.09 07:24:30.105,12.05908,12.06141,0.00,0.00
2017.03.09 07:24:30.209,12.05908,12.06172,0.00,0.00
2017.03.09 07:24:31.446,12.05908,12.06142,0.00,0.00
2017.03.09 07:24:32.308,12.05908,12.06171,0.00,0.00
2017.03.09 07:24:32.709,12.05908,12.06162,0.00,0.00
2017.03.09 07:24:33.042,12.05908,12.06141,0.00,0.00
2017.03.09 07:24:33.148,12.05908,12.06162,0.00,0.00
2017.03.09 07:24:33.258,12.05908,12.06182,0.00,0.00
2017.03.09 07:24:33.310,12.05919,12.06182,0.00,0.00
2017.03.09 07:24:33.410,12.05908,12.06172,0.00,0.00
2017.03.09 07:24:33.520,12.05908,12.06161,0.00,0.00
2017.03.09 07:24:34.249,12.05908,12.06171,0.00,0.00
2017.03.09 07:24:34.427,12.05908,12.06162,0.00,0.00
2017.03.09 07:24:34.913,12.05908,12.06132,0.00,0.00
2017.03.09 07:24:35.525,12.05908,12.06151,0.00,0.00
2017.03.09 07:24:35.659,12.05908,12.06132,0.00,0.00
2017.03.09 07:24:35.846,12.05908,12.06162,0.00,0.00
2017.03.09 07:24:36.148,12.05908,12.06151,0.00,0.00
2017.03.09 07:24:36.642,12.05908,12.06132,0.00,0.00
2017.03.09 07:24:36.831,12.05908,12.06172,0.00,0.00
2017.03.09 07:24:37.245,12.05908,12.06162,0.00,0.00
2017.03.09 07:24:38.219,12.05908,12.06172,0.00,0.00
2017.03.09 07:24:40.523,12.05908,12.06142,0.00,0.00
2017.03.09 07:24:40.624,12.05859,12.06131,0.00,0.00
2017.03.09 07:24:40.674,12.05859,12.06129,0.00,0.00
2017.03.09 07:24:40.825,12.05809,12.06081,0.00,0.00
2017.03.09 07:24:40.927,12.05809,12.06052,0.00,0.00
2017.03.09 07:24:41.543,12.05809,12.06081,0.00,0.00
2017.03.09 07:24:41.932,12.05809,12.06071,0.00,0.00
2017.03.09 07:24:42.263,12.05809,12.06081,0.00,0.00
2017.03.09 07:24:43.144,12.05858,12.06052,0.00,0.00
2017.03.09 07:24:43.245,12.05858,12.06091,0.00,0.00
2017.03.09 07:24:43.296,12.05809,12.06081,0.00,0.00
2017.03.09 07:24:43.346,12.05839,12.06081,0.00,0.00
2017.03.09 07:24:43.448,12.05819,12.06081,0.00,0.00
2017.03.09 07:24:43.529,12.05809,12.06072,0.00,0.00
2017.03.09 07:24:43.666,12.05809,12.06081,0.00,0.00
2017.03.09 07:24:43.829,12.05819,12.06081,0.00,0.00
2017.03.09 07:24:44.029,12.05809,12.06081,0.00,0.00
2017.03.09 07:24:44.243,12.05809,12.06072,0.00,0.00
2017.03.09 07:24:44.606,12.05839,12.06081,0.00,0.00
2017.03.09 07:24:44.831,12.05818,12.06081,0.00,0.00
2017.03.09 07:24:45.411,12.05818,12.06031,0.00,0.00
2017.03.09 07:24:45.531,12.05818,12.06082,0.00,0.00
2017.03.09 07:24:45.582,12.05808,12.06082,0.00,0.00
2017.03.09 07:24:45.683,12.05808,12.06042,0.00,0.00
2017.03.09 07:24:45.807,12.05808,12.06051,0.00,0.00
2017.03.09 07:24:45.858,12.05808,12.06082,0.00,0.00
2017.03.09 07:24:45.977,12.05808,12.06072,0.00,0.00
2017.03.09 07:24:46.143,12.05808,12.06082,0.00,0.00
2017.03.09 07:24:46.235,12.05808,12.06052,0.00,0.00
2017.03.09 07:24:46.336,12.05808,12.06061,0.00,0.00
2017.03.09 07:24:46.440,12.05808,12.06051,0.00,0.00
2017.03.09 07:24:46.735,12.05808,12.06061,0.00,0.00
2017.03.09 07:24:46.845,12.05808,12.06082,0.00,0.00
2017.03.09 07:24:47.336,12.05808,12.06072,0.00,0.00
2017.03.09 07:24:47.436,12.05808,12.06082,0.00,0.00
2017.03.09 07:24:47.981,12.05808,12.06062,0.00,0.00
2017.03.09 07:24:48.438,12.05808,12.06082,0.00,0.00
2017.03.09 07:24:48.584,12.05818,12.06082,0.00,0.00
2017.03.09 07:24:49.842,12.05808,12.06071,0.00,0.00
2017.03.09 07:24:50.043,12.05909,12.06181,0.00,0.00
2017.03.09 07:24:50.149,12.05909,12.06172,0.00,0.00
2017.03.09 07:24:50.473,12.05909,12.06152,0.00,0.00
2017.03.09 07:24:50.544,12.05909,12.06171,0.00,0.00
2017.03.09 07:24:50.919,12.05909,12.06142,0.00,0.00
2017.03.09 07:24:50.969,12.05909,12.06161,0.00,0.00
2017.03.09 07:24:51.045,12.05909,12.06141,0.00,0.00
2017.03.09 07:24:51.270,12.05909,12.06161,0.00,0.00
2017.03.09 07:24:51.346,12.05909,12.06171,0.00,0.00
2017.03.09 07:24:52.068,12.05909,12.06161,0.00,0.00
2017.03.09 07:24:52.148,12.05909,12.06181,0.00,0.00
2017.03.09 07:24:52.284,12.05909,12.06161,0.00,0.00
2017.03.09 07:24:52.970,12.05909,12.06142,0.00,0.00
2017.03.09 07:24:53.551,12.05909,12.06151,0.00,0.00
2017.03.09 07:24:54.852,12.05909,12.06171,0.00,0.00
2017.03.09 07:24:54.991,12.05909,12.06142,0.00,0.00
2017.03.09 07:24:55.102,12.05909,12.06172,0.00,0.00
2017.03.09 07:24:55.472,12.05909,12.06162,0.00,0.00
2017.03.09 07:24:55.587,12.05909,12.06172,0.00,0.00
2017.03.09 07:24:57.700,12.05909,12.06161,0.00,0.00
2017.03.09 07:24:57.761,12.05909,12.06172,0.00,0.00
2017.03.09 07:24:58.067,12.05909,12.06141,0.00,0.00
2017.03.09 07:24:58.173,12.05909,12.06161,0.00,0.00
2017.03.09 07:25:00.180,12.05909,12.06142,0.00,0.00
2017.03.09 07:25:00.266,12.05909,12.06181,0.00,0.00
2017.03.09 07:25:00.383,12.05909,12.06172,0.00,0.00
2017.03.09 07:25:00.751,12.05909,12.06141,0.00,0.00
2017.03.09 07:25:00.802,12.05909,12.06162,0.00,0.00
2017.03.09 07:25:01.993,12.05909,12.06142,0.00,0.00
2017.03.09 07:25:02.070,12.05909,12.06181,0.00,0.00
2017.03.09 07:25:02.187,12.05909,12.06171,0.00,0.00
2017.03.09 07:25:02.270,12.05909,12.06181,0.00,0.00
2017.03.09 07:25:03.603,12.05888,12.06142,0.00,0.00
2017.03.09 07:25:03.672,12.05882,12.06142,0.00,0.00
2017.03.09 07:25:04.072,12.05888,12.06142,0.00,0.00
2017.03.09 07:25:05.424,12.05882,12.06131,0.00,0.00
2017.03.09 07:25:05.735,12.05908,12.06142,0.00,0.00
2017.03.09 07:25:06.291,12.05882,12.06132,0.00,0.00
2017.03.09 07:25:06.386,12.05888,12.06142,0.00,0.00
2017.03.09 07:25:07.698,12.05882,12.06142,0.00,0.00
2017.03.09 07:25:07.830,12.05889,12.06142,0.00,0.00
2017.03.09 07:25:08.407,12.05882,12.06131,0.00,0.00
2017.03.09 07:25:09.108,12.05882,12.06142,0.00,0.00
2017.03.09 07:25:09.486,12.05882,12.06132,0.00,0.00
2017.03.09 07:25:10.011,12.05882,12.06142,0.00,0.00
2017.03.09 07:25:10.287,12.05882,12.06122,0.00,0.00
2017.03.09 07:25:10.388,12.05889,12.06142,0.00,0.00
2017.03.09 07:25:11.789,12.05882,12.06142,0.00,0.00
2017.03.09 07:25:13.191,12.05888,12.06142,0.00,0.00
2017.03.09 07:25:13.590,12.05882,12.06142,0.00,0.00
2017.03.09 07:25:13.796,12.05889,12.06142,0.00,0.00
2017.03.09 07:25:14.013,12.05882,12.06142,0.00,0.00
2017.03.09 07:25:14.114,12.05898,12.06142,0.00,0.00
2017.03.09 07:25:14.322,12.05882,12.06132,0.00,0.00
2017.03.09 07:25:14.423,12.05909,12.06142,0.00,0.00
2017.03.09 07:25:14.535,12.05898,12.06142,0.00,0.00
2017.03.09 07:25:15.220,12.05882,12.06142,0.00,0.00
2017.03.09 07:25:15.296,12.05908,12.06142,0.00,0.00
2017.03.09 07:25:15.614,12.05882,12.06131,0.00,0.00
2017.03.09 07:25:15.719,12.05908,12.06142,0.00,0.00
2017.03.09 07:25:16.613,12.05882,12.06142,0.00,0.00
2017.03.09 07:25:17.099,12.05888,12.06142,0.00,0.00
2017.03.09 07:25:17.743,12.05882,12.06142,0.00,0.00
2017.03.09 07:25:19.698,12.05871,12.06142,0.00,0.00
2017.03.09 07:25:19.845,12.05871,12.06122,0.00,0.00
2017.03.09 07:25:20.938,12.05871,12.06131,0.00,0.00
2017.03.09 07:25:21.039,12.05871,12.06142,0.00,0.00
2017.03.09 07:25:22.137,12.05871,12.06132,0.00,0.00
2017.03.09 07:25:22.210,12.05878,12.06142,0.00,0.00
2017.03.09 07:25:22.412,12.05871,12.06142,0.00,0.00
2017.03.09 07:25:22.609,12.05888,12.06142,0.00,0.00
2017.03.09 07:25:23.130,12.05878,12.06142,0.00,0.00
2017.03.09 07:25:23.234,12.05898,12.06142,0.00,0.00
2017.03.09 07:25:23.335,12.05871,12.06141,0.00,0.00
2017.03.09 07:25:23.514,12.05899,12.06142,0.00,0.00
2017.03.09 07:25:23.821,12.05871,12.06132,0.00,0.00
2017.03.09 07:25:23.916,12.05871,12.06142,0.00,0.00
2017.03.09 07:25:24.583,12.05871,12.06141,0.00,0.00
2017.03.09 07:25:24.740,12.05871,12.06132,0.00,0.00
2017.03.09 07:25:25.245,12.05871,12.06121,0.00,0.00
2017.03.09 07:25:27.337,12.05868,12.06041,0.00,0.00
2017.03.09 07:25:27.447,12.05769,12.06041,0.00,0.00
2017.03.09 07:25:28.061,12.05798,12.06041,0.00,0.00
2017.03.09 07:25:28.163,12.05769,12.06041,0.00,0.00
2017.03.09 07:25:28.529,12.05798,12.06041,0.00,0.00
2017.03.09 07:25:28.882,12.05808,12.06041,0.00,0.00
2017.03.09 07:25:29.270,12.05769,12.06041,0.00,0.00
2017.03.09 07:25:29.331,12.05789,12.06041,0.00,0.00
2017.03.09 07:25:29.555,12.05809,12.06081,0.00,0.00
2017.03.09 07:25:29.669,12.05809,12.06052,0.00,0.00
2017.03.09 07:25:29.774,12.05809,12.06081,0.00,0.00
2017.03.09 07:25:30.102,12.05809,12.06071,0.00,0.00
2017.03.09 07:25:30.152,12.05809,12.06081,0.00,0.00
2017.03.09 07:25:30.445,12.05809,12.06062,0.00,0.00
2017.03.09 07:25:30.636,12.05809,12.06081,0.00,0.00
2017.03.09 07:25:30.751,12.05809,12.06062,0.00,0.00
2017.03.09 07:25:30.836,12.05809,12.06081,0.00,0.00
2017.03.09 07:25:30.937,12.05809,12.06052,0.00,0.00
2017.03.09 07:25:31.079,12.05809,12.06072,0.00,0.00
2017.03.09 07:25:31.303,12.05809,12.06052,0.00,0.00
2017.03.09 07:25:31.353,12.05809,12.06081,0.00,0.00
2017.03.09 07:25:31.741,12.05819,12.06081,0.00,0.00
2017.03.09 07:25:32.054,12.05909,12.06161,0.00,0.00
2017.03.09 07:25:32.104,12.05879,12.06132,0.00,0.00
2017.03.09 07:25:32.155,12.05858,12.06101,0.00,0.00
2017.03.09 07:25:32.343,12.05858,12.06132,0.00,0.00
2017.03.09 07:25:32.440,12.05858,12.06112,0.00,0.00
2017.03.09 07:25:32.942,12.05858,12.06132,0.00,0.00
2017.03.09 07:25:34.150,12.05868,12.06132,0.00,0.00
2017.03.09 07:25:34.466,12.05858,12.06132,0.00,0.00
2017.03.09 07:25:34.576,12.05908,12.06121,0.00,0.00
2017.03.09 07:25:34.676,12.05879,12.06132,0.00,0.00
2017.03.09 07:25:34.848,12.05858,12.06121,0.00,0.00
2017.03.09 07:25:34.984,12.05858,12.06132,0.00,0.00
2017.03.09 07:25:35.048,12.05858,12.06121,0.00,0.00
2017.03.09 07:25:35.428,12.05839,12.06082,0.00,0.00
2017.03.09 07:25:35.478,12.05819,12.06082,0.00,0.00
2017.03.09 07:25:35.550,12.05808,12.06081,0.00,0.00
2017.03.09 07:25:36.086,12.05828,12.06082,0.00,0.00
2017.03.09 07:25:36.954,12.05808,12.06082,0.00,0.00
2017.03.09 07:25:37.435,12.05858,12.06092,0.00,0.00
2017.03.09 07:25:37.628,12.05909,12.06181,0.00,0.00
2017.03.09 07:25:37.678,12.05909,12.06142,0.00,0.00
2017.03.09 07:25:37.858,12.05909,12.06172,0.00,0.00
2017.03.09 07:25:37.959,12.05909,12.06142,0.00,0.00
2017.03.09 07:25:38.060,12.05909,12.06172,0.00,0.00
2017.03.09 07:25:38.457,12.05888,12.06128,0.00,0.00
2017.03.09 07:25:38.635,12.05808,12.06081,0.00,0.00
2017.03.09 07:25:38.685,12.05808,12.06062,0.00,0.00
2017.03.09 07:25:38.994,12.05808,12.06082,0.00,0.00
2017.03.09 07:25:39.062,12.05808,12.06071,0.00,0.00
2017.03.09 07:25:40.811,12.05808,12.06081,0.00,0.00
2017.03.09 07:25:41.512,12.05819,12.06082,0.00,0.00
2017.03.09 07:25:42.041,12.05808,12.06062,0.00,0.00
2017.03.09 07:25:43.383,12.05779,12.06029,0.00,0.00
2017.03.09 07:25:43.636,12.05709,12.05972,0.00,0.00
2017.03.09 07:25:43.839,12.05759,12.05972,0.00,0.00
2017.03.09 07:25:43.890,12.05759,12.06001,0.00,0.00
2017.03.09 07:25:43.991,12.05808,12.06081,0.00,0.00
2017.03.09 07:25:44.180,12.05808,12.06061,0.00,0.00
2017.03.09 07:25:44.558,12.05808,12.06032,0.00,0.00
2017.03.09 07:25:44.609,12.05808,12.06082,0.00,0.00
2017.03.09 07:25:44.926,12.05808,12.06052,0.00,0.00
2017.03.09 07:25:45.078,12.05858,12.06111,0.00,0.00
2017.03.09 07:25:45.128,12.05829,12.06082,0.00,0.00
2017.03.09 07:25:45.179,12.05808,12.06082,0.00,0.00
2017.03.09 07:25:45.277,12.05808,12.06061,0.00,0.00
2017.03.09 07:25:45.391,12.05808,12.06082,0.00,0.00
2017.03.09 07:25:46.598,12.05808,12.06072,0.00,0.00
2017.03.09 07:25:46.886,12.05808,12.06082,0.00,0.00
2017.03.09 07:25:46.982,12.05808,12.06061,0.00,0.00
2017.03.09 07:25:47.372,12.05858,12.06061,0.00,0.00
2017.03.09 07:25:47.422,12.05858,12.06092,0.00,0.00
2017.03.09 07:25:47.485,12.05858,12.06072,0.00,0.00
2017.03.09 07:25:47.585,12.05858,12.06101,0.00,0.00
2017.03.09 07:25:47.886,12.05858,12.06081,0.00,0.00
2017.03.09 07:25:48.386,12.05858,12.06101,0.00,0.00
2017.03.09 07:25:49.072,12.05858,12.06082,0.00,0.00
2017.03.09 07:25:50.023,12.05858,12.06072,0.00,0.00
2017.03.09 07:25:50.507,12.05858,12.06081,0.00,0.00
2017.03.09 07:25:50.592,12.05858,12.06101,0.00,0.00
2017.03.09 07:25:50.692,12.05858,12.06061,0.00,0.00
2017.03.09 07:25:50.800,12.05858,12.06092,0.00,0.00
2017.03.09 07:25:50.937,12.05858,12.06101,0.00,0.00
2017.03.09 07:25:51.194,12.05858,12.06092,0.00,0.00
2017.03.09 07:25:51.505,12.05859,12.06072,0.00,0.00
2017.03.09 07:25:51.594,12.05859,12.06092,0.00,0.00
2017.03.09 07:25:51.695,12.05859,12.06101,0.00,0.00
2017.03.09 07:25:52.216,12.05859,12.06072,0.00,0.00
2017.03.09 07:25:52.598,12.05859,12.06092,0.00,0.00
2017.03.09 07:25:53.820,12.05859,12.06072,0.00,0.00
2017.03.09 07:25:54.202,12.05859,12.06102,0.00,0.00
2017.03.09 07:25:54.639,12.05859,12.06081,0.00,0.00
2017.03.09 07:25:55.169,12.05859,12.06082,0.00,0.00
2017.03.09 07:25:55.413,12.05859,12.06102,0.00,0.00
2017.03.09 07:25:55.505,12.05859,12.06061,0.00,0.00
2017.03.09 07:25:56.915,12.05859,12.06082,0.00,0.00
2017.03.09 07:25:57.016,12.05859,12.06062,0.00,0.00
2017.03.09 07:25:57.210,12.05859,12.06071,0.00,0.00
2017.03.09 07:25:57.320,12.05859,12.06091,0.00,0.00
2017.03.09 07:25:57.443,12.05859,12.06062,0.00,0.00
2017.03.09 07:25:58.041,12.05859,12.06092,0.00,0.00
2017.03.09 07:25:59.144,12.05859,12.06062,0.00,0.00
2017.03.09 07:25:59.260,12.05859,12.06092,0.00,0.00
2017.03.09 07:26:00.225,12.05859,12.06082,0.00,0.00
2017.03.09 07:26:00.570,12.05859,12.06062,0.00,0.00
2017.03.09 07:26:01.235,12.05859,12.06102,0.00,0.00
2017.03.09 07:26:01.319,12.05859,12.06082,0.00,0.00
2017.03.09 07:26:01.519,12.05859,12.06102,0.00,0.00
2017.03.09 07:26:01.942,12.05859,12.06061,0.00,0.00
2017.03.09 07:26:02.020,12.05859,12.06082,0.00,0.00
2017.03.09 07:26:02.124,12.05859,12.06062,0.00,0.00
2017.03.09 07:26:02.251,12.05859,12.06071,0.00,0.00
2017.03.09 07:26:02.321,12.05859,12.06102,0.00,0.00
2017.03.09 07:26:02.822,12.05859,12.06112,0.00,0.00
2017.03.09 07:26:04.124,12.05859,12.06101,0.00,0.00
2017.03.09 07:26:05.739,12.05808,12.06101,0.00,0.00
2017.03.09 07:26:05.840,12.05768,12.06062,0.00,0.00
2017.03.09 07:26:05.940,12.05758,12.06002,0.00,0.00
2017.03.09 07:26:06.259,12.05808,12.06032,0.00,0.00
2017.03.09 07:26:06.562,12.05858,12.06052,0.00,0.00
2017.03.09 07:26:06.663,12.05858,12.06072,0.00,0.00
2017.03.09 07:26:06.729,12.05858,12.06052,0.00,0.00
2017.03.09 07:26:06.856,12.05858,12.06062,0.00,0.00
2017.03.09 07:26:06.957,12.05858,12.06041,0.00,0.00
2017.03.09 07:26:07.080,12.05858,12.06072,0.00,0.00
2017.03.09 07:26:07.131,12.05858,12.06082,0.00,0.00
2017.03.09 07:26:07.235,12.05858,12.06092,0.00,0.00
2017.03.09 07:26:07.335,12.05858,12.06051,0.00,0.00
2017.03.09 07:26:07.872,12.05858,12.06041,0.00,0.00
2017.03.09 07:26:07.973,12.05858,12.06072,0.00,0.00
2017.03.09 07:26:08.261,12.05858,12.06082,0.00,0.00
2017.03.09 07:26:08.333,12.05858,12.06041,0.00,0.00
2017.03.09 07:26:08.437,12.05858,12.06092,0.00,0.00
2017.03.09 07:26:08.745,12.05858,12.06051,0.00,0.00
2017.03.09 07:26:08.967,12.05858,12.06072,0.00,0.00
2017.03.09 07:26:09.068,12.05858,12.06091,0.00,0.00
2017.03.09 07:26:10.058,12.05858,12.06072,0.00,0.00
2017.03.09 07:26:10.623,12.05858,12.06051,0.00,0.00
2017.03.09 07:26:12.348,12.05858,12.06092,0.00,0.00
2017.03.09 07:26:12.449,12.05858,12.06052,0.00,0.00
2017.03.09 07:26:13.144,12.05858,12.06082,0.00,0.00
2017.03.09 07:26:13.451,12.05858,12.06072,0.00,0.00
2017.03.09 07:26:13.775,12.05858,12.06092,0.00,0.00
2017.03.09 07:26:14.246,12.05858,12.06062,0.00,0.00
2017.03.09 07:26:15.056,12.05858,12.06082,0.00,0.00
2017.03.09 07:26:15.178,12.05858,12.06051,0.00,0.00
2017.03.09 07:26:15.248,12.05858,12.06072,0.00,0.00
2017.03.09 07:26:15.755,12.05858,12.06091,0.00,0.00
2017.03.09 07:26:15.850,12.05858,12.06112,0.00,0.00
2017.03.09 07:26:16.058,12.05858,12.06072,0.00,0.00
2017.03.09 07:26:16.783,12.05858,12.06102,0.00,0.00
2017.03.09 07:26:17.152,12.05858,12.06092,0.00,0.00
2017.03.09 07:26:18.187,12.05858,12.06112,0.00,0.00
2017.03.09 07:26:18.623,12.05949,12.06112,0.00,0.00
2017.03.09 07:26:18.674,12.05949,12.06141,0.00,0.00
2017.03.09 07:26:18.775,12.05949,12.06198,0.00,0.00
2017.03.09 07:26:19.065,12.05949,12.06161,0.00,0.00
2017.03.09 07:26:19.157,12.05949,12.06198,0.00,0.00
2017.03.09 07:26:19.601,12.05949,12.06171,0.00,0.00
2017.03.09 07:26:19.865,12.05948,12.06252,0.00,0.00
2017.03.09 07:26:19.915,12.05951,12.06252,0.00,0.00
2017.03.09 07:26:20.299,12.06048,12.06279,0.00,0.00
2017.03.09 07:26:20.400,12.05999,12.06259,0.00,0.00
2017.03.09 07:26:20.500,12.05999,12.06222,0.00,0.00
2017.03.09 07:26:20.551,12.05948,12.06222,0.00,0.00
2017.03.09 07:26:20.705,12.05948,12.06191,0.00,0.00
2017.03.09 07:26:20.825,12.05948,12.06221,0.00,0.00
2017.03.09 07:26:20.876,12.05948,12.06181,0.00,0.00
2017.03.09 07:26:20.985,12.05948,12.06212,0.00,0.00
2017.03.09 07:26:21.086,12.05948,12.06181,0.00,0.00
2017.03.09 07:26:21.262,12.05948,12.06211,0.00,0.00
2017.03.09 07:26:21.374,12.05948,12.06182,0.00,0.00
2017.03.09 07:26:22.001,12.05948,12.06171,0.00,0.00
2017.03.09 07:26:22.351,12.05948,12.06162,0.00,0.00
2017.03.09 07:26:22.514,12.05948,12.06191,0.00,0.00
2017.03.09 07:26:22.565,12.05948,12.06161,0.00,0.00
2017.03.09 07:26:22.801,12.05948,12.06171,0.00,0.00
2017.03.09 07:26:23.889,12.05948,12.06192,0.00,0.00
2017.03.09 07:26:24.030,12.05998,12.06192,0.00,0.00
2017.03.09 07:26:24.080,12.05998,12.06202,0.00,0.00
2017.03.09 07:26:24.185,12.06048,12.06271,0.00,0.00
2017.03.09 07:26:24.268,12.06048,12.06302,0.00,0.00
2017.03.09 07:26:24.568,12.06048,12.06281,0.00,0.00
2017.03.09 07:26:24.794,12.05998,12.06258,0.00,0.00
2017.03.09 07:26:24.895,12.05989,12.06242,0.00,0.00
2017.03.09 07:26:25.226,12.05948,12.06201,0.00,0.00
2017.03.09 07:26:25.277,12.05948,12.06211,0.00,0.00
2017.03.09 07:26:25.474,12.05948,12.06181,0.00,0.00
2017.03.09 07:26:25.580,12.05948,12.06211,0.00,0.00
2017.03.09 07:26:25.700,12.05948,12.06181,0.00,0.00
2017.03.09 07:26:26.048,12.05998,12.06212,0.00,0.00
2017.03.09 07:26:26.098,12.05999,12.06282,0.00,0.00
2017.03.09 07:26:26.199,12.05999,12.06272,0.00,0.00
2017.03.09 07:26:26.573,12.06049,12.06272,0.00,0.00
2017.03.09 07:26:27.302,12.06049,12.06271,0.00,0.00
2017.03.09 07:26:28.091,12.06049,12.06302,0.00,0.00
2017.03.09 07:26:28.477,12.06049,12.06292,0.00,0.00
2017.03.09 07:26:30.789,12.06049,12.06312,0.00,0.00
2017.03.09 07:26:31.329,12.06049,12.06292,0.00,0.00
2017.03.09 07:26:31.583,12.06049,12.06312,0.00,0.00
2017.03.09 07:26:32.492,12.06148,12.06282,0.00,0.00
2017.03.09 07:26:32.598,12.06148,12.06372,0.00,0.00
2017.03.09 07:26:32.703,12.06148,12.06392,0.00,0.00
2017.03.09 07:26:32.826,12.06108,12.06382,0.00,0.00
2017.03.09 07:26:33.112,12.06058,12.06332,0.00,0.00
2017.03.09 07:26:33.557,12.06008,12.06272,0.00,0.00
2017.03.09 07:26:33.687,12.06008,12.06282,0.00,0.00
2017.03.09 07:26:33.787,12.06008,12.06272,0.00,0.00
2017.03.09 07:26:34.088,12.06008,12.06261,0.00,0.00
2017.03.09 07:26:34.291,12.06008,12.06282,0.00,0.00
2017.03.09 07:26:34.388,12.06008,12.06262,0.00,0.00
2017.03.09 07:26:34.789,12.06008,12.06282,0.00,0.00
2017.03.09 07:26:34.889,12.06008,12.06272,0.00,0.00
2017.03.09 07:26:35.189,12.06008,12.06282,0.00,0.00
2017.03.09 07:26:35.793,12.06008,12.06251,0.00,0.00
2017.03.09 07:26:35.939,12.06008,12.06281,0.00,0.00
2017.03.09 07:26:36.796,12.06008,12.06271,0.00,0.00
2017.03.09 07:26:37.020,12.06008,12.06282,0.00,0.00
2017.03.09 07:26:37.126,12.06008,12.06252,0.00,0.00
2017.03.09 07:26:37.496,12.06008,12.06262,0.00,0.00
2017.03.09 07:26:38.510,12.06008,12.06282,0.00,0.00
2017.03.09 07:26:38.713,12.06008,12.06271,0.00,0.00
2017.03.09 07:26:39.331,12.06008,12.06272,0.00,0.00
2017.03.09 07:26:39.506,12.06008,12.06282,0.00,0.00
2017.03.09 07:26:39.606,12.06008,12.06261,0.00,0.00
2017.03.09 07:26:39.979,12.06008,12.06282,0.00,0.00
2017.03.09 07:26:40.502,12.06008,12.06272,0.00,0.00
2017.03.09 07:26:41.314,12.06008,12.06282,0.00,0.00
2017.03.09 07:26:41.443,12.06008,12.06272,0.00,0.00
2017.03.09 07:26:41.831,12.06008,12.06262,0.00,0.00
2017.03.09 07:26:43.206,12.06008,12.06252,0.00,0.00
2017.03.09 07:26:43.315,12.06008,12.06271,0.00,0.00
2017.03.09 07:26:43.426,12.06008,12.06242,0.00,0.00
2017.03.09 07:26:43.477,12.05958,12.06232,0.00,0.00
2017.03.09 07:26:43.750,12.05959,12.06192,0.00,0.00
2017.03.09 07:26:43.801,12.05909,12.06181,0.00,0.00
2017.03.09 07:26:44.050,12.05918,12.06181,0.00,0.00
2017.03.09 07:26:44.108,12.05909,12.06181,0.00,0.00
2017.03.09 07:26:44.323,12.05918,12.06181,0.00,0.00
2017.03.09 07:26:44.650,12.05909,12.06181,0.00,0.00
2017.03.09 07:26:44.710,12.05909,12.06171,0.00,0.00
2017.03.09 07:26:45.061,12.05909,12.06162,0.00,0.00
2017.03.09 07:26:47.130,12.05909,12.06181,0.00,0.00
2017.03.09 07:26:47.237,12.05909,12.06161,0.00,0.00
2017.03.09 07:26:47.455,12.05909,12.06181,0.00,0.00
2017.03.09 07:26:48.565,12.05959,12.06222,0.00,0.00
2017.03.09 07:26:48.666,12.05959,12.06231,0.00,0.00
2017.03.09 07:26:48.920,12.05959,12.06222,0.00,0.00
2017.03.09 07:26:49.241,12.06009,12.06262,0.00,0.00
2017.03.09 07:26:49.321,12.06009,12.06281,0.00,0.00
2017.03.09 07:26:49.372,12.05968,12.06231,0.00,0.00
2017.03.09 07:26:49.799,12.05909,12.06161,0.00,0.00
2017.03.09 07:26:49.950,12.05959,12.06212,0.00,0.00
2017.03.09 07:26:50.001,12.05908,12.06182,0.00,0.00
2017.03.09 07:26:50.660,12.05908,12.06181,0.00,0.00
2017.03.09 07:26:50.926,12.05908,12.06172,0.00,0.00
2017.03.09 07:26:51.326,12.05908,12.06182,0.00,0.00
2017.03.09 07:26:51.648,12.06008,12.06182,0.00,0.00
2017.03.09 07:26:51.749,12.06008,12.06221,0.00,0.00
2017.03.09 07:26:51.870,12.06008,12.06282,0.00,0.00
2017.03.09 07:26:51.971,12.06008,12.06252,0.00,0.00
2017.03.09 07:26:52.029,12.06008,12.06282,0.00,0.00
2017.03.09 07:26:53.391,12.06109,12.06292,0.00,0.00
2017.03.09 07:26:53.442,12.06109,12.06302,0.00,0.00
2017.03.09 07:26:53.493,12.06009,12.06281,0.00,0.00
2017.03.09 07:26:53.732,12.06009,12.06272,0.00,0.00
2017.03.09 07:26:54.449,12.06009,12.06281,0.00,0.00
2017.03.09 07:26:54.983,12.06009,12.06271,0.00,0.00
2017.03.09 07:26:55.179,12.06009,12.06281,0.00,0.00
2017.03.09 07:26:55.236,12.06009,12.06271,0.00,0.00
2017.03.09 07:26:55.336,12.06009,12.06281,0.00,0.00
2017.03.09 07:26:58.066,12.06009,12.06272,0.00,0.00
2017.03.09 07:26:58.368,12.06009,12.06251,0.00,0.00
2017.03.09 07:26:58.748,12.05959,12.06231,0.00,0.00
2017.03.09 07:26:58.848,12.05909,12.06181,0.00,0.00
2017.03.09 07:26:58.999,12.05958,12.06232,0.00,0.00
2017.03.09 07:26:59.151,12.06008,12.06282,0.00,0.00
2017.03.09 07:26:59.521,12.06008,12.06261,0.00,0.00
2017.03.09 07:27:00.352,12.06008,12.06281,0.00,0.00
2017.03.09 07:27:00.402,12.06108,12.06281,0.00,0.00
2017.03.09 07:27:00.453,12.06108,12.06312,0.00,0.00
2017.03.09 07:27:00.553,12.06108,12.06372,0.00,0.00
2017.03.09 07:27:00.654,12.06108,12.06351,0.00,0.00
2017.03.09 07:27:00.762,12.06108,12.06382,0.00,0.00
2017.03.09 07:27:00.977,12.06108,12.06371,0.00,0.00
2017.03.09 07:27:01.295,12.06108,12.06352,0.00,0.00
2017.03.09 07:27:02.156,12.06108,12.06361,0.00,0.00
2017.03.09 07:27:02.261,12.06108,12.06342,0.00,0.00
2017.03.09 07:27:02.529,12.06058,12.06332,0.00,0.00
2017.03.09 07:27:02.580,12.06058,12.06301,0.00,0.00
2017.03.09 07:27:02.680,12.06008,12.06282,0.00,0.00
2017.03.09 07:27:02.873,12.06008,12.06272,0.00,0.00
2017.03.09 07:27:02.983,12.06008,12.06282,0.00,0.00
2017.03.09 07:27:03.084,12.06008,12.06262,0.00,0.00
2017.03.09 07:27:03.384,12.06008,12.06282,0.00,0.00
2017.03.09 07:27:03.459,12.06008,12.06251,0.00,0.00
2017.03.09 07:27:03.571,12.06008,12.06282,0.00,0.00
2017.03.09 07:27:03.864,12.06008,12.06272,0.00,0.00
2017.03.09 07:27:04.201,12.06008,12.06262,0.00,0.00
2017.03.09 07:27:04.302,12.06008,12.06282,0.00,0.00
2017.03.09 07:27:04.602,12.06008,12.06261,0.00,0.00
2017.03.09 07:27:04.662,12.06008,12.06282,0.00,0.00
2017.03.09 07:27:04.762,12.06008,12.06271,0.00,0.00
2017.03.09 07:27:04.978,12.06008,12.06282,0.00,0.00
2017.03.09 07:27:05.409,12.06008,12.06262,0.00,0.00
2017.03.09 07:27:05.564,12.06008,12.06282,0.00,0.00
2017.03.09 07:27:05.764,12.06008,12.06262,0.00,0.00
2017.03.09 07:27:06.180,12.06008,12.06272,0.00,0.00
2017.03.09 07:27:06.282,12.06008,12.06282,0.00,0.00
2017.03.09 07:27:06.686,12.06008,12.06262,0.00,0.00
2017.03.09 07:27:07.009,12.06008,12.06281,0.00,0.00
2017.03.09 07:27:07.778,12.06008,12.06282,0.00,0.00
2017.03.09 07:27:07.868,12.06008,12.06261,0.00,0.00
2017.03.09 07:27:09.574,12.06008,12.06272,0.00,0.00
2017.03.09 07:27:09.772,12.06008,12.06252,0.00,0.00
2017.03.09 07:27:10.216,12.06008,12.06282,0.00,0.00
2017.03.09 07:27:14.585,12.06008,12.06272,0.00,0.00
2017.03.09 07:27:15.011,12.06008,12.06282,0.00,0.00
2017.03.09 07:27:15.083,12.06008,12.06272,0.00,0.00
2017.03.09 07:27:15.536,12.05979,12.06251,0.00,0.00
2017.03.09 07:27:15.637,12.05961,12.06231,0.00,0.00
2017.03.09 07:27:16.787,12.05968,12.06231,0.00,0.00
2017.03.09 07:27:17.397,12.05988,12.06231,0.00,0.00
2017.03.09 07:27:17.505,12.05961,12.06231,0.00,0.00
2017.03.09 07:27:19.191,12.05968,12.06231,0.00,0.00
2017.03.09 07:27:19.392,12.05961,12.06231,0.00,0.00
2017.03.09 07:27:19.865,12.05942,12.06231,0.00,0.00
2017.03.09 07:27:20.255,12.05958,12.06231,0.00,0.00
2017.03.09 07:27:20.561,12.05928,12.06181,0.00,0.00
2017.03.09 07:27:20.611,12.05861,12.06132,0.00,0.00
2017.03.09 07:27:21.196,12.05878,12.06132,0.00,0.00
2017.03.09 07:27:21.536,12.05869,12.06132,0.00,0.00
2017.03.09 07:27:21.596,12.05861,12.06132,0.00,0.00
2017.03.09 07:27:22.319,12.05869,12.06132,0.00,0.00
2017.03.09 07:27:22.427,12.05861,12.06132,0.00,0.00
2017.03.09 07:27:22.734,12.05868,12.06132,0.00,0.00
2017.03.09 07:27:22.798,12.05861,12.06132,0.00,0.00
2017.03.09 07:27:23.034,12.05878,12.06132,0.00,0.00
2017.03.09 07:27:23.099,12.05861,12.06132,0.00,0.00
2017.03.09 07:27:23.212,12.05889,12.06132,0.00,0.00
2017.03.09 07:27:24.122,12.05879,12.06132,0.00,0.00
2017.03.09 07:27:24.494,12.05861,12.06132,0.00,0.00
2017.03.09 07:27:24.803,12.05869,12.06132,0.00,0.00
2017.03.09 07:27:25.103,12.05861,12.06132,0.00,0.00
2017.03.09 07:27:25.206,12.05888,12.06132,0.00,0.00
2017.03.09 07:27:25.304,12.05848,12.06132,0.00,0.00
2017.03.09 07:27:25.538,12.05878,12.06132,0.00,0.00
2017.03.09 07:27:26.639,12.05838,12.06132,0.00,0.00
2017.03.09 07:27:26.740,12.05888,12.06132,0.00,0.00
2017.03.09 07:27:28.910,12.05831,12.06132,0.00,0.00
2017.03.09 07:27:29.023,12.05869,12.06132,0.00,0.00
2017.03.09 07:27:31.260,12.05878,12.06132,0.00,0.00
2017.03.09 07:27:31.360,12.05848,12.06132,0.00,0.00
2017.03.09 07:27:31.413,12.05831,12.06132,0.00,0.00
2017.03.09 07:27:31.948,12.05879,12.06132,0.00,0.00
2017.03.09 07:27:32.015,12.05858,12.06132,0.00,0.00
2017.03.09 07:27:32.516,12.05838,12.06132,0.00,0.00
2017.03.09 07:27:32.654,12.05858,12.06132,0.00,0.00
2017.03.09 07:27:34.246,12.05831,12.06132,0.00,0.00
2017.03.09 07:27:34.346,12.05878,12.06132,0.00,0.00
2017.03.09 07:27:34.633,12.05868,12.06132,0.00,0.00
2017.03.09 07:27:34.720,12.05858,12.06132,0.00,0.00
2017.03.09 07:27:35.021,12.05868,12.06132,0.00,0.00
2017.03.09 07:27:36.122,12.05859,12.06132,0.00,0.00
2017.03.09 07:27:37.435,12.05889,12.06132,0.00,0.00
2017.03.09 07:27:37.729,12.05838,12.06132,0.00,0.00
2017.03.09 07:27:37.866,12.05859,12.06132,0.00,0.00
2017.03.09 07:27:38.178,12.05878,12.06132,0.00,0.00
2017.03.09 07:27:38.544,12.05909,12.06132,0.00,0.00
2017.03.09 07:27:39.134,12.05869,12.06132,0.00,0.00
2017.03.09 07:27:39.254,12.05848,12.06132,0.00,0.00
2017.03.09 07:27:39.529,12.05868,12.06132,0.00,0.00
2017.03.09 07:27:39.729,12.05859,12.06132,0.00,0.00
2017.03.09 07:27:40.130,12.05848,12.06132,0.00,0.00
2017.03.09 07:27:40.230,12.05888,12.06132,0.00,0.00
2017.03.09 07:27:40.673,12.05868,12.06132,0.00,0.00
2017.03.09 07:27:40.731,12.05859,12.06132,0.00,0.00
2017.03.09 07:27:40.968,12.05878,12.06132,0.00,0.00
2017.03.09 07:27:41.072,12.05868,12.06132,0.00,0.00
2017.03.09 07:27:41.249,12.05849,12.06132,0.00,0.00
2017.03.09 07:27:41.961,12.05889,12.06132,0.00,0.00
2017.03.09 07:27:42.333,12.05879,12.06132,0.00,0.00
2017.03.09 07:27:44.075,12.05858,12.06132,0.00,0.00
2017.03.09 07:27:44.185,12.05849,12.06132,0.00,0.00
2017.03.09 07:27:44.461,12.05868,12.06132,0.00,0.00
2017.03.09 07:27:44.537,12.05839,12.06132,0.00,0.00
2017.03.09 07:27:45.840,12.05859,12.06132,0.00,0.00
2017.03.09 07:27:45.940,12.05839,12.06132,0.00,0.00
2017.03.09 07:27:46.142,12.05828,12.06082,0.00,0.00
2017.03.09 07:27:46.243,12.05768,12.06031,0.00,0.00
2017.03.09 07:27:46.447,12.05809,12.06031,0.00,0.00
2017.03.09 07:27:46.641,12.05749,12.06031,0.00,0.00
2017.03.09 07:27:46.742,12.05768,12.06031,0.00,0.00
2017.03.09 07:27:47.077,12.05799,12.06031,0.00,0.00
2017.03.09 07:27:47.184,12.05768,12.06031,0.00,0.00
2017.03.09 07:27:47.285,12.05809,12.06031,0.00,0.00
2017.03.09 07:27:47.963,12.05789,12.06031,0.00,0.00
2017.03.09 07:27:49.579,12.05758,12.06031,0.00,0.00
2017.03.09 07:27:50.448,12.05778,12.06031,0.00,0.00
2017.03.09 07:27:52.952,12.05769,12.06031,0.00,0.00
2017.03.09 07:27:54.454,12.05778,12.06031,0.00,0.00
2017.03.09 07:27:54.555,12.05759,12.06031,0.00,0.00
2017.03.09 07:27:54.670,12.05741,12.06031,0.00,0.00
2017.03.09 07:27:55.681,12.05758,12.05982,0.00,0.00
2017.03.09 07:27:55.802,12.05688,12.05932,0.00,0.00
2017.03.09 07:27:55.857,12.05678,12.05932,0.00,0.00
2017.03.09 07:27:56.459,12.05689,12.05932,0.00,0.00
2017.03.09 07:27:56.661,12.05668,12.05932,0.00,0.00
2017.03.09 07:27:56.759,12.05658,12.05932,0.00,0.00
2017.03.09 07:27:56.959,12.05669,12.05932,0.00,0.00
2017.03.09 07:27:57.060,12.05658,12.05932,0.00,0.00
2017.03.09 07:27:57.561,12.05698,12.05932,0.00,0.00
2017.03.09 07:27:57.980,12.05709,12.05932,0.00,0.00
2017.03.09 07:27:58.164,12.05689,12.05932,0.00,0.00
2017.03.09 07:27:58.491,12.05651,12.05932,0.00,0.00
2017.03.09 07:27:58.592,12.05668,12.05932,0.00,0.00
2017.03.09 07:27:59.013,12.05678,12.05932,0.00,0.00
2017.03.09 07:27:59.064,12.05659,12.05932,0.00,0.00
2017.03.09 07:27:59.212,12.05651,12.05932,0.00,0.00
2017.03.09 07:27:59.345,12.05658,12.05932,0.00,0.00
2017.03.09 07:27:59.778,12.05678,12.05932,0.00,0.00
2017.03.09 07:27:59.879,12.05659,12.05932,0.00,0.00
2017.03.09 07:28:00.110,12.05689,12.05932,0.00,0.00
2017.03.09 07:28:00.211,12.05668,12.05932,0.00,0.00
2017.03.09 07:28:00.267,12.05688,12.05932,0.00,0.00
2017.03.09 07:28:00.367,12.05651,12.05932,0.00,0.00
2017.03.09 07:28:00.572,12.05678,12.05932,0.00,0.00
2017.03.09 07:28:01.502,12.05688,12.05932,0.00,0.00
2017.03.09 07:28:01.788,12.05668,12.05932,0.00,0.00
2017.03.09 07:28:01.890,12.05651,12.05932,0.00,0.00
2017.03.09 07:28:01.971,12.05658,12.05932,0.00,0.00
2017.03.09 07:28:03.073,12.05669,12.05932,0.00,0.00
2017.03.09 07:28:03.484,12.05679,12.05932,0.00,0.00
2017.03.09 07:28:03.696,12.05762,12.06032,0.00,0.00
2017.03.09 07:28:03.807,12.05788,12.06032,0.00,0.00
2017.03.09 07:28:04.149,12.05799,12.06032,0.00,0.00
2017.03.09 07:28:04.376,12.05832,12.06081,0.00,0.00
2017.03.09 07:28:04.476,12.05832,12.06072,0.00,0.00
2017.03.09 07:28:04.577,12.05858,12.06131,0.00,0.00
2017.03.09 07:28:05.139,12.05859,12.06132,0.00,0.00
2017.03.09 07:28:05.518,12.05848,12.06132,0.00,0.00
2017.03.09 07:28:05.578,12.05868,12.06132,0.00,0.00
2017.03.09 07:28:05.678,12.05832,12.06132,0.00,0.00
2017.03.09 07:28:06.780,12.05849,12.06132,0.00,0.00
2017.03.09 07:28:07.095,12.05869,12.06132,0.00,0.00
2017.03.09 07:28:07.382,12.05848,12.06132,0.00,0.00
2017.03.09 07:28:07.698,12.05868,12.06132,0.00,0.00
2017.03.09 07:28:08.183,12.05832,12.06132,0.00,0.00
2017.03.09 07:28:08.306,12.05838,12.06132,0.00,0.00
2017.03.09 07:28:08.383,12.05832,12.06132,0.00,0.00
2017.03.09 07:28:08.490,12.05848,12.06132,0.00,0.00
2017.03.09 07:28:10.286,12.05838,12.06132,0.00,0.00
2017.03.09 07:28:10.812,12.05848,12.06132,0.00,0.00
2017.03.09 07:28:11.190,12.05839,12.06132,0.00,0.00
2017.03.09 07:28:11.289,12.05879,12.06132,0.00,0.00
2017.03.09 07:28:11.394,12.05868,12.06132,0.00,0.00
2017.03.09 07:28:11.620,12.05838,12.06132,0.00,0.00
2017.03.09 07:28:11.799,12.05868,12.06132,0.00,0.00
2017.03.09 07:28:11.890,12.05848,12.06132,0.00,0.00
2017.03.09 07:28:12.286,12.05848,12.06081,0.00,0.00
2017.03.09 07:28:12.526,12.05831,12.06111,0.00,0.00
2017.03.09 07:28:12.591,12.05831,12.06072,0.00,0.00
2017.03.09 07:28:12.692,12.05848,12.06131,0.00,0.00
2017.03.09 07:28:12.807,12.05868,12.06131,0.00,0.00
2017.03.09 07:28:12.942,12.05859,12.06131,0.00,0.00
2017.03.09 07:28:13.493,12.05848,12.06131,0.00,0.00
2017.03.09 07:28:13.810,12.05858,12.06131,0.00,0.00
2017.03.09 07:28:13.894,12.05831,12.06131,0.00,0.00
2017.03.09 07:28:14.195,12.05848,12.06131,0.00,0.00
2017.03.09 07:28:14.502,12.05858,12.06131,0.00,0.00
2017.03.09 07:28:14.795,12.05831,12.06131,0.00,0.00
2017.03.09 07:28:14.896,12.05858,12.06131,0.00,0.00
2017.03.09 07:28:15.712,12.05839,12.06131,0.00,0.00
2017.03.09 07:28:15.763,12.05839,12.06081,0.00,0.00
2017.03.09 07:28:15.997,12.05758,12.06032,0.00,0.00
2017.03.09 07:28:16.107,12.05751,12.06032,0.00,0.00
2017.03.09 07:28:16.158,12.05741,12.06032,0.00,0.00
2017.03.09 07:28:16.208,12.05748,12.06032,0.00,0.00
2017.03.09 07:28:17.140,12.05751,12.06032,0.00,0.00
2017.03.09 07:28:17.442,12.05839,12.06132,0.00,0.00
2017.03.09 07:28:17.543,12.05858,12.06132,0.00,0.00
2017.03.09 07:28:17.861,12.05921,12.06181,0.00,0.00
2017.03.09 07:28:18.039,12.05959,12.06232,0.00,0.00
2017.03.09 07:28:18.249,12.05928,12.06232,0.00,0.00
2017.03.09 07:28:18.302,12.05948,12.06232,0.00,0.00
2017.03.09 07:28:18.612,12.05852,12.06131,0.00,0.00
2017.03.09 07:28:18.747,12.05848,12.06131,0.00,0.00
2017.03.09 07:28:19.029,12.05842,12.06131,0.00,0.00
2017.03.09 07:28:19.304,12.05859,12.06131,0.00,0.00
2017.03.09 07:28:19.407,12.05849,12.06131,0.00,0.00
2017.03.09 07:28:20.276,12.05928,12.06161,0.00,0.00
2017.03.09 07:28:20.327,12.05928,12.06192,0.00,0.00
2017.03.09 07:28:20.428,12.05888,12.06132,0.00,0.00
2017.03.09 07:28:20.534,12.05928,12.06181,0.00,0.00
2017.03.09 07:28:20.649,12.05928,12.06132,0.00,0.00
2017.03.09 07:28:20.750,12.05899,12.06132,0.00,0.00
2017.03.09 07:28:20.807,12.05852,12.06132,0.00,0.00
2017.03.09 07:28:20.931,12.05849,12.06132,0.00,0.00
2017.03.09 07:28:21.149,12.05868,12.06132,0.00,0.00
2017.03.09 07:28:21.501,12.05888,12.06132,0.00,0.00
2017.03.09 07:28:22.050,12.05869,12.06132,0.00,0.00
2017.03.09 07:28:23.415,12.05858,12.06132,0.00,0.00
2017.03.09 07:28:23.510,12.05879,12.06132,0.00,0.00
2017.03.09 07:28:23.610,12.05869,12.06132,0.00,0.00
2017.03.09 07:28:23.930,12.05841,12.06132,0.00,0.00
2017.03.09 07:28:24.033,12.05879,12.06132,0.00,0.00
2017.03.09 07:28:25.113,12.05888,12.06132,0.00,0.00
2017.03.09 07:28:25.222,12.05848,12.06132,0.00,0.00
2017.03.09 07:28:25.414,12.05868,12.06132,0.00,0.00
2017.03.09 07:28:25.742,12.05841,12.06132,0.00,0.00
2017.03.09 07:28:26.049,12.05858,12.06132,0.00,0.00
2017.03.09 07:28:26.116,12.05841,12.06132,0.00,0.00
2017.03.09 07:28:26.416,12.05878,12.06132,0.00,0.00
2017.03.09 07:28:26.817,12.05848,12.06132,0.00,0.00
2017.03.09 07:28:26.938,12.05899,12.06132,0.00,0.00
2017.03.09 07:28:27.421,12.05858,12.06132,0.00,0.00
2017.03.09 07:28:27.518,12.05841,12.06132,0.00,0.00
2017.03.09 07:28:27.857,12.05828,12.06081,0.00,0.00
2017.03.09 07:28:28.132,12.05748,12.06031,0.00,0.00
2017.03.09 07:28:28.252,12.05768,12.06031,0.00,0.00
2017.03.09 07:28:28.353,12.05758,12.06031,0.00,0.00
2017.03.09 07:28:28.522,12.05799,12.06031,0.00,0.00
2017.03.09 07:28:28.761,12.05759,12.06031,0.00,0.00
2017.03.09 07:28:29.049,12.05788,12.06031,0.00,0.00
2017.03.09 07:28:29.753,12.05769,12.06031,0.00,0.00
2017.03.09 07:28:29.824,12.05788,12.06031,0.00,0.00
2017.03.09 07:28:30.124,12.05778,12.06031,0.00,0.00
2017.03.09 07:28:30.228,12.05799,12.06031,0.00,0.00
2017.03.09 07:28:30.386,12.05788,12.06031,0.00,0.00
2017.03.09 07:28:30.437,12.05798,12.06031,0.00,0.00
2017.03.09 07:28:30.825,12.05779,12.06031,0.00,0.00
2017.03.09 07:28:30.967,12.05799,12.06031,0.00,0.00
2017.03.09 07:28:31.130,12.05758,12.06032,0.00,0.00
2017.03.09 07:28:31.327,12.05749,12.06032,0.00,0.00
2017.03.09 07:28:32.164,12.05778,12.06032,0.00,0.00
2017.03.09 07:28:32.229,12.05748,12.06032,0.00,0.00
2017.03.09 07:28:32.367,12.05789,12.06032,0.00,0.00
2017.03.09 07:28:33.351,12.05759,12.06032,0.00,0.00
2017.03.09 07:28:33.431,12.05788,12.06032,0.00,0.00
2017.03.09 07:28:33.724,12.05768,12.06032,0.00,0.00
2017.03.09 07:28:33.938,12.05788,12.06032,0.00,0.00
2017.03.09 07:28:34.332,12.05759,12.06032,0.00,0.00
2017.03.09 07:28:35.074,12.05789,12.06032,0.00,0.00
2017.03.09 07:28:35.767,12.05759,12.06032,0.00,0.00
2017.03.09 07:28:36.036,12.05798,12.06032,0.00,0.00
2017.03.09 07:28:36.466,12.05798,12.06082,0.00,0.00
2017.03.09 07:28:36.578,12.05768,12.06031,0.00,0.00
2017.03.09 07:28:36.637,12.05759,12.06031,0.00,0.00
2017.03.09 07:28:36.965,12.05768,12.06031,0.00,0.00
2017.03.09 07:28:37.037,12.05749,12.06031,0.00,0.00
2017.03.09 07:28:37.152,12.05769,12.06031,0.00,0.00
2017.03.09 07:28:39.651,12.05788,12.06031,0.00,0.00
2017.03.09 07:28:39.742,12.05768,12.06031,0.00,0.00
2017.03.09 07:28:40.043,12.05749,12.06031,0.00,0.00
2017.03.09 07:28:40.381,12.05779,12.06031,0.00,0.00
2017.03.09 07:28:40.543,12.05759,12.06031,0.00,0.00
2017.03.09 07:28:40.849,12.05749,12.06031,0.00,0.00
2017.03.09 07:28:40.991,12.05778,12.06031,0.00,0.00
2017.03.09 07:28:41.044,12.05749,12.06031,0.00,0.00
2017.03.09 07:28:42.257,12.05768,12.06031,0.00,0.00
2017.03.09 07:28:42.381,12.05749,12.06031,0.00,0.00
2017.03.09 07:28:42.647,12.05779,12.06031,0.00,0.00
2017.03.09 07:28:43.248,12.05758,12.06031,0.00,0.00
2017.03.09 07:28:43.349,12.05749,12.06031,0.00,0.00
2017.03.09 07:28:43.549,12.05779,12.06031,0.00,0.00
2017.03.09 07:28:44.185,12.05769,12.06031,0.00,0.00
2017.03.09 07:28:45.398,12.05749,12.06031,0.00,0.00
2017.03.09 07:28:45.499,12.05769,12.06031,0.00,0.00
2017.03.09 07:28:45.998,12.05788,12.06031,0.00,0.00
2017.03.09 07:28:46.322,12.05799,12.06031,0.00,0.00
2017.03.09 07:28:46.373,12.05758,12.06031,0.00,0.00
2017.03.09 07:28:46.555,12.05769,12.06031,0.00,0.00
2017.03.09 07:28:46.675,12.05749,12.06031,0.00,0.00
2017.03.09 07:28:46.756,12.05789,12.06031,0.00,0.00
2017.03.09 07:28:46.876,12.05769,12.06031,0.00,0.00
2017.03.09 07:28:46.956,12.05758,12.06031,0.00,0.00
2017.03.09 07:28:47.057,12.05799,12.06031,0.00,0.00
2017.03.09 07:28:47.157,12.05778,12.06031,0.00,0.00
2017.03.09 07:28:49.490,12.05749,12.06031,0.00,0.00
2017.03.09 07:28:49.598,12.05758,12.06031,0.00,0.00
2017.03.09 07:28:50.064,12.05821,12.06082,0.00,0.00
2017.03.09 07:28:50.115,12.05799,12.06082,0.00,0.00
2017.03.09 07:28:50.165,12.05809,12.06082,0.00,0.00
2017.03.09 07:28:50.367,12.05758,12.06032,0.00,0.00
2017.03.09 07:28:50.688,12.05778,12.06032,0.00,0.00
2017.03.09 07:28:50.795,12.05768,12.06032,0.00,0.00
2017.03.09 07:28:50.863,12.05748,12.06032,0.00,0.00
2017.03.09 07:28:53.108,12.05789,12.06032,0.00,0.00
2017.03.09 07:28:53.998,12.05749,12.06032,0.00,0.00
2017.03.09 07:28:54.068,12.05788,12.06032,0.00,0.00
2017.03.09 07:28:55.374,12.05799,12.06032,0.00,0.00
2017.03.09 07:28:55.484,12.05768,12.06032,0.00,0.00
2017.03.09 07:28:56.319,12.05788,12.06032,0.00,0.00
2017.03.09 07:28:56.372,12.05758,12.06032,0.00,0.00
2017.03.09 07:28:56.573,12.05809,12.06032,0.00,0.00
2017.03.09 07:28:57.108,12.05778,12.06032,0.00,0.00
2017.03.09 07:28:57.475,12.05809,12.06032,0.00,0.00
2017.03.09 07:28:57.575,12.05799,12.06032,0.00,0.00
2017.03.09 07:28:57.677,12.05768,12.06032,0.00,0.00
2017.03.09 07:28:58.089,12.05759,12.06032,0.00,0.00
2017.03.09 07:28:58.176,12.05769,12.06032,0.00,0.00
2017.03.09 07:28:59.194,12.05808,12.06032,0.00,0.00
2017.03.09 07:28:59.378,12.05789,12.06032,0.00,0.00
2017.03.09 07:29:00.380,12.05768,12.06032,0.00,0.00
2017.03.09 07:29:00.788,12.05808,12.06032,0.00,0.00
2017.03.09 07:29:01.081,12.05779,12.06032,0.00,0.00
2017.03.09 07:29:04.090,12.05788,12.06032,0.00,0.00
2017.03.09 07:29:04.691,12.05778,12.06032,0.00,0.00
2017.03.09 07:29:04.791,12.05808,12.06032,0.00,0.00
2017.03.09 07:29:05.018,12.05799,12.06032,0.00,0.00
2017.03.09 07:29:05.193,12.05778,12.06032,0.00,0.00
2017.03.09 07:29:05.293,12.05819,12.06032,0.00,0.00
2017.03.09 07:29:05.793,12.05799,12.06032,0.00,0.00
2017.03.09 07:29:05.898,12.05768,12.06032,0.00,0.00
2017.03.09 07:29:06.011,12.05818,12.06032,0.00,0.00
2017.03.09 07:29:06.395,12.05799,12.06032,0.00,0.00
2017.03.09 07:29:07.247,12.05818,12.06032,0.00,0.00
2017.03.09 07:29:07.348,12.05808,12.06032,0.00,0.00
2017.03.09 07:29:07.399,12.05768,12.06032,0.00,0.00
2017.03.09 07:29:07.598,12.05788,12.06032,0.00,0.00
2017.03.09 07:29:07.863,12.05798,12.06072,0.00,0.00
2017.03.09 07:29:08.029,12.05808,12.06072,0.00,0.00
2017.03.09 07:29:08.099,12.05798,12.06072,0.00,0.00
2017.03.09 07:29:08.677,12.05808,12.06072,0.00,0.00
2017.03.09 07:29:09.339,12.05798,12.06072,0.00,0.00
2017.03.09 07:29:10.447,12.05798,12.06071,0.00,0.00
2017.03.09 07:29:10.988,12.05798,12.06072,0.00,0.00
2017.03.09 07:29:11.909,12.05798,12.06061,0.00,0.00
2017.03.09 07:29:12.014,12.05748,12.06018,0.00,0.00
2017.03.09 07:29:12.221,12.05708,12.05971,0.00,0.00
2017.03.09 07:29:12.328,12.05699,12.05971,0.00,0.00
2017.03.09 07:29:17.022,12.05699,12.05962,0.00,0.00
2017.03.09 07:29:17.327,12.05699,12.05971,0.00,0.00
2017.03.09 07:29:17.758,12.05728,12.05971,0.00,0.00
2017.03.09 07:29:18.069,12.05699,12.05971,0.00,0.00
2017.03.09 07:29:19.423,12.05699,12.05961,0.00,0.00
2017.03.09 07:29:19.523,12.05699,12.05971,0.00,0.00
2017.03.09 07:29:19.824,12.05699,12.05961,0.00,0.00
2017.03.09 07:29:20.072,12.05699,12.05971,0.00,0.00
2017.03.09 07:29:22.128,12.05699,12.05962,0.00,0.00
2017.03.09 07:29:22.329,12.05699,12.05971,0.00,0.00
2017.03.09 07:29:22.735,12.05699,12.05962,0.00,0.00
2017.03.09 07:29:23.374,12.05699,12.05971,0.00,0.00
2017.03.09 07:29:23.431,12.05699,12.05962,0.00,0.00
2017.03.09 07:29:23.733,12.05699,12.05952,0.00,0.00
2017.03.09 07:29:24.180,12.05699,12.05962,0.00,0.00
2017.03.09 07:29:24.733,12.05699,12.05971,0.00,0.00
2017.03.09 07:29:26.160,12.05699,12.05961,0.00,0.00
2017.03.09 07:29:27.749,12.05699,12.05941,0.00,0.00
2017.03.09 07:29:27.972,12.05699,12.05971,0.00,0.00
2017.03.09 07:29:28.259,12.05699,12.05951,0.00,0.00
2017.03.09 07:29:28.675,12.05699,12.05931,0.00,0.00
2017.03.09 07:29:28.727,12.05648,12.05922,0.00,0.00
2017.03.09 07:29:28.855,12.05608,12.05872,0.00,0.00
2017.03.09 07:29:29.169,12.05608,12.05841,0.00,0.00
2017.03.09 07:29:29.282,12.05608,12.05851,0.00,0.00
2017.03.09 07:29:29.343,12.05608,12.05861,0.00,0.00
2017.03.09 07:29:29.520,12.05608,12.05881,0.00,0.00
2017.03.09 07:29:29.643,12.05608,12.05861,0.00,0.00
2017.03.09 07:29:30.070,12.05608,12.05872,0.00,0.00
2017.03.09 07:29:30.375,12.05608,12.05882,0.00,0.00
2017.03.09 07:29:30.445,12.05608,12.05842,0.00,0.00
2017.03.09 07:29:30.650,12.05538,12.05781,0.00,0.00
2017.03.09 07:29:30.750,12.05509,12.05781,0.00,0.00
2017.03.09 07:29:31.648,12.05528,12.05781,0.00,0.00
2017.03.09 07:29:31.749,12.05509,12.05772,0.00,0.00
2017.03.09 07:29:31.949,12.05509,12.05781,0.00,0.00
2017.03.09 07:29:33.251,12.05528,12.05781,0.00,0.00
2017.03.09 07:29:33.485,12.05509,12.05781,0.00,0.00
2017.03.09 07:29:33.651,12.05609,12.05832,0.00,0.00
2017.03.09 07:29:33.701,12.05609,12.05851,0.00,0.00
2017.03.09 07:29:33.806,12.05609,12.05881,0.00,0.00
2017.03.09 07:29:33.988,12.05609,12.05862,0.00,0.00
2017.03.09 07:29:34.053,12.05609,12.05881,0.00,0.00
2017.03.09 07:29:34.479,12.05609,12.05872,0.00,0.00
2017.03.09 07:29:34.682,12.05609,12.05881,0.00,0.00
2017.03.09 07:29:35.156,12.05609,12.05861,0.00,0.00
2017.03.09 07:29:35.456,12.05609,12.05872,0.00,0.00
2017.03.09 07:29:35.575,12.05609,12.05881,0.00,0.00
2017.03.09 07:29:35.994,12.05609,12.05851,0.00,0.00
2017.03.09 07:29:36.109,12.05609,12.05881,0.00,0.00
2017.03.09 07:29:36.159,12.05609,12.05872,0.00,0.00
2017.03.09 07:29:36.618,12.05609,12.05862,0.00,0.00
2017.03.09 07:29:37.397,12.05609,12.05881,0.00,0.00
2017.03.09 07:29:37.762,12.05609,12.05862,0.00,0.00
2017.03.09 07:29:37.894,12.05609,12.05881,0.00,0.00
2017.03.09 07:29:38.496,12.05609,12.05871,0.00,0.00
2017.03.09 07:29:38.899,12.05609,12.05862,0.00,0.00
2017.03.09 07:29:39.008,12.05609,12.05881,0.00,0.00
2017.03.09 07:29:39.064,12.05609,12.05871,0.00,0.00
2017.03.09 07:29:39.410,12.05609,12.05881,0.00,0.00
2017.03.09 07:29:40.067,12.05609,12.05862,0.00,0.00
2017.03.09 07:29:40.403,12.05609,12.05852,0.00,0.00
2017.03.09 07:29:40.568,12.05609,12.05881,0.00,0.00
2017.03.09 07:29:40.685,12.05609,12.05852,0.00,0.00
2017.03.09 07:29:40.786,12.05609,12.05881,0.00,0.00
2017.03.09 07:29:40.923,12.05609,12.05851,0.00,0.00
2017.03.09 07:29:40.973,12.05609,12.05881,0.00,0.00
2017.03.09 07:29:41.370,12.05609,12.05852,0.00,0.00
2017.03.09 07:29:41.671,12.05609,12.05842,0.00,0.00
2017.03.09 07:29:41.991,12.05609,12.05832,0.00,0.00
2017.03.09 07:29:42.093,12.05609,12.05861,0.00,0.00
2017.03.09 07:29:42.575,12.05609,12.05842,0.00,0.00
2017.03.09 07:29:42.673,12.05609,12.05881,0.00,0.00
2017.03.09 07:29:42.879,12.05609,12.05872,0.00,0.00
2017.03.09 07:29:43.242,12.05609,12.05842,0.00,0.00
2017.03.09 07:29:43.292,12.05609,12.05852,0.00,0.00
2017.03.09 07:29:43.411,12.05609,12.05832,0.00,0.00
2017.03.09 07:29:43.461,12.05548,12.05782,0.00,0.00
2017.03.09 07:29:43.614,12.05528,12.05782,0.00,0.00
2017.03.09 07:29:43.714,12.05508,12.05781,0.00,0.00
2017.03.09 07:29:43.776,12.05508,12.05772,0.00,0.00
2017.03.09 07:29:44.487,12.05508,12.05782,0.00,0.00
2017.03.09 07:29:44.707,12.05529,12.05782,0.00,0.00
2017.03.09 07:29:45.045,12.05508,12.05761,0.00,0.00
2017.03.09 07:29:45.096,12.05508,12.05771,0.00,0.00
2017.03.09 07:29:45.227,12.05508,12.05752,0.00,0.00
2017.03.09 07:29:46.081,12.05508,12.05782,0.00,0.00
2017.03.09 07:29:46.225,12.05508,12.05772,0.00,0.00
2017.03.09 07:29:46.707,12.05508,12.05752,0.00,0.00
2017.03.09 07:29:47.389,12.05508,12.05741,0.00,0.00
2017.03.09 07:29:47.485,12.05508,12.05751,0.00,0.00
2017.03.09 07:29:47.791,12.05508,12.05742,0.00,0.00
2017.03.09 07:29:47.886,12.05508,12.05782,0.00,0.00
2017.03.09 07:29:47.986,12.05508,12.05772,0.00,0.00
2017.03.09 07:29:49.088,12.05508,12.05781,0.00,0.00
2017.03.09 07:29:49.188,12.05508,12.05771,0.00,0.00
2017.03.09 07:29:49.289,12.05509,12.05782,0.00,0.00
2017.03.09 07:29:49.389,12.05508,12.05751,0.00,0.00
2017.03.09 07:29:49.790,12.05508,12.05782,0.00,0.00
2017.03.09 07:29:50.027,12.05508,12.05771,0.00,0.00
2017.03.09 07:29:52.194,12.05508,12.05751,0.00,0.00
2017.03.09 07:29:52.731,12.05508,12.05772,0.00,0.00
2017.03.09 07:29:52.795,12.05508,12.05752,0.00,0.00
2017.03.09 07:29:53.720,12.05508,12.05771,0.00,0.00
2017.03.09 07:29:53.825,12.05519,12.05782,0.00,0.00
2017.03.09 07:29:54.405,12.05509,12.05782,0.00,0.00
2017.03.09 07:29:54.506,12.05508,12.05772,0.00,0.00
2017.03.09 07:29:54.900,12.05508,12.05782,0.00,0.00
2017.03.09 07:29:55.229,12.05529,12.05782,0.00,0.00
2017.03.09 07:29:55.447,12.05508,12.05781,0.00,0.00
2017.03.09 07:29:55.664,12.05508,12.05751,0.00,0.00
2017.03.09 07:29:55.714,12.05508,12.05772,0.00,0.00
2017.03.09 07:29:56.549,12.05529,12.05782,0.00,0.00
2017.03.09 07:29:56.603,12.05519,12.05782,0.00,0.00
2017.03.09 07:29:56.924,12.05508,12.05761,0.00,0.00
2017.03.09 07:29:57.281,12.05608,12.05861,0.00,0.00
2017.03.09 07:29:57.448,12.05608,12.05872,0.00,0.00
2017.03.09 07:29:57.819,12.05608,12.05842,0.00,0.00
2017.03.09 07:29:57.928,12.05608,12.05881,0.00,0.00
2017.03.09 07:29:58.006,12.05608,12.05871,0.00,0.00
2017.03.09 07:29:58.107,12.05608,12.05882,0.00,0.00
2017.03.09 07:29:58.206,12.05608,12.05852,0.00,0.00
2017.03.09 07:29:58.807,12.05608,12.05862,0.00,0.00
2017.03.09 07:29:59.145,12.05608,12.05842,0.00,0.00
2017.03.09 07:29:59.207,12.05608,12.05881,0.00,0.00
2017.03.09 07:29:59.528,12.05608,12.05852,0.00,0.00
2017.03.09 07:29:59.608,12.05608,12.05882,0.00,0.00
2017.03.09 07:29:59.818,12.05608,12.05851,0.00,0.00
2017.03.09 07:30:00.153,12.05608,12.05882,0.00,0.00
2017.03.09 07:30:00.209,12.05608,12.05852,0.00,0.00
2017.03.09 07:30:00.524,12.05608,12.05872,0.00,0.00
2017.03.09 07:30:00.637,12.05608,12.05832,0.00,0.00
2017.03.09 07:30:00.737,12.05608,12.05882,0.00,0.00
2017.03.09 07:30:01.249,12.05608,12.05832,0.00,0.00
2017.03.09 07:30:01.515,12.05608,12.05872,0.00,0.00
2017.03.09 07:30:01.815,12.05608,12.05831,0.00,0.00
2017.03.09 07:30:01.956,12.05608,12.05842,0.00,0.00
2017.03.09 07:30:02.143,12.05608,12.05831,0.00,0.00
2017.03.09 07:30:02.255,12.05608,12.05852,0.00,0.00
2017.03.09 07:30:04.161,12.05608,12.05872,0.00,0.00
2017.03.09 07:30:05.337,12.05608,12.05862,0.00,0.00
2017.03.09 07:30:07.335,12.05608,12.05882,0.00,0.00
2017.03.09 07:30:07.433,12.05608,12.05862,0.00,0.00
2017.03.09 07:30:07.749,12.05608,12.05831,0.00,0.00
2017.03.09 07:30:07.960,12.05608,12.05841,0.00,0.00
2017.03.09 07:30:08.035,12.05608,12.05831,0.00,0.00
2017.03.09 07:30:08.276,12.05608,12.05852,0.00,0.00
2017.03.09 07:30:09.439,12.05608,12.05832,0.00,0.00
2017.03.09 07:30:09.540,12.05608,12.05852,0.00,0.00
2017.03.09 07:30:10.572,12.05608,12.05871,0.00,0.00
2017.03.09 07:30:10.673,12.05608,12.05882,0.00,0.00
2017.03.09 07:30:10.776,12.05608,12.05861,0.00,0.00
2017.03.09 07:30:11.246,12.05608,12.05852,0.00,0.00
2017.03.09 07:30:11.482,12.05599,12.05852,0.00,0.00
2017.03.09 07:30:11.545,12.05599,12.05862,0.00,0.00
2017.03.09 07:30:11.646,12.05599,12.05852,0.00,0.00
2017.03.09 07:30:12.194,12.05599,12.05871,0.00,0.00
2017.03.09 07:30:12.354,12.05599,12.05862,0.00,0.00
2017.03.09 07:30:13.055,12.05682,12.05882,0.00,0.00
2017.03.09 07:30:13.156,12.05688,12.05921,0.00,0.00
2017.03.09 07:30:13.256,12.05698,12.05972,0.00,0.00
2017.03.09 07:30:13.307,12.05688,12.05922,0.00,0.00
2017.03.09 07:30:13.357,12.05648,12.05921,0.00,0.00
2017.03.09 07:30:14.333,12.05641,12.05872,0.00,0.00
2017.03.09 07:30:14.434,12.05649,12.05902,0.00,0.00
2017.03.09 07:30:14.547,12.05649,12.05912,0.00,0.00
2017.03.09 07:30:14.598,12.05649,12.05921,0.00,0.00
2017.03.09 07:30:14.757,12.05669,12.05921,0.00,0.00
2017.03.09 07:30:15.091,12.05609,12.05871,0.00,0.00
2017.03.09 07:30:15.481,12.05618,12.05871,0.00,0.00
2017.03.09 07:30:15.825,12.05648,12.05902,0.00,0.00
2017.03.09 07:30:15.876,12.05681,12.05882,0.00,0.00
2017.03.09 07:30:15.976,12.05699,12.05971,0.00,0.00
2017.03.09 07:30:16.077,12.05699,12.05948,0.00,0.00
2017.03.09 07:30:16.228,12.05649,12.05902,0.00,0.00
2017.03.09 07:30:16.279,12.05649,12.05921,0.00,0.00
2017.03.09 07:30:16.461,12.05658,12.05871,0.00,0.00
2017.03.09 07:30:16.562,12.05641,12.05871,0.00,0.00
2017.03.09 07:30:16.613,12.05649,12.05921,0.00,0.00
2017.03.09 07:30:16.808,12.05641,12.05872,0.00,0.00
2017.03.09 07:30:16.860,12.05648,12.05911,0.00,0.00
2017.03.09 07:30:16.911,12.05648,12.05921,0.00,0.00
2017.03.09 07:30:16.962,12.05659,12.05922,0.00,0.00
2017.03.09 07:30:17.063,12.05601,12.05871,0.00,0.00
2017.03.09 07:30:17.373,12.05609,12.05871,0.00,0.00
2017.03.09 07:30:17.824,12.05629,12.05871,0.00,0.00
2017.03.09 07:30:17.874,12.05649,12.05901,0.00,0.00
2017.03.09 07:30:17.975,12.05668,12.05922,0.00,0.00
2017.03.09 07:30:18.077,12.05681,12.05922,0.00,0.00
2017.03.09 07:30:18.128,12.05698,12.05952,0.00,0.00
2017.03.09 07:30:18.456,12.05668,12.05921,0.00,0.00
2017.03.09 07:30:18.758,12.05618,12.05872,0.00,0.00
2017.03.09 07:30:18.913,12.05601,12.05872,0.00,0.00
2017.03.09 07:30:19.301,12.05628,12.05872,0.00,0.00
2017.03.09 07:30:19.402,12.05601,12.05872,0.00,0.00
2017.03.09 07:30:19.773,12.05601,12.05861,0.00,0.00
2017.03.09 07:30:20.373,12.05609,12.05872,0.00,0.00
2017.03.09 07:30:20.893,12.05601,12.05862,0.00,0.00
2017.03.09 07:30:21.239,12.05601,12.05852,0.00,0.00
2017.03.09 07:30:21.289,12.05601,12.05861,0.00,0.00
2017.03.09 07:30:21.392,12.05601,12.05842,0.00,0.00
2017.03.09 07:30:21.988,12.05601,12.05821,0.00,0.00
2017.03.09 07:30:22.101,12.05601,12.05871,0.00,0.00
2017.03.09 07:30:23.193,12.05601,12.05862,0.00,0.00
2017.03.09 07:30:24.301,12.05601,12.05822,0.00,0.00
2017.03.09 07:30:24.403,12.05609,12.05872,0.00,0.00
2017.03.09 07:30:24.874,12.05601,12.05872,0.00,0.00
2017.03.09 07:30:25.207,12.05601,12.05832,0.00,0.00
2017.03.09 07:30:25.501,12.05682,12.05921,0.00,0.00
2017.03.09 07:30:25.602,12.05699,12.05952,0.00,0.00
2017.03.09 07:30:26.762,12.05668,12.05922,0.00,0.00
2017.03.09 07:30:26.875,12.05638,12.05872,0.00,0.00
2017.03.09 07:30:26.997,12.05601,12.05872,0.00,0.00
2017.03.09 07:30:27.209,12.05601,12.05862,0.00,0.00
2017.03.09 07:30:27.310,12.05608,12.05872,0.00,0.00
2017.03.09 07:30:27.422,12.05601,12.05862,0.00,0.00
2017.03.09 07:30:27.579,12.05601,12.05872,0.00,0.00
2017.03.09 07:30:27.880,12.05601,12.05851,0.00,0.00
2017.03.09 07:30:28.383,12.05601,12.05872,0.00,0.00
2017.03.09 07:30:28.481,12.05601,12.05832,0.00,0.00
2017.03.09 07:30:28.707,12.05601,12.05861,0.00,0.00
2017.03.09 07:30:28.783,12.05601,12.05871,0.00,0.00
2017.03.09 07:30:29.526,12.05601,12.05832,0.00,0.00
2017.03.09 07:30:30.486,12.05601,12.05851,0.00,0.00
2017.03.09 07:30:30.597,12.05601,12.05871,0.00,0.00
2017.03.09 07:30:31.120,12.05601,12.05842,0.00,0.00
2017.03.09 07:30:31.422,12.05601,12.05872,0.00,0.00
2017.03.09 07:30:32.488,12.05601,12.05852,0.00,0.00
2017.03.09 07:30:32.588,12.05601,12.05862,0.00,0.00
2017.03.09 07:30:34.894,12.05601,12.05872,0.00,0.00
2017.03.09 07:30:38.944,12.05588,12.05821,0.00,0.00
2017.03.09 07:30:39.163,12.05501,12.05771,0.00,0.00
2017.03.09 07:30:39.214,12.05501,12.05762,0.00,0.00
2017.03.09 07:30:39.431,12.05508,12.05771,0.00,0.00
2017.03.09 07:30:39.538,12.05501,12.05751,0.00,0.00
2017.03.09 07:30:39.605,12.05501,12.05761,0.00,0.00
2017.03.09 07:30:39.706,12.05501,12.05751,0.00,0.00
2017.03.09 07:30:39.837,12.05518,12.05771,0.00,0.00
2017.03.09 07:30:40.210,12.05501,12.05771,0.00,0.00
2017.03.09 07:30:40.376,12.05501,12.05762,0.00,0.00
2017.03.09 07:30:40.556,12.05508,12.05771,0.00,0.00
2017.03.09 07:30:40.608,12.05501,12.05762,0.00,0.00
2017.03.09 07:30:41.147,12.05501,12.05752,0.00,0.00
2017.03.09 07:30:41.745,12.05501,12.05771,0.00,0.00
2017.03.09 07:30:42.111,12.05501,12.05742,0.00,0.00
2017.03.09 07:30:42.217,12.05509,12.05771,0.00,0.00
2017.03.09 07:30:42.421,12.05501,12.05771,0.00,0.00
2017.03.09 07:30:42.569,12.05549,12.05772,0.00,0.00
2017.03.09 07:30:42.620,12.05549,12.05782,0.00,0.00
2017.03.09 07:30:42.720,12.05548,12.05761,0.00,0.00
2017.03.09 07:30:42.821,12.05599,12.05842,0.00,0.00
2017.03.09 07:30:43.162,12.05599,12.05851,0.00,0.00
2017.03.09 07:30:43.340,12.05599,12.05841,0.00,0.00
2017.03.09 07:30:43.719,12.05599,12.05862,0.00,0.00
2017.03.09 07:30:44.060,12.05599,12.05871,0.00,0.00
2017.03.09 07:30:44.160,12.05599,12.05852,0.00,0.00
2017.03.09 07:30:44.353,12.05599,12.05871,0.00,0.00
2017.03.09 07:30:44.623,12.05599,12.05852,0.00,0.00
2017.03.09 07:30:45.024,12.05599,12.05871,0.00,0.00
2017.03.09 07:30:45.472,12.05599,12.05852,0.00,0.00
2017.03.09 07:30:45.963,12.05599,12.05842,0.00,0.00
2017.03.09 07:30:46.029,12.05599,12.05861,0.00,0.00
2017.03.09 07:30:46.129,12.05599,12.05832,0.00,0.00
2017.03.09 07:30:46.352,12.05599,12.05871,0.00,0.00
2017.03.09 07:30:48.760,12.05599,12.05851,0.00,0.00
2017.03.09 07:30:49.977,12.05599,12.05832,0.00,0.00
2017.03.09 07:30:50.454,12.05599,12.05821,0.00,0.00
2017.03.09 07:30:51.115,12.05599,12.05822,0.00,0.00
2017.03.09 07:30:52.154,12.05599,12.05811,0.00,0.00
2017.03.09 07:30:52.485,12.05599,12.05832,0.00,0.00
2017.03.09 07:30:52.601,12.05599,12.05812,0.00,0.00
2017.03.09 07:30:52.677,12.05549,12.05802,0.00,0.00
2017.03.09 07:30:52.785,12.05501,12.05762,0.00,0.00
2017.03.09 07:30:52.996,12.05519,12.05771,0.00,0.00
2017.03.09 07:30:53.052,12.05501,12.05761,0.00,0.00
2017.03.09 07:30:53.981,12.05501,12.05771,0.00,0.00
2017.03.09 07:30:54.300,12.05501,12.05751,0.00,0.00
2017.03.09 07:30:54.484,12.05509,12.05771,0.00,0.00
2017.03.09 07:30:54.558,12.05501,12.05751,0.00,0.00
2017.03.09 07:30:54.860,12.05501,12.05742,0.00,0.00
2017.03.09 07:30:54.986,12.05501,12.05761,0.00,0.00
2017.03.09 07:30:55.192,12.05501,12.05771,0.00,0.00
2017.03.09 07:30:55.261,12.05501,12.05732,0.00,0.00
2017.03.09 07:30:55.386,12.05501,12.05762,0.00,0.00
2017.03.09 07:30:55.487,12.05501,12.05771,0.00,0.00
2017.03.09 07:30:55.867,12.05501,12.05761,0.00,0.00
2017.03.09 07:30:56.081,12.05501,12.05772,0.00,0.00
2017.03.09 07:30:56.266,12.05501,12.05752,0.00,0.00
2017.03.09 07:30:56.404,12.05549,12.05801,0.00,0.00
2017.03.09 07:30:56.500,12.05549,12.05821,0.00,0.00
2017.03.09 07:30:56.968,12.05548,12.05801,0.00,0.00
2017.03.09 07:30:57.312,12.05599,12.05842,0.00,0.00
2017.03.09 07:30:57.369,12.05599,12.05852,0.00,0.00
2017.03.09 07:30:58.282,12.05599,12.05842,0.00,0.00
2017.03.09 07:30:58.386,12.05599,12.05851,0.00,0.00
2017.03.09 07:30:58.657,12.05599,12.05822,0.00,0.00
2017.03.09 07:30:58.773,12.05599,12.05852,0.00,0.00
2017.03.09 07:30:59.192,12.05599,12.05861,0.00,0.00
2017.03.09 07:31:00.512,12.05599,12.05842,0.00,0.00
2017.03.09 07:31:00.579,12.05599,12.05851,0.00,0.00
2017.03.09 07:31:00.682,12.05599,12.05832,0.00,0.00
2017.03.09 07:31:01.010,12.05599,12.05821,0.00,0.00
2017.03.09 07:31:01.061,12.05599,12.05852,0.00,0.00
2017.03.09 07:31:01.728,12.05599,12.05862,0.00,0.00
2017.03.09 07:31:02.240,12.05599,12.05851,0.00,0.00
2017.03.09 07:31:02.292,12.05599,12.05871,0.00,0.00
2017.03.09 07:31:03.209,12.05599,12.05842,0.00,0.00
2017.03.09 07:31:03.288,12.05599,12.05852,0.00,0.00
2017.03.09 07:31:04.494,12.05599,12.05821,0.00,0.00
2017.03.09 07:31:04.593,12.05599,12.05861,0.00,0.00
2017.03.09 07:31:04.886,12.05682,12.05861,0.00,0.00
2017.03.09 07:31:04.936,12.05682,12.05882,0.00,0.00
2017.03.09 07:31:04.987,12.05602,12.05872,0.00,0.00
2017.03.09 07:31:05.037,12.05619,12.05872,0.00,0.00
2017.03.09 07:31:05.384,12.05602,12.05842,0.00,0.00
2017.03.09 07:31:05.507,12.05602,12.05872,0.00,0.00
2017.03.09 07:31:05.842,12.05602,12.05851,0.00,0.00
2017.03.09 07:31:07.201,12.05602,12.05841,0.00,0.00
2017.03.09 07:31:08.139,12.05602,12.05871,0.00,0.00
2017.03.09 07:31:08.204,12.05602,12.05831,0.00,0.00
2017.03.09 07:31:09.206,12.05602,12.05862,0.00,0.00
2017.03.09 07:31:09.306,12.05602,12.05821,0.00,0.00
2017.03.09 07:31:09.608,12.05602,12.05831,0.00,0.00
2017.03.09 07:31:10.214,12.05602,12.05851,0.00,0.00
2017.03.09 07:31:10.308,12.05602,12.05861,0.00,0.00
2017.03.09 07:31:12.936,12.05602,12.05822,0.00,0.00
2017.03.09 07:31:13.016,12.05602,12.05862,0.00,0.00
2017.03.09 07:31:14.154,12.05602,12.05821,0.00,0.00
2017.03.09 07:31:16.221,12.05602,12.05842,0.00,0.00
2017.03.09 07:31:16.622,12.05602,12.05831,0.00,0.00
2017.03.09 07:31:17.440,12.05602,12.05862,0.00,0.00
2017.03.09 07:31:17.523,12.05602,12.05821,0.00,0.00
2017.03.09 07:31:18.525,12.05602,12.05831,0.00,0.00
2017.03.09 07:31:19.458,12.05602,12.05851,0.00,0.00
2017.03.09 07:31:19.527,12.05602,12.05861,0.00,0.00
2017.03.09 07:31:20.329,12.05602,12.05831,0.00,0.00
2017.03.09 07:31:21.030,12.05602,12.05862,0.00,0.00
2017.03.09 07:31:21.881,12.05602,12.05872,0.00,0.00
2017.03.09 07:31:21.932,12.05602,12.05861,0.00,0.00
2017.03.09 07:31:22.036,12.05602,12.05872,0.00,0.00
2017.03.09 07:31:22.352,12.05602,12.05861,0.00,0.00
2017.03.09 07:31:22.761,12.05602,12.05852,0.00,0.00
2017.03.09 07:31:22.833,12.05602,12.05871,0.00,0.00
2017.03.09 07:31:23.052,12.05602,12.05862,0.00,0.00
2017.03.09 07:31:23.444,12.05602,12.05851,0.00,0.00
2017.03.09 07:31:23.974,12.05602,12.05872,0.00,0.00
2017.03.09 07:31:24.075,12.05602,12.05861,0.00,0.00
2017.03.09 07:31:24.525,12.05602,12.05842,0.00,0.00
2017.03.09 07:31:25.138,12.05602,12.05862,0.00,0.00
2017.03.09 07:31:25.458,12.05602,12.05832,0.00,0.00
2017.03.09 07:31:25.565,12.05602,12.05871,0.00,0.00
2017.03.09 07:31:25.940,12.05602,12.05842,0.00,0.00
2017.03.09 07:31:26.044,12.05602,12.05872,0.00,0.00
2017.03.09 07:31:26.145,12.05602,12.05842,0.00,0.00
2017.03.09 07:31:27.650,12.05602,12.05872,0.00,0.00
2017.03.09 07:31:27.762,12.05602,12.05831,0.00,0.00
2017.03.09 07:31:27.869,12.05602,12.05872,0.00,0.00
2017.03.09 07:31:28.069,12.05602,12.05861,0.00,0.00
2017.03.09 07:31:28.515,12.05602,12.05842,0.00,0.00
2017.03.09 07:31:28.745,12.05602,12.05861,0.00,0.00
2017.03.09 07:31:29.493,12.05602,12.05841,0.00,0.00
2017.03.09 07:31:30.147,12.05602,12.05871,0.00,0.00
2017.03.09 07:31:31.149,12.05602,12.05831,0.00,0.00
2017.03.09 07:31:31.279,12.05602,12.05862,0.00,0.00
2017.03.09 07:31:32.060,12.05602,12.05871,0.00,0.00
2017.03.09 07:31:32.753,12.05602,12.05862,0.00,0.00
2017.03.09 07:31:33.154,12.05602,12.05872,0.00,0.00
2017.03.09 07:31:33.471,12.05602,12.05862,0.00,0.00
2017.03.09 07:31:33.957,12.05602,12.05832,0.00,0.00
2017.03.09 07:31:34.459,12.05602,12.05851,0.00,0.00
2017.03.09 07:31:34.560,12.05548,12.05772,0.00,0.00
2017.03.09 07:31:34.723,12.05509,12.05772,0.00,0.00
2017.03.09 07:31:34.964,12.05529,12.05772,0.00,0.00
2017.03.09 07:31:35.074,12.05519,12.05772,0.00,0.00
2017.03.09 07:31:35.272,12.05549,12.05801,0.00,0.00
2017.03.09 07:31:35.373,12.05549,12.05821,0.00,0.00
2017.03.09 07:31:35.424,12.05538,12.05771,0.00,0.00
2017.03.09 07:31:35.524,12.05549,12.05822,0.00,0.00
2017.03.09 07:31:35.679,12.05598,12.05852,0.00,0.00
2017.03.09 07:31:35.776,12.05598,12.05861,0.00,0.00
2017.03.09 07:31:35.877,12.05598,12.05831,0.00,0.00
2017.03.09 07:31:36.065,12.05598,12.05872,0.00,0.00
2017.03.09 07:31:36.373,12.05598,12.05851,0.00,0.00
2017.03.09 07:31:36.694,12.05598,12.05831,0.00,0.00
2017.03.09 07:31:38.397,12.05558,12.05772,0.00,0.00
2017.03.09 07:31:38.471,12.05498,12.05771,0.00,0.00
2017.03.09 07:31:38.871,12.05518,12.05772,0.00,0.00
2017.03.09 07:31:38.972,12.05498,12.05772,0.00,0.00
2017.03.09 07:31:39.076,12.05498,12.05762,0.00,0.00
2017.03.09 07:31:39.370,12.05498,12.05771,0.00,0.00
2017.03.09 07:31:39.421,12.05498,12.05762,0.00,0.00
2017.03.09 07:31:39.473,12.05498,12.05772,0.00,0.00
2017.03.09 07:31:40.074,12.05498,12.05762,0.00,0.00
2017.03.09 07:31:40.775,12.05498,12.05752,0.00,0.00
2017.03.09 07:31:40.892,12.05498,12.05772,0.00,0.00
2017.03.09 07:31:41.726,12.05509,12.05772,0.00,0.00
2017.03.09 07:31:41.777,12.05498,12.05772,0.00,0.00
2017.03.09 07:31:43.312,12.05498,12.05751,0.00,0.00
2017.03.09 07:31:43.641,12.05529,12.05772,0.00,0.00
2017.03.09 07:31:43.819,12.05518,12.05772,0.00,0.00
2017.03.09 07:31:43.920,12.05539,12.05772,0.00,0.00
2017.03.09 07:31:43.981,12.05528,12.05772,0.00,0.00
2017.03.09 07:31:44.098,12.05548,12.05772,0.00,0.00
2017.03.09 07:31:44.232,12.05548,12.05782,0.00,0.00
2017.03.09 07:31:44.382,12.05518,12.05782,0.00,0.00
2017.03.09 07:31:47.118,12.05519,12.05782,0.00,0.00
2017.03.09 07:31:47.905,12.05508,12.05781,0.00,0.00
2017.03.09 07:31:49.324,12.05508,12.05771,0.00,0.00
2017.03.09 07:31:49.680,12.05508,12.05761,0.00,0.00
2017.03.09 07:31:49.796,12.05519,12.05782,0.00,0.00
2017.03.09 07:31:49.897,12.05508,12.05761,0.00,0.00
2017.03.09 07:31:51.000,12.05508,12.05781,0.00,0.00
2017.03.09 07:31:51.105,12.05508,12.05761,0.00,0.00
2017.03.09 07:31:51.301,12.05508,12.05782,0.00,0.00
2017.03.09 07:31:51.408,12.05508,12.05772,0.00,0.00
2017.03.09 07:31:51.780,12.05508,12.05762,0.00,0.00
2017.03.09 07:31:52.331,12.05508,12.05772,0.00,0.00
2017.03.09 07:31:52.820,12.05508,12.05762,0.00,0.00
2017.03.09 07:31:53.508,12.05508,12.05771,0.00,0.00
2017.03.09 07:31:54.230,12.05508,12.05761,0.00,0.00
2017.03.09 07:31:54.421,12.05508,12.05782,0.00,0.00
2017.03.09 07:31:54.627,12.05508,12.05771,0.00,0.00
2017.03.09 07:31:54.987,12.05438,12.05682,0.00,0.00
2017.03.09 07:31:55.037,12.05408,12.05671,0.00,0.00
2017.03.09 07:31:55.215,12.05408,12.05682,0.00,0.00
2017.03.09 07:31:55.364,12.05408,12.05652,0.00,0.00
2017.03.09 07:31:55.416,12.05418,12.05682,0.00,0.00
2017.03.09 07:31:55.527,12.05408,12.05682,0.00,0.00
2017.03.09 07:31:55.616,12.05408,12.05671,0.00,0.00
2017.03.09 07:31:56.046,12.05408,12.05681,0.00,0.00
2017.03.09 07:31:56.715,12.05399,12.05572,0.00,0.00
2017.03.09 07:31:56.967,12.05118,12.05382,0.00,0.00
2017.03.09 07:31:57.019,12.05129,12.05382,0.00,0.00
2017.03.09 07:31:57.183,12.05158,12.05432,0.00,0.00
2017.03.09 07:31:57.334,12.05209,12.05481,0.00,0.00
2017.03.09 07:31:57.743,12.05209,12.05461,0.00,0.00
2017.03.09 07:31:58.422,12.05209,12.05481,0.00,0.00
2017.03.09 07:31:58.722,12.05209,12.05472,0.00,0.00
2017.03.09 07:31:59.057,12.05209,12.05481,0.00,0.00
2017.03.09 07:31:59.158,12.05218,12.05481,0.00,0.00
2017.03.09 07:31:59.476,12.05309,12.05502,0.00,0.00
2017.03.09 07:31:59.527,12.05309,12.05572,0.00,0.00
2017.03.09 07:31:59.641,12.05309,12.05581,0.00,0.00
2017.03.09 07:32:00.142,12.05318,12.05581,0.00,0.00
2017.03.09 07:32:00.448,12.05338,12.05581,0.00,0.00
2017.03.09 07:32:00.643,12.05318,12.05581,0.00,0.00
2017.03.09 07:32:00.760,12.05309,12.05581,0.00,0.00
2017.03.09 07:32:01.076,12.05328,12.05581,0.00,0.00
2017.03.09 07:32:01.383,12.05349,12.05581,0.00,0.00
2017.03.09 07:32:01.433,12.05319,12.05581,0.00,0.00
2017.03.09 07:32:01.528,12.05309,12.05572,0.00,0.00
2017.03.09 07:32:01.756,12.05309,12.05581,0.00,0.00
2017.03.09 07:32:01.829,12.05309,12.05571,0.00,0.00
2017.03.09 07:32:02.130,12.05339,12.05581,0.00,0.00
2017.03.09 07:32:02.335,12.05329,12.05581,0.00,0.00
2017.03.09 07:32:02.678,12.05309,12.05581,0.00,0.00
2017.03.09 07:32:03.442,12.05309,12.05572,0.00,0.00
2017.03.09 07:32:03.856,12.05309,12.05581,0.00,0.00
2017.03.09 07:32:04.772,12.05372,12.05581,0.00,0.00
2017.03.09 07:32:04.822,12.05358,12.05581,0.00,0.00
2017.03.09 07:32:04.873,12.05358,12.05572,0.00,0.00
2017.03.09 07:32:05.024,12.05408,12.05632,0.00,0.00
2017.03.09 07:32:05.075,12.05408,12.05672,0.00,0.00
2017.03.09 07:32:05.350,12.05408,12.05662,0.00,0.00
2017.03.09 07:32:05.451,12.05408,12.05672,0.00,0.00
2017.03.09 07:32:05.635,12.05408,12.05682,0.00,0.00
2017.03.09 07:32:05.686,12.05408,12.05641,0.00,0.00
2017.03.09 07:32:05.839,12.05408,12.05651,0.00,0.00
2017.03.09 07:32:05.939,12.05408,12.05632,0.00,0.00
2017.03.09 07:32:06.142,12.05408,12.05661,0.00,0.00
2017.03.09 07:32:06.298,12.05379,12.05632,0.00,0.00
2017.03.09 07:32:06.349,12.05358,12.05631,0.00,0.00
2017.03.09 07:32:06.826,12.05349,12.05582,0.00,0.00
2017.03.09 07:32:06.953,12.05328,12.05582,0.00,0.00
2017.03.09 07:32:07.082,12.05308,12.05561,0.00,0.00
2017.03.09 07:32:07.259,12.05308,12.05581,0.00,0.00
2017.03.09 07:32:07.643,12.05308,12.05552,0.00,0.00
2017.03.09 07:32:08.070,12.05308,12.05582,0.00,0.00
2017.03.09 07:32:08.544,12.05308,12.05562,0.00,0.00
2017.03.09 07:32:08.871,12.05308,12.05541,0.00,0.00
2017.03.09 07:32:09.577,12.05308,12.05581,0.00,0.00
2017.03.09 07:32:10.148,12.05308,12.05551,0.00,0.00
2017.03.09 07:32:10.675,12.05308,12.05562,0.00,0.00
2017.03.09 07:32:10.786,12.05278,12.05532,0.00,0.00
2017.03.09 07:32:10.887,12.05272,12.05532,0.00,0.00
2017.03.09 07:32:10.937,12.05309,12.05532,0.00,0.00
2017.03.09 07:32:11.088,12.05259,12.05532,0.00,0.00
2017.03.09 07:32:11.189,12.05288,12.05532,0.00,0.00
2017.03.09 07:32:11.290,12.05258,12.05532,0.00,0.00
2017.03.09 07:32:11.350,12.05279,12.05532,0.00,0.00
2017.03.09 07:32:11.550,12.05258,12.05532,0.00,0.00
2017.03.09 07:32:11.678,12.05278,12.05532,0.00,0.00
2017.03.09 07:32:11.789,12.05259,12.05532,0.00,0.00
2017.03.09 07:32:11.840,12.05259,12.05481,0.00,0.00
2017.03.09 07:32:11.891,12.05249,12.05481,0.00,0.00
2017.03.09 07:32:11.991,12.05209,12.05451,0.00,0.00
2017.03.09 07:32:12.098,12.05169,12.05432,0.00,0.00
2017.03.09 07:32:12.149,12.05172,12.05432,0.00,0.00
2017.03.09 07:32:12.200,12.05208,12.05472,0.00,0.00
2017.03.09 07:32:12.253,12.05208,12.05431,0.00,0.00
2017.03.09 07:32:12.381,12.05208,12.05461,0.00,0.00
2017.03.09 07:32:12.663,12.05208,12.05432,0.00,0.00
2017.03.09 07:32:13.102,12.05159,12.05431,0.00,0.00
2017.03.09 07:32:13.156,12.05159,12.05421,0.00,0.00
2017.03.09 07:32:13.257,12.05108,12.05372,0.00,0.00
2017.03.09 07:32:13.372,12.05131,12.05352,0.00,0.00
2017.03.09 07:32:13.545,12.05168,12.05432,0.00,0.00
2017.03.09 07:32:13.596,12.05208,12.05452,0.00,0.00
2017.03.09 07:32:13.697,12.05208,12.05462,0.00,0.00
2017.03.09 07:32:14.260,12.05208,12.05452,0.00,0.00
2017.03.09 07:32:14.311,12.05208,12.05472,0.00,0.00
2017.03.09 07:32:14.560,12.05208,12.05442,0.00,0.00
2017.03.09 07:32:14.872,12.05208,12.05451,0.00,0.00
2017.03.09 07:32:14.991,12.05208,12.05472,0.00,0.00
2017.03.09 07:32:15.091,12.05208,12.05441,0.00,0.00
2017.03.09 07:32:15.361,12.05208,12.05452,0.00,0.00
2017.03.09 07:32:15.562,12.05208,12.05432,0.00,0.00
2017.03.09 07:32:15.662,12.05208,12.05452,0.00,0.00
2017.03.09 07:32:15.763,12.05208,12.05431,0.00,0.00
2017.03.09 07:32:16.082,12.05208,12.05451,0.00,0.00
2017.03.09 07:32:16.483,12.05208,12.05471,0.00,0.00
2017.03.09 07:32:16.674,12.05208,12.05462,0.00,0.00
2017.03.09 07:32:16.764,12.05208,12.05472,0.00,0.00
2017.03.09 07:32:17.365,12.05208,12.05461,0.00,0.00
2017.03.09 07:32:18.167,12.05208,12.05457,0.00,0.00
2017.03.09 07:32:18.470,12.05208,12.05462,0.00,0.00
2017.03.09 07:32:18.588,12.05208,12.05456,0.00,0.00
2017.03.09 07:32:18.713,12.05208,12.05462,0.00,0.00
2017.03.09 07:32:18.814,12.05208,12.05436,0.00,0.00
2017.03.09 07:32:18.990,12.05179,12.05436,0.00,0.00
2017.03.09 07:32:19.091,12.05171,12.05432,0.00,0.00
2017.03.09 07:32:19.177,12.05209,12.05427,0.00,0.00
2017.03.09 07:32:19.278,12.05208,12.05442,0.00,0.00
2017.03.09 07:32:19.380,12.05208,12.05462,0.00,0.00
2017.03.09 07:32:19.712,12.05178,12.05436,0.00,0.00
2017.03.09 07:32:19.812,12.05158,12.05436,0.00,0.00
2017.03.09 07:32:19.916,12.05158,12.05417,0.00,0.00
2017.03.09 07:32:20.256,12.05208,12.05421,0.00,0.00
2017.03.09 07:32:20.307,12.05159,12.05432,0.00,0.00
2017.03.09 07:32:20.442,12.05168,12.05432,0.00,0.00
2017.03.09 07:32:20.752,12.05138,12.05381,0.00,0.00
2017.03.09 07:32:20.802,12.05129,12.05381,0.00,0.00
2017.03.09 07:32:20.903,12.05109,12.05381,0.00,0.00
2017.03.09 07:32:21.273,12.05109,12.05372,0.00,0.00
2017.03.09 07:32:21.401,12.05109,12.05381,0.00,0.00
2017.03.09 07:32:21.575,12.05109,12.05362,0.00,0.00
2017.03.09 07:32:21.701,12.05118,12.05381,0.00,0.00
2017.03.09 07:32:21.811,12.05129,12.05381,0.00,0.00
2017.03.09 07:32:21.875,12.05109,12.05381,0.00,0.00
2017.03.09 07:32:22.083,12.05171,12.05431,0.00,0.00
2017.03.09 07:32:22.410,12.05208,12.05462,0.00,0.00
2017.03.09 07:32:22.750,12.05208,12.05432,0.00,0.00
2017.03.09 07:32:22.801,12.05208,12.05461,0.00,0.00
2017.03.09 07:32:23.077,12.05208,12.05442,0.00,0.00
2017.03.09 07:32:23.425,12.05208,12.05431,0.00,0.00
2017.03.09 07:32:23.724,12.05208,12.05462,0.00,0.00
2017.03.09 07:32:23.825,12.05208,12.05452,0.00,0.00
2017.03.09 07:32:24.310,12.05208,12.05442,0.00,0.00
2017.03.09 07:32:24.380,12.05208,12.05451,0.00,0.00
2017.03.09 07:32:24.481,12.05208,12.05471,0.00,0.00
2017.03.09 07:32:24.686,12.05208,12.05442,0.00,0.00
2017.03.09 07:32:24.786,12.05208,12.05471,0.00,0.00
2017.03.09 07:32:25.105,12.05208,12.05452,0.00,0.00
2017.03.09 07:32:25.227,12.05208,12.05472,0.00,0.00
2017.03.09 07:32:26.209,12.05208,12.05451,0.00,0.00
2017.03.09 07:32:26.319,12.05208,12.05481,0.00,0.00
2017.03.09 07:32:26.701,12.05208,12.05452,0.00,0.00
2017.03.09 07:32:27.387,12.05208,12.05431,0.00,0.00
2017.03.09 07:32:27.709,12.05208,12.05421,0.00,0.00
2017.03.09 07:32:27.760,12.05159,12.05421,0.00,0.00
2017.03.09 07:32:27.811,12.05159,12.05431,0.00,0.00
2017.03.09 07:32:27.862,12.05158,12.05382,0.00,0.00
2017.03.09 07:32:27.912,12.05108,12.05361,0.00,0.00
2017.03.09 07:32:28.339,12.05108,12.05372,0.00,0.00
2017.03.09 07:32:28.390,12.05108,12.05352,0.00,0.00
2017.03.09 07:32:28.490,12.05108,12.05382,0.00,0.00
2017.03.09 07:32:28.591,12.05118,12.05382,0.00,0.00
2017.03.09 07:32:28.916,12.05108,12.05371,0.00,0.00
2017.03.09 07:32:30.519,12.05068,12.05332,0.00,0.00
2017.03.09 07:32:30.620,12.05049,12.05281,0.00,0.00
2017.03.09 07:32:30.724,12.05009,12.05261,0.00,0.00
2017.03.09 07:32:30.919,12.05009,12.05281,0.00,0.00
2017.03.09 07:32:31.030,12.05028,12.05281,0.00,0.00
2017.03.09 07:32:31.093,12.05009,12.05271,0.00,0.00
2017.03.09 07:32:31.194,12.05009,12.05262,0.00,0.00
2017.03.09 07:32:31.524,12.05009,12.05281,0.00,0.00
2017.03.09 07:32:31.815,12.05009,12.05261,0.00,0.00
2017.03.09 07:32:32.118,12.05009,12.05281,0.00,0.00
2017.03.09 07:32:32.230,12.05019,12.05281,0.00,0.00
2017.03.09 07:32:32.400,12.05009,12.05281,0.00,0.00
2017.03.09 07:32:32.501,12.05009,12.05261,0.00,0.00
2017.03.09 07:32:33.217,12.05009,12.05281,0.00,0.00
2017.03.09 07:32:33.331,12.05009,12.05262,0.00,0.00
2017.03.09 07:32:33.998,12.05009,12.05281,0.00,0.00
2017.03.09 07:32:34.199,12.05009,12.05261,0.00,0.00
2017.03.09 07:32:34.842,12.05109,12.05302,0.00,0.00
2017.03.09 07:32:35.003,12.05109,12.05371,0.00,0.00
2017.03.09 07:32:35.115,12.05109,12.05381,0.00,0.00
2017.03.09 07:32:35.301,12.05109,12.05361,0.00,0.00
2017.03.09 07:32:35.639,12.05109,12.05371,0.00,0.00
2017.03.09 07:32:35.702,12.05109,12.05332,0.00,0.00
2017.03.09 07:32:35.902,12.05109,12.05372,0.00,0.00
2017.03.09 07:32:36.104,12.05109,12.05331,0.00,0.00
2017.03.09 07:32:36.233,12.05109,12.05372,0.00,0.00
2017.03.09 07:32:36.704,12.05109,12.05341,0.00,0.00
2017.03.09 07:32:37.225,12.05109,12.05361,0.00,0.00
2017.03.09 07:32:37.305,12.05109,12.05372,0.00,0.00
2017.03.09 07:32:37.426,12.05109,12.05341,0.00,0.00
2017.03.09 07:32:37.845,12.05109,12.05362,0.00,0.00
2017.03.09 07:32:37.906,12.05109,12.05381,0.00,0.00
2017.03.09 07:32:38.041,12.05109,12.05342,0.00,0.00
2017.03.09 07:32:38.340,12.05109,12.05371,0.00,0.00
2017.03.09 07:32:38.807,12.05109,12.05351,0.00,0.00
2017.03.09 07:32:39.744,12.05109,12.05372,0.00,0.00
2017.03.09 07:32:39.847,12.05109,12.05381,0.00,0.00
2017.03.09 07:32:40.049,12.05109,12.05372,0.00,0.00
2017.03.09 07:32:40.352,12.05109,12.05331,0.00,0.00
2017.03.09 07:32:40.511,12.05109,12.05372,0.00,0.00
2017.03.09 07:32:40.659,12.05109,12.05381,0.00,0.00
2017.03.09 07:32:40.854,12.05109,12.05371,0.00,0.00
2017.03.09 07:32:41.174,12.05009,12.05252,0.00,0.00
2017.03.09 07:32:41.225,12.05009,12.05271,0.00,0.00
2017.03.09 07:32:41.412,12.05009,12.05261,0.00,0.00
2017.03.09 07:32:41.746,12.05009,12.05242,0.00,0.00
2017.03.09 07:32:41.932,12.05009,12.05261,0.00,0.00
2017.03.09 07:32:42.033,12.05009,12.05271,0.00,0.00
2017.03.09 07:32:42.456,12.05009,12.05261,0.00,0.00
2017.03.09 07:32:42.626,12.05009,12.05272,0.00,0.00
2017.03.09 07:32:42.715,12.05009,12.05242,0.00,0.00
2017.03.09 07:32:43.348,12.05009,12.05261,0.00,0.00
2017.03.09 07:32:43.535,12.05109,12.05282,0.00,0.00
2017.03.09 07:32:43.637,12.05108,12.05371,0.00,0.00
2017.03.09 07:32:43.718,12.05118,12.05382,0.00,0.00
2017.03.09 07:32:43.821,12.05108,12.05382,0.00,0.00
2017.03.09 07:32:43.955,12.05108,12.05361,0.00,0.00
2017.03.09 07:32:44.018,12.05108,12.05382,0.00,0.00
2017.03.09 07:32:44.119,12.05108,12.05372,0.00,0.00
2017.03.09 07:32:44.436,12.05119,12.05382,0.00,0.00
2017.03.09 07:32:44.630,12.05108,12.05381,0.00,0.00
2017.03.09 07:32:44.681,12.05172,12.05381,0.00,0.00
2017.03.09 07:32:44.823,12.05208,12.05461,0.00,0.00
2017.03.09 07:32:44.920,12.05208,12.05472,0.00,0.00
2017.03.09 07:32:45.757,12.05208,12.05461,0.00,0.00
2017.03.09 07:32:46.059,12.05208,12.05452,0.00,0.00
2017.03.09 07:32:46.323,12.05208,12.05461,0.00,0.00
2017.03.09 07:32:46.634,12.05208,12.05482,0.00,0.00
2017.03.09 07:32:46.852,12.05208,12.05462,0.00,0.00
2017.03.09 07:32:47.060,12.05208,12.05482,0.00,0.00
2017.03.09 07:32:47.125,12.05208,12.05452,0.00,0.00
2017.03.09 07:32:47.426,12.05208,12.05481,0.00,0.00
2017.03.09 07:32:47.526,12.05208,12.05461,0.00,0.00
2017.03.09 07:32:48.376,12.05208,12.05452,0.00,0.00
2017.03.09 07:32:48.430,12.05208,12.05462,0.00,0.00
2017.03.09 07:32:48.531,12.05208,12.05451,0.00,0.00
2017.03.09 07:32:49.162,12.05208,12.05482,0.00,0.00
2017.03.09 07:32:49.281,12.05208,12.05441,0.00,0.00
2017.03.09 07:32:50.047,12.05208,12.05482,0.00,0.00
2017.03.09 07:32:50.170,12.05208,12.05441,0.00,0.00
2017.03.09 07:32:50.239,12.05208,12.05482,0.00,0.00
2017.03.09 07:32:50.342,12.05208,12.05441,0.00,0.00
2017.03.09 07:32:51.034,12.05159,12.05381,0.00,0.00
2017.03.09 07:32:51.142,12.05109,12.05372,0.00,0.00
2017.03.09 07:32:51.676,12.05118,12.05381,0.00,0.00
2017.03.09 07:32:51.978,12.05109,12.05371,0.00,0.00
2017.03.09 07:32:52.046,12.05109,12.05381,0.00,0.00
2017.03.09 07:32:52.986,12.05109,12.05371,0.00,0.00
2017.03.09 07:32:53.090,12.05109,12.05381,0.00,0.00
2017.03.09 07:32:53.194,12.05109,12.05362,0.00,0.00
2017.03.09 07:32:53.599,12.05119,12.05381,0.00,0.00
2017.03.09 07:32:54.159,12.05109,12.05381,0.00,0.00
2017.03.09 07:32:54.251,12.05109,12.05361,0.00,0.00
2017.03.09 07:32:54.566,12.05119,12.05381,0.00,0.00
2017.03.09 07:32:54.669,12.05109,12.05361,0.00,0.00
2017.03.09 07:32:54.753,12.05118,12.05381,0.00,0.00
2017.03.09 07:32:54.960,12.05109,12.05362,0.00,0.00
2017.03.09 07:32:55.281,12.05109,12.05381,0.00,0.00
2017.03.09 07:32:55.354,12.05119,12.05381,0.00,0.00
2017.03.09 07:32:56.280,12.05109,12.05381,0.00,0.00
2017.03.09 07:32:56.601,12.05118,12.05381,0.00,0.00
2017.03.09 07:32:56.930,12.05109,12.05372,0.00,0.00
2017.03.09 07:32:56.981,12.05109,12.05381,0.00,0.00
2017.03.09 07:33:01.083,12.05119,12.05381,0.00,0.00
2017.03.09 07:33:01.190,12.05109,12.05381,0.00,0.00
2017.03.09 07:33:01.365,12.05109,12.05371,0.00,0.00
2017.03.09 07:33:01.693,12.05109,12.05381,0.00,0.00
2017.03.09 07:33:01.906,12.05118,12.05381,0.00,0.00
2017.03.09 07:33:02.010,12.05109,12.05381,0.00,0.00
2017.03.09 07:33:02.177,12.05109,12.05361,0.00,0.00
2017.03.09 07:33:03.291,12.05118,12.05381,0.00,0.00
2017.03.09 07:33:03.697,12.05109,12.05372,0.00,0.00
2017.03.09 07:33:04.046,12.05118,12.05381,0.00,0.00
2017.03.09 07:33:04.404,12.05109,12.05362,0.00,0.00
2017.03.09 07:33:04.983,12.05109,12.05381,0.00,0.00
2017.03.09 07:33:05.084,12.05109,12.05351,0.00,0.00
2017.03.09 07:33:05.187,12.05109,12.05381,0.00,0.00
2017.03.09 07:33:05.281,12.05109,12.05352,0.00,0.00
2017.03.09 07:33:06.404,12.05109,12.05381,0.00,0.00
2017.03.09 07:33:06.690,12.05109,12.05361,0.00,0.00
2017.03.09 07:33:07.631,12.05109,12.05381,0.00,0.00
2017.03.09 07:33:08.012,12.05109,12.05362,0.00,0.00
2017.03.09 07:33:08.388,12.05109,12.05371,0.00,0.00
2017.03.09 07:33:08.488,12.05109,12.05352,0.00,0.00
2017.03.09 07:33:08.593,12.05109,12.05372,0.00,0.00
2017.03.09 07:33:08.694,12.05109,12.05351,0.00,0.00
2017.03.09 07:33:09.042,12.05109,12.05342,0.00,0.00
2017.03.09 07:33:09.093,12.05058,12.05332,0.00,0.00
2017.03.09 07:33:09.199,12.05079,12.05282,0.00,0.00
2017.03.09 07:33:09.430,12.05008,12.05272,0.00,0.00
2017.03.09 07:33:09.695,12.05008,12.05252,0.00,0.00
2017.03.09 07:33:09.801,12.05008,12.05261,0.00,0.00
2017.03.09 07:33:09.907,12.05008,12.05241,0.00,0.00
2017.03.09 07:33:10.008,12.05008,12.05252,0.00,0.00
2017.03.09 07:33:10.093,12.05008,12.05241,0.00,0.00
2017.03.09 07:33:10.194,12.05008,12.05281,0.00,0.00
2017.03.09 07:33:10.322,12.05008,12.05242,0.00,0.00
2017.03.09 07:33:10.394,12.05008,12.05272,0.00,0.00
2017.03.09 07:33:11.125,12.05008,12.05262,0.00,0.00
2017.03.09 07:33:11.935,12.05008,12.05271,0.00,0.00
2017.03.09 07:33:12.302,12.05008,12.05262,0.00,0.00
2017.03.09 07:33:12.840,12.05008,12.05251,0.00,0.00
2017.03.09 07:33:12.901,12.05008,12.05282,0.00,0.00
2017.03.09 07:33:13.001,12.05008,12.05262,0.00,0.00
2017.03.09 07:33:13.572,12.05008,12.05261,0.00,0.00
2017.03.09 07:33:13.742,12.05018,12.05282,0.00,0.00
2017.03.09 07:33:13.803,12.05008,12.05262,0.00,0.00
2017.03.09 07:33:13.912,12.05008,12.05282,0.00,0.00
2017.03.09 07:33:14.951,12.05082,12.05292,0.00,0.00
2017.03.09 07:33:15.207,12.05108,12.05362,0.00,0.00
2017.03.09 07:33:15.307,12.05108,12.05372,0.00,0.00
2017.03.09 07:33:15.524,12.05108,12.05362,0.00,0.00
2017.03.09 07:33:15.607,12.05108,12.05372,0.00,0.00
2017.03.09 07:33:15.984,12.05108,12.05342,0.00,0.00
2017.03.09 07:33:16.034,12.05108,12.05381,0.00,0.00
2017.03.09 07:33:16.209,12.05108,12.05341,0.00,0.00
2017.03.09 07:33:16.443,12.05108,12.05381,0.00,0.00
2017.03.09 07:33:16.509,12.05108,12.05362,0.00,0.00
2017.03.09 07:33:16.810,12.05108,12.05381,0.00,0.00
2017.03.09 07:33:17.436,12.05108,12.05352,0.00,0.00
2017.03.09 07:33:17.751,12.05108,12.05361,0.00,0.00
2017.03.09 07:33:17.812,12.05108,12.05352,0.00,0.00
2017.03.09 07:33:17.915,12.05108,12.05361,0.00,0.00
2017.03.09 07:33:18.016,12.05108,12.05382,0.00,0.00
2017.03.09 07:33:18.146,12.05108,12.05351,0.00,0.00
2017.03.09 07:33:18.213,12.05108,12.05381,0.00,0.00
2017.03.09 07:33:18.514,12.05108,12.05351,0.00,0.00
2017.03.09 07:33:18.968,12.05108,12.05382,0.00,0.00
2017.03.09 07:33:19.115,12.05108,12.05352,0.00,0.00
2017.03.09 07:33:19.357,12.05108,12.05362,0.00,0.00
2017.03.09 07:33:19.415,12.05108,12.05341,0.00,0.00
2017.03.09 07:33:19.852,12.05108,12.05352,0.00,0.00
2017.03.09 07:33:19.916,12.05108,12.05372,0.00,0.00
2017.03.09 07:33:20.149,12.05108,12.05361,0.00,0.00
2017.03.09 07:33:20.254,12.05108,12.05382,0.00,0.00
2017.03.09 07:33:20.454,12.05108,12.05351,0.00,0.00
2017.03.09 07:33:21.419,12.05108,12.05362,0.00,0.00
2017.03.09 07:33:21.720,12.05108,12.05341,0.00,0.00
2017.03.09 07:33:21.833,12.05108,12.05382,0.00,0.00
2017.03.09 07:33:22.270,12.05108,12.05362,0.00,0.00
2017.03.09 07:33:22.740,12.05108,12.05382,0.00,0.00
2017.03.09 07:33:22.846,12.05108,12.05361,0.00,0.00
2017.03.09 07:33:23.024,12.05108,12.05371,0.00,0.00
2017.03.09 07:33:23.130,12.05108,12.05361,0.00,0.00
2017.03.09 07:33:23.226,12.05108,12.05382,0.00,0.00
2017.03.09 07:33:23.552,12.05108,12.05352,0.00,0.00
2017.03.09 07:33:23.656,12.05108,12.05381,0.00,0.00
2017.03.09 07:33:23.814,12.05172,12.05381,0.00,0.00
2017.03.09 07:33:23.865,12.05172,12.05422,0.00,0.00
2017.03.09 07:33:23.915,12.05208,12.05422,0.00,0.00
2017.03.09 07:33:23.966,12.05208,12.05461,0.00,0.00
2017.03.09 07:33:24.213,12.05208,12.05431,0.00,0.00
2017.03.09 07:33:24.266,12.05208,12.05462,0.00,0.00
2017.03.09 07:33:24.367,12.05208,12.05421,0.00,0.00
2017.03.09 07:33:24.977,12.05208,12.05441,0.00,0.00
2017.03.09 07:33:25.035,12.05208,12.05461,0.00,0.00
2017.03.09 07:33:25.337,12.05208,12.05441,0.00,0.00
2017.03.09 07:33:25.948,12.05208,12.05461,0.00,0.00
2017.03.09 07:33:27.289,12.05208,12.05452,0.00,0.00
2017.03.09 07:33:27.615,12.05208,12.05422,0.00,0.00
2017.03.09 07:33:27.665,12.05208,12.05451,0.00,0.00
2017.03.09 07:33:27.824,12.05208,12.05472,0.00,0.00
2017.03.09 07:33:27.875,12.05208,12.05431,0.00,0.00
2017.03.09 07:33:28.449,12.05208,12.05461,0.00,0.00
2017.03.09 07:33:28.592,12.05208,12.05451,0.00,0.00
2017.03.09 07:33:28.909,12.05208,12.05432,0.00,0.00
2017.03.09 07:33:29.332,12.05208,12.05472,0.00,0.00
2017.03.09 07:33:29.383,12.05208,12.05452,0.00,0.00
2017.03.09 07:33:30.458,12.05208,12.05471,0.00,0.00
2017.03.09 07:33:30.760,12.05208,12.05452,0.00,0.00
2017.03.09 07:33:31.110,12.05208,12.05472,0.00,0.00
2017.03.09 07:33:31.262,12.05208,12.05452,0.00,0.00
2017.03.09 07:33:31.487,12.05208,12.05472,0.00,0.00
2017.03.09 07:33:32.502,12.05208,12.05441,0.00,0.00
2017.03.09 07:33:32.603,12.05208,12.05482,0.00,0.00
2017.03.09 07:33:32.714,12.05208,12.05442,0.00,0.00
2017.03.09 07:33:32.967,12.05208,12.05472,0.00,0.00
2017.03.09 07:33:33.668,12.05208,12.05452,0.00,0.00
2017.03.09 07:33:34.169,12.05208,12.05441,0.00,0.00
2017.03.09 07:33:34.699,12.05208,12.05461,0.00,0.00
2017.03.09 07:33:34.772,12.05208,12.05481,0.00,0.00
2017.03.09 07:33:35.207,12.05208,12.05452,0.00,0.00
2017.03.09 07:33:35.273,12.05208,12.05481,0.00,0.00
2017.03.09 07:33:35.775,12.05208,12.05462,0.00,0.00
2017.03.09 07:33:35.875,12.05208,12.05482,0.00,0.00
2017.03.09 07:33:35.979,12.05208,12.05461,0.00,0.00
2017.03.09 07:33:37.904,12.05208,12.05452,0.00,0.00
2017.03.09 07:33:38.318,12.05208,12.05421,0.00,0.00
2017.03.09 07:33:38.611,12.05208,12.05432,0.00,0.00
2017.03.09 07:33:38.725,12.05208,12.05422,0.00,0.00
2017.03.09 07:33:38.782,12.05208,12.05441,0.00,0.00
2017.03.09 07:33:39.118,12.05208,12.05451,0.00,0.00
2017.03.09 07:33:39.218,12.05208,12.05462,0.00,0.00
2017.03.09 07:33:39.522,12.05208,12.05442,0.00,0.00
2017.03.09 07:33:39.632,12.05208,12.05452,0.00,0.00
2017.03.09 07:33:39.787,12.05208,12.05462,0.00,0.00
2017.03.09 07:33:41.191,12.05208,12.05452,0.00,0.00
2017.03.09 07:33:41.339,12.05208,12.05472,0.00,0.00
2017.03.09 07:33:41.917,12.05208,12.05432,0.00,0.00
2017.03.09 07:33:41.992,12.05208,12.05472,0.00,0.00
2017.03.09 07:33:42.221,12.05208,12.05431,0.00,0.00
2017.03.09 07:33:42.824,12.05208,12.05452,0.00,0.00
2017.03.09 07:33:43.522,12.05208,12.05471,0.00,0.00
2017.03.09 07:33:43.799,12.05208,12.05462,0.00,0.00
2017.03.09 07:33:43.895,12.05208,12.05481,0.00,0.00
2017.03.09 07:33:44.211,12.05208,12.05461,0.00,0.00
2017.03.09 07:33:45.136,12.05208,12.05442,0.00,0.00
2017.03.09 07:33:45.409,12.05208,12.05452,0.00,0.00
2017.03.09 07:33:45.628,12.05208,12.05471,0.00,0.00
2017.03.09 07:33:45.738,12.05208,12.05442,0.00,0.00
2017.03.09 07:33:46.038,12.05208,12.05461,0.00,0.00
2017.03.09 07:33:46.139,12.05208,12.05471,0.00,0.00
2017.03.09 07:33:47.607,12.05208,12.05452,0.00,0.00
2017.03.09 07:33:48.507,12.05208,12.05471,0.00,0.00
2017.03.09 07:33:48.651,12.05208,12.05451,0.00,0.00
2017.03.09 07:33:50.808,12.05208,12.05472,0.00,0.00
2017.03.09 07:33:52.029,12.05208,12.05461,0.00,0.00
2017.03.09 07:33:52.111,12.05208,12.05471,0.00,0.00
2017.03.09 07:33:53.414,12.05208,12.05482,0.00,0.00
2017.03.09 07:33:53.539,12.05208,12.05452,0.00,0.00
2017.03.09 07:33:53.840,12.05208,12.05462,0.00,0.00
2017.03.09 07:33:53.958,12.05208,12.05442,0.00,0.00
2017.03.09 07:33:54.059,12.05208,12.05471,0.00,0.00
2017.03.09 07:33:54.118,12.05208,12.05442,0.00,0.00
2017.03.09 07:33:54.821,12.05208,12.05452,0.00,0.00
2017.03.09 07:33:55.221,12.05208,12.05442,0.00,0.00
2017.03.09 07:33:55.852,12.05208,12.05471,0.00,0.00
2017.03.09 07:33:57.172,12.05208,12.05451,0.00,0.00
2017.03.09 07:33:57.312,12.05208,12.05472,0.00,0.00
2017.03.09 07:33:58.037,12.05208,12.05442,0.00,0.00
2017.03.09 07:33:58.350,12.05208,12.05452,0.00,0.00
2017.03.09 07:33:58.451,12.05172,12.05431,0.00,0.00
2017.03.09 07:33:58.502,12.05159,12.05431,0.00,0.00
2017.03.09 07:33:58.602,12.05159,12.05381,0.00,0.00
2017.03.09 07:33:58.850,12.05209,12.05462,0.00,0.00
2017.03.09 07:33:58.965,12.05209,12.05452,0.00,0.00
2017.03.09 07:33:59.033,12.05209,12.05462,0.00,0.00
2017.03.09 07:33:59.334,12.05209,12.05451,0.00,0.00
2017.03.09 07:33:59.835,12.05209,12.05471,0.00,0.00
2017.03.09 07:34:00.335,12.05209,12.05452,0.00,0.00
2017.03.09 07:34:00.436,12.05209,12.05472,0.00,0.00
2017.03.09 07:34:02.672,12.05209,12.05421,0.00,0.00
2017.03.09 07:34:02.740,12.05209,12.05472,0.00,0.00
2017.03.09 07:34:03.658,12.05209,12.05462,0.00,0.00
2017.03.09 07:34:03.783,12.05209,12.05472,0.00,0.00
2017.03.09 07:34:04.172,12.05209,12.05462,0.00,0.00
2017.03.09 07:34:04.568,12.05178,12.05381,0.00,0.00
2017.03.09 07:34:04.743,12.05109,12.05381,0.00,0.00
2017.03.09 07:34:04.844,12.05109,12.05372,0.00,0.00
2017.03.09 07:34:05.276,12.05109,12.05361,0.00,0.00
2017.03.09 07:34:05.377,12.05109,12.05381,0.00,0.00
2017.03.09 07:34:08.757,12.05109,12.05372,0.00,0.00
2017.03.09 07:34:10.251,12.05109,12.05362,0.00,0.00
2017.03.09 07:34:10.651,12.05109,12.05352,0.00,0.00
2017.03.09 07:34:11.258,12.05109,12.05372,0.00,0.00
2017.03.09 07:34:11.755,12.05109,12.05361,0.00,0.00
2017.03.09 07:34:13.856,12.05109,12.05371,0.00,0.00
2017.03.09 07:34:14.076,12.05109,12.05352,0.00,0.00
2017.03.09 07:34:14.157,12.05119,12.05381,0.00,0.00
2017.03.09 07:34:15.058,12.05109,12.05352,0.00,0.00
2017.03.09 07:34:15.225,12.05109,12.05362,0.00,0.00
2017.03.09 07:34:15.760,12.05109,12.05371,0.00,0.00
2017.03.09 07:34:15.859,12.05109,12.05361,0.00,0.00
2017.03.09 07:34:16.762,12.05109,12.05371,0.00,0.00
2017.03.09 07:34:19.171,12.05109,12.05362,0.00,0.00
2017.03.09 07:34:19.566,12.05109,12.05371,0.00,0.00
2017.03.09 07:34:22.370,12.05118,12.05381,0.00,0.00
2017.03.09 07:34:22.470,12.05109,12.05361,0.00,0.00
2017.03.09 07:34:22.770,12.05109,12.05381,0.00,0.00
2017.03.09 07:34:24.202,12.05109,12.05362,0.00,0.00
2017.03.09 07:34:24.562,12.05109,12.05352,0.00,0.00
2017.03.09 07:34:24.612,12.05109,12.05381,0.00,0.00
2017.03.09 07:34:24.678,12.05109,12.05352,0.00,0.00
2017.03.09 07:34:25.512,12.05109,12.05381,0.00,0.00
2017.03.09 07:34:25.613,12.05109,12.05351,0.00,0.00
2017.03.09 07:34:26.596,12.05109,12.05381,0.00,0.00
2017.03.09 07:34:27.530,12.05109,12.05372,0.00,0.00
2017.03.09 07:34:28.298,12.05109,12.05352,0.00,0.00
2017.03.09 07:34:28.993,12.05109,12.05372,0.00,0.00
2017.03.09 07:34:29.137,12.05109,12.05361,0.00,0.00
2017.03.09 07:34:29.237,12.05109,12.05372,0.00,0.00
2017.03.09 07:34:29.294,12.05109,12.05381,0.00,0.00
2017.03.09 07:34:30.497,12.05109,12.05371,0.00,0.00
2017.03.09 07:34:30.598,12.05109,12.05381,0.00,0.00
2017.03.09 07:34:30.798,12.05109,12.05361,0.00,0.00
2017.03.09 07:34:31.514,12.05109,12.05342,0.00,0.00
2017.03.09 07:34:31.701,12.05109,12.05362,0.00,0.00
2017.03.09 07:34:34.352,12.05109,12.05381,0.00,0.00
2017.03.09 07:34:35.044,12.05109,12.05372,0.00,0.00
2017.03.09 07:34:35.111,12.05109,12.05381,0.00,0.00
2017.03.09 07:34:38.164,12.05109,12.05332,0.00,0.00
2017.03.09 07:34:38.319,12.05058,12.05282,0.00,0.00
2017.03.09 07:34:38.459,12.05038,12.05282,0.00,0.00
2017.03.09 07:34:38.519,12.05069,12.05282,0.00,0.00
2017.03.09 07:34:38.759,12.05058,12.05282,0.00,0.00
2017.03.09 07:34:38.860,12.05008,12.05282,0.00,0.00
2017.03.09 07:34:39.829,12.05029,12.05282,0.00,0.00
2017.03.09 07:34:40.189,12.05058,12.05311,0.00,0.00
2017.03.09 07:34:40.369,12.05108,12.05382,0.00,0.00
2017.03.09 07:34:41.669,12.05129,12.05382,0.00,0.00
2017.03.09 07:34:41.725,12.05109,12.05382,0.00,0.00
2017.03.09 07:34:41.893,12.05108,12.05371,0.00,0.00
2017.03.09 07:34:42.928,12.05108,12.05382,0.00,0.00
2017.03.09 07:34:43.028,12.05108,12.05361,0.00,0.00
2017.03.09 07:34:44.214,12.05108,12.05382,0.00,0.00
2017.03.09 07:34:44.432,12.05119,12.05382,0.00,0.00
2017.03.09 07:34:44.831,12.05108,12.05371,0.00,0.00
2017.03.09 07:34:45.133,12.05108,12.05362,0.00,0.00
2017.03.09 07:34:45.633,12.05108,12.05351,0.00,0.00
2017.03.09 07:34:45.734,12.05108,12.05371,0.00,0.00
2017.03.09 07:34:45.878,12.05108,12.05381,0.00,0.00
2017.03.09 07:34:46.143,12.05118,12.05382,0.00,0.00
2017.03.09 07:34:46.444,12.05108,12.05352,0.00,0.00
2017.03.09 07:34:46.551,12.05108,12.05362,0.00,0.00
2017.03.09 07:34:46.976,12.05108,12.05381,0.00,0.00
2017.03.09 07:34:47.036,12.05108,12.05362,0.00,0.00
2017.03.09 07:34:47.441,12.05108,12.05382,0.00,0.00
2017.03.09 07:34:47.537,12.05108,12.05362,0.00,0.00
2017.03.09 07:34:47.901,12.05108,12.05352,0.00,0.00
2017.03.09 07:34:47.952,12.05108,12.05382,0.00,0.00
2017.03.09 07:34:48.138,12.05108,12.05362,0.00,0.00
2017.03.09 07:34:49.072,12.05108,12.05381,0.00,0.00
2017.03.09 07:34:49.140,12.05108,12.05351,0.00,0.00
2017.03.09 07:34:49.461,12.05108,12.05372,0.00,0.00
2017.03.09 07:34:50.262,12.05108,12.05351,0.00,0.00
2017.03.09 07:34:50.980,12.05108,12.05352,0.00,0.00
2017.03.09 07:34:51.244,12.05108,12.05361,0.00,0.00
2017.03.09 07:34:52.388,12.05108,12.05342,0.00,0.00
2017.03.09 07:34:53.252,12.05108,12.05382,0.00,0.00
2017.03.09 07:34:55.591,12.05108,12.05372,0.00,0.00
2017.03.09 07:34:55.692,12.05109,12.05382,0.00,0.00
2017.03.09 07:34:55.843,12.05108,12.05351,0.00,0.00
2017.03.09 07:34:55.894,12.05109,12.05382,0.00,0.00
2017.03.09 07:34:58.654,12.05108,12.05372,0.00,0.00
2017.03.09 07:34:58.754,12.05108,12.05382,0.00,0.00
2017.03.09 07:35:00.661,12.05159,12.05401,0.00,0.00
2017.03.09 07:35:00.762,12.05209,12.05478,0.00,0.00
2017.03.09 07:35:01.176,12.05209,12.05462,0.00,0.00
2017.03.09 07:35:01.260,12.05209,12.05478,0.00,0.00
2017.03.09 07:35:01.360,12.05209,12.05471,0.00,0.00
2017.03.09 07:35:01.796,12.05209,12.05442,0.00,0.00
2017.03.09 07:35:01.861,12.05209,12.05452,0.00,0.00
2017.03.09 07:35:01.983,12.05209,12.05462,0.00,0.00
2017.03.09 07:35:02.060,12.05209,12.05481,0.00,0.00
2017.03.09 07:35:02.580,12.05209,12.05472,0.00,0.00
2017.03.09 07:35:02.681,12.05209,12.05481,0.00,0.00
2017.03.09 07:35:02.862,12.05209,12.05472,0.00,0.00
2017.03.09 07:35:02.973,12.05209,12.05481,0.00,0.00
2017.03.09 07:35:03.073,12.05258,12.05501,0.00,0.00
2017.03.09 07:35:03.174,12.05309,12.05581,0.00,0.00
2017.03.09 07:35:03.303,12.05309,12.05572,0.00,0.00
2017.03.09 07:35:03.405,12.05309,12.05581,0.00,0.00
2017.03.09 07:35:03.463,12.05309,12.05571,0.00,0.00
2017.03.09 07:35:03.568,12.05309,12.05581,0.00,0.00
2017.03.09 07:35:03.765,12.05309,12.05541,0.00,0.00
2017.03.09 07:35:03.967,12.05309,12.05571,0.00,0.00
2017.03.09 07:35:04.266,12.05309,12.05562,0.00,0.00
2017.03.09 07:35:04.576,12.05258,12.05531,0.00,0.00
2017.03.09 07:35:04.677,12.05208,12.05482,0.00,0.00
2017.03.09 07:35:04.783,12.05208,12.05471,0.00,0.00
2017.03.09 07:35:05.385,12.05218,12.05482,0.00,0.00
2017.03.09 07:35:05.481,12.05208,12.05462,0.00,0.00
2017.03.09 07:35:06.394,12.05208,12.05481,0.00,0.00
2017.03.09 07:35:06.470,12.05208,12.05461,0.00,0.00
2017.03.09 07:35:06.779,12.05209,12.05482,0.00,0.00
2017.03.09 07:35:07.014,12.05208,12.05462,0.00,0.00
2017.03.09 07:35:07.271,12.05208,12.05472,0.00,0.00
2017.03.09 07:35:07.683,12.05208,12.05461,0.00,0.00
2017.03.09 07:35:07.882,12.05209,12.05482,0.00,0.00
2017.03.09 07:35:08.223,12.05258,12.05482,0.00,0.00
2017.03.09 07:35:08.274,12.05258,12.05491,0.00,0.00
2017.03.09 07:35:08.325,12.05308,12.05491,0.00,0.00
2017.03.09 07:35:08.375,12.05308,12.05562,0.00,0.00
2017.03.09 07:35:08.700,12.05278,12.05532,0.00,0.00
2017.03.09 07:35:08.990,12.05169,12.05432,0.00,0.00
2017.03.09 07:35:09.100,12.05188,12.05432,0.00,0.00
2017.03.09 07:35:09.425,12.05179,12.05432,0.00,0.00
2017.03.09 07:35:09.476,12.05158,12.05432,0.00,0.00
2017.03.09 07:35:09.615,12.05178,12.05432,0.00,0.00
2017.03.09 07:35:10.713,12.05168,12.05432,0.00,0.00
2017.03.09 07:35:10.911,12.05199,12.05432,0.00,0.00
2017.03.09 07:35:10.979,12.05189,12.05432,0.00,0.00
2017.03.09 07:35:11.080,12.05169,12.05432,0.00,0.00
2017.03.09 07:35:11.203,12.05148,12.05432,0.00,0.00
2017.03.09 07:35:11.280,12.05209,12.05432,0.00,0.00
2017.03.09 07:35:11.528,12.05179,12.05432,0.00,0.00
2017.03.09 07:35:11.580,12.05209,12.05432,0.00,0.00
2017.03.09 07:35:11.700,12.05179,12.05432,0.00,0.00
2017.03.09 07:35:11.781,12.05188,12.05432,0.00,0.00
2017.03.09 07:35:11.881,12.05178,12.05432,0.00,0.00
2017.03.09 07:35:12.407,12.05199,12.05432,0.00,0.00
2017.03.09 07:35:12.482,12.05169,12.05432,0.00,0.00
2017.03.09 07:35:12.584,12.05198,12.05432,0.00,0.00
2017.03.09 07:35:13.013,12.05219,12.05432,0.00,0.00
2017.03.09 07:35:13.505,12.05178,12.05432,0.00,0.00
2017.03.09 07:35:13.585,12.05218,12.05432,0.00,0.00
2017.03.09 07:35:13.685,12.05261,12.05481,0.00,0.00
2017.03.09 07:35:13.805,12.05261,12.05532,0.00,0.00
2017.03.09 07:35:13.856,12.05248,12.05532,0.00,0.00
2017.03.09 07:35:13.906,12.05328,12.05532,0.00,0.00
2017.03.09 07:35:14.010,12.05299,12.05532,0.00,0.00
2017.03.09 07:35:14.085,12.05258,12.05532,0.00,0.00
2017.03.09 07:35:14.187,12.05268,12.05532,0.00,0.00
2017.03.09 07:35:14.419,12.05248,12.05532,0.00,0.00
2017.03.09 07:35:14.486,12.05258,12.05532,0.00,0.00
2017.03.09 07:35:15.131,12.05288,12.05532,0.00,0.00
2017.03.09 07:35:15.187,12.05268,12.05532,0.00,0.00
2017.03.09 07:35:15.238,12.05268,12.05481,0.00,0.00
2017.03.09 07:35:15.288,12.05238,12.05481,0.00,0.00
2017.03.09 07:35:15.339,12.05238,12.05522,0.00,0.00
2017.03.09 07:35:15.496,12.05268,12.05532,0.00,0.00
2017.03.09 07:35:15.842,12.05259,12.05432,0.00,0.00
2017.03.09 07:35:15.892,12.05238,12.05432,0.00,0.00
2017.03.09 07:35:15.993,12.05198,12.05432,0.00,0.00
2017.03.09 07:35:16.094,12.05188,12.05432,0.00,0.00
2017.03.09 07:35:16.214,12.05178,12.05432,0.00,0.00
2017.03.09 07:35:16.390,12.05208,12.05432,0.00,0.00
2017.03.09 07:35:16.607,12.05208,12.05482,0.00,0.00
2017.03.09 07:35:16.708,12.05229,12.05432,0.00,0.00
2017.03.09 07:35:16.809,12.05178,12.05432,0.00,0.00
2017.03.09 07:35:16.917,12.05218,12.05432,0.00,0.00
2017.03.09 07:35:17.031,12.05158,12.05432,0.00,0.00
2017.03.09 07:35:17.317,12.05188,12.05432,0.00,0.00
2017.03.09 07:35:17.493,12.05179,12.05432,0.00,0.00
2017.03.09 07:35:17.594,12.05148,12.05432,0.00,0.00
2017.03.09 07:35:17.695,12.05142,12.05422,0.00,0.00
2017.03.09 07:35:18.308,12.05148,12.05432,0.00,0.00
2017.03.09 07:35:18.496,12.05142,12.05421,0.00,0.00
2017.03.09 07:35:18.842,12.05198,12.05432,0.00,0.00
2017.03.09 07:35:19.098,12.05189,12.05432,0.00,0.00
2017.03.09 07:35:19.211,12.05209,12.05382,0.00,0.00
2017.03.09 07:35:19.312,12.05169,12.05432,0.00,0.00
2017.03.09 07:35:19.423,12.05158,12.05432,0.00,0.00
2017.03.09 07:35:19.499,12.05168,12.05432,0.00,0.00
2017.03.09 07:35:19.807,12.05158,12.05432,0.00,0.00
2017.03.09 07:35:19.900,12.05199,12.05432,0.00,0.00
2017.03.09 07:35:20.001,12.05218,12.05481,0.00,0.00
2017.03.09 07:35:20.101,12.05239,12.05481,0.00,0.00
2017.03.09 07:35:20.325,12.05259,12.05531,0.00,0.00
2017.03.09 07:35:20.402,12.05278,12.05531,0.00,0.00
2017.03.09 07:35:21.906,12.05268,12.05531,0.00,0.00
2017.03.09 07:35:22.149,12.05248,12.05531,0.00,0.00
2017.03.09 07:35:22.250,12.05248,12.05481,0.00,0.00
2017.03.09 07:35:22.355,12.05239,12.05521,0.00,0.00
2017.03.09 07:35:22.630,12.05268,12.05532,0.00,0.00
2017.03.09 07:35:22.709,12.05248,12.05532,0.00,0.00
2017.03.09 07:35:22.936,12.05269,12.05532,0.00,0.00
2017.03.09 07:35:23.110,12.05248,12.05532,0.00,0.00
2017.03.09 07:35:23.210,12.05238,12.05522,0.00,0.00
2017.03.09 07:35:23.559,12.05269,12.05532,0.00,0.00
2017.03.09 07:35:24.048,12.05249,12.05531,0.00,0.00
2017.03.09 07:35:24.112,12.05238,12.05522,0.00,0.00
2017.03.09 07:35:24.814,12.05268,12.05532,0.00,0.00
2017.03.09 07:35:25.530,12.05268,12.05482,0.00,0.00
2017.03.09 07:35:25.758,12.05229,12.05452,0.00,0.00
2017.03.09 07:35:25.862,12.05248,12.05531,0.00,0.00
2017.03.09 07:35:25.964,12.05269,12.05531,0.00,0.00
2017.03.09 07:35:26.449,12.05259,12.05531,0.00,0.00
2017.03.09 07:35:27.162,12.05279,12.05531,0.00,0.00
2017.03.09 07:35:27.263,12.05239,12.05521,0.00,0.00
2017.03.09 07:35:27.477,12.05239,12.05481,0.00,0.00
2017.03.09 07:35:27.676,12.05208,12.05481,0.00,0.00
2017.03.09 07:35:27.727,12.05198,12.05481,0.00,0.00
2017.03.09 07:35:27.890,12.05228,12.05482,0.00,0.00
2017.03.09 07:35:27.941,12.05248,12.05532,0.00,0.00
2017.03.09 07:35:28.047,12.05268,12.05532,0.00,0.00
2017.03.09 07:35:28.224,12.05238,12.05522,0.00,0.00
2017.03.09 07:35:28.323,12.05269,12.05532,0.00,0.00
2017.03.09 07:35:29.072,12.05248,12.05532,0.00,0.00
2017.03.09 07:35:29.173,12.05268,12.05532,0.00,0.00
2017.03.09 07:35:30.026,12.05249,12.05531,0.00,0.00
2017.03.09 07:35:30.128,12.05268,12.05532,0.00,0.00
2017.03.09 07:35:30.226,12.05249,12.05531,0.00,0.00
2017.03.09 07:35:31.051,12.05268,12.05532,0.00,0.00
2017.03.09 07:35:31.363,12.05289,12.05532,0.00,0.00
2017.03.09 07:35:31.461,12.05279,12.05532,0.00,0.00
2017.03.09 07:35:31.529,12.05238,12.05522,0.00,0.00
2017.03.09 07:35:31.630,12.05268,12.05532,0.00,0.00
2017.03.09 07:35:31.729,12.05239,12.05521,0.00,0.00
2017.03.09 07:35:32.166,12.05248,12.05532,0.00,0.00
2017.03.09 07:35:32.267,12.05239,12.05521,0.00,0.00
2017.03.09 07:35:33.155,12.05268,12.05532,0.00,0.00
2017.03.09 07:35:33.256,12.05179,12.05462,0.00,0.00
2017.03.09 07:35:33.361,12.05189,12.05471,0.00,0.00
2017.03.09 07:35:33.687,12.05239,12.05482,0.00,0.00
2017.03.09 07:35:33.738,12.05228,12.05482,0.00,0.00
2017.03.09 07:35:33.963,12.05239,12.05521,0.00,0.00
2017.03.09 07:35:34.035,12.05249,12.05531,0.00,0.00
2017.03.09 07:35:34.338,12.05268,12.05532,0.00,0.00
2017.03.09 07:35:34.698,12.05278,12.05532,0.00,0.00
2017.03.09 07:35:34.936,12.05258,12.05532,0.00,0.00
2017.03.09 07:35:35.375,12.05278,12.05532,0.00,0.00
2017.03.09 07:35:35.652,12.05268,12.05532,0.00,0.00
2017.03.09 07:35:35.760,12.05278,12.05532,0.00,0.00
2017.03.09 07:35:35.938,12.05249,12.05531,0.00,0.00
2017.03.09 07:35:36.185,12.05269,12.05532,0.00,0.00
2017.03.09 07:35:36.538,12.05288,12.05531,0.00,0.00
2017.03.09 07:35:36.589,12.05258,12.05531,0.00,0.00
2017.03.09 07:35:37.386,12.05248,12.05531,0.00,0.00
2017.03.09 07:35:37.441,12.05268,12.05531,0.00,0.00
2017.03.09 07:35:37.541,12.05248,12.05531,0.00,0.00
2017.03.09 07:35:38.672,12.05268,12.05531,0.00,0.00
2017.03.09 07:35:39.172,12.05289,12.05531,0.00,0.00
2017.03.09 07:35:39.285,12.05259,12.05531,0.00,0.00
2017.03.09 07:35:39.944,12.05268,12.05531,0.00,0.00
2017.03.09 07:35:40.750,12.05259,12.05531,0.00,0.00
2017.03.09 07:35:40.845,12.05248,12.05531,0.00,0.00
2017.03.09 07:35:40.946,12.05288,12.05531,0.00,0.00
2017.03.09 07:35:41.146,12.05269,12.05531,0.00,0.00
2017.03.09 07:35:41.265,12.05258,12.05531,0.00,0.00
2017.03.09 07:35:41.595,12.05278,12.05531,0.00,0.00
2017.03.09 07:35:41.941,12.05289,12.05531,0.00,0.00
2017.03.09 07:35:41.992,12.05279,12.05531,0.00,0.00
2017.03.09 07:35:42.047,12.05298,12.05531,0.00,0.00
2017.03.09 07:35:42.379,12.05269,12.05531,0.00,0.00
2017.03.09 07:35:42.448,12.05299,12.05531,0.00,0.00
2017.03.09 07:35:42.651,12.05268,12.05531,0.00,0.00
2017.03.09 07:35:43.550,12.05279,12.05531,0.00,0.00
2017.03.09 07:35:44.689,12.05269,12.05531,0.00,0.00
2017.03.09 07:35:44.752,12.05299,12.05531,0.00,0.00
2017.03.09 07:35:45.194,12.05268,12.05531,0.00,0.00
2017.03.09 07:35:45.295,12.05249,12.05531,0.00,0.00
2017.03.09 07:35:45.353,12.05269,12.05531,0.00,0.00
2017.03.09 07:35:47.303,12.05278,12.05531,0.00,0.00
2017.03.09 07:35:47.658,12.05288,12.05531,0.00,0.00
2017.03.09 07:35:47.777,12.05269,12.05531,0.00,0.00
2017.03.09 07:35:48.159,12.05279,12.05531,0.00,0.00
2017.03.09 07:35:48.360,12.05269,12.05531,0.00,0.00
2017.03.09 07:35:48.460,12.05279,12.05531,0.00,0.00
2017.03.09 07:35:48.962,12.05278,12.05531,0.00,0.00
2017.03.09 07:35:50.486,12.05288,12.05531,0.00,0.00
2017.03.09 07:35:50.766,12.05268,12.05531,0.00,0.00
2017.03.09 07:35:50.870,12.05258,12.05531,0.00,0.00
2017.03.09 07:35:50.967,12.05269,12.05531,0.00,0.00
2017.03.09 07:35:51.394,12.05289,12.05531,0.00,0.00
2017.03.09 07:35:54.574,12.05258,12.05531,0.00,0.00
2017.03.09 07:35:57.780,12.05248,12.05531,0.00,0.00
2017.03.09 07:35:58.581,12.05279,12.05531,0.00,0.00
2017.03.09 07:35:58.982,12.05259,12.05531,0.00,0.00
2017.03.09 07:35:59.824,12.05252,12.05522,0.00,0.00
2017.03.09 07:36:00.270,12.05288,12.05531,0.00,0.00
2017.03.09 07:36:01.809,12.05259,12.05531,0.00,0.00
2017.03.09 07:36:01.904,12.05288,12.05572,0.00,0.00
2017.03.09 07:36:02.005,12.05299,12.05531,0.00,0.00
2017.03.09 07:36:02.108,12.05278,12.05531,0.00,0.00
2017.03.09 07:36:02.219,12.05258,12.05531,0.00,0.00
2017.03.09 07:36:02.288,12.05289,12.05531,0.00,0.00
2017.03.09 07:36:02.487,12.05252,12.05531,0.00,0.00
2017.03.09 07:36:03.297,12.05252,12.05522,0.00,0.00
2017.03.09 07:36:03.391,12.05258,12.05531,0.00,0.00
2017.03.09 07:36:03.492,12.05289,12.05531,0.00,0.00
2017.03.09 07:36:03.731,12.05259,12.05531,0.00,0.00
2017.03.09 07:36:03.832,12.05252,12.05531,0.00,0.00
2017.03.09 07:36:04.009,12.05278,12.05531,0.00,0.00
2017.03.09 07:36:04.128,12.05252,12.05531,0.00,0.00
2017.03.09 07:36:04.732,12.05289,12.05531,0.00,0.00
2017.03.09 07:36:06.296,12.05269,12.05531,0.00,0.00
2017.03.09 07:36:07.599,12.05289,12.05531,0.00,0.00
2017.03.09 07:36:08.845,12.05279,12.05531,0.00,0.00
2017.03.09 07:36:08.903,12.05288,12.05531,0.00,0.00
2017.03.09 07:36:13.013,12.05279,12.05531,0.00,0.00
2017.03.09 07:36:13.116,12.05298,12.05531,0.00,0.00
2017.03.09 07:36:13.442,12.05308,12.05531,0.00,0.00
2017.03.09 07:36:13.595,12.05269,12.05531,0.00,0.00
2017.03.09 07:36:13.822,12.05278,12.05531,0.00,0.00
2017.03.09 07:36:14.414,12.05259,12.05531,0.00,0.00
2017.03.09 07:36:14.715,12.05279,12.05531,0.00,0.00
2017.03.09 07:36:17.120,12.05288,12.05531,0.00,0.00
2017.03.09 07:36:17.474,12.05298,12.05531,0.00,0.00
2017.03.09 07:36:17.525,12.05279,12.05531,0.00,0.00
2017.03.09 07:36:17.648,12.05259,12.05531,0.00,0.00
2017.03.09 07:36:17.769,12.05252,12.05531,0.00,0.00
2017.03.09 07:36:18.340,12.05288,12.05531,0.00,0.00
2017.03.09 07:36:18.422,12.05259,12.05531,0.00,0.00
2017.03.09 07:36:18.827,12.05269,12.05531,0.00,0.00
2017.03.09 07:36:18.935,12.05258,12.05531,0.00,0.00
2017.03.09 07:36:19.044,12.05299,12.05531,0.00,0.00
2017.03.09 07:36:19.269,12.05309,12.05552,0.00,0.00
2017.03.09 07:36:19.325,12.05309,12.05572,0.00,0.00
2017.03.09 07:36:19.927,12.05309,12.05566,0.00,0.00
2017.03.09 07:36:20.568,12.05309,12.05552,0.00,0.00
2017.03.09 07:36:20.629,12.05309,12.05581,0.00,0.00
2017.03.09 07:36:20.922,12.05309,12.05552,0.00,0.00
2017.03.09 07:36:21.253,12.05309,12.05561,0.00,0.00
2017.03.09 07:36:21.732,12.05309,12.05581,0.00,0.00
2017.03.09 07:36:23.178,12.05309,12.05552,0.00,0.00
2017.03.09 07:36:23.236,12.05309,12.05581,0.00,0.00
2017.03.09 07:36:23.975,12.05309,12.05552,0.00,0.00
2017.03.09 07:36:24.037,12.05309,12.05581,0.00,0.00
2017.03.09 07:36:24.154,12.05309,12.05552,0.00,0.00
2017.03.09 07:36:24.345,12.05309,12.05581,0.00,0.00
2017.03.09 07:36:24.539,12.05309,12.05561,0.00,0.00
2017.03.09 07:36:24.886,12.05309,12.05552,0.00,0.00
2017.03.09 07:36:25.040,12.05309,12.05561,0.00,0.00
2017.03.09 07:36:25.166,12.05309,12.05581,0.00,0.00
2017.03.09 07:36:26.380,12.05309,12.05572,0.00,0.00
2017.03.09 07:36:26.443,12.05309,12.05581,0.00,0.00
2017.03.09 07:36:28.394,12.05309,12.05551,0.00,0.00
2017.03.09 07:36:29.255,12.05309,12.05581,0.00,0.00
2017.03.09 07:36:30.050,12.05309,12.05572,0.00,0.00
2017.03.09 07:36:30.150,12.05309,12.05581,0.00,0.00
2017.03.09 07:36:31.274,12.05309,12.05571,0.00,0.00
2017.03.09 07:36:31.760,12.05309,12.05561,0.00,0.00
2017.03.09 07:36:31.885,12.05309,12.05581,0.00,0.00
2017.03.09 07:36:32.411,12.05309,12.05552,0.00,0.00
2017.03.09 07:36:32.555,12.05309,12.05562,0.00,0.00
2017.03.09 07:36:32.793,12.05309,12.05552,0.00,0.00
2017.03.09 07:36:32.902,12.05309,12.05562,0.00,0.00
2017.03.09 07:36:33.003,12.05318,12.05581,0.00,0.00
2017.03.09 07:36:33.297,12.05309,12.05561,0.00,0.00
2017.03.09 07:36:33.615,12.05309,12.05552,0.00,0.00
2017.03.09 07:36:33.666,12.05309,12.05572,0.00,0.00
2017.03.09 07:36:33.779,12.05309,12.05552,0.00,0.00
2017.03.09 07:36:33.909,12.05309,12.05581,0.00,0.00
2017.03.09 07:36:34.158,12.05309,12.05571,0.00,0.00
2017.03.09 07:36:34.369,12.05309,12.05581,0.00,0.00
2017.03.09 07:36:34.851,12.05358,12.05591,0.00,0.00
2017.03.09 07:36:35.062,12.05408,12.05661,0.00,0.00
2017.03.09 07:36:35.162,12.05408,12.05672,0.00,0.00
2017.03.09 07:36:35.315,12.05399,12.05671,0.00,0.00
2017.03.09 07:36:35.863,12.05399,12.05661,0.00,0.00
2017.03.09 07:36:36.191,12.05399,12.05671,0.00,0.00
2017.03.09 07:36:37.265,12.05399,12.05642,0.00,0.00
2017.03.09 07:36:37.599,12.05399,12.05662,0.00,0.00
2017.03.09 07:36:38.267,12.05399,12.05671,0.00,0.00
2017.03.09 07:36:43.504,12.05399,12.05631,0.00,0.00
2017.03.09 07:36:43.987,12.05399,12.05671,0.00,0.00
2017.03.09 07:36:44.094,12.05399,12.05661,0.00,0.00
2017.03.09 07:36:44.455,12.05399,12.05652,0.00,0.00
2017.03.09 07:36:44.606,12.05348,12.05609,0.00,0.00
2017.03.09 07:36:44.718,12.05329,12.05572,0.00,0.00
2017.03.09 07:36:44.777,12.05298,12.05542,0.00,0.00
2017.03.09 07:36:46.216,12.05298,12.05562,0.00,0.00
2017.03.09 07:36:46.580,12.05298,12.05571,0.00,0.00
2017.03.09 07:36:46.823,12.05298,12.05532,0.00,0.00
2017.03.09 07:36:47.306,12.05298,12.05562,0.00,0.00
2017.03.09 07:36:47.427,12.05308,12.05572,0.00,0.00
2017.03.09 07:36:47.819,12.05298,12.05562,0.00,0.00
2017.03.09 07:36:48.136,12.05318,12.05572,0.00,0.00
2017.03.09 07:36:48.383,12.05309,12.05572,0.00,0.00
2017.03.09 07:36:49.281,12.05349,12.05591,0.00,0.00
2017.03.09 07:36:49.486,12.05399,12.05662,0.00,0.00
2017.03.09 07:36:50.330,12.05399,12.05632,0.00,0.00
2017.03.09 07:36:50.587,12.05399,12.05661,0.00,0.00
2017.03.09 07:36:51.128,12.05399,12.05662,0.00,0.00
2017.03.09 07:36:51.505,12.05399,12.05642,0.00,0.00
2017.03.09 07:36:52.304,12.05399,12.05651,0.00,0.00
2017.03.09 07:36:52.690,12.05399,12.05642,0.00,0.00
2017.03.09 07:36:52.829,12.05399,12.05662,0.00,0.00
2017.03.09 07:36:53.295,12.05399,12.05621,0.00,0.00
2017.03.09 07:36:53.392,12.05399,12.05662,0.00,0.00
2017.03.09 07:36:54.394,12.05399,12.05631,0.00,0.00
2017.03.09 07:36:55.395,12.05399,12.05641,0.00,0.00
2017.03.09 07:36:55.626,12.05399,12.05632,0.00,0.00
2017.03.09 07:36:56.200,12.05399,12.05642,0.00,0.00
2017.03.09 07:36:56.333,12.05399,12.05662,0.00,0.00
2017.03.09 07:36:57.716,12.05399,12.05671,0.00,0.00
2017.03.09 07:36:59.201,12.05409,12.05671,0.00,0.00
2017.03.09 07:37:00.026,12.05399,12.05671,0.00,0.00
2017.03.09 07:37:00.127,12.05408,12.05671,0.00,0.00
2017.03.09 07:37:01.344,12.05399,12.05651,0.00,0.00
2017.03.09 07:37:01.445,12.05399,12.05661,0.00,0.00
2017.03.09 07:37:01.606,12.05399,12.05671,0.00,0.00
2017.03.09 07:37:01.810,12.05399,12.05662,0.00,0.00
2017.03.09 07:37:02.176,12.05399,12.05652,0.00,0.00
2017.03.09 07:37:02.226,12.05399,12.05661,0.00,0.00
2017.03.09 07:37:02.330,12.05409,12.05671,0.00,0.00
2017.03.09 07:37:02.661,12.05399,12.05632,0.00,0.00
2017.03.09 07:37:02.910,12.05399,12.05671,0.00,0.00
2017.03.09 07:37:03.255,12.05399,12.05651,0.00,0.00
2017.03.09 07:37:04.416,12.05399,12.05642,0.00,0.00
2017.03.09 07:37:04.913,12.05399,12.05652,0.00,0.00
2017.03.09 07:37:06.415,12.05399,12.05631,0.00,0.00
2017.03.09 07:37:07.431,12.05399,12.05671,0.00,0.00
2017.03.09 07:37:07.918,12.05399,12.05651,0.00,0.00
2017.03.09 07:37:08.223,12.05399,12.05671,0.00,0.00
2017.03.09 07:37:08.625,12.05399,12.05661,0.00,0.00
2017.03.09 07:37:08.726,12.05399,12.05671,0.00,0.00
2017.03.09 07:37:08.819,12.05399,12.05641,0.00,0.00
2017.03.09 07:37:08.930,12.05399,12.05671,0.00,0.00
2017.03.09 07:37:09.042,12.05399,12.05641,0.00,0.00
2017.03.09 07:37:09.120,12.05399,12.05671,0.00,0.00
2017.03.09 07:37:10.923,12.05399,12.05652,0.00,0.00
2017.03.09 07:37:11.267,12.05399,12.05661,0.00,0.00
2017.03.09 07:37:11.440,12.05399,12.05671,0.00,0.00
2017.03.09 07:37:11.862,12.05399,12.05652,0.00,0.00
2017.03.09 07:37:12.273,12.05399,12.05641,0.00,0.00
2017.03.09 07:37:12.448,12.05399,12.05671,0.00,0.00
2017.03.09 07:37:12.630,12.05408,12.05671,0.00,0.00
2017.03.09 07:37:13.637,12.05399,12.05671,0.00,0.00
2017.03.09 07:37:13.738,12.05409,12.05671,0.00,0.00
2017.03.09 07:37:14.049,12.05399,12.05671,0.00,0.00
2017.03.09 07:37:14.155,12.05418,12.05671,0.00,0.00
2017.03.09 07:37:14.370,12.05399,12.05661,0.00,0.00
2017.03.09 07:37:14.429,12.05399,12.05671,0.00,0.00
2017.03.09 07:37:23.670,12.05419,12.05671,0.00,0.00
2017.03.09 07:37:23.872,12.05399,12.05671,0.00,0.00
2017.03.09 07:37:24.645,12.05399,12.05662,0.00,0.00
2017.03.09 07:37:25.050,12.05399,12.05651,0.00,0.00
2017.03.09 07:37:25.175,12.05399,12.05671,0.00,0.00
2017.03.09 07:37:25.546,12.05399,12.05662,0.00,0.00
2017.03.09 07:37:25.647,12.05399,12.05671,0.00,0.00
2017.03.09 07:37:27.093,12.05408,12.05671,0.00,0.00
2017.03.09 07:37:27.750,12.05399,12.05671,0.00,0.00
2017.03.09 07:37:28.287,12.05408,12.05671,0.00,0.00
2017.03.09 07:37:28.571,12.05399,12.05671,0.00,0.00
2017.03.09 07:37:28.674,12.05399,12.05661,0.00,0.00
2017.03.09 07:37:28.752,12.05408,12.05671,0.00,0.00
2017.03.09 07:37:28.892,12.05399,12.05661,0.00,0.00
2017.03.09 07:37:29.253,12.05409,12.05671,0.00,0.00
2017.03.09 07:37:29.893,12.05399,12.05662,0.00,0.00
2017.03.09 07:37:30.255,12.05399,12.05652,0.00,0.00
2017.03.09 07:37:30.451,12.05409,12.05671,0.00,0.00
2017.03.09 07:37:30.769,12.05399,12.05671,0.00,0.00
2017.03.09 07:37:30.884,12.05399,12.05662,0.00,0.00
2017.03.09 07:37:31.159,12.05399,12.05671,0.00,0.00
2017.03.09 07:37:31.260,12.05399,12.05651,0.00,0.00
2017.03.09 07:37:31.557,12.05399,12.05671,0.00,0.00
2017.03.09 07:37:31.657,12.05408,12.05671,0.00,0.00
2017.03.09 07:37:31.864,12.05399,12.05671,0.00,0.00
2017.03.09 07:37:31.958,12.05399,12.05652,0.00,0.00
2017.03.09 07:37:32.199,12.05399,12.05661,0.00,0.00
2017.03.09 07:37:32.258,12.05399,12.05671,0.00,0.00
2017.03.09 07:37:32.367,12.05399,12.05651,0.00,0.00
2017.03.09 07:37:34.383,12.05399,12.05662,0.00,0.00
2017.03.09 07:37:34.462,12.05399,12.05671,0.00,0.00
2017.03.09 07:37:36.193,12.05399,12.05651,0.00,0.00
2017.03.09 07:37:36.294,12.05409,12.05671,0.00,0.00
2017.03.09 07:37:36.472,12.05399,12.05662,0.00,0.00
2017.03.09 07:37:36.565,12.05399,12.05651,0.00,0.00
2017.03.09 07:37:36.667,12.05399,12.05661,0.00,0.00
2017.03.09 07:37:37.702,12.05418,12.05671,0.00,0.00
2017.03.09 07:37:37.868,12.05399,12.05661,0.00,0.00
2017.03.09 07:37:38.981,12.05399,12.05671,0.00,0.00
2017.03.09 07:37:39.481,12.05408,12.05671,0.00,0.00
2017.03.09 07:37:40.177,12.05399,12.05652,0.00,0.00
2017.03.09 07:37:40.533,12.05418,12.05671,0.00,0.00
2017.03.09 07:37:40.774,12.05399,12.05671,0.00,0.00
2017.03.09 07:37:44.289,12.05418,12.05671,0.00,0.00
2017.03.09 07:37:44.514,12.05399,12.05671,0.00,0.00
2017.03.09 07:37:44.615,12.05408,12.05671,0.00,0.00
2017.03.09 07:37:44.717,12.05399,12.05671,0.00,0.00
2017.03.09 07:37:44.779,12.05429,12.05671,0.00,0.00
2017.03.09 07:37:45.030,12.05399,12.05671,0.00,0.00
2017.03.09 07:37:45.218,12.05408,12.05671,0.00,0.00
2017.03.09 07:37:45.931,12.05428,12.05671,0.00,0.00
2017.03.09 07:37:45.982,12.05408,12.05671,0.00,0.00
2017.03.09 07:37:46.164,12.05451,12.05692,0.00,0.00
2017.03.09 07:37:46.215,12.05451,12.05712,0.00,0.00
2017.03.09 07:37:46.265,12.05498,12.05712,0.00,0.00
2017.03.09 07:37:46.316,12.05499,12.05772,0.00,0.00
2017.03.09 07:37:46.690,12.05498,12.05752,0.00,0.00
2017.03.09 07:37:46.798,12.05498,12.05762,0.00,0.00
2017.03.09 07:37:47.584,12.05498,12.05741,0.00,0.00
2017.03.09 07:37:48.575,12.05498,12.05771,0.00,0.00
2017.03.09 07:37:49.087,12.05498,12.05761,0.00,0.00
2017.03.09 07:37:51.004,12.05498,12.05742,0.00,0.00
2017.03.09 07:37:52.162,12.05498,12.05772,0.00,0.00
2017.03.09 07:37:52.213,12.05498,12.05742,0.00,0.00
2017.03.09 07:37:52.291,12.05499,12.05772,0.00,0.00
2017.03.09 07:37:54.595,12.05508,12.05772,0.00,0.00
2017.03.09 07:37:54.999,12.05498,12.05762,0.00,0.00
2017.03.09 07:37:55.129,12.05498,12.05772,0.00,0.00
2017.03.09 07:37:55.234,12.05498,12.05762,0.00,0.00
2017.03.09 07:37:55.545,12.05508,12.05772,0.00,0.00
2017.03.09 07:37:55.695,12.05499,12.05772,0.00,0.00
2017.03.09 07:37:55.795,12.05498,12.05752,0.00,0.00
2017.03.09 07:37:56.096,12.05498,12.05742,0.00,0.00
2017.03.09 07:37:56.296,12.05498,12.05761,0.00,0.00
2017.03.09 07:37:56.397,12.05498,12.05771,0.00,0.00
2017.03.09 07:37:57.218,12.05498,12.05762,0.00,0.00
2017.03.09 07:37:57.536,12.05498,12.05742,0.00,0.00
2017.03.09 07:37:57.999,12.05498,12.05771,0.00,0.00
2017.03.09 07:37:58.247,12.05498,12.05742,0.00,0.00
2017.03.09 07:37:58.299,12.05498,12.05772,0.00,0.00
2017.03.09 07:37:59.618,12.05498,12.05741,0.00,0.00
2017.03.09 07:37:59.702,12.05498,12.05762,0.00,0.00
2017.03.09 07:38:00.102,12.05498,12.05752,0.00,0.00
2017.03.09 07:38:00.227,12.05498,12.05772,0.00,0.00
2017.03.09 07:38:01.613,12.05498,12.05741,0.00,0.00
2017.03.09 07:38:01.704,12.05498,12.05772,0.00,0.00
2017.03.09 07:38:03.354,12.05498,12.05762,0.00,0.00
2017.03.09 07:38:03.795,12.05498,12.05742,0.00,0.00
2017.03.09 07:38:03.845,12.05498,12.05761,0.00,0.00
2017.03.09 07:38:03.952,12.05498,12.05772,0.00,0.00
2017.03.09 07:38:04.008,12.05508,12.05772,0.00,0.00
2017.03.09 07:38:04.119,12.05498,12.05772,0.00,0.00
2017.03.09 07:38:04.309,12.05509,12.05772,0.00,0.00
2017.03.09 07:38:05.329,12.05498,12.05742,0.00,0.00
2017.03.09 07:38:05.410,12.05508,12.05772,0.00,0.00
2017.03.09 07:38:05.635,12.05498,12.05772,0.00,0.00
2017.03.09 07:38:06.412,12.05508,12.05772,0.00,0.00
2017.03.09 07:38:06.718,12.05498,12.05752,0.00,0.00
2017.03.09 07:38:06.933,12.05509,12.05772,0.00,0.00
2017.03.09 07:38:07.313,12.05518,12.05772,0.00,0.00
2017.03.09 07:38:07.432,12.05498,12.05761,0.00,0.00
2017.03.09 07:38:07.533,12.05498,12.05751,0.00,0.00
2017.03.09 07:38:08.179,12.05498,12.05771,0.00,0.00
2017.03.09 07:38:08.230,12.05509,12.05772,0.00,0.00
2017.03.09 07:38:08.535,12.05498,12.05772,0.00,0.00
2017.03.09 07:38:08.637,12.05498,12.05762,0.00,0.00
2017.03.09 07:38:08.917,12.05498,12.05772,0.00,0.00
2017.03.09 07:38:09.045,12.05508,12.05772,0.00,0.00
2017.03.09 07:38:09.222,12.05498,12.05772,0.00,0.00
2017.03.09 07:38:09.458,12.05508,12.05772,0.00,0.00
2017.03.09 07:38:09.945,12.05498,12.05771,0.00,0.00
2017.03.09 07:38:10.047,12.05518,12.05772,0.00,0.00
2017.03.09 07:38:10.120,12.05508,12.05772,0.00,0.00
2017.03.09 07:38:10.354,12.05498,12.05752,0.00,0.00
2017.03.09 07:38:10.767,12.05498,12.05772,0.00,0.00
2017.03.09 07:38:11.323,12.05498,12.05762,0.00,0.00
2017.03.09 07:38:11.852,12.05498,12.05752,0.00,0.00
2017.03.09 07:38:11.923,12.05509,12.05772,0.00,0.00
2017.03.09 07:38:12.130,12.05498,12.05772,0.00,0.00
2017.03.09 07:38:12.252,12.05498,12.05752,0.00,0.00
2017.03.09 07:38:12.448,12.05498,12.05762,0.00,0.00
2017.03.09 07:38:12.556,12.05498,12.05771,0.00,0.00
2017.03.09 07:38:12.665,12.05498,12.05762,0.00,0.00
2017.03.09 07:38:13.226,12.05498,12.05771,0.00,0.00
2017.03.09 07:38:13.327,12.05498,12.05752,0.00,0.00
2017.03.09 07:38:13.441,12.05498,12.05772,0.00,0.00
2017.03.09 07:38:13.551,12.05498,12.05761,0.00,0.00
2017.03.09 07:38:13.727,12.05498,12.05772,0.00,0.00
2017.03.09 07:38:14.040,12.05508,12.05772,0.00,0.00
2017.03.09 07:38:14.143,12.05499,12.05772,0.00,0.00
2017.03.09 07:38:14.228,12.05509,12.05772,0.00,0.00
2017.03.09 07:38:14.926,12.05508,12.05772,0.00,0.00
2017.03.09 07:38:15.202,12.05498,12.05772,0.00,0.00
2017.03.09 07:38:15.474,12.05498,12.05751,0.00,0.00
2017.03.09 07:38:15.531,12.05498,12.05762,0.00,0.00
2017.03.09 07:38:15.635,12.05508,12.05772,0.00,0.00
2017.03.09 07:38:16.032,12.05498,12.05772,0.00,0.00
2017.03.09 07:38:16.182,12.05508,12.05772,0.00,0.00
2017.03.09 07:38:16.556,12.05498,12.05752,0.00,0.00
2017.03.09 07:38:17.282,12.05498,12.05772,0.00,0.00
2017.03.09 07:38:17.658,12.05498,12.05751,0.00,0.00
2017.03.09 07:38:17.936,12.05498,12.05772,0.00,0.00
2017.03.09 07:38:18.372,12.05498,12.05671,0.00,0.00
2017.03.09 07:38:18.478,12.05478,12.05671,0.00,0.00
2017.03.09 07:38:18.579,12.05399,12.05659,0.00,0.00
2017.03.09 07:38:18.949,12.05399,12.05651,0.00,0.00
2017.03.09 07:38:19.139,12.05399,12.05659,0.00,0.00
2017.03.09 07:38:19.240,12.05409,12.05659,0.00,0.00
2017.03.09 07:38:19.426,12.05399,12.05652,0.00,0.00
2017.03.09 07:38:19.477,12.05399,12.05641,0.00,0.00
2017.03.09 07:38:19.969,12.05399,12.05651,0.00,0.00
2017.03.09 07:38:20.558,12.05399,12.05631,0.00,0.00
2017.03.09 07:38:20.659,12.05399,12.05659,0.00,0.00
2017.03.09 07:38:20.946,12.05399,12.05642,0.00,0.00
2017.03.09 07:38:21.044,12.05399,12.05659,0.00,0.00
2017.03.09 07:38:21.457,12.05409,12.05659,0.00,0.00
2017.03.09 07:38:21.545,12.05399,12.05652,0.00,0.00
2017.03.09 07:38:21.646,12.05399,12.05659,0.00,0.00
2017.03.09 07:38:21.745,12.05399,12.05642,0.00,0.00
2017.03.09 07:38:22.548,12.05399,12.05659,0.00,0.00
2017.03.09 07:38:22.649,12.05399,12.05642,0.00,0.00
2017.03.09 07:38:23.050,12.05399,12.05631,0.00,0.00
2017.03.09 07:38:23.168,12.05399,12.05651,0.00,0.00
2017.03.09 07:38:23.299,12.05399,12.05632,0.00,0.00
2017.03.09 07:38:23.460,12.05349,12.05608,0.00,0.00
2017.03.09 07:38:23.582,12.05378,12.05572,0.00,0.00
2017.03.09 07:38:23.687,12.05298,12.05571,0.00,0.00
2017.03.09 07:38:24.143,12.05298,12.05559,0.00,0.00
2017.03.09 07:38:24.451,12.05318,12.05559,0.00,0.00
2017.03.09 07:38:25.056,12.05309,12.05559,0.00,0.00
2017.03.09 07:38:25.183,12.05361,12.05559,0.00,0.00
2017.03.09 07:38:25.234,12.05361,12.05572,0.00,0.00
2017.03.09 07:38:25.377,12.05399,12.05671,0.00,0.00
2017.03.09 07:38:26.089,12.05399,12.05642,0.00,0.00
2017.03.09 07:38:26.192,12.05399,12.05671,0.00,0.00
2017.03.09 07:38:26.358,12.05399,12.05661,0.00,0.00
2017.03.09 07:38:26.459,12.05399,12.05671,0.00,0.00
2017.03.09 07:38:26.570,12.05409,12.05671,0.00,0.00
2017.03.09 07:38:26.697,12.05399,12.05671,0.00,0.00
2017.03.09 07:38:26.856,12.05399,12.05641,0.00,0.00
2017.03.09 07:38:27.157,12.05399,12.05659,0.00,0.00
2017.03.09 07:38:27.786,12.05399,12.05652,0.00,0.00
2017.03.09 07:38:28.464,12.05408,12.05659,0.00,0.00
2017.03.09 07:38:28.794,12.05399,12.05642,0.00,0.00
2017.03.09 07:38:29.097,12.05399,12.05659,0.00,0.00
2017.03.09 07:38:29.198,12.05399,12.05652,0.00,0.00
2017.03.09 07:38:29.672,12.05399,12.05659,0.00,0.00
2017.03.09 07:38:29.877,12.05409,12.05659,0.00,0.00
2017.03.09 07:38:30.988,12.05399,12.05659,0.00,0.00
2017.03.09 07:38:31.097,12.05408,12.05659,0.00,0.00
2017.03.09 07:38:31.976,12.05408,12.05671,0.00,0.00
2017.03.09 07:38:32.026,12.05448,12.05692,0.00,0.00
2017.03.09 07:38:32.390,12.05499,12.05698,0.00,0.00
2017.03.09 07:38:33.144,12.05499,12.05758,0.00,0.00
2017.03.09 07:38:34.369,12.05499,12.05732,0.00,0.00
2017.03.09 07:38:34.470,12.05499,12.05758,0.00,0.00
2017.03.09 07:38:34.670,12.05499,12.05732,0.00,0.00
2017.03.09 07:38:34.905,12.05499,12.05758,0.00,0.00
2017.03.09 07:38:38.130,12.05499,12.05771,0.00,0.00
2017.03.09 07:38:38.180,12.05499,12.05762,0.00,0.00
2017.03.09 07:38:38.699,12.05508,12.05771,0.00,0.00
2017.03.09 07:38:39.186,12.05499,12.05742,0.00,0.00
2017.03.09 07:38:39.281,12.05519,12.05771,0.00,0.00
2017.03.09 07:38:40.833,12.05499,12.05771,0.00,0.00
2017.03.09 07:38:40.885,12.05499,12.05762,0.00,0.00
2017.03.09 07:38:41.876,12.05499,12.05759,0.00,0.00
2017.03.09 07:38:42.308,12.05508,12.05759,0.00,0.00
2017.03.09 07:38:42.704,12.05499,12.05759,0.00,0.00
2017.03.09 07:38:43.220,12.05499,12.05751,0.00,0.00
2017.03.09 07:38:43.320,12.05499,12.05759,0.00,0.00
2017.03.09 07:38:43.491,12.05499,12.05751,0.00,0.00
2017.03.09 07:38:43.992,12.05509,12.05759,0.00,0.00
2017.03.09 07:38:44.092,12.05499,12.05759,0.00,0.00
2017.03.09 07:38:44.202,12.05499,12.05742,0.00,0.00
2017.03.09 07:38:44.594,12.05499,12.05732,0.00,0.00
2017.03.09 07:38:44.795,12.05499,12.05759,0.00,0.00
2017.03.09 07:38:45.137,12.05499,12.05731,0.00,0.00
2017.03.09 07:38:45.239,12.05499,12.05742,0.00,0.00
2017.03.09 07:38:45.295,12.05499,12.05731,0.00,0.00
2017.03.09 07:38:45.461,12.05449,12.05709,0.00,0.00
2017.03.09 07:38:45.511,12.05469,12.05709,0.00,0.00
2017.03.09 07:38:45.612,12.05398,12.05671,0.00,0.00
2017.03.09 07:38:45.713,12.05398,12.05662,0.00,0.00
2017.03.09 07:38:46.242,12.05398,12.05651,0.00,0.00
2017.03.09 07:38:46.299,12.05418,12.05672,0.00,0.00
2017.03.09 07:38:47.525,12.05399,12.05672,0.00,0.00
2017.03.09 07:38:47.702,12.05398,12.05662,0.00,0.00
2017.03.09 07:38:48.308,12.05399,12.05621,0.00,0.00
2017.03.09 07:38:48.413,12.05399,12.05628,0.00,0.00
2017.03.09 07:38:48.715,12.05408,12.05628,0.00,0.00
2017.03.09 07:38:49.107,12.05399,12.05628,0.00,0.00
2017.03.09 07:38:49.793,12.05368,12.05619,0.00,0.00
2017.03.09 07:38:49.844,12.05358,12.05619,0.00,0.00
2017.03.09 07:38:49.894,12.05358,12.05572,0.00,0.00
2017.03.09 07:38:49.945,12.05308,12.05572,0.00,0.00
2017.03.09 07:38:50.611,12.05298,12.05572,0.00,0.00
2017.03.09 07:38:50.904,12.05298,12.05558,0.00,0.00
2017.03.09 07:38:51.507,12.05372,12.05582,0.00,0.00
2017.03.09 07:38:51.557,12.05372,12.05622,0.00,0.00
2017.03.09 07:38:51.608,12.05398,12.05632,0.00,0.00
2017.03.09 07:38:51.658,12.05419,12.05672,0.00,0.00
2017.03.09 07:38:51.764,12.05408,12.05672,0.00,0.00
2017.03.09 07:38:51.865,12.05429,12.05672,0.00,0.00
2017.03.09 07:38:51.916,12.05398,12.05672,0.00,0.00
2017.03.09 07:38:52.043,12.05419,12.05672,0.00,0.00
2017.03.09 07:38:52.373,12.05449,12.05672,0.00,0.00
2017.03.09 07:38:52.424,12.05429,12.05672,0.00,0.00
2017.03.09 07:38:52.518,12.05418,12.05672,0.00,0.00
2017.03.09 07:38:52.619,12.05399,12.05672,0.00,0.00
2017.03.09 07:38:52.861,12.05398,12.05662,0.00,0.00
2017.03.09 07:38:52.919,12.05399,12.05672,0.00,0.00
2017.03.09 07:38:53.400,12.05428,12.05672,0.00,0.00
2017.03.09 07:38:53.521,12.05408,12.05672,0.00,0.00
2017.03.09 07:38:53.636,12.05398,12.05671,0.00,0.00
2017.03.09 07:38:54.461,12.05398,12.05659,0.00,0.00
2017.03.09 07:38:56.433,12.05409,12.05659,0.00,0.00
2017.03.09 07:38:56.886,12.05418,12.05659,0.00,0.00
2017.03.09 07:38:57.978,12.05398,12.05659,0.00,0.00
2017.03.09 07:38:58.035,12.05408,12.05659,0.00,0.00
2017.03.09 07:38:59.080,12.05398,12.05659,0.00,0.00
2017.03.09 07:38:59.131,12.05388,12.05619,0.00,0.00
2017.03.09 07:38:59.181,12.05378,12.05619,0.00,0.00
2017.03.09 07:38:59.282,12.05328,12.05572,0.00,0.00
2017.03.09 07:38:59.338,12.05309,12.05572,0.00,0.00
2017.03.09 07:38:59.577,12.05298,12.05572,0.00,0.00
2017.03.09 07:38:59.908,12.05298,12.05559,0.00,0.00
2017.03.09 07:39:00.217,12.05319,12.05559,0.00,0.00
2017.03.09 07:39:00.268,12.05298,12.05559,0.00,0.00
2017.03.09 07:39:00.618,12.05362,12.05621,0.00,0.00
2017.03.09 07:39:00.769,12.05399,12.05671,0.00,0.00
2017.03.09 07:39:00.964,12.05399,12.05652,0.00,0.00
2017.03.09 07:39:01.147,12.05399,12.05671,0.00,0.00
2017.03.09 07:39:02.056,12.05399,12.05649,0.00,0.00
2017.03.09 07:39:03.559,12.05368,12.05572,0.00,0.00
2017.03.09 07:39:03.660,12.05359,12.05572,0.00,0.00
2017.03.09 07:39:03.760,12.05298,12.05572,0.00,0.00
2017.03.09 07:39:03.872,12.05339,12.05572,0.00,0.00
2017.03.09 07:39:04.156,12.05318,12.05572,0.00,0.00
2017.03.09 07:39:04.685,12.05328,12.05559,0.00,0.00
2017.03.09 07:39:05.148,12.05348,12.05559,0.00,0.00
2017.03.09 07:39:05.249,12.05299,12.05559,0.00,0.00
2017.03.09 07:39:05.300,12.05338,12.05559,0.00,0.00
2017.03.09 07:39:05.352,12.05308,12.05559,0.00,0.00
2017.03.09 07:39:06.254,12.05319,12.05559,0.00,0.00
2017.03.09 07:39:06.466,12.05299,12.05559,0.00,0.00
2017.03.09 07:39:06.575,12.05318,12.05559,0.00,0.00
2017.03.09 07:39:07.898,12.05299,12.05559,0.00,0.00
2017.03.09 07:39:08.604,12.05319,12.05559,0.00,0.00
2017.03.09 07:39:08.661,12.05299,12.05559,0.00,0.00
2017.03.09 07:39:09.263,12.05318,12.05559,0.00,0.00
2017.03.09 07:39:09.887,12.05299,12.05559,0.00,0.00
2017.03.09 07:39:09.965,12.05318,12.05559,0.00,0.00
2017.03.09 07:39:10.113,12.05299,12.05559,0.00,0.00
2017.03.09 07:39:10.165,12.05308,12.05559,0.00,0.00
2017.03.09 07:39:10.398,12.05299,12.05559,0.00,0.00
2017.03.09 07:39:12.111,12.05299,12.05571,0.00,0.00
2017.03.09 07:39:12.436,12.05361,12.05572,0.00,0.00
2017.03.09 07:39:12.486,12.05361,12.05602,0.00,0.00
2017.03.09 07:39:12.537,12.05398,12.05602,0.00,0.00
2017.03.09 07:39:12.724,12.05399,12.05608,0.00,0.00
2017.03.09 07:39:12.825,12.05398,12.05631,0.00,0.00
2017.03.09 07:39:12.926,12.05348,12.05608,0.00,0.00
2017.03.09 07:39:12.976,12.05348,12.05551,0.00,0.00
2017.03.09 07:39:13.027,12.05299,12.05551,0.00,0.00
2017.03.09 07:39:13.300,12.05299,12.05571,0.00,0.00
2017.03.09 07:39:13.382,12.05299,12.05552,0.00,0.00
2017.03.09 07:39:13.508,12.05299,12.05571,0.00,0.00
2017.03.09 07:39:13.609,12.05318,12.05571,0.00,0.00
2017.03.09 07:39:13.710,12.05362,12.05621,0.00,0.00
2017.03.09 07:39:13.761,12.05398,12.05621,0.00,0.00
2017.03.09 07:39:13.908,12.05398,12.05662,0.00,0.00
2017.03.09 07:39:14.186,12.05398,12.05652,0.00,0.00
2017.03.09 07:39:14.909,12.05398,12.05651,0.00,0.00
2017.03.09 07:39:15.779,12.05398,12.05662,0.00,0.00
2017.03.09 07:39:16.372,12.05378,12.05619,0.00,0.00
2017.03.09 07:39:16.423,12.05369,12.05619,0.00,0.00
2017.03.09 07:39:16.524,12.05298,12.05571,0.00,0.00
2017.03.09 07:39:16.581,12.05298,12.05561,0.00,0.00
2017.03.09 07:39:16.889,12.05298,12.05552,0.00,0.00
2017.03.09 07:39:16.990,12.05298,12.05562,0.00,0.00
2017.03.09 07:39:17.997,12.05298,12.05572,0.00,0.00
2017.03.09 07:39:18.084,12.05298,12.05561,0.00,0.00
2017.03.09 07:39:18.388,12.05309,12.05572,0.00,0.00
2017.03.09 07:39:19.837,12.05298,12.05562,0.00,0.00
2017.03.09 07:39:19.888,12.05309,12.05572,0.00,0.00
2017.03.09 07:39:19.989,12.05298,12.05562,0.00,0.00
2017.03.09 07:39:20.088,12.05308,12.05572,0.00,0.00
2017.03.09 07:39:20.393,12.05298,12.05542,0.00,0.00
2017.03.09 07:39:20.596,12.05198,12.05472,0.00,0.00
2017.03.09 07:39:20.647,12.05272,12.05472,0.00,0.00
2017.03.09 07:39:20.697,12.05208,12.05472,0.00,0.00
2017.03.09 07:39:20.798,12.05198,12.05471,0.00,0.00
2017.03.09 07:39:20.900,12.05198,12.05451,0.00,0.00
2017.03.09 07:39:21.010,12.05198,12.05472,0.00,0.00
2017.03.09 07:39:21.192,12.05198,12.05452,0.00,0.00
2017.03.09 07:39:21.396,12.05208,12.05472,0.00,0.00
2017.03.09 07:39:21.527,12.05248,12.05482,0.00,0.00
2017.03.09 07:39:21.577,12.05198,12.05472,0.00,0.00
2017.03.09 07:39:21.628,12.05278,12.05472,0.00,0.00
2017.03.09 07:39:21.693,12.05219,12.05472,0.00,0.00
2017.03.09 07:39:21.798,12.05198,12.05452,0.00,0.00
2017.03.09 07:39:21.924,12.05198,12.05472,0.00,0.00
2017.03.09 07:39:21.995,12.05198,12.05452,0.00,0.00
2017.03.09 07:39:22.122,12.05198,12.05462,0.00,0.00
2017.03.09 07:39:22.914,12.05219,12.05472,0.00,0.00
2017.03.09 07:39:24.099,12.05198,12.05472,0.00,0.00
2017.03.09 07:39:25.826,12.05198,12.05451,0.00,0.00
2017.03.09 07:39:25.914,12.05198,12.05461,0.00,0.00
2017.03.09 07:39:27.907,12.05198,12.05472,0.00,0.00
2017.03.09 07:39:29.111,12.05198,12.05451,0.00,0.00
2017.03.09 07:39:29.212,12.05218,12.05472,0.00,0.00
2017.03.09 07:39:30.233,12.05198,12.05472,0.00,0.00
2017.03.09 07:39:30.313,12.05209,12.05472,0.00,0.00
2017.03.09 07:39:30.727,12.05229,12.05472,0.00,0.00
2017.03.09 07:39:30.838,12.05209,12.05472,0.00,0.00
2017.03.09 07:39:30.954,12.05198,12.05471,0.00,0.00
2017.03.09 07:39:31.550,12.05198,12.05472,0.00,0.00
2017.03.09 07:39:31.616,12.05219,12.05472,0.00,0.00
2017.03.09 07:39:33.230,12.05198,12.05471,0.00,0.00
2017.03.09 07:39:33.641,12.05229,12.05472,0.00,0.00
2017.03.09 07:39:33.755,12.05209,12.05472,0.00,0.00
2017.03.09 07:39:33.856,12.05198,12.05461,0.00,0.00
2017.03.09 07:39:34.271,12.05198,12.05472,0.00,0.00
2017.03.09 07:39:34.324,12.05198,12.05462,0.00,0.00
2017.03.09 07:39:35.225,12.05198,12.05472,0.00,0.00
2017.03.09 07:39:36.659,12.05262,12.05482,0.00,0.00
2017.03.09 07:39:36.710,12.05249,12.05482,0.00,0.00
2017.03.09 07:39:36.760,12.05299,12.05501,0.00,0.00
2017.03.09 07:39:36.870,12.05299,12.05509,0.00,0.00
2017.03.09 07:39:36.921,12.05249,12.05508,0.00,0.00
2017.03.09 07:39:36.971,12.05278,12.05508,0.00,0.00
2017.03.09 07:39:37.177,12.05198,12.05461,0.00,0.00
2017.03.09 07:39:37.229,12.05209,12.05472,0.00,0.00
2017.03.09 07:39:37.565,12.05198,12.05472,0.00,0.00
2017.03.09 07:39:38.577,12.05198,12.05461,0.00,0.00
2017.03.09 07:39:38.631,12.05199,12.05472,0.00,0.00
2017.03.09 07:39:38.867,12.05198,12.05452,0.00,0.00
2017.03.09 07:39:39.383,12.05219,12.05472,0.00,0.00
2017.03.09 07:39:40.044,12.05198,12.05451,0.00,0.00
2017.03.09 07:39:40.159,12.05198,12.05461,0.00,0.00
2017.03.09 07:39:40.237,12.05198,12.05452,0.00,0.00
2017.03.09 07:39:40.345,12.05209,12.05472,0.00,0.00
2017.03.09 07:39:40.446,12.05218,12.05472,0.00,0.00
2017.03.09 07:39:41.245,12.05198,12.05461,0.00,0.00
2017.03.09 07:39:41.296,12.05271,12.05461,0.00,0.00
2017.03.09 07:39:41.346,12.05271,12.05521,0.00,0.00
2017.03.09 07:39:41.397,12.05298,12.05522,0.00,0.00
2017.03.09 07:39:41.447,12.05298,12.05549,0.00,0.00
2017.03.09 07:39:42.178,12.05308,12.05549,0.00,0.00
2017.03.09 07:39:42.460,12.05308,12.05572,0.00,0.00
2017.03.09 07:39:43.688,12.05298,12.05562,0.00,0.00
2017.03.09 07:39:44.144,12.05298,12.05571,0.00,0.00
2017.03.09 07:39:44.658,12.05298,12.05562,0.00,0.00
2017.03.09 07:39:45.054,12.05309,12.05572,0.00,0.00
2017.03.09 07:39:45.546,12.05298,12.05571,0.00,0.00
2017.03.09 07:39:45.649,12.05308,12.05572,0.00,0.00
2017.03.09 07:39:46.381,12.05298,12.05562,0.00,0.00
2017.03.09 07:39:46.689,12.05318,12.05572,0.00,0.00
2017.03.09 07:39:46.795,12.05298,12.05562,0.00,0.00
2017.03.09 07:39:46.954,12.05361,12.05572,0.00,0.00
2017.03.09 07:39:47.055,12.05361,12.05612,0.00,0.00
2017.03.09 07:39:47.106,12.05399,12.05609,0.00,0.00
2017.03.09 07:39:47.257,12.05299,12.05571,0.00,0.00
2017.03.09 07:39:47.475,12.05328,12.05571,0.00,0.00
2017.03.09 07:39:47.581,12.05299,12.05562,0.00,0.00
2017.03.09 07:39:47.693,12.05299,12.05571,0.00,0.00
2017.03.09 07:39:47.753,12.05299,12.05562,0.00,0.00
2017.03.09 07:39:48.200,12.05299,12.05552,0.00,0.00
2017.03.09 07:39:48.255,12.05299,12.05561,0.00,0.00
2017.03.09 07:39:48.356,12.05299,12.05552,0.00,0.00
2017.03.09 07:39:48.590,12.05299,12.05571,0.00,0.00
2017.03.09 07:39:49.673,12.05299,12.05562,0.00,0.00
2017.03.09 07:39:50.697,12.05299,12.05552,0.00,0.00
2017.03.09 07:39:50.993,12.05299,12.05571,0.00,0.00
2017.03.09 07:39:51.169,12.05299,12.05541,0.00,0.00
2017.03.09 07:39:51.385,12.05299,12.05571,0.00,0.00
2017.03.09 07:39:51.461,12.05308,12.05571,0.00,0.00
2017.03.09 07:39:51.997,12.05309,12.05571,0.00,0.00
2017.03.09 07:39:52.287,12.05299,12.05571,0.00,0.00
2017.03.09 07:39:52.397,12.05319,12.05571,0.00,0.00
2017.03.09 07:39:52.463,12.05299,12.05571,0.00,0.00
2017.03.09 07:39:52.563,12.05319,12.05571,0.00,0.00
2017.03.09 07:39:53.088,12.05299,12.05571,0.00,0.00
2017.03.09 07:39:53.286,12.05319,12.05571,0.00,0.00
2017.03.09 07:39:53.666,12.05299,12.05571,0.00,0.00
2017.03.09 07:39:53.773,12.05299,12.05562,0.00,0.00
2017.03.09 07:39:54.576,12.05299,12.05561,0.00,0.00
2017.03.09 07:39:55.382,12.05299,12.05571,0.00,0.00
2017.03.09 07:39:55.484,12.05299,12.05552,0.00,0.00
2017.03.09 07:39:55.818,12.05299,12.05531,0.00,0.00
2017.03.09 07:39:55.875,12.05299,12.05562,0.00,0.00
2017.03.09 07:39:55.975,12.05308,12.05571,0.00,0.00
2017.03.09 07:39:56.714,12.05299,12.05571,0.00,0.00
2017.03.09 07:39:56.777,12.05299,12.05541,0.00,0.00
2017.03.09 07:39:57.092,12.05299,12.05552,0.00,0.00
2017.03.09 07:39:57.487,12.05299,12.05562,0.00,0.00
2017.03.09 07:39:57.594,12.05299,12.05571,0.00,0.00
2017.03.09 07:40:00.014,12.05299,12.05551,0.00,0.00
2017.03.09 07:40:00.117,12.05299,12.05571,0.00,0.00
2017.03.09 07:40:00.186,12.05299,12.05562,0.00,0.00
2017.03.09 07:40:00.693,12.05299,12.05561,0.00,0.00
2017.03.09 07:40:00.905,12.05249,12.05521,0.00,0.00
2017.03.09 07:40:01.006,12.05199,12.05472,0.00,0.00
2017.03.09 07:40:01.272,12.05218,12.05472,0.00,0.00
2017.03.09 07:40:01.323,12.05198,12.05462,0.00,0.00
2017.03.09 07:40:01.493,12.05198,12.05452,0.00,0.00
2017.03.09 07:40:01.715,12.05198,12.05461,0.00,0.00
2017.03.09 07:40:01.794,12.05198,12.05472,0.00,0.00
2017.03.09 07:40:01.894,12.05219,12.05472,0.00,0.00
2017.03.09 07:40:01.996,12.05198,12.05472,0.00,0.00
2017.03.09 07:40:02.100,12.05218,12.05472,0.00,0.00
2017.03.09 07:40:02.318,12.05198,12.05462,0.00,0.00
2017.03.09 07:40:02.396,12.05198,12.05472,0.00,0.00
2017.03.09 07:40:03.117,12.05218,12.05472,0.00,0.00
2017.03.09 07:40:03.910,12.05198,12.05471,0.00,0.00
2017.03.09 07:40:04.170,12.05198,12.05451,0.00,0.00
2017.03.09 07:40:04.221,12.05198,12.05472,0.00,0.00
2017.03.09 07:40:04.323,12.05209,12.05472,0.00,0.00
2017.03.09 07:40:04.660,12.05218,12.05472,0.00,0.00
2017.03.09 07:40:04.711,12.05208,12.05472,0.00,0.00
2017.03.09 07:40:04.816,12.05198,12.05471,0.00,0.00
2017.03.09 07:40:05.204,12.05218,12.05472,0.00,0.00
2017.03.09 07:40:05.307,12.05208,12.05472,0.00,0.00
2017.03.09 07:40:05.408,12.05198,12.05471,0.00,0.00
2017.03.09 07:40:05.728,12.05198,12.05462,0.00,0.00
2017.03.09 07:40:05.839,12.05198,12.05472,0.00,0.00
2017.03.09 07:40:05.951,12.05219,12.05472,0.00,0.00
2017.03.09 07:40:06.052,12.05198,12.05472,0.00,0.00
2017.03.09 07:40:06.531,12.05218,12.05472,0.00,0.00
2017.03.09 07:40:06.733,12.05299,12.05562,0.00,0.00
2017.03.09 07:40:06.837,12.05299,12.05571,0.00,0.00
2017.03.09 07:40:07.310,12.05299,12.05551,0.00,0.00
2017.03.09 07:40:07.411,12.05299,12.05571,0.00,0.00
2017.03.09 07:40:08.113,12.05299,12.05562,0.00,0.00
2017.03.09 07:40:08.313,12.05299,12.05571,0.00,0.00
2017.03.09 07:40:09.751,12.05299,12.05568,0.00,0.00
2017.03.09 07:40:10.059,12.05198,12.05472,0.00,0.00
2017.03.09 07:40:10.117,12.05198,12.05461,0.00,0.00
2017.03.09 07:40:10.260,12.05198,12.05472,0.00,0.00
2017.03.09 07:40:10.518,12.05198,12.05461,0.00,0.00
2017.03.09 07:40:10.847,12.05239,12.05472,0.00,0.00
2017.03.09 07:40:11.020,12.05218,12.05472,0.00,0.00
2017.03.09 07:40:11.120,12.05238,12.05472,0.00,0.00
2017.03.09 07:40:11.626,12.05219,12.05472,0.00,0.00
2017.03.09 07:40:12.122,12.05199,12.05472,0.00,0.00
2017.03.09 07:40:12.344,12.05218,12.05472,0.00,0.00
2017.03.09 07:40:12.422,12.05199,12.05472,0.00,0.00
2017.03.09 07:40:12.634,12.05219,12.05472,0.00,0.00
2017.03.09 07:40:12.942,12.05229,12.05472,0.00,0.00
2017.03.09 07:40:13.328,12.05248,12.05511,0.00,0.00
2017.03.09 07:40:13.429,12.05248,12.05522,0.00,0.00
2017.03.09 07:40:13.480,12.05299,12.05532,0.00,0.00
2017.03.09 07:40:13.530,12.05299,12.05571,0.00,0.00
2017.03.09 07:40:14.027,12.05299,12.05561,0.00,0.00
2017.03.09 07:40:14.595,12.05299,12.05542,0.00,0.00
2017.03.09 07:40:14.827,12.05299,12.05571,0.00,0.00
2017.03.09 07:40:14.975,12.05299,12.05541,0.00,0.00
2017.03.09 07:40:15.028,12.05299,12.05571,0.00,0.00
2017.03.09 07:40:16.230,12.05299,12.05562,0.00,0.00
2017.03.09 07:40:17.432,12.05299,12.05571,0.00,0.00
2017.03.09 07:40:17.533,12.05299,12.05562,0.00,0.00
2017.03.09 07:40:19.134,12.05299,12.05541,0.00,0.00
2017.03.09 07:40:20.245,12.05299,12.05562,0.00,0.00
2017.03.09 07:40:20.386,12.05299,12.05571,0.00,0.00
2017.03.09 07:40:20.560,12.05299,12.05541,0.00,0.00
2017.03.09 07:40:20.713,12.05299,12.05571,0.00,0.00
2017.03.09 07:40:20.837,12.05308,12.05571,0.00,0.00
2017.03.09 07:40:21.178,12.05299,12.05551,0.00,0.00
2017.03.09 07:40:21.449,12.05299,12.05571,0.00,0.00
2017.03.09 07:40:21.577,12.05299,12.05561,0.00,0.00
2017.03.09 07:40:22.042,12.05299,12.05542,0.00,0.00
2017.03.09 07:40:22.154,12.05299,12.05559,0.00,0.00
2017.03.09 07:40:22.255,12.05299,12.05551,0.00,0.00
2017.03.09 07:40:22.625,12.05299,12.05542,0.00,0.00
2017.03.09 07:40:22.742,12.05299,12.05559,0.00,0.00
2017.03.09 07:40:24.548,12.05299,12.05542,0.00,0.00
2017.03.09 07:40:24.746,12.05299,12.05552,0.00,0.00
2017.03.09 07:40:24.975,12.05299,12.05541,0.00,0.00
2017.03.09 07:40:25.047,12.05299,12.05552,0.00,0.00
2017.03.09 07:40:25.147,12.05299,12.05541,0.00,0.00
2017.03.09 07:40:25.658,12.05299,12.05559,0.00,0.00
2017.03.09 07:40:25.748,12.05299,12.05532,0.00,0.00
2017.03.09 07:40:26.068,12.05299,12.05542,0.00,0.00
2017.03.09 07:40:26.177,12.05299,12.05532,0.00,0.00
2017.03.09 07:40:26.249,12.05299,12.05559,0.00,0.00
2017.03.09 07:40:26.951,12.05299,12.05542,0.00,0.00
2017.03.09 07:40:27.896,12.05299,12.05552,0.00,0.00
2017.03.09 07:40:28.285,12.05299,12.05548,0.00,0.00
2017.03.09 07:40:28.598,12.05299,12.05532,0.00,0.00
2017.03.09 07:40:28.654,12.05299,12.05541,0.00,0.00
2017.03.09 07:40:29.499,12.05299,12.05548,0.00,0.00
2017.03.09 07:40:31.286,12.05299,12.05559,0.00,0.00
2017.03.09 07:40:32.566,12.05299,12.05542,0.00,0.00
2017.03.09 07:40:33.362,12.05299,12.05552,0.00,0.00
2017.03.09 07:40:33.507,12.05299,12.05559,0.00,0.00
2017.03.09 07:40:33.665,12.05299,12.05552,0.00,0.00
2017.03.09 07:40:35.365,12.05299,12.05559,0.00,0.00
2017.03.09 07:40:39.220,12.05299,12.05548,0.00,0.00
2017.03.09 07:40:39.480,12.05198,12.05472,0.00,0.00
2017.03.09 07:40:39.705,12.05208,12.05472,0.00,0.00
2017.03.09 07:40:40.084,12.05198,12.05451,0.00,0.00
2017.03.09 07:40:40.187,12.05199,12.05458,0.00,0.00
2017.03.09 07:40:40.373,12.05209,12.05458,0.00,0.00
2017.03.09 07:40:40.604,12.05198,12.05458,0.00,0.00
2017.03.09 07:40:40.674,12.05209,12.05458,0.00,0.00
2017.03.09 07:40:40.791,12.05198,12.05458,0.00,0.00
2017.03.09 07:40:40.874,12.05209,12.05458,0.00,0.00
2017.03.09 07:40:41.375,12.05199,12.05458,0.00,0.00
2017.03.09 07:40:42.301,12.05218,12.05458,0.00,0.00
2017.03.09 07:40:42.412,12.05198,12.05458,0.00,0.00
2017.03.09 07:40:42.477,12.05218,12.05458,0.00,0.00
2017.03.09 07:40:42.577,12.05198,12.05458,0.00,0.00
2017.03.09 07:40:42.778,12.05209,12.05458,0.00,0.00
2017.03.09 07:40:42.888,12.05199,12.05458,0.00,0.00
2017.03.09 07:40:43.288,12.05208,12.05458,0.00,0.00
2017.03.09 07:40:43.379,12.05198,12.05458,0.00,0.00
2017.03.09 07:40:44.306,12.05209,12.05458,0.00,0.00
2017.03.09 07:40:44.494,12.05198,12.05458,0.00,0.00
2017.03.09 07:40:44.621,12.05208,12.05458,0.00,0.00
2017.03.09 07:40:44.726,12.05198,12.05458,0.00,0.00
2017.03.09 07:40:44.909,12.05208,12.05458,0.00,0.00
2017.03.09 07:40:45.202,12.05199,12.05458,0.00,0.00
2017.03.09 07:40:45.303,12.05218,12.05458,0.00,0.00
2017.03.09 07:40:45.530,12.05198,12.05458,0.00,0.00
2017.03.09 07:40:45.583,12.05198,12.05451,0.00,0.00
2017.03.09 07:40:45.683,12.05198,12.05458,0.00,0.00
2017.03.09 07:40:45.914,12.05209,12.05458,0.00,0.00
2017.03.09 07:40:46.284,12.05198,12.05458,0.00,0.00
2017.03.09 07:40:46.691,12.05208,12.05458,0.00,0.00
2017.03.09 07:40:47.286,12.05198,12.05458,0.00,0.00
2017.03.09 07:40:48.111,12.05208,12.05458,0.00,0.00
2017.03.09 07:40:48.288,12.05199,12.05458,0.00,0.00
2017.03.09 07:40:48.492,12.05198,12.05452,0.00,0.00
2017.03.09 07:40:48.588,12.05198,12.05458,0.00,0.00
2017.03.09 07:40:48.723,12.05209,12.05458,0.00,0.00
2017.03.09 07:40:48.789,12.05198,12.05458,0.00,0.00
2017.03.09 07:40:48.903,12.05219,12.05458,0.00,0.00
2017.03.09 07:40:49.018,12.05219,12.05472,0.00,0.00
2017.03.09 07:40:49.228,12.05198,12.05461,0.00,0.00
2017.03.09 07:40:49.290,12.05198,12.05451,0.00,0.00
2017.03.09 07:40:49.411,12.05198,12.05472,0.00,0.00
2017.03.09 07:40:49.590,12.05218,12.05472,0.00,0.00
2017.03.09 07:40:49.690,12.05209,12.05472,0.00,0.00
2017.03.09 07:40:50.191,12.05218,12.05472,0.00,0.00
2017.03.09 07:40:50.500,12.05298,12.05502,0.00,0.00
2017.03.09 07:40:50.721,12.05278,12.05521,0.00,0.00
2017.03.09 07:40:50.822,12.05249,12.05521,0.00,0.00
2017.03.09 07:40:50.872,12.05249,12.05472,0.00,0.00
2017.03.09 07:40:50.923,12.05239,12.05472,0.00,0.00
2017.03.09 07:40:51.027,12.05198,12.05472,0.00,0.00
2017.03.09 07:40:51.093,12.05198,12.05461,0.00,0.00
2017.03.09 07:40:51.594,12.05218,12.05472,0.00,0.00
2017.03.09 07:40:51.895,12.05298,12.05478,0.00,0.00
2017.03.09 07:40:52.147,12.05298,12.05531,0.00,0.00
2017.03.09 07:40:52.235,12.05249,12.05522,0.00,0.00
2017.03.09 07:40:52.336,12.05238,12.05471,0.00,0.00
2017.03.09 07:40:52.396,12.05199,12.05462,0.00,0.00
2017.03.09 07:40:52.615,12.05199,12.05471,0.00,0.00
2017.03.09 07:40:52.716,12.05199,12.05452,0.00,0.00
2017.03.09 07:40:53.177,12.05199,12.05458,0.00,0.00
2017.03.09 07:40:53.228,12.05209,12.05458,0.00,0.00
2017.03.09 07:40:53.333,12.05199,12.05452,0.00,0.00
2017.03.09 07:40:54.400,12.05199,12.05458,0.00,0.00
2017.03.09 07:40:55.337,12.05199,12.05452,0.00,0.00
2017.03.09 07:40:56.013,12.05199,12.05458,0.00,0.00
2017.03.09 07:40:58.004,12.05199,12.05441,0.00,0.00
2017.03.09 07:40:58.711,12.05199,12.05431,0.00,0.00
2017.03.09 07:40:58.822,12.05149,12.05422,0.00,0.00
2017.03.09 07:40:58.922,12.05188,12.05372,0.00,0.00
2017.03.09 07:40:59.023,12.05098,12.05352,0.00,0.00
2017.03.09 07:40:59.150,12.05098,12.05341,0.00,0.00
2017.03.09 07:40:59.207,12.05109,12.05372,0.00,0.00
2017.03.09 07:40:59.415,12.05098,12.05361,0.00,0.00
2017.03.09 07:40:59.888,12.05098,12.05359,0.00,0.00
2017.03.09 07:41:00.209,12.05108,12.05359,0.00,0.00
2017.03.09 07:41:00.515,12.05098,12.05359,0.00,0.00
2017.03.09 07:41:00.619,12.05119,12.05359,0.00,0.00
2017.03.09 07:41:00.917,12.05098,12.05359,0.00,0.00
2017.03.09 07:41:01.730,12.05118,12.05359,0.00,0.00
2017.03.09 07:41:01.834,12.05099,12.05359,0.00,0.00
2017.03.09 07:41:01.951,12.05119,12.05359,0.00,0.00
2017.03.09 07:41:02.058,12.05098,12.05359,0.00,0.00
2017.03.09 07:41:02.347,12.05118,12.05359,0.00,0.00
2017.03.09 07:41:02.713,12.05098,12.05352,0.00,0.00
2017.03.09 07:41:02.821,12.05098,12.05359,0.00,0.00
2017.03.09 07:41:03.052,12.05118,12.05359,0.00,0.00
2017.03.09 07:41:03.414,12.05098,12.05351,0.00,0.00
2017.03.09 07:41:03.514,12.05098,12.05359,0.00,0.00
2017.03.09 07:41:03.914,12.05119,12.05359,0.00,0.00
2017.03.09 07:41:04.015,12.05109,12.05359,0.00,0.00
2017.03.09 07:41:04.129,12.05098,12.05359,0.00,0.00
2017.03.09 07:41:04.235,12.05108,12.05359,0.00,0.00
2017.03.09 07:41:04.607,12.05128,12.05359,0.00,0.00
2017.03.09 07:41:04.657,12.05118,12.05359,0.00,0.00
2017.03.09 07:41:05.356,12.05098,12.05352,0.00,0.00
2017.03.09 07:41:05.417,12.05098,12.05359,0.00,0.00
2017.03.09 07:41:05.554,12.05098,12.05352,0.00,0.00
2017.03.09 07:41:05.618,12.05098,12.05359,0.00,0.00
2017.03.09 07:41:05.719,12.05098,12.05352,0.00,0.00
2017.03.09 07:41:05.852,12.05098,12.05359,0.00,0.00
2017.03.09 07:41:05.918,12.05098,12.05351,0.00,0.00
2017.03.09 07:41:06.239,12.05109,12.05359,0.00,0.00
2017.03.09 07:41:06.344,12.05098,12.05359,0.00,0.00
2017.03.09 07:41:06.520,12.05098,12.05342,0.00,0.00
2017.03.09 07:41:06.619,12.05098,12.05359,0.00,0.00
2017.03.09 07:41:07.659,12.05108,12.05359,0.00,0.00
2017.03.09 07:41:07.721,12.05098,12.05359,0.00,0.00
2017.03.09 07:41:07.865,12.05109,12.05359,0.00,0.00
2017.03.09 07:41:08.653,12.05098,12.05359,0.00,0.00
2017.03.09 07:41:08.722,12.05098,12.05342,0.00,0.00
2017.03.09 07:41:09.142,12.05098,12.05359,0.00,0.00
2017.03.09 07:41:10.251,12.05098,12.05341,0.00,0.00
2017.03.09 07:41:10.352,12.05098,12.05359,0.00,0.00
2017.03.09 07:41:10.637,12.05109,12.05359,0.00,0.00
2017.03.09 07:41:11.566,12.05098,12.05359,0.00,0.00
2017.03.09 07:41:13.129,12.05109,12.05359,0.00,0.00
2017.03.09 07:41:13.243,12.05098,12.05351,0.00,0.00
2017.03.09 07:41:13.378,12.05098,12.05341,0.00,0.00
2017.03.09 07:41:13.937,12.05059,12.05321,0.00,0.00
2017.03.09 07:41:14.038,12.05088,12.05321,0.00,0.00
2017.03.09 07:41:14.139,12.04998,12.05272,0.00,0.00
2017.03.09 07:41:14.531,12.05019,12.05272,0.00,0.00
2017.03.09 07:41:14.632,12.04998,12.05271,0.00,0.00
2017.03.09 07:41:14.729,12.04998,12.05259,0.00,0.00
2017.03.09 07:41:15.059,12.05019,12.05259,0.00,0.00
2017.03.09 07:41:15.363,12.05108,12.05259,0.00,0.00
2017.03.09 07:41:15.422,12.05108,12.05359,0.00,0.00
2017.03.09 07:41:15.934,12.05098,12.05359,0.00,0.00
2017.03.09 07:41:16.964,12.05109,12.05359,0.00,0.00
2017.03.09 07:41:17.069,12.05098,12.05359,0.00,0.00
2017.03.09 07:41:18.960,12.05098,12.05351,0.00,0.00
2017.03.09 07:41:20.084,12.05098,12.05371,0.00,0.00
2017.03.09 07:41:20.253,12.05098,12.05342,0.00,0.00
2017.03.09 07:41:20.367,12.05108,12.05372,0.00,0.00
2017.03.09 07:41:20.770,12.05118,12.05372,0.00,0.00
2017.03.09 07:41:22.046,12.05108,12.05372,0.00,0.00
2017.03.09 07:41:22.242,12.05129,12.05372,0.00,0.00
2017.03.09 07:41:22.292,12.05109,12.05372,0.00,0.00
2017.03.09 07:41:22.699,12.05098,12.05372,0.00,0.00
2017.03.09 07:41:22.749,12.05098,12.05362,0.00,0.00
2017.03.09 07:41:22.850,12.05098,12.05371,0.00,0.00
2017.03.09 07:41:22.968,12.05128,12.05372,0.00,0.00
2017.03.09 07:41:23.651,12.05119,12.05372,0.00,0.00
2017.03.09 07:41:23.775,12.05098,12.05371,0.00,0.00
2017.03.09 07:41:24.252,12.05119,12.05372,0.00,0.00
2017.03.09 07:41:24.369,12.05109,12.05372,0.00,0.00
2017.03.09 07:41:24.502,12.05098,12.05372,0.00,0.00
2017.03.09 07:41:24.553,12.05098,12.05362,0.00,0.00
2017.03.09 07:41:24.653,12.05098,12.05372,0.00,0.00
2017.03.09 07:41:25.772,12.05099,12.05372,0.00,0.00
2017.03.09 07:41:25.873,12.05098,12.05361,0.00,0.00
2017.03.09 07:41:26.435,12.05098,12.05352,0.00,0.00
2017.03.09 07:41:26.805,12.05068,12.05271,0.00,0.00
2017.03.09 07:41:26.855,12.05098,12.05352,0.00,0.00
2017.03.09 07:41:26.906,12.05098,12.05321,0.00,0.00
2017.03.09 07:41:26.957,12.05098,12.05352,0.00,0.00
2017.03.09 07:41:27.068,12.05109,12.05372,0.00,0.00
2017.03.09 07:41:27.566,12.05098,12.05362,0.00,0.00
2017.03.09 07:41:27.669,12.05118,12.05372,0.00,0.00
2017.03.09 07:41:28.161,12.05099,12.05372,0.00,0.00
2017.03.09 07:41:29.700,12.05119,12.05372,0.00,0.00
2017.03.09 07:41:30.796,12.05129,12.05372,0.00,0.00
2017.03.09 07:41:31.136,12.05138,12.05372,0.00,0.00
2017.03.09 07:41:31.804,12.05108,12.05372,0.00,0.00
2017.03.09 07:41:31.907,12.05119,12.05372,0.00,0.00
2017.03.09 07:41:31.966,12.05098,12.05371,0.00,0.00
2017.03.09 07:41:32.066,12.05098,12.05362,0.00,0.00
2017.03.09 07:41:32.175,12.05099,12.05372,0.00,0.00
2017.03.09 07:41:32.899,12.05098,12.05372,0.00,0.00
2017.03.09 07:41:33.015,12.05118,12.05372,0.00,0.00
2017.03.09 07:41:33.447,12.05128,12.05372,0.00,0.00
2017.03.09 07:41:33.704,12.05098,12.05372,0.00,0.00
2017.03.09 07:41:33.770,12.05109,12.05372,0.00,0.00
2017.03.09 07:41:34.375,12.05148,12.05391,0.00,0.00
2017.03.09 07:41:34.752,12.05198,12.05429,0.00,0.00
2017.03.09 07:41:35.087,12.05219,12.05429,0.00,0.00
2017.03.09 07:41:35.187,12.05198,12.05429,0.00,0.00
2017.03.09 07:41:35.238,12.05252,12.05471,0.00,0.00
2017.03.09 07:41:35.288,12.05252,12.05482,0.00,0.00
2017.03.09 07:41:35.389,12.05299,12.05528,0.00,0.00
2017.03.09 07:41:35.941,12.05298,12.05528,0.00,0.00
2017.03.09 07:41:36.366,12.05298,12.05572,0.00,0.00
2017.03.09 07:41:37.080,12.05298,12.05551,0.00,0.00
2017.03.09 07:41:37.478,12.05298,12.05572,0.00,0.00
2017.03.09 07:41:38.480,12.05298,12.05541,0.00,0.00
2017.03.09 07:41:38.580,12.05298,12.05562,0.00,0.00
2017.03.09 07:41:39.000,12.05298,12.05572,0.00,0.00
2017.03.09 07:41:39.105,12.05298,12.05552,0.00,0.00
2017.03.09 07:41:39.182,12.05309,12.05572,0.00,0.00
2017.03.09 07:41:39.482,12.05298,12.05572,0.00,0.00
2017.03.09 07:41:39.582,12.05308,12.05572,0.00,0.00
2017.03.09 07:41:42.286,12.05298,12.05571,0.00,0.00
2017.03.09 07:41:42.987,12.05298,12.05551,0.00,0.00
2017.03.09 07:41:43.088,12.05298,12.05572,0.00,0.00
2017.03.09 07:41:43.329,12.05298,12.05541,0.00,0.00
2017.03.09 07:41:43.430,12.05308,12.05572,0.00,0.00
2017.03.09 07:41:43.726,12.05299,12.05572,0.00,0.00
2017.03.09 07:41:45.491,12.05298,12.05552,0.00,0.00
2017.03.09 07:41:45.841,12.05298,12.05562,0.00,0.00
2017.03.09 07:41:45.892,12.05298,12.05572,0.00,0.00
2017.03.09 07:41:45.997,12.05298,12.05561,0.00,0.00
2017.03.09 07:41:46.298,12.05298,12.05532,0.00,0.00
2017.03.09 07:41:46.399,12.05298,12.05541,0.00,0.00
2017.03.09 07:41:46.623,12.05288,12.05471,0.00,0.00
2017.03.09 07:41:46.724,12.05241,12.05471,0.00,0.00
2017.03.09 07:41:46.775,12.05299,12.05482,0.00,0.00
2017.03.09 07:41:46.941,12.05299,12.05532,0.00,0.00
2017.03.09 07:41:47.042,12.05299,12.05571,0.00,0.00
2017.03.09 07:41:47.609,12.05299,12.05542,0.00,0.00
2017.03.09 07:41:47.710,12.05299,12.05561,0.00,0.00
2017.03.09 07:41:48.028,12.05299,12.05541,0.00,0.00
2017.03.09 07:41:48.148,12.05299,12.05571,0.00,0.00
2017.03.09 07:41:48.304,12.05299,12.05532,0.00,0.00
2017.03.09 07:41:48.607,12.05299,12.05541,0.00,0.00
2017.03.09 07:41:49.249,12.05299,12.05551,0.00,0.00
2017.03.09 07:41:49.350,12.05299,12.05561,0.00,0.00
2017.03.09 07:41:50.004,12.05299,12.05542,0.00,0.00
2017.03.09 07:41:50.135,12.05299,12.05551,0.00,0.00
2017.03.09 07:41:50.205,12.05299,12.05571,0.00,0.00
2017.03.09 07:41:51.320,12.05299,12.05552,0.00,0.00
2017.03.09 07:41:52.020,12.05299,12.05571,0.00,0.00
2017.03.09 07:41:52.411,12.05299,12.05551,0.00,0.00
2017.03.09 07:41:52.920,12.05299,12.05542,0.00,0.00
2017.03.09 07:41:53.324,12.05299,12.05571,0.00,0.00
2017.03.09 07:41:53.437,12.05299,12.05541,0.00,0.00
2017.03.09 07:41:53.514,12.05299,12.05571,0.00,0.00
2017.03.09 07:41:54.116,12.05299,12.05552,0.00,0.00
2017.03.09 07:41:54.350,12.05299,12.05571,0.00,0.00
2017.03.09 07:41:55.432,12.05299,12.05552,0.00,0.00
2017.03.09 07:41:55.719,12.05299,12.05561,0.00,0.00
2017.03.09 07:41:55.819,12.05308,12.05571,0.00,0.00
2017.03.09 07:41:56.223,12.05299,12.05561,0.00,0.00
2017.03.09 07:41:56.326,12.05299,12.05571,0.00,0.00
2017.03.09 07:41:56.421,12.05309,12.05571,0.00,0.00
2017.03.09 07:41:56.931,12.05299,12.05571,0.00,0.00
2017.03.09 07:41:57.022,12.05299,12.05562,0.00,0.00
2017.03.09 07:41:57.122,12.05299,12.05571,0.00,0.00
2017.03.09 07:41:57.443,12.05299,12.05562,0.00,0.00
2017.03.09 07:41:57.623,12.05299,12.05571,0.00,0.00
2017.03.09 07:41:57.723,12.05299,12.05561,0.00,0.00
2017.03.09 07:41:57.924,12.05299,12.05571,0.00,0.00
2017.03.09 07:41:58.130,12.05299,12.05552,0.00,0.00
2017.03.09 07:42:00.111,12.05259,12.05472,0.00,0.00
2017.03.09 07:42:00.197,12.05299,12.05541,0.00,0.00
2017.03.09 07:42:00.247,12.05299,12.05531,0.00,0.00
2017.03.09 07:42:00.563,12.05299,12.05562,0.00,0.00
2017.03.09 07:42:00.831,12.05299,12.05571,0.00,0.00
2017.03.09 07:42:02.035,12.05299,12.05541,0.00,0.00
2017.03.09 07:42:02.434,12.05299,12.05562,0.00,0.00
2017.03.09 07:42:04.136,12.05299,12.05571,0.00,0.00
2017.03.09 07:42:04.642,12.05299,12.05561,0.00,0.00
2017.03.09 07:42:04.999,12.05299,12.05541,0.00,0.00
2017.03.09 07:42:05.050,12.05308,12.05571,0.00,0.00
2017.03.09 07:42:05.847,12.05299,12.05562,0.00,0.00
2017.03.09 07:42:05.939,12.05299,12.05571,0.00,0.00
2017.03.09 07:42:06.041,12.05299,12.05541,0.00,0.00
2017.03.09 07:42:06.355,12.05299,12.05561,0.00,0.00
2017.03.09 07:42:06.440,12.05299,12.05571,0.00,0.00
2017.03.09 07:42:06.541,12.05299,12.05551,0.00,0.00
2017.03.09 07:42:06.642,12.05299,12.05571,0.00,0.00
2017.03.09 07:42:07.442,12.05299,12.05562,0.00,0.00
2017.03.09 07:42:07.666,12.05299,12.05571,0.00,0.00
2017.03.09 07:42:07.742,12.05308,12.05571,0.00,0.00
2017.03.09 07:42:07.843,12.05299,12.05571,0.00,0.00
2017.03.09 07:42:07.943,12.05299,12.05552,0.00,0.00
2017.03.09 07:42:08.278,12.05299,12.05571,0.00,0.00
2017.03.09 07:42:08.344,12.05308,12.05571,0.00,0.00
2017.03.09 07:42:08.544,12.05299,12.05571,0.00,0.00
2017.03.09 07:42:08.847,12.05299,12.05551,0.00,0.00
2017.03.09 07:42:09.192,12.05299,12.05571,0.00,0.00
2017.03.09 07:42:09.546,12.05309,12.05571,0.00,0.00
2017.03.09 07:42:09.651,12.05299,12.05571,0.00,0.00
2017.03.09 07:42:10.293,12.05398,12.05591,0.00,0.00
2017.03.09 07:42:10.348,12.05398,12.05609,0.00,0.00
2017.03.09 07:42:10.577,12.05398,12.05672,0.00,0.00
2017.03.09 07:42:10.650,12.05398,12.05651,0.00,0.00
2017.03.09 07:42:10.797,12.05398,12.05672,0.00,0.00
2017.03.09 07:42:10.850,12.05398,12.05661,0.00,0.00
2017.03.09 07:42:10.950,12.05398,12.05672,0.00,0.00
2017.03.09 07:42:11.772,12.05398,12.05662,0.00,0.00
2017.03.09 07:42:12.192,12.05398,12.05641,0.00,0.00
2017.03.09 07:42:12.620,12.05398,12.05632,0.00,0.00
2017.03.09 07:42:12.670,12.05348,12.05622,0.00,0.00
2017.03.09 07:42:12.778,12.05398,12.05661,0.00,0.00
2017.03.09 07:42:13.388,12.05398,12.05651,0.00,0.00
2017.03.09 07:42:14.557,12.05398,12.05632,0.00,0.00
2017.03.09 07:42:14.871,12.05398,12.05651,0.00,0.00
2017.03.09 07:42:15.277,12.05398,12.05622,0.00,0.00
2017.03.09 07:42:15.359,12.05398,12.05652,0.00,0.00
2017.03.09 07:42:15.459,12.05398,12.05672,0.00,0.00
2017.03.09 07:42:15.697,12.05398,12.05651,0.00,0.00
2017.03.09 07:42:15.798,12.05398,12.05662,0.00,0.00
2017.03.09 07:42:16.260,12.05398,12.05651,0.00,0.00
2017.03.09 07:42:17.202,12.05398,12.05671,0.00,0.00
2017.03.09 07:42:17.262,12.05398,12.05641,0.00,0.00
2017.03.09 07:42:17.375,12.05399,12.05672,0.00,0.00
2017.03.09 07:42:18.084,12.05398,12.05652,0.00,0.00
2017.03.09 07:42:18.598,12.05399,12.05672,0.00,0.00
2017.03.09 07:42:19.290,12.05398,12.05662,0.00,0.00
2017.03.09 07:42:19.612,12.05398,12.05652,0.00,0.00
2017.03.09 07:42:19.713,12.05398,12.05661,0.00,0.00
2017.03.09 07:42:19.766,12.05398,12.05672,0.00,0.00
2017.03.09 07:42:20.567,12.05399,12.05672,0.00,0.00
2017.03.09 07:42:20.868,12.05398,12.05651,0.00,0.00
2017.03.09 07:42:21.912,12.05398,12.05672,0.00,0.00
2017.03.09 07:42:22.497,12.05399,12.05672,0.00,0.00
2017.03.09 07:42:23.013,12.05398,12.05652,0.00,0.00
2017.03.09 07:42:23.977,12.05398,12.05672,0.00,0.00
2017.03.09 07:42:24.478,12.05398,12.05641,0.00,0.00
2017.03.09 07:42:25.525,12.05398,12.05672,0.00,0.00
2017.03.09 07:42:25.581,12.05408,12.05672,0.00,0.00
2017.03.09 07:42:26.314,12.05499,12.05692,0.00,0.00
2017.03.09 07:42:26.517,12.05499,12.05751,0.00,0.00
2017.03.09 07:42:26.583,12.05499,12.05769,0.00,0.00
2017.03.09 07:42:27.186,12.05499,12.05771,0.00,0.00
2017.03.09 07:42:27.290,12.05499,12.05751,0.00,0.00
2017.03.09 07:42:27.586,12.05499,12.05762,0.00,0.00
2017.03.09 07:42:27.688,12.05499,12.05731,0.00,0.00
2017.03.09 07:42:27.959,12.05449,12.05721,0.00,0.00
2017.03.09 07:42:28.060,12.05439,12.05672,0.00,0.00
2017.03.09 07:42:28.111,12.05398,12.05642,0.00,0.00
2017.03.09 07:42:28.321,12.05399,12.05672,0.00,0.00
2017.03.09 07:42:28.589,12.05398,12.05651,0.00,0.00
2017.03.09 07:42:28.930,12.05398,12.05642,0.00,0.00
2017.03.09 07:42:29.031,12.05398,12.05652,0.00,0.00
2017.03.09 07:42:31.195,12.05398,12.05641,0.00,0.00
2017.03.09 07:42:31.320,12.05398,12.05672,0.00,0.00
2017.03.09 07:42:31.832,12.05398,12.05662,0.00,0.00
2017.03.09 07:42:31.897,12.05398,12.05671,0.00,0.00
2017.03.09 07:42:32.098,12.05398,12.05642,0.00,0.00
2017.03.09 07:42:36.204,12.05398,12.05672,0.00,0.00
2017.03.09 07:42:36.305,12.05398,12.05652,0.00,0.00
2017.03.09 07:42:37.548,12.05398,12.05642,0.00,0.00
2017.03.09 07:42:37.709,12.05398,12.05672,0.00,0.00
2017.03.09 07:42:37.834,12.05398,12.05651,0.00,0.00
2017.03.09 07:42:38.327,12.05398,12.05632,0.00,0.00
2017.03.09 07:42:38.408,12.05398,12.05651,0.00,0.00
2017.03.09 07:42:38.643,12.05398,12.05641,0.00,0.00
2017.03.09 07:42:41.027,12.05398,12.05652,0.00,0.00
2017.03.09 07:42:41.113,12.05398,12.05672,0.00,0.00
2017.03.09 07:42:41.510,12.05388,12.05622,0.00,0.00
2017.03.09 07:42:41.615,12.05359,12.05622,0.00,0.00
2017.03.09 07:42:41.665,12.05359,12.05572,0.00,0.00
2017.03.09 07:42:41.793,12.05298,12.05562,0.00,0.00
2017.03.09 07:42:41.844,12.05308,12.05572,0.00,0.00
2017.03.09 07:42:42.115,12.05298,12.05572,0.00,0.00
2017.03.09 07:42:42.249,12.05298,12.05561,0.00,0.00
2017.03.09 07:42:42.806,12.05298,12.05572,0.00,0.00
2017.03.09 07:42:42.856,12.05329,12.05572,0.00,0.00
2017.03.09 07:42:42.957,12.05318,12.05572,0.00,0.00
2017.03.09 07:42:43.058,12.05298,12.05571,0.00,0.00
2017.03.09 07:42:43.818,12.05309,12.05572,0.00,0.00
2017.03.09 07:42:44.026,12.05298,12.05571,0.00,0.00
2017.03.09 07:42:44.126,12.05309,12.05572,0.00,0.00
2017.03.09 07:42:44.530,12.05288,12.05542,0.00,0.00
2017.03.09 07:42:44.720,12.05279,12.05542,0.00,0.00
2017.03.09 07:42:44.820,12.05318,12.05542,0.00,0.00
2017.03.09 07:42:45.219,12.05318,12.05592,0.00,0.00
2017.03.09 07:42:45.270,12.05321,12.05592,0.00,0.00
2017.03.09 07:42:45.455,12.05369,12.05642,0.00,0.00
2017.03.09 07:42:45.571,12.05418,12.05642,0.00,0.00
2017.03.09 07:42:45.728,12.05398,12.05642,0.00,0.00
2017.03.09 07:42:45.851,12.05419,12.05642,0.00,0.00
2017.03.09 07:42:45.923,12.05399,12.05642,0.00,0.00
2017.03.09 07:42:46.038,12.05418,12.05642,0.00,0.00
2017.03.09 07:42:46.150,12.05369,12.05642,0.00,0.00
2017.03.09 07:42:46.424,12.05378,12.05642,0.00,0.00
2017.03.09 07:42:46.762,12.05398,12.05642,0.00,0.00
2017.03.09 07:42:47.126,12.05308,12.05542,0.00,0.00
2017.03.09 07:42:47.627,12.05339,12.05542,0.00,0.00
2017.03.09 07:42:47.727,12.05299,12.05542,0.00,0.00
2017.03.09 07:42:47.827,12.05289,12.05542,0.00,0.00
2017.03.09 07:42:48.729,12.05298,12.05542,0.00,0.00
2017.03.09 07:42:49.039,12.05399,12.05641,0.00,0.00
2017.03.09 07:42:49.230,12.05388,12.05641,0.00,0.00
2017.03.09 07:42:49.456,12.05418,12.05641,0.00,0.00
2017.03.09 07:42:49.682,12.05369,12.05641,0.00,0.00
2017.03.09 07:42:49.733,12.05398,12.05641,0.00,0.00
2017.03.09 07:42:50.032,12.05379,12.05641,0.00,0.00
2017.03.09 07:42:50.533,12.05408,12.05641,0.00,0.00
2017.03.09 07:42:50.733,12.05399,12.05641,0.00,0.00
2017.03.09 07:42:50.871,12.05421,12.05641,0.00,0.00
2017.03.09 07:42:50.922,12.05422,12.05692,0.00,0.00
2017.03.09 07:42:51.028,12.05469,12.05741,0.00,0.00
2017.03.09 07:42:51.128,12.05498,12.05741,0.00,0.00
2017.03.09 07:42:51.179,12.05498,12.05772,0.00,0.00
2017.03.09 07:42:52.049,12.05498,12.05752,0.00,0.00
2017.03.09 07:42:52.390,12.05498,12.05742,0.00,0.00
2017.03.09 07:42:52.763,12.05498,12.05762,0.00,0.00
2017.03.09 07:42:52.887,12.05498,12.05771,0.00,0.00
2017.03.09 07:42:53.039,12.05498,12.05742,0.00,0.00
2017.03.09 07:42:53.140,12.05498,12.05772,0.00,0.00
2017.03.09 07:42:53.341,12.05498,12.05751,0.00,0.00
2017.03.09 07:42:53.642,12.05498,12.05772,0.00,0.00
2017.03.09 07:42:53.742,12.05498,12.05732,0.00,0.00
2017.03.09 07:42:53.844,12.05498,12.05752,0.00,0.00
2017.03.09 07:42:54.079,12.05498,12.05761,0.00,0.00
2017.03.09 07:42:54.143,12.05498,12.05772,0.00,0.00
2017.03.09 07:42:54.352,12.05498,12.05721,0.00,0.00
2017.03.09 07:42:54.541,12.05498,12.05752,0.00,0.00
2017.03.09 07:42:54.591,12.05498,12.05731,0.00,0.00
2017.03.09 07:42:54.645,12.05498,12.05752,0.00,0.00
2017.03.09 07:42:54.759,12.05499,12.05772,0.00,0.00
2017.03.09 07:42:55.062,12.05468,12.05722,0.00,0.00
2017.03.09 07:42:55.374,12.05498,12.05741,0.00,0.00
2017.03.09 07:42:55.740,12.05499,12.05772,0.00,0.00
2017.03.09 07:42:55.847,12.05498,12.05752,0.00,0.00
2017.03.09 07:42:56.148,12.05499,12.05772,0.00,0.00
2017.03.09 07:42:56.649,12.05498,12.05751,0.00,0.00
2017.03.09 07:42:56.749,12.05499,12.05772,0.00,0.00
2017.03.09 07:42:58.058,12.05498,12.05762,0.00,0.00
2017.03.09 07:42:58.853,12.05498,12.05742,0.00,0.00
2017.03.09 07:42:59.179,12.05498,12.05751,0.00,0.00
2017.03.09 07:42:59.470,12.05498,12.05772,0.00,0.00
2017.03.09 07:42:59.785,12.05498,12.05752,0.00,0.00
2017.03.09 07:43:00.456,12.05498,12.05771,0.00,0.00
2017.03.09 07:43:00.602,12.05498,12.05761,0.00,0.00
2017.03.09 07:43:00.703,12.05498,12.05771,0.00,0.00
2017.03.09 07:43:01.034,12.05489,12.05672,0.00,0.00
2017.03.09 07:43:01.085,12.05479,12.05672,0.00,0.00
2017.03.09 07:43:01.136,12.05479,12.05722,0.00,0.00
2017.03.09 07:43:01.263,12.05448,12.05721,0.00,0.00
2017.03.09 07:43:01.324,12.05439,12.05672,0.00,0.00
2017.03.09 07:43:01.578,12.05398,12.05672,0.00,0.00
2017.03.09 07:43:01.679,12.05398,12.05662,0.00,0.00
2017.03.09 07:43:01.860,12.05398,12.05672,0.00,0.00
2017.03.09 07:43:02.387,12.05398,12.05662,0.00,0.00
2017.03.09 07:43:02.863,12.05398,12.05672,0.00,0.00
2017.03.09 07:43:03.305,12.05409,12.05672,0.00,0.00
2017.03.09 07:43:03.915,12.05398,12.05651,0.00,0.00
2017.03.09 07:43:04.068,12.05408,12.05672,0.00,0.00
2017.03.09 07:43:04.181,12.05398,12.05652,0.00,0.00
2017.03.09 07:43:04.294,12.05408,12.05672,0.00,0.00
2017.03.09 07:43:04.400,12.05419,12.05672,0.00,0.00
2017.03.09 07:43:04.501,12.05409,12.05672,0.00,0.00
2017.03.09 07:43:04.611,12.05398,12.05671,0.00,0.00
2017.03.09 07:43:04.669,12.05398,12.05651,0.00,0.00
2017.03.09 07:43:05.097,12.05398,12.05661,0.00,0.00
2017.03.09 07:43:05.170,12.05398,12.05672,0.00,0.00
2017.03.09 07:43:05.284,12.05398,12.05652,0.00,0.00
2017.03.09 07:43:05.370,12.05399,12.05672,0.00,0.00
2017.03.09 07:43:05.772,12.05398,12.05662,0.00,0.00
2017.03.09 07:43:06.173,12.05398,12.05651,0.00,0.00
2017.03.09 07:43:06.838,12.05369,12.05621,0.00,0.00
2017.03.09 07:43:06.993,12.05299,12.05572,0.00,0.00
2017.03.09 07:43:07.076,12.05298,12.05561,0.00,0.00
2017.03.09 07:43:07.377,12.05298,12.05572,0.00,0.00
2017.03.09 07:43:07.496,12.05298,12.05561,0.00,0.00
2017.03.09 07:43:07.982,12.05319,12.05572,0.00,0.00
2017.03.09 07:43:08.279,12.05298,12.05571,0.00,0.00
2017.03.09 07:43:08.492,12.05298,12.05562,0.00,0.00
2017.03.09 07:43:08.856,12.05318,12.05572,0.00,0.00
2017.03.09 07:43:08.983,12.05308,12.05572,0.00,0.00
2017.03.09 07:43:09.145,12.05329,12.05572,0.00,0.00
2017.03.09 07:43:09.195,12.05308,12.05572,0.00,0.00
2017.03.09 07:43:09.283,12.05318,12.05572,0.00,0.00
2017.03.09 07:43:09.995,12.05298,12.05572,0.00,0.00
2017.03.09 07:43:10.085,12.05328,12.05572,0.00,0.00
2017.03.09 07:43:10.530,12.05298,12.05562,0.00,0.00
2017.03.09 07:43:10.585,12.05329,12.05572,0.00,0.00
2017.03.09 07:43:10.816,12.05298,12.05562,0.00,0.00
2017.03.09 07:43:10.886,12.05329,12.05572,0.00,0.00
2017.03.09 07:43:11.202,12.05298,12.05572,0.00,0.00
2017.03.09 07:43:11.287,12.05329,12.05572,0.00,0.00
2017.03.09 07:43:11.487,12.05318,12.05572,0.00,0.00
2017.03.09 07:43:12.749,12.05399,12.05602,0.00,0.00
2017.03.09 07:43:12.800,12.05399,12.05621,0.00,0.00
2017.03.09 07:43:12.901,12.05408,12.05671,0.00,0.00
2017.03.09 07:43:13.521,12.05399,12.05671,0.00,0.00
2017.03.09 07:43:13.591,12.05408,12.05671,0.00,0.00
2017.03.09 07:43:13.807,12.05399,12.05671,0.00,0.00
2017.03.09 07:43:13.892,12.05399,12.05651,0.00,0.00
2017.03.09 07:43:13.992,12.05399,12.05671,0.00,0.00
2017.03.09 07:43:14.231,12.05399,12.05661,0.00,0.00
2017.03.09 07:43:14.393,12.05399,12.05671,0.00,0.00
2017.03.09 07:43:14.494,12.05399,12.05661,0.00,0.00
2017.03.09 07:43:14.940,12.05419,12.05671,0.00,0.00
2017.03.09 07:43:14.994,12.05408,12.05671,0.00,0.00
2017.03.09 07:43:15.098,12.05399,12.05662,0.00,0.00
2017.03.09 07:43:16.197,12.05399,12.05671,0.00,0.00
2017.03.09 07:43:16.296,12.05418,12.05671,0.00,0.00
2017.03.09 07:43:16.440,12.05399,12.05662,0.00,0.00
2017.03.09 07:43:16.497,12.05399,12.05671,0.00,0.00
2017.03.09 07:43:16.617,12.05399,12.05662,0.00,0.00
2017.03.09 07:43:16.930,12.05408,12.05671,0.00,0.00
2017.03.09 07:43:17.336,12.05428,12.05671,0.00,0.00
2017.03.09 07:43:17.399,12.05419,12.05671,0.00,0.00
2017.03.09 07:43:17.539,12.05399,12.05671,0.00,0.00
2017.03.09 07:43:18.126,12.05399,12.05652,0.00,0.00
2017.03.09 07:43:18.518,12.05429,12.05671,0.00,0.00
2017.03.09 07:43:19.027,12.05428,12.05671,0.00,0.00
2017.03.09 07:43:19.077,12.05449,12.05712,0.00,0.00
2017.03.09 07:43:19.128,12.05449,12.05702,0.00,0.00
2017.03.09 07:43:19.229,12.05498,12.05771,0.00,0.00
2017.03.09 07:43:20.084,12.05489,12.05722,0.00,0.00
2017.03.09 07:43:20.210,12.05448,12.05711,0.00,0.00
2017.03.09 07:43:20.262,12.05429,12.05672,0.00,0.00
2017.03.09 07:43:20.448,12.05398,12.05662,0.00,0.00
2017.03.09 07:43:21.542,12.05398,12.05672,0.00,0.00
2017.03.09 07:43:21.610,12.05398,12.05662,0.00,0.00
2017.03.09 07:43:21.911,12.05418,12.05672,0.00,0.00
2017.03.09 07:43:22.114,12.05409,12.05672,0.00,0.00
2017.03.09 07:43:22.212,12.05398,12.05672,0.00,0.00
2017.03.09 07:43:23.057,12.05409,12.05672,0.00,0.00
2017.03.09 07:43:23.313,12.05398,12.05671,0.00,0.00
2017.03.09 07:43:23.436,12.05429,12.05672,0.00,0.00
2017.03.09 07:43:23.514,12.05418,12.05672,0.00,0.00
2017.03.09 07:43:23.614,12.05398,12.05662,0.00,0.00
2017.03.09 07:43:24.150,12.05398,12.05652,0.00,0.00
2017.03.09 07:43:24.299,12.05398,12.05672,0.00,0.00
2017.03.09 07:43:25.118,12.05398,12.05652,0.00,0.00
2017.03.09 07:43:25.463,12.05498,12.05771,0.00,0.00
2017.03.09 07:43:26.120,12.05498,12.05742,0.00,0.00
2017.03.09 07:43:26.321,12.05498,12.05762,0.00,0.00
2017.03.09 07:43:26.422,12.05498,12.05771,0.00,0.00
2017.03.09 07:43:26.622,12.05498,12.05761,0.00,0.00
2017.03.09 07:43:26.923,12.05498,12.05771,0.00,0.00
2017.03.09 07:43:27.471,12.05498,12.05762,0.00,0.00
2017.03.09 07:43:27.574,12.05499,12.05772,0.00,0.00
2017.03.09 07:43:27.624,12.05498,12.05741,0.00,0.00
2017.03.09 07:43:28.726,12.05498,12.05761,0.00,0.00
2017.03.09 07:43:29.132,12.05498,12.05742,0.00,0.00
2017.03.09 07:43:29.565,12.05498,12.05731,0.00,0.00
2017.03.09 07:43:29.629,12.05498,12.05752,0.00,0.00
2017.03.09 07:43:29.742,12.05498,12.05762,0.00,0.00
2017.03.09 07:43:29.843,12.05498,12.05741,0.00,0.00
2017.03.09 07:43:29.969,12.05498,12.05772,0.00,0.00
2017.03.09 07:43:30.179,12.05498,12.05762,0.00,0.00
2017.03.09 07:43:30.631,12.05498,12.05752,0.00,0.00
2017.03.09 07:43:32.435,12.05498,12.05741,0.00,0.00
2017.03.09 07:43:33.058,12.05498,12.05772,0.00,0.00
2017.03.09 07:43:33.962,12.05498,12.05762,0.00,0.00
2017.03.09 07:43:34.064,12.05498,12.05771,0.00,0.00
2017.03.09 07:43:34.612,12.05498,12.05772,0.00,0.00
2017.03.09 07:43:36.040,12.05498,12.05762,0.00,0.00
2017.03.09 07:43:36.442,12.05509,12.05772,0.00,0.00
2017.03.09 07:43:36.742,12.05498,12.05772,0.00,0.00
2017.03.09 07:43:36.843,12.05498,12.05762,0.00,0.00
2017.03.09 07:43:37.199,12.05498,12.05751,0.00,0.00
2017.03.09 07:43:37.451,12.05548,12.05812,0.00,0.00
2017.03.09 07:43:37.552,12.05549,12.05821,0.00,0.00
2017.03.09 07:43:37.652,12.05568,12.05821,0.00,0.00
2017.03.09 07:43:37.854,12.05549,12.05821,0.00,0.00
2017.03.09 07:43:38.522,12.05538,12.05771,0.00,0.00
2017.03.09 07:43:38.573,12.05528,12.05771,0.00,0.00
2017.03.09 07:43:38.664,12.05499,12.05771,0.00,0.00
2017.03.09 07:43:38.849,12.05499,12.05751,0.00,0.00
2017.03.09 07:43:39.050,12.05499,12.05771,0.00,0.00
2017.03.09 07:43:39.251,12.05499,12.05752,0.00,0.00
2017.03.09 07:43:39.953,12.05499,12.05771,0.00,0.00
2017.03.09 07:43:40.174,12.05499,12.05752,0.00,0.00
2017.03.09 07:43:40.254,12.05499,12.05771,0.00,0.00
2017.03.09 07:43:40.471,12.05499,12.05742,0.00,0.00
2017.03.09 07:43:42.402,12.05499,12.05771,0.00,0.00
2017.03.09 07:43:42.572,12.05499,12.05752,0.00,0.00
2017.03.09 07:43:42.708,12.05499,12.05761,0.00,0.00
2017.03.09 07:43:42.758,12.05499,12.05741,0.00,0.00
2017.03.09 07:43:43.198,12.05499,12.05752,0.00,0.00
2017.03.09 07:43:44.080,12.05499,12.05742,0.00,0.00
2017.03.09 07:43:44.181,12.05499,12.05752,0.00,0.00
2017.03.09 07:43:44.919,12.05468,12.05721,0.00,0.00
2017.03.09 07:43:45.199,12.05398,12.05672,0.00,0.00
2017.03.09 07:43:45.300,12.05398,12.05661,0.00,0.00
2017.03.09 07:43:45.657,12.05429,12.05672,0.00,0.00
2017.03.09 07:43:45.791,12.05408,12.05672,0.00,0.00
2017.03.09 07:43:45.841,12.05449,12.05692,0.00,0.00
2017.03.09 07:43:45.892,12.05449,12.05712,0.00,0.00
2017.03.09 07:43:45.942,12.05428,12.05672,0.00,0.00
2017.03.09 07:43:45.993,12.05399,12.05672,0.00,0.00
2017.03.09 07:43:46.065,12.05419,12.05672,0.00,0.00
2017.03.09 07:43:46.168,12.05398,12.05672,0.00,0.00
2017.03.09 07:43:46.268,12.05398,12.05662,0.00,0.00
2017.03.09 07:43:46.612,12.05398,12.05672,0.00,0.00
2017.03.09 07:43:47.487,12.05418,12.05672,0.00,0.00
2017.03.09 07:43:47.588,12.05398,12.05672,0.00,0.00
2017.03.09 07:43:47.671,12.05398,12.05661,0.00,0.00
2017.03.09 07:43:47.986,12.05398,12.05672,0.00,0.00
2017.03.09 07:43:48.073,12.05398,12.05651,0.00,0.00
2017.03.09 07:43:48.297,12.05398,12.05662,0.00,0.00
2017.03.09 07:43:48.398,12.05428,12.05672,0.00,0.00
2017.03.09 07:43:48.999,12.05398,12.05662,0.00,0.00
2017.03.09 07:43:49.122,12.05408,12.05672,0.00,0.00
2017.03.09 07:43:49.277,12.05398,12.05672,0.00,0.00
2017.03.09 07:43:49.407,12.05408,12.05672,0.00,0.00
2017.03.09 07:43:49.710,12.05399,12.05672,0.00,0.00
2017.03.09 07:43:49.908,12.05398,12.05662,0.00,0.00
2017.03.09 07:43:49.979,12.05398,12.05671,0.00,0.00
2017.03.09 07:43:50.480,12.05418,12.05672,0.00,0.00
2017.03.09 07:43:51.505,12.05438,12.05672,0.00,0.00
2017.03.09 07:43:51.626,12.05418,12.05658,0.00,0.00
2017.03.09 07:43:51.677,12.05418,12.05572,0.00,0.00
2017.03.09 07:43:51.784,12.05298,12.05572,0.00,0.00
2017.03.09 07:43:51.888,12.05298,12.05562,0.00,0.00
2017.03.09 07:43:51.998,12.05299,12.05572,0.00,0.00
2017.03.09 07:43:52.204,12.05298,12.05562,0.00,0.00
2017.03.09 07:43:52.723,12.05299,12.05572,0.00,0.00
2017.03.09 07:43:53.436,12.05318,12.05572,0.00,0.00
2017.03.09 07:43:54.216,12.05298,12.05571,0.00,0.00
2017.03.09 07:43:54.394,12.05318,12.05572,0.00,0.00
2017.03.09 07:43:54.492,12.05298,12.05562,0.00,0.00
2017.03.09 07:43:54.592,12.05298,12.05572,0.00,0.00
2017.03.09 07:43:56.212,12.05308,12.05572,0.00,0.00
2017.03.09 07:43:56.997,12.05298,12.05572,0.00,0.00
2017.03.09 07:43:59.001,12.05298,12.05551,0.00,0.00
2017.03.09 07:43:59.129,12.05298,12.05572,0.00,0.00
2017.03.09 07:44:00.203,12.05298,12.05552,0.00,0.00
2017.03.09 07:44:00.776,12.05318,12.05572,0.00,0.00
2017.03.09 07:44:01.334,12.05298,12.05571,0.00,0.00
2017.03.09 07:44:01.706,12.05318,12.05572,0.00,0.00
2017.03.09 07:44:02.336,12.05308,12.05572,0.00,0.00
2017.03.09 07:44:02.507,12.05318,12.05572,0.00,0.00
2017.03.09 07:44:02.607,12.05298,12.05572,0.00,0.00
2017.03.09 07:44:03.136,12.05298,12.05562,0.00,0.00
2017.03.09 07:44:03.614,12.05298,12.05552,0.00,0.00
2017.03.09 07:44:03.951,12.05199,12.05461,0.00,0.00
2017.03.09 07:44:04.459,12.05209,12.05471,0.00,0.00
2017.03.09 07:44:04.766,12.05218,12.05471,0.00,0.00
2017.03.09 07:44:04.816,12.05199,12.05471,0.00,0.00
2017.03.09 07:44:04.943,12.05228,12.05471,0.00,0.00
2017.03.09 07:44:06.241,12.05199,12.05461,0.00,0.00
2017.03.09 07:44:06.319,12.05238,12.05471,0.00,0.00
2017.03.09 07:44:06.721,12.05219,12.05471,0.00,0.00
2017.03.09 07:44:06.850,12.05238,12.05471,0.00,0.00
2017.03.09 07:44:07.268,12.05249,12.05521,0.00,0.00
2017.03.09 07:44:07.369,12.05299,12.05501,0.00,0.00
2017.03.09 07:44:07.424,12.05299,12.05571,0.00,0.00
2017.03.09 07:44:08.126,12.05309,12.05571,0.00,0.00
2017.03.09 07:44:09.328,12.05299,12.05551,0.00,0.00
2017.03.09 07:44:09.465,12.05299,12.05571,0.00,0.00
2017.03.09 07:44:09.566,12.05299,12.05551,0.00,0.00
2017.03.09 07:44:09.629,12.05299,12.05571,0.00,0.00
2017.03.09 07:44:09.730,12.05299,12.05552,0.00,0.00
2017.03.09 07:44:09.958,12.05299,12.05571,0.00,0.00
2017.03.09 07:44:11.543,12.05268,12.05522,0.00,0.00
2017.03.09 07:44:11.640,12.05249,12.05522,0.00,0.00
2017.03.09 07:44:11.690,12.05249,12.05472,0.00,0.00
2017.03.09 07:44:11.741,12.05198,12.05462,0.00,0.00
2017.03.09 07:44:11.849,12.05198,12.05451,0.00,0.00
2017.03.09 07:44:11.934,12.05198,12.05472,0.00,0.00
2017.03.09 07:44:12.035,12.05219,12.05472,0.00,0.00
2017.03.09 07:44:12.280,12.05198,12.05472,0.00,0.00
2017.03.09 07:44:12.381,12.05208,12.05472,0.00,0.00
2017.03.09 07:44:12.723,12.05198,12.05451,0.00,0.00
2017.03.09 07:44:12.773,12.05198,12.05471,0.00,0.00
2017.03.09 07:44:12.836,12.05198,12.05462,0.00,0.00
2017.03.09 07:44:13.484,12.05198,12.05472,0.00,0.00
2017.03.09 07:44:13.638,12.05198,12.05461,0.00,0.00
2017.03.09 07:44:14.187,12.05218,12.05472,0.00,0.00
2017.03.09 07:44:14.370,12.05198,12.05471,0.00,0.00
2017.03.09 07:44:14.440,12.05218,12.05472,0.00,0.00
2017.03.09 07:44:14.675,12.05198,12.05461,0.00,0.00
2017.03.09 07:44:14.776,12.05219,12.05472,0.00,0.00
2017.03.09 07:44:15.146,12.05198,12.05451,0.00,0.00
2017.03.09 07:44:16.142,12.05198,12.05472,0.00,0.00
2017.03.09 07:44:16.242,12.05198,12.05461,0.00,0.00
2017.03.09 07:44:18.620,12.05179,12.05371,0.00,0.00
2017.03.09 07:44:18.772,12.05198,12.05442,0.00,0.00
2017.03.09 07:44:18.872,12.05198,12.05392,0.00,0.00
2017.03.09 07:44:18.946,12.05198,12.05401,0.00,0.00
2017.03.09 07:44:19.052,12.05218,12.05472,0.00,0.00
2017.03.09 07:44:19.466,12.05198,12.05472,0.00,0.00
2017.03.09 07:44:19.568,12.05228,12.05472,0.00,0.00
2017.03.09 07:44:19.783,12.05218,12.05472,0.00,0.00
2017.03.09 07:44:19.848,12.05198,12.05471,0.00,0.00
2017.03.09 07:44:20.373,12.05228,12.05472,0.00,0.00
2017.03.09 07:44:20.449,12.05209,12.05472,0.00,0.00
2017.03.09 07:44:20.549,12.05239,12.05472,0.00,0.00
2017.03.09 07:44:20.958,12.05248,12.05502,0.00,0.00
2017.03.09 07:44:21.059,12.05248,12.05509,0.00,0.00
2017.03.09 07:44:21.109,12.05238,12.05471,0.00,0.00
2017.03.09 07:44:21.160,12.05209,12.05471,0.00,0.00
2017.03.09 07:44:21.251,12.05199,12.05471,0.00,0.00
2017.03.09 07:44:21.595,12.05199,12.05452,0.00,0.00
2017.03.09 07:44:21.696,12.05199,12.05471,0.00,0.00
2017.03.09 07:44:22.219,12.05198,12.05472,0.00,0.00
2017.03.09 07:44:22.370,12.05198,12.05431,0.00,0.00
2017.03.09 07:44:22.477,12.05198,12.05442,0.00,0.00
2017.03.09 07:44:22.553,12.05198,12.05472,0.00,0.00
2017.03.09 07:44:22.763,12.05198,12.05442,0.00,0.00
2017.03.09 07:44:22.854,12.05198,12.05471,0.00,0.00
2017.03.09 07:44:23.366,12.05198,12.05441,0.00,0.00
2017.03.09 07:44:23.756,12.05198,12.05472,0.00,0.00
2017.03.09 07:44:24.320,12.05198,12.05471,0.00,0.00
2017.03.09 07:44:24.577,12.05198,12.05452,0.00,0.00
2017.03.09 07:44:24.858,12.05199,12.05472,0.00,0.00
2017.03.09 07:44:24.964,12.05198,12.05452,0.00,0.00
2017.03.09 07:44:25.266,12.05188,12.05409,0.00,0.00
2017.03.09 07:44:25.417,12.05199,12.05442,0.00,0.00
2017.03.09 07:44:25.467,12.05199,12.05401,0.00,0.00
2017.03.09 07:44:25.588,12.05199,12.05471,0.00,0.00
2017.03.09 07:44:25.961,12.05208,12.05471,0.00,0.00
2017.03.09 07:44:26.075,12.05199,12.05471,0.00,0.00
2017.03.09 07:44:26.199,12.05199,12.05452,0.00,0.00
2017.03.09 07:44:26.262,12.05199,12.05471,0.00,0.00
2017.03.09 07:44:26.693,12.05209,12.05471,0.00,0.00
2017.03.09 07:44:26.763,12.05199,12.05471,0.00,0.00
2017.03.09 07:44:26.863,12.05208,12.05471,0.00,0.00
2017.03.09 07:44:27.208,12.05199,12.05471,0.00,0.00
2017.03.09 07:44:27.263,12.05208,12.05471,0.00,0.00
2017.03.09 07:44:28.565,12.05199,12.05471,0.00,0.00
2017.03.09 07:44:28.666,12.05228,12.05471,0.00,0.00
2017.03.09 07:44:28.767,12.05199,12.05471,0.00,0.00
2017.03.09 07:44:28.866,12.05218,12.05471,0.00,0.00
2017.03.09 07:44:28.987,12.05199,12.05471,0.00,0.00
2017.03.09 07:44:29.088,12.05248,12.05482,0.00,0.00
2017.03.09 07:44:29.189,12.05248,12.05502,0.00,0.00
2017.03.09 07:44:29.239,12.05299,12.05502,0.00,0.00
2017.03.09 07:44:29.290,12.05319,12.05571,0.00,0.00
2017.03.09 07:44:29.707,12.05299,12.05551,0.00,0.00
2017.03.09 07:44:29.871,12.05308,12.05571,0.00,0.00
2017.03.09 07:44:32.783,12.05349,12.05572,0.00,0.00
2017.03.09 07:44:32.890,12.05349,12.05612,0.00,0.00
2017.03.09 07:44:32.941,12.05398,12.05612,0.00,0.00
2017.03.09 07:44:32.991,12.05398,12.05661,0.00,0.00
2017.03.09 07:44:33.904,12.05398,12.05652,0.00,0.00
2017.03.09 07:44:34.102,12.05398,12.05671,0.00,0.00
2017.03.09 07:44:34.437,12.05389,12.05572,0.00,0.00
2017.03.09 07:44:34.487,12.05368,12.05572,0.00,0.00
2017.03.09 07:44:34.603,12.05318,12.05572,0.00,0.00
2017.03.09 07:44:34.704,12.05328,12.05572,0.00,0.00
2017.03.09 07:44:34.805,12.05298,12.05572,0.00,0.00
2017.03.09 07:44:34.917,12.05298,12.05562,0.00,0.00
2017.03.09 07:44:35.017,12.05298,12.05572,0.00,0.00
2017.03.09 07:44:35.079,12.05298,12.05562,0.00,0.00
2017.03.09 07:44:35.179,12.05298,12.05572,0.00,0.00
2017.03.09 07:44:35.319,12.05319,12.05572,0.00,0.00
2017.03.09 07:44:35.479,12.05299,12.05572,0.00,0.00
2017.03.09 07:44:35.699,12.05348,12.05581,0.00,0.00
2017.03.09 07:44:35.800,12.05349,12.05602,0.00,0.00
2017.03.09 07:44:35.901,12.05349,12.05572,0.00,0.00
2017.03.09 07:44:36.001,12.05338,12.05572,0.00,0.00
2017.03.09 07:44:36.080,12.05299,12.05572,0.00,0.00
2017.03.09 07:44:36.581,12.05328,12.05572,0.00,0.00
2017.03.09 07:44:37.182,12.05308,12.05572,0.00,0.00
2017.03.09 07:44:37.283,12.05298,12.05572,0.00,0.00
2017.03.09 07:44:38.189,12.05349,12.05572,0.00,0.00
2017.03.09 07:44:38.297,12.05299,12.05552,0.00,0.00
2017.03.09 07:44:38.398,12.05329,12.05571,0.00,0.00
2017.03.09 07:44:38.549,12.05348,12.05612,0.00,0.00
2017.03.09 07:44:38.600,12.05348,12.05572,0.00,0.00
2017.03.09 07:44:38.802,12.05349,12.05618,0.00,0.00
2017.03.09 07:44:38.903,12.05349,12.05571,0.00,0.00
2017.03.09 07:44:38.954,12.05299,12.05571,0.00,0.00
2017.03.09 07:44:39.100,12.05329,12.05571,0.00,0.00
2017.03.09 07:44:39.153,12.05348,12.05611,0.00,0.00
2017.03.09 07:44:39.305,12.05338,12.05571,0.00,0.00
2017.03.09 07:44:39.387,12.05328,12.05571,0.00,0.00
2017.03.09 07:44:39.487,12.05299,12.05571,0.00,0.00
2017.03.09 07:44:39.588,12.05318,12.05571,0.00,0.00
2017.03.09 07:44:39.789,12.05298,12.05572,0.00,0.00
2017.03.09 07:44:39.890,12.05328,12.05572,0.00,0.00
2017.03.09 07:44:40.088,12.05308,12.05572,0.00,0.00
2017.03.09 07:44:40.305,12.05299,12.05572,0.00,0.00
2017.03.09 07:44:40.355,12.05349,12.05581,0.00,0.00
2017.03.09 07:44:40.506,12.05328,12.05572,0.00,0.00
2017.03.09 07:44:40.557,12.05331,12.05572,0.00,0.00
2017.03.09 07:44:40.791,12.05398,12.05662,0.00,0.00
2017.03.09 07:44:41.092,12.05398,12.05672,0.00,0.00
2017.03.09 07:44:41.541,12.05398,12.05661,0.00,0.00
2017.03.09 07:44:41.641,12.05398,12.05672,0.00,0.00
2017.03.09 07:44:41.694,12.05398,12.05661,0.00,0.00
2017.03.09 07:44:41.995,12.05398,12.05642,0.00,0.00
2017.03.09 07:44:43.396,12.05398,12.05672,0.00,0.00
2017.03.09 07:44:43.514,12.05398,12.05642,0.00,0.00
2017.03.09 07:44:43.633,12.05398,12.05661,0.00,0.00
2017.03.09 07:44:45.213,12.05398,12.05671,0.00,0.00
2017.03.09 07:44:47.405,12.05398,12.05641,0.00,0.00
2017.03.09 07:44:49.153,12.05398,12.05671,0.00,0.00
2017.03.09 07:44:49.573,12.05398,12.05662,0.00,0.00
2017.03.09 07:44:50.013,12.05398,12.05642,0.00,0.00
2017.03.09 07:44:50.715,12.05398,12.05652,0.00,0.00
2017.03.09 07:44:52.498,12.05448,12.05652,0.00,0.00
2017.03.09 07:44:52.756,12.05499,12.05761,0.00,0.00
2017.03.09 07:44:52.819,12.05499,12.05771,0.00,0.00
2017.03.09 07:44:52.920,12.05499,12.05762,0.00,0.00
2017.03.09 07:44:53.023,12.05499,12.05771,0.00,0.00
2017.03.09 07:44:53.124,12.05499,12.05732,0.00,0.00
2017.03.09 07:44:53.373,12.05449,12.05721,0.00,0.00
2017.03.09 07:44:53.530,12.05449,12.05712,0.00,0.00
2017.03.09 07:44:53.630,12.05399,12.05671,0.00,0.00
2017.03.09 07:44:53.731,12.05449,12.05661,0.00,0.00
2017.03.09 07:44:53.848,12.05449,12.05718,0.00,0.00
2017.03.09 07:44:53.898,12.05438,12.05671,0.00,0.00
2017.03.09 07:44:53.949,12.05428,12.05671,0.00,0.00
2017.03.09 07:44:54.071,12.05399,12.05652,0.00,0.00
2017.03.09 07:44:54.323,12.05399,12.05671,0.00,0.00
2017.03.09 07:44:54.457,12.05399,12.05662,0.00,0.00
2017.03.09 07:44:54.759,12.05399,12.05641,0.00,0.00
2017.03.09 07:44:54.942,12.05399,12.05662,0.00,0.00
2017.03.09 07:44:55.142,12.05399,12.05642,0.00,0.00
2017.03.09 07:44:55.261,12.05399,12.05671,0.00,0.00
2017.03.09 07:44:55.363,12.05399,12.05642,0.00,0.00
2017.03.09 07:44:55.924,12.05399,12.05631,0.00,0.00
2017.03.09 07:44:56.358,12.05399,12.05651,0.00,0.00
2017.03.09 07:44:56.428,12.05399,12.05671,0.00,0.00
2017.03.09 07:44:56.529,12.05399,12.05642,0.00,0.00
2017.03.09 07:44:56.730,12.05399,12.05671,0.00,0.00
2017.03.09 07:44:56.861,12.05399,12.05662,0.00,0.00
2017.03.09 07:44:57.235,12.05399,12.05652,0.00,0.00
2017.03.09 07:44:58.945,12.05399,12.05651,0.00,0.00
2017.03.09 07:44:59.285,12.05358,12.05572,0.00,0.00
2017.03.09 07:44:59.398,12.05348,12.05622,0.00,0.00
2017.03.09 07:44:59.448,12.05348,12.05611,0.00,0.00
2017.03.09 07:44:59.786,12.05349,12.05571,0.00,0.00
2017.03.09 07:44:59.837,12.05349,12.05582,0.00,0.00
2017.03.09 07:44:59.937,12.05358,12.05572,0.00,0.00
2017.03.09 07:45:00.038,12.05338,12.05572,0.00,0.00
2017.03.09 07:45:00.089,12.05348,12.05619,0.00,0.00
2017.03.09 07:45:00.139,12.05348,12.05602,0.00,0.00
2017.03.09 07:45:00.240,12.05298,12.05561,0.00,0.00
2017.03.09 07:45:00.438,12.05308,12.05572,0.00,0.00
2017.03.09 07:45:00.671,12.05298,12.05562,0.00,0.00
2017.03.09 07:45:02.070,12.05298,12.05552,0.00,0.00
2017.03.09 07:45:04.189,12.05298,12.05562,0.00,0.00
2017.03.09 07:45:04.247,12.05298,12.05572,0.00,0.00
2017.03.09 07:45:04.748,12.05298,12.05542,0.00,0.00
2017.03.09 07:45:04.848,12.05308,12.05572,0.00,0.00
2017.03.09 07:45:05.294,12.05298,12.05572,0.00,0.00
2017.03.09 07:45:05.350,12.05308,12.05572,0.00,0.00
2017.03.09 07:45:05.470,12.05298,12.05572,0.00,0.00
2017.03.09 07:45:05.689,12.05328,12.05572,0.00,0.00
2017.03.09 07:45:05.751,12.05318,12.05572,0.00,0.00
2017.03.09 07:45:05.861,12.05298,12.05552,0.00,0.00
2017.03.09 07:45:05.962,12.05298,12.05562,0.00,0.00
2017.03.09 07:45:06.188,12.05309,12.05572,0.00,0.00
2017.03.09 07:45:06.292,12.05298,12.05572,0.00,0.00
2017.03.09 07:45:06.352,12.05318,12.05572,0.00,0.00
2017.03.09 07:45:06.452,12.05298,12.05562,0.00,0.00
2017.03.09 07:45:06.766,12.05299,12.05572,0.00,0.00
2017.03.09 07:45:07.297,12.05298,12.05572,0.00,0.00
2017.03.09 07:45:07.397,12.05298,12.05562,0.00,0.00
2017.03.09 07:45:08.981,12.05298,12.05572,0.00,0.00
2017.03.09 07:45:09.061,12.05318,12.05572,0.00,0.00
2017.03.09 07:45:09.163,12.05298,12.05572,0.00,0.00
2017.03.09 07:45:09.262,12.05298,12.05561,0.00,0.00
2017.03.09 07:45:10.163,12.05299,12.05572,0.00,0.00
2017.03.09 07:45:10.265,12.05298,12.05552,0.00,0.00
2017.03.09 07:45:10.598,12.05298,12.05571,0.00,0.00
2017.03.09 07:45:10.980,12.05308,12.05572,0.00,0.00
2017.03.09 07:45:11.548,12.05329,12.05572,0.00,0.00
2017.03.09 07:45:11.701,12.05309,12.05572,0.00,0.00
2017.03.09 07:45:11.777,12.05298,12.05572,0.00,0.00
2017.03.09 07:45:12.368,12.05298,12.05562,0.00,0.00
2017.03.09 07:45:12.675,12.05319,12.05572,0.00,0.00
2017.03.09 07:45:12.783,12.05298,12.05562,0.00,0.00
2017.03.09 07:45:12.834,12.05398,12.05562,0.00,0.00
2017.03.09 07:45:12.884,12.05398,12.05611,0.00,0.00
2017.03.09 07:45:12.985,12.05398,12.05622,0.00,0.00
2017.03.09 07:45:13.071,12.05409,12.05672,0.00,0.00
2017.03.09 07:45:13.447,12.05398,12.05672,0.00,0.00
2017.03.09 07:45:13.498,12.05408,12.05672,0.00,0.00
2017.03.09 07:45:13.873,12.05398,12.05662,0.00,0.00
2017.03.09 07:45:14.418,12.05398,12.05642,0.00,0.00
2017.03.09 07:45:14.720,12.05429,12.05672,0.00,0.00
2017.03.09 07:45:14.775,12.05398,12.05672,0.00,0.00
2017.03.09 07:45:15.389,12.05419,12.05672,0.00,0.00
2017.03.09 07:45:15.501,12.05398,12.05662,0.00,0.00
2017.03.09 07:45:15.604,12.05398,12.05652,0.00,0.00
2017.03.09 07:45:16.029,12.05368,12.05621,0.00,0.00
2017.03.09 07:45:16.080,12.05359,12.05621,0.00,0.00
2017.03.09 07:45:16.130,12.05399,12.05641,0.00,0.00
2017.03.09 07:45:16.478,12.05399,12.05661,0.00,0.00
2017.03.09 07:45:16.578,12.05399,12.05671,0.00,0.00
2017.03.09 07:45:17.079,12.05399,12.05661,0.00,0.00
2017.03.09 07:45:17.380,12.05408,12.05671,0.00,0.00
2017.03.09 07:45:17.627,12.05399,12.05662,0.00,0.00
2017.03.09 07:45:17.780,12.05399,12.05671,0.00,0.00
2017.03.09 07:45:18.124,12.05399,12.05651,0.00,0.00
2017.03.09 07:45:18.181,12.05399,12.05661,0.00,0.00
2017.03.09 07:45:19.005,12.05409,12.05671,0.00,0.00
2017.03.09 07:45:19.211,12.05399,12.05671,0.00,0.00
2017.03.09 07:45:19.312,12.05419,12.05671,0.00,0.00
2017.03.09 07:45:19.534,12.05399,12.05671,0.00,0.00
2017.03.09 07:45:19.986,12.05409,12.05671,0.00,0.00
2017.03.09 07:45:20.087,12.05399,12.05671,0.00,0.00
2017.03.09 07:45:20.421,12.05409,12.05671,0.00,0.00
2017.03.09 07:45:21.223,12.05399,12.05671,0.00,0.00
2017.03.09 07:45:21.290,12.05399,12.05662,0.00,0.00
2017.03.09 07:45:22.239,12.05408,12.05671,0.00,0.00
2017.03.09 07:45:22.437,12.05399,12.05671,0.00,0.00
2017.03.09 07:45:23.432,12.05408,12.05671,0.00,0.00
2017.03.09 07:45:23.862,12.05399,12.05662,0.00,0.00
2017.03.09 07:45:23.995,12.05399,12.05671,0.00,0.00
2017.03.09 07:45:24.095,12.05408,12.05671,0.00,0.00
2017.03.09 07:45:25.041,12.05399,12.05652,0.00,0.00
2017.03.09 07:45:25.297,12.05399,12.05662,0.00,0.00
2017.03.09 07:45:25.612,12.05399,12.05671,0.00,0.00
2017.03.09 07:45:27.214,12.05409,12.05671,0.00,0.00
2017.03.09 07:45:27.301,12.05399,12.05671,0.00,0.00
2017.03.09 07:45:28.203,12.05399,12.05662,0.00,0.00
2017.03.09 07:45:28.814,12.05399,12.05661,0.00,0.00
2017.03.09 07:45:29.205,12.05399,12.05671,0.00,0.00
2017.03.09 07:45:29.455,12.05409,12.05671,0.00,0.00
2017.03.09 07:45:29.804,12.05399,12.05652,0.00,0.00
2017.03.09 07:45:29.854,12.05399,12.05671,0.00,0.00
2017.03.09 07:45:29.906,12.05418,12.05671,0.00,0.00
2017.03.09 07:45:30.206,12.05399,12.05662,0.00,0.00
2017.03.09 07:45:30.714,12.05399,12.05671,0.00,0.00
2017.03.09 07:45:31.346,12.05399,12.05662,0.00,0.00
2017.03.09 07:45:32.114,12.05399,12.05661,0.00,0.00
2017.03.09 07:45:32.610,12.05409,12.05671,0.00,0.00
2017.03.09 07:45:33.156,12.05399,12.05662,0.00,0.00
2017.03.09 07:45:33.533,12.05399,12.05671,0.00,0.00
2017.03.09 07:45:34.425,12.05408,12.05671,0.00,0.00
2017.03.09 07:45:34.744,12.05449,12.05692,0.00,0.00
2017.03.09 07:45:34.946,12.05448,12.05701,0.00,0.00
2017.03.09 07:45:35.015,12.05469,12.05722,0.00,0.00
2017.03.09 07:45:35.116,12.05458,12.05722,0.00,0.00
2017.03.09 07:45:35.215,12.05448,12.05712,0.00,0.00
2017.03.09 07:45:35.662,12.05428,12.05672,0.00,0.00
2017.03.09 07:45:35.766,12.05418,12.05672,0.00,0.00
2017.03.09 07:45:35.817,12.05398,12.05672,0.00,0.00
2017.03.09 07:45:36.017,12.05419,12.05672,0.00,0.00
2017.03.09 07:45:36.955,12.05408,12.05672,0.00,0.00
2017.03.09 07:45:37.558,12.05449,12.05692,0.00,0.00
2017.03.09 07:45:37.721,12.05499,12.05762,0.00,0.00
2017.03.09 07:45:37.937,12.05499,12.05731,0.00,0.00
2017.03.09 07:45:38.824,12.05499,12.05762,0.00,0.00
2017.03.09 07:45:39.124,12.05499,12.05731,0.00,0.00
2017.03.09 07:45:39.332,12.05499,12.05752,0.00,0.00
2017.03.09 07:45:39.433,12.05499,12.05762,0.00,0.00
2017.03.09 07:45:39.853,12.05499,12.05751,0.00,0.00
2017.03.09 07:45:39.968,12.05499,12.05771,0.00,0.00
2017.03.09 07:45:40.527,12.05499,12.05762,0.00,0.00
2017.03.09 07:45:41.929,12.05499,12.05752,0.00,0.00
2017.03.09 07:45:42.129,12.05499,12.05761,0.00,0.00
2017.03.09 07:45:42.431,12.05499,12.05741,0.00,0.00
2017.03.09 07:45:42.540,12.05499,12.05771,0.00,0.00
2017.03.09 07:45:42.952,12.05499,12.05761,0.00,0.00
2017.03.09 07:45:45.238,12.05499,12.05751,0.00,0.00
2017.03.09 07:45:45.538,12.05499,12.05771,0.00,0.00
2017.03.09 07:45:45.638,12.05499,12.05752,0.00,0.00
2017.03.09 07:45:45.839,12.05499,12.05771,0.00,0.00
2017.03.09 07:45:47.544,12.05508,12.05771,0.00,0.00
2017.03.09 07:45:49.048,12.05499,12.05761,0.00,0.00
2017.03.09 07:45:49.149,12.05499,12.05771,0.00,0.00
2017.03.09 07:45:49.465,12.05499,12.05761,0.00,0.00
2017.03.09 07:45:49.651,12.05499,12.05771,0.00,0.00
2017.03.09 07:45:49.795,12.05508,12.05771,0.00,0.00
2017.03.09 07:45:50.484,12.05499,12.05751,0.00,0.00
2017.03.09 07:45:50.552,12.05499,12.05771,0.00,0.00
2017.03.09 07:45:51.154,12.05499,12.05752,0.00,0.00
2017.03.09 07:45:51.254,12.05508,12.05771,0.00,0.00
2017.03.09 07:45:52.305,12.05499,12.05762,0.00,0.00
2017.03.09 07:45:52.357,12.05499,12.05771,0.00,0.00
2017.03.09 07:45:54.586,12.05499,12.05761,0.00,0.00
2017.03.09 07:45:54.662,12.05499,12.05771,0.00,0.00
2017.03.09 07:45:55.199,12.05499,12.05761,0.00,0.00
2017.03.09 07:45:55.671,12.05509,12.05771,0.00,0.00
2017.03.09 07:45:56.469,12.05499,12.05771,0.00,0.00
2017.03.09 07:45:56.565,12.05508,12.05771,0.00,0.00
2017.03.09 07:45:57.391,12.05598,12.05761,0.00,0.00
2017.03.09 07:45:57.499,12.05598,12.05781,0.00,0.00
2017.03.09 07:45:57.613,12.05598,12.05851,0.00,0.00
2017.03.09 07:45:57.800,12.05598,12.05872,0.00,0.00
2017.03.09 07:45:57.980,12.05598,12.05851,0.00,0.00
2017.03.09 07:45:58.081,12.05598,12.05872,0.00,0.00
2017.03.09 07:45:58.379,12.05598,12.05852,0.00,0.00
2017.03.09 07:45:59.126,12.05568,12.05821,0.00,0.00
2017.03.09 07:45:59.177,12.05549,12.05821,0.00,0.00
2017.03.09 07:45:59.227,12.05549,12.05771,0.00,0.00
2017.03.09 07:45:59.278,12.05499,12.05771,0.00,0.00
2017.03.09 07:46:00.411,12.05499,12.05761,0.00,0.00
2017.03.09 07:46:00.478,12.05499,12.05771,0.00,0.00
2017.03.09 07:46:01.180,12.05509,12.05771,0.00,0.00
2017.03.09 07:46:02.790,12.05499,12.05771,0.00,0.00
2017.03.09 07:46:02.909,12.05508,12.05771,0.00,0.00
2017.03.09 07:46:03.170,12.05499,12.05771,0.00,0.00
2017.03.09 07:46:04.186,12.05499,12.05761,0.00,0.00
2017.03.09 07:46:04.670,12.05509,12.05771,0.00,0.00
2017.03.09 07:46:04.927,12.05548,12.05812,0.00,0.00
2017.03.09 07:46:04.977,12.05598,12.05812,0.00,0.00
2017.03.09 07:46:05.028,12.05598,12.05832,0.00,0.00
2017.03.09 07:46:05.129,12.05598,12.05872,0.00,0.00
2017.03.09 07:46:05.429,12.05598,12.05862,0.00,0.00
2017.03.09 07:46:05.493,12.05598,12.05871,0.00,0.00
2017.03.09 07:46:05.700,12.05598,12.05861,0.00,0.00
2017.03.09 07:46:05.828,12.05598,12.05872,0.00,0.00
2017.03.09 07:46:06.095,12.05598,12.05852,0.00,0.00
2017.03.09 07:46:06.630,12.05598,12.05841,0.00,0.00
2017.03.09 07:46:06.911,12.05598,12.05852,0.00,0.00
2017.03.09 07:46:07.033,12.05598,12.05832,0.00,0.00
2017.03.09 07:46:07.518,12.05598,12.05852,0.00,0.00
2017.03.09 07:46:07.699,12.05598,12.05832,0.00,0.00
2017.03.09 07:46:07.800,12.05598,12.05871,0.00,0.00
2017.03.09 07:46:08.034,12.05598,12.05831,0.00,0.00
2017.03.09 07:46:08.100,12.05598,12.05872,0.00,0.00
2017.03.09 07:46:08.201,12.05598,12.05852,0.00,0.00
2017.03.09 07:46:08.596,12.05598,12.05871,0.00,0.00
2017.03.09 07:46:09.014,12.05598,12.05852,0.00,0.00
2017.03.09 07:46:09.946,12.05598,12.05872,0.00,0.00
2017.03.09 07:46:10.047,12.05598,12.05862,0.00,0.00
2017.03.09 07:46:10.383,12.05598,12.05842,0.00,0.00
2017.03.09 07:46:10.434,12.05598,12.05872,0.00,0.00
2017.03.09 07:46:10.536,12.05598,12.05852,0.00,0.00
2017.03.09 07:46:10.607,12.05598,12.05872,0.00,0.00
2017.03.09 07:46:10.708,12.05598,12.05842,0.00,0.00
2017.03.09 07:46:10.808,12.05598,12.05871,0.00,0.00
2017.03.09 07:46:10.908,12.05598,12.05841,0.00,0.00
2017.03.09 07:46:11.009,12.05598,12.05871,0.00,0.00
2017.03.09 07:46:12.011,12.05598,12.05841,0.00,0.00
2017.03.09 07:46:12.238,12.05598,12.05872,0.00,0.00
2017.03.09 07:46:12.514,12.05598,12.05862,0.00,0.00
2017.03.09 07:46:12.620,12.05598,12.05871,0.00,0.00
2017.03.09 07:46:12.813,12.05598,12.05861,0.00,0.00
2017.03.09 07:46:12.913,12.05598,12.05872,0.00,0.00
2017.03.09 07:46:14.116,12.05598,12.05851,0.00,0.00
2017.03.09 07:46:14.239,12.05598,12.05872,0.00,0.00
2017.03.09 07:46:14.340,12.05609,12.05872,0.00,0.00
2017.03.09 07:46:16.524,12.05598,12.05851,0.00,0.00
2017.03.09 07:46:16.625,12.05609,12.05872,0.00,0.00
2017.03.09 07:46:17.423,12.05598,12.05852,0.00,0.00
2017.03.09 07:46:17.568,12.05598,12.05872,0.00,0.00
2017.03.09 07:46:18.424,12.05598,12.05862,0.00,0.00
2017.03.09 07:46:18.847,12.05598,12.05872,0.00,0.00
2017.03.09 07:46:19.832,12.05598,12.05851,0.00,0.00
2017.03.09 07:46:19.949,12.05598,12.05871,0.00,0.00
2017.03.09 07:46:20.259,12.05649,12.05871,0.00,0.00
2017.03.09 07:46:20.557,12.05699,12.05949,0.00,0.00
2017.03.09 07:46:20.608,12.05678,12.05872,0.00,0.00
2017.03.09 07:46:20.659,12.05608,12.05872,0.00,0.00
2017.03.09 07:46:20.772,12.05598,12.05872,0.00,0.00
2017.03.09 07:46:20.924,12.05652,12.05872,0.00,0.00
2017.03.09 07:46:20.975,12.05649,12.05901,0.00,0.00
2017.03.09 07:46:21.076,12.05639,12.05872,0.00,0.00
2017.03.09 07:46:21.334,12.05599,12.05872,0.00,0.00
2017.03.09 07:46:21.471,12.05608,12.05872,0.00,0.00
2017.03.09 07:46:21.664,12.05598,12.05872,0.00,0.00
2017.03.09 07:46:21.979,12.05608,12.05872,0.00,0.00
2017.03.09 07:46:22.607,12.05619,12.05872,0.00,0.00
2017.03.09 07:46:23.445,12.05598,12.05872,0.00,0.00
2017.03.09 07:46:25.044,12.05598,12.05861,0.00,0.00
2017.03.09 07:46:25.168,12.05599,12.05872,0.00,0.00
2017.03.09 07:46:25.276,12.05598,12.05862,0.00,0.00
2017.03.09 07:46:25.445,12.05598,12.05871,0.00,0.00
2017.03.09 07:46:25.659,12.05598,12.05861,0.00,0.00
2017.03.09 07:46:26.041,12.05618,12.05872,0.00,0.00
2017.03.09 07:46:27.283,12.05608,12.05872,0.00,0.00
2017.03.09 07:46:27.399,12.05598,12.05851,0.00,0.00
2017.03.09 07:46:27.653,12.05598,12.05862,0.00,0.00
2017.03.09 07:46:27.777,12.05608,12.05872,0.00,0.00
2017.03.09 07:46:27.984,12.05498,12.05772,0.00,0.00
2017.03.09 07:46:28.356,12.05498,12.05752,0.00,0.00
2017.03.09 07:46:28.456,12.05498,12.05762,0.00,0.00
2017.03.09 07:46:28.758,12.05498,12.05751,0.00,0.00
2017.03.09 07:46:28.958,12.05498,12.05771,0.00,0.00
2017.03.09 07:46:29.660,12.05498,12.05752,0.00,0.00
2017.03.09 07:46:29.887,12.05508,12.05772,0.00,0.00
2017.03.09 07:46:30.271,12.05498,12.05762,0.00,0.00
2017.03.09 07:46:31.202,12.05499,12.05772,0.00,0.00
2017.03.09 07:46:31.405,12.05498,12.05762,0.00,0.00
2017.03.09 07:46:31.785,12.05498,12.05772,0.00,0.00
2017.03.09 07:46:31.900,12.05498,12.05761,0.00,0.00
2017.03.09 07:46:32.272,12.05509,12.05772,0.00,0.00
2017.03.09 07:46:32.380,12.05498,12.05772,0.00,0.00
2017.03.09 07:46:32.483,12.05498,12.05742,0.00,0.00
2017.03.09 07:46:32.839,12.05498,12.05732,0.00,0.00
2017.03.09 07:46:32.973,12.05498,12.05752,0.00,0.00
2017.03.09 07:46:33.069,12.05498,12.05741,0.00,0.00
2017.03.09 07:46:33.394,12.05498,12.05772,0.00,0.00
2017.03.09 07:46:34.159,12.05499,12.05772,0.00,0.00
2017.03.09 07:46:34.977,12.05498,12.05771,0.00,0.00
2017.03.09 07:46:35.481,12.05499,12.05772,0.00,0.00
2017.03.09 07:46:36.320,12.05498,12.05752,0.00,0.00
2017.03.09 07:46:38.678,12.05508,12.05772,0.00,0.00
2017.03.09 07:46:39.179,12.05498,12.05751,0.00,0.00
2017.03.09 07:46:39.347,12.05499,12.05772,0.00,0.00
2017.03.09 07:46:39.500,12.05498,12.05762,0.00,0.00
2017.03.09 07:46:39.580,12.05498,12.05772,0.00,0.00
2017.03.09 07:46:39.881,12.05508,12.05772,0.00,0.00
2017.03.09 07:46:40.107,12.05449,12.05722,0.00,0.00
2017.03.09 07:46:40.351,12.05498,12.05722,0.00,0.00
2017.03.09 07:46:40.401,12.05498,12.05732,0.00,0.00
2017.03.09 07:46:40.502,12.05499,12.05722,0.00,0.00
2017.03.09 07:46:40.603,12.05499,12.05771,0.00,0.00
2017.03.09 07:46:41.203,12.05499,12.05761,0.00,0.00
2017.03.09 07:46:41.303,12.05452,12.05721,0.00,0.00
2017.03.09 07:46:41.354,12.05498,12.05721,0.00,0.00
2017.03.09 07:46:41.404,12.05498,12.05732,0.00,0.00
2017.03.09 07:46:41.666,12.05448,12.05722,0.00,0.00
2017.03.09 07:46:41.716,12.05468,12.05722,0.00,0.00
2017.03.09 07:46:41.887,12.05448,12.05722,0.00,0.00
2017.03.09 07:46:42.263,12.05438,12.05672,0.00,0.00
2017.03.09 07:46:42.420,12.05408,12.05672,0.00,0.00
2017.03.09 07:46:42.793,12.05418,12.05672,0.00,0.00
2017.03.09 07:46:43.173,12.05439,12.05672,0.00,0.00
2017.03.09 07:46:43.437,12.05418,12.05672,0.00,0.00
2017.03.09 07:46:43.726,12.05428,12.05672,0.00,0.00
2017.03.09 07:46:43.827,12.05398,12.05672,0.00,0.00
2017.03.09 07:46:43.890,12.05409,12.05672,0.00,0.00
2017.03.09 07:46:44.592,12.05428,12.05672,0.00,0.00
2017.03.09 07:46:45.103,12.05439,12.05672,0.00,0.00
2017.03.09 07:46:45.193,12.05398,12.05672,0.00,0.00
2017.03.09 07:46:45.794,12.05409,12.05672,0.00,0.00
2017.03.09 07:46:46.142,12.05429,12.05672,0.00,0.00
2017.03.09 07:46:47.598,12.05399,12.05672,0.00,0.00
2017.03.09 07:46:49.033,12.05428,12.05672,0.00,0.00
2017.03.09 07:46:49.134,12.05398,12.05671,0.00,0.00
2017.03.09 07:46:49.444,12.05398,12.05662,0.00,0.00
2017.03.09 07:46:49.939,12.05418,12.05672,0.00,0.00
2017.03.09 07:46:50.102,12.05398,12.05671,0.00,0.00
2017.03.09 07:46:51.919,12.05419,12.05672,0.00,0.00
2017.03.09 07:46:56.887,12.05399,12.05672,0.00,0.00
2017.03.09 07:46:57.132,12.05428,12.05672,0.00,0.00
2017.03.09 07:46:57.551,12.05419,12.05672,0.00,0.00
2017.03.09 07:46:57.613,12.05438,12.05672,0.00,0.00
2017.03.09 07:46:58.053,12.05418,12.05672,0.00,0.00
2017.03.09 07:47:00.316,12.05399,12.05672,0.00,0.00
2017.03.09 07:47:00.452,12.05429,12.05672,0.00,0.00
2017.03.09 07:47:00.517,12.05419,12.05672,0.00,0.00
2017.03.09 07:47:01.122,12.05438,12.05672,0.00,0.00
2017.03.09 07:47:02.156,12.05419,12.05672,0.00,0.00
2017.03.09 07:47:02.258,12.05438,12.05672,0.00,0.00
2017.03.09 07:47:02.420,12.05498,12.05761,0.00,0.00
2017.03.09 07:47:02.563,12.05498,12.05772,0.00,0.00
2017.03.09 07:47:02.683,12.05488,12.05722,0.00,0.00
2017.03.09 07:47:02.733,12.05458,12.05722,0.00,0.00
2017.03.09 07:47:02.845,12.05449,12.05721,0.00,0.00
2017.03.09 07:47:02.946,12.05438,12.05671,0.00,0.00
2017.03.09 07:47:03.021,12.05408,12.05671,0.00,0.00
2017.03.09 07:47:03.231,12.05419,12.05671,0.00,0.00
2017.03.09 07:47:03.351,12.05399,12.05671,0.00,0.00
2017.03.09 07:47:03.404,12.05449,12.05682,0.00,0.00
2017.03.09 07:47:03.555,12.05448,12.05701,0.00,0.00
2017.03.09 07:47:03.656,12.05469,12.05722,0.00,0.00
2017.03.09 07:47:03.822,12.05459,12.05722,0.00,0.00
2017.03.09 07:47:04.022,12.05468,12.05722,0.00,0.00
2017.03.09 07:47:05.194,12.05468,12.05671,0.00,0.00
2017.03.09 07:47:05.245,12.05438,12.05671,0.00,0.00
2017.03.09 07:47:05.346,12.05408,12.05672,0.00,0.00
2017.03.09 07:47:05.770,12.05419,12.05672,0.00,0.00
2017.03.09 07:47:06.262,12.05439,12.05672,0.00,0.00
2017.03.09 07:47:06.726,12.05418,12.05672,0.00,0.00
2017.03.09 07:47:06.826,12.05399,12.05672,0.00,0.00
2017.03.09 07:47:07.450,12.05398,12.05671,0.00,0.00
2017.03.09 07:47:07.835,12.05398,12.05661,0.00,0.00
2017.03.09 07:47:08.028,12.05398,12.05671,0.00,0.00
2017.03.09 07:47:08.569,12.05418,12.05672,0.00,0.00
2017.03.09 07:47:08.778,12.05398,12.05672,0.00,0.00
2017.03.09 07:47:08.829,12.05429,12.05672,0.00,0.00
2017.03.09 07:47:08.974,12.05449,12.05711,0.00,0.00
2017.03.09 07:47:09.074,12.05438,12.05672,0.00,0.00
2017.03.09 07:47:09.129,12.05398,12.05662,0.00,0.00
2017.03.09 07:47:09.258,12.05398,12.05672,0.00,0.00
2017.03.09 07:47:09.359,12.05419,12.05672,0.00,0.00
2017.03.09 07:47:09.434,12.05399,12.05672,0.00,0.00
2017.03.09 07:47:09.655,12.05428,12.05672,0.00,0.00
2017.03.09 07:47:10.231,12.05409,12.05672,0.00,0.00
2017.03.09 07:47:10.331,12.05429,12.05672,0.00,0.00
2017.03.09 07:47:10.778,12.05408,12.05672,0.00,0.00
2017.03.09 07:47:10.831,12.05429,12.05672,0.00,0.00
2017.03.09 07:47:11.833,12.05399,12.05672,0.00,0.00
2017.03.09 07:47:13.312,12.05448,12.05681,0.00,0.00
2017.03.09 07:47:13.362,12.05448,12.05711,0.00,0.00
2017.03.09 07:47:13.463,12.05459,12.05721,0.00,0.00
2017.03.09 07:47:13.810,12.05468,12.05721,0.00,0.00
2017.03.09 07:47:13.861,12.05459,12.05721,0.00,0.00
2017.03.09 07:47:14.028,12.05468,12.05721,0.00,0.00
2017.03.09 07:47:14.436,12.05459,12.05721,0.00,0.00
2017.03.09 07:47:15.369,12.05459,12.05672,0.00,0.00
2017.03.09 07:47:15.470,12.05409,12.05672,0.00,0.00
2017.03.09 07:47:15.571,12.05399,12.05641,0.00,0.00
2017.03.09 07:47:15.638,12.05399,12.05671,0.00,0.00
2017.03.09 07:47:15.747,12.05399,12.05652,0.00,0.00
2017.03.09 07:47:15.870,12.05408,12.05671,0.00,0.00
2017.03.09 07:47:15.971,12.05419,12.05671,0.00,0.00
2017.03.09 07:47:16.359,12.05399,12.05671,0.00,0.00
2017.03.09 07:47:16.640,12.05418,12.05671,0.00,0.00
2017.03.09 07:47:16.955,12.05399,12.05671,0.00,0.00
2017.03.09 07:47:21.248,12.05419,12.05671,0.00,0.00
2017.03.09 07:47:21.480,12.05399,12.05671,0.00,0.00
2017.03.09 07:47:21.879,12.05418,12.05671,0.00,0.00
2017.03.09 07:47:21.979,12.05399,12.05671,0.00,0.00
2017.03.09 07:47:22.524,12.05448,12.05681,0.00,0.00
2017.03.09 07:47:22.575,12.05448,12.05702,0.00,0.00
2017.03.09 07:47:22.676,12.05438,12.05672,0.00,0.00
2017.03.09 07:47:22.791,12.05418,12.05672,0.00,0.00
2017.03.09 07:47:22.848,12.05398,12.05672,0.00,0.00
2017.03.09 07:47:23.148,12.05408,12.05672,0.00,0.00
2017.03.09 07:47:23.699,12.05451,12.05692,0.00,0.00
2017.03.09 07:47:23.850,12.05498,12.05772,0.00,0.00
2017.03.09 07:47:25.094,12.05499,12.05772,0.00,0.00
2017.03.09 07:47:25.452,12.05498,12.05752,0.00,0.00
2017.03.09 07:47:25.953,12.05498,12.05772,0.00,0.00
2017.03.09 07:47:26.463,12.05498,12.05752,0.00,0.00
2017.03.09 07:47:27.001,12.05498,12.05751,0.00,0.00
2017.03.09 07:47:27.421,12.05498,12.05742,0.00,0.00
2017.03.09 07:47:27.472,12.05498,12.05772,0.00,0.00
2017.03.09 07:47:27.556,12.05498,12.05751,0.00,0.00
2017.03.09 07:47:29.704,12.05498,12.05772,0.00,0.00
2017.03.09 07:47:30.289,12.05498,12.05751,0.00,0.00
2017.03.09 07:47:30.661,12.05498,12.05771,0.00,0.00
2017.03.09 07:47:32.063,12.05498,12.05772,0.00,0.00
2017.03.09 07:47:32.979,12.05498,12.05771,0.00,0.00
2017.03.09 07:47:33.588,12.05498,12.05772,0.00,0.00
2017.03.09 07:47:35.427,12.05508,12.05772,0.00,0.00
2017.03.09 07:47:35.768,12.05509,12.05782,0.00,0.00
2017.03.09 07:47:36.313,12.05508,12.05761,0.00,0.00
2017.03.09 07:47:36.369,12.05509,12.05782,0.00,0.00
2017.03.09 07:47:36.670,12.05508,12.05752,0.00,0.00
2017.03.09 07:47:36.870,12.05508,12.05781,0.00,0.00
2017.03.09 07:47:37.196,12.05508,12.05771,0.00,0.00
2017.03.09 07:47:37.297,12.05508,12.05782,0.00,0.00
2017.03.09 07:47:39.005,12.05508,12.05772,0.00,0.00
2017.03.09 07:47:42.179,12.05508,12.05781,0.00,0.00
2017.03.09 07:47:43.348,12.05508,12.05771,0.00,0.00
2017.03.09 07:47:43.652,12.05559,12.05802,0.00,0.00
2017.03.09 07:47:43.963,12.05509,12.05752,0.00,0.00
2017.03.09 07:47:44.013,12.05509,12.05781,0.00,0.00
2017.03.09 07:47:44.080,12.05509,12.05752,0.00,0.00
2017.03.09 07:47:44.546,12.05558,12.05752,0.00,0.00
2017.03.09 07:47:44.596,12.05558,12.05791,0.00,0.00
2017.03.09 07:47:44.697,12.05518,12.05782,0.00,0.00
2017.03.09 07:47:44.782,12.05509,12.05782,0.00,0.00
2017.03.09 07:47:45.283,12.05508,12.05762,0.00,0.00
2017.03.09 07:47:45.984,12.05508,12.05771,0.00,0.00
2017.03.09 07:47:46.184,12.05508,12.05752,0.00,0.00
2017.03.09 07:47:47.992,12.05508,12.05772,0.00,0.00
2017.03.09 07:47:48.086,12.05508,12.05752,0.00,0.00
2017.03.09 07:47:50.515,12.05509,12.05782,0.00,0.00
2017.03.09 07:47:51.081,12.05508,12.05782,0.00,0.00
2017.03.09 07:47:51.715,12.05508,12.05751,0.00,0.00
2017.03.09 07:47:51.816,12.05508,12.05762,0.00,0.00
2017.03.09 07:47:53.131,12.05508,12.05772,0.00,0.00
2017.03.09 07:47:53.200,12.05508,12.05751,0.00,0.00
2017.03.09 07:47:53.903,12.05509,12.05782,0.00,0.00
2017.03.09 07:47:54.110,12.05519,12.05782,0.00,0.00
2017.03.09 07:47:55.004,12.05508,12.05761,0.00,0.00
2017.03.09 07:47:55.105,12.05518,12.05782,0.00,0.00
2017.03.09 07:47:55.208,12.05529,12.05782,0.00,0.00
2017.03.09 07:47:55.580,12.05559,12.05761,0.00,0.00
2017.03.09 07:47:55.631,12.05559,12.05781,0.00,0.00
2017.03.09 07:47:55.840,12.05578,12.05782,0.00,0.00
2017.03.09 07:47:55.907,12.05508,12.05742,0.00,0.00
2017.03.09 07:47:56.030,12.05508,12.05772,0.00,0.00
2017.03.09 07:47:56.208,12.05508,12.05742,0.00,0.00
2017.03.09 07:47:56.403,12.05458,12.05732,0.00,0.00
2017.03.09 07:47:56.504,12.05508,12.05742,0.00,0.00
2017.03.09 07:47:56.554,12.05508,12.05762,0.00,0.00
2017.03.09 07:47:56.609,12.05508,12.05741,0.00,0.00
2017.03.09 07:47:56.743,12.05508,12.05772,0.00,0.00
2017.03.09 07:47:56.910,12.05508,12.05741,0.00,0.00
2017.03.09 07:47:57.111,12.05508,12.05772,0.00,0.00
2017.03.09 07:47:57.412,12.05508,12.05761,0.00,0.00
2017.03.09 07:47:57.537,12.05508,12.05772,0.00,0.00
2017.03.09 07:47:57.653,12.05508,12.05761,0.00,0.00
2017.03.09 07:47:57.913,12.05508,12.05771,0.00,0.00
2017.03.09 07:47:58.115,12.05508,12.05761,0.00,0.00
2017.03.09 07:47:58.955,12.05508,12.05771,0.00,0.00
2017.03.09 07:47:59.255,12.05508,12.05741,0.00,0.00
2017.03.09 07:47:59.317,12.05508,12.05782,0.00,0.00
2017.03.09 07:47:59.788,12.05508,12.05771,0.00,0.00
2017.03.09 07:47:59.838,12.05508,12.05782,0.00,0.00
2017.03.09 07:48:00.420,12.05508,12.05762,0.00,0.00
2017.03.09 07:48:02.725,12.05508,12.05771,0.00,0.00
2017.03.09 07:48:02.971,12.05508,12.05761,0.00,0.00
2017.03.09 07:48:03.244,12.05508,12.05782,0.00,0.00
2017.03.09 07:48:03.345,12.05508,12.05752,0.00,0.00
2017.03.09 07:48:03.427,12.05509,12.05782,0.00,0.00
2017.03.09 07:48:04.130,12.05508,12.05772,0.00,0.00
2017.03.09 07:48:05.132,12.05508,12.05752,0.00,0.00
2017.03.09 07:48:05.232,12.05508,12.05772,0.00,0.00
2017.03.09 07:48:06.450,12.05509,12.05782,0.00,0.00
2017.03.09 07:48:08.905,12.05558,12.05791,0.00,0.00
2017.03.09 07:48:09.056,12.05559,12.05831,0.00,0.00
2017.03.09 07:48:09.460,12.05559,12.05822,0.00,0.00
2017.03.09 07:48:09.586,12.05559,12.05831,0.00,0.00
2017.03.09 07:48:10.950,12.05608,12.05842,0.00,0.00
2017.03.09 07:48:11.051,12.05608,12.05852,0.00,0.00
2017.03.09 07:48:11.147,12.05608,12.05872,0.00,0.00
2017.03.09 07:48:11.281,12.05608,12.05851,0.00,0.00
2017.03.09 07:48:11.472,12.05569,12.05832,0.00,0.00
2017.03.09 07:48:11.577,12.05559,12.05832,0.00,0.00
2017.03.09 07:48:11.648,12.05558,12.05821,0.00,0.00
2017.03.09 07:48:12.075,12.05558,12.05832,0.00,0.00
2017.03.09 07:48:12.149,12.05568,12.05832,0.00,0.00
2017.03.09 07:48:14.256,12.05608,12.05852,0.00,0.00
2017.03.09 07:48:14.357,12.05608,12.05872,0.00,0.00
2017.03.09 07:48:14.552,12.05608,12.05852,0.00,0.00
2017.03.09 07:48:15.378,12.05568,12.05832,0.00,0.00
2017.03.09 07:48:15.480,12.05558,12.05832,0.00,0.00
2017.03.09 07:48:15.596,12.05558,12.05821,0.00,0.00
2017.03.09 07:48:15.960,12.05558,12.05831,0.00,0.00
2017.03.09 07:48:16.462,12.05558,12.05832,0.00,0.00
2017.03.09 07:48:16.912,12.05609,12.05832,0.00,0.00
2017.03.09 07:48:17.063,12.05609,12.05881,0.00,0.00
2017.03.09 07:48:17.257,12.05609,12.05861,0.00,0.00
2017.03.09 07:48:17.476,12.05609,12.05881,0.00,0.00
2017.03.09 07:48:17.583,12.05609,12.05861,0.00,0.00
2017.03.09 07:48:17.792,12.05609,12.05881,0.00,0.00
2017.03.09 07:48:17.858,12.05609,12.05842,0.00,0.00
2017.03.09 07:48:17.981,12.05609,12.05881,0.00,0.00
2017.03.09 07:48:18.398,12.05609,12.05862,0.00,0.00
2017.03.09 07:48:21.263,12.05609,12.05881,0.00,0.00
2017.03.09 07:48:21.597,12.05609,12.05851,0.00,0.00
2017.03.09 07:48:21.864,12.05609,12.05862,0.00,0.00
2017.03.09 07:48:22.191,12.05609,12.05872,0.00,0.00
2017.03.09 07:48:22.866,12.05609,12.05862,0.00,0.00
2017.03.09 07:48:27.279,12.05609,12.05872,0.00,0.00
2017.03.09 07:48:27.371,12.05609,12.05861,0.00,0.00
2017.03.09 07:48:27.519,12.05609,12.05872,0.00,0.00
2017.03.09 07:48:27.620,12.05609,12.05842,0.00,0.00
2017.03.09 07:48:27.772,12.05609,12.05852,0.00,0.00
2017.03.09 07:48:28.473,12.05609,12.05841,0.00,0.00
2017.03.09 07:48:28.681,12.05609,12.05872,0.00,0.00
2017.03.09 07:48:29.374,12.05609,12.05861,0.00,0.00
2017.03.09 07:48:29.479,12.05609,12.05871,0.00,0.00
2017.03.09 07:48:30.676,12.05609,12.05881,0.00,0.00
2017.03.09 07:48:31.918,12.05609,12.05841,0.00,0.00
2017.03.09 07:48:32.070,12.05609,12.05881,0.00,0.00
2017.03.09 07:48:32.679,12.05609,12.05851,0.00,0.00
2017.03.09 07:48:33.681,12.05609,12.05881,0.00,0.00
2017.03.09 07:48:33.781,12.05609,12.05852,0.00,0.00
2017.03.09 07:48:33.896,12.05609,12.05862,0.00,0.00
2017.03.09 07:48:34.085,12.05609,12.05871,0.00,0.00
2017.03.09 07:48:34.187,12.05609,12.05881,0.00,0.00
2017.03.09 07:48:34.584,12.05609,12.05872,0.00,0.00
2017.03.09 07:48:34.700,12.05609,12.05881,0.00,0.00
2017.03.09 07:48:35.686,12.05609,12.05861,0.00,0.00
2017.03.09 07:48:35.973,12.05599,12.05861,0.00,0.00
2017.03.09 07:48:36.023,12.05619,12.05871,0.00,0.00
2017.03.09 07:48:36.087,12.05599,12.05861,0.00,0.00
2017.03.09 07:48:36.588,12.05599,12.05871,0.00,0.00
2017.03.09 07:48:40.094,12.05618,12.05871,0.00,0.00
2017.03.09 07:48:40.195,12.05599,12.05871,0.00,0.00
2017.03.09 07:48:41.309,12.05619,12.05871,0.00,0.00
2017.03.09 07:48:41.514,12.05599,12.05871,0.00,0.00
2017.03.09 07:48:41.620,12.05618,12.05871,0.00,0.00
2017.03.09 07:48:41.697,12.05599,12.05871,0.00,0.00
2017.03.09 07:48:43.500,12.05618,12.05871,0.00,0.00
2017.03.09 07:48:44.202,12.05599,12.05871,0.00,0.00
2017.03.09 07:48:45.028,12.05599,12.05851,0.00,0.00
2017.03.09 07:48:45.129,12.05618,12.05871,0.00,0.00
2017.03.09 07:48:46.549,12.05599,12.05862,0.00,0.00
2017.03.09 07:48:46.656,12.05628,12.05871,0.00,0.00
2017.03.09 07:48:47.891,12.05639,12.05912,0.00,0.00
2017.03.09 07:48:47.942,12.05639,12.05872,0.00,0.00
2017.03.09 07:48:48.010,12.05639,12.05892,0.00,0.00
2017.03.09 07:48:48.249,12.05639,12.05912,0.00,0.00
2017.03.09 07:48:49.649,12.05639,12.05891,0.00,0.00
2017.03.09 07:48:49.751,12.05639,12.05911,0.00,0.00
2017.03.09 07:48:50.224,12.05639,12.05892,0.00,0.00
2017.03.09 07:48:51.437,12.05639,12.05911,0.00,0.00
2017.03.09 07:48:51.517,12.05639,12.05891,0.00,0.00
2017.03.09 07:48:51.893,12.05639,12.05882,0.00,0.00
2017.03.09 07:48:52.018,12.05639,12.05902,0.00,0.00
2017.03.09 07:48:52.128,12.05639,12.05892,0.00,0.00
2017.03.09 07:48:52.251,12.05639,12.05901,0.00,0.00
2017.03.09 07:48:52.466,12.05639,12.05871,0.00,0.00
2017.03.09 07:48:52.520,12.05639,12.05912,0.00,0.00
2017.03.09 07:48:53.322,12.05639,12.05881,0.00,0.00
2017.03.09 07:48:53.430,12.05639,12.05911,0.00,0.00
2017.03.09 07:48:53.523,12.05639,12.05882,0.00,0.00
2017.03.09 07:48:53.860,12.05639,12.05892,0.00,0.00
2017.03.09 07:48:53.923,12.05639,12.05911,0.00,0.00
2017.03.09 07:48:54.525,12.05639,12.05892,0.00,0.00
2017.03.09 07:48:55.326,12.05639,12.05882,0.00,0.00
2017.03.09 07:48:55.430,12.05639,12.05891,0.00,0.00
2017.03.09 07:48:55.542,12.05639,12.05872,0.00,0.00
2017.03.09 07:48:55.967,12.05639,12.05892,0.00,0.00
2017.03.09 07:48:56.029,12.05639,12.05871,0.00,0.00
2017.03.09 07:48:56.329,12.05639,12.05882,0.00,0.00
2017.03.09 07:48:57.640,12.05639,12.05902,0.00,0.00
2017.03.09 07:48:57.931,12.05639,12.05891,0.00,0.00
2017.03.09 07:48:58.351,12.05639,12.05871,0.00,0.00
2017.03.09 07:48:59.133,12.05639,12.05902,0.00,0.00
2017.03.09 07:48:59.441,12.05639,12.05871,0.00,0.00
2017.03.09 07:48:59.534,12.05639,12.05902,0.00,0.00
2017.03.09 07:49:00.264,12.05639,12.05891,0.00,0.00
2017.03.09 07:49:00.663,12.05639,12.05872,0.00,0.00
2017.03.09 07:49:01.850,12.05639,12.05902,0.00,0.00
2017.03.09 07:49:01.975,12.05639,12.05871,0.00,0.00
2017.03.09 07:49:02.076,12.05639,12.05901,0.00,0.00
2017.03.09 07:49:02.365,12.05639,12.05882,0.00,0.00
2017.03.09 07:49:02.939,12.05639,12.05871,0.00,0.00
2017.03.09 07:49:03.070,12.05639,12.05902,0.00,0.00
2017.03.09 07:49:03.841,12.05639,12.05872,0.00,0.00
2017.03.09 07:49:03.962,12.05639,12.05881,0.00,0.00
2017.03.09 07:49:04.063,12.05639,12.05902,0.00,0.00
2017.03.09 07:49:04.443,12.05639,12.05891,0.00,0.00
2017.03.09 07:49:04.760,12.05639,12.05872,0.00,0.00
2017.03.09 07:49:05.545,12.05639,12.05892,0.00,0.00
2017.03.09 07:49:08.049,12.05639,12.05902,0.00,0.00
2017.03.09 07:49:08.150,12.05639,12.05872,0.00,0.00
2017.03.09 07:49:08.655,12.05639,12.05902,0.00,0.00
2017.03.09 07:49:09.359,12.05639,12.05891,0.00,0.00
2017.03.09 07:49:09.766,12.05609,12.05829,0.00,0.00
2017.03.09 07:49:09.881,12.05588,12.05829,0.00,0.00
2017.03.09 07:49:09.982,12.05538,12.05791,0.00,0.00
2017.03.09 07:49:10.054,12.05538,12.05782,0.00,0.00
2017.03.09 07:49:10.657,12.05538,12.05801,0.00,0.00
2017.03.09 07:49:11.970,12.05538,12.05771,0.00,0.00
2017.03.09 07:49:12.270,12.05538,12.05792,0.00,0.00
2017.03.09 07:49:12.601,12.05508,12.05771,0.00,0.00
2017.03.09 07:49:12.801,12.05499,12.05771,0.00,0.00
2017.03.09 07:49:12.961,12.05499,12.05762,0.00,0.00
2017.03.09 07:49:13.518,12.05499,12.05761,0.00,0.00
2017.03.09 07:49:13.866,12.05499,12.05771,0.00,0.00
2017.03.09 07:49:14.937,12.05519,12.05771,0.00,0.00
2017.03.09 07:49:17.297,12.05499,12.05761,0.00,0.00
2017.03.09 07:49:17.568,12.05518,12.05771,0.00,0.00
2017.03.09 07:49:18.169,12.05499,12.05752,0.00,0.00
2017.03.09 07:49:18.596,12.05518,12.05771,0.00,0.00
2017.03.09 07:49:19.570,12.05508,12.05771,0.00,0.00
2017.03.09 07:49:20.494,12.05499,12.05771,0.00,0.00
2017.03.09 07:49:22.523,12.05508,12.05771,0.00,0.00
2017.03.09 07:49:22.884,12.05518,12.05771,0.00,0.00
2017.03.09 07:49:23.175,12.05499,12.05771,0.00,0.00
2017.03.09 07:49:24.178,12.05508,12.05771,0.00,0.00
2017.03.09 07:49:24.592,12.05499,12.05752,0.00,0.00
2017.03.09 07:49:24.703,12.05499,12.05762,0.00,0.00
2017.03.09 07:49:24.898,12.05509,12.05771,0.00,0.00
2017.03.09 07:49:25.230,12.05499,12.05752,0.00,0.00
2017.03.09 07:49:25.281,12.05499,12.05762,0.00,0.00
2017.03.09 07:49:25.916,12.05499,12.05771,0.00,0.00
2017.03.09 07:49:26.783,12.05499,12.05761,0.00,0.00
2017.03.09 07:49:27.091,12.05509,12.05771,0.00,0.00
2017.03.09 07:49:27.834,12.05508,12.05771,0.00,0.00
2017.03.09 07:49:32.116,12.05519,12.05771,0.00,0.00
2017.03.09 07:49:32.221,12.05499,12.05752,0.00,0.00
2017.03.09 07:49:32.296,12.05518,12.05771,0.00,0.00
2017.03.09 07:49:32.681,12.05518,12.05732,0.00,0.00
2017.03.09 07:49:32.825,12.05488,12.05732,0.00,0.00
2017.03.09 07:49:32.914,12.05479,12.05732,0.00,0.00
2017.03.09 07:49:33.598,12.05498,12.05732,0.00,0.00
2017.03.09 07:49:35.109,12.05518,12.05732,0.00,0.00
2017.03.09 07:49:35.924,12.05498,12.05732,0.00,0.00
2017.03.09 07:49:36.003,12.05528,12.05732,0.00,0.00
2017.03.09 07:49:36.303,12.05509,12.05732,0.00,0.00
2017.03.09 07:49:36.638,12.05519,12.05732,0.00,0.00
2017.03.09 07:49:36.840,12.05478,12.05732,0.00,0.00
2017.03.09 07:49:37.105,12.05459,12.05732,0.00,0.00
2017.03.09 07:49:37.206,12.05488,12.05732,0.00,0.00
2017.03.09 07:49:37.540,12.05509,12.05732,0.00,0.00
2017.03.09 07:49:37.607,12.05489,12.05732,0.00,0.00
2017.03.09 07:49:37.773,12.05469,12.05732,0.00,0.00
2017.03.09 07:49:38.408,12.05488,12.05732,0.00,0.00
2017.03.09 07:49:38.509,12.05469,12.05732,0.00,0.00
2017.03.09 07:49:38.910,12.05489,12.05732,0.00,0.00
2017.03.09 07:49:40.312,12.05499,12.05732,0.00,0.00
2017.03.09 07:49:40.412,12.05459,12.05732,0.00,0.00
2017.03.09 07:49:40.513,12.05451,12.05731,0.00,0.00
2017.03.09 07:49:40.779,12.05449,12.05682,0.00,0.00
2017.03.09 07:49:41.013,12.05398,12.05632,0.00,0.00
2017.03.09 07:49:41.260,12.05439,12.05632,0.00,0.00
2017.03.09 07:49:41.364,12.05379,12.05632,0.00,0.00
2017.03.09 07:49:41.414,12.05398,12.05632,0.00,0.00
2017.03.09 07:49:41.616,12.05378,12.05632,0.00,0.00
2017.03.09 07:49:41.718,12.05389,12.05632,0.00,0.00
2017.03.09 07:49:41.819,12.05368,12.05632,0.00,0.00
2017.03.09 07:49:41.915,12.05388,12.05632,0.00,0.00
2017.03.09 07:49:43.035,12.05418,12.05632,0.00,0.00
2017.03.09 07:49:43.135,12.05388,12.05632,0.00,0.00
2017.03.09 07:49:43.317,12.05418,12.05632,0.00,0.00
2017.03.09 07:49:43.450,12.05388,12.05632,0.00,0.00
2017.03.09 07:49:44.219,12.05409,12.05632,0.00,0.00
2017.03.09 07:49:44.430,12.05388,12.05632,0.00,0.00
2017.03.09 07:49:44.519,12.05408,12.05632,0.00,0.00
2017.03.09 07:49:47.024,12.05419,12.05632,0.00,0.00
2017.03.09 07:49:47.625,12.05388,12.05632,0.00,0.00
2017.03.09 07:49:47.739,12.05428,12.05632,0.00,0.00
2017.03.09 07:49:48.525,12.05432,12.05682,0.00,0.00
2017.03.09 07:49:48.759,12.05478,12.05722,0.00,0.00
2017.03.09 07:49:48.971,12.05458,12.05722,0.00,0.00
2017.03.09 07:49:49.029,12.05518,12.05722,0.00,0.00
2017.03.09 07:49:49.130,12.05488,12.05722,0.00,0.00
2017.03.09 07:49:49.234,12.05519,12.05722,0.00,0.00
2017.03.09 07:49:49.472,12.05488,12.05722,0.00,0.00
2017.03.09 07:49:49.530,12.05469,12.05722,0.00,0.00
2017.03.09 07:49:49.956,12.05488,12.05722,0.00,0.00
2017.03.09 07:49:50.102,12.05479,12.05722,0.00,0.00
2017.03.09 07:49:50.152,12.05508,12.05722,0.00,0.00
2017.03.09 07:49:50.563,12.05489,12.05722,0.00,0.00
2017.03.09 07:49:50.935,12.05469,12.05722,0.00,0.00
2017.03.09 07:49:51.067,12.05508,12.05722,0.00,0.00
2017.03.09 07:49:51.167,12.05499,12.05722,0.00,0.00
2017.03.09 07:49:51.235,12.05479,12.05722,0.00,0.00
2017.03.09 07:49:52.149,12.05498,12.05722,0.00,0.00
2017.03.09 07:49:52.475,12.05509,12.05722,0.00,0.00
2017.03.09 07:49:52.788,12.05448,12.05622,0.00,0.00
2017.03.09 07:49:52.943,12.05439,12.05622,0.00,0.00
2017.03.09 07:49:53.086,12.05409,12.05622,0.00,0.00
2017.03.09 07:49:53.142,12.05388,12.05622,0.00,0.00
2017.03.09 07:49:53.242,12.05399,12.05622,0.00,0.00
2017.03.09 07:49:53.974,12.05418,12.05622,0.00,0.00
2017.03.09 07:49:58.051,12.05379,12.05622,0.00,0.00
2017.03.09 07:49:58.152,12.05408,12.05622,0.00,0.00
2017.03.09 07:49:58.953,12.05398,12.05622,0.00,0.00
2017.03.09 07:50:00.468,12.05409,12.05622,0.00,0.00
2017.03.09 07:50:00.693,12.05399,12.05622,0.00,0.00
2017.03.09 07:50:00.794,12.05378,12.05622,0.00,0.00
2017.03.09 07:50:00.856,12.05408,12.05622,0.00,0.00
2017.03.09 07:50:02.861,12.05418,12.05622,0.00,0.00
2017.03.09 07:50:02.962,12.05408,12.05622,0.00,0.00
2017.03.09 07:50:03.112,12.05388,12.05622,0.00,0.00
2017.03.09 07:50:03.261,12.05372,12.05622,0.00,0.00
2017.03.09 07:50:03.311,12.05378,12.05622,0.00,0.00
2017.03.09 07:50:03.780,12.05398,12.05622,0.00,0.00
2017.03.09 07:50:06.789,12.05372,12.05622,0.00,0.00
2017.03.09 07:50:06.907,12.05419,12.05622,0.00,0.00
2017.03.09 07:50:07.098,12.05408,12.05622,0.00,0.00
2017.03.09 07:50:07.168,12.05428,12.05622,0.00,0.00
2017.03.09 07:50:07.409,12.05419,12.05622,0.00,0.00
2017.03.09 07:50:07.510,12.05428,12.05622,0.00,0.00
2017.03.09 07:50:08.072,12.05388,12.05622,0.00,0.00
2017.03.09 07:50:09.576,12.05372,12.05622,0.00,0.00
2017.03.09 07:50:09.676,12.05408,12.05622,0.00,0.00
2017.03.09 07:50:10.378,12.05398,12.05622,0.00,0.00
2017.03.09 07:50:10.479,12.05428,12.05622,0.00,0.00
2017.03.09 07:50:10.584,12.05398,12.05622,0.00,0.00
2017.03.09 07:50:10.711,12.05389,12.05622,0.00,0.00
2017.03.09 07:50:10.812,12.05372,12.05622,0.00,0.00
2017.03.09 07:50:10.982,12.05409,12.05622,0.00,0.00
2017.03.09 07:50:11.411,12.05372,12.05622,0.00,0.00
2017.03.09 07:50:11.519,12.05378,12.05622,0.00,0.00
2017.03.09 07:50:11.879,12.05398,12.05622,0.00,0.00
2017.03.09 07:50:12.506,12.05409,12.05622,0.00,0.00
2017.03.09 07:50:12.585,12.05372,12.05622,0.00,0.00
2017.03.09 07:50:12.686,12.05389,12.05622,0.00,0.00
2017.03.09 07:50:13.037,12.05408,12.05622,0.00,0.00
2017.03.09 07:50:13.087,12.05389,12.05622,0.00,0.00
2017.03.09 07:50:15.033,12.05389,12.05621,0.00,0.00
2017.03.09 07:50:15.151,12.05409,12.05621,0.00,0.00
2017.03.09 07:50:15.201,12.05388,12.05621,0.00,0.00
2017.03.09 07:50:16.235,12.05372,12.05621,0.00,0.00
2017.03.09 07:50:16.522,12.05338,12.05521,0.00,0.00
2017.03.09 07:50:16.676,12.05272,12.05521,0.00,0.00
2017.03.09 07:50:16.726,12.05288,12.05522,0.00,0.00
2017.03.09 07:50:17.033,12.05308,12.05522,0.00,0.00
2017.03.09 07:50:17.136,12.05288,12.05522,0.00,0.00
2017.03.09 07:50:17.397,12.05309,12.05522,0.00,0.00
2017.03.09 07:50:17.501,12.05288,12.05522,0.00,0.00
2017.03.09 07:50:17.597,12.05329,12.05522,0.00,0.00
2017.03.09 07:50:17.707,12.05288,12.05522,0.00,0.00
2017.03.09 07:50:17.798,12.05272,12.05522,0.00,0.00
2017.03.09 07:50:18.001,12.05288,12.05522,0.00,0.00
2017.03.09 07:50:18.707,12.05308,12.05522,0.00,0.00
2017.03.09 07:50:20.502,12.05289,12.05522,0.00,0.00
2017.03.09 07:50:20.603,12.05318,12.05522,0.00,0.00
2017.03.09 07:50:22.746,12.05328,12.05522,0.00,0.00
2017.03.09 07:50:23.329,12.05308,12.05522,0.00,0.00
2017.03.09 07:50:23.641,12.05329,12.05522,0.00,0.00
2017.03.09 07:50:24.157,12.05308,12.05522,0.00,0.00
2017.03.09 07:50:24.423,12.05329,12.05522,0.00,0.00
2017.03.09 07:50:24.576,12.05309,12.05522,0.00,0.00
2017.03.09 07:50:24.627,12.05329,12.05522,0.00,0.00
2017.03.09 07:50:25.564,12.05298,12.05522,0.00,0.00
2017.03.09 07:50:27.961,12.05308,12.05522,0.00,0.00
2017.03.09 07:50:29.768,12.05328,12.05522,0.00,0.00
2017.03.09 07:50:30.429,12.05309,12.05522,0.00,0.00
2017.03.09 07:50:33.452,12.05289,12.05522,0.00,0.00
2017.03.09 07:50:33.531,12.05309,12.05522,0.00,0.00
2017.03.09 07:50:33.638,12.05288,12.05522,0.00,0.00
2017.03.09 07:50:33.750,12.05308,12.05522,0.00,0.00
2017.03.09 07:50:34.026,12.05351,12.05572,0.00,0.00
2017.03.09 07:50:34.128,12.05398,12.05622,0.00,0.00
2017.03.09 07:50:34.232,12.05409,12.05622,0.00,0.00
2017.03.09 07:50:34.446,12.05389,12.05622,0.00,0.00
2017.03.09 07:50:34.553,12.05408,12.05622,0.00,0.00
2017.03.09 07:50:35.078,12.05389,12.05622,0.00,0.00
2017.03.09 07:50:35.440,12.05369,12.05622,0.00,0.00
2017.03.09 07:50:35.536,12.05389,12.05622,0.00,0.00
2017.03.09 07:50:36.149,12.05378,12.05622,0.00,0.00
2017.03.09 07:50:36.255,12.05388,12.05622,0.00,0.00
2017.03.09 07:50:36.439,12.05379,12.05622,0.00,0.00
2017.03.09 07:50:37.683,12.05388,12.05622,0.00,0.00
2017.03.09 07:50:38.290,12.05368,12.05622,0.00,0.00
2017.03.09 07:50:38.444,12.05409,12.05622,0.00,0.00
2017.03.09 07:50:39.790,12.05379,12.05622,0.00,0.00
2017.03.09 07:50:39.847,12.05369,12.05622,0.00,0.00
2017.03.09 07:50:40.149,12.05378,12.05622,0.00,0.00
2017.03.09 07:50:40.620,12.05388,12.05622,0.00,0.00
2017.03.09 07:50:41.966,12.05379,12.05622,0.00,0.00
2017.03.09 07:50:42.067,12.05409,12.05622,0.00,0.00
2017.03.09 07:50:42.152,12.05399,12.05622,0.00,0.00
2017.03.09 07:50:42.252,12.05419,12.05622,0.00,0.00
2017.03.09 07:50:42.352,12.05368,12.05622,0.00,0.00
2017.03.09 07:50:42.452,12.05408,12.05622,0.00,0.00
2017.03.09 07:50:42.553,12.05379,12.05622,0.00,0.00
2017.03.09 07:50:42.901,12.05399,12.05622,0.00,0.00
2017.03.09 07:50:43.288,12.05409,12.05622,0.00,0.00
2017.03.09 07:50:43.985,12.05398,12.05622,0.00,0.00
2017.03.09 07:50:46.083,12.05378,12.05622,0.00,0.00
2017.03.09 07:50:46.160,12.05388,12.05622,0.00,0.00
2017.03.09 07:50:46.579,12.05399,12.05622,0.00,0.00
2017.03.09 07:50:46.689,12.05378,12.05622,0.00,0.00
2017.03.09 07:50:49.280,12.05369,12.05622,0.00,0.00
2017.03.09 07:50:49.384,12.05359,12.05622,0.00,0.00
2017.03.09 07:50:51.129,12.05359,12.05572,0.00,0.00
2017.03.09 07:50:51.180,12.05318,12.05572,0.00,0.00
2017.03.09 07:50:51.230,12.05318,12.05521,0.00,0.00
2017.03.09 07:50:51.281,12.05288,12.05521,0.00,0.00
2017.03.09 07:50:51.495,12.05319,12.05521,0.00,0.00
2017.03.09 07:50:51.617,12.05288,12.05521,0.00,0.00
2017.03.09 07:50:51.844,12.05279,12.05521,0.00,0.00
2017.03.09 07:50:51.896,12.05272,12.05521,0.00,0.00
2017.03.09 07:50:51.975,12.05278,12.05521,0.00,0.00
2017.03.09 07:50:52.785,12.05289,12.05521,0.00,0.00
2017.03.09 07:50:52.878,12.05272,12.05521,0.00,0.00
2017.03.09 07:50:53.111,12.05278,12.05521,0.00,0.00
2017.03.09 07:50:53.671,12.05309,12.05521,0.00,0.00
2017.03.09 07:50:54.206,12.05299,12.05521,0.00,0.00
2017.03.09 07:50:54.280,12.05278,12.05521,0.00,0.00
2017.03.09 07:50:55.381,12.05272,12.05521,0.00,0.00
2017.03.09 07:50:55.489,12.05309,12.05521,0.00,0.00
2017.03.09 07:50:55.582,12.05279,12.05521,0.00,0.00
2017.03.09 07:50:55.693,12.05308,12.05521,0.00,0.00
2017.03.09 07:50:55.782,12.05279,12.05521,0.00,0.00
2017.03.09 07:50:56.083,12.05299,12.05522,0.00,0.00
2017.03.09 07:50:57.079,12.05279,12.05522,0.00,0.00
2017.03.09 07:50:57.631,12.05289,12.05522,0.00,0.00
2017.03.09 07:50:57.963,12.05309,12.05522,0.00,0.00
2017.03.09 07:50:58.191,12.05298,12.05522,0.00,0.00
2017.03.09 07:50:58.688,12.05278,12.05522,0.00,0.00
2017.03.09 07:50:58.805,12.05272,12.05522,0.00,0.00
2017.03.09 07:50:58.906,12.05279,12.05522,0.00,0.00
2017.03.09 07:50:59.283,12.05289,12.05522,0.00,0.00
2017.03.09 07:50:59.790,12.05308,12.05522,0.00,0.00
2017.03.09 07:51:00.104,12.05289,12.05522,0.00,0.00
2017.03.09 07:51:00.192,12.05272,12.05522,0.00,0.00
2017.03.09 07:51:02.097,12.05288,12.05522,0.00,0.00
2017.03.09 07:51:03.999,12.05272,12.05522,0.00,0.00
2017.03.09 07:51:04.934,12.05289,12.05522,0.00,0.00
2017.03.09 07:51:07.352,12.05272,12.05522,0.00,0.00
2017.03.09 07:51:07.403,12.05259,12.05472,0.00,0.00
2017.03.09 07:51:07.657,12.05199,12.05422,0.00,0.00
2017.03.09 07:51:07.932,12.05178,12.05422,0.00,0.00
2017.03.09 07:51:08.127,12.05198,12.05422,0.00,0.00
2017.03.09 07:51:08.431,12.05228,12.05422,0.00,0.00
2017.03.09 07:51:08.554,12.05209,12.05422,0.00,0.00
2017.03.09 07:51:09.523,12.05178,12.05422,0.00,0.00
2017.03.09 07:51:09.624,12.05209,12.05422,0.00,0.00
2017.03.09 07:51:09.712,12.05198,12.05422,0.00,0.00
2017.03.09 07:51:10.025,12.05208,12.05422,0.00,0.00
2017.03.09 07:51:10.131,12.05171,12.05422,0.00,0.00
2017.03.09 07:51:10.237,12.05178,12.05422,0.00,0.00
2017.03.09 07:51:10.549,12.05219,12.05422,0.00,0.00
2017.03.09 07:51:10.737,12.05198,12.05422,0.00,0.00
2017.03.09 07:51:10.839,12.05178,12.05422,0.00,0.00
2017.03.09 07:51:10.939,12.05171,12.05422,0.00,0.00
2017.03.09 07:51:11.143,12.05189,12.05422,0.00,0.00
2017.03.09 07:51:11.540,12.05208,12.05422,0.00,0.00
2017.03.09 07:51:12.022,12.05171,12.05422,0.00,0.00
2017.03.09 07:51:12.121,12.05208,12.05422,0.00,0.00
2017.03.09 07:51:12.304,12.05208,12.05472,0.00,0.00
2017.03.09 07:51:12.354,12.05198,12.05452,0.00,0.00
2017.03.09 07:51:12.461,12.05198,12.05462,0.00,0.00
2017.03.09 07:51:12.562,12.05198,12.05472,0.00,0.00
2017.03.09 07:51:12.623,12.05208,12.05472,0.00,0.00
2017.03.09 07:51:12.924,12.05198,12.05472,0.00,0.00
2017.03.09 07:51:13.025,12.05158,12.05408,0.00,0.00
2017.03.09 07:51:13.126,12.05098,12.05372,0.00,0.00
2017.03.09 07:51:13.380,12.05098,12.05362,0.00,0.00
2017.03.09 07:51:13.743,12.05099,12.05371,0.00,0.00
2017.03.09 07:51:14.447,12.05099,12.05342,0.00,0.00
2017.03.09 07:51:14.651,12.05099,12.05352,0.00,0.00
2017.03.09 07:51:14.764,12.05099,12.05371,0.00,0.00
2017.03.09 07:51:14.868,12.05099,12.05351,0.00,0.00
2017.03.09 07:51:14.975,12.05099,12.05371,0.00,0.00
2017.03.09 07:51:15.032,12.05128,12.05371,0.00,0.00
2017.03.09 07:51:15.158,12.05109,12.05371,0.00,0.00
2017.03.09 07:51:15.945,12.05129,12.05371,0.00,0.00
2017.03.09 07:51:16.742,12.05109,12.05371,0.00,0.00
2017.03.09 07:51:16.870,12.05099,12.05371,0.00,0.00
2017.03.09 07:51:17.586,12.05128,12.05371,0.00,0.00
2017.03.09 07:51:17.866,12.05108,12.05371,0.00,0.00
2017.03.09 07:51:17.938,12.05128,12.05371,0.00,0.00
2017.03.09 07:51:18.752,12.05099,12.05371,0.00,0.00
2017.03.09 07:51:18.853,12.05149,12.05371,0.00,0.00
2017.03.09 07:51:19.186,12.05109,12.05371,0.00,0.00
2017.03.09 07:51:19.240,12.05099,12.05371,0.00,0.00
2017.03.09 07:51:19.641,12.05108,12.05371,0.00,0.00
2017.03.09 07:51:21.270,12.05129,12.05371,0.00,0.00
2017.03.09 07:51:21.344,12.05109,12.05371,0.00,0.00
2017.03.09 07:51:21.491,12.05161,12.05391,0.00,0.00
2017.03.09 07:51:21.646,12.05198,12.05472,0.00,0.00
2017.03.09 07:51:22.047,12.05198,12.05451,0.00,0.00
2017.03.09 07:51:22.149,12.05198,12.05471,0.00,0.00
2017.03.09 07:51:22.380,12.05198,12.05461,0.00,0.00
2017.03.09 07:51:22.651,12.05198,12.05472,0.00,0.00
2017.03.09 07:51:24.052,12.05198,12.05441,0.00,0.00
2017.03.09 07:51:24.153,12.05198,12.05452,0.00,0.00
2017.03.09 07:51:24.359,12.05198,12.05472,0.00,0.00
2017.03.09 07:51:25.122,12.05198,12.05462,0.00,0.00
2017.03.09 07:51:25.354,12.05188,12.05462,0.00,0.00
2017.03.09 07:51:25.455,12.05209,12.05462,0.00,0.00
2017.03.09 07:51:25.882,12.05188,12.05442,0.00,0.00
2017.03.09 07:51:25.955,12.05198,12.05462,0.00,0.00
2017.03.09 07:51:26.297,12.05209,12.05462,0.00,0.00
2017.03.09 07:51:26.456,12.05199,12.05462,0.00,0.00
2017.03.09 07:51:26.657,12.05188,12.05461,0.00,0.00
2017.03.09 07:51:26.957,12.05218,12.05462,0.00,0.00
2017.03.09 07:51:27.764,12.05198,12.05462,0.00,0.00
2017.03.09 07:51:28.359,12.05188,12.05441,0.00,0.00
2017.03.09 07:51:28.460,12.05188,12.05462,0.00,0.00
2017.03.09 07:51:28.880,12.05208,12.05462,0.00,0.00
2017.03.09 07:51:29.378,12.05229,12.05462,0.00,0.00
2017.03.09 07:51:29.482,12.05188,12.05462,0.00,0.00
2017.03.09 07:51:29.563,12.05188,12.05451,0.00,0.00
2017.03.09 07:51:29.702,12.05188,12.05462,0.00,0.00
2017.03.09 07:51:29.764,12.05228,12.05462,0.00,0.00
2017.03.09 07:51:31.714,12.05262,12.05512,0.00,0.00
2017.03.09 07:51:31.815,12.05289,12.05472,0.00,0.00
2017.03.09 07:51:31.868,12.05289,12.05552,0.00,0.00
2017.03.09 07:51:31.991,12.05289,12.05561,0.00,0.00
2017.03.09 07:51:32.092,12.05289,12.05531,0.00,0.00
2017.03.09 07:51:32.270,12.05289,12.05561,0.00,0.00
2017.03.09 07:51:33.612,12.05289,12.05541,0.00,0.00
2017.03.09 07:51:35.225,12.05289,12.05552,0.00,0.00
2017.03.09 07:51:35.376,12.05289,12.05561,0.00,0.00
2017.03.09 07:51:35.676,12.05289,12.05552,0.00,0.00
2017.03.09 07:51:35.726,12.05289,12.05561,0.00,0.00
2017.03.09 07:51:35.877,12.05289,12.05532,0.00,0.00
2017.03.09 07:51:35.982,12.05289,12.05561,0.00,0.00
2017.03.09 07:51:36.033,12.05339,12.05572,0.00,0.00
2017.03.09 07:51:36.083,12.05339,12.05582,0.00,0.00
2017.03.09 07:51:36.199,12.05319,12.05562,0.00,0.00
2017.03.09 07:51:36.318,12.05288,12.05562,0.00,0.00
2017.03.09 07:51:36.425,12.05288,12.05542,0.00,0.00
2017.03.09 07:51:36.480,12.05288,12.05551,0.00,0.00
2017.03.09 07:51:36.621,12.05288,12.05541,0.00,0.00
2017.03.09 07:51:36.722,12.05288,12.05562,0.00,0.00
2017.03.09 07:51:37.200,12.05308,12.05562,0.00,0.00
2017.03.09 07:51:37.412,12.05288,12.05562,0.00,0.00
2017.03.09 07:51:37.514,12.05318,12.05562,0.00,0.00
2017.03.09 07:51:37.582,12.05288,12.05562,0.00,0.00
2017.03.09 07:51:37.683,12.05288,12.05541,0.00,0.00
2017.03.09 07:51:37.995,12.05288,12.05552,0.00,0.00
2017.03.09 07:51:38.197,12.05288,12.05562,0.00,0.00
2017.03.09 07:51:38.319,12.05288,12.05531,0.00,0.00
2017.03.09 07:51:38.721,12.05288,12.05551,0.00,0.00
2017.03.09 07:51:38.896,12.05288,12.05562,0.00,0.00
2017.03.09 07:51:39.316,12.05288,12.05532,0.00,0.00
2017.03.09 07:51:39.388,12.05288,12.05552,0.00,0.00
2017.03.09 07:51:39.896,12.05288,12.05541,0.00,0.00
2017.03.09 07:51:39.997,12.05298,12.05562,0.00,0.00
2017.03.09 07:51:40.189,12.05288,12.05562,0.00,0.00
2017.03.09 07:51:40.308,12.05309,12.05562,0.00,0.00
2017.03.09 07:51:40.410,12.05288,12.05561,0.00,0.00
2017.03.09 07:51:40.696,12.05298,12.05562,0.00,0.00
2017.03.09 07:51:41.347,12.05288,12.05552,0.00,0.00
2017.03.09 07:51:41.714,12.05288,12.05562,0.00,0.00
2017.03.09 07:51:41.794,12.05299,12.05562,0.00,0.00
2017.03.09 07:51:42.009,12.05288,12.05552,0.00,0.00
2017.03.09 07:51:42.121,12.05288,12.05542,0.00,0.00
2017.03.09 07:51:42.413,12.05288,12.05562,0.00,0.00
2017.03.09 07:51:42.537,12.05288,12.05552,0.00,0.00
2017.03.09 07:51:42.936,12.05288,12.05531,0.00,0.00
2017.03.09 07:51:43.801,12.05289,12.05562,0.00,0.00
2017.03.09 07:51:43.939,12.05288,12.05542,0.00,0.00
2017.03.09 07:51:44.105,12.05288,12.05552,0.00,0.00
2017.03.09 07:51:44.768,12.05271,12.05462,0.00,0.00
2017.03.09 07:51:44.869,12.05288,12.05531,0.00,0.00
2017.03.09 07:51:44.919,12.05288,12.05512,0.00,0.00
2017.03.09 07:51:45.001,12.05288,12.05561,0.00,0.00
2017.03.09 07:51:45.710,12.05288,12.05541,0.00,0.00
2017.03.09 07:51:45.806,12.05289,12.05562,0.00,0.00
2017.03.09 07:51:46.333,12.05299,12.05562,0.00,0.00
2017.03.09 07:51:46.674,12.05319,12.05562,0.00,0.00
2017.03.09 07:51:47.006,12.05309,12.05562,0.00,0.00
2017.03.09 07:51:47.255,12.05329,12.05562,0.00,0.00
2017.03.09 07:51:47.308,12.05308,12.05562,0.00,0.00
2017.03.09 07:51:47.367,12.05339,12.05592,0.00,0.00
2017.03.09 07:51:47.676,12.05368,12.05561,0.00,0.00
2017.03.09 07:51:47.726,12.05318,12.05561,0.00,0.00
2017.03.09 07:51:47.827,12.05308,12.05561,0.00,0.00
2017.03.09 07:51:47.947,12.05298,12.05561,0.00,0.00
2017.03.09 07:51:48.010,12.05289,12.05561,0.00,0.00
2017.03.09 07:51:48.117,12.05308,12.05561,0.00,0.00
2017.03.09 07:51:48.412,12.05289,12.05561,0.00,0.00
2017.03.09 07:51:48.740,12.05308,12.05561,0.00,0.00
2017.03.09 07:51:48.914,12.05289,12.05561,0.00,0.00
2017.03.09 07:51:49.315,12.05318,12.05561,0.00,0.00
2017.03.09 07:51:49.531,12.05289,12.05561,0.00,0.00
2017.03.09 07:51:49.632,12.05299,12.05561,0.00,0.00
2017.03.09 07:51:50.758,12.05289,12.05561,0.00,0.00
2017.03.09 07:51:50.818,12.05318,12.05561,0.00,0.00
2017.03.09 07:51:51.246,12.05289,12.05561,0.00,0.00
2017.03.09 07:51:55.562,12.05289,12.05552,0.00,0.00
2017.03.09 07:51:55.888,12.05299,12.05561,0.00,0.00
2017.03.09 07:51:56.218,12.05309,12.05561,0.00,0.00
2017.03.09 07:51:56.268,12.05289,12.05552,0.00,0.00
2017.03.09 07:51:56.372,12.05289,12.05561,0.00,0.00
2017.03.09 07:51:56.635,12.05309,12.05561,0.00,0.00
2017.03.09 07:51:56.743,12.05289,12.05561,0.00,0.00
2017.03.09 07:51:57.137,12.05308,12.05561,0.00,0.00
2017.03.09 07:51:57.634,12.05289,12.05561,0.00,0.00
2017.03.09 07:51:58.836,12.05309,12.05561,0.00,0.00
2017.03.09 07:52:00.169,12.05289,12.05561,0.00,0.00
2017.03.09 07:52:00.270,12.05289,12.05552,0.00,0.00
2017.03.09 07:52:01.546,12.05289,12.05561,0.00,0.00
2017.03.09 07:52:01.642,12.05289,12.05552,0.00,0.00
2017.03.09 07:52:01.882,12.05289,12.05561,0.00,0.00
2017.03.09 07:52:01.984,12.05299,12.05561,0.00,0.00
2017.03.09 07:52:02.745,12.05289,12.05552,0.00,0.00
2017.03.09 07:52:02.872,12.05289,12.05561,0.00,0.00
2017.03.09 07:52:03.046,12.05298,12.05561,0.00,0.00
2017.03.09 07:52:03.747,12.05309,12.05561,0.00,0.00
2017.03.09 07:52:04.274,12.05308,12.05561,0.00,0.00
2017.03.09 07:52:04.349,12.05289,12.05561,0.00,0.00
2017.03.09 07:52:04.650,12.05319,12.05561,0.00,0.00
2017.03.09 07:52:04.951,12.05309,12.05561,0.00,0.00
2017.03.09 07:52:05.852,12.05318,12.05561,0.00,0.00
2017.03.09 07:52:05.953,12.05289,12.05561,0.00,0.00
2017.03.09 07:52:06.153,12.05309,12.05561,0.00,0.00
2017.03.09 07:52:06.547,12.05329,12.05561,0.00,0.00
2017.03.09 07:52:06.754,12.05318,12.05561,0.00,0.00
2017.03.09 07:52:06.854,12.05289,12.05561,0.00,0.00
2017.03.09 07:52:07.365,12.05318,12.05561,0.00,0.00
2017.03.09 07:52:07.800,12.05308,12.05561,0.00,0.00
2017.03.09 07:52:07.905,12.05289,12.05561,0.00,0.00
2017.03.09 07:52:07.958,12.05318,12.05561,0.00,0.00
2017.03.09 07:52:08.057,12.05289,12.05561,0.00,0.00
2017.03.09 07:52:08.382,12.05298,12.05561,0.00,0.00
2017.03.09 07:52:08.737,12.05318,12.05561,0.00,0.00
2017.03.09 07:52:08.787,12.05298,12.05561,0.00,0.00
2017.03.09 07:52:09.000,12.05289,12.05561,0.00,0.00
2017.03.09 07:52:09.160,12.05298,12.05561,0.00,0.00
2017.03.09 07:52:09.261,12.05289,12.05561,0.00,0.00
2017.03.09 07:52:09.662,12.05309,12.05561,0.00,0.00
2017.03.09 07:52:10.067,12.05298,12.05561,0.00,0.00
2017.03.09 07:52:10.163,12.05308,12.05561,0.00,0.00
2017.03.09 07:52:11.465,12.05289,12.05561,0.00,0.00
2017.03.09 07:52:11.668,12.05299,12.05561,0.00,0.00
2017.03.09 07:52:12.107,12.05318,12.05561,0.00,0.00
2017.03.09 07:52:12.267,12.05309,12.05561,0.00,0.00
2017.03.09 07:52:12.576,12.05319,12.05561,0.00,0.00
2017.03.09 07:52:14.898,12.05309,12.05561,0.00,0.00
2017.03.09 07:52:19.251,12.05299,12.05561,0.00,0.00
2017.03.09 07:52:21.688,12.05299,12.05562,0.00,0.00
2017.03.09 07:52:21.789,12.05288,12.05562,0.00,0.00
2017.03.09 07:52:21.893,12.05288,12.05551,0.00,0.00
2017.03.09 07:52:22.186,12.05298,12.05562,0.00,0.00
2017.03.09 07:52:22.430,12.05288,12.05541,0.00,0.00
2017.03.09 07:52:22.896,12.05288,12.05561,0.00,0.00
2017.03.09 07:52:23.292,12.05299,12.05562,0.00,0.00
2017.03.09 07:52:24.109,12.05288,12.05562,0.00,0.00
2017.03.09 07:52:25.018,12.05288,12.05552,0.00,0.00
2017.03.09 07:52:25.190,12.05288,12.05562,0.00,0.00
2017.03.09 07:52:25.290,12.05288,12.05552,0.00,0.00
2017.03.09 07:52:25.414,12.05288,12.05562,0.00,0.00
2017.03.09 07:52:25.515,12.05298,12.05562,0.00,0.00
2017.03.09 07:52:26.074,12.05318,12.05562,0.00,0.00
2017.03.09 07:52:26.392,12.05298,12.05562,0.00,0.00
2017.03.09 07:52:28.796,12.05288,12.05562,0.00,0.00
2017.03.09 07:52:29.316,12.05288,12.05551,0.00,0.00
2017.03.09 07:52:29.779,12.05288,12.05541,0.00,0.00
2017.03.09 07:52:29.829,12.05288,12.05562,0.00,0.00
2017.03.09 07:52:29.899,12.05308,12.05562,0.00,0.00
2017.03.09 07:52:30.099,12.05289,12.05562,0.00,0.00
2017.03.09 07:52:30.200,12.05308,12.05562,0.00,0.00
2017.03.09 07:52:31.139,12.05288,12.05562,0.00,0.00
2017.03.09 07:52:31.247,12.05288,12.05542,0.00,0.00
2017.03.09 07:52:31.350,12.05288,12.05562,0.00,0.00
2017.03.09 07:52:31.625,12.05288,12.05542,0.00,0.00
2017.03.09 07:52:31.726,12.05289,12.05562,0.00,0.00
2017.03.09 07:52:31.829,12.05298,12.05562,0.00,0.00
2017.03.09 07:52:32.929,12.05288,12.05532,0.00,0.00
2017.03.09 07:52:33.005,12.05288,12.05541,0.00,0.00
2017.03.09 07:52:33.206,12.05299,12.05562,0.00,0.00
2017.03.09 07:52:33.849,12.05288,12.05561,0.00,0.00
2017.03.09 07:52:34.648,12.05288,12.05552,0.00,0.00
2017.03.09 07:52:35.010,12.05289,12.05562,0.00,0.00
2017.03.09 07:52:35.110,12.05308,12.05562,0.00,0.00
2017.03.09 07:52:35.211,12.05288,12.05551,0.00,0.00
2017.03.09 07:52:35.310,12.05298,12.05562,0.00,0.00
2017.03.09 07:52:35.611,12.05288,12.05562,0.00,0.00
2017.03.09 07:52:37.150,12.05288,12.05531,0.00,0.00
2017.03.09 07:52:37.255,12.05299,12.05562,0.00,0.00
2017.03.09 07:52:38.016,12.05288,12.05562,0.00,0.00
2017.03.09 07:52:41.731,12.05288,12.05552,0.00,0.00
2017.03.09 07:52:42.380,12.05288,12.05551,0.00,0.00
2017.03.09 07:52:42.827,12.05299,12.05562,0.00,0.00
2017.03.09 07:52:43.771,12.05288,12.05551,0.00,0.00
2017.03.09 07:52:44.153,12.05288,12.05562,0.00,0.00
2017.03.09 07:52:44.254,12.05288,12.05532,0.00,0.00
2017.03.09 07:52:44.630,12.05298,12.05562,0.00,0.00
2017.03.09 07:52:45.273,12.05288,12.05552,0.00,0.00
2017.03.09 07:52:46.551,12.05298,12.05562,0.00,0.00
2017.03.09 07:52:46.979,12.05288,12.05562,0.00,0.00
2017.03.09 07:52:47.743,12.05288,12.05551,0.00,0.00
2017.03.09 07:52:48.042,12.05298,12.05562,0.00,0.00
2017.03.09 07:52:48.535,12.05288,12.05551,0.00,0.00
2017.03.09 07:52:50.338,12.05299,12.05562,0.00,0.00
2017.03.09 07:52:50.695,12.05288,12.05561,0.00,0.00
2017.03.09 07:52:50.746,12.05298,12.05562,0.00,0.00
2017.03.09 07:52:50.944,12.05288,12.05562,0.00,0.00
2017.03.09 07:52:51.045,12.05342,12.05562,0.00,0.00
2017.03.09 07:52:51.145,12.05388,12.05662,0.00,0.00
2017.03.09 07:52:51.453,12.05388,12.05621,0.00,0.00
2017.03.09 07:52:51.564,12.05388,12.05632,0.00,0.00
2017.03.09 07:52:51.681,12.05388,12.05662,0.00,0.00
2017.03.09 07:52:52.067,12.05388,12.05642,0.00,0.00
2017.03.09 07:52:52.243,12.05388,12.05662,0.00,0.00
2017.03.09 07:52:52.374,12.05388,12.05651,0.00,0.00
2017.03.09 07:52:52.443,12.05388,12.05662,0.00,0.00
2017.03.09 07:52:52.645,12.05388,12.05651,0.00,0.00
2017.03.09 07:52:53.006,12.05388,12.05631,0.00,0.00
2017.03.09 07:52:53.271,12.05388,12.05651,0.00,0.00
2017.03.09 07:52:53.490,12.05388,12.05631,0.00,0.00
2017.03.09 07:52:53.547,12.05388,12.05662,0.00,0.00
2017.03.09 07:52:53.661,12.05388,12.05622,0.00,0.00
2017.03.09 07:52:53.871,12.05388,12.05651,0.00,0.00
2017.03.09 07:52:54.055,12.05288,12.05561,0.00,0.00
2017.03.09 07:52:54.496,12.05288,12.05552,0.00,0.00
2017.03.09 07:52:55.428,12.05389,12.05552,0.00,0.00
2017.03.09 07:52:55.479,12.05389,12.05602,0.00,0.00
2017.03.09 07:52:55.603,12.05389,12.05651,0.00,0.00
2017.03.09 07:52:56.068,12.05389,12.05661,0.00,0.00
2017.03.09 07:52:56.674,12.05389,12.05632,0.00,0.00
2017.03.09 07:52:56.774,12.05389,12.05661,0.00,0.00
2017.03.09 07:52:56.855,12.05389,12.05631,0.00,0.00
2017.03.09 07:52:57.083,12.05389,12.05652,0.00,0.00
2017.03.09 07:52:57.569,12.05389,12.05661,0.00,0.00
2017.03.09 07:52:57.906,12.05389,12.05651,0.00,0.00
2017.03.09 07:52:57.958,12.05389,12.05661,0.00,0.00
2017.03.09 07:53:00.381,12.05389,12.05642,0.00,0.00
2017.03.09 07:53:03.269,12.05389,12.05661,0.00,0.00
2017.03.09 07:53:08.623,12.05398,12.05661,0.00,0.00
2017.03.09 07:53:09.182,12.05389,12.05661,0.00,0.00
2017.03.09 07:53:09.283,12.05389,12.05652,0.00,0.00
2017.03.09 07:53:10.185,12.05389,12.05661,0.00,0.00
2017.03.09 07:53:12.791,12.05398,12.05661,0.00,0.00
2017.03.09 07:53:13.805,12.05389,12.05661,0.00,0.00
2017.03.09 07:53:14.520,12.05408,12.05661,0.00,0.00
2017.03.09 07:53:14.933,12.05389,12.05642,0.00,0.00
2017.03.09 07:53:14.996,12.05389,12.05661,0.00,0.00
2017.03.09 07:53:16.299,12.05389,12.05642,0.00,0.00
2017.03.09 07:53:16.632,12.05389,12.05661,0.00,0.00
2017.03.09 07:53:16.699,12.05389,12.05652,0.00,0.00
2017.03.09 07:53:16.800,12.05389,12.05661,0.00,0.00
2017.03.09 07:53:16.941,12.05399,12.05661,0.00,0.00
2017.03.09 07:53:17.539,12.05398,12.05661,0.00,0.00
2017.03.09 07:53:17.601,12.05389,12.05661,0.00,0.00
2017.03.09 07:53:17.706,12.05408,12.05661,0.00,0.00
2017.03.09 07:53:17.901,12.05398,12.05661,0.00,0.00
2017.03.09 07:53:19.427,12.05389,12.05641,0.00,0.00
2017.03.09 07:53:19.505,12.05389,12.05661,0.00,0.00
2017.03.09 07:53:21.049,12.05389,12.05642,0.00,0.00
2017.03.09 07:53:21.219,12.05389,12.05652,0.00,0.00
2017.03.09 07:53:21.308,12.05409,12.05661,0.00,0.00
2017.03.09 07:53:21.746,12.05389,12.05661,0.00,0.00
2017.03.09 07:53:21.857,12.05389,12.05652,0.00,0.00
2017.03.09 07:53:22.312,12.05389,12.05642,0.00,0.00
2017.03.09 07:53:22.617,12.05389,12.05651,0.00,0.00
2017.03.09 07:53:22.735,12.05389,12.05641,0.00,0.00
2017.03.09 07:53:22.943,12.05389,12.05661,0.00,0.00
2017.03.09 07:53:23.012,12.05399,12.05661,0.00,0.00
2017.03.09 07:53:23.261,12.05389,12.05652,0.00,0.00
2017.03.09 07:53:23.313,12.05389,12.05641,0.00,0.00
2017.03.09 07:53:23.531,12.05389,12.05661,0.00,0.00
2017.03.09 07:53:23.646,12.05389,12.05652,0.00,0.00
2017.03.09 07:53:24.005,12.05389,12.05642,0.00,0.00
2017.03.09 07:53:24.116,12.05389,12.05661,0.00,0.00
2017.03.09 07:53:24.167,12.05378,12.05611,0.00,0.00
2017.03.09 07:53:24.267,12.05339,12.05581,0.00,0.00
2017.03.09 07:53:24.318,12.05288,12.05562,0.00,0.00
2017.03.09 07:53:24.533,12.05329,12.05562,0.00,0.00
2017.03.09 07:53:24.740,12.05298,12.05562,0.00,0.00
2017.03.09 07:53:25.023,12.05288,12.05561,0.00,0.00
2017.03.09 07:53:25.223,12.05288,12.05552,0.00,0.00
2017.03.09 07:53:25.342,12.05288,12.05561,0.00,0.00
2017.03.09 07:53:25.823,12.05288,12.05552,0.00,0.00
2017.03.09 07:53:26.162,12.05289,12.05562,0.00,0.00
2017.03.09 07:53:26.341,12.05288,12.05552,0.00,0.00
2017.03.09 07:53:26.687,12.05298,12.05562,0.00,0.00
2017.03.09 07:53:28.149,12.05288,12.05561,0.00,0.00
2017.03.09 07:53:28.930,12.05289,12.05562,0.00,0.00
2017.03.09 07:53:29.031,12.05288,12.05551,0.00,0.00
2017.03.09 07:53:29.624,12.05288,12.05552,0.00,0.00
2017.03.09 07:53:29.763,12.05289,12.05562,0.00,0.00
2017.03.09 07:53:29.832,12.05288,12.05552,0.00,0.00
2017.03.09 07:53:29.941,12.05288,12.05562,0.00,0.00
2017.03.09 07:53:30.042,12.05288,12.05542,0.00,0.00
2017.03.09 07:53:30.522,12.05308,12.05562,0.00,0.00
2017.03.09 07:53:30.647,12.05298,12.05562,0.00,0.00
2017.03.09 07:53:30.756,12.05308,12.05562,0.00,0.00
2017.03.09 07:53:31.180,12.05288,12.05562,0.00,0.00
2017.03.09 07:53:31.849,12.05299,12.05562,0.00,0.00
2017.03.09 07:53:32.437,12.05288,12.05542,0.00,0.00
2017.03.09 07:53:32.537,12.05298,12.05562,0.00,0.00
2017.03.09 07:53:32.972,12.05288,12.05562,0.00,0.00
2017.03.09 07:53:33.038,12.05288,12.05542,0.00,0.00
2017.03.09 07:53:33.182,12.05288,12.05562,0.00,0.00
2017.03.09 07:53:33.238,12.05308,12.05562,0.00,0.00
2017.03.09 07:53:35.164,12.05298,12.05562,0.00,0.00
2017.03.09 07:53:35.475,12.05288,12.05541,0.00,0.00
2017.03.09 07:53:35.542,12.05288,12.05561,0.00,0.00
2017.03.09 07:53:35.843,12.05308,12.05562,0.00,0.00
2017.03.09 07:53:35.975,12.05288,12.05562,0.00,0.00
2017.03.09 07:53:36.077,12.05308,12.05562,0.00,0.00
2017.03.09 07:53:36.364,12.05288,12.05562,0.00,0.00
2017.03.09 07:53:36.444,12.05318,12.05562,0.00,0.00
2017.03.09 07:53:36.592,12.05299,12.05562,0.00,0.00
2017.03.09 07:53:37.573,12.05288,12.05542,0.00,0.00
2017.03.09 07:53:37.776,12.05288,12.05562,0.00,0.00
2017.03.09 07:53:37.884,12.05308,12.05562,0.00,0.00
2017.03.09 07:53:38.208,12.05318,12.05562,0.00,0.00
2017.03.09 07:53:38.258,12.05299,12.05562,0.00,0.00
2017.03.09 07:53:38.359,12.05319,12.05562,0.00,0.00
2017.03.09 07:53:38.549,12.05299,12.05562,0.00,0.00
2017.03.09 07:53:38.749,12.05318,12.05562,0.00,0.00
2017.03.09 07:53:38.849,12.05299,12.05562,0.00,0.00
2017.03.09 07:53:40.151,12.05309,12.05562,0.00,0.00
2017.03.09 07:53:40.252,12.05298,12.05562,0.00,0.00
2017.03.09 07:53:40.353,12.05288,12.05562,0.00,0.00
2017.03.09 07:53:40.753,12.05318,12.05562,0.00,0.00
2017.03.09 07:53:41.053,12.05288,12.05562,0.00,0.00
2017.03.09 07:53:41.199,12.05299,12.05562,0.00,0.00
2017.03.09 07:53:41.660,12.05308,12.05562,0.00,0.00
2017.03.09 07:53:41.841,12.05299,12.05562,0.00,0.00
2017.03.09 07:53:46.501,12.05308,12.05562,0.00,0.00
2017.03.09 07:53:48.064,12.05288,12.05561,0.00,0.00
2017.03.09 07:53:48.592,12.05309,12.05562,0.00,0.00
2017.03.09 07:53:48.665,12.05288,12.05562,0.00,0.00
2017.03.09 07:53:49.066,12.05309,12.05562,0.00,0.00
2017.03.09 07:53:51.171,12.05288,12.05552,0.00,0.00
2017.03.09 07:53:51.272,12.05319,12.05562,0.00,0.00
2017.03.09 07:53:52.209,12.05288,12.05551,0.00,0.00
2017.03.09 07:53:52.270,12.05288,12.05562,0.00,0.00
2017.03.09 07:53:53.789,12.05298,12.05562,0.00,0.00
2017.03.09 07:53:53.899,12.05288,12.05562,0.00,0.00
2017.03.09 07:53:54.173,12.05308,12.05562,0.00,0.00
2017.03.09 07:53:54.991,12.05288,12.05551,0.00,0.00
2017.03.09 07:53:55.075,12.05298,12.05562,0.00,0.00
2017.03.09 07:53:56.377,12.05288,12.05562,0.00,0.00
2017.03.09 07:53:56.477,12.05299,12.05562,0.00,0.00
2017.03.09 07:53:56.678,12.05288,12.05562,0.00,0.00
2017.03.09 07:53:56.778,12.05299,12.05562,0.00,0.00
2017.03.09 07:53:57.800,12.05288,12.05562,0.00,0.00
2017.03.09 07:53:57.900,12.05328,12.05562,0.00,0.00
2017.03.09 07:53:58.191,12.05308,12.05562,0.00,0.00
2017.03.09 07:53:58.280,12.05288,12.05562,0.00,0.00
2017.03.09 07:53:58.507,12.05288,12.05551,0.00,0.00
2017.03.09 07:53:59.082,12.05288,12.05562,0.00,0.00
2017.03.09 07:53:59.783,12.05309,12.05562,0.00,0.00
2017.03.09 07:53:59.884,12.05299,12.05562,0.00,0.00
2017.03.09 07:54:00.029,12.05319,12.05562,0.00,0.00
2017.03.09 07:54:00.083,12.05288,12.05562,0.00,0.00
2017.03.09 07:54:00.519,12.05299,12.05562,0.00,0.00
2017.03.09 07:54:00.626,12.05288,12.05562,0.00,0.00
2017.03.09 07:54:00.733,12.05288,12.05542,0.00,0.00
2017.03.09 07:54:00.985,12.05299,12.05562,0.00,0.00
2017.03.09 07:54:01.234,12.05288,12.05561,0.00,0.00
2017.03.09 07:54:01.285,12.05288,12.05552,0.00,0.00
2017.03.09 07:54:01.386,12.05288,12.05562,0.00,0.00
2017.03.09 07:54:01.486,12.05288,12.05542,0.00,0.00
2017.03.09 07:54:02.324,12.05288,12.05552,0.00,0.00
2017.03.09 07:54:02.387,12.05288,12.05561,0.00,0.00
2017.03.09 07:54:02.495,12.05299,12.05562,0.00,0.00
2017.03.09 07:54:02.801,12.05288,12.05541,0.00,0.00
2017.03.09 07:54:02.902,12.05288,12.05552,0.00,0.00
2017.03.09 07:54:02.988,12.05288,12.05562,0.00,0.00
2017.03.09 07:54:03.215,12.05288,12.05531,0.00,0.00
2017.03.09 07:54:03.288,12.05288,12.05561,0.00,0.00
2017.03.09 07:54:03.825,12.05289,12.05562,0.00,0.00
2017.03.09 07:54:04.213,12.05299,12.05562,0.00,0.00
2017.03.09 07:54:04.991,12.05288,12.05552,0.00,0.00
2017.03.09 07:54:05.091,12.05289,12.05562,0.00,0.00
2017.03.09 07:54:05.806,12.05288,12.05562,0.00,0.00
2017.03.09 07:54:06.999,12.05288,12.05551,0.00,0.00
2017.03.09 07:54:07.369,12.05288,12.05532,0.00,0.00
2017.03.09 07:54:07.838,12.05288,12.05562,0.00,0.00
2017.03.09 07:54:07.896,12.05288,12.05532,0.00,0.00
2017.03.09 07:54:08.220,12.05288,12.05562,0.00,0.00
2017.03.09 07:54:09.427,12.05288,12.05551,0.00,0.00
2017.03.09 07:54:09.528,12.05288,12.05562,0.00,0.00
2017.03.09 07:54:09.918,12.05298,12.05562,0.00,0.00
2017.03.09 07:54:10.290,12.05319,12.05562,0.00,0.00
2017.03.09 07:54:10.409,12.05288,12.05562,0.00,0.00
2017.03.09 07:54:10.719,12.05318,12.05562,0.00,0.00
2017.03.09 07:54:10.820,12.05308,12.05562,0.00,0.00
2017.03.09 07:54:10.942,12.05318,12.05562,0.00,0.00
2017.03.09 07:54:11.127,12.05309,12.05562,0.00,0.00
2017.03.09 07:54:11.201,12.05319,12.05562,0.00,0.00
2017.03.09 07:54:12.121,12.05339,12.05592,0.00,0.00
2017.03.09 07:54:12.227,12.05389,12.05661,0.00,0.00
2017.03.09 07:54:12.303,12.05398,12.05661,0.00,0.00
2017.03.09 07:54:13.906,12.05389,12.05661,0.00,0.00
2017.03.09 07:54:14.038,12.05398,12.05661,0.00,0.00
2017.03.09 07:54:14.707,12.05389,12.05661,0.00,0.00
2017.03.09 07:54:16.109,12.05389,12.05642,0.00,0.00
2017.03.09 07:54:16.441,12.05389,12.05661,0.00,0.00
2017.03.09 07:54:16.749,12.05389,12.05652,0.00,0.00
2017.03.09 07:54:18.730,12.05389,12.05661,0.00,0.00
2017.03.09 07:54:18.860,12.05408,12.05661,0.00,0.00
2017.03.09 07:54:19.636,12.05389,12.05661,0.00,0.00
2017.03.09 07:54:19.737,12.05408,12.05661,0.00,0.00
2017.03.09 07:54:20.062,12.05398,12.05661,0.00,0.00
2017.03.09 07:54:25.167,12.05389,12.05661,0.00,0.00
2017.03.09 07:54:25.223,12.05389,12.05621,0.00,0.00
2017.03.09 07:54:25.451,12.05389,12.05632,0.00,0.00
2017.03.09 07:54:25.553,12.05389,12.05651,0.00,0.00
2017.03.09 07:54:25.663,12.05389,12.05631,0.00,0.00
2017.03.09 07:54:25.723,12.05408,12.05661,0.00,0.00
2017.03.09 07:54:27.255,12.05389,12.05661,0.00,0.00
2017.03.09 07:54:27.356,12.05389,12.05642,0.00,0.00
2017.03.09 07:54:27.831,12.05399,12.05661,0.00,0.00
2017.03.09 07:54:28.027,12.05409,12.05661,0.00,0.00
2017.03.09 07:54:28.459,12.05389,12.05661,0.00,0.00
2017.03.09 07:54:28.561,12.05408,12.05661,0.00,0.00
2017.03.09 07:54:29.674,12.05389,12.05652,0.00,0.00
2017.03.09 07:54:29.730,12.05418,12.05661,0.00,0.00
2017.03.09 07:54:30.253,12.05398,12.05661,0.00,0.00
2017.03.09 07:54:30.958,12.05418,12.05661,0.00,0.00
2017.03.09 07:54:31.066,12.05389,12.05661,0.00,0.00
2017.03.09 07:54:31.353,12.05419,12.05661,0.00,0.00
2017.03.09 07:54:31.662,12.05389,12.05652,0.00,0.00
2017.03.09 07:54:31.734,12.05418,12.05661,0.00,0.00
2017.03.09 07:54:31.940,12.05399,12.05661,0.00,0.00
2017.03.09 07:54:32.782,12.05408,12.05661,0.00,0.00
2017.03.09 07:54:32.936,12.05389,12.05661,0.00,0.00
2017.03.09 07:54:33.766,12.05399,12.05661,0.00,0.00
2017.03.09 07:54:34.364,12.05389,12.05661,0.00,0.00
2017.03.09 07:54:34.438,12.05398,12.05661,0.00,0.00
2017.03.09 07:54:35.280,12.05389,12.05661,0.00,0.00
2017.03.09 07:54:35.339,12.05408,12.05661,0.00,0.00
2017.03.09 07:54:36.269,12.05389,12.05661,0.00,0.00
2017.03.09 07:54:36.749,12.05399,12.05661,0.00,0.00
2017.03.09 07:54:37.123,12.05389,12.05642,0.00,0.00
2017.03.09 07:54:37.566,12.05389,12.05632,0.00,0.00
2017.03.09 07:54:37.879,12.05389,12.05642,0.00,0.00
2017.03.09 07:54:38.044,12.05389,12.05631,0.00,0.00
2017.03.09 07:54:38.815,12.05349,12.05562,0.00,0.00
2017.03.09 07:54:38.865,12.05318,12.05562,0.00,0.00
2017.03.09 07:54:38.945,12.05298,12.05562,0.00,0.00
2017.03.09 07:54:39.390,12.05288,12.05551,0.00,0.00
2017.03.09 07:54:39.446,12.05288,12.05562,0.00,0.00
2017.03.09 07:54:39.871,12.05288,12.05552,0.00,0.00
2017.03.09 07:54:40.189,12.05319,12.05562,0.00,0.00
2017.03.09 07:54:40.297,12.05308,12.05562,0.00,0.00
2017.03.09 07:54:40.348,12.05318,12.05562,0.00,0.00
2017.03.09 07:54:42.170,12.05288,12.05551,0.00,0.00
2017.03.09 07:54:42.288,12.05288,12.05562,0.00,0.00
2017.03.09 07:54:42.667,12.05288,12.05552,0.00,0.00
2017.03.09 07:54:43.005,12.05309,12.05562,0.00,0.00
2017.03.09 07:54:43.056,12.05298,12.05562,0.00,0.00
2017.03.09 07:54:43.253,12.05318,12.05562,0.00,0.00
2017.03.09 07:54:43.353,12.05299,12.05562,0.00,0.00
2017.03.09 07:54:44.555,12.05288,12.05562,0.00,0.00
2017.03.09 07:54:44.655,12.05309,12.05562,0.00,0.00
2017.03.09 07:54:44.855,12.05289,12.05562,0.00,0.00
2017.03.09 07:54:47.262,12.05308,12.05562,0.00,0.00
2017.03.09 07:54:47.964,12.05318,12.05562,0.00,0.00
2017.03.09 07:54:49.299,12.05289,12.05562,0.00,0.00
2017.03.09 07:54:49.367,12.05319,12.05562,0.00,0.00
2017.03.09 07:54:49.986,12.05289,12.05562,0.00,0.00
2017.03.09 07:54:50.092,12.05329,12.05562,0.00,0.00
2017.03.09 07:54:50.481,12.05309,12.05562,0.00,0.00
2017.03.09 07:54:50.570,12.05298,12.05562,0.00,0.00
2017.03.09 07:54:50.861,12.05289,12.05562,0.00,0.00
2017.03.09 07:54:51.362,12.05288,12.05562,0.00,0.00
2017.03.09 07:54:53.383,12.05298,12.05562,0.00,0.00
2017.03.09 07:54:53.484,12.05288,12.05562,0.00,0.00
2017.03.09 07:54:53.578,12.05288,12.05552,0.00,0.00
2017.03.09 07:54:54.047,12.05299,12.05562,0.00,0.00
2017.03.09 07:54:54.797,12.05288,12.05562,0.00,0.00
2017.03.09 07:54:54.880,12.05309,12.05562,0.00,0.00
2017.03.09 07:54:55.582,12.05288,12.05552,0.00,0.00
2017.03.09 07:54:55.694,12.05298,12.05562,0.00,0.00
2017.03.09 07:54:58.819,12.05288,12.05552,0.00,0.00
2017.03.09 07:54:59.329,12.05298,12.05562,0.00,0.00
2017.03.09 07:55:00.204,12.05289,12.05562,0.00,0.00
2017.03.09 07:55:00.329,12.05318,12.05562,0.00,0.00
2017.03.09 07:55:00.391,12.05298,12.05562,0.00,0.00
2017.03.09 07:55:00.492,12.05288,12.05562,0.00,0.00
2017.03.09 07:55:03.534,12.05318,12.05562,0.00,0.00
2017.03.09 07:55:03.599,12.05288,12.05562,0.00,0.00
2017.03.09 07:55:03.700,12.05319,12.05562,0.00,0.00
2017.03.09 07:55:04.003,12.05288,12.05561,0.00,0.00
2017.03.09 07:55:04.138,12.05298,12.05562,0.00,0.00
2017.03.09 07:55:04.200,12.05288,12.05562,0.00,0.00
2017.03.09 07:55:04.701,12.05318,12.05562,0.00,0.00
2017.03.09 07:55:04.817,12.05299,12.05562,0.00,0.00
2017.03.09 07:55:04.901,12.05319,12.05562,0.00,0.00
2017.03.09 07:55:05.008,12.05288,12.05562,0.00,0.00
2017.03.09 07:55:05.143,12.05288,12.05552,0.00,0.00
2017.03.09 07:55:05.201,12.05289,12.05562,0.00,0.00
2017.03.09 07:55:05.907,12.05288,12.05552,0.00,0.00
2017.03.09 07:55:06.008,12.05288,12.05562,0.00,0.00
2017.03.09 07:55:06.339,12.05298,12.05562,0.00,0.00
2017.03.09 07:55:06.403,12.05288,12.05562,0.00,0.00
2017.03.09 07:55:06.528,12.05309,12.05562,0.00,0.00
2017.03.09 07:55:06.805,12.05298,12.05562,0.00,0.00
2017.03.09 07:55:07.508,12.05309,12.05562,0.00,0.00
2017.03.09 07:55:07.712,12.05299,12.05562,0.00,0.00
2017.03.09 07:55:08.113,12.05309,12.05562,0.00,0.00
2017.03.09 07:55:08.417,12.05288,12.05541,0.00,0.00
2017.03.09 07:55:08.512,12.05288,12.05552,0.00,0.00
2017.03.09 07:55:08.638,12.05308,12.05562,0.00,0.00
2017.03.09 07:55:08.813,12.05288,12.05562,0.00,0.00
2017.03.09 07:55:09.047,12.05309,12.05562,0.00,0.00
2017.03.09 07:55:09.114,12.05288,12.05542,0.00,0.00
2017.03.09 07:55:11.517,12.05288,12.05552,0.00,0.00
2017.03.09 07:55:12.829,12.05288,12.05561,0.00,0.00
2017.03.09 07:55:12.933,12.05299,12.05562,0.00,0.00
2017.03.09 07:55:13.246,12.05249,12.05461,0.00,0.00
2017.03.09 07:55:13.350,12.05189,12.05461,0.00,0.00
2017.03.09 07:55:13.514,12.05239,12.05471,0.00,0.00
2017.03.09 07:55:13.565,12.05239,12.05511,0.00,0.00
2017.03.09 07:55:13.615,12.05289,12.05512,0.00,0.00
2017.03.09 07:55:13.722,12.05289,12.05561,0.00,0.00
2017.03.09 07:55:14.342,12.05289,12.05541,0.00,0.00
2017.03.09 07:55:14.925,12.05289,12.05561,0.00,0.00
2017.03.09 07:55:20.257,12.05289,12.05542,0.00,0.00
2017.03.09 07:55:20.334,12.05289,12.05561,0.00,0.00
2017.03.09 07:55:20.434,12.05289,12.05542,0.00,0.00
2017.03.09 07:55:21.335,12.05289,12.05532,0.00,0.00
2017.03.09 07:55:21.464,12.05289,12.05542,0.00,0.00
2017.03.09 07:55:21.567,12.05289,12.05521,0.00,0.00
2017.03.09 07:55:21.618,12.05239,12.05512,0.00,0.00
2017.03.09 07:55:21.668,12.05279,12.05512,0.00,0.00
2017.03.09 07:55:21.769,12.05288,12.05542,0.00,0.00
2017.03.09 07:55:21.872,12.05288,12.05531,0.00,0.00
2017.03.09 07:55:21.937,12.05288,12.05562,0.00,0.00
2017.03.09 07:55:22.233,12.05288,12.05511,0.00,0.00
2017.03.09 07:55:22.460,12.05258,12.05511,0.00,0.00
2017.03.09 07:55:22.565,12.05288,12.05511,0.00,0.00
2017.03.09 07:55:22.637,12.05278,12.05511,0.00,0.00
2017.03.09 07:55:22.737,12.05288,12.05511,0.00,0.00
2017.03.09 07:55:23.003,12.05278,12.05511,0.00,0.00
2017.03.09 07:55:23.138,12.05268,12.05511,0.00,0.00
2017.03.09 07:55:23.639,12.05298,12.05511,0.00,0.00
2017.03.09 07:55:23.755,12.05269,12.05511,0.00,0.00
2017.03.09 07:55:24.140,12.05278,12.05511,0.00,0.00
2017.03.09 07:55:24.441,12.05248,12.05511,0.00,0.00
2017.03.09 07:55:24.544,12.05288,12.05511,0.00,0.00
2017.03.09 07:55:24.645,12.05259,12.05511,0.00,0.00
2017.03.09 07:55:25.142,12.05279,12.05511,0.00,0.00
2017.03.09 07:55:26.759,12.05258,12.05511,0.00,0.00
2017.03.09 07:55:26.860,12.05248,12.05511,0.00,0.00
2017.03.09 07:55:26.945,12.05258,12.05511,0.00,0.00
2017.03.09 07:55:27.445,12.05288,12.05511,0.00,0.00
2017.03.09 07:55:27.546,12.05268,12.05511,0.00,0.00
2017.03.09 07:55:27.655,12.05288,12.05511,0.00,0.00
2017.03.09 07:55:27.705,12.05331,12.05572,0.00,0.00
2017.03.09 07:55:27.756,12.05331,12.05611,0.00,0.00
2017.03.09 07:55:27.856,12.05399,12.05612,0.00,0.00
2017.03.09 07:55:28.285,12.05368,12.05611,0.00,0.00
2017.03.09 07:55:28.348,12.05379,12.05611,0.00,0.00
2017.03.09 07:55:28.790,12.05419,12.05611,0.00,0.00
2017.03.09 07:55:28.850,12.05369,12.05611,0.00,0.00
2017.03.09 07:55:28.959,12.05398,12.05611,0.00,0.00
2017.03.09 07:55:29.283,12.05429,12.05611,0.00,0.00
2017.03.09 07:55:29.551,12.05408,12.05611,0.00,0.00
2017.03.09 07:55:29.651,12.05428,12.05611,0.00,0.00
2017.03.09 07:55:29.873,12.05399,12.05611,0.00,0.00
2017.03.09 07:55:30.499,12.05379,12.05611,0.00,0.00
2017.03.09 07:55:30.554,12.05388,12.05611,0.00,0.00
2017.03.09 07:55:31.090,12.05429,12.05611,0.00,0.00
2017.03.09 07:55:31.799,12.05408,12.05611,0.00,0.00
2017.03.09 07:55:31.961,12.05378,12.05611,0.00,0.00
2017.03.09 07:55:32.099,12.05388,12.05611,0.00,0.00
2017.03.09 07:55:32.396,12.05378,12.05611,0.00,0.00
2017.03.09 07:55:32.497,12.05388,12.05611,0.00,0.00
2017.03.09 07:55:32.662,12.05379,12.05611,0.00,0.00
2017.03.09 07:55:33.993,12.05378,12.05611,0.00,0.00
2017.03.09 07:55:34.413,12.05398,12.05611,0.00,0.00
2017.03.09 07:55:34.465,12.05368,12.05611,0.00,0.00
2017.03.09 07:55:36.868,12.05409,12.05611,0.00,0.00
2017.03.09 07:55:38.471,12.05368,12.05611,0.00,0.00
2017.03.09 07:55:38.571,12.05418,12.05611,0.00,0.00
2017.03.09 07:55:38.993,12.05388,12.05611,0.00,0.00
2017.03.09 07:55:39.573,12.05398,12.05611,0.00,0.00
2017.03.09 07:55:39.897,12.05289,12.05562,0.00,0.00
2017.03.09 07:55:39.947,12.05289,12.05511,0.00,0.00
2017.03.09 07:55:40.471,12.05288,12.05511,0.00,0.00
2017.03.09 07:55:40.522,12.05268,12.05511,0.00,0.00
2017.03.09 07:55:40.623,12.05289,12.05511,0.00,0.00
2017.03.09 07:55:41.039,12.05298,12.05511,0.00,0.00
2017.03.09 07:55:42.123,12.05288,12.05511,0.00,0.00
2017.03.09 07:55:42.179,12.05269,12.05511,0.00,0.00
2017.03.09 07:55:42.291,12.05288,12.05511,0.00,0.00
2017.03.09 07:55:42.610,12.05299,12.05511,0.00,0.00
2017.03.09 07:55:44.081,12.05319,12.05511,0.00,0.00
2017.03.09 07:55:44.713,12.05299,12.05511,0.00,0.00
2017.03.09 07:55:46.127,12.05288,12.05511,0.00,0.00
2017.03.09 07:55:47.087,12.05269,12.05511,0.00,0.00
2017.03.09 07:55:47.788,12.05308,12.05511,0.00,0.00
2017.03.09 07:55:49.435,12.05289,12.05511,0.00,0.00
2017.03.09 07:55:49.491,12.05298,12.05511,0.00,0.00
2017.03.09 07:55:49.935,12.05278,12.05511,0.00,0.00
2017.03.09 07:55:50.110,12.05269,12.05511,0.00,0.00
2017.03.09 07:55:50.593,12.05278,12.05511,0.00,0.00
2017.03.09 07:55:52.718,12.05308,12.05511,0.00,0.00
2017.03.09 07:55:52.998,12.05289,12.05511,0.00,0.00
2017.03.09 07:55:53.131,12.05299,12.05511,0.00,0.00
2017.03.09 07:55:53.588,12.05319,12.05511,0.00,0.00
2017.03.09 07:55:54.813,12.05288,12.05511,0.00,0.00
2017.03.09 07:55:55.212,12.05299,12.05511,0.00,0.00
2017.03.09 07:55:55.569,12.05308,12.05511,0.00,0.00
2017.03.09 07:55:56.203,12.05279,12.05511,0.00,0.00
2017.03.09 07:55:56.304,12.05268,12.05511,0.00,0.00
2017.03.09 07:55:56.535,12.05278,12.05511,0.00,0.00
2017.03.09 07:55:56.888,12.05288,12.05511,0.00,0.00
2017.03.09 07:55:57.832,12.05268,12.05511,0.00,0.00
2017.03.09 07:55:57.933,12.05309,12.05511,0.00,0.00
2017.03.09 07:55:58.507,12.05299,12.05511,0.00,0.00
2017.03.09 07:55:58.811,12.05288,12.05511,0.00,0.00
2017.03.09 07:55:59.451,12.05268,12.05511,0.00,0.00
2017.03.09 07:56:00.609,12.05288,12.05511,0.00,0.00
2017.03.09 07:56:01.452,12.05279,12.05511,0.00,0.00
2017.03.09 07:56:01.560,12.05309,12.05511,0.00,0.00
2017.03.09 07:56:02.158,12.05299,12.05511,0.00,0.00
2017.03.09 07:56:02.259,12.05272,12.05511,0.00,0.00
2017.03.09 07:56:02.313,12.05279,12.05511,0.00,0.00
2017.03.09 07:56:04.116,12.05299,12.05511,0.00,0.00
2017.03.09 07:56:06.089,12.05289,12.05511,0.00,0.00
2017.03.09 07:56:06.140,12.05272,12.05511,0.00,0.00
2017.03.09 07:56:06.253,12.05298,12.05511,0.00,0.00
2017.03.09 07:56:06.322,12.05272,12.05511,0.00,0.00
2017.03.09 07:56:06.723,12.05278,12.05511,0.00,0.00
2017.03.09 07:56:07.121,12.05309,12.05511,0.00,0.00
2017.03.09 07:56:07.831,12.05278,12.05511,0.00,0.00
2017.03.09 07:56:09.776,12.05298,12.05511,0.00,0.00
2017.03.09 07:56:10.359,12.05318,12.05511,0.00,0.00
2017.03.09 07:56:10.460,12.05298,12.05511,0.00,0.00
2017.03.09 07:56:10.535,12.05319,12.05511,0.00,0.00
2017.03.09 07:56:11.950,12.05309,12.05511,0.00,0.00
2017.03.09 07:56:12.038,12.05318,12.05511,0.00,0.00
2017.03.09 07:56:12.262,12.05298,12.05511,0.00,0.00
2017.03.09 07:56:17.398,12.05288,12.05511,0.00,0.00
2017.03.09 07:56:17.450,12.05278,12.05511,0.00,0.00
2017.03.09 07:56:18.352,12.05272,12.05511,0.00,0.00
2017.03.09 07:56:18.453,12.05299,12.05511,0.00,0.00
2017.03.09 07:56:18.854,12.05272,12.05511,0.00,0.00
2017.03.09 07:56:18.954,12.05298,12.05511,0.00,0.00
2017.03.09 07:56:19.892,12.05319,12.05511,0.00,0.00
2017.03.09 07:56:19.956,12.05299,12.05511,0.00,0.00
2017.03.09 07:56:20.097,12.05288,12.05511,0.00,0.00
2017.03.09 07:56:20.197,12.05299,12.05511,0.00,0.00
2017.03.09 07:56:20.258,12.05272,12.05511,0.00,0.00
2017.03.09 07:56:20.359,12.05308,12.05511,0.00,0.00
2017.03.09 07:56:25.185,12.05272,12.05511,0.00,0.00
2017.03.09 07:56:25.235,12.05351,12.05551,0.00,0.00
2017.03.09 07:56:25.286,12.05351,12.05561,0.00,0.00
2017.03.09 07:56:25.386,12.05378,12.05611,0.00,0.00
2017.03.09 07:56:25.487,12.05388,12.05611,0.00,0.00
2017.03.09 07:56:25.602,12.05379,12.05611,0.00,0.00
2017.03.09 07:56:25.792,12.05358,12.05611,0.00,0.00
2017.03.09 07:56:25.885,12.05389,12.05611,0.00,0.00
2017.03.09 07:56:25.970,12.05379,12.05611,0.00,0.00
2017.03.09 07:56:26.474,12.05359,12.05611,0.00,0.00
2017.03.09 07:56:26.673,12.05388,12.05611,0.00,0.00
2017.03.09 07:56:26.874,12.05362,12.05612,0.00,0.00
2017.03.09 07:56:26.981,12.05379,12.05612,0.00,0.00
2017.03.09 07:56:27.092,12.05362,12.05612,0.00,0.00
2017.03.09 07:56:27.174,12.05378,12.05612,0.00,0.00
2017.03.09 07:56:27.275,12.05288,12.05561,0.00,0.00
2017.03.09 07:56:27.376,12.05278,12.05512,0.00,0.00
2017.03.09 07:56:27.703,12.05319,12.05562,0.00,0.00
2017.03.09 07:56:27.803,12.05319,12.05511,0.00,0.00
2017.03.09 07:56:28.013,12.05348,12.05561,0.00,0.00
2017.03.09 07:56:28.063,12.05348,12.05512,0.00,0.00
2017.03.09 07:56:28.114,12.05319,12.05512,0.00,0.00
2017.03.09 07:56:28.226,12.05311,12.05561,0.00,0.00
2017.03.09 07:56:28.279,12.05358,12.05561,0.00,0.00
2017.03.09 07:56:28.583,12.05298,12.05512,0.00,0.00
2017.03.09 07:56:28.693,12.05348,12.05512,0.00,0.00
2017.03.09 07:56:28.794,12.05329,12.05512,0.00,0.00
2017.03.09 07:56:28.894,12.05349,12.05562,0.00,0.00
2017.03.09 07:56:29.115,12.05349,12.05511,0.00,0.00
2017.03.09 07:56:29.233,12.05328,12.05511,0.00,0.00
2017.03.09 07:56:29.284,12.05288,12.05511,0.00,0.00
2017.03.09 07:56:29.335,12.05311,12.05562,0.00,0.00
2017.03.09 07:56:29.522,12.05279,12.05511,0.00,0.00
2017.03.09 07:56:30.590,12.05272,12.05511,0.00,0.00
2017.03.09 07:56:30.799,12.05289,12.05511,0.00,0.00
2017.03.09 07:56:30.891,12.05272,12.05511,0.00,0.00
2017.03.09 07:56:31.539,12.05309,12.05511,0.00,0.00
2017.03.09 07:56:32.912,12.05289,12.05511,0.00,0.00
2017.03.09 07:56:33.099,12.05278,12.05511,0.00,0.00
2017.03.09 07:56:33.521,12.05289,12.05561,0.00,0.00
2017.03.09 07:56:33.631,12.05298,12.05561,0.00,0.00
2017.03.09 07:56:34.603,12.05289,12.05561,0.00,0.00
2017.03.09 07:56:34.703,12.05289,12.05552,0.00,0.00
2017.03.09 07:56:35.023,12.05289,12.05561,0.00,0.00
2017.03.09 07:56:35.105,12.05289,12.05542,0.00,0.00
2017.03.09 07:56:35.406,12.05289,12.05561,0.00,0.00
2017.03.09 07:56:36.107,12.05289,12.05541,0.00,0.00
2017.03.09 07:56:36.358,12.05248,12.05512,0.00,0.00
2017.03.09 07:56:36.409,12.05242,12.05512,0.00,0.00
2017.03.09 07:56:36.460,12.05238,12.05462,0.00,0.00
2017.03.09 07:56:36.616,12.05288,12.05532,0.00,0.00
2017.03.09 07:56:36.731,12.05288,12.05561,0.00,0.00
2017.03.09 07:56:36.959,12.05299,12.05562,0.00,0.00
2017.03.09 07:56:37.290,12.05308,12.05562,0.00,0.00
2017.03.09 07:56:37.614,12.05288,12.05562,0.00,0.00
2017.03.09 07:56:37.714,12.05288,12.05551,0.00,0.00
2017.03.09 07:56:39.353,12.05288,12.05562,0.00,0.00
2017.03.09 07:56:40.060,12.05288,12.05561,0.00,0.00
2017.03.09 07:56:41.153,12.05288,12.05562,0.00,0.00
2017.03.09 07:56:41.221,12.05288,12.05552,0.00,0.00
2017.03.09 07:56:41.622,12.05288,12.05562,0.00,0.00
2017.03.09 07:56:42.223,12.05308,12.05562,0.00,0.00
2017.03.09 07:56:43.525,12.05289,12.05562,0.00,0.00
2017.03.09 07:56:43.626,12.05308,12.05562,0.00,0.00
2017.03.09 07:56:44.175,12.05288,12.05562,0.00,0.00
2017.03.09 07:56:46.052,12.05309,12.05562,0.00,0.00
2017.03.09 07:56:46.436,12.05299,12.05512,0.00,0.00
2017.03.09 07:56:47.606,12.05259,12.05411,0.00,0.00
2017.03.09 07:56:47.657,12.05179,12.05411,0.00,0.00
2017.03.09 07:56:47.758,12.05168,12.05452,0.00,0.00
2017.03.09 07:56:47.873,12.05228,12.05412,0.00,0.00
2017.03.09 07:56:48.036,12.05198,12.05412,0.00,0.00
2017.03.09 07:56:48.137,12.05188,12.05412,0.00,0.00
2017.03.09 07:56:48.245,12.05219,12.05412,0.00,0.00
2017.03.09 07:56:48.460,12.05209,12.05412,0.00,0.00
2017.03.09 07:56:49.039,12.05218,12.05412,0.00,0.00
2017.03.09 07:56:50.642,12.05219,12.05412,0.00,0.00
2017.03.09 07:56:50.945,12.05178,12.05412,0.00,0.00
2017.03.09 07:56:51.043,12.05198,12.05412,0.00,0.00
2017.03.09 07:56:51.440,12.05228,12.05412,0.00,0.00
2017.03.09 07:56:52.863,12.05179,12.05412,0.00,0.00
2017.03.09 07:56:52.946,12.05209,12.05412,0.00,0.00
2017.03.09 07:56:54.551,12.05179,12.05412,0.00,0.00
2017.03.09 07:56:54.648,12.05198,12.05412,0.00,0.00
2017.03.09 07:56:55.956,12.05228,12.05412,0.00,0.00
2017.03.09 07:56:56.499,12.05199,12.05412,0.00,0.00
2017.03.09 07:56:56.660,12.05188,12.05412,0.00,0.00
2017.03.09 07:56:57.154,12.05178,12.05412,0.00,0.00
2017.03.09 07:56:57.255,12.05199,12.05412,0.00,0.00
2017.03.09 07:56:57.354,12.05168,12.05412,0.00,0.00
2017.03.09 07:56:57.455,12.05178,12.05412,0.00,0.00
2017.03.09 07:56:57.761,12.05199,12.05412,0.00,0.00
2017.03.09 07:56:58.371,12.05218,12.05412,0.00,0.00
2017.03.09 07:56:59.560,12.05152,12.05412,0.00,0.00
2017.03.09 07:56:59.659,12.05169,12.05412,0.00,0.00
2017.03.09 07:56:59.960,12.05159,12.05412,0.00,0.00
2017.03.09 07:57:00.063,12.05188,12.05412,0.00,0.00
2017.03.09 07:57:00.164,12.05158,12.05412,0.00,0.00
2017.03.09 07:57:01.193,12.05209,12.05412,0.00,0.00
2017.03.09 07:57:01.390,12.05188,12.05412,0.00,0.00
2017.03.09 07:57:01.463,12.05208,12.05412,0.00,0.00
2017.03.09 07:57:03.200,12.05188,12.05412,0.00,0.00
2017.03.09 07:57:03.267,12.05168,12.05412,0.00,0.00
2017.03.09 07:57:03.366,12.05179,12.05412,0.00,0.00
2017.03.09 07:57:03.701,12.05198,12.05412,0.00,0.00
2017.03.09 07:57:03.767,12.05178,12.05412,0.00,0.00
2017.03.09 07:57:03.868,12.05169,12.05412,0.00,0.00
2017.03.09 07:57:04.013,12.05179,12.05412,0.00,0.00
2017.03.09 07:57:04.413,12.05219,12.05412,0.00,0.00
2017.03.09 07:57:04.712,12.05198,12.05412,0.00,0.00
2017.03.09 07:57:04.813,12.05209,12.05412,0.00,0.00
2017.03.09 07:57:04.869,12.05178,12.05412,0.00,0.00
2017.03.09 07:57:05.070,12.05198,12.05412,0.00,0.00
2017.03.09 07:57:05.771,12.05178,12.05412,0.00,0.00
2017.03.09 07:57:08.401,12.05158,12.05412,0.00,0.00
2017.03.09 07:57:08.575,12.05178,12.05412,0.00,0.00
2017.03.09 07:57:09.263,12.05178,12.05362,0.00,0.00
2017.03.09 07:57:09.477,12.05128,12.05362,0.00,0.00
2017.03.09 07:57:09.527,12.05152,12.05312,0.00,0.00
2017.03.09 07:57:09.775,12.05152,12.05401,0.00,0.00
2017.03.09 07:57:09.826,12.05199,12.05412,0.00,0.00
2017.03.09 07:57:09.993,12.05188,12.05412,0.00,0.00
2017.03.09 07:57:10.178,12.05208,12.05412,0.00,0.00
2017.03.09 07:57:10.378,12.05178,12.05412,0.00,0.00
2017.03.09 07:57:10.479,12.05189,12.05412,0.00,0.00
2017.03.09 07:57:11.007,12.05209,12.05412,0.00,0.00
2017.03.09 07:57:11.118,12.05169,12.05412,0.00,0.00
2017.03.09 07:57:12.000,12.05189,12.05412,0.00,0.00
2017.03.09 07:57:12.882,12.05178,12.05412,0.00,0.00
2017.03.09 07:57:12.982,12.05158,12.05412,0.00,0.00
2017.03.09 07:57:13.285,12.05199,12.05412,0.00,0.00
2017.03.09 07:57:15.220,12.05189,12.05412,0.00,0.00
2017.03.09 07:57:15.289,12.05169,12.05412,0.00,0.00
2017.03.09 07:57:15.413,12.05198,12.05412,0.00,0.00
2017.03.09 07:57:15.491,12.05158,12.05412,0.00,0.00
2017.03.09 07:57:16.993,12.05188,12.05412,0.00,0.00
2017.03.09 07:57:17.319,12.05218,12.05412,0.00,0.00
2017.03.09 07:57:17.694,12.05198,12.05412,0.00,0.00
2017.03.09 07:57:17.931,12.05218,12.05412,0.00,0.00
2017.03.09 07:57:17.994,12.05188,12.05412,0.00,0.00
2017.03.09 07:57:18.401,12.05168,12.05412,0.00,0.00
2017.03.09 07:57:18.495,12.05178,12.05412,0.00,0.00
2017.03.09 07:57:18.890,12.05198,12.05412,0.00,0.00
2017.03.09 07:57:21.098,12.05218,12.05412,0.00,0.00
2017.03.09 07:57:21.226,12.05198,12.05412,0.00,0.00
2017.03.09 07:57:21.298,12.05178,12.05412,0.00,0.00
2017.03.09 07:57:21.521,12.05199,12.05412,0.00,0.00
2017.03.09 07:57:21.899,12.05209,12.05412,0.00,0.00
2017.03.09 07:57:22.302,12.05189,12.05412,0.00,0.00
2017.03.09 07:57:22.927,12.05179,12.05412,0.00,0.00
2017.03.09 07:57:23.028,12.05189,12.05412,0.00,0.00
2017.03.09 07:57:23.381,12.05199,12.05412,0.00,0.00
2017.03.09 07:57:23.618,12.05188,12.05412,0.00,0.00
2017.03.09 07:57:23.719,12.05208,12.05412,0.00,0.00
2017.03.09 07:57:24.205,12.05188,12.05412,0.00,0.00
2017.03.09 07:57:28.452,12.05209,12.05412,0.00,0.00
2017.03.09 07:57:28.514,12.05168,12.05412,0.00,0.00
2017.03.09 07:57:29.659,12.05189,12.05412,0.00,0.00
2017.03.09 07:57:30.244,12.05198,12.05412,0.00,0.00
2017.03.09 07:57:30.546,12.05188,12.05412,0.00,0.00
2017.03.09 07:57:30.647,12.05198,12.05412,0.00,0.00
2017.03.09 07:57:30.720,12.05168,12.05412,0.00,0.00
2017.03.09 07:57:31.021,12.05189,12.05412,0.00,0.00
2017.03.09 07:57:31.323,12.05198,12.05412,0.00,0.00
2017.03.09 07:57:31.639,12.05209,12.05412,0.00,0.00
2017.03.09 07:57:32.039,12.05168,12.05412,0.00,0.00
2017.03.09 07:57:32.125,12.05158,12.05412,0.00,0.00
2017.03.09 07:57:32.626,12.05198,12.05412,0.00,0.00
2017.03.09 07:57:33.010,12.05209,12.05412,0.00,0.00
2017.03.09 07:57:33.127,12.05199,12.05412,0.00,0.00
2017.03.09 07:57:33.246,12.05209,12.05412,0.00,0.00
2017.03.09 07:57:33.351,12.05188,12.05412,0.00,0.00
2017.03.09 07:57:33.429,12.05208,12.05412,0.00,0.00
2017.03.09 07:57:34.126,12.05241,12.05492,0.00,0.00
2017.03.09 07:57:34.227,12.05208,12.05412,0.00,0.00
2017.03.09 07:57:34.531,12.05178,12.05412,0.00,0.00
2017.03.09 07:57:34.731,12.05209,12.05412,0.00,0.00
2017.03.09 07:57:34.834,12.05198,12.05412,0.00,0.00
2017.03.09 07:57:35.060,12.05189,12.05412,0.00,0.00
2017.03.09 07:57:35.133,12.05168,12.05412,0.00,0.00
2017.03.09 07:57:35.246,12.05198,12.05412,0.00,0.00
2017.03.09 07:57:35.434,12.05178,12.05412,0.00,0.00
2017.03.09 07:57:37.638,12.05198,12.05412,0.00,0.00
2017.03.09 07:57:37.738,12.05188,12.05412,0.00,0.00
2017.03.09 07:57:39.642,12.05198,12.05412,0.00,0.00
2017.03.09 07:57:39.771,12.05158,12.05412,0.00,0.00
2017.03.09 07:57:39.944,12.05199,12.05412,0.00,0.00
2017.03.09 07:57:41.650,12.05148,12.05412,0.00,0.00
2017.03.09 07:57:42.216,12.05148,12.05361,0.00,0.00
2017.03.09 07:57:42.367,12.05108,12.05362,0.00,0.00
2017.03.09 07:57:42.553,12.05139,12.05411,0.00,0.00
2017.03.09 07:57:42.670,12.05158,12.05361,0.00,0.00
2017.03.09 07:57:42.883,12.05149,12.05361,0.00,0.00
2017.03.09 07:57:42.953,12.05108,12.05361,0.00,0.00
2017.03.09 07:57:43.253,12.05128,12.05361,0.00,0.00
2017.03.09 07:57:43.543,12.05142,12.05412,0.00,0.00
2017.03.09 07:57:43.678,12.05149,12.05412,0.00,0.00
2017.03.09 07:57:44.011,12.05189,12.05412,0.00,0.00
2017.03.09 07:57:44.206,12.05148,12.05412,0.00,0.00
2017.03.09 07:57:44.256,12.05158,12.05412,0.00,0.00
2017.03.09 07:57:44.956,12.05189,12.05412,0.00,0.00
2017.03.09 07:57:46.461,12.05209,12.05412,0.00,0.00
2017.03.09 07:57:46.562,12.05188,12.05412,0.00,0.00
2017.03.09 07:57:46.663,12.05208,12.05412,0.00,0.00
2017.03.09 07:57:47.062,12.05178,12.05412,0.00,0.00
2017.03.09 07:57:47.176,12.05199,12.05412,0.00,0.00
2017.03.09 07:57:47.964,12.05209,12.05412,0.00,0.00
2017.03.09 07:57:48.064,12.05168,12.05412,0.00,0.00
2017.03.09 07:57:48.177,12.05178,12.05412,0.00,0.00
2017.03.09 07:57:48.508,12.05188,12.05412,0.00,0.00
2017.03.09 07:57:49.032,12.05208,12.05412,0.00,0.00
2017.03.09 07:57:49.284,12.05099,12.05312,0.00,0.00
2017.03.09 07:57:49.673,12.05118,12.05312,0.00,0.00
2017.03.09 07:57:49.855,12.05098,12.05312,0.00,0.00
2017.03.09 07:57:49.908,12.05078,12.05312,0.00,0.00
2017.03.09 07:57:50.171,12.05108,12.05312,0.00,0.00
2017.03.09 07:57:50.372,12.05099,12.05312,0.00,0.00
2017.03.09 07:57:50.774,12.05108,12.05312,0.00,0.00
2017.03.09 07:57:50.895,12.05079,12.05312,0.00,0.00
2017.03.09 07:57:51.075,12.05109,12.05312,0.00,0.00
2017.03.09 07:57:51.983,12.05089,12.05312,0.00,0.00
2017.03.09 07:57:52.480,12.05078,12.05312,0.00,0.00
2017.03.09 07:57:52.605,12.05128,12.05312,0.00,0.00
2017.03.09 07:57:52.721,12.05068,12.05312,0.00,0.00
2017.03.09 07:57:52.781,12.05108,12.05312,0.00,0.00
2017.03.09 07:57:53.142,12.05129,12.05312,0.00,0.00
2017.03.09 07:57:53.305,12.05109,12.05312,0.00,0.00
2017.03.09 07:57:53.683,12.05098,12.05312,0.00,0.00
2017.03.09 07:57:54.217,12.05128,12.05312,0.00,0.00
2017.03.09 07:57:57.091,12.05089,12.05312,0.00,0.00
2017.03.09 07:57:57.228,12.05119,12.05312,0.00,0.00
2017.03.09 07:57:57.292,12.05099,12.05312,0.00,0.00
2017.03.09 07:57:57.721,12.05088,12.05312,0.00,0.00
2017.03.09 07:57:57.823,12.05069,12.05212,0.00,0.00
2017.03.09 07:57:57.924,12.05059,12.05212,0.00,0.00
2017.03.09 07:57:57.996,12.04989,12.05212,0.00,0.00
2017.03.09 07:57:58.507,12.04971,12.05212,0.00,0.00
2017.03.09 07:57:58.597,12.04988,12.05212,0.00,0.00
2017.03.09 07:57:58.730,12.04979,12.05212,0.00,0.00
2017.03.09 07:57:59.039,12.04998,12.05212,0.00,0.00
2017.03.09 07:57:59.099,12.04971,12.05212,0.00,0.00
2017.03.09 07:57:59.485,12.04969,12.05212,0.00,0.00
2017.03.09 07:57:59.536,12.04988,12.05212,0.00,0.00
2017.03.09 07:57:59.882,12.04908,12.05112,0.00,0.00
2017.03.09 07:58:00.313,12.04878,12.05112,0.00,0.00
2017.03.09 07:58:00.414,12.04868,12.05112,0.00,0.00
2017.03.09 07:58:00.526,12.04899,12.05112,0.00,0.00
2017.03.09 07:58:00.739,12.04888,12.05112,0.00,0.00
2017.03.09 07:58:00.853,12.04928,12.05112,0.00,0.00
2017.03.09 07:58:00.954,12.04888,12.05112,0.00,0.00
2017.03.09 07:58:01.005,12.04868,12.05112,0.00,0.00
2017.03.09 07:58:01.134,12.04939,12.05112,0.00,0.00
2017.03.09 07:58:01.338,12.04878,12.05112,0.00,0.00
2017.03.09 07:58:01.406,12.04939,12.05112,0.00,0.00
2017.03.09 07:58:01.937,12.04919,12.05112,0.00,0.00
2017.03.09 07:58:02.136,12.04938,12.05112,0.00,0.00
2017.03.09 07:58:02.208,12.04918,12.05112,0.00,0.00
2017.03.09 07:58:02.644,12.04939,12.05112,0.00,0.00
2017.03.09 07:58:02.708,12.04898,12.05112,0.00,0.00
2017.03.09 07:58:02.909,12.04909,12.05112,0.00,0.00
2017.03.09 07:58:03.012,12.04898,12.05112,0.00,0.00
2017.03.09 07:58:03.145,12.04951,12.05162,0.00,0.00
2017.03.09 07:58:03.296,12.04951,12.05191,0.00,0.00
2017.03.09 07:58:03.347,12.04951,12.05211,0.00,0.00
2017.03.09 07:58:03.448,12.05018,12.05211,0.00,0.00
2017.03.09 07:58:03.848,12.04959,12.05211,0.00,0.00
2017.03.09 07:58:04.012,12.04979,12.05211,0.00,0.00
2017.03.09 07:58:04.112,12.04958,12.05211,0.00,0.00
2017.03.09 07:58:04.413,12.04979,12.05211,0.00,0.00
2017.03.09 07:58:05.415,12.05008,12.05211,0.00,0.00
2017.03.09 07:58:05.516,12.04989,12.05211,0.00,0.00
2017.03.09 07:58:05.615,12.04999,12.05211,0.00,0.00
2017.03.09 07:58:05.753,12.04978,12.05211,0.00,0.00
2017.03.09 07:58:06.353,12.04968,12.05211,0.00,0.00
2017.03.09 07:58:06.618,12.04978,12.05211,0.00,0.00
2017.03.09 07:58:07.022,12.04989,12.05211,0.00,0.00
2017.03.09 07:58:07.130,12.04951,12.05211,0.00,0.00
2017.03.09 07:58:07.932,12.04959,12.05211,0.00,0.00
2017.03.09 07:58:08.281,12.04911,12.05011,0.00,0.00
2017.03.09 07:58:08.332,12.04938,12.05038,0.00,0.00
2017.03.09 07:58:08.433,12.04861,12.05061,0.00,0.00
2017.03.09 07:58:08.500,12.04861,12.05112,0.00,0.00
2017.03.09 07:58:08.551,12.04868,12.05112,0.00,0.00
2017.03.09 07:58:08.873,12.04908,12.05112,0.00,0.00
2017.03.09 07:58:09.274,12.04861,12.05112,0.00,0.00
2017.03.09 07:58:09.325,12.04879,12.05112,0.00,0.00
2017.03.09 07:58:09.728,12.04908,12.05112,0.00,0.00
2017.03.09 07:58:09.831,12.04899,12.05112,0.00,0.00
2017.03.09 07:58:09.927,12.04878,12.05112,0.00,0.00
2017.03.09 07:58:10.228,12.04908,12.05112,0.00,0.00
2017.03.09 07:58:10.629,12.04888,12.05112,0.00,0.00
2017.03.09 07:58:10.779,12.04878,12.05112,0.00,0.00
2017.03.09 07:58:11.131,12.04889,12.05112,0.00,0.00
2017.03.09 07:58:11.542,12.04868,12.05112,0.00,0.00
2017.03.09 07:58:12.079,12.04868,12.05062,0.00,0.00
2017.03.09 07:58:12.180,12.04861,12.05112,0.00,0.00
2017.03.09 07:58:12.352,12.04861,12.05061,0.00,0.00
2017.03.09 07:58:12.454,12.04873,12.05112,0.00,0.00
2017.03.09 07:58:12.555,12.04893,12.05112,0.00,0.00
2017.03.09 07:58:12.634,12.04878,12.05112,0.00,0.00
2017.03.09 07:58:12.734,12.04894,12.05112,0.00,0.00
2017.03.09 07:58:13.173,12.04878,12.05112,0.00,0.00
2017.03.09 07:58:13.439,12.04869,12.05112,0.00,0.00
2017.03.09 07:58:13.540,12.04862,12.05112,0.00,0.00
2017.03.09 07:58:13.884,12.04859,12.05062,0.00,0.00
2017.03.09 07:58:14.037,12.04789,12.05012,0.00,0.00
2017.03.09 07:58:14.163,12.04789,12.05032,0.00,0.00
2017.03.09 07:58:14.274,12.04824,12.05032,0.00,0.00
2017.03.09 07:58:14.377,12.04856,12.05082,0.00,0.00
2017.03.09 07:58:14.478,12.04858,12.05092,0.00,0.00
2017.03.09 07:58:14.655,12.04893,12.05132,0.00,0.00
2017.03.09 07:58:14.739,12.04868,12.05132,0.00,0.00
2017.03.09 07:58:14.940,12.04884,12.05132,0.00,0.00
2017.03.09 07:58:15.153,12.04868,12.05132,0.00,0.00
2017.03.09 07:58:15.280,12.04884,12.05132,0.00,0.00
2017.03.09 07:58:15.632,12.04898,12.05132,0.00,0.00
2017.03.09 07:58:15.750,12.04869,12.05132,0.00,0.00
2017.03.09 07:58:16.474,12.04878,12.05132,0.00,0.00
2017.03.09 07:58:16.768,12.04861,12.05132,0.00,0.00
2017.03.09 07:58:17.248,12.04879,12.05082,0.00,0.00
2017.03.09 07:58:17.348,12.04859,12.05082,0.00,0.00
2017.03.09 07:58:17.399,12.04859,12.05032,0.00,0.00
2017.03.09 07:58:17.449,12.04818,12.05032,0.00,0.00
2017.03.09 07:58:17.590,12.04861,12.05082,0.00,0.00
2017.03.09 07:58:17.691,12.04861,12.05132,0.00,0.00
2017.03.09 07:58:17.793,12.04899,12.05132,0.00,0.00
2017.03.09 07:58:17.952,12.04869,12.05132,0.00,0.00
2017.03.09 07:58:18.196,12.04899,12.05132,0.00,0.00
2017.03.09 07:58:18.558,12.04878,12.05132,0.00,0.00
2017.03.09 07:58:18.659,12.04869,12.05132,0.00,0.00
2017.03.09 07:58:19.467,12.04869,12.05082,0.00,0.00
2017.03.09 07:58:19.668,12.04808,12.05031,0.00,0.00
2017.03.09 07:58:19.773,12.04798,12.05031,0.00,0.00
2017.03.09 07:58:19.823,12.04861,12.05081,0.00,0.00
2017.03.09 07:58:19.925,12.04861,12.05102,0.00,0.00
2017.03.09 07:58:19.976,12.04879,12.05132,0.00,0.00
2017.03.09 07:58:20.104,12.04879,12.05082,0.00,0.00
2017.03.09 07:58:20.278,12.04849,12.05082,0.00,0.00
2017.03.09 07:58:20.400,12.04839,12.05082,0.00,0.00
2017.03.09 07:58:20.654,12.04869,12.05082,0.00,0.00
2017.03.09 07:58:20.763,12.04838,12.05082,0.00,0.00
2017.03.09 07:58:20.864,12.04838,12.05031,0.00,0.00
2017.03.09 07:58:20.969,12.04818,12.05031,0.00,0.00
2017.03.09 07:58:21.094,12.04788,12.05031,0.00,0.00
2017.03.09 07:58:21.194,12.04779,12.05031,0.00,0.00
2017.03.09 07:58:21.695,12.04772,12.05031,0.00,0.00
2017.03.09 07:58:22.809,12.04772,12.04982,0.00,0.00
2017.03.09 07:58:22.860,12.04759,12.04982,0.00,0.00
2017.03.09 07:58:22.960,12.04758,12.05032,0.00,0.00
2017.03.09 07:58:23.117,12.04748,12.04981,0.00,0.00
2017.03.09 07:58:23.408,12.04671,12.04932,0.00,0.00
2017.03.09 07:58:23.562,12.04689,12.04932,0.00,0.00
2017.03.09 07:58:23.885,12.04671,12.04932,0.00,0.00
2017.03.09 07:58:24.096,12.04718,12.04932,0.00,0.00
2017.03.09 07:58:24.284,12.04671,12.04932,0.00,0.00
2017.03.09 07:58:24.882,12.04678,12.04932,0.00,0.00
2017.03.09 07:58:25.065,12.04671,12.04932,0.00,0.00
2017.03.09 07:58:25.116,12.04669,12.04932,0.00,0.00
2017.03.09 07:58:25.511,12.04661,12.04931,0.00,0.00
2017.03.09 07:58:25.613,12.04699,12.04932,0.00,0.00
2017.03.09 07:58:25.667,12.04689,12.04932,0.00,0.00
2017.03.09 07:58:25.768,12.04669,12.04932,0.00,0.00
2017.03.09 07:58:25.967,12.04699,12.04932,0.00,0.00
2017.03.09 07:58:26.067,12.04661,12.04932,0.00,0.00
2017.03.09 07:58:26.368,12.04678,12.04932,0.00,0.00
2017.03.09 07:58:26.716,12.04759,12.04981,0.00,0.00
2017.03.09 07:58:26.869,12.04788,12.05031,0.00,0.00
2017.03.09 07:58:27.070,12.04798,12.05031,0.00,0.00
2017.03.09 07:58:27.372,12.04599,12.04832,0.00,0.00
2017.03.09 07:58:27.474,12.04571,12.04832,0.00,0.00
2017.03.09 07:58:27.582,12.04618,12.04832,0.00,0.00
2017.03.09 07:58:27.890,12.04589,12.04832,0.00,0.00
2017.03.09 07:58:28.061,12.04571,12.04832,0.00,0.00
2017.03.09 07:58:28.112,12.04609,12.04832,0.00,0.00
2017.03.09 07:58:28.172,12.04589,12.04832,0.00,0.00
2017.03.09 07:58:28.282,12.04571,12.04832,0.00,0.00
2017.03.09 07:58:28.374,12.04628,12.04832,0.00,0.00
2017.03.09 07:58:28.690,12.04619,12.04832,0.00,0.00
2017.03.09 07:58:28.791,12.04598,12.04832,0.00,0.00
2017.03.09 07:58:28.891,12.04588,12.04861,0.00,0.00
2017.03.09 07:58:29.011,12.04628,12.04862,0.00,0.00
2017.03.09 07:58:29.112,12.04618,12.04862,0.00,0.00
2017.03.09 07:58:29.174,12.04598,12.04862,0.00,0.00
2017.03.09 07:58:29.375,12.04588,12.04862,0.00,0.00
2017.03.09 07:58:29.700,12.04618,12.04862,0.00,0.00
2017.03.09 07:58:29.876,12.04588,12.04862,0.00,0.00
2017.03.09 07:58:30.012,12.04598,12.04862,0.00,0.00
2017.03.09 07:58:30.190,12.04588,12.04862,0.00,0.00
2017.03.09 07:58:30.477,12.04619,12.04862,0.00,0.00
2017.03.09 07:58:30.886,12.04588,12.04862,0.00,0.00
2017.03.09 07:58:31.549,12.04608,12.04862,0.00,0.00
2017.03.09 07:58:32.181,12.04608,12.04842,0.00,0.00
2017.03.09 07:58:32.382,12.04608,12.04862,0.00,0.00
2017.03.09 07:58:32.697,12.04608,12.04851,0.00,0.00
2017.03.09 07:58:33.183,12.04608,12.04862,0.00,0.00
2017.03.09 07:58:34.796,12.04608,12.04861,0.00,0.00
2017.03.09 07:58:34.885,12.04608,12.04851,0.00,0.00
2017.03.09 07:58:35.893,12.04608,12.04862,0.00,0.00
2017.03.09 07:58:36.815,12.04608,12.04852,0.00,0.00
2017.03.09 07:58:36.922,12.04608,12.04862,0.00,0.00
2017.03.09 07:58:36.989,12.04608,12.04841,0.00,0.00
2017.03.09 07:58:37.237,12.04608,12.04851,0.00,0.00
2017.03.09 07:58:37.290,12.04608,12.04842,0.00,0.00
2017.03.09 07:58:37.590,12.04608,12.04862,0.00,0.00
2017.03.09 07:58:39.943,12.04608,12.04799,0.00,0.00
2017.03.09 07:58:40.101,12.04518,12.04762,0.00,0.00
2017.03.09 07:58:40.296,12.04608,12.04812,0.00,0.00
2017.03.09 07:58:40.347,12.04608,12.04861,0.00,0.00
2017.03.09 07:58:40.808,12.04608,12.04852,0.00,0.00
2017.03.09 07:58:41.097,12.04608,12.04861,0.00,0.00
2017.03.09 07:58:42.312,12.04609,12.04861,0.00,0.00
2017.03.09 07:58:42.818,12.04608,12.04841,0.00,0.00
2017.03.09 07:58:43.142,12.04608,12.04861,0.00,0.00
2017.03.09 07:58:45.452,12.04608,12.04841,0.00,0.00
2017.03.09 07:58:45.505,12.04608,12.04861,0.00,0.00
2017.03.09 07:58:45.630,12.04608,12.04841,0.00,0.00
2017.03.09 07:58:45.705,12.04608,12.04861,0.00,0.00
2017.03.09 07:58:46.730,12.04608,12.04852,0.00,0.00
2017.03.09 07:58:47.337,12.04608,12.04861,0.00,0.00
2017.03.09 07:58:47.562,12.04689,12.04881,0.00,0.00
2017.03.09 07:58:47.852,12.04809,12.05062,0.00,0.00
2017.03.09 07:58:48.055,12.04809,12.05052,0.00,0.00
2017.03.09 07:58:48.312,12.04809,12.05062,0.00,0.00
2017.03.09 07:58:48.613,12.04809,12.05022,0.00,0.00
2017.03.09 07:58:48.721,12.04809,12.05032,0.00,0.00
2017.03.09 07:58:48.834,12.04809,12.05041,0.00,0.00
2017.03.09 07:58:48.913,12.04809,12.05061,0.00,0.00
2017.03.09 07:58:49.151,12.04809,12.05042,0.00,0.00
2017.03.09 07:58:49.655,12.04809,12.05011,0.00,0.00
2017.03.09 07:58:49.715,12.04809,12.05032,0.00,0.00
2017.03.09 07:58:50.049,12.04809,12.05051,0.00,0.00
2017.03.09 07:58:50.156,12.04809,12.05022,0.00,0.00
2017.03.09 07:58:50.215,12.04809,12.05061,0.00,0.00
2017.03.09 07:58:50.321,12.04809,12.05031,0.00,0.00
2017.03.09 07:58:50.863,12.04809,12.05042,0.00,0.00
2017.03.09 07:58:51.037,12.04809,12.05032,0.00,0.00
2017.03.09 07:58:51.217,12.04809,12.05051,0.00,0.00
2017.03.09 07:58:51.467,12.04809,12.05021,0.00,0.00
2017.03.09 07:58:51.568,12.04809,12.05059,0.00,0.00
2017.03.09 07:58:51.919,12.04809,12.05042,0.00,0.00
2017.03.09 07:58:52.269,12.04809,12.05022,0.00,0.00
2017.03.09 07:58:52.644,12.04809,12.05042,0.00,0.00
2017.03.09 07:58:52.720,12.04809,12.05031,0.00,0.00
2017.03.09 07:58:53.362,12.04809,12.05021,0.00,0.00
2017.03.09 07:58:53.723,12.04809,12.05032,0.00,0.00
2017.03.09 07:58:54.140,12.04809,12.05052,0.00,0.00
2017.03.09 07:58:54.424,12.04809,12.05041,0.00,0.00
2017.03.09 07:58:54.524,12.04809,12.05052,0.00,0.00
2017.03.09 07:58:54.728,12.04809,12.05022,0.00,0.00
2017.03.09 07:58:54.953,12.04809,12.05042,0.00,0.00
2017.03.09 07:58:56.066,12.04809,12.05022,0.00,0.00
2017.03.09 07:58:56.369,12.04809,12.05042,0.00,0.00
2017.03.09 07:58:57.028,12.04809,12.05059,0.00,0.00
2017.03.09 07:58:57.529,12.04809,12.05041,0.00,0.00
2017.03.09 07:58:58.471,12.04809,12.05059,0.00,0.00
2017.03.09 07:58:58.531,12.04809,12.05032,0.00,0.00
2017.03.09 07:58:58.832,12.04809,12.05059,0.00,0.00
2017.03.09 07:58:58.882,12.04809,12.05022,0.00,0.00
2017.03.09 07:58:59.332,12.04809,12.05052,0.00,0.00
2017.03.09 07:58:59.671,12.04809,12.05022,0.00,0.00
2017.03.09 07:59:00.158,12.04809,12.05042,0.00,0.00
2017.03.09 07:59:00.608,12.04809,12.04998,0.00,0.00
2017.03.09 07:59:00.708,12.04738,12.04998,0.00,0.00
2017.03.09 07:59:00.759,12.04708,12.04961,0.00,0.00
2017.03.09 07:59:02.061,12.04708,12.04952,0.00,0.00
2017.03.09 07:59:02.137,12.04708,12.04961,0.00,0.00
2017.03.09 07:59:02.939,12.04719,12.04961,0.00,0.00
2017.03.09 07:59:03.950,12.04708,12.04961,0.00,0.00
2017.03.09 07:59:04.063,12.04708,12.04941,0.00,0.00
2017.03.09 07:59:04.140,12.04708,12.04961,0.00,0.00
2017.03.09 07:59:06.846,12.04708,12.04941,0.00,0.00
2017.03.09 07:59:07.246,12.04708,12.04952,0.00,0.00
2017.03.09 07:59:07.363,12.04708,12.04941,0.00,0.00
2017.03.09 07:59:07.446,12.04708,12.04952,0.00,0.00
2017.03.09 07:59:07.747,12.04708,12.04961,0.00,0.00
2017.03.09 07:59:08.987,12.04788,12.04982,0.00,0.00
2017.03.09 07:59:09.090,12.04788,12.04989,0.00,0.00
2017.03.09 07:59:09.210,12.04718,12.04962,0.00,0.00
2017.03.09 07:59:09.261,12.04708,12.04962,0.00,0.00
2017.03.09 07:59:09.362,12.04708,12.04942,0.00,0.00
2017.03.09 07:59:09.449,12.04708,12.04962,0.00,0.00
2017.03.09 07:59:09.582,12.04708,12.04942,0.00,0.00
2017.03.09 07:59:09.682,12.04708,12.04961,0.00,0.00
2017.03.09 07:59:09.794,12.04708,12.04941,0.00,0.00
2017.03.09 07:59:10.062,12.04708,12.04962,0.00,0.00
2017.03.09 07:59:10.151,12.04718,12.04962,0.00,0.00
2017.03.09 07:59:10.552,12.04708,12.04962,0.00,0.00
2017.03.09 07:59:10.852,12.04729,12.04962,0.00,0.00
2017.03.09 07:59:11.083,12.04709,12.04962,0.00,0.00
2017.03.09 07:59:11.152,12.04728,12.04962,0.00,0.00
2017.03.09 07:59:11.653,12.04708,12.04962,0.00,0.00
2017.03.09 07:59:12.354,12.04709,12.04962,0.00,0.00
2017.03.09 07:59:12.755,12.04728,12.04962,0.00,0.00
2017.03.09 07:59:13.156,12.04708,12.04962,0.00,0.00
2017.03.09 07:59:13.436,12.04808,12.04991,0.00,0.00
2017.03.09 07:59:13.486,12.04808,12.05012,0.00,0.00
2017.03.09 07:59:13.557,12.04808,12.05061,0.00,0.00
2017.03.09 07:59:13.884,12.04808,12.05051,0.00,0.00
2017.03.09 07:59:13.957,12.04808,12.05061,0.00,0.00
2017.03.09 07:59:14.058,12.04808,12.05041,0.00,0.00
2017.03.09 07:59:14.158,12.04808,12.05061,0.00,0.00
2017.03.09 07:59:15.160,12.04808,12.05051,0.00,0.00
2017.03.09 07:59:15.861,12.04808,12.05041,0.00,0.00
2017.03.09 07:59:16.161,12.04808,12.05061,0.00,0.00
2017.03.09 07:59:16.261,12.04808,12.05042,0.00,0.00
2017.03.09 07:59:16.364,12.04808,12.05061,0.00,0.00
2017.03.09 07:59:18.498,12.04828,12.05052,0.00,0.00
2017.03.09 07:59:18.605,12.04828,12.05061,0.00,0.00
2017.03.09 07:59:18.706,12.04828,12.05071,0.00,0.00
2017.03.09 07:59:18.765,12.04828,12.05062,0.00,0.00
2017.03.09 07:59:18.908,12.04828,12.05079,0.00,0.00
2017.03.09 07:59:19.065,12.04828,12.05072,0.00,0.00
2017.03.09 07:59:19.496,12.04828,12.05051,0.00,0.00
2017.03.09 07:59:19.767,12.04828,12.05079,0.00,0.00
2017.03.09 07:59:20.067,12.04828,12.05061,0.00,0.00
2017.03.09 07:59:21.269,12.04828,12.05079,0.00,0.00
2017.03.09 07:59:21.405,12.04828,12.05062,0.00,0.00
2017.03.09 07:59:21.670,12.04828,12.05079,0.00,0.00
2017.03.09 07:59:21.970,12.04828,12.05052,0.00,0.00
2017.03.09 07:59:22.071,12.04828,12.05079,0.00,0.00
2017.03.09 07:59:22.171,12.04828,12.05051,0.00,0.00
2017.03.09 07:59:22.271,12.04828,12.05071,0.00,0.00
2017.03.09 07:59:22.972,12.04828,12.05079,0.00,0.00
2017.03.09 07:59:23.273,12.04828,12.05052,0.00,0.00
2017.03.09 07:59:24.174,12.04828,12.05062,0.00,0.00
2017.03.09 07:59:24.474,12.04828,12.05079,0.00,0.00
2017.03.09 07:59:24.574,12.04828,12.05042,0.00,0.00
2017.03.09 07:59:24.686,12.04828,12.05071,0.00,0.00
2017.03.09 07:59:24.909,12.04828,12.05042,0.00,0.00
2017.03.09 07:59:25.524,12.04828,12.05062,0.00,0.00
2017.03.09 07:59:25.625,12.04828,12.05072,0.00,0.00
2017.03.09 07:59:25.776,12.04828,12.05062,0.00,0.00
2017.03.09 07:59:25.900,12.04828,12.05079,0.00,0.00
2017.03.09 07:59:27.193,12.04828,12.05061,0.00,0.00
2017.03.09 07:59:27.303,12.04828,12.05079,0.00,0.00
2017.03.09 07:59:27.780,12.04828,12.05071,0.00,0.00
2017.03.09 07:59:27.894,12.04828,12.05079,0.00,0.00
2017.03.09 07:59:28.303,12.04828,12.05072,0.00,0.00
2017.03.09 07:59:28.469,12.04828,12.05079,0.00,0.00
2017.03.09 07:59:28.782,12.04828,12.05072,0.00,0.00
2017.03.09 07:59:29.125,12.04828,12.05079,0.00,0.00
2017.03.09 07:59:29.800,12.04828,12.05072,0.00,0.00
2017.03.09 07:59:30.119,12.04828,12.05079,0.00,0.00
2017.03.09 07:59:30.687,12.04839,12.05079,0.00,0.00
2017.03.09 07:59:31.496,12.04828,12.05079,0.00,0.00
2017.03.09 07:59:32.015,12.04829,12.05079,0.00,0.00
2017.03.09 07:59:32.522,12.04828,12.05079,0.00,0.00
2017.03.09 07:59:32.778,12.04828,12.05072,0.00,0.00
2017.03.09 07:59:32.892,12.04828,12.05079,0.00,0.00
2017.03.09 07:59:32.993,12.04828,12.05071,0.00,0.00
2017.03.09 07:59:33.392,12.04828,12.05079,0.00,0.00
2017.03.09 07:59:33.492,12.04828,12.05072,0.00,0.00
2017.03.09 07:59:34.032,12.04828,12.05079,0.00,0.00
2017.03.09 07:59:34.093,12.04828,12.05071,0.00,0.00
2017.03.09 07:59:34.199,12.04828,12.05079,0.00,0.00
2017.03.09 07:59:34.719,12.04828,12.05072,0.00,0.00
2017.03.09 07:59:34.795,12.04828,12.05079,0.00,0.00
2017.03.09 07:59:35.295,12.04828,12.05071,0.00,0.00
2017.03.09 07:59:35.395,12.04829,12.05079,0.00,0.00
2017.03.09 07:59:36.210,12.04828,12.05079,0.00,0.00
2017.03.09 07:59:37.600,12.04828,12.05072,0.00,0.00
2017.03.09 07:59:38.401,12.04828,12.05079,0.00,0.00
2017.03.09 07:59:41.847,12.04829,12.05079,0.00,0.00
2017.03.09 07:59:42.602,12.04828,12.05079,0.00,0.00
2017.03.09 07:59:43.207,12.04829,12.05079,0.00,0.00
2017.03.09 07:59:43.748,12.04828,12.05079,0.00,0.00
2017.03.09 07:59:45.410,12.04838,12.05079,0.00,0.00
2017.03.09 07:59:45.950,12.04828,12.05079,0.00,0.00
2017.03.09 07:59:46.011,12.04838,12.05079,0.00,0.00
2017.03.09 07:59:46.812,12.04828,12.05079,0.00,0.00
2017.03.09 07:59:47.422,12.04838,12.05079,0.00,0.00
2017.03.09 07:59:47.513,12.04828,12.05079,0.00,0.00
2017.03.09 07:59:47.631,12.04838,12.05079,0.00,0.00
2017.03.09 07:59:47.732,12.04828,12.05079,0.00,0.00
2017.03.09 07:59:48.098,12.04879,12.05102,0.00,0.00
2017.03.09 07:59:48.273,12.04918,12.05151,0.00,0.00
2017.03.09 07:59:48.374,12.04928,12.05178,0.00,0.00
2017.03.09 07:59:48.532,12.04928,12.05161,0.00,0.00
2017.03.09 07:59:48.636,12.04928,12.05178,0.00,0.00
2017.03.09 07:59:49.620,12.04928,12.05162,0.00,0.00
2017.03.09 07:59:49.721,12.04928,12.05178,0.00,0.00
2017.03.09 07:59:50.269,12.04979,12.05181,0.00,0.00
2017.03.09 07:59:50.320,12.04979,12.05202,0.00,0.00
2017.03.09 07:59:50.370,12.05009,12.05202,0.00,0.00
2017.03.09 07:59:50.421,12.05029,12.05242,0.00,0.00
2017.03.09 07:59:50.522,12.05028,12.05221,0.00,0.00
2017.03.09 07:59:50.622,12.05028,12.05238,0.00,0.00
2017.03.09 07:59:50.673,12.04978,12.05238,0.00,0.00
2017.03.09 07:59:50.723,12.04978,12.05232,0.00,0.00
2017.03.09 07:59:50.824,12.04979,12.05239,0.00,0.00
2017.03.09 07:59:50.952,12.04979,12.05222,0.00,0.00
2017.03.09 07:59:51.052,12.04979,12.05239,0.00,0.00
2017.03.09 07:59:51.214,12.05029,12.05242,0.00,0.00
2017.03.09 07:59:51.264,12.05029,12.05252,0.00,0.00
2017.03.09 07:59:51.315,12.05008,12.05252,0.00,0.00
2017.03.09 07:59:51.721,12.05008,12.05242,0.00,0.00
2017.03.09 07:59:51.821,12.05008,12.05261,0.00,0.00
2017.03.09 07:59:51.921,12.05008,12.05241,0.00,0.00
2017.03.09 07:59:52.329,12.05008,12.05262,0.00,0.00
2017.03.09 07:59:52.743,12.05008,12.05241,0.00,0.00
2017.03.09 07:59:53.226,12.05008,12.05262,0.00,0.00
2017.03.09 07:59:53.347,12.05008,12.05279,0.00,0.00
2017.03.09 07:59:53.465,12.05019,12.05279,0.00,0.00
2017.03.09 07:59:53.661,12.05008,12.05272,0.00,0.00
2017.03.09 07:59:53.725,12.05018,12.05279,0.00,0.00
2017.03.09 07:59:53.943,12.05009,12.05279,0.00,0.00
2017.03.09 07:59:54.043,12.05019,12.05279,0.00,0.00
2017.03.09 07:59:54.632,12.05008,12.05272,0.00,0.00
2017.03.09 07:59:54.732,12.05008,12.05279,0.00,0.00
2017.03.09 07:59:55.114,12.05008,12.05289,0.00,0.00
2017.03.09 07:59:55.164,12.05018,12.05289,0.00,0.00
2017.03.09 07:59:55.494,12.05008,12.05261,0.00,0.00
2017.03.09 07:59:55.830,12.05008,12.05289,0.00,0.00
2017.03.09 07:59:56.041,12.05008,12.05271,0.00,0.00
2017.03.09 07:59:56.834,12.05008,12.05198,0.00,0.00
2017.03.09 07:59:56.884,12.04998,12.05198,0.00,0.00
2017.03.09 07:59:56.935,12.04979,12.05198,0.00,0.00
2017.03.09 07:59:57.075,12.04908,12.05181,0.00,0.00
2017.03.09 07:59:57.335,12.04929,12.05198,0.00,0.00
2017.03.09 07:59:57.435,12.04908,12.05181,0.00,0.00
2017.03.09 07:59:58.250,12.04928,12.05212,0.00,0.00
2017.03.09 07:59:58.733,12.04908,12.05181,0.00,0.00
2017.03.09 07:59:58.936,12.04918,12.05202,0.00,0.00
2017.03.09 07:59:59.056,12.04908,12.05182,0.00,0.00
2017.03.09 07:59:59.537,12.04908,12.05192,0.00,0.00
2017.03.09 07:59:59.666,12.04928,12.05212,0.00,0.00
2017.03.09 07:59:59.996,12.04908,12.05172,0.00,0.00
