2014.12.29 06:00:00.036,11.95368,11.95656,0.00,0.00
2014.12.29 06:00:00.448,11.95368,11.95644,0.00,0.00
2014.12.29 06:00:00.548,11.95392,11.95672,0.00,0.00
2014.12.29 06:00:00.649,11.95392,11.95638,0.00,0.00
2014.12.29 06:00:00.699,11.95371,11.95638,0.00,0.00
2014.12.29 06:00:00.750,11.95371,11.95668,0.00,0.00
2014.12.29 06:00:00.800,11.95371,11.95626,0.00,0.00
2014.12.29 06:00:00.905,11.95352,11.95626,0.00,0.00
2014.12.29 06:00:01.014,11.95352,11.95619,0.00,0.00
2014.12.29 06:00:01.115,11.95352,11.95647,0.00,0.00
2014.12.29 06:00:01.222,11.95352,11.95621,0.00,0.00
2014.12.29 06:00:01.489,11.95277,11.95558,0.00,0.00
2014.12.29 06:00:01.540,11.95269,11.95558,0.00,0.00
2014.12.29 06:00:01.741,11.95252,11.95527,0.00,0.00
2014.12.29 06:00:05.399,11.95278,11.95527,0.00,0.00
2014.12.29 06:00:05.729,11.95278,11.95563,0.00,0.00
2014.12.29 06:00:15.742,11.95278,11.95552,0.00,0.00
2014.12.29 06:00:16.243,11.95278,11.95523,0.00,0.00
2014.12.29 06:00:16.945,11.95278,11.95553,0.00,0.00
2014.12.29 06:00:17.547,11.95278,11.95521,0.00,0.00
2014.12.29 06:00:17.648,11.95278,11.95543,0.00,0.00
2014.12.29 06:00:22.236,11.95278,11.95558,0.00,0.00
2014.12.29 06:00:23.069,11.95278,11.95547,0.00,0.00
2014.12.29 06:00:23.507,11.95278,11.95521,0.00,0.00
2014.12.29 06:00:23.557,11.95278,11.95553,0.00,0.00
2014.12.29 06:00:29.491,11.95278,11.95542,0.00,0.00
2014.12.29 06:00:29.899,11.95278,11.95517,0.00,0.00
2014.12.29 06:00:30.050,11.95278,11.95553,0.00,0.00
2014.12.29 06:00:31.480,11.95278,11.95542,0.00,0.00
2014.12.29 06:00:31.696,11.95278,11.95552,0.00,0.00
2014.12.29 06:00:32.270,11.95278,11.95541,0.00,0.00
2014.12.29 06:00:32.801,11.95278,11.95518,0.00,0.00
2014.12.29 06:00:36.826,11.95231,11.95518,0.00,0.00
2014.12.29 06:00:36.877,11.95228,11.95518,0.00,0.00
2014.12.29 06:00:36.977,11.95228,11.95487,0.00,0.00
2014.12.29 06:00:37.094,11.95228,11.95508,0.00,0.00
2014.12.29 06:00:45.077,11.95228,11.95539,0.00,0.00
2014.12.29 06:00:45.178,11.95228,11.95528,0.00,0.00
2014.12.29 06:01:00.056,11.95222,11.95528,0.00,0.00
2014.12.29 06:01:00.107,11.95188,11.95528,0.00,0.00
2014.12.29 06:01:00.157,11.95229,11.95528,0.00,0.00
2014.12.29 06:01:05.738,11.95229,11.95538,0.00,0.00
2014.12.29 06:01:19.286,11.95194,11.95538,0.00,0.00
2014.12.29 06:01:19.336,11.95194,11.95478,0.00,0.00
2014.12.29 06:01:19.772,11.95189,11.95478,0.00,0.00
2014.12.29 06:01:21.894,11.95189,11.95479,0.00,0.00
2014.12.29 06:01:26.044,11.95189,11.95459,0.00,0.00
2014.12.29 06:01:26.690,11.95189,11.95453,0.00,0.00
2014.12.29 06:01:26.791,11.95189,11.95459,0.00,0.00
2014.12.29 06:01:30.927,11.95189,11.95453,0.00,0.00
2014.12.29 06:01:31.056,11.95159,11.95453,0.00,0.00
2014.12.29 06:01:31.107,11.95159,11.95459,0.00,0.00
2014.12.29 06:01:35.433,11.95159,11.95448,0.00,0.00
2014.12.29 06:01:35.648,11.95159,11.95459,0.00,0.00
2014.12.29 06:01:39.261,11.95159,11.95453,0.00,0.00
2014.12.29 06:01:39.317,11.95159,11.95459,0.00,0.00
2014.12.29 06:01:51.444,11.95159,11.95452,0.00,0.00
2014.12.29 06:01:51.750,11.95159,11.95459,0.00,0.00
2014.12.29 06:01:56.966,11.95211,11.95508,0.00,0.00
2014.12.29 06:01:57.167,11.95248,11.95559,0.00,0.00
2014.12.29 06:01:57.546,11.95248,11.95568,0.00,0.00
2014.12.29 06:01:59.749,11.95249,11.95568,0.00,0.00
2014.12.29 06:01:59.813,11.95249,11.95579,0.00,0.00
2014.12.29 06:02:00.913,11.95249,11.95569,0.00,0.00
2014.12.29 06:02:01.251,11.95248,11.95566,0.00,0.00
2014.12.29 06:02:01.402,11.95199,11.95527,0.00,0.00
2014.12.29 06:02:02.502,11.95262,11.95561,0.00,0.00
2014.12.29 06:02:02.552,11.95262,11.95588,0.00,0.00
2014.12.29 06:02:02.603,11.95294,11.95612,0.00,0.00
2014.12.29 06:02:02.653,11.95298,11.95638,0.00,0.00
2014.12.29 06:02:03.782,11.95298,11.95588,0.00,0.00
2014.12.29 06:02:03.883,11.95262,11.95588,0.00,0.00
2014.12.29 06:02:04.216,11.95252,11.95578,0.00,0.00
2014.12.29 06:02:05.358,11.95252,11.95572,0.00,0.00
2014.12.29 06:02:05.459,11.95249,11.95572,0.00,0.00
2014.12.29 06:02:05.814,11.9523,11.95562,0.00,0.00
2014.12.29 06:02:05.965,11.95222,11.95537,0.00,0.00
2014.12.29 06:02:06.016,11.95198,11.95537,0.00,0.00
2014.12.29 06:02:06.413,11.95201,11.95537,0.00,0.00
2014.12.29 06:02:06.523,11.95198,11.95537,0.00,0.00
2014.12.29 06:02:06.623,11.95195,11.95522,0.00,0.00
2014.12.29 06:02:06.971,11.95184,11.95478,0.00,0.00
2014.12.29 06:02:07.481,11.95199,11.95478,0.00,0.00
2014.12.29 06:02:07.532,11.95199,11.95538,0.00,0.00
2014.12.29 06:02:10.325,11.95194,11.95521,0.00,0.00
2014.12.29 06:02:10.776,11.95182,11.95478,0.00,0.00
2014.12.29 06:02:10.965,11.95198,11.95538,0.00,0.00
2014.12.29 06:02:11.261,11.95202,11.95538,0.00,0.00
2014.12.29 06:02:13.453,11.95198,11.95479,0.00,0.00
2014.12.29 06:02:13.553,11.95194,11.95479,0.00,0.00
2014.12.29 06:02:13.604,11.95194,11.95522,0.00,0.00
2014.12.29 06:02:13.850,11.95199,11.95538,0.00,0.00
2014.12.29 06:02:17.914,11.95194,11.95521,0.00,0.00
2014.12.29 06:02:18.441,11.95183,11.95479,0.00,0.00
2014.12.29 06:02:18.541,11.95198,11.95527,0.00,0.00
2014.12.29 06:02:18.592,11.95198,11.95537,0.00,0.00
2014.12.29 06:02:22.974,11.95195,11.95522,0.00,0.00
2014.12.29 06:02:23.422,11.95183,11.95479,0.00,0.00
2014.12.29 06:02:28.064,11.95199,11.95479,0.00,0.00
2014.12.29 06:02:28.114,11.95212,11.95537,0.00,0.00
2014.12.29 06:02:28.165,11.95249,11.95537,0.00,0.00
2014.12.29 06:02:28.285,11.95249,11.95568,0.00,0.00
2014.12.29 06:02:28.974,11.95249,11.95569,0.00,0.00
2014.12.29 06:02:29.512,11.95249,11.95568,0.00,0.00
2014.12.29 06:02:30.021,11.9523,11.95562,0.00,0.00
2014.12.29 06:02:30.071,11.9523,11.95548,0.00,0.00
2014.12.29 06:02:30.187,11.95198,11.95538,0.00,0.00
2014.12.29 06:02:32.029,11.95194,11.95522,0.00,0.00
2014.12.29 06:02:32.374,11.95199,11.95538,0.00,0.00
2014.12.29 06:02:32.681,11.95194,11.95522,0.00,0.00
2014.12.29 06:02:32.995,11.95194,11.95488,0.00,0.00
2014.12.29 06:02:34.686,11.95194,11.95478,0.00,0.00
2014.12.29 06:02:34.793,11.95169,11.95478,0.00,0.00
2014.12.29 06:02:37.274,11.95198,11.95478,0.00,0.00
2014.12.29 06:02:37.324,11.95198,11.95528,0.00,0.00
2014.12.29 06:02:53.387,11.95198,11.95478,0.00,0.00
2014.12.29 06:02:53.488,11.95174,11.95478,0.00,0.00
2014.12.29 06:02:57.258,11.95174,11.95479,0.00,0.00
2014.12.29 06:02:57.360,11.95159,11.95479,0.00,0.00
2014.12.29 06:03:07.706,11.95159,11.95478,0.00,0.00
2014.12.29 06:03:10.567,11.95169,11.95478,0.00,0.00
2014.12.29 06:03:10.668,11.95198,11.95527,0.00,0.00
2014.12.29 06:03:14.687,11.95185,11.95522,0.00,0.00
2014.12.29 06:03:14.738,11.95185,11.95459,0.00,0.00
2014.12.29 06:03:14.788,11.9517,11.95459,0.00,0.00
2014.12.29 06:03:21.762,11.9517,11.95479,0.00,0.00
2014.12.29 06:03:21.872,11.9517,11.95459,0.00,0.00
2014.12.29 06:03:22.752,11.9517,11.95479,0.00,0.00
2014.12.29 06:03:32.212,11.9517,11.95478,0.00,0.00
2014.12.29 06:03:34.772,11.95174,11.95478,0.00,0.00
2014.12.29 06:03:40.015,11.95249,11.95478,0.00,0.00
2014.12.29 06:03:40.066,11.95249,11.95518,0.00,0.00
2014.12.29 06:03:40.167,11.95249,11.95537,0.00,0.00
2014.12.29 06:03:40.273,11.95249,11.95569,0.00,0.00
2014.12.29 06:03:40.509,11.95249,11.95539,0.00,0.00
2014.12.29 06:03:40.559,11.95215,11.95539,0.00,0.00
2014.12.29 06:03:40.712,11.95199,11.95538,0.00,0.00
2014.12.29 06:03:53.551,11.95199,11.95529,0.00,0.00
2014.12.29 06:03:53.935,11.95199,11.95524,0.00,0.00
2014.12.29 06:03:57.953,11.95169,11.95478,0.00,0.00
2014.12.29 06:03:59.491,11.95169,11.95479,0.00,0.00
2014.12.29 06:04:00.261,11.95171,11.95479,0.00,0.00
2014.12.29 06:04:00.564,11.95184,11.95479,0.00,0.00
2014.12.29 06:04:02.351,11.95184,11.95478,0.00,0.00
2014.12.29 06:04:02.456,11.95174,11.95478,0.00,0.00
2014.12.29 06:04:13.351,11.95174,11.95479,0.00,0.00
2014.12.29 06:04:13.552,11.95158,11.95479,0.00,0.00
2014.12.29 06:04:13.681,11.95161,11.95479,0.00,0.00
2014.12.29 06:04:13.901,11.95158,11.95478,0.00,0.00
2014.12.29 06:04:14.671,11.95158,11.95479,0.00,0.00
2014.12.29 06:04:15.881,11.95158,11.95478,0.00,0.00
2014.12.29 06:04:16.473,11.95158,11.95479,0.00,0.00
2014.12.29 06:04:19.181,11.95158,11.95379,0.00,0.00
2014.12.29 06:04:19.282,11.95074,11.95379,0.00,0.00
2014.12.29 06:04:19.442,11.95048,11.95379,0.00,0.00
2014.12.29 06:04:26.551,11.95062,11.95378,0.00,0.00
2014.12.29 06:04:26.859,11.95108,11.95422,0.00,0.00
2014.12.29 06:04:26.960,11.95108,11.95438,0.00,0.00
2014.12.29 06:04:28.085,11.95102,11.95412,0.00,0.00
2014.12.29 06:04:28.186,11.95048,11.95379,0.00,0.00
2014.12.29 06:04:31.611,11.95048,11.95289,0.00,0.00
2014.12.29 06:04:31.712,11.95024,11.95289,0.00,0.00
2014.12.29 06:04:31.763,11.95038,11.95349,0.00,0.00
2014.12.29 06:04:31.863,11.95001,11.95332,0.00,0.00
2014.12.29 06:04:32.035,11.95049,11.95332,0.00,0.00
2014.12.29 06:04:32.085,11.95049,11.95377,0.00,0.00
2014.12.29 06:04:32.186,11.95053,11.95379,0.00,0.00
2014.12.29 06:04:33.146,11.95053,11.9532,0.00,0.00
2014.12.29 06:04:33.297,11.94978,11.95289,0.00,0.00
2014.12.29 06:04:33.398,11.94973,11.95289,0.00,0.00
2014.12.29 06:04:33.500,11.94948,11.95286,0.00,0.00
2014.12.29 06:04:34.251,11.94948,11.95279,0.00,0.00
2014.12.29 06:04:35.057,11.94948,11.95272,0.00,0.00
2014.12.29 06:04:36.891,11.94948,11.95269,0.00,0.00
2014.12.29 06:04:37.318,11.94928,11.95262,0.00,0.00
2014.12.29 06:04:37.368,11.94928,11.95239,0.00,0.00
2014.12.29 06:04:37.469,11.94898,11.95231,0.00,0.00
2014.12.29 06:04:40.851,11.94901,11.95231,0.00,0.00
2014.12.29 06:04:41.248,11.94901,11.95212,0.00,0.00
2014.12.29 06:04:41.298,11.94848,11.95188,0.00,0.00
2014.12.29 06:04:41.511,11.94848,11.95169,0.00,0.00
2014.12.29 06:04:43.419,11.94848,11.95168,0.00,0.00
2014.12.29 06:04:43.975,11.94848,11.95169,0.00,0.00
2014.12.29 06:04:50.750,11.94848,11.95149,0.00,0.00
2014.12.29 06:04:50.851,11.94829,11.95149,0.00,0.00
2014.12.29 06:04:50.952,11.94818,11.95149,0.00,0.00
2014.12.29 06:04:51.130,11.94798,11.95131,0.00,0.00
2014.12.29 06:05:09.005,11.94848,11.95131,0.00,0.00
2014.12.29 06:05:09.055,11.94848,11.95149,0.00,0.00
2014.12.29 06:05:09.156,11.94848,11.95166,0.00,0.00
2014.12.29 06:05:09.257,11.94848,11.95182,0.00,0.00
2014.12.29 06:05:09.426,11.94841,11.95161,0.00,0.00
2014.12.29 06:05:09.628,11.94813,11.95149,0.00,0.00
2014.12.29 06:05:09.678,11.94841,11.95157,0.00,0.00
2014.12.29 06:05:09.879,11.94813,11.95149,0.00,0.00
2014.12.29 06:05:10.030,11.94811,11.95141,0.00,0.00
2014.12.29 06:05:10.110,11.94799,11.95141,0.00,0.00
2014.12.29 06:05:11.100,11.94799,11.95139,0.00,0.00
2014.12.29 06:05:11.320,11.94799,11.95141,0.00,0.00
2014.12.29 06:05:12.187,11.94799,11.95111,0.00,0.00
2014.12.29 06:05:12.237,11.94749,11.95088,0.00,0.00
2014.12.29 06:05:12.424,11.94749,11.95079,0.00,0.00
2014.12.29 06:05:18.470,11.94749,11.95068,0.00,0.00
2014.12.29 06:05:19.189,11.94749,11.95067,0.00,0.00
2014.12.29 06:05:19.900,11.94749,11.95039,0.00,0.00
2014.12.29 06:05:20.670,11.94749,11.95028,0.00,0.00
2014.12.29 06:05:21.280,11.94723,11.95028,0.00,0.00
2014.12.29 06:05:21.331,11.94723,11.95038,0.00,0.00
2014.12.29 06:05:21.382,11.94709,11.95038,0.00,0.00
2014.12.29 06:05:21.482,11.94698,11.95031,0.00,0.00
2014.12.29 06:05:21.787,11.94698,11.95028,0.00,0.00
2014.12.29 06:05:21.837,11.94689,11.9502,0.00,0.00
2014.12.29 06:05:21.888,11.94689,11.94969,0.00,0.00
2014.12.29 06:05:21.938,11.94658,11.94969,0.00,0.00
2014.12.29 06:05:22.802,11.94658,11.94958,0.00,0.00
2014.12.29 06:05:23.201,11.94658,11.94979,0.00,0.00
2014.12.29 06:05:23.251,11.94664,11.94979,0.00,0.00
2014.12.29 06:05:23.452,11.94699,11.95031,0.00,0.00
2014.12.29 06:05:36.390,11.94719,11.95022,0.00,0.00
2014.12.29 06:05:36.491,11.94699,11.95039,0.00,0.00
2014.12.29 06:05:36.592,11.94671,11.95002,0.00,0.00
2014.12.29 06:05:36.938,11.94658,11.94969,0.00,0.00
2014.12.29 06:05:37.343,11.94658,11.94952,0.00,0.00
2014.12.29 06:05:37.489,11.94658,11.94969,0.00,0.00
2014.12.29 06:05:38.258,11.94658,11.94952,0.00,0.00
2014.12.29 06:05:38.459,11.94658,11.94969,0.00,0.00
2014.12.29 06:05:44.506,11.94658,11.94952,0.00,0.00
2014.12.29 06:05:44.814,11.94658,11.94969,0.00,0.00
2014.12.29 06:05:57.531,11.94658,11.94949,0.00,0.00
2014.12.29 06:05:57.632,11.94608,11.94947,0.00,0.00
2014.12.29 06:06:01.355,11.94659,11.94949,0.00,0.00
2014.12.29 06:06:01.406,11.94659,11.94972,0.00,0.00
2014.12.29 06:06:01.507,11.94659,11.94978,0.00,0.00
2014.12.29 06:06:04.345,11.94644,11.94949,0.00,0.00
2014.12.29 06:06:04.395,11.94608,11.94937,0.00,0.00
2014.12.29 06:06:07.783,11.94619,11.94949,0.00,0.00
2014.12.29 06:06:07.833,11.94658,11.94949,0.00,0.00
2014.12.29 06:06:07.884,11.94658,11.94961,0.00,0.00
2014.12.29 06:06:07.985,11.94658,11.94969,0.00,0.00
2014.12.29 06:06:08.369,11.94634,11.94969,0.00,0.00
2014.12.29 06:06:08.419,11.94634,11.94949,0.00,0.00
2014.12.29 06:06:08.484,11.94608,11.94941,0.00,0.00
2014.12.29 06:06:10.937,11.94619,11.94949,0.00,0.00
2014.12.29 06:06:11.255,11.94658,11.94978,0.00,0.00
2014.12.29 06:06:11.438,11.94643,11.94971,0.00,0.00
2014.12.29 06:06:11.538,11.94613,11.94949,0.00,0.00
2014.12.29 06:06:12.659,11.94658,11.94949,0.00,0.00
2014.12.29 06:06:12.709,11.94658,11.94979,0.00,0.00
2014.12.29 06:06:13.513,11.94658,11.94959,0.00,0.00
2014.12.29 06:06:14.089,11.94629,11.94959,0.00,0.00
2014.12.29 06:06:14.140,11.94629,11.94949,0.00,0.00
2014.12.29 06:06:14.293,11.94609,11.94932,0.00,0.00
2014.12.29 06:06:14.859,11.94588,11.94912,0.00,0.00
2014.12.29 06:06:14.909,11.94588,11.94878,0.00,0.00
2014.12.29 06:06:15.889,11.94608,11.94878,0.00,0.00
2014.12.29 06:06:15.939,11.94608,11.94932,0.00,0.00
2014.12.29 06:06:31.602,11.94658,11.94932,0.00,0.00
2014.12.29 06:06:35.101,11.94708,11.94932,0.00,0.00
2014.12.29 06:06:35.252,11.94708,11.94959,0.00,0.00
2014.12.29 06:06:35.562,11.94658,11.94959,0.00,0.00
2014.12.29 06:06:35.613,11.94658,11.94949,0.00,0.00
2014.12.29 06:06:36.020,11.94658,11.94932,0.00,0.00
2014.12.29 06:06:36.070,11.94658,11.94957,0.00,0.00
2014.12.29 06:06:36.121,11.94709,11.94957,0.00,0.00
2014.12.29 06:06:36.833,11.94709,11.94958,0.00,0.00
2014.12.29 06:06:38.856,11.94798,11.94958,0.00,0.00
2014.12.29 06:06:38.907,11.94798,11.95006,0.00,0.00
2014.12.29 06:06:39.008,11.94798,11.95072,0.00,0.00
2014.12.29 06:06:39.108,11.94849,11.95087,0.00,0.00
2014.12.29 06:06:39.159,11.94849,11.95107,0.00,0.00
2014.12.29 06:06:39.260,11.94849,11.95137,0.00,0.00
2014.12.29 06:06:39.853,11.94898,11.95139,0.00,0.00
2014.12.29 06:06:39.904,11.94898,11.95171,0.00,0.00
2014.12.29 06:06:40.018,11.94898,11.95186,0.00,0.00
2014.12.29 06:06:40.270,11.94959,11.95186,0.00,0.00
2014.12.29 06:06:40.371,11.94959,11.95218,0.00,0.00
2014.12.29 06:06:40.471,11.94959,11.95239,0.00,0.00
2014.12.29 06:06:40.574,11.94959,11.95273,0.00,0.00
2014.12.29 06:06:40.624,11.95008,11.95273,0.00,0.00
2014.12.29 06:06:40.775,11.95008,11.95287,0.00,0.00
2014.12.29 06:06:40.825,11.95048,11.95287,0.00,0.00
2014.12.29 06:06:40.876,11.95048,11.95322,0.00,0.00
2014.12.29 06:06:40.976,11.95049,11.95349,0.00,0.00
2014.12.29 06:06:41.077,11.95049,11.95343,0.00,0.00
2014.12.29 06:06:43.282,11.95049,11.95328,0.00,0.00
2014.12.29 06:06:44.095,11.95049,11.95327,0.00,0.00
2014.12.29 06:06:45.135,11.95008,11.95327,0.00,0.00
2014.12.29 06:06:45.186,11.95008,11.95248,0.00,0.00
2014.12.29 06:06:45.344,11.94965,11.95248,0.00,0.00
2014.12.29 06:06:45.395,11.94958,11.95249,0.00,0.00
2014.12.29 06:06:46.139,11.94958,11.95248,0.00,0.00
2014.12.29 06:06:47.789,11.94958,11.95249,0.00,0.00
2014.12.29 06:06:51.466,11.94958,11.95239,0.00,0.00
2014.12.29 06:06:51.769,11.94958,11.95232,0.00,0.00
2014.12.29 06:06:51.929,11.94898,11.95189,0.00,0.00
2014.12.29 06:06:52.189,11.94898,11.95169,0.00,0.00
2014.12.29 06:06:52.448,11.94898,11.95189,0.00,0.00
2014.12.29 06:06:59.125,11.94959,11.95209,0.00,0.00
2014.12.29 06:07:00.109,11.94959,11.95218,0.00,0.00
2014.12.29 06:07:00.669,11.94959,11.95219,0.00,0.00
2014.12.29 06:07:08.908,11.94959,11.95218,0.00,0.00
2014.12.29 06:07:10.008,11.94959,11.95219,0.00,0.00
2014.12.29 06:07:10.821,11.94959,11.95261,0.00,0.00
2014.12.29 06:07:10.871,11.95008,11.95261,0.00,0.00
2014.12.29 06:07:10.922,11.95008,11.95281,0.00,0.00
2014.12.29 06:07:11.023,11.95008,11.95288,0.00,0.00
2014.12.29 06:07:11.073,11.95048,11.95288,0.00,0.00
2014.12.29 06:07:11.124,11.95048,11.95319,0.00,0.00
2014.12.29 06:07:11.244,11.95048,11.95345,0.00,0.00
2014.12.29 06:07:11.294,11.95109,11.95345,0.00,0.00
2014.12.29 06:07:11.395,11.95109,11.95358,0.00,0.00
2014.12.29 06:07:11.816,11.95109,11.9535,0.00,0.00
2014.12.29 06:07:12.323,11.95049,11.95318,0.00,0.00
2014.12.29 06:07:15.748,11.95049,11.95319,0.00,0.00
2014.12.29 06:07:26.298,11.95049,11.95318,0.00,0.00
2014.12.29 06:07:26.838,11.95049,11.95331,0.00,0.00
2014.12.29 06:07:32.724,11.95049,11.95335,0.00,0.00
2014.12.29 06:07:34.154,11.95049,11.95324,0.00,0.00
2014.12.29 06:07:36.845,11.95208,11.95339,0.00,0.00
2014.12.29 06:07:36.895,11.95208,11.95375,0.00,0.00
2014.12.29 06:07:36.946,11.95208,11.95431,0.00,0.00
2014.12.29 06:07:37.051,11.95208,11.95469,0.00,0.00
2014.12.29 06:07:37.734,11.95208,11.95468,0.00,0.00
2014.12.29 06:07:39.357,11.95208,11.95463,0.00,0.00
2014.12.29 06:07:39.457,11.95208,11.95479,0.00,0.00
2014.12.29 06:07:39.558,11.95208,11.95445,0.00,0.00
2014.12.29 06:07:39.659,11.95208,11.95461,0.00,0.00
2014.12.29 06:07:39.765,11.95208,11.95479,0.00,0.00
2014.12.29 06:07:45.284,11.95159,11.95479,0.00,0.00
2014.12.29 06:07:45.334,11.95159,11.95449,0.00,0.00
2014.12.29 06:07:45.730,11.95159,11.95441,0.00,0.00
2014.12.29 06:07:45.982,11.95159,11.95445,0.00,0.00
2014.12.29 06:07:49.745,11.95159,11.95433,0.00,0.00
2014.12.29 06:07:52.185,11.95159,11.95445,0.00,0.00
2014.12.29 06:07:53.958,11.95159,11.95449,0.00,0.00
2014.12.29 06:07:54.008,11.95298,11.95476,0.00,0.00
2014.12.29 06:07:54.059,11.95298,11.95491,0.00,0.00
2014.12.29 06:07:54.160,11.95259,11.95505,0.00,0.00
2014.12.29 06:07:54.260,11.95259,11.95509,0.00,0.00
2014.12.29 06:07:54.450,11.95259,11.95504,0.00,0.00
2014.12.29 06:07:54.751,11.95259,11.95509,0.00,0.00
2014.12.29 06:07:55.028,11.95259,11.95499,0.00,0.00
2014.12.29 06:08:08.088,11.95259,11.95498,0.00,0.00
2014.12.29 06:08:12.800,11.95299,11.95498,0.00,0.00
2014.12.29 06:08:12.850,11.95299,11.95548,0.00,0.00
2014.12.29 06:08:12.976,11.95299,11.95515,0.00,0.00
2014.12.29 06:08:13.027,11.95259,11.95515,0.00,0.00
2014.12.29 06:08:13.077,11.95259,11.95438,0.00,0.00
2014.12.29 06:08:13.128,11.95159,11.95438,0.00,0.00
2014.12.29 06:08:13.477,11.95159,11.95448,0.00,0.00
2014.12.29 06:08:13.578,11.95159,11.95438,0.00,0.00
2014.12.29 06:08:17.386,11.95159,11.95449,0.00,0.00
2014.12.29 06:08:20.392,11.95159,11.95437,0.00,0.00
2014.12.29 06:08:23.597,11.95159,11.95449,0.00,0.00
2014.12.29 06:08:32.609,11.95159,11.95439,0.00,0.00
2014.12.29 06:08:34.046,11.95159,11.95448,0.00,0.00
2014.12.29 06:08:37.131,11.95208,11.95448,0.00,0.00
2014.12.29 06:08:37.282,11.95258,11.95509,0.00,0.00
2014.12.29 06:08:37.383,11.95258,11.95478,0.00,0.00
2014.12.29 06:08:37.433,11.95208,11.95478,0.00,0.00
2014.12.29 06:08:46.106,11.95158,11.95478,0.00,0.00
2014.12.29 06:08:48.688,11.95166,11.95478,0.00,0.00
2014.12.29 06:08:50.063,11.95158,11.95478,0.00,0.00
2014.12.29 06:08:50.570,11.95158,11.95479,0.00,0.00
2014.12.29 06:08:54.463,11.95172,11.95479,0.00,0.00
2014.12.29 06:08:54.514,11.95198,11.95508,0.00,0.00
2014.12.29 06:08:56.561,11.95172,11.95508,0.00,0.00
2014.12.29 06:08:56.612,11.95159,11.95479,0.00,0.00
2014.12.29 06:08:59.498,11.95159,11.95474,0.00,0.00
2014.12.29 06:08:59.548,11.9513,11.95471,0.00,0.00
2014.12.29 06:08:59.599,11.95109,11.95449,0.00,0.00
2014.12.29 06:08:59.957,11.95048,11.95379,0.00,0.00
2014.12.29 06:09:00.310,11.95053,11.95379,0.00,0.00
2014.12.29 06:09:01.990,11.95048,11.95379,0.00,0.00
2014.12.29 06:09:02.091,11.95053,11.95379,0.00,0.00
2014.12.29 06:09:02.291,11.95048,11.95379,0.00,0.00
2014.12.29 06:09:02.722,11.95053,11.95379,0.00,0.00
2014.12.29 06:09:02.936,11.95048,11.95379,0.00,0.00
2014.12.29 06:09:03.037,11.95052,11.95379,0.00,0.00
2014.12.29 06:09:08.447,11.95048,11.95379,0.00,0.00
2014.12.29 06:09:09.120,11.95053,11.95379,0.00,0.00
2014.12.29 06:09:12.327,11.95053,11.95378,0.00,0.00
2014.12.29 06:09:35.877,11.95053,11.95379,0.00,0.00
2014.12.29 06:09:36.441,11.95053,11.95378,0.00,0.00
2014.12.29 06:09:44.445,11.95109,11.95378,0.00,0.00
2014.12.29 06:09:44.496,11.95109,11.95395,0.00,0.00
2014.12.29 06:09:44.647,11.95109,11.95441,0.00,0.00
2014.12.29 06:09:50.131,11.95108,11.95441,0.00,0.00
2014.12.29 06:09:50.336,11.95113,11.95449,0.00,0.00
2014.12.29 06:09:50.387,11.95149,11.95449,0.00,0.00
2014.12.29 06:09:50.437,11.95149,11.95455,0.00,0.00
2014.12.29 06:09:50.538,11.95149,11.95481,0.00,0.00
2014.12.29 06:09:51.916,11.95137,11.95412,0.00,0.00
2014.12.29 06:09:51.967,11.95113,11.95412,0.00,0.00
2014.12.29 06:09:52.067,11.9511,11.95449,0.00,0.00
2014.12.29 06:09:52.325,11.95149,11.95449,0.00,0.00
2014.12.29 06:09:52.425,11.95149,11.95452,0.00,0.00
2014.12.29 06:09:52.521,11.95149,11.95481,0.00,0.00
2014.12.29 06:09:55.453,11.95199,11.95481,0.00,0.00
2014.12.29 06:09:55.554,11.95199,11.95498,0.00,0.00
2014.12.29 06:10:01.442,11.95199,11.95479,0.00,0.00
2014.12.29 06:10:01.492,11.95162,11.95479,0.00,0.00
2014.12.29 06:10:01.644,11.95158,11.95479,0.00,0.00
2014.12.29 06:10:01.969,11.95162,11.95479,0.00,0.00
2014.12.29 06:10:03.377,11.95162,11.95478,0.00,0.00
2014.12.29 06:10:06.589,11.95158,11.95478,0.00,0.00
2014.12.29 06:10:08.903,11.95158,11.95479,0.00,0.00
2014.12.29 06:10:13.647,11.95158,11.95478,0.00,0.00
2014.12.29 06:10:23.992,11.95172,11.95516,0.00,0.00
2014.12.29 06:10:24.042,11.95198,11.95516,0.00,0.00
2014.12.29 06:10:24.092,11.95198,11.95531,0.00,0.00
2014.12.29 06:10:24.628,11.95198,11.95526,0.00,0.00
2014.12.29 06:10:28.002,11.95167,11.95509,0.00,0.00
2014.12.29 06:10:28.052,11.95167,11.95478,0.00,0.00
2014.12.29 06:10:28.103,11.95158,11.95478,0.00,0.00
2014.12.29 06:10:28.486,11.95163,11.95478,0.00,0.00
2014.12.29 06:10:28.945,11.95163,11.95505,0.00,0.00
2014.12.29 06:10:28.996,11.95199,11.95529,0.00,0.00
2014.12.29 06:10:29.046,11.95199,11.95536,0.00,0.00
2014.12.29 06:10:31.313,11.95192,11.95521,0.00,0.00
2014.12.29 06:10:31.660,11.95159,11.95479,0.00,0.00
2014.12.29 06:10:31.990,11.95162,11.95479,0.00,0.00
2014.12.29 06:10:35.584,11.95198,11.95479,0.00,0.00
2014.12.29 06:10:35.635,11.95198,11.9552,0.00,0.00
2014.12.29 06:10:35.702,11.95198,11.95541,0.00,0.00
2014.12.29 06:10:36.000,11.95197,11.95522,0.00,0.00
2014.12.29 06:10:36.485,11.95158,11.95479,0.00,0.00
2014.12.29 06:10:36.941,11.95161,11.95479,0.00,0.00
2014.12.29 06:10:37.321,11.95198,11.95479,0.00,0.00
2014.12.29 06:10:37.372,11.95198,11.95505,0.00,0.00
2014.12.29 06:10:37.472,11.95198,11.95535,0.00,0.00
2014.12.29 06:10:38.027,11.95198,11.95479,0.00,0.00
2014.12.29 06:10:38.128,11.95159,11.95479,0.00,0.00
2014.12.29 06:10:38.646,11.95161,11.95478,0.00,0.00
2014.12.29 06:10:39.127,11.95177,11.95478,0.00,0.00
2014.12.29 06:10:40.067,11.95198,11.95478,0.00,0.00
2014.12.29 06:10:40.118,11.95198,11.95534,0.00,0.00
2014.12.29 06:10:40.319,11.95203,11.95545,0.00,0.00
2014.12.29 06:10:40.623,11.95198,11.95523,0.00,0.00
2014.12.29 06:10:40.954,11.95179,11.95522,0.00,0.00
2014.12.29 06:10:41.004,11.95179,11.95479,0.00,0.00
2014.12.29 06:10:41.054,11.95158,11.95479,0.00,0.00
2014.12.29 06:10:41.516,11.95168,11.95479,0.00,0.00
2014.12.29 06:10:41.817,11.95182,11.95479,0.00,0.00
2014.12.29 06:10:42.017,11.95159,11.95479,0.00,0.00
2014.12.29 06:10:43.264,11.9517,11.95479,0.00,0.00
2014.12.29 06:10:43.644,11.95158,11.95479,0.00,0.00
2014.12.29 06:10:44.685,11.95158,11.95472,0.00,0.00
2014.12.29 06:10:44.836,11.95108,11.95438,0.00,0.00
2014.12.29 06:10:44.937,11.95108,11.95421,0.00,0.00
2014.12.29 06:10:45.038,11.95081,11.95399,0.00,0.00
2014.12.29 06:10:45.089,11.95057,11.95379,0.00,0.00
2014.12.29 06:10:45.244,11.95067,11.95379,0.00,0.00
2014.12.29 06:10:45.345,11.95051,11.95379,0.00,0.00
2014.12.29 06:10:49.305,11.95158,11.95379,0.00,0.00
2014.12.29 06:10:49.406,11.95158,11.95395,0.00,0.00
2014.12.29 06:10:49.507,11.95158,11.95456,0.00,0.00
2014.12.29 06:10:49.608,11.95158,11.95479,0.00,0.00
2014.12.29 06:10:49.868,11.95123,11.95467,0.00,0.00
2014.12.29 06:10:49.919,11.95123,11.95419,0.00,0.00
2014.12.29 06:10:50.030,11.95109,11.95419,0.00,0.00
2014.12.29 06:10:50.538,11.95109,11.95409,0.00,0.00
2014.12.29 06:10:52.181,11.95109,11.95418,0.00,0.00
2014.12.29 06:10:52.533,11.95109,11.9541,0.00,0.00
2014.12.29 06:10:56.443,11.95109,11.95426,0.00,0.00
2014.12.29 06:10:59.268,11.95109,11.95449,0.00,0.00
2014.12.29 06:11:00.492,11.95141,11.95471,0.00,0.00
2014.12.29 06:11:00.841,11.95163,11.95479,0.00,0.00
2014.12.29 06:11:00.891,11.95159,11.95479,0.00,0.00
2014.12.29 06:11:02.454,11.95163,11.95478,0.00,0.00
2014.12.29 06:11:03.252,11.95159,11.95478,0.00,0.00
2014.12.29 06:11:03.353,11.95161,11.95478,0.00,0.00
2014.12.29 06:11:03.649,11.95159,11.95478,0.00,0.00
2014.12.29 06:11:03.749,11.95162,11.95478,0.00,0.00
2014.12.29 06:11:03.850,11.95108,11.95432,0.00,0.00
2014.12.29 06:11:03.951,11.95149,11.95432,0.00,0.00
2014.12.29 06:11:04.051,11.95117,11.95449,0.00,0.00
2014.12.29 06:11:04.249,11.95109,11.95439,0.00,0.00
2014.12.29 06:11:04.550,11.95109,11.95419,0.00,0.00
2014.12.29 06:11:07.564,11.95248,11.95419,0.00,0.00
2014.12.29 06:11:07.665,11.95248,11.95531,0.00,0.00
2014.12.29 06:11:07.766,11.95248,11.95559,0.00,0.00
2014.12.29 06:11:08.090,11.95248,11.95577,0.00,0.00
2014.12.29 06:11:08.141,11.95299,11.95577,0.00,0.00
2014.12.29 06:11:08.192,11.95299,11.95588,0.00,0.00
2014.12.29 06:11:08.292,11.95255,11.95558,0.00,0.00
2014.12.29 06:11:08.393,11.95261,11.95563,0.00,0.00
2014.12.29 06:11:08.694,11.9527,11.95609,0.00,0.00
2014.12.29 06:11:08.745,11.9527,11.95538,0.00,0.00
2014.12.29 06:11:08.795,11.95213,11.95538,0.00,0.00
2014.12.29 06:11:08.896,11.95199,11.95522,0.00,0.00
2014.12.29 06:11:08.957,11.95203,11.95538,0.00,0.00
2014.12.29 06:11:09.257,11.95199,11.95522,0.00,0.00
2014.12.29 06:11:09.958,11.952,11.95539,0.00,0.00
2014.12.29 06:11:10.059,11.952,11.95544,0.00,0.00
2014.12.29 06:11:10.502,11.95199,11.95521,0.00,0.00
2014.12.29 06:11:10.985,11.95199,11.95534,0.00,0.00
2014.12.29 06:11:15.596,11.95201,11.95545,0.00,0.00
2014.12.29 06:11:16.413,11.95199,11.95533,0.00,0.00
2014.12.29 06:11:17.469,11.95199,11.95519,0.00,0.00
2014.12.29 06:11:17.809,11.95199,11.95535,0.00,0.00
2014.12.29 06:11:21.744,11.9523,11.95535,0.00,0.00
2014.12.29 06:11:21.896,11.95349,11.95674,0.00,0.00
2014.12.29 06:11:22.136,11.95349,11.95658,0.00,0.00
2014.12.29 06:11:22.392,11.95349,11.95673,0.00,0.00
2014.12.29 06:11:22.493,11.95349,11.95684,0.00,0.00
2014.12.29 06:11:22.996,11.95349,11.9566,0.00,0.00
2014.12.29 06:11:23.502,11.95349,11.95675,0.00,0.00
2014.12.29 06:11:30.388,11.95349,11.95661,0.00,0.00
2014.12.29 06:11:31.036,11.95349,11.95651,0.00,0.00
2014.12.29 06:11:31.391,11.95349,11.95684,0.00,0.00
2014.12.29 06:11:33.122,11.95349,11.95674,0.00,0.00
2014.12.29 06:11:36.926,11.95349,11.95652,0.00,0.00
2014.12.29 06:11:37.916,11.95349,11.95676,0.00,0.00
2014.12.29 06:11:38.017,11.95349,11.95687,0.00,0.00
2014.12.29 06:11:38.205,11.95349,11.95674,0.00,0.00
2014.12.29 06:11:40.456,11.95349,11.95653,0.00,0.00
2014.12.29 06:11:40.909,11.95349,11.95659,0.00,0.00
2014.12.29 06:11:41.013,11.95349,11.95672,0.00,0.00
2014.12.29 06:11:41.114,11.95349,11.95687,0.00,0.00
2014.12.29 06:11:42.435,11.95349,11.95652,0.00,0.00
2014.12.29 06:11:43.954,11.95349,11.95618,0.00,0.00
2014.12.29 06:11:44.005,11.95299,11.95618,0.00,0.00
2014.12.29 06:11:44.055,11.95298,11.95601,0.00,0.00
2014.12.29 06:11:44.106,11.95262,11.95601,0.00,0.00
2014.12.29 06:11:44.156,11.95249,11.95549,0.00,0.00
2014.12.29 06:11:44.646,11.95249,11.95508,0.00,0.00
2014.12.29 06:11:47.335,11.95249,11.95478,0.00,0.00
2014.12.29 06:11:47.385,11.95159,11.95478,0.00,0.00
2014.12.29 06:11:47.436,11.95159,11.95468,0.00,0.00
2014.12.29 06:11:47.972,11.95159,11.95469,0.00,0.00
2014.12.29 06:11:48.275,11.95159,11.95466,0.00,0.00
2014.12.29 06:11:49.828,11.95159,11.95469,0.00,0.00
2014.12.29 06:11:52.238,11.95159,11.95465,0.00,0.00
2014.12.29 06:11:52.338,11.95159,11.95469,0.00,0.00
2014.12.29 06:11:53.236,11.95134,11.95469,0.00,0.00
2014.12.29 06:11:53.287,11.95112,11.95449,0.00,0.00
2014.12.29 06:11:53.387,11.95108,11.9543,0.00,0.00
2014.12.29 06:11:53.488,11.95108,11.95441,0.00,0.00
2014.12.29 06:11:53.589,11.95108,11.95426,0.00,0.00
2014.12.29 06:11:53.742,11.95108,11.95441,0.00,0.00
2014.12.29 06:11:53.843,11.95108,11.95423,0.00,0.00
2014.12.29 06:11:54.954,11.95108,11.95419,0.00,0.00
2014.12.29 06:11:55.447,11.95108,11.9541,0.00,0.00
2014.12.29 06:12:01.864,11.95108,11.95378,0.00,0.00
2014.12.29 06:12:01.914,11.95048,11.95378,0.00,0.00
2014.12.29 06:12:01.965,11.95048,11.95375,0.00,0.00
2014.12.29 06:12:02.354,11.95048,11.95379,0.00,0.00
2014.12.29 06:12:02.494,11.95048,11.9537,0.00,0.00
2014.12.29 06:12:03.134,11.95048,11.95369,0.00,0.00
2014.12.29 06:12:03.513,11.95048,11.95358,0.00,0.00
2014.12.29 06:12:04.376,11.95048,11.95369,0.00,0.00
2014.12.29 06:12:10.561,11.95048,11.95379,0.00,0.00
2014.12.29 06:12:11.487,11.95048,11.95368,0.00,0.00
2014.12.29 06:12:11.966,11.95048,11.95379,0.00,0.00
2014.12.29 06:12:12.291,11.95048,11.95366,0.00,0.00
2014.12.29 06:12:13.405,11.95048,11.95368,0.00,0.00
2014.12.29 06:12:13.612,11.95048,11.95363,0.00,0.00
2014.12.29 06:12:13.797,11.95048,11.95368,0.00,0.00
2014.12.29 06:12:17.906,11.95048,11.95369,0.00,0.00
2014.12.29 06:12:18.006,11.95048,11.95363,0.00,0.00
2014.12.29 06:12:19.986,11.95048,11.95368,0.00,0.00
2014.12.29 06:12:21.096,11.95048,11.95369,0.00,0.00
2014.12.29 06:12:21.247,11.95048,11.95358,0.00,0.00
2014.12.29 06:12:21.921,11.95048,11.95343,0.00,0.00
2014.12.29 06:12:22.423,11.95048,11.95369,0.00,0.00
2014.12.29 06:12:24.784,11.95048,11.95358,0.00,0.00
2014.12.29 06:12:30.424,11.95048,11.95369,0.00,0.00
2014.12.29 06:12:33.320,11.95048,11.95356,0.00,0.00
2014.12.29 06:12:35.136,11.95048,11.95368,0.00,0.00
2014.12.29 06:12:39.837,11.95048,11.95357,0.00,0.00
2014.12.29 06:12:46.610,11.95022,11.95345,0.00,0.00
2014.12.29 06:12:46.660,11.95003,11.95298,0.00,0.00
2014.12.29 06:12:46.711,11.94969,11.95298,0.00,0.00
2014.12.29 06:12:46.761,11.94969,11.95248,0.00,0.00
2014.12.29 06:12:46.812,11.94902,11.95246,0.00,0.00
2014.12.29 06:12:46.914,11.94899,11.95232,0.00,0.00
2014.12.29 06:12:47.715,11.94899,11.95219,0.00,0.00
2014.12.29 06:12:58.165,11.94899,11.95221,0.00,0.00
2014.12.29 06:13:10.736,11.94899,11.95216,0.00,0.00
2014.12.29 06:13:11.537,11.94899,11.95228,0.00,0.00
2014.12.29 06:13:11.737,11.94899,11.95215,0.00,0.00
2014.12.29 06:13:11.838,11.94899,11.95227,0.00,0.00
2014.12.29 06:13:14.443,11.94899,11.95205,0.00,0.00
2014.12.29 06:13:14.544,11.94861,11.95179,0.00,0.00
2014.12.29 06:13:14.644,11.94848,11.95169,0.00,0.00
2014.12.29 06:13:14.944,11.94848,11.95166,0.00,0.00
2014.12.29 06:13:21.164,11.94848,11.95135,0.00,0.00
2014.12.29 06:13:21.358,11.94848,11.95156,0.00,0.00
2014.12.29 06:13:21.659,11.94848,11.95168,0.00,0.00
2014.12.29 06:13:21.759,11.94848,11.95134,0.00,0.00
2014.12.29 06:13:21.860,11.94848,11.95155,0.00,0.00
2014.12.29 06:13:22.179,11.94848,11.95167,0.00,0.00
2014.12.29 06:13:28.971,11.94848,11.95154,0.00,0.00
2014.12.29 06:13:29.072,11.94848,11.95167,0.00,0.00
2014.12.29 06:13:29.218,11.94848,11.95135,0.00,0.00
2014.12.29 06:13:29.413,11.94848,11.95156,0.00,0.00
2014.12.29 06:13:29.973,11.94848,11.95169,0.00,0.00
2014.12.29 06:13:38.754,11.94848,11.95168,0.00,0.00
2014.12.29 06:13:38.805,11.94848,11.95163,0.00,0.00
2014.12.29 06:13:39.183,11.94848,11.95156,0.00,0.00
2014.12.29 06:13:41.043,11.94848,11.9513,0.00,0.00
2014.12.29 06:13:41.144,11.94848,11.95164,0.00,0.00
2014.12.29 06:13:42.820,11.94848,11.95153,0.00,0.00
2014.12.29 06:13:43.164,11.94848,11.95134,0.00,0.00
2014.12.29 06:13:43.214,11.94848,11.95164,0.00,0.00
2014.12.29 06:13:44.201,11.94949,11.95164,0.00,0.00
2014.12.29 06:13:44.352,11.94949,11.95205,0.00,0.00
2014.12.29 06:13:44.453,11.94949,11.95264,0.00,0.00
2014.12.29 06:13:44.706,11.94949,11.95253,0.00,0.00
2014.12.29 06:13:44.807,11.94949,11.95264,0.00,0.00
2014.12.29 06:13:44.908,11.94949,11.95228,0.00,0.00
2014.12.29 06:13:45.109,11.94949,11.95254,0.00,0.00
2014.12.29 06:13:45.210,11.94949,11.9523,0.00,0.00
2014.12.29 06:13:45.310,11.94949,11.95264,0.00,0.00
2014.12.29 06:13:45.411,11.94949,11.95224,0.00,0.00
2014.12.29 06:13:45.612,11.94949,11.95265,0.00,0.00
2014.12.29 06:13:46.458,11.94949,11.95226,0.00,0.00
2014.12.29 06:13:46.715,11.94949,11.95264,0.00,0.00
2014.12.29 06:13:46.920,11.94949,11.95235,0.00,0.00
2014.12.29 06:13:47.261,11.94949,11.95265,0.00,0.00
2014.12.29 06:13:47.417,11.94949,11.95234,0.00,0.00
2014.12.29 06:13:47.655,11.94949,11.95265,0.00,0.00
2014.12.29 06:13:49.155,11.94949,11.95278,0.00,0.00
2014.12.29 06:13:49.256,11.94949,11.95285,0.00,0.00
2014.12.29 06:13:49.724,11.94949,11.95274,0.00,0.00
2014.12.29 06:13:54.865,11.94949,11.95262,0.00,0.00
2014.12.29 06:13:59.641,11.95048,11.95262,0.00,0.00
2014.12.29 06:13:59.692,11.95048,11.9528,0.00,0.00
2014.12.29 06:13:59.792,11.95048,11.9531,0.00,0.00
2014.12.29 06:13:59.893,11.95048,11.95339,0.00,0.00
2014.12.29 06:14:00.055,11.95048,11.95359,0.00,0.00
2014.12.29 06:14:00.449,11.95048,11.95368,0.00,0.00
2014.12.29 06:14:00.801,11.95048,11.95378,0.00,0.00
2014.12.29 06:14:01.162,11.95048,11.95372,0.00,0.00
2014.12.29 06:14:01.495,11.95062,11.95378,0.00,0.00
2014.12.29 06:14:01.679,11.9505,11.95379,0.00,0.00
2014.12.29 06:14:01.729,11.95048,11.95368,0.00,0.00
2014.12.29 06:14:01.925,11.95041,11.95362,0.00,0.00
2014.12.29 06:14:01.976,11.95031,11.95358,0.00,0.00
2014.12.29 06:14:02.103,11.95022,11.95345,0.00,0.00
2014.12.29 06:14:02.624,11.95021,11.95345,0.00,0.00
2014.12.29 06:14:04.607,11.95021,11.95324,0.00,0.00
2014.12.29 06:14:05.334,11.95048,11.95337,0.00,0.00
2014.12.29 06:14:05.435,11.95021,11.9532,0.00,0.00
2014.12.29 06:14:06.116,11.95021,11.95321,0.00,0.00
2014.12.29 06:14:06.309,11.95021,11.95332,0.00,0.00
2014.12.29 06:14:06.510,11.94998,11.95304,0.00,0.00
2014.12.29 06:14:26.740,11.94998,11.95313,0.00,0.00
2014.12.29 06:14:32.384,11.94998,11.95301,0.00,0.00
2014.12.29 06:14:32.568,11.94998,11.95312,0.00,0.00
2014.12.29 06:14:33.200,11.94998,11.95301,0.00,0.00
2014.12.29 06:14:33.301,11.94998,11.95312,0.00,0.00
2014.12.29 06:14:33.701,11.9497,11.95312,0.00,0.00
2014.12.29 06:14:33.801,11.95249,11.95405,0.00,0.00
2014.12.29 06:14:33.852,11.95211,11.95405,0.00,0.00
2014.12.29 06:14:33.958,11.95158,11.95479,0.00,0.00
2014.12.29 06:14:34.267,11.95199,11.95479,0.00,0.00
2014.12.29 06:14:34.317,11.95199,11.955,0.00,0.00
2014.12.29 06:14:34.368,11.95199,11.95515,0.00,0.00
2014.12.29 06:14:34.793,11.95199,11.95511,0.00,0.00
2014.12.29 06:14:36.600,11.95199,11.95493,0.00,0.00
2014.12.29 06:14:36.701,11.95199,11.95505,0.00,0.00
2014.12.29 06:14:36.909,11.95199,11.9549,0.00,0.00
2014.12.29 06:14:37.190,11.95199,11.95502,0.00,0.00
2014.12.29 06:14:37.551,11.95299,11.95502,0.00,0.00
2014.12.29 06:14:37.601,11.95299,11.95516,0.00,0.00
2014.12.29 06:14:37.652,11.95321,11.95516,0.00,0.00
2014.12.29 06:14:37.702,11.95321,11.95588,0.00,0.00
2014.12.29 06:14:37.803,11.95298,11.95616,0.00,0.00
2014.12.29 06:14:37.853,11.95301,11.95609,0.00,0.00
2014.12.29 06:14:38.180,11.95301,11.95563,0.00,0.00
2014.12.29 06:14:38.377,11.95301,11.95584,0.00,0.00
2014.12.29 06:14:38.482,11.95301,11.95597,0.00,0.00
2014.12.29 06:14:38.712,11.95301,11.95571,0.00,0.00
2014.12.29 06:14:38.813,11.95301,11.95583,0.00,0.00
2014.12.29 06:14:38.963,11.95291,11.95583,0.00,0.00
2014.12.29 06:14:39.014,11.95291,11.95571,0.00,0.00
2014.12.29 06:14:39.500,11.95362,11.95588,0.00,0.00
2014.12.29 06:14:39.601,11.95362,11.95668,0.00,0.00
2014.12.29 06:14:40.024,11.95371,11.95669,0.00,0.00
2014.12.29 06:14:40.574,11.95361,11.95669,0.00,0.00
2014.12.29 06:14:43.380,11.95361,11.95662,0.00,0.00
2014.12.29 06:14:43.481,11.95298,11.95639,0.00,0.00
2014.12.29 06:14:45.843,11.95348,11.95639,0.00,0.00
2014.12.29 06:14:45.893,11.95348,11.95669,0.00,0.00
2014.12.29 06:14:48.095,11.95348,11.95539,0.00,0.00
2014.12.29 06:14:48.145,11.95298,11.95539,0.00,0.00
2014.12.29 06:14:48.246,11.95212,11.95539,0.00,0.00
2014.12.29 06:14:48.347,11.95198,11.95509,0.00,0.00
2014.12.29 06:14:51.727,11.95198,11.95522,0.00,0.00
2014.12.29 06:14:51.844,11.95198,11.95534,0.00,0.00
2014.12.29 06:14:51.954,11.95198,11.95521,0.00,0.00
2014.12.29 06:14:52.338,11.95198,11.9551,0.00,0.00
2014.12.29 06:14:54.611,11.95198,11.95497,0.00,0.00
2014.12.29 06:14:55.260,11.95162,11.95497,0.00,0.00
2014.12.29 06:14:55.361,11.95153,11.95497,0.00,0.00
2014.12.29 06:14:55.461,11.95149,11.95463,0.00,0.00
2014.12.29 06:14:55.512,11.95121,11.95463,0.00,0.00
2014.12.29 06:14:55.562,11.95131,11.95449,0.00,0.00
2014.12.29 06:14:55.864,11.95148,11.95442,0.00,0.00
2014.12.29 06:14:55.965,11.95148,11.95479,0.00,0.00
2014.12.29 06:14:57.528,11.95148,11.95474,0.00,0.00
2014.12.29 06:15:01.227,11.95148,11.95443,0.00,0.00
2014.12.29 06:15:01.429,11.95132,11.95448,0.00,0.00
2014.12.29 06:15:01.781,11.95149,11.95448,0.00,0.00
2014.12.29 06:15:01.832,11.95181,11.95489,0.00,0.00
2014.12.29 06:15:01.882,11.95198,11.95489,0.00,0.00
2014.12.29 06:15:01.933,11.95198,11.95528,0.00,0.00
2014.12.29 06:15:06.475,11.95198,11.95509,0.00,0.00
2014.12.29 06:15:07.252,11.95165,11.95412,0.00,0.00
2014.12.29 06:15:07.353,11.95099,11.95399,0.00,0.00
2014.12.29 06:15:07.454,11.95081,11.95399,0.00,0.00
2014.12.29 06:15:07.554,11.95072,11.95378,0.00,0.00
2014.12.29 06:15:08.296,11.95061,11.95379,0.00,0.00
2014.12.29 06:15:13.686,11.95072,11.95378,0.00,0.00
2014.12.29 06:15:14.512,11.95072,11.95311,0.00,0.00
2014.12.29 06:15:14.613,11.95001,11.95268,0.00,0.00
2014.12.29 06:15:14.719,11.94953,11.95268,0.00,0.00
2014.12.29 06:15:14.974,11.95048,11.95268,0.00,0.00
2014.12.29 06:15:15.024,11.95048,11.95309,0.00,0.00
2014.12.29 06:15:15.075,11.95048,11.95359,0.00,0.00
2014.12.29 06:15:15.996,11.95048,11.95369,0.00,0.00
2014.12.29 06:15:22.706,11.95048,11.95368,0.00,0.00
2014.12.29 06:15:27.875,11.95048,11.95378,0.00,0.00
2014.12.29 06:15:30.625,11.95052,11.95386,0.00,0.00
2014.12.29 06:15:34.872,11.95159,11.95386,0.00,0.00
2014.12.29 06:15:34.923,11.95181,11.95439,0.00,0.00
2014.12.29 06:15:35.024,11.95181,11.95489,0.00,0.00
2014.12.29 06:15:35.074,11.95191,11.95499,0.00,0.00
2014.12.29 06:15:35.395,11.95212,11.95519,0.00,0.00
2014.12.29 06:15:35.446,11.95212,11.95529,0.00,0.00
2014.12.29 06:15:35.497,11.95232,11.95529,0.00,0.00
2014.12.29 06:15:35.923,11.95232,11.95517,0.00,0.00
2014.12.29 06:15:36.831,11.95232,11.95539,0.00,0.00
2014.12.29 06:15:38.142,11.95231,11.95519,0.00,0.00
2014.12.29 06:15:38.344,11.95231,11.95539,0.00,0.00
2014.12.29 06:15:38.463,11.95231,11.95525,0.00,0.00
2014.12.29 06:15:40.868,11.95221,11.95525,0.00,0.00
2014.12.29 06:15:40.969,11.95302,11.95561,0.00,0.00
2014.12.29 06:15:41.072,11.95302,11.95603,0.00,0.00
2014.12.29 06:15:41.223,11.95302,11.95585,0.00,0.00
2014.12.29 06:15:41.970,11.95291,11.95585,0.00,0.00
2014.12.29 06:15:42.973,11.95282,11.95585,0.00,0.00
2014.12.29 06:15:44.330,11.95299,11.95585,0.00,0.00
2014.12.29 06:15:44.380,11.95299,11.95604,0.00,0.00
2014.12.29 06:15:44.481,11.95299,11.95629,0.00,0.00
2014.12.29 06:15:44.815,11.95312,11.95629,0.00,0.00
2014.12.29 06:15:47.071,11.95348,11.95629,0.00,0.00
2014.12.29 06:15:47.276,11.95348,11.95638,0.00,0.00
2014.12.29 06:15:47.440,11.95322,11.95638,0.00,0.00
2014.12.29 06:15:47.490,11.95341,11.95638,0.00,0.00
2014.12.29 06:15:47.637,11.95341,11.95653,0.00,0.00
2014.12.29 06:15:49.327,11.95352,11.95653,0.00,0.00
2014.12.29 06:15:50.337,11.95341,11.95653,0.00,0.00
2014.12.29 06:15:54.074,11.95341,11.95642,0.00,0.00
2014.12.29 06:15:55.388,11.95332,11.95642,0.00,0.00
2014.12.29 06:15:59.960,11.95332,11.9563,0.00,0.00
2014.12.29 06:16:00.011,11.95321,11.9563,0.00,0.00
2014.12.29 06:16:01.975,11.95311,11.9563,0.00,0.00
2014.12.29 06:16:02.516,11.95311,11.95644,0.00,0.00
2014.12.29 06:16:02.567,11.95322,11.95644,0.00,0.00
2014.12.29 06:16:05.745,11.95331,11.95644,0.00,0.00
2014.12.29 06:16:05.845,11.95361,11.95688,0.00,0.00
2014.12.29 06:16:05.896,11.95398,11.95719,0.00,0.00
2014.12.29 06:16:11.734,11.95398,11.95703,0.00,0.00
2014.12.29 06:16:17.442,11.95361,11.95703,0.00,0.00
2014.12.29 06:16:17.493,11.95362,11.95668,0.00,0.00
2014.12.29 06:16:18.461,11.95399,11.95668,0.00,0.00
2014.12.29 06:16:18.511,11.95399,11.9568,0.00,0.00
2014.12.29 06:16:18.562,11.95399,11.95713,0.00,0.00
2014.12.29 06:16:38.596,11.95399,11.95717,0.00,0.00
2014.12.29 06:16:47.409,11.95399,11.95729,0.00,0.00
2014.12.29 06:16:58.281,11.95399,11.95717,0.00,0.00
2014.12.29 06:17:13.396,11.95399,11.95727,0.00,0.00
2014.12.29 06:17:15.524,11.95399,11.95716,0.00,0.00
2014.12.29 06:17:18.644,11.95372,11.95716,0.00,0.00
2014.12.29 06:17:32.435,11.95344,11.95669,0.00,0.00
2014.12.29 06:17:32.842,11.95348,11.95669,0.00,0.00
2014.12.29 06:17:33.172,11.95355,11.95669,0.00,0.00
2014.12.29 06:17:33.961,11.95348,11.95669,0.00,0.00
2014.12.29 06:17:34.212,11.95345,11.95662,0.00,0.00
2014.12.29 06:17:34.263,11.9533,11.95662,0.00,0.00
2014.12.29 06:17:34.314,11.9533,11.95649,0.00,0.00
2014.12.29 06:17:34.823,11.95321,11.95637,0.00,0.00
2014.12.29 06:17:35.584,11.95312,11.95637,0.00,0.00
2014.12.29 06:17:38.833,11.95349,11.95648,0.00,0.00
2014.12.29 06:17:39.034,11.95349,11.95669,0.00,0.00
2014.12.29 06:17:39.477,11.95349,11.95648,0.00,0.00
2014.12.29 06:17:39.527,11.95325,11.95648,0.00,0.00
2014.12.29 06:17:39.578,11.95322,11.95648,0.00,0.00
2014.12.29 06:17:39.678,11.95302,11.95634,0.00,0.00
2014.12.29 06:17:53.404,11.95312,11.95634,0.00,0.00
2014.12.29 06:17:55.934,11.95322,11.95634,0.00,0.00
2014.12.29 06:17:59.758,11.95322,11.95644,0.00,0.00
2014.12.29 06:18:05.834,11.95321,11.95644,0.00,0.00
2014.12.29 06:18:12.983,11.95311,11.95644,0.00,0.00
2014.12.29 06:18:14.561,11.953,11.95644,0.00,0.00
2014.12.29 06:18:14.611,11.95299,11.95632,0.00,0.00
2014.12.29 06:18:22.362,11.95301,11.95632,0.00,0.00
2014.12.29 06:18:23.213,11.95299,11.95632,0.00,0.00
2014.12.29 06:18:26.849,11.95302,11.95632,0.00,0.00
2014.12.29 06:18:27.943,11.95301,11.95632,0.00,0.00
2014.12.29 06:18:34.703,11.95301,11.95628,0.00,0.00
2014.12.29 06:18:35.304,11.95301,11.95638,0.00,0.00
2014.12.29 06:18:35.904,11.95302,11.95638,0.00,0.00
2014.12.29 06:18:36.613,11.95302,11.95628,0.00,0.00
2014.12.29 06:18:36.764,11.95299,11.95628,0.00,0.00
2014.12.29 06:18:39.534,11.95284,11.95628,0.00,0.00
2014.12.29 06:18:56.834,11.95286,11.95628,0.00,0.00
2014.12.29 06:19:02.358,11.95275,11.95611,0.00,0.00
2014.12.29 06:19:02.692,11.95272,11.95578,0.00,0.00
2014.12.29 06:19:03.564,11.95338,11.95578,0.00,0.00
2014.12.29 06:19:04.793,11.95338,11.95589,0.00,0.00
2014.12.29 06:19:06.498,11.95309,11.95589,0.00,0.00
2014.12.29 06:19:15.687,11.95309,11.95598,0.00,0.00
2014.12.29 06:19:18.323,11.95309,11.95589,0.00,0.00
2014.12.29 06:19:24.923,11.95309,11.95599,0.00,0.00
2014.12.29 06:19:32.402,11.95309,11.95589,0.00,0.00
2014.12.29 06:19:46.989,11.95409,11.95589,0.00,0.00
2014.12.29 06:19:47.040,11.95409,11.95648,0.00,0.00
2014.12.29 06:19:47.140,11.95409,11.95669,0.00,0.00
2014.12.29 06:19:47.742,11.95409,11.95647,0.00,0.00
2014.12.29 06:19:47.942,11.95409,11.95669,0.00,0.00
2014.12.29 06:19:57.020,11.95409,11.95658,0.00,0.00
2014.12.29 06:19:57.246,11.95409,11.95669,0.00,0.00
2014.12.29 06:20:04.827,11.95409,11.95658,0.00,0.00
2014.12.29 06:20:05.028,11.95409,11.95669,0.00,0.00
2014.12.29 06:20:11.048,11.95409,11.95668,0.00,0.00
2014.12.29 06:20:11.600,11.95409,11.95669,0.00,0.00
2014.12.29 06:20:12.102,11.95359,11.95669,0.00,0.00
2014.12.29 06:20:12.152,11.95359,11.95649,0.00,0.00
2014.12.29 06:20:12.716,11.95358,11.95649,0.00,0.00
2014.12.29 06:20:14.544,11.95358,11.95648,0.00,0.00
2014.12.29 06:20:19.011,11.95408,11.95648,0.00,0.00
2014.12.29 06:20:19.061,11.95408,11.95712,0.00,0.00
2014.12.29 06:20:19.112,11.95458,11.95712,0.00,0.00
2014.12.29 06:20:19.162,11.95458,11.95739,0.00,0.00
2014.12.29 06:20:19.592,11.95458,11.95748,0.00,0.00
2014.12.29 06:20:20.252,11.95458,11.95749,0.00,0.00
2014.12.29 06:20:20.526,11.95509,11.95749,0.00,0.00
2014.12.29 06:20:20.627,11.95509,11.95777,0.00,0.00
2014.12.29 06:20:21.260,11.95509,11.95778,0.00,0.00
2014.12.29 06:20:31.582,11.95509,11.95769,0.00,0.00
2014.12.29 06:20:33.216,11.95459,11.95769,0.00,0.00
2014.12.29 06:20:33.267,11.95459,11.95748,0.00,0.00
2014.12.29 06:20:33.769,11.95459,11.95745,0.00,0.00
2014.12.29 06:20:36.845,11.95459,11.95749,0.00,0.00
2014.12.29 06:21:00.657,11.95459,11.95756,0.00,0.00
2014.12.29 06:21:00.708,11.95509,11.95756,0.00,0.00
2014.12.29 06:21:00.758,11.95509,11.95778,0.00,0.00
2014.12.29 06:21:01.038,11.95509,11.95775,0.00,0.00
2014.12.29 06:21:01.139,11.95458,11.95748,0.00,0.00
2014.12.29 06:21:07.033,11.95458,11.95749,0.00,0.00
2014.12.29 06:21:14.576,11.95508,11.95749,0.00,0.00
2014.12.29 06:21:14.626,11.95508,11.95757,0.00,0.00
2014.12.29 06:21:14.677,11.95508,11.95779,0.00,0.00
2014.12.29 06:21:15.120,11.95458,11.95779,0.00,0.00
2014.12.29 06:21:15.171,11.95458,11.95749,0.00,0.00
2014.12.29 06:21:21.062,11.95509,11.95749,0.00,0.00
2014.12.29 06:21:21.112,11.95509,11.95756,0.00,0.00
2014.12.29 06:21:21.163,11.95509,11.95778,0.00,0.00
2014.12.29 06:21:21.466,11.95458,11.95778,0.00,0.00
2014.12.29 06:21:21.567,11.95458,11.95749,0.00,0.00
2014.12.29 06:21:49.341,11.95431,11.95729,0.00,0.00
2014.12.29 06:21:49.392,11.95408,11.95688,0.00,0.00
2014.12.29 06:21:57.475,11.95508,11.95688,0.00,0.00
2014.12.29 06:21:57.525,11.95508,11.95762,0.00,0.00
2014.12.29 06:21:57.739,11.95508,11.95788,0.00,0.00
2014.12.29 06:22:04.146,11.95608,11.95801,0.00,0.00
2014.12.29 06:22:04.247,11.95608,11.95851,0.00,0.00
2014.12.29 06:22:04.322,11.95608,11.95879,0.00,0.00
2014.12.29 06:22:04.584,11.95658,11.95879,0.00,0.00
2014.12.29 06:22:04.704,11.95658,11.95891,0.00,0.00
2014.12.29 06:22:04.804,11.95658,11.95907,0.00,0.00
2014.12.29 06:22:04.855,11.95658,11.95938,0.00,0.00
2014.12.29 06:22:05.651,11.95658,11.95939,0.00,0.00
2014.12.29 06:22:12.251,11.95658,11.95938,0.00,0.00
2014.12.29 06:22:17.278,11.95609,11.95938,0.00,0.00
2014.12.29 06:22:17.328,11.95609,11.95879,0.00,0.00
2014.12.29 06:22:17.784,11.95558,11.95879,0.00,0.00
2014.12.29 06:22:17.885,11.95558,11.95848,0.00,0.00
2014.12.29 06:22:18.410,11.95558,11.95839,0.00,0.00
2014.12.29 06:22:18.674,11.95549,11.95839,0.00,0.00
2014.12.29 06:22:25.780,11.95549,11.95849,0.00,0.00
2014.12.29 06:22:35.180,11.95549,11.95838,0.00,0.00
2014.12.29 06:22:53.083,11.95608,11.95838,0.00,0.00
2014.12.29 06:22:53.314,11.95608,11.95856,0.00,0.00
2014.12.29 06:22:53.386,11.95608,11.95873,0.00,0.00
2014.12.29 06:22:53.814,11.95608,11.95858,0.00,0.00
2014.12.29 06:22:54.115,11.95608,11.95872,0.00,0.00
2014.12.29 06:23:01.309,11.95608,11.95856,0.00,0.00
2014.12.29 06:23:01.510,11.95608,11.95873,0.00,0.00
2014.12.29 06:23:05.495,11.95608,11.95838,0.00,0.00
2014.12.29 06:23:05.546,11.95548,11.95838,0.00,0.00
2014.12.29 06:23:05.647,11.95609,11.95837,0.00,0.00
2014.12.29 06:23:05.804,11.95609,11.95878,0.00,0.00
2014.12.29 06:23:14.847,11.95609,11.95903,0.00,0.00
2014.12.29 06:23:14.897,11.95658,11.95903,0.00,0.00
2014.12.29 06:23:15.048,11.95658,11.95927,0.00,0.00
2014.12.29 06:23:23.773,11.95708,11.95927,0.00,0.00
2014.12.29 06:23:23.874,11.95708,11.95957,0.00,0.00
2014.12.29 06:23:23.927,11.95708,11.95972,0.00,0.00
2014.12.29 06:23:24.211,11.9563,11.95779,0.00,0.00
2014.12.29 06:23:24.262,11.9563,11.95779,0.00,0.00
2014.12.29 06:23:24.362,11.95565,11.95849,0.00,0.00
2014.12.29 06:23:24.463,11.95549,11.95849,0.00,0.00
2014.12.29 06:23:24.630,11.95561,11.95856,0.00,0.00
2014.12.29 06:23:24.954,11.95659,11.95923,0.00,0.00
2014.12.29 06:23:26.077,11.95659,11.95849,0.00,0.00
2014.12.29 06:23:26.128,11.95608,11.95849,0.00,0.00
2014.12.29 06:23:26.228,11.95549,11.95849,0.00,0.00
2014.12.29 06:23:26.279,11.95549,11.95834,0.00,0.00
2014.12.29 06:23:26.610,11.95549,11.95819,0.00,0.00
2014.12.29 06:23:46.630,11.95549,11.95818,0.00,0.00
2014.12.29 06:23:51.713,11.95609,11.95818,0.00,0.00
2014.12.29 06:23:51.813,11.95609,11.95838,0.00,0.00
2014.12.29 06:23:51.969,11.95609,11.95849,0.00,0.00
2014.12.29 06:23:52.087,11.95549,11.95849,0.00,0.00
2014.12.29 06:23:52.138,11.95549,11.95828,0.00,0.00
2014.12.29 06:23:52.484,11.95608,11.95838,0.00,0.00
2014.12.29 06:23:52.685,11.95608,11.95849,0.00,0.00
2014.12.29 06:23:57.432,11.95549,11.95849,0.00,0.00
2014.12.29 06:23:57.533,11.95549,11.95838,0.00,0.00
2014.12.29 06:23:58.100,11.95549,11.95829,0.00,0.00
2014.12.29 06:23:58.541,11.95549,11.95819,0.00,0.00
2014.12.29 06:24:21.741,11.95549,11.95829,0.00,0.00
2014.12.29 06:24:36.262,11.95608,11.95829,0.00,0.00
2014.12.29 06:24:36.363,11.95608,11.95838,0.00,0.00
2014.12.29 06:24:36.514,11.95608,11.95849,0.00,0.00
2014.12.29 06:24:36.623,11.95548,11.95849,0.00,0.00
2014.12.29 06:24:36.725,11.95548,11.95829,0.00,0.00
2014.12.29 06:24:37.152,11.95548,11.95819,0.00,0.00
2014.12.29 06:24:50.486,11.95508,11.95819,0.00,0.00
2014.12.29 06:24:50.536,11.95508,11.95809,0.00,0.00
2014.12.29 06:24:51.017,11.95459,11.95749,0.00,0.00
2014.12.29 06:25:44.042,11.95429,11.95749,0.00,0.00
2014.12.29 06:25:50.595,11.95429,11.95753,0.00,0.00
2014.12.29 06:25:50.924,11.95429,11.95791,0.00,0.00
2014.12.29 06:25:54.450,11.95429,11.95749,0.00,0.00
2014.12.29 06:25:54.846,11.95478,11.95749,0.00,0.00
2014.12.29 06:25:54.947,11.95444,11.95749,0.00,0.00
2014.12.29 06:25:55.157,11.95429,11.95749,0.00,0.00
2014.12.29 06:25:57.992,11.95478,11.95749,0.00,0.00
2014.12.29 06:25:58.092,11.95478,11.95752,0.00,0.00
2014.12.29 06:25:58.143,11.95478,11.95797,0.00,0.00
2014.12.29 06:25:58.244,11.95528,11.95799,0.00,0.00
2014.12.29 06:25:58.661,11.95528,11.95809,0.00,0.00
2014.12.29 06:26:12.159,11.95528,11.95769,0.00,0.00
2014.12.29 06:26:12.210,11.95479,11.95769,0.00,0.00
2014.12.29 06:26:12.411,11.95453,11.95749,0.00,0.00
2014.12.29 06:26:12.512,11.95429,11.95749,0.00,0.00
2014.12.29 06:26:46.550,11.95429,11.95748,0.00,0.00
2014.12.29 06:27:05.008,11.95479,11.95748,0.00,0.00
2014.12.29 06:27:05.310,11.95459,11.95749,0.00,0.00
2014.12.29 06:27:05.514,11.95429,11.95749,0.00,0.00
2014.12.29 06:27:05.967,11.95439,11.95749,0.00,0.00
2014.12.29 06:27:13.573,11.95439,11.95748,0.00,0.00
2014.12.29 06:27:16.310,11.95478,11.95748,0.00,0.00
2014.12.29 06:27:16.411,11.95478,11.95768,0.00,0.00
2014.12.29 06:27:16.580,11.9548,11.95768,0.00,0.00
2014.12.29 06:27:18.620,11.95529,11.95768,0.00,0.00
2014.12.29 06:27:18.721,11.95529,11.95809,0.00,0.00
2014.12.29 06:27:19.283,11.95529,11.95829,0.00,0.00
2014.12.29 06:27:19.487,11.95561,11.95877,0.00,0.00
2014.12.29 06:27:19.537,11.95588,11.95877,0.00,0.00
2014.12.29 06:27:19.588,11.95588,11.95899,0.00,0.00
2014.12.29 06:27:19.638,11.95638,11.95899,0.00,0.00
2014.12.29 06:27:20.045,11.95638,11.95919,0.00,0.00
2014.12.29 06:27:36.109,11.95599,11.95919,0.00,0.00
2014.12.29 06:27:36.210,11.95599,11.95898,0.00,0.00
2014.12.29 06:27:36.261,11.95589,11.95898,0.00,0.00
2014.12.29 06:27:36.362,11.95589,11.95894,0.00,0.00
2014.12.29 06:27:37.449,11.95638,11.95908,0.00,0.00
2014.12.29 06:27:38.288,11.95638,11.95909,0.00,0.00
2014.12.29 06:27:41.698,11.95638,11.95908,0.00,0.00
2014.12.29 06:27:42.387,11.95638,11.95909,0.00,0.00
2014.12.29 06:27:44.489,11.95688,11.95942,0.00,0.00
2014.12.29 06:27:44.539,11.95688,11.95957,0.00,0.00
2014.12.29 06:27:44.730,11.95688,11.95959,0.00,0.00
2014.12.29 06:27:44.800,11.95648,11.95959,0.00,0.00
2014.12.29 06:27:44.900,11.95638,11.95919,0.00,0.00
2014.12.29 06:27:46.010,11.95619,11.95919,0.00,0.00
2014.12.29 06:27:46.138,11.95588,11.95839,0.00,0.00
2014.12.29 06:27:46.238,11.95529,11.95839,0.00,0.00
2014.12.29 06:27:49.760,11.95589,11.95877,0.00,0.00
2014.12.29 06:27:50.209,11.95638,11.95908,0.00,0.00
2014.12.29 06:27:50.718,11.95638,11.95909,0.00,0.00
2014.12.29 06:27:55.705,11.95638,11.95899,0.00,0.00
2014.12.29 06:27:55.906,11.95589,11.9588,0.00,0.00
2014.12.29 06:27:55.956,11.95638,11.9588,0.00,0.00
2014.12.29 06:27:56.057,11.95638,11.95888,0.00,0.00
2014.12.29 06:27:58.349,11.95589,11.95849,0.00,0.00
2014.12.29 06:27:58.450,11.95559,11.95849,0.00,0.00
2014.12.29 06:27:58.550,11.95537,11.95849,0.00,0.00
2014.12.29 06:27:58.600,11.95549,11.95849,0.00,0.00
2014.12.29 06:27:58.755,11.95537,11.95849,0.00,0.00
2014.12.29 06:27:58.806,11.95588,11.95849,0.00,0.00
2014.12.29 06:27:58.907,11.95588,11.95889,0.00,0.00
2014.12.29 06:27:59.352,11.95638,11.95889,0.00,0.00
2014.12.29 06:28:00.111,11.95638,11.95888,0.00,0.00
2014.12.29 06:28:05.018,11.95638,11.95938,0.00,0.00
2014.12.29 06:28:05.068,11.95688,11.95938,0.00,0.00
2014.12.29 06:28:05.119,11.95688,11.95968,0.00,0.00
2014.12.29 06:28:14.587,11.95688,11.95959,0.00,0.00
2014.12.29 06:28:17.449,11.95688,11.95968,0.00,0.00
2014.12.29 06:28:17.823,11.95688,11.95979,0.00,0.00
2014.12.29 06:28:49.943,11.95728,11.95979,0.00,0.00
2014.12.29 06:28:50.056,11.95688,11.95979,0.00,0.00
2014.12.29 06:28:50.607,11.95729,11.95979,0.00,0.00
2014.12.29 06:28:50.708,11.95729,11.96041,0.00,0.00
2014.12.29 06:28:51.195,11.95729,11.96048,0.00,0.00
2014.12.29 06:28:52.366,11.9573,11.96048,0.00,0.00
2014.12.29 06:28:52.976,11.9573,11.96049,0.00,0.00
2014.12.29 06:28:56.576,11.95729,11.96049,0.00,0.00
2014.12.29 06:28:57.389,11.95734,11.96049,0.00,0.00
2014.12.29 06:29:00.757,11.95729,11.96049,0.00,0.00
2014.12.29 06:29:01.562,11.95729,11.96048,0.00,0.00
2014.12.29 06:29:13.110,11.95729,11.95979,0.00,0.00
2014.12.29 06:29:13.160,11.95711,11.95979,0.00,0.00
2014.12.29 06:29:13.261,11.95678,11.95979,0.00,0.00
2014.12.29 06:29:22.038,11.95778,11.95979,0.00,0.00
2014.12.29 06:29:22.138,11.95778,11.96053,0.00,0.00
2014.12.29 06:29:22.189,11.95778,11.96088,0.00,0.00
2014.12.29 06:29:22.716,11.95778,11.96089,0.00,0.00
2014.12.29 06:29:23.331,11.95778,11.96088,0.00,0.00
2014.12.29 06:29:24.128,11.95778,11.96089,0.00,0.00
2014.12.29 06:29:27.118,11.95778,11.96081,0.00,0.00
2014.12.29 06:29:29.944,11.95778,11.96089,0.00,0.00
2014.12.29 06:29:34.002,11.95778,11.96085,0.00,0.00
2014.12.29 06:29:34.496,11.95828,11.96085,0.00,0.00
2014.12.29 06:29:34.547,11.95828,11.96089,0.00,0.00
2014.12.29 06:29:34.648,11.95779,11.96089,0.00,0.00
2014.12.29 06:29:52.029,11.95785,11.96089,0.00,0.00
2014.12.29 06:29:58.766,11.95779,11.96089,0.00,0.00
2014.12.29 06:30:00.204,11.95779,11.96048,0.00,0.00
2014.12.29 06:30:00.254,11.95729,11.96048,0.00,0.00
2014.12.29 06:30:00.355,11.95729,11.96023,0.00,0.00
2014.12.29 06:30:01.156,11.95729,11.96029,0.00,0.00
2014.12.29 06:30:01.308,11.95729,11.96035,0.00,0.00
2014.12.29 06:30:01.358,11.95779,11.96058,0.00,0.00
2014.12.29 06:30:01.409,11.95779,11.96069,0.00,0.00
2014.12.29 06:30:01.618,11.95779,11.96089,0.00,0.00
2014.12.29 06:30:01.768,11.95779,11.96069,0.00,0.00
2014.12.29 06:30:02.176,11.95779,11.96106,0.00,0.00
2014.12.29 06:30:02.226,11.95828,11.96106,0.00,0.00
2014.12.29 06:30:02.327,11.95779,11.96069,0.00,0.00
2014.12.29 06:30:03.098,11.95878,11.96069,0.00,0.00
2014.12.29 06:30:03.199,11.95878,11.96143,0.00,0.00
2014.12.29 06:30:03.250,11.95878,11.96158,0.00,0.00
2014.12.29 06:30:03.401,11.95878,11.96168,0.00,0.00
2014.12.29 06:30:04.370,11.95878,11.96154,0.00,0.00
2014.12.29 06:30:06.547,11.95878,11.96166,0.00,0.00
2014.12.29 06:30:07.062,11.95878,11.9618,0.00,0.00
2014.12.29 06:30:10.893,11.95895,11.96229,0.00,0.00
2014.12.29 06:30:10.994,11.95978,11.96284,0.00,0.00
2014.12.29 06:30:11.349,11.96028,11.96284,0.00,0.00
2014.12.29 06:30:11.399,11.96028,11.96289,0.00,0.00
2014.12.29 06:30:11.500,11.96029,11.96328,0.00,0.00
2014.12.29 06:30:11.653,11.96078,11.96342,0.00,0.00
2014.12.29 06:30:11.754,11.96078,11.96364,0.00,0.00
2014.12.29 06:30:12.292,11.96078,11.96367,0.00,0.00
2014.12.29 06:30:13.481,11.96078,11.96355,0.00,0.00
2014.12.29 06:30:13.532,11.96028,11.96348,0.00,0.00
2014.12.29 06:30:13.582,11.96032,11.96348,0.00,0.00
2014.12.29 06:30:13.891,11.96028,11.96343,0.00,0.00
2014.12.29 06:30:14.602,11.96028,11.96332,0.00,0.00
2014.12.29 06:30:16.055,11.96042,11.96332,0.00,0.00
2014.12.29 06:30:16.359,11.96081,11.96377,0.00,0.00
2014.12.29 06:30:16.460,11.96081,11.96351,0.00,0.00
2014.12.29 06:30:16.511,11.96079,11.96351,0.00,0.00
2014.12.29 06:30:19.464,11.96079,11.96364,0.00,0.00
2014.12.29 06:30:19.764,11.96079,11.96351,0.00,0.00
2014.12.29 06:30:20.265,11.96079,11.96372,0.00,0.00
2014.12.29 06:30:20.394,11.96079,11.96378,0.00,0.00
2014.12.29 06:30:20.449,11.96128,11.96407,0.00,0.00
2014.12.29 06:30:20.500,11.96128,11.96443,0.00,0.00
2014.12.29 06:30:20.550,11.96161,11.96443,0.00,0.00
2014.12.29 06:30:20.701,11.96179,11.96466,0.00,0.00
2014.12.29 06:30:20.874,11.96179,11.96451,0.00,0.00
2014.12.29 06:30:20.975,11.96179,11.96469,0.00,0.00
2014.12.29 06:30:21.025,11.96181,11.96469,0.00,0.00
2014.12.29 06:30:21.449,11.96312,11.96469,0.00,0.00
2014.12.29 06:30:21.499,11.96312,11.96525,0.00,0.00
2014.12.29 06:30:21.550,11.96378,11.96525,0.00,0.00
2014.12.29 06:30:21.601,11.96378,11.96669,0.00,0.00
2014.12.29 06:30:21.702,11.96378,11.96689,0.00,0.00
2014.12.29 06:30:21.802,11.96329,11.96689,0.00,0.00
2014.12.29 06:30:21.904,11.96329,11.96648,0.00,0.00
2014.12.29 06:30:22.318,11.96329,11.9662,0.00,0.00
2014.12.29 06:30:22.368,11.96278,11.9662,0.00,0.00
2014.12.29 06:30:22.418,11.96278,11.96499,0.00,0.00
2014.12.29 06:30:22.469,11.96236,11.96499,0.00,0.00
2014.12.29 06:30:22.570,11.96185,11.96498,0.00,0.00
2014.12.29 06:30:22.670,11.96179,11.9647,0.00,0.00
2014.12.29 06:30:23.088,11.96179,11.96493,0.00,0.00
2014.12.29 06:30:23.518,11.96179,11.96498,0.00,0.00
2014.12.29 06:30:23.895,11.96179,11.96477,0.00,0.00
2014.12.29 06:30:24.211,11.96229,11.96484,0.00,0.00
2014.12.29 06:30:24.312,11.96229,11.96523,0.00,0.00
2014.12.29 06:30:24.480,11.96229,11.96512,0.00,0.00
2014.12.29 06:30:24.581,11.96229,11.96524,0.00,0.00
2014.12.29 06:30:25.088,11.96229,11.96513,0.00,0.00
2014.12.29 06:30:25.876,11.96229,11.965,0.00,0.00
2014.12.29 06:30:25.977,11.96181,11.965,0.00,0.00
2014.12.29 06:30:26.078,11.96179,11.96489,0.00,0.00
2014.12.29 06:30:26.610,11.96179,11.96477,0.00,0.00
2014.12.29 06:30:26.977,11.96179,11.96499,0.00,0.00
2014.12.29 06:30:27.318,11.96179,11.9647,0.00,0.00
2014.12.29 06:30:28.179,11.96179,11.96481,0.00,0.00
2014.12.29 06:30:28.479,11.96179,11.96468,0.00,0.00
2014.12.29 06:30:28.782,11.96179,11.96484,0.00,0.00
2014.12.29 06:30:28.833,11.96228,11.96484,0.00,0.00
2014.12.29 06:30:28.980,11.96228,11.96521,0.00,0.00
2014.12.29 06:30:31.156,11.96278,11.96521,0.00,0.00
2014.12.29 06:30:31.383,11.96278,11.96557,0.00,0.00
2014.12.29 06:30:31.557,11.96228,11.96557,0.00,0.00
2014.12.29 06:30:31.608,11.96228,11.96541,0.00,0.00
2014.12.29 06:30:31.911,11.96178,11.96479,0.00,0.00
2014.12.29 06:30:32.637,11.96178,11.96478,0.00,0.00
2014.12.29 06:30:33.566,11.96228,11.96508,0.00,0.00
2014.12.29 06:30:33.617,11.96228,11.96521,0.00,0.00
2014.12.29 06:30:33.667,11.96278,11.96521,0.00,0.00
2014.12.29 06:30:33.717,11.96278,11.96529,0.00,0.00
2014.12.29 06:30:33.768,11.96278,11.96531,0.00,0.00
2014.12.29 06:30:33.869,11.96278,11.96556,0.00,0.00
2014.12.29 06:30:34.012,11.96228,11.96556,0.00,0.00
2014.12.29 06:30:34.113,11.96228,11.96549,0.00,0.00
2014.12.29 06:30:34.587,11.96228,11.9653,0.00,0.00
2014.12.29 06:30:35.397,11.96228,11.96532,0.00,0.00
2014.12.29 06:30:35.919,11.96228,11.96509,0.00,0.00
2014.12.29 06:30:36.837,11.96228,11.96517,0.00,0.00
2014.12.29 06:30:36.938,11.96228,11.96506,0.00,0.00
2014.12.29 06:30:37.039,11.96228,11.96518,0.00,0.00
2014.12.29 06:30:37.140,11.96228,11.96505,0.00,0.00
2014.12.29 06:30:37.441,11.96279,11.96558,0.00,0.00
2014.12.29 06:30:37.635,11.96228,11.96538,0.00,0.00
2014.12.29 06:30:37.736,11.96228,11.9651,0.00,0.00
2014.12.29 06:30:37.937,11.96228,11.96534,0.00,0.00
2014.12.29 06:30:38.038,11.96228,11.96522,0.00,0.00
2014.12.29 06:30:39.593,11.9618,11.96479,0.00,0.00
2014.12.29 06:30:40.198,11.96179,11.96479,0.00,0.00
2014.12.29 06:30:40.799,11.96179,11.96462,0.00,0.00
2014.12.29 06:30:41.338,11.96179,11.96479,0.00,0.00
2014.12.29 06:30:43.318,11.96179,11.96477,0.00,0.00
2014.12.29 06:30:44.441,11.96179,11.96479,0.00,0.00
2014.12.29 06:30:46.619,11.96179,11.9647,0.00,0.00
2014.12.29 06:30:48.160,11.96179,11.96478,0.00,0.00
2014.12.29 06:30:49.031,11.96179,11.96479,0.00,0.00
2014.12.29 06:30:50.251,11.96179,11.96468,0.00,0.00
2014.12.29 06:30:50.302,11.96141,11.96468,0.00,0.00
2014.12.29 06:30:50.352,11.96129,11.96409,0.00,0.00
2014.12.29 06:30:50.697,11.96078,11.96397,0.00,0.00
2014.12.29 06:30:50.748,11.96078,11.96409,0.00,0.00
2014.12.29 06:30:50.798,11.96078,11.96349,0.00,0.00
2014.12.29 06:30:50.849,11.96041,11.96349,0.00,0.00
2014.12.29 06:30:50.949,11.96028,11.96349,0.00,0.00
2014.12.29 06:30:51.249,11.96028,11.96346,0.00,0.00
2014.12.29 06:30:51.415,11.96028,11.96349,0.00,0.00
2014.12.29 06:30:51.816,11.96028,11.96346,0.00,0.00
2014.12.29 06:30:53.619,11.96028,11.96324,0.00,0.00
2014.12.29 06:30:54.920,11.96028,11.96314,0.00,0.00
2014.12.29 06:30:55.446,11.96028,11.96287,0.00,0.00
2014.12.29 06:30:55.546,11.95979,11.96307,0.00,0.00
2014.12.29 06:30:55.648,11.96028,11.96307,0.00,0.00
2014.12.29 06:30:55.758,11.96028,11.96309,0.00,0.00
2014.12.29 06:30:55.922,11.96028,11.96319,0.00,0.00
2014.12.29 06:30:55.972,11.96028,11.96309,0.00,0.00
2014.12.29 06:30:56.533,11.96028,11.96318,0.00,0.00
2014.12.29 06:30:56.771,11.96028,11.96309,0.00,0.00
2014.12.29 06:30:57.332,11.96028,11.96308,0.00,0.00
2014.12.29 06:30:58.533,11.95978,11.96308,0.00,0.00
2014.12.29 06:30:58.633,11.95978,11.96259,0.00,0.00
2014.12.29 06:30:58.941,11.96028,11.96278,0.00,0.00
2014.12.29 06:30:58.992,11.95978,11.96278,0.00,0.00
2014.12.29 06:30:59.042,11.95978,11.96249,0.00,0.00
2014.12.29 06:30:59.093,11.95931,11.96249,0.00,0.00
2014.12.29 06:30:59.143,11.95929,11.96229,0.00,0.00
2014.12.29 06:30:59.244,11.95929,11.9624,0.00,0.00
2014.12.29 06:30:59.445,11.95929,11.96249,0.00,0.00
2014.12.29 06:30:59.495,11.95961,11.96259,0.00,0.00
2014.12.29 06:30:59.821,11.96028,11.96309,0.00,0.00
2014.12.29 06:31:00.513,11.96028,11.96319,0.00,0.00
2014.12.29 06:31:00.613,11.96028,11.96325,0.00,0.00
2014.12.29 06:31:06.689,11.96028,11.96336,0.00,0.00
2014.12.29 06:31:06.740,11.96071,11.96381,0.00,0.00
2014.12.29 06:31:06.791,11.96078,11.96381,0.00,0.00
2014.12.29 06:31:06.841,11.96078,11.96415,0.00,0.00
2014.12.29 06:31:06.892,11.96129,11.96415,0.00,0.00
2014.12.29 06:31:06.942,11.96129,11.96441,0.00,0.00
2014.12.29 06:31:07.117,11.96179,11.96441,0.00,0.00
2014.12.29 06:31:07.168,11.96179,11.96449,0.00,0.00
2014.12.29 06:31:07.268,11.96179,11.96481,0.00,0.00
2014.12.29 06:31:07.386,11.96229,11.96481,0.00,0.00
2014.12.29 06:31:07.437,11.96229,11.96531,0.00,0.00
2014.12.29 06:31:09.443,11.96229,11.96518,0.00,0.00
2014.12.29 06:31:10.461,11.96229,11.96529,0.00,0.00
2014.12.29 06:31:10.937,11.96198,11.96529,0.00,0.00
2014.12.29 06:31:10.987,11.96198,11.96516,0.00,0.00
2014.12.29 06:31:11.088,11.96198,11.96528,0.00,0.00
2014.12.29 06:31:12.177,11.96198,11.96517,0.00,0.00
2014.12.29 06:31:15.978,11.96198,11.96528,0.00,0.00
2014.12.29 06:31:17.796,11.96181,11.965,0.00,0.00
2014.12.29 06:31:17.896,11.96198,11.9652,0.00,0.00
2014.12.29 06:31:27.308,11.96198,11.965,0.00,0.00
2014.12.29 06:31:27.359,11.96172,11.965,0.00,0.00
2014.12.29 06:31:27.460,11.96158,11.96478,0.00,0.00
2014.12.29 06:31:29.070,11.96168,11.96478,0.00,0.00
2014.12.29 06:31:30.272,11.96188,11.96478,0.00,0.00
2014.12.29 06:31:30.322,11.96198,11.96528,0.00,0.00
2014.12.29 06:31:30.826,11.96198,11.96529,0.00,0.00
2014.12.29 06:31:31.497,11.96198,11.9653,0.00,0.00
2014.12.29 06:31:31.994,11.96198,11.9652,0.00,0.00
2014.12.29 06:31:32.276,11.96176,11.9652,0.00,0.00
2014.12.29 06:31:32.377,11.96166,11.96479,0.00,0.00
2014.12.29 06:31:33.676,11.96188,11.96479,0.00,0.00
2014.12.29 06:31:34.187,11.96174,11.96479,0.00,0.00
2014.12.29 06:31:34.417,11.96161,11.96479,0.00,0.00
2014.12.29 06:31:34.721,11.96173,11.96479,0.00,0.00
2014.12.29 06:31:34.978,11.96161,11.96479,0.00,0.00
2014.12.29 06:31:37.081,11.96174,11.96479,0.00,0.00
2014.12.29 06:31:37.512,11.96162,11.96479,0.00,0.00
2014.12.29 06:31:38.083,11.96173,11.96479,0.00,0.00
2014.12.29 06:31:40.087,11.96163,11.96479,0.00,0.00
2014.12.29 06:31:43.190,11.96174,11.96479,0.00,0.00
2014.12.29 06:31:45.092,11.9616,11.96479,0.00,0.00
2014.12.29 06:31:47.718,11.96174,11.96479,0.00,0.00
2014.12.29 06:31:56.907,11.96158,11.96479,0.00,0.00
2014.12.29 06:32:02.315,11.96164,11.96479,0.00,0.00
2014.12.29 06:32:03.751,11.96184,11.96479,0.00,0.00
2014.12.29 06:32:03.954,11.96158,11.96479,0.00,0.00
2014.12.29 06:32:14.832,11.96167,11.96469,0.00,0.00
2014.12.29 06:32:14.979,11.96158,11.96469,0.00,0.00
2014.12.29 06:32:15.656,11.96158,11.96456,0.00,0.00
2014.12.29 06:32:15.952,11.96158,11.96458,0.00,0.00
2014.12.29 06:32:20.889,11.96158,11.96408,0.00,0.00
2014.12.29 06:32:20.940,11.96109,11.96408,0.00,0.00
2014.12.29 06:32:21.342,11.96158,11.96409,0.00,0.00
2014.12.29 06:32:21.493,11.96108,11.96409,0.00,0.00
2014.12.29 06:32:22.306,11.96108,11.96408,0.00,0.00
2014.12.29 06:32:25.515,11.96159,11.96408,0.00,0.00
2014.12.29 06:32:25.617,11.96159,11.9645,0.00,0.00
2014.12.29 06:32:25.718,11.96174,11.96478,0.00,0.00
2014.12.29 06:32:26.069,11.96159,11.96478,0.00,0.00
2014.12.29 06:32:26.596,11.96159,11.96479,0.00,0.00
2014.12.29 06:32:28.566,11.96172,11.96479,0.00,0.00
2014.12.29 06:32:31.263,11.96161,11.96479,0.00,0.00
2014.12.29 06:32:32.206,11.96161,11.96468,0.00,0.00
2014.12.29 06:32:32.731,11.96159,11.96468,0.00,0.00
2014.12.29 06:32:33.756,11.96159,11.96478,0.00,0.00
2014.12.29 06:32:33.833,11.96167,11.96478,0.00,0.00
2014.12.29 06:32:34.133,11.96159,11.96478,0.00,0.00
2014.12.29 06:32:36.715,11.96159,11.96469,0.00,0.00
2014.12.29 06:32:36.825,11.96159,11.96479,0.00,0.00
2014.12.29 06:32:36.876,11.96165,11.96479,0.00,0.00
2014.12.29 06:32:37.409,11.96165,11.96478,0.00,0.00
2014.12.29 06:32:37.460,11.96159,11.96478,0.00,0.00
2014.12.29 06:32:37.637,11.96165,11.96479,0.00,0.00
2014.12.29 06:32:38.465,11.96159,11.96479,0.00,0.00
2014.12.29 06:32:39.135,11.96159,11.96468,0.00,0.00
2014.12.29 06:32:39.245,11.96159,11.96479,0.00,0.00
2014.12.29 06:32:41.116,11.96159,11.96468,0.00,0.00
2014.12.29 06:32:41.225,11.96159,11.96478,0.00,0.00
2014.12.29 06:32:42.545,11.96159,11.96468,0.00,0.00
2014.12.29 06:32:42.655,11.96159,11.96479,0.00,0.00
2014.12.29 06:32:43.163,11.96166,11.96479,0.00,0.00
2014.12.29 06:32:43.865,11.96166,11.96469,0.00,0.00
2014.12.29 06:32:43.975,11.96166,11.96479,0.00,0.00
2014.12.29 06:32:45.515,11.96166,11.96478,0.00,0.00
2014.12.29 06:32:46.175,11.96166,11.96468,0.00,0.00
2014.12.29 06:32:46.538,11.96166,11.96478,0.00,0.00
2014.12.29 06:32:47.199,11.96166,11.96468,0.00,0.00
2014.12.29 06:32:47.495,11.96166,11.96479,0.00,0.00
2014.12.29 06:32:47.546,11.96198,11.96479,0.00,0.00
2014.12.29 06:32:47.646,11.96198,11.96518,0.00,0.00
2014.12.29 06:32:47.748,11.96205,11.96518,0.00,0.00
2014.12.29 06:32:47.849,11.96181,11.96518,0.00,0.00
2014.12.29 06:32:47.949,11.9616,11.96479,0.00,0.00
2014.12.29 06:32:48.468,11.96171,11.96479,0.00,0.00
2014.12.29 06:32:49.145,11.96171,11.96478,0.00,0.00
2014.12.29 06:32:50.135,11.96171,11.96469,0.00,0.00
2014.12.29 06:32:50.245,11.96171,11.96479,0.00,0.00
2014.12.29 06:32:50.815,11.96198,11.96479,0.00,0.00
2014.12.29 06:32:50.916,11.96198,11.96509,0.00,0.00
2014.12.29 06:32:50.966,11.96218,11.96509,0.00,0.00
2014.12.29 06:32:51.282,11.96218,11.96518,0.00,0.00
2014.12.29 06:32:51.895,11.96218,11.96528,0.00,0.00
2014.12.29 06:32:56.095,11.96249,11.96528,0.00,0.00
2014.12.29 06:32:56.198,11.96249,11.96568,0.00,0.00
2014.12.29 06:32:56.401,11.96261,11.96568,0.00,0.00
2014.12.29 06:32:56.770,11.96249,11.96568,0.00,0.00
2014.12.29 06:32:58.880,11.9622,11.96521,0.00,0.00
2014.12.29 06:32:59.234,11.9622,11.96479,0.00,0.00
2014.12.29 06:32:59.589,11.96199,11.96479,0.00,0.00
2014.12.29 06:32:59.692,11.96187,11.96479,0.00,0.00
2014.12.29 06:33:00.499,11.96201,11.96478,0.00,0.00
2014.12.29 06:33:03.791,11.96215,11.96478,0.00,0.00
2014.12.29 06:33:04.099,11.96196,11.96478,0.00,0.00
2014.12.29 06:33:04.495,11.9618,11.96478,0.00,0.00
2014.12.29 06:33:04.640,11.96159,11.96478,0.00,0.00
2014.12.29 06:33:06.903,11.96159,11.96468,0.00,0.00
2014.12.29 06:33:07.425,11.96141,11.96449,0.00,0.00
2014.12.29 06:33:07.545,11.96131,11.96449,0.00,0.00
2014.12.29 06:33:07.645,11.96115,11.96449,0.00,0.00
2014.12.29 06:33:08.026,11.96109,11.96443,0.00,0.00
2014.12.29 06:33:08.557,11.96067,11.96369,0.00,0.00
2014.12.29 06:33:08.876,11.96089,11.96378,0.00,0.00
2014.12.29 06:33:09.317,11.96073,11.96378,0.00,0.00
2014.12.29 06:33:09.417,11.96094,11.96378,0.00,0.00
2014.12.29 06:33:09.518,11.96073,11.96378,0.00,0.00
2014.12.29 06:33:09.619,11.96089,11.96378,0.00,0.00
2014.12.29 06:33:09.719,11.96076,11.96378,0.00,0.00
2014.12.29 06:33:09.820,11.96062,11.96378,0.00,0.00
2014.12.29 06:33:09.921,11.96051,11.96378,0.00,0.00
2014.12.29 06:33:10.145,11.96069,11.96378,0.00,0.00
2014.12.29 06:33:10.246,11.96051,11.96378,0.00,0.00
2014.12.29 06:33:10.347,11.9607,11.96378,0.00,0.00
2014.12.29 06:33:10.447,11.9605,11.96378,0.00,0.00
2014.12.29 06:33:10.548,11.9607,11.96378,0.00,0.00
2014.12.29 06:33:10.649,11.96051,11.96378,0.00,0.00
2014.12.29 06:33:10.750,11.9607,11.96378,0.00,0.00
2014.12.29 06:33:10.951,11.96051,11.96379,0.00,0.00
2014.12.29 06:33:11.052,11.96062,11.96379,0.00,0.00
2014.12.29 06:33:11.153,11.96051,11.96378,0.00,0.00
2014.12.29 06:33:11.254,11.96065,11.96378,0.00,0.00
2014.12.29 06:33:11.405,11.96061,11.96384,0.00,0.00
2014.12.29 06:33:11.455,11.96094,11.96412,0.00,0.00
2014.12.29 06:33:11.757,11.96108,11.96419,0.00,0.00
2014.12.29 06:33:12.360,11.96108,11.96408,0.00,0.00
2014.12.29 06:33:12.511,11.96108,11.96418,0.00,0.00
2014.12.29 06:33:12.662,11.96115,11.96418,0.00,0.00
2014.12.29 06:33:12.763,11.96108,11.96418,0.00,0.00
2014.12.29 06:33:12.863,11.96115,11.96418,0.00,0.00
2014.12.29 06:33:12.964,11.96108,11.96418,0.00,0.00
2014.12.29 06:33:13.065,11.96114,11.96418,0.00,0.00
2014.12.29 06:33:13.165,11.96108,11.96418,0.00,0.00
2014.12.29 06:33:13.266,11.96115,11.96418,0.00,0.00
2014.12.29 06:33:13.367,11.96108,11.96418,0.00,0.00
2014.12.29 06:33:13.477,11.96108,11.96409,0.00,0.00
2014.12.29 06:33:13.578,11.96114,11.96418,0.00,0.00
2014.12.29 06:33:13.715,11.96108,11.96418,0.00,0.00
2014.12.29 06:33:13.766,11.96114,11.96418,0.00,0.00
2014.12.29 06:33:13.870,11.96108,11.96418,0.00,0.00
2014.12.29 06:33:14.175,11.96114,11.96418,0.00,0.00
2014.12.29 06:33:14.276,11.96108,11.96418,0.00,0.00
2014.12.29 06:33:14.428,11.96114,11.96418,0.00,0.00
2014.12.29 06:33:14.529,11.96108,11.96418,0.00,0.00
2014.12.29 06:33:14.580,11.96108,11.96409,0.00,0.00
2014.12.29 06:33:14.680,11.96114,11.96419,0.00,0.00
2014.12.29 06:33:15.985,11.96114,11.96418,0.00,0.00
2014.12.29 06:33:16.085,11.96108,11.96418,0.00,0.00
2014.12.29 06:33:17.570,11.96115,11.96418,0.00,0.00
2014.12.29 06:33:18.219,11.96115,11.96428,0.00,0.00
2014.12.29 06:33:19.285,11.96115,11.96448,0.00,0.00
2014.12.29 06:33:21.202,11.96115,11.96428,0.00,0.00
2014.12.29 06:33:21.653,11.96108,11.96418,0.00,0.00
2014.12.29 06:33:22.145,11.96108,11.96409,0.00,0.00
2014.12.29 06:33:29.754,11.96093,11.96409,0.00,0.00
2014.12.29 06:33:29.856,11.9606,11.96379,0.00,0.00
2014.12.29 06:33:30.133,11.96108,11.96379,0.00,0.00
2014.12.29 06:33:30.234,11.96069,11.96369,0.00,0.00
2014.12.29 06:33:30.343,11.96055,11.96369,0.00,0.00
2014.12.29 06:33:30.450,11.9608,11.96369,0.00,0.00
2014.12.29 06:33:30.682,11.96055,11.96369,0.00,0.00
2014.12.29 06:33:30.951,11.96068,11.96369,0.00,0.00
2014.12.29 06:33:32.093,11.9605,11.96369,0.00,0.00
2014.12.29 06:33:32.554,11.96054,11.96368,0.00,0.00
2014.12.29 06:33:32.788,11.96049,11.96368,0.00,0.00
2014.12.29 06:33:33.315,11.96049,11.96369,0.00,0.00
2014.12.29 06:33:39.305,11.96049,11.96379,0.00,0.00
2014.12.29 06:33:39.465,11.96062,11.96378,0.00,0.00
2014.12.29 06:33:41.065,11.96062,11.96379,0.00,0.00
2014.12.29 06:33:43.491,11.96049,11.96379,0.00,0.00
2014.12.29 06:33:44.070,11.96067,11.96379,0.00,0.00
2014.12.29 06:33:44.384,11.96108,11.96409,0.00,0.00
2014.12.29 06:33:44.722,11.96114,11.96419,0.00,0.00
2014.12.29 06:33:45.905,11.96114,11.96429,0.00,0.00
2014.12.29 06:33:51.404,11.96114,11.96418,0.00,0.00
2014.12.29 06:33:51.597,11.96108,11.96418,0.00,0.00
2014.12.29 06:33:51.648,11.96108,11.96429,0.00,0.00
2014.12.29 06:33:51.698,11.9612,11.96429,0.00,0.00
2014.12.29 06:33:51.928,11.96108,11.96429,0.00,0.00
2014.12.29 06:33:52.538,11.96108,11.96428,0.00,0.00
2014.12.29 06:33:52.859,11.96108,11.96419,0.00,0.00
2014.12.29 06:33:53.381,11.96113,11.96419,0.00,0.00
2014.12.29 06:33:54.045,11.96113,11.96428,0.00,0.00
2014.12.29 06:33:58.924,11.96113,11.96429,0.00,0.00
2014.12.29 06:33:59.050,11.96113,11.96412,0.00,0.00
2014.12.29 06:33:59.100,11.96082,11.96412,0.00,0.00
2014.12.29 06:33:59.151,11.96108,11.96378,0.00,0.00
2014.12.29 06:33:59.251,11.96108,11.96418,0.00,0.00
2014.12.29 06:33:59.302,11.96108,11.96415,0.00,0.00
2014.12.29 06:33:59.403,11.96108,11.96418,0.00,0.00
2014.12.29 06:33:59.665,11.96108,11.96436,0.00,0.00
2014.12.29 06:33:59.789,11.96118,11.96449,0.00,0.00
2014.12.29 06:34:00.190,11.96108,11.96438,0.00,0.00
2014.12.29 06:34:00.840,11.96108,11.96439,0.00,0.00
2014.12.29 06:34:01.094,11.96108,11.96449,0.00,0.00
2014.12.29 06:34:08.368,11.96108,11.96429,0.00,0.00
2014.12.29 06:34:12.415,11.96116,11.96429,0.00,0.00
2014.12.29 06:34:22.829,11.96108,11.96429,0.00,0.00
2014.12.29 06:34:23.742,11.96112,11.96429,0.00,0.00
2014.12.29 06:34:34.042,11.96108,11.96429,0.00,0.00
2014.12.29 06:34:53.381,11.96123,11.96429,0.00,0.00
2014.12.29 06:34:57.364,11.96123,11.96439,0.00,0.00
2014.12.29 06:34:59.915,11.96102,11.96439,0.00,0.00
2014.12.29 06:35:05.281,11.96102,11.96438,0.00,0.00
2014.12.29 06:35:06.275,11.96102,11.96439,0.00,0.00
2014.12.29 06:35:07.191,11.96123,11.96439,0.00,0.00
2014.12.29 06:35:07.292,11.96091,11.9641,0.00,0.00
2014.12.29 06:35:07.342,11.96072,11.96378,0.00,0.00
2014.12.29 06:35:08.222,11.96079,11.96378,0.00,0.00
2014.12.29 06:35:09.334,11.96064,11.96379,0.00,0.00
2014.12.29 06:35:09.435,11.96048,11.96379,0.00,0.00
2014.12.29 06:35:09.694,11.96059,11.96379,0.00,0.00
2014.12.29 06:35:15.915,11.96059,11.96378,0.00,0.00
2014.12.29 06:35:17.664,11.96059,11.96361,0.00,0.00
2014.12.29 06:35:17.715,11.96026,11.96348,0.00,0.00
2014.12.29 06:35:17.816,11.96026,11.96339,0.00,0.00
2014.12.29 06:35:17.916,11.96001,11.96339,0.00,0.00
2014.12.29 06:35:18.817,11.96016,11.96339,0.00,0.00
2014.12.29 06:35:20.524,11.96016,11.96312,0.00,0.00
2014.12.29 06:35:20.625,11.95979,11.96312,0.00,0.00
2014.12.29 06:35:20.675,11.95979,11.96289,0.00,0.00
2014.12.29 06:35:21.037,11.95991,11.96289,0.00,0.00
2014.12.29 06:35:21.238,11.95939,11.96249,0.00,0.00
2014.12.29 06:35:21.339,11.95931,11.96249,0.00,0.00
2014.12.29 06:35:21.635,11.95923,11.96249,0.00,0.00
2014.12.29 06:35:22.185,11.95923,11.96248,0.00,0.00
2014.12.29 06:35:26.264,11.95931,11.96249,0.00,0.00
2014.12.29 06:35:27.486,11.95941,11.96249,0.00,0.00
2014.12.29 06:35:29.330,11.95951,11.96249,0.00,0.00
2014.12.29 06:35:29.481,11.95981,11.96289,0.00,0.00
2014.12.29 06:35:30.546,11.95999,11.96319,0.00,0.00
2014.12.29 06:35:30.647,11.96015,11.96338,0.00,0.00
2014.12.29 06:35:30.747,11.96005,11.96338,0.00,0.00
2014.12.29 06:35:31.313,11.96005,11.96339,0.00,0.00
2014.12.29 06:35:31.758,11.96016,11.96339,0.00,0.00
2014.12.29 06:35:33.982,11.96004,11.96339,0.00,0.00
2014.12.29 06:35:38.978,11.96016,11.96339,0.00,0.00
2014.12.29 06:35:39.079,11.96001,11.96339,0.00,0.00
2014.12.29 06:35:40.650,11.96015,11.96339,0.00,0.00
2014.12.29 06:36:00.786,11.96014,11.96339,0.00,0.00
2014.12.29 06:36:05.843,11.96014,11.96312,0.00,0.00
2014.12.29 06:36:06.097,11.95983,11.96288,0.00,0.00
2014.12.29 06:36:06.429,11.95995,11.96288,0.00,0.00
2014.12.29 06:36:06.498,11.95982,11.96288,0.00,0.00
2014.12.29 06:36:07.505,11.95982,11.96289,0.00,0.00
2014.12.29 06:36:26.841,11.9599,11.96289,0.00,0.00
2014.12.29 06:36:30.483,11.95952,11.96262,0.00,0.00
2014.12.29 06:36:30.533,11.95952,11.96249,0.00,0.00
2014.12.29 06:36:30.684,11.95931,11.96249,0.00,0.00
2014.12.29 06:36:46.232,11.95922,11.96249,0.00,0.00
2014.12.29 06:36:50.796,11.95928,11.96249,0.00,0.00
2014.12.29 06:36:58.752,11.95928,11.96211,0.00,0.00
2014.12.29 06:36:58.853,11.95901,11.96211,0.00,0.00
2014.12.29 06:36:58.904,11.95899,11.96238,0.00,0.00
2014.12.29 06:36:59.333,11.95917,11.96238,0.00,0.00
2014.12.29 06:37:07.344,11.95917,11.96249,0.00,0.00
2014.12.29 06:37:12.891,11.95917,11.96239,0.00,0.00
2014.12.29 06:37:12.942,11.95904,11.96239,0.00,0.00
2014.12.29 06:37:19.979,11.95915,11.96239,0.00,0.00
2014.12.29 06:37:20.029,11.95915,11.96248,0.00,0.00
2014.12.29 06:37:24.540,11.95912,11.96247,0.00,0.00
2014.12.29 06:37:25.140,11.95915,11.96248,0.00,0.00
2014.12.29 06:37:27.754,11.95912,11.96246,0.00,0.00
2014.12.29 06:37:27.805,11.95904,11.96246,0.00,0.00
2014.12.29 06:37:35.619,11.95904,11.96209,0.00,0.00
2014.12.29 06:37:35.669,11.95901,11.96209,0.00,0.00
2014.12.29 06:37:38.259,11.95883,11.96189,0.00,0.00
2014.12.29 06:37:45.702,11.95863,11.96189,0.00,0.00
2014.12.29 06:37:51.926,11.95863,11.96188,0.00,0.00
2014.12.29 06:37:52.338,11.95863,11.96168,0.00,0.00
2014.12.29 06:38:04.302,11.95848,11.96168,0.00,0.00
2014.12.29 06:38:05.092,11.95848,11.96169,0.00,0.00
2014.12.29 06:38:11.132,11.95857,11.96169,0.00,0.00
2014.12.29 06:38:14.053,11.95854,11.96169,0.00,0.00
2014.12.29 06:38:16.633,11.95848,11.96169,0.00,0.00
2014.12.29 06:38:17.303,11.95848,11.96168,0.00,0.00
2014.12.29 06:38:22.119,11.95857,11.96168,0.00,0.00
2014.12.29 06:38:22.169,11.95857,11.96188,0.00,0.00
2014.12.29 06:38:25.553,11.95861,11.96189,0.00,0.00
2014.12.29 06:38:30.173,11.95857,11.96188,0.00,0.00
2014.12.29 06:38:30.393,11.95861,11.96189,0.00,0.00
2014.12.29 06:38:33.446,11.95861,11.96183,0.00,0.00
2014.12.29 06:38:33.886,11.95848,11.96169,0.00,0.00
2014.12.29 06:38:34.540,11.95858,11.96169,0.00,0.00
2014.12.29 06:38:34.841,11.95898,11.96231,0.00,0.00
2014.12.29 06:38:35.445,11.95908,11.96239,0.00,0.00
2014.12.29 06:38:37.262,11.95898,11.96237,0.00,0.00
2014.12.29 06:38:37.775,11.95912,11.96238,0.00,0.00
2014.12.29 06:38:38.897,11.9589,11.96211,0.00,0.00
2014.12.29 06:38:38.997,11.95898,11.96232,0.00,0.00
2014.12.29 06:38:39.290,11.9589,11.96212,0.00,0.00
2014.12.29 06:38:39.391,11.95862,11.962,0.00,0.00
2014.12.29 06:38:39.441,11.95858,11.96169,0.00,0.00
2014.12.29 06:38:39.643,11.95907,11.96239,0.00,0.00
2014.12.29 06:38:47.374,11.95898,11.9623,0.00,0.00
2014.12.29 06:38:48.903,11.95857,11.96169,0.00,0.00
2014.12.29 06:38:49.389,11.95872,11.96169,0.00,0.00
2014.12.29 06:38:49.986,11.95842,11.96148,0.00,0.00
2014.12.29 06:38:50.963,11.95841,11.96149,0.00,0.00
2014.12.29 06:38:51.714,11.95841,11.96135,0.00,0.00
2014.12.29 06:38:51.765,11.95801,11.96109,0.00,0.00
2014.12.29 06:38:53.722,11.95782,11.96089,0.00,0.00
2014.12.29 06:38:53.823,11.95762,11.96089,0.00,0.00
2014.12.29 06:38:54.082,11.95773,11.96089,0.00,0.00
2014.12.29 06:38:54.683,11.95761,11.96089,0.00,0.00
2014.12.29 06:38:56.286,11.95763,11.96089,0.00,0.00
2014.12.29 06:38:56.686,11.95761,11.96089,0.00,0.00
2014.12.29 06:38:57.888,11.95762,11.96089,0.00,0.00
2014.12.29 06:39:00.313,11.95771,11.96089,0.00,0.00
2014.12.29 06:39:00.620,11.95781,11.96089,0.00,0.00
2014.12.29 06:39:04.042,11.95782,11.96089,0.00,0.00
2014.12.29 06:39:09.590,11.95791,11.96099,0.00,0.00
2014.12.29 06:39:19.127,11.95801,11.96109,0.00,0.00
2014.12.29 06:39:21.069,11.95801,11.96098,0.00,0.00
2014.12.29 06:39:22.422,11.95792,11.96098,0.00,0.00
2014.12.29 06:39:29.235,11.95792,11.96097,0.00,0.00
2014.12.29 06:39:29.336,11.95782,11.96066,0.00,0.00
2014.12.29 06:39:29.537,11.95621,11.95954,0.00,0.00
2014.12.29 06:39:29.839,11.95622,11.95959,0.00,0.00
2014.12.29 06:39:29.936,11.95621,11.95954,0.00,0.00
2014.12.29 06:39:30.259,11.95612,11.95954,0.00,0.00
2014.12.29 06:39:31.976,11.95622,11.95959,0.00,0.00
2014.12.29 06:39:32.940,11.95611,11.95953,0.00,0.00
2014.12.29 06:39:34.591,11.95622,11.95959,0.00,0.00
2014.12.29 06:39:35.266,11.95611,11.95953,0.00,0.00
2014.12.29 06:39:35.944,11.95621,11.95959,0.00,0.00
2014.12.29 06:39:39.550,11.95611,11.95947,0.00,0.00
2014.12.29 06:39:41.481,11.95616,11.95959,0.00,0.00
2014.12.29 06:39:42.772,11.95622,11.95958,0.00,0.00
2014.12.29 06:39:43.458,11.95611,11.95948,0.00,0.00
2014.12.29 06:39:43.760,11.9562,11.95959,0.00,0.00
2014.12.29 06:39:57.598,11.95608,11.95952,0.00,0.00
2014.12.29 06:39:57.649,11.95608,11.95949,0.00,0.00
2014.12.29 06:39:58.774,11.95623,11.95949,0.00,0.00
2014.12.29 06:39:58.875,11.95623,11.95959,0.00,0.00
2014.12.29 06:39:59.272,11.95623,11.95948,0.00,0.00
2014.12.29 06:39:59.322,11.95608,11.95948,0.00,0.00
2014.12.29 06:39:59.691,11.95622,11.95948,0.00,0.00
2014.12.29 06:39:59.854,11.95622,11.95958,0.00,0.00
2014.12.29 06:40:00.007,11.95608,11.95952,0.00,0.00
2014.12.29 06:40:00.262,11.95608,11.95948,0.00,0.00
2014.12.29 06:40:00.622,11.95623,11.95948,0.00,0.00
2014.12.29 06:40:00.854,11.95623,11.95959,0.00,0.00
2014.12.29 06:40:03.127,11.95608,11.95951,0.00,0.00
2014.12.29 06:40:04.617,11.9562,11.95959,0.00,0.00
2014.12.29 06:40:04.816,11.95608,11.95948,0.00,0.00
2014.12.29 06:40:05.866,11.95648,11.95948,0.00,0.00
2014.12.29 06:40:06.017,11.95723,11.96058,0.00,0.00
2014.12.29 06:40:06.333,11.95749,11.9605,0.00,0.00
2014.12.29 06:40:06.435,11.95762,11.96095,0.00,0.00
2014.12.29 06:40:06.535,11.95808,11.96148,0.00,0.00
2014.12.29 06:40:07.076,11.95808,11.96149,0.00,0.00
2014.12.29 06:40:09.663,11.95808,11.96148,0.00,0.00
2014.12.29 06:40:10.825,11.95808,11.96149,0.00,0.00
2014.12.29 06:40:14.432,11.95799,11.96143,0.00,0.00
2014.12.29 06:40:15.702,11.95798,11.9613,0.00,0.00
2014.12.29 06:40:16.003,11.95799,11.96143,0.00,0.00
2014.12.29 06:40:20.948,11.95798,11.96122,0.00,0.00
2014.12.29 06:40:23.359,11.95808,11.96111,0.00,0.00
2014.12.29 06:40:23.460,11.95775,11.96111,0.00,0.00
2014.12.29 06:40:23.511,11.95799,11.96119,0.00,0.00
2014.12.29 06:40:23.728,11.95799,11.96133,0.00,0.00
2014.12.29 06:40:24.030,11.95799,11.96121,0.00,0.00
2014.12.29 06:40:24.630,11.95799,11.96132,0.00,0.00
2014.12.29 06:40:32.068,11.95808,11.96149,0.00,0.00
2014.12.29 06:40:32.744,11.95808,11.96112,0.00,0.00
2014.12.29 06:40:32.794,11.95794,11.96112,0.00,0.00
2014.12.29 06:40:32.895,11.95797,11.96112,0.00,0.00
2014.12.29 06:40:32.945,11.95799,11.96141,0.00,0.00
2014.12.29 06:40:32.996,11.95799,11.9612,0.00,0.00
2014.12.29 06:40:33.096,11.95799,11.96141,0.00,0.00
2014.12.29 06:40:34.871,11.95808,11.96148,0.00,0.00
2014.12.29 06:40:47.225,11.95799,11.96135,0.00,0.00
2014.12.29 06:40:50.992,11.95803,11.96147,0.00,0.00
2014.12.29 06:41:00.028,11.95799,11.96129,0.00,0.00
2014.12.29 06:41:00.683,11.95848,11.96129,0.00,0.00
2014.12.29 06:41:00.733,11.95848,11.96149,0.00,0.00
2014.12.29 06:41:00.884,11.95807,11.96149,0.00,0.00
2014.12.29 06:41:02.348,11.95799,11.96133,0.00,0.00
2014.12.29 06:41:07.124,11.95803,11.96145,0.00,0.00
2014.12.29 06:41:07.451,11.9582,11.96149,0.00,0.00
2014.12.29 06:41:07.602,11.95808,11.96149,0.00,0.00
2014.12.29 06:41:23.534,11.95808,11.96148,0.00,0.00
2014.12.29 06:41:23.585,11.95798,11.96135,0.00,0.00
2014.12.29 06:41:25.264,11.95804,11.96146,0.00,0.00
2014.12.29 06:41:25.364,11.95798,11.96117,0.00,0.00
2014.12.29 06:41:25.797,11.95798,11.96129,0.00,0.00
2014.12.29 06:41:25.898,11.95798,11.96117,0.00,0.00
2014.12.29 06:41:31.111,11.95798,11.96129,0.00,0.00
2014.12.29 06:41:35.817,11.95798,11.9614,0.00,0.00
2014.12.29 06:41:36.417,11.95798,11.9612,0.00,0.00
2014.12.29 06:41:43.046,11.95822,11.96149,0.00,0.00
2014.12.29 06:41:43.571,11.95822,11.96148,0.00,0.00
2014.12.29 06:41:54.847,11.95804,11.96148,0.00,0.00
2014.12.29 06:41:55.074,11.95816,11.96148,0.00,0.00
2014.12.29 06:41:55.890,11.95798,11.9613,0.00,0.00
2014.12.29 06:41:57.650,11.95849,11.9613,0.00,0.00
2014.12.29 06:41:57.700,11.95853,11.96168,0.00,0.00
2014.12.29 06:41:58.404,11.95853,11.96169,0.00,0.00
2014.12.29 06:42:17.795,11.95855,11.96169,0.00,0.00
2014.12.29 06:42:26.928,11.95849,11.96148,0.00,0.00
2014.12.29 06:42:26.979,11.9584,11.96148,0.00,0.00
2014.12.29 06:42:27.030,11.95798,11.96121,0.00,0.00
2014.12.29 06:42:27.130,11.95793,11.96112,0.00,0.00
2014.12.29 06:42:27.481,11.95807,11.96112,0.00,0.00
2014.12.29 06:42:37.467,11.9579,11.96112,0.00,0.00
2014.12.29 06:42:37.875,11.95803,11.96112,0.00,0.00
2014.12.29 06:42:40.079,11.95803,11.96062,0.00,0.00
2014.12.29 06:42:40.180,11.95719,11.96049,0.00,0.00
2014.12.29 06:42:40.281,11.95703,11.96047,0.00,0.00
2014.12.29 06:42:46.128,11.95749,11.96047,0.00,0.00
2014.12.29 06:42:46.178,11.95749,11.96071,0.00,0.00
2014.12.29 06:42:46.279,11.95749,11.96078,0.00,0.00
2014.12.29 06:42:46.571,11.95749,11.96066,0.00,0.00
2014.12.29 06:42:46.967,11.95749,11.96078,0.00,0.00
2014.12.29 06:42:49.113,11.95749,11.96079,0.00,0.00
2014.12.29 06:42:54.833,11.95749,11.96078,0.00,0.00
2014.12.29 06:42:58.294,11.95757,11.96078,0.00,0.00
2014.12.29 06:42:58.394,11.95807,11.96138,0.00,0.00
2014.12.29 06:42:58.595,11.95799,11.96126,0.00,0.00
2014.12.29 06:42:58.677,11.95799,11.96138,0.00,0.00
2014.12.29 06:42:58.812,11.95807,11.96138,0.00,0.00
2014.12.29 06:42:59.310,11.95836,11.96138,0.00,0.00
2014.12.29 06:42:59.361,11.95849,11.96169,0.00,0.00
2014.12.29 06:42:59.512,11.95855,11.96169,0.00,0.00
2014.12.29 06:43:04.812,11.95849,11.96169,0.00,0.00
2014.12.29 06:43:11.449,11.95839,11.96079,0.00,0.00
2014.12.29 06:43:11.550,11.95757,11.96079,0.00,0.00
2014.12.29 06:43:11.601,11.95762,11.96088,0.00,0.00
2014.12.29 06:43:11.651,11.95762,11.9608,0.00,0.00
2014.12.29 06:43:11.830,11.95767,11.96088,0.00,0.00
2014.12.29 06:43:12.770,11.95767,11.96089,0.00,0.00
2014.12.29 06:43:13.221,11.95756,11.96089,0.00,0.00
2014.12.29 06:43:13.311,11.95751,11.96085,0.00,0.00
2014.12.29 06:43:13.511,11.95754,11.96089,0.00,0.00
2014.12.29 06:43:26.845,11.95754,11.96078,0.00,0.00
2014.12.29 06:43:26.946,11.95748,11.96073,0.00,0.00
2014.12.29 06:43:27.138,11.95753,11.96078,0.00,0.00
2014.12.29 06:43:28.148,11.95748,11.96078,0.00,0.00
2014.12.29 06:43:28.340,11.95751,11.96078,0.00,0.00
2014.12.29 06:43:28.897,11.95753,11.96078,0.00,0.00
2014.12.29 06:43:33.747,11.95748,11.96078,0.00,0.00
2014.12.29 06:43:56.874,11.95748,11.9607,0.00,0.00
2014.12.29 06:43:57.675,11.95748,11.96078,0.00,0.00
2014.12.29 06:43:57.875,11.95751,11.96079,0.00,0.00
2014.12.29 06:43:58.348,11.95748,11.96068,0.00,0.00
2014.12.29 06:44:00.206,11.95748,11.96079,0.00,0.00
2014.12.29 06:44:03.382,11.95759,11.96079,0.00,0.00
2014.12.29 06:44:03.483,11.95759,11.96089,0.00,0.00
2014.12.29 06:44:03.584,11.95748,11.96089,0.00,0.00
2014.12.29 06:44:04.031,11.9576,11.96089,0.00,0.00
2014.12.29 06:44:04.617,11.95748,11.96077,0.00,0.00
2014.12.29 06:44:11.549,11.95735,11.96077,0.00,0.00
2014.12.29 06:44:14.499,11.95762,11.96089,0.00,0.00
2014.12.29 06:44:20.819,11.9575,11.96089,0.00,0.00
2014.12.29 06:44:25.792,11.95798,11.96089,0.00,0.00
2014.12.29 06:44:25.954,11.95798,11.96129,0.00,0.00
2014.12.29 06:44:26.155,11.95798,11.96117,0.00,0.00
2014.12.29 06:44:26.335,11.95798,11.96129,0.00,0.00
2014.12.29 06:44:26.436,11.958,11.96139,0.00,0.00
2014.12.29 06:44:26.637,11.9581,11.96138,0.00,0.00
2014.12.29 06:44:27.342,11.9581,11.96139,0.00,0.00
2014.12.29 06:44:27.669,11.95821,11.96139,0.00,0.00
2014.12.29 06:44:28.762,11.9581,11.96139,0.00,0.00
2014.12.29 06:44:30.032,11.95821,11.96139,0.00,0.00
2014.12.29 06:44:31.005,11.95822,11.96162,0.00,0.00
2014.12.29 06:44:31.055,11.95844,11.96162,0.00,0.00
2014.12.29 06:44:31.256,11.95801,11.96145,0.00,0.00
2014.12.29 06:44:31.412,11.95801,11.96139,0.00,0.00
2014.12.29 06:44:31.961,11.95824,11.96139,0.00,0.00
2014.12.29 06:44:32.776,11.95812,11.96139,0.00,0.00
2014.12.29 06:44:32.876,11.95801,11.96139,0.00,0.00
2014.12.29 06:44:33.731,11.95801,11.96138,0.00,0.00
2014.12.29 06:44:36.923,11.95801,11.96139,0.00,0.00
2014.12.29 06:44:39.050,11.95811,11.96139,0.00,0.00
2014.12.29 06:44:39.139,11.95798,11.96139,0.00,0.00
2014.12.29 06:44:41.281,11.95811,11.96139,0.00,0.00
2014.12.29 06:44:47.303,11.95798,11.96139,0.00,0.00
2014.12.29 06:44:48.369,11.9581,11.96139,0.00,0.00
2014.12.29 06:45:00.291,11.95823,11.96139,0.00,0.00
2014.12.29 06:45:00.454,11.95823,11.96148,0.00,0.00
2014.12.29 06:45:00.555,11.95813,11.96148,0.00,0.00
2014.12.29 06:45:01.136,11.95827,11.96148,0.00,0.00
2014.12.29 06:45:01.931,11.95816,11.96148,0.00,0.00
2014.12.29 06:45:02.031,11.95805,11.96147,0.00,0.00
2014.12.29 06:45:03.233,11.95817,11.96148,0.00,0.00
2014.12.29 06:45:04.283,11.95817,11.96111,0.00,0.00
2014.12.29 06:45:04.434,11.95799,11.9613,0.00,0.00
2014.12.29 06:45:04.535,11.95799,11.96101,0.00,0.00
2014.12.29 06:45:04.636,11.95799,11.96139,0.00,0.00
2014.12.29 06:45:04.797,11.95819,11.96139,0.00,0.00
2014.12.29 06:45:09.581,11.95819,11.96138,0.00,0.00
2014.12.29 06:45:15.031,11.95799,11.96138,0.00,0.00
2014.12.29 06:45:15.587,11.95799,11.96139,0.00,0.00
2014.12.29 06:45:17.805,11.95797,11.96112,0.00,0.00
2014.12.29 06:45:17.956,11.95773,11.96089,0.00,0.00
2014.12.29 06:45:18.476,11.9579,11.96089,0.00,0.00
2014.12.29 06:45:24.023,11.95772,11.96089,0.00,0.00
2014.12.29 06:45:25.639,11.95772,11.96062,0.00,0.00
2014.12.29 06:45:25.740,11.9574,11.96048,0.00,0.00
2014.12.29 06:45:25.870,11.95717,11.96029,0.00,0.00
2014.12.29 06:45:25.970,11.95698,11.96029,0.00,0.00
2014.12.29 06:45:26.250,11.9571,11.96029,0.00,0.00
2014.12.29 06:45:27.190,11.9571,11.96028,0.00,0.00
2014.12.29 06:45:28.180,11.9571,11.96038,0.00,0.00
2014.12.29 06:45:28.474,11.957,11.96038,0.00,0.00
2014.12.29 06:45:29.080,11.957,11.96039,0.00,0.00
2014.12.29 06:45:29.710,11.957,11.96028,0.00,0.00
2014.12.29 06:45:34.000,11.957,11.96039,0.00,0.00
2014.12.29 06:45:38.302,11.9572,11.96038,0.00,0.00
2014.12.29 06:45:38.605,11.95709,11.96038,0.00,0.00
2014.12.29 06:45:38.958,11.95722,11.96038,0.00,0.00
2014.12.29 06:45:49.858,11.95722,11.96039,0.00,0.00
2014.12.29 06:45:49.909,11.95706,11.96039,0.00,0.00
2014.12.29 06:45:51.290,11.95717,11.96039,0.00,0.00
2014.12.29 06:45:53.360,11.95717,11.96029,0.00,0.00
2014.12.29 06:45:56.990,11.95717,11.96038,0.00,0.00
2014.12.29 06:45:57.514,11.95717,11.96039,0.00,0.00
2014.12.29 06:45:58.725,11.95748,11.96039,0.00,0.00
2014.12.29 06:45:58.775,11.95748,11.96061,0.00,0.00
2014.12.29 06:45:58.826,11.95777,11.96069,0.00,0.00
2014.12.29 06:45:58.926,11.95852,11.96158,0.00,0.00
2014.12.29 06:46:08.320,11.95862,11.96162,0.00,0.00
2014.12.29 06:46:09.310,11.95861,11.96162,0.00,0.00
2014.12.29 06:46:12.836,11.95861,11.96161,0.00,0.00
2014.12.29 06:46:13.421,11.95861,11.96162,0.00,0.00
2014.12.29 06:46:23.043,11.95861,11.96169,0.00,0.00
2014.12.29 06:46:23.094,11.95891,11.96189,0.00,0.00
2014.12.29 06:46:23.539,11.95891,11.96182,0.00,0.00
2014.12.29 06:46:24.761,11.95891,11.96189,0.00,0.00
2014.12.29 06:46:25.480,11.95892,11.96188,0.00,0.00
2014.12.29 06:46:28.487,11.95891,11.96189,0.00,0.00
2014.12.29 06:46:29.038,11.95891,11.96183,0.00,0.00
2014.12.29 06:46:32.054,11.95898,11.96183,0.00,0.00
2014.12.29 06:46:32.155,11.95898,11.96189,0.00,0.00
2014.12.29 06:46:32.205,11.95949,11.96189,0.00,0.00
2014.12.29 06:46:32.306,11.96001,11.96298,0.00,0.00
2014.12.29 06:46:32.640,11.95954,11.96259,0.00,0.00
2014.12.29 06:46:32.741,11.95951,11.96259,0.00,0.00
2014.12.29 06:46:32.791,11.95951,11.96234,0.00,0.00
2014.12.29 06:46:32.892,11.95951,11.96247,0.00,0.00
2014.12.29 06:46:32.945,11.95951,11.96235,0.00,0.00
2014.12.29 06:46:33.276,11.95951,11.96248,0.00,0.00
2014.12.29 06:46:33.327,11.95941,11.96248,0.00,0.00
2014.12.29 06:46:33.506,11.95941,11.96262,0.00,0.00
2014.12.29 06:46:33.642,11.95951,11.96259,0.00,0.00
2014.12.29 06:46:53.506,11.95958,11.96259,0.00,0.00
2014.12.29 06:46:53.606,11.96001,11.96311,0.00,0.00
2014.12.29 06:46:55.593,11.96001,11.96319,0.00,0.00
2014.12.29 06:46:55.744,11.96022,11.96338,0.00,0.00
2014.12.29 06:47:01.096,11.96026,11.96338,0.00,0.00
2014.12.29 06:47:01.565,11.96061,11.96361,0.00,0.00
2014.12.29 06:47:03.000,11.96061,11.9635,0.00,0.00
2014.12.29 06:47:03.549,11.96001,11.96309,0.00,0.00
2014.12.29 06:47:18.867,11.96008,11.96311,0.00,0.00
2014.12.29 06:47:21.909,11.96008,11.96308,0.00,0.00
2014.12.29 06:47:21.959,11.96002,11.96308,0.00,0.00
2014.12.29 06:47:31.652,11.96004,11.96308,0.00,0.00
2014.12.29 06:47:37.309,11.96021,11.96311,0.00,0.00
2014.12.29 06:47:50.653,11.96004,11.96311,0.00,0.00
2014.12.29 06:47:51.785,11.96008,11.96311,0.00,0.00
2014.12.29 06:47:52.232,11.96001,11.96311,0.00,0.00
2014.12.29 06:47:58.741,11.96008,11.96311,0.00,0.00
2014.12.29 06:48:03.687,11.96008,11.96319,0.00,0.00
2014.12.29 06:48:05.844,11.96021,11.96329,0.00,0.00
2014.12.29 06:48:08.653,11.96048,11.96329,0.00,0.00
2014.12.29 06:48:08.704,11.96061,11.96371,0.00,0.00
2014.12.29 06:48:08.754,11.96109,11.96379,0.00,0.00
2014.12.29 06:48:12.728,11.96109,11.96389,0.00,0.00
2014.12.29 06:48:14.403,11.96109,11.96388,0.00,0.00
2014.12.29 06:48:26.038,11.96109,11.96406,0.00,0.00
2014.12.29 06:48:26.239,11.96109,11.96418,0.00,0.00
2014.12.29 06:48:30.994,11.96109,11.96401,0.00,0.00
2014.12.29 06:48:32.786,11.96109,11.96389,0.00,0.00
2014.12.29 06:48:33.317,11.96109,11.96391,0.00,0.00
2014.12.29 06:48:33.417,11.96109,11.96417,0.00,0.00
2014.12.29 06:48:39.458,11.96109,11.96379,0.00,0.00
2014.12.29 06:48:43.020,11.96109,11.96378,0.00,0.00
2014.12.29 06:48:44.188,11.96109,11.96379,0.00,0.00
2014.12.29 06:49:08.313,11.96109,11.96378,0.00,0.00
2014.12.29 06:49:08.781,11.96048,11.96378,0.00,0.00
2014.12.29 06:49:14.506,11.96061,11.96378,0.00,0.00
2014.12.29 06:49:20.751,11.96102,11.96403,0.00,0.00
2014.12.29 06:49:21.052,11.96261,11.96539,0.00,0.00
2014.12.29 06:49:21.116,11.96261,11.96569,0.00,0.00
2014.12.29 06:49:21.451,11.96298,11.96569,0.00,0.00
2014.12.29 06:49:21.501,11.96301,11.9658,0.00,0.00
2014.12.29 06:49:21.552,11.96301,11.96568,0.00,0.00
2014.12.29 06:49:21.602,11.96298,11.96568,0.00,0.00
2014.12.29 06:49:21.703,11.96261,11.96569,0.00,0.00
2014.12.29 06:49:21.884,11.96261,11.96563,0.00,0.00
2014.12.29 06:49:22.254,11.96261,11.96555,0.00,0.00
2014.12.29 06:49:22.355,11.96261,11.96568,0.00,0.00
2014.12.29 06:49:26.427,11.96262,11.96568,0.00,0.00
2014.12.29 06:49:44.250,11.96231,11.96518,0.00,0.00
2014.12.29 06:49:44.300,11.96209,11.96518,0.00,0.00
2014.12.29 06:49:44.805,11.96209,11.96519,0.00,0.00
2014.12.29 06:49:47.007,11.96209,11.96518,0.00,0.00
2014.12.29 06:49:47.156,11.96213,11.96518,0.00,0.00
2014.12.29 06:49:47.397,11.96209,11.96518,0.00,0.00
2014.12.29 06:49:48.207,11.96209,11.96508,0.00,0.00
2014.12.29 06:49:49.610,11.96209,11.96509,0.00,0.00
2014.12.29 06:49:56.917,11.96209,11.96503,0.00,0.00
2014.12.29 06:50:00.075,11.96209,11.96509,0.00,0.00
2014.12.29 06:50:04.330,11.96209,11.96499,0.00,0.00
2014.12.29 06:50:04.989,11.96209,11.96508,0.00,0.00
2014.12.29 06:50:12.482,11.96209,11.96509,0.00,0.00
2014.12.29 06:50:12.533,11.96209,11.96498,0.00,0.00
2014.12.29 06:50:20.735,11.96209,11.96494,0.00,0.00
2014.12.29 06:50:20.807,11.96209,11.96519,0.00,0.00
2014.12.29 06:50:22.436,11.96209,11.96506,0.00,0.00
2014.12.29 06:50:23.755,11.96209,11.96519,0.00,0.00
2014.12.29 06:50:25.897,11.96209,11.96509,0.00,0.00
2014.12.29 06:50:34.305,11.96209,11.96508,0.00,0.00
2014.12.29 06:50:44.461,11.96202,11.96508,0.00,0.00
2014.12.29 06:51:04.067,11.9619,11.96459,0.00,0.00
2014.12.29 06:51:04.117,11.96178,11.96459,0.00,0.00
2014.12.29 06:51:04.218,11.96178,11.96469,0.00,0.00
2014.12.29 06:51:04.283,11.96159,11.96469,0.00,0.00
2014.12.29 06:51:06.597,11.96159,11.96468,0.00,0.00
2014.12.29 06:51:09.608,11.96151,11.96459,0.00,0.00
2014.12.29 06:51:09.921,11.96158,11.96459,0.00,0.00
2014.12.29 06:51:14.218,11.96135,11.96419,0.00,0.00
2014.12.29 06:51:14.908,11.96155,11.96419,0.00,0.00
2014.12.29 06:51:14.958,11.96155,11.96459,0.00,0.00
2014.12.29 06:51:15.009,11.96158,11.96459,0.00,0.00
2014.12.29 06:51:15.519,11.96158,11.96458,0.00,0.00
2014.12.29 06:51:16.179,11.96158,11.96459,0.00,0.00
2014.12.29 06:51:21.053,11.96208,11.96459,0.00,0.00
2014.12.29 06:51:21.154,11.9622,11.96518,0.00,0.00
2014.12.29 06:51:21.793,11.9622,11.96519,0.00,0.00
2014.12.29 06:51:24.368,11.96208,11.96519,0.00,0.00
2014.12.29 06:51:24.670,11.9622,11.96519,0.00,0.00
2014.12.29 06:51:24.978,11.96258,11.96519,0.00,0.00
2014.12.29 06:51:25.079,11.96258,11.96559,0.00,0.00
2014.12.29 06:51:25.130,11.96265,11.96559,0.00,0.00
2014.12.29 06:51:25.331,11.96258,11.96559,0.00,0.00
2014.12.29 06:51:25.673,11.96271,11.96579,0.00,0.00
2014.12.29 06:51:26.200,11.96271,11.96572,0.00,0.00
2014.12.29 06:51:26.626,11.96236,11.96518,0.00,0.00
2014.12.29 06:51:28.328,11.96224,11.96518,0.00,0.00
2014.12.29 06:51:31.233,11.96242,11.96518,0.00,0.00
2014.12.29 06:51:33.589,11.96252,11.96558,0.00,0.00
2014.12.29 06:51:33.640,11.9626,11.96558,0.00,0.00
2014.12.29 06:51:34.107,11.96271,11.96579,0.00,0.00
2014.12.29 06:51:42.029,11.9626,11.96559,0.00,0.00
2014.12.29 06:51:43.006,11.96271,11.96579,0.00,0.00
2014.12.29 06:52:10.665,11.96261,11.96559,0.00,0.00
2014.12.29 06:52:27.666,11.96271,11.96579,0.00,0.00
2014.12.29 06:52:32.549,11.96242,11.96519,0.00,0.00
2014.12.29 06:52:40.866,11.96242,11.96518,0.00,0.00
2014.12.29 06:52:42.952,11.9626,11.96518,0.00,0.00
2014.12.29 06:52:43.003,11.96271,11.96579,0.00,0.00
2014.12.29 06:52:43.104,11.9626,11.96559,0.00,0.00
2014.12.29 06:52:43.528,11.96272,11.96578,0.00,0.00
2014.12.29 06:52:46.158,11.9626,11.96559,0.00,0.00
2014.12.29 06:52:48.724,11.96299,11.96559,0.00,0.00
2014.12.29 06:52:48.825,11.96301,11.96609,0.00,0.00
2014.12.29 06:53:21.314,11.96302,11.96609,0.00,0.00
2014.12.29 06:53:21.365,11.96351,11.96659,0.00,0.00
2014.12.29 06:53:36.887,11.96312,11.96618,0.00,0.00
2014.12.29 06:53:37.180,11.96302,11.96618,0.00,0.00
2014.12.29 06:53:37.876,11.96302,11.96608,0.00,0.00
2014.12.29 06:53:48.887,11.96263,11.96518,0.00,0.00
2014.12.29 06:53:48.988,11.96248,11.96518,0.00,0.00
2014.12.29 06:53:51.054,11.96229,11.96518,0.00,0.00
2014.12.29 06:53:52.914,11.96229,11.96519,0.00,0.00
2014.12.29 06:53:55.697,11.96208,11.96519,0.00,0.00
2014.12.29 06:53:55.962,11.96193,11.96518,0.00,0.00
2014.12.29 06:53:56.013,11.96193,11.96468,0.00,0.00
2014.12.29 06:53:56.063,11.96164,11.96468,0.00,0.00
2014.12.29 06:53:56.985,11.96164,11.96469,0.00,0.00
2014.12.29 06:54:02.946,11.96164,11.96458,0.00,0.00
2014.12.29 06:54:03.799,11.96159,11.9642,0.00,0.00
2014.12.29 06:54:03.900,11.96116,11.96398,0.00,0.00
2014.12.29 06:54:04.001,11.96109,11.96398,0.00,0.00
2014.12.29 06:54:04.051,11.96095,11.96368,0.00,0.00
2014.12.29 06:54:04.202,11.96071,11.96368,0.00,0.00
2014.12.29 06:54:04.303,11.96108,11.96368,0.00,0.00
2014.12.29 06:54:04.404,11.96158,11.96459,0.00,0.00
2014.12.29 06:54:04.504,11.96165,11.96459,0.00,0.00
2014.12.29 06:54:09.446,11.96165,11.96419,0.00,0.00
2014.12.29 06:54:09.888,11.96151,11.96419,0.00,0.00
2014.12.29 06:54:12.645,11.96158,11.96419,0.00,0.00
2014.12.29 06:54:12.746,11.9614,11.96419,0.00,0.00
2014.12.29 06:54:13.254,11.9614,11.96418,0.00,0.00
2014.12.29 06:54:14.056,11.96159,11.96418,0.00,0.00
2014.12.29 06:54:14.321,11.96141,11.96418,0.00,0.00
2014.12.29 06:54:17.994,11.96141,11.96419,0.00,0.00
2014.12.29 06:54:18.535,11.96141,11.96418,0.00,0.00
2014.12.29 06:54:19.197,11.96141,11.96419,0.00,0.00
2014.12.29 06:54:19.828,11.96141,11.96418,0.00,0.00
2014.12.29 06:54:20.897,11.96141,11.96419,0.00,0.00
2014.12.29 06:54:36.717,11.96158,11.96419,0.00,0.00
2014.12.29 06:54:36.818,11.96161,11.96469,0.00,0.00
2014.12.29 06:54:36.868,11.96171,11.96469,0.00,0.00
2014.12.29 06:54:43.683,11.96161,11.96469,0.00,0.00
2014.12.29 06:54:44.135,11.9617,11.96469,0.00,0.00
2014.12.29 06:54:56.938,11.9617,11.96458,0.00,0.00
2014.12.29 06:55:00.659,11.96158,11.96458,0.00,0.00
2014.12.29 06:55:01.885,11.96161,11.96469,0.00,0.00
2014.12.29 06:55:03.975,11.96158,11.96459,0.00,0.00
2014.12.29 06:55:12.456,11.96158,11.96458,0.00,0.00
2014.12.29 06:55:16.294,11.96162,11.96468,0.00,0.00
2014.12.29 06:55:17.796,11.96162,11.9642,0.00,0.00
2014.12.29 06:55:17.846,11.96109,11.96399,0.00,0.00
2014.12.29 06:55:21.590,11.96109,11.96398,0.00,0.00
2014.12.29 06:55:21.935,11.96098,11.96368,0.00,0.00
2014.12.29 06:55:22.035,11.96077,11.96368,0.00,0.00
2014.12.29 06:55:22.191,11.96063,11.96368,0.00,0.00
2014.12.29 06:55:26.978,11.96063,11.96369,0.00,0.00
2014.12.29 06:55:27.844,11.96063,11.96368,0.00,0.00
2014.12.29 06:55:32.509,11.96108,11.96398,0.00,0.00
2014.12.29 06:55:38.861,11.96108,11.96368,0.00,0.00
2014.12.29 06:55:38.911,11.96087,11.96368,0.00,0.00
2014.12.29 06:55:38.962,11.96071,11.96368,0.00,0.00
2014.12.29 06:55:39.062,11.96062,11.96368,0.00,0.00
2014.12.29 06:55:45.004,11.96061,11.96369,0.00,0.00
2014.12.29 06:55:50.957,11.96055,11.96329,0.00,0.00
2014.12.29 06:55:51.058,11.96009,11.96309,0.00,0.00
2014.12.29 06:55:51.209,11.96001,11.96309,0.00,0.00
2014.12.29 06:55:51.259,11.96007,11.96309,0.00,0.00
2014.12.29 06:55:51.310,11.96051,11.96359,0.00,0.00
2014.12.29 06:55:51.946,11.96061,11.96369,0.00,0.00
2014.12.29 06:55:52.968,11.9603,11.96328,0.00,0.00
2014.12.29 06:55:53.285,11.9603,11.96319,0.00,0.00
2014.12.29 06:55:53.914,11.9603,11.96318,0.00,0.00
2014.12.29 06:55:58.339,11.96014,11.96318,0.00,0.00
2014.12.29 06:56:01.435,11.96048,11.96318,0.00,0.00
2014.12.29 06:56:01.536,11.96062,11.96368,0.00,0.00
2014.12.29 06:56:02.494,11.96061,11.96369,0.00,0.00
2014.12.29 06:56:20.554,11.96108,11.96369,0.00,0.00
2014.12.29 06:56:20.655,11.96108,11.96385,0.00,0.00
2014.12.29 06:56:20.706,11.96108,11.96398,0.00,0.00
2014.12.29 06:56:24.848,11.96108,11.96399,0.00,0.00
2014.12.29 06:56:30.234,11.96101,11.96399,0.00,0.00
2014.12.29 06:56:30.335,11.96076,11.96368,0.00,0.00
2014.12.29 06:56:30.385,11.96062,11.96368,0.00,0.00
2014.12.29 06:56:30.493,11.96062,11.96363,0.00,0.00
2014.12.29 06:56:31.681,11.96062,11.96368,0.00,0.00
2014.12.29 06:56:36.484,11.96061,11.96369,0.00,0.00
2014.12.29 06:56:41.247,11.96031,11.96308,0.00,0.00
2014.12.29 06:56:41.298,11.96008,11.96308,0.00,0.00
2014.12.29 06:56:42.467,11.96008,11.96309,0.00,0.00
2014.12.29 06:56:43.097,11.96008,11.96308,0.00,0.00
2014.12.29 06:56:45.600,11.96008,11.96298,0.00,0.00
2014.12.29 06:56:45.906,11.96008,11.96309,0.00,0.00
2014.12.29 06:56:59.370,11.96008,11.96308,0.00,0.00
2014.12.29 06:57:33.243,11.96008,11.96309,0.00,0.00
2014.12.29 06:57:41.324,11.96001,11.96309,0.00,0.00
2014.12.29 06:57:45.720,11.9599,11.96268,0.00,0.00
2014.12.29 06:57:45.771,11.95962,11.96268,0.00,0.00
2014.12.29 06:57:45.871,11.95962,11.96264,0.00,0.00
2014.12.29 06:57:46.137,11.95962,11.96268,0.00,0.00
2014.12.29 06:57:46.773,11.95961,11.96269,0.00,0.00
2014.12.29 06:57:48.044,11.95961,11.96264,0.00,0.00
2014.12.29 06:57:48.846,11.95961,11.96269,0.00,0.00
2014.12.29 06:57:49.753,11.95961,11.96243,0.00,0.00
2014.12.29 06:57:49.854,11.95911,11.96209,0.00,0.00
2014.12.29 06:57:58.449,11.95912,11.96208,0.00,0.00
2014.12.29 06:58:00.332,11.95911,11.96209,0.00,0.00
2014.12.29 06:58:20.122,11.95911,11.96207,0.00,0.00
2014.12.29 06:58:20.336,11.95911,11.96209,0.00,0.00
2014.12.29 06:58:25.492,11.95912,11.96208,0.00,0.00
2014.12.29 06:58:26.482,11.95911,11.96209,0.00,0.00
2014.12.29 06:58:29.562,11.95912,11.96208,0.00,0.00
2014.12.29 06:58:33.445,11.95911,11.96209,0.00,0.00
2014.12.29 06:58:36.003,11.95911,11.96208,0.00,0.00
2014.12.29 06:58:36.054,11.95864,11.96158,0.00,0.00
2014.12.29 06:58:36.104,11.95852,11.96158,0.00,0.00
2014.12.29 06:58:36.205,11.95898,11.96158,0.00,0.00
2014.12.29 06:58:36.306,11.95898,11.96194,0.00,0.00
2014.12.29 06:58:36.406,11.95891,11.96199,0.00,0.00
2014.12.29 06:58:36.507,11.95868,11.96158,0.00,0.00
2014.12.29 06:58:36.608,11.95892,11.96198,0.00,0.00
2014.12.29 06:58:36.658,11.95898,11.96198,0.00,0.00
2014.12.29 06:58:40.069,11.95904,11.96198,0.00,0.00
2014.12.29 06:58:40.172,11.95961,11.96259,0.00,0.00
2014.12.29 06:58:40.273,11.96009,11.96269,0.00,0.00
2014.12.29 06:58:40.374,11.96009,11.96309,0.00,0.00
2014.12.29 06:58:57.102,11.96009,11.96295,0.00,0.00
2014.12.29 06:59:00.735,11.96009,11.96309,0.00,0.00
2014.12.29 06:59:01.687,11.96062,11.96324,0.00,0.00
2014.12.29 06:59:01.738,11.96062,11.96334,0.00,0.00
2014.12.29 06:59:01.897,11.96062,11.96362,0.00,0.00
2014.12.29 06:59:02.399,11.96062,11.96363,0.00,0.00
2014.12.29 06:59:03.342,11.96021,11.96329,0.00,0.00
2014.12.29 06:59:03.443,11.96021,11.96321,0.00,0.00
2014.12.29 06:59:10.976,11.96021,11.9632,0.00,0.00
2014.12.29 06:59:12.788,11.96021,11.96321,0.00,0.00
2014.12.29 06:59:14.003,11.96021,11.9632,0.00,0.00
2014.12.29 06:59:14.715,11.96021,11.96321,0.00,0.00
2014.12.29 06:59:18.523,11.96021,11.96314,0.00,0.00
2014.12.29 06:59:32.886,11.96021,11.96321,0.00,0.00
2014.12.29 06:59:33.445,11.96021,11.96307,0.00,0.00
2014.12.29 06:59:49.996,11.96008,11.96319,0.00,0.00
2014.12.29 06:59:50.550,11.96061,11.96329,0.00,0.00
2014.12.29 06:59:50.600,11.96061,11.96342,0.00,0.00
2014.12.29 06:59:50.701,11.96061,11.96369,0.00,0.00
2014.12.29 06:59:50.802,11.96061,11.96351,0.00,0.00
2014.12.29 06:59:50.971,11.96061,11.96363,0.00,0.00
2014.12.29 06:59:51.071,11.96074,11.96368,0.00,0.00
2014.12.29 06:59:51.291,11.96108,11.96418,0.00,0.00
2014.12.29 06:59:52.106,11.96108,11.96398,0.00,0.00
2014.12.29 06:59:55.077,11.96108,11.96417,0.00,0.00
2014.12.29 06:59:55.178,11.96158,11.96417,0.00,0.00
2014.12.29 06:59:55.379,11.96162,11.96461,0.00,0.00
2014.12.29 06:59:55.480,11.96162,11.96439,0.00,0.00
2014.12.29 06:59:55.699,11.96162,11.96449,0.00,0.00
2014.12.29 06:59:55.810,11.96162,11.96461,0.00,0.00
2014.12.29 06:59:55.878,11.96162,11.96449,0.00,0.00
2014.12.29 06:59:57.563,11.96159,11.96449,0.00,0.00
2014.12.29 06:59:57.614,11.96159,11.96439,0.00,0.00
2014.12.29 06:59:58.932,11.96159,11.9642,0.00,0.00
2014.12.29 06:59:59.133,11.96049,11.96359,0.00,0.00
2014.12.29 06:59:59.183,11.96049,11.96327,0.00,0.00
2014.12.29 06:59:59.329,11.96049,11.96338,0.00,0.00
2014.12.29 06:59:59.430,11.96049,11.96325,0.00,0.00
2014.12.29 06:59:59.530,11.96049,11.96361,0.00,0.00
2014.12.29 06:59:59.631,11.96049,11.96336,0.00,0.00
2014.12.29 06:59:59.931,11.96049,11.96358,0.00,0.00
2014.12.29 06:59:59.981,11.96052,11.96358,0.00,0.00
